[
 {
  "rotation_euler": [
   0.04789349064230919,
   -1.3296962606546003e-06,
   -2.590846538543701
  ],
  "euler_order": "XYZ",
  "rotation_matrix": [
   [
    -0.8521342873573303,
    0.5227231383323669,
    -0.025053059682250023
   ],
   [
    -0.5233231782913208,
    -0.8511571288108826,
    0.040796779096126556
   ],
   [
    1.3296962606546003e-06,
    0.04787518456578255,
    0.998853325843811
   ]
  ]
 },
 {
  "rotation_euler": [
   0.047895580530166626,
   6.67349127070338e-07,
   -1.5075520277023315
  ],
  "euler_order": "XYZ",
  "rotation_matrix": [
   [
    0.0632021427154541,
    0.9968562722206116,
    -0.047781508415937424
   ],
   [
    -0.9980007410049438,
    0.06312963366508484,
    -0.003026611404493451
   ],
   [
    -6.67349127070338e-07,
    0.047877270728349686,
    0.9988532066345215
   ]
  ]
 },
 {
  "rotation_euler": [
   0.04789189621806145,
   -1.5741140941827325e-06,
   0.24590979516506195
  ],
  "euler_order": "XYZ",
  "rotation_matrix": [
   [
    0.9699162244796753,
    -0.24315980076789856,
    0.011652766726911068
   ],
   [
    0.24343885481357574,
    0.968804121017456,
    -0.04643375426530838
   ],
   [
    1.5741140941827325e-06,
    0.047873590141534805,
    0.9988533854484558
   ]
  ]
 },
 {
  "rotation_euler": [
   0.04789084568619728,
   6.920723762959824e-07,
   0.802148163318634
  ],
  "euler_order": "XYZ",
  "rotation_matrix": [
   [
    0.6951640844345093,
    -0.718026876449585,
    0.03441370651125908
   ],
   [
    0.7188510894775391,
    0.6943671107292175,
    -0.033278774470090866
   ],
   [
    -6.920723762959824e-07,
    0.04787253960967064,
    0.9988534450531006
   ]
  ]
 },
 {
  "rotation_euler": [
   0.04789566621184349,
   1.063928323219443e-07,
   2.070455551147461
  ],
  "euler_order": "XYZ",
  "rotation_matrix": [
   [
    -0.4791264533996582,
    -0.8767393231391907,
    0.04202410206198692
   ],
   [
    0.8777458667755127,
    -0.47857698798179626,
    0.022939400747418404
   ],
   [
    -1.063928323219443e-07,
    0.04787735641002655,
    0.9988532066345215
   ]
  ]
 },
 {
  "rotation_euler": [
   0.047895900905132294,
   2.821116424911452e-07,
   -0.6506906747817993
  ],
  "euler_order": "XYZ",
  "rotation_matrix": [
   [
    0.7956656217575073,
    0.6050414443016052,
    -0.029000960290431976
   ],
   [
    -0.6057360768318176,
    0.7947531342506409,
    -0.03809472545981407
   ],
   [
    -2.821116424911452e-07,
    0.04787759110331535,
    0.9988532066345215
   ]
  ]
 },
 {
  "rotation_euler": [
   0.04789874330163002,
   -3.1974027479009237e-06,
   2.5551233291625977
  ],
  "euler_order": "XYZ",
  "rotation_matrix": [
   [
    -0.832899808883667,
    -0.5527889132499695,
    0.026500828564167023
   ],
   [
    0.5534237623214722,
    -0.8319446444511414,
    0.03987783566117287
   ],
   [
    3.1974027479009237e-06,
    0.04788042977452278,
    0.9988530874252319
   ]
  ]
 },
 {
  "rotation_euler": [
   0.047897160053253174,
   -1.8386733700026525e-06,
   1.9505945444107056
  ],
  "euler_order": "XYZ",
  "rotation_matrix": [
   [
    -0.3707330822944641,
    -0.9276742935180664,
    0.044467657804489136
   ],
   [
    0.9287394881248474,
    -0.370307981967926,
    0.01774856634438038
   ],
   [
    1.8386733700026525e-06,
    0.047878846526145935,
    0.9988531470298767
   ]
  ]
 },
 {
  "rotation_euler": [
   0.04789159819483757,
   6.649902388744522e-07,
   2.364943027496338
  ],
  "euler_order": "XYZ",
  "rotation_matrix": [
   [
    -0.7132657766342163,
    -0.7000900506973267,
    0.03355361148715019
   ],
   [
    0.7008936405181885,
    -0.7124479413032532,
    0.03414684906601906
   ],
   [
    -6.649902388744522e-07,
    0.04787329211831093,
    0.9988534450531006
   ]
  ]
 },
 {
  "rotation_euler": [
   0.047894321382045746,
   7.191243298620975e-07,
   0.3020194172859192
  ],
  "euler_order": "XYZ",
  "rotation_matrix": [
   [
    0.9547377824783325,
    -0.2971076965332031,
    0.014241349883377552
   ],
   [
    0.2974488139152527,
    0.9536429643630981,
    -0.04570882394909859
   ],
   [
    -7.191243298620975e-07,
    0.047876011580228806,
    0.9988532662391663
   ]
  ]
 },
 {
  "rotation_euler": [
   0.047890592366456985,
   -7.384184073089273e-07,
   -3.133878469467163
  ],
  "euler_order": "XYZ",
  "rotation_matrix": [
   [
    -0.9999702572822571,
    0.007705298252403736,
    -0.0003685544361360371
   ],
   [
    -0.007714107632637024,
    -0.9988237619400024,
    0.04787087067961693
   ],
   [
    7.384184073089273e-07,
    0.04787229001522064,
    0.9988534450531006
   ]
  ]
 },
 {
  "rotation_euler": [
   0.0478973351418972,
   1.288289809053822e-06,
   2.1138229370117188
  ],
  "euler_order": "XYZ",
  "rotation_matrix": [
   [
    -0.5167295932769775,
    -0.8551667928695679,
    0.04099089652299881
   ],
   [
    0.8561486601829529,
    -0.516136884689331,
    0.024741608649492264
   ],
   [
    -1.288289809053822e-06,
    0.04787902161478996,
    0.9988531470298767
   ]
  ]
 },
 {
  "rotation_euler": [
   0.04789678007364273,
   -1.867581858050471e-07,
   2.3582539558410645
  ],
  "euler_order": "XYZ",
  "rotation_matrix": [
   [
    -0.7085615396499634,
    -0.7048397660255432,
    0.03378552570939064
   ],
   [
    0.7056490182876587,
    -0.7077489495277405,
    0.033924710005521774
   ],
   [
    1.867581858050471e-07,
    0.04787847027182579,
    0.9988531470298767
   ]
  ]
 },
 {
  "rotation_euler": [
   0.0478975884616375,
   -1.4477787999567227e-06,
   1.4351903200149536
  ],
  "euler_order": "XYZ",
  "rotation_matrix": [
   [
    0.13519078493118286,
    -0.9896832704544067,
    0.04743953049182892
   ],
   [
    0.9908195734024048,
    0.1350356638431549,
    -0.006474269554018974
   ],
   [
    1.4477787999567227e-06,
    0.04787927493453026,
    0.9988531470298767
   ]
  ]
 },
 {
  "rotation_euler": [
   0.04789024963974953,
   4.3298523877410844e-08,
   -0.7599270939826965
  ],
  "euler_order": "XYZ",
  "rotation_matrix": [
   [
    0.7248862385749817,
    0.6880788207054138,
    -0.032977450639009476
   ],
   [
    -0.6888685822486877,
    0.7240551114082336,
    -0.034701745957136154
   ],
   [
    -4.3298523877410844e-08,
    0.047871947288513184,
    0.9988535046577454
   ]
  ]
 },
 {
  "rotation_euler": [
   0.04789644852280617,
   1.1809199840229212e-08,
   0.5739166140556335
  ],
  "euler_order": "XYZ",
  "rotation_matrix": [
   [
    0.8397809863090515,
    -0.542302668094635,
    0.025994261726737022
   ],
   [
    0.5429252982139587,
    0.8388178944587708,
    -0.0402071438729763
   ],
   [
    -1.1809199840229212e-08,
    0.04787813872098923,
    0.9988532066345215
   ]
  ]
 }
]