[
 {
  "rotation_euler": [
   -0.08154304325580597,
   -0.022731784731149673,
   2.2049596309661865
  ],
  "euler_order": "XYZ",
  "rotation_matrix": [
   [
    -0.5923506021499634,
    -0.803987979888916,
    -0.052192915230989456
   ],
   [
    0.8053596019744873,
    -0.5890434980392456,
    -0.06651060283184052
   ],
   [
    0.02272982709109783,
    -0.08143166452646255,
    0.9964197278022766
   ]
  ]
 },
 {
  "rotation_euler": [
   0.020084476098418236,
   -0.12826091051101685,
   2.9081177711486816
  ],
  "euler_order": "XYZ",
  "rotation_matrix": [
   [
    -0.9648770093917847,
    -0.22881372272968292,
    0.12906046211719513
   ],
   [
    0.22945909202098846,
    -0.9732664227485657,
    -0.010048882104456425
   ],
   [
    0.12790952622890472,
    0.019918160513043404,
    0.9915857911109924
   ]
  ]
 },
 {
  "rotation_euler": [
   -0.1349392682313919,
   0.0033197004813700914,
   1.2569928169250488
  ],
  "euler_order": "XYZ",
  "rotation_matrix": [
   [
    0.30867692828178406,
    -0.9426576495170593,
    -0.1269451379776001
   ],
   [
    0.9511611461639404,
    0.3054477870464325,
    0.0446554534137249
   ],
   [
    -0.0033196944277733564,
    -0.13452939689159393,
    0.9909040331840515
   ]
  ]
 },
 {
  "rotation_euler": [
   -0.03471575304865837,
   -0.06675227731466293,
   1.1665470600128174
  ],
  "euler_order": "XYZ",
  "rotation_matrix": [
   [
    0.3924526572227478,
    -0.9179333448410034,
    -0.05813146010041237
   ],
   [
    0.9173503518104553,
    0.39522022008895874,
    -0.04763742908835411
   ],
   [
    0.0667027160525322,
    -0.034631479531526566,
    0.9971717000007629
   ]
  ]
 },
 {
  "rotation_euler": [
   -0.07257808744907379,
   0.06581777334213257,
   0.3623025715351105
  ],
  "euler_order": "XYZ",
  "rotation_matrix": [
   [
    0.9330585598945618,
    -0.35795485973358154,
    0.035637613385915756
   ],
   [
    0.35366085171699524,
    0.9309310913085938,
    0.0910564586520195
   ],
   [
    -0.06577026098966599,
    -0.07235737890005112,
    0.9952078461647034
   ]
  ]
 },
 {
  "rotation_euler": [
   -0.08388075977563858,
   -0.04369219020009041,
   -2.589747428894043
  ],
  "euler_order": "XYZ",
  "rotation_matrix": [
   [
    -0.8507459163665771,
    0.5192999243736267,
    0.08098758012056351
   ],
   [
    -0.523759126663208,
    -0.8504831194877625,
    -0.04852740466594696
   ],
   [
    0.04367829114198685,
    -0.08370247483253479,
    0.9955330491065979
   ]
  ]
 },
 {
  "rotation_euler": [
   0.028784479945898056,
   -0.05818668007850647,
   -2.359999656677246
  ],
  "euler_order": "XYZ",
  "rotation_matrix": [
   [
    -0.708591103553772,
    0.7053071856498718,
    0.020986754447221756
   ],
   [
    -0.7032188773155212,
    -0.7083193063735962,
    0.06137542426586151
   ],
   [
    0.05815385282039642,
    0.028731798753142357,
    0.9978941082954407
   ]
  ]
 },
 {
  "rotation_euler": [
   -0.027895424515008926,
   -0.14548805356025696,
   -3.088167905807495
  ],
  "euler_order": "XYZ",
  "rotation_matrix": [
   [
    -0.988023579120636,
    0.04934070631861687,
    0.14620158076286316
   ],
   [
    -0.052835188806056976,
    -0.9984006881713867,
    -0.02011343650519848
   ],
   [
    0.14497534930706024,
    -0.027597136795520782,
    0.9890503287315369
   ]
  ]
 },
 {
  "rotation_euler": [
   -0.009152112528681755,
   0.10694140195846558,
   1.1624534130096436
  ],
  "euler_order": "XYZ",
  "rotation_matrix": [
   [
    0.39482054114341736,
    -0.918129563331604,
    0.033983077853918076
   ],
   [
    0.9125370383262634,
    0.3961758613586426,
    0.10159176588058472
   ],
   [
    -0.10673768073320389,
    -0.009099701419472694,
    0.9942455887794495
   ]
  ]
 },
 {
  "rotation_euler": [
   -0.04543257877230644,
   -0.13716058433055878,
   -0.3471734821796417
  ],
  "euler_order": "XYZ",
  "rotation_matrix": [
   [
    0.9315066933631897,
    0.34572961926460266,
    -0.11298790574073792
   ],
   [
    -0.337045818567276,
    0.9372549653053284,
    0.08918078988790512
   ],
   [
    0.13673092424869537,
    -0.044990405440330505,
    0.9895860552787781
   ]
  ]
 },
 {
  "rotation_euler": [
   -0.1393805295228958,
   -0.005875124130398035,
   1.423378348350525
  ],
  "euler_order": "XYZ",
  "rotation_matrix": [
   [
    0.1468820720911026,
    -0.9794411659240723,
    -0.13827738165855408
   ],
   [
    0.9891365766525269,
    0.14626753330230713,
    0.01465162169188261
   ],
   [
    0.005875090137124062,
    -0.13892728090286255,
    0.9902851581573486
   ]
  ]
 },
 {
  "rotation_euler": [
   -0.031568970531225204,
   -0.19603584706783295,
   -1.5584933757781982
  ],
  "euler_order": "XYZ",
  "rotation_matrix": [
   [
    0.012067001312971115,
    0.9995017647743225,
    0.029166191816329956
   ],
   [
    -0.9807721972465515,
    0.00614890968427062,
    0.1950591802597046
   ],
   [
    0.19478264451026917,
    -0.030959168449044228,
    0.9803577065467834
   ]
  ]
 },
 {
  "rotation_euler": [
   -0.08339128643274307,
   -0.002086930675432086,
   -0.2700658440589905
  ],
  "euler_order": "XYZ",
  "rotation_matrix": [
   [
    0.9637512564659119,
    0.2660352885723114,
    0.020218295976519585
   ],
   [
    -0.2667943239212036,
    0.9603578448295593,
    0.08083035796880722
   ],
   [
    0.0020869290456175804,
    -0.08329448848962784,
    0.9965227842330933
   ]
  ]
 },
 {
  "rotation_euler": [
   0.039378825575113297,
   0.04690523445606232,
   1.6883704662322998
  ],
  "euler_order": "XYZ",
  "rotation_matrix": [
   [
    -0.1171744242310524,
    -0.9925427436828613,
    0.03360098972916603
   ],
   [
    0.992003858089447,
    -0.11537932604551315,
    0.05114630609750748
   ],
   [
    -0.04688803851604462,
    0.039325349032878876,
    0.9981257319450378
   ]
  ]
 },
 {
  "rotation_euler": [
   -0.15087808668613434,
   0.016924267634749413,
   -0.8522161245346069
  ],
  "euler_order": "XYZ",
  "rotation_matrix": [
   [
    0.6582223176956177,
    0.7425150871276855,
    0.1241561695933342
   ],
   [
    -0.7526333332061768,
    0.6527525186538696,
    0.08635486662387848
   ],
   [
    -0.016923459246754646,
    -0.1502847820520401,
    0.9884979128837585
   ]
  ]
 },
 {
  "rotation_euler": [
   -0.013982746750116348,
   0.08371015638113022,
   0.02801637351512909
  ],
  "euler_order": "XYZ",
  "rotation_matrix": [
   [
    0.996107280254364,
    -0.02917860448360443,
    0.0831797644495964
   ],
   [
    0.027914617210626602,
    0.9994770884513855,
    0.016318785026669502
   ],
   [
    -0.08361242711544037,
    -0.013933329842984676,
    0.9964009523391724
   ]
  ]
 }
]