[
 {
  "rotation_euler": [
   -0.0005136033287271857,
   -0.00015450526552740484,
   -1.8005952835083008
  ],
  "euler_order": "XYZ",
  "rotation_matrix": [
   [
    -0.2277817726135254,
    0.9737120866775513,
    0.0005352952866815031
   ],
   [
    -0.9737122058868408,
    -0.22778181731700897,
    3.3454172807978466e-05
   ],
   [
    0.00015450526552740484,
    -0.0005136033287271857,
    0.9999998807907104
   ]
  ]
 },
 {
  "rotation_euler": [
   -2.271207995363511e-05,
   -7.443505367632497e-09,
   2.9978060722351074
  ],
  "euler_order": "XYZ",
  "rotation_matrix": [
   [
    -0.9896805286407471,
    -0.143291637301445,
    -3.247084350732621e-06
   ],
   [
    0.143291637301445,
    -0.9896805286407471,
    -2.2478769096778706e-05
   ],
   [
    7.443505367632497e-09,
    -2.271207995363511e-05,
    1.0
   ]
  ]
 },
 {
  "rotation_euler": [
   -2.245910400233697e-05,
   -6.793590578979547e-09,
   -2.675492763519287
  ],
  "euler_order": "XYZ",
  "rotation_matrix": [
   [
    -0.8933278322219849,
    0.44940564036369324,
    1.0099316568812355e-05
   ],
   [
    -0.44940564036369324,
    -0.8933278322219849,
    -2.006028989853803e-05
   ],
   [
    6.793590578979547e-09,
    -2.245910400233697e-05,
    1.0
   ]
  ]
 },
 {
  "rotation_euler": [
   -2.2431475372286513e-05,
   -1.0271209438528217e-09,
   -0.9929069876670837
  ],
  "euler_order": "XYZ",
  "rotation_matrix": [
   [
    0.5462572574615479,
    0.8376174569129944,
    1.8788434317684732e-05
   ],
   [
    -0.8376174569129944,
    0.5462572574615479,
    1.225421601702692e-05
   ],
   [
    1.0271209438528217e-09,
    -2.2431475372286513e-05,
    1.0
   ]
  ]
 },
 {
  "rotation_euler": [
   -2.2480206098407507e-05,
   7.737721574585521e-10,
   -2.4053196907043457
  ],
  "euler_order": "XYZ",
  "rotation_matrix": [
   [
    -0.7409765124320984,
    0.6715309619903564,
    1.5095580238266848e-05
   ],
   [
    -0.6715309619903564,
    -0.7409765124320984,
    -1.6657824744470417e-05
   ],
   [
    -7.737721574585521e-10,
    -2.2480206098407507e-05,
    1.0
   ]
  ]
 },
 {
  "rotation_euler": [
   -2.1321257008821703e-05,
   3.325998841319233e-05,
   1.0391685962677002
  ],
  "euler_order": "XYZ",
  "rotation_matrix": [
   [
    0.5069370865821838,
    -0.861983060836792,
    -1.517840587439423e-06
   ],
   [
    0.861983060836792,
    0.5069370865821838,
    3.947808363591321e-05
   ],
   [
    -3.325998841319233e-05,
    -2.1321257008821703e-05,
    1.0
   ]
  ]
 },
 {
  "rotation_euler": [
   -2.257488085888326e-05,
   -5.026802440966094e-08,
   1.6489708423614502
  ],
  "euler_order": "XYZ",
  "rotation_matrix": [
   [
    -0.07809491455554962,
    -0.9969459176063538,
    -2.250201032438781e-05
   ],
   [
    0.9969459176063538,
    -0.07809491455554962,
    -1.8130979242414469e-06
   ],
   [
    5.026802440966094e-08,
    -2.257488085888326e-05,
    1.0
   ]
  ]
 },
 {
  "rotation_euler": [
   -2.242408663732931e-05,
   -6.426684184823728e-11,
   2.924459218978882
  ],
  "euler_order": "XYZ",
  "rotation_matrix": [
   [
    -0.976518988609314,
    -0.21543125808238983,
    -4.830786565435119e-06
   ],
   [
    0.21543125808238983,
    -0.976518988609314,
    -2.1897560145589523e-05
   ],
   [
    6.426684184823728e-11,
    -2.242408663732931e-05,
    1.0
   ]
  ]
 },
 {
  "rotation_euler": [
   -2.2442984118242748e-05,
   1.3176128244030139e-10,
   -0.8107699155807495
  ],
  "euler_order": "XYZ",
  "rotation_matrix": [
   [
    0.6889405846595764,
    0.7248178124427795,
    1.6267165847239085e-05
   ],
   [
    -0.7248178124427795,
    0.6889405846595764,
    1.5461786460946314e-05
   ],
   [
    -1.3176128244030139e-10,
    -2.2442984118242748e-05,
    1.0
   ]
  ]
 },
 {
  "rotation_euler": [
   -2.242330629087519e-05,
   1.4207565679491552e-10,
   2.063295841217041
  ],
  "euler_order": "XYZ",
  "rotation_matrix": [
   [
    -0.47282981872558594,
    -0.8811537623405457,
    -1.9758448615903035e-05
   ],
   [
    0.8811537623405457,
    -0.47282981872558594,
    -1.0602282600302715e-05
   ],
   [
    -1.4207565679491552e-10,
    -2.242330629087519e-05,
    1.0
   ]
  ]
 },
 {
  "rotation_euler": [
   -1.836777119024191e-05,
   -3.5558630770538e-05,
   -1.6336621046066284
  ],
  "euler_order": "XYZ",
  "rotation_matrix": [
   [
    -0.06282437592744827,
    0.998024582862854,
    2.056543598882854e-05
   ],
   [
    -0.998024582862854,
    -0.06282437592744827,
    3.433444362599403e-05
   ],
   [
    3.5558630770538e-05,
    -1.836777119024191e-05,
    1.0
   ]
  ]
 },
 {
  "rotation_euler": [
   -2.2532898583449423e-05,
   -2.0617245410914364e-10,
   -1.1383459568023682
  ],
  "euler_order": "XYZ",
  "rotation_matrix": [
   [
    0.41909685730934143,
    0.9079415202140808,
    2.0458468497963622e-05
   ],
   [
    -0.9079415202140808,
    0.41909685730934143,
    9.443653652851935e-06
   ],
   [
    2.0617245410914364e-10,
    -2.2532898583449423e-05,
    1.0
   ]
  ]
 },
 {
  "rotation_euler": [
   -2.29025990847731e-05,
   -4.1536555528409735e-08,
   -1.250005841255188
  ],
  "euler_order": "XYZ",
  "rotation_matrix": [
   [
    0.3153168261051178,
    0.9489864706993103,
    2.1721160010201856e-05
   ],
   [
    -0.9489864706993103,
    0.3153168261051178,
    7.260992333613103e-06
   ],
   [
    4.1536555528409735e-08,
    -2.29025990847731e-05,
    1.0
   ]
  ]
 },
 {
  "rotation_euler": [
   -2.242232221760787e-05,
   2.1249939585743505e-09,
   0.6546981334686279
  ],
  "euler_order": "XYZ",
  "rotation_matrix": [
   [
    0.7932317852973938,
    -0.6089197993278503,
    -1.3651711014972534e-05
   ],
   [
    0.6089197993278503,
    0.7932317852973938,
    1.7787391698220745e-05
   ],
   [
    -2.1249939585743505e-09,
    -2.242232221760787e-05,
    1.0
   ]
  ]
 },
 {
  "rotation_euler": [
   -2.2425909264711663e-05,
   1.4660625491380586e-10,
   0.038131535053253174
  ],
  "euler_order": "XYZ",
  "rotation_matrix": [
   [
    0.9992730617523193,
    -0.03812229633331299,
    -8.547806373826461e-07
   ],
   [
    0.03812229633331299,
    0.9992730617523193,
    2.2409612938645296e-05
   ],
   [
    -1.4660625491380586e-10,
    -2.2425909264711663e-05,
    1.0
   ]
  ]
 },
 {
  "rotation_euler": [
   -5.395314656198025e-05,
   3.6796641325054225e-06,
   -0.3139215409755707
  ],
  "euler_order": "XYZ",
  "rotation_matrix": [
   [
    0.9511299729347229,
    0.3087908923625946,
    2.0160079657216556e-05
   ],
   [
    -0.3087908923625946,
    0.9511299729347229,
    5.0180206017103046e-05
   ],
   [
    -3.6796641325054225e-06,
    -5.395314656198025e-05,
    1.0
   ]
  ]
 }
]