[
 {
  "rotation_euler": [
   -1.5973037481307983,
   -1.324750542640686,
   -0.25323784351348877
  ],
  "euler_order": "XYZ",
  "rotation_matrix": [
   [
    0.23580236732959747,
    0.9319797158241272,
    0.2753380537033081
   ],
   [
    -0.06102417781949043,
    -0.2685680091381073,
    0.9613257646560669
   ],
   [
    0.969883143901825,
    -0.24348518252372742,
    -0.006455676164478064
   ]
  ]
 },
 {
  "rotation_euler": [
   1.5130144357681274,
   -1.7053989171981812,
   -0.42138564586639404
  ],
  "euler_order": "XYZ",
  "rotation_matrix": [
   [
    -0.12245740741491318,
    -0.8791387677192688,
    -0.4605639576911926
   ],
   [
    0.05488976463675499,
    0.4573470652103424,
    -0.8875926733016968
   ],
   [
    0.9909547567367554,
    -0.13397254049777985,
    -0.007749813608825207
   ]
  ]
 },
 {
  "rotation_euler": [
   1.5560376644134521,
   -0.7297101616859436,
   -0.8348096013069153
  ],
  "euler_order": "XYZ",
  "rotation_matrix": [
   [
    0.5003793239593506,
    -0.436550110578537,
    -0.7476928234100342
   ],
   [
    -0.5524432063102722,
    0.5039563775062561,
    -0.6639536619186401
   ],
   [
    0.6666536331176758,
    0.7452864646911621,
    0.011000229977071285
   ]
  ]
 },
 {
  "rotation_euler": [
   -1.5643954277038574,
   0.2671479880809784,
   -0.5553025007247925
  ],
  "euler_order": "XYZ",
  "rotation_matrix": [
   [
    0.8195987343788147,
    -0.22093692421913147,
    0.5286253690719604
   ],
   [
    -0.5084993839263916,
    0.14460745453834534,
    0.8488327860832214
   ],
   [
    -0.2639816701412201,
    -0.9645079374313354,
    0.006173802074044943
   ]
  ]
 },
 {
  "rotation_euler": [
   1.5856144428253174,
   -1.3613895177841187,
   -1.5929392576217651
  ],
  "euler_order": "XYZ",
  "rotation_matrix": [
   [
    -0.004602689761668444,
    0.006841116119176149,
    -0.999966025352478
   ],
   [
    -0.20782874524593353,
    0.978135347366333,
    0.0076483688317239285
   ],
   [
    0.9781544208526611,
    0.20785687863826752,
    -0.003080272814258933
   ]
  ]
 },
 {
  "rotation_euler": [
   1.5634284019470215,
   0.0008364607929252088,
   2.020530939102173
  ],
  "euler_order": "XYZ",
  "rotation_matrix": [
   [
    -0.43472638726234436,
    -0.006998838856816292,
    0.9005354046821594
   ],
   [
    0.9005621671676636,
    -0.0024497387930750847,
    0.43472030758857727
   ],
   [
    -0.000836460676509887,
    0.9999725222587585,
    0.007367855403572321
   ]
  ]
 },
 {
  "rotation_euler": [
   1.5784484148025513,
   2.572019100189209,
   0.0621531717479229
  ],
  "euler_order": "XYZ",
  "rotation_matrix": [
   [
    -0.8405049443244934,
    0.5386912226676941,
    0.05799278989434242
   ],
   [
    -0.05230742320418358,
    0.025857731699943542,
    -0.9982962012290955
   ],
   [
    -0.5392729640007019,
    -0.8421063423156738,
    0.006443997845053673
   ]
  ]
 },
 {
  "rotation_euler": [
   -1.5630306005477905,
   0.6122501492500305,
   -1.3316514492034912
  ],
  "euler_order": "XYZ",
  "rotation_matrix": [
   [
    0.19384577870368958,
    -0.12858399748802185,
    0.9725687503814697
   ],
   [
    -0.7950671911239624,
    0.560177206993103,
    0.23252880573272705
   ],
   [
    -0.5747103095054626,
    -0.8183322548866272,
    0.006355071906000376
   ]
  ]
 },
 {
  "rotation_euler": [
   -1.5491749048233032,
   1.6182204484939575,
   0.8820292353630066
  ],
  "euler_order": "XYZ",
  "rotation_matrix": [
   [
    -0.03013080172240734,
    -0.6514139175415039,
    -0.7581239938735962
   ],
   [
    -0.03659913316369057,
    -0.7572407722473145,
    0.6521095633506775
   ],
   [
    -0.9988756775856018,
    0.047395266592502594,
    -0.0010249128099530935
   ]
  ]
 },
 {
  "rotation_euler": [
   -1.5620962381362915,
   0.7846776247024536,
   -0.8104473352432251
  ],
  "euler_order": "XYZ",
  "rotation_matrix": [
   [
    0.4876708686351776,
    -0.4806462228298187,
    0.7288047075271606
   ],
   [
    -0.5127354860305786,
    0.5179735422134399,
    0.6846939325332642
   ],
   [
    -0.706597089767456,
    -0.707589328289032,
    0.006156245246529579
   ]
  ]
 },
 {
  "rotation_euler": [
   1.6417365074157715,
   -1.4403283596038818,
   -1.4047789573669434
  ],
  "euler_order": "XYZ",
  "rotation_matrix": [
   [
    0.021499473601579666,
    -0.23334532976150513,
    -0.9721562266349792
   ],
   [
    -0.12830939888954163,
    0.9636957049369812,
    -0.234152153134346
   ],
   [
    0.9915010929107666,
    0.1297709196805954,
    -0.009221446700394154
   ]
  ]
 },
 {
  "rotation_euler": [
   -1.4506367444992065,
   -1.6619160175323486,
   0.9548602104187012
  ],
  "euler_order": "XYZ",
  "rotation_matrix": [
   [
    -0.05256911367177963,
    0.4733354151248932,
    -0.87931227684021
   ],
   [
    -0.074272021651268,
    0.8762378096580505,
    0.4761207401752472
   ],
   [
    0.995851457118988,
    0.09033754467964172,
    -0.01090746745467186
   ]
  ]
 },
 {
  "rotation_euler": [
   -1.1991872787475586,
   -1.6007816791534424,
   0.3454287648200989
  ],
  "euler_order": "XYZ",
  "rotation_matrix": [
   [
    -0.028209900483489037,
    0.7533615231513977,
    -0.6570011973381042
   ],
   [
    -0.010151523165404797,
    0.6570129990577698,
    0.7538109421730042
   ],
   [
    0.999550461769104,
    0.027934493497014046,
    -0.010886503383517265
   ]
  ]
 },
 {
  "rotation_euler": [
   -1.5740042924880981,
   -0.8502175807952881,
   1.3953243494033813
  ],
  "euler_order": "XYZ",
  "rotation_matrix": [
   [
    0.11518662422895432,
    0.13433627784252167,
    -0.9842183589935303
   ],
   [
    0.649687647819519,
    0.7393214702606201,
    0.1769455075263977
   ],
   [
    0.7514240145683289,
    -0.6598162651062012,
    -0.002116675255820155
   ]
  ]
 },
 {
  "rotation_euler": [
   1.5562283992767334,
   1.1106648445129395,
   -1.389824390411377
  ],
  "euler_order": "XYZ",
  "rotation_matrix": [
   [
    0.0799255222082138,
    0.1755785495042801,
    -0.9812155961990356
   ],
   [
    -0.43681398034095764,
    -0.8786463737487793,
    -0.19280578196048737
   ],
   [
    -0.8959941267967224,
    0.44401881098747253,
    0.00646889116615057
   ]
  ]
 },
 {
  "rotation_euler": [
   -1.5636833906173706,
   0.560951292514801,
   -0.7429254055023193
  ],
  "euler_order": "XYZ",
  "rotation_matrix": [
   [
    0.623624861240387,
    -0.3869868814945221,
    0.679215133190155
   ],
   [
    -0.5727797150611877,
    0.3650929629802704,
    0.7339145541191101
   ],
   [
    -0.5319919586181641,
    -0.8467279672622681,
    0.006022823974490166
   ]
  ]
 }
]