[
 {
  "rotation_euler": [
   0.10483343154191971,
   1.943493127822876,
   -1.8979703187942505
  ],
  "euler_order": "XYZ",
  "rotation_matrix": [
   [
    0.11701929569244385,
    0.9104357361793518,
    -0.3967534303665161
   ],
   [
    0.34481295943260193,
    -0.4118919372558594,
    -0.8434743881225586
   ],
   [
    -0.9313487410545349,
    -0.038102950900793076,
    -0.3621293604373932
   ]
  ]
 },
 {
  "rotation_euler": [
   0.1377832293510437,
   -1.9569602012634277,
   2.5742757320404053
  ],
  "euler_order": "XYZ",
  "rotation_matrix": [
   [
    0.317635715007782,
    -0.424976646900177,
    0.8476452231407166
   ],
   [
    -0.20239418745040894,
    -0.9037249684333801,
    -0.3772502839565277
   ],
   [
    0.9263607263565063,
    -0.05173030123114586,
    -0.3730681240558624
   ]
  ]
 },
 {
  "rotation_euler": [
   0.11369219422340393,
   -1.946921706199646,
   2.4153947830200195
  ],
  "euler_order": "XYZ",
  "rotation_matrix": [
   [
    0.27464643120765686,
    -0.5808491706848145,
    0.7662790417671204
   ],
   [
    -0.2439117282629013,
    -0.8129438757896423,
    -0.5287998914718628
   ],
   [
    0.930094838142395,
    -0.041671447455883026,
    -0.3649480640888214
   ]
  ]
 },
 {
  "rotation_euler": [
   -1.131692886352539,
   0.34239837527275085,
   -0.4177447557449341
  ],
  "euler_order": "XYZ",
  "rotation_matrix": [
   [
    0.8609501123428345,
    -0.10528822243213654,
    0.497673898935318
   ],
   [
    -0.38215014338493347,
    0.5118603706359863,
    0.7693895101547241
   ],
   [
    -0.33574721217155457,
    -0.8525921106338501,
    0.40045034885406494
   ]
  ]
 },
 {
  "rotation_euler": [
   0.19609037041664124,
   1.9835796356201172,
   -2.246670961380005
  ],
  "euler_order": "XYZ",
  "rotation_matrix": [
   [
    0.2509579062461853,
    0.6535608172416687,
    -0.7140576839447021
   ],
   [
    0.3129693567752838,
    -0.7528274655342102,
    -0.5790518522262573
   ],
   [
    -0.9160078167915344,
    -0.07816053926944733,
    -0.39347249269485474
   ]
  ]
 },
 {
  "rotation_euler": [
   0.1429799199104309,
   1.9592196941375732,
   0.9007647037506104
  ],
  "euler_order": "XYZ",
  "rotation_matrix": [
   [
    -0.23519521951675415,
    -0.6939059495925903,
    0.6805716156959534
   ],
   [
    -0.2968491017818451,
    0.7180405259132385,
    0.6295223832130432
   ],
   [
    -0.9255073070526123,
    -0.05396642908453941,
    -0.3748650550842285
   ]
  ]
 },
 {
  "rotation_euler": [
   0.19302816689014435,
   -1.9828659296035767,
   -1.0343862771987915
  ],
  "euler_order": "XYZ",
  "rotation_matrix": [
   [
    -0.20468029379844666,
    0.7537551522254944,
    -0.6244670748710632
   ],
   [
    0.3442549407482147,
    0.6526486873626709,
    0.6749356985092163
   ],
   [
    0.9162939190864563,
    -0.07682985067367554,
    -0.3930682837963104
   ]
  ]
 },
 {
  "rotation_euler": [
   1.435408115386963,
   -1.8691163063049316,
   0.5305755138397217
  ],
  "euler_order": "XYZ",
  "rotation_matrix": [
   [
    -0.25350621342658997,
    -0.8851771354675293,
    0.39012306928634644
   ],
   [
    -0.14872965216636658,
    -0.3628350794315338,
    -0.9199076890945435
   ],
   [
    0.9558316469192505,
    -0.2912251949310303,
    -0.039671145379543304
   ]
  ]
 },
 {
  "rotation_euler": [
   -2.9471378326416016,
   1.1578049659729004,
   -0.4043467938899994
  ],
  "euler_order": "XYZ",
  "rotation_matrix": [
   [
    0.3689858615398407,
    -0.5487170219421387,
    -0.7501726746559143
   ],
   [
    -0.15789882838726044,
    -0.8324031829833984,
    0.5311995148658752
   ],
   [
    -0.9159243106842041,
    -0.07755371928215027,
    -0.39378678798675537
   ]
  ]
 },
 {
  "rotation_euler": [
   0.8316976428031921,
   -1.7806698083877563,
   0.4227890074253082
  ],
  "euler_order": "XYZ",
  "rotation_matrix": [
   [
    -0.1899917721748352,
    -0.9356004595756531,
    -0.29758185148239136
   ],
   [
    -0.08548146486282349,
    0.31771549582481384,
    -0.9443250298500061
   ],
   [
    0.9780572652816772,
    -0.15397626161575317,
    -0.14033983647823334
   ]
  ]
 },
 {
  "rotation_euler": [
   0.11934995651245117,
   -1.9492002725601196,
   2.209453582763672
  ],
  "euler_order": "XYZ",
  "rotation_matrix": [
   [
    0.22022847831249237,
    -0.731228768825531,
    0.6456035375595093
   ],
   [
    -0.2966204583644867,
    -0.6807125806808472,
    -0.669810950756073
   ],
   [
    0.929255485534668,
    -0.043987780809402466,
    -0.3668096959590912
   ]
  ]
 },
 {
  "rotation_euler": [
   0.19914887845516205,
   1.9966498613357544,
   -0.5782634019851685
  ],
  "euler_order": "XYZ",
  "rotation_matrix": [
   [
    -0.34593385457992554,
    0.6866408586502075,
    0.6394169926643372
   ],
   [
    0.22578731179237366,
    0.7223885655403137,
    -0.6535860896110535
   ],
   [
    -0.9106864929199219,
    -0.08172532916069031,
    -0.40493348240852356
   ]
  ]
 },
 {
  "rotation_euler": [
   -1.1251736879348755,
   -0.24561740458011627,
   0.37288689613342285
  ],
  "euler_order": "XYZ",
  "rotation_matrix": [
   [
    0.9033293724060059,
    0.04730852693319321,
    -0.4263307750225067
   ],
   [
    0.35337167978286743,
    0.4813319146633148,
    0.8021520972251892
   ],
   [
    0.24315524101257324,
    -0.8752608299255371,
    0.4180837571620941
   ]
  ]
 },
 {
  "rotation_euler": [
   0.14955827593803406,
   1.9563419818878174,
   1.8653197288513184
  ],
  "euler_order": "XYZ",
  "rotation_matrix": [
   [
    0.10916551947593689,
    -0.9863359332084656,
    -0.12338703870773315
   ],
   [
    -0.35987165570259094,
    -0.1549246460199356,
    0.9200493097305298
   ],
   [
    -0.9265933632850647,
    -0.056034162640571594,
    -0.37186679244041443
   ]
  ]
 },
 {
  "rotation_euler": [
   0.12752652168273926,
   1.952600359916687,
   -0.5338841080665588
  ],
  "euler_order": "XYZ",
  "rotation_matrix": [
   [
    -0.32074373960494995,
    0.6063472628593445,
    0.7276444435119629
   ],
   [
    0.18960653245449066,
    0.7937868237495422,
    -0.5778856873512268
   ],
   [
    -0.9279939532279968,
    -0.04738708212971687,
    -0.3695695400238037
   ]
  ]
 },
 {
  "rotation_euler": [
   0.20694540441036224,
   1.989745020866394,
   -1.2427788972854614
  ],
  "euler_order": "XYZ",
  "rotation_matrix": [
   [
    -0.13105754554271698,
    0.986954927444458,
    0.09350902587175369
   ],
   [
    0.38511088490486145,
    0.13759878277778625,
    -0.9125547409057617
   ],
   [
    -0.9135171175003052,
    -0.08358584344387054,
    -0.3981204330921173
   ]
  ]
 }
]