[
 {
  "rotation_euler": [
   0.6872997283935547,
   1.7794431447982788,
   -1.1066665649414062
  ],
  "euler_order": "XYZ",
  "rotation_matrix": [
   [
    -0.09272346645593643,
    0.9690412282943726,
    -0.2288263589143753
   ],
   [
    0.18522360920906067,
    -0.2090177983045578,
    -0.9602102637290955
   ],
   [
    -0.978312075138092,
    -0.13141807913780212,
    -0.16010846197605133
   ]
  ]
 },
 {
  "rotation_euler": [
   -0.8447943329811096,
   1.543772578239441,
   -0.13041476905345917
  ],
  "euler_order": "XYZ",
  "rotation_matrix": [
   [
    0.026791002601385117,
    -0.6548780798912048,
    0.7552595138549805
   ],
   [
    -0.0035138865932822227,
    0.7554643750190735,
    0.6551803350448608
   ],
   [
    -0.999634861946106,
    -0.020206835120916367,
    0.017938479781150818
   ]
  ]
 },
 {
  "rotation_euler": [
   -1.3280768394470215,
   1.5407713651657104,
   0.12338774651288986
  ],
  "euler_order": "XYZ",
  "rotation_matrix": [
   [
    0.029792217537760735,
    -0.9924542307853699,
    0.11894122511148453
   ],
   [
    0.003694763872772455,
    0.11910257488489151,
    0.9928750991821289
   ],
   [
    -0.9995492696762085,
    -0.029140489175915718,
    0.007215213496237993
   ]
  ]
 },
 {
  "rotation_euler": [
   0.8422471880912781,
   1.684014081954956,
   1.90815007686615
  ],
  "euler_order": "XYZ",
  "rotation_matrix": [
   [
    0.037394069135189056,
    -0.8736448884010315,
    0.48512503504753113
   ],
   [
    -0.10660801082849503,
    0.4792064428329468,
    0.8712037205696106
   ],
   [
    -0.993597686290741,
    -0.08429607003927231,
    -0.075218066573143
   ]
  ]
 },
 {
  "rotation_euler": [
   0.9828963279724121,
   -1.6179752349853516,
   1.7583519220352173
  ],
  "euler_order": "XYZ",
  "rotation_matrix": [
   [
    0.008793617598712444,
    -0.38990816473960876,
    0.9208117723464966
   ],
   [
    -0.04633433744311333,
    -0.9200171828269958,
    -0.3891292214393616
   ],
   [
    0.998887300491333,
    -0.03924334794282913,
    -0.026156416162848473
   ]
  ]
 },
 {
  "rotation_euler": [
   0.3590673506259918,
   1.5149571895599365,
   2.384392738342285
  ],
  "euler_order": "XYZ",
  "rotation_matrix": [
   [
    -0.04056068882346153,
    -0.8980698585510254,
    -0.43797874450683594
   ],
   [
    0.038335368037223816,
    -0.43941545486450195,
    0.8974655866622925
   ],
   [
    -0.9984413981437683,
    0.019611746072769165,
    0.052250832319259644
   ]
  ]
 },
 {
  "rotation_euler": [
   -1.357109785079956,
   1.5389404296875,
   -1.6747190952301025
  ],
  "euler_order": "XYZ",
  "rotation_matrix": [
   [
    -0.003304038429632783,
    0.31224489212036133,
    0.9499958753585815
   ],
   [
    -0.03167867287993431,
    0.9494916200637817,
    -0.3121893107891083
   ],
   [
    -0.9994926452636719,
    -0.031126094982028008,
    0.006754347123205662
   ]
  ]
 },
 {
  "rotation_euler": [
   -0.7351974248886108,
   0.10332579910755157,
   -0.22147931158542633
  ],
  "euler_order": "XYZ",
  "rotation_matrix": [
   [
    0.9703704714775085,
    0.09544014185667038,
    0.2219737470149994
   ],
   [
    -0.21850144863128662,
    0.7387784719467163,
    0.6375449299812317
   ],
   [
    -0.10314204543828964,
    -0.6671563386917114,
    0.7377426028251648
   ]
  ]
 },
 {
  "rotation_euler": [
   0.9181719422340393,
   1.6584100723266602,
   -0.3022801876068115
  ],
  "euler_order": "XYZ",
  "rotation_matrix": [
   [
    -0.08353438973426819,
    0.9363453984260559,
    0.34099745750427246
   ],
   [
    0.026049062609672546,
    0.3441283106803894,
    -0.938561201095581
   ],
   [
    -0.9961643815040588,
    -0.06951946765184402,
    -0.05313746631145477
   ]
  ]
 },
 {
  "rotation_euler": [
   0.7726201415061951,
   -1.6710400581359863,
   0.23826535046100616
  ],
  "euler_order": "XYZ",
  "rotation_matrix": [
   [
    -0.09724866598844528,
    -0.84389728307724,
    -0.527617335319519
   ],
   [
    -0.023619653657078743,
    0.5319377183914185,
    -0.8464540243148804
   ],
   [
    0.9949797987937927,
    -0.06985438615083694,
    -0.0716627910733223
   ]
  ]
 },
 {
  "rotation_euler": [
   -0.6455315351486206,
   1.542986512184143,
   0.9881384968757629
  ],
  "euler_order": "XYZ",
  "rotation_matrix": [
   [
    0.015300244092941284,
    -0.9978960752487183,
    -0.06300223618745804
   ],
   [
    0.023218289017677307,
    -0.0626380443572998,
    0.9977661967277527
   ],
   [
    -0.999613344669342,
    -0.016728870570659637,
    0.022211063653230667
   ]
  ]
 },
 {
  "rotation_euler": [
   -1.5078067779541016,
   1.537841796875,
   -0.6783421039581299
  ],
  "euler_order": "XYZ",
  "rotation_matrix": [
   [
    0.025654219090938568,
    -0.7371480464935303,
    0.6752440929412842
   ],
   [
    -0.02067532390356064,
    0.6749306917190552,
    0.7375914454460144
   ],
   [
    -0.999457061290741,
    -0.03288322314620018,
    0.002074043033644557
   ]
  ]
 },
 {
  "rotation_euler": [
   -2.6463911533355713,
   -0.8528580069541931,
   -0.96282958984375
  ],
  "euler_order": "XYZ",
  "rotation_matrix": [
   [
    0.375754177570343,
    -0.5177713632583618,
    0.768584132194519
   ],
   [
    -0.5399568676948547,
    -0.7963597774505615,
    -0.2725026607513428
   ],
   [
    0.7531635761260986,
    -0.3126082718372345,
    -0.5788097381591797
   ]
  ]
 },
 {
  "rotation_euler": [
   -0.2748333811759949,
   1.5386385917663574,
   0.3154124319553375
  ],
  "euler_order": "XYZ",
  "rotation_matrix": [
   [
    0.030566077679395676,
    -0.5564318895339966,
    0.8303308486938477
   ],
   [
    0.009973886422812939,
    0.830847442150116,
    0.5564109086990356
   ],
   [
    -0.9994829893112183,
    -0.008725673891603947,
    0.030945535749197006
   ]
  ]
 },
 {
  "rotation_euler": [
   -0.003023299388587475,
   0.010468672029674053,
   2.539043426513672
  ],
  "euler_order": "XYZ",
  "rotation_matrix": [
   [
    -0.8238483667373657,
    -0.5667159557342529,
    -0.010338310152292252
   ],
   [
    0.5667135715484619,
    -0.823907732963562,
    0.003442054847255349
   ],
   [
    -0.010468481108546257,
    -0.003023129189386964,
    0.9999406337738037
   ]
  ]
 },
 {
  "rotation_euler": [
   -0.7570497393608093,
   1.5435678958892822,
   1.319142460823059
  ],
  "euler_order": "XYZ",
  "rotation_matrix": [
   [
    0.006779206916689873,
    -0.8749194741249084,
    -0.484220951795578
   ],
   [
    0.02636753022670746,
    -0.4839073121547699,
    0.8747219443321228
   ],
   [
    -0.9996293187141418,
    -0.018697630614042282,
    0.019788958132267
   ]
  ]
 }
]