[
 {
  "rotation_euler": [
   -3.317853156659112e-07,
   1.5593313946737908e-06,
   -1.3742822408676147
  ],
  "euler_order": "XYZ",
  "rotation_matrix": [
   [
    0.1952517032623291,
    0.9807531833648682,
    6.298616312960803e-07
   ],
   [
    -0.9807531833648682,
    0.1952517032623291,
    -1.4645376040789415e-06
   ],
   [
    -1.5593313946737908e-06,
    -3.317853156659112e-07,
    1.0
   ]
  ]
 },
 {
  "rotation_euler": [
   -3.021743168574176e-06,
   3.247272161388537e-06,
   -1.8960011005401611
  ],
  "euler_order": "XYZ",
  "rotation_matrix": [
   [
    -0.3195028305053711,
    0.9475853443145752,
    1.825846766223549e-06
   ],
   [
    -0.9475853443145752,
    -0.3195028305053711,
    -4.042522959935013e-06
   ],
   [
    -3.247272161388537e-06,
    -3.021743168574176e-06,
    1.0
   ]
  ]
 },
 {
  "rotation_euler": [
   -1.253981351852417,
   0.00239695911295712,
   -2.852248191833496
  ],
  "euler_order": "XYZ",
  "rotation_matrix": [
   [
    -0.9584283828735352,
    0.09107328951358795,
    0.27040842175483704
   ],
   [
    -0.2853231728076935,
    -0.29794132709503174,
    -0.910945475101471
   ],
   [
    -0.0023969567846506834,
    -0.9502297639846802,
    0.31154072284698486
   ]
  ]
 },
 {
  "rotation_euler": [
   -1.8870572375817574e-06,
   2.314971197847626e-06,
   0.2588842213153839
  ],
  "euler_order": "XYZ",
  "rotation_matrix": [
   [
    0.9666762351989746,
    -0.25600212812423706,
    1.7547370134707307e-06
   ],
   [
    0.25600212812423706,
    0.9666762351989746,
    2.416810957583948e-06
   ],
   [
    -2.314971197847626e-06,
    -1.8870572375817574e-06,
    1.0
   ]
  ]
 },
 {
  "rotation_euler": [
   -2.245412815682357e-06,
   2.3206639525596984e-06,
   -1.0554932355880737
  ],
  "euler_order": "XYZ",
  "rotation_matrix": [
   [
    0.4927985966205597,
    0.8701434135437012,
    3.0974510991654824e-06
   ],
   [
    -0.8701434135437012,
    0.4927985966205597,
    -9.12774112293846e-07
   ],
   [
    -2.3206639525596984e-06,
    -2.245412815682357e-06,
    1.0
   ]
  ]
 },
 {
  "rotation_euler": [
   -2.789772963751602e-07,
   -2.086260565192788e-06,
   1.5235419273376465
  ],
  "euler_order": "XYZ",
  "rotation_matrix": [
   [
    0.047236815094947815,
    -0.9988837242126465,
    -3.772141781155369e-07
   ],
   [
    0.9988837242126465,
    0.047236815094947815,
    -2.0707536805275595e-06
   ],
   [
    2.086260565192788e-06,
    -2.789772963751602e-07,
    1.0
   ]
  ]
 },
 {
  "rotation_euler": [
   -2.803133611450903e-06,
   3.122023599644308e-06,
   -3.1382009983062744
  ],
  "euler_order": "XYZ",
  "rotation_matrix": [
   [
    -0.9999942779541016,
    0.0033916488755494356,
    -3.11249846163264e-06
   ],
   [
    -0.0033916488755494356,
    -0.9999942779541016,
    -2.813706259985338e-06
   ],
   [
    -3.122023599644308e-06,
    -2.803133611450903e-06,
    1.0
   ]
  ]
 },
 {
  "rotation_euler": [
   -1.5776995496707968e-06,
   2.2609431198361563e-06,
   -0.6479749083518982
  ],
  "euler_order": "XYZ",
  "rotation_matrix": [
   [
    0.7973077297210693,
    0.6035730242729187,
    2.754924253167701e-06
   ],
   [
    -0.6035730242729187,
    0.7973077297210693,
    -1.0673223727053482e-07
   ],
   [
    -2.2609431198361563e-06,
    -1.5776995496707968e-06,
    1.0
   ]
  ]
 },
 {
  "rotation_euler": [
   -1.002773160507786e-06,
   -1.0541423307586228e-06,
   -1.202754259109497
  ],
  "euler_order": "XYZ",
  "rotation_matrix": [
   [
    0.35978931188583374,
    0.9330335855484009,
    5.5635189255554e-07
   ],
   [
    -0.9330335855484009,
    0.35978931188583374,
    1.3443371926769032e-06
   ],
   [
    1.0541423307586228e-06,
    -1.002773160507786e-06,
    1.0
   ]
  ]
 },
 {
  "rotation_euler": [
   -1.8719879335549194e-06,
   -1.3637983329317649e-06,
   -1.343687891960144
  ],
  "euler_order": "XYZ",
  "rotation_matrix": [
   [
    0.22516115009784698,
    0.9743215441703796,
    1.5168437812462798e-06
   ],
   [
    -0.9743215441703796,
    0.22516115009784698,
    1.7502770788269117e-06
   ],
   [
    1.3637983329317649e-06,
    -1.8719879335549194e-06,
    1.0
   ]
  ]
 },
 {
  "rotation_euler": [
   -2.8983067750232294e-06,
   -3.7726122172898613e-06,
   -1.3429433107376099
  ],
  "euler_order": "XYZ",
  "rotation_matrix": [
   [
    0.22588655352592468,
    0.9741536378860474,
    1.9712135781446705e-06
   ],
   [
    -0.9741536378860474,
    0.22588655352592468,
    4.329792318458203e-06
   ],
   [
    3.7726122172898613e-06,
    -2.8983067750232294e-06,
    1.0
   ]
  ]
 },
 {
  "rotation_euler": [
   5.730614134336065e-07,
   -2.5832180199358845e-06,
   -1.4461326599121094
  ],
  "euler_order": "XYZ",
  "rotation_matrix": [
   [
    0.12434101849794388,
    0.9922395348548889,
    -8.898141459212638e-07
   ],
   [
    -0.9922395348548889,
    0.12434101849794388,
    2.4919161205616547e-06
   ],
   [
    2.5832180199358845e-06,
    5.730614134336065e-07,
    1.0
   ]
  ]
 },
 {
  "rotation_euler": [
   6.324773949017981e-07,
   1.9658687051560264e-06,
   1.0274850130081177
  ],
  "euler_order": "XYZ",
  "rotation_matrix": [
   [
    0.5169733166694641,
    -0.8560014963150024,
    1.5577032854707795e-06
   ],
   [
    0.8560014963150024,
    0.5169733166694641,
    1.3558126283896854e-06
   ],
   [
    -1.9658687051560264e-06,
    6.324773949017981e-07,
    1.0
   ]
  ]
 },
 {
  "rotation_euler": [
   -2.8435908916435437e-06,
   2.5171827928716084e-06,
   1.3377456665039062
  ],
  "euler_order": "XYZ",
  "rotation_matrix": [
   [
    0.23094677925109863,
    -0.9729663729667664,
    -2.1853829821338877e-06
   ],
   [
    0.9729663729667664,
    0.23094677925109863,
    3.1058523290994344e-06
   ],
   [
    -2.5171827928716084e-06,
    -2.8435908916435437e-06,
    1.0
   ]
  ]
 },
 {
  "rotation_euler": [
   -2.744498715401278e-06,
   -2.3649838567507686e-06,
   2.9090607166290283
  ],
  "euler_order": "XYZ",
  "rotation_matrix": [
   [
    -0.9730860590934753,
    -0.23044204711914062,
    1.668884920036362e-06
   ],
   [
    0.23044204711914062,
    -0.9730860590934753,
    -3.2156251563719707e-06
   ],
   [
    2.3649838567507686e-06,
    -2.744498715401278e-06,
    1.0
   ]
  ]
 },
 {
  "rotation_euler": [
   4.843590204473003e-07,
   -2.354489197387011e-06,
   -2.7195217609405518
  ],
  "euler_order": "XYZ",
  "rotation_matrix": [
   [
    -0.9122425317764282,
    0.4096504747867584,
    1.9494473235681653e-06
   ],
   [
    -0.4096504747867584,
    -0.9122425317764282,
    1.4063705293665407e-06
   ],
   [
    2.354489197387011e-06,
    4.843590204473003e-07,
    1.0
   ]
  ]
 }
]