[
 {
  "rotation_euler": [
   1.2007992267608643,
   -2.442056655883789,
   -0.98786461353302
  ],
  "euler_order": "XYZ",
  "rotation_matrix": [
   [
    -0.4211901128292084,
    -0.02855151705443859,
    -0.9065228700637817
   ],
   [
    0.6387798190116882,
    0.7002131342887878,
    -0.31884458661079407
   ],
   [
    0.6438627243041992,
    -0.7133626937866211,
    -0.2766847312450409
   ]
  ]
 },
 {
  "rotation_euler": [
   -1.9402645826339722,
   -0.6961071491241455,
   -1.1827689409255981
  ],
  "euler_order": "XYZ",
  "rotation_matrix": [
   [
    0.2903348207473755,
    -0.10802523046731949,
    0.9508082270622253
   ],
   [
    -0.710297703742981,
    -0.6901445388793945,
    0.13848337531089783
   ],
   [
    0.6412354111671448,
    -0.7155634760856628,
    -0.277103066444397
   ]
  ]
 },
 {
  "rotation_euler": [
   -0.8910547494888306,
   -0.3937267065048218,
   2.7963762283325195
  ],
  "euler_order": "XYZ",
  "rotation_matrix": [
   [
    -0.8690022230148315,
    -0.4934775233268738,
    -0.03626464307308197
   ],
   [
    0.31250789761543274,
    -0.4905398488044739,
    -0.8134552836418152
   ],
   [
    0.383632630109787,
    -0.7182273864746094,
    0.5804958343505859
   ]
  ]
 },
 {
  "rotation_euler": [
   -1.9337331056594849,
   -0.6986948251724243,
   0.6865851879119873
  ],
  "euler_order": "XYZ",
  "rotation_matrix": [
   [
    0.5921903252601624,
    0.6901167035102844,
    -0.41599220037460327
   ],
   [
    0.4853658974170685,
    0.10659686475992203,
    0.8677886128425598
   ],
   [
    0.6432188749313354,
    -0.7158044576644897,
    -0.27183347940444946
   ]
  ]
 },
 {
  "rotation_euler": [
   -1.9402612447738647,
   -0.6961081624031067,
   0.05669340491294861
  ],
  "euler_order": "XYZ",
  "rotation_matrix": [
   [
    0.7661107182502747,
    0.6174672245979309,
    0.17834948003292084
   ],
   [
    0.04348002001643181,
    -0.32665374875068665,
    0.9441434144973755
   ],
   [
    0.6412361860275269,
    -0.7155637741088867,
    -0.27710044384002686
   ]
  ]
 },
 {
  "rotation_euler": [
   1.0622954368591309,
   2.8574793338775635,
   0.76218181848526
  ],
  "euler_order": "XYZ",
  "rotation_matrix": [
   [
    -0.6943332552909851,
    -0.15908226370811462,
    0.7018505334854126
   ],
   [
    -0.6628194451332092,
    0.5212299227714539,
    -0.5375776290893555
   ],
   [
    -0.2803064286708832,
    -0.838458240032196,
    -0.4673500955104828
   ]
  ]
 },
 {
  "rotation_euler": [
   -0.6753895878791809,
   -0.3426145613193512,
   -2.662071704864502
  ],
  "euler_order": "XYZ",
  "rotation_matrix": [
   [
    -0.835650622844696,
    0.17372193932533264,
    0.5210649967193604
   ],
   [
    -0.4345400929450989,
    -0.7893410921096802,
    -0.4337228834629059
   ],
   [
    0.3359508514404297,
    -0.5888644456863403,
    0.7351025342941284
   ]
  ]
 },
 {
  "rotation_euler": [
   -0.8910285234451294,
   -0.3937210440635681,
   -0.020914120599627495
  ],
  "euler_order": "XYZ",
  "rotation_matrix": [
   [
    0.9232860207557678,
    0.31143486499786377,
    -0.22483611106872559
   ],
   [
    -0.019312530755996704,
    0.6222355961799622,
    0.7825917601585388
   ],
   [
    0.38362741470336914,
    -0.7182138562202454,
    0.5805160403251648
   ]
  ]
 },
 {
  "rotation_euler": [
   -2.15124773979187,
   0.27238017320632935,
   -0.5169156193733215
  ],
  "euler_order": "XYZ",
  "rotation_matrix": [
   [
    0.8372976183891296,
    -0.4665912091732025,
    0.2850005626678467
   ],
   [
    -0.47598153352737427,
    -0.36557480692863464,
    0.799872875213623
   ],
   [
    -0.2690246105194092,
    -0.8053866624832153,
    -0.5281836986541748
   ]
  ]
 },
 {
  "rotation_euler": [
   -1.8480247259140015,
   -0.7290255427360535,
   1.4966998100280762
  ],
  "euler_order": "XYZ",
  "rotation_matrix": [
   [
    0.05521239712834358,
    0.32037076354026794,
    -0.9456818699836731
   ],
   [
    0.7437774538993835,
    0.618689239025116,
    0.253019243478775
   ],
   [
    0.6661431789398193,
    -0.7173466086387634,
    -0.20412522554397583
   ]
  ]
 },
 {
  "rotation_euler": [
   -1.9402645826339722,
   -0.6961223483085632,
   -0.12017963081598282
  ],
  "euler_order": "XYZ",
  "rotation_matrix": [
   [
    0.7617998123168945,
    0.5503674149513245,
    0.3416968882083893
   ],
   [
    -0.09199614822864532,
    -0.4302065074443817,
    0.8980306386947632
   ],
   [
    0.641247034072876,
    -0.7155543565750122,
    -0.2770995497703552
   ]
  ]
 },
 {
  "rotation_euler": [
   -1.4457225799560547,
   -0.7139785289764404,
   2.119027614593506
  ],
  "euler_order": "XYZ",
  "rotation_matrix": [
   [
    -0.3938872218132019,
    -0.4450913667678833,
    -0.8042055368423462
   ],
   [
    0.6450037956237793,
    0.4894949793815613,
    -0.5868260264396667
   ],
   [
    0.6548457741737366,
    -0.7498588562011719,
    0.09427979588508606
   ]
  ]
 },
 {
  "rotation_euler": [
   -2.0771384239196777,
   0.285367488861084,
   0.807407021522522
  ],
  "euler_order": "XYZ",
  "rotation_matrix": [
   [
    0.6634138226509094,
    0.1801900416612625,
    -0.7262325286865234
   ],
   [
    0.6932778358459473,
    -0.5131734013557434,
    0.5059830546379089
   ],
   [
    -0.2815100848674774,
    -0.8391571044921875,
    -0.4653680920600891
   ]
  ]
 },
 {
  "rotation_euler": [
   -0.9069382548332214,
   -0.39706453680992126,
   3.123922348022461
  ],
  "euler_order": "XYZ",
  "rotation_matrix": [
   [
    -0.9220561981201172,
    -0.31542280316352844,
    0.224323108792305
   ],
   [
    0.016294710338115692,
    -0.6106821298599243,
    -0.7917081713676453
   ],
   [
    0.3867129385471344,
    -0.726344108581543,
    0.5682229399681091
   ]
  ]
 },
 {
  "rotation_euler": [
   -0.8910520076751709,
   -0.39372721314430237,
   0.05601859092712402
  ],
  "euler_order": "XYZ",
  "rotation_matrix": [
   [
    0.9220370054244995,
    0.26270171999931335,
    -0.2843160033226013
   ],
   [
    0.05170530825853348,
    0.644313395023346,
    0.7630116939544678
   ],
   [
    0.3836331069469452,
    -0.7182256579399109,
    0.580497682094574
   ]
  ]
 },
 {
  "rotation_euler": [
   -2.064673900604248,
   0.2860966622829437,
   -0.6269104480743408
  ],
  "euler_order": "XYZ",
  "rotation_matrix": [
   [
    0.7769259214401245,
    -0.479330450296402,
    0.4082014858722687
   ],
   [
    -0.5627999901771545,
    -0.23812812566757202,
    0.7915498614311218
   ],
   [
    -0.28220969438552856,
    -0.8447113633155823,
    -0.4547750651836395
   ]
  ]
 }
]