[
 {
  "rotation_euler": [
   -0.000155005298438482,
   -1.1074354915763251e-05,
   0.8466827869415283
  ],
  "euler_order": "XYZ",
  "rotation_matrix": [
   [
    0.6624716520309448,
    -0.7490869760513306,
    -0.00012344888818915933
   ],
   [
    0.7490869760513306,
    0.6624716520309448,
    9.439096174901351e-05
   ],
   [
    1.1074354915763251e-05,
    -0.000155005298438482,
    1.0
   ]
  ]
 },
 {
  "rotation_euler": [
   -0.0001551661844132468,
   -1.017149133986095e-05,
   -1.2045116424560547
  ],
  "euler_order": "XYZ",
  "rotation_matrix": [
   [
    0.35814905166625977,
    0.9336644411087036,
    0.0001412302372045815
   ],
   [
    -0.9336644411087036,
    0.35814905166625977,
    6.506938370876014e-05
   ],
   [
    1.017149133986095e-05,
    -0.0001551661844132468,
    1.0
   ]
  ]
 },
 {
  "rotation_euler": [
   -0.00015509437071159482,
   -1.1068071216868702e-05,
   -2.780078172683716
  ],
  "euler_order": "XYZ",
  "rotation_matrix": [
   [
    -0.9353622198104858,
    0.3536912202835083,
    6.520817260025069e-05
   ],
   [
    -0.3536912202835083,
    -0.9353622198104858,
    -0.00014115474186837673
   ],
   [
    1.1068071216868702e-05,
    -0.00015509437071159482,
    1.0
   ]
  ]
 },
 {
  "rotation_euler": [
   -0.00015443017764482647,
   -9.827494068304077e-06,
   1.9615848064422607
  ],
  "euler_order": "XYZ",
  "rotation_matrix": [
   [
    -0.38091757893562317,
    -0.9246090054512024,
    -0.0001390440738759935
   ],
   [
    0.9246090054512024,
    -0.3809175491333008,
    -6.791175837861374e-05
   ],
   [
    9.827494068304077e-06,
    -0.00015443017764482647,
    1.0
   ]
  ]
 },
 {
  "rotation_euler": [
   -0.00015424680896103382,
   -1.149091258412227e-05,
   1.8251677751541138
  ],
  "euler_order": "XYZ",
  "rotation_matrix": [
   [
    -0.25163713097572327,
    -0.9678216576576233,
    -0.00014639185974374413
   ],
   [
    0.9678216576576233,
    -0.25163713097572327,
    -4.993537731934339e-05
   ],
   [
    1.149091258412227e-05,
    -0.00015424680896103382,
    1.0
   ]
  ]
 },
 {
  "rotation_euler": [
   -0.00015440979041159153,
   -1.1444242772995494e-05,
   2.2681610584259033
  ],
  "euler_order": "XYZ",
  "rotation_matrix": [
   [
    -0.6421998739242554,
    -0.7665371894836426,
    -0.00011101135896751657
   ],
   [
    0.7665371894836426,
    -0.6421998739242554,
    -0.00010793438559630886
   ],
   [
    1.1444242772995494e-05,
    -0.00015440979041159153,
    1.0
   ]
  ]
 },
 {
  "rotation_euler": [
   -0.00015353367780335248,
   -1.0740309335233178e-05,
   2.8508849143981934
  ],
  "euler_order": "XYZ",
  "rotation_matrix": [
   [
    -0.958041250705719,
    -0.2866303324699402,
    -3.3717751648509875e-05
   ],
   [
    0.2866303324699402,
    -0.958041250705719,
    -0.00015017008990980685
   ],
   [
    1.0740309335233178e-05,
    -0.00015353367780335248,
    1.0
   ]
  ]
 },
 {
  "rotation_euler": [
   -0.00015498166612815112,
   -9.955020686902571e-06,
   -2.8114256858825684
  ],
  "euler_order": "XYZ",
  "rotation_matrix": [
   [
    -0.9459882378578186,
    0.32420098781585693,
    5.966253957012668e-05
   ],
   [
    -0.32420098781585693,
    -0.9459882378578186,
    -0.00014338339678943157
   ],
   [
    9.955020686902571e-06,
    -0.00015498166612815112,
    1.0
   ]
  ]
 },
 {
  "rotation_euler": [
   -0.00015488897042814642,
   -1.1329950211802498e-05,
   -0.36924099922180176
  ],
  "euler_order": "XYZ",
  "rotation_matrix": [
   [
    0.9326015710830688,
    0.3609076738357544,
    4.5334290916798636e-05
   ],
   [
    -0.3609077036380768,
    0.9326015114784241,
    0.000148538762005046
   ],
   [
    1.1329950211802498e-05,
    -0.00015488897042814642,
    1.0
   ]
  ]
 },
 {
  "rotation_euler": [
   -0.00015598135360050946,
   -1.0633525562298018e-05,
   0.6742492318153381
  ],
  "euler_order": "XYZ",
  "rotation_matrix": [
   [
    0.7811759114265442,
    -0.6243110299110413,
    -0.00010568752622930333
   ],
   [
    0.6243110299110413,
    0.7811758518218994,
    0.00011521024134708568
   ],
   [
    1.0633525562298018e-05,
    -0.00015598135360050946,
    1.0
   ]
  ]
 },
 {
  "rotation_euler": [
   -0.0001552091125631705,
   -1.0219910109299235e-05,
   -2.9427998065948486
  ],
  "euler_order": "XYZ",
  "rotation_matrix": [
   [
    -0.9803056716918945,
    0.19748608767986298,
    4.067027839482762e-05
   ],
   [
    -0.19748610258102417,
    -0.9803056716918945,
    -0.00015013408847153187
   ],
   [
    1.0219910109299235e-05,
    -0.0001552091125631705,
    1.0
   ]
  ]
 },
 {
  "rotation_euler": [
   -0.00015472286031581461,
   -1.124693972087698e-05,
   -1.5527963638305664
  ],
  "euler_order": "XYZ",
  "rotation_matrix": [
   [
    0.017998991534113884,
    0.9998379945755005,
    0.00015449535567313433
   ],
   [
    -0.9998379945755005,
    0.017998989671468735,
    1.4029972589924e-05
   ],
   [
    1.124693972087698e-05,
    -0.00015472286031581461,
    1.0
   ]
  ]
 },
 {
  "rotation_euler": [
   -0.00015463368617929518,
   -1.1398494280001614e-05,
   -1.4537286758422852
  ],
  "euler_order": "XYZ",
  "rotation_matrix": [
   [
    0.11680043488740921,
    0.9931554198265076,
    0.0001522439270047471
   ],
   [
    -0.9931554198265076,
    0.11680043488740921,
    2.9381757485680282e-05
   ],
   [
    1.1398494280001614e-05,
    -0.00015463368617929518,
    1.0
   ]
  ]
 },
 {
  "rotation_euler": [
   -0.0001550528540974483,
   -1.0945074791379739e-05,
   -2.4539103507995605
  ],
  "euler_order": "XYZ",
  "rotation_matrix": [
   [
    -0.7727192640304565,
    0.6347479224205017,
    0.00010687694884836674
   ],
   [
    -0.6347479820251465,
    -0.7727192640304565,
    -0.0001128649601014331
   ],
   [
    1.0945074791379739e-05,
    -0.0001550528540974483,
    1.0
   ]
  ]
 },
 {
  "rotation_euler": [
   -0.00015573222481179982,
   -1.058871657733107e-05,
   -0.009880873374640942
  ],
  "euler_order": "XYZ",
  "rotation_matrix": [
   [
    0.999951183795929,
    0.009880714118480682,
    -9.0494540927466e-06
   ],
   [
    -0.009880712255835533,
    0.999951183795929,
    0.00015582924243062735
   ],
   [
    1.058871657733107e-05,
    -0.00015573222481179982,
    1.0
   ]
  ]
 },
 {
  "rotation_euler": [
   -0.00015509019431192428,
   -1.1118390830233693e-05,
   1.6733458042144775
  ],
  "euler_order": "XYZ",
  "rotation_matrix": [
   [
    -0.10236983001232147,
    -0.9947463870048523,
    -0.00015313722542487085
   ],
   [
    0.9947463870048523,
    -0.10236983001232147,
    -2.6936535505228676e-05
   ],
   [
    1.1118390830233693e-05,
    -0.00015509019431192428,
    1.0
   ]
  ]
 }
]