[
 {
  "rotation_euler": [
   -1.5644440650939941,
   0.015833333134651184,
   2.3000683784484863
  ],
  "euler_order": "XYZ",
  "rotation_matrix": [
   [
    -0.6662434935569763,
    0.005812930408865213,
    -0.745711624622345
   ],
   [
    0.745566189289093,
    -0.0160382017493248,
    -0.66623854637146
   ],
   [
    -0.015832671895623207,
    -0.9998545050621033,
    0.006351422984153032
   ]
  ]
 },
 {
  "rotation_euler": [
   1.5848342180252075,
   -0.08012913167476654,
   2.940171957015991
  ],
  "euler_order": "XYZ",
  "rotation_matrix": [
   [
    -0.9766395688056946,
    0.08122582733631134,
    0.19894090294837952
   ],
   [
    0.19941958785057068,
    -0.002258387627080083,
    0.9799115657806396
   ],
   [
    0.08004341274499893,
    0.9966931939125061,
    -0.013992389664053917
   ]
  ]
 },
 {
  "rotation_euler": [
   -1.5644441843032837,
   0.015903744846582413,
   1.688052773475647
  ],
  "euler_order": "XYZ",
  "rotation_matrix": [
   [
    -0.1169731393456459,
    -0.004448051564395428,
    -0.9931251406669617
   ],
   [
    0.9930077195167542,
    -0.01653667353093624,
    -0.11688525229692459
   ],
   [
    -0.01590307429432869,
    -0.9998533725738525,
    0.006351296324282885
   ]
  ]
 },
 {
  "rotation_euler": [
   -1.5644482374191284,
   0.01577722653746605,
   -1.0777943134307861
  ],
  "euler_order": "XYZ",
  "rotation_matrix": [
   [
    0.47321364283561707,
    -0.0018743715481832623,
    0.8809456825256348
   ],
   [
    -0.8808064460754395,
    0.016901912167668343,
    0.4731747806072235
   ],
   [
    -0.01577657274901867,
    -0.9998553991317749,
    0.00634725671261549
   ]
  ]
 },
 {
  "rotation_euler": [
   1.5848326683044434,
   -0.08010289818048477,
   1.7785887718200684
  ],
  "euler_order": "XYZ",
  "rotation_matrix": [
   [
    -0.2056388258934021,
    0.03023991361260414,
    0.9781606197357178
   ],
   [
    0.9753511548042297,
    -0.07539267092943192,
    0.20737896859645844
   ],
   [
    0.08001726120710373,
    0.9966952800750732,
    -0.013990874402225018
   ]
  ]
 },
 {
  "rotation_euler": [
   -1.5644395351409912,
   0.015481832437217236,
   2.3330304622650146
  ],
  "euler_order": "XYZ",
  "rotation_matrix": [
   [
    -0.6904563307762146,
    0.006092362571507692,
    -0.7233483791351318
   ],
   [
    0.7232083678245544,
    -0.01558684278279543,
    -0.6904539465904236
   ],
   [
    -0.015481214039027691,
    -0.9998599290847778,
    0.0063559869304299355
   ]
  ]
 },
 {
  "rotation_euler": [
   -1.5644381046295166,
   0.015470274724066257,
   -2.015185832977295
  ],
  "euler_order": "XYZ",
  "rotation_matrix": [
   [
    -0.4298553168773651,
    0.01239100657403469,
    0.9028127789497375
   ],
   [
    -0.9027652740478516,
    0.011233434081077576,
    -0.4299868643283844
   ],
   [
    -0.015469657257199287,
    -0.9998601078987122,
    0.0063574183732271194
   ]
  ]
 },
 {
  "rotation_euler": [
   1.5848336219787598,
   -0.08012040704488754,
   -1.3738667964935303
  ],
  "euler_order": "XYZ",
  "rotation_matrix": [
   [
    0.19503147900104523,
    -0.029423510655760765,
    -0.9803555607795715
   ],
   [
    -0.977526068687439,
    0.07573363184928894,
    -0.19674158096313477
   ],
   [
    0.08003471791744232,
    0.9966938495635986,
    -0.013991804793477058
   ]
  ]
 },
 {
  "rotation_euler": [
   -1.564432144165039,
   0.015387864783406258,
   0.3913092017173767
  ],
  "euler_order": "XYZ",
  "rotation_matrix": [
   [
    0.9243010878562927,
    -0.016651131212711334,
    -0.38130074739456177
   ],
   [
    0.38135382533073425,
    1.4512189409288112e-05,
    0.924429178237915
   ],
   [
    -0.015387257561087608,
    -0.9998613595962524,
    0.006363386288285255
   ]
  ]
 },
 {
  "rotation_euler": [
   -1.5644479990005493,
   0.01576438546180725,
   1.8082925081253052
  ],
  "euler_order": "XYZ",
  "rotation_matrix": [
   [
    -0.23524059355258942,
    -0.0024614334106445312,
    -0.9719340801239014
   ],
   [
    0.9718093276023865,
    -0.016814496368169785,
    -0.23516783118247986
   ],
   [
    -0.01576373167335987,
    -0.9998555779457092,
    0.0063474965281784534
   ]
  ]
 },
 {
  "rotation_euler": [
   1.5808175802230835,
   -0.015675632283091545,
   -3.030133008956909
  ],
  "euler_order": "XYZ",
  "rotation_matrix": [
   [
    -0.9936727285385132,
    0.014462306164205074,
    -0.11137952655553818
   ],
   [
    -0.11121533811092377,
    0.01170232892036438,
    0.993727445602417
   ],
   [
    0.01567498967051506,
    0.9998269081115723,
    -0.01001985464245081
   ]
  ]
 },
 {
  "rotation_euler": [
   -1.5644389390945435,
   0.015478652901947498,
   -3.1155688762664795
  ],
  "euler_order": "XYZ",
  "rotation_matrix": [
   [
    -0.9995416402816772,
    0.015637904405593872,
    0.02592194825410843
   ],
   [
    -0.026017723605036736,
    -0.005952449049800634,
    -0.9996437430381775
   ],
   [
    -0.015478034503757954,
    -0.9998599886894226,
    0.006356583442538977
   ]
  ]
 },
 {
  "rotation_euler": [
   1.5809402465820312,
   -0.018969064578413963,
   0.9837548732757568
  ],
  "euler_order": "XYZ",
  "rotation_matrix": [
   [
    0.5538005828857422,
    -0.0020602873992174864,
    0.8326467871665955
   ],
   [
    0.83243328332901,
    -0.02141018584370613,
    -0.5537115335464478
   ],
   [
    0.018967926502227783,
    0.9997686743736267,
    -0.010141921229660511
   ]
  ]
 },
 {
  "rotation_euler": [
   1.5848326683044434,
   -0.08010324835777283,
   -1.7687119245529175
  ],
  "euler_order": "XYZ",
  "rotation_matrix": [
   [
    -0.19599555432796478,
    0.0019701169803738594,
    -0.9806028008460999
   ],
   [
    -0.9773346185684204,
    0.08120764046907425,
    0.19550548493862152
   ],
   [
    0.08001761138439178,
    0.9966952800750732,
    -0.013990873470902443
   ]
  ]
 },
 {
  "rotation_euler": [
   -1.5644422769546509,
   0.01580946333706379,
   1.2412608861923218
  ],
  "euler_order": "XYZ",
  "rotation_matrix": [
   [
    0.3235630691051483,
    -0.011127796955406666,
    -0.9461411833763123
   ],
   [
    0.9460745453834534,
    -0.012901696376502514,
    0.3236920237541199
   ],
   [
    -0.01580880396068096,
    -0.9998548626899719,
    0.006353212986141443
   ]
  ]
 },
 {
  "rotation_euler": [
   -1.564448356628418,
   0.01578260026872158,
   -2.4290924072265625
  ],
  "euler_order": "XYZ",
  "rotation_matrix": [
   [
    -0.7566355466842651,
    0.016092244535684586,
    0.6536388397216797
   ],
   [
    -0.6536464095115662,
    0.005513222888112068,
    -0.7567800283432007
   ],
   [
    -0.01578194461762905,
    -0.9998553395271301,
    0.006347137037664652
   ]
  ]
 }
]