[
 {
  "rotation_euler": [
   -0.0340290293097496,
   0.0006843013688921928,
   -0.38029277324676514
  ],
  "euler_order": "XYZ",
  "rotation_matrix": [
   [
    0.9285557866096497,
    0.37095582485198975,
    0.01326392125338316
   ],
   [
    -0.37119224667549133,
    0.9280270934104919,
    0.03133790194988251
   ],
   [
    -0.0006843013106845319,
    -0.03402245417237282,
    0.9994208216667175
   ]
  ]
 },
 {
  "rotation_euler": [
   -0.034029170870780945,
   0.0006846216856501997,
   1.5756117105484009
  ],
  "euler_order": "XYZ",
  "rotation_matrix": [
   [
    -0.0048153637908399105,
    -0.9994093775749207,
    -0.03402550518512726
   ],
   [
    0.9999881982803345,
    -0.004835869651287794,
    0.0005203860928304493
   ],
   [
    -0.0006846216274425387,
    -0.03402259573340416,
    0.9994208216667175
   ]
  ]
 },
 {
  "rotation_euler": [
   -0.034029167145490646,
   0.00068461406044662,
   0.14892828464508057
  ],
  "euler_order": "XYZ",
  "rotation_matrix": [
   [
    0.9889304041862488,
    -0.14831550419330597,
    -0.0043715741485357285
   ],
   [
    0.14837832748889923,
    0.9883546829223633,
    0.03374751657247543
   ],
   [
    -0.0006846140022389591,
    -0.03402259200811386,
    0.9994208216667175
   ]
  ]
 },
 {
  "rotation_euler": [
   -0.03402911126613617,
   0.0006841214490123093,
   -2.943260908126831
  ],
  "euler_order": "XYZ",
  "rotation_matrix": [
   [
    -0.9803963899612427,
    0.19694280624389648,
    0.006033277604728937
   ],
   [
    -0.19703400135040283,
    -0.9798244833946228,
    -0.03349030390381813
   ],
   [
    -0.0006841213908046484,
    -0.034022536128759384,
    0.9994208216667175
   ]
  ]
 },
 {
  "rotation_euler": [
   -0.03402901440858841,
   0.0006841503200121224,
   2.5787887573242188
  ],
  "euler_order": "XYZ",
  "rotation_matrix": [
   [
    -0.8457621932029724,
    -0.5332311391830444,
    -0.01873130165040493
   ],
   [
    0.5335596203804016,
    -0.845285177230835,
    -0.028410082682967186
   ],
   [
    -0.0006841502618044615,
    -0.034022439271211624,
    0.9994208216667175
   ]
  ]
 },
 {
  "rotation_euler": [
   -0.03402913734316826,
   0.0006845699972473085,
   -1.2665982246398926
  ],
  "euler_order": "XYZ",
  "rotation_matrix": [
   [
    0.2995281219482422,
    0.953528106212616,
    0.0326654352247715
   ],
   [
    -0.9540871977806091,
    0.2993769943714142,
    0.009537957608699799
   ],
   [
    -0.0006845699390396476,
    -0.03402256220579147,
    0.9994208216667175
   ]
  ]
 },
 {
  "rotation_euler": [
   -0.03402917832136154,
   0.0006846181349828839,
   1.9684542417526245
  ],
  "euler_order": "XYZ",
  "rotation_matrix": [
   [
    -0.38725998997688293,
    -0.9214277267456055,
    -0.031632814556360245
   ],
   [
    0.9219703078269958,
    -0.3870573341846466,
    -0.012544766999781132
   ],
   [
    -0.000684618076775223,
    -0.034022603183984756,
    0.9994208216667175
   ]
  ]
 },
 {
  "rotation_euler": [
   -0.03402915969491005,
   0.0006846055621281266,
   -1.790461540222168
  ],
  "euler_order": "XYZ",
  "rotation_matrix": [
   [
    -0.21790283918380737,
    0.975410521030426,
    0.033055953681468964
   ],
   [
    -0.9759702086448669,
    -0.21775400638580322,
    -0.008081389591097832
   ],
   [
    -0.0006846055039204657,
    -0.034022584557533264,
    0.9994208216667175
   ]
  ]
 },
 {
  "rotation_euler": [
   -0.034029167145490646,
   0.0006846005562692881,
   0.42130234837532043
  ],
  "euler_order": "XYZ",
  "rotation_matrix": [
   [
    0.9125568866729736,
    -0.4087337553501129,
    -0.013289142400026321
   ],
   [
    0.4089491665363312,
    0.9120192527770996,
    0.031327370554208755
   ],
   [
    -0.0006846004980616271,
    -0.03402259200811386,
    0.9994208216667175
   ]
  ]
 },
 {
  "rotation_euler": [
   -0.03402915969491005,
   0.0006846726173534989,
   -1.6513811349868774
  ],
  "euler_order": "XYZ",
  "rotation_matrix": [
   [
    -0.08049760013818741,
    0.9961796402931213,
    0.03385709971189499
   ],
   [
    -0.9967545866966248,
    -0.08042779564857483,
    -0.003420793218538165
   ],
   [
    -0.000684672559145838,
    -0.034022584557533264,
    0.9994208216667175
   ]
  ]
 },
 {
  "rotation_euler": [
   -0.03402915969491005,
   0.0006846217438578606,
   2.56249737739563
  ],
  "euler_order": "XYZ",
  "rotation_matrix": [
   [
    -0.8369579315185547,
    -0.5469306111335754,
    -0.019192108884453773
   ],
   [
    0.5472668409347534,
    -0.8364863395690918,
    -0.028101030737161636
   ],
   [
    -0.0006846216856501997,
    -0.034022584557533264,
    0.9994208216667175
   ]
  ]
 },
 {
  "rotation_euler": [
   -0.03402915969491005,
   0.0006846265750937164,
   1.8195750713348389
  ],
  "euler_order": "XYZ",
  "rotation_matrix": [
   [
    -0.2462204247713089,
    -0.9686470031738281,
    -0.03314363956451416
   ],
   [
    0.969213604927063,
    -0.246100515127182,
    -0.00771389389410615
   ],
   [
    -0.0006846265168860555,
    -0.034022584557533264,
    0.9994208216667175
   ]
  ]
 },
 {
  "rotation_euler": [
   -0.03402916342020035,
   0.0006846144096925855,
   0.856838047504425
  ],
  "euler_order": "XYZ",
  "rotation_matrix": [
   [
    0.6548303365707397,
    -0.7553535103797913,
    -0.02526540867984295
   ],
   [
    0.7557756304740906,
    0.6544337272644043,
    0.02279614843428135
   ],
   [
    -0.0006846143514849246,
    -0.03402258828282356,
    0.9994208216667175
   ]
  ]
 },
 {
  "rotation_euler": [
   -0.03402911499142647,
   0.0006845017778687179,
   0.5237891674041748
  ],
  "euler_order": "XYZ",
  "rotation_matrix": [
   [
    0.8659299612045288,
    -0.49989548325538635,
    -0.016424495726823807
   ],
   [
    0.5001647472381592,
    0.8654172420501709,
    0.029803317040205002
   ],
   [
    -0.000684501719661057,
    -0.03402253985404968,
    0.9994208216667175
   ]
  ]
 },
 {
  "rotation_euler": [
   -0.03402916342020035,
   0.0006845949683338404,
   -2.6391191482543945
  ],
  "euler_order": "XYZ",
  "rotation_matrix": [
   [
    -0.8763937950134277,
    0.481336385011673,
    0.015785476192831993
   ],
   [
    -0.48159465193748474,
    -0.8758754134178162,
    -0.030146706849336624
   ],
   [
    -0.0006845949101261795,
    -0.03402258828282356,
    0.9994208216667175
   ]
  ]
 },
 {
  "rotation_euler": [
   -0.034029170870780945,
   0.0006846197065897286,
   0.972715437412262
  ],
  "euler_order": "XYZ",
  "rotation_matrix": [
   [
    0.5630573630332947,
    -0.8259523510932922,
    -0.027731625363230705
   ],
   [
    0.8264175057411194,
    0.5627123117446899,
    0.019722137600183487
   ],
   [
    -0.0006846196483820677,
    -0.03402259573340416,
    0.9994208216667175
   ]
  ]
 }
]