[
 {
  "rotation_euler": [
   -0.03796006366610527,
   -0.0013869240647181869,
   1.3235547542572021
  ],
  "euler_order": "XYZ",
  "rotation_matrix": [
   [
    0.2447301149368286,
    -0.9688798189163208,
    -0.03713608160614967
   ],
   [
    0.9695902466773987,
    0.24460507929325104,
    0.007943968288600445
   ],
   [
    0.0013869235990568995,
    -0.03795091062784195,
    0.9992786645889282
   ]
  ]
 },
 {
  "rotation_euler": [
   0.003294367343187332,
   -1.8830635326594347e-06,
   -1.0900934934616089
  ],
  "euler_order": "XYZ",
  "rotation_matrix": [
   [
    0.46240246295928955,
    0.8866653442382812,
    -0.002921882551163435
   ],
   [
    -0.8866701722145081,
    0.462399959564209,
    -0.001521651167422533
   ],
   [
    1.8830635326594347e-06,
    0.003294361289590597,
    0.9999945759773254
   ]
  ]
 },
 {
  "rotation_euler": [
   0.003294113790616393,
   -3.826466581813293e-06,
   3.023759603500366
  ],
  "euler_order": "XYZ",
  "rotation_matrix": [
   [
    -0.9930657148361206,
    -0.11755990982055664,
    0.00039105708128772676
   ],
   [
    0.11756055802106857,
    -0.9930603504180908,
    0.0032708158250898123
   ],
   [
    3.826466581813293e-06,
    0.003294107737019658,
    0.9999945759773254
   ]
  ]
 },
 {
  "rotation_euler": [
   1.3154581785202026,
   -2.9765918254852295,
   0.0805668756365776
  ],
  "euler_order": "XYZ",
  "rotation_matrix": [
   [
    -0.9832184910774231,
    -0.17873917520046234,
    0.03651914745569229
   ],
   [
    -0.07938668876886368,
    0.23896285891532898,
    -0.9677781462669373
   ],
   [
    0.1642531454563141,
    -0.9544365406036377,
    -0.24914222955703735
   ]
  ]
 },
 {
  "rotation_euler": [
   0.5825287103652954,
   -1.9931594133377075,
   -0.3857210576534271
  ],
  "euler_order": "XYZ",
  "rotation_matrix": [
   [
    -0.37979933619499207,
    -0.15074709057807922,
    -0.9127035737037659
   ],
   [
    0.15422198176383972,
    0.9625072479248047,
    -0.2231486588716507
   ],
   [
    0.9121228456497192,
    -0.22551067173480988,
    -0.3423111140727997
   ]
  ]
 },
 {
  "rotation_euler": [
   0.9286962747573853,
   -2.1685967445373535,
   0.9645377993583679
  ],
  "euler_order": "XYZ",
  "rotation_matrix": [
   [
    -0.32069626450538635,
    -0.8693294525146484,
    0.37605881690979004
   ],
   [
    -0.46252208948135376,
    -0.20274578034877777,
    -0.8631149530410767
   ],
   [
    0.8265755772590637,
    -0.4507332742214203,
    -0.337064266204834
   ]
  ]
 },
 {
  "rotation_euler": [
   0.35530805587768555,
   -1.9476786851882935,
   0.18359196186065674
  ],
  "euler_order": "XYZ",
  "rotation_matrix": [
   [
    -0.36183851957321167,
    -0.4891871511936188,
    -0.7935797572135925
   ],
   [
    -0.06718721985816956,
    0.8627310395240784,
    -0.5011796355247498
   ],
   [
    0.9298165440559387,
    -0.12802769243717194,
    -0.34503644704818726
   ]
  ]
 },
 {
  "rotation_euler": [
   0.6042666435241699,
   2.0002403259277344,
   -0.23769140243530273
  ],
  "euler_order": "XYZ",
  "rotation_matrix": [
   [
    -0.40465888381004333,
    0.6958088278770447,
    0.5933812260627747
   ],
   [
    0.09803720563650131,
    0.6781509518623352,
    -0.7283543348312378
   ],
   [
    -0.9091973900794983,
    -0.2365616112947464,
    -0.3426349461078644
   ]
  ]
 },
 {
  "rotation_euler": [
   0.9009174704551697,
   -2.1480484008789062,
   1.0989550352096558
  ],
  "euler_order": "XYZ",
  "rotation_matrix": [
   [
    -0.24804607033729553,
    -0.851617157459259,
    0.46175897121429443
   ],
   [
    -0.4860937297344208,
    -0.30289143323898315,
    -0.8197375535964966
   ],
   [
    0.8379654288291931,
    -0.4277908205986023,
    -0.3388347327709198
   ]
  ]
 },
 {
  "rotation_euler": [
   0.003282720921561122,
   6.754369792361103e-07,
   0.6669806241989136
  ],
  "euler_order": "XYZ",
  "rotation_matrix": [
   [
    0.7856931090354919,
    -0.6186131834983826,
    0.002031272277235985
   ],
   [
    0.61861652135849,
    0.7856888771057129,
    -0.0025787886697798967
   ],
   [
    -6.754369792361103e-07,
    0.0032827151007950306,
    0.9999946355819702
   ]
  ]
 },
 {
  "rotation_euler": [
   1.3075850009918213,
   -2.9168732166290283,
   0.41503310203552246
  ],
  "euler_order": "XYZ",
  "rotation_matrix": [
   [
    -0.8920942544937134,
    -0.30180296301841736,
    0.33627793192863464
   ],
   [
    -0.393081933259964,
    0.15133768320083618,
    -0.9069638848304749
   ],
   [
    0.22283285856246948,
    -0.9412820339202881,
    -0.253640741109848
   ]
  ]
 },
 {
  "rotation_euler": [
   0.00329420855268836,
   -3.7822605918336194e-06,
   1.000984787940979
  ],
  "euler_order": "XYZ",
  "rotation_matrix": [
   [
    0.5394733548164368,
    -0.8419981002807617,
    0.0027716869954019785
   ],
   [
    0.8420026302337646,
    0.5394704341888428,
    -0.0017803192604333162
   ],
   [
    3.7822605918336194e-06,
    0.003294202499091625,
    0.9999945759773254
   ]
  ]
 },
 {
  "rotation_euler": [
   0.9527666568756104,
   -2.1884958744049072,
   1.222609519958496
  ],
  "euler_order": "XYZ",
  "rotation_matrix": [
   [
    -0.19760635495185852,
    -0.7713553309440613,
    0.6049485206604004
   ],
   [
    -0.5444075465202332,
    -0.4268483817577362,
    -0.7220947742462158
   ],
   [
    0.8152129650115967,
    -0.47202906012535095,
    -0.3355836868286133
   ]
  ]
 },
 {
  "rotation_euler": [
   0.0032917815260589123,
   -2.9357770472415723e-06,
   -0.7662392258644104
  ],
  "euler_order": "XYZ",
  "rotation_matrix": [
   [
    0.7205235958099365,
    0.6934266686439514,
    -0.002284732647240162
   ],
   [
    -0.6934304237365723,
    0.7205197215080261,
    -0.0023697661235928535
   ],
   [
    2.9357770472415723e-06,
    0.0032917754724621773,
    0.9999945759773254
   ]
  ]
 },
 {
  "rotation_euler": [
   0.08187860995531082,
   -1.9767205715179443,
   -0.8156581521034241
  ],
  "euler_order": "XYZ",
  "rotation_matrix": [
   [
    -0.2706383466720581,
    0.674236536026001,
    -0.6871389746665955
   ],
   [
    0.28753378987312317,
    0.7378090023994446,
    0.6107062697410583
   ],
   [
    0.9187378287315369,
    -0.03229513391852379,
    -0.3935451805591583
   ]
  ]
 },
 {
  "rotation_euler": [
   0.003291825531050563,
   -2.811175590977655e-06,
   -1.2119163274765015
  ],
  "euler_order": "XYZ",
  "rotation_matrix": [
   [
    0.3512257933616638,
    0.9362857341766357,
    -0.0030830877367407084
   ],
   [
    -0.9362908005714417,
    0.3512239158153534,
    -0.001153539982624352
   ],
   [
    2.811175590977655e-06,
    0.003291819477453828,
    0.9999945759773254
   ]
  ]
 }
]