[
 {
  "rotation_euler": [
   -1.3748867511749268,
   -0.045405786484479904,
   -0.674492597579956
  ],
  "euler_order": "XYZ",
  "rotation_matrix": [
   [
    0.7802189588546753,
    0.15633732080459595,
    0.605654239654541
   ],
   [
    -0.6238574385643005,
    0.12422918528318405,
    0.7716015577316284
   ],
   [
    0.045390184968709946,
    -0.9798600673675537,
    0.19445815682411194
   ]
  ]
 },
 {
  "rotation_euler": [
   -1.35861337184906,
   0.009604069404304028,
   0.013644916005432606
  ],
  "euler_order": "XYZ",
  "rotation_matrix": [
   [
    0.9998608231544495,
    -0.012261119671165943,
    -0.011316150426864624
   ],
   [
    0.01364386361092329,
    0.21044668555259705,
    0.9775100946426392
   ],
   [
    -0.009603921324014664,
    -0.97752845287323,
    0.21058468520641327
   ]
  ]
 },
 {
  "rotation_euler": [
   -1.3586136102676392,
   0.009602872654795647,
   2.9333300590515137
  ],
  "euler_order": "XYZ",
  "rotation_matrix": [
   [
    -0.9783465266227722,
    -0.03435799852013588,
    -0.2041020393371582
   ],
   [
    0.2067508101463318,
    -0.20798450708389282,
    -0.9560316801071167
   ],
   [
    -0.009602725505828857,
    -0.9775285124778748,
    0.21058446168899536
   ]
  ]
 },
 {
  "rotation_euler": [
   1.5476078987121582,
   0.1424674540758133,
   -0.15472793579101562
  ],
  "euler_order": "XYZ",
  "rotation_matrix": [
   [
    0.9780431985855103,
    0.14382532238960266,
    -0.15081705152988434
   ],
   [
    -0.15254993736743927,
    0.0010335911065340042,
    -0.9882951974868774
   ],
   [
    -0.14198599755764008,
    0.9896025657653809,
    0.022951440885663033
   ]
  ]
 },
 {
  "rotation_euler": [
   1.5608669519424438,
   -0.01767968013882637,
   3.09824538230896
  ],
  "euler_order": "XYZ",
  "rotation_matrix": [
   [
    -0.9989045262336731,
    0.017231011763215065,
    0.0435069315135479
   ],
   [
    0.04332692548632622,
    -0.010685932822525501,
    0.9990038275718689
   ],
   [
    0.01767875999212265,
    0.9997944235801697,
    0.0099276602268219
   ]
  ]
 },
 {
  "rotation_euler": [
   -1.3618042469024658,
   -0.0011661843163892627,
   -2.750339984893799
  ],
  "euler_order": "XYZ",
  "rotation_matrix": [
   [
    -0.9244314432144165,
    0.0780649334192276,
    0.37327247858047485
   ],
   [
    -0.3813464641571045,
    -0.192230686545372,
    -0.9042246341705322
   ],
   [
    0.001166184083558619,
    -0.9782398343086243,
    0.20747387409210205
   ]
  ]
 },
 {
  "rotation_euler": [
   1.551897644996643,
   -0.004253560211509466,
   0.23478291928768158
  ],
  "euler_order": "XYZ",
  "rotation_matrix": [
   [
    0.9725560545921326,
    -0.008532285690307617,
    0.23251214623451233
   ],
   [
    0.23262976109981537,
    0.01738976500928402,
    -0.9724099040031433
   ],
   [
    0.0042535471729934216,
    0.9998123645782471,
    0.018897386267781258
   ]
  ]
 },
 {
  "rotation_euler": [
   -1.3586114645004272,
   0.009596278890967369,
   -3.137721538543701
  ],
  "euler_order": "XYZ",
  "rotation_matrix": [
   [
    -0.9999464750289917,
    0.010196090675890446,
    0.0017633942188695073
   ],
   [
    -0.003870927030220628,
    -0.21055836975574493,
    -0.9775736331939697
   ],
   [
    -0.00959613174200058,
    -0.9775280952453613,
    0.2105865627527237
   ]
  ]
 },
 {
  "rotation_euler": [
   -1.3586138486862183,
   0.009603372775018215,
   -2.9563632011413574
  ],
  "euler_order": "XYZ",
  "rotation_matrix": [
   [
    -0.9828487038612366,
    0.04801278933882713,
    0.17805397510528564
   ],
   [
    -0.18416357040405273,
    -0.20526254177093506,
    -0.9612237215042114
   ],
   [
    -0.009603225626051426,
    -0.9775285720825195,
    0.21058422327041626
   ]
  ]
 },
 {
  "rotation_euler": [
   -1.3585355281829834,
   0.009724817238748074,
   2.7650628089904785
  ],
  "euler_order": "XYZ",
  "rotation_matrix": [
   [
    -0.929902195930481,
    -0.0686221644282341,
    -0.3613486588001251
   ],
   [
    0.3676782548427582,
    -0.199407696723938,
    -0.9083222150802612
   ],
   [
    -0.009724663570523262,
    -0.977510929107666,
    0.21066053211688995
   ]
  ]
 },
 {
  "rotation_euler": [
   -1.3586081266403198,
   0.009587811306118965,
   -1.9455252885818481
  ],
  "euler_order": "XYZ",
  "rotation_matrix": [
   [
    -0.36600348353385925,
    0.19941593706607819,
    0.9089965224266052
   ],
   [
    -0.9305641055107117,
    -0.06836146116256714,
    -0.359690397977829
   ],
   [
    -0.009587664157152176,
    -0.9775274991989136,
    0.21058984100818634
   ]
  ]
 },
 {
  "rotation_euler": [
   -1.3586137294769287,
   0.00960567593574524,
   -0.3823830187320709
  ],
  "euler_order": "XYZ",
  "rotation_matrix": [
   [
    0.9277352690696716,
    0.06986752897500992,
    0.36664119362831116
   ],
   [
    -0.373115211725235,
    0.19888830184936523,
    0.906216561794281
   ],
   [
    -0.009605527855455875,
    -0.9775285124778748,
    0.21058432757854462
   ]
  ]
 },
 {
  "rotation_euler": [
   1.5563476085662842,
   0.04584994912147522,
   0.167286679148674
  ],
  "euler_order": "XYZ",
  "rotation_matrix": [
   [
    0.9850039482116699,
    0.042783599346876144,
    0.16714312136173248
   ],
   [
    0.16633252799510956,
    0.021877411752939224,
    -0.9858269691467285
   ],
   [
    -0.04583388566970825,
    0.9988448023796082,
    0.014433031901717186
   ]
  ]
 },
 {
  "rotation_euler": [
   -1.3586138486862183,
   0.009602461941540241,
   3.127654552459717
  ],
  "euler_order": "XYZ",
  "rotation_matrix": [
   [
    -0.9998567700386047,
    0.006450872868299484,
    -0.015647072345018387
   ],
   [
    0.013937007635831833,
    -0.21070431172847748,
    -0.9774504899978638
   ],
   [
    -0.009602314792573452,
    -0.9775285720825195,
    0.21058422327041626
   ]
  ]
 },
 {
  "rotation_euler": [
   -1.5885353088378906,
   -3.038191318511963,
   -0.06272309273481369
  ],
  "euler_order": "XYZ",
  "rotation_matrix": [
   [
    -0.9927029013633728,
    0.10188613831996918,
    0.0644993856549263
   ],
   [
    0.0623471774160862,
    -0.024172009900212288,
    0.9977617859840393
   ],
   [
    0.10321717709302902,
    0.9945023655891418,
    0.017643310129642487
   ]
  ]
 },
 {
  "rotation_euler": [
   -1.5954139232635498,
   2.951888084411621,
   -0.0887666791677475
  ],
  "euler_order": "XYZ",
  "rotation_matrix": [
   [
    -0.978193461894989,
    -0.1899515688419342,
    0.08399992436170578
   ],
   [
    0.08705976605415344,
    -0.007806610781699419,
    0.9961724877357483
   ],
   [
    -0.18856877088546753,
    0.9817624092102051,
    0.024173514917492867
   ]
  ]
 }
]