[
 {
  "rotation_euler": [
   0.6154045462608337,
   -1.8373295068740845,
   2.142268180847168
  ],
  "euler_order": "XYZ",
  "rotation_matrix": [
   [
    0.14245916903018951,
    -0.3855831027030945,
    0.9116090536117554
   ],
   [
    -0.22153769433498383,
    -0.9100582599639893,
    -0.35030698776245117
   ],
   [
    0.9646897912025452,
    -0.15205132961273193,
    -0.21506734192371368
   ]
  ]
 },
 {
  "rotation_euler": [
   0.5726699233055115,
   2.2012441158294678,
   1.5319457054138184
  ],
  "euler_order": "XYZ",
  "rotation_matrix": [
   [
    -0.022896934300661087,
    -0.8228219747543335,
    0.5678377151489258
   ],
   [
    -0.5890616774559021,
    0.4700230658054352,
    0.6573314666748047
   ],
   [
    -0.8077636361122131,
    -0.3194405734539032,
    -0.4954549968242645
   ]
  ]
 },
 {
  "rotation_euler": [
   0.5936172008514404,
   -2.007314682006836,
   -0.06682544201612473
  ],
  "euler_order": "XYZ",
  "rotation_matrix": [
   [
    -0.42184320092201233,
    -0.450427770614624,
    -0.7868691682815552
   ],
   [
    0.028231896460056305,
    0.8609219789505005,
    -0.5079530477523804
   ],
   [
    0.9062291383743286,
    -0.2364913523197174,
    -0.35045766830444336
   ]
  ]
 },
 {
  "rotation_euler": [
   0.49788594245910645,
   2.7417192459106445,
   0.9665795564651489
  ],
  "euler_order": "XYZ",
  "rotation_matrix": [
   [
    -0.5232990384101868,
    -0.6174131035804749,
    0.5873322486877441
   ],
   [
    -0.7580252289772034,
    0.65214604139328,
    0.010163921862840652
   ],
   [
    -0.38930174708366394,
    -0.439893901348114,
    -0.8092820644378662
   ]
  ]
 },
 {
  "rotation_euler": [
   0.5273874998092651,
   -2.5125198364257812,
   1.0208944082260132
  ],
  "euler_order": "XYZ",
  "rotation_matrix": [
   [
    -0.422563374042511,
    -0.8914884924888611,
    0.16336600482463837
   ],
   [
    -0.6893700957298279,
    0.1991247832775116,
    -0.6965042352676392
   ],
   [
    0.5883952975273132,
    -0.4069368243217468,
    -0.6987083554267883
   ]
  ]
 },
 {
  "rotation_euler": [
   0.9508875608444214,
   -1.7232942581176758,
   -0.6750447750091553
  ],
  "euler_order": "XYZ",
  "rotation_matrix": [
   [
    -0.11859102547168732,
    -0.26498374342918396,
    -0.9569324851036072
   ],
   [
    0.09493193030357361,
    0.9562929272651672,
    -0.2765713930130005
   ],
   [
    0.9883946776390076,
    -0.12364233285188675,
    -0.08825234323740005
   ]
  ]
 },
 {
  "rotation_euler": [
   0.5566713213920593,
   2.2849178314208984,
   0.9777445197105408
  ],
  "euler_order": "XYZ",
  "rotation_matrix": [
   [
    -0.36604994535446167,
    -0.4808908998966217,
    0.7967128753662109
   ],
   [
    -0.5431131720542908,
    0.8055998086929321,
    0.236721470952034
   ],
   [
    -0.7556688785552979,
    -0.3460533916950226,
    -0.556067943572998
   ]
  ]
 },
 {
  "rotation_euler": [
   -2.588717222213745,
   -0.790742814540863,
   -1.1551194190979004
  ],
  "euler_order": "XYZ",
  "rotation_matrix": [
   [
    0.28400611877441406,
    -0.6278032660484314,
    0.7247092723846436
   ],
   [
    -0.6434251666069031,
    -0.6851662397384644,
    -0.3413960933685303
   ],
   [
    0.710875928401947,
    -0.36933761835098267,
    -0.5985358357429504
   ]
  ]
 },
 {
  "rotation_euler": [
   0.7430593967437744,
   1.7195940017700195,
   -0.9949561953544617
  ],
  "euler_order": "XYZ",
  "rotation_matrix": [
   [
    -0.08072756230831146,
    0.981980562210083,
    -0.17087209224700928
   ],
   [
    0.12434180825948715,
    -0.16017083823680878,
    -0.9792264103889465
   ],
   [
    -0.9889500141143799,
    -0.10029710829257965,
    -0.10917103290557861
   ]
  ]
 },
 {
  "rotation_euler": [
   0.5523959398269653,
   2.308438301086426,
   -1.7880831956863403
  ],
  "euler_order": "XYZ",
  "rotation_matrix": [
   [
    0.14498792588710785,
    0.7475366592407227,
    -0.6482032537460327
   ],
   [
    0.6567304730415344,
    -0.5627150535583496,
    -0.5020526647567749
   ],
   [
    -0.7400565147399902,
    -0.35290324687957764,
    -0.5725169777870178
   ]
  ]
 },
 {
  "rotation_euler": [
   -2.578099250793457,
   -0.8478314280509949,
   -0.28421545028686523
  ],
  "euler_order": "XYZ",
  "rotation_matrix": [
   [
    0.6350682377815247,
    0.14740492403507233,
    0.7582612633705139
   ],
   [
    -0.18551862239837646,
    -0.9237878918647766,
    0.3349609076976776
   ],
   [
    0.749847412109375,
    -0.35339462757110596,
    -0.5593219995498657
   ]
  ]
 },
 {
  "rotation_euler": [
   0.5664929747581482,
   2.2344436645507812,
   1.1879122257232666
  ],
  "euler_order": "XYZ",
  "rotation_matrix": [
   [
    -0.23013374209403992,
    -0.624745786190033,
    0.74614417552948
   ],
   [
    -0.5713906288146973,
    0.7073919177055359,
    0.41606420278549194
   ],
   [
    -0.7877507209777832,
    -0.3305893838405609,
    -0.5197686553001404
   ]
  ]
 },
 {
  "rotation_euler": [
   -2.543287515640259,
   -1.0683547258377075,
   -0.0585465244948864
  ],
  "euler_order": "XYZ",
  "rotation_matrix": [
   [
    0.4807417094707489,
    0.4444366693496704,
    0.7558858394622803
   ],
   [
    -0.028177959844470024,
    -0.8537595868110657,
    0.519904375076294
   ],
   [
    0.8764093518257141,
    -0.2712390422821045,
    -0.3979145288467407
   ]
  ]
 },
 {
  "rotation_euler": [
   0.5739074945449829,
   1.9714425802230835,
   -0.1765851527452469
  ],
  "euler_order": "XYZ",
  "rotation_matrix": [
   [
    -0.38394853472709656,
    0.6396735906600952,
    0.6658837795257568
   ],
   [
    0.06851322948932648,
    0.7389057278633118,
    -0.6703165769577026
   ],
   [
    -0.9208091497421265,
    -0.2117452174425125,
    -0.32752785086631775
   ]
  ]
 },
 {
  "rotation_euler": [
   0.6006646752357483,
   2.0719501972198486,
   -1.4441450834274292
  ],
  "euler_order": "XYZ",
  "rotation_matrix": [
   [
    -0.06068550795316696,
    0.880964457988739,
    -0.4692748486995697
   ],
   [
    0.47658973932266235,
    -0.3875153362751007,
    -0.7891096472740173
   ],
   [
    -0.87702876329422,
    -0.2715390920639038,
    -0.39634206891059875
   ]
  ]
 },
 {
  "rotation_euler": [
   -2.541792154312134,
   -1.0242100954055786,
   -0.6790531277656555
  ],
  "euler_order": "XYZ",
  "rotation_matrix": [
   [
    0.4044712781906128,
    -0.14316794276237488,
    0.9032751321792603
   ],
   [
    -0.32644733786582947,
    -0.9452083706855774,
    -0.0036367273423820734
   ],
   [
    0.8543038964271545,
    -0.2934008240699768,
    -0.4290464222431183
   ]
  ]
 }
]