[
 {
  "rotation_euler": [
   -1.3101192712783813,
   -0.0572718121111393,
   -2.131181001663208
  ],
  "euler_order": "XYZ",
  "rotation_matrix": [
   [
    -0.5306406021118164,
    0.18891827762126923,
    0.8262750506401062
   ],
   [
    -0.8456618785858154,
    -0.18383671343326569,
    -0.5010588765144348
   ],
   [
    0.05724050849676132,
    -0.9646314978599548,
    0.25731220841407776
   ]
  ]
 },
 {
  "rotation_euler": [
   -0.9087010622024536,
   -0.3249729573726654,
   0.26058870553970337
  ],
  "euler_order": "XYZ",
  "rotation_matrix": [
   [
    0.9156649112701416,
    0.08492331951856613,
    -0.39286863803863525
   ],
   [
    0.2441638857126236,
    0.6588965654373169,
    0.7115049958229065
   ],
   [
    0.3192831575870514,
    -0.7474244832992554,
    0.5825932621955872
   ]
  ]
 },
 {
  "rotation_euler": [
   2.964028111493433e-12,
   6.82762819805699e-13,
   -0.22425851225852966
  ],
  "euler_order": "XYZ",
  "rotation_matrix": [
   [
    0.9749592542648315,
    0.2223834991455078,
    6.514985677541973e-15
   ],
   [
    -0.2223834991455078,
    0.9749592542648315,
    -3.0416418082129804e-12
   ],
   [
    -6.82762819805699e-13,
    2.964028111493433e-12,
    1.0
   ]
  ]
 },
 {
  "rotation_euler": [
   -1.1164506673812866,
   1.1668130159378052,
   -2.368178129196167
  ],
  "euler_order": "XYZ",
  "rotation_matrix": [
   [
    -0.2812632918357849,
    0.897773027420044,
    0.33896100521087646
   ],
   [
    -0.27460169792175293,
    0.26315346360206604,
    -0.924848198890686
   ],
   [
    -0.9195024967193604,
    -0.3532051146030426,
    0.17251457273960114
   ]
  ]
 },
 {
  "rotation_euler": [
   1.5804331302642822,
   0.14799074828624725,
   2.0417776107788086
  ],
  "euler_order": "XYZ",
  "rotation_matrix": [
   [
    -0.44880104064941406,
    -0.05831701308488846,
    0.8917268514633179
   ],
   [
    0.8813828825950623,
    0.13576380908489227,
    0.45247364044189453
   ],
   [
    -0.14745114743709564,
    0.9890233874320984,
    -0.00953131914138794
   ]
  ]
 },
 {
  "rotation_euler": [
   -0.17876356840133667,
   0.6434558033943176,
   1.8768303394317627
  ],
  "euler_order": "XYZ",
  "rotation_matrix": [
   [
    -0.24103163182735443,
    -0.9061998128890991,
    -0.34742724895477295
   ],
   [
    0.7628546953201294,
    -0.39820271730422974,
    0.5093989968299866
   ],
   [
    -0.5999637842178345,
    -0.14225521683692932,
    0.7872781753540039
   ]
  ]
 },
 {
  "rotation_euler": [
   1.3693343334231223e-11,
   2.690230850588282e-11,
   -3.117666482925415
  ],
  "euler_order": "XYZ",
  "rotation_matrix": [
   [
    -0.9997137784957886,
    0.02392388880252838,
    -2.722220712736423e-11
   ],
   [
    -0.02392388880252838,
    -0.9997137784957886,
    1.3045816163459456e-11
   ],
   [
    -2.690230850588282e-11,
    1.3693343334231223e-11,
    1.0
   ]
  ]
 },
 {
  "rotation_euler": [
   6.954281417392849e-08,
   8.165007869820329e-08,
   -0.7749629020690918
  ],
  "euler_order": "XYZ",
  "rotation_matrix": [
   [
    0.7144469618797302,
    0.6996895670890808,
    9.67627133974247e-09
   ],
   [
    -0.6996895670890808,
    0.7144469618797302,
    -1.0681436179993398e-07
   ],
   [
    -8.165007869820329e-08,
    6.954281417392849e-08,
    1.0
   ]
  ]
 },
 {
  "rotation_euler": [
   0.7903628349304199,
   0.6611684560775757,
   -1.8060837984085083
  ],
  "euler_order": "XYZ",
  "rotation_matrix": [
   [
    -0.18399786949157715,
    0.5824807286262512,
    -0.7917455434799194
   ],
   [
    -0.7675286531448364,
    -0.5883415341377258,
    -0.25446808338165283
   ],
   [
    -0.6140394806861877,
    0.5608658194541931,
    0.5553242564201355
   ]
  ]
 },
 {
  "rotation_euler": [
   0.6472830772399902,
   0.6973231434822083,
   2.2233831882476807
  ],
  "euler_order": "XYZ",
  "rotation_matrix": [
   [
    -0.4654911458492279,
    -0.8689547181129456,
    0.16803491115570068
   ],
   [
    0.609046995639801,
    -0.17674458026885986,
    0.7731902003288269
   ],
   [
    -0.6421679854393005,
    0.4622543454170227,
    0.6115072965621948
   ]
  ]
 },
 {
  "rotation_euler": [
   -0.09406916052103043,
   -3.0785062313079834,
   -1.3467729091644287
  ],
  "euler_order": "XYZ",
  "rotation_matrix": [
   [
    -0.2217123657464981,
    0.9720163345336914,
    0.07763960212469101
   ],
   [
    0.9730719327926636,
    0.21539826691150665,
    0.08206448704004288
   ],
   [
    0.06304458528757095,
    0.09374362975358963,
    -0.9935982823371887
   ]
  ]
 },
 {
  "rotation_euler": [
   -3.8242498703766614e-05,
   2.4185870643123053e-05,
   1.4839192628860474
  ],
  "euler_order": "XYZ",
  "rotation_matrix": [
   [
    0.08676782250404358,
    -0.9962285757064819,
    -3.599971387302503e-05
   ],
   [
    0.9962285757064819,
    0.08676781505346298,
    2.7412872441345826e-05
   ],
   [
    -2.4185870643123053e-05,
    -3.8242498703766614e-05,
    1.0
   ]
  ]
 },
 {
  "rotation_euler": [
   1.5462580919265747,
   0.4115750193595886,
   1.8518728017807007
  ],
  "euler_order": "XYZ",
  "rotation_matrix": [
   [
    -0.2542257308959961,
    -0.1345103234052658,
    0.9577454328536987
   ],
   [
    0.8805263638496399,
    0.3774324953556061,
    0.28673696517944336
   ],
   [
    -0.40005332231521606,
    0.9162159562110901,
    0.022486835718154907
   ]
  ]
 },
 {
  "rotation_euler": [
   -0.824730634689331,
   2.0899136066436768,
   0.31611183285713196
  ],
  "euler_order": "XYZ",
  "rotation_matrix": [
   [
    -0.47153210639953613,
    -0.8170315623283386,
    0.3318386673927307
   ],
   [
    -0.15422861278057098,
    0.4469049572944641,
    0.8811864256858826
   ],
   [
    -0.868257462978363,
    0.36432868242263794,
    -0.3367396891117096
   ]
  ]
 },
 {
  "rotation_euler": [
   3.9586343092423704e-08,
   2.638553553424572e-07,
   2.214327573776245
  ],
  "euler_order": "XYZ",
  "rotation_matrix": [
   [
    -0.6000241041183472,
    -0.7999818921089172,
    -1.2665121573718352e-07
   ],
   [
    0.7999818921089172,
    -0.6000241041183472,
    2.3483227096221526e-07
   ],
   [
    -2.638553553424572e-07,
    3.9586343092423704e-08,
    1.0
   ]
  ]
 },
 {
  "rotation_euler": [
   -9.938030416378751e-06,
   3.3051898640223953e-07,
   -1.2735111713409424
  ],
  "euler_order": "XYZ",
  "rotation_matrix": [
   [
    0.29292553663253784,
    0.9561352729797363,
    9.598918950359803e-06
   ],
   [
    -0.9561352729797363,
    0.29292553663253784,
    2.5950819235731615e-06
   ],
   [
    -3.3051898640223953e-07,
    -9.938030416378751e-06,
    1.0
   ]
  ]
 }
]