[
 {
  "rotation_euler": [
   0.0010852394625544548,
   -6.780782655368967e-07,
   2.149094820022583
  ],
  "euler_order": "XYZ",
  "rotation_matrix": [
   [
    -0.5465999245643616,
    -0.8373934030532837,
    0.0009091433603316545
   ],
   [
    0.8373938798904419,
    -0.5465995669364929,
    0.0005926238372921944
   ],
   [
    6.780782655368967e-07,
    0.0010852392297238111,
    0.9999994039535522
   ]
  ]
 },
 {
  "rotation_euler": [
   0.001085897209122777,
   -7.333428584388457e-07,
   1.827408790588379
  ],
  "euler_order": "XYZ",
  "rotation_matrix": [
   [
    -0.25380539894104004,
    -0.9672547578811646,
    0.001050525694154203
   ],
   [
    0.9672552943229675,
    -0.2538052499294281,
    0.0002748972037807107
   ],
   [
    7.333428584388457e-07,
    0.0010858969762921333,
    0.9999994039535522
   ]
  ]
 },
 {
  "rotation_euler": [
   0.0010858927853405476,
   2.2538094412993814e-07,
   2.739027500152588
  ],
  "euler_order": "XYZ",
  "rotation_matrix": [
   [
    -0.9200590252876282,
    -0.39177948236465454,
    0.0004252233193255961
   ],
   [
    0.39177972078323364,
    -0.9200584888458252,
    0.000999173615127802
   ],
   [
    -2.2538094412993814e-07,
    0.001085892552509904,
    0.9999994039535522
   ]
  ]
 },
 {
  "rotation_euler": [
   0.0010853877756744623,
   -9.86586201179307e-07,
   2.933950662612915
  ],
  "euler_order": "XYZ",
  "rotation_matrix": [
   [
    -0.9785197377204895,
    -0.2061529904603958,
    0.0002247214288217947
   ],
   [
    0.20615310966968536,
    -0.9785191416740417,
    0.0010618697851896286
   ],
   [
    9.86586201179307e-07,
    0.0010853875428438187,
    0.9999994039535522
   ]
  ]
 },
 {
  "rotation_euler": [
   0.0010855362052097917,
   -6.879234888401697e-07,
   1.916268229484558
  ],
  "euler_order": "XYZ",
  "rotation_matrix": [
   [
    -0.3386407494544983,
    -0.9409152269363403,
    0.0010216308292001486
   ],
   [
    0.9409157633781433,
    -0.3386405408382416,
    0.0003669594298116863
   ],
   [
    6.879234888401697e-07,
    0.001085535972379148,
    0.9999994039535522
   ]
  ]
 },
 {
  "rotation_euler": [
   0.0010857990710064769,
   2.0388134203130903e-07,
   0.030984999611973763
  ],
  "euler_order": "XYZ",
  "rotation_matrix": [
   [
    0.9995200037956238,
    -0.030980022624135017,
    3.384187584742904e-05
   ],
   [
    0.03098004125058651,
    0.999519407749176,
    -0.0010852713603526354
   ],
   [
    -2.0388134203130903e-07,
    0.0010857988381758332,
    0.9999994039535522
   ]
  ]
 },
 {
  "rotation_euler": [
   0.0010854605352506042,
   -4.16627692345628e-08,
   1.9680860042572021
  ],
  "euler_order": "XYZ",
  "rotation_matrix": [
   [
    -0.3869205415248871,
    -0.9221125245094299,
    0.001000933232717216
   ],
   [
    0.9221130609512329,
    -0.386920303106308,
    0.00041994848288595676
   ],
   [
    4.16627692345628e-08,
    0.0010854603024199605,
    0.9999994039535522
   ]
  ]
 },
 {
  "rotation_euler": [
   0.0010857817251235247,
   3.9441894728042826e-07,
   -0.04298310726881027
  ],
  "euler_order": "XYZ",
  "rotation_matrix": [
   [
    0.9990763664245605,
    0.042969848960638046,
    -4.626184090739116e-05
   ],
   [
    -0.04296987131237984,
    0.9990757703781128,
    -0.0010847955709323287
   ],
   [
    -3.9441894728042826e-07,
    0.001085781492292881,
    0.9999994039535522
   ]
  ]
 },
 {
  "rotation_euler": [
   0.0010852181585505605,
   8.30181022593024e-07,
   1.2689902782440186
  ],
  "euler_order": "XYZ",
  "rotation_matrix": [
   [
    0.2972451150417328,
    -0.9548006653785706,
    0.0010364141780883074
   ],
   [
    0.9548012018203735,
    0.29724493622779846,
    -0.0003217830671928823
   ],
   [
    -8.30181022593024e-07,
    0.0010852179257199168,
    0.9999994039535522
   ]
  ]
 },
 {
  "rotation_euler": [
   0.0010860804468393326,
   1.4581030427507358e-06,
   -0.5978678464889526
  ],
  "euler_order": "XYZ",
  "rotation_matrix": [
   [
    0.8265376687049866,
    0.5628811120986938,
    -0.0006101292674429715
   ],
   [
    -0.5628814697265625,
    0.8265371322631836,
    -0.0008985069580376148
   ],
   [
    -1.4581030427507358e-06,
    0.001086080214008689,
    0.9999994039535522
   ]
  ]
 },
 {
  "rotation_euler": [
   0.00108617905061692,
   9.046049854077864e-06,
   -1.849084496498108
  ],
  "euler_order": "XYZ",
  "rotation_matrix": [
   [
    -0.274710088968277,
    0.9615265130996704,
    -0.0010468753753229976
   ],
   [
    -0.9615271091461182,
    -0.27470993995666504,
    0.000289686257019639
   ],
   [
    -9.046049854077864e-06,
    0.0010861788177862763,
    0.9999994039535522
   ]
  ]
 },
 {
  "rotation_euler": [
   0.001085511757992208,
   -4.273931608622661e-07,
   2.819117784500122
  ],
  "euler_order": "XYZ",
  "rotation_matrix": [
   [
    -0.9484540224075317,
    -0.3169146478176117,
    0.00034442005562596023
   ],
   [
    0.316914826631546,
    -0.948453426361084,
    0.0010294222738593817
   ],
   [
    4.273931608622661e-07,
    0.0010855115251615644,
    0.9999994039535522
   ]
  ]
 },
 {
  "rotation_euler": [
   0.0010858738096430898,
   -7.211041975097032e-06,
   -0.4282248616218567
  ],
  "euler_order": "XYZ",
  "rotation_matrix": [
   [
    0.909704327583313,
    0.4152563512325287,
    -0.000457476096926257
   ],
   [
    -0.4152566194534302,
    0.90970379114151,
    -0.0009848295012488961
   ],
   [
    7.211041975097032e-06,
    0.0010858735768124461,
    0.9999994039535522
   ]
  ]
 },
 {
  "rotation_euler": [
   0.0010856512235477567,
   5.110500183036493e-07,
   1.6464508771896362
  ],
  "euler_order": "XYZ",
  "rotation_matrix": [
   [
    -0.07558239996433258,
    -0.9971389770507812,
    0.001082506962120533
   ],
   [
    0.997139573097229,
    -0.075582355260849,
    8.256569708464667e-05
   ],
   [
    -5.110500183036493e-07,
    0.001085650990717113,
    0.9999994039535522
   ]
  ]
 },
 {
  "rotation_euler": [
   0.0010857325978577137,
   1.4559053624907392e-06,
   -0.721904456615448
  ],
  "euler_order": "XYZ",
  "rotation_matrix": [
   [
    0.7505486011505127,
    0.6608148813247681,
    -0.0007163757691159844
   ],
   [
    -0.6608152389526367,
    0.7505481243133545,
    -0.0008158570271916687
   ],
   [
    -1.4559053624907392e-06,
    0.00108573236502707,
    0.9999994039535522
   ]
  ]
 },
 {
  "rotation_euler": [
   0.001085498952306807,
   -7.33544879949477e-07,
   2.529059886932373
  ],
  "euler_order": "XYZ",
  "rotation_matrix": [
   [
    -0.8181944489479065,
    -0.5749412775039673,
    0.0006246985867619514
   ],
   [
    0.5749415755271912,
    -0.8181939721107483,
    0.000887727306690067
   ],
   [
    7.33544879949477e-07,
    0.0010854987194761634,
    0.9999994039535522
   ]
  ]
 }
]