[
 {
  "rotation_euler": [
   1.5418287515640259,
   0.39620596170425415,
   0.4775782823562622
  ],
  "euler_order": "XYZ",
  "rotation_matrix": [
   [
    0.8193103075027466,
    0.3292842507362366,
    0.4693639278411865
   ],
   [
    0.4240230917930603,
    0.20302918553352356,
    -0.8826004862785339
   ],
   [
    -0.38592100143432617,
    0.9221447706222534,
    0.026719773188233376
   ]
  ]
 },
 {
  "rotation_euler": [
   -1.5322678089141846,
   0.3980046212673187,
   2.4852492809295654
  ],
  "euler_order": "XYZ",
  "rotation_matrix": [
   [
    -0.7303052544593811,
    0.28331875801086426,
    -0.621598482131958
   ],
   [
    0.5625266432762146,
    -0.2668507993221283,
    -0.7825307846069336
   ],
   [
    -0.38757970929145813,
    -0.9211520552635193,
    0.03550819680094719
   ]
  ]
 },
 {
  "rotation_euler": [
   1.458406925201416,
   0.39423057436943054,
   1.1712945699691772
  ],
  "euler_order": "XYZ",
  "rotation_matrix": [
   [
    0.35912322998046875,
    0.045134469866752625,
    0.932198166847229
   ],
   [
    0.8505876064300537,
    0.3952425420284271,
    -0.3468198776245117
   ],
   [
    -0.3840979039669037,
    0.9174672961235046,
    0.10354995727539062
   ]
  ]
 },
 {
  "rotation_euler": [
   -1.4295940399169922,
   0.3966160714626312,
   -0.7754350900650024
  ],
  "euler_order": "XYZ",
  "rotation_matrix": [
   [
    0.6586821675300598,
    -0.17459994554519653,
    0.7318829894065857
   ],
   [
    -0.6456862092018127,
    0.3682286739349365,
    0.6689521670341492
   ],
   [
    -0.3862993121147156,
    -0.9131935834884644,
    0.12980888783931732
   ]
  ]
 },
 {
  "rotation_euler": [
   -1.3968502283096313,
   0.3976978063583374,
   2.11820125579834
  ],
  "euler_order": "XYZ",
  "rotation_matrix": [
   [
    -0.4798528254032135,
    0.05075480788946152,
    -0.87587970495224
   ],
   [
    0.7872372269630432,
    -0.41579219698905945,
    -0.455383837223053
   ],
   [
    -0.3872968554496765,
    -0.908042311668396,
    0.15956297516822815
   ]
  ]
 },
 {
  "rotation_euler": [
   -1.46139395236969,
   0.39702552556991577,
   -0.8706138730049133
  ],
  "euler_order": "XYZ",
  "rotation_matrix": [
   [
    0.5942360758781433,
    -0.16417260468006134,
    0.7873569130897522
   ],
   [
    -0.7052407264709473,
    0.36428722739219666,
    0.6082190275192261
   ],
   [
    -0.38667693734169006,
    -0.9167017936706543,
    0.10069139301776886
   ]
  ]
 },
 {
  "rotation_euler": [
   1.5366742610931396,
   0.3959381580352783,
   1.303096055984497
  ],
  "euler_order": "XYZ",
  "rotation_matrix": [
   [
    0.24405020475387573,
    0.06905658543109894,
    0.9673007130622864
   ],
   [
    0.8897725343704224,
    0.38074442744255066,
    -0.25167155265808105
   ],
   [
    -0.3856739401817322,
    0.9220981001853943,
    0.031476106494665146
   ]
  ]
 },
 {
  "rotation_euler": [
   -1.5317347049713135,
   0.39820143580436707,
   1.9433883428573608
  ],
  "euler_order": "XYZ",
  "rotation_matrix": [
   [
    -0.3355490267276764,
    0.10467709600925446,
    -0.9361888766288757
   ],
   [
    0.8585150837898254,
    -0.3750961720943451,
    -0.3496493995189667
   ],
   [
    -0.38776111602783203,
    -0.9210567474365234,
    0.03599628061056137
   ]
  ]
 },
 {
  "rotation_euler": [
   -1.5192363262176514,
   0.3980153799057007,
   -2.5139172077178955
  ],
  "euler_order": "XYZ",
  "rotation_matrix": [
   [
    -0.7461260557174683,
    0.3435620963573456,
    0.5703165531158447
   ],
   [
    -0.541359543800354,
    0.1856013685464859,
    -0.8200500011444092
   ],
   [
    -0.38758963346481323,
    -0.9206069707870483,
    0.047508604824543
   ]
  ]
 },
 {
  "rotation_euler": [
   -1.6084117889404297,
   2.7462360858917236,
   0.3121289908885956
  ],
  "euler_order": "XYZ",
  "rotation_matrix": [
   [
    -0.8782685399055481,
    -0.35472047328948975,
    -0.3206520974636078
   ],
   [
    -0.2833966612815857,
    -0.15397590398788452,
    0.9465610384941101
   ],
   [
    -0.38513728976249695,
    0.922206461429596,
    0.034705594182014465
   ]
  ]
 },
 {
  "rotation_euler": [
   1.6111834049224854,
   2.7439677715301514,
   0.1021437793970108
  ],
  "euler_order": "XYZ",
  "rotation_matrix": [
   [
    -0.9171777963638306,
    0.38901421427726746,
    0.08632977306842804
   ],
   [
    -0.09401118755340576,
    -0.0007134972256608307,
    -0.9955708980560303
   ],
   [
    -0.3872296214103699,
    -0.9212315082550049,
    0.03722608834505081
   ]
  ]
 },
 {
  "rotation_euler": [
   1.5956096649169922,
   0.3942626416683197,
   0.8569850921630859
  ],
  "euler_order": "XYZ",
  "rotation_matrix": [
   [
    0.604489266872406,
    0.2701720595359802,
    0.7493996024131775
   ],
   [
    0.6978816390037537,
    0.2740177810192108,
    -0.6617216467857361
   ],
   [
    -0.38412749767303467,
    0.9229958653450012,
    -0.022907309234142303
   ]
  ]
 },
 {
  "rotation_euler": [
   -1.4745151996612549,
   0.397615522146225,
   -0.3261372745037079
  ],
  "euler_order": "XYZ",
  "rotation_matrix": [
   [
    0.8733862042427063,
    -0.33431100845336914,
    0.3541647493839264
   ],
   [
    -0.2953920066356659,
    0.21455073356628418,
    0.930973470211029
   ],
   [
    -0.38722097873687744,
    -0.9177168011665344,
    0.08863285183906555
   ]
  ]
 },
 {
  "rotation_euler": [
   -1.518803358078003,
   0.39800676703453064,
   -2.296549081802368
  ],
  "euler_order": "XYZ",
  "rotation_matrix": [
   [
    -0.6118209362030029,
    0.2957630753517151,
    0.7336207032203674
   ],
   [
    -0.6895328760147095,
    0.25502723455429077,
    -0.6778683662414551
   ],
   [
    -0.3875816762447357,
    -0.9205896854400635,
    0.04790736734867096
   ]
  ]
 },
 {
  "rotation_euler": [
   -1.5953049659729004,
   2.7453949451446533,
   0.347792387008667
  ],
  "euler_order": "XYZ",
  "rotation_matrix": [
   [
    -0.8673004508018494,
    -0.35434651374816895,
    -0.34961187839508057
   ],
   [
    -0.31442132592201233,
    -0.1545276790857315,
    0.9366217851638794
   ],
   [
    -0.3859134018421173,
    0.9222579598426819,
    0.022607814520597458
   ]
  ]
 },
 {
  "rotation_euler": [
   -1.466787576675415,
   0.3973814845085144,
   -2.3613314628601074
  ],
  "euler_order": "XYZ",
  "rotation_matrix": [
   [
    -0.655348002910614,
    0.3466044068336487,
    0.6711068153381348
   ],
   [
    -0.6486493349075317,
    0.19698451459407806,
    -0.7351537942886353
   ],
   [
    -0.3870052099227905,
    -0.9170945882797241,
    0.09573131054639816
   ]
  ]
 }
]