[
 {
  "rotation_euler": [
   -1.2337181568145752,
   -0.763286292552948,
   -1.018092393875122
  ],
  "euler_order": "XYZ",
  "rotation_matrix": [
   [
    0.37934136390686035,
    0.6239900588989258,
    0.6831811666488647
   ],
   [
    -0.6149835586547852,
    -0.3816295862197876,
    0.6900392174720764
   ],
   [
    0.6912997364997864,
    -0.6819056272506714,
    0.23897574841976166
   ]
  ]
 },
 {
  "rotation_euler": [
   1.3106765747070312,
   0.32344740629196167,
   -1.322137713432312
  ],
  "euler_order": "XYZ",
  "rotation_matrix": [
   [
    0.23334240913391113,
    0.3248753845691681,
    -0.9165191054344177
   ],
   [
    -0.9189836382865906,
    -0.23440101742744446,
    -0.31705719232559204
   ],
   [
    -0.31783708930015564,
    0.9162489771842957,
    0.2438594549894333
   ]
  ]
 },
 {
  "rotation_euler": [
   1.327223300933838,
   0.13707533478736877,
   0.8062721490859985
  ],
  "euler_order": "XYZ",
  "rotation_matrix": [
   [
    0.6857008337974548,
    -0.08226259052753448,
    0.7232200503349304
   ],
   [
    0.7149420380592346,
    0.2626459002494812,
    -0.6479775905609131
   ],
   [
    -0.13664646446704865,
    0.9613792300224304,
    0.2389094978570938
   ]
  ]
 },
 {
  "rotation_euler": [
   0.7529570460319519,
   1.2413904666900635,
   0.7036470770835876
  ],
  "euler_order": "XYZ",
  "rotation_matrix": [
   [
    0.24665015935897827,
    0.02125737816095352,
    0.9688714146614075
   ],
   [
    0.20929305255413055,
    0.9749976396560669,
    -0.07467251271009445
   ],
   [
    -0.9462347030639648,
    0.2211960405111313,
    0.2360343188047409
   ]
  ]
 },
 {
  "rotation_euler": [
   -1.329740285873413,
   0.10068156570196152,
   -0.6381263732910156
  ],
  "euler_order": "XYZ",
  "rotation_matrix": [
   [
    0.7991456985473633,
    0.06381046026945114,
    0.5977410674095154
   ],
   [
    -0.5926749110221863,
    0.2498924285173416,
    0.7656959295272827
   ],
   [
    -0.10051155090332031,
    -0.9661687016487122,
    0.23751932382583618
   ]
  ]
 },
 {
  "rotation_euler": [
   1.8291159868240356,
   2.755127191543579,
   0.10692042857408524
  ],
  "euler_order": "XYZ",
  "rotation_matrix": [
   [
    -0.9209576845169067,
    0.3895915448665619,
    0.0074400585144758224
   ],
   [
    -0.09884614497423172,
    -0.2151087373495102,
    -0.9715748429298401
   ],
   [
    -0.37691691517829895,
    -0.895514726638794,
    0.23661567270755768
   ]
  ]
 },
 {
  "rotation_euler": [
   1.2987112998962402,
   0.44749924540519714,
   2.392862558364868
  ],
  "euler_order": "XYZ",
  "rotation_matrix": [
   [
    -0.6604207754135132,
    -0.48825809359550476,
    0.5704808831214905
   ],
   [
    0.6136810183525085,
    0.086848683655262,
    0.784762978553772
   ],
   [
    -0.4327123761177063,
    0.868367075920105,
    0.24227802455425262
   ]
  ]
 },
 {
  "rotation_euler": [
   -0.019993575289845467,
   -0.20811915397644043,
   1.3911972045898438
  ],
  "euler_order": "XYZ",
  "rotation_matrix": [
   [
    0.1747804433107376,
    -0.9829808473587036,
    -0.056572895497083664
   ],
   [
    0.9626837372779846,
    0.18266381323337555,
    -0.19968464970588684
   ],
   [
    0.2066200077533722,
    -0.019560836255550385,
    0.9782257080078125
   ]
  ]
 },
 {
  "rotation_euler": [
   1.3087389469146729,
   -0.3194621205329895,
   -0.7126366496086121
  ],
  "euler_order": "XYZ",
  "rotation_matrix": [
   [
    0.7183579802513123,
    -0.060127779841423035,
    -0.6930703520774841
   ],
   [
    -0.6207501292228699,
    0.3943505585193634,
    -0.6776111721992493
   ],
   [
    0.3140559494495392,
    0.9169908761978149,
    0.2459605485200882
   ]
  ]
 },
 {
  "rotation_euler": [
   -1.1869208812713623,
   0.8916743397712708,
   2.322981834411621
  ],
  "euler_order": "XYZ",
  "rotation_matrix": [
   [
    -0.4291475713253021,
    0.21947890520095825,
    -0.8761628866195679
   ],
   [
    0.4586443305015564,
    -0.7827154994010925,
    -0.420715868473053
   ],
   [
    -0.7781245112419128,
    -0.5823963284492493,
    0.23523768782615662
   ]
  ]
 },
 {
  "rotation_euler": [
   -0.7997770309448242,
   1.2299776077270508,
   -2.443588972091675
  ],
  "euler_order": "XYZ",
  "rotation_matrix": [
   [
    -0.2560846209526062,
    0.9657309651374817,
    -0.04224221035838127
   ],
   [
    -0.2148246467113495,
    -0.09946326911449432,
    -0.9715747237205505
   ],
   [
    -0.9424813389778137,
    -0.23973067104816437,
    0.23293383419513702
   ]
  ]
 },
 {
  "rotation_euler": [
   -1.1111544370651245,
   -0.988792896270752,
   -2.5955288410186768
  ],
  "euler_order": "XYZ",
  "rotation_matrix": [
   [
    -0.46975886821746826,
    -0.40940016508102417,
    0.7821241021156311
   ],
   [
    -0.28547361493110657,
    -0.7679135799407959,
    -0.5734226703643799
   ],
   [
    0.8353630304336548,
    -0.492646187543869,
    0.24386125802993774
   ]
  ]
 },
 {
  "rotation_euler": [
   0.7801217436790466,
   -1.2181999683380127,
   -2.1890456676483154
  ],
  "euler_order": "XYZ",
  "rotation_matrix": [
   [
    -0.20015977323055267,
    0.961846649646759,
    -0.18651311099529266
   ],
   [
    -0.2814120352268219,
    0.1259046345949173,
    0.9512913823127747
   ],
   [
    0.9384792447090149,
    0.24289730191230774,
    0.245474174618721
   ]
  ]
 },
 {
  "rotation_euler": [
   -1.2774993181228638,
   -0.5610517859458923,
   1.8246173858642578
  ],
  "euler_order": "XYZ",
  "rotation_matrix": [
   [
    -0.21260909736156464,
    -0.4077482521533966,
    -0.887997031211853
   ],
   [
    0.8195677995681763,
    0.42043861746788025,
    -0.38928133249282837
   ],
   [
    0.5320770144462585,
    -0.8105385303497314,
    0.2447882741689682
   ]
  ]
 },
 {
  "rotation_euler": [
   -0.7396705746650696,
   1.4512646198272705,
   1.197239637374878
  ],
  "euler_order": "XYZ",
  "rotation_matrix": [
   [
    0.04351680353283882,
    -0.9319704174995422,
    -0.35991308093070984
   ],
   [
    0.1110234186053276,
    -0.3535116910934448,
    0.9288182258605957
   ],
   [
    -0.9928646087646484,
    -0.0803779810667038,
    0.08808684349060059
   ]
  ]
 },
 {
  "rotation_euler": [
   1.3030439615249634,
   -0.38793817162513733,
   -1.6820504665374756
  ],
  "euler_order": "XYZ",
  "rotation_matrix": [
   [
    -0.10277463495731354,
    0.3034309446811676,
    -0.9472945928573608
   ],
   [
    -0.9199680089950562,
    0.33317315578460693,
    0.2065296471118927
   ],
   [
    0.3782806098461151,
    0.8927067518234253,
    0.244905024766922
   ]
  ]
 }
]