[
 {
  "rotation_euler": [
   -2.484069347381592,
   1.4636781215667725,
   -0.4511234164237976
  ],
  "euler_order": "XYZ",
  "rotation_matrix": [
   [
    0.09621762484312057,
    -0.8919435739517212,
    -0.4417904317378998
   ],
   [
    -0.04661179706454277,
    -0.44740045070648193,
    0.8931182622909546
   ],
   [
    -0.9942683577537537,
    -0.06534107029438019,
    -0.08462290465831757
   ]
  ]
 },
 {
  "rotation_euler": [
   0.7136445045471191,
   -1.6840617656707764,
   1.2135767936706543
  ],
  "euler_order": "XYZ",
  "rotation_matrix": [
   [
    -0.03952096775174141,
    -0.93568354845047,
    0.35061997175216675
   ],
   [
    -0.10588854551315308,
    -0.34499648213386536,
    -0.9326119422912598
   ],
   [
    0.9935923218727112,
    -0.07398436963558197,
    -0.08544357866048813
   ]
  ]
 },
 {
  "rotation_euler": [
   0.657522976398468,
   1.6779146194458008,
   0.3246658146381378
  ],
  "euler_order": "XYZ",
  "rotation_matrix": [
   [
    -0.10132811218500137,
    0.32342472672462463,
    0.9408129453659058
   ],
   [
    -0.03410457819700241,
    0.9439952373504639,
    -0.3281918466091156
   ],
   [
    -0.9942682981491089,
    -0.06534109264612198,
    -0.08462299406528473
   ]
  ]
 },
 {
  "rotation_euler": [
   0.6575226783752441,
   1.6779146194458008,
   -0.41009390354156494
  ],
  "euler_order": "XYZ",
  "rotation_matrix": [
   [
    -0.09804864972829819,
    0.8728411793708801,
    0.47805309295654297
   ],
   [
    0.042625948786735535,
    0.48361021280288696,
    -0.8742449283599854
   ],
   [
    -0.9942682981491089,
    -0.06534107029438019,
    -0.08462300896644592
   ]
  ]
 },
 {
  "rotation_euler": [
   -0.4808231294155121,
   0.0018741526873782277,
   -0.05670662969350815
  ],
  "euler_order": "XYZ",
  "rotation_matrix": [
   [
    0.9983908534049988,
    0.04938456043601036,
    0.02787225879728794
   ],
   [
    -0.056676141917705536,
    0.885238528251648,
    0.46167153120040894
   ],
   [
    -0.0018741516396403313,
    -0.46250832080841064,
    0.8866129517555237
   ]
  ]
 },
 {
  "rotation_euler": [
   -2.427948474884033,
   -1.4575308561325073,
   -0.5413029193878174
  ],
  "euler_order": "XYZ",
  "rotation_matrix": [
   [
    0.09686539322137833,
    0.1678946167230606,
    0.9810343980789185
   ],
   [
    -0.05823567882180214,
    -0.9830247759819031,
    0.1739853173494339
   ],
   [
    0.9935923218727112,
    -0.07398436218500137,
    -0.08544362336397171
   ]
  ]
 },
 {
  "rotation_euler": [
   0.6575219631195068,
   1.6779146194458008,
   -0.15825064480304718
  ],
  "euler_order": "XYZ",
  "rotation_matrix": [
   [
    -0.10557761788368225,
    0.7247961163520813,
    0.68082594871521
   ],
   [
    0.0168486088514328,
    0.6858579516410828,
    -0.7275403738021851
   ],
   [
    -0.9942682981491089,
    -0.06534100323915482,
    -0.0846230611205101
   ]
  ]
 },
 {
  "rotation_euler": [
   0.6575238704681396,
   1.6779143810272217,
   2.065847396850586
  ],
  "euler_order": "XYZ",
  "rotation_matrix": [
   [
    0.050792016088962555,
    -0.9851661324501038,
    0.16391418874263763
   ],
   [
    -0.09407778084278107,
    0.15867653489112854,
    0.9828382730484009
   ],
   [
    -0.9942683577537537,
    -0.0653410255908966,
    -0.08462274819612503
   ]
  ]
 },
 {
  "rotation_euler": [
   0.6575227975845337,
   1.6779145002365112,
   1.8964401483535767
  ],
  "euler_order": "XYZ",
  "rotation_matrix": [
   [
    0.03420362249016762,
    -0.9443111419677734,
    0.32727140188217163
   ],
   [
    -0.10129459947347641,
    0.32250118255615234,
    0.9411335587501526
   ],
   [
    -0.9942683577537537,
    -0.06534100323915482,
    -0.08462291210889816
   ]
  ]
 },
 {
  "rotation_euler": [
   0.657524585723877,
   1.6779146194458008,
   -0.9435268640518188
  ],
  "euler_order": "XYZ",
  "rotation_matrix": [
   [
    -0.06275144219398499,
    0.9974863529205322,
    -0.032913241535425186
   ],
   [
    0.08656076341867447,
    -0.027414387091994286,
    -0.9958693385124207
   ],
   [
    -0.9942682981491089,
    -0.06534122675657272,
    -0.08462288975715637
   ]
  ]
 },
 {
  "rotation_euler": [
   0.7136443257331848,
   -1.6840617656707764,
   2.2384800910949707
  ],
  "euler_order": "XYZ",
  "rotation_matrix": [
   [
    0.06998056918382645,
    -0.1909337341785431,
    0.9791052341461182
   ],
   [
    -0.08875253051519394,
    -0.9788108468055725,
    -0.18453282117843628
   ],
   [
    0.9935923218727112,
    -0.07398435473442078,
    -0.08544359356164932
   ]
  ]
 },
 {
  "rotation_euler": [
   -2.427948474884033,
   -1.4575309753417969,
   0.3000820577144623
  ],
  "euler_order": "XYZ",
  "rotation_matrix": [
   [
    0.10797256976366043,
    0.8448008298873901,
    0.5240739583969116
   ],
   [
    0.03340953588485718,
    -0.5299413800239563,
    0.8473758697509766
   ],
   [
    0.9935923218727112,
    -0.07398428022861481,
    -0.08544353395700455
   ]
  ]
 },
 {
  "rotation_euler": [
   0.7136437296867371,
   -1.6840617656707764,
   -0.12413560599088669
  ],
  "euler_order": "XYZ",
  "rotation_matrix": [
   [
    -0.11215370148420334,
    -0.5517901182174683,
    -0.8264074325561523
   ],
   [
    0.01399422436952591,
    0.8306949138641357,
    -0.556551992893219
   ],
   [
    0.9935923218727112,
    -0.0739843025803566,
    -0.0854436382651329
   ]
  ]
 },
 {
  "rotation_euler": [
   0.7136430144309998,
   -1.6840617656707764,
   1.9440343379974365
  ],
  "euler_order": "XYZ",
  "rotation_matrix": [
   [
    0.04121199995279312,
    -0.46677789092063904,
    0.8834137916564941
   ],
   [
    -0.10524192452430725,
    -0.8812744617462158,
    -0.4607379138469696
   ],
   [
    0.9935923218727112,
    -0.07398424297571182,
    -0.08544369041919708
   ]
  ]
 },
 {
  "rotation_euler": [
   0.6575232744216919,
   1.6779145002365112,
   1.7925606966018677
  ],
  "euler_order": "XYZ",
  "rotation_matrix": [
   [
    0.0235157310962677,
    -0.9057794809341431,
    0.42309635877609253
   ],
   [
    -0.10429522395133972,
    0.4186813235282898,
    0.9021244049072266
   ],
   [
    -0.9942683577537537,
    -0.0653410479426384,
    -0.08462287485599518
   ]
  ]
 },
 {
  "rotation_euler": [
   0.6575220227241516,
   1.6779143810272217,
   2.1786088943481445
  ],
  "euler_order": "XYZ",
  "rotation_matrix": [
   [
    0.06105532869696617,
    -0.9967643022537231,
    0.052279748022556305
   ],
   [
    -0.08776505291461945,
    0.046813420951366425,
    0.9950405955314636
   ],
   [
    -0.9942683577537537,
    -0.06534086912870407,
    -0.08462286740541458
   ]
  ]
 }
]