[
 {
  "rotation_euler": [
   -3.0473244190216064,
   1.4706871509552002,
   0.11428675800561905
  ],
  "euler_order": "XYZ",
  "rotation_matrix": [
   [
    0.09929006546735764,
    0.020485389977693558,
    -0.9948476552963257
   ],
   [
    0.011397204361855984,
    -0.9997459053993225,
    -0.019448762759566307
   ],
   [
    -0.994993269443512,
    -0.009407412260770798,
    -0.09949830919504166
   ]
  ]
 },
 {
  "rotation_euler": [
   -0.0059940507635474205,
   0.0020026424899697304,
   -2.181887149810791
  ],
  "euler_order": "XYZ",
  "rotation_matrix": [
   [
    -0.5737600326538086,
    0.8190147876739502,
    0.0037602167576551437
   ],
   [
    -0.8190209865570068,
    -0.57374107837677,
    -0.00507931225001812
   ],
   [
    -0.0020026410929858685,
    -0.005994002800434828,
    0.9999800324440002
   ]
  ]
 },
 {
  "rotation_euler": [
   0.0741645097732544,
   1.6617037057876587,
   1.814449429512024
  ],
  "euler_order": "XYZ",
  "rotation_matrix": [
   [
    0.02190115861594677,
    -0.9855973720550537,
    -0.16768485307693481
   ],
   [
    -0.08810079842805862,
    -0.16897521913051605,
    0.9816749095916748
   ],
   [
    -0.9958707690238953,
    -0.0067266481928527355,
    -0.09053266793489456
   ]
  ]
 },
 {
  "rotation_euler": [
   -0.2063523530960083,
   -1.5860059261322021,
   2.0402958393096924
  ],
  "euler_order": "XYZ",
  "rotation_matrix": [
   [
    0.006881165783852339,
    -0.9655653834342957,
    0.26006942987442017
   ],
   [
    -0.013563319109380245,
    -0.2601417899131775,
    -0.9654751420021057
   ],
   [
    0.999884307384491,
    0.00311618996784091,
    -0.014886350370943546
   ]
  ]
 },
 {
  "rotation_euler": [
   -0.005427240394055843,
   0.04868405684828758,
   -0.812176525592804
  ],
  "euler_order": "XYZ",
  "rotation_matrix": [
   [
    0.6871052980422974,
    0.7255938053131104,
    0.03741602972149849
   ],
   [
    -0.724926233291626,
    0.6881019473075867,
    -0.03158624842762947
   ],
   [
    -0.04866482689976692,
    -0.005420783534646034,
    0.9988004565238953
   ]
  ]
 },
 {
  "rotation_euler": [
   0.015834083780646324,
   -1.6286216974258423,
   0.7898973822593689
  ],
  "euler_order": "XYZ",
  "rotation_matrix": [
   [
    -0.04068164899945259,
    -0.721318781375885,
    -0.6914073824882507
   ],
   [
    -0.04104937985539436,
    0.6926025748252869,
    -0.7201504111289978
   ],
   [
    0.9983285665512085,
    -0.0009150633704848588,
    -0.05778590589761734
   ]
  ]
 },
 {
  "rotation_euler": [
   0.39006850123405457,
   -1.5605700016021729,
   0.963699221611023
  ],
  "euler_order": "XYZ",
  "rotation_matrix": [
   [
    0.005833870731294155,
    -0.9765302538871765,
    -0.2153012901544571
   ],
   [
    0.00839881133288145,
    0.21534521877765656,
    -0.9765018820762634
   ],
   [
    0.999947726726532,
    0.003888510400429368,
    0.00945798959583044
   ]
  ]
 },
 {
  "rotation_euler": [
   -0.005992420017719269,
   0.0019908298272639513,
   -1.9450129270553589
  ],
  "euler_order": "XYZ",
  "rotation_matrix": [
   [
    -0.3655427396297455,
    0.930781900882721,
    0.004849955439567566
   ],
   [
    -0.9307924509048462,
    -0.3655257821083069,
    -0.004043495282530785
   ],
   [
    -0.0019908284302800894,
    -0.005992372054606676,
    0.999980092048645
   ]
  ]
 },
 {
  "rotation_euler": [
   0.09705181419849396,
   1.5245389938354492,
   -2.8708913326263428
  ],
  "euler_order": "XYZ",
  "rotation_matrix": [
   [
    -0.044556912034749985,
    0.1728779822587967,
    -0.9839348793029785
   ],
   [
    -0.012365137226879597,
    -0.984933078289032,
    -0.17249341309070587
   ],
   [
    -0.9989303350448608,
    0.004480715375393629,
    0.04602323845028877
   ]
  ]
 },
 {
  "rotation_euler": [
   0.09734012931585312,
   1.525932788848877,
   2.126512050628662
  ],
  "euler_order": "XYZ",
  "rotation_matrix": [
   [
    -0.02365988679230213,
    -0.8967208862304688,
    -0.44196367263793945
   ],
   [
    0.038099825382232666,
    -0.44257503747940063,
    0.8959217071533203
   ],
   [
    -0.9989938139915466,
    0.0043586669489741325,
    0.044636186212301254
   ]
  ]
 },
 {
  "rotation_euler": [
   0.08130460977554321,
   1.5061860084533691,
   2.6608879566192627
  ],
  "euler_order": "XYZ",
  "rotation_matrix": [
   [
    -0.057248134166002274,
    -0.5327372550964355,
    -0.8443421721458435
   ],
   [
    0.02985529601573944,
    -0.8462644219398499,
    0.5319259166717529
   ],
   [
    -0.9979134798049927,
    0.005243680905550718,
    0.06435208767652512
   ]
  ]
 },
 {
  "rotation_euler": [
   0.052713025361299515,
   -1.5175361633300781,
   -2.5304911136627197
  ],
  "euler_order": "XYZ",
  "rotation_matrix": [
   [
    -0.043600331991910934,
    0.6160646677017212,
    0.7864879965782166
   ],
   [
    -0.030544638633728027,
    -0.7876905798912048,
    0.6153134107589722
   ],
   [
    0.9985820055007935,
    0.0028048779349774122,
    0.05316104367375374
   ]
  ]
 },
 {
  "rotation_euler": [
   0.03705078363418579,
   -1.6502389907836914,
   1.4165664911270142
  ],
  "euler_order": "XYZ",
  "rotation_matrix": [
   [
    -0.012191079556941986,
    -0.9931244254112244,
    -0.11642690747976303
   ],
   [
    -0.07841714471578598,
    0.11702651530504227,
    -0.9900280237197876
   ],
   [
    0.996846079826355,
    -0.0029396452009677887,
    -0.07930466532707214
   ]
  ]
 },
 {
  "rotation_euler": [
   -0.006011534947901964,
   0.0020924510899931192,
   -1.8541258573532104
  ],
  "euler_order": "XYZ",
  "rotation_matrix": [
   [
    -0.2795533537864685,
    0.9601161479949951,
    0.005186878144741058
   ],
   [
    -0.9601278901100159,
    -0.2795368432998657,
    -0.0036895256489515305
   ],
   [
    -0.0020924494601786137,
    -0.00601148558780551,
    0.9999797344207764
   ]
  ]
 },
 {
  "rotation_euler": [
   -0.005993037950247526,
   0.0019934296142309904,
   -3.062492847442627
  ],
  "euler_order": "XYZ",
  "rotation_matrix": [
   [
    -0.9968712329864502,
    0.07902783900499344,
    -0.0015136084984987974
   ],
   [
    -0.07901719212532043,
    -0.9968544244766235,
    -0.006131776142865419
   ],
   [
    -0.0019934282172471285,
    -0.0059929899871349335,
    0.9999800324440002
   ]
  ]
 },
 {
  "rotation_euler": [
   -0.005994029343128204,
   0.0019955995958298445,
   1.5936235189437866
  ],
  "euler_order": "XYZ",
  "rotation_matrix": [
   [
    -0.02282516472041607,
    -0.9997212290763855,
    -0.006037980783730745
   ],
   [
    0.9997375011444092,
    -0.022836757823824883,
    0.0018582283519208431
   ],
   [
    -0.0019955981988459826,
    -0.005993981380015612,
    0.9999800324440002
   ]
  ]
 }
]