[
 {
  "rotation_euler": [
   0.9606398344039917,
   -1.0997683602909092e-05,
   -1.2016360759735107
  ],
  "euler_order": "XYZ",
  "rotation_matrix": [
   [
    0.3608323931694031,
    0.5343901515007019,
    -0.7643475532531738
   ],
   [
    -0.9326306581497192,
    0.20676381886005402,
    -0.29571732878685
   ],
   [
    1.0997683602909092e-05,
    0.8195583820343018,
    0.5729957222938538
   ]
  ]
 },
 {
  "rotation_euler": [
   1.5749917030334473,
   0.045369040220975876,
   1.727929711341858
  ],
  "euler_order": "XYZ",
  "rotation_matrix": [
   [
    -0.1563265323638916,
    -0.0029535156209021807,
    0.9877009987831116
   ],
   [
    0.9866635799407959,
    0.0454508475959301,
    0.15629824995994568
   ],
   [
    -0.0453534759581089,
    0.9989622235298157,
    -0.004191047046333551
   ]
  ]
 },
 {
  "rotation_euler": [
   1.7177789211273193,
   0.2226029485464096,
   0.3050675392150879
  ],
  "euler_order": "XYZ",
  "rotation_matrix": [
   [
    0.9302920699119568,
    0.2522934675216675,
    0.266279399394989
   ],
   [
    0.29294660687446594,
    -0.07409697771072388,
    -0.9532533288002014
   ],
   [
    -0.22076909244060516,
    0.9648096561431885,
    -0.14284034073352814
   ]
  ]
 },
 {
  "rotation_euler": [
   -1.7727183103561401,
   -0.32532769441604614,
   -0.3828018605709076
  ],
  "euler_order": "XYZ",
  "rotation_matrix": [
   [
    0.8789643049240112,
    0.2155514657497406,
    0.42539316415786743
   ],
   [
    -0.3539283573627472,
    -0.3029959499835968,
    0.8848322629928589
   ],
   [
    0.3196192979812622,
    -0.9282946586608887,
    -0.19003285467624664
   ]
  ]
 },
 {
  "rotation_euler": [
   -1.7655271291732788,
   -0.20498532056808472,
   -1.2445788383483887
  ],
  "euler_order": "XYZ",
  "rotation_matrix": [
   [
    0.3137530982494354,
    -0.11929924041032791,
    0.9419801831245422
   ],
   [
    -0.9274293780326843,
    -0.2511835992336273,
    0.2770948112010956
   ],
   [
    0.20355278253555298,
    -0.9605594873428345,
    -0.18945126235485077
   ]
  ]
 },
 {
  "rotation_euler": [
   -0.08922919631004333,
   9.103299089474604e-05,
   -2.532419204711914
  ],
  "euler_order": "XYZ",
  "rotation_matrix": [
   [
    -0.8201212286949158,
    0.5699201226234436,
    0.05091394856572151
   ],
   [
    -0.5721898078918457,
    -0.816853940486908,
    -0.07313357293605804
   ],
   [
    -9.103299089474604e-05,
    -0.0891108363866806,
    0.9960216879844666
   ]
  ]
 },
 {
  "rotation_euler": [
   -1.672272801399231,
   0.2425658255815506,
   1.7670255899429321
  ],
  "euler_order": "XYZ",
  "rotation_matrix": [
   [
    -0.18926452100276947,
    0.145948588848114,
    -0.9710190296173096
   ],
   [
    0.9520954489707947,
    -0.2146214097738266,
    -0.21783463656902313
   ],
   [
    -0.24019412696361542,
    -0.965731143951416,
    -0.09833676367998123
   ]
  ]
 },
 {
  "rotation_euler": [
   1.5957199335098267,
   -0.40508145093917847,
   1.119245171546936
  ],
  "euler_order": "XYZ",
  "rotation_matrix": [
   [
    0.40104711055755615,
    -0.14949074387550354,
    0.9037774801254272
   ],
   [
    0.826953113079071,
    -0.3653585910797119,
    -0.42738938331604004
   ],
   [
    0.3940936326980591,
    0.9187848567962646,
    -0.022904174402356148
   ]
  ]
 },
 {
  "rotation_euler": [
   1.5778034925460815,
   0.3035864531993866,
   1.2535769939422607
  ],
  "euler_order": "XYZ",
  "rotation_matrix": [
   [
    0.2976616322994232,
    0.09990374743938446,
    0.9494297504425049
   ],
   [
    0.9066585302352905,
    0.28183647990226746,
    -0.3139083981513977
   ],
   [
    -0.2989445626735687,
    0.9542470574378967,
    -0.006686676759272814
   ]
  ]
 },
 {
  "rotation_euler": [
   1.538423776626587,
   -0.46549493074417114,
   -1.779482364654541
  ],
  "euler_order": "XYZ",
  "rotation_matrix": [
   [
    -0.18513114750385284,
    0.12460940331220627,
    -0.9747815132141113
   ],
   [
    -0.8742119669914246,
    0.432190865278244,
    0.22127923369407654
   ],
   [
    0.4488651156425476,
    0.8931313157081604,
    0.028923042118549347
   ]
  ]
 },
 {
  "rotation_euler": [
   1.6194463968276978,
   0.5195271968841553,
   0.2599563002586365
  ],
  "euler_order": "XYZ",
  "rotation_matrix": [
   [
    0.8388884663581848,
    0.4917213022708893,
    0.23340164124965668
   ],
   [
    0.22312314808368683,
    0.08046382665634155,
    -0.971463680267334
   ],
   [
    -0.49646976590156555,
    0.8670269250869751,
    -0.042214229702949524
   ]
  ]
 },
 {
  "rotation_euler": [
   -1.792985439300537,
   -0.5259633660316467,
   -0.4543345272541046
  ],
  "euler_order": "XYZ",
  "rotation_matrix": [
   [
    0.777105450630188,
    0.3433152735233307,
    0.527486264705658
   ],
   [
    -0.3795478343963623,
    -0.4129241108894348,
    0.8279113173484802
   ],
   [
    0.5020464062690735,
    -0.8435806632041931,
    -0.19058100879192352
   ]
  ]
 },
 {
  "rotation_euler": [
   1.5753438472747803,
   0.12530478835105896,
   2.437302350997925
  ],
  "euler_order": "XYZ",
  "rotation_matrix": [
   [
    -0.756096363067627,
    -0.09229601919651031,
    0.6479195952415466
   ],
   [
    0.6424165368080139,
    0.08438652753829956,
    0.761695384979248
   ],
   [
    -0.12497713416814804,
    0.9921493530273438,
    -0.004511850420385599
   ]
  ]
 },
 {
  "rotation_euler": [
   -1.7258869409561157,
   0.5263351202011108,
   2.317850112915039
  ],
  "euler_order": "XYZ",
  "rotation_matrix": [
   [
    -0.5875151753425598,
    0.45058536529541016,
    -0.6721597909927368
   ],
   [
    0.6343913674354553,
    -0.259201318025589,
    -0.7282597422599792
   ],
   [
    -0.5023678541183472,
    -0.8542760014533997,
    -0.13356277346611023
   ]
  ]
 },
 {
  "rotation_euler": [
   -1.7154697179794312,
   0.2348422408103943,
   0.6359981298446655
  ],
  "euler_order": "XYZ",
  "rotation_matrix": [
   [
    0.7823971509933472,
    -0.09960455447435379,
    -0.614763081073761
   ],
   [
    0.5776766538619995,
    -0.25275036692619324,
    0.776148796081543
   ],
   [
    -0.23268955945968628,
    -0.9623908400535583,
    -0.14021195471286774
   ]
  ]
 },
 {
  "rotation_euler": [
   -1.7116926908493042,
   0.33983397483825684,
   1.5386395454406738
  ],
  "euler_order": "XYZ",
  "rotation_matrix": [
   [
    0.030312510207295418,
    0.12974725663661957,
    -0.9910836219787598
   ],
   [
    0.9423226118087769,
    -0.3343718349933624,
    -0.014952991157770157
   ],
   [
    -0.33333057165145874,
    -0.9334672689437866,
    -0.13239942491054535
   ]
  ]
 }
]