[
 {
  "rotation_euler": [
   1.5801522731781006,
   0.010165132582187653,
   -1.7454967498779297
  ],
  "euler_order": "XYZ",
  "rotation_matrix": [
   [
    -0.1738041490316391,
    -0.01098012737929821,
    -0.9847190380096436
   ],
   [
    -0.9847277998924255,
    -0.008383632637560368,
    0.17389917373657227
   ],
   [
    -0.010164957493543625,
    0.9999045729637146,
    -0.009355326183140278
   ]
  ]
 },
 {
  "rotation_euler": [
   1.5801773071289062,
   0.012669345363974571,
   2.2341690063476562
  ],
  "euler_order": "XYZ",
  "rotation_matrix": [
   [
    -0.6157283186912537,
    -0.00040959639591164887,
    0.7879583835601807
   ],
   [
    0.7878566384315491,
    0.01575823687016964,
    0.6156570315361023
   ],
   [
    -0.012669006362557411,
    0.9998757243156433,
    -0.009380090050399303
   ]
  ]
 },
 {
  "rotation_euler": [
   -1.5708540678024292,
   -0.022042062133550644,
   -0.6857844591140747
  ],
  "euler_order": "XYZ",
  "rotation_matrix": [
   [
    0.7737345099449158,
    0.017020899802446365,
    0.6332812905311584
   ],
   [
    -0.6331264972686768,
    -0.01400236040353775,
    0.7739216685295105
   ],
   [
    0.02204027771949768,
    -0.9997571110725403,
    -5.772698204964399e-05
   ]
  ]
 },
 {
  "rotation_euler": [
   1.5801454782485962,
   0.010176240466535091,
   1.4220227003097534
  ],
  "euler_order": "XYZ",
  "rotation_matrix": [
   [
    0.14821773767471313,
    0.010754027403891087,
    0.9888962507247925
   ],
   [
    0.9889023900032043,
    0.00867745466530323,
    -0.1483130306005478
   ],
   [
    -0.010176064446568489,
    0.9999045133590698,
    -0.009348531253635883
   ]
  ]
 },
 {
  "rotation_euler": [
   -1.6703438758850098,
   -0.038544658571481705,
   2.477736711502075
  ],
  "euler_order": "XYZ",
  "rotation_matrix": [
   [
    -0.787037193775177,
    0.031034957617521286,
    -0.6161243915557861
   ],
   [
    0.6157007813453674,
    0.10190261900424957,
    -0.7813631296157837
   ],
   [
    0.038535114377737045,
    -0.9943101406097412,
    -0.09930939972400665
   ]
  ]
 },
 {
  "rotation_euler": [
   1.5801588296890259,
   0.010188925080001354,
   -2.017432689666748
  ],
  "euler_order": "XYZ",
  "rotation_matrix": [
   [
    -0.4319118857383728,
    -0.012844642624258995,
    -0.9018243551254272
   ],
   [
    -0.9018582701683044,
    -0.005144954193383455,
    0.43200141191482544
   ],
   [
    -0.010188749060034752,
    0.9999042749404907,
    -0.009361879900097847
   ]
  ]
 },
 {
  "rotation_euler": [
   -1.665209174156189,
   -0.06037012115120888,
   -2.6100962162017822
  ],
  "euler_order": "XYZ",
  "rotation_matrix": [
   [
    -0.8604791760444641,
    -0.09955843538045883,
    0.4996635615825653
   ],
   [
    -0.5059006214141846,
    0.050825443118810654,
    -0.8610931038856506
   ],
   [
    0.060333456844091415,
    -0.9937328100204468,
    -0.09410090744495392
   ]
  ]
 },
 {
  "rotation_euler": [
   1.5801597833633423,
   0.01027178019285202,
   1.2145824432373047
  ],
  "euler_order": "XYZ",
  "rotation_matrix": [
   [
    0.34870991110801697,
    0.01235736720263958,
    0.9371492266654968
   ],
   [
    0.9371744394302368,
    0.006361111532896757,
    -0.34880316257476807
   ],
   [
    -0.010271599516272545,
    0.9999034404754639,
    -0.009362826123833656
   ]
  ]
 },
 {
  "rotation_euler": [
   1.5801461935043335,
   0.010168204084038734,
   -2.8132736682891846
  ],
  "euler_order": "XYZ",
  "rotation_matrix": [
   [
    -0.9465367794036865,
    -0.012639331631362438,
    -0.3223481774330139
   ],
   [
    -0.322435587644577,
    0.005571760702878237,
    0.9465749859809875
   ],
   [
    -0.010168028995394707,
    0.9999045729637146,
    -0.009349247440695763
   ]
  ]
 },
 {
  "rotation_euler": [
   -1.5822858810424805,
   0.03984147682785988,
   -0.22980594635009766
  ],
  "euler_order": "XYZ",
  "rotation_matrix": [
   [
    0.9729379415512085,
    -0.04139837995171547,
    0.22732794284820557
   ],
   [
    -0.2276078164577484,
    -0.0021148212254047394,
    0.9737505912780762
   ],
   [
    -0.03983093798160553,
    -0.9991405010223389,
    -0.011480184271931648
   ]
  ]
 },
 {
  "rotation_euler": [
   1.5801496505737305,
   0.01014115009456873,
   1.3018553256988525
  ],
  "euler_order": "XYZ",
  "rotation_matrix": [
   [
    0.26569700241088867,
    0.011711413972079754,
    0.9639854431152344
   ],
   [
    0.9640032649040222,
    0.007290767505764961,
    -0.2657904624938965
   ],
   [
    -0.010140975937247276,
    0.9999048113822937,
    -0.009352706372737885
   ]
  ]
 },
 {
  "rotation_euler": [
   -1.6791303157806396,
   0.06376399099826813,
   -1.7489230632781982
  ],
  "euler_order": "XYZ",
  "rotation_matrix": [
   [
    -0.17682617902755737,
    -0.09518716484308243,
    0.9796284437179565
   ],
   [
    -0.9821772575378418,
    0.08150268346071243,
    -0.16936691105365753
   ],
   [
    -0.06372079253196716,
    -0.9921172857284546,
    -0.10790247470140457
   ]
  ]
 },
 {
  "rotation_euler": [
   1.58014976978302,
   0.010141084901988506,
   -2.980630874633789
  ],
  "euler_order": "XYZ",
  "rotation_matrix": [
   [
    -0.9870228171348572,
    -0.01150842010974884,
    -0.16016699373722076
   ],
   [
    -0.16025938093662262,
    0.007607213221490383,
    0.9870456457138062
   ],
   [
    -0.010140910744667053,
    0.9999048113822937,
    -0.009352825582027435
   ]
  ]
 },
 {
  "rotation_euler": [
   1.5801182985305786,
   0.009884053841233253,
   1.157921314239502
  ],
  "euler_order": "XYZ",
  "rotation_matrix": [
   [
    0.401224821805954,
    0.012504217214882374,
    0.9158942699432373
   ],
   [
    0.9159262776374817,
    0.005312631372362375,
    -0.40131136775016785
   ],
   [
    -0.009883892722427845,
    0.9999077320098877,
    -0.009321381337940693
   ]
  ]
 },
 {
  "rotation_euler": [
   1.5801600217819214,
   0.010271734558045864,
   1.264041781425476
  ],
  "euler_order": "XYZ",
  "rotation_matrix": [
   [
    0.3019503355026245,
    0.012027980759739876,
    0.9532477855682373
   ],
   [
    0.95326828956604,
    0.006964155472815037,
    -0.30204471945762634
   ],
   [
    -0.010271553881466389,
    0.9999033808708191,
    -0.009363064542412758
   ]
  ]
 },
 {
  "rotation_euler": [
   -1.704219937324524,
   -0.23056133091449738,
   0.5364243984222412
  ],
  "euler_order": "XYZ",
  "rotation_matrix": [
   [
    0.8367965817451477,
    0.262666255235672,
    -0.48039349913597107
   ],
   [
    0.49754220247268677,
    0.001409657415933907,
    0.8674386143684387
   ],
   [
    0.22852402925491333,
    -0.9648857116699219,
    -0.12950794398784637
   ]
  ]
 }
]