[
 {
  "rotation_euler": [
   0.2161581814289093,
   0.6454789638519287,
   2.1897244453430176
  ],
  "euler_order": "XYZ",
  "rotation_matrix": [
   [
    -0.46344056725502014,
    -0.8704025149345398,
    -0.16619956493377686
   ],
   [
    0.6506327986717224,
    -0.4615691900253296,
    0.6030181646347046
   ],
   [
    -0.6015810966491699,
    0.17132818698883057,
    0.7802222967147827
   ]
  ]
 },
 {
  "rotation_euler": [
   0.6173660755157471,
   0.21694660186767578,
   2.283435583114624
  ],
  "euler_order": "XYZ",
  "rotation_matrix": [
   [
    -0.6385066509246826,
    -0.6984389424324036,
    0.3232526481151581
   ],
   [
    0.7389026880264282,
    -0.43885818123817444,
    0.511298656463623
   ],
   [
    -0.21524880826473236,
    0.565319836139679,
    0.7962923049926758
   ]
  ]
 },
 {
  "rotation_euler": [
   0.4112508296966553,
   0.5385940074920654,
   -1.4142457246780396
  ],
  "euler_order": "XYZ",
  "rotation_matrix": [
   [
    0.13383957743644714,
    0.9373813271522522,
    -0.32156363129615784
   ],
   [
    -0.8479329347610474,
    -0.05962700769305229,
    -0.5267393589019775
   ],
   [
    -0.5129295587539673,
    0.34316298365592957,
    0.7868560552597046
   ]
  ]
 },
 {
  "rotation_euler": [
   0.6437358856201172,
   -0.0707426443696022,
   2.334498167037964
  ],
  "euler_order": "XYZ",
  "rotation_matrix": [
   [
    -0.6898701190948486,
    -0.5483828186988831,
    0.4726050794124603
   ],
   [
    0.7204741835594177,
    -0.5838241577148438,
    0.3742542862892151
   ],
   [
    0.07068365067243576,
    0.5986865758895874,
    0.797858476638794
   ]
  ]
 },
 {
  "rotation_euler": [
   -0.4492354094982147,
   -0.40009424090385437,
   2.8777410984039307
  ],
  "euler_order": "XYZ",
  "rotation_matrix": [
   [
    -0.889150083065033,
    -0.3982231020927429,
    0.22545619308948517
   ],
   [
    0.24020381271839142,
    -0.8254905939102173,
    -0.5107518434524536
   ],
   [
    0.38950514793395996,
    -0.3999795913696289,
    0.829639732837677
   ]
  ]
 },
 {
  "rotation_euler": [
   0.633482038974762,
   -0.10840321332216263,
   1.8696342706680298
  ],
  "euler_order": "XYZ",
  "rotation_matrix": [
   [
    -0.2926816940307617,
    -0.7513946890830994,
    0.5913910865783691
   ],
   [
    0.9500695466995239,
    -0.29849156737327576,
    0.09094318002462387
   ],
   [
    0.10819102823734283,
    0.5884800553321838,
    0.8012402653694153
   ]
  ]
 },
 {
  "rotation_euler": [
   0.30057138204574585,
   0.6354559659957886,
   -0.19237728416919708
  ],
  "euler_order": "XYZ",
  "rotation_matrix": [
   [
    0.7899545431137085,
    0.3551078140735626,
    0.4998702108860016
   ],
   [
    -0.15387223660945892,
    0.9039490222930908,
    -0.3989981710910797
   ],
   [
    -0.5935445427894592,
    0.23827427625656128,
    0.7687198519706726
   ]
  ]
 },
 {
  "rotation_euler": [
   0.5637012124061584,
   0.3341352343559265,
   2.8748488426208496
  ],
  "euler_order": "XYZ",
  "rotation_matrix": [
   [
    -0.9112845063209534,
    -0.3918435573577881,
    -0.12656687200069427
   ],
   [
    0.24901366233825684,
    -0.769199788570404,
    0.5884928703308105
   ],
   [
    -0.3279523551464081,
    0.5047675371170044,
    0.7985342741012573
   ]
  ]
 },
 {
  "rotation_euler": [
   0.13354189693927765,
   0.6444582939147949,
   2.390888214111328
  ],
  "euler_order": "XYZ",
  "rotation_matrix": [
   [
    -0.5845466256141663,
    -0.7345691919326782,
    -0.3445480465888977
   ],
   [
    0.5453311800956726,
    -0.6701332926750183,
    0.5035228133201599
   ],
   [
    -0.6007654666900635,
    0.1064397469162941,
    0.7923076748847961
   ]
  ]
 },
 {
  "rotation_euler": [
   0.6373537182807922,
   -0.09602668136358261,
   -1.6901057958602905
  ],
  "euler_order": "XYZ",
  "rotation_matrix": [
   [
    -0.11847825348377228,
    0.8047510981559753,
    -0.5816687941551208
   ],
   [
    -0.9883167743682861,
    -0.0390092171728611,
    0.14733700454235077
   ],
   [
    0.09587916731834412,
    0.5923292636871338,
    0.7999707460403442
   ]
  ]
 },
 {
  "rotation_euler": [
   0.647528350353241,
   0.00858342181891203,
   -1.4236118793487549
  ],
  "euler_order": "XYZ",
  "rotation_matrix": [
   [
    0.14664819836616516,
    0.7897130250930786,
    -0.595690906047821
   ],
   [
    -0.9891514778137207,
    0.1118459478020668,
    -0.09523577243089676
   ],
   [
    -0.008583316579461098,
    0.6031947135925293,
    0.7975478172302246
   ]
  ]
 },
 {
  "rotation_euler": [
   0.6286609768867493,
   -0.1237630695104599,
   1.5326695442199707
  ],
  "euler_order": "XYZ",
  "rotation_matrix": [
   [
    0.037825990468263626,
    -0.8109949827194214,
    0.5838289856910706
   ],
   [
    0.991629958152771,
    -0.04171190783381462,
    -0.12218908220529556
   ],
   [
    0.12344735860824585,
    0.5835642218589783,
    0.8026291131973267
   ]
  ]
 },
 {
  "rotation_euler": [
   0.6480827331542969,
   -0.006841624155640602,
   3.1193301677703857
  ],
  "euler_order": "XYZ",
  "rotation_matrix": [
   [
    -0.999728798866272,
    -0.013618184253573418,
    0.018890880048274994
   ],
   [
    0.02226012572646141,
    -0.7971370220184326,
    0.6033880114555359
   ],
   [
    0.006841570604592562,
    0.603644847869873,
    0.7972239851951599
   ]
  ]
 },
 {
  "rotation_euler": [
   0.18270203471183777,
   0.6460639834403992,
   2.0260746479034424
  ],
  "euler_order": "XYZ",
  "rotation_matrix": [
   [
    -0.35109251737594604,
    -0.9312881231307983,
    -0.09714163094758987
   ],
   [
    0.7171275019645691,
    -0.33415141701698303,
    0.6116134524345398
   ],
   [
    -0.6020483374595642,
    0.14506997168064117,
    0.7851703763008118
   ]
  ]
 },
 {
  "rotation_euler": [
   0.6475717425346375,
   0.007375311106443405,
   -0.6852342486381531
  ],
  "euler_order": "XYZ",
  "rotation_matrix": [
   [
    0.774249792098999,
    0.5081784725189209,
    -0.37721601128578186
   ],
   [
    -0.632837176322937,
    0.6147048473358154,
    -0.4708026051521301
   ],
   [
    -0.007375244051218033,
    0.603235125541687,
    0.7975292801856995
   ]
  ]
 },
 {
  "rotation_euler": [
   0.6434566974639893,
   -0.07187305390834808,
   -0.32212355732917786
  ],
  "euler_order": "XYZ",
  "rotation_matrix": [
   [
    0.9461163282394409,
    0.21240557730197906,
    -0.24443361163139343
   ],
   [
    -0.31576427817344666,
    0.7725171446800232,
    -0.5509175658226013
   ],
   [
    0.07181119173765182,
    0.5984154939651489,
    0.7979611754417419
   ]
  ]
 }
]