[
 {
  "rotation_euler": [
   0.11543485522270203,
   -0.264433354139328,
   1.633479356765747
  ],
  "euler_order": "XYZ",
  "rotation_matrix": [
   [
    -0.06046460196375847,
    -0.9895082116127014,
    0.13121575117111206
   ],
   [
    0.9633451104164124,
    -0.09226933866739273,
    -0.25189805030822754
   ],
   [
    0.26136237382888794,
    0.11117513477802277,
    0.9588168859481812
   ]
  ]
 },
 {
  "rotation_euler": [
   0.027542388066649437,
   0.030544834211468697,
   1.9100242853164673
  ],
  "euler_order": "XYZ",
  "rotation_matrix": [
   [
    -0.33260393142700195,
    -0.9429340362548828,
    0.015810877084732056
   ],
   [
    0.9425719976425171,
    -0.33183982968330383,
    0.03795256093144417
   ],
   [
    -0.030540084466338158,
    0.02752606011927128,
    0.9991544485092163
   ]
  ]
 },
 {
  "rotation_euler": [
   -0.017875291407108307,
   0.016826437786221504,
   2.3649327754974365
  ],
  "euler_order": "XYZ",
  "rotation_matrix": [
   [
    -0.7131576538085938,
    -0.7005744576454163,
    -0.024527259171009064
   ],
   [
    0.7008017301559448,
    -0.7133554220199585,
    -0.0009578005992807448
   ],
   [
    -0.016825644299387932,
    -0.017871808260679245,
    0.9996986985206604
   ]
  ]
 },
 {
  "rotation_euler": [
   0.10203459858894348,
   0.06098947674036026,
   -1.7836065292358398
  ],
  "euler_order": "XYZ",
  "rotation_matrix": [
   [
    -0.21081484854221344,
    0.9710462689399719,
    -0.11236635595560074
   ],
   [
    -0.9756239056587219,
    -0.21617738902568817,
    -0.037753716111183167
   ],
   [
    -0.06095167249441147,
    0.10166826099157333,
    0.992949366569519
   ]
  ]
 },
 {
  "rotation_euler": [
   -0.0941426157951355,
   0.06471152603626251,
   -2.047919750213623
  ],
  "euler_order": "XYZ",
  "rotation_matrix": [
   [
    -0.45826455950737,
    0.887177586555481,
    0.053940288722515106
   ],
   [
    -0.8864603042602539,
    -0.45179226994514465,
    -0.10035891085863113
   ],
   [
    -0.06466636806726456,
    -0.09380686283111572,
    0.993488073348999
   ]
  ]
 },
 {
  "rotation_euler": [
   0.11347849667072296,
   0.0023492721375077963,
   -0.8139449954032898
  ],
  "euler_order": "XYZ",
  "rotation_matrix": [
   [
    0.6866338849067688,
    0.7225083708763123,
    -0.08071938157081604
   ],
   [
    -0.7269995808601379,
    0.6820260882377625,
    -0.07944820821285248
   ],
   [
    -0.0023492700420320034,
    0.11323478817939758,
    0.9935654997825623
   ]
  ]
 },
 {
  "rotation_euler": [
   0.056151676923036575,
   0.054733291268348694,
   2.679445743560791
  ],
  "euler_order": "XYZ",
  "rotation_matrix": [
   [
    -0.8937569260597229,
    -0.4479162395000458,
    -0.023866748437285423
   ],
   [
    0.44520312547683716,
    -0.8923176527023315,
    0.07458815723657608
   ],
   [
    -0.054705966264009476,
    0.056038130074739456,
    0.9969287514686584
   ]
  ]
 },
 {
  "rotation_euler": [
   -0.06788486242294312,
   -0.05161692202091217,
   2.5417630672454834
  ],
  "euler_order": "XYZ",
  "rotation_matrix": [
   [
    -0.8243324756622314,
    -0.5660904049873352,
    0.0041975402273237705
   ],
   [
    0.5637499690055847,
    -0.8215550184249878,
    -0.08504912257194519
   ],
   [
    0.05159400403499603,
    -0.06774239242076874,
    0.9963679313659668
   ]
  ]
 },
 {
  "rotation_euler": [
   0.04736288636922836,
   0.23416981101036072,
   -1.0279737710952759
  ],
  "euler_order": "XYZ",
  "rotation_matrix": [
   [
    0.5024567246437073,
    0.8609686493873596,
    0.07918517291545868
   ],
   [
    -0.8328846096992493,
    0.506568968296051,
    -0.2229149490594864
   ],
   [
    -0.2320355325937271,
    0.04605300351977348,
    0.9716165065765381
   ]
  ]
 },
 {
  "rotation_euler": [
   -0.11353959143161774,
   -0.02919205278158188,
   0.7930613160133362
  ],
  "euler_order": "XYZ",
  "rotation_matrix": [
   [
    0.7013684511184692,
    -0.7055966854095459,
    -0.10107212513685226
   ],
   [
    0.7122010588645935,
    0.6995057463645935,
    0.05883335694670677
   ],
   [
    0.02918790653347969,
    -0.11324753612279892,
    0.9931380152702332
   ]
  ]
 },
 {
  "rotation_euler": [
   0.07408817112445831,
   -0.06379947066307068,
   0.10386782139539719
  ],
  "euler_order": "XYZ",
  "rotation_matrix": [
   [
    0.9925870299339294,
    -0.10809055715799332,
    -0.05556410923600197
   ],
   [
    0.10347022116184235,
    0.9913927912712097,
    -0.08021366596221924
   ],
   [
    0.06375619769096375,
    0.07386981695890427,
    0.9952278137207031
   ]
  ]
 },
 {
  "rotation_euler": [
   0.0499584786593914,
   0.03808579966425896,
   0.9067903757095337
  ],
  "euler_order": "XYZ",
  "rotation_matrix": [
   [
    0.6158297061920166,
    -0.7853753566741943,
    0.06276386231184006
   ],
   [
    0.7869586944580078,
    0.6170051693916321,
    -0.0008263976196758449
   ],
   [
    -0.03807659447193146,
    0.049901485443115234,
    0.998028039932251
   ]
  ]
 },
 {
  "rotation_euler": [
   0.0009971674298867583,
   -0.0060836393386125565,
   -2.3913955688476562
  ],
  "euler_order": "XYZ",
  "rotation_matrix": [
   [
    -0.7315409779548645,
    0.6817870736122131,
    0.0037706324364989996
   ],
   [
    -0.6817703247070312,
    -0.7315500378608704,
    0.004877176135778427
   ],
   [
    0.0060836016200482845,
    0.000997148803435266,
    0.9999809861183167
   ]
  ]
 },
 {
  "rotation_euler": [
   0.03644414246082306,
   0.005612825509160757,
   -3.1207141876220703
  ],
  "euler_order": "XYZ",
  "rotation_matrix": [
   [
    -0.9997662901878357,
    0.020658623427152634,
    -0.0063685206696391106
   ],
   [
    -0.020876619964838028,
    -0.9991224408149719,
    0.036311034113168716
   ],
   [
    -0.005612796172499657,
    0.036435503512620926,
    0.9993202686309814
   ]
  ]
 },
 {
  "rotation_euler": [
   0.0017455234192311764,
   0.02314690500497818,
   2.442871332168579
  ],
  "euler_order": "XYZ",
  "rotation_matrix": [
   [
    -0.765460193157196,
    -0.6432691216468811,
    -0.016598384827375412
   ],
   [
    0.6430668830871582,
    -0.7656381726264954,
    0.016224129125475883
   ],
   [
    -0.023144837468862534,
    0.0017450549639761448,
    0.9997305870056152
   ]
  ]
 },
 {
  "rotation_euler": [
   9.69665779848583e-06,
   -0.00011882630496984348,
   -0.07205560058355331
  ],
  "euler_order": "XYZ",
  "rotation_matrix": [
   [
    0.9974051117897034,
    0.07199326157569885,
    -0.00011921605619136244
   ],
   [
    -0.07199326157569885,
    0.9974051117897034,
    -1.1168025366714573e-06
   ],
   [
    0.00011882630496984348,
    9.69665779848583e-06,
    1.0
   ]
  ]
 }
]