[
 {
  "rotation_euler": [
   0.3498389422893524,
   -0.0018956338753923774,
   -0.991868257522583
  ],
  "euler_order": "XYZ",
  "rotation_matrix": [
   [
    0.5471259951591492,
    0.7859923243522644,
    -0.2878701686859131
   ],
   [
    -0.8370481133460999,
    0.5145302414894104,
    -0.18603524565696716
   ],
   [
    0.001895632711239159,
    0.34274590015411377,
    0.9394262433052063
   ]
  ]
 },
 {
  "rotation_euler": [
   0.3498389720916748,
   -0.001895878929644823,
   1.2000796794891357
  ],
  "euler_order": "XYZ",
  "rotation_matrix": [
   [
    0.3622828423976898,
    -0.8758460879325867,
    0.3188178241252899
   ],
   [
    0.9320662617683411,
    0.3397335708141327,
    -0.1258314549922943
   ],
   [
    0.0018958777654916048,
    0.34274592995643616,
    0.9394262433052063
   ]
  ]
 },
 {
  "rotation_euler": [
   0.3498389720916748,
   -0.0018958145519718528,
   2.718468189239502
  ],
  "euler_order": "XYZ",
  "rotation_matrix": [
   [
    -0.9118087887763977,
    -0.3851473033428192,
    0.14235953986644745
   ],
   [
    0.4106106460094452,
    -0.8568469882011414,
    0.3117885887622833
   ],
   [
    0.0018958133878186345,
    0.34274592995643616,
    0.9394262433052063
   ]
  ]
 },
 {
  "rotation_euler": [
   0.3498387932777405,
   -0.0018953066319227219,
   1.250598430633545
  ],
  "euler_order": "XYZ",
  "rotation_matrix": [
   [
    0.31475383043289185,
    -0.8918842673301697,
    0.32476523518562317
   ],
   [
    0.9491714239120483,
    0.2950724959373474,
    -0.1095709353685379
   ],
   [
    0.0018953054677695036,
    0.34274575114250183,
    0.9394263029098511
   ]
  ]
 },
 {
  "rotation_euler": [
   0.3498389720916748,
   -0.0018958314321935177,
   0.4845225512981415
  ],
  "euler_order": "XYZ",
  "rotation_matrix": [
   [
    0.8848958611488342,
    -0.43814730644226074,
    0.15807051956653595
   ],
   [
    0.46578508615493774,
    0.8309946656227112,
    -0.3041251003742218
   ],
   [
    0.0018958302680402994,
    0.34274592995643616,
    0.9394262433052063
   ]
  ]
 },
 {
  "rotation_euler": [
   0.3498389720916748,
   -0.0018957819556817412,
   0.49419307708740234
  ],
  "euler_order": "XYZ",
  "rotation_matrix": [
   [
    0.8803501725196838,
    -0.4461628198623657,
    0.1610041707754135
   ],
   [
    0.47432059049606323,
    0.826718807220459,
    -0.3025822639465332
   ],
   [
    0.001895780791528523,
    0.34274592995643616,
    0.9394262433052063
   ]
  ]
 },
 {
  "rotation_euler": [
   0.34983593225479126,
   -0.0019026880618184805,
   -1.1939109563827515
  ],
  "euler_order": "XYZ",
  "rotation_matrix": [
   [
    0.3680255711078644,
    0.8732554912567139,
    -0.31934618949890137
   ],
   [
    -0.9298137426376343,
    0.3463408648967743,
    -0.12447667866945267
   ],
   [
    0.0019026868976652622,
    0.34274306893348694,
    0.9394272565841675
   ]
  ]
 },
 {
  "rotation_euler": [
   0.3498389720916748,
   -0.0018957866122946143,
   0.7282726764678955
  ],
  "euler_order": "XYZ",
  "rotation_matrix": [
   [
    0.746323823928833,
    -0.6257507801055908,
    0.22679658234119415
   ],
   [
    0.6655802726745605,
    0.7006862163543701,
    -0.25698575377464294
   ],
   [
    0.001895785448141396,
    0.34274592995643616,
    0.9394262433052063
   ]
  ]
 },
 {
  "rotation_euler": [
   0.3498390316963196,
   -0.001895796856842935,
   -0.5756948590278625
  ],
  "euler_order": "XYZ",
  "rotation_matrix": [
   [
    0.8388127088546753,
    0.5108962059020996,
    -0.1880912333726883
   ],
   [
    -0.5444167852401733,
    0.7883592247962952,
    -0.28653112053871155
   ],
   [
    0.0018957956926897168,
    0.34274598956108093,
    0.9394261837005615
   ]
  ]
 },
 {
  "rotation_euler": [
   0.3498389720916748,
   -0.00189582584425807,
   2.0455827713012695
  ],
  "euler_order": "XYZ",
  "rotation_matrix": [
   [
    -0.4571476876735687,
    -0.8352211117744446,
    0.30564963817596436
   ],
   [
    0.8893887996673584,
    -0.4300360083580017,
    0.15510207414627075
   ],
   [
    0.0018958246801048517,
    0.34274592995643616,
    0.9394262433052063
   ]
  ]
 },
 {
  "rotation_euler": [
   0.34983888268470764,
   -0.0018963580951094627,
   0.1871800571680069
  ],
  "euler_order": "XYZ",
  "rotation_matrix": [
   [
    0.9825311303138733,
    -0.17545577883720398,
    0.06203095614910126
   ],
   [
    0.18608862161636353,
    0.9228979349136353,
    -0.3370911777019501
   ],
   [
    0.0018963569309562445,
    0.342745840549469,
    0.9394262433052063
   ]
  ]
 },
 {
  "rotation_euler": [
   0.3498389422893524,
   -0.0018958114087581635,
   0.5588015913963318
  ],
  "euler_order": "XYZ",
  "rotation_matrix": [
   [
    0.8478895425796509,
    -0.498607873916626,
    0.18020400404930115
   ],
   [
    0.5301694869995117,
    0.7961880564689636,
    -0.2915559411048889
   ],
   [
    0.0018958102446049452,
    0.34274590015411377,
    0.9394262433052063
   ]
  ]
 },
 {
  "rotation_euler": [
   0.34983912110328674,
   -0.0018958261935040355,
   -1.286455750465393
  ],
  "euler_order": "XYZ",
  "rotation_matrix": [
   [
    0.2805240750312805,
    0.9015246033668518,
    -0.32948392629623413
   ],
   [
    -0.9598451256752014,
    0.2641562819480896,
    -0.09443938732147217
   ],
   [
    0.0018958250293508172,
    0.3427460491657257,
    0.9394261837005615
   ]
  ]
 },
 {
  "rotation_euler": [
   0.3498389720916748,
   -0.0018957497086375952,
   -2.769221305847168
  ],
  "euler_order": "XYZ",
  "rotation_matrix": [
   [
    -0.9314655065536499,
    0.34239286184310913,
    -0.12304098904132843
   ],
   [
    -0.36382463574409485,
    -0.8748099207878113,
    0.3199051022529602
   ],
   [
    0.001895748544484377,
    0.34274592995643616,
    0.9394262433052063
   ]
  ]
 },
 {
  "rotation_euler": [
   0.3498389422893524,
   -0.0018957930151373148,
   2.6492910385131836
  ],
  "euler_order": "XYZ",
  "rotation_matrix": [
   [
    -0.8812457323074341,
    -0.4434531033039093,
    0.16357046365737915
   ],
   [
    0.4726545810699463,
    -0.8281754851341248,
    0.301202654838562
   ],
   [
    0.0018957918509840965,
    0.34274590015411377,
    0.9394262433052063
   ]
  ]
 },
 {
  "rotation_euler": [
   0.3498390018939972,
   -0.0018957862630486488,
   -2.3014469146728516
  ],
  "euler_order": "XYZ",
  "rotation_matrix": [
   [
    -0.667353093624115,
    0.7000635266304016,
    -0.25406867265701294
   ],
   [
    -0.7447390556335449,
    -0.626447319984436,
    0.23005974292755127
   ],
   [
    0.0018957850988954306,
    0.34274595975875854,
    0.9394262433052063
   ]
  ]
 }
]