[
 {
  "rotation_euler": [
   -3.0595006705880223e-07,
   7.770986485411413e-07,
   -2.565983772277832
  ],
  "euler_order": "XYZ",
  "rotation_matrix": [
   [
    -0.8388609886169434,
    0.5443456768989563,
    -4.853351924793969e-07
   ],
   [
    -0.5443456768989563,
    -0.8388609886169434,
    -6.796598768232798e-07
   ],
   [
    -7.770986485411413e-07,
    -3.0595006705880223e-07,
    1.0
   ]
  ]
 },
 {
  "rotation_euler": [
   1.4780859203256114e-07,
   6.38185781554057e-07,
   0.7339590191841125
  ],
  "euler_order": "XYZ",
  "rotation_matrix": [
   [
    0.7425284385681152,
    -0.6698145866394043,
    5.728754217670939e-07
   ],
   [
    0.6698145866394043,
    0.7425284385681152,
    3.177140399657219e-07
   ],
   [
    -6.38185781554057e-07,
    1.4780859203256114e-07,
    1.0
   ]
  ]
 },
 {
  "rotation_euler": [
   -1.4309121354472154e-07,
   1.8576669447156746e-07,
   -0.5580941438674927
  ],
  "euler_order": "XYZ",
  "rotation_matrix": [
   [
    0.8482659459114075,
    0.529570460319519,
    2.333564452783321e-07
   ],
   [
    -0.529570460319519,
    0.8482659459114075,
    2.3002844073971573e-08
   ],
   [
    -1.8576669447156746e-07,
    -1.4309121354472154e-07,
    1.0
   ]
  ]
 },
 {
  "rotation_euler": [
   -7.885976316401866e-09,
   4.779522200237807e-08,
   -1.1191045045852661
  ],
  "euler_order": "XYZ",
  "rotation_matrix": [
   [
    0.4364883005619049,
    0.899709939956665,
    2.7957145931623018e-08
   ],
   [
    -0.899709939956665,
    0.4364883005619049,
    -3.95596977398327e-08
   ],
   [
    -4.779522200237807e-08,
    -7.885976316401866e-09,
    1.0
   ]
  ]
 },
 {
  "rotation_euler": [
   -2.9798493983435037e-07,
   2.919293251579802e-07,
   0.9621530175209045
  ],
  "euler_order": "XYZ",
  "rotation_matrix": [
   [
    0.5717549324035645,
    -0.8204244375228882,
    -7.756210607112735e-08
   ],
   [
    0.8204244375228882,
    0.5717549324035645,
    4.098803287888586e-07
   ],
   [
    -2.919293251579802e-07,
    -2.9798493983435037e-07,
    1.0
   ]
  ]
 },
 {
  "rotation_euler": [
   -5.1880841844820225e-09,
   -5.38218047907435e-09,
   -1.982755422592163
  ],
  "euler_order": "XYZ",
  "rotation_matrix": [
   [
    -0.40040528774261475,
    0.9163381457328796,
    6.90909285339103e-09
   ],
   [
    -0.9163381457328796,
    -0.40040528774261475,
    2.8545610319952175e-09
   ],
   [
    5.38218047907435e-09,
    -5.1880841844820225e-09,
    1.0
   ]
  ]
 },
 {
  "rotation_euler": [
   -5.132403835261812e-09,
   -3.5343215021299557e-09,
   2.3013546466827393
  ],
  "euler_order": "XYZ",
  "rotation_matrix": [
   [
    -0.6672855615615845,
    -0.744801938533783,
    -1.4642226320304985e-09
   ],
   [
    0.744801938533783,
    -0.6672855615615845,
    -6.057148560500991e-09
   ],
   [
    3.5343215021299557e-09,
    -5.132403835261812e-09,
    1.0
   ]
  ]
 },
 {
  "rotation_euler": [
   -9.026845049220356e-08,
   1.9635089643088577e-07,
   -0.985599935054779
  ],
  "euler_order": "XYZ",
  "rotation_matrix": [
   [
    0.5523630976676941,
    0.8336036205291748,
    1.8370509735632368e-07
   ],
   [
    -0.8336036205291748,
    0.5523630976676941,
    -1.1381785469666283e-07
   ],
   [
    -1.9635089643088577e-07,
    -9.026845049220356e-08,
    1.0
   ]
  ]
 },
 {
  "rotation_euler": [
   1.2547808125873416e-07,
   1.0972613608828397e-06,
   1.2512619495391846
  ],
  "euler_order": "XYZ",
  "rotation_matrix": [
   [
    0.31412455439567566,
    -0.9493817687034607,
    4.638033317405643e-07
   ],
   [
    0.9493817687034607,
    0.31412455439567566,
    1.0023042023021844e-06
   ],
   [
    -1.0972613608828397e-06,
    1.2547808125873416e-07,
    1.0
   ]
  ]
 },
 {
  "rotation_euler": [
   3.3536353694074705e-09,
   2.940737431345042e-08,
   -1.4635090827941895
  ],
  "euler_order": "XYZ",
  "rotation_matrix": [
   [
    0.10708153992891312,
    0.9942502379417419,
    -1.8536584767137043e-10
   ],
   [
    -0.9942502379417419,
    0.10708153992891312,
    -2.95974018627021e-08
   ],
   [
    -2.940737431345042e-08,
    3.3536353694074705e-09,
    1.0
   ]
  ]
 },
 {
  "rotation_euler": [
   4.3702687690938546e-08,
   3.411988700463553e-07,
   0.27488985657691956
  ],
  "euler_order": "XYZ",
  "rotation_matrix": [
   [
    0.9624550938606262,
    -0.27144092321395874,
    3.402512902539456e-07
   ],
   [
    0.27144092321395874,
    0.9624550938606262,
    5.0553463637470486e-08
   ],
   [
    -3.411988700463553e-07,
    4.3702687690938546e-08,
    1.0
   ]
  ]
 },
 {
  "rotation_euler": [
   1.4582893226311455e-10,
   2.641565188810091e-08,
   -2.7974681854248047
  ],
  "euler_order": "XYZ",
  "rotation_matrix": [
   [
    -0.9413712024688721,
    0.3373726010322571,
    -2.491613315669383e-08
   ],
   [
    -0.3373726010322571,
    -0.9413712024688721,
    -8.774637905162308e-09
   ],
   [
    -2.641565188810091e-08,
    1.4582893226311455e-10,
    1.0
   ]
  ]
 },
 {
  "rotation_euler": [
   -3.4434378903824836e-08,
   2.2722030479371824e-08,
   0.554365336894989
  ],
  "euler_order": "XYZ",
  "rotation_matrix": [
   [
    0.8502346873283386,
    -0.5264037847518921,
    1.1926710730136847e-09
   ],
   [
    0.5264037847518921,
    0.8502346873283386,
    4.1238266135223967e-08
   ],
   [
    -2.2722030479371824e-08,
    -3.4434378903824836e-08,
    1.0
   ]
  ]
 },
 {
  "rotation_euler": [
   -4.081038174064133e-09,
   -2.4415691690649055e-09,
   1.0610952377319336
  ],
  "euler_order": "XYZ",
  "rotation_matrix": [
   [
    0.48791635036468506,
    -0.8728904128074646,
    -4.7535806402265735e-09
   ],
   [
    0.8728904128074646,
    0.48791635036468506,
    -1.400170118737165e-10
   ],
   [
    2.4415691690649055e-09,
    -4.081038174064133e-09,
    1.0
   ]
  ]
 },
 {
  "rotation_euler": [
   -8.736434686795747e-09,
   9.036781278837225e-08,
   2.2145543098449707
  ],
  "euler_order": "XYZ",
  "rotation_matrix": [
   [
    -0.6002054810523987,
    -0.7998458743095398,
    -6.122705542566109e-08
   ],
   [
    0.7998458743095398,
    -0.6002054810523987,
    6.70366659960564e-08
   ],
   [
    -9.036781278837225e-08,
    -8.736434686795747e-09,
    1.0
   ]
  ]
 },
 {
  "rotation_euler": [
   -3.9037423960053275e-08,
   1.3592001835149858e-07,
   1.023809790611267
  ],
  "euler_order": "XYZ",
  "rotation_matrix": [
   [
    0.5201157927513123,
    -0.8540957570075989,
    3.735245357461281e-08
   ],
   [
    0.8540957570075989,
    0.5201157927513123,
    1.3639268559018092e-07
   ],
   [
    -1.3592001835149858e-07,
    -3.9037423960053275e-08,
    1.0
   ]
  ]
 }
]