[
 {
  "rotation_euler": [
   1.3921266794204712,
   1.8759902715682983,
   0.21867477893829346
  ],
  "euler_order": "XYZ",
  "rotation_matrix": [
   [
    -0.29332250356674194,
    0.8776991963386536,
    0.3789539039134979
   ],
   [
    -0.0651845782995224,
    0.377105712890625,
    -0.9238734841346741
   ],
   [
    -0.953788697719574,
    -0.29569485783576965,
    -0.053401146084070206
   ]
  ]
 },
 {
  "rotation_euler": [
   1.397707462310791,
   1.8656511306762695,
   1.445631980895996
  ],
  "euler_order": "XYZ",
  "rotation_matrix": [
   [
    -0.036277979612350464,
    -0.05321313068270683,
    0.9979239702224731
   ],
   [
    -0.2883276045322418,
    0.9566736221313477,
    0.04053179919719696
   ],
   [
    -0.9568443298339844,
    -0.28625860810279846,
    -0.05004899948835373
   ]
  ]
 },
 {
  "rotation_euler": [
   1.3551692962646484,
   1.8856987953186035,
   -1.0524733066558838
  ],
  "euler_order": "XYZ",
  "rotation_matrix": [
   [
    -0.15344461798667908,
    0.6460103392601013,
    -0.7477468252182007
   ],
   [
    0.26904189586639404,
    -0.7008090615272522,
    -0.660668671131134
   ],
   [
    -0.9508265852928162,
    -0.3025512993335724,
    -0.06626848131418228
   ]
  ]
 },
 {
  "rotation_euler": [
   -1.786422848701477,
   1.2558940649032593,
   1.625529408454895
  ],
  "euler_order": "XYZ",
  "rotation_matrix": [
   [
    -0.016943661496043205,
    0.26445022225379944,
    -0.9642505049705505
   ],
   [
    0.3092597424983978,
    -0.9157122373580933,
    -0.2565726339817047
   ],
   [
    -0.9508266448974609,
    -0.30255112051963806,
    -0.06626828759908676
   ]
  ]
 },
 {
  "rotation_euler": [
   -1.7864267826080322,
   1.255893349647522,
   -0.7256738543510437
  ],
  "euler_order": "XYZ",
  "rotation_matrix": [
   [
    0.2316899448633194,
    -0.8367908000946045,
    0.49608564376831055
   ],
   [
    -0.20554527640342712,
    0.4563373327255249,
    0.865740954875946
   ],
   [
    -0.9508264064788818,
    -0.3025515377521515,
    -0.06626962125301361
   ]
  ]
 },
 {
  "rotation_euler": [
   -1.9171887636184692,
   1.2301396131515503,
   1.3298259973526
  ],
  "euler_order": "XYZ",
  "rotation_matrix": [
   [
    0.07973276823759079,
    0.1181260272860527,
    -0.9897923469543457
   ],
   [
    0.3244527578353882,
    -0.9419586062431335,
    -0.08628103882074356
   ],
   [
    -0.9425354599952698,
    -0.31426143646240234,
    -0.11343128234148026
   ]
  ]
 },
 {
  "rotation_euler": [
   -1.7353441715240479,
   1.2772676944732666,
   -0.12321726232767105
  ],
  "euler_order": "XYZ",
  "rotation_matrix": [
   [
    0.28713810443878174,
    -0.9572725296020508,
    -0.034365758299827576
   ],
   [
    -0.035560522228479385,
    -0.04650462418794632,
    0.9982849359512329
   ],
   [
    -0.9572288990020752,
    -0.2854235768318176,
    -0.04739436134696007
   ]
  ]
 },
 {
  "rotation_euler": [
   -1.7864214181900024,
   1.2558940649032593,
   1.26609206199646
  ],
  "euler_order": "XYZ",
  "rotation_matrix": [
   [
    0.09292048960924149,
    -0.07455048710107803,
    -0.9928786754608154
   ],
   [
    0.2954563498497009,
    -0.9502131342887878,
    0.0989978015422821
   ],
   [
    -0.9508266448974609,
    -0.3025512099266052,
    -0.06626785546541214
   ]
  ]
 },
 {
  "rotation_euler": [
   -1.786423683166504,
   1.255893588066101,
   0.17818939685821533
  ],
  "euler_order": "XYZ",
  "rotation_matrix": [
   [
    0.30481988191604614,
    -0.8761770725250244,
    -0.373361200094223
   ],
   [
    0.054897937923669815,
    -0.3752017319202423,
    0.9253160953521729
   ],
   [
    -0.9508265256881714,
    -0.3025515079498291,
    -0.06626863777637482
   ]
  ]
 },
 {
  "rotation_euler": [
   -1.7911709547042847,
   1.253460168838501,
   -0.1078484058380127
  ],
  "euler_order": "XYZ",
  "rotation_matrix": [
   [
    0.31022390723228455,
    -0.9452362060546875,
    -0.10143785923719406
   ],
   [
    -0.03358747437596321,
    -0.1175333634018898,
    0.9925007820129395
   ],
   [
    -0.9500700235366821,
    -0.30449041724205017,
    -0.06820975244045258
   ]
  ]
 },
 {
  "rotation_euler": [
   1.355165719985962,
   1.8856993913650513,
   -1.3409712314605713
  ],
  "euler_order": "XYZ",
  "rotation_matrix": [
   [
    -0.07055743038654327,
    0.4199264943599701,
    -0.9048112630844116
   ],
   [
    0.3015804886817932,
    -0.8556426167488098,
    -0.4206244647502899
   ],
   [
    -0.9508264064788818,
    -0.30255159735679626,
    -0.06626968830823898
   ]
  ]
 },
 {
  "rotation_euler": [
   1.3551667928695679,
   1.8856992721557617,
   -0.906326174736023
  ],
  "euler_order": "XYZ",
  "rotation_matrix": [
   [
    -0.19098897278308868,
    0.7411820888519287,
    -0.6435621976852417
   ],
   [
    0.2438284009695053,
    -0.5992591977119446,
    -0.7625195980072021
   ],
   [
    -0.9508264660835266,
    -0.3025515675544739,
    -0.06626933813095093
   ]
  ]
 },
 {
  "rotation_euler": [
   -1.7967346906661987,
   1.2541197538375854,
   1.4487621784210205
  ],
  "euler_order": "XYZ",
  "rotation_matrix": [
   [
    0.037908412516117096,
    0.10961654037237167,
    -0.9932507872581482
   ],
   [
    0.3090941905975342,
    -0.9465066194534302,
    -0.09266089648008347
   ],
   [
    -0.9502755999565125,
    -0.3034954071044922,
    -0.06976240128278732
   ]
  ]
 },
 {
  "rotation_euler": [
   0.019100157544016838,
   -0.013162333518266678,
   -0.18180833756923676
  ],
  "euler_order": "XYZ",
  "rotation_matrix": [
   [
    0.9834331274032593,
    0.1805281788110733,
    -0.016395920887589455
   ],
   [
    -0.18079273402690887,
    0.983384370803833,
    -0.016404855996370316
   ],
   [
    0.013161953538656235,
    0.0190973412245512,
    0.9997310042381287
   ]
  ]
 },
 {
  "rotation_euler": [
   -1.8455950021743774,
   1.2451449632644653,
   1.5262397527694702
  ],
  "euler_order": "XYZ",
  "rotation_matrix": [
   [
    0.014250089414417744,
    0.23046641051769257,
    -0.9729759097099304
   ],
   [
    0.3196084499359131,
    -0.9230758547782898,
    -0.2139657586812973
   ],
   [
    -0.9474425315856934,
    -0.3079223036766052,
    -0.08681292831897736
   ]
  ]
 },
 {
  "rotation_euler": [
   0.018281318247318268,
   -0.011728600598871708,
   0.22003492712974548
  ],
  "euler_order": "XYZ",
  "rotation_matrix": [
   [
    0.9758226871490479,
    -0.21843646466732025,
    -0.0074537210166454315
   ],
   [
    0.21824869513511658,
    0.9756799340248108,
    -0.020399000495672226
   ],
   [
    0.011728331446647644,
    0.018279042094945908,
    0.9997641444206238
   ]
  ]
 }
]