[
 {
  "rotation_euler": [
   -0.9025662541389465,
   0.2986328601837158,
   -2.877533435821533
  ],
  "euler_order": "XYZ",
  "rotation_matrix": [
   [
    -0.922612190246582,
    0.3846454322338104,
    0.02888931706547737
   ],
   [
    -0.24944919347763062,
    -0.5378473997116089,
    -0.8052920699119568
   ],
   [
    -0.2942138612270355,
    -0.7501786947250366,
    0.5921740531921387
   ]
  ]
 },
 {
  "rotation_euler": [
   -0.9170084595680237,
   -0.3139890432357788,
   1.1154768466949463
  ],
  "euler_order": "XYZ",
  "rotation_matrix": [
   [
    0.4182495176792145,
    -0.43842369318008423,
    -0.7955199480056763
   ],
   [
    0.8542106747627258,
    0.48764193058013916,
    0.18035931885242462
   ],
   [
    0.3088550865650177,
    -0.7549768090248108,
    0.5784621834754944
   ]
  ]
 },
 {
  "rotation_euler": [
   -0.9170082807540894,
   -0.3139888644218445,
   3.126264810562134
  ],
  "euler_order": "XYZ",
  "rotation_matrix": [
   [
    -0.9509974122047424,
    -0.2544578015804291,
    0.17565622925758362
   ],
   [
    0.014577881433069706,
    -0.6043685078620911,
    -0.7965714931488037
   ],
   [
    0.30885493755340576,
    -0.754976749420166,
    0.5784623622894287
   ]
  ]
 },
 {
  "rotation_euler": [
   -0.9170079231262207,
   -0.31398892402648926,
   -0.3661743402481079
  ],
  "euler_order": "XYZ",
  "rotation_matrix": [
   [
    0.888054370880127,
    0.4466739892959595,
    0.1088201254606247
   ],
   [
    -0.3405408561229706,
    0.48009660840034485,
    0.8084176778793335
   ],
   [
    0.30885499715805054,
    -0.7549765706062317,
    0.5784626007080078
   ]
  ]
 },
 {
  "rotation_euler": [
   -0.917008101940155,
   -0.31398987770080566,
   -1.1181526184082031
  ],
  "euler_order": "XYZ",
  "rotation_matrix": [
   [
    0.41596224904060364,
    0.6541703939437866,
    0.6316933631896973
   ],
   [
    -0.8553265333175659,
    0.04551625996828079,
    0.5160860419273376
   ],
   [
    0.30885589122772217,
    -0.7549763917922974,
    0.5784623026847839
   ]
  ]
 },
 {
  "rotation_euler": [
   -0.9025663137435913,
   0.29863283038139343,
   0.9483449459075928
  ],
  "euler_order": "XYZ",
  "rotation_matrix": [
   [
    0.5572234988212585,
    -0.6380344033241272,
    -0.5314264893531799
   ],
   [
    0.7764922380447388,
    0.17362025380134583,
    0.605735719203949
   ],
   [
    -0.29421383142471313,
    -0.7501787543296814,
    0.5921740531921387
   ]
  ]
 },
 {
  "rotation_euler": [
   -0.9170076251029968,
   -0.31398940086364746,
   1.194645881652832
  ],
  "euler_order": "XYZ",
  "rotation_matrix": [
   [
    0.34938302636146545,
    -0.47561684250831604,
    -0.8072918653488159
   ],
   [
    0.8846127986907959,
    0.45144155621528625,
    0.11687904596328735
   ],
   [
    0.30885544419288635,
    -0.7549762725830078,
    0.5784627795219421
   ]
  ]
 },
 {
  "rotation_euler": [
   -0.2695096731185913,
   0.22348228096961975,
   -1.7154736518859863
  ],
  "euler_order": "XYZ",
  "rotation_matrix": [
   [
    -0.14058777689933777,
    0.9623388648033142,
    0.23267792165279388
   ],
   [
    -0.9649438858032227,
    -0.08057516813278198,
    -0.2497817724943161
   ],
   [
    -0.2216266393661499,
    -0.25963741540908813,
    0.9399308562278748
   ]
  ]
 },
 {
  "rotation_euler": [
   -0.917008101940155,
   -0.3139887750148773,
   -3.0953638553619385
  ],
  "euler_order": "XYZ",
  "rotation_matrix": [
   [
    -0.9500930309295654,
    -0.21679633855819702,
    0.22432683408260345
   ],
   [
    -0.043952975422143936,
    -0.618877649307251,
    -0.7842566967010498
   ],
   [
    0.3088548481464386,
    -0.7549766898155212,
    0.578462541103363
   ]
  ]
 },
 {
  "rotation_euler": [
   -0.9025660157203674,
   0.2986324429512024,
   -2.53210711479187
  ],
  "euler_order": "XYZ",
  "rotation_matrix": [
   [
    -0.7836517691612244,
    0.5440386533737183,
    0.2998530864715576
   ],
   [
    -0.5471091270446777,
    -0.37583762407302856,
    -0.747942328453064
   ],
   [
    -0.2942134439945221,
    -0.7501786351203918,
    0.5921743512153625
   ]
  ]
 },
 {
  "rotation_euler": [
   -0.9025685787200928,
   0.29863283038139343,
   -2.227313280105591
  ],
  "euler_order": "XYZ",
  "rotation_matrix": [
   [
    -0.5833467245101929,
    0.6317497491836548,
    0.5104888677597046
   ],
   [
    -0.7570632696151733,
    -0.19524891674518585,
    -0.6234846115112305
   ],
   [
    -0.29421383142471313,
    -0.7501800656318665,
    0.5921723246574402
   ]
  ]
 },
 {
  "rotation_euler": [
   -0.9025658965110779,
   0.29863250255584717,
   -1.2555649280548096
  ],
  "euler_order": "XYZ",
  "rotation_matrix": [
   [
    0.29631417989730835,
    0.5174691677093506,
    0.8027599453926086
   ],
   [
    -0.9086453318595886,
    0.41165250539779663,
    0.07004212588071823
   ],
   [
    -0.29421350359916687,
    -0.7501785755157471,
    0.5921744108200073
   ]
  ]
 },
 {
  "rotation_euler": [
   -0.902566134929657,
   0.2986326217651367,
   -1.0668768882751465
  ],
  "euler_order": "XYZ",
  "rotation_matrix": [
   [
    0.46148988604545593,
    0.4310706555843353,
    0.7753742337226868
   ],
   [
    -0.8369381427764893,
    0.501408040523529,
    0.21937300264835358
   ],
   [
    -0.2942136228084564,
    -0.7501786947250366,
    0.592174232006073
   ]
  ]
 },
 {
  "rotation_euler": [
   -0.9025661945343018,
   0.29863274097442627,
   -0.9522309899330139
  ],
  "euler_order": "XYZ",
  "rotation_matrix": [
   [
    0.5542017817497253,
    0.37088218331336975,
    0.7451890707015991
   ],
   [
    -0.7786518335342407,
    0.5474288463592529,
    0.30663174390792847
   ],
   [
    -0.29421374201774597,
    -0.7501786947250366,
    0.5921741127967834
   ]
  ]
 },
 {
  "rotation_euler": [
   -0.917007565498352,
   -0.313989520072937,
   -0.3648938834667206
  ],
  "euler_order": "XYZ",
  "rotation_matrix": [
   [
    0.8884894847869873,
    0.44605934619903564,
    0.10778441280126572
   ],
   [
    -0.3394033908843994,
    0.480668306350708,
    0.808556318283081
   ],
   [
    0.3088555634021759,
    -0.754976212978363,
    0.5784627795219421
   ]
  ]
 },
 {
  "rotation_euler": [
   -0.18776878714561462,
   0.04983055964112282,
   1.4655503034591675
  ],
  "euler_order": "XYZ",
  "rotation_matrix": [
   [
    0.10492143779993057,
    -0.977963924407959,
    -0.18049383163452148
   ],
   [
    0.9932323098182678,
    0.09395891427993774,
    0.06827342510223389
   ],
   [
    -0.04980994015932083,
    -0.18643565475940704,
    0.9812037348747253
   ]
  ]
 }
]