[
 {
  "rotation_euler": [
   -3.929628462628898e-07,
   3.0033260145501117e-07,
   -1.2179861068725586
  ],
  "euler_order": "XYZ",
  "rotation_matrix": [
   [
    0.3455362915992737,
    0.9384053945541382,
    4.72534253503909e-07
   ],
   [
    -0.9384053945541382,
    0.3455362915992737,
    -1.4605080878027366e-07
   ],
   [
    -3.0033260145501117e-07,
    -3.929628462628898e-07,
    1.0
   ]
  ]
 },
 {
  "rotation_euler": [
   -1.463482988128817e-07,
   2.4234955731117225e-07,
   0.3559502363204956
  ],
  "euler_order": "XYZ",
  "rotation_matrix": [
   [
    0.9373157620429993,
    -0.3484812080860138,
    1.7615843717067037e-07
   ],
   [
    0.3484812080860138,
    0.9373157620429993,
    2.2162883794862864e-07
   ],
   [
    -2.4234955731117225e-07,
    -1.463482988128817e-07,
    1.0
   ]
  ]
 },
 {
  "rotation_euler": [
   7.332153018069221e-08,
   -1.4919388036105374e-07,
   -2.36326003074646
  ],
  "euler_order": "XYZ",
  "rotation_matrix": [
   [
    -0.7120851874351501,
    0.7020930647850037,
    5.4760210588256086e-08
   ],
   [
    -0.7020930647850037,
    -0.7120851874351501,
    1.5695916033564572e-07
   ],
   [
    1.4919388036105374e-07,
    7.332153018069221e-08,
    1.0
   ]
  ]
 },
 {
  "rotation_euler": [
   -0.7514950037002563,
   0.8108265399932861,
   2.132068634033203
  ],
  "euler_order": "XYZ",
  "rotation_matrix": [
   [
    -0.3666762411594391,
    -0.35516053438186646,
    -0.8598892688751221
   ],
   [
    0.5832076072692871,
    -0.8078658580780029,
    0.08498034626245499
   ],
   [
    -0.7248568534851074,
    -0.47033366560935974,
    0.5033575296401978
   ]
  ]
 },
 {
  "rotation_euler": [
   -0.7514958381652832,
   0.8108268976211548,
   3.1065707206726074
  ],
  "euler_order": "XYZ",
  "rotation_matrix": [
   [
    -0.6884768605232239,
    0.4689958095550537,
    -0.5532111525535583
   ],
   [
    0.02412165328860283,
    -0.7475486397743225,
    -0.6637689471244812
   ],
   [
    -0.7248570919036865,
    -0.47033393383026123,
    0.50335693359375
   ]
  ]
 },
 {
  "rotation_euler": [
   -0.7514950037002563,
   0.8108266592025757,
   2.7136974334716797
  ],
  "euler_order": "XYZ",
  "rotation_matrix": [
   [
    -0.6267890930175781,
    0.1470688432455063,
    -0.7651837468147278
   ],
   [
    0.28586345911026,
    -0.870147705078125,
    -0.40140384435653687
   ],
   [
    -0.7248569130897522,
    -0.47033360600471497,
    0.503357470035553
   ]
  ]
 },
 {
  "rotation_euler": [
   -7.67279431101997e-08,
   3.9240756422032064e-08,
   0.07014676183462143
  ],
  "euler_order": "XYZ",
  "rotation_matrix": [
   [
    0.9975407123565674,
    -0.07008925080299377,
    3.376644741592827e-08
   ],
   [
    0.07008925080299377,
    0.9975407123565674,
    7.928960599201673e-08
   ],
   [
    -3.9240756422032064e-08,
    -7.67279431101997e-08,
    1.0
   ]
  ]
 },
 {
  "rotation_euler": [
   5.973505068368468e-08,
   7.046010637168365e-07,
   -0.5834616422653198
  ],
  "euler_order": "XYZ",
  "rotation_matrix": [
   [
    0.8345605731010437,
    0.5509161949157715,
    5.551232789002825e-07
   ],
   [
    -0.5509161949157715,
    0.8345605731010437,
    -4.3802864979625156e-07
   ],
   [
    -7.046010637168365e-07,
    5.973505068368468e-08,
    1.0
   ]
  ]
 },
 {
  "rotation_euler": [
   -0.7514957189559937,
   0.81082683801651,
   2.475649118423462
  ],
  "euler_order": "XYZ",
  "rotation_matrix": [
   [
    -0.5417051315307617,
    -0.062264252454042435,
    -0.8382593393325806
   ],
   [
    0.4256029427051544,
    -0.8802892565727234,
    -0.20964959263801575
   ],
   [
    -0.7248570322990417,
    -0.47033390402793884,
    0.5033570528030396
   ]
  ]
 },
 {
  "rotation_euler": [
   -0.7514963746070862,
   0.8108273148536682,
   -0.9697198867797852
  ],
  "euler_order": "XYZ",
  "rotation_matrix": [
   [
    0.3895934224128723,
    0.3227299153804779,
    0.862590491771698
   ],
   [
    -0.5681537985801697,
    0.8213594555854797,
    -0.05069412663578987
   ],
   [
    -0.7248573303222656,
    -0.470333993434906,
    0.5033564567565918
   ]
  ]
 },
 {
  "rotation_euler": [
   -4.472039449865406e-08,
   2.3678626348555554e-06,
   -1.0384037494659424
  ],
  "euler_order": "XYZ",
  "rotation_matrix": [
   [
    0.5075962543487549,
    0.861595094203949,
    1.2404490234985133e-06
   ],
   [
    -0.861595094203949,
    0.5075962543487549,
    -2.017438873735955e-06
   ],
   [
    -2.3678626348555554e-06,
    -4.472039449865406e-08,
    1.0
   ]
  ]
 },
 {
  "rotation_euler": [
   -0.7514960169792175,
   0.8108272552490234,
   -0.4856524169445038
  ],
  "euler_order": "XYZ",
  "rotation_matrix": [
   [
    0.6092420220375061,
    -0.09659529477357864,
    0.7870790958404541
   ],
   [
    -0.3215680420398712,
    0.8771860599517822,
    0.3565649688243866
   ],
   [
    -0.7248573303222656,
    -0.47033384442329407,
    0.5033566951751709
   ]
  ]
 },
 {
  "rotation_euler": [
   -0.7514949440956116,
   0.8108265995979309,
   -2.986452102661133
  ],
  "euler_order": "XYZ",
  "rotation_matrix": [
   [
    -0.6806256771087646,
    0.6018414497375488,
    -0.417774498462677
   ],
   [
    -0.10644803941249847,
    -0.6454247832298279,
    -0.7563700675964355
   ],
   [
    -0.7248568534851074,
    -0.47033360600471497,
    0.5033575296401978
   ]
  ]
 },
 {
  "rotation_euler": [
   -9.552951496516471e-08,
   2.5864531494335097e-07,
   -0.7122832536697388
  ],
  "euler_order": "XYZ",
  "rotation_matrix": [
   [
    0.7568715810775757,
    0.6535636186599731,
    2.581959108738374e-07
   ],
   [
    -0.6535636186599731,
    0.7568715810775757,
    -9.673758682993139e-08
   ],
   [
    -2.5864531494335097e-07,
    -9.552951496516471e-08,
    1.0
   ]
  ]
 },
 {
  "rotation_euler": [
   -0.7514950037002563,
   0.8108265399932861,
   2.6614832878112793
  ],
  "euler_order": "XYZ",
  "rotation_matrix": [
   [
    -0.6110156178474426,
    0.10145498067140579,
    -0.7850903272628784
   ],
   [
    0.31818628311157227,
    -0.8766373991966248,
    -0.36092156171798706
   ],
   [
    -0.7248568534851074,
    -0.47033366560935974,
    0.5033575296401978
   ]
  ]
 },
 {
  "rotation_euler": [
   -0.7514946460723877,
   0.810826301574707,
   2.2646758556365967
  ],
  "euler_order": "XYZ",
  "rotation_matrix": [
   [
    -0.440568208694458,
    -0.24522764980793,
    -0.8635757565498352
   ],
   [
    0.5296059846878052,
    -0.8477320671081543,
    -0.02945915050804615
   ],
   [
    -0.7248566746711731,
    -0.47033360600471497,
    0.5033578276634216
   ]
  ]
 }
]