[
 {
  "rotation_euler": [
   -5.442961423796078e-07,
   5.614525093733391e-07,
   -0.0312792994081974
  ],
  "euler_order": "XYZ",
  "rotation_matrix": [
   [
    0.9995108246803284,
    0.03127419948577881,
    5.78200285872299e-07
   ],
   [
    -0.03127419948577881,
    0.9995108246803284,
    5.264708988761413e-07
   ],
   [
    -5.614525093733391e-07,
    -5.442961423796078e-07,
    1.0
   ]
  ]
 },
 {
  "rotation_euler": [
   -1.3689771094504977e-06,
   1.1906903552016956e-07,
   -0.9826793074607849
  ],
  "euler_order": "XYZ",
  "rotation_matrix": [
   [
    0.5547953844070435,
    0.8319868445396423,
    1.2050298892063438e-06
   ],
   [
    -0.8319868445396423,
    0.5547953844070435,
    6.604383315789164e-07
   ],
   [
    -1.1906903552016956e-07,
    -1.3689771094504977e-06,
    1.0
   ]
  ]
 },
 {
  "rotation_euler": [
   6.181160188134527e-07,
   1.7633809648032184e-06,
   1.0162259340286255
  ],
  "euler_order": "XYZ",
  "rotation_matrix": [
   [
    0.5265781283378601,
    -0.8501267433166504,
    1.4540347592628677e-06
   ],
   [
    0.8501267433166504,
    0.5265781283378601,
    1.173610939986247e-06
   ],
   [
    -1.7633809648032184e-06,
    6.181160188134527e-07,
    1.0
   ]
  ]
 },
 {
  "rotation_euler": [
   4.623406084647286e-07,
   -7.890983511060767e-07,
   2.4594874382019043
  ],
  "euler_order": "XYZ",
  "rotation_matrix": [
   [
    -0.7762472629547119,
    -0.6304286122322083,
    9.04008174984483e-07
   ],
   [
    0.6304286122322083,
    -0.7762472629547119,
    -1.385795371788845e-07
   ],
   [
    7.890983511060767e-07,
    4.623406084647286e-07,
    1.0
   ]
  ]
 },
 {
  "rotation_euler": [
   2.326673893549014e-06,
   7.693291195209895e-07,
   1.5655096769332886
  ],
  "euler_order": "XYZ",
  "rotation_matrix": [
   [
    0.005286625120788813,
    -0.9999860525131226,
    2.330708639419754e-06
   ],
   [
    0.9999860525131226,
    0.005286625120788813,
    7.570181423943723e-07
   ],
   [
    -7.693291195209895e-07,
    2.326673893549014e-06,
    1.0
   ]
  ]
 },
 {
  "rotation_euler": [
   1.7109513237301144e-06,
   -1.381213934337211e-07,
   1.4535304307937622
  ],
  "euler_order": "XYZ",
  "rotation_matrix": [
   [
    0.11699732393026352,
    -0.9931322336196899,
    1.68304109138262e-06
   ],
   [
    0.9931322336196899,
    0.11699732393026352,
    -3.3734951898622967e-07
   ],
   [
    1.381213934337211e-07,
    1.7109513237301144e-06,
    1.0
   ]
  ]
 },
 {
  "rotation_euler": [
   -2.9463253667927347e-06,
   8.118137202473008e-07,
   1.6046686172485352
  ],
  "euler_order": "XYZ",
  "rotation_matrix": [
   [
    -0.03386581316590309,
    -0.9994263648986816,
    -2.972127958855708e-06
   ],
   [
    0.9994263648986816,
    -0.03386581316590309,
    7.115683615666057e-07
   ],
   [
    -8.118137202473008e-07,
    -2.9463253667927347e-06,
    1.0
   ]
  ]
 },
 {
  "rotation_euler": [
   1.6960526636466966e-06,
   -7.49968762647768e-08,
   -0.6661204695701599
  ],
  "euler_order": "XYZ",
  "rotation_matrix": [
   [
    0.786224901676178,
    0.6179404854774475,
    -1.107023990698508e-06
   ],
   [
    -0.6179404854774475,
    0.786224901676178,
    -1.2871352055299212e-06
   ],
   [
    7.49968762647768e-08,
    1.6960526636466966e-06,
    1.0
   ]
  ]
 },
 {
  "rotation_euler": [
   1.7475484810347552e-06,
   -5.909097353651305e-07,
   -1.6460559368133545
  ],
  "euler_order": "XYZ",
  "rotation_matrix": [
   [
    -0.07518858462572098,
    0.9971693158149719,
    -1.6981721273623407e-06
   ],
   [
    -0.9971693158149719,
    -0.07518858462572098,
    7.206327836684068e-07
   ],
   [
    5.909097353651305e-07,
    1.7475484810347552e-06,
    1.0
   ]
  ]
 },
 {
  "rotation_euler": [
   4.791050969288335e-07,
   -9.067460950973327e-07,
   2.395158290863037
  ],
  "euler_order": "XYZ",
  "rotation_matrix": [
   [
    -0.7341147065162659,
    -0.6790254712104797,
    9.909801974572474e-07
   ],
   [
    0.6790254712104797,
    -0.7341147065162659,
    -2.6398564045848616e-07
   ],
   [
    9.067460950973327e-07,
    4.791050969288335e-07,
    1.0
   ]
  ]
 },
 {
  "rotation_euler": [
   -5.853945026501606e-07,
   -7.23245932476857e-07,
   -1.49383544921875
  ],
  "euler_order": "XYZ",
  "rotation_matrix": [
   [
    0.076884925365448,
    0.9970399737358093,
    5.280550112729543e-07
   ],
   [
    -0.9970399737358093,
    0.076884925365448,
    7.661131462555204e-07
   ],
   [
    7.23245932476857e-07,
    -5.853945026501606e-07,
    1.0
   ]
  ]
 },
 {
  "rotation_euler": [
   -2.243005496893602e-07,
   -2.0018423185774736e-07,
   -1.147243618965149
  ],
  "euler_order": "XYZ",
  "rotation_matrix": [
   [
    0.4110018014907837,
    0.9116345047950745,
    1.2220404244089877e-07
   ],
   [
    -0.9116345047950745,
    0.4110018014907837,
    2.746827760802262e-07
   ],
   [
    2.0018423185774736e-07,
    -2.243005496893602e-07,
    1.0
   ]
  ]
 },
 {
  "rotation_euler": [
   -6.381646358022408e-07,
   -7.078565431584138e-07,
   -0.21741731464862823
  ],
  "euler_order": "XYZ",
  "rotation_matrix": [
   [
    0.9764578342437744,
    0.21570846438407898,
    -5.535345621865417e-07
   ],
   [
    -0.21570846438407898,
    0.9764578342437744,
    7.758314950478962e-07
   ],
   [
    7.078565431584138e-07,
    -6.381646358022408e-07,
    1.0
   ]
  ]
 },
 {
  "rotation_euler": [
   -1.9323033484397456e-06,
   1.8530322165588586e-07,
   -2.5141210556030273
  ],
  "euler_order": "XYZ",
  "rotation_matrix": [
   [
    -0.8095145225524902,
    0.5870998501777649,
    9.844493433774915e-07
   ],
   [
    -0.5870998501777649,
    -0.8095145225524902,
    -1.6730191418901086e-06
   ],
   [
    -1.8530322165588586e-07,
    -1.9323033484397456e-06,
    1.0
   ]
  ]
 },
 {
  "rotation_euler": [
   1.102065425584442e-06,
   -1.3416160626888995e-08,
   1.6563256978988647
  ],
  "euler_order": "XYZ",
  "rotation_matrix": [
   [
    -0.08542513102293015,
    -0.9963445663452148,
    1.0991830095008481e-06
   ],
   [
    0.9963445663452148,
    -0.08542513102293015,
    8.077696378450128e-08
   ],
   [
    1.3416160626888995e-08,
    1.102065425584442e-06,
    1.0
   ]
  ]
 },
 {
  "rotation_euler": [
   -7.077048849168932e-07,
   5.895049071114045e-07,
   -1.1534258127212524
  ],
  "euler_order": "XYZ",
  "rotation_matrix": [
   [
    0.40535810589790344,
    0.9141579866409302,
    8.859146305439936e-07
   ],
   [
    -0.9141579866409302,
    0.40535810589790344,
    -2.5202672304658336e-07
   ],
   [
    -5.895049071114045e-07,
    -7.077048849168932e-07,
    1.0
   ]
  ]
 }
]