[
 {
  "rotation_euler": [
   -1.8468806743621826,
   -0.019088320434093475,
   2.04290771484375
  ],
  "euler_order": "XYZ",
  "rotation_matrix": [
   [
    -0.45468488335609436,
    0.23442023992538452,
    -0.8592489957809448
   ],
   [
    0.8904478549957275,
    0.1403207629919052,
    -0.4329119324684143
   ],
   [
    0.019087161868810654,
    -0.9619548916816711,
    -0.27254071831703186
   ]
  ]
 },
 {
  "rotation_euler": [
   0.006111748516559601,
   1.1798949799413094e-06,
   0.3546789586544037
  ],
  "euler_order": "XYZ",
  "rotation_matrix": [
   [
    0.9377580285072327,
    -0.3472828269004822,
    0.0021236382890492678
   ],
   [
    0.3472893238067627,
    0.9377405047416687,
    -0.005730895791202784
   ],
   [
    -1.1798949799413094e-06,
    0.006111710332334042,
    0.9999813437461853
   ]
  ]
 },
 {
  "rotation_euler": [
   0.006112170871347189,
   -8.624367069387517e-07,
   0.6309452056884766
  ],
  "euler_order": "XYZ",
  "rotation_matrix": [
   [
    0.8074702620506287,
    -0.5898972153663635,
    0.0036049012560397387
   ],
   [
    0.589908242225647,
    0.8074551820755005,
    -0.004935874603688717
   ],
   [
    8.624367069387517e-07,
    0.00611213268712163,
    0.9999813437461853
   ]
  ]
 },
 {
  "rotation_euler": [
   1.2947118282318115,
   -3.1331262588500977,
   -0.11543333530426025
  ],
  "euler_order": "XYZ",
  "rotation_matrix": [
   [
    -0.9933093786239624,
    0.023304734379053116,
    -0.11310788244009018
   ],
   [
    0.11517301946878433,
    0.27171462774276733,
    -0.955461323261261
   ],
   [
    0.008466294035315514,
    -0.9620956778526306,
    -0.27258074283599854
   ]
  ]
 },
 {
  "rotation_euler": [
   0.004131969530135393,
   0.00037490625982172787,
   -2.1854939460754395
  ],
  "euler_order": "XYZ",
  "rotation_matrix": [
   [
    -0.5767114758491516,
    0.8169400095939636,
    -0.003591804997995496
   ],
   [
    -0.8169478178024292,
    -0.5767078399658203,
    0.0020766714587807655
   ],
   [
    -0.00037490625982172787,
    0.004131957422941923,
    0.9999914169311523
   ]
  ]
 },
 {
  "rotation_euler": [
   1.3724756240844727,
   -0.002208731370046735,
   1.4147813320159912
  ],
  "euler_order": "XYZ",
  "rotation_matrix": [
   [
    0.15538246929645538,
    -0.19496671855449677,
    0.96842360496521
   ],
   [
    0.9878519177436829,
    0.028474895283579826,
    -0.15276704728603363
   ],
   [
    0.0022087295074015856,
    0.9803964495658875,
    0.19702275097370148
   ]
  ]
 },
 {
  "rotation_euler": [
   1.3724751472473145,
   -0.0004107146814931184,
   3.0176024436950684
  ],
  "euler_order": "XYZ",
  "rotation_matrix": [
   [
    -0.9923229813575745,
    -0.023966891691088676,
    0.1213289126753807
   ],
   [
    0.12367274612188339,
    -0.19556096196174622,
    0.9728622436523438
   ],
   [
    0.0004107146814931184,
    0.9803986549377441,
    0.1970236748456955
   ]
  ]
 },
 {
  "rotation_euler": [
   1.372475504875183,
   -0.0043221525847911835,
   -2.8910484313964844
  ],
  "euler_order": "XYZ",
  "rotation_matrix": [
   [
    -0.9687685966491699,
    0.05295335873961449,
    -0.24224650859832764
   ],
   [
    -0.2479289174079895,
    -0.18982122838497162,
    0.9499995708465576
   ],
   [
    0.0043221390806138515,
    0.9803896546363831,
    0.1970214992761612
   ]
  ]
 },
 {
  "rotation_euler": [
   1.3724756240844727,
   -0.0013249337207525969,
   2.6623265743255615
  ],
  "euler_order": "XYZ",
  "rotation_matrix": [
   [
    -0.8873327970504761,
    -0.08970032632350922,
    0.45232105255126953
   ],
   [
    0.4611276686191559,
    -0.17542432248592377,
    0.8698204159736633
   ],
   [
    0.0013249333715066314,
    0.9803979396820068,
    0.19702304899692535
   ]
  ]
 },
 {
  "rotation_euler": [
   0.006109003908932209,
   -3.806450479260093e-07,
   -1.884913444519043
  ],
  "euler_order": "XYZ",
  "rotation_matrix": [
   [
    -0.3089769184589386,
    0.9510517716407776,
    -0.005809933878481388
   ],
   [
    -0.9510695338249207,
    -0.3089711368083954,
    0.0018878914415836334
   ],
   [
    3.806450479260093e-07,
    0.00610896572470665,
    0.9999813437461853
   ]
  ]
 },
 {
  "rotation_euler": [
   0.015645526349544525,
   -0.0010023139184340835,
   0.4274306297302246
  ],
  "euler_order": "XYZ",
  "rotation_matrix": [
   [
    0.9100334048271179,
    -0.4144974946975708,
    0.005573309492319822
   ],
   [
    0.4145337641239166,
    0.9099159836769104,
    -0.01465282030403614
   ],
   [
    0.0010023138020187616,
    0.015644880011677742,
    0.9998770952224731
   ]
  ]
 },
 {
  "rotation_euler": [
   0.006107441149652004,
   -2.5172371351800393e-06,
   -2.5439958572387695
  ],
  "euler_order": "XYZ",
  "rotation_matrix": [
   [
    -0.8266901969909668,
    0.5626469254493713,
    -0.0034342946019023657
   ],
   [
    -0.5626574158668518,
    -0.82667475938797,
    0.0050503467209637165
   ],
   [
    2.5172371351800393e-06,
    0.006107402965426445,
    0.9999813437461853
   ]
  ]
 },
 {
  "rotation_euler": [
   1.3724759817123413,
   2.9608745535369962e-05,
   -1.1633836030960083
  ],
  "euler_order": "XYZ",
  "rotation_matrix": [
   [
    0.3962351381778717,
    0.18090787529945374,
    -0.9001500010490417
   ],
   [
    -0.9181490540504456,
    0.07804073393344879,
    -0.38847386837005615
   ],
   [
    -2.9608745535369962e-05,
    0.9803988933563232,
    0.19702287018299103
   ]
  ]
 },
 {
  "rotation_euler": [
   0.006102480925619602,
   4.4328799049253576e-06,
   1.2553465366363525
  ],
  "euler_order": "XYZ",
  "rotation_matrix": [
   [
    0.3102441132068634,
    -0.9506392478942871,
    0.005802704952657223
   ],
   [
    0.9506569504737854,
    0.3102383613586426,
    -0.0018890328938141465
   ],
   [
    -4.4328799049253576e-06,
    0.00610244320705533,
    0.9999814033508301
   ]
  ]
 },
 {
  "rotation_euler": [
   0.006127060391008854,
   -3.5509410167833266e-07,
   -2.2785611152648926
  ],
  "euler_order": "XYZ",
  "rotation_matrix": [
   [
    -0.6501370668411255,
    0.7598026990890503,
    -0.00465518468990922
   ],
   [
    -0.7598169445991516,
    -0.6501248478889465,
    0.003983673639595509
   ],
   [
    3.5509410167833266e-07,
    0.006127022206783295,
    0.9999812245368958
   ]
  ]
 },
 {
  "rotation_euler": [
   0.0061112986877560616,
   1.4453936501013231e-06,
   -2.104978561401367
  ],
  "euler_order": "XYZ",
  "rotation_matrix": [
   [
    -0.5091373920440674,
    0.8606691956520081,
    -0.005260607693344355
   ],
   [
    -0.8606852889060974,
    -0.5091278553009033,
    0.0031102271750569344
   ],
   [
    -1.4453936501013231e-06,
    0.006111260503530502,
    0.9999813437461853
   ]
  ]
 }
]