[
 {
  "rotation_euler": [
   4.977215576218441e-05,
   -0.0017984232399612665,
   0.8710813522338867
  ],
  "euler_order": "XYZ",
  "rotation_matrix": [
   [
    0.6439986228942871,
    -0.7650258541107178,
    -0.001120106317102909
   ],
   [
    0.7650245428085327,
    0.6439995765686035,
    -0.0014078926760703325
   ],
   [
    0.001798422308638692,
    4.9772075726650655e-05,
    0.9999983906745911
   ]
  ]
 },
 {
  "rotation_euler": [
   1.1490010023117065,
   2.0366199016571045,
   -1.0561155080795288
  ],
  "euler_order": "XYZ",
  "rotation_matrix": [
   [
    -0.2211015671491623,
    0.7576225996017456,
    -0.6141026616096497
   ],
   [
    0.3909702003002167,
    -0.508013904094696,
    -0.7675051689147949
   ],
   [
    -0.8934519290924072,
    -0.4097924530506134,
    -0.18388518691062927
   ]
  ]
 },
 {
  "rotation_euler": [
   -1.4572060108184814,
   -2.6200578212738037,
   -0.380130797624588
  ],
  "euler_order": "XYZ",
  "rotation_matrix": [
   [
    -0.805161714553833,
    0.5017219185829163,
    0.316211462020874
   ],
   [
    0.32171395421028137,
    -0.07841094583272934,
    0.9435845613479614
   ],
   [
    0.49821150302886963,
    0.8614678382873535,
    -0.09827744960784912
   ]
  ]
 },
 {
  "rotation_euler": [
   -0.009665785357356071,
   -0.01022360660135746,
   2.7501540184020996
  ],
  "euler_order": "XYZ",
  "rotation_matrix": [
   [
    -0.9243128299713135,
    -0.38159215450286865,
    0.005762078799307346
   ],
   [
    0.38149869441986084,
    -0.9242802858352661,
    -0.012834783643484116
   ],
   [
    0.010223428718745708,
    -0.009665129706263542,
    0.9999010562896729
   ]
  ]
 },
 {
  "rotation_euler": [
   0.26541444659233093,
   -0.2638145387172699,
   2.4281980991363525
  ],
  "euler_order": "XYZ",
  "rotation_matrix": [
   [
    -0.7299839854240417,
    -0.5797684788703918,
    0.3619280457496643
   ],
   [
    0.6317634582519531,
    -0.7744295001029968,
    0.033673372119665146
   ],
   [
    0.260765016078949,
    0.253233939409256,
    0.9315976500511169
   ]
  ]
 },
 {
  "rotation_euler": [
   1.720559000968933,
   0.07877738773822784,
   -1.2247955799102783
  ],
  "euler_order": "XYZ",
  "rotation_matrix": [
   [
    0.3380865156650543,
    -0.11397109180688858,
    -0.9341884851455688
   ],
   [
    -0.9378190040588379,
    -0.12380407005548477,
    -0.3242962956428528
   ],
   [
    -0.07869593054056168,
    0.9857398867607117,
    -0.1487407386302948
   ]
  ]
 },
 {
  "rotation_euler": [
   -0.016597656533122063,
   -0.012861058115959167,
   -2.3280563354492188
  ],
  "euler_order": "XYZ",
  "rotation_matrix": [
   [
    -0.6868759989738464,
    0.7264742255210876,
    0.020894533023238182
   ],
   [
    -0.7266608476638794,
    -0.6869933009147644,
    -0.0020560964476317167
   ],
   [
    0.012860703282058239,
    -0.016595521941781044,
    0.9997795820236206
   ]
  ]
 },
 {
  "rotation_euler": [
   0.0005080671398900449,
   0.0018914358224719763,
   -0.6945090889930725
  ],
  "euler_order": "XYZ",
  "rotation_matrix": [
   [
    0.7683666348457336,
    0.6400089859962463,
    0.0011281504994258285
   ],
   [
    -0.6400071978569031,
    0.7683672904968262,
    -0.0016009162645787
   ],
   [
    -0.001891434658318758,
    0.0005080662085674703,
    0.9999980926513672
   ]
  ]
 },
 {
  "rotation_euler": [
   1.2273516654968262,
   2.153291702270508,
   1.0364081859588623
  ],
  "euler_order": "XYZ",
  "rotation_matrix": [
   [
    -0.2801787853240967,
    0.11070050299167633,
    0.9535435438156128
   ],
   [
    -0.47341346740722656,
    0.848197340965271,
    -0.23757310211658478
   ],
   [
    -0.8350925445556641,
    -0.5179833173751831,
    -0.1852397918701172
   ]
  ]
 },
 {
  "rotation_euler": [
   -1.7691709995269775,
   0.2941112816333771,
   -2.0755271911621094
  ],
  "euler_order": "XYZ",
  "rotation_matrix": [
   [
    -0.46280738711357117,
    -0.03506852686405182,
    0.8857649564743042
   ],
   [
    -0.837719202041626,
    0.34406569600105286,
    -0.4240817427635193
   ],
   [
    -0.289889395236969,
    -0.9382904767990112,
    -0.18861372768878937
   ]
  ]
 },
 {
  "rotation_euler": [
   -1.8755007982254028,
   -0.9056493043899536,
   -0.5775386095046997
  ],
  "euler_order": "XYZ",
  "rotation_matrix": [
   [
    0.5170746445655823,
    0.4650487005710602,
    0.718584418296814
   ],
   [
    -0.33695486187934875,
    -0.6611421704292297,
    0.6703375577926636
   ],
   [
    0.7868260741233826,
    -0.5887450575828552,
    -0.18515940010547638
   ]
  ]
 },
 {
  "rotation_euler": [
   1.780527949333191,
   -0.4853869676589966,
   1.8537611961364746
  ],
  "euler_order": "XYZ",
  "rotation_matrix": [
   [
    -0.24695424735546112,
    0.32732605934143066,
    0.9120697379112244
   ],
   [
    0.8493197560310364,
    -0.38005027174949646,
    0.36635735630989075
   ],
   [
    0.46655067801475525,
    0.8651123642921448,
    -0.18414945900440216
   ]
  ]
 },
 {
  "rotation_euler": [
   1.7677836418151855,
   2.283740997314453,
   0.21486830711364746
  ],
  "euler_order": "XYZ",
  "rotation_matrix": [
   [
    -0.6390235424041748,
    0.7664821147918701,
    0.06445258110761642
   ],
   [
    -0.13945873081684113,
    -0.033047378063201904,
    -0.989676296710968
   ],
   [
    -0.7564391493797302,
    -0.6414148807525635,
    0.12801067531108856
   ]
  ]
 },
 {
  "rotation_euler": [
   -1.35978102684021,
   2.635284900665283,
   0.4890497922897339
  ],
  "euler_order": "XYZ",
  "rotation_matrix": [
   [
    -0.7720270156860352,
    -0.5170077085494995,
    -0.3696989417076111
   ],
   [
    -0.4108482599258423,
    -0.03786998242139816,
    0.9109168648719788
   ],
   [
    -0.48495152592658997,
    0.8551425933837891,
    -0.18317505717277527
   ]
  ]
 },
 {
  "rotation_euler": [
   0.0007615864160470665,
   0.0006541480543091893,
   2.477987289428711
  ],
  "euler_order": "XYZ",
  "rotation_matrix": [
   [
    -0.7877764105796814,
    -0.6159613132476807,
    -4.6214801841415465e-05
   ],
   [
    0.615960955619812,
    -0.7877760529518127,
    0.0010028894757851958
   ],
   [
    -0.0006541479961015284,
    0.0007615861832164228,
    0.9999995231628418
   ]
  ]
 },
 {
  "rotation_euler": [
   0.1769893765449524,
   -1.7603286504745483,
   1.0909298658370972
  ],
  "euler_order": "XYZ",
  "rotation_matrix": [
   [
    -0.08697669953107834,
    -0.9530267119407654,
    -0.29012951254844666
   ],
   [
    -0.16712111234664917,
    0.3010643720626831,
    -0.9388454556465149
   ],
   [
    0.9820924401283264,
    -0.0331709124147892,
    -0.18545648455619812
   ]
  ]
 }
]