[
 {
  "rotation_euler": [
   1.5426081418991089,
   -0.0056273480877280235,
   -0.8920478820800781
  ],
  "euler_order": "XYZ",
  "rotation_matrix": [
   [
    0.6278094053268433,
    0.018406087532639503,
    -0.778149425983429
   ],
   [
    -0.7783467769622803,
    0.022073078900575638,
    -0.6274464726448059
   ],
   [
    0.005627318285405636,
    0.9995869398117065,
    0.028184005990624428
   ]
  ]
 },
 {
  "rotation_euler": [
   -1.4003043174743652,
   -0.0718458741903305,
   -1.9446309804916382
  ],
  "euler_order": "XYZ",
  "rotation_matrix": [
   [
    -0.36424580216407776,
    0.13211438059806824,
    0.9218843579292297
   ],
   [
    -0.9285321831703186,
    -0.127817764878273,
    -0.3485549986362457
   ],
   [
    0.07178407907485962,
    -0.9829590320587158,
    0.16922953724861145
   ]
  ]
 },
 {
  "rotation_euler": [
   -1.3989038467407227,
   0.06008666381239891,
   3.08821177482605
  ],
  "euler_order": "XYZ",
  "rotation_matrix": [
   [
    -0.9967734813690186,
    0.04995494708418846,
    -0.06282606720924377
   ],
   [
    0.053259242326021194,
    -0.17396040260791779,
    -0.9833113551139832
   ],
   [
    -0.060050513595342636,
    -0.9834847450256348,
    0.1707385629415512
   ]
  ]
 },
 {
  "rotation_euler": [
   1.1652368307113647,
   -0.10722563415765762,
   1.8661693334579468
  ],
  "euler_order": "XYZ",
  "rotation_matrix": [
   [
    -0.2894248962402344,
    -0.3488209843635559,
    0.8913793563842773
   ],
   [
    0.9511991739273071,
    -0.20892752707004547,
    0.22708898782730103
   ],
   [
    0.10702028125524521,
    0.9136044979095459,
    0.3922670781612396
   ]
  ]
 },
 {
  "rotation_euler": [
   -1.4224343299865723,
   -0.040745098143815994,
   2.282474994659424
  ],
  "euler_order": "XYZ",
  "rotation_matrix": [
   [
    -0.6525638103485107,
    -0.13824912905693054,
    -0.7450152039527893
   ],
   [
    0.7566381096839905,
    -0.0660335123538971,
    -0.6504908800125122
   ],
   [
    0.04073382541537285,
    -0.988193690776825,
    0.1476956456899643
   ]
  ]
 },
 {
  "rotation_euler": [
   1.5052011013031006,
   -0.029695406556129456,
   -0.4297349154949188
  ],
  "euler_order": "XYZ",
  "rotation_matrix": [
   [
    0.9086754322052002,
    0.00037596089532598853,
    -0.4175030589103699
   ],
   [
    -0.41644614934921265,
    0.0719318762421608,
    -0.9063103199005127
   ],
   [
    0.029691042378544807,
    0.997409462928772,
    0.0655192956328392
   ]
  ]
 },
 {
  "rotation_euler": [
   1.5996910333633423,
   -0.001998727908357978,
   -0.6254435181617737
  ],
  "euler_order": "XYZ",
  "rotation_matrix": [
   [
    0.8107019066810608,
    -0.018533948808908463,
    -0.5851656794548035
   ],
   [
    -0.5854557156562805,
    -0.022252101451158524,
    -0.8103989362716675
   ],
   [
    0.001998726511374116,
    0.9995805621147156,
    -0.02889062836766243
   ]
  ]
 },
 {
  "rotation_euler": [
   1.5462872982025146,
   -0.008972294628620148,
   -0.7501343488693237
  ],
  "euler_order": "XYZ",
  "rotation_matrix": [
   [
    0.7315678596496582,
    0.010144993662834167,
    -0.6816931962966919
   ],
   [
    -0.6817095875740051,
    0.024043770506978035,
    -0.7312276363372803
   ],
   [
    0.008972174488008022,
    0.9996594190597534,
    0.02450558915734291
   ]
  ]
 },
 {
  "rotation_euler": [
   1.5428909063339233,
   -0.005168339237570763,
   0.18032294511795044
  ],
  "euler_order": "XYZ",
  "rotation_matrix": [
   [
    0.9837726950645447,
    -0.010086649097502232,
    0.17913560569286346
   ],
   [
    0.17934489250183105,
    0.026522831991314888,
    -0.9834286570549011
   ],
   [
    0.0051683164201676846,
    0.9995973110198975,
    0.02790142595767975
   ]
  ]
 },
 {
  "rotation_euler": [
   -1.638857126235962,
   -0.08424625545740128,
   1.7818225622177124
  ],
  "euler_order": "XYZ",
  "rotation_matrix": [
   [
    -0.2087205946445465,
    0.04891476407647133,
    -0.9767512679100037
   ],
   [
    0.9743485450744629,
    0.09633471816778183,
    -0.20338280498981476
   ],
   [
    0.08414663374423981,
    -0.9941463470458984,
    -0.06776706874370575
   ]
  ]
 },
 {
  "rotation_euler": [
   1.50119149684906,
   0.036967918276786804,
   2.3203084468841553
  ],
  "euler_order": "XYZ",
  "rotation_matrix": [
   [
    -0.6808162331581116,
    -0.0760299488902092,
    0.7284975647926331
   ],
   [
    0.7315211892127991,
    -0.020392585545778275,
    0.6815136671066284
   ],
   [
    -0.03695949912071228,
    0.9968969821929932,
    0.0695011243224144
   ]
  ]
 },
 {
  "rotation_euler": [
   1.5428941249847412,
   -0.0051715681329369545,
   -1.59162437915802
  ],
  "euler_order": "XYZ",
  "rotation_matrix": [
   [
    -0.020826267078518867,
    0.02800019457936287,
    -0.9993909597396851
   ],
   [
    -0.9997697472572327,
    0.00458737974986434,
    0.020962687209248543
   ],
   [
    0.005171544849872589,
    0.9995973706245422,
    0.027898209169507027
   ]
  ]
 },
 {
  "rotation_euler": [
   -1.5802394151687622,
   -0.105430006980896,
   -1.2919305562973022
  ],
  "euler_order": "XYZ",
  "rotation_matrix": [
   [
    0.27373698353767395,
    0.019888058304786682,
    0.9615989327430725
   ],
   [
    -0.9560301899909973,
    -0.10376419872045517,
    0.2742978036403656
   ],
   [
    0.105234794318676,
    -0.994403064250946,
    -0.009390515275299549
   ]
  ]
 },
 {
  "rotation_euler": [
   -1.548378825187683,
   -0.19151318073272705,
   -1.7617815732955933
  ],
  "euler_order": "XYZ",
  "rotation_matrix": [
   [
    -0.18635578453540802,
    -0.014115285128355026,
    0.9823809266090393
   ],
   [
    -0.9638674259185791,
    -0.19109183549880981,
    -0.1855895072221756
   ],
   [
    0.19034463167190552,
    -0.9814706444740295,
    0.022005805745720863
   ]
  ]
 },
 {
  "rotation_euler": [
   1.542914628982544,
   -0.005167320836335421,
   -1.632236123085022
  ],
  "euler_order": "XYZ",
  "rotation_matrix": [
   [
    -0.06140032783150673,
    0.028142638504505157,
    -0.9977163672447205
   ],
   [
    -0.9980998635292053,
    0.0034437968861311674,
    0.06152106821537018
   ],
   [
    0.0051672980189323425,
    0.99959796667099,
    0.02787771262228489
   ]
  ]
 },
 {
  "rotation_euler": [
   1.5996789932250977,
   0.05772647261619568,
   0.016230307519435883
  ],
  "euler_order": "XYZ",
  "rotation_matrix": [
   [
    0.9982028007507324,
    0.05813144892454147,
    0.014556908048689365
   ],
   [
    0.016202561557292938,
    -0.027938880026340485,
    -0.9994783401489258
   ],
   [
    -0.057694416493177414,
    0.997917890548706,
    -0.028830546885728836
   ]
  ]
 }
]