[
 {
  "rotation_euler": [
   -1.6513298760401085e-05,
   9.081800271815155e-06,
   1.365094780921936
  ],
  "euler_order": "XYZ",
  "rotation_matrix": [
   [
    0.20425397157669067,
    -0.9789179563522339,
    -1.4310170627140906e-05
   ],
   [
    0.9789179563522339,
    0.20425397157669067,
    1.2263243661436718e-05
   ],
   [
    -9.081800271815155e-06,
    -1.6513298760401085e-05,
    1.0
   ]
  ]
 },
 {
  "rotation_euler": [
   -5.986756264064752e-07,
   -1.844633956693542e-08,
   -2.2296817302703857
  ],
  "euler_order": "XYZ",
  "rotation_matrix": [
   [
    -0.612235963344574,
    0.7906751036643982,
    4.846514229939203e-07
   ],
   [
    -0.7906751036643982,
    -0.612235963344574,
    -3.5194568681617966e-07
   ],
   [
    1.844633956693542e-08,
    -5.986756264064752e-07,
    1.0
   ]
  ]
 },
 {
  "rotation_euler": [
   1.961561224561592e-08,
   2.675433430354701e-09,
   1.980520486831665
  ],
  "euler_order": "XYZ",
  "rotation_matrix": [
   [
    -0.3983563482761383,
    -0.9172307252883911,
    1.6926266610539642e-08
   ],
   [
    0.9172307252883911,
    -0.3983563482761383,
    1.0267993566515088e-08
   ],
   [
    -2.675433430354701e-09,
    1.961561224561592e-08,
    1.0
   ]
  ]
 },
 {
  "rotation_euler": [
   -2.557211757903133e-07,
   -9.098955899844441e-08,
   1.60956871509552
  ],
  "euler_order": "XYZ",
  "rotation_matrix": [
   [
    -0.03876267373561859,
    -0.9992484450340271,
    -2.520019961593789e-07
   ],
   [
    0.9992484450340271,
    -0.03876267373561859,
    -1.0083360990620349e-07
   ],
   [
    9.098955899844441e-08,
    -2.557211757903133e-07,
    1.0
   ]
  ]
 },
 {
  "rotation_euler": [
   -0.004497044254094362,
   -0.012220104224979877,
   -0.22388286888599396
  ],
  "euler_order": "XYZ",
  "rotation_matrix": [
   [
    0.9749699234962463,
    0.22206859290599823,
    -0.010916288942098618
   ],
   [
    -0.22200067341327667,
    0.975020706653595,
    0.007097774650901556
   ],
   [
    0.012219799682497978,
    -0.004496693145483732,
    0.9999152421951294
   ]
  ]
 },
 {
  "rotation_euler": [
   -2.487453514277149e-07,
   8.301435627799947e-08,
   2.911700487136841
  ],
  "euler_order": "XYZ",
  "rotation_matrix": [
   [
    -0.9736909866333008,
    -0.22787253558635712,
    -1.375125577851577e-07
   ],
   [
    0.22787253558635712,
    -0.9736909866333008,
    -2.232844167338044e-07
   ],
   [
    -8.301435627799947e-08,
    -2.487453514277149e-07,
    1.0
   ]
  ]
 },
 {
  "rotation_euler": [
   -1.594175635943884e-08,
   -3.07981800062862e-08,
   0.9523807764053345
  ],
  "euler_order": "XYZ",
  "rotation_matrix": [
   [
    0.5797448754310608,
    -0.8147980570793152,
    -3.0844400811247397e-08
   ],
   [
    0.8147980570793152,
    0.5797448754310608,
    -1.5852146262318456e-08
   ],
   [
    3.07981800062862e-08,
    -1.594175635943884e-08,
    1.0
   ]
  ]
 },
 {
  "rotation_euler": [
   -9.655356336679688e-08,
   1.9700367559494225e-08,
   -0.5853663682937622
  ],
  "euler_order": "XYZ",
  "rotation_matrix": [
   [
    0.8335097432136536,
    0.5525047779083252,
    6.9766755927958e-08
   ],
   [
    -0.5525047779083252,
    0.8335097432136536,
    6.959378850979192e-08
   ],
   [
    -1.9700367559494225e-08,
    -9.655356336679688e-08,
    1.0
   ]
  ]
 },
 {
  "rotation_euler": [
   -3.815214810742873e-08,
   -7.961693171409934e-08,
   -2.6066977977752686
  ],
  "euler_order": "XYZ",
  "rotation_matrix": [
   [
    -0.8603222370147705,
    0.5097506046295166,
    8.79442936252417e-08
   ],
   [
    -0.5097506046295166,
    -0.8603222370147705,
    7.761636666714367e-09
   ],
   [
    7.961693171409934e-08,
    -3.815214810742873e-08,
    1.0
   ]
  ]
 },
 {
  "rotation_euler": [
   -2.0027569007652346e-06,
   3.5485327316564508e-06,
   2.879089832305908
  ],
  "euler_order": "XYZ",
  "rotation_matrix": [
   [
    -0.9657435417175293,
    -0.2594984471797943,
    -3.946684955735691e-06
   ],
   [
    0.2594984471797943,
    -0.9657435417175293,
    -1.0133107934962027e-06
   ],
   [
    -3.5485327316564508e-06,
    -2.0027569007652346e-06,
    1.0
   ]
  ]
 },
 {
  "rotation_euler": [
   -1.5277663578672218e-07,
   1.047202857762386e-08,
   0.2227996587753296
  ],
  "euler_order": "XYZ",
  "rotation_matrix": [
   [
    0.9752826690673828,
    -0.22096094489097595,
    -2.35444819196573e-08
   ],
   [
    0.22096094489097595,
    0.9752826690673828,
    1.5131431041481846e-07
   ],
   [
    -1.047202857762386e-08,
    -1.5277663578672218e-07,
    1.0
   ]
  ]
 },
 {
  "rotation_euler": [
   -1.7614176783808944e-07,
   2.4285827748826705e-07,
   2.642329216003418
  ],
  "euler_order": "XYZ",
  "rotation_matrix": [
   [
    -0.8779354691505432,
    -0.47877901792526245,
    -2.9754687602689955e-07
   ],
   [
    0.47877901792526245,
    -0.8779354691505432,
    -3.83656555413836e-08
   ],
   [
    -2.4285827748826705e-07,
    -1.7614176783808944e-07,
    1.0
   ]
  ]
 },
 {
  "rotation_euler": [
   -5.445201622933382e-07,
   -2.2108935127107543e-07,
   -2.553983688354492
  ],
  "euler_order": "XYZ",
  "rotation_matrix": [
   [
    -0.8322685956954956,
    0.5543726086616516,
    4.858728175349825e-07
   ],
   [
    -0.5543726086616516,
    -0.8322685956954956,
    -3.306211340259324e-07
   ],
   [
    2.2108935127107543e-07,
    -5.445201622933382e-07,
    1.0
   ]
  ]
 },
 {
  "rotation_euler": [
   0.006975697819143534,
   0.014335710555315018,
   0.05018201470375061
  ],
  "euler_order": "XYZ",
  "rotation_matrix": [
   [
    0.9986385107040405,
    -0.050059862434864044,
    0.014666730538010597
   ],
   [
    0.050155799835920334,
    0.9987218379974365,
    -0.0062478091567754745
   ],
   [
    -0.014335219748318195,
    0.0069749243557453156,
    0.9998729228973389
   ]
  ]
 },
 {
  "rotation_euler": [
   5.2638501557567e-08,
   4.467004188768442e-08,
   -2.774768114089966
  ],
  "euler_order": "XYZ",
  "rotation_matrix": [
   [
    -0.9334709644317627,
    0.3586530387401581,
    -6.05771433015434e-08
   ],
   [
    -0.3586530387401581,
    -0.9334709644317627,
    3.311546592499326e-08
   ],
   [
    -4.467004188768442e-08,
    5.2638501557567e-08,
    1.0
   ]
  ]
 },
 {
  "rotation_euler": [
   -8.144994012582174e-07,
   -3.963428341080544e-08,
   -2.58119535446167
  ],
  "euler_order": "XYZ",
  "rotation_matrix": [
   [
    -0.8470439910888672,
    0.5315227508544922,
    4.6649697083012143e-07
   ],
   [
    -0.5315227508544922,
    -0.8470439910888672,
    -6.688503049190331e-07
   ],
   [
    3.963428341080544e-08,
    -8.144994012582174e-07,
    1.0
   ]
  ]
 }
]