[
 {
  "rotation_euler": [
   -1.4051156540517695e-06,
   1.4162609431878082e-06,
   2.583503007888794
  ],
  "euler_order": "XYZ",
  "rotation_matrix": [
   [
    -0.8482683300971985,
    -0.5295666456222534,
    -1.9454716948530404e-06
   ],
   [
    0.5295666456222534,
    -0.8482683300971985,
    -4.4191048687025614e-07
   ],
   [
    -1.4162609431878082e-06,
    -1.4051156540517695e-06,
    1.0
   ]
  ]
 },
 {
  "rotation_euler": [
   1.6530550510651665e-06,
   -1.858339146565413e-06,
   -0.4966437518596649
  ],
  "euler_order": "XYZ",
  "rotation_matrix": [
   [
    0.8791866898536682,
    0.4764774441719055,
    -2.421470526314806e-06
   ],
   [
    -0.4764774739742279,
    0.8791866898536682,
    -5.678872980752203e-07
   ],
   [
    1.858339146565413e-06,
    1.6530550510651665e-06,
    1.0
   ]
  ]
 },
 {
  "rotation_euler": [
   3.8072906249908556e-07,
   2.1837279291503364e-06,
   -0.5376371145248413
  ],
  "euler_order": "XYZ",
  "rotation_matrix": [
   [
    0.8589211106300354,
    0.5121079087257385,
    1.680675723036984e-06
   ],
   [
    -0.5121079087257385,
    0.8589211106300354,
    -1.4453205494646681e-06
   ],
   [
    -2.1837279291503364e-06,
    3.8072906249908556e-07,
    1.0
   ]
  ]
 },
 {
  "rotation_euler": [
   -4.033242021250771e-06,
   -2.1193779957684455e-06,
   1.9948381185531616
  ],
  "euler_order": "XYZ",
  "rotation_matrix": [
   [
    -0.4114476144313812,
    -0.9114333987236023,
    -2.804018549795728e-06
   ],
   [
    0.9114333987236023,
    -0.4114476144313812,
    -3.591139829950407e-06
   ],
   [
    2.1193779957684455e-06,
    -4.033242021250771e-06,
    1.0
   ]
  ]
 },
 {
  "rotation_euler": [
   1.456824293200043e-06,
   -1.9864089608745417e-06,
   -1.4644834995269775
  ],
  "euler_order": "XYZ",
  "rotation_matrix": [
   [
    0.10611267387866974,
    0.9943541288375854,
    -1.6593824057054007e-06
   ],
   [
    -0.9943541288375854,
    0.10611267387866974,
    1.820606371438771e-06
   ],
   [
    1.9864089608745417e-06,
    1.456824293200043e-06,
    1.0
   ]
  ]
 },
 {
  "rotation_euler": [
   -3.5390341963648098e-06,
   -1.4902301472830004e-06,
   -1.3275237083435059
  ],
  "euler_order": "XYZ",
  "rotation_matrix": [
   [
    0.24088016152381897,
    0.9705548882484436,
    3.0758599223190686e-06
   ],
   [
    -0.9705548882484436,
    0.24088016152381897,
    2.2988333512330428e-06
   ],
   [
    1.4902301472830004e-06,
    -3.5390341963648098e-06,
    1.0
   ]
  ]
 },
 {
  "rotation_euler": [
   2.1344332967743185e-09,
   4.537618281119649e-09,
   1.354175090789795
  ],
  "euler_order": "XYZ",
  "rotation_matrix": [
   [
    0.21493105590343475,
    -0.9766291975975037,
    3.0598250599922494e-09
   ],
   [
    0.9766291975975037,
    0.21493105590343475,
    3.972814521802093e-09
   ],
   [
    -4.537618281119649e-09,
    2.1344332967743185e-09,
    1.0
   ]
  ]
 },
 {
  "rotation_euler": [
   -4.06354327964209e-09,
   -1.8805834667290355e-09,
   -2.7167904376983643
  ],
  "euler_order": "XYZ",
  "rotation_matrix": [
   [
    -0.9111202359199524,
    0.4121405780315399,
    3.3881888406028793e-09
   ],
   [
    -0.4121405780315399,
    -0.9111202359199524,
    -2.9273119483974597e-09
   ],
   [
    1.8805834667290355e-09,
    -4.06354327964209e-09,
    1.0
   ]
  ]
 },
 {
  "rotation_euler": [
   -1.2721607163257431e-06,
   3.1008385121822357e-06,
   2.5067520141601562
  ],
  "euler_order": "XYZ",
  "rotation_matrix": [
   [
    -0.8051662445068359,
    -0.5930492281913757,
    -3.251144335081335e-06
   ],
   [
    0.5930492281913757,
    -0.8051662445068359,
    8.14649013136659e-07
   ],
   [
    -3.1008385121822357e-06,
    -1.2721607163257431e-06,
    1.0
   ]
  ]
 },
 {
  "rotation_euler": [
   -4.3191539234044285e-09,
   2.772795548722229e-09,
   -2.237546920776367
  ],
  "euler_order": "XYZ",
  "rotation_matrix": [
   [
    -0.6184357404708862,
    0.7858353853225708,
    1.6793479939991585e-09
   ],
   [
    -0.7858353853225708,
    -0.6184357404708862,
    -4.8500798932593625e-09
   ],
   [
    -2.772795548722229e-09,
    -4.3191539234044285e-09,
    1.0
   ]
  ]
 },
 {
  "rotation_euler": [
   -1.9004338582817581e-06,
   5.753042842115974e-07,
   -1.7849581241607666
  ],
  "euler_order": "XYZ",
  "rotation_matrix": [
   [
    -0.21252845227718353,
    0.9771548509597778,
    1.7347497305308934e-06
   ],
   [
    -0.9771548509597778,
    -0.21252845227718353,
    -9.66057655205077e-07
   ],
   [
    -5.753042842115974e-07,
    -1.9004338582817581e-06,
    1.0
   ]
  ]
 },
 {
  "rotation_euler": [
   2.8586910048034042e-06,
   -1.2402782658682554e-06,
   -2.2547199726104736
  ],
  "euler_order": "XYZ",
  "rotation_matrix": [
   [
    -0.6318390965461731,
    0.7750995755195618,
    -1.4321138905870612e-06
   ],
   [
    -0.7750995755195618,
    -0.6318390965461731,
    2.7675719138642307e-06
   ],
   [
    1.2402782658682554e-06,
    2.8586910048034042e-06,
    1.0
   ]
  ]
 },
 {
  "rotation_euler": [
   2.8370850486680865e-06,
   -7.512471711379476e-06,
   -1.3350077867507935
  ],
  "euler_order": "XYZ",
  "rotation_matrix": [
   [
    0.23360978066921234,
    0.9723304510116577,
    -4.5135711843613535e-06
   ],
   [
    -0.9723304510116577,
    0.23360978066921234,
    6.641834261245094e-06
   ],
   [
    7.512471711379476e-06,
    2.8370850486680865e-06,
    1.0
   ]
  ]
 },
 {
  "rotation_euler": [
   1.010577761917375e-06,
   -1.9877579688909464e-06,
   0.5602263808250427
  ],
  "euler_order": "XYZ",
  "rotation_matrix": [
   [
    0.8471348285675049,
    -0.5313779711723328,
    -1.1469002174635534e-06
   ],
   [
    0.5313779711723328,
    0.8471348285675049,
    -1.9123465335724177e-06
   ],
   [
    1.9877579688909464e-06,
    1.010577761917375e-06,
    1.0
   ]
  ]
 },
 {
  "rotation_euler": [
   1.296039272347116e-06,
   -3.477776544968947e-06,
   1.6391879320144653
  ],
  "euler_order": "XYZ",
  "rotation_matrix": [
   [
    -0.0683383047580719,
    -0.9976621866226196,
    1.5306746945498162e-06
   ],
   [
    0.9976621866226196,
    -0.0683383047580719,
    -3.38107702191337e-06
   ],
   [
    3.477776544968947e-06,
    1.296039272347116e-06,
    1.0
   ]
  ]
 },
 {
  "rotation_euler": [
   -1.2436437373253284e-06,
   3.818066488747718e-06,
   1.8819948434829712
  ],
  "euler_order": "XYZ",
  "rotation_matrix": [
   [
    -0.3061998188495636,
    -0.9519672393798828,
    -2.3529994450655067e-06
   ],
   [
    0.9519672393798828,
    -0.3061998188495636,
    3.253870772823575e-06
   ],
   [
    -3.818066488747718e-06,
    -1.2436437373253284e-06,
    1.0
   ]
  ]
 }
]