[
 {
  "rotation_euler": [
   0.15726782381534576,
   -0.0009588336106389761,
   -2.9724698066711426
  ],
  "euler_order": "XYZ",
  "rotation_matrix": [
   [
    -0.9857323169708252,
    0.16638857126235962,
    -0.025428498163819313
   ],
   [
    -0.16831770539283752,
    -0.9735424518585205,
    0.15454520285129547
   ],
   [
    0.0009588334360159934,
    0.15662026405334473,
    0.9876584410667419
   ]
  ]
 },
 {
  "rotation_euler": [
   0.1572681963443756,
   -0.0009584384388290346,
   1.5849361419677734
  ],
  "euler_order": "XYZ",
  "rotation_matrix": [
   [
    -0.014139337465167046,
    -0.9875579476356506,
    0.15661843121051788
   ],
   [
    0.9998995661735535,
    -0.014114944264292717,
    0.0012679985957220197
   ],
   [
    0.0009584382642060518,
    0.15662063658237457,
    0.9876583814620972
   ]
  ]
 },
 {
  "rotation_euler": [
   0.15726807713508606,
   -0.0009584727231413126,
   2.4407598972320557
  ],
  "euler_order": "XYZ",
  "rotation_matrix": [
   [
    -0.7643051147460938,
    -0.6367813944816589,
    0.10172099620103836
   ],
   [
    0.6448540687561035,
    -0.7549698352813721,
    0.11909551918506622
   ],
   [
    0.0009584725485183299,
    0.15662051737308502,
    0.9876583814620972
   ]
  ]
 },
 {
  "rotation_euler": [
   0.15726825594902039,
   -0.0009584599174559116,
   -2.9135935306549072
  ],
  "euler_order": "XYZ",
  "rotation_matrix": [
   [
    -0.9741201400756836,
    0.22338564693927765,
    -0.03447868302464485
   ],
   [
    -0.22602878510951996,
    -0.9620648622512817,
    0.15278147161006927
   ],
   [
    0.0009584597428329289,
    0.15662069618701935,
    0.9876583814620972
   ]
  ]
 },
 {
  "rotation_euler": [
   0.15726760029792786,
   -0.0009583162609487772,
   -0.5399602651596069
  ],
  "euler_order": "XYZ",
  "rotation_matrix": [
   [
    0.8577287197113037,
    0.5076286196708679,
    -0.08133053034543991
   ],
   [
    -0.5141016840934753,
    0.8472209572792053,
    -0.1338510364294052
   ],
   [
    0.0009583160863257945,
    0.15662004053592682,
    0.9876584410667419
   ]
  ]
 },
 {
  "rotation_euler": [
   0.15726704895496368,
   -0.0009598443284630775,
   -2.190563917160034
  ],
  "euler_order": "XYZ",
  "rotation_matrix": [
   [
    -0.5808457136154175,
    0.8040550351142883,
    -0.1269398033618927
   ],
   [
    -0.8140131235122681,
    -0.5735554099082947,
    0.09174353629350662
   ],
   [
    0.0009598441538400948,
    0.15661950409412384,
    0.9876585602760315
   ]
  ]
 },
 {
  "rotation_euler": [
   0.15726812183856964,
   -0.0009584810468368232,
   -2.8400235176086426
  ],
  "euler_order": "XYZ",
  "rotation_matrix": [
   [
    -0.9548711776733398,
    0.29349666833877563,
    -0.04561535641551018
   ],
   [
    -0.29701876640319824,
    -0.9430428147315979,
    0.1498337686061859
   ],
   [
    0.0009584808722138405,
    0.1566205620765686,
    0.9876583814620972
   ]
  ]
 },
 {
  "rotation_euler": [
   0.15726841986179352,
   -0.0009583257487975061,
   2.941370964050293
  ],
  "euler_order": "XYZ",
  "rotation_matrix": [
   [
    -0.9800220727920532,
    -0.19628499448299408,
    0.03207739442586899
   ],
   [
    0.19888649880886078,
    -0.9679576754570007,
    0.15330378711223602
   ],
   [
    0.0009583255741745234,
    0.15662086009979248,
    0.9876583218574524
   ]
  ]
 },
 {
  "rotation_euler": [
   0.1572684794664383,
   -0.0009584162035025656,
   0.04859013482928276
  ],
  "euler_order": "XYZ",
  "rotation_matrix": [
   [
    0.9988192915916443,
    -0.04812152311205864,
    0.0066617694683372974
   ],
   [
    0.04857099428772926,
    0.9864857792854309,
    -0.15648210048675537
   ],
   [
    0.0009584160288795829,
    0.15662090480327606,
    0.9876583218574524
   ]
  ]
 },
 {
  "rotation_euler": [
   0.15726715326309204,
   -0.0009596172603778541,
   -1.0621366500854492
  ],
  "euler_order": "XYZ",
  "rotation_matrix": [
   [
    0.487006813287735,
    0.8625462055206299,
    -0.13725288212299347
   ],
   [
    -0.8733976483345032,
    0.48112815618515015,
    -0.07544709742069244
   ],
   [
    0.0009596170857548714,
    0.1566196084022522,
    0.9876585602760315
   ]
  ]
 },
 {
  "rotation_euler": [
   0.15726855397224426,
   -0.0009584194631315768,
   0.34980276226997375
  ],
  "euler_order": "XYZ",
  "rotation_matrix": [
   [
    0.9394398927688599,
    -0.3386240303516388,
    0.052786730229854584
   ],
   [
    0.3427123725414276,
    0.9277950525283813,
    -0.14746055006980896
   ],
   [
    0.000958419288508594,
    0.15662097930908203,
    0.9876583218574524
   ]
  ]
 },
 {
  "rotation_euler": [
   0.15726730227470398,
   -0.0009592798305675387,
   -0.9762274622917175
  ],
  "euler_order": "XYZ",
  "rotation_matrix": [
   [
    0.5601513981819153,
    0.8180827498435974,
    -0.1302730143070221
   ],
   [
    -0.8283897042274475,
    0.5533632636070251,
    -0.08694600313901901
   ],
   [
    0.000959279655944556,
    0.15661974251270294,
    0.9876585006713867
   ]
  ]
 },
 {
  "rotation_euler": [
   0.15726840496063232,
   -0.0009583993232809007,
   0.7110303044319153
  ],
  "euler_order": "XYZ",
  "rotation_matrix": [
   [
    0.7576895356178284,
    -0.6446744203567505,
    0.10149591416120529
   ],
   [
    0.6526144742965698,
    0.748241126537323,
    -0.11928782612085342
   ],
   [
    0.000958399148657918,
    0.1566208451986313,
    0.9876583218574524
   ]
  ]
 },
 {
  "rotation_euler": [
   0.15726815164089203,
   -0.0009585980442352593,
   2.9601340293884277
  ],
  "euler_order": "XYZ",
  "rotation_matrix": [
   [
    -0.9835810661315918,
    -0.17808963358402252,
    0.02919568307697773
   ],
   [
    0.18046435713768005,
    -0.971470057964325,
    0.1538783311843872
   ],
   [
    0.0009585978696122766,
    0.156620591878891,
    0.9876583814620972
   ]
  ]
 },
 {
  "rotation_euler": [
   0.15726801753044128,
   -0.0009587428066879511,
   -2.129072666168213
  ],
  "euler_order": "XYZ",
  "rotation_matrix": [
   [
    -0.5297247767448425,
    0.8377816081047058,
    -0.13233914971351624
   ],
   [
    -0.8481690287590027,
    -0.5230602622032166,
    0.08376895636320114
   ],
   [
    0.0009587426320649683,
    0.15662045776844025,
    0.9876583814620972
   ]
  ]
 },
 {
  "rotation_euler": [
   0.15726859867572784,
   -0.0009583074715919793,
   -0.5911744236946106
  ],
  "euler_order": "XYZ",
  "rotation_matrix": [
   [
    0.8302863240242004,
    0.5503336787223816,
    -0.08807650953531265
   ],
   [
    -0.5573362708091736,
    0.8201236128807068,
    -0.12951290607452393
   ],
   [
    0.0009583072969689965,
    0.1566210240125656,
    0.9876583218574524
   ]
  ]
 }
]