[
 {
  "rotation_euler": [
   0.5746476650238037,
   1.4900962114334106,
   0.9776946306228638
  ],
  "euler_order": "XYZ",
  "rotation_matrix": [
   [
    0.045057229697704315,
    -0.39321169257164,
    0.9183433055877686
   ],
   [
    0.06684481352567673,
    0.9184033274650574,
    0.3899577558040619
   ],
   [
    -0.9967455267906189,
    0.04381607100367546,
    0.06766487658023834
   ]
  ]
 },
 {
  "rotation_euler": [
   0.5746488571166992,
   1.4900964498519897,
   -2.1534416675567627
  ],
  "euler_order": "XYZ",
  "rotation_matrix": [
   [
    -0.04435569420456886,
    0.4027920961380005,
    -0.9142161011695862
   ],
   [
    -0.067312091588974,
    -0.914242148399353,
    -0.39953771233558655
   ],
   [
    -0.9967455267906189,
    0.04381602257490158,
    0.06766462326049805
   ]
  ]
 },
 {
  "rotation_euler": [
   0.5746697187423706,
   1.4900954961776733,
   1.047122597694397
  ],
  "euler_order": "XYZ",
  "rotation_matrix": [
   [
    0.040311865508556366,
    -0.45595645904541016,
    0.8890886902809143
   ],
   [
    0.06981011480093002,
    0.8889227509498596,
    0.45270615816116333
   ],
   [
    -0.9967454671859741,
    0.043817952275276184,
    0.0676645040512085
   ]
  ]
 },
 {
  "rotation_euler": [
   0.5739781260490417,
   1.4899520874023438,
   1.2905080318450928
  ],
  "euler_order": "XYZ",
  "rotation_matrix": [
   [
    0.02233980782330036,
    -0.6572624444961548,
    0.7533305883407593
   ],
   [
    0.0776047557592392,
    0.7523850798606873,
    0.6541361808776855
   ],
   [
    -0.9967339038848877,
    0.043848756700754166,
    0.06781482696533203
   ]
  ]
 },
 {
  "rotation_euler": [
   -2.567613124847412,
   1.6516404151916504,
   0.15501269698143005
  ],
  "euler_order": "XYZ",
  "rotation_matrix": [
   [
    -0.07978775352239609,
    -0.4050647020339966,
    -0.9107999205589294
   ],
   [
    -0.012468140572309494,
    -0.9132359623908997,
    0.4072403013706207
   ],
   [
    -0.9967339038848877,
    0.04384877160191536,
    0.06781464070081711
   ]
  ]
 },
 {
  "rotation_euler": [
   0.5739782452583313,
   1.4899520874023438,
   -0.14579300582408905
  ],
  "euler_order": "XYZ",
  "rotation_matrix": [
   [
    0.07989946007728577,
    0.6574580669403076,
    0.749242901802063
   ],
   [
    -0.011732025071978569,
    0.7522141933441162,
    -0.6588142514228821
   ],
   [
    -0.9967339038848877,
    0.04384876787662506,
    0.06781482696533203
   ]
  ]
 },
 {
  "rotation_euler": [
   0.573976457118988,
   1.4899518489837646,
   -0.6384450197219849
  ],
  "euler_order": "XYZ",
  "rotation_matrix": [
   [
    0.06484931707382202,
    0.93504399061203,
    0.34855031967163086
   ],
   [
    -0.048126596957445145,
    0.35180968046188354,
    -0.9348335862159729
   ],
   [
    -0.9967338442802429,
    0.04384877532720566,
    0.06781510263681412
   ]
  ]
 },
 {
  "rotation_euler": [
   -2.567615270614624,
   1.651640772819519,
   0.29567524790763855
  ],
  "euler_order": "XYZ",
  "rotation_matrix": [
   [
    -0.07725203782320023,
    -0.2730270326137543,
    -0.9588995575904846
   ],
   [
    -0.023531276732683182,
    -0.9610065221786499,
    0.27552270889282227
   ],
   [
    -0.9967338442802429,
    0.04384882003068924,
    0.06781503558158875
   ]
  ]
 },
 {
  "rotation_euler": [
   0.5746450424194336,
   1.4900957345962524,
   -0.5788900852203369
  ],
  "euler_order": "XYZ",
  "rotation_matrix": [
   [
    0.06747877597808838,
    0.912721574306488,
    0.40297144651412964
   ],
   [
    -0.044103000313043594,
    0.40622594952583313,
    -0.9127077460289001
   ],
   [
    -0.9967454671859741,
    0.04381615296006203,
    0.06766539067029953
   ]
  ]
 },
 {
  "rotation_euler": [
   0.5739771723747253,
   1.4899519681930542,
   -2.3201231956481934
  ],
  "euler_order": "XYZ",
  "rotation_matrix": [
   [
    -0.055006854236125946,
    0.2461813986301422,
    -0.9676616191864014
   ],
   [
    -0.059125542640686035,
    -0.9682313799858093,
    -0.24296535551548004
   ],
   [
    -0.9967339038848877,
    0.043848756700754166,
    0.06781496852636337
   ]
  ]
 },
 {
  "rotation_euler": [
   0.5739798545837402,
   1.4899519681930542,
   1.6005364656448364
  ],
  "euler_order": "XYZ",
  "rotation_matrix": [
   [
    -0.002401350298896432,
    -0.8554684519767761,
    0.5178493857383728
   ],
   [
    0.08072061091661453,
    0.5159951448440552,
    0.8527796864509583
   ],
   [
    -0.9967339038848877,
    0.04384893923997879,
    0.06781484931707382
   ]
  ]
 },
 {
  "rotation_euler": [
   0.5739798545837402,
   1.4899520874023438,
   -1.707006573677063
  ],
  "euler_order": "XYZ",
  "rotation_matrix": [
   [
    -0.010965839959681034,
    0.7584787607192993,
    -0.651605486869812
   ],
   [
    -0.08000821620225906,
    -0.6502209305763245,
    -0.7555206418037415
   ],
   [
    -0.9967339038848877,
    0.043848875910043716,
    0.06781475245952606
   ]
  ]
 },
 {
  "rotation_euler": [
   0.5739792585372925,
   1.4899520874023438,
   -2.0104808807373047
  ],
  "euler_order": "XYZ",
  "rotation_matrix": [
   [
    -0.03437420353293419,
    0.5295093655586243,
    -0.8476073741912842
   ],
   [
    -0.07307516038417816,
    -0.8471700549125671,
    -0.526272714138031
   ],
   [
    -0.9967339038848877,
    0.04384883493185043,
    0.06781478226184845
   ]
  ]
 },
 {
  "rotation_euler": [
   0.5739783048629761,
   1.4899523258209229,
   1.0999120473861694
  ],
  "euler_order": "XYZ",
  "rotation_matrix": [
   [
    0.036636922508478165,
    -0.5028253197669983,
    0.8636112809181213
   ],
   [
    0.07196708768606186,
    0.8632751703262329,
    0.4995765686035156
   ],
   [
    -0.9967339038848877,
    0.04384864121675491,
    0.06781461834907532
   ]
  ]
 },
 {
  "rotation_euler": [
   0.5739787220954895,
   1.4899522066116333,
   -0.200160950422287
  ],
  "euler_order": "XYZ",
  "rotation_matrix": [
   [
    0.07914375513792038,
    0.6973631381988525,
    0.7123348116874695
   ],
   [
    -0.016056496649980545,
    0.7153753638267517,
    -0.6985558271408081
   ],
   [
    -0.9967339038848877,
    0.043848734349012375,
    0.06781470030546188
   ]
  ]
 },
 {
  "rotation_euler": [
   0.5739809274673462,
   1.489952564239502,
   0.2387326955795288
  ],
  "euler_order": "XYZ",
  "rotation_matrix": [
   [
    0.07846537232398987,
    0.3272804915904999,
    0.9416638016700745
   ],
   [
    0.01909642480313778,
    0.9439092874526978,
    -0.32965216040611267
   ],
   [
    -0.9967339038848877,
    0.04384868964552879,
    0.06781430542469025
   ]
  ]
 }
]