[
 {
  "rotation_euler": [
   -1.553728461265564,
   -0.2588179409503937,
   2.688333034515381
  ],
  "euler_order": "XYZ",
  "rotation_matrix": [
   [
    -0.8690808415412903,
    -0.23753468692302704,
    -0.43390750885009766
   ],
   [
    0.42331334948539734,
    0.09671483188867569,
    -0.9008063673973083
   ],
   [
    0.2559380531311035,
    -0.9665523767471313,
    0.016498588025569916
   ]
  ]
 },
 {
  "rotation_euler": [
   -1.5537282228469849,
   -0.2588178813457489,
   2.4795713424682617
  ],
  "euler_order": "XYZ",
  "rotation_matrix": [
   [
    -0.7624805569648743,
    -0.21233348548412323,
    -0.6111775040626526
   ],
   [
    0.5942383408546448,
    0.14384350180625916,
    -0.7913215756416321
   ],
   [
    0.25593799352645874,
    -0.9665523767471313,
    0.01649881899356842
   ]
  ]
 },
 {
  "rotation_euler": [
   -1.553728461265564,
   -0.2588179111480713,
   -0.014999333769083023
  ],
  "euler_order": "XYZ",
  "rotation_matrix": [
   [
    0.9665844440460205,
    0.2561279237270355,
    0.010628974996507168
   ],
   [
    -0.014499209821224213,
    0.013226920738816261,
    0.9998074173927307
   ],
   [
    0.25593802332878113,
    -0.9665523767471313,
    0.016498588025569916
   ]
  ]
 },
 {
  "rotation_euler": [
   -1.553728461265564,
   -0.2588181495666504,
   0.29157599806785583
  ],
  "euler_order": "XYZ",
  "rotation_matrix": [
   [
    0.9258909821510315,
    0.24019378423690796,
    -0.2916039228439331
   ],
   [
    0.27788761258125305,
    0.08990848809480667,
    0.9563968777656555
   ],
   [
    0.25593823194503784,
    -0.9665523171424866,
    0.016498588025569916
   ]
  ]
 },
 {
  "rotation_euler": [
   -1.5537289381027222,
   -0.2588161826133728,
   0.16824516654014587
  ],
  "euler_order": "XYZ",
  "rotation_matrix": [
   [
    0.953044056892395,
    0.24942797422409058,
    -0.17173443734645844
   ],
   [
    0.16187532246112823,
    0.05967653542757034,
    0.9850051403045654
   ],
   [
    0.2559363543987274,
    -0.9665528535842896,
    0.016498135402798653
   ]
  ]
 },
 {
  "rotation_euler": [
   1.5878641605377197,
   -2.882774591445923,
   0.02935054525732994
  ],
  "euler_order": "XYZ",
  "rotation_matrix": [
   [
    -0.9662768244743347,
    -0.25528982281684875,
    0.033708274364471436
   ],
   [
    -0.02836889773607254,
    -0.024569407105445862,
    -0.9992955327033997
   ],
   [
    0.25593817234039307,
    -0.9665523767471313,
    0.01649855636060238
   ]
  ]
 },
 {
  "rotation_euler": [
   -1.5537288188934326,
   -0.25881558656692505,
   -1.2210986614227295
  ],
  "euler_order": "XYZ",
  "rotation_matrix": [
   [
    0.3312026262283325,
    0.10370809584856033,
    0.9378429651260376
   ],
   [
    -0.9081859588623047,
    -0.23456329107284546,
    0.34666749835014343
   ],
   [
    0.25593575835227966,
    -0.9665529727935791,
    0.016498252749443054
   ]
  ]
 },
 {
  "rotation_euler": [
   -1.5537282228469849,
   -0.25881800055503845,
   -2.6625418663024902
  ],
  "euler_order": "XYZ",
  "rotation_matrix": [
   [
    -0.8578752875328064,
    -0.2192278504371643,
    0.4647463262081146
   ],
   [
    -0.4455846846103668,
    -0.133100226521492,
    -0.8852901458740234
   ],
   [
    0.2559381127357483,
    -0.9665523767471313,
    0.01649881899356842
   ]
  ]
 },
 {
  "rotation_euler": [
   -1.5537289381027222,
   -0.2588152587413788,
   0.40599524974823
  ],
  "euler_order": "XYZ",
  "rotation_matrix": [
   [
    0.8881111145019531,
    0.2283560037612915,
    -0.39888864755630493
   ],
   [
    0.38177961111068726,
    0.11674192547798157,
    0.9168509244918823
   ],
   [
    0.2559354603290558,
    -0.9665530920028687,
    0.01649813912808895
   ]
  ]
 },
 {
  "rotation_euler": [
   -1.5537283420562744,
   -0.2588188052177429,
   2.625633716583252
  ],
  "euler_order": "XYZ",
  "rotation_matrix": [
   [
    -0.8408488631248474,
    -0.23100873827934265,
    -0.4894978106021881
   ],
   [
    0.4769365191459656,
    0.11140860617160797,
    -0.8718484044075012
   ],
   [
    0.25593888759613037,
    -0.9665521383285522,
    0.01649869978427887
   ]
  ]
 },
 {
  "rotation_euler": [
   1.5878641605377197,
   -2.88277530670166,
   0.20417052507400513
  ],
  "euler_order": "XYZ",
  "rotation_matrix": [
   [
    -0.9466146230697632,
    -0.2471245974302292,
    0.20700280368328094
   ],
   [
    -0.19600188732147217,
    -0.06859755516052246,
    -0.9782012104988098
   ],
   [
    0.25593745708465576,
    -0.9665525555610657,
    0.016498560085892677
   ]
  ]
 },
 {
  "rotation_euler": [
   -1.5537289381027222,
   -0.2588149905204773,
   0.03868955001235008
  ],
  "euler_order": "XYZ",
  "rotation_matrix": [
   [
    0.965970516204834,
    0.2550462782382965,
    -0.043038930743932724
   ],
   [
    0.037391625344753265,
    0.026951894164085388,
    0.99893718957901
   ],
   [
    0.2559351921081543,
    -0.9665531516075134,
    0.0164981409907341
   ]
  ]
 },
 {
  "rotation_euler": [
   -1.5537282228469849,
   -0.2588178515434265,
   -0.5238484740257263
  ],
  "euler_order": "XYZ",
  "rotation_matrix": [
   [
    0.8370601534843445,
    0.23012186586856842,
    0.49636098742485046
   ],
   [
    -0.4835556447505951,
    -0.11322710663080215,
    0.8679594397544861
   ],
   [
    0.25593796372413635,
    -0.9665523767471313,
    0.01649881899356842
   ]
  ]
 },
 {
  "rotation_euler": [
   -1.5537285804748535,
   -0.2588178813457489,
   0.09064481407403946
  ],
  "euler_order": "XYZ",
  "rotation_matrix": [
   [
    0.962724506855011,
    0.25330522656440735,
    -0.09485769271850586
   ],
   [
    0.0875057801604271,
    0.040161170065402985,
    0.9953541159629822
   ],
   [
    0.25593799352645874,
    -0.9665523767471313,
    0.016498472541570663
   ]
  ]
 },
 {
  "rotation_euler": [
   -1.5537283420562744,
   -0.2588174045085907,
   -1.5283799171447754
  ],
  "euler_order": "XYZ",
  "rotation_matrix": [
   [
    0.040991365909576416,
    0.027902919799089432,
    0.9987698197364807
   ],
   [
    -0.9658238291740417,
    -0.25494638085365295,
    0.04676171392202377
   ],
   [
    0.25593751668930054,
    -0.9665524959564209,
    0.016498705372214317
   ]
  ]
 },
 {
  "rotation_euler": [
   -1.5537288188934326,
   -0.2588184177875519,
   0.25463956594467163
  ],
  "euler_order": "XYZ",
  "rotation_matrix": [
   [
    0.9355212450027466,
    0.24335043132305145,
    -0.2560870945453644
   ],
   [
    0.24350671470165253,
    0.08097700029611588,
    0.96651291847229
   ],
   [
    0.25593850016593933,
    -0.9665522575378418,
    0.01649823971092701
   ]
  ]
 }
]