[
 {
  "rotation_euler": [
   1.4542360305786133,
   0.01202426478266716,
   0.9006451964378357
  ],
  "euler_order": "XYZ",
  "rotation_matrix": [
   [
    0.6210595369338989,
    -0.08372735977172852,
    0.7792783975601196
   ],
   [
    0.7836711406707764,
    0.08159187436103821,
    -0.6157940626144409
   ],
   [
    -0.012023975141346455,
    0.9931427240371704,
    0.11628813296556473
   ]
  ]
 },
 {
  "rotation_euler": [
   1.4542357921600342,
   0.012024161405861378,
   -3.10718035697937
  ],
  "euler_order": "XYZ",
  "rotation_matrix": [
   [
    -0.9993357062339783,
    -0.007933964021503925,
    -0.035569556057453156
   ],
   [
    -0.03440301865339279,
    -0.11663880199193954,
    0.992578387260437
   ],
   [
    -0.012023871764540672,
    0.9931427240371704,
    0.11628837138414383
   ]
  ]
 },
 {
  "rotation_euler": [
   -1.3975462913513184,
   -0.5532892942428589,
   1.2128934860229492
  ],
  "euler_order": "XYZ",
  "rotation_matrix": [
   [
    0.2980445921421051,
    0.019867273047566414,
    -0.954345166683197
   ],
   [
    0.7968884110450745,
    0.5452101826667786,
    0.2602204382419586
   ],
   [
    0.5254886150360107,
    -0.8380638957023621,
    0.14666496217250824
   ]
  ]
 },
 {
  "rotation_euler": [
   1.4542360305786133,
   0.012024314142763615,
   2.8725693225860596
  ],
  "euler_order": "XYZ",
  "rotation_matrix": [
   [
    -0.9639612436294556,
    -0.04242333769798279,
    0.2626384496688843
   ],
   [
    0.265770822763443,
    -0.1089392825961113,
    0.9578612446784973
   ],
   [
    -0.01202402450144291,
    0.9931427240371704,
    0.11628813296556473
   ]
  ]
 },
 {
  "rotation_euler": [
   -1.3797602653503418,
   -0.6750963926315308,
   -1.2969311475753784
  ],
  "euler_order": "XYZ",
  "rotation_matrix": [
   [
    0.21112948656082153,
    0.34875181317329407,
    0.9131245613098145
   ],
   [
    -0.7515541315078735,
    -0.5393828749656677,
    0.37977948784828186
   ],
   [
    0.6249725818634033,
    -0.7664452195167542,
    0.14822624623775482
   ]
  ]
 },
 {
  "rotation_euler": [
   1.4542357921600342,
   0.012023699469864368,
   -1.7449990510940552
  ],
  "euler_order": "XYZ",
  "rotation_matrix": [
   [
    -0.17331045866012573,
    0.11246683448553085,
    -0.978424608707428
   ],
   [
    -0.9847938418388367,
    -0.0319179892539978,
    0.17076978087425232
   ],
   [
    -0.012023409828543663,
    0.9931427240371704,
    0.11628837138414383
   ]
  ]
 },
 {
  "rotation_euler": [
   -1.4916775226593018,
   -0.39837646484375,
   2.485171318054199
  ],
  "euler_order": "XYZ",
  "rotation_matrix": [
   [
    -0.7301471829414368,
    -0.35457831621170044,
    -0.5840884447097778
   ],
   [
    0.5624955892562866,
    0.1733919084072113,
    -0.8084145188331604
   ],
   [
    0.387922465801239,
    -0.9188086986541748,
    0.07284711301326752
   ]
  ]
 },
 {
  "rotation_euler": [
   1.4540431499481201,
   0.013786233961582184,
   1.8738820552825928
  ],
  "euler_order": "XYZ",
  "rotation_matrix": [
   [
    -0.29843834042549133,
    -0.11526517570018768,
    0.9474431276321411
   ],
   [
    0.9543293714523315,
    -0.021699955686926842,
    0.29796746373176575
   ],
   [
    -0.01378579717129469,
    0.993097722530365,
    0.11647703498601913
   ]
  ]
 },
 {
  "rotation_euler": [
   -1.39097261428833,
   0.6629366278648376,
   1.8660165071487427
  ],
  "euler_order": "XYZ",
  "rotation_matrix": [
   [
    -0.22932380437850952,
    0.005055082030594349,
    -0.9733370542526245
   ],
   [
    0.7540898323059082,
    -0.6313531398773193,
    -0.18094685673713684
   ],
   [
    -0.6154341101646423,
    -0.7754789590835571,
    0.1409723162651062
   ]
  ]
 },
 {
  "rotation_euler": [
   1.4542361497879028,
   0.01202427875250578,
   -0.07050245255231857
  ],
  "euler_order": "XYZ",
  "rotation_matrix": [
   [
    0.9974436163902283,
    0.02010512538254261,
    -0.06857119500637054
   ],
   [
    -0.07043896615505219,
    0.11516623944044113,
    -0.9908456206321716
   ],
   [
    -0.012023989111185074,
    0.9931427240371704,
    0.11628801375627518
   ]
  ]
 },
 {
  "rotation_euler": [
   1.4542357921600342,
   0.012023941613733768,
   3.1229588985443115
  ],
  "euler_order": "XYZ",
  "rotation_matrix": [
   [
    -0.9997541308403015,
    -0.014106912538409233,
    0.01710817590355873
   ],
   [
    0.018631329759955406,
    -0.11605407297611237,
    0.9930681586265564
   ],
   [
    -0.012023651972413063,
    0.9931427240371704,
    0.11628837138414383
   ]
  ]
 },
 {
  "rotation_euler": [
   1.454235315322876,
   0.012024802155792713,
   -2.720252513885498
  ],
  "euler_order": "XYZ",
  "rotation_matrix": [
   [
    -0.9124757051467896,
    0.03666527196764946,
    -0.40748468041419983
   ],
   [
    -0.4089541733264923,
    -0.11101054400205612,
    0.905777633190155
   ],
   [
    -0.012024512514472008,
    0.9931426644325256,
    0.11628884077072144
   ]
  ]
 },
 {
  "rotation_euler": [
   1.4542733430862427,
   0.012045800685882568,
   3.0725066661834717
  ],
  "euler_order": "XYZ",
  "rotation_matrix": [
   [
    -0.997542142868042,
    -0.0199608001857996,
    0.06716587394475937
   ],
   [
    0.06902603805065155,
    -0.11515627056360245,
    0.9909462332725525
   ],
   [
    -0.012045509181916714,
    0.9931468367576599,
    0.11625104397535324
   ]
  ]
 },
 {
  "rotation_euler": [
   1.4542357921600342,
   0.01202375441789627,
   -0.8013688921928406
  ],
  "euler_order": "XYZ",
  "rotation_matrix": [
   [
    0.6956737637519836,
    0.09184528887271881,
    -0.7124622464179993
   ],
   [
    -0.7182571887969971,
    0.07233250141143799,
    -0.6920076608657837
   ],
   [
    -0.012023464776575565,
    0.9931427240371704,
    0.11628837138414383
   ]
  ]
 },
 {
  "rotation_euler": [
   1.4542354345321655,
   0.01202373020350933,
   2.703284978866577
  ],
  "euler_order": "XYZ",
  "rotation_matrix": [
   [
    -0.9054057598114014,
    -0.060170404613018036,
    0.42026177048683167
   ],
   [
    0.42437705397605896,
    -0.1002354845404625,
    0.8999205231666565
   ],
   [
    -0.012023440562188625,
    0.9931426644325256,
    0.11628872156143188
   ]
  ]
 },
 {
  "rotation_euler": [
   1.4542362689971924,
   0.012024112045764923,
   2.278533697128296
  ],
  "euler_order": "XYZ",
  "rotation_matrix": [
   [
    -0.6500692367553711,
    -0.09612981975078583,
    0.7537699341773987
   ],
   [
    0.7597798705101013,
    -0.06653198599815369,
    0.6467673778533936
   ],
   [
    -0.012023822404444218,
    0.9931427836418152,
    0.11628789454698563
   ]
  ]
 }
]