[
 {
  "rotation_euler": [
   -2.245044708251953,
   1.5959653854370117,
   0.09725964814424515
  ],
  "euler_order": "XYZ",
  "rotation_matrix": [
   [
    -0.025047464296221733,
    -0.7166138291358948,
    -0.6970202922821045
   ],
   [
    -0.0024438181426376104,
    -0.6971930265426636,
    0.7168792486190796
   ],
   [
    -0.9996832609176636,
    0.01965939998626709,
    0.015711644664406776
   ]
  ]
 },
 {
  "rotation_euler": [
   0.8965463638305664,
   1.545627236366272,
   -0.18306583166122437
  ],
  "euler_order": "XYZ",
  "rotation_matrix": [
   [
    0.02474590763449669,
    0.8815316557884216,
    0.4714759290218353
   ],
   [
    -0.004581423941999674,
    0.47171539068222046,
    -0.8817389607429504
   ],
   [
    -0.9996832609176636,
    0.01965939998626709,
    0.015711694955825806
   ]
  ]
 },
 {
  "rotation_euler": [
   -2.245058059692383,
   1.5960302352905273,
   0.7681652307510376
  ],
  "euler_order": "XYZ",
  "rotation_matrix": [
   [
    -0.018145965412259102,
    -0.12783823907375336,
    -0.9916290044784546
   ],
   [
    -0.017531083896756172,
    -0.9915991425514221,
    0.1281551867723465
   ],
   [
    -0.9996816515922546,
    0.019709831103682518,
    0.015752380713820457
   ]
  ]
 },
 {
  "rotation_euler": [
   0.8965550065040588,
   1.545627236366272,
   1.4393353462219238
  ],
  "euler_order": "XYZ",
  "rotation_matrix": [
   [
    0.0032988828606903553,
    -0.51655113697052,
    0.856249988079071
   ],
   [
    0.02494928240776062,
    0.8560305833816528,
    0.516322672367096
   ],
   [
    -0.9996832609176636,
    0.019659534096717834,
    0.015711525455117226
   ]
  ]
 },
 {
  "rotation_euler": [
   0.896557092666626,
   1.5456275939941406,
   0.2650763988494873
  ],
  "euler_order": "XYZ",
  "rotation_matrix": [
   [
    0.024287087842822075,
    0.5901017785072327,
    0.8069634437561035
   ],
   [
    0.006593083962798119,
    0.8070894479751587,
    -0.5903923511505127
   ],
   [
    -0.9996832609176636,
    0.019659288227558136,
    0.015711260959506035
   ]
  ]
 },
 {
  "rotation_euler": [
   1.0982666015625,
   -1.5588527917861938,
   1.1158689260482788
  ],
  "euler_order": "XYZ",
  "rotation_matrix": [
   [
    0.00524782994762063,
    -0.8000692129135132,
    0.5998847484588623
   ],
   [
    0.010728538036346436,
    -0.5998134016990662,
    -0.8000679612159729
   ],
   [
    0.9999286532402039,
    0.010634507052600384,
    0.005435854196548462
   ]
  ]
 },
 {
  "rotation_euler": [
   -2.245047092437744,
   1.5959653854370117,
   -0.2445622980594635
  ],
  "euler_order": "XYZ",
  "rotation_matrix": [
   [
    -0.024417534470558167,
    -0.9088554978370667,
    -0.41639575362205505
   ],
   [
    0.006093582604080439,
    -0.4166475236415863,
    0.9090477228164673
   ],
   [
    -0.9996832609176636,
    0.019659360870718956,
    0.015711691230535507
   ]
  ]
 },
 {
  "rotation_euler": [
   0.12323509156703949,
   -0.0007324692560359836,
   -0.9388284683227539
  ],
  "euler_order": "XYZ",
  "rotation_matrix": [
   [
    0.590733528137207,
    0.8006942272186279,
    -0.09961219877004623
   ],
   [
    -0.8068663477897644,
    0.5863263010978699,
    -0.07202847301959991
   ],
   [
    0.0007324691978283226,
    0.1229233667254448,
    0.9924159049987793
   ]
  ]
 },
 {
  "rotation_euler": [
   0.12322698533535004,
   -0.0006822473369538784,
   0.692444920539856
  ],
  "euler_order": "XYZ",
  "rotation_matrix": [
   [
    0.7696872353553772,
    -0.6336444020271301,
    0.07795059680938721
   ],
   [
    0.6384207606315613,
    0.7637974619865417,
    -0.09503865987062454
   ],
   [
    0.0006822472787462175,
    0.12291532754898071,
    0.9924169182777405
   ]
  ]
 },
 {
  "rotation_euler": [
   0.8965559601783752,
   1.545627236366272,
   -1.092677116394043
  ],
  "euler_order": "XYZ",
  "rotation_matrix": [
   [
    0.011579330079257488,
    0.9136114120483398,
    -0.40642353892326355
   ],
   [
    -0.0223443154245615,
    -0.4061129093170166,
    -0.9135497212409973
   ],
   [
    -0.9996832609176636,
    0.019659550860524178,
    0.015711506828665733
   ]
  ]
 },
 {
  "rotation_euler": [
   -2.245043992996216,
   1.5959653854370117,
   0.5549063086509705
  ],
  "euler_order": "XYZ",
  "rotation_matrix": [
   [
    -0.021390177309513092,
    -0.33482468128204346,
    -0.9420376420021057
   ],
   [
    -0.013259262777864933,
    -0.9420753121376038,
    0.3351391553878784
   ],
   [
    -0.9996832609176636,
    0.019659411162137985,
    0.015711631625890732
   ]
  ]
 },
 {
  "rotation_euler": [
   1.0982997417449951,
   -1.5588531494140625,
   -0.45496025681495667
  ],
  "euler_order": "XYZ",
  "rotation_matrix": [
   [
    0.01072804443538189,
    -0.5998136401176453,
    -0.8000677824020386
   ],
   [
    -0.005248025059700012,
    0.8000690340995789,
    -0.5998849272727966
   ],
   [
    0.9999286532402039,
    0.010634368285536766,
    0.0054353391751646996
   ]
  ]
 },
 {
  "rotation_euler": [
   0.8965460062026978,
   1.545627236366272,
   -0.9540191888809204
  ],
  "euler_order": "XYZ",
  "rotation_matrix": [
   [
    0.014556494541466236,
    0.9609761834144592,
    -0.27624788880348206
   ],
   [
    -0.02052943781018257,
    -0.2759316861629486,
    -0.9609580039978027
   ],
   [
    -0.9996832609176636,
    0.019659394398331642,
    0.015711702406406403
   ]
  ]
 },
 {
  "rotation_euler": [
   0.896552562713623,
   1.5456273555755615,
   0.9146842360496521
  ],
  "euler_order": "XYZ",
  "rotation_matrix": [
   [
    0.015352478250861168,
    -0.018281614407896996,
    0.9997150301933289
   ],
   [
    0.01994103193283081,
    0.9996395707130432,
    0.01797400414943695
   ],
   [
    -0.9996832609176636,
    0.01965940371155739,
    0.015711499378085136
   ]
  ]
 },
 {
  "rotation_euler": [
   -2.0433197021484375,
   -1.5827398300170898,
   0.27306264638900757
  ],
  "euler_order": "XYZ",
  "rotation_matrix": [
   [
    -0.011500717140734196,
    0.9801124334335327,
    0.19810952246189117
   ],
   [
    -0.003220869693905115,
    -0.1981579065322876,
    0.9801648259162903
   ],
   [
    0.9999286532402039,
    0.010634512640535831,
    0.005435772240161896
   ]
  ]
 },
 {
  "rotation_euler": [
   1.0982978343963623,
   -1.5588527917861938,
   1.1509687900543213
  ],
  "euler_order": "XYZ",
  "rotation_matrix": [
   [
    0.004868104588240385,
    -0.7785077691078186,
    0.6276160478591919
   ],
   [
    0.010906090028584003,
    -0.6275448203086853,
    -0.7785040140151978
   ],
   [
    0.9999286532402039,
    0.010634676553308964,
    0.0054355221800506115
   ]
  ]
 }
]