[
 {
  "rotation_euler": [
   1.7806740999221802,
   -0.3030635714530945,
   2.0095291137695312
  ],
  "euler_order": "XYZ",
  "rotation_matrix": [
   [
    -0.40543338656425476,
    0.3126040995121002,
    0.8590124845504761
   ],
   [
    0.864033579826355,
    -0.17574980854988098,
    0.47176051139831543
   ],
   [
    0.29844555258750916,
    0.9334830641746521,
    -0.19884559512138367
   ]
  ]
 },
 {
  "rotation_euler": [
   -0.057944897562265396,
   0.035650383681058884,
   -1.972821593284607
  ],
  "euler_order": "XYZ",
  "rotation_matrix": [
   [
    -0.3910343050956726,
    0.9195335507392883,
    0.03937211632728577
   ],
   [
    -0.9196856617927551,
    -0.3887266516685486,
    -0.05540615692734718
   ],
   [
    -0.0356428325176239,
    -0.057875677943229675,
    0.9976873397827148
   ]
  ]
 },
 {
  "rotation_euler": [
   1.8634216785430908,
   -0.8306681513786316,
   1.3999592065811157
  ],
  "euler_order": "XYZ",
  "rotation_matrix": [
   [
    0.11464998871088028,
    0.1640736311674118,
    0.979762852191925
   ],
   [
    0.6645654439926147,
    -0.7457430362701416,
    0.04711787775158882
   ],
   [
    0.73838210105896,
    0.6457144618034363,
    -0.19453708827495575
   ]
  ]
 },
 {
  "rotation_euler": [
   -1.74373197555542,
   -0.18147316575050354,
   2.0874369144439697
  ],
  "euler_order": "XYZ",
  "rotation_matrix": [
   [
    -0.48585057258605957,
    0.061796460300683975,
    -0.8718546032905579
   ],
   [
    0.8552055954933167,
    0.23958107829093933,
    -0.45959141850471497
   ],
   [
    0.18047873675823212,
    -0.9689077138900757,
    -0.1692492812871933
   ]
  ]
 },
 {
  "rotation_euler": [
   1.8391205072402954,
   -0.740965723991394,
   0.020388975739479065
  ],
  "euler_order": "XYZ",
  "rotation_matrix": [
   [
    0.7376636862754822,
    -0.6453065276145935,
    0.19857430458068848
   ],
   [
    0.015042291022837162,
    -0.2783300280570984,
    -0.9603676795959473
   ],
   [
    0.6750007271766663,
    0.7114154100418091,
    -0.19560706615447998
   ]
  ]
 },
 {
  "rotation_euler": [
   -0.9012258052825928,
   -0.9767147302627563,
   -0.7517406344413757
  ],
  "euler_order": "XYZ",
  "rotation_matrix": [
   [
    0.4088965952396393,
    0.89848792552948,
    0.15975935757160187
   ],
   [
    -0.38225820660591125,
    0.00966695137321949,
    0.9240049719810486
   ],
   [
    0.8286629319190979,
    -0.43889179825782776,
    0.34740716218948364
   ]
  ]
 },
 {
  "rotation_euler": [
   1.8606842756271362,
   -0.8921450972557068,
   -1.5906661748886108
  ],
  "euler_order": "XYZ",
  "rotation_matrix": [
   [
    -0.01247235108166933,
    -0.27096766233444214,
    -0.9625076651573181
   ],
   [
    -0.627619743347168,
    0.7514733076095581,
    -0.20342391729354858
   ],
   [
    0.778420090675354,
    0.6015516519546509,
    -0.1794372946023941
   ]
  ]
 },
 {
  "rotation_euler": [
   0.03683733195066452,
   -0.04096950218081474,
   1.564655065536499
  ],
  "euler_order": "XYZ",
  "rotation_matrix": [
   [
    0.006136069539934397,
    -0.9993119835853577,
    0.03657694533467293
   ],
   [
    0.999142050743103,
    0.004628641065210104,
    -0.04115565866231918
   ],
   [
    0.040958043187856674,
    0.03679809719324112,
    0.9984830021858215
   ]
  ]
 },
 {
  "rotation_euler": [
   0.08855416625738144,
   -0.03694774955511093,
   2.81892728805542
  ],
  "euler_order": "XYZ",
  "rotation_matrix": [
   [
    -0.9477463364601135,
    -0.31275475025177,
    0.06293920427560806
   ],
   [
    0.3168790936470032,
    -0.9457134008407593,
    0.07220707833766937
   ],
   [
    0.0369393453001976,
    0.08837811648845673,
    0.9954017996788025
   ]
  ]
 },
 {
  "rotation_euler": [
   1.8268858194351196,
   0.3341549038887024,
   -0.7361287474632263
  ],
  "euler_order": "XYZ",
  "rotation_matrix": [
   [
    0.7000829577445984,
    0.06505274027585983,
    -0.7110921144485474
   ],
   [
    -0.634286105632782,
    -0.4007396697998047,
    -0.6611269116401672
   ],
   [
    -0.3279709219932556,
    0.9138795733451843,
    -0.23928897082805634
   ]
  ]
 },
 {
  "rotation_euler": [
   1.7805730104446411,
   -0.29744890332221985,
   -1.9099560976028442
  ],
  "euler_order": "XYZ",
  "rotation_matrix": [
   [
    -0.31808531284332275,
    -0.10100961476564407,
    -0.9426658153533936
   ],
   [
    -0.9016233086585999,
    0.3396083116531372,
    0.26784616708755493
   ],
   [
    0.2930820882320404,
    0.9351273775100708,
    -0.19909703731536865
   ]
  ]
 },
 {
  "rotation_euler": [
   0.0026661939918994904,
   -0.05082085728645325,
   1.9295355081558228
  ],
  "euler_order": "XYZ",
  "rotation_matrix": [
   [
    -0.3506406545639038,
    -0.936289370059967,
    0.02033161371946335
   ],
   [
    0.935131311416626,
    -0.3512195348739624,
    -0.04662888124585152
   ],
   [
    0.05079898238182068,
    0.0026627485640347004,
    0.9987053275108337
   ]
  ]
 },
 {
  "rotation_euler": [
   1.7924846410751343,
   0.04290972277522087,
   -2.528028726577759
  ],
  "euler_order": "XYZ",
  "rotation_matrix": [
   [
    -0.8168485760688782,
    -0.16081580519676208,
    -0.5539825558662415
   ],
   [
    -0.5752549767494202,
    0.15567688643932343,
    0.8030232787132263
   ],
   [
    -0.04289655759930611,
    0.9746296405792236,
    -0.21967454254627228
   ]
  ]
 },
 {
  "rotation_euler": [
   -0.5856158137321472,
   -1.394517421722412,
   1.9998012781143188
  ],
  "euler_order": "XYZ",
  "rotation_matrix": [
   [
    -0.07294688373804092,
    -0.9841986894607544,
    -0.1613435298204422
   ],
   [
    0.15947559475898743,
    0.14818228781223297,
    -0.97601717710495
   ],
   [
    0.9845030903816223,
    -0.09692776948213577,
    0.1461462378501892
   ]
  ]
 },
 {
  "rotation_euler": [
   -1.3107041120529175,
   -2.433185577392578,
   -0.16769692301750183
  ],
  "euler_order": "XYZ",
  "rotation_matrix": [
   [
    -0.7487462162971497,
    0.662846565246582,
    -0.003675632644444704
   ],
   [
    0.12675286829471588,
    0.1486174315214157,
    0.9807377457618713
   ],
   [
    0.6506249308586121,
    0.7338578104972839,
    -0.19529445469379425
   ]
  ]
 },
 {
  "rotation_euler": [
   0.4050414562225342,
   -0.195031076669693,
   0.8109921216964722
  ],
  "euler_order": "XYZ",
  "rotation_matrix": [
   [
    0.6757214069366455,
    -0.7189106941223145,
    0.16299700736999512
   ],
   [
    0.7112266421318054,
    0.5776837468147278,
    -0.4005473256111145
   ],
   [
    0.1937970221042633,
    0.38658618927001953,
    0.9016616940498352
   ]
  ]
 }
]