[
 {
  "rotation_euler": [
   -0.222448468208313,
   0.060057006776332855,
   0.2905217409133911
  ],
  "euler_order": "XYZ",
  "rotation_matrix": [
   [
    0.9563671946525574,
    -0.2920808494091034,
    -0.007107840850949287
   ],
   [
    0.2859356999397278,
    0.9306941628456116,
    0.22814278304576874
   ],
   [
    -0.06002091243863106,
    -0.2202206701040268,
    0.973601758480072
   ]
  ]
 },
 {
  "rotation_euler": [
   -0.2224499136209488,
   0.060065269470214844,
   -3.09419584274292
  ],
  "euler_order": "XYZ",
  "rotation_matrix": [
   [
    -0.997075617313385,
    0.05944038927555084,
    -0.0480315163731575
   ],
   [
    -0.04729362577199936,
    -0.973637044429779,
    -0.22314611077308655
   ],
   [
    -0.06002916023135185,
    -0.22022196650505066,
    0.9736009240150452
   ]
  ]
 },
 {
  "rotation_euler": [
   -0.2224482148885727,
   0.06005839630961418,
   2.1558284759521484
  ],
  "euler_order": "XYZ",
  "rotation_matrix": [
   [
    -0.5512305498123169,
    -0.8058397173881531,
    -0.21625730395317078
   ],
   [
    0.8321912288665771,
    -0.549659252166748,
    -0.07302386313676834
   ],
   [
    -0.060022298246622086,
    -0.2202204018831253,
    0.9736016988754272
   ]
  ]
 },
 {
  "rotation_euler": [
   -0.22245050966739655,
   0.06006429344415665,
   2.1377975940704346
  ],
  "euler_order": "XYZ",
  "rotation_matrix": [
   [
    -0.5361364483833313,
    -0.8156178593635559,
    -0.21754372119903564
   ],
   [
    0.8419942855834961,
    -0.5350416302680969,
    -0.06910927593708038
   ],
   [
    -0.060028184205293655,
    -0.2202225625514984,
    0.9736008644104004
   ]
  ]
 },
 {
  "rotation_euler": [
   -0.22244834899902344,
   0.06005675345659256,
   0.12430743128061295
  ],
  "euler_order": "XYZ",
  "rotation_matrix": [
   [
    0.9904948472976685,
    -0.13407199084758759,
    0.03073612041771412
   ],
   [
    0.12376400828361511,
    0.9661923050880432,
    0.22617441415786743
   ],
   [
    -0.06002065911889076,
    -0.22022056579589844,
    0.973601758480072
   ]
  ]
 },
 {
  "rotation_euler": [
   -0.22244827449321747,
   0.06005716696381569,
   -1.6387064456939697
  ],
  "euler_order": "XYZ",
  "rotation_matrix": [
   [
    -0.06773559004068375,
    0.9740105867385864,
    0.21613715589046478
   ],
   [
    -0.9958962798118591,
    -0.05297470837831497,
    -0.07337792217731476
   ],
   [
    -0.06002106890082359,
    -0.22022047638893127,
    0.973601758480072
   ]
  ]
 },
 {
  "rotation_euler": [
   -0.2224482148885727,
   0.06005726009607315,
   0.024466615170240402
  ],
  "euler_order": "XYZ",
  "rotation_matrix": [
   [
    0.9978983402252197,
    -0.03709917888045311,
    0.05312749370932579
   ],
   [
    0.02442006766796112,
    0.9747443795204163,
    0.22198432683944702
   ],
   [
    -0.060021162033081055,
    -0.2202204167842865,
    0.973601758480072
   ]
  ]
 },
 {
  "rotation_euler": [
   -0.22245053946971893,
   0.06006552651524544,
   1.4490731954574585
  ],
  "euler_order": "XYZ",
  "rotation_matrix": [
   [
    0.12120379507541656,
    -0.9697510004043579,
    -0.211878702044487
   ],
   [
    0.9908108115196228,
    0.1052851527929306,
    0.08490540087223053
   ],
   [
    -0.06002941355109215,
    -0.2202225774526596,
    0.9736008048057556
   ]
  ]
 },
 {
  "rotation_euler": [
   -0.2224486768245697,
   0.060057081282138824,
   -0.3025580048561096
  ],
  "euler_order": "XYZ",
  "rotation_matrix": [
   [
    0.9528564214706421,
    0.2779809534549713,
    0.12161912769079208
   ],
   [
    -0.2974258065223694,
    0.935002326965332,
    0.19315418601036072
   ],
   [
    -0.06002098321914673,
    -0.2202208787202835,
    0.9736016988754272
   ]
  ]
 },
 {
  "rotation_euler": [
   -0.2224494069814682,
   0.06006326153874397,
   2.126824378967285
  ],
  "euler_order": "XYZ",
  "rotation_matrix": [
   [
    -0.5268649458885193,
    -0.8214401006698608,
    -0.21828751266002655
   ],
   [
    0.8478266596794128,
    -0.5260595083236694,
    -0.06671828776597977
   ],
   [
    -0.06002715229988098,
    -0.22022150456905365,
    0.9736011624336243
   ]
  ]
 },
 {
  "rotation_euler": [
   -0.22244828939437866,
   0.06005806103348732,
   1.9359039068222046
  ],
  "euler_order": "XYZ",
  "rotation_matrix": [
   [
    -0.356406033039093,
    -0.9063416719436646,
    -0.22697904706001282
   ],
   [
    0.9324012398719788,
    -0.36062127351760864,
    -0.024087505415081978
   ],
   [
    -0.060021962970495224,
    -0.22022047638893127,
    0.9736016988754272
   ]
  ]
 },
 {
  "rotation_euler": [
   -0.22244860231876373,
   0.06005716696381569,
   -1.4913315773010254
  ],
  "euler_order": "XYZ",
  "rotation_matrix": [
   [
    0.07923802733421326,
    0.9712311029434204,
    0.22456949949264526
   ],
   [
    -0.9950471520423889,
    0.09062518179416656,
    -0.040844470262527466
   ],
   [
    -0.06002106890082359,
    -0.22022080421447754,
    0.9736016988754272
   ]
  ]
 },
 {
  "rotation_euler": [
   -0.22244998812675476,
   0.060063138604164124,
   -2.9156506061553955
  ],
  "euler_order": "XYZ",
  "rotation_matrix": [
   [
    -0.9728260636329651,
    0.2314111292362213,
    -0.0076355948112905025
   ],
   [
    -0.22362059354782104,
    -0.9476028084754944,
    -0.22812870144844055
   ],
   [
    -0.06002703309059143,
    -0.22022207081317902,
    0.9736010432243347
   ]
  ]
 },
 {
  "rotation_euler": [
   -0.22244983911514282,
   0.060064952820539474,
   2.3922529220581055
  ],
  "euler_order": "XYZ",
  "rotation_matrix": [
   [
    -0.7308184504508972,
    -0.6546756625175476,
    -0.19314289093017578
   ],
   [
    0.6799271106719971,
    -0.7231197357177734,
    -0.1216428130865097
   ],
   [
    -0.06002884358167648,
    -0.22022190690040588,
    0.9736009836196899
   ]
  ]
 },
 {
  "rotation_euler": [
   -0.22244839370250702,
   0.06005673483014107,
   -1.9645642042160034
  ],
  "euler_order": "XYZ",
  "rotation_matrix": [
   [
    -0.3829789459705353,
    0.9057963490486145,
    0.1812736690044403
   ],
   [
    -0.9218050837516785,
    -0.3619888126850128,
    -0.13870632648468018
   ],
   [
    -0.06002064049243927,
    -0.22022059559822083,
    0.973601758480072
   ]
  ]
 },
 {
  "rotation_euler": [
   -0.2224504053592682,
   0.06006557494401932,
   -2.701268434524536
  ],
  "euler_order": "XYZ",
  "rotation_matrix": [
   [
    -0.9029821157455444,
    0.42771074175834656,
    0.04107019305229187
   ],
   [
    -0.42546412348747253,
    -0.8766787052154541,
    -0.22453218698501587
   ],
   [
    -0.06002946197986603,
    -0.22022244334220886,
    0.9736008048057556
   ]
  ]
 }
]