[
 {
  "rotation_euler": [
   1.1835432052612305,
   -0.2678152620792389,
   -2.151204824447632
  ],
  "euler_order": "XYZ",
  "rotation_matrix": [
   [
    -0.5288170576095581,
    0.4501683712005615,
    -0.7195143699645996
   ],
   [
    -0.8064278960227966,
    -0.0021849588956683874,
    0.5913283824920654
   ],
   [
    0.26462522149086,
    0.8929409980773926,
    0.36418378353118896
   ]
  ]
 },
 {
  "rotation_euler": [
   -0.5751047134399414,
   0.9804801344871521,
   1.2523943185806274
  ],
  "euler_order": "XYZ",
  "rotation_matrix": [
   [
    0.17425066232681274,
    -0.9384159445762634,
    -0.2983492314815521
   ],
   [
    0.5286461114883423,
    -0.166468545794487,
    0.8323590159416199
   ],
   [
    -0.8307647109031677,
    -0.3027602732181549,
    0.4670826494693756
   ]
  ]
 },
 {
  "rotation_euler": [
   -1.6857999563217163,
   0.26047444343566895,
   2.1818292140960693
  ],
  "euler_order": "XYZ",
  "rotation_matrix": [
   [
    -0.5543611645698547,
    0.2407645732164383,
    -0.7966907024383545
   ],
   [
    0.7914273738861084,
    -0.1437116414308548,
    -0.5941293239593506
   ],
   [
    -0.2575390338897705,
    -0.9598850607872009,
    -0.11087952554225922
   ]
  ]
 },
 {
  "rotation_euler": [
   -1.1935888528823853,
   -0.8063395619392395,
   -0.8889744281768799
  ],
  "euler_order": "XYZ",
  "rotation_matrix": [
   [
    0.4361957609653473,
    0.7088580131530762,
    0.5543045997619629
   ],
   [
    -0.5373992919921875,
    -0.28887253999710083,
    0.7923097014427185
   ],
   [
    0.7217584848403931,
    -0.6434850096702576,
    0.25493478775024414
   ]
  ]
 },
 {
  "rotation_euler": [
   1.1615641117095947,
   0.243830606341362,
   2.888221502304077
  ],
  "euler_order": "XYZ",
  "rotation_matrix": [
   [
    -0.9394375681877136,
    -0.3141576647758484,
    0.13697440922260284
   ],
   [
    0.2432541847229004,
    -0.32968127727508545,
    0.9122157692909241
   ],
   [
    -0.2414216846227646,
    0.8902894258499146,
    0.38613516092300415
   ]
  ]
 },
 {
  "rotation_euler": [
   -0.953071653842926,
   0.6188654899597168,
   -2.5527353286743164
  ],
  "euler_order": "XYZ",
  "rotation_matrix": [
   [
    -0.6773494482040405,
    0.7149412035942078,
    0.17336910963058472
   ],
   [
    -0.4524030089378357,
    -0.21897640824317932,
    -0.8645119071006775
   ],
   [
    -0.5801114439964294,
    -0.6640093326568604,
    0.47176510095596313
   ]
  ]
 },
 {
  "rotation_euler": [
   -0.8845532536506653,
   0.7292779684066772,
   0.3479108512401581
  ],
  "euler_order": "XYZ",
  "rotation_matrix": [
   [
    0.7009812593460083,
    -0.7006385922431946,
    0.13315722346305847
   ],
   [
    0.25421980023384094,
    0.4199220538139343,
    0.8712277412414551
   ],
   [
    -0.66633141040802,
    -0.5768631100654602,
    0.472473680973053
   ]
  ]
 },
 {
  "rotation_euler": [
   -1.1035223007202148,
   -0.23023372888565063,
   2.138604164123535
  ],
  "euler_order": "XYZ",
  "rotation_matrix": [
   [
    -0.5235946774482727,
    -0.4893389046192169,
    -0.6974210143089294
   ],
   [
    0.8208355903625488,
    -0.07047690451145172,
    -0.5667997598648071
   ],
   [
    0.22820508480072021,
    -0.8692412972450256,
    0.438568115234375
   ]
  ]
 },
 {
  "rotation_euler": [
   1.4632765054702759,
   0.4501919746398926,
   -1.134408950805664
  ],
  "euler_order": "XYZ",
  "rotation_matrix": [
   [
    0.38055503368377686,
    0.28011298179626465,
    -0.8813141584396362
   ],
   [
    -0.8159855604171753,
    -0.34672418236732483,
    -0.4625471532344818
   ],
   [
    -0.43513837456703186,
    0.8951642513275146,
    0.09662051498889923
   ]
  ]
 },
 {
  "rotation_euler": [
   2.012887954711914,
   -0.8119603991508484,
   -0.18604415655136108
  ],
  "euler_order": "XYZ",
  "rotation_matrix": [
   [
    0.6762034893035889,
    -0.7236928939819336,
    0.13790366053581238
   ],
   [
    -0.12727555632591248,
    -0.29912933707237244,
    -0.9456862807273865
   ],
   [
    0.7256374955177307,
    0.621924638748169,
    -0.29438072443008423
   ]
  ]
 },
 {
  "rotation_euler": [
   -1.1034058332443237,
   -0.23572726547718048,
   2.7632031440734863
  ],
  "euler_order": "XYZ",
  "rotation_matrix": [
   [
    -0.9035618305206299,
    -0.3601992130279541,
    -0.23201832175254822
   ],
   [
    0.3592078685760498,
    -0.34166061878204346,
    -0.8684686422348022
   ],
   [
    0.23355020582675934,
    -0.868057906627655,
    0.43809789419174194
   ]
  ]
 },
 {
  "rotation_euler": [
   -1.2726761102676392,
   -0.24995973706245422,
   0.17747712135314941
  ],
  "euler_order": "XYZ",
  "rotation_matrix": [
   [
    0.9537027478218079,
    0.18088355660438538,
    -0.24027517437934875
   ],
   [
    0.1710602343082428,
    0.33085528016090393,
    0.9280480742454529
   ],
   [
    0.24736495316028595,
    -0.9261835217475891,
    0.2845956087112427
   ]
  ]
 },
 {
  "rotation_euler": [
   -0.436411589384079,
   1.0356385707855225,
   -1.3060081005096436
  ],
  "euler_order": "XYZ",
  "rotation_matrix": [
   [
    0.13346339762210846,
    0.7795346975326538,
    0.611974835395813
   ],
   [
    -0.4922029972076416,
    0.5880974531173706,
    -0.6417768597602844
   ],
   [
    -0.8601881861686707,
    -0.2155621200799942,
    0.4621787965297699
   ]
  ]
 },
 {
  "rotation_euler": [
   -0.4615253806114197,
   1.0291117429733276,
   -0.06698541343212128
  ],
  "euler_order": "XYZ",
  "rotation_matrix": [
   [
    0.5144238471984863,
    -0.3207758963108063,
    0.795280396938324
   ],
   [
    -0.034510526806116104,
    0.9189063310623169,
    0.39296334981918335
   ],
   [
    -0.8568413853645325,
    -0.22959527373313904,
    0.4616371989250183
   ]
  ]
 },
 {
  "rotation_euler": [
   1.1310747861862183,
   -0.5316914916038513,
   -2.433856725692749
  ],
  "euler_order": "XYZ",
  "rotation_matrix": [
   [
    -0.6549409627914429,
    0.6253296732902527,
    -0.42428192496299744
   ],
   [
    -0.560367226600647,
    -0.025204461067914963,
    0.8278607130050659
   ],
   [
    0.5069920420646667,
    0.7799535393714905,
    0.36692166328430176
   ]
  ]
 },
 {
  "rotation_euler": [
   -0.9892162084579468,
   0.5238797068595886,
   1.616509199142456
  ],
  "euler_order": "XYZ",
  "rotation_matrix": [
   [
    -0.039568301290273666,
    -0.5296697020530701,
    -0.8472805619239807
   ],
   [
    0.8649803400039673,
    -0.4426678419113159,
    0.2363348752260208
   ],
   [
    -0.5002432465553284,
    -0.7235296964645386,
    0.4756695032119751
   ]
  ]
 }
]