[
 {
  "rotation_euler": [
   -0.753545343875885,
   0.004309617914259434,
   2.91939115524292
  ],
  "euler_order": "XYZ",
  "rotation_matrix": [
   [
    -0.9754055738449097,
    -0.15783794224262238,
    -0.15385419130325317
   ],
   [
    0.22037547826766968,
    -0.7119881510734558,
    -0.6667139530181885
   ],
   [
    -0.004309604410082102,
    -0.6842222213745117,
    0.7292608618736267
   ]
  ]
 },
 {
  "rotation_euler": [
   0.30348101258277893,
   -0.27640804648399353,
   -0.8627287149429321
  ],
  "euler_order": "XYZ",
  "rotation_matrix": [
   [
    0.6256803870201111,
    0.671866238117218,
    -0.3963834345340729
   ],
   [
    -0.7307863235473633,
    0.6825974583625793,
    0.0034701384138315916
   ],
   [
    0.2729018032550812,
    0.28750041127204895,
    0.9180784821510315
   ]
  ]
 },
 {
  "rotation_euler": [
   0.06836110353469849,
   -0.3051721155643463,
   1.9075355529785156
  ],
  "euler_order": "XYZ",
  "rotation_matrix": [
   [
    -0.3151446580886841,
    -0.934851348400116,
    0.16351410746574402
   ],
   [
    0.9002273082733154,
    -0.3490104079246521,
    -0.2603507339954376
   ],
   [
    0.30045732855796814,
    0.06515172123908997,
    0.9515674710273743
   ]
  ]
 },
 {
  "rotation_euler": [
   -0.5436974167823792,
   0.3272433280944824,
   2.8799679279327393
  ],
  "euler_order": "XYZ",
  "rotation_matrix": [
   [
    -0.9147089123725891,
    -0.060732778161764145,
    -0.39952367544174194
   ],
   [
    0.24492427706718445,
    -0.8696879148483276,
    -0.42854997515678406
   ],
   [
    -0.3214338719844818,
    -0.4898515045642853,
    0.8103861808776855
   ]
  ]
 },
 {
  "rotation_euler": [
   -0.5407180786132812,
   0.4661683738231659,
   0.6630073189735413
  ],
  "euler_order": "XYZ",
  "rotation_matrix": [
   [
    0.704047441482544,
    -0.7100318074226379,
    -0.013116376474499702
   ],
   [
    0.5498152375221252,
    0.5333054065704346,
    0.6428751945495605
   ],
   [
    -0.4494668245315552,
    -0.4598262310028076,
    0.7658586502075195
   ]
  ]
 },
 {
  "rotation_euler": [
   0.6176841855049133,
   -0.8874086141586304,
   1.4478703737258911
  ],
  "euler_order": "XYZ",
  "rotation_matrix": [
   [
    0.07742301374673843,
    -0.8641366362571716,
    0.49726602435112
   ],
   [
    0.6266589760780334,
    -0.3457455039024353,
    -0.698397159576416
   ],
   [
    0.7754380702972412,
    0.3656882345676422,
    0.5147503018379211
   ]
  ]
 },
 {
  "rotation_euler": [
   -0.4481070339679718,
   0.5642293691635132,
   1.6438616514205933
  ],
  "euler_order": "XYZ",
  "rotation_matrix": [
   [
    -0.06168534979224205,
    -0.8819505572319031,
    -0.4672880172729492
   ],
   [
    0.8427464365959167,
    -0.2968670725822449,
    0.4490527808666229
   ],
   [
    -0.5347647666931152,
    -0.366105318069458,
    0.761573076248169
   ]
  ]
 },
 {
  "rotation_euler": [
   -0.7343065738677979,
   0.0019385024206712842,
   3.0494213104248047
  ],
  "euler_order": "XYZ",
  "rotation_matrix": [
   [
    -0.9957533478736877,
    -0.06702812016010284,
    -0.06310690939426422
   ],
   [
    0.09204071760177612,
    -0.7392642498016357,
    -0.6670958399772644
   ],
   [
    -0.001938501256518066,
    -0.6700713038444519,
    0.742294192314148
   ]
  ]
 },
 {
  "rotation_euler": [
   -0.2512052357196808,
   0.5114816427230835,
   -2.893162965774536
  ],
  "euler_order": "XYZ",
  "rotation_matrix": [
   [
    -0.8452489972114563,
    0.3560978174209595,
    -0.39843255281448364
   ],
   [
    -0.21441422402858734,
    -0.90896075963974,
    -0.35751479864120483
   ],
   [
    -0.4894697964191437,
    -0.21675942838191986,
    0.8446506261825562
   ]
  ]
 },
 {
  "rotation_euler": [
   -0.8014872074127197,
   0.11998048424720764,
   1.3729338645935059
  ],
  "euler_order": "XYZ",
  "rotation_matrix": [
   [
    0.19516077637672424,
    -0.6989691257476807,
    -0.6880075931549072
   ],
   [
    0.9734402298927307,
    0.052435893565416336,
    0.22285550832748413
   ],
   [
    -0.1196928322315216,
    -0.7132269144058228,
    0.6906381249427795
   ]
  ]
 },
 {
  "rotation_euler": [
   0.6108443737030029,
   0.11252623796463013,
   0.4774920344352722
  ],
  "euler_order": "XYZ",
  "rotation_matrix": [
   [
    0.8825332522392273,
    -0.31924867630004883,
    0.34527578949928284
   ],
   [
    0.45664677023887634,
    0.7571379542350769,
    -0.46713578701019287
   ],
   [
    -0.11228891462087631,
    0.5699319243431091,
    0.8139832615852356
   ]
  ]
 },
 {
  "rotation_euler": [
   -0.12320730835199356,
   -0.6800484657287598,
   -0.00369237270206213
  ],
  "euler_order": "XYZ",
  "rotation_matrix": [
   [
    0.777536928653717,
    0.08094451576471329,
    -0.6236058473587036
   ],
   [
    -0.0028709692414849997,
    0.9921274781227112,
    0.12519925832748413
   ],
   [
    0.6288307309150696,
    -0.09555669873952866,
    0.7716481685638428
   ]
  ]
 },
 {
  "rotation_euler": [
   0.06591369956731796,
   -0.07978290319442749,
   -2.127873182296753
  ],
  "euler_order": "XYZ",
  "rotation_matrix": [
   [
    -0.5270254611968994,
    0.8497364521026611,
    -0.013861758634448051
   ],
   [
    -0.8461042046546936,
    -0.5231034755706787,
    0.10232517123222351
   ],
   [
    0.07969828695058823,
    0.06565646082162857,
    0.9946544170379639
   ]
  ]
 },
 {
  "rotation_euler": [
   -0.2997190058231354,
   -0.5830868482589722,
   -2.847052812576294
  ],
  "euler_order": "XYZ",
  "rotation_matrix": [
   [
    -0.7988184690475464,
    0.1217920258641243,
    0.5891144275665283
   ],
   [
    -0.24233247339725494,
    -0.9614681601524353,
    -0.12982282042503357
   ],
   [
    0.5506033301353455,
    -0.24646641314029694,
    0.7975526452064514
   ]
  ]
 },
 {
  "rotation_euler": [
   -0.47675368189811707,
   -0.19671531021595,
   1.0568867921829224
  ],
  "euler_order": "XYZ",
  "rotation_matrix": [
   [
    0.48210474848747253,
    -0.7296317219734192,
    -0.48498716950416565
   ],
   [
    0.8540343642234802,
    0.5148741006851196,
    0.07436393201351166
   ],
   [
    0.19544905424118042,
    -0.45004692673683167,
    0.871353805065155
   ]
  ]
 },
 {
  "rotation_euler": [
   -0.772002637386322,
   0.4349604547023773,
   -2.1807591915130615
  ],
  "euler_order": "XYZ",
  "rotation_matrix": [
   [
    -0.5194982886314392,
    0.755684494972229,
    0.39882633090019226
   ],
   [
    -0.74334716796875,
    -0.16951370239257812,
    -0.6470703482627869
   ],
   [
    -0.42137452960014343,
    -0.6326183676719666,
    0.6497980356216431
   ]
  ]
 }
]