[
 {
  "rotation_euler": [
   1.682124137878418,
   -0.38318851590156555,
   0.23859693109989166
  ],
  "euler_order": "XYZ",
  "rotation_matrix": [
   [
    0.9012023210525513,
    -0.33478203415870667,
    0.2752370238304138
   ],
   [
    0.219199538230896,
    -0.1957661658525467,
    -0.9558384418487549
   ],
   [
    0.37387964129447937,
    0.9217356443405151,
    -0.10304085910320282
   ]
  ]
 },
 {
  "rotation_euler": [
   -1.5757161378860474,
   -0.059628676623106,
   0.20362848043441772
  ],
  "euler_order": "XYZ",
  "rotation_matrix": [
   [
    0.9775987267494202,
    0.05935629829764366,
    -0.2019345909357071
   ],
   [
    0.20186476409435272,
    0.007232924457639456,
    0.9793866872787476
   ],
   [
    0.05959334596991539,
    -0.9982106685638428,
    -0.0049110474064946175
   ]
  ]
 },
 {
  "rotation_euler": [
   -1.5793644189834595,
   -0.9709035158157349,
   1.4573860168457031
  ],
  "euler_order": "XYZ",
  "rotation_matrix": [
   [
    0.06388908624649048,
    0.10191741585731506,
    -0.9927391409873962
   ],
   [
    0.5609272718429565,
    0.8190940022468567,
    0.12018975615501404
   ],
   [
    0.8253961205482483,
    -0.5645332932472229,
    -0.00483709154650569
   ]
  ]
 },
 {
  "rotation_euler": [
   -1.5491454601287842,
   -1.8059219121932983,
   0.18606022000312805
  ],
  "euler_order": "XYZ",
  "rotation_matrix": [
   [
    -0.2289443016052246,
    0.9514718055725098,
    -0.20563533902168274
   ],
   [
    -0.04309588298201561,
    0.20113198459148407,
    0.9786157011985779
   ],
   [
    0.9724850654602051,
    0.23291051387786865,
    -0.005043502431362867
   ]
  ]
 },
 {
  "rotation_euler": [
   1.5543314218521118,
   -1.8703062534332275,
   -1.0071567296981812
  ],
  "euler_order": "XYZ",
  "rotation_matrix": [
   [
    -0.1576363444328308,
    -0.4964948296546936,
    -0.8536062836647034
   ],
   [
    0.24941222369670868,
    0.8163704872131348,
    -0.5208960771560669
   ],
   [
    0.9554811716079712,
    -0.2950119972229004,
    -0.004857783205807209
   ]
  ]
 },
 {
  "rotation_euler": [
   -1.5760544538497925,
   -0.29938364028930664,
   -0.20058006048202515
  ],
  "euler_order": "XYZ",
  "rotation_matrix": [
   [
    0.9363614320755005,
    0.28796669840812683,
    0.20075473189353943
   ],
   [
    -0.19037538766860962,
    -0.06391333788633347,
    0.9796286225318909
   ],
   [
    0.2949313223361969,
    -0.9555052518844604,
    -0.0050242142751812935
   ]
  ]
 },
 {
  "rotation_euler": [
   1.576185703277588,
   -0.3582265079021454,
   2.47444486618042
  ],
  "euler_order": "XYZ",
  "rotation_matrix": [
   [
    -0.7357205152511597,
    0.27876928448677063,
    0.6172544360160828
   ],
   [
    0.5794697999954224,
    -0.2127046138048172,
    0.786747395992279
   ],
   [
    0.35061386227607727,
    0.9365065097808838,
    -0.005047235172241926
   ]
  ]
 },
 {
  "rotation_euler": [
   -1.575839638710022,
   0.024321461096405983,
   2.760181427001953
  ],
  "euler_order": "XYZ",
  "rotation_matrix": [
   [
    -0.927865743637085,
    0.02444848231971264,
    -0.37211209535598755
   ],
   [
    0.37212055921554565,
    -0.004371304996311665,
    -0.9281740784645081
   ],
   [
    -0.024319063872098923,
    -0.9996915459632874,
    -0.005041799042373896
   ]
  ]
 },
 {
  "rotation_euler": [
   -1.303025722503662,
   -1.5898648500442505,
   -0.9718144536018372
  ],
  "euler_order": "XYZ",
  "rotation_matrix": [
   [
    -0.01075021829456091,
    0.7621319890022278,
    0.6473324298858643
   ],
   [
    0.015747930854558945,
    -0.647160530090332,
    0.762191116809845
   ],
   [
    0.9998182058334351,
    0.018387867137789726,
    -0.005044884979724884
   ]
  ]
 },
 {
  "rotation_euler": [
   0.02921426296234131,
   0.009890127927064896,
   -0.6409478187561035
  ],
  "euler_order": "XYZ",
  "rotation_matrix": [
   [
    0.8014901876449585,
    0.5979318022727966,
    -0.009542625397443771
   ],
   [
    -0.5979261994361877,
    0.8010146021842957,
    -0.029323995113372803
   ],
   [
    -0.009889966808259487,
    0.029208678752183914,
    0.9995244145393372
   ]
  ]
 },
 {
  "rotation_euler": [
   -1.5760829448699951,
   -0.3181985914707184,
   -2.209489583969116
  ],
  "euler_order": "XYZ",
  "rotation_matrix": [
   [
    -0.5662205815315247,
    -0.19075003266334534,
    0.8018782138824463
   ],
   [
    -0.7625715136528015,
    -0.24802938103675842,
    -0.5974663496017456
   ],
   [
    0.3128560781478882,
    -0.9497872591018677,
    -0.005021209362894297
   ]
  ]
 },
 {
  "rotation_euler": [
   1.5765831470489502,
   0.5480309128761292,
   -1.3168741464614868
  ],
  "euler_order": "XYZ",
  "rotation_matrix": [
   [
    0.21441423892974854,
    0.1252748668193817,
    -0.9686757922172546
   ],
   [
    -0.8261826038360596,
    -0.5057464241981506,
    -0.24827980995178223
   ],
   [
    -0.5210075378417969,
    0.8535377979278564,
    -0.004939325153827667
   ]
  ]
 },
 {
  "rotation_euler": [
   1.5432407855987549,
   -2.118572235107422,
   0.054216284304857254
  ],
  "euler_order": "XYZ",
  "rotation_matrix": [
   [
    -0.5200245976448059,
    -0.8535999655723572,
    0.030682941898703575
   ],
   [
    -0.028221460059285164,
    -0.018731819465756416,
    -0.9994261860847473
   ],
   [
    0.8536849021911621,
    -0.5205921530723572,
    -0.014348830096423626
   ]
  ]
 },
 {
  "rotation_euler": [
   1.565238356590271,
   2.6421151161193848,
   0.3432171940803528
  ],
  "euler_order": "XYZ",
  "rotation_matrix": [
   [
    -0.8266350030899048,
    0.4491548240184784,
    0.3390199840068817
   ],
   [
    -0.29540690779685974,
    0.16641248762607574,
    -0.9407665133476257
   ],
   [
    -0.47896698117256165,
    -0.8778193593025208,
    -0.004878944251686335
   ]
  ]
 },
 {
  "rotation_euler": [
   -1.5691516399383545,
   2.6872951984405518,
   -0.10874538123607635
  ],
  "euler_order": "XYZ",
  "rotation_matrix": [
   [
    -0.893261730670929,
    -0.4360598921775818,
    0.10924851149320602
   ],
   [
    0.0975228101015091,
    0.04926176741719246,
    0.9940133690834045
   ],
   [
    -0.4388311505317688,
    0.898568332195282,
    -0.0014778648037463427
   ]
  ]
 },
 {
  "rotation_euler": [
   -1.576932668685913,
   -0.6007859706878662,
   0.8850908875465393
  ],
  "euler_order": "XYZ",
  "rotation_matrix": [
   [
    0.5223371386528015,
    0.3626956641674042,
    -0.7717614769935608
   ],
   [
    0.6384434103965759,
    0.43362584710121155,
    0.6358919739723206
   ],
   [
    0.5652909874916077,
    -0.8248760104179382,
    -0.0050617847591638565
   ]
  ]
 }
]