[
 {
  "rotation_euler": [
   0.0015111748361960053,
   -6.60982912847885e-09,
   -2.593033790588379
  ],
  "euler_order": "XYZ",
  "rotation_matrix": [
   [
    -0.8532769083976746,
    0.5214574933052063,
    -0.0007880083867348731
   ],
   [
    -0.521458089351654,
    -0.8532759547233582,
    0.0012894535902887583
   ],
   [
    6.60982912847885e-09,
    0.0015111742541193962,
    0.9999988675117493
   ]
  ]
 },
 {
  "rotation_euler": [
   0.0015109637752175331,
   2.2642234398517758e-07,
   2.9314956665039062
  ],
  "euler_order": "XYZ",
  "rotation_matrix": [
   [
    -0.9780107140541077,
    -0.20855452120304108,
    0.00031489713001064956
   ],
   [
    0.20855475962162018,
    -0.9780095815658569,
    0.0014777854084968567
   ],
   [
    -2.2642234398517758e-07,
    0.001510963193140924,
    0.9999988675117493
   ]
  ]
 },
 {
  "rotation_euler": [
   0.0015109952073544264,
   -3.345620598338428e-07,
   -0.8329728841781616
  ],
  "euler_order": "XYZ",
  "rotation_matrix": [
   [
    0.6726790070533752,
    0.7399336099624634,
    -0.0011182620655745268
   ],
   [
    -0.7399344444274902,
    0.6726782321929932,
    -0.0010161667596548796
   ],
   [
    3.345620598338428e-07,
    0.0015109946252778172,
    0.9999988675117493
   ]
  ]
 },
 {
  "rotation_euler": [
   0.0015133103588595986,
   5.167268682271242e-06,
   2.883756637573242
  ],
  "euler_order": "XYZ",
  "rotation_matrix": [
   [
    -0.9669440388679504,
    -0.2549884021282196,
    0.00038088043220341206
   ],
   [
    0.2549887001514435,
    -0.9669429063796997,
    0.0014646034687757492
   ],
   [
    -5.167268682271242e-06,
    0.0015133097767829895,
    0.9999988675117493
   ]
  ]
 },
 {
  "rotation_euler": [
   0.001513684168457985,
   -1.0402610541859758e-06,
   0.8684706687927246
  ],
  "euler_order": "XYZ",
  "rotation_matrix": [
   [
    0.6459947228431702,
    -0.7633410096168518,
    0.0011547860922291875
   ],
   [
    0.7633419036865234,
    0.6459939479827881,
    -0.000978625612333417
   ],
   [
    1.0402610541859758e-06,
    0.0015136835863813758,
    0.9999988675117493
   ]
  ]
 },
 {
  "rotation_euler": [
   0.0015110787935554981,
   -3.3480984029665706e-07,
   -1.6008355617523193
  ],
  "euler_order": "XYZ",
  "rotation_matrix": [
   [
    -0.030034717172384262,
    0.9995477199554443,
    -0.0015103864716365933
   ],
   [
    -0.9995488524436951,
    -0.030034681782126427,
    4.571946556097828e-05
   ],
   [
    3.3480984029665706e-07,
    0.001511078211478889,
    0.9999988675117493
   ]
  ]
 },
 {
  "rotation_euler": [
   0.0015139332972466946,
   -2.0208294699841645e-06,
   -1.619287133216858
  ],
  "euler_order": "XYZ",
  "rotation_matrix": [
   [
    -0.048471804708242416,
    0.9988234043121338,
    -0.0015120551688596606
   ],
   [
    -0.9988245368003845,
    -0.04847174510359764,
    7.540150545537472e-05
   ],
   [
    2.0208294699841645e-06,
    0.0015139327151700854,
    0.9999988675117493
   ]
  ]
 },
 {
  "rotation_euler": [
   0.0015103556215763092,
   7.508446628889942e-07,
   -0.049237996339797974
  ],
  "euler_order": "XYZ",
  "rotation_matrix": [
   [
    0.998788058757782,
    0.04921804741024971,
    -7.358687435043976e-05
   ],
   [
    -0.04921810328960419,
    0.9987869262695312,
    -0.0015085615450516343
   ],
   [
    -7.508446628889942e-07,
    0.0015103550394997,
    0.9999988675117493
   ]
  ]
 },
 {
  "rotation_euler": [
   0.0015111769316717982,
   -4.599669978233578e-09,
   3.056809902191162
  ],
  "euler_order": "XYZ",
  "rotation_matrix": [
   [
    -0.9964081048965454,
    -0.08468112349510193,
    0.0001279728312510997
   ],
   [
    0.08468121290206909,
    -0.9964069724082947,
    0.001505748019553721
   ],
   [
    4.599669978233578e-09,
    0.001511176349595189,
    0.9999988675117493
   ]
  ]
 },
 {
  "rotation_euler": [
   0.0015112144174054265,
   -3.9967471110458064e-08,
   -0.9217473268508911
  ],
  "euler_order": "XYZ",
  "rotation_matrix": [
   [
    0.6044290661811829,
    0.7966580390930176,
    -0.0012039461871609092
   ],
   [
    -0.796658992767334,
    0.6044283509254456,
    -0.0009133897256106138
   ],
   [
    3.9967471110458064e-08,
    0.0015112138353288174,
    0.9999988675117493
   ]
  ]
 },
 {
  "rotation_euler": [
   0.0015141936019062996,
   -6.488244707725244e-06,
   -1.6658530235290527
  ],
  "euler_order": "XYZ",
  "rotation_matrix": [
   [
    -0.09491360932588577,
    0.9954843521118164,
    -0.0015067413914948702
   ],
   [
    -0.9954854846000671,
    -0.09491349011659622,
    0.0001501764782005921
   ],
   [
    6.488244707725244e-06,
    0.0015141930198296905,
    0.9999988675117493
   ]
  ]
 },
 {
  "rotation_euler": [
   0.0015108113875612617,
   -1.0264961929351557e-06,
   2.07912540435791
  ],
  "euler_order": "XYZ",
  "rotation_matrix": [
   [
    -0.4867182672023773,
    -0.873557984828949,
    0.0013202819973230362
   ],
   [
    0.8735589981079102,
    -0.48671773076057434,
    0.000734442553948611
   ],
   [
    1.0264961929351557e-06,
    0.0015108108054846525,
    0.9999988675117493
   ]
  ]
 },
 {
  "rotation_euler": [
   0.001511306967586279,
   -2.9419759073334717e-08,
   -1.7751129865646362
  ],
  "euler_order": "XYZ",
  "rotation_matrix": [
   [
    -0.2028980851173401,
    0.9791987538337708,
    -0.001479865051805973
   ],
   [
    -0.9791998863220215,
    -0.202897846698761,
    0.0003066699719056487
   ],
   [
    2.9419759073334717e-08,
    0.0015113063855096698,
    0.9999988675117493
   ]
  ]
 },
 {
  "rotation_euler": [
   0.0015121859032660723,
   2.3596480787091423e-06,
   1.5660332441329956
  ],
  "euler_order": "XYZ",
  "rotation_matrix": [
   [
    0.004763064440339804,
    -0.9999875426292419,
    0.00151217938400805
   ],
   [
    0.9999886751174927,
    0.0047630625776946545,
    -4.843017904931912e-06
   ],
   [
    -2.3596480787091423e-06,
    0.0015121853211894631,
    0.9999988675117493
   ]
  ]
 },
 {
  "rotation_euler": [
   0.0015111893881112337,
   2.1179350540023734e-07,
   -2.909912586212158
  ],
  "euler_order": "XYZ",
  "rotation_matrix": [
   [
    -0.973281979560852,
    0.22961276769638062,
    -0.0003471947566140443
   ],
   [
    -0.2296130210161209,
    -0.9732809066772461,
    0.0014707642840221524
   ],
   [
    -2.1179350540023734e-07,
    0.0015111888060346246,
    0.9999988675117493
   ]
  ]
 },
 {
  "rotation_euler": [
   0.001511220820248127,
   4.4993665682113715e-08,
   0.4528428316116333
  ],
  "euler_order": "XYZ",
  "rotation_matrix": [
   [
    0.8992069363594055,
    -0.43752309679985046,
    0.0006612349534407258
   ],
   [
    0.43752360343933105,
    0.8992059230804443,
    -0.0013588800793513656
   ],
   [
    -4.4993665682113715e-08,
    0.0015112202381715178,
    0.9999988675117493
   ]
  ]
 }
]