[
 {
  "rotation_euler": [
   -1.0877334716496989e-05,
   0.0002397742646280676,
   -2.9180049896240234
  ],
  "euler_order": "XYZ",
  "rotation_matrix": [
   [
    -0.9751082062721252,
    0.22172941267490387,
    -0.00023139403492677957
   ],
   [
    -0.22172939777374268,
    -0.9751082062721252,
    -6.377158570103347e-05
   ],
   [
    -0.0002397742646280676,
    -1.0877334716496989e-05,
    1.0
   ]
  ]
 },
 {
  "rotation_euler": [
   -7.101464234438026e-07,
   0.0002307250542799011,
   2.7924046516418457
  ],
  "euler_order": "XYZ",
  "rotation_matrix": [
   [
    -0.93965083360672,
    -0.34213492274284363,
    -0.00021704395476263016
   ],
   [
    0.34213492274284363,
    -0.93965083360672,
    7.827181252650917e-05
   ],
   [
    -0.0002307250542799011,
    -7.101464234438026e-07,
    1.0
   ]
  ]
 },
 {
  "rotation_euler": [
   -1.256377828440236e-07,
   0.0002418921358184889,
   0.20997539162635803
  ],
  "euler_order": "XYZ",
  "rotation_matrix": [
   [
    0.9780359864234924,
    -0.20843583345413208,
    0.0002365530381212011
   ],
   [
    0.2084358185529709,
    0.9780360460281372,
    5.054186476627365e-05
   ],
   [
    -0.0002418921358184889,
    -1.256377828440236e-07,
    1.0
   ]
  ]
 },
 {
  "rotation_euler": [
   1.0706073538813143e-07,
   0.0002422845282126218,
   -0.7931607961654663
  ],
  "euler_order": "XYZ",
  "rotation_matrix": [
   [
    0.7015964984893799,
    0.7125744223594666,
    0.00016990969015751034
   ],
   [
    -0.7125744223594666,
    0.7015964984893799,
    -0.00017272087279707193
   ],
   [
    -0.0002422845282126218,
    1.0706073538813143e-07,
    1.0
   ]
  ]
 },
 {
  "rotation_euler": [
   -1.879593192199991e-08,
   0.0002420078672003001,
   0.6005076169967651
  ],
  "euler_order": "XYZ",
  "rotation_matrix": [
   [
    0.8250488638877869,
    -0.5650613307952881,
    0.0001996577047975734
   ],
   [
    0.5650613307952881,
    0.8250488638877869,
    0.00013676479284185916
   ],
   [
    -0.0002420078672003001,
    -1.879593192199991e-08,
    1.0
   ]
  ]
 },
 {
  "rotation_euler": [
   4.570879639231862e-07,
   0.00022500379418488592,
   2.368438482284546
  ],
  "euler_order": "XYZ",
  "rotation_matrix": [
   [
    -0.7157113552093506,
    -0.6983962059020996,
    -0.00016071854042820632
   ],
   [
    0.6983961462974548,
    -0.7157113552093506,
    0.0001574689376866445
   ],
   [
    -0.00022500379418488592,
    4.570879639231862e-07,
    1.0
   ]
  ]
 },
 {
  "rotation_euler": [
   1.917431120546098e-07,
   0.00024226465029641986,
   2.0095438957214355
  ],
  "euler_order": "XYZ",
  "rotation_matrix": [
   [
    -0.42480596899986267,
    -0.9052844047546387,
    -0.00010274189116898924
   ],
   [
    0.9052844047546387,
    -0.42480599880218506,
    0.00021939986618235707
   ],
   [
    -0.00024226465029641986,
    1.917431120546098e-07,
    1.0
   ]
  ]
 },
 {
  "rotation_euler": [
   2.1168283126371534e-07,
   0.0002421932149445638,
   2.3806421756744385
  ],
  "euler_order": "XYZ",
  "rotation_matrix": [
   [
    -0.7241808772087097,
    -0.6896100640296936,
    -0.00017524571740068495
   ],
   [
    0.6896100640296936,
    -0.7241808772087097,
    0.00016717216931283474
   ],
   [
    -0.0002421932149445638,
    2.1168283126371534e-07,
    1.0
   ]
  ]
 },
 {
  "rotation_euler": [
   1.0096681535287644e-07,
   0.0002423721889499575,
   -0.10051064193248749
  ],
  "euler_order": "XYZ",
  "rotation_matrix": [
   [
    0.9949530363082886,
    0.10034149140119553,
    0.0002411388122709468
   ],
   [
    -0.10034149140119553,
    0.9949530363082886,
    -2.442044387862552e-05
   ],
   [
    -0.0002423721889499575,
    1.0096681535287644e-07,
    1.0
   ]
  ]
 },
 {
  "rotation_euler": [
   -5.033876277593663e-06,
   0.00022482642089016736,
   -2.792266368865967
  ],
  "euler_order": "XYZ",
  "rotation_matrix": [
   [
    -0.9396035075187683,
    0.342264860868454,
    -0.00020952477643731982
   ],
   [
    -0.342264860868454,
    -0.9396035075187683,
    -8.16800311440602e-05
   ],
   [
    -0.00022482642089016736,
    -5.033876277593663e-06,
    1.0
   ]
  ]
 },
 {
  "rotation_euler": [
   3.2419245599157875e-07,
   0.00022672954946756363,
   0.25219041109085083
  ],
  "euler_order": "XYZ",
  "rotation_matrix": [
   [
    0.9683681726455688,
    -0.24952568113803864,
    0.0002196385757997632
   ],
   [
    0.24952568113803864,
    0.9683681726455688,
    5.626090569421649e-05
   ],
   [
    -0.00022672954946756363,
    3.2419245599157875e-07,
    1.0
   ]
  ]
 },
 {
  "rotation_euler": [
   1.51728087871561e-07,
   0.0002424004051135853,
   -0.8726902604103088
  ],
  "euler_order": "XYZ",
  "rotation_matrix": [
   [
    0.6427679657936096,
    0.7660609483718872,
    0.00015569098468404263
   ],
   [
    -0.7660608887672424,
    0.6427679657936096,
    -0.00018579099560156465
   ],
   [
    -0.0002424004051135853,
    1.51728087871561e-07,
    1.0
   ]
  ]
 },
 {
  "rotation_euler": [
   -4.7497810555796605e-06,
   0.00023517526278737932,
   0.6014769077301025
  ],
  "euler_order": "XYZ",
  "rotation_matrix": [
   [
    0.8245007395744324,
    -0.5658608078956604,
    0.00019121447985526174
   ],
   [
    0.5658608078956604,
    0.8245007991790771,
    0.00013699266128242016
   ],
   [
    -0.00023517526278737932,
    -4.7497810555796605e-06,
    1.0
   ]
  ]
 },
 {
  "rotation_euler": [
   9.770570130740452e-08,
   0.0002419650845695287,
   -0.13583317399024963
  ],
  "euler_order": "XYZ",
  "rotation_matrix": [
   [
    0.9907888174057007,
    0.13541585206985474,
    0.00023972307099029422
   ],
   [
    -0.13541585206985474,
    0.9907888770103455,
    -3.28627138515003e-05
   ],
   [
    -0.0002419650845695287,
    9.770570130740452e-08,
    1.0
   ]
  ]
 },
 {
  "rotation_euler": [
   -6.5808162617031485e-06,
   0.00022880650067236274,
   -2.3982203006744385
  ],
  "euler_order": "XYZ",
  "rotation_matrix": [
   [
    -0.7361903786659241,
    0.6767744421958923,
    -0.00016399142623413354
   ],
   [
    -0.6767744421958923,
    -0.7361904382705688,
    -0.0001596951187821105
   ],
   [
    -0.00022880650067236274,
    -6.5808162617031485e-06,
    1.0
   ]
  ]
 },
 {
  "rotation_euler": [
   -1.4934687897039112e-05,
   0.00023690707166679204,
   -1.8598144054412842
  ],
  "euler_order": "XYZ",
  "rotation_matrix": [
   [
    -0.2850111722946167,
    0.9585241675376892,
    -5.32059020770248e-05
   ],
   [
    -0.9585241675376892,
    -0.2850111722946167,
    -0.00023133770446293056
   ],
   [
    -0.00023690707166679204,
    -1.4934687897039112e-05,
    1.0
   ]
  ]
 }
]