[
 {
  "rotation_euler": [
   -0.7112969756126404,
   8.833953324938193e-05,
   -0.3500993251800537
  ],
  "euler_order": "XYZ",
  "rotation_matrix": [
   [
    0.9393386244773865,
    0.2597670257091522,
    0.22397321462631226
   ],
   [
    -0.3429911136627197,
    0.71158367395401,
    0.6131930947303772
   ],
   [
    -8.833953324938193e-05,
    -0.6528167724609375,
    0.7575158476829529
   ]
  ]
 },
 {
  "rotation_euler": [
   -0.7112968564033508,
   8.472352783428505e-05,
   0.14228865504264832
  ],
  "euler_order": "XYZ",
  "rotation_matrix": [
   [
    0.9898940324783325,
    -0.1074773296713829,
    -0.09251175820827484
   ],
   [
    0.14180901646614075,
    0.7498526573181152,
    0.6462284922599792
   ],
   [
    -8.472352783428505e-05,
    -0.6528167128562927,
    0.7575159072875977
   ]
  ]
 },
 {
  "rotation_euler": [
   -0.7112966179847717,
   8.732563583180308e-05,
   1.2569388151168823
  ],
  "euler_order": "XYZ",
  "rotation_matrix": [
   [
    0.30873000621795654,
    -0.720528781414032,
    -0.6209058165550232
   ],
   [
    0.9511497020721436,
    0.23381370306015015,
    0.20160695910453796
   ],
   [
    -8.732563583180308e-05,
    -0.6528165340423584,
    0.757516086101532
   ]
  ]
 },
 {
  "rotation_euler": [
   -0.7112964391708374,
   8.435600466327742e-05,
   3.0833778381347656
  ],
  "euler_order": "XYZ",
  "rotation_matrix": [
   [
    -0.9983059763908386,
    -0.044018786400556564,
    -0.038045916706323624
   ],
   [
    0.05818193778395653,
    -0.7562361359596252,
    -0.6517068147659302
   ],
   [
    -8.435600466327742e-05,
    -0.6528164148330688,
    0.7575161457061768
   ]
  ]
 },
 {
  "rotation_euler": [
   -0.7112966179847717,
   8.460875687887892e-05,
   -0.17939920723438263
  ],
  "euler_order": "XYZ",
  "rotation_matrix": [
   [
    0.9839510917663574,
    0.13511565327644348,
    0.11655063927173615
   ],
   [
    -0.1784384548664093,
    0.7453685998916626,
    0.6423280835151672
   ],
   [
    -8.460875687887892e-05,
    -0.6528165340423584,
    0.757516086101532
   ]
  ]
 },
 {
  "rotation_euler": [
   -0.711296796798706,
   8.403004903811961e-05,
   0.959877073764801
  ],
  "euler_order": "XYZ",
  "rotation_matrix": [
   [
    0.5736206769943237,
    -0.6205287575721741,
    -0.5346993803977966
   ],
   [
    0.8191210627555847,
    0.4344818890094757,
    0.37452128529548645
   ],
   [
    -8.403004903811961e-05,
    -0.652816653251648,
    0.7575159668922424
   ]
  ]
 },
 {
  "rotation_euler": [
   -0.7112969160079956,
   8.848503784975037e-05,
   0.5461132526397705
  ],
  "euler_order": "XYZ",
  "rotation_matrix": [
   [
    0.8545496463775635,
    -0.39348018169403076,
    -0.3389959931373596
   ],
   [
    0.5193697214126587,
    0.647304892539978,
    0.5578991174697876
   ],
   [
    -8.848503784975037e-05,
    -0.6528167724609375,
    0.7575158476829529
   ]
  ]
 },
 {
  "rotation_euler": [
   -0.7112966179847717,
   8.541758143110201e-05,
   0.9079434871673584
  ],
  "euler_order": "XYZ",
  "rotation_matrix": [
   [
    0.6153680682182312,
    -0.5971387028694153,
    -0.5145362019538879
   ],
   [
    0.7882398962974548,
    0.46610724925994873,
    0.40177345275878906
   ],
   [
    -8.541758143110201e-05,
    -0.6528165340423584,
    0.757516086101532
   ]
  ]
 },
 {
  "rotation_euler": [
   -0.7268051505088806,
   -0.051582980901002884,
   -2.3451292514801025
  ],
  "euler_order": "XYZ",
  "rotation_matrix": [
   [
    -0.6983093023300171,
    0.5102797746658325,
    0.5019748210906982
   ],
   [
    -0.7139367461204529,
    -0.5470350980758667,
    -0.43708914518356323
   ],
   [
    0.05156010761857033,
    -0.6636016964912415,
    0.7463071346282959
   ]
  ]
 },
 {
  "rotation_euler": [
   -0.7112968564033508,
   8.4706574853044e-05,
   0.22539153695106506
  ],
  "euler_order": "XYZ",
  "rotation_matrix": [
   [
    0.9747066497802734,
    -0.16934962570667267,
    -0.14583416283130646
   ],
   [
    0.22348801791667938,
    0.7383434772491455,
    0.6363191604614258
   ],
   [
    -8.4706574853044e-05,
    -0.6528167128562927,
    0.7575159072875977
   ]
  ]
 },
 {
  "rotation_euler": [
   -0.7112964391708374,
   8.40851353132166e-05,
   -0.0378054603934288
  ],
  "euler_order": "XYZ",
  "rotation_matrix": [
   [
    0.9992854595184326,
    0.028576573356986046,
    0.024737795814871788
   ],
   [
    -0.03779645636677742,
    0.7569769620895386,
    0.6523475050926208
   ],
   [
    -8.40851353132166e-05,
    -0.6528164148330688,
    0.7575161457061768
   ]
  ]
 },
 {
  "rotation_euler": [
   -0.7112966775894165,
   8.779880590736866e-05,
   -2.861743211746216
  ],
  "euler_order": "XYZ",
  "rotation_matrix": [
   [
    -0.961097002029419,
    0.2092893123626709,
    0.18025116622447968
   ],
   [
    -0.2762109637260437,
    -0.7280305624008179,
    -0.6274384260177612
   ],
   [
    -8.779880590736866e-05,
    -0.6528165936470032,
    0.7575160264968872
   ]
  ]
 },
 {
  "rotation_euler": [
   -0.7112970352172852,
   8.637100836494938e-05,
   -1.3012964725494385
  ],
  "euler_order": "XYZ",
  "rotation_matrix": [
   [
    0.2662493884563446,
    0.7301576137542725,
    0.6292703151702881
   ],
   [
    -0.9639042019844055,
    0.20174245536327362,
    0.17374901473522186
   ],
   [
    -8.637100836494938e-05,
    -0.6528168320655823,
    0.7575157880783081
   ]
  ]
 },
 {
  "rotation_euler": [
   -0.7112972140312195,
   8.48675990710035e-05,
   -3.0104424953460693
  ],
  "euler_order": "XYZ",
  "rotation_matrix": [
   [
    -0.9914121627807617,
    0.0991186648607254,
    0.08530808240175247
   ],
   [
    -0.13077451288700104,
    -0.7510029673576355,
    -0.6472190618515015
   ],
   [
    -8.48675990710035e-05,
    -0.6528169512748718,
    0.7575156688690186
   ]
  ]
 },
 {
  "rotation_euler": [
   -0.7112971544265747,
   8.586076000938192e-05,
   -0.6341850757598877
  ],
  "euler_order": "XYZ",
  "rotation_matrix": [
   [
    0.8055548071861267,
    0.4487989842891693,
    0.38686031103134155
   ],
   [
    -0.5925212502479553,
    0.610253632068634,
    0.5258412957191467
   ],
   [
    -8.586076000938192e-05,
    -0.6528169512748718,
    0.7575157284736633
   ]
  ]
 },
 {
  "rotation_euler": [
   -0.7112966775894165,
   8.4824045188725e-05,
   2.9400148391723633
  ],
  "euler_order": "XYZ",
  "rotation_matrix": [
   [
    -0.9797518849372864,
    -0.15161214768886566,
    -0.13076691329479218
   ],
   [
    0.2002154439687729,
    -0.7421888709068298,
    -0.6395854353904724
   ],
   [
    -8.4824045188725e-05,
    -0.6528165936470032,
    0.7575160264968872
   ]
  ]
 }
]