[
 {
  "rotation_euler": [
   0.62938392162323,
   1.5953161716461182,
   -2.0009961128234863
  ],
  "euler_order": "XYZ",
  "rotation_matrix": [
   [
    0.01022503525018692,
    0.4893089830875397,
    -0.8720505237579346
   ],
   [
    0.02228342369198799,
    -0.8719910979270935,
    -0.48901432752609253
   ],
   [
    -0.9996994137763977,
    -0.014432082884013653,
    -0.01981961913406849
   ]
  ]
 },
 {
  "rotation_euler": [
   2.0022125681862235e-06,
   4.172283297521062e-06,
   2.3609681129455566
  ],
  "euler_order": "XYZ",
  "rotation_matrix": [
   [
    -0.7104741930961609,
    -0.7037232518196106,
    -1.5552959666820243e-06
   ],
   [
    0.7037232518196106,
    -0.7104741930961609,
    4.3586533138295636e-06
   ],
   [
    -4.172283297521062e-06,
    2.0022125681862235e-06,
    1.0
   ]
  ]
 },
 {
  "rotation_euler": [
   1.8755914652501815e-06,
   -3.276016514064395e-06,
   -3.0980067253112793
  ],
  "euler_order": "XYZ",
  "rotation_matrix": [
   [
    -0.9990502595901489,
    0.04357212781906128,
    3.191181804140797e-06
   ],
   [
    -0.04357212781906128,
    -0.9990502595901489,
    2.0165532532701036e-06
   ],
   [
    3.276016514064395e-06,
    1.8755914652501815e-06,
    1.0
   ]
  ]
 },
 {
  "rotation_euler": [
   0.8882629871368408,
   0.011856216937303543,
   -0.054157804697752
  ],
  "euler_order": "XYZ",
  "rotation_matrix": [
   [
    0.9984636306762695,
    0.04333037883043289,
    -0.034537386149168015
   ],
   [
    -0.0541275292634964,
    0.6293380260467529,
    -0.7752443552017212
   ],
   [
    -0.011855939403176308,
    0.7759227156639099,
    0.6307165026664734
   ]
  ]
 },
 {
  "rotation_euler": [
   -0.15222862362861633,
   -1.671545147895813,
   -1.482228398323059
  ],
  "euler_order": "XYZ",
  "rotation_matrix": [
   [
    -0.008896385319530964,
    0.9979063272476196,
    0.06406104564666748
   ],
   [
    0.10018424689769745,
    -0.06285176426172256,
    0.9929817318916321
   ],
   [
    0.9949291348457336,
    0.015251855365931988,
    -0.09941533952951431
   ]
  ]
 },
 {
  "rotation_euler": [
   2.6222687665722333e-06,
   -4.529571469902294e-06,
   1.317703127861023
  ],
  "euler_order": "XYZ",
  "rotation_matrix": [
   [
    0.25039979815483093,
    -0.9681425094604492,
    1.4045260741113452e-06
   ],
   [
    0.9681425094604492,
    0.25039979815483093,
    -5.041886197432177e-06
   ],
   [
    4.529571469902294e-06,
    2.6222687665722333e-06,
    1.0
   ]
  ]
 },
 {
  "rotation_euler": [
   2.168872833251953,
   -1.5416362285614014,
   -0.061242908239364624
  ],
  "euler_order": "XYZ",
  "rotation_matrix": [
   [
    0.029101304709911346,
    -0.8589816689491272,
    0.5111786723136902
   ],
   [
    -0.0017844801768660545,
    -0.5114390850067139,
    -0.8593176603317261
   ],
   [
    0.9995748996734619,
    0.02409507893025875,
    -0.016416380181908607
   ]
  ]
 },
 {
  "rotation_euler": [
   0.8923600912094116,
   0.03168701007962227,
   2.470717430114746
  ],
  "euler_order": "XYZ",
  "rotation_matrix": [
   [
    -0.7828846573829651,
    -0.40946677327156067,
    0.4684320390224457
   ],
   [
    0.6213597059249878,
    -0.47623249888420105,
    0.622185468673706
   ],
   [
    -0.03168170899152756,
    0.7781642079353333,
    0.6272612810134888
   ]
  ]
 },
 {
  "rotation_euler": [
   2.4595253762527136e-06,
   -4.545843694359064e-06,
   -2.2611732482910156
  ],
  "euler_order": "XYZ",
  "rotation_matrix": [
   [
    -0.636827826499939,
    0.7710060477256775,
    9.986108580051223e-07
   ],
   [
    -0.7710060477256775,
    -0.636827826499939,
    5.071166924608406e-06
   ],
   [
    4.545843694359064e-06,
    2.4595253762527136e-06,
    1.0
   ]
  ]
 },
 {
  "rotation_euler": [
   2.1330261006369255e-06,
   -3.7687873373215552e-06,
   0.6949414610862732
  ],
  "euler_order": "XYZ",
  "rotation_matrix": [
   [
    0.7680912017822266,
    -0.6403405070304871,
    -1.528909365333675e-06
   ],
   [
    0.6403405070304871,
    0.7680912017822266,
    -4.0516656554245856e-06
   ],
   [
    3.7687873373215552e-06,
    2.1330261006369255e-06,
    1.0
   ]
  ]
 },
 {
  "rotation_euler": [
   0.1511606127023697,
   1.671448826789856,
   -1.2608025074005127
  ],
  "euler_order": "XYZ",
  "rotation_matrix": [
   [
    -0.030652504414319992,
    0.9871799945831299,
    0.15663988888263702
   ],
   [
    0.0956931784749031,
    0.15889202058315277,
    -0.9826475381851196
   ],
   [
    -0.9949387907981873,
    -0.015131238847970963,
    -0.09933683276176453
   ]
  ]
 },
 {
  "rotation_euler": [
   -0.1522451937198639,
   -1.6715431213378906,
   -1.2213242053985596
  ],
  "euler_order": "XYZ",
  "rotation_matrix": [
   [
    -0.03443756699562073,
    0.9803504347801208,
    -0.19423465430736542
   ],
   [
    0.0944969654083252,
    0.19667330384254456,
    0.9759047031402588
   ],
   [
    0.994929313659668,
    0.015253197401762009,
    -0.09941308945417404
   ]
  ]
 },
 {
  "rotation_euler": [
   2.0285265236452688e-06,
   4.8273041102220304e-06,
   -2.3266115188598633
  ],
  "euler_order": "XYZ",
  "rotation_matrix": [
   [
    -0.6858821511268616,
    0.7277126312255859,
    -4.787145826412598e-06
   ],
   [
    -0.7277126312255859,
    -0.6858821511268616,
    -2.1215603283053497e-06
   ],
   [
    -4.8273041102220304e-06,
    2.0285265236452688e-06,
    1.0
   ]
  ]
 },
 {
  "rotation_euler": [
   -0.15223844349384308,
   -1.671545386314392,
   1.7234957218170166
  ],
  "euler_order": "XYZ",
  "rotation_matrix": [
   [
    0.0152986915782094,
    -0.9998829364776611,
    -0.00030144446645863354
   ],
   [
    -0.09940838068723679,
    -0.0012210099957883358,
    -0.9950459599494934
   ],
   [
    0.9949290752410889,
    0.015252867713570595,
    -0.09941542148590088
   ]
  ]
 },
 {
  "rotation_euler": [
   3.230775973861455e-06,
   -4.5220263018563855e-06,
   0.8772276639938354
  ],
  "euler_order": "XYZ",
  "rotation_matrix": [
   [
    0.6392854452133179,
    -0.7689695358276367,
    -4.0649732113706705e-07
   ],
   [
    0.7689695358276367,
    0.6392854452133179,
    -5.542688541027019e-06
   ],
   [
    4.5220263018563855e-06,
    3.230775973861455e-06,
    1.0
   ]
  ]
 },
 {
  "rotation_euler": [
   1.7447855498176068e-06,
   3.188663640685263e-06,
   0.9096377491950989
  ],
  "euler_order": "XYZ",
  "rotation_matrix": [
   [
    0.6140317320823669,
    -0.7892813682556152,
    3.3350672765664058e-06
   ],
   [
    0.7892813682556152,
    0.6140317320823669,
    1.4453991070695338e-06
   ],
   [
    -3.188663640685263e-06,
    1.7447855498176068e-06,
    1.0
   ]
  ]
 }
]