[
 {
  "rotation_euler": [
   1.682133436203003,
   2.4272496700286865,
   -0.09132948517799377
  ],
  "euler_order": "XYZ",
  "rotation_matrix": [
   [
    -0.752375066280365,
    0.6382182836532593,
    -0.163123220205307
   ],
   [
    0.06890571862459183,
    -0.17002297937870026,
    -0.9830280542373657
   ],
   [
    -0.6551211476325989,
    -0.7508459687232971,
    0.0839441567659378
   ]
  ]
 },
 {
  "rotation_euler": [
   -1.4045367240905762,
   0.8040314316749573,
   -1.47392737865448
  ],
  "euler_order": "XYZ",
  "rotation_matrix": [
   [
    0.06710349768400192,
    0.09602729976177216,
    0.9931142330169678
   ],
   [
    -0.6905564069747925,
    0.7229050993919373,
    -0.023239893838763237
   ],
   [
    -0.7201589941978455,
    -0.6842419505119324,
    0.11482172459363937
   ]
  ]
 },
 {
  "rotation_euler": [
   -1.3756707906723022,
   0.8489947319030762,
   -0.24081499874591827
  ],
  "euler_order": "XYZ",
  "rotation_matrix": [
   [
    0.6416717171669006,
    -0.6688820123672485,
    0.37530556321144104
   ],
   [
    -0.15758217871189117,
    0.3639153242111206,
    0.9180051684379578
   ],
   [
    -0.7506165504455566,
    -0.6481994390487671,
    0.12811028957366943
   ]
  ]
 },
 {
  "rotation_euler": [
   1.8203860521316528,
   2.220785140991211,
   -0.02155456691980362
  ],
  "euler_order": "XYZ",
  "rotation_matrix": [
   [
    -0.6050369143486023,
    0.7659198641777039,
    -0.21747885644435883
   ],
   [
    0.013043329119682312,
    -0.2635754346847534,
    -0.9645506143569946
   ],
   [
    -0.7960905432701111,
    -0.5864253640174866,
    0.14948272705078125
   ]
  ]
 },
 {
  "rotation_euler": [
   -1.1839165687561035,
   1.0656288862228394,
   1.036112666130066
  ],
  "euler_order": "XYZ",
  "rotation_matrix": [
   [
    0.24660788476467133,
    -0.7376035451889038,
    -0.6285901665687561
   ],
   [
    0.4164084494113922,
    -0.505045473575592,
    0.7559980750083923
   ],
   [
    -0.8750934600830078,
    -0.4481853246688843,
    0.1825961321592331
   ]
  ]
 },
 {
  "rotation_euler": [
   -1.169761300086975,
   1.0771119594573975,
   1.123586654663086
  ],
  "euler_order": "XYZ",
  "rotation_matrix": [
   [
    0.2049272209405899,
    -0.7025800943374634,
    -0.6814587712287903
   ],
   [
    0.4272715151309967,
    -0.5621789693832397,
    0.7080917358398438
   ],
   [
    -0.880592942237854,
    -0.4362751841545105,
    0.18498669564723969
   ]
  ]
 },
 {
  "rotation_euler": [
   -1.3905577659606934,
   0.8263925909996033,
   -0.5124130249023438
  ],
  "euler_order": "XYZ",
  "rotation_matrix": [
   [
    0.5905137062072754,
    -0.5427542924880981,
    0.597253143787384
   ],
   [
    -0.33218225836753845,
    0.5109972953796387,
    0.7928031086921692
   ],
   [
    -0.7354920506477356,
    -0.6665579676628113,
    0.1214575320482254
   ]
  ]
 },
 {
  "rotation_euler": [
   -1.191246747970581,
   1.0594549179077148,
   -1.7640327215194702
  ],
  "euler_order": "XYZ",
  "rotation_matrix": [
   [
    -0.09397236257791519,
    0.5191600918769836,
    0.8494951725006104
   ],
   [
    -0.48023971915245056,
    0.7237976789474487,
    -0.4954661726951599
   ],
   [
    -0.8720888495445251,
    -0.45452144742012024,
    0.18130430579185486
   ]
  ]
 },
 {
  "rotation_euler": [
   -1.3323910236358643,
   0.9073221683502197,
   -1.441963791847229
  ],
  "euler_order": "XYZ",
  "rotation_matrix": [
   [
    0.07912320643663406,
    0.1358380764722824,
    0.9875664710998535
   ],
   [
    -0.6107538342475891,
    0.7895689606666565,
    -0.059670645743608475
   ],
   [
    -0.7878574132919312,
    -0.5984386801719666,
    0.1454368531703949
   ]
  ]
 },
 {
  "rotation_euler": [
   1.940661072731018,
   2.0903496742248535,
   -0.15951985120773315
  ],
  "euler_order": "XYZ",
  "rotation_matrix": [
   [
    -0.4901888370513916,
    0.7416446805000305,
    -0.45790615677833557
   ],
   [
    0.0788649395108223,
    -0.4854588210582733,
    -0.870695173740387
   ],
   [
    -0.8680410385131836,
    -0.4629178047180176,
    0.17947673797607422
   ]
  ]
 },
 {
  "rotation_euler": [
   -1.4286037683486938,
   0.7627038955688477,
   2.1928510665893555
  ],
  "euler_order": "XYZ",
  "rotation_matrix": [
   [
    -0.4212794899940491,
    0.2833479642868042,
    -0.8615320920944214
   ],
   [
    0.5875458121299744,
    -0.6383764147758484,
    -0.49725794792175293
   ],
   [
    -0.6908788084983826,
    -0.715674102306366,
    0.10245496779680252
   ]
  ]
 },
 {
  "rotation_euler": [
   -1.1785995960235596,
   1.0698044300079346,
   -2.1952104568481445
  ],
  "euler_order": "XYZ",
  "rotation_matrix": [
   [
    -0.2807914912700653,
    0.7839383482933044,
    0.5537118315696716
   ],
   [
    -0.38966673612594604,
    0.43411707878112793,
    -0.8122205138206482
   ],
   [
    -0.8771066069602966,
    -0.44382771849632263,
    0.18357829749584198
   ]
  ]
 },
 {
  "rotation_euler": [
   -1.2896119356155396,
   0.9583317637443542,
   0.310403972864151
  ],
  "euler_order": "XYZ",
  "rotation_matrix": [
   [
    0.5474121570587158,
    -0.8332906365394592,
    -0.07724397629499435
   ],
   [
    0.17559503018856049,
    0.024123506620526314,
    0.9841668605804443
   ],
   [
    -0.8182336688041687,
    -0.5523085594177246,
    0.15952719748020172
   ]
  ]
 },
 {
  "rotation_euler": [
   -1.3833482265472412,
   0.8375064730644226,
   -1.3540421724319458
  ],
  "euler_order": "XYZ",
  "rotation_matrix": [
   [
    0.14394401013851166,
    0.025005578994750977,
    0.9892698526382446
   ],
   [
    -0.6536559462547302,
    0.7529581785202026,
    0.07607802748680115
   ],
   [
    -0.7429764866828918,
    -0.6575930714607239,
    0.12472886592149734
   ]
  ]
 },
 {
  "rotation_euler": [
   -1.3866362571716309,
   0.8324610590934753,
   -0.9119027853012085
  ],
  "euler_order": "XYZ",
  "rotation_matrix": [
   [
    0.41207441687583923,
    -0.30036336183547974,
    0.86021888256073
   ],
   [
    -0.5321665406227112,
    0.6869978904724121,
    0.4948056936264038
   ],
   [
    -0.739590048789978,
    -0.6616764664649963,
    0.12325090169906616
   ]
  ]
 },
 {
  "rotation_euler": [
   1.7877240180969238,
   2.261897087097168,
   -0.2846040725708008
  ],
  "euler_order": "XYZ",
  "rotation_matrix": [
   [
    -0.6117455959320068,
    0.6617836952209473,
    -0.4333701729774475
   ],
   [
    0.1789635568857193,
    -0.41785332560539246,
    -0.8907135725021362
   ],
   [
    -0.7705448865890503,
    -0.6224475502967834,
    0.1371847540140152
   ]
  ]
 }
]