[
 {
  "rotation_euler": [
   -1.2327450513839722,
   0.31480172276496887,
   1.548561930656433
  ],
  "euler_order": "XYZ",
  "rotation_matrix": [
   [
    0.02114000730216503,
    -0.33806154131889343,
    -0.9408865571022034
   ],
   [
    0.9506227374076843,
    -0.2846582531929016,
    0.12363676726818085
   ],
   [
    -0.3096279501914978,
    -0.8970418572425842,
    0.31535130739212036
   ]
  ]
 },
 {
  "rotation_euler": [
   -1.2327450513839722,
   0.31480181217193604,
   1.764580249786377
  ],
  "euler_order": "XYZ",
  "rotation_matrix": [
   [
    -0.18310987949371338,
    -0.2691902220249176,
    -0.9455196261405945
   ],
   [
    0.9330601692199707,
    -0.3505033254623413,
    -0.08090837299823761
   ],
   [
    -0.30962803959846497,
    -0.8970417976379395,
    0.31535130739212036
   ]
  ]
 },
 {
  "rotation_euler": [
   -1.2327450513839722,
   0.3148016929626465,
   2.942263126373291
  ],
  "euler_order": "XYZ",
  "rotation_matrix": [
   [
    -0.9320303797721863,
    0.22064945101737976,
    -0.2874598503112793
   ],
   [
    0.18828141689300537,
    -0.38292258977890015,
    -0.904389500617981
   ],
   [
    -0.3096279203891754,
    -0.8970418572425842,
    0.31535130739212036
   ]
  ]
 },
 {
  "rotation_euler": [
   -1.2327451705932617,
   0.3148016035556793,
   3.003145694732666
  ],
  "euler_order": "XYZ",
  "rotation_matrix": [
   [
    -0.9417595863342285,
    0.243539497256279,
    -0.23189964890480042
   ],
   [
    0.13122323155403137,
    -0.36878761649131775,
    -0.9202044010162354
   ],
   [
    -0.30962783098220825,
    -0.897041916847229,
    0.3153512179851532
   ]
  ]
 },
 {
  "rotation_euler": [
   -1.2311818599700928,
   0.30972859263420105,
   2.1771769523620605
  ],
  "euler_order": "XYZ",
  "rotation_matrix": [
   [
    -0.5427793264389038,
    -0.1099497601389885,
    -0.8326473832130432
   ],
   [
    0.7826157808303833,
    -0.4259999394416809,
    -0.45391252636909485
   ],
   [
    -0.3048001527786255,
    -0.8980173468589783,
    0.3172723650932312
   ]
  ]
 },
 {
  "rotation_euler": [
   -1.2327450513839722,
   0.31480178236961365,
   -2.7192840576171875
  ],
  "euler_order": "XYZ",
  "rotation_matrix": [
   [
    -0.8673202991485596,
    0.40237337350845337,
    0.2930036783218384
   ],
   [
    -0.38972553610801697,
    -0.1827884465456009,
    -0.9026086926460266
   ],
   [
    -0.3096280097961426,
    -0.8970418572425842,
    0.31535130739212036
   ]
  ]
 },
 {
  "rotation_euler": [
   -1.2327454090118408,
   0.3148019015789032,
   0.8271304368972778
  ],
  "euler_order": "XYZ",
  "rotation_matrix": [
   [
    0.6437216997146606,
    -0.44184255599975586,
    -0.6248180270195007
   ],
   [
    0.6998234391212463,
    0.009537030011415482,
    0.7142521739006042
   ],
   [
    -0.30962809920310974,
    -0.897041916847229,
    0.3153509795665741
   ]
  ]
 },
 {
  "rotation_euler": [
   -1.2327451705932617,
   0.31480172276496887,
   0.37175673246383667
  ],
  "euler_order": "XYZ",
  "rotation_matrix": [
   [
    0.8859053254127502,
    -0.3926229178905487,
    -0.24702031910419464
   ],
   [
    0.34540167450904846,
    0.2028869092464447,
    0.9162611961364746
   ],
   [
    -0.3096279501914978,
    -0.897041916847229,
    0.3153512179851532
   ]
  ]
 },
 {
  "rotation_euler": [
   -1.2327451705932617,
   0.3148016035556793,
   2.768528938293457
  ],
  "euler_order": "XYZ",
  "rotation_matrix": [
   [
    -0.8854531645774841,
    0.15113520622253418,
    -0.43946656584739685
   ],
   [
    0.3465592563152313,
    -0.41529980301856995,
    -0.8410842418670654
   ],
   [
    -0.30962783098220825,
    -0.897041916847229,
    0.3153512179851532
   ]
  ]
 },
 {
  "rotation_euler": [
   -1.2327451705932617,
   0.31480157375335693,
   -2.0656652450561523
  ],
  "euler_order": "XYZ",
  "rotation_matrix": [
   [
    -0.4515778720378876,
    0.4305863678455353,
    0.7814555764198303
   ],
   [
    -0.8367843627929688,
    0.09955473244190216,
    -0.5384058356285095
   ],
   [
    -0.30962780117988586,
    -0.897041916847229,
    0.3153512179851532
   ]
  ]
 },
 {
  "rotation_euler": [
   -1.2327451705932617,
   0.3148016035556793,
   -1.9708905220031738
  ],
  "euler_order": "XYZ",
  "rotation_matrix": [
   [
    -0.3703639805316925,
    0.4192328453063965,
    0.8288995027542114
   ],
   [
    -0.8757631778717041,
    0.13985562324523926,
    -0.46203815937042236
   ],
   [
    -0.30962783098220825,
    -0.897041916847229,
    0.3153512179851532
   ]
  ]
 },
 {
  "rotation_euler": [
   -1.2327451705932617,
   0.3148016631603241,
   0.42614108324050903
  ],
  "euler_order": "XYZ",
  "rotation_matrix": [
   [
    0.8658203482627869,
    -0.4030708074569702,
    -0.2964608371257782
   ],
   [
    0.39304667711257935,
    0.18124495446681976,
    0.9014791250228882
   ],
   [
    -0.309627890586853,
    -0.897041916847229,
    0.3153512179851532
   ]
  ]
 },
 {
  "rotation_euler": [
   -1.2327451705932617,
   0.31480172276496887,
   0.7730517387390137
  ],
  "euler_order": "XYZ",
  "rotation_matrix": [
   [
    0.6806077361106873,
    -0.4406811594963074,
    -0.5852975249290466
   ],
   [
    0.6640057563781738,
    0.033406004309654236,
    0.7469808459281921
   ],
   [
    -0.3096279501914978,
    -0.897041916847229,
    0.3153512179851532
   ]
  ]
 },
 {
  "rotation_euler": [
   -1.2327450513839722,
   0.3148016631603241,
   0.1731082946062088
  ],
  "euler_order": "XYZ",
  "rotation_matrix": [
   [
    0.9366464018821716,
    -0.34486299753189087,
    -0.06134330853819847
   ],
   [
    0.16378051042556763,
    0.2763790786266327,
    0.9469902515411377
   ],
   [
    -0.309627890586853,
    -0.8970418572425842,
    0.31535130739212036
   ]
  ]
 },
 {
  "rotation_euler": [
   -1.2327454090118408,
   0.31480181217193604,
   0.14397968351840973
  ],
  "euler_order": "XYZ",
  "rotation_matrix": [
   [
    0.9410190582275391,
    -0.33666741847991943,
    -0.03373675048351288
   ],
   [
    0.13643167912960052,
    0.28630542755126953,
    0.9483752250671387
   ],
   [
    -0.30962803959846497,
    -0.897041916847229,
    0.3153509795665741
   ]
  ]
 },
 {
  "rotation_euler": [
   -1.2327449321746826,
   0.3148016035556793,
   -1.4872970581054688
  ],
  "euler_order": "XYZ",
  "rotation_matrix": [
   [
    0.07930370420217514,
    0.3061318099498749,
    0.9486802816390991
   ],
   [
    -0.9475449919700623,
    0.3187463581562042,
    -0.023648185655474663
   ],
   [
    -0.30962783098220825,
    -0.8970418572425842,
    0.3153514266014099
   ]
  ]
 }
]