[
 {
  "rotation_euler": [
   -0.013443728908896446,
   -0.0023321700282394886,
   3.1207971572875977
  ],
  "euler_order": "XYZ",
  "rotation_matrix": [
   [
    -0.99978107213974,
    -0.020823463797569275,
    0.0020519124809652567
   ],
   [
    0.020793940871953964,
    -0.9996927976608276,
    -0.013488908298313618
   ],
   [
    0.0023321679327636957,
    -0.013443287461996078,
    0.9999068975448608
   ]
  ]
 },
 {
  "rotation_euler": [
   -0.013444753363728523,
   -0.0023325770162045956,
   -2.6208856105804443
  ],
  "euler_order": "XYZ",
  "rotation_matrix": [
   [
    -0.8674652576446533,
    0.4974214434623718,
    0.00871172733604908
   ],
   [
    -0.497492253780365,
    -0.8674048185348511,
    -0.010502200573682785
   ],
   [
    0.0023325749207288027,
    -0.013444311916828156,
    0.9999068975448608
   ]
  ]
 },
 {
  "rotation_euler": [
   -0.013443885371088982,
   -0.0023321148473769426,
   0.8921160697937012
  ],
  "euler_order": "XYZ",
  "rotation_matrix": [
   [
    0.6277645826339722,
    -0.7783118486404419,
    -0.011928319931030273
   ],
   [
    0.7783997654914856,
    0.6277339458465576,
    0.006624206900596619
   ],
   [
    0.0023321127519011497,
    -0.013443443924188614,
    0.9999068975448608
   ]
  ]
 },
 {
  "rotation_euler": [
   -0.013446275144815445,
   -0.002332319039851427,
   -0.38689738512039185
  ],
  "euler_order": "XYZ",
  "rotation_matrix": [
   [
    0.926081657409668,
    0.3773118853569031,
    0.002913628239184618
   ],
   [
    -0.3773159384727478,
    0.9259886145591736,
    0.013331950642168522
   ],
   [
    0.002332316944375634,
    -0.013445833697915077,
    0.9999068975448608
   ]
  ]
 },
 {
  "rotation_euler": [
   -0.013444877229630947,
   -0.0023326606024056673,
   1.6792341470718384
  ],
  "euler_order": "XYZ",
  "rotation_matrix": [
   [
    -0.10822513699531555,
    -0.9940398931503296,
    -0.013113074004650116
   ],
   [
    0.9941236972808838,
    -0.10818447172641754,
    -0.003773781470954418
   ],
   [
    0.0023326585069298744,
    -0.01344443578273058,
    0.9999068975448608
   ]
  ]
 },
 {
  "rotation_euler": [
   -0.013443809933960438,
   -0.0023321688640862703,
   -0.6519879698753357
  ],
  "euler_order": "XYZ",
  "rotation_matrix": [
   [
    0.7948769927024841,
    0.6067379117012024,
    0.006303402129560709
   ],
   [
    -0.6067661643028259,
    0.7947883009910583,
    0.012100838124752045
   ],
   [
    0.0023321667686104774,
    -0.01344336848706007,
    0.9999068975448608
   ]
  ]
 },
 {
  "rotation_euler": [
   -0.013444959186017513,
   -0.002332610310986638,
   2.121772289276123
  ],
  "euler_order": "XYZ",
  "rotation_matrix": [
   [
    -0.5235176086425781,
    -0.851953387260437,
    -0.010233893990516663
   ],
   [
    0.8520116806030273,
    -0.5234449505805969,
    -0.009025715291500092
   ],
   [
    0.002332608215510845,
    -0.013444517739117146,
    0.9999068975448608
   ]
  ]
 },
 {
  "rotation_euler": [
   -0.013444878160953522,
   -0.002332086907699704,
   1.7010669708251953
  ],
  "euler_order": "XYZ",
  "rotation_matrix": [
   [
    -0.12990213930606842,
    -0.9914412498474121,
    -0.013027639128267765
   ],
   [
    0.9915241003036499,
    -0.12985967099666595,
    -0.0040585859678685665
   ],
   [
    0.0023320848122239113,
    -0.013444436714053154,
    0.9999068975448608
   ]
  ]
 },
 {
  "rotation_euler": [
   -0.013443981297314167,
   -0.002331955125555396,
   -1.6407651901245117
  ],
  "euler_order": "XYZ",
  "rotation_matrix": [
   [
    -0.06991159915924072,
    0.9974608421325684,
    0.013573698699474335
   ],
   [
    -0.9975504875183105,
    -0.06993674486875534,
    0.0013861724874004722
   ],
   [
    0.002331953030079603,
    -0.0134435398504138,
    0.9999068975448608
   ]
  ]
 },
 {
  "rotation_euler": [
   -0.013443615287542343,
   -0.002331904834136367,
   2.246170997619629
  ],
  "euler_order": "XYZ",
  "rotation_matrix": [
   [
    -0.6251880526542664,
    -0.7804218530654907,
    -0.009034309536218643
   ],
   [
    0.7804706692695618,
    -0.6251088380813599,
    -0.010224379599094391
   ],
   [
    0.002331902738660574,
    -0.013443173840641975,
    0.9999068975448608
   ]
  ]
 },
 {
  "rotation_euler": [
   -0.013443799689412117,
   -0.002331918803974986,
   0.0193924717605114
  ],
  "euler_order": "XYZ",
  "rotation_matrix": [
   [
    0.9998092651367188,
    -0.019358161836862564,
    -0.0025919517502188683
   ],
   [
    0.019391203299164772,
    0.9997222423553467,
    0.013395652174949646
   ],
   [
    0.002331916708499193,
    -0.01344335824251175,
    0.9999068975448608
   ]
  ]
 },
 {
  "rotation_euler": [
   -0.01344543881714344,
   -0.00233257282525301,
   -1.6768105030059814
  ],
  "euler_order": "XYZ",
  "rotation_matrix": [
   [
    -0.10581541806459427,
    0.9942925572395325,
    0.013616350479424
   ],
   [
    -0.9943830370903015,
    -0.10583732277154922,
    0.0008965696906670928
   ],
   [
    0.002332570729777217,
    -0.013444997370243073,
    0.9999068975448608
   ]
  ]
 },
 {
  "rotation_euler": [
   -0.013445529155433178,
   -0.002332641975954175,
   0.3324492871761322
  ],
  "euler_order": "XYZ",
  "rotation_matrix": [
   [
    0.945243239402771,
    -0.3263000249862671,
    -0.006592658348381519
   ],
   [
    0.32635828852653503,
    0.9451706409454346,
    0.011947738006711006
   ],
   [
    0.002332639880478382,
    -0.01344508770853281,
    0.9999068975448608
   ]
  ]
 },
 {
  "rotation_euler": [
   -0.013444051146507263,
   -0.002331997500732541,
   2.506075620651245
  ],
  "euler_order": "XYZ",
  "rotation_matrix": [
   [
    -0.8047627210617065,
    -0.5935652852058411,
    -0.006103524938225746
   ],
   [
    0.5935920476913452,
    -0.8046735525131226,
    -0.012203107587993145
   ],
   [
    0.002331995405256748,
    -0.013443609699606895,
    0.9999068975448608
   ]
  ]
 },
 {
  "rotation_euler": [
   -0.01344395987689495,
   -0.002332056174054742,
   -2.151641607284546
  ],
  "euler_order": "XYZ",
  "rotation_matrix": [
   [
    -0.5487293004989624,
    0.8359063863754272,
    0.012518354691565037
   ],
   [
    -0.8359968662261963,
    -0.5487074255943298,
    -0.0054274736903607845
   ],
   [
    0.002332054078578949,
    -0.013443518429994583,
    0.9999068975448608
   ]
  ]
 },
 {
  "rotation_euler": [
   -0.01344386488199234,
   -0.0023319122847169638,
   3.080977439880371
  ],
  "euler_order": "XYZ",
  "rotation_matrix": [
   [
    -0.998160719871521,
    -0.06060392037034035,
    0.0015130379470065236
   ],
   [
    0.060577936470508575,
    -0.9980713725090027,
    -0.013560020364820957
   ],
   [
    0.002331910189241171,
    -0.013443423435091972,
    0.9999068975448608
   ]
  ]
 }
]