[
 {
  "rotation_euler": [
   -0.3191646933555603,
   -0.0308434646576643,
   1.9658708572387695
  ],
  "euler_order": "XYZ",
  "rotation_matrix": [
   [
    -0.3846939206123352,
    -0.8800802230834961,
    -0.27833327651023865
   ],
   [
    0.9225289225578308,
    -0.35650891065597534,
    -0.14778979122638702
   ],
   [
    0.030838575214147568,
    -0.3136243224143982,
    0.94904625415802
   ]
  ]
 },
 {
  "rotation_euler": [
   0.19617390632629395,
   0.025224218145012856,
   -3.1141579151153564
  ],
  "euler_order": "XYZ",
  "rotation_matrix": [
   [
    -0.9993057250976562,
    0.02199086733162403,
    -0.030075328424572945
   ],
   [
    -0.027422571554780006,
    -0.9805852770805359,
    0.1941661238670349
   ],
   [
    -0.02522154338657856,
    0.19485604763031006,
    0.980507493019104
   ]
  ]
 },
 {
  "rotation_euler": [
   -0.32258760929107666,
   -0.00568980211392045,
   -3.097560167312622
  ],
  "euler_order": "XYZ",
  "rotation_matrix": [
   [
    -0.9990145564079285,
    0.03994568809866905,
    0.01934579759836197
   ],
   [
    -0.044017545878887177,
    -0.9475783705711365,
    -0.3164769411087036
   ],
   [
    0.005689771380275488,
    -0.3170166313648224,
    0.9484029412269592
   ]
  ]
 },
 {
  "rotation_euler": [
   0.37777042388916016,
   -0.006543116644024849,
   -2.0589137077331543
  ],
  "euler_order": "XYZ",
  "rotation_matrix": [
   [
    -0.4689539074897766,
    0.8220728635787964,
    -0.3229217231273651
   ],
   [
    -0.8831983804702759,
    -0.4337654411792755,
    0.1783483773469925
   ],
   [
    0.006543070077896118,
    0.36884111166000366,
    0.9294694066047668
   ]
  ]
 },
 {
  "rotation_euler": [
   -0.04158594831824303,
   -3.6675330193247646e-05,
   0.36408087611198425
  ],
  "euler_order": "XYZ",
  "rotation_matrix": [
   [
    0.9344514608383179,
    -0.35578128695487976,
    -0.014838337898254395
   ],
   [
    0.35609057545661926,
    0.9336441159248352,
    0.0388358011841774
   ],
   [
    3.6675330193247646e-05,
    -0.041573964059352875,
    0.999135434627533
   ]
  ]
 },
 {
  "rotation_euler": [
   -0.26947021484375,
   -0.026945101097226143,
   -3.0071861743927
  ],
  "euler_order": "XYZ",
  "rotation_matrix": [
   [
    -0.9906213283538818,
    0.12205851823091507,
    0.06140951067209244
   ],
   [
    -0.1339535266160965,
    -0.9561797380447388,
    -0.26033979654312134
   ],
   [
    0.02694184146821499,
    -0.2661241590976715,
    0.9635621905326843
   ]
  ]
 },
 {
  "rotation_euler": [
   0.34033626317977905,
   0.014565907418727875,
   -2.9734020233154297
  ],
  "euler_order": "XYZ",
  "rotation_matrix": [
   [
    -0.9857847094535828,
    0.15300382673740387,
    -0.06941461563110352
   ],
   [
    -0.16738103330135345,
    -0.9301549792289734,
    0.3267954885959625
   ],
   [
    -0.014565392397344112,
    0.33376866579055786,
    0.9425424933433533
   ]
  ]
 },
 {
  "rotation_euler": [
   0.08095864951610565,
   -0.0356733538210392,
   -1.1186964511871338
  ],
  "euler_order": "XYZ",
  "rotation_matrix": [
   [
    0.4365774691104889,
    0.8953254222869873,
    -0.08827510476112366
   ],
   [
    -0.8989594578742981,
    0.4380190670490265,
    -0.0033511745277792215
   ],
   [
    0.035665787756443024,
    0.0808187872171402,
    0.9960904717445374
   ]
  ]
 },
 {
  "rotation_euler": [
   0.2027750462293625,
   -0.04026494547724724,
   -2.774472236633301
  ],
  "euler_order": "XYZ",
  "rotation_matrix": [
   [
    -0.9326082468032837,
    0.3591417968273163,
    -0.03548220545053482
   ],
   [
    -0.35863831639289856,
    -0.9113317728042603,
    0.2021210789680481
   ],
   [
    0.04025406762957573,
    0.20122505724430084,
    0.978717565536499
   ]
  ]
 },
 {
  "rotation_euler": [
   -0.21457679569721222,
   -0.011311379261314869,
   -0.07245782017707825
  ],
  "euler_order": "XYZ",
  "rotation_matrix": [
   [
    0.9973122477531433,
    0.07313638925552368,
    0.004392496310174465
   ],
   [
    -0.07238980382680893,
    0.9743285179138184,
    0.21317531168460846
   ],
   [
    0.011311138048768044,
    -0.21292032301425934,
    0.9770041108131409
   ]
  ]
 },
 {
  "rotation_euler": [
   -0.34650254249572754,
   -0.023669408634305,
   3.02854585647583
  ],
  "euler_order": "XYZ",
  "rotation_matrix": [
   [
    -0.9933387041091919,
    -0.11408799141645432,
    -0.01619165763258934
   ],
   [
    0.1127745732665062,
    -0.9336559176445007,
    -0.3399536907672882
   ],
   [
    0.023667197674512863,
    -0.33951517939567566,
    0.9403027892112732
   ]
  ]
 },
 {
  "rotation_euler": [
   0.2706966996192932,
   0.02129628323018551,
   -0.44763535261154175
  ],
  "euler_order": "XYZ",
  "rotation_matrix": [
   [
    0.901268720626831,
    0.4222065508365631,
    -0.0972437933087349
   ],
   [
    -0.43273693323135376,
    0.8661811351776123,
    -0.24993790686130524
   ],
   [
    -0.021294673904776573,
    0.267342209815979,
    0.9633663296699524
   ]
  ]
 },
 {
  "rotation_euler": [
   0.40765905380249023,
   -0.004267810843884945,
   1.1735641956329346
  ],
  "euler_order": "XYZ",
  "rotation_matrix": [
   [
    0.38686394691467285,
    -0.8472222685813904,
    0.3640752136707306
   ],
   [
    0.9221269488334656,
    0.35360395908355713,
    -0.15699096024036407
   ],
   [
    0.0042677978053689,
    0.396457701921463,
    0.9180430769920349
   ]
  ]
 },
 {
  "rotation_euler": [
   0.123130664229393,
   -0.01765858381986618,
   1.8214521408081055
  ],
  "euler_order": "XYZ",
  "rotation_matrix": [
   [
    -0.24800066649913788,
    -0.9608775973320007,
    0.12332828342914581
   ],
   [
    0.9685989022254944,
    -0.24826236069202423,
    0.013487777672708035
   ],
   [
    0.01765766553580761,
    0.12280061841011047,
    0.992274284362793
   ]
  ]
 },
 {
  "rotation_euler": [
   -0.08016212284564972,
   0.01831057108938694,
   1.2741507291793823
  ],
  "euler_order": "XYZ",
  "rotation_matrix": [
   [
    0.2922649681568146,
    -0.9536799788475037,
    -0.07124380767345428
   ],
   [
    0.9561620950698853,
    0.2899731397628784,
    0.04086102172732353
   ],
   [
    -0.018309548497200012,
    -0.0800628736615181,
    0.9966216683387756
   ]
  ]
 },
 {
  "rotation_euler": [
   0.13779638707637787,
   -0.025730803608894348,
   -2.2434237003326416
  ],
  "euler_order": "XYZ",
  "rotation_matrix": [
   [
    -0.6228370070457458,
    0.7769749760627747,
    -0.09156414121389389
   ],
   [
    -0.7819284796714783,
    -0.6143732070922852,
    0.1055150032043457
   ],
   [
    0.02572796493768692,
    0.13731525838375092,
    0.9901931881904602
   ]
  ]
 }
]