[
 {
  "rotation_euler": [
   0.004398451652377844,
   0.0028038236778229475,
   0.8544291257858276
  ],
  "euler_order": "XYZ",
  "rotation_matrix": [
   [
    0.6566466093063354,
    -0.7541807889938354,
    0.005158393178135157
   ],
   [
    0.7541931867599487,
    0.6566520929336548,
    -0.0007736204424872994
   ],
   [
    -0.002803819952532649,
    0.004398419987410307,
    0.9999864101409912
   ]
  ]
 },
 {
  "rotation_euler": [
   0.025240881368517876,
   0.7161659002304077,
   2.1620376110076904
  ],
  "euler_order": "XYZ",
  "rotation_matrix": [
   [
    -0.4204566180706024,
    -0.8392202854156494,
    -0.34485581517219543
   ],
   [
    0.626280665397644,
    -0.5434582233428955,
    0.5589504837989807
   ],
   [
    -0.6564973592758179,
    0.019037891179323196,
    0.7540880441665649
   ]
  ]
 },
 {
  "rotation_euler": [
   0.04615768790245056,
   -0.11062388867139816,
   -2.006490707397461
  ],
  "euler_order": "XYZ",
  "rotation_matrix": [
   [
    -0.419460266828537,
    0.9077614545822144,
    0.00471226591616869
   ],
   [
    -0.9010356664657593,
    -0.41697245836257935,
    0.11945154517889023
   ],
   [
    0.11039839684963226,
    0.045859258621931076,
    0.9928288459777832
   ]
  ]
 },
 {
  "rotation_euler": [
   0.038023579865694046,
   0.8737208843231201,
   -1.9225555658340454
  ],
  "euler_order": "XYZ",
  "rotation_matrix": [
   [
    -0.22119346261024475,
    0.9280470609664917,
    -0.2996700704097748
   ],
   [
    -0.6026685237884521,
    -0.3716626465320587,
    -0.706156849861145
   ],
   [
    -0.7667229771614075,
    0.02440442517399788,
    0.6415140628814697
   ]
  ]
 },
 {
  "rotation_euler": [
   0.6609761714935303,
   -1.687067985534668,
   1.7398756742477417
  ],
  "euler_order": "XYZ",
  "rotation_matrix": [
   [
    0.019521545618772507,
    -0.6755322813987732,
    0.7370719313621521
   ],
   [
    -0.11435556411743164,
    -0.7338830232620239,
    -0.66958087682724
   ],
   [
    0.9932480454444885,
    -0.07121702283620834,
    -0.09157741069793701
   ]
  ]
 },
 {
  "rotation_euler": [
   -0.003432651050388813,
   0.023084726184606552,
   -0.4637417197227478
  ],
  "euler_order": "XYZ",
  "rotation_matrix": [
   [
    0.8941468000411987,
    0.4472242593765259,
    0.022180093452334404
   ],
   [
    -0.44717860221862793,
    0.8944152593612671,
    -0.007254662457853556
   ],
   [
    -0.02308267541229725,
    -0.0034317297395318747,
    0.9997276663780212
   ]
  ]
 },
 {
  "rotation_euler": [
   -1.9657734632492065,
   1.4340459108352661,
   1.2139055728912354
  ],
  "euler_order": "XYZ",
  "rotation_matrix": [
   [
    0.047626715153455734,
    0.04108762368559837,
    -0.998019814491272
   ],
   [
    0.1277344524860382,
    -0.9912008047103882,
    -0.03471124917268753
   ],
   [
    -0.9906642436981201,
    -0.1258283257484436,
    -0.05245594307780266
   ]
  ]
 },
 {
  "rotation_euler": [
   1.1757640838623047,
   1.7075589895248413,
   -1.286552906036377
  ],
  "euler_order": "XYZ",
  "rotation_matrix": [
   [
    -0.038233086466789246,
    0.6258127689361572,
    -0.7790356874465942
   ],
   [
    0.13086609542369843,
    -0.769755482673645,
    -0.6247804164886475
   ],
   [
    -0.9906625747680664,
    -0.12583664059638977,
    -0.05246754735708237
   ]
  ]
 },
 {
  "rotation_euler": [
   0.027071597054600716,
   0.7418363094329834,
   -0.7011839747428894
  ],
  "euler_order": "XYZ",
  "rotation_matrix": [
   [
    0.5633012056350708,
    0.6588602662086487,
    0.49859291315078735
   ],
   [
    -0.475603312253952,
    0.752000629901886,
    -0.4563951790332794
   ],
   [
    -0.6756428480148315,
    0.019955532625317574,
    0.7369589805603027
   ]
  ]
 },
 {
  "rotation_euler": [
   1.1758363246917725,
   1.7075437307357788,
   0.6144136190414429
  ],
  "euler_order": "XYZ",
  "rotation_matrix": [
   [
    -0.11138997226953506,
    0.5253502726554871,
    0.8435634970664978
   ],
   [
    -0.07858660817146301,
    0.8415312170982361,
    -0.5344617366790771
   ],
   [
    -0.9906646609306335,
    -0.12582647800445557,
    -0.05245263874530792
   ]
  ]
 },
 {
  "rotation_euler": [
   -0.0034385372418910265,
   0.023107923567295074,
   -0.9742302298545837
  ],
  "euler_order": "XYZ",
  "rotation_matrix": [
   [
    0.5616550445556641,
    0.8272201418876648,
    0.015825508162379265
   ],
   [
    -0.8270488381385803,
    0.5618674159049988,
    -0.017182886600494385
   ],
   [
    -0.023105867207050323,
    -0.0034376124385744333,
    0.9997271299362183
   ]
  ]
 },
 {
  "rotation_euler": [
   0.023831872269511223,
   -0.04748057574033737,
   2.4396746158599854
  ],
  "euler_order": "XYZ",
  "rotation_matrix": [
   [
    -0.7627445459365845,
    -0.6446365118026733,
    0.05161888897418976
   ],
   [
    0.6449558138847351,
    -0.7641186118125916,
    -0.012440786696970463
   ],
   [
    0.047462739050388336,
    0.023802760988473892,
    0.9985893368721008
   ]
  ]
 },
 {
  "rotation_euler": [
   0.6608890891075134,
   -1.687164068222046,
   -1.7201309204101562
  ],
  "euler_order": "XYZ",
  "rotation_matrix": [
   [
    0.0172741636633873,
    0.8713669776916504,
    -0.4903276860713959
   ],
   [
    0.11481306701898575,
    0.48542821407318115,
    0.8667048811912537
   ],
   [
    0.9932368993759155,
    -0.07126762717962265,
    -0.09165894985198975
   ]
  ]
 },
 {
  "rotation_euler": [
   0.021952884271740913,
   0.664289653301239,
   1.0756349563598633
  ],
  "euler_order": "XYZ",
  "rotation_matrix": [
   [
    0.3741303086280823,
    -0.8732495903968811,
    0.3121885657310486
   ],
   [
    0.6927873492240906,
    0.486966609954834,
    0.5318921208381653
   ],
   [
    -0.6165000200271606,
    0.017283322289586067,
    0.7871652245521545
   ]
  ]
 },
 {
  "rotation_euler": [
   -0.0034388930071145296,
   0.0230565182864666,
   -1.8781936168670654
  ],
  "euler_order": "XYZ",
  "rotation_matrix": [
   [
    -0.30249854922294617,
    0.9531427025794983,
    -0.0036980719305574894
   ],
   [
    -0.9528709650039673,
    -0.3025015890598297,
    -0.023014185950160027
   ],
   [
    -0.023054474964737892,
    -0.0034379721619188786,
    0.9997283220291138
   ]
  ]
 },
 {
  "rotation_euler": [
   0.66090327501297,
   -1.6871644258499146,
   0.24932143092155457
  ],
  "euler_order": "XYZ",
  "rotation_matrix": [
   [
    -0.11251566559076309,
    -0.7856186032295227,
    -0.6083943247795105
   ],
   [
    -0.028648652136325836,
    0.6145926713943481,
    -0.788324236869812
   ],
   [
    0.9932368993759155,
    -0.07126914709806442,
    -0.09165821969509125
   ]
  ]
 }
]