[
 {
  "rotation_euler": [
   -1.5175553560256958,
   1.0690590143203735,
   -1.0090292692184448
  ],
  "euler_order": "XYZ",
  "rotation_matrix": [
   [
    0.2561933696269989,
    -0.4213293790817261,
    0.8699692487716675
   ],
   [
    -0.40703481435775757,
    0.7693011164665222,
    0.4924412965774536
   ],
   [
    -0.8767483234405518,
    -0.4802679717540741,
    0.02559412084519863
   ]
  ]
 },
 {
  "rotation_euler": [
   1.4806751012802124,
   -1.2830437421798706,
   -0.6997094750404358
  ],
  "euler_order": "XYZ",
  "rotation_matrix": [
   [
    0.21711373329162598,
    -0.6726383566856384,
    -0.7074031829833984
   ],
   [
    -0.18276457488536835,
    0.68386310338974,
    -0.7063485980033875
   ],
   [
    0.9588841199874878,
    0.2826462388038635,
    0.02554161101579666
   ]
  ]
 },
 {
  "rotation_euler": [
   1.3019544894632418e-05,
   -3.647613266366534e-05,
   -1.606769323348999
  ],
  "euler_order": "XYZ",
  "rotation_matrix": [
   [
    -0.03596523776650429,
    0.9993530511856079,
    -1.1699248716467991e-05
   ],
   [
    -0.9993530511856079,
    -0.03596523776650429,
    3.6920784623362124e-05
   ],
   [
    3.647613266366534e-05,
    1.3019544894632418e-05,
    1.0
   ]
  ]
 },
 {
  "rotation_euler": [
   1.5455412864685059,
   0.10639073699712753,
   2.1777448654174805
  ],
  "euler_order": "XYZ",
  "rotation_matrix": [
   [
    -0.5671387314796448,
    -0.08128977566957474,
    0.8196008801460266
   ],
   [
    0.8167480230331421,
    0.07279292494058609,
    0.5723844170570374
   ],
   [
    -0.10619014501571655,
    0.9940287470817566,
    0.02510957419872284
   ]
  ]
 },
 {
  "rotation_euler": [
   -5.017060539103113e-05,
   6.142030542832799e-06,
   -2.8984336853027344
  ],
  "euler_order": "XYZ",
  "rotation_matrix": [
   [
    -0.9705822467803955,
    0.2407698631286621,
    6.118224064266542e-06
   ],
   [
    -0.2407698631286621,
    -0.9705822467803955,
    -5.0173515774076805e-05
   ],
   [
    -6.142030542832799e-06,
    -5.017060539103113e-05,
    1.0
   ]
  ]
 },
 {
  "rotation_euler": [
   -0.009858100675046444,
   0.008322072215378284,
   -0.37814390659332275
  ],
  "euler_order": "XYZ",
  "rotation_matrix": [
   [
    0.9293193221092224,
    0.36910197138786316,
    0.011373179033398628
   ],
   [
    -0.36918336153030396,
    0.9293366074562073,
    0.0060892002657055855
   ],
   [
    -0.008321976289153099,
    -0.0098575996235013,
    0.9999167919158936
   ]
  ]
 },
 {
  "rotation_euler": [
   -1.5133988857269287,
   -1.1087281703948975,
   0.7546646595001221
  ],
  "euler_order": "XYZ",
  "rotation_matrix": [
   [
    0.3247661292552948,
    0.611733078956604,
    -0.7213249206542969
   ],
   [
    0.3053930401802063,
    0.6539868116378784,
    0.6921245455741882
   ],
   [
    0.8951324224472046,
    -0.4450661838054657,
    0.02557375095784664
   ]
  ]
 },
 {
  "rotation_euler": [
   2.32931379287038e-05,
   2.117571420967579e-05,
   -0.306613564491272
  ],
  "euler_order": "XYZ",
  "rotation_matrix": [
   [
    0.9533611536026001,
    0.3018318712711334,
    1.3157492503523827e-05
   ],
   [
    -0.3018318712711334,
    0.9533611536026001,
    -2.8598278731806204e-05
   ],
   [
    -2.117571420967579e-05,
    2.32931379287038e-05,
    1.0
   ]
  ]
 },
 {
  "rotation_euler": [
   1.5416094064712524,
   -0.503377377986908,
   2.414337158203125
  ],
  "euler_order": "XYZ",
  "rotation_matrix": [
   [
    -0.6543424725532532,
    0.34078893065452576,
    0.675054669380188
   ],
   [
    0.5823563933372498,
    -0.3423643112182617,
    0.7373247146606445
   ],
   [
    0.4823867380619049,
    0.8755852580070496,
    0.025562897324562073
   ]
  ]
 },
 {
  "rotation_euler": [
   -1.5404020547866821,
   0.5625080466270447,
   0.007052754517644644
  ],
  "euler_order": "XYZ",
  "rotation_matrix": [
   [
    0.8458991646766663,
    -0.5332642197608948,
    0.009157216176390648
   ],
   [
    0.005966017954051495,
    0.026629304513335228,
    0.9996275901794434
   ],
   [
    -0.5333094596862793,
    -0.8455294966697693,
    0.025707170367240906
   ]
  ]
 },
 {
  "rotation_euler": [
   -1.6167927242349833e-05,
   -3.487156209303066e-05,
   -1.0766005516052246
  ],
  "euler_order": "XYZ",
  "rotation_matrix": [
   [
    0.4743238091468811,
    0.8803504705429077,
    -2.306969918208779e-06
   ],
   [
    -0.8803504705429077,
    0.4743238091468811,
    3.8368027162505314e-05
   ],
   [
    3.487156209303066e-05,
    -1.6167927242349833e-05,
    1.0
   ]
  ]
 },
 {
  "rotation_euler": [
   -0.022668905556201935,
   0.033211465924978256,
   3.1132845878601074
  ],
  "euler_order": "XYZ",
  "rotation_matrix": [
   [
    -0.999048113822937,
    -0.027544649317860603,
    -0.0338251031935215
   ],
   [
    0.02828867733478546,
    -0.9993638396263123,
    -0.02171826921403408
   ],
   [
    -0.03320536017417908,
    -0.022654464468359947,
    0.9991917610168457
   ]
  ]
 },
 {
  "rotation_euler": [
   4.876779348705895e-05,
   3.1919233151711524e-05,
   -3.0499634742736816
  ],
  "euler_order": "XYZ",
  "rotation_matrix": [
   [
    -0.9958049654960632,
    0.09150101244449615,
    -3.6247634852770716e-05
   ],
   [
    -0.09150101244449615,
    -0.9958049654960632,
    4.564256960293278e-05
   ],
   [
    -3.1919233151711524e-05,
    4.876779348705895e-05,
    1.0
   ]
  ]
 },
 {
  "rotation_euler": [
   -2.3655568384128856e-06,
   2.3148862965172157e-05,
   -0.2048931121826172
  ],
  "euler_order": "XYZ",
  "rotation_matrix": [
   [
    0.9790827631950378,
    0.20346251130104065,
    2.3145954401115887e-05
   ],
   [
    -0.20346251130104065,
    0.9790827631950378,
    -2.3938498543429887e-06
   ],
   [
    -2.3148862965172157e-05,
    -2.3655568384128856e-06,
    1.0
   ]
  ]
 },
 {
  "rotation_euler": [
   0.009732533246278763,
   0.007929492741823196,
   2.2070093154907227
  ],
  "euler_order": "XYZ",
  "rotation_matrix": [
   [
    -0.5941349267959595,
    -0.8043593168258667,
    0.0031171906739473343
   ],
   [
    0.8043262958526611,
    -0.594063401222229,
    0.012160259298980236
   ],
   [
    -0.007929409854114056,
    0.009732073172926903,
    0.9999212026596069
   ]
  ]
 },
 {
  "rotation_euler": [
   0.011693468317389488,
   0.0003223566454835236,
   3.0833587646484375
  ],
  "euler_order": "XYZ",
  "rotation_matrix": [
   [
    -0.9983048439025879,
    -0.058200765401124954,
    0.0003587676037568599
   ],
   [
    0.05820097774267197,
    -0.9982364177703857,
    0.011692140251398087
   ],
   [
    -0.0003223566454835236,
    0.011693201027810574,
    0.9999315738677979
   ]
  ]
 }
]