[
 {
  "rotation_euler": [
   1.5707964897155762,
   0.007465294096618891,
   -0.11116300523281097
  ],
  "euler_order": "XYZ",
  "rotation_matrix": [
   [
    0.9938000440597534,
    0.007419129367917776,
    -0.11093420535326004
   ],
   [
    -0.11093111336231232,
    -0.0008283106726594269,
    -0.993827760219574
   ],
   [
    -0.007465224713087082,
    0.9999721050262451,
    -1.6291613746943767e-07
   ]
  ]
 },
 {
  "rotation_euler": [
   1.5708048343658447,
   0.007444919552654028,
   -1.5929503440856934
  ],
  "euler_order": "XYZ",
  "rotation_matrix": [
   [
    -0.022151591256260872,
    -0.0001734253455651924,
    -0.9997546076774597
   ],
   [
    -0.9997268915176392,
    -0.0074428352527320385,
    0.022152269259095192
   ],
   [
    -0.007444850634783506,
    0.9999722838401794,
    -8.507335223839618e-06
   ]
  ]
 },
 {
  "rotation_euler": [
   -1.5707955360412598,
   -0.007469593081623316,
   2.2109217643737793
  ],
  "euler_order": "XYZ",
  "rotation_matrix": [
   [
    -0.5972793698310852,
    -0.004462151322513819,
    -0.8020208477973938
   ],
   [
    0.801998496055603,
    0.005990241188555956,
    -0.5972960591316223
   ],
   [
    0.007469523698091507,
    -0.9999721050262451,
    7.907315762167855e-07
   ]
  ]
 },
 {
  "rotation_euler": [
   -1.5707948207855225,
   -0.007467139512300491,
   2.204525947570801
  ],
  "euler_order": "XYZ",
  "rotation_matrix": [
   [
    -0.5921377539634705,
    -0.004422871395945549,
    -0.8058245778083801
   ],
   [
    0.8058021664619446,
    0.006016257219016552,
    -0.592154324054718
   ],
   [
    0.0074670701287686825,
    -0.9999721050262451,
    1.5059673614814528e-06
   ]
  ]
 },
 {
  "rotation_euler": [
   -1.5707956552505493,
   -0.0074695139192044735,
   -0.6750305891036987
  ],
  "euler_order": "XYZ",
  "rotation_matrix": [
   [
    0.7806660532951355,
    0.0058317240327596664,
    0.6249212026596069
   ],
   [
    -0.6249037384986877,
    -0.004667290020734072,
    0.7806878685951233
   ],
   [
    0.007469444535672665,
    -0.9999721050262451,
    6.71525640427717e-07
   ]
  ]
 },
 {
  "rotation_euler": [
   1.570794939994812,
   0.007455850951373577,
   0.45565760135650635
  ],
  "euler_order": "XYZ",
  "rotation_matrix": [
   [
    0.8979468941688538,
    0.006694471929222345,
    0.44005292654037476
   ],
   [
    0.4400406777858734,
    0.0032821837812662125,
    -0.8979718089103699
   ],
   [
    -0.007455782033503056,
    0.9999722242355347,
    1.3867614825358032e-06
   ]
  ]
 },
 {
  "rotation_euler": [
   -1.570798397064209,
   -0.0074416762217879295,
   1.7990745306015015
  ],
  "euler_order": "XYZ",
  "rotation_matrix": [
   [
    -0.22629445791244507,
    -0.0016820246819406748,
    -0.9740574955940247
   ],
   [
    0.9740304946899414,
    0.007249021902680397,
    -0.22630071640014648
   ],
   [
    0.007441607769578695,
    -0.9999722838401794,
    -2.0702120764326537e-06
   ]
  ]
 },
 {
  "rotation_euler": [
   -1.5707942247390747,
   -0.0074682412669062614,
   1.9298590421676636
  ],
  "euler_order": "XYZ",
  "rotation_matrix": [
   [
    -0.351387083530426,
    -0.0026262602768838406,
    -0.9362266063690186
   ],
   [
    0.9362004995346069,
    0.006991162430495024,
    -0.3513968884944916
   ],
   [
    0.007468171883374453,
    -0.9999721050262451,
    2.101997097270214e-06
   ]
  ]
 },
 {
  "rotation_euler": [
   1.570801019668579,
   0.007453545928001404,
   0.642815887928009
  ],
  "euler_order": "XYZ",
  "rotation_matrix": [
   [
    0.8003886938095093,
    0.005968657787889242,
    0.5994516611099243
   ],
   [
    0.599435031414032,
    0.004464243073016405,
    -0.8004109859466553
   ],
   [
    -0.007453477010130882,
    0.9999722242355347,
    -4.692743459600024e-06
   ]
  ]
 },
 {
  "rotation_euler": [
   1.5707930326461792,
   0.007455669809132814,
   0.4801481366157532
  ],
  "euler_order": "XYZ",
  "rotation_matrix": [
   [
    0.88690185546875,
    0.0066110482439398766,
    0.46191057562828064
   ],
   [
    0.46189773082733154,
    0.0034467424266040325,
    -0.8869264721870422
   ],
   [
    -0.007455600891262293,
    0.9999722242355347,
    3.2940572509687627e-06
   ]
  ]
 },
 {
  "rotation_euler": [
   -1.5707942247390747,
   -0.00746819656342268,
   2.599717855453491
  ],
  "euler_order": "XYZ",
  "rotation_matrix": [
   [
    -0.8567193746566772,
    -0.006399351637810469,
    -0.5157430768013
   ],
   [
    0.5157287120819092,
    0.0038498342037200928,
    -0.8567432761192322
   ],
   [
    0.007468127179890871,
    -0.9999721050262451,
    2.101997097270214e-06
   ]
  ]
 },
 {
  "rotation_euler": [
   1.5707956552505493,
   0.0074666268192231655,
   -2.0856664180755615
  ],
  "euler_order": "XYZ",
  "rotation_matrix": [
   [
    -0.49240806698799133,
    -0.0036761111114174128,
    -0.8703566789627075
   ],
   [
    -0.8703324198722839,
    -0.006498898845165968,
    0.4924217760562897
   ],
   [
    -0.007466557435691357,
    0.9999721050262451,
    6.71525640427717e-07
   ]
  ]
 },
 {
  "rotation_euler": [
   1.5707961320877075,
   0.007441536523401737,
   -2.000462055206299
  ],
  "euler_order": "XYZ",
  "rotation_matrix": [
   [
    -0.41655540466308594,
    -0.0030996925197541714,
    -0.9091050624847412
   ],
   [
    -0.9090798497200012,
    -0.006765156984329224,
    0.41656693816185
   ],
   [
    -0.007441468071192503,
    0.9999722838401794,
    1.9470179779546015e-07
   ]
  ]
 },
 {
  "rotation_euler": [
   1.5707764625549316,
   0.007513303309679031,
   2.3899948596954346
  ],
  "euler_order": "XYZ",
  "rotation_matrix": [
   [
    -0.7305781841278076,
    -0.005502722226083279,
    0.6828068494796753
   ],
   [
    0.6827877163887024,
    0.005115574691444635,
    0.7305989265441895
   ],
   [
    -0.007513232529163361,
    0.9999717473983765,
    1.9863678971887566e-05
   ]
  ]
 },
 {
  "rotation_euler": [
   -1.5707948207855225,
   -0.007467128802090883,
   -1.2687406539916992
  ],
  "euler_order": "XYZ",
  "rotation_matrix": [
   [
    0.2974751591682434,
    0.002222764305770397,
    0.9547269940376282
   ],
   [
    -0.9547003507614136,
    -0.007128554861992598,
    0.2974834442138672
   ],
   [
    0.007467059418559074,
    -0.9999721050262451,
    1.5059673614814528e-06
   ]
  ]
 },
 {
  "rotation_euler": [
   -1.5707961320877075,
   -0.007440886460244656,
   -1.0148582458496094
  ],
  "euler_order": "XYZ",
  "rotation_matrix": [
   [
    0.5277257561683655,
    0.003926984965801239,
    0.8494057655334473
   ],
   [
    -0.849382221698761,
    -0.006320170592516661,
    0.5277403593063354
   ],
   [
    0.007440818008035421,
    -0.9999723434448242,
    1.9470179779546015e-07
   ]
  ]
 }
]