[
 {
  "rotation_euler": [
   0.7293306589126587,
   -1.7538925409317017,
   -1.2682538032531738
  ],
  "euler_order": "XYZ",
  "rotation_matrix": [
   [
    -0.05424889177083969,
    0.5165308117866516,
    -0.8545483946800232
   ],
   [
    0.17380543053150177,
    0.8476291298866272,
    0.5013148188591003
   ],
   [
    0.9832846522331238,
    -0.12132938206195831,
    -0.13575880229473114
   ]
  ]
 },
 {
  "rotation_euler": [
   0.7293277382850647,
   -1.7538928985595703,
   -0.41413435339927673
  ],
  "euler_order": "XYZ",
  "rotation_matrix": [
   [
    -0.16668352484703064,
    -0.29980331659317017,
    -0.9393266439437866
   ],
   [
    0.0732666477560997,
    0.946254312992096,
    -0.315015584230423
   ],
   [
    0.983284592628479,
    -0.12132921814918518,
    -0.1357594132423401
   ]
  ]
 },
 {
  "rotation_euler": [
   0.7293270826339722,
   1.7538928985595703,
   1.994815468788147
  ],
  "euler_order": "XYZ",
  "rotation_matrix": [
   [
    0.07491067051887512,
    -0.9491717219352722,
    0.3057146668434143
   ],
   [
    -0.16595116257667542,
    0.29043468832969666,
    0.9423947930335999
   ],
   [
    -0.983284592628479,
    -0.12132912874221802,
    -0.13575948774814606
   ]
  ]
 },
 {
  "rotation_euler": [
   -0.1780385822057724,
   7.091061706887558e-05,
   0.2529873847961426
  ],
  "euler_order": "XYZ",
  "rotation_matrix": [
   [
    0.9681690335273743,
    -0.24635306000709534,
    -0.044259969145059586
   ],
   [
    0.2502973675727844,
    0.9528619647026062,
    0.1714797168970108
   ],
   [
    -7.091061706887558e-05,
    -0.17709949612617493,
    0.984192967414856
   ]
  ]
 },
 {
  "rotation_euler": [
   -2.4122579097747803,
   1.3877005577087402,
   0.25365135073661804
  ],
  "euler_order": "XYZ",
  "rotation_matrix": [
   [
    0.17624855041503906,
    -0.4471638798713684,
    -0.8769155740737915
   ],
   [
    0.045689791440963745,
    -0.8861848711967468,
    0.4610735774040222
   ],
   [
    -0.9832847714424133,
    -0.1213296428322792,
    -0.13575796782970428
   ]
  ]
 },
 {
  "rotation_euler": [
   -2.412266969680786,
   1.3876997232437134,
   0.07523008435964584
  ],
  "euler_order": "XYZ",
  "rotation_matrix": [
   [
    0.18156029284000397,
    -0.5973346829414368,
    -0.7811703681945801
   ],
   [
    0.013684622012078762,
    -0.7927613854408264,
    0.6093785166740417
   ],
   [
    -0.983284592628479,
    -0.12132895737886429,
    -0.13575968146324158
   ]
  ]
 },
 {
  "rotation_euler": [
   -2.412294387817383,
   -1.3876975774765015,
   0.7454372644424438
  ],
  "euler_order": "XYZ",
  "rotation_matrix": [
   [
    0.13378889858722687,
    0.9872052073478699,
    0.0867546871304512
   ],
   [
    0.12350185215473175,
    -0.10346830636262894,
    0.9869354367256165
   ],
   [
    0.9832841753959656,
    -0.12132664769887924,
    -0.13576458394527435
   ]
  ]
 },
 {
  "rotation_euler": [
   -0.17803868651390076,
   7.18641240382567e-05,
   -2.9084250926971436
  ],
  "euler_order": "XYZ",
  "rotation_matrix": [
   [
    -0.9729393720626831,
    0.22742050886154175,
    0.04085191339254379
   ],
   [
    -0.23106051981449127,
    -0.9575571417808533,
    -0.17232352495193481
   ],
   [
    -7.18641240382567e-05,
    -0.17709960043430328,
    0.9841929078102112
   ]
  ]
 },
 {
  "rotation_euler": [
   -0.17803867161273956,
   7.267885666806251e-05,
   0.1419774293899536
  ],
  "euler_order": "XYZ",
  "rotation_matrix": [
   [
    0.9899381399154663,
    -0.13927695155143738,
    -0.024988945573568344
   ],
   [
    0.14150092005729675,
    0.974288284778595,
    0.17532776296138763
   ],
   [
    -7.267885666806251e-05,
    -0.1770995855331421,
    0.9841929078102112
   ]
  ]
 },
 {
  "rotation_euler": [
   -2.4122982025146484,
   1.3876972198486328,
   0.7790195941925049
  ],
  "euler_order": "XYZ",
  "rotation_matrix": [
   [
    0.1295670121908188,
    0.05763084813952446,
    -0.989894449710846
   ],
   [
    0.12792456150054932,
    -0.9909382462501526,
    -0.040947604924440384
   ],
   [
    -0.9832841157913208,
    -0.12132636457681656,
    -0.13576531410217285
   ]
  ]
 },
 {
  "rotation_euler": [
   0.7292876243591309,
   1.7538959980010986,
   -0.28244948387145996
  ],
  "euler_order": "XYZ",
  "rotation_matrix": [
   [
    -0.1748635619878769,
    0.83705735206604,
    0.518418550491333
   ],
   [
    0.050746843218803406,
    0.5334932804107666,
    -0.8442805409431458
   ],
   [
    -0.983284056186676,
    -0.12132580578327179,
    -0.13576655089855194
   ]
  ]
 },
 {
  "rotation_euler": [
   0.7293297052383423,
   1.753892421722412,
   2.135942220687866
  ],
  "euler_order": "XYZ",
  "rotation_matrix": [
   [
    0.09750815480947495,
    -0.9805869460105896,
    0.17012175917625427
   ],
   [
    -0.15376406908035278,
    0.15404051542282104,
    0.976026713848114
   ],
   [
    -0.9832847118377686,
    -0.1213291734457016,
    -0.13575883209705353
   ]
  ]
 },
 {
  "rotation_euler": [
   -2.412292957305908,
   1.387697458267212,
   0.8455563187599182
  ],
  "euler_order": "XYZ",
  "rotation_matrix": [
   [
    0.1207747533917427,
    0.1233832836151123,
    -0.9849822521209717
   ],
   [
    0.13625593483448029,
    -0.9849143624305725,
    -0.10666760057210922
   ],
   [
    -0.9832841753959656,
    -0.12132691591978073,
    -0.1357644945383072
   ]
  ]
 },
 {
  "rotation_euler": [
   -0.17803852260112762,
   7.095110777299851e-05,
   -2.964709520339966
  ],
  "euler_order": "XYZ",
  "rotation_matrix": [
   [
    -0.9843969345092773,
    0.17319312691688538,
    0.03109406679868698
   ],
   [
    -0.1759621948003769,
    -0.9688343405723572,
    -0.17434842884540558
   ],
   [
    -7.095110777299851e-05,
    -0.17709943652153015,
    0.984192967414856
   ]
  ]
 },
 {
  "rotation_euler": [
   0.7293274402618408,
   1.7538927793502808,
   1.1272281408309937
  ],
  "euler_order": "XYZ",
  "rotation_matrix": [
   [
    -0.07814028859138489,
    -0.392264187335968,
    0.9165276288986206
   ],
   [
    -0.16445501148700714,
    0.9118158221244812,
    0.37622666358947754
   ],
   [
    -0.983284592628479,
    -0.12132909893989563,
    -0.1357593685388565
   ]
  ]
 },
 {
  "rotation_euler": [
   -2.4122700691223145,
   -1.3876992464065552,
   0.4572334885597229
  ],
  "euler_order": "XYZ",
  "rotation_matrix": [
   [
    0.16337242722511292,
    0.91708904504776,
    0.3636716902256012
   ],
   [
    0.08038052171468735,
    -0.37977224588394165,
    0.9215812683105469
   ],
   [
    0.9832845330238342,
    -0.12132885307073593,
    -0.13576041162014008
   ]
  ]
 }
]