[
 {
  "rotation_euler": [
   1.570796251296997,
   -0.036992453038692474,
   -2.7017836570739746
  ],
  "euler_order": "XYZ",
  "rotation_matrix": [
   [
    -0.9042139649391174,
    0.03346439078450203,
    -0.42576664686203003
   ],
   [
    -0.4254753589630127,
    0.01574649289250374,
    0.9048330187797546
   ],
   [
    0.03698401525616646,
    0.9993158578872681,
    7.544624480715356e-08
   ]
  ]
 },
 {
  "rotation_euler": [
   1.570796251296997,
   -0.03699248284101486,
   -2.1739439964294434
  ],
  "euler_order": "XYZ",
  "rotation_matrix": [
   [
    -0.5668494701385498,
    0.02097880281507969,
    -0.8235542178153992
   ],
   [
    -0.8229907751083374,
    0.030458325520157814,
    0.5672375559806824
   ],
   [
    0.036984045058488846,
    0.9993158578872681,
    7.544624480715356e-08
   ]
  ]
 },
 {
  "rotation_euler": [
   -1.5707920789718628,
   -3.1045939922332764,
   -0.03334997221827507
  ],
  "euler_order": "XYZ",
  "rotation_matrix": [
   [
    -0.998759925365448,
    0.03696979209780693,
    0.03334363177418709
   ],
   [
    0.033320970833301544,
    -0.0012291487073525786,
    0.9994439482688904
   ],
   [
    0.036990221589803696,
    0.999315619468689,
    -4.244915999151999e-06
   ]
  ]
 },
 {
  "rotation_euler": [
   1.5707963705062866,
   -0.03699237108230591,
   0.8503236770629883
  ],
  "euler_order": "XYZ",
  "rotation_matrix": [
   [
    0.6592885851860046,
    -0.02439974620938301,
    0.7514939904212952
   ],
   [
    0.7509798407554626,
    -0.02779323421418667,
    -0.6597399115562439
   ],
   [
    0.03698393329977989,
    0.9993158578872681,
    -4.3681485095703465e-08
   ]
  ]
 },
 {
  "rotation_euler": [
   1.5707961320877075,
   -0.036992449313402176,
   -2.1376285552978516
  ],
  "euler_order": "XYZ",
  "rotation_matrix": [
   [
    -0.5365950465202332,
    0.01985918916761875,
    -0.843606173992157
   ],
   [
    -0.8430290222167969,
    0.03119983710348606,
    0.5369623899459839
   ],
   [
    0.03698401153087616,
    0.9993158578872681,
    1.9457398536815163e-07
   ]
  ]
 },
 {
  "rotation_euler": [
   1.5707963705062866,
   -0.03699250519275665,
   0.005594334099441767
  ],
  "euler_order": "XYZ",
  "rotation_matrix": [
   [
    0.9993002414703369,
    -0.036983489990234375,
    0.005594306625425816
   ],
   [
    0.005590477492660284,
    -0.0002069438633043319,
    -0.9999843239784241
   ],
   [
    0.03698406741023064,
    0.9993158578872681,
    -4.3681485095703465e-08
   ]
  ]
 },
 {
  "rotation_euler": [
   -1.5707682371139526,
   0.036991190165281296,
   -0.450551301240921
  ],
  "euler_order": "XYZ",
  "rotation_matrix": [
   [
    0.899591326713562,
    -0.0332799069583416,
    0.4354628324508667
   ],
   [
    -0.4351639747619629,
    0.016129866242408752,
    0.9002067446708679
   ],
   [
    -0.03698275610804558,
    -0.9993159174919128,
    2.8070464395568706e-05
   ]
  ]
 },
 {
  "rotation_euler": [
   -1.5707663297653198,
   0.036994367837905884,
   -0.8543971180915833
  ],
  "euler_order": "XYZ",
  "rotation_matrix": [
   [
    0.6562240123748779,
    -0.024265050888061523,
    0.7541759014129639
   ],
   [
    -0.7536591291427612,
    0.027913568541407585,
    0.656672477722168
   ],
   [
    -0.03698593005537987,
    -0.9993157982826233,
    2.9976505175000057e-05
   ]
  ]
 },
 {
  "rotation_euler": [
   -1.5707662105560303,
   0.03699444234371185,
   2.475762367248535
  ],
  "euler_order": "XYZ",
  "rotation_matrix": [
   [
    -0.7858660817146301,
    0.029067344963550568,
    -0.6177131533622742
   ],
   [
    0.617289662361145,
    -0.022870393469929695,
    -0.786403477191925
   ],
   [
    -0.03698600456118584,
    -0.9993157982826233,
    3.009563261002768e-05
   ]
  ]
 },
 {
  "rotation_euler": [
   1.5707964897155762,
   -0.03699202090501785,
   1.1260749101638794
  ],
  "euler_order": "XYZ",
  "rotation_matrix": [
   [
    0.42991209030151367,
    -0.015910428017377853,
    0.9027305245399475
   ],
   [
    0.9021129608154297,
    -0.03338628262281418,
    -0.43020641803741455
   ],
   [
    0.03698358312249184,
    0.9993158578872681,
    -1.628092149985605e-07
   ]
  ]
 },
 {
  "rotation_euler": [
   -1.5707963705062866,
   -3.104600191116333,
   -0.007362584583461285
  ],
  "euler_order": "XYZ",
  "rotation_matrix": [
   [
    -0.99928879737854,
    0.03698302432894707,
    0.007362519856542349
   ],
   [
    0.007357480935752392,
    -0.00027233926812186837,
    0.9999728798866272
   ],
   [
    0.036984026432037354,
    0.9993158578872681,
    4.3681485095703465e-08
   ]
  ]
 },
 {
  "rotation_euler": [
   1.5707963705062866,
   -0.03699229657649994,
   0.7497031688690186
  ],
  "euler_order": "XYZ",
  "rotation_matrix": [
   [
    0.7313904762268066,
    -0.027068130671977997,
    0.6814215183258057
   ],
   [
    0.6809553503990173,
    -0.02520163170993328,
    -0.7318911552429199
   ],
   [
    0.03698385879397392,
    0.9993158578872681,
    -4.3681485095703465e-08
   ]
  ]
 },
 {
  "rotation_euler": [
   1.5707963705062866,
   -0.03699246421456337,
   1.001650094985962
  ],
  "euler_order": "XYZ",
  "rotation_matrix": [
   [
    0.5385443568229675,
    -0.019931139424443245,
    0.8423613905906677
   ],
   [
    0.8417850732803345,
    -0.03115393966436386,
    -0.5389130711555481
   ],
   [
    0.036984026432037354,
    0.9993158578872681,
    -4.3681485095703465e-08
   ]
  ]
 },
 {
  "rotation_euler": [
   -1.570771336555481,
   0.036985669285058975,
   -1.0689839124679565
  ],
  "euler_order": "XYZ",
  "rotation_matrix": [
   [
    0.48068633675575256,
    -0.017764708027243614,
    0.8767126202583313
   ],
   [
    -0.8761126399040222,
    0.03243041783571243,
    0.4810144901275635
   ],
   [
    -0.036977238953113556,
    -0.9993160963058472,
    2.497314926586114e-05
   ]
  ]
 },
 {
  "rotation_euler": [
   1.5707963705062866,
   -0.036992475390434265,
   0.8225501775741577
  ],
  "euler_order": "XYZ",
  "rotation_matrix": [
   [
    0.6798889636993408,
    -0.025162223726511,
    0.7328832149505615
   ],
   [
    0.7323818206787109,
    -0.02710501104593277,
    -0.6803544163703918
   ],
   [
    0.03698403760790825,
    0.9993158578872681,
    -4.3681485095703465e-08
   ]
  ]
 },
 {
  "rotation_euler": [
   1.5703074932098389,
   -0.03699750825762749,
   0.9273077845573425
  ],
  "euler_order": "XYZ",
  "rotation_matrix": [
   [
    0.5995793342590332,
    -0.022584136575460434,
    0.7999966144561768
   ],
   [
    0.7994600534439087,
    -0.02929823473095894,
    -0.6000043153762817
   ],
   [
    0.03698906674981117,
    0.9993155598640442,
    0.0004884990630671382
   ]
  ]
 }
]