[
 {
  "rotation_euler": [
   -2.696205854135769e-07,
   1.4369317113960278e-07,
   2.7242588996887207
  ],
  "euler_order": "XYZ",
  "rotation_matrix": [
   [
    -0.914172887802124,
    -0.4053244888782501,
    -2.406442263236386e-07
   ],
   [
    0.4053244888782501,
    -0.914172887802124,
    -1.8823746472662606e-07
   ],
   [
    -1.4369317113960278e-07,
    -2.696205854135769e-07,
    1.0
   ]
  ]
 },
 {
  "rotation_euler": [
   -0.015209239907562733,
   0.01680566556751728,
   0.4329834282398224
  ],
  "euler_order": "XYZ",
  "rotation_matrix": [
   [
    0.9075897932052612,
    -0.4197642505168915,
    0.008871064521372318
   ],
   [
    0.4195215404033661,
    0.9075058102607727,
    0.020855356007814407
   ],
   [
    -0.016804873943328857,
    -0.015206505544483662,
    0.9997431635856628
   ]
  ]
 },
 {
  "rotation_euler": [
   -0.01852462813258171,
   -0.0029450622387230396,
   -1.5258395671844482
  ],
  "euler_order": "XYZ",
  "rotation_matrix": [
   [
    0.04494142159819603,
    0.9988206624984741,
    0.018372518941760063
   ],
   [
    -0.9989852905273438,
    0.04487941041588783,
    0.003774056676775217
   ],
   [
    0.002945058047771454,
    -0.01852348819375038,
    0.9998241066932678
   ]
  ]
 },
 {
  "rotation_euler": [
   1.0089113544609063e-07,
   3.748915275991749e-07,
   2.1405673027038574
  ],
  "euler_order": "XYZ",
  "rotation_matrix": [
   [
    -0.5394392013549805,
    -0.842024564743042,
    -1.1727838256092582e-07
   ],
   [
    0.842024564743042,
    -0.5394392013549805,
    3.7009249354014173e-07
   ],
   [
    -3.748915275991749e-07,
    1.0089113544609063e-07,
    1.0
   ]
  ]
 },
 {
  "rotation_euler": [
   4.083212101768652e-10,
   -4.9947530555982667e-08,
   0.022077137604355812
  ],
  "euler_order": "XYZ",
  "rotation_matrix": [
   [
    0.9997563362121582,
    -0.022075343877077103,
    -4.992634572431598e-08
   ],
   [
    0.022075343877077103,
    0.9997563362121582,
    -1.5108306827826823e-09
   ],
   [
    4.9947530555982667e-08,
    4.083212101768652e-10,
    1.0
   ]
  ]
 },
 {
  "rotation_euler": [
   -2.979376404255163e-05,
   -4.8964880988933146e-05,
   -0.9379962682723999
  ],
  "euler_order": "XYZ",
  "rotation_matrix": [
   [
    0.5914049744606018,
    0.806374728679657,
    -4.9331360969517846e-06
   ],
   [
    -0.806374728679657,
    0.5914049744606018,
    5.710422192350961e-05
   ],
   [
    4.8964880988933146e-05,
    -2.979376404255163e-05,
    1.0
   ]
  ]
 },
 {
  "rotation_euler": [
   -0.0022263415157794952,
   -0.016460740938782692,
   -1.8189127445220947
  ],
  "euler_order": "XYZ",
  "rotation_matrix": [
   [
    -0.24554522335529327,
    0.9693652987480164,
    0.00620037317276001
   ],
   [
    -0.9692453742027283,
    -0.24561341106891632,
    0.015409157611429691
   ],
   [
    0.01645999774336815,
    -0.0022260381374508142,
    0.9998620748519897
   ]
  ]
 },
 {
  "rotation_euler": [
   8.418715538027755e-07,
   7.012378944182274e-08,
   2.7616801261901855
  ],
  "euler_order": "XYZ",
  "rotation_matrix": [
   [
    -0.9286970496177673,
    -0.3708392381668091,
    2.470752349381655e-07
   ],
   [
    0.3708392381668091,
    -0.9286970496177673,
    8.078483233475708e-07
   ],
   [
    -7.012378944182274e-08,
    8.418715538027755e-07,
    1.0
   ]
  ]
 },
 {
  "rotation_euler": [
   0.018442945554852486,
   -0.004678742494434118,
   2.366971731185913
  ],
  "euler_order": "XYZ",
  "rotation_matrix": [
   [
    -0.7146784067153931,
    -0.6992645859718323,
    0.01624235138297081
   ],
   [
    0.6994375586509705,
    -0.7146250605583191,
    0.009908216074109077
   ],
   [
    0.004678725264966488,
    0.0184416975826025,
    0.9998189806938171
   ]
  ]
 },
 {
  "rotation_euler": [
   3.954070404432741e-09,
   -1.2248469793973982e-08,
   -2.0187859535217285
  ],
  "euler_order": "XYZ",
  "rotation_matrix": [
   [
    -0.433154433965683,
    0.9013197422027588,
    1.7415971997891688e-09
   ],
   [
    -0.9013197422027588,
    -0.433154433965683,
    1.2752510158975383e-08
   ],
   [
    1.2248469793973982e-08,
    3.954070404432741e-09,
    1.0
   ]
  ]
 },
 {
  "rotation_euler": [
   -6.368813956214581e-06,
   1.74904507730389e-05,
   -0.47747543454170227
  ],
  "euler_order": "XYZ",
  "rotation_matrix": [
   [
    0.8881579041481018,
    0.45953842997550964,
    1.846099621616304e-05
   ],
   [
    -0.45953842997550964,
    0.8881579041481018,
    -2.3810218863218324e-06
   ],
   [
    -1.74904507730389e-05,
    -6.368813956214581e-06,
    1.0
   ]
  ]
 },
 {
  "rotation_euler": [
   2.4097406736700577e-08,
   1.85831847687723e-08,
   -0.469605416059494
  ],
  "euler_order": "XYZ",
  "rotation_matrix": [
   [
    0.8917469382286072,
    0.45253443717956543,
    5.666591196273885e-09
   ],
   [
    -0.45253443717956543,
    0.8917469382286072,
    -2.989832026401018e-08
   ],
   [
    -1.85831847687723e-08,
    2.4097406736700577e-08,
    1.0
   ]
  ]
 },
 {
  "rotation_euler": [
   -1.295128981837479e-06,
   -1.0369410574639915e-06,
   -2.9583580493927
  ],
  "euler_order": "XYZ",
  "rotation_matrix": [
   [
    -0.9832594394683838,
    0.1822109818458557,
    1.2555688044812996e-06
   ],
   [
    -0.1822109818458557,
    -0.9832594394683838,
    -1.084505811377312e-06
   ],
   [
    1.0369410574639915e-06,
    -1.295128981837479e-06,
    1.0
   ]
  ]
 },
 {
  "rotation_euler": [
   -1.497612629464129e-05,
   4.0480736060999334e-05,
   -2.7954697608947754
  ],
  "euler_order": "XYZ",
  "rotation_matrix": [
   [
    -0.9406951069831848,
    0.33925318717956543,
    -3.299933086964302e-05
   ],
   [
    -0.33925318717956543,
    -0.9406951069831848,
    -2.782118826871738e-05
   ],
   [
    -4.0480736060999334e-05,
    -1.497612629464129e-05,
    1.0
   ]
  ]
 },
 {
  "rotation_euler": [
   3.390800316083187e-07,
   -7.313500418604235e-07,
   -0.5164984464645386
  ],
  "euler_order": "XYZ",
  "rotation_matrix": [
   [
    0.8695536851882935,
    0.493838369846344,
    -8.033988478928222e-07
   ],
   [
    -0.493838369846344,
    0.8695536851882935,
    6.63204247075555e-08
   ],
   [
    7.313500418604235e-07,
    3.390800316083187e-07,
    1.0
   ]
  ]
 },
 {
  "rotation_euler": [
   -0.00019705375598277897,
   0.0001968264696188271,
   -2.4946718215942383
  ],
  "euler_order": "XYZ",
  "rotation_matrix": [
   [
    -0.7979434728622437,
    0.6027323007583618,
    -3.8285739719867706e-05
   ],
   [
    -0.602732241153717,
    -0.7979434728622437,
    -0.0002758714254014194
   ],
   [
    -0.0001968264696188271,
    -0.00019705375598277897,
    0.9999999403953552
   ]
  ]
 }
]