[
 {
  "rotation_euler": [
   -6.107623851114852e-10,
   -1.7948761366071153e-09,
   -2.580919027328491
  ],
  "euler_order": "XYZ",
  "rotation_matrix": [
   [
    -0.8468971252441406,
    0.5317568182945251,
    1.8448524929937093e-09
   ],
   [
    -0.5317568182945251,
    -0.8468971252441406,
    4.3718470510434315e-10
   ],
   [
    1.7948761366071153e-09,
    -6.107623851114852e-10,
    1.0
   ]
  ]
 },
 {
  "rotation_euler": [
   -4.138214215743119e-10,
   8.267807549700024e-10,
   -0.5196064114570618
  ],
  "euler_order": "XYZ",
  "rotation_matrix": [
   [
    0.8680146932601929,
    0.49653854966163635,
    9.231361230988e-10
   ],
   [
    -0.49653854966163635,
    0.8680146932601929,
    -5.132543695607339e-11
   ],
   [
    -8.267807549700024e-10,
    -4.138214215743119e-10,
    1.0
   ]
  ]
 },
 {
  "rotation_euler": [
   2.0619275601166387e-13,
   2.0201203855324187e-14,
   2.5999059677124023
  ],
  "euler_order": "XYZ",
  "rotation_matrix": [
   [
    -0.8568402528762817,
    -0.5155819654464722,
    8.900005569762587e-14
   ],
   [
    0.5155819654464722,
    -0.8568402528762817,
    1.870896287285012e-13
   ],
   [
    -2.0201203855324187e-14,
    2.0619275601166387e-13,
    1.0
   ]
  ]
 },
 {
  "rotation_euler": [
   -3.044916541128373e-10,
   2.0251887666855595e-10,
   1.166536808013916
  ],
  "euler_order": "XYZ",
  "rotation_matrix": [
   [
    0.39333808422088623,
    -0.9193938970565796,
    -2.0028938230165494e-10
   ],
   [
    0.9193938970565796,
    0.39333808422088623,
    3.059627828871925e-10
   ],
   [
    -2.0251887666855595e-10,
    -3.044916541128373e-10,
    1.0
   ]
  ]
 },
 {
  "rotation_euler": [
   1.5903590944166268e-11,
   4.673845310776414e-09,
   -2.512528419494629
  ],
  "euler_order": "XYZ",
  "rotation_matrix": [
   [
    -0.8085784316062927,
    0.5883883833885193,
    -3.788528157855353e-09
   ],
   [
    -0.5883883833885193,
    -0.8085784316062927,
    -2.7371769295569948e-09
   ],
   [
    -4.673845310776414e-09,
    1.5903590944166268e-11,
    1.0
   ]
  ]
 },
 {
  "rotation_euler": [
   3.1712490272672866e-11,
   -1.373241076407794e-09,
   1.5726829767227173
  ],
  "euler_order": "XYZ",
  "rotation_matrix": [
   [
    -0.0018866488244384527,
    -0.9999982118606567,
    3.4303258150680804e-11
   ],
   [
    0.9999982118606567,
    -0.0018866488244384527,
    -1.3731787928961126e-09
   ],
   [
    1.373241076407794e-09,
    3.1712490272672866e-11,
    1.0
   ]
  ]
 },
 {
  "rotation_euler": [
   5.3903153642009816e-12,
   -1.0637628798659815e-11,
   -0.5771276354789734
  ],
  "euler_order": "XYZ",
  "rotation_matrix": [
   [
    0.8380333185195923,
    0.5456190705299377,
    -1.1855746419320301e-11
   ],
   [
    -0.5456190705299377,
    0.8380333185195923,
    1.2868290417619721e-12
   ],
   [
    1.0637628798659815e-11,
    5.3903153642009816e-12,
    1.0
   ]
  ]
 },
 {
  "rotation_euler": [
   1.331626188439891e-13,
   4.335529331378485e-14,
   0.19070912897586823
  ],
  "euler_order": "XYZ",
  "rotation_matrix": [
   [
    0.9818700551986694,
    -0.18955521285533905,
    6.781093021086468e-14
   ],
   [
    0.18955521285533905,
    0.9818700551986694,
    -1.2253017339907551e-13
   ],
   [
    -4.335529331378485e-14,
    1.331626188439891e-13,
    1.0
   ]
  ]
 },
 {
  "rotation_euler": [
   2.607279370181459e-08,
   -1.1913712238964536e-09,
   0.7614120841026306
  ],
  "euler_order": "XYZ",
  "rotation_matrix": [
   [
    0.7238624691963196,
    -0.6899442672729492,
    1.7126385642995956e-08
   ],
   [
    0.6899442672729492,
    0.7238624691963196,
    -1.9695097108751725e-08
   ],
   [
    1.1913712238964536e-09,
    2.607279370181459e-08,
    1.0
   ]
  ]
 },
 {
  "rotation_euler": [
   1.0182348230368659e-14,
   3.0076911759226686e-15,
   0.5485239624977112
  ],
  "euler_order": "XYZ",
  "rotation_matrix": [
   [
    0.853295087814331,
    -0.5214282870292664,
    7.87581229345826e-15
   ],
   [
    0.5214282870292664,
    0.853295087814331,
    -7.120252128243847e-15
   ],
   [
    -3.0076911759226686e-15,
    1.0182348230368659e-14,
    1.0
   ]
  ]
 },
 {
  "rotation_euler": [
   -4.208484824630432e-05,
   1.1114466360595543e-05,
   -0.6909545660018921
  ],
  "euler_order": "XYZ",
  "rotation_matrix": [
   [
    0.7706380486488342,
    0.6372730731964111,
    3.538477176334709e-05
   ],
   [
    -0.6372730731964111,
    0.7706380486488342,
    2.5349234419991262e-05
   ],
   [
    -1.1114466360595543e-05,
    -4.208484824630432e-05,
    1.0
   ]
  ]
 },
 {
  "rotation_euler": [
   1.5221697600292794e-12,
   7.843475218274887e-13,
   -2.223541259765625
  ],
  "euler_order": "XYZ",
  "rotation_matrix": [
   [
    -0.6073693037033081,
    0.7944195866584778,
    -1.68563015108536e-12
   ],
   [
    -0.7944195866584778,
    -0.6073693037033081,
    3.014181515059028e-13
   ],
   [
    -7.843475218274887e-13,
    1.5221697600292794e-12,
    1.0
   ]
  ]
 },
 {
  "rotation_euler": [
   -7.545507833128795e-05,
   3.1980674975784495e-05,
   -0.30696672201156616
  ],
  "euler_order": "XYZ",
  "rotation_matrix": [
   [
    0.9532545208930969,
    0.3021685481071472,
    5.328587212716229e-05
   ],
   [
    -0.3021685481071472,
    0.9532545208930969,
    6.226434197742492e-05
   ],
   [
    -3.1980674975784495e-05,
    -7.545507833128795e-05,
    1.0
   ]
  ]
 },
 {
  "rotation_euler": [
   -6.094377389895267e-13,
   8.304057853673885e-13,
   -0.4997047781944275
  ],
  "euler_order": "XYZ",
  "rotation_matrix": [
   [
    0.8777240514755249,
    0.4791664481163025,
    1.0208892108412582e-12
   ],
   [
    -0.4791664481163025,
    0.8777240514755249,
    1.3701558876193232e-13
   ],
   [
    -8.304057853673885e-13,
    -6.094377389895267e-13,
    1.0
   ]
  ]
 },
 {
  "rotation_euler": [
   2.2265425059231347e-07,
   -3.8845846006552165e-07,
   -2.5848538875579834
  ],
  "euler_order": "XYZ",
  "rotation_matrix": [
   [
    -0.8489829301834106,
    0.5284202694892883,
    2.1213958234511665e-07
   ],
   [
    -0.5284202694892883,
    -0.8489829301834106,
    3.942989792449225e-07
   ],
   [
    3.8845846006552165e-07,
    2.2265425059231347e-07,
    1.0
   ]
  ]
 },
 {
  "rotation_euler": [
   -1.552044300370814e-12,
   3.35849078582362e-12,
   2.6604397296905518
  ],
  "euler_order": "XYZ",
  "rotation_matrix": [
   [
    -0.8864619135856628,
    -0.4628015160560608,
    -3.695462772596025e-12
   ],
   [
    0.4628015160560608,
    -0.8864619135856628,
    1.784864031746658e-13
   ],
   [
    -3.35849078582362e-12,
    -1.552044300370814e-12,
    1.0
   ]
  ]
 }
]