[
 {
  "rotation_euler": [
   4.4002754293615e-06,
   1.3887313343730057e-06,
   -3.066281318664551
  ],
  "euler_order": "XYZ",
  "rotation_matrix": [
   [
    -0.9971654415130615,
    0.07524016499519348,
    -1.7158723721877323e-06
   ],
   [
    -0.07524016499519348,
    -0.9971654415130615,
    4.283314410713501e-06
   ],
   [
    -1.3887313343730057e-06,
    4.4002754293615e-06,
    1.0
   ]
  ]
 },
 {
  "rotation_euler": [
   -2.9282900868565775e-06,
   -3.447605195106007e-06,
   0.27625715732574463
  ],
  "euler_order": "XYZ",
  "rotation_matrix": [
   [
    0.9620830416679382,
    -0.2727566361427307,
    -4.115593128517503e-06
   ],
   [
    0.2727566361427307,
    0.9620830416679382,
    1.8769010239338968e-06
   ],
   [
    3.447605195106007e-06,
    -2.9282900868565775e-06,
    1.0
   ]
  ]
 },
 {
  "rotation_euler": [
   2.1675329208374023,
   0.004608131479471922,
   2.2571940422058105
  ],
  "euler_order": "XYZ",
  "rotation_matrix": [
   [
    -0.6337480545043945,
    0.4322687089443207,
    0.641488254070282
   ],
   [
    0.7735257744789124,
    0.35908451676368713,
    0.5222223401069641
   ],
   [
    -0.004608115181326866,
    0.8271650671958923,
    -0.56194007396698
   ]
  ]
 },
 {
  "rotation_euler": [
   2.251652717590332,
   -0.5167422294616699,
   -0.8169071078300476
  ],
  "euler_order": "XYZ",
  "rotation_matrix": [
   [
    0.5951091051101685,
    -0.7216631174087524,
    -0.3536205291748047
   ],
   [
    -0.6338449716567993,
    -0.1509803980588913,
    -0.7585812211036682
   ],
   [
    0.49405035376548767,
    0.6755791902542114,
    -0.5472723245620728
   ]
  ]
 },
 {
  "rotation_euler": [
   1.9766988771152683e-05,
   -2.8403435408108635e-06,
   -1.7950677871704102
  ],
  "euler_order": "XYZ",
  "rotation_matrix": [
   [
    -0.222396120429039,
    0.9749563932418823,
    -1.8640270354808308e-05
   ],
   [
    -0.9749563932418823,
    -0.222396120429039,
    7.16531303623924e-06
   ],
   [
    2.8403435408108635e-06,
    1.9766988771152683e-05,
    1.0
   ]
  ]
 },
 {
  "rotation_euler": [
   -5.702494945580838e-06,
   4.235374490235699e-06,
   -1.0499608516693115
  ],
  "euler_order": "XYZ",
  "rotation_matrix": [
   [
    0.49760499596595764,
    0.8674037456512451,
    7.053909030219074e-06
   ],
   [
    -0.8674037456512451,
    0.49760499596595764,
    -8.361896561837057e-07
   ],
   [
    -4.235374490235699e-06,
    -5.702494945580838e-06,
    1.0
   ]
  ]
 },
 {
  "rotation_euler": [
   3.4651927762752166e-06,
   -5.5009863899613265e-06,
   -1.718799114227295
  ],
  "euler_order": "XYZ",
  "rotation_matrix": [
   [
    -0.14746305346488953,
    0.989067554473877,
    -2.6161176265304675e-06
   ],
   [
    -0.989067554473877,
    -0.14746305346488953,
    5.951835191808641e-06
   ],
   [
    5.5009863899613265e-06,
    3.4651927762752166e-06,
    1.0
   ]
  ]
 },
 {
  "rotation_euler": [
   -1.0606161595205776e-05,
   -7.474679932784056e-07,
   -0.6754459142684937
  ],
  "euler_order": "XYZ",
  "rotation_matrix": [
   [
    0.7804282307624817,
    0.6252453923225403,
    6.048108389222762e-06
   ],
   [
    -0.6252453923225403,
    0.7804282307624817,
    8.744698789087124e-06
   ],
   [
    7.474679932784056e-07,
    -1.0606161595205776e-05,
    1.0
   ]
  ]
 },
 {
  "rotation_euler": [
   2.4424405097961426,
   -0.7665388584136963,
   -0.2501489222049713
  ],
  "euler_order": "XYZ",
  "rotation_matrix": [
   [
    0.6978963613510132,
    -0.6219854950904846,
    0.355070024728775
   ],
   [
    -0.17831291258335114,
    -0.6310580372810364,
    -0.754963755607605
   ],
   [
    0.6936463117599487,
    0.4635728895664215,
    -0.5513211488723755
   ]
  ]
 },
 {
  "rotation_euler": [
   0.17296892404556274,
   -2.1666746139526367,
   0.5869189500808716
  ],
  "euler_order": "XYZ",
  "rotation_matrix": [
   [
    -0.46731358766555786,
    -0.6641423106193542,
    -0.5835521221160889
   ],
   [
    -0.31081143021583557,
    0.7413398623466492,
    -0.594820499420166
   ],
   [
    0.8276559114456177,
    -0.09659302979707718,
    -0.552861213684082
   ]
  ]
 },
 {
  "rotation_euler": [
   -0.2252340018749237,
   -2.1720633506774902,
   1.710676908493042
  ],
  "euler_order": "XYZ",
  "rotation_matrix": [
   [
    0.07887093722820282,
    -0.9908985495567322,
    -0.1090845987200737
   ],
   [
    -0.5601624846458435,
    0.04646389186382294,
    -0.827078640460968
   ],
   [
    0.8246195316314697,
    0.12633757293224335,
    -0.5513995289802551
   ]
  ]
 },
 {
  "rotation_euler": [
   3.7366239666880574e-06,
   5.079307925370813e-07,
   -1.9101377725601196
  ],
  "euler_order": "XYZ",
  "rotation_matrix": [
   [
    -0.3328661620616913,
    0.9429740905761719,
    -3.6926126085745636e-06
   ],
   [
    -0.9429740905761719,
    -0.3328661620616913,
    7.648301334484131e-07
   ],
   [
    -5.079307925370813e-07,
    3.7366239666880574e-06,
    1.0
   ]
  ]
 },
 {
  "rotation_euler": [
   4.662075753003592e-06,
   -3.290550694146077e-06,
   -2.6013405323028564
  ],
  "euler_order": "XYZ",
  "rotation_matrix": [
   [
    -0.8575790524482727,
    0.5143522024154663,
    4.239582551690546e-07
   ],
   [
    -0.5143522024154663,
    -0.8575790524482727,
    5.690600573871052e-06
   ],
   [
    3.290550694146077e-06,
    4.662075753003592e-06,
    1.0
   ]
  ]
 },
 {
  "rotation_euler": [
   -3.1800855140318163e-06,
   -3.764500206671073e-06,
   2.901153087615967
  ],
  "euler_order": "XYZ",
  "rotation_matrix": [
   [
    -0.9712333679199219,
    -0.23812957108020782,
    2.898935917983181e-06
   ],
   [
    0.23812957108020782,
    -0.9712333679199219,
    -3.985044259025017e-06
   ],
   [
    3.764500206671073e-06,
    -3.1800855140318163e-06,
    1.0
   ]
  ]
 },
 {
  "rotation_euler": [
   -4.3591936105258355e-07,
   4.150720542384079e-06,
   2.3573484420776367
  ],
  "euler_order": "XYZ",
  "rotation_matrix": [
   [
    -0.7079222798347473,
    -0.7062903642654419,
    -3.2462730814586394e-06
   ],
   [
    0.7062903642654419,
    -0.7079222798347473,
    2.6230168259644415e-06
   ],
   [
    -4.150720542384079e-06,
    -4.3591936105258355e-07,
    1.0
   ]
  ]
 },
 {
  "rotation_euler": [
   -6.248918111850799e-07,
   -4.363264451967552e-06,
   0.062220897525548935
  ],
  "euler_order": "XYZ",
  "rotation_matrix": [
   [
    0.9980648756027222,
    -0.06218075752258301,
    -4.393677500047488e-06
   ],
   [
    0.06218075752258301,
    0.9980648756027222,
    3.5237150086686597e-07
   ],
   [
    4.363264451967552e-06,
    -6.248918111850799e-07,
    1.0
   ]
  ]
 }
]