[
 {
  "rotation_euler": [
   -1.5586614608764648,
   -2.5424623489379883,
   0.014442184008657932
  ],
  "euler_order": "XYZ",
  "rotation_matrix": [
   [
    -0.8257402181625366,
    0.5636488795280457,
    -0.02128288522362709
   ],
   [
    -0.011926322244107723,
    0.020276721566915512,
    0.9997232556343079
   ],
   [
    0.5639244914054871,
    0.8257655501365662,
    -0.010021046735346317
   ]
  ]
 },
 {
  "rotation_euler": [
   1.5829311609268188,
   -0.5991306304931641,
   1.0962231159210205
  ],
  "euler_order": "XYZ",
  "rotation_matrix": [
   [
    0.37736859917640686,
    -0.24687790870666504,
    0.8925492763519287
   ],
   [
    0.734562337398529,
    -0.5071122646331787,
    -0.45083847641944885
   ],
   [
    0.5639247298240662,
    0.8257653713226318,
    -0.010021017864346504
   ]
  ]
 },
 {
  "rotation_euler": [
   -1.5808182954788208,
   0.029185790568590164,
   -2.3663582801818848
  ],
  "euler_order": "XYZ",
  "rotation_matrix": [
   [
    -0.7139528393745422,
    0.013828056864440441,
    0.7000572085380554
   ],
   [
    -0.6995854377746582,
    0.0275808684527874,
    -0.7140164375305176
   ],
   [
    -0.029181648045778275,
    -0.999523937702179,
    -0.010017532855272293
   ]
  ]
 },
 {
  "rotation_euler": [
   1.5829311609268188,
   -0.5991300940513611,
   -0.9820185899734497
  ],
  "euler_order": "XYZ",
  "rotation_matrix": [
   [
    0.4586185812950134,
    -0.3232407867908478,
    -0.8277586698532104
   ],
   [
    -0.6867738962173462,
    0.4621973931789398,
    -0.5609948635101318
   ],
   [
    0.5639243125915527,
    0.8257656693458557,
    -0.010021021589636803
   ]
  ]
 },
 {
  "rotation_euler": [
   1.582931399345398,
   -0.5991302132606506,
   -2.409219264984131
  ],
  "euler_order": "XYZ",
  "rotation_matrix": [
   [
    -0.6140758991241455,
    0.4111836552619934,
    -0.673675537109375
   ],
   [
    -0.5521775484085083,
    0.3860558867454529,
    0.7389592528343201
   ],
   [
    0.5639243721961975,
    0.8257656097412109,
    -0.010021217167377472
   ]
  ]
 },
 {
  "rotation_euler": [
   1.5829311609268188,
   -0.5991301536560059,
   -1.2396697998046875
  ],
  "euler_order": "XYZ",
  "rotation_matrix": [
   [
    0.2684832513332367,
    -0.19479848444461823,
    -0.9433823823928833
   ],
   [
    -0.7809648513793945,
    0.5293058156967163,
    -0.3315558433532715
   ],
   [
    0.5639243721961975,
    0.8257656693458557,
    -0.010021020658314228
   ]
  ]
 },
 {
  "rotation_euler": [
   1.5829312801361084,
   -0.5991300344467163,
   -1.4167945384979248
  ],
  "euler_order": "XYZ",
  "rotation_matrix": [
   [
    0.12667664885520935,
    -0.09848714619874954,
    -0.9870427250862122
   ],
   [
    -0.8160529732704163,
    0.5553478598594666,
    -0.16014452278614044
   ],
   [
    0.563924252986908,
    0.8257657289505005,
    -0.010021120309829712
   ]
  ]
 },
 {
  "rotation_euler": [
   1.582931399345398,
   -0.5991302132606506,
   -1.114976167678833
  ],
  "euler_order": "XYZ",
  "rotation_matrix": [
   [
    0.3635278642177582,
    -0.25911644101142883,
    -0.8948218822479248
   ],
   [
    -0.7415097951889038,
    0.500968873500824,
    -0.4463108777999878
   ],
   [
    0.5639243721961975,
    0.8257656097412109,
    -0.010021217167377472
   ]
  ]
 },
 {
  "rotation_euler": [
   -1.5586614608764648,
   -2.5424625873565674,
   0.34635719656944275
  ],
  "euler_order": "XYZ",
  "rotation_matrix": [
   [
    -0.7767852544784546,
    0.5262775421142578,
    -0.3458852171897888
   ],
   [
    -0.2803462743759155,
    0.202837273478508,
    0.9382233023643494
   ],
   [
    0.563924252986908,
    0.8257657289505005,
    -0.010021047666668892
   ]
  ]
 },
 {
  "rotation_euler": [
   1.5829311609268188,
   -0.5991304516792297,
   -1.3367167711257935
  ],
  "euler_order": "XYZ",
  "rotation_matrix": [
   [
    0.19154854118824005,
    -0.14259500801563263,
    -0.9710693955421448
   ],
   [
    -0.8033045530319214,
    0.5456904172897339,
    -0.23858700692653656
   ],
   [
    0.5639246106147766,
    0.8257654905319214,
    -0.010021018795669079
   ]
  ]
 },
 {
  "rotation_euler": [
   -1.5808180570602417,
   0.029186461120843887,
   2.9190850257873535
  ],
  "euler_order": "XYZ",
  "rotation_matrix": [
   [
    -0.9749317765235901,
    0.030672980472445488,
    -0.2203797996044159
   ],
   [
    0.22058214247226715,
    0.003334985114634037,
    -0.9753627181053162
   ],
   [
    -0.02918231673538685,
    -0.999523937702179,
    -0.010017294436693192
   ]
  ]
 },
 {
  "rotation_euler": [
   -0.0008723259088583291,
   -0.0005704802460968494,
   3.1034510135650635
  ],
  "euler_order": "XYZ",
  "rotation_matrix": [
   [
    -0.9992725253105164,
    -0.03813287615776062,
    0.0005368012352846563
   ],
   [
    0.03813238814473152,
    -0.9992722868919373,
    -0.0008934451034292579
   ],
   [
    0.0005704801878891885,
    -0.0008723256760276854,
    0.999999463558197
   ]
  ]
 },
 {
  "rotation_euler": [
   1.5829336643218994,
   0.6281967759132385,
   -1.5059641599655151
  ],
  "euler_order": "XYZ",
  "rotation_matrix": [
   [
    0.05241822451353073,
    0.02595997415482998,
    -0.9982877373695374
   ],
   [
    -0.8073887825012207,
    -0.5871952176094055,
    -0.05766419321298599
   ],
   [
    -0.5876867175102234,
    0.8090289831161499,
    -0.009819939732551575
   ]
  ]
 },
 {
  "rotation_euler": [
   -1.5808181762695312,
   0.02918609417974949,
   1.273928165435791
  ],
  "euler_order": "XYZ",
  "rotation_matrix": [
   [
    0.2924022078514099,
    0.0010472324211150408,
    -0.9562948346138
   ],
   [
    0.9558500647544861,
    -0.03083566389977932,
    0.2922324538230896
   ],
   [
    -0.0291819516569376,
    -0.999523937702179,
    -0.010017413645982742
   ]
  ]
 },
 {
  "rotation_euler": [
   1.582935094833374,
   0.6282157897949219,
   2.163019895553589
  ],
  "euler_order": "XYZ",
  "rotation_matrix": [
   [
    -0.45163288712501526,
    -0.3179641366004944,
    0.8336225152015686
   ],
   [
    0.6712927222251892,
    0.4943571984767914,
    0.5522472262382507
   ],
   [
    -0.5877021551132202,
    0.8090177774429321,
    -0.009820961393415928
   ]
  ]
 },
 {
  "rotation_euler": [
   -1.6025570631027222,
   1.2563947439193726,
   0.5137162804603577
  ],
  "euler_order": "XYZ",
  "rotation_matrix": [
   [
    0.26933109760284424,
    -0.8122101426124573,
    -0.5174702405929565
   ],
   [
    0.1519695222377777,
    -0.49474960565567017,
    0.8556448221206665
   ],
   [
    -0.950981616973877,
    -0.3090914785861969,
    -0.009820275008678436
   ]
  ]
 }
]