[
 {
  "rotation_euler": [
   1.3466608834278304e-05,
   -2.744041194091551e-05,
   1.4793903827667236
  ],
  "euler_order": "XYZ",
  "rotation_matrix": [
   [
    0.09127871692180634,
    -0.9958254098892212,
    1.0905665476457216e-05
   ],
   [
    0.9958254098892212,
    0.09127871692180634,
    -2.8555074095493183e-05
   ],
   [
    2.744041194091551e-05,
    1.3466608834278304e-05,
    1.0
   ]
  ]
 },
 {
  "rotation_euler": [
   -1.7244342132016754e-07,
   -1.648949563559654e-07,
   2.9937281608581543
  ],
  "euler_order": "XYZ",
  "rotation_matrix": [
   [
    -0.9890879392623901,
    -0.14732626080513,
    1.376901650473883e-07
   ],
   [
    0.14732626080513,
    -0.9890879392623901,
    -1.948550618635636e-07
   ],
   [
    1.648949563559654e-07,
    -1.7244342132016754e-07,
    1.0
   ]
  ]
 },
 {
  "rotation_euler": [
   4.98194774323224e-09,
   -4.815685983317053e-08,
   -2.0438737869262695
  ],
  "euler_order": "XYZ",
  "rotation_matrix": [
   [
    -0.4556278884410858,
    0.8901703357696533,
    1.7506826210933468e-08
   ],
   [
    -0.8901703357696533,
    -0.4556278884410858,
    4.513772111636172e-08
   ],
   [
    4.815685983317053e-08,
    4.98194774323224e-09,
    1.0
   ]
  ]
 },
 {
  "rotation_euler": [
   4.232095562883842e-08,
   -1.6363804533625625e-08,
   -2.7410125732421875
  ],
  "euler_order": "XYZ",
  "rotation_matrix": [
   [
    -0.9208349585533142,
    0.38995257019996643,
    -1.4348021659671417e-09
   ],
   [
    -0.38995257019996643,
    -0.9208349585533142,
    4.5351722377517945e-08
   ],
   [
    1.6363804533625625e-08,
    4.232095562883842e-08,
    1.0
   ]
  ]
 },
 {
  "rotation_euler": [
   1.1466823046646368e-08,
   -1.1732505100781054e-07,
   -0.24900439381599426
  ],
  "euler_order": "XYZ",
  "rotation_matrix": [
   [
    0.9691582322120667,
    0.24643918871879578,
    -1.1653241926978808e-07
   ],
   [
    -0.24643918871879578,
    0.9691582322120667,
    1.7800322993366535e-08
   ],
   [
    1.1732505100781054e-07,
    1.1466823046646368e-08,
    1.0
   ]
  ]
 },
 {
  "rotation_euler": [
   4.077171070093755e-06,
   -2.2883908968651667e-05,
   0.2915724515914917
  ],
  "euler_order": "XYZ",
  "rotation_matrix": [
   [
    0.9577930569648743,
    -0.2874586582183838,
    -2.0746030713780783e-05
   ],
   [
    0.2874586582183838,
    0.9577930569648743,
    -1.0483264304639306e-05
   ],
   [
    2.2883908968651667e-05,
    4.077171070093755e-06,
    1.0
   ]
  ]
 },
 {
  "rotation_euler": [
   1.830425304660821e-07,
   -1.0668868526408914e-05,
   -0.30746352672576904
  ],
  "euler_order": "XYZ",
  "rotation_matrix": [
   [
    0.9531042575836182,
    0.3026420772075653,
    -1.0223940989817493e-05
   ],
   [
    -0.3026420772075653,
    0.9531042575836182,
    3.054389935641666e-06
   ],
   [
    1.0668868526408914e-05,
    1.830425304660821e-07,
    1.0
   ]
  ]
 },
 {
  "rotation_euler": [
   1.7547348761581816e-05,
   -1.852714740380179e-05,
   0.6153444051742554
  ],
  "euler_order": "XYZ",
  "rotation_matrix": [
   [
    0.8165746927261353,
    -0.5772398114204407,
    -4.999771590519231e-06
   ],
   [
    0.5772398114204407,
    0.8165746927261353,
    -2.5023327907547355e-05
   ],
   [
    1.852714740380179e-05,
    1.7547348761581816e-05,
    1.0
   ]
  ]
 },
 {
  "rotation_euler": [
   1.220664125867188e-05,
   -1.7318994650850073e-05,
   2.613818883895874
  ],
  "euler_order": "XYZ",
  "rotation_matrix": [
   [
    -0.863930344581604,
    -0.5036112666130066,
    2.1109806766617112e-05
   ],
   [
    0.5036112666130066,
    -0.863930344581604,
    1.8236469259136356e-06
   ],
   [
    1.7318994650850073e-05,
    1.220664125867188e-05,
    1.0
   ]
  ]
 },
 {
  "rotation_euler": [
   3.7785650874866406e-06,
   -1.9626373614300974e-05,
   -2.8170526027679443
  ],
  "euler_order": "XYZ",
  "rotation_matrix": [
   [
    -0.9477974772453308,
    0.31887286901474,
    1.7396945622749627e-05
   ],
   [
    -0.31887286901474,
    -0.9477974772453308,
    9.83963309408864e-06
   ],
   [
    1.9626373614300974e-05,
    3.7785650874866406e-06,
    1.0
   ]
  ]
 },
 {
  "rotation_euler": [
   1.1205023838556372e-05,
   -2.568395393609535e-05,
   2.5522096157073975
  ],
  "euler_order": "XYZ",
  "rotation_matrix": [
   [
    -0.8312837481498718,
    -0.555848240852356,
    2.7578947992878966e-05
   ],
   [
    0.555848240852356,
    -0.8312837481498718,
    -4.9618265620665625e-06
   ],
   [
    2.568395393609535e-05,
    1.1205023838556372e-05,
    1.0
   ]
  ]
 },
 {
  "rotation_euler": [
   1.5004963643150404e-05,
   -2.654976924532093e-05,
   2.864548444747925
  ],
  "euler_order": "XYZ",
  "rotation_matrix": [
   [
    -0.9618681073188782,
    -0.2735137641429901,
    2.9641440050909296e-05
   ],
   [
    0.2735137641429901,
    -0.9618681073188782,
    7.171068318712059e-06
   ],
   [
    2.654976924532093e-05,
    1.5004963643150404e-05,
    1.0
   ]
  ]
 },
 {
  "rotation_euler": [
   1.2618936295893945e-07,
   -5.144665919942781e-07,
   2.7178728580474854
  ],
  "euler_order": "XYZ",
  "rotation_matrix": [
   [
    -0.9115658402442932,
    -0.4111541211605072,
    5.208534616940597e-07
   ],
   [
    0.4111541211605072,
    -0.9115658402442932,
    -9.649514964849004e-08
   ],
   [
    5.144665919942781e-07,
    1.2618936295893945e-07,
    1.0
   ]
  ]
 },
 {
  "rotation_euler": [
   1.259517011931166e-05,
   -1.726649315969553e-05,
   1.6351155042648315
  ],
  "euler_order": "XYZ",
  "rotation_matrix": [
   [
    -0.06427484005689621,
    -0.9979322552680969,
    1.3678927643923089e-05
   ],
   [
    0.9979322552680969,
    -0.06427484005689621,
    -1.6421237887698226e-05
   ],
   [
    1.726649315969553e-05,
    1.259517011931166e-05,
    1.0
   ]
  ]
 },
 {
  "rotation_euler": [
   7.0162240461968395e-09,
   -5.275201786503203e-08,
   -0.44748660922050476
  ],
  "euler_order": "XYZ",
  "rotation_matrix": [
   [
    0.9015374779701233,
    0.4327009916305542,
    -5.059385088657109e-08
   ],
   [
    -0.4327009916305542,
    0.9015374779701233,
    1.6500461441637526e-08
   ],
   [
    5.275201786503203e-08,
    7.0162240461968395e-09,
    1.0
   ]
  ]
 },
 {
  "rotation_euler": [
   1.4859601549233048e-07,
   -5.82518509872898e-07,
   2.848954439163208
  ],
  "euler_order": "XYZ",
  "rotation_matrix": [
   [
    -0.9574861526489258,
    -0.2884792685508728,
    6.006202966091223e-07
   ],
   [
    0.2884792685508728,
    -0.9574861526489258,
    -2.5765894307028248e-08
   ],
   [
    5.82518509872898e-07,
    1.4859601549233048e-07,
    1.0
   ]
  ]
 }
]