[
 {
  "rotation_euler": [
   -0.0002095566305797547,
   -5.403657996794209e-05,
   -2.815507173538208
  ],
  "euler_order": "XYZ",
  "rotation_matrix": [
   [
    -0.9473035931587219,
    0.3203372359275818,
    0.0001183178392238915
   ],
   [
    -0.3203372657299042,
    -0.9473035335540771,
    -0.0001812038099160418
   ],
   [
    5.403657996794209e-05,
    -0.0002095566305797547,
    1.0
   ]
  ]
 },
 {
  "rotation_euler": [
   -0.00020939152454957366,
   -3.8131503970362246e-05,
   -0.32184264063835144
  ],
  "euler_order": "XYZ",
  "rotation_matrix": [
   [
    0.9486541748046875,
    0.3163151144981384,
    3.0060096833040006e-05
   ],
   [
    -0.3163151144981384,
    0.9486541748046875,
    0.00021070170623715967
   ],
   [
    3.8131503970362246e-05,
    -0.00020939152454957366,
    1.0
   ]
  ]
 },
 {
  "rotation_euler": [
   -1.9558607339859009,
   -0.3760843873023987,
   1.9217885732650757
  ],
  "euler_order": "XYZ",
  "rotation_matrix": [
   [
    -0.31979942321777344,
    0.23568297922611237,
    -0.9177046418190002
   ],
   [
    0.8734029531478882,
    0.44878309965133667,
    -0.18910574913024902
   ],
   [
    0.36728134751319885,
    -0.862001895904541,
    -0.34936678409576416
   ]
  ]
 },
 {
  "rotation_euler": [
   -0.00020945184223819524,
   -4.940745930070989e-05,
   2.2140378952026367
  ],
  "euler_order": "XYZ",
  "rotation_matrix": [
   [
    -0.5997923612594604,
    -0.8001556992530823,
    -0.0001379598688799888
   ],
   [
    0.8001556992530823,
    -0.5997923016548157,
    -0.00016516126925125718
   ],
   [
    4.940745930070989e-05,
    -0.00020945184223819524,
    1.0
   ]
  ]
 },
 {
  "rotation_euler": [
   -1.9490891695022583,
   0.2572748363018036,
   -0.555754542350769
  ],
  "euler_order": "XYZ",
  "rotation_matrix": [
   [
    0.8215429186820984,
    -0.39572498202323914,
    0.4104497730731964
   ],
   [
    -0.5102200508117676,
    -0.18900026381015778,
    0.8390198945999146
   ],
   [
    -0.25444602966308594,
    -0.8987105488777161,
    -0.35717862844467163
   ]
  ]
 },
 {
  "rotation_euler": [
   -0.00020506605505943298,
   -1.882848664536141e-05,
   1.6085208654403687
  ],
  "euler_order": "XYZ",
  "rotation_matrix": [
   [
    -0.03771559149026871,
    -0.9992884993553162,
    -0.00020421002409420907
   ],
   [
    0.9992884993553162,
    -0.03771558776497841,
    -2.6549278118181974e-05
   ],
   [
    1.882848664536141e-05,
    -0.00020506605505943298,
    1.0
   ]
  ]
 },
 {
  "rotation_euler": [
   -1.9164124727249146,
   0.2959139049053192,
   -0.7672795057296753
  ],
  "euler_order": "XYZ",
  "rotation_matrix": [
   [
    0.68851637840271,
    -0.43266379833221436,
    0.5820199251174927
   ],
   [
    -0.6640077829360962,
    -0.053389787673950195,
    0.7458171248435974
   ],
   [
    -0.2916141450405121,
    -0.8999730944633484,
    -0.3240518867969513
   ]
  ]
 },
 {
  "rotation_euler": [
   -1.941740870475769,
   -0.06685114651918411,
   0.03943784162402153
  ],
  "euler_order": "XYZ",
  "rotation_matrix": [
   [
    0.996990442276001,
    0.07650183141231537,
    -0.012549573555588722
   ],
   [
    0.03933954983949661,
    -0.3597593605518341,
    0.9322154521942139
   ],
   [
    0.06680136173963547,
    -0.9299035668373108,
    -0.36168619990348816
   ]
  ]
 },
 {
  "rotation_euler": [
   -0.00020561636483762413,
   -1.064045682142023e-05,
   -1.9067143201828003
  ],
  "euler_order": "XYZ",
  "rotation_matrix": [
   [
    -0.32963600754737854,
    0.9441080689430237,
    0.0001976315543288365
   ],
   [
    -0.9441081285476685,
    -0.32963597774505615,
    -5.773281372967176e-05
   ],
   [
    1.064045682142023e-05,
    -0.00020561636483762413,
    1.0
   ]
  ]
 },
 {
  "rotation_euler": [
   -1.9617115259170532,
   -0.2214505672454834,
   0.6293164491653442
  ],
  "euler_order": "XYZ",
  "rotation_matrix": [
   [
    0.788688063621521,
    0.3884461522102356,
    -0.47652989625930786
   ],
   [
    0.5742188096046448,
    -0.188511461019516,
    0.7967033386230469
   ],
   [
    0.21964499354362488,
    -0.901982843875885,
    -0.3717298209667206
   ]
  ]
 },
 {
  "rotation_euler": [
   -2.0064876079559326,
   -0.6475871205329895,
   1.367221713066101
  ],
  "euler_order": "XYZ",
  "rotation_matrix": [
   [
    0.1612401306629181,
    0.5238909721374512,
    -0.8363850116729736
   ],
   [
    0.7810726165771484,
    0.4502885937690735,
    0.4326265752315521
   ],
   [
    0.603263795375824,
    -0.7230342030525208,
    -0.33659228682518005
   ]
  ]
 },
 {
  "rotation_euler": [
   -1.9564834833145142,
   0.10685733705759048,
   1.9644290208816528
  ],
  "euler_order": "XYZ",
  "rotation_matrix": [
   [
    -0.38135814666748047,
    0.3853268623352051,
    -0.8402911424636841
   ],
   [
    0.9182542562484741,
    0.053026579320430756,
    -0.39242491126060486
   ],
   [
    -0.106654092669487,
    -0.921255350112915,
    -0.3740501403808594
   ]
  ]
 },
 {
  "rotation_euler": [
   -1.958422064781189,
   -0.03963100537657738,
   -1.5770055055618286
  ],
  "euler_order": "XYZ",
  "rotation_matrix": [
   [
    -0.006204263307154179,
    -0.3782118260860443,
    0.9256982803344727
   ],
   [
    -0.9991955161094666,
    -0.03433343395590782,
    -0.020724445581436157
   ],
   [
    0.03962063044309616,
    -0.9250821471214294,
    -0.37769457697868347
   ]
  ]
 },
 {
  "rotation_euler": [
   -0.00021141317847650498,
   -4.761074160342105e-05,
   -1.2555627822875977
  ],
  "euler_order": "XYZ",
  "rotation_matrix": [
   [
    0.3100385069847107,
    0.9507240056991577,
    0.00018623442156240344
   ],
   [
    -0.9507240056991577,
    0.3100385069847107,
    0.0001108108990592882
   ],
   [
    4.761074160342105e-05,
    -0.00021141317847650498,
    1.0
   ]
  ]
 },
 {
  "rotation_euler": [
   -0.00020783639047294855,
   -1.724168578220997e-05,
   0.26572614908218384
  ],
  "euler_order": "XYZ",
  "rotation_matrix": [
   [
    0.9649020433425903,
    -0.26260998845100403,
    -7.121645467123017e-05
   ],
   [
    0.26260998845100403,
    0.9649020433425903,
    0.00019601391977630556
   ],
   [
    1.724168578220997e-05,
    -0.00020783639047294855,
    1.0
   ]
  ]
 },
 {
  "rotation_euler": [
   -1.9780973196029663,
   -0.5462538599967957,
   0.4721277356147766
  ],
  "euler_order": "XYZ",
  "rotation_matrix": [
   [
    0.7609991431236267,
    0.604964554309845,
    -0.23430372774600983
   ],
   [
    0.38860082626342773,
    -0.1358691304922104,
    0.9113336205482483
   ],
   [
    0.5194898843765259,
    -0.7845746874809265,
    -0.3384860157966614
   ]
  ]
 }
]