[
 {
  "rotation_euler": [
   -0.2087170034646988,
   -1.8251268863677979,
   0.4079001843929291
  ],
  "euler_order": "XYZ",
  "rotation_matrix": [
   [
    -0.23095543682575226,
    -0.203987255692482,
    -0.9513404965400696
   ],
   [
    -0.09980439394712448,
    0.9775844812393188,
    -0.18538515269756317
   ],
   [
    0.9678319692611694,
    0.0521322526037693,
    -0.24613727629184723
   ]
  ]
 },
 {
  "rotation_euler": [
   -0.20870231091976166,
   -1.8251153230667114,
   -2.657031297683716
  ],
  "euler_order": "XYZ",
  "rotation_matrix": [
   [
    0.22262358665466309,
    0.2782707214355469,
    0.9343469142913818
   ],
   [
    0.1171940267086029,
    -0.9590871930122375,
    0.2577155530452728
   ],
   [
    0.9678348302841187,
    0.05212631821632385,
    -0.24612709879875183
   ]
  ]
 },
 {
  "rotation_euler": [
   -0.2087012380361557,
   1.8251161575317383,
   -2.0498533248901367
  ],
  "euler_order": "XYZ",
  "rotation_matrix": [
   [
    0.11596722900867462,
    0.9606040716171265,
    -0.25256961584091187
   ],
   [
    0.22326600551605225,
    -0.2729884088039398,
    -0.9357508420944214
   ],
   [
    -0.9678346514701843,
    0.05212622135877609,
    -0.24612794816493988
   ]
  ]
 },
 {
  "rotation_euler": [
   -0.20871643722057343,
   -1.8251255750656128,
   0.4260609447956085
  ],
  "euler_order": "XYZ",
  "rotation_matrix": [
   [
    -0.22910377383232117,
    -0.2217067927122116,
    -0.9478172659873962
   ],
   [
    -0.10398150235414505,
    0.9737188220024109,
    -0.2026313841342926
   ],
   [
    0.9678322672843933,
    0.05213185027241707,
    -0.24613606929779053
   ]
  ]
 },
 {
  "rotation_euler": [
   -0.20873215794563293,
   -1.825140118598938,
   -2.1027731895446777
  ],
  "euler_order": "XYZ",
  "rotation_matrix": [
   [
    0.12762634456157684,
    0.7413718104362488,
    0.6588469743728638
   ],
   [
    0.21683932840824127,
    -0.6690660715103149,
    0.7108665704727173
   ],
   [
    0.967828631401062,
    0.05213863402605057,
    -0.24614901840686798
   ]
  ]
 },
 {
  "rotation_euler": [
   -0.20871761441230774,
   -1.8251254558563232,
   0.12366421520709991
  ],
  "euler_order": "XYZ",
  "rotation_matrix": [
   [
    -0.24967481195926666,
    0.07833646237850189,
    -0.9651558995246887
   ],
   [
    -0.031034201383590698,
    0.9955629706382751,
    0.08883263915777206
   ],
   [
    0.9678323268890381,
    0.05213211476802826,
    -0.2461358904838562
   ]
  ]
 },
 {
  "rotation_euler": [
   -0.20873181521892548,
   -1.8251398801803589,
   0.4266005754470825
  ],
  "euler_order": "XYZ",
  "rotation_matrix": [
   [
    -0.22906023263931274,
    -0.22221830487251282,
    -0.947708010673523
   ],
   [
    -0.10411085188388824,
    0.9736018776893616,
    -0.20312640070915222
   ],
   [
    0.9678286910057068,
    0.05213850364089012,
    -0.24614880979061127
   ]
  ]
 },
 {
  "rotation_euler": [
   -0.2087162435054779,
   -1.8251267671585083,
   2.3635354042053223
  ],
  "euler_order": "XYZ",
  "rotation_matrix": [
   [
    0.179207444190979,
    -0.8295037150382996,
    0.5289691090583801
   ],
   [
    -0.17659547924995422,
    -0.5560628175735474,
    -0.8121626377105713
   ],
   [
    0.9678319692611694,
    0.05213204026222229,
    -0.24613720178604126
   ]
  ]
 },
 {
  "rotation_euler": [
   -0.20891998708248138,
   -1.8251277208328247,
   -0.274763822555542
  ],
  "euler_order": "XYZ",
  "rotation_matrix": [
   [
    -0.24216073751449585,
    0.458622008562088,
    -0.8549994230270386
   ],
   [
    0.06826357543468475,
    0.8870980143547058,
    0.4565054476261139
   ],
   [
    0.9678317308425903,
    0.052182380110025406,
    -0.24612748622894287
   ]
  ]
 },
 {
  "rotation_euler": [
   -0.20873835682868958,
   -1.8251585960388184,
   -0.6817290186882019
  ],
  "euler_order": "XYZ",
  "rotation_matrix": [
   [
    -0.1953853964805603,
    0.7721884846687317,
    -0.6046069264411926
   ],
   [
    0.1585601419210434,
    0.63325035572052,
    0.7575306296348572
   ],
   [
    0.9678239822387695,
    0.05214386805891991,
    -0.2461661845445633
   ]
  ]
 },
 {
  "rotation_euler": [
   2.932875871658325,
   -1.316467046737671,
   0.43552419543266296
  ],
  "euler_order": "XYZ",
  "rotation_matrix": [
   [
    0.22810955345630646,
    0.23091094195842743,
    0.9458573460578918
   ],
   [
    0.10614489763975143,
    -0.9715772867202759,
    0.21159127354621887
   ],
   [
    0.9678322672843933,
    0.05213193967938423,
    -0.24613608419895172
   ]
  ]
 },
 {
  "rotation_euler": [
   -0.20871667563915253,
   1.8251274824142456,
   0.17795170843601227
  ],
  "euler_order": "XYZ",
  "rotation_matrix": [
   [
    -0.2476249784231186,
    -0.3705447316169739,
    0.8951974511146545
   ],
   [
    -0.044536393135786057,
    0.9273504614830017,
    0.37153422832489014
   ],
   [
    -0.9678317904472351,
    0.05213228985667229,
    -0.2461378574371338
   ]
  ]
 },
 {
  "rotation_euler": [
   -0.2087087482213974,
   1.8251153230667114,
   0.4963681101799011
  ],
  "euler_order": "XYZ",
  "rotation_matrix": [
   [
    -0.22122441232204437,
    -0.6422321200370789,
    0.7338921427726746
   ],
   [
    -0.11981426179409027,
    0.7647356390953064,
    0.6331065893173218
   ],
   [
    -0.9678348302841187,
    0.0521279014647007,
    -0.24612675607204437
   ]
  ]
 },
 {
  "rotation_euler": [
   -0.20873188972473145,
   1.825140118598938,
   -0.9368260502815247
  ],
  "euler_order": "XYZ",
  "rotation_matrix": [
   [
    -0.14904095232486725,
    0.6693971753120422,
    0.7278009653091431
   ],
   [
    0.20271795988082886,
    0.7410728931427002,
    -0.6400909423828125
   ],
   [
    -0.967828631401062,
    0.052138570696115494,
    -0.24614903330802917
   ]
  ]
 },
 {
  "rotation_euler": [
   -0.2087172567844391,
   1.8251255750656128,
   1.135189175605774
  ],
  "euler_order": "XYZ",
  "rotation_matrix": [
   [
    -0.10616380721330643,
    -0.9715582132339478,
    0.21166928112506866
   ],
   [
    -0.2281007170677185,
    0.23099109530448914,
    0.9458399415016174
   ],
   [
    -0.9678322672843933,
    0.052132051438093185,
    -0.24613602459430695
   ]
  ]
 },
 {
  "rotation_euler": [
   -0.20871718227863312,
   1.825125813484192,
   0.9260081052780151
  ],
  "euler_order": "XYZ",
  "rotation_matrix": [
   [
    -0.15121684968471527,
    -0.9024121165275574,
    0.4034672677516937
   ],
   [
    -0.2010827511548996,
    0.42770856618881226,
    0.8812667727470398
   ],
   [
    -0.9678322076797485,
    0.05213208124041557,
    -0.24613624811172485
   ]
  ]
 }
]