[
 {
  "rotation_euler": [
   0.9058141708374023,
   0.31176286935806274,
   -2.5790762901306152
  ],
  "euler_order": "XYZ",
  "rotation_matrix": [
   [
    -0.8051378130912781,
    0.12489330023527145,
    -0.5797885656356812
   ],
   [
    -0.507607638835907,
    -0.650700032711029,
    0.5647335052490234
   ],
   [
    -0.3067370057106018,
    0.7489933967590332,
    0.5873000025749207
   ]
  ]
 },
 {
  "rotation_euler": [
   0.803748369216919,
   0.5282632112503052,
   -0.10627943277359009
  ],
  "euler_order": "XYZ",
  "rotation_matrix": [
   [
    0.858810544013977,
    0.4344586431980133,
    0.27145916223526
   ],
   [
    -0.09161911904811859,
    0.6516023278236389,
    -0.7530075311660767
   ],
   [
    -0.5040340423583984,
    0.6218199729919434,
    0.5994076728820801
   ]
  ]
 },
 {
  "rotation_euler": [
   0.6567263007164001,
   0.7172954082489014,
   2.3685407638549805
  ],
  "euler_order": "XYZ",
  "rotation_matrix": [
   [
    -0.5394041538238525,
    -0.8403331637382507,
    0.05369647592306137
   ],
   [
    0.5262466669082642,
    -0.28663888573646545,
    0.8005639314651489
   ],
   [
    -0.6573489308357239,
    0.46008509397506714,
    0.5968367457389832
   ]
  ]
 },
 {
  "rotation_euler": [
   0.6642702221870422,
   0.7123605608940125,
   -0.42319759726524353
  ],
  "euler_order": "XYZ",
  "rotation_matrix": [
   [
    0.6900546550750732,
    0.6907544136047363,
    0.21606232225894928
   ],
   [
    -0.31080979108810425,
    0.5524237751960754,
    -0.7734501957893372
   ],
   [
    -0.6536220908164978,
    0.46656861901283264,
    0.5958958268165588
   ]
  ]
 },
 {
  "rotation_euler": [
   0.7199140191078186,
   0.6738874912261963,
   2.7807414531707764
  ],
  "euler_order": "XYZ",
  "rotation_matrix": [
   [
    -0.7310767769813538,
    -0.6503973007202148,
    -0.2061798870563507
   ],
   [
    0.2758900821208954,
    -0.5581744909286499,
    0.7825125455856323
   ],
   [
    -0.6240283846855164,
    0.51519376039505,
    0.5875065326690674
   ]
  ]
 },
 {
  "rotation_euler": [
   0.2589566111564636,
   0.8971851468086243,
   -0.13058020174503326
  ],
  "euler_order": "XYZ",
  "rotation_matrix": [
   [
    0.6185016632080078,
    0.32430335879325867,
    0.7157394886016846
   ],
   [
    -0.08122625946998596,
    0.9323680400848389,
    -0.35226714611053467
   ],
   [
    -0.7815740704536438,
    0.15974095463752747,
    0.6030130982398987
   ]
  ]
 },
 {
  "rotation_euler": [
   0.712529718875885,
   0.6791630387306213,
   -0.3279433250427246
  ],
  "euler_order": "XYZ",
  "rotation_matrix": [
   [
    0.7366313338279724,
    0.6324970722198486,
    0.23941951990127563
   ],
   [
    -0.2506229877471924,
    0.584114670753479,
    -0.7720091938972473
   ],
   [
    -0.6281419992446899,
    0.508682131767273,
    0.5887954831123352
   ]
  ]
 },
 {
  "rotation_euler": [
   0.9067105650901794,
   0.2808378040790558,
   0.2931082248687744
  ],
  "euler_order": "XYZ",
  "rotation_matrix": [
   [
    0.9198448657989502,
    0.030871547758579254,
    0.39106568694114685
   ],
   [
    0.27761006355285645,
    0.6531141400337219,
    -0.7045385241508484
   ],
   [
    -0.27716073393821716,
    0.7566299438476562,
    0.5921934843063354
   ]
  ]
 },
 {
  "rotation_euler": [
   0.9081376791000366,
   -0.10325977206230164,
   2.306835651397705
  ],
  "euler_order": "XYZ",
  "rotation_matrix": [
   [
    -0.6677817702293396,
    -0.40140101313591003,
    0.6268530488014221
   ],
   [
    0.7371857166290283,
    -0.4732547998428345,
    0.4822728931903839
   ],
   [
    0.10307636857032776,
    0.7841601371765137,
    0.6119379997253418
   ]
  ]
 },
 {
  "rotation_euler": [
   0.7184282541275024,
   0.6748979091644287,
   -2.7861742973327637
  ],
  "euler_order": "XYZ",
  "rotation_matrix": [
   [
    -0.7319733500480652,
    -0.12357757985591888,
    -0.6700325608253479
   ],
   [
    -0.2716946303844452,
    -0.8488994240760803,
    0.45337823033332825
   ],
   [
    -0.6248176097869873,
    0.5139050483703613,
    0.5877963900566101
   ]
  ]
 },
 {
  "rotation_euler": [
   0.9060993194580078,
   0.3019804060459137,
   2.8485281467437744
  ],
  "euler_order": "XYZ",
  "rotation_matrix": [
   [
    -0.9140418171882629,
    -0.402304470539093,
    0.05175647884607315
   ],
   [
    0.27581506967544556,
    -0.5228946208953857,
    0.806540310382843
   ],
   [
    -0.29741159081459045,
    0.7514867782592773,
    0.5889091491699219
   ]
  ]
 },
 {
  "rotation_euler": [
   0.7198888659477234,
   0.673900306224823,
   1.89500892162323
  ],
  "euler_order": "XYZ",
  "rotation_matrix": [
   [
    -0.24892272055149078,
    -0.8437734246253967,
    0.4754827916622162
   ],
   [
    0.7406845092773438,
    0.15047405660152435,
    0.6547854542732239
   ],
   [
    -0.6240383982658386,
    0.5151737332344055,
    0.5875135064125061
   ]
  ]
 },
 {
  "rotation_euler": [
   0.7198909521102905,
   0.6738989353179932,
   -1.2777092456817627
  ],
  "euler_order": "XYZ",
  "rotation_matrix": [
   [
    0.22575193643569946,
    0.8386806845664978,
    -0.49563172459602356
   ],
   [
    -0.748073160648346,
    -0.1766604781150818,
    -0.6396698951721191
   ],
   [
    -0.6240373253822327,
    0.5151755213737488,
    0.5875130891799927
   ]
  ]
 },
 {
  "rotation_euler": [
   0.9068806767463684,
   0.274904727935791,
   2.121791362762451
  ],
  "euler_order": "XYZ",
  "rotation_matrix": [
   [
    -0.5038770437240601,
    -0.6369383335113525,
    0.5834530591964722
   ],
   [
    0.8200121521949768,
    -0.14045178890228271,
    0.5548453330993652
   ],
   [
    -0.2714552581310272,
    0.7580124139785767,
    0.5930676460266113
   ]
  ]
 },
 {
  "rotation_euler": [
   0.09874626994132996,
   0.04883650317788124,
   -1.1297105550765991
  ],
  "euler_order": "XYZ",
  "rotation_matrix": [
   [
    0.42641255259513855,
    0.9019380807876587,
    -0.06841054558753967
   ],
   [
    -0.9032105207443237,
    0.4204897880554199,
    -0.08601813018321991
   ],
   [
    -0.048817094415426254,
    0.09846833348274231,
    0.9939420819282532
   ]
  ]
 },
 {
  "rotation_euler": [
   0.8304924964904785,
   -0.31948402523994446,
   1.589276671409607
  ],
  "euler_order": "XYZ",
  "rotation_matrix": [
   [
    -0.017544196918606758,
    -0.6701122522354126,
    0.7420523762702942
   ],
   [
    0.9492354989051819,
    -0.2442963570356369,
    -0.19816984236240387
   ],
   [
    0.3140767514705658,
    0.7009057402610779,
    0.640380322933197
   ]
  ]
 }
]