[
 {
  "rotation_euler": [
   0.3925847113132477,
   -1.6801646947860718,
   0.4182257652282715
  ],
  "euler_order": "XYZ",
  "rotation_matrix": [
   [
    -0.09974288940429688,
    -0.7227569818496704,
    -0.6838667392730713
   ],
   [
    -0.04433034360408783,
    0.6898395419120789,
    -0.7226037979125977
   ],
   [
    0.9940252304077148,
    -0.04175854101777077,
    -0.10084665566682816
   ]
  ]
 },
 {
  "rotation_euler": [
   0.39259812235832214,
   -1.6801719665527344,
   -1.63318932056427
  ],
  "euler_order": "XYZ",
  "rotation_matrix": [
   [
    0.006806257180869579,
    0.9458333253860474,
    -0.3245813250541687
   ],
   [
    0.10894529521465302,
    0.3219553530216217,
    0.9404656887054443
   ],
   [
    0.9940244555473328,
    -0.04176265746355057,
    -0.10085277259349823
   ]
  ]
 },
 {
  "rotation_euler": [
   2.2738194465637207,
   1.6134873628616333,
   -0.30153369903564453
  ],
  "euler_order": "XYZ",
  "rotation_matrix": [
   [
    -0.04075252637267113,
    0.5357985496520996,
    -0.8433617949485779
   ],
   [
    0.01267474889755249,
    -0.8437178730964661,
    -0.5366372466087341
   ],
   [
    -0.9990888833999634,
    -0.03255872055888176,
    0.027592523023486137
   ]
  ]
 },
 {
  "rotation_euler": [
   0.3925981819629669,
   -1.680174469947815,
   0.6388538479804993
  ],
  "euler_order": "XYZ",
  "rotation_matrix": [
   [
    -0.08763157576322556,
    -0.8562102317810059,
    -0.509141206741333
   ],
   [
    -0.06508956849575043,
    0.5149367451667786,
    -0.8547534942626953
   ],
   [
    0.9940241575241089,
    -0.04176361858844757,
    -0.10085507482290268
   ]
  ]
 },
 {
  "rotation_euler": [
   -2.76057767868042,
   -1.4498260021209717,
   0.23224148154258728
  ],
  "euler_order": "XYZ",
  "rotation_matrix": [
   [
    0.11743571609258652,
    0.572888970375061,
    0.8111763596534729
   ],
   [
    0.027774600312113762,
    -0.8184036612510681,
    0.5739721655845642
   ],
   [
    0.9926919937133789,
    -0.04487473517656326,
    -0.11202158033847809
   ]
  ]
 },
 {
  "rotation_euler": [
   2.3095221519470215,
   1.6142935752868652,
   0.23570559918880463
  ],
  "euler_order": "XYZ",
  "rotation_matrix": [
   [
    -0.04228120669722557,
    0.875450611114502,
    -0.4814545810222626
   ],
   [
    -0.010154671967029572,
    -0.48223716020584106,
    -0.875981867313385
   ],
   [
    -0.9990541338920593,
    -0.03214855492115021,
    0.02927948161959648
   ]
  ]
 },
 {
  "rotation_euler": [
   0.39000022411346436,
   -1.6750212907791138,
   -2.5581464767456055
  ],
  "euler_order": "XYZ",
  "rotation_matrix": [
   [
    0.08682554215192795,
    0.8251072764396667,
    0.5582645535469055
   ],
   [
    0.05731397867202759,
    -0.563589870929718,
    0.8240640759468079
   ],
   [
    0.9945734739303589,
    -0.0395534448325634,
    -0.09622417390346527
   ]
  ]
 },
 {
  "rotation_euler": [
   -0.9623807668685913,
   1.5298527479171753,
   -1.022605061531067
  ],
  "euler_order": "XYZ",
  "rotation_matrix": [
   [
    0.021331554278731346,
    0.060546278953552246,
    0.9979374408721924
   ],
   [
    -0.03493429347872734,
    0.9976001381874084,
    -0.05977907031774521
   ],
   [
    -0.9991618990898132,
    -0.03358705714344978,
    0.02339550480246544
   ]
  ]
 },
 {
  "rotation_euler": [
   -0.792575478553772,
   1.5263197422027588,
   -0.11319264769554138
  ],
  "euler_order": "XYZ",
  "rotation_matrix": [
   [
    0.04417739063501358,
    -0.6276132464408875,
    0.7772708535194397
   ],
   [
    -0.005022022407501936,
    0.7778810858726501,
    0.628391444683075
   ],
   [
    -0.9990110993385315,
    -0.0316641665995121,
    0.03121286816895008
   ]
  ]
 },
 {
  "rotation_euler": [
   0.39034509658813477,
   -1.6776094436645508,
   -2.473090410232544
  ],
  "euler_order": "XYZ",
  "rotation_matrix": [
   [
    0.08366239070892334,
    0.8700896501541138,
    0.48574134707450867
   ],
   [
    0.06607816368341446,
    -0.4912213683128357,
    0.8685247302055359
   ],
   [
    0.994300901889801,
    -0.040565960109233856,
    -0.0985906794667244
   ]
  ]
 },
 {
  "rotation_euler": [
   0.3902209997177124,
   -1.675110101699829,
   -1.3338078260421753
  ],
  "euler_order": "XYZ",
  "rotation_matrix": [
   [
    -0.024446018040180206,
    0.8101538419723511,
    -0.585707426071167
   ],
   [
    0.10121434926986694,
    0.5848777294158936,
    0.8047817349433899
   ],
   [
    0.9945642352104187,
    -0.03960828483104706,
    -0.09629712253808975
   ]
  ]
 },
 {
  "rotation_euler": [
   -0.7938922047615051,
   1.526341199874878,
   -0.490275114774704
  ],
  "euler_order": "XYZ",
  "rotation_matrix": [
   [
    0.03920554369688034,
    -0.29835227131843567,
    0.9536502957344055
   ],
   [
    -0.020925629884004593,
    0.953929603099823,
    0.299299955368042
   ],
   [
    -0.9990120530128479,
    -0.031689949333667755,
    0.03115612082183361
   ]
  ]
 },
 {
  "rotation_euler": [
   0.3919244706630707,
   -1.678647756576538,
   2.3734874725341797
  ],
  "euler_order": "XYZ",
  "rotation_matrix": [
   [
    0.07741951942443848,
    -0.3689671456813812,
    0.9262124300003052
   ],
   [
    -0.07478715479373932,
    -0.9285325407981873,
    -0.363640159368515
   ],
   [
    0.9941896796226501,
    -0.04111593961715698,
    -0.09948054701089859
   ]
  ]
 },
 {
  "rotation_euler": [
   0.3738759160041809,
   -1.6978975534439087,
   -1.294089436531067
  ],
  "euler_order": "XYZ",
  "rotation_matrix": [
   [
    -0.03462928161025047,
    0.7965357899665833,
    -0.6035988330841064
   ],
   [
    0.12193740159273148,
    0.6028162240982056,
    0.788507342338562
   ],
   [
    0.9919335246086121,
    -0.046295829117298126,
    -0.11800260096788406
   ]
  ]
 },
 {
  "rotation_euler": [
   -0.7499088644981384,
   1.525231122970581,
   -1.7516695261001587
  ],
  "euler_order": "XYZ",
  "rotation_matrix": [
   [
    -0.00819382444024086,
    0.8422937393188477,
    0.5389565229415894
   ],
   [
    -0.04480639100074768,
    0.5381240248680115,
    -0.8416738510131836
   ],
   [
    -0.9989621043205261,
    -0.031045224517583847,
    0.03333084657788277
   ]
  ]
 },
 {
  "rotation_euler": [
   0.39257195591926575,
   -1.6802723407745361,
   -1.2667005062103271
  ],
  "euler_order": "XYZ",
  "rotation_matrix": [
   [
    -0.03271503001451492,
    0.7676703929901123,
    -0.6400092840194702
   ],
   [
    0.10424452275037766,
    0.6394803524017334,
    0.7617073059082031
   ],
   [
    0.9940134882926941,
    -0.0417981892824173,
    -0.10094605386257172
   ]
  ]
 }
]