[
 {
  "rotation_euler": [
   -1.9330459011257517e-08,
   -1.2094736323575717e-09,
   2.2532784938812256
  ],
  "euler_order": "XYZ",
  "rotation_matrix": [
   [
    -0.6307211518287659,
    -0.7760095596313477,
    -1.4237780732173633e-08
   ],
   [
    0.7760095596313477,
    -0.6307211518287659,
    -1.3130692089191598e-08
   ],
   [
    1.2094736323575717e-09,
    -1.9330459011257517e-08,
    1.0
   ]
  ]
 },
 {
  "rotation_euler": [
   4.004141374025494e-06,
   -9.101229920815967e-07,
   -2.4994421005249023
  ],
  "euler_order": "XYZ",
  "rotation_matrix": [
   [
    -0.8008096218109131,
    0.5989190340042114,
    -1.6693211364326999e-06
   ],
   [
    -0.5989190340042114,
    -0.8008096218109131,
    3.751644726435188e-06
   ],
   [
    9.101229920815967e-07,
    4.004141374025494e-06,
    1.0
   ]
  ]
 },
 {
  "rotation_euler": [
   -0.3584253787994385,
   -0.620428204536438,
   -0.7514454126358032
  ],
  "euler_order": "XYZ",
  "rotation_matrix": [
   [
    0.5945214629173279,
    0.788336992263794,
    -0.15833188593387604
   ],
   [
    -0.5554613471031189,
    0.5450315475463867,
    0.6280153393745422
   ],
   [
    0.5813835859298706,
    -0.28542134165763855,
    0.7619237303733826
   ]
  ]
 },
 {
  "rotation_euler": [
   1.4221783876419067,
   2.1713860034942627,
   0.03499031439423561
  ],
  "euler_order": "XYZ",
  "rotation_matrix": [
   [
    -0.5647831559181213,
    0.8102288246154785,
    0.156682088971138
   ],
   [
    -0.019770009443163872,
    0.17652387917041779,
    -0.9840977787971497
   ],
   [
    -0.8250024914741516,
    -0.558899462223053,
    -0.08367947489023209
   ]
  ]
 },
 {
  "rotation_euler": [
   0.18215332925319672,
   -1.127888560295105,
   -1.974916934967041
  ],
  "euler_order": "XYZ",
  "rotation_matrix": [
   [
    -0.1685175597667694,
    0.9685932993888855,
    0.1828356236219406
   ],
   [
    -0.3940466642379761,
    -0.23622016608715057,
    0.8882157802581787
   ],
   [
    0.9035093188285828,
    0.07763419300317764,
    0.42147818207740784
   ]
  ]
 },
 {
  "rotation_euler": [
   -1.9070154428482056,
   1.9294060468673706,
   0.2431013137102127
  ],
  "euler_order": "XYZ",
  "rotation_matrix": [
   [
    -0.3406527638435364,
    -0.7785481810569763,
    -0.5270848274230957
   ],
   [
    -0.08448401838541031,
    -0.5329999327659607,
    0.8418868780136108
   ],
   [
    -0.9363856911659241,
    0.3313213586807251,
    0.11579301953315735
   ]
  ]
 },
 {
  "rotation_euler": [
   2.796827793121338,
   0.41659706830978394,
   0.031414538621902466
  ],
  "euler_order": "XYZ",
  "rotation_matrix": [
   [
    0.9140200614929199,
    0.1662556529045105,
    -0.37003570795059204
   ],
   [
    0.028722966089844704,
    -0.936394989490509,
    -0.34977054595947266
   ],
   [
    -0.4046509265899658,
    0.3090687692165375,
    -0.860659122467041
   ]
  ]
 },
 {
  "rotation_euler": [
   1.5602055788040161,
   2.0781030654907227,
   -0.7225443720817566
  ],
  "euler_order": "XYZ",
  "rotation_matrix": [
   [
    -0.3644297122955322,
    0.6626185774803162,
    -0.6543146371841431
   ],
   [
    0.3212738037109375,
    -0.5700326561927795,
    -0.7562049627304077
   ],
   [
    -0.8740561008453369,
    -0.4857977032661438,
    -0.005145153496414423
   ]
  ]
 },
 {
  "rotation_euler": [
   -1.9445934295654297,
   -0.42701074481010437,
   0.07657536119222641
  ],
  "euler_order": "XYZ",
  "rotation_matrix": [
   [
    0.907540500164032,
    0.4123581647872925,
    0.07956759631633759
   ],
   [
    0.06963139772415161,
    -0.33458784222602844,
    0.9397885203361511
   ],
   [
    0.4141518175601959,
    -0.8473557233810425,
    -0.3323650658130646
   ]
  ]
 },
 {
  "rotation_euler": [
   -0.8185775876045227,
   -1.2178797721862793,
   2.3600447177886963
  ],
  "euler_order": "XYZ",
  "rotation_matrix": [
   [
    -0.24534080922603607,
    -0.967626690864563,
    -0.05921587720513344
   ],
   [
    0.2434588074684143,
    -0.002373233437538147,
    -0.9699083566665649
   ],
   [
    0.9383686184883118,
    -0.25237470865249634,
    0.23615948855876923
   ]
  ]
 },
 {
  "rotation_euler": [
   -1.162255048751831,
   -0.9623641967773438,
   2.4567737579345703
  ],
  "euler_order": "XYZ",
  "rotation_matrix": [
   [
    -0.44270920753479004,
    -0.8345227241516113,
    -0.32799452543258667
   ],
   [
    0.36154410243034363,
    0.16860710084438324,
    -0.9169828295707703
   ],
   [
    0.8205451965332031,
    -0.5245412588119507,
    0.22707286477088928
   ]
  ]
 },
 {
  "rotation_euler": [
   -2.3663952350616455,
   -0.627569317817688,
   0.9084650278091431
  ],
  "euler_order": "XYZ",
  "rotation_matrix": [
   [
    0.49778124690055847,
    0.8159666657447815,
    -0.2939595878124237
   ],
   [
    0.6383061408996582,
    -0.1152009591460228,
    0.761113703250885
   ],
   [
    0.5871789455413818,
    -0.5665043592453003,
    -0.5781813859939575
   ]
  ]
 },
 {
  "rotation_euler": [
   -1.928403615951538,
   1.7067937850952148,
   -0.9544992446899414
  ],
  "euler_order": "XYZ",
  "rotation_matrix": [
   [
    -0.07836681604385376,
    -0.8220871090888977,
    0.5639427304267883
   ],
   [
    0.11063546687364578,
    0.5550165772438049,
    0.8244491815567017
   ],
   [
    -0.9907665848731995,
    0.12700152397155762,
    0.04745711386203766
   ]
  ]
 },
 {
  "rotation_euler": [
   1.5479828119277954,
   2.673635959625244,
   -0.4509066641330719
  ],
  "euler_order": "XYZ",
  "rotation_matrix": [
   [
    -0.8032893538475037,
    0.415816068649292,
    -0.4264073073863983
   ],
   [
    0.38893166184425354,
    -0.17598256468772888,
    -0.9043021202087402
   ],
   [
    -0.4510636031627655,
    -0.8922595977783203,
    -0.020359108224511147
   ]
  ]
 },
 {
  "rotation_euler": [
   0.37354859709739685,
   -2.6654367446899414,
   0.3321513831615448
  ],
  "euler_order": "XYZ",
  "rotation_matrix": [
   [
    -0.840186357498169,
    -0.46171602606773376,
    -0.2844384014606476
   ],
   [
    -0.2898058295249939,
    0.8256082534790039,
    -0.48413175344467163
   ],
   [
    0.4583660960197449,
    -0.3243289887905121,
    -0.8274728059768677
   ]
  ]
 },
 {
  "rotation_euler": [
   -3.0338571071624756,
   1.0100890398025513,
   -0.15136639773845673
  ],
  "euler_order": "XYZ",
  "rotation_matrix": [
   [
    0.5257048606872559,
    -0.23993617296218872,
    -0.8161280751228333
   ],
   [
    -0.08018740266561508,
    -0.9691031575202942,
    0.2332575023174286
   ],
   [
    -0.8468791842460632,
    -0.05718141421675682,
    -0.5287020802497864
   ]
  ]
 }
]