[
 {
  "rotation_euler": [
   1.186776876449585,
   0.245219424366951,
   2.268042802810669
  ],
  "euler_order": "XYZ",
  "rotation_matrix": [
   [
    -0.6228999495506287,
    -0.43174245953559875,
    0.6523757576942444
   ],
   [
    0.7436792254447937,
    -0.06801138073205948,
    0.6650681495666504
   ],
   [
    -0.24276919662952423,
    0.899429202079773,
    0.36344218254089355
   ]
  ]
 },
 {
  "rotation_euler": [
   1.186774730682373,
   -0.244611456990242,
   2.934573173522949
  ],
  "euler_order": "XYZ",
  "rotation_matrix": [
   [
    -0.9495149850845337,
    0.1427384465932846,
    0.27936890721321106
   ],
   [
    0.19942520558834076,
    -0.4128054678440094,
    0.8887189030647278
   ],
   [
    0.24217936396598816,
    0.8995651006698608,
    0.36349934339523315
   ]
  ]
 },
 {
  "rotation_euler": [
   1.1075493097305298,
   0.16634032130241394,
   1.1459875106811523
  ],
  "euler_order": "XYZ",
  "rotation_matrix": [
   [
    0.4064578711986542,
    -0.3460889458656311,
    0.845585286617279
   ],
   [
    0.8985416889190674,
    0.3191280663013458,
    -0.3012973964214325
   ],
   [
    -0.16557429730892181,
    0.8822582960128784,
    0.4406874477863312
   ]
  ]
 },
 {
  "rotation_euler": [
   1.0729973316192627,
   -0.007399666588753462,
   -2.7802045345306396
  ],
  "euler_order": "XYZ",
  "rotation_matrix": [
   [
    -0.935381293296814,
    0.17491017282009125,
    -0.3073568344116211
   ],
   [
    -0.3535633385181427,
    -0.44435131549835205,
    0.8231311440467834
   ],
   [
    0.007399599067866802,
    0.8786116242408752,
    0.4774797558784485
   ]
  ]
 },
 {
  "rotation_euler": [
   1.186777114868164,
   0.2452193945646286,
   0.3479307293891907
  ],
  "euler_order": "XYZ",
  "rotation_matrix": [
   [
    0.9119569063186646,
    0.08386208862066269,
    0.40162393450737
   ],
   [
    0.3307533264160156,
    0.42894530296325684,
    -0.8405998945236206
   ],
   [
    -0.24276916682720184,
    0.8994293212890625,
    0.36344197392463684
   ]
  ]
 },
 {
  "rotation_euler": [
   1.071256399154663,
   -0.08566471934318542,
   -1.286407709121704
  ],
  "euler_order": "XYZ",
  "rotation_matrix": [
   [
    0.27954182028770447,
    0.4387088418006897,
    -0.8540438413619995
   ],
   [
    -0.9563136696815491,
    0.20648756623268127,
    -0.2069469392299652
   ],
   [
    0.08555998653173447,
    0.8745841383934021,
    0.4772651791572571
   ]
  ]
 },
 {
  "rotation_euler": [
   1.072575569152832,
   -0.024166813120245934,
   -0.5316246747970581
  ],
  "euler_order": "XYZ",
  "rotation_matrix": [
   [
    0.8617329001426697,
    0.2239481508731842,
    -0.455262154340744
   ],
   [
    -0.5067864060401917,
    0.42267149686813354,
    -0.7513430118560791
   ],
   [
    0.024164460599422455,
    0.8781777024269104,
    0.4777238070964813
   ]
  ]
 },
 {
  "rotation_euler": [
   1.1867746114730835,
   -0.24461165070533752,
   -1.635356068611145
  ],
  "euler_order": "XYZ",
  "rotation_matrix": [
   [
    -0.06259439140558243,
    0.3883579969406128,
    -0.919380247592926
   ],
   [
    -0.9682102203369141,
    0.19990207254886627,
    0.1503600925207138
   ],
   [
    0.24217955768108368,
    0.8995650410652161,
    0.3634994328022003
   ]
  ]
 },
 {
  "rotation_euler": [
   1.1867746114730835,
   -0.2446117103099823,
   2.8022024631500244
  ],
  "euler_order": "XYZ",
  "rotation_matrix": [
   [
    -0.9148873686790466,
    0.08700598776340485,
    0.3942221403121948
   ],
   [
    0.32300180196762085,
    -0.42803359031677246,
    0.8440717458724976
   ],
   [
    0.24217961728572845,
    0.8995649814605713,
    0.3634994328022003
   ]
  ]
 },
 {
  "rotation_euler": [
   1.072226881980896,
   0.041202906519174576,
   0.8293882012367249
  ],
  "euler_order": "XYZ",
  "rotation_matrix": [
   [
    0.6747539639472961,
    -0.32822760939598083,
    0.6610398888587952
   ],
   [
    0.7368924021720886,
    0.3496020436286926,
    -0.5785914063453674
   ],
   [
    -0.04119125008583069,
    0.8775221109390259,
    0.4777637720108032
   ]
  ]
 },
 {
  "rotation_euler": [
   1.1867772340774536,
   0.24521930515766144,
   0.9868444204330444
  ],
  "euler_order": "XYZ",
  "rotation_matrix": [
   [
    0.5348318815231323,
    -0.18847043812274933,
    0.8236709237098694
   ],
   [
    0.8093318343162537,
    0.3943421244621277,
    -0.4352886974811554
   ],
   [
    -0.24276907742023468,
    0.8994293808937073,
    0.3634418547153473
   ]
  ]
 },
 {
  "rotation_euler": [
   1.186777114868164,
   0.2452193647623062,
   -2.2994771003723145
  ],
  "euler_order": "XYZ",
  "rotation_matrix": [
   [
    -0.6459653973579407,
    0.12962639331817627,
    -0.7522802948951721
   ],
   [
    -0.7237346172332764,
    -0.41740137338638306,
    0.5495309233665466
   ],
   [
    -0.24276913702487946,
    0.8994293212890625,
    0.36344197392463684
   ]
  ]
 },
 {
  "rotation_euler": [
   1.1867810487747192,
   0.24522177875041962,
   -0.0347684845328331
  ],
  "euler_order": "XYZ",
  "rotation_matrix": [
   [
    0.9694972038269043,
    0.23797711730003357,
    0.05866874381899834
   ],
   [
    -0.03372154012322426,
    0.36659544706344604,
    -0.9297691583633423
   ],
   [
    -0.2427714765071869,
    0.8994302153587341,
    0.363438218832016
   ]
  ]
 },
 {
  "rotation_euler": [
   1.1867880821228027,
   -0.24460835754871368,
   -0.17712712287902832
  ],
  "euler_order": "XYZ",
  "rotation_matrix": [
   [
    0.9550519585609436,
    -0.15501320362091064,
    -0.2526789903640747
   ],
   [
    -0.17095722258090973,
    0.4083424210548401,
    -0.8966772556304932
   ],
   [
    0.242176353931427,
    0.899570643901825,
    0.3634876012802124
   ]
  ]
 },
 {
  "rotation_euler": [
   1.1867769956588745,
   0.2452193945646286,
   1.1205580234527588
  ],
  "euler_order": "XYZ",
  "rotation_matrix": [
   [
    0.4221612811088562,
    -0.23936018347740173,
    0.8743492364883423
   ],
   [
    0.873408854007721,
    0.3656961917877197,
    -0.3215949535369873
   ],
   [
    -0.24276916682720184,
    0.8994292616844177,
    0.363442063331604
   ]
  ]
 },
 {
  "rotation_euler": [
   1.1867526769638062,
   0.24526990950107574,
   -0.8863103985786438
  ],
  "euler_order": "XYZ",
  "rotation_matrix": [
   [
    0.6133520007133484,
    0.4326198399066925,
    -0.6607869863510132
   ],
   [
    -0.7515575289726257,
    0.062477439641952515,
    -0.6567022800445557
   ],
   [
    -0.24281816184520721,
    0.8994090557098389,
    0.36345934867858887
   ]
  ]
 }
]