[
 {
  "rotation_euler": [
   -3.755989155251882e-07,
   -7.499779894715175e-05,
   -2.421558380126953
  ],
  "euler_order": "XYZ",
  "rotation_matrix": [
   [
    -0.7517831325531006,
    0.6594104170799255,
    5.6629753089509904e-05
   ],
   [
    -0.6594104170799255,
    -0.7517831325531006,
    4.917196201859042e-05
   ],
   [
    7.499779894715175e-05,
    -3.755989155251882e-07,
    1.0
   ]
  ]
 },
 {
  "rotation_euler": [
   5.385722488426836e-06,
   -4.4568560042534955e-06,
   -1.7511918544769287
  ],
  "euler_order": "XYZ",
  "rotation_matrix": [
   [
    -0.17941869795322418,
    0.9837728142738342,
    -4.498684120335383e-06
   ],
   [
    -0.9837728142738342,
    -0.17941869795322418,
    5.350832907424774e-06
   ],
   [
    4.4568560042534955e-06,
    5.385722488426836e-06,
    1.0
   ]
  ]
 },
 {
  "rotation_euler": [
   8.187046205421211e-07,
   -7.9937199188862e-05,
   -1.989402174949646
  ],
  "euler_order": "XYZ",
  "rotation_matrix": [
   [
    -0.4064870774745941,
    0.9136565327644348,
    3.17454214382451e-05
   ],
   [
    -0.9136565327644348,
    -0.4064870774745941,
    7.336793350987136e-05
   ],
   [
    7.9937199188862e-05,
    8.187046205421211e-07,
    1.0
   ]
  ]
 },
 {
  "rotation_euler": [
   5.053872519056313e-05,
   -5.904457430006005e-05,
   0.5706143379211426
  ],
  "euler_order": "XYZ",
  "rotation_matrix": [
   [
    0.8415693044662476,
    -0.5401491522789001,
    -2.239165041828528e-05
   ],
   [
    0.5401491522789001,
    0.8415693044662476,
    -7.442471542162821e-05
   ],
   [
    5.904457430006005e-05,
    5.053872519056313e-05,
    1.0
   ]
  ]
 },
 {
  "rotation_euler": [
   1.1702155688908533e-06,
   -7.890613778727129e-05,
   3.044271230697632
  ],
  "euler_order": "XYZ",
  "rotation_matrix": [
   [
    -0.9952679872512817,
    -0.09716786444187164,
    7.864645886002108e-05
   ],
   [
    0.09716786444187164,
    -0.9952679872512817,
    -6.50246283839806e-06
   ],
   [
    7.890613778727129e-05,
    1.1702155688908533e-06,
    1.0
   ]
  ]
 },
 {
  "rotation_euler": [
   4.293997699278407e-05,
   -7.35258508939296e-05,
   -1.2610158920288086
  ],
  "euler_order": "XYZ",
  "rotation_matrix": [
   [
    0.3048495352268219,
    0.9524005055427551,
    -6.331037729978561e-05
   ],
   [
    -0.9524005055427551,
    0.3048495352268219,
    5.693582716048695e-05
   ],
   [
    7.35258508939296e-05,
    4.293997699278407e-05,
    1.0
   ]
  ]
 },
 {
  "rotation_euler": [
   5.053390850662254e-05,
   -5.909408719162457e-05,
   -0.9747198820114136
  ],
  "euler_order": "XYZ",
  "rotation_matrix": [
   [
    0.5613998770713806,
    0.8275446891784668,
    -7.499448111047968e-05
   ],
   [
    -0.8275446891784668,
    0.5613998770713806,
    2.0533265342237428e-05
   ],
   [
    5.909408719162457e-05,
    5.053390850662254e-05,
    1.0
   ]
  ]
 },
 {
  "rotation_euler": [
   5.569157292484306e-05,
   -6.716451025567949e-05,
   2.7618045806884766
  ],
  "euler_order": "XYZ",
  "rotation_matrix": [
   [
    -0.9287432432174683,
    -0.3707236349582672,
    8.302476635435596e-05
   ],
   [
    0.3707236647605896,
    -0.9287432432174683,
    2.6823698135558516e-05
   ],
   [
    6.716451025567949e-05,
    5.569157292484306e-05,
    1.0
   ]
  ]
 },
 {
  "rotation_euler": [
   5.570601570070721e-05,
   -6.712344475090504e-05,
   -2.8926315307617188
  ],
  "euler_order": "XYZ",
  "rotation_matrix": [
   [
    -0.9691689014434814,
    0.2463972419500351,
    5.1328148401807994e-05
   ],
   [
    -0.2463972419500351,
    -0.9691689014434814,
    7.05275742802769e-05
   ],
   [
    6.712344475090504e-05,
    5.570601570070721e-05,
    1.0
   ]
  ]
 },
 {
  "rotation_euler": [
   2.9303180326678557e-07,
   -7.5852258305531e-05,
   2.767228126525879
  ],
  "euler_order": "XYZ",
  "rotation_matrix": [
   [
    -0.9307401776313782,
    -0.36568114161491394,
    7.070590072544292e-05
   ],
   [
    0.36568114161491394,
    -0.9307401776313782,
    -2.746500467765145e-05
   ],
   [
    7.5852258305531e-05,
    2.9303180326678557e-07,
    1.0
   ]
  ]
 },
 {
  "rotation_euler": [
   5.402907390816836e-06,
   -4.4013058868586086e-06,
   0.2775234580039978
  ],
  "euler_order": "XYZ",
  "rotation_matrix": [
   [
    0.9617369174957275,
    -0.2739747166633606,
    -2.7526382382347947e-06
   ],
   [
    0.2739747166633606,
    0.9617369174957275,
    -6.402021881513065e-06
   ],
   [
    4.4013058868586086e-06,
    5.402907390816836e-06,
    1.0
   ]
  ]
 },
 {
  "rotation_euler": [
   2.0913871594530065e-06,
   -7.939120405353606e-05,
   1.3145244121551514
  ],
  "euler_order": "XYZ",
  "rotation_matrix": [
   [
    0.25347599387168884,
    -0.9673416614532471,
    -1.810067806218285e-05
   ],
   [
    0.9673416614532471,
    0.25347599387168884,
    -7.732853555353358e-05
   ],
   [
    7.939120405353606e-05,
    2.0913871594530065e-06,
    1.0
   ]
  ]
 },
 {
  "rotation_euler": [
   4.972915235157416e-07,
   -7.083258242346346e-05,
   -2.359785556793213
  ],
  "euler_order": "XYZ",
  "rotation_matrix": [
   [
    -0.7096414566040039,
    0.7045629620552063,
    4.9915364797925577e-05
   ],
   [
    -0.7045629620552063,
    -0.7096414566040039,
    5.0258913688594475e-05
   ],
   [
    7.083258242346346e-05,
    4.972915235157416e-07,
    1.0
   ]
  ]
 },
 {
  "rotation_euler": [
   5.0590504542924464e-05,
   -6.299866799963638e-05,
   0.2206529974937439
  ],
  "euler_order": "XYZ",
  "rotation_matrix": [
   [
    0.9757547378540039,
    -0.21886684000492096,
    -5.0398666644468904e-05
   ],
   [
    0.21886684000492096,
    0.9757547378540039,
    -6.315224163699895e-05
   ],
   [
    6.299866799963638e-05,
    5.0590504542924464e-05,
    1.0
   ]
  ]
 },
 {
  "rotation_euler": [
   8.568889597881935e-07,
   -7.985432603163645e-05,
   -2.169916868209839
  ],
  "euler_order": "XYZ",
  "rotation_matrix": [
   [
    -0.5639163851737976,
    0.8258318901062012,
    4.432351852301508e-05
   ],
   [
    -0.8258318901062012,
    -0.5639163851737976,
    6.642946391366422e-05
   ],
   [
    7.985432603163645e-05,
    8.568889597881935e-07,
    1.0
   ]
  ]
 },
 {
  "rotation_euler": [
   5.06157630297821e-05,
   -6.29091591690667e-05,
   -2.030179977416992
  ],
  "euler_order": "XYZ",
  "rotation_matrix": [
   [
    -0.443395733833313,
    0.896325945854187,
    -1.7474569176556543e-05
   ],
   [
    -0.896325945854187,
    -0.443395733833313,
    7.882992940722033e-05
   ],
   [
    6.29091591690667e-05,
    5.06157630297821e-05,
    1.0
   ]
  ]
 }
]