[
 {
  "rotation_euler": [
   0.0015140443574637175,
   -3.809783208907902e-07,
   -0.4855159521102905
  ],
  "euler_order": "XYZ",
  "rotation_matrix": [
   [
    0.8844342827796936,
    0.46666422486305237,
    -0.0007068878039717674
   ],
   [
    -0.46666476130485535,
    0.8844332695007324,
    -0.0013388944789767265
   ],
   [
    3.809783208907902e-07,
    0.0015140437753871083,
    0.9999988675117493
   ]
  ]
 },
 {
  "rotation_euler": [
   1.4868711233139038,
   4.953757866132946e-07,
   0.03800465911626816
  ],
  "euler_order": "XYZ",
  "rotation_matrix": [
   [
    0.9992778897285461,
    -0.003184545785188675,
    0.03786182031035423
   ],
   [
    0.037995509803295135,
    0.08376620709896088,
    -0.9957607984542847
   ],
   [
    -4.953757866132946e-07,
    0.9964803457260132,
    0.08382672071456909
   ]
  ]
 },
 {
  "rotation_euler": [
   0.0015153156127780676,
   -7.290496455425455e-07,
   -0.8367313146591187
  ],
  "euler_order": "XYZ",
  "rotation_matrix": [
   [
    0.6698932647705078,
    0.7424565553665161,
    -0.0011255452409386635
   ],
   [
    -0.7424574494361877,
    0.6698924899101257,
    -0.0010145580163225532
   ],
   [
    7.290496455425455e-07,
    0.0015153150307014585,
    0.9999988675117493
   ]
  ]
 },
 {
  "rotation_euler": [
   -1.4842182397842407,
   -1.218971235061872e-08,
   -2.871366500854492
  ],
  "euler_order": "XYZ",
  "rotation_matrix": [
   [
    -0.9637105464935303,
    0.023083092644810677,
    0.2659495174884796
   ],
   [
    -0.2669493854045868,
    -0.08333202451467514,
    -0.9601009488105774
   ],
   [
    1.218971235061872e-08,
    -0.9962544441223145,
    0.08646996319293976
   ]
  ]
 },
 {
  "rotation_euler": [
   0.001514903735369444,
   6.620819590352767e-07,
   -1.9643815755844116
  ],
  "euler_order": "XYZ",
  "rotation_matrix": [
   [
    -0.3835020065307617,
    0.9235389828681946,
    -0.0013993276515975595
   ],
   [
    -0.9235400557518005,
    -0.3835015594959259,
    0.0005803569220006466
   ],
   [
    -6.620819590352767e-07,
    0.0015149031532928348,
    0.9999988675117493
   ]
  ]
 },
 {
  "rotation_euler": [
   0.0015288632130250335,
   3.4994836823898368e-06,
   -2.6328325271606445
  ],
  "euler_order": "XYZ",
  "rotation_matrix": [
   [
    -0.873349130153656,
    0.4870941936969757,
    -0.0007477572653442621
   ],
   [
    -0.48709478974342346,
    -0.8733481168746948,
    0.001333526219241321
   ],
   [
    -3.4994836823898368e-06,
    0.0015288626309484243,
    0.9999988079071045
   ]
  ]
 },
 {
  "rotation_euler": [
   -1.4842183589935303,
   1.7838523547197838e-07,
   -2.9309933185577393
  ],
  "euler_order": "XYZ",
  "rotation_matrix": [
   [
    -0.977905809879303,
    0.018076352775096893,
    0.20826302468776703
   ],
   [
    -0.20904603600502014,
    -0.08455932885408401,
    -0.9742430448532104
   ],
   [
    -1.7838523547197838e-07,
    -0.9962544441223145,
    0.08646984398365021
   ]
  ]
 },
 {
  "rotation_euler": [
   0.0015273140743374825,
   2.1088872017571703e-06,
   -2.6308488845825195
  ],
  "euler_order": "XYZ",
  "rotation_matrix": [
   [
    -0.8723811507225037,
    0.48882564902305603,
    -0.00074843066977337
   ],
   [
    -0.4888262450695038,
    -0.8723801374435425,
    0.0013313686940819025
   ],
   [
    -2.1088872017571703e-06,
    0.0015273134922608733,
    0.9999988079071045
   ]
  ]
 },
 {
  "rotation_euler": [
   1.4868711233139038,
   -2.7902033252757974e-06,
   -2.9363317489624023
  ],
  "euler_order": "XYZ",
  "rotation_matrix": [
   [
    -0.9790078401565552,
    0.017088500782847404,
    -0.20310498774051666
   ],
   [
    -0.20382259786128998,
    -0.08206644654273987,
    0.9755620956420898
   ],
   [
    2.7902033252757974e-06,
    0.9964803457260132,
    0.08382672071456909
   ]
  ]
 },
 {
  "rotation_euler": [
   -1.4842182397842407,
   -2.1213063519098796e-06,
   -2.5383899211883545
  ],
  "euler_order": "XYZ",
  "rotation_matrix": [
   [
    -0.8235229849815369,
    0.0490511916577816,
    0.5651582479476929
   ],
   [
    -0.5672829151153564,
    -0.07121120393276215,
    -0.8204383254051208
   ],
   [
    2.1213063519098796e-06,
    -0.9962544441223145,
    0.08646996319293976
   ]
  ]
 },
 {
  "rotation_euler": [
   0.0015129856765270233,
   6.147701697045704e-06,
   -0.9217997193336487
  ],
  "euler_order": "XYZ",
  "rotation_matrix": [
   [
    0.6043873429298401,
    0.7966897487640381,
    -0.0012016654945909977
   ],
   [
    -0.7966906428337097,
    0.6043866276741028,
    -0.0009193267906084657
   ],
   [
    -6.147701697045704e-06,
    0.0015129850944504142,
    0.9999988675117493
   ]
  ]
 },
 {
  "rotation_euler": [
   1.486872673034668,
   -6.875233271586012e-09,
   -2.8582770824432373
  ],
  "euler_order": "XYZ",
  "rotation_matrix": [
   [
    -0.9601339101791382,
    0.023432543501257896,
    -0.2785567343235016
   ],
   [
    -0.2795405685901642,
    -0.08048338443040848,
    0.9567546844482422
   ],
   [
    6.875233271586012e-09,
    0.9964804649353027,
    0.08382517099380493
   ]
  ]
 },
 {
  "rotation_euler": [
   0.00151584402192384,
   -2.5544527488818858e-06,
   1.3030140399932861
  ],
  "euler_order": "XYZ",
  "rotation_matrix": [
   [
    0.2645934224128723,
    -0.964358925819397,
    0.0014611430233344436
   ],
   [
    0.9643600583076477,
    0.26459309458732605,
    -0.0004035455931443721
   ],
   [
    2.5544527488818858e-06,
    0.001515843439847231,
    0.9999988675117493
   ]
  ]
 },
 {
  "rotation_euler": [
   -0.029926961287856102,
   2.5616005586925894e-05,
   1.5987865924835205
  ],
  "euler_order": "XYZ",
  "rotation_matrix": [
   [
    -0.027986610308289528,
    -0.999160647392273,
    -0.02991149015724659
   ],
   [
    0.9996082782745361,
    -0.027974845841526985,
    -0.0008118347031995654
   ],
   [
    -2.5616005586925894e-05,
    -0.029922494664788246,
    0.9995522499084473
   ]
  ]
 },
 {
  "rotation_euler": [
   0.0015226831892505288,
   1.3698744396606344e-06,
   1.3748103380203247
  ],
  "euler_order": "XYZ",
  "rotation_matrix": [
   [
    0.19473373889923096,
    -0.9808549880981445,
    0.001493799383752048
   ],
   [
    0.9808561205863953,
    0.19473351538181305,
    -0.00029517404618673027
   ],
   [
    -1.3698744396606344e-06,
    0.0015226826071739197,
    0.9999988675117493
   ]
  ]
 },
 {
  "rotation_euler": [
   1.4868723154067993,
   1.8439091320487933e-07,
   -3.083669662475586
  ],
  "euler_order": "XYZ",
  "rotation_matrix": [
   [
    -0.9983229041099548,
    0.0048525272868573666,
    -0.05768687278032303
   ],
   [
    -0.05789060890674591,
    -0.08368495851755142,
    0.9948092699050903
   ],
   [
    -1.8439091320487933e-07,
    0.9964804649353027,
    0.08382552862167358
   ]
  ]
 }
]