[
 {
  "rotation_euler": [
   4.375179116777872e-07,
   3.5676347920343687e-07,
   2.0566153526306152
  ],
  "euler_order": "XYZ",
  "rotation_matrix": [
   [
    -0.4669327735900879,
    -0.8842928409576416,
    2.2030938851003157e-07
   ],
   [
    0.8842928409576416,
    -0.4669327735900879,
    5.197748578211758e-07
   ],
   [
    -3.5676347920343687e-07,
    4.375179116777872e-07,
    1.0
   ]
  ]
 },
 {
  "rotation_euler": [
   1.1756673075069557e-06,
   4.8444054101537404e-08,
   2.029675006866455
  ],
  "euler_order": "XYZ",
  "rotation_matrix": [
   [
    -0.4429430663585663,
    -0.8965497612953186,
    1.032586283145065e-06
   ],
   [
    0.8965497612953186,
    -0.4429430663585663,
    5.641861662297742e-07
   ],
   [
    -4.8444054101537404e-08,
    1.1756673075069557e-06,
    1.0
   ]
  ]
 },
 {
  "rotation_euler": [
   1.5707688331604004,
   -1.499108475400135e-05,
   -2.7345290184020996
  ],
  "euler_order": "XYZ",
  "rotation_matrix": [
   [
    -0.9182873368263245,
    2.4651255444041453e-05,
    -0.39591461420059204
   ],
   [
    -0.39591461420059204,
    -1.9311866708449088e-05,
    0.9182873368263245
   ],
   [
    1.499108475400135e-05,
    1.0,
    2.7493633751873858e-05
   ]
  ]
 },
 {
  "rotation_euler": [
   1.06794675502897e-06,
   5.260001216811361e-07,
   -0.11986953765153885
  ],
  "euler_order": "XYZ",
  "rotation_matrix": [
   [
    0.9928242564201355,
    0.11958268284797668,
    3.9451774114240834e-07
   ],
   [
    -0.11958268284797668,
    0.9928242564201355,
    -1.1231838925596094e-06
   ],
   [
    -5.260001216811361e-07,
    1.06794675502897e-06,
    1.0
   ]
  ]
 },
 {
  "rotation_euler": [
   -8.128765216497413e-07,
   1.004182337283055e-07,
   -0.5061032772064209
  ],
  "euler_order": "XYZ",
  "rotation_matrix": [
   [
    0.874640166759491,
    0.4847727119922638,
    4.818901970793377e-07
   ],
   [
    -0.4847727119922638,
    0.874640166759491,
    6.622944397349784e-07
   ],
   [
    -1.004182337283055e-07,
    -8.128765216497413e-07,
    1.0
   ]
  ]
 },
 {
  "rotation_euler": [
   -7.337411602748034e-07,
   3.6031923400514643e-07,
   0.31888067722320557
  ],
  "euler_order": "XYZ",
  "rotation_matrix": [
   [
    0.9495869278907776,
    -0.31350386142730713,
    1.1212374317892682e-07
   ],
   [
    0.31350386142730713,
    0.9495869278907776,
    8.09712503269111e-07
   ],
   [
    -3.6031923400514643e-07,
    -7.337411602748034e-07,
    1.0
   ]
  ]
 },
 {
  "rotation_euler": [
   1.6284072898997692e-06,
   9.943063332684687e-07,
   -1.4375460147857666
  ],
  "euler_order": "XYZ",
  "rotation_matrix": [
   [
    0.1328563392162323,
    0.99113529920578,
    -1.481872004660545e-06
   ],
   [
    -0.99113529920578,
    0.1328563392162323,
    -1.2018363122479059e-06
   ],
   [
    -9.943063332684687e-07,
    1.6284072898997692e-06,
    1.0
   ]
  ]
 },
 {
  "rotation_euler": [
   9.935547495842911e-07,
   6.108763273005025e-08,
   2.2073922157287598
  ],
  "euler_order": "XYZ",
  "rotation_matrix": [
   [
    -0.5944615602493286,
    -0.8041239976882935,
    7.626269962202059e-07
   ],
   [
    0.8041239976882935,
    -0.5944615602493286,
    6.397521588041855e-07
   ],
   [
    -6.108763273005025e-08,
    9.935547495842911e-07,
    1.0
   ]
  ]
 },
 {
  "rotation_euler": [
   -1.0764111948446953e-06,
   -6.199196036504873e-07,
   -0.7593732476234436
  ],
  "euler_order": "XYZ",
  "rotation_matrix": [
   [
    0.7252676486968994,
    0.6884670257568359,
    2.914659660291363e-07
   ],
   [
    -0.6884670257568359,
    0.7252676486968994,
    1.2074804089934332e-06
   ],
   [
    6.199196036504873e-07,
    -1.0764111948446953e-06,
    1.0
   ]
  ]
 },
 {
  "rotation_euler": [
   -8.806996447674464e-07,
   5.18045283115498e-07,
   0.6512506604194641
  ],
  "euler_order": "XYZ",
  "rotation_matrix": [
   [
    0.795326292514801,
    -0.6061815619468689,
    -1.2184885633814702e-07
   ],
   [
    0.6061815619468689,
    0.795326292514801,
    1.0144731277250685e-06
   ],
   [
    -5.18045283115498e-07,
    -8.806996447674464e-07,
    1.0
   ]
  ]
 },
 {
  "rotation_euler": [
   -1.8646614989847876e-06,
   -1.0320562893184615e-07,
   -1.5672483444213867
  ],
  "euler_order": "XYZ",
  "rotation_matrix": [
   [
    0.0035479748621582985,
    0.9999936819076538,
    1.864283603936201e-06
   ],
   [
    -0.9999936819076538,
    0.0035479748621582985,
    1.0982075338006325e-07
   ],
   [
    1.0320562893184615e-07,
    -1.8646614989847876e-06,
    1.0
   ]
  ]
 },
 {
  "rotation_euler": [
   -6.549648219333903e-07,
   4.3120263626406086e-07,
   -2.780221939086914
  ],
  "euler_order": "XYZ",
  "rotation_matrix": [
   [
    -0.9354130625724792,
    0.353556752204895,
    -1.7178534506001597e-07
   ],
   [
    -0.353556752204895,
    -0.9354130625724792,
    -7.65117249557079e-07
   ],
   [
    -4.3120263626406086e-07,
    -6.549648219333903e-07,
    1.0
   ]
  ]
 },
 {
  "rotation_euler": [
   9.62128638093418e-07,
   -8.987933597381925e-08,
   1.2155230045318604
  ],
  "euler_order": "XYZ",
  "rotation_matrix": [
   [
    0.3478466272354126,
    -0.9375514388084412,
    8.707808660801675e-07
   ],
   [
    0.9375514388084412,
    0.3478466272354126,
    -4.1893972024809045e-07
   ],
   [
    8.987933597381925e-08,
    9.62128638093418e-07,
    1.0
   ]
  ]
 },
 {
  "rotation_euler": [
   1.2633919368454372e-06,
   5.28719567682856e-07,
   0.5183303356170654
  ],
  "euler_order": "XYZ",
  "rotation_matrix": [
   [
    0.868647575378418,
    -0.49543046951293945,
    1.0851938441192033e-06
   ],
   [
    0.49543046951293945,
    0.868647575378418,
    -8.35498553897196e-07
   ],
   [
    -5.28719567682856e-07,
    1.2633919368454372e-06,
    1.0
   ]
  ]
 },
 {
  "rotation_euler": [
   1.295587139793497e-06,
   6.038807214281405e-07,
   2.1985831260681152
  ],
  "euler_order": "XYZ",
  "rotation_matrix": [
   [
    -0.5873550176620483,
    -0.8093294501304626,
    6.938644219189882e-07
   ],
   [
    0.8093294501304626,
    -0.5873550176620483,
    1.2497080206230748e-06
   ],
   [
    -6.038807214281405e-07,
    1.295587139793497e-06,
    1.0
   ]
  ]
 },
 {
  "rotation_euler": [
   -6.765894227100944e-07,
   1.5709250078543846e-07,
   1.761940598487854
  ],
  "euler_order": "XYZ",
  "rotation_matrix": [
   [
    -0.18998244404792786,
    -0.9817875027656555,
    -6.941118613212893e-07
   ],
   [
    0.9817875027656555,
    -0.18998244404792786,
    2.56913352814081e-08
   ],
   [
    -1.5709250078543846e-07,
    -6.765894227100944e-07,
    1.0
   ]
  ]
 }
]