[
 {
  "rotation_euler": [
   -0.0005250303074717522,
   -1.5508269370911876e-06,
   -0.44852060079574585
  ],
  "euler_order": "XYZ",
  "rotation_matrix": [
   [
    0.901089608669281,
    0.43363288044929504,
    0.00022627299767918885
   ],
   [
    -0.4336329400539398,
    0.9010894894599915,
    0.0004737718263641
   ],
   [
    1.5508269370911876e-06,
    -0.0005250303074717522,
    0.9999998807907104
   ]
  ]
 },
 {
  "rotation_euler": [
   -0.0005251328111626208,
   1.0847290923265973e-06,
   -2.8834354877471924
  ],
  "euler_order": "XYZ",
  "rotation_matrix": [
   [
    -0.9668620824813843,
    0.2552991807460785,
    0.0001330172090092674
   ],
   [
    -0.2552992105484009,
    -0.9668619632720947,
    -0.0005080079426988959
   ],
   [
    -1.0847290923265973e-06,
    -0.0005251328111626208,
    0.9999998807907104
   ]
  ]
 },
 {
  "rotation_euler": [
   -0.0005252532428130507,
   -2.812415687003522e-07,
   2.9092798233032227
  ],
  "euler_order": "XYZ",
  "rotation_matrix": [
   [
    -0.9731365442276001,
    -0.23022881150245667,
    -0.00012065475311828777
   ],
   [
    0.23022884130477905,
    -0.9731363654136658,
    -0.0005112078506499529
   ],
   [
    2.812415687003522e-07,
    -0.0005252532428130507,
    0.9999998807907104
   ]
  ]
 },
 {
  "rotation_euler": [
   -0.0005251522525213659,
   1.9299159248475917e-06,
   2.7837374210357666
  ],
  "euler_order": "XYZ",
  "rotation_matrix": [
   [
    -0.9366502165794373,
    -0.35026609897613525,
    -0.0001857507013482973
   ],
   [
    0.35026612877845764,
    -0.9366500973701477,
    -0.0004912079893983901
   ],
   [
    -1.9299159248475917e-06,
    -0.0005251522525213659,
    0.9999998807907104
   ]
  ]
 },
 {
  "rotation_euler": [
   -0.0005252239061519504,
   -7.636608643224463e-07,
   -1.5026999711990356
  ],
  "euler_order": "XYZ",
  "rotation_matrix": [
   [
    0.06804373860359192,
    0.9976822137832642,
    0.0005239546298980713
   ],
   [
    -0.9976823329925537,
    0.06804373115301132,
    3.650008875411004e-05
   ],
   [
    7.636608643224463e-07,
    -0.0005252239061519504,
    0.9999998807907104
   ]
  ]
 },
 {
  "rotation_euler": [
   -0.0005250923568382859,
   5.595448442363704e-07,
   1.5849415063858032
  ],
  "euler_order": "XYZ",
  "rotation_matrix": [
   [
    -0.014144707471132278,
    -0.9998998045921326,
    -0.0005250477115623653
   ],
   [
    0.9998999834060669,
    -0.014144706539809704,
    -6.86778867020621e-06
   ],
   [
    -5.595448442363704e-07,
    -0.0005250923568382859,
    0.9999998807907104
   ]
  ]
 },
 {
  "rotation_euler": [
   -0.0005251603433862329,
   9.63006641541142e-07,
   -3.008301019668579
  ],
  "euler_order": "XYZ",
  "rotation_matrix": [
   [
    -0.9911298155784607,
    0.1328972727060318,
    6.883792229928076e-05
   ],
   [
    -0.132897287607193,
    -0.9911296963691711,
    -0.0005206300411373377
   ],
   [
    -9.63006641541142e-07,
    -0.0005251603433862329,
    0.9999998807907104
   ]
  ]
 },
 {
  "rotation_euler": [
   -0.000525427982211113,
   -3.734889730822033e-07,
   -2.445418357849121
  ],
  "euler_order": "XYZ",
  "rotation_matrix": [
   [
    -0.7673011422157288,
    0.6412868499755859,
    0.0003372366481926292
   ],
   [
    -0.6412869095802307,
    -0.767301082611084,
    -0.00040292198536917567
   ],
   [
    3.734889730822033e-07,
    -0.000525427982211113,
    0.9999998807907104
   ]
  ]
 },
 {
  "rotation_euler": [
   -0.0005250583635643125,
   -2.1489022401510738e-06,
   -2.692244529724121
  ],
  "euler_order": "XYZ",
  "rotation_matrix": [
   [
    -0.9007304310798645,
    0.43437841534614563,
    0.00023000960936769843
   ],
   [
    -0.4343784749507904,
    -0.900730311870575,
    -0.00047200260451063514
   ],
   [
    2.1489022401510738e-06,
    -0.0005250583635643125,
    0.9999998807907104
   ]
  ]
 },
 {
  "rotation_euler": [
   -0.0005253242561593652,
   -8.232616437453544e-07,
   -0.7932021617889404
  ],
  "euler_order": "XYZ",
  "rotation_matrix": [
   [
    0.7015670537948608,
    0.7126033306121826,
    0.00037377027911134064
   ],
   [
    -0.7126034498214722,
    0.7015669345855713,
    0.0003691368328873068
   ],
   [
    8.232616437453544e-07,
    -0.0005253242561593652,
    0.9999998807907104
   ]
  ]
 },
 {
  "rotation_euler": [
   -0.0005250874091871083,
   1.9515846361173317e-06,
   2.1715099811553955
  ],
  "euler_order": "XYZ",
  "rotation_matrix": [
   [
    -0.5652313232421875,
    -0.824932336807251,
    -0.000434264715295285
   ],
   [
    0.8249324560165405,
    -0.5652312636375427,
    -0.0002951859205495566
   ],
   [
    -1.9515846361173317e-06,
    -0.0005250874091871083,
    0.9999998807907104
   ]
  ]
 },
 {
  "rotation_euler": [
   -0.0005251292022876441,
   1.7592792573850602e-06,
   1.1710057258605957
  ],
  "euler_order": "XYZ",
  "rotation_matrix": [
   [
    0.38922545313835144,
    -0.9211423993110657,
    -0.00048303406219929457
   ],
   [
    0.9211425185203552,
    0.38922542333602905,
    0.00020601419964805245
   ],
   [
    -1.7592792573850602e-06,
    -0.0005251292022876441,
    0.9999998807907104
   ]
  ]
 },
 {
  "rotation_euler": [
   -0.0005251985276117921,
   -3.196595343979425e-07,
   -2.6385374069213867
  ],
  "euler_order": "XYZ",
  "rotation_matrix": [
   [
    -0.8761137127876282,
    0.48210445046424866,
    0.000253480626270175
   ],
   [
    -0.4821045398712158,
    -0.8761135935783386,
    -0.0004599794920068234
   ],
   [
    3.196595343979425e-07,
    -0.0005251985276117921,
    0.9999998807907104
   ]
  ]
 },
 {
  "rotation_euler": [
   -0.0005252441624179482,
   -9.255908395289225e-08,
   2.685128688812256
  ],
  "euler_order": "XYZ",
  "rotation_matrix": [
   [
    -0.8976166844367981,
    -0.4407767951488495,
    -0.00023143237922340631
   ],
   [
    0.44077685475349426,
    -0.8976165652275085,
    -0.00047150871250778437
   ],
   [
    9.255908395289225e-08,
    -0.0005252441624179482,
    0.9999998807907104
   ]
  ]
 },
 {
  "rotation_euler": [
   -2.1973886489868164,
   -1.5546528100967407,
   -0.2619667947292328
  ],
  "euler_order": "XYZ",
  "rotation_matrix": [
   [
    0.015592062845826149,
    0.6304290890693665,
    0.7760902047157288
   ],
   [
    -0.00418067816644907,
    -0.7761366963386536,
    0.6305508017539978
   ],
   [
    0.999869704246521,
    -0.013076172210276127,
    -0.009465950541198254
   ]
  ]
 },
 {
  "rotation_euler": [
   -0.0005252718692645431,
   -1.538939216061408e-07,
   2.0368871688842773
  ],
  "euler_order": "XYZ",
  "rotation_matrix": [
   [
    -0.44939756393432617,
    -0.89333176612854,
    -0.0004691729263868183
   ],
   [
    0.8933318853378296,
    -0.4493975043296814,
    -0.00023619335843250155
   ],
   [
    1.538939216061408e-07,
    -0.0005252718692645431,
    0.9999998807907104
   ]
  ]
 }
]