[
 {
  "rotation_euler": [
   -0.04270005226135254,
   -1.6421474811068038e-06,
   3.0022239685058594
  ],
  "euler_order": "XYZ",
  "rotation_matrix": [
   [
    -0.9903038740158081,
    -0.13879139721393585,
    -0.005928376689553261
   ],
   [
    0.1389179527759552,
    -0.9894012212753296,
    -0.04227340593934059
   ],
   [
    1.6421474811068038e-06,
    -0.042687077075242996,
    0.99908846616745
   ]
  ]
 },
 {
  "rotation_euler": [
   -0.042698681354522705,
   2.512625769668375e-06,
   3.095688581466675
  ],
  "euler_order": "XYZ",
  "rotation_matrix": [
   [
    -0.9989466071128845,
    -0.04584601894021034,
    -0.0019612673204392195
   ],
   [
    0.04588795080780983,
    -0.9980360865592957,
    -0.042640626430511475
   ],
   [
    -2.512625769668375e-06,
    -0.04268570616841316,
    0.9990885257720947
   ]
  ]
 },
 {
  "rotation_euler": [
   -0.04269930347800255,
   -1.2902562502858927e-06,
   -0.8965358138084412
  ],
  "euler_order": "XYZ",
  "rotation_matrix": [
   [
    0.624319851398468,
    0.7804568409919739,
    0.03334442526102066
   ],
   [
    -0.7811688184738159,
    0.6237507462501526,
    0.02665092796087265
   ],
   [
    1.2902562502858927e-06,
    -0.042686328291893005,
    0.9990885257720947
   ]
  ]
 },
 {
  "rotation_euler": [
   -0.04269803315401077,
   2.6287771106581204e-06,
   2.829745292663574
  ],
  "euler_order": "XYZ",
  "rotation_matrix": [
   [
    -0.9517683982849121,
    -0.3065376579761505,
    -0.013099019415676594
   ],
   [
    0.3068174123764038,
    -0.9509009718894958,
    -0.04062548652291298
   ],
   [
    -2.6287771106581204e-06,
    -0.04268506169319153,
    0.9990885853767395
   ]
  ]
 },
 {
  "rotation_euler": [
   -0.04269833490252495,
   1.609703531357809e-06,
   1.4330044984817505
  ],
  "euler_order": "XYZ",
  "rotation_matrix": [
   [
    0.1373562067747116,
    -0.9896189570426941,
    -0.04228055849671364
   ],
   [
    0.9905217289924622,
    0.13723094761371613,
    0.005864692386239767
   ],
   [
    -1.609703531357809e-06,
    -0.042685363441705704,
    0.9990885853767395
   ]
  ]
 },
 {
  "rotation_euler": [
   -0.04269838705658913,
   -2.1907778773311293e-06,
   1.4338326454162598
  ],
  "euler_order": "XYZ",
  "rotation_matrix": [
   [
    0.1365358680486679,
    -0.9897322058677673,
    -0.042285967618227005
   ],
   [
    0.9906351566314697,
    0.13641151785850525,
    0.005825921427458525
   ],
   [
    2.1907778773311293e-06,
    -0.04268541559576988,
    0.9990885853767395
   ]
  ]
 },
 {
  "rotation_euler": [
   -0.04270043224096298,
   1.03070487966761e-06,
   1.2068982124328613
  ],
  "euler_order": "XYZ",
  "rotation_matrix": [
   [
    0.3559197783470154,
    -0.9336646795272827,
    -0.039891768246889114
   ],
   [
    0.9345164895057678,
    0.35559532046318054,
    0.015194272622466087
   ],
   [
    -1.03070487966761e-06,
    -0.04268745705485344,
    0.99908846616745
   ]
  ]
 },
 {
  "rotation_euler": [
   -0.04269919544458389,
   1.7420859421690693e-06,
   1.3630011081695557
  ],
  "euler_order": "XYZ",
  "rotation_matrix": [
   [
    0.20630304515361786,
    -0.9775962829589844,
    -0.04176760092377663
   ],
   [
    0.9784881472587585,
    0.20611493289470673,
    0.008808000944554806
   ],
   [
    -1.7420859421690693e-06,
    -0.04268622025847435,
    0.9990885257720947
   ]
  ]
 },
 {
  "rotation_euler": [
   -0.0426982119679451,
   -2.2776414425607072e-06,
   -0.6792256832122803
  ],
  "euler_order": "XYZ",
  "rotation_matrix": [
   [
    0.7780593633651733,
    0.6276182532310486,
    0.026812702417373657
   ],
   [
    -0.6281907558441162,
    0.7773501873016357,
    0.03321307897567749
   ],
   [
    2.2776414425607072e-06,
    -0.042685240507125854,
    0.9990885853767395
   ]
  ]
 },
 {
  "rotation_euler": [
   -0.04269803315401077,
   -2.6395027816761285e-06,
   -2.6169254779815674
  ],
  "euler_order": "XYZ",
  "rotation_matrix": [
   [
    -0.865490734577179,
    0.5004683136940002,
    0.02138429507613182
   ],
   [
    -0.5009250044822693,
    -0.8647019267082214,
    -0.03694220259785652
   ],
   [
    2.6395027816761285e-06,
    -0.04268506169319153,
    0.9990885853767395
   ]
  ]
 },
 {
  "rotation_euler": [
   -0.04269943758845329,
   6.082906907067809e-07,
   2.6161468029022217
  ],
  "euler_order": "XYZ",
  "rotation_matrix": [
   [
    -0.8651003837585449,
    -0.5011415481567383,
    -0.02141200378537178
   ],
   [
    0.5015987753868103,
    -0.8643118739128113,
    -0.03692777082324028
   ],
   [
    -6.082906907067809e-07,
    -0.04268646240234375,
    0.9990885257720947
   ]
  ]
 },
 {
  "rotation_euler": [
   -0.04269877448678017,
   -1.7624375914238044e-06,
   1.1423531770706177
  ],
  "euler_order": "XYZ",
  "rotation_matrix": [
   [
    0.415455162525177,
    -0.9087845683097839,
    -0.03882832080125809
   ],
   [
    0.9096136689186096,
    0.4150765836238861,
    0.01773243583738804
   ],
   [
    1.7624375914238044e-06,
    -0.042685799300670624,
    0.9990885257720947
   ]
  ]
 },
 {
  "rotation_euler": [
   -0.042698126286268234,
   2.7327114366926253e-06,
   -0.604042649269104
  ],
  "euler_order": "XYZ",
  "rotation_matrix": [
   [
    0.8230462074279785,
    0.5674566030502319,
    0.024246321991086006
   ],
   [
    -0.5679743885993958,
    0.822296142578125,
    0.03513030335307121
   ],
   [
    -2.7327114366926253e-06,
    -0.04268515482544899,
    0.9990885853767395
   ]
  ]
 },
 {
  "rotation_euler": [
   -0.042702220380306244,
   9.391524713464605e-07,
   -1.525804877281189
  ],
  "euler_order": "XYZ",
  "rotation_matrix": [
   [
    0.04497627168893814,
    0.998077392578125,
    0.04264608770608902
   ],
   [
    -0.9989880323410034,
    0.04493531212210655,
    0.0019190657185390592
   ],
   [
    -9.391524713464605e-07,
    -0.0426892451941967,
    0.9990884065628052
   ]
  ]
 },
 {
  "rotation_euler": [
   -0.042702775448560715,
   3.711207341439149e-07,
   2.6682310104370117
  ],
  "euler_order": "XYZ",
  "rotation_matrix": [
   [
    -0.8900408148765564,
    -0.45546525716781616,
    -0.019461791962385178
   ],
   [
    0.4558808505535126,
    -0.889229416847229,
    -0.03799549490213394
   ],
   [
    -3.711207341439149e-07,
    -0.04268979653716087,
    0.9990883469581604
   ]
  ]
 },
 {
  "rotation_euler": [
   -0.04269859939813614,
   1.9872511529683834e-06,
   -3.0424461364746094
  ],
  "euler_order": "XYZ",
  "rotation_matrix": [
   [
    -0.9950889945030212,
    0.09889402985572815,
    0.004223225172609091
   ],
   [
    -0.09898415952920914,
    -0.9941820502281189,
    -0.042476192116737366
   ],
   [
    -1.9872511529683834e-06,
    -0.042685627937316895,
    0.9990885257720947
   ]
  ]
 }
]