[
 {
  "rotation_euler": [
   0.10798223316669464,
   1.4101710319519043,
   -1.2481520175933838
  ],
  "euler_order": "XYZ",
  "rotation_matrix": [
   [
    0.050711628049612045,
    0.9766085743904114,
    0.20895947515964508
   ],
   [
    -0.15168285369873047,
    0.21433299779891968,
    -0.9649112224578857
   ],
   [
    -0.9871274828910828,
    0.017236648127436638,
    0.15900395810604095
   ]
  ]
 },
 {
  "rotation_euler": [
   0.09305280447006226,
   1.4049336910247803,
   -2.0304670333862305
  ],
  "euler_order": "XYZ",
  "rotation_matrix": [
   [
    -0.07324852794408798,
    0.8516635298728943,
    -0.5189449191093445
   ],
   [
    -0.14796525239944458,
    -0.5238643288612366,
    -0.8388518691062927
   ],
   [
    -0.9862762689590454,
    0.015341153368353844,
    0.16438890993595123
   ]
  ]
 },
 {
  "rotation_euler": [
   0.09075255692005157,
   1.4040769338607788,
   2.417271375656128
  ],
  "euler_order": "XYZ",
  "rotation_matrix": [
   [
    -0.12428674101829529,
    -0.7268351316452026,
    -0.6754727959632874
   ],
   [
    0.10996175557374954,
    -0.6866472959518433,
    0.7186263799667358
   ],
   [
    -0.9861344695091248,
    0.015039552934467793,
    0.16526521742343903
   ]
  ]
 },
 {
  "rotation_euler": [
   0.09054066985845566,
   1.4039673805236816,
   -1.897159218788147
  ],
  "euler_order": "XYZ",
  "rotation_matrix": [
   [
    -0.053237609565258026,
    0.9147496223449707,
    -0.40049830079078674
   ],
   [
    -0.15729083120822906,
    -0.40374210476875305,
    -0.9012501835823059
   ],
   [
    -0.9861162900924683,
    0.015014302916824818,
    0.1653759926557541
   ]
  ]
 },
 {
  "rotation_euler": [
   0.09053798764944077,
   1.403965950012207,
   0.5728150010108948
  ],
  "euler_order": "XYZ",
  "rotation_matrix": [
   [
    0.13955122232437134,
    -0.46485260128974915,
    0.8743211627006531
   ],
   [
    0.09000317752361298,
    0.8852607607841492,
    0.4563034176826477
   ],
   [
    -0.9861160516738892,
    0.015013987198472023,
    0.1653774380683899
   ]
  ]
 },
 {
  "rotation_euler": [
   0.0906752198934555,
   1.404044270515442,
   1.0120574235916138
  ],
  "euler_order": "XYZ",
  "rotation_matrix": [
   [
    0.08798904716968536,
    -0.7971040606498718,
    0.5973968505859375
   ],
   [
    0.14073877036571503,
    0.6036548614501953,
    0.78472501039505
   ],
   [
    -0.9861290454864502,
    0.015029688365757465,
    0.1652984619140625
   ]
  ]
 },
 {
  "rotation_euler": [
   0.6702364087104797,
   -1.4578394889831543,
   -1.6580872535705566
  ],
  "euler_order": "XYZ",
  "rotation_matrix": [
   [
    -0.00982666201889515,
    0.834499716758728,
    -0.5509207248687744
   ],
   [
    -0.11228761821985245,
    0.5465418100357056,
    0.8298696279525757
   ],
   [
    0.99362713098526,
    0.07001642882823944,
    0.08833330869674683
   ]
  ]
 },
 {
  "rotation_euler": [
   0.0905376598238945,
   1.4039658308029175,
   2.5523812770843506
  ],
  "euler_order": "XYZ",
  "rotation_matrix": [
   [
    -0.1380569040775299,
    -0.6275542378425598,
    -0.7662349343299866
   ],
   [
    0.09227918088436127,
    -0.7784280776977539,
    0.6209140419960022
   ],
   [
    -0.9861160516738892,
    0.015013943426311016,
    0.16537755727767944
   ]
  ]
 },
 {
  "rotation_euler": [
   0.0905374139547348,
   1.403965950012207,
   0.9957476258277893
  ],
  "euler_order": "XYZ",
  "rotation_matrix": [
   [
    0.09031467139720917,
    -0.7872377038002014,
    0.6100000143051147
   ],
   [
    0.1393498331308365,
    0.6164668202400208,
    0.7749517560005188
   ],
   [
    -0.9861160516738892,
    0.015013892203569412,
    0.1653774529695511
   ]
  ]
 },
 {
  "rotation_euler": [
   0.0907839685678482,
   1.4040813446044922,
   2.8882358074188232
  ],
  "euler_order": "XYZ",
  "rotation_matrix": [
   [
    -0.1606462597846985,
    -0.33617115020751953,
    -0.9279987812042236
   ],
   [
    0.041594646871089935,
    -0.9416807293891907,
    0.3339270353317261
   ],
   [
    -0.9861352443695068,
    0.015044349245727062,
    0.1652604192495346
   ]
  ]
 },
 {
  "rotation_euler": [
   0.09053787589073181,
   1.403965711593628,
   2.045022964477539
  ],
  "euler_order": "XYZ",
  "rotation_matrix": [
   [
    -0.07583039253950119,
    -0.9267168641090393,
    -0.3680294156074524
   ],
   [
    0.1477326899766922,
    -0.37546035647392273,
    0.9149888157844543
   ],
   [
    -0.9861159920692444,
    0.015013989992439747,
    0.165377676486969
   ]
  ]
 },
 {
  "rotation_euler": [
   0.09054098278284073,
   1.4039674997329712,
   -2.3053855895996094
  ],
  "euler_order": "XYZ",
  "rotation_matrix": [
   [
    -0.11130444705486298,
    0.6793026924133301,
    -0.7253682613372803
   ],
   [
    -0.12323120981454849,
    -0.7337045669555664,
    -0.6682003140449524
   ],
   [
    -0.9861162900924683,
    0.0150143438950181,
    0.16537587344646454
   ]
  ]
 },
 {
  "rotation_euler": [
   0.0905379056930542,
   1.4039654731750488,
   -1.6685118675231934
  ],
  "euler_order": "XYZ",
  "rotation_matrix": [
   [
    -0.01620064117014408,
    0.9824550747871399,
    -0.18579450249671936
   ],
   [
    -0.16526588797569275,
    -0.1858941614627838,
    -0.9685714244842529
   ],
   [
    -0.9861159920692444,
    0.015014016069471836,
    0.1653779149055481
   ]
  ]
 },
 {
  "rotation_euler": [
   0.09077616780996323,
   1.4040780067443848,
   2.7183287143707275
  ],
  "euler_order": "XYZ",
  "rotation_matrix": [
   [
    -0.151302769780159,
    -0.49055323004722595,
    -0.8581753969192505
   ],
   [
    0.06816085427999496,
    -0.8712813854217529,
    0.48602765798568726
   ],
   [
    -0.9861346483230591,
    0.015043359249830246,
    0.1652638167142868
   ]
  ]
 },
 {
  "rotation_euler": [
   0.09083053469657898,
   1.4041203260421753,
   1.5146156549453735
  ],
  "euler_order": "XYZ",
  "rotation_matrix": [
   [
    0.00931577105075121,
    -0.9892838597297668,
    0.14570727944374084
   ],
   [
    0.1656435877084732,
    0.14522719383239746,
    0.975433886051178
   ],
   [
    -0.9861416816711426,
    0.01504855789244175,
    0.1652214378118515
   ]
  ]
 },
 {
  "rotation_euler": [
   0.09053968638181686,
   1.4039664268493652,
   2.057551383972168
  ],
  "euler_order": "XYZ",
  "rotation_matrix": [
   [
    -0.07767491787672043,
    -0.9219409823417664,
    -0.37946197390556335
   ],
   [
    0.14677046239376068,
    -0.3870392143726349,
    0.9103071093559265
   ],
   [
    -0.9861161112785339,
    0.015014225617051125,
    0.1653769463300705
   ]
  ]
 }
]