[
 {
  "rotation_euler": [
   -0.44252464175224304,
   -2.1139626502990723,
   -0.1501605063676834
  ],
  "euler_order": "XYZ",
  "rotation_matrix": [
   [
    -0.5110331177711487,
    0.49765247106552124,
    -0.7008474469184875
   ],
   [
    0.07731900364160538,
    0.838663637638092,
    0.5391336679458618
   ],
   [
    0.8560764789581299,
    0.2213263362646103,
    -0.46706289052963257
   ]
  ]
 },
 {
  "rotation_euler": [
   1.5091884136199951,
   -1.0972563028335571,
   0.5306949615478516
  ],
  "euler_order": "XYZ",
  "rotation_matrix": [
   [
    0.3933138847351074,
    -0.797256350517273,
    0.457915335893631
   ],
   [
    0.23081661760807037,
    -0.3964826762676239,
    -0.8885523080825806
   ],
   [
    0.889959454536438,
    0.45517441630363464,
    0.028077879920601845
   ]
  ]
 },
 {
  "rotation_euler": [
   -0.4425215423107147,
   -2.1139626502990723,
   -0.5816077589988708
  ],
  "euler_order": "XYZ",
  "rotation_matrix": [
   [
    -0.4318690896034241,
    0.802764356136322,
    -0.4111672341823578
   ],
   [
    0.2839404344558716,
    0.5537009239196777,
    0.7828110456466675
   ],
   [
    0.8560764789581299,
    0.2213248908519745,
    -0.4670635759830475
   ]
  ]
 },
 {
  "rotation_euler": [
   1.6412373781204224,
   -0.7416926622390747,
   -0.4562724232673645
  ],
  "euler_order": "XYZ",
  "rotation_matrix": [
   [
    0.6618984937667847,
    -0.6359373331069946,
    -0.3968299925327301
   ],
   [
    -0.3248695433139801,
    0.23372402787208557,
    -0.9164239764213562
   ],
   [
    0.6755369305610657,
    0.7354976534843445,
    -0.05189508944749832
   ]
  ]
 },
 {
  "rotation_euler": [
   -0.5189034342765808,
   -2.082667827606201,
   -1.656558871269226
  ],
  "euler_order": "XYZ",
  "rotation_matrix": [
   [
    0.0419558510184288,
    0.8281367421150208,
    0.5589537620544434
   ],
   [
    0.488009512424469,
    -0.505157470703125,
    0.7118023633956909
   ],
   [
    0.8718293309211731,
    0.2429104745388031,
    -0.4253329038619995
   ]
  ]
 },
 {
  "rotation_euler": [
   2.699069023132324,
   -1.027635931968689,
   -0.049680083990097046
  ],
  "euler_order": "XYZ",
  "rotation_matrix": [
   [
    0.5162064433097839,
    -0.4110153615474701,
    0.751396894454956
   ],
   [
    -0.02566629834473133,
    -0.8843541145324707,
    -0.46611055731773376
   ],
   [
    0.8560795187950134,
    0.22132369875907898,
    -0.4670585095882416
   ]
  ]
 },
 {
  "rotation_euler": [
   1.0273627042770386,
   -1.0991994142532349,
   -2.425950050354004
  ],
  "euler_order": "XYZ",
  "rotation_matrix": [
   [
    -0.3428545296192169,
    0.9146990180015564,
    -0.2139544039964676
   ],
   [
    -0.29807358980178833,
    0.11005885154008865,
    0.9481768012046814
   ],
   [
    0.89084392786026,
    0.3888608515262604,
    0.2349134236574173
   ]
  ]
 },
 {
  "rotation_euler": [
   1.6817517280578613,
   -0.006713726092129946,
   2.401935577392578
  ],
  "euler_order": "XYZ",
  "rotation_matrix": [
   [
    -0.7386831045150757,
    0.07956331968307495,
    0.6693406701087952
   ],
   [
    0.674019455909729,
    0.07729723304510117,
    0.7346583604812622
   ],
   [
    0.0067136758007109165,
    0.9938283562660217,
    -0.11072538048028946
   ]
  ]
 },
 {
  "rotation_euler": [
   1.0300929546356201,
   -1.1015101671218872,
   -1.5353648662567139
  ],
  "euler_order": "XYZ",
  "rotation_matrix": [
   [
    0.01602051593363285,
    0.48732873797416687,
    -0.8730716109275818
   ],
   [
    -0.45196589827537537,
    0.782414436340332,
    0.42843255400657654
   ],
   [
    0.891891360282898,
    0.38773488998413086,
    0.23279064893722534
   ]
  ]
 },
 {
  "rotation_euler": [
   -0.5142837166786194,
   -2.083850383758545,
   -1.107277750968933
  ],
  "euler_order": "XYZ",
  "rotation_matrix": [
   [
    -0.2194538414478302,
    0.9703952670097351,
    0.10086125880479813
   ],
   [
    0.43904930353164673,
    0.005907807964831591,
    0.8984435200691223
   ],
   [
    0.8712494969367981,
    0.24144995212554932,
    -0.427347868680954
   ]
  ]
 },
 {
  "rotation_euler": [
   1.0353459119796753,
   -1.1061711311340332,
   2.165501832962036
  ],
  "euler_order": "XYZ",
  "rotation_matrix": [
   [
    -0.251047819852829,
    0.008139343932271004,
    0.9679404497146606
   ],
   [
    0.371157169342041,
    -0.9227250218391418,
    0.1040235161781311
   ],
   [
    0.8939895629882812,
    0.38537290692329407,
    0.22862713038921356
   ]
  ]
 },
 {
  "rotation_euler": [
   -2.1452505588531494,
   -2.0749378204345703,
   -0.308885782957077
  ],
  "euler_order": "XYZ",
  "rotation_matrix": [
   [
    -0.46019425988197327,
    0.5350749492645264,
    0.7084603309631348
   ],
   [
    0.1468477100133896,
    -0.7411128282546997,
    0.6551240682601929
   ],
   [
    0.8755894899368286,
    0.40552011132240295,
    0.26248133182525635
   ]
  ]
 },
 {
  "rotation_euler": [
   2.6990668773651123,
   -1.027632713317871,
   -0.4034324884414673
  ],
  "euler_order": "XYZ",
  "rotation_matrix": [
   [
    0.47535383701324463,
    -0.6919237971305847,
    0.5433969497680664
   ],
   [
    -0.20290249586105347,
    -0.6872090697288513,
    -0.6975487470626831
   ],
   [
    0.8560778498649597,
    0.22132587432861328,
    -0.46706053614616394
   ]
  ]
 },
 {
  "rotation_euler": [
   -0.4425225555896759,
   -2.1139638423919678,
   -0.21571646630764008
  ],
  "euler_order": "XYZ",
  "rotation_matrix": [
   [
    -0.5048713088035583,
    0.551521897315979,
    -0.6640245318412781
   ],
   [
    0.11063041538000107,
    0.8042626976966858,
    0.5838856101036072
   ],
   [
    0.8560758233070374,
    0.2213257998228073,
    -0.4670642614364624
   ]
  ]
 },
 {
  "rotation_euler": [
   -0.4425254762172699,
   -2.1139566898345947,
   2.0984840393066406
  ],
  "euler_order": "XYZ",
  "rotation_matrix": [
   [
    0.2602500915527344,
    -0.9653428792953491,
    0.019570808857679367
   ],
   [
    -0.4465397000312805,
    -0.13830608129501343,
    -0.8840100169181824
   ],
   [
    0.8560795187950134,
    0.22132454812526703,
    -0.46705809235572815
   ]
  ]
 },
 {
  "rotation_euler": [
   1.9063223600387573,
   -0.0748259499669075,
   -0.9895392060279846
  ],
  "euler_order": "XYZ",
  "rotation_matrix": [
   [
    0.5475386381149292,
    -0.31394943594932556,
    -0.7756527662277222
   ],
   [
    -0.8334344625473022,
    -0.12179653346538544,
    -0.5390293598175049
   ],
   [
    0.07475614547729492,
    0.9415951371192932,
    -0.32834458351135254
   ]
  ]
 }
]