[
 {
  "rotation_euler": [
   -0.00014571868814527988,
   3.0047779091546545e-06,
   -2.9036242961883545
  ],
  "euler_order": "XYZ",
  "rotation_matrix": [
   [
    -0.9718189239501953,
    0.23572872579097748,
    3.1429979571839795e-05
   ],
   [
    -0.23572872579097748,
    -0.9718188643455505,
    -0.00014232048124540597
   ],
   [
    -3.0047779091546545e-06,
    -0.00014571868814527988,
    1.0
   ]
  ]
 },
 {
  "rotation_euler": [
   -0.0001600351242814213,
   7.71701797930291e-06,
   -0.0689069926738739
  ],
  "euler_order": "XYZ",
  "rotation_matrix": [
   [
    0.9976268410682678,
    0.06885247677564621,
    1.8717519196798094e-05
   ],
   [
    -0.06885247677564621,
    0.9976268410682678,
    0.0001591239997651428
   ],
   [
    -7.71701797930291e-06,
    -0.0001600351242814213,
    1.0
   ]
  ]
 },
 {
  "rotation_euler": [
   -0.0001459720660932362,
   8.463323979412962e-07,
   -0.9873477220535278
  ],
  "euler_order": "XYZ",
  "rotation_matrix": [
   [
    0.5509052872657776,
    0.8345677256584167,
    0.00012228982814121991
   ],
   [
    -0.8345677852630615,
    0.5509052872657776,
    7.971046579768881e-05
   ],
   [
    -8.463323979412962e-07,
    -0.0001459720660932362,
    1.0
   ]
  ]
 },
 {
  "rotation_euler": [
   -0.0001477404439356178,
   9.072367674889392e-07,
   1.8341695070266724
  ],
  "euler_order": "XYZ",
  "rotation_matrix": [
   [
    -0.2603389024734497,
    -0.9655172824859619,
    -0.00014288214151747525
   ],
   [
    0.9655172824859619,
    -0.2603389024734497,
    -3.758662933250889e-05
   ],
   [
    -9.072367674889392e-07,
    -0.0001477404439356178,
    1.0
   ]
  ]
 },
 {
  "rotation_euler": [
   1.570502519607544,
   2.512277126312256,
   0.27166470885276794
  ],
  "euler_order": "XYZ",
  "rotation_matrix": [
   [
    -0.7787818312644958,
    0.5669264197349548,
    0.26850205659866333
   ],
   [
    -0.2169305980205536,
    0.1582230180501938,
    -0.9632790684700012
   ],
   [
    -0.5885915756225586,
    -0.808430552482605,
    -0.00023752270499244332
   ]
  ]
 },
 {
  "rotation_euler": [
   -0.00014546429156325758,
   -1.056019982570433e-06,
   -1.0600662231445312
  ],
  "euler_order": "XYZ",
  "rotation_matrix": [
   [
    0.4888143241405487,
    0.8723878264427185,
    0.00012638508633244783
   ],
   [
    -0.8723878264427185,
    0.4888142943382263,
    7.202628330560401e-05
   ],
   [
    1.056019982570433e-06,
    -0.00014546429156325758,
    1.0
   ]
  ]
 },
 {
  "rotation_euler": [
   -0.0001457120815757662,
   1.1832560176117113e-06,
   -1.8191559314727783
  ],
  "euler_order": "XYZ",
  "rotation_matrix": [
   [
    -0.2458142340183258,
    0.9693169593811035,
    0.00014095033111516386
   ],
   [
    -0.9693169593811035,
    -0.2458142191171646,
    -3.6965051549486816e-05
   ],
   [
    -1.1832560176117113e-06,
    -0.0001457120815757662,
    1.0
   ]
  ]
 },
 {
  "rotation_euler": [
   -0.00014504264981951565,
   -3.515450544000487e-07,
   -0.3642929494380951
  ],
  "euler_order": "XYZ",
  "rotation_matrix": [
   [
    0.9343758821487427,
    0.35628873109817505,
    5.1348586566746235e-05
   ],
   [
    -0.35628873109817505,
    0.9343758821487427,
    0.00013564960681833327
   ],
   [
    3.515450544000487e-07,
    -0.00014504264981951565,
    1.0
   ]
  ]
 },
 {
  "rotation_euler": [
   -0.00014618001296184957,
   6.241364189918386e-07,
   1.2553808689117432
  ],
  "euler_order": "XYZ",
  "rotation_matrix": [
   [
    0.3102114498615265,
    -0.9506675601005554,
    -0.00013877497985959053
   ],
   [
    0.9506675601005554,
    0.3102114498615265,
    4.59400616819039e-05
   ],
   [
    -6.241364189918386e-07,
    -0.00014618001296184957,
    1.0
   ]
  ]
 },
 {
  "rotation_euler": [
   -0.00014932277554180473,
   4.370976967038587e-06,
   -2.4455957412719727
  ],
  "euler_order": "XYZ",
  "rotation_matrix": [
   [
    -0.767414927482605,
    0.6411507725715637,
    9.238406346412376e-05
   ],
   [
    -0.6411508321762085,
    -0.767414927482605,
    -0.00011739497858798131
   ],
   [
    -4.370976967038587e-06,
    -0.00014932277554180473,
    1.0
   ]
  ]
 },
 {
  "rotation_euler": [
   -0.00014507710875477642,
   -4.1720042531778745e-07,
   -1.6320778131484985
  ],
  "euler_order": "XYZ",
  "rotation_matrix": [
   [
    -0.06124313548207283,
    0.9981228709220886,
    0.00014483033737633377
   ],
   [
    -0.9981228709220886,
    -0.06124313548207283,
    -8.468559826724231e-06
   ],
   [
    4.1720042531778745e-07,
    -0.00014507710875477642,
    1.0
   ]
  ]
 },
 {
  "rotation_euler": [
   -0.00014647313219029456,
   9.77442482508195e-07,
   2.5534586906433105
  ],
  "euler_order": "XYZ",
  "rotation_matrix": [
   [
    -0.8319774270057678,
    -0.5548095107078552,
    -8.207789505831897e-05
   ],
   [
    0.5548095107078552,
    -0.8319774270057678,
    -0.00012132004485465586
   ],
   [
    -9.77442482508195e-07,
    -0.00014647313219029456,
    1.0
   ]
  ]
 },
 {
  "rotation_euler": [
   -0.00014119173283688724,
   -2.178840986744035e-06,
   -2.3807425498962402
  ],
  "euler_order": "XYZ",
  "rotation_matrix": [
   [
    -0.724250078201294,
    0.6895373463630676,
    9.893500100588426e-05
   ],
   [
    -0.6895374059677124,
    -0.724250078201294,
    -0.00010075573663925752
   ],
   [
    2.178840986744035e-06,
    -0.00014119173283688724,
    1.0
   ]
  ]
 },
 {
  "rotation_euler": [
   -0.00014490833564195782,
   -8.503405410920095e-07,
   1.0780140161514282
  ],
  "euler_order": "XYZ",
  "rotation_matrix": [
   [
    0.47307899594306946,
    -0.8810200095176697,
    -0.0001280694268643856
   ],
   [
    0.8810200095176697,
    0.47307899594306946,
    6.780392141081393e-05
   ],
   [
    8.503405410920095e-07,
    -0.00014490833564195782,
    1.0
   ]
  ]
 },
 {
  "rotation_euler": [
   -0.0001454699522582814,
   1.1154105550303939e-06,
   1.7475632429122925
  ],
  "euler_order": "XYZ",
  "rotation_matrix": [
   [
    -0.17584779858589172,
    -0.9844173789024353,
    -0.00014339928748086095
   ],
   [
    0.9844173789024353,
    -0.17584779858589172,
    -2.4482540538883768e-05
   ],
   [
    -1.1154105550303939e-06,
    -0.0001454699522582814,
    1.0
   ]
  ]
 },
 {
  "rotation_euler": [
   -0.0001449786068405956,
   -3.8288976611511316e-07,
   -1.169489860534668
  ],
  "euler_order": "XYZ",
  "rotation_matrix": [
   [
    0.3906213343143463,
    0.9205514192581177,
    0.00013331070658750832
   ],
   [
    -0.9205514192581177,
    0.3906213343143463,
    5.6984208640642464e-05
   ],
   [
    3.8288976611511316e-07,
    -0.0001449786068405956,
    1.0
   ]
  ]
 }
]