[
 {
  "rotation_euler": [
   -0.012377710081636906,
   0.7152712345123291,
   -1.0846199989318848
  ],
  "euler_order": "XYZ",
  "rotation_matrix": [
   [
    0.35273322463035583,
    0.8802653551101685,
    0.3173517882823944
   ],
   [
    -0.6674402356147766,
    0.4743897020816803,
    -0.574001669883728
   ],
   [
    -0.655822217464447,
    -0.009343884885311127,
    0.7548575401306152
   ]
  ]
 },
 {
  "rotation_euler": [
   1.928990059241187e-06,
   6.45089869522053e-07,
   2.1011176109313965
  ],
  "euler_order": "XYZ",
  "rotation_matrix": [
   [
    -0.5058104991912842,
    -0.862644612789154,
    1.3377396044234047e-06
   ],
   [
    0.862644612789154,
    -0.5058104991912842,
    1.5321867294915137e-06
   ],
   [
    -6.45089869522053e-07,
    1.928990059241187e-06,
    1.0
   ]
  ]
 },
 {
  "rotation_euler": [
   3.825479780061869e-06,
   2.068438334390521e-06,
   1.2938435077667236
  ],
  "euler_order": "XYZ",
  "rotation_matrix": [
   [
    0.2734258472919464,
    -0.9618930816650391,
    4.2452670641068835e-06
   ],
   [
    0.9618930816650391,
    0.2734258472919464,
    9.436314485355979e-07
   ],
   [
    -2.068438334390521e-06,
    3.825479780061869e-06,
    1.0
   ]
  ]
 },
 {
  "rotation_euler": [
   -2.2853345171824913e-07,
   -4.759086209560337e-07,
   2.63348650932312
  ],
  "euler_order": "XYZ",
  "rotation_matrix": [
   [
    -0.8736674785614014,
    -0.48652350902557373,
    3.045989842576091e-07
   ],
   [
    0.48652350902557373,
    -0.8736674785614014,
    -4.31202977324574e-07
   ],
   [
    4.759086209560337e-07,
    -2.2853345171824913e-07,
    1.0
   ]
  ]
 },
 {
  "rotation_euler": [
   8.319817652591155e-07,
   -5.218762453296222e-07,
   0.7086998820304871
  ],
  "euler_order": "XYZ",
  "rotation_matrix": [
   [
    0.7592086791992188,
    -0.6508472561836243,
    1.4528006886393996e-07
   ],
   [
    0.6508472561836243,
    0.7592086791992188,
    -9.713095323604648e-07
   ],
   [
    5.218762453296222e-07,
    8.319817652591155e-07,
    1.0
   ]
  ]
 },
 {
  "rotation_euler": [
   3.3012365747708827e-06,
   2.719981011978234e-06,
   3.015530586242676
  ],
  "euler_order": "XYZ",
  "rotation_matrix": [
   [
    -0.9920647144317627,
    -0.12572844326496124,
    -2.2833378352515865e-06
   ],
   [
    0.12572844326496124,
    -0.9920647144317627,
    3.6170192743156804e-06
   ],
   [
    -2.719981011978234e-06,
    3.3012365747708827e-06,
    1.0
   ]
  ]
 },
 {
  "rotation_euler": [
   1.0447030263094348e-06,
   -6.145871225271549e-07,
   0.20922204852104187
  ],
  "euler_order": "XYZ",
  "rotation_matrix": [
   [
    0.9781928062438965,
    -0.2076989710330963,
    -3.84200944836266e-07
   ],
   [
    0.2076989710330963,
    0.9781928062438965,
    -1.1495700391606078e-06
   ],
   [
    6.145871225271549e-07,
    1.0447030263094348e-06,
    1.0
   ]
  ]
 },
 {
  "rotation_euler": [
   -2.80033248145628e-07,
   5.4248735068540554e-06,
   -0.8022134900093079
  ],
  "euler_order": "XYZ",
  "rotation_matrix": [
   [
    0.6951171159744263,
    0.7188965082168579,
    3.972237664129352e-06
   ],
   [
    -0.7188965082168579,
    0.6951171159744263,
    -3.705266635734006e-06
   ],
   [
    -5.4248735068540554e-06,
    -2.80033248145628e-07,
    1.0
   ]
  ]
 },
 {
  "rotation_euler": [
   1.635237094887998e-05,
   8.588707714807242e-06,
   -1.7411009073257446
  ],
  "euler_order": "XYZ",
  "rotation_matrix": [
   [
    -0.1694825291633606,
    0.9855331778526306,
    -1.7571439457242377e-05
   ],
   [
    -0.9855331778526306,
    -0.1694825291633606,
    -5.693015282304259e-06
   ],
   [
    -8.588707714807242e-06,
    1.635237094887998e-05,
    1.0
   ]
  ]
 },
 {
  "rotation_euler": [
   3.1864615266385954e-06,
   3.56113901034405e-06,
   -2.607146739959717
  ],
  "euler_order": "XYZ",
  "rotation_matrix": [
   [
    -0.8605509996414185,
    0.5093643069267273,
    -4.68761163574527e-06
   ],
   [
    -0.5093643069267273,
    -0.8605509996414185,
    9.281955613005266e-07
   ],
   [
    -3.56113901034405e-06,
    3.1864615266385954e-06,
    1.0
   ]
  ]
 },
 {
  "rotation_euler": [
   -2.7848057015944505e-06,
   5.896004950045608e-06,
   1.718987226486206
  ],
  "euler_order": "XYZ",
  "rotation_matrix": [
   [
    -0.1476491093635559,
    -0.9890397787094116,
    -3.624823648351594e-06
   ],
   [
    0.9890397787094116,
    -0.1476491093635559,
    5.420209618023364e-06
   ],
   [
    -5.896004950045608e-06,
    -2.7848057015944505e-06,
    1.0
   ]
  ]
 },
 {
  "rotation_euler": [
   1.5707963705062866,
   2.5628857612609863,
   0.4541545808315277
  ],
  "euler_order": "XYZ",
  "rotation_matrix": [
   [
    -0.7523084878921509,
    0.4914996027946472,
    0.4387027323246002
   ],
   [
    -0.36726903915405273,
    0.23994484543800354,
    -0.8986322283744812
   ],
   [
    -0.5469418168067932,
    -0.8371706008911133,
    3.659389236077004e-08
   ]
  ]
 },
 {
  "rotation_euler": [
   1.5707963705062866,
   0.5805293917655945,
   0.6424827575683594
  ],
  "euler_order": "XYZ",
  "rotation_matrix": [
   [
    0.6694484949111938,
    0.4391082525253296,
    0.5991849899291992
   ],
   [
    0.5010219812393188,
    0.32863298058509827,
    -0.8006106019020081
   ],
   [
    -0.548466682434082,
    0.8361724019050598,
    -3.6550257931367014e-08
   ]
  ]
 },
 {
  "rotation_euler": [
   -2.247407337563345e-06,
   2.4058567760221194e-07,
   -1.145077109336853
  ],
  "euler_order": "XYZ",
  "rotation_matrix": [
   [
    0.41297590732574463,
    0.910741925239563,
    2.1461642063513864e-06
   ],
   [
    -0.910741925239563,
    0.41297590732574463,
    7.090136477927445e-07
   ],
   [
    -2.4058567760221194e-07,
    -2.247407337563345e-06,
    1.0
   ]
  ]
 },
 {
  "rotation_euler": [
   2.3030108877719613e-06,
   1.4452568564138346e-07,
   -1.4572842121124268
  ],
  "euler_order": "XYZ",
  "rotation_matrix": [
   [
    0.11326850205659866,
    0.9935644268989563,
    -2.2718195396009833e-06
   ],
   [
    -0.9935644268989563,
    0.11326850205659866,
    -4.044541697112436e-07
   ],
   [
    -1.4452568564138346e-07,
    2.3030108877719613e-06,
    1.0
   ]
  ]
 },
 {
  "rotation_euler": [
   1.570796251296997,
   0.5805291533470154,
   0.08481791615486145
  ],
  "euler_order": "XYZ",
  "rotation_matrix": [
   [
    0.8331665992736816,
    0.5464947819709778,
    0.0847162976861
   ],
   [
    0.07083740830421448,
    0.04646410048007965,
    -0.9964051246643066
   ],
   [
    -0.5484665036201477,
    0.8361725211143494,
    6.312927069984653e-08
   ]
  ]
 }
]