[
 {
  "rotation_euler": [
   -0.03119421936571598,
   -0.021387647837400436,
   1.6995632648468018
  ],
  "euler_order": "XYZ",
  "rotation_matrix": [
   [
    -0.12838201224803925,
    -0.9913241863250732,
    -0.028186073526740074
   ],
   [
    0.9914941787719727,
    -0.12768742442131042,
    -0.025203688070178032
   ],
   [
    0.02138601802289486,
    -0.031182026490569115,
    0.9992849230766296
   ]
  ]
 },
 {
  "rotation_euler": [
   -0.12281942367553711,
   -0.14456963539123535,
   -0.687495768070221
  ],
  "euler_order": "XYZ",
  "rotation_matrix": [
   [
    0.7647753953933716,
    0.6434637904167175,
    -0.03275549039244652
   ],
   [
    -0.6279836297035217,
    0.7558153867721558,
    0.1854175180196762
   ],
   [
    0.14406657218933105,
    -0.12123284488916397,
    0.982113778591156
   ]
  ]
 },
 {
  "rotation_euler": [
   -0.015015652403235435,
   0.0056302533484995365,
   0.597389817237854
  ],
  "euler_order": "XYZ",
  "rotation_matrix": [
   [
    0.8267934918403625,
    -0.5624927878379822,
    -0.003791199531406164
   ],
   [
    0.5624773502349854,
    0.8266658782958984,
    0.015581141225993633
   ],
   [
    -0.005630223546177149,
    -0.015014850534498692,
    0.9998714327812195
   ]
  ]
 },
 {
  "rotation_euler": [
   -0.032289184629917145,
   -0.023217029869556427,
   -3.121311902999878
  ],
  "euler_order": "XYZ",
  "rotation_matrix": [
   [
    -0.9995248913764954,
    0.01951948180794716,
    0.023852761834859848
   ],
   [
    -0.02027389407157898,
    -0.9992883801460266,
    -0.031806398183107376
   ],
   [
    0.02321494370698929,
    -0.032274872064590454,
    0.9992094039916992
   ]
  ]
 },
 {
  "rotation_euler": [
   -0.1098286509513855,
   -0.12537847459316254,
   2.2242844104766846
  ],
  "euler_order": "XYZ",
  "rotation_matrix": [
   [
    -0.6031872630119324,
    -0.7975172996520996,
    -0.011457808315753937
   ],
   [
    0.7877357006072998,
    -0.5934139490127563,
    -0.16532491147518158
   ],
   [
    0.12505024671554565,
    -0.10874760895967484,
    0.986172616481781
   ]
  ]
 },
 {
  "rotation_euler": [
   -0.05446584150195122,
   -0.06017257273197174,
   -1.0158110857009888
  ],
  "euler_order": "XYZ",
  "rotation_matrix": [
   [
    0.5259771347045898,
    0.8503729104995728,
    0.014627423137426376
   ],
   [
    -0.8483700156211853,
    0.5233669877052307,
    0.07972005754709244
   ],
   [
    0.06013626605272293,
    -0.05434039235115051,
    0.996709942817688
   ]
  ]
 },
 {
  "rotation_euler": [
   -0.08605917543172836,
   0.0019528407137840986,
   -2.72868013381958
  ],
  "euler_order": "XYZ",
  "rotation_matrix": [
   [
    -0.9159542322158813,
    0.39994746446609497,
    0.03270901367068291
   ],
   [
    -0.40127798914909363,
    -0.9124988317489624,
    -0.07950988411903381
   ],
   [
    -0.0019528394332155585,
    -0.08595282584428787,
    0.996297299861908
   ]
  ]
 },
 {
  "rotation_euler": [
   -0.029832735657691956,
   -0.01911396160721779,
   -0.9971363544464111
  ],
  "euler_order": "XYZ",
  "rotation_matrix": [
   [
    0.5426106452941895,
    0.839855968952179,
    0.014685316942632198
   ],
   [
    -0.8397668600082397,
    0.5419894456863403,
    0.03223419934511185
   ],
   [
    0.01911279745399952,
    -0.029822861775755882,
    0.9993724226951599
   ]
  ]
 },
 {
  "rotation_euler": [
   -0.05563703924417496,
   -0.062113676220178604,
   -1.4588855504989624
  ],
  "euler_order": "XYZ",
  "rotation_matrix": [
   [
    0.11146196722984314,
    0.9925923347473145,
    0.04833897948265076
   ],
   [
    -0.9918281435966492,
    0.10807429999113083,
    0.06780018657445908
   ],
   [
    0.06207374483346939,
    -0.05550110340118408,
    0.9965271949768066
   ]
  ]
 },
 {
  "rotation_euler": [
   0.024275921285152435,
   0.06215672567486763,
   -1.4212664365768433
  ],
  "euler_order": "XYZ",
  "rotation_matrix": [
   [
    0.14868560433387756,
    0.9887744784355164,
    -0.014751669950783253
   ],
   [
    -0.9869316816329956,
    0.1474384218454361,
    -0.0650215744972229
   ],
   [
    -0.06211670860648155,
    0.024226661771535873,
    0.9977748394012451
   ]
  ]
 },
 {
  "rotation_euler": [
   -0.11843375116586685,
   -0.13733622431755066,
   1.0544333457946777
  ],
  "euler_order": "XYZ",
  "rotation_matrix": [
   [
    0.4890718162059784,
    -0.8555422425270081,
    -0.16987110674381256
   ],
   [
    0.8614324331283569,
    0.504329264163971,
    -0.05988475680351257
   ],
   [
    0.13690491020679474,
    -0.11704453080892563,
    0.9836450815200806
   ]
  ]
 },
 {
  "rotation_euler": [
   -0.6968746185302734,
   -0.6503713726997375,
   0.4396514296531677
  ],
  "euler_order": "XYZ",
  "rotation_matrix": [
   [
    0.7201728820800781,
    0.025265280157327652,
    -0.6933344602584839
   ],
   [
    0.33873674273490906,
    0.8593273758888245,
    0.38316306471824646
   ],
   [
    0.6054819822311401,
    -0.5108014941215515,
    0.6103059649467468
   ]
  ]
 },
 {
  "rotation_euler": [
   -0.017362404614686966,
   0.0011798888444900513,
   -0.699871301651001
  ],
  "euler_order": "XYZ",
  "rotation_matrix": [
   [
    0.7649245858192444,
    0.6440064907073975,
    0.01208528783172369
   ],
   [
    -0.6441187858581543,
    0.7648230195045471,
    0.012520397081971169
   ],
   [
    -0.0011798886116594076,
    -0.01736151985824108,
    0.9998486042022705
   ]
  ]
 },
 {
  "rotation_euler": [
   -0.13991878926753998,
   0.04099193960428238,
   -2.798224449157715
  ],
  "euler_order": "XYZ",
  "rotation_matrix": [
   [
    -0.9408350586891174,
    0.3387521207332611,
    0.008740434423089027
   ],
   [
    -0.3363777697086334,
    -0.930499792098999,
    -0.14498339593410492
   ],
   [
    -0.04098046198487282,
    -0.13934554159641266,
    0.9893954992294312
   ]
  ]
 },
 {
  "rotation_euler": [
   -0.0636725053191185,
   -0.06837370991706848,
   -1.1180775165557861
  ],
  "euler_order": "XYZ",
  "rotation_matrix": [
   [
    0.4363900125026703,
    0.8993404507637024,
    0.02739590033888817
   ],
   [
    -0.897159993648529,
    0.4326164424419403,
    0.0891457349061966
   ],
   [
    0.06832044571638107,
    -0.06348081678152084,
    0.9956417679786682
   ]
  ]
 },
 {
  "rotation_euler": [
   -0.04817567393183708,
   -0.04970027878880501,
   1.3507224321365356
  ],
  "euler_order": "XYZ",
  "rotation_matrix": [
   [
    0.21803218126296997,
    -0.9742268323898315,
    -0.05782816559076309
   ],
   [
    0.9746763110160828,
    0.2203831821680069,
    -0.03791259229183197
   ],
   [
    0.049679819494485855,
    -0.048097576946020126,
    0.9976063966751099
   ]
  ]
 }
]