[
 {
  "rotation_euler": [
   -0.005242081359028816,
   -0.0054970551282167435,
   -2.2682080268859863
  ],
  "euler_order": "XYZ",
  "rotation_matrix": [
   [
    -0.6422261595726013,
    0.7664780020713806,
    0.007548413705080748
   ],
   [
    -0.7664954662322998,
    -0.6422491669654846,
    0.000846815062686801
   ],
   [
    0.005497027654200792,
    -0.005241977982223034,
    0.9999711513519287
   ]
  ]
 },
 {
  "rotation_euler": [
   -0.0052419728599488735,
   -0.005497450940310955,
   0.43259885907173157
  ],
  "euler_order": "XYZ",
  "rotation_matrix": [
   [
    0.907865583896637,
    -0.41919973492622375,
    -0.00718851899728179
   ],
   [
    0.4192253351211548,
    0.9078788757324219,
    0.0024543944746255875
   ],
   [
    0.005497423466295004,
    -0.005241869483143091,
    0.9999711513519287
   ]
  ]
 },
 {
  "rotation_euler": [
   -0.005242052022367716,
   -0.005497094709426165,
   1.6534920930862427
  ],
  "euler_order": "XYZ",
  "rotation_matrix": [
   [
    -0.08260029554367065,
    -0.9965713620185852,
    -0.004770054016262293
   ],
   [
    0.9965676069259644,
    -0.08257169276475906,
    -0.005911205895245075
   ],
   [
    0.0054970672354102135,
    -0.0052419486455619335,
    0.9999711513519287
   ]
  ]
 },
 {
  "rotation_euler": [
   -0.005241949576884508,
   -0.005497356411069632,
   -1.6945921182632446
  ],
  "euler_order": "XYZ",
  "rotation_matrix": [
   [
    -0.12347796559333801,
    0.9923298954963684,
    0.00588060962036252
   ],
   [
    -0.9923321008682251,
    -0.12350673228502274,
    0.00480791088193655
   ],
   [
    0.00549732893705368,
    -0.005241846200078726,
    0.9999711513519287
   ]
  ]
 },
 {
  "rotation_euler": [
   -0.005242030136287212,
   -0.005497166886925697,
   1.7351752519607544
  ],
  "euler_order": "XYZ",
  "rotation_matrix": [
   [
    -0.1636371910572052,
    -0.9865113496780396,
    -0.00427180714905262
   ],
   [
    0.9865052700042725,
    -0.16360898315906525,
    -0.0062807644717395306
   ],
   [
    0.005497139412909746,
    -0.00524192675948143,
    0.9999711513519287
   ]
  ]
 },
 {
  "rotation_euler": [
   -0.005242005456238985,
   -0.005496995057910681,
   -2.15647554397583
  ],
  "euler_order": "XYZ",
  "rotation_matrix": [
   [
    -0.552757203578949,
    0.8333094716072083,
    0.007406828459352255
   ],
   [
    -0.8333242535591125,
    -0.5527819395065308,
    0.0016831757966428995
   ],
   [
    0.00549696758389473,
    -0.005241902079433203,
    0.9999711513519287
   ]
  ]
 },
 {
  "rotation_euler": [
   -0.0052420306019485,
   -0.005497185979038477,
   -0.9682546854019165
  ],
  "euler_order": "XYZ",
  "rotation_matrix": [
   [
    0.5667297840118408,
    0.8239028453826904,
    0.0012034702813252807
   ],
   [
    -0.8238853812217712,
    0.5667068362236023,
    0.007499880623072386
   ],
   [
    0.005497158505022526,
    -0.005241927225142717,
    0.9999711513519287
   ]
  ]
 },
 {
  "rotation_euler": [
   -0.005242042243480682,
   -0.005497319623827934,
   -0.9134171009063721
  ],
  "euler_order": "XYZ",
  "rotation_matrix": [
   [
    0.6110351085662842,
    0.7916030883789062,
    0.00079051946522668
   ],
   [
    -0.7915843725204468,
    0.6110131740570068,
    0.007554681971669197
   ],
   [
    0.005497292149811983,
    -0.0052419388666749,
    0.9999711513519287
   ]
  ]
 },
 {
  "rotation_euler": [
   -0.005242024548351765,
   -0.005497178994119167,
   2.6221871376037598
  ],
  "euler_order": "XYZ",
  "rotation_matrix": [
   [
    -0.8681012988090515,
    -0.49638235569000244,
    0.002170149702578783
   ],
   [
    0.49635663628578186,
    -0.8680881857872009,
    -0.007279207464307547
   ],
   [
    0.005497151520103216,
    -0.005241921171545982,
    0.9999711513519287
   ]
  ]
 },
 {
  "rotation_euler": [
   -0.0052420226857066154,
   -0.005497146397829056,
   -2.820124387741089
  ],
  "euler_order": "XYZ",
  "rotation_matrix": [
   [
    -0.9487581849098206,
    0.31592828035354614,
    0.006871705409139395
   ],
   [
    -0.31595519185066223,
    -0.9487686157226562,
    -0.00323661882430315
   ],
   [
    0.005497118923813105,
    -0.005241919308900833,
    0.9999711513519287
   ]
  ]
 },
 {
  "rotation_euler": [
   -0.005242001265287399,
   -0.0054969266057014465,
   1.6692637205123901
  ],
  "euler_order": "XYZ",
  "rotation_matrix": [
   [
    -0.09830686450004578,
    -0.9951451420783997,
    -0.00467620138078928
   ],
   [
    0.9951409697532654,
    -0.09827832132577896,
    -0.005985526833683252
   ],
   [
    0.005496899131685495,
    -0.005241897888481617,
    0.9999711513519287
   ]
  ]
 },
 {
  "rotation_euler": [
   -0.005242023151367903,
   -0.005497707985341549,
   -2.735666036605835
  ],
  "euler_order": "XYZ",
  "rotation_matrix": [
   [
    -0.9187229871749878,
    0.3948383331298828,
    0.0071207620203495026
   ],
   [
    -0.3948642909526825,
    -0.918735682964325,
    -0.002645177533850074
   ],
   [
    0.005497680511325598,
    -0.0052419197745621204,
    0.9999711513519287
   ]
  ]
 },
 {
  "rotation_euler": [
   -0.005242140963673592,
   -0.005496986210346222,
   -1.335279107093811
  ],
  "euler_order": "XYZ",
  "rotation_matrix": [
   [
    0.23334243893623352,
    0.9723871350288391,
    0.0038147266022861004
   ],
   [
    -0.9723790884017944,
    0.23331473767757416,
    0.006568361539393663
   ],
   [
    0.005496958736330271,
    -0.005242037586867809,
    0.9999711513519287
   ]
  ]
 },
 {
  "rotation_euler": [
   -0.005242022220045328,
   -0.005497163161635399,
   -2.4632835388183594
  ],
  "euler_order": "XYZ",
  "rotation_matrix": [
   [
    -0.7786230444908142,
    0.6274462938308716,
    0.007569437380880117
   ],
   [
    -0.6274678707122803,
    -0.7786421775817871,
    -0.0006323218112811446
   ],
   [
    0.005497135687619448,
    -0.005241918843239546,
    0.9999711513519287
   ]
  ]
 },
 {
  "rotation_euler": [
   -0.005242033861577511,
   -0.00549727538600564,
   2.600081205368042
  ],
  "euler_order": "XYZ",
  "rotation_matrix": [
   [
    -0.856917679309845,
    -0.5154494047164917,
    0.0020087966695427895
   ],
   [
    0.5154240131378174,
    -0.8569039702415466,
    -0.007325456012040377
   ],
   [
    0.005497247911989689,
    -0.0052419304847717285,
    0.9999711513519287
   ]
  ]
 },
 {
  "rotation_euler": [
   -0.005242217797785997,
   -0.005496176891028881,
   -1.5512666702270508
  ],
  "euler_order": "XYZ",
  "rotation_matrix": [
   [
    0.019528120756149292,
    0.9997961521148682,
    0.0051338644698262215
   ],
   [
    -0.9997941851615906,
    0.019499341025948524,
    0.005597397219389677
   ],
   [
    0.00549614941701293,
    -0.005242114420980215,
    0.9999711513519287
   ]
  ]
 }
]