[
 {
  "rotation_euler": [
   -5.005233833799139e-05,
   -2.998587433467037e-06,
   0.7840177416801453
  ],
  "euler_order": "XYZ",
  "rotation_matrix": [
   [
    0.7080821990966797,
    -0.7061300277709961,
    -3.7466703361133114e-05
   ],
   [
    0.7061300277709961,
    0.7080821990966797,
    3.332377673359588e-05
   ],
   [
    2.998587433467037e-06,
    -5.005233833799139e-05,
    1.0
   ]
  ]
 },
 {
  "rotation_euler": [
   -5.085842349217273e-05,
   -4.013399745872448e-08,
   0.41565075516700745
  ],
  "euler_order": "XYZ",
  "rotation_matrix": [
   [
    0.9148537516593933,
    -0.4037853479385376,
    -2.057260280707851e-05
   ],
   [
    0.4037853479385376,
    0.9148537516593933,
    4.6511813707184047e-05
   ],
   [
    4.013399745872448e-08,
    -5.085842349217273e-05,
    1.0
   ]
  ]
 },
 {
  "rotation_euler": [
   -5.0727740017464384e-05,
   -1.7348975234199315e-06,
   2.3507888317108154
  ],
  "euler_order": "XYZ",
  "rotation_matrix": [
   [
    -0.7032740712165833,
    -0.7109187841415405,
    -3.484319677227177e-05
   ],
   [
    0.7109187841415405,
    -0.7032740712165833,
    -3.690887751872651e-05
   ],
   [
    1.7348975234199315e-06,
    -5.0727740017464384e-05,
    1.0
   ]
  ]
 },
 {
  "rotation_euler": [
   -4.9959086027229205e-05,
   4.067325335199712e-06,
   0.3917272388935089
  ],
  "euler_order": "XYZ",
  "rotation_matrix": [
   [
    0.9242510199546814,
    -0.38178539276123047,
    -1.5314419215428643e-05
   ],
   [
    0.38178539276123047,
    0.9242510199546814,
    4.772758256876841e-05
   ],
   [
    -4.067325335199712e-06,
    -4.9959086027229205e-05,
    1.0
   ]
  ]
 },
 {
  "rotation_euler": [
   -5.0866801757365465e-05,
   2.5733056574495095e-08,
   -1.1816917657852173
  ],
  "euler_order": "XYZ",
  "rotation_matrix": [
   [
    0.37936004996299744,
    0.9252490997314453,
    4.707422704086639e-05
   ],
   [
    -0.9252490997314453,
    0.37936004996299744,
    1.927302400872577e-05
   ],
   [
    -2.5733056574495095e-08,
    -5.0866801757365465e-05,
    1.0
   ]
  ]
 },
 {
  "rotation_euler": [
   -5.087990575702861e-05,
   1.1850190162476792e-07,
   -0.8852396607398987
  ],
  "euler_order": "XYZ",
  "rotation_matrix": [
   [
    0.6331040263175964,
    0.7740667462348938,
    3.945946809835732e-05
   ],
   [
    -0.7740667462348938,
    0.6331040263175964,
    3.212054434698075e-05
   ],
   [
    -1.1850190162476792e-07,
    -5.087990575702861e-05,
    1.0
   ]
  ]
 },
 {
  "rotation_euler": [
   -5.0871280109276995e-05,
   1.413462857868808e-08,
   -1.8907136917114258
  ],
  "euler_order": "XYZ",
  "rotation_matrix": [
   [
    -0.31448811292648315,
    0.9492614269256592,
    4.828569944947958e-05
   ],
   [
    -0.9492614269256592,
    -0.31448811292648315,
    -1.6011830666684546e-05
   ],
   [
    -1.413462857868808e-08,
    -5.0871280109276995e-05,
    1.0
   ]
  ]
 },
 {
  "rotation_euler": [
   -5.088249599793926e-05,
   1.2078257327630126e-07,
   -2.035965919494629
  ],
  "euler_order": "XYZ",
  "rotation_matrix": [
   [
    -0.44857439398765564,
    0.893745481967926,
    4.542182068689726e-05
   ],
   [
    -0.893745481967926,
    -0.44857439398765564,
    -2.293253237439785e-05
   ],
   [
    -1.2078257327630126e-07,
    -5.088249599793926e-05,
    1.0
   ]
  ]
 },
 {
  "rotation_euler": [
   -4.984463157597929e-05,
   -1.0716144061007071e-06,
   2.2828786373138428
  ],
  "euler_order": "XYZ",
  "rotation_matrix": [
   [
    -0.6534115076065063,
    -0.7570028901100159,
    -3.7032325053587556e-05
   ],
   [
    0.7570028901100159,
    -0.6534115076065063,
    -3.3380270906491205e-05
   ],
   [
    1.0716144061007071e-06,
    -4.984463157597929e-05,
    1.0
   ]
  ]
 },
 {
  "rotation_euler": [
   -5.085413431515917e-05,
   3.377139421445463e-07,
   -0.0014864550903439522
  ],
  "euler_order": "XYZ",
  "rotation_matrix": [
   [
    0.9999988675117493,
    0.001486454508267343,
    4.1330594058308634e-07
   ],
   [
    -0.001486454508267343,
    0.9999988675117493,
    5.085357770440169e-05
   ],
   [
    -3.377139421445463e-07,
    -5.085413431515917e-05,
    1.0
   ]
  ]
 },
 {
  "rotation_euler": [
   -5.0840972107835114e-05,
   4.925115604237362e-07,
   -2.671475648880005
  ],
  "euler_order": "XYZ",
  "rotation_matrix": [
   [
    -0.89151531457901,
    0.4529905915260315,
    2.2591400920646265e-05
   ],
   [
    -0.4529905915260315,
    -0.89151531457901,
    -4.5548607886303216e-05
   ],
   [
    -4.925115604237362e-07,
    -5.0840972107835114e-05,
    1.0
   ]
  ]
 },
 {
  "rotation_euler": [
   -5.087025056127459e-05,
   2.7503364030678767e-09,
   2.612407684326172
  ],
  "euler_order": "XYZ",
  "rotation_matrix": [
   [
    -0.8632187843322754,
    -0.5048299431800842,
    -2.568320087448228e-05
   ],
   [
    0.5048299431800842,
    -0.8632187843322754,
    -4.3910767999477684e-05
   ],
   [
    -2.7503364030678767e-09,
    -5.087025056127459e-05,
    1.0
   ]
  ]
 },
 {
  "rotation_euler": [
   -5.108334153192118e-05,
   5.4791371439932846e-06,
   1.4085133075714111
  ],
  "euler_order": "XYZ",
  "rotation_matrix": [
   [
    0.1615716516971588,
    -0.986860990524292,
    -4.952688323101029e-05
   ],
   [
    0.986860990524292,
    0.1615716516971588,
    1.3660765944223385e-05
   ],
   [
    -5.4791371439932846e-06,
    -5.108334153192118e-05,
    1.0
   ]
  ]
 },
 {
  "rotation_euler": [
   -5.0876820751000196e-05,
   7.367264487356806e-08,
   -0.9534319639205933
  ],
  "euler_order": "XYZ",
  "rotation_matrix": [
   [
    0.5788880586624146,
    0.8154070377349854,
    4.1527964640408754e-05
   ],
   [
    -0.8154070377349854,
    0.5788880586624146,
    2.9391911084530875e-05
   ],
   [
    -7.367264487356806e-08,
    -5.0876820751000196e-05,
    1.0
   ]
  ]
 },
 {
  "rotation_euler": [
   -4.9839938583318144e-05,
   3.940879651054274e-06,
   1.0654280185699463
  ],
  "euler_order": "XYZ",
  "rotation_matrix": [
   [
    0.48412972688674927,
    -0.8749962449073792,
    -4.170186002738774e-05
   ],
   [
    0.8749962449073792,
    0.48412972688674927,
    2.7577250875765458e-05
   ],
   [
    -3.940879651054274e-06,
    -4.9839938583318144e-05,
    1.0
   ]
  ]
 },
 {
  "rotation_euler": [
   -5.08814409840852e-05,
   -6.100920927565312e-06,
   1.0990046262741089
  ],
  "euler_order": "XYZ",
  "rotation_matrix": [
   [
    0.4544829726219177,
    -0.8907554149627686,
    -4.809568417840637e-05
   ],
   [
    0.8907554149627686,
    0.4544829726219177,
    1.769032132870052e-05
   ],
   [
    6.100920927565312e-06,
    -5.08814409840852e-05,
    1.0
   ]
  ]
 }
]