[
 {
  "rotation_euler": [
   -1.2858369302648498e-07,
   1.6065354202510207e-07,
   -1.4344627857208252
  ],
  "euler_order": "XYZ",
  "rotation_matrix": [
   [
    0.13591159880161285,
    0.9907209873199463,
    1.492252437174102e-07
   ],
   [
    -0.9907209873199463,
    0.13591159880161285,
    -1.41686811616637e-07
   ],
   [
    -1.6065354202510207e-07,
    -1.2858369302648498e-07,
    1.0
   ]
  ]
 },
 {
  "rotation_euler": [
   -5.533583191663638e-08,
   -1.9347224622379144e-07,
   -0.8333097100257874
  ],
  "euler_order": "XYZ",
  "rotation_matrix": [
   [
    0.6724297404289246,
    0.7401609420776367,
    -8.913906412999495e-08
   ],
   [
    -0.7401609420776367,
    0.6724297404289246,
    1.8041006910607393e-07
   ],
   [
    1.9347224622379144e-07,
    -5.533583191663638e-08,
    1.0
   ]
  ]
 },
 {
  "rotation_euler": [
   1.3078953031708807e-07,
   -5.406582204159349e-07,
   1.132508635520935
  ],
  "euler_order": "XYZ",
  "rotation_matrix": [
   [
    0.42438963055610657,
    -0.9054796695709229,
    -1.110224800981996e-07
   ],
   [
    0.9054796695709229,
    0.42438963055610657,
    -5.450607432067045e-07
   ],
   [
    5.406582204159349e-07,
    1.3078953031708807e-07,
    1.0
   ]
  ]
 },
 {
  "rotation_euler": [
   3.8165936189216154e-08,
   1.1790163512159779e-07,
   2.622509002685547
  ],
  "euler_order": "XYZ",
  "rotation_matrix": [
   [
    -0.8682741522789001,
    -0.49608469009399414,
    -8.343739921201632e-08
   ],
   [
    0.49608469009399414,
    -0.8682741522789001,
    9.16276903240032e-08
   ],
   [
    -1.1790163512159779e-07,
    3.8165936189216154e-08,
    1.0
   ]
  ]
 },
 {
  "rotation_euler": [
   -7.964530368553824e-08,
   -3.2961887086457864e-07,
   -2.6781232357025146
  ],
  "euler_order": "XYZ",
  "rotation_matrix": [
   [
    -0.8945068717002869,
    0.4470542073249817,
    3.304521101199498e-07
   ],
   [
    -0.4470542073249817,
    -0.8945068717002869,
    7.611423313846899e-08
   ],
   [
    3.2961887086457864e-07,
    -7.964530368553824e-08,
    1.0
   ]
  ]
 },
 {
  "rotation_euler": [
   7.060601348030104e-08,
   -1.8281347990978247e-07,
   1.4819704294204712
  ],
  "euler_order": "XYZ",
  "rotation_matrix": [
   [
    0.08870913833379745,
    -0.9960575699806213,
    5.411042991454451e-08
   ],
   [
    0.9960575699806213,
    0.08870913833379745,
    -1.8835615378520743e-07
   ],
   [
    1.8281347990978247e-07,
    7.060601348030104e-08,
    1.0
   ]
  ]
 },
 {
  "rotation_euler": [
   1.075672315664633e-07,
   4.0478045093550463e-07,
   -0.014714397490024567
  ],
  "euler_order": "XYZ",
  "rotation_matrix": [
   [
    0.9998917579650879,
    0.014713866636157036,
    4.0315390492651204e-07
   ],
   [
    -0.014713866636157036,
    0.9998917579650879,
    -1.1351147577443044e-07
   ],
   [
    -4.0478045093550463e-07,
    1.075672315664633e-07,
    1.0
   ]
  ]
 },
 {
  "rotation_euler": [
   2.830473810888634e-08,
   3.252208813364632e-08,
   1.1907572746276855
  ],
  "euler_order": "XYZ",
  "rotation_matrix": [
   [
    0.37095674872398376,
    -0.9286501407623291,
    3.834948714143138e-08
   ],
   [
    0.9286501407623291,
    0.37095674872398376,
    1.970180818489098e-08
   ],
   [
    -3.252208813364632e-08,
    2.830473810888634e-08,
    1.0
   ]
  ]
 },
 {
  "rotation_euler": [
   6.885670700285118e-08,
   1.1688257472997066e-07,
   -2.275580406188965
  ],
  "euler_order": "XYZ",
  "rotation_matrix": [
   [
    -0.647869348526001,
    0.7617514729499817,
    -1.2817633887607371e-07
   ],
   [
    -0.7617514729499817,
    -0.647869348526001,
    -4.4425320311347605e-08
   ],
   [
    -1.1688257472997066e-07,
    6.885670700285118e-08,
    1.0
   ]
  ]
 },
 {
  "rotation_euler": [
   -4.700705630966695e-06,
   -7.977496352395974e-07,
   1.318685531616211
  ],
  "euler_order": "XYZ",
  "rotation_matrix": [
   [
    0.24944858253002167,
    -0.968388020992279,
    -4.751104825118091e-06
   ],
   [
    0.968388020992279,
    0.24944858253002167,
    4.000531532710738e-07
   ],
   [
    7.977496352395974e-07,
    -4.700705630966695e-06,
    1.0
   ]
  ]
 },
 {
  "rotation_euler": [
   3.986442243331112e-05,
   1.2136850273236632e-05,
   1.884100317955017
  ],
  "euler_order": "XYZ",
  "rotation_matrix": [
   [
    -0.30820345878601074,
    -0.951320469379425,
    3.418322012294084e-05
   ],
   [
    0.951320469379425,
    -0.30820345878601074,
    2.3832386432331987e-05
   ],
   [
    -1.2136850273236632e-05,
    3.986442243331112e-05,
    1.0
   ]
  ]
 },
 {
  "rotation_euler": [
   -5.576835974352434e-05,
   -0.0001909052225528285,
   1.8386973142623901
  ],
  "euler_order": "XYZ",
  "rotation_matrix": [
   [
    -0.26470789313316345,
    -0.9643286466598511,
    -3.2449097489006817e-06
   ],
   [
    0.9643286466598511,
    -0.26470786333084106,
    -0.0001988576987059787
   ],
   [
    0.0001909052225528285,
    -5.576835974352434e-05,
    1.0
   ]
  ]
 },
 {
  "rotation_euler": [
   -1.2948640382148824e-08,
   2.7140780289869326e-08,
   -2.7738795280456543
  ],
  "euler_order": "XYZ",
  "rotation_matrix": [
   [
    -0.93315190076828,
    0.35948237776756287,
    -2.0671661715709888e-08
   ],
   [
    -0.35948237776756287,
    -0.93315190076828,
    -2.183968028646177e-08
   ],
   [
    -2.7140780289869326e-08,
    -1.2948640382148824e-08,
    1.0
   ]
  ]
 },
 {
  "rotation_euler": [
   -1.1020620149793103e-07,
   -2.7746986575039045e-07,
   -2.9060235023498535
  ],
  "euler_order": "XYZ",
  "rotation_matrix": [
   [
    -0.9723816514015198,
    0.23339645564556122,
    2.9552833780144283e-07
   ],
   [
    -0.23339645564556122,
    -0.9723816514015198,
    -4.2402007238706574e-08
   ],
   [
    2.7746986575039045e-07,
    -1.1020620149793103e-07,
    1.0
   ]
  ]
 },
 {
  "rotation_euler": [
   -9.534168157188105e-07,
   -2.0514411517069675e-05,
   0.80339515209198
  ],
  "euler_order": "XYZ",
  "rotation_matrix": [
   [
    0.6942671537399292,
    -0.7197173833847046,
    -1.4928673408576287e-05
   ],
   [
    0.7197173833847046,
    0.6942671537399292,
    -1.4102652130532078e-05
   ],
   [
    2.0514411517069675e-05,
    -9.534168157188105e-07,
    1.0
   ]
  ]
 },
 {
  "rotation_euler": [
   -1.0866220918615e-06,
   1.5062529428178095e-06,
   1.7488768100738525
  ],
  "euler_order": "XYZ",
  "rotation_matrix": [
   [
    -0.1771407425403595,
    -0.984185516834259,
    -1.3362564459384885e-06
   ],
   [
    0.984185516834259,
    -0.1771407425403595,
    1.2899473631478031e-06
   ],
   [
    -1.5062529428178095e-06,
    -1.0866220918615e-06,
    1.0
   ]
  ]
 }
]