[
 {
  "rotation_euler": [
   -0.00010332527745049447,
   -7.731735536253836e-07,
   -2.5858569145202637
  ],
  "euler_order": "XYZ",
  "rotation_matrix": [
   [
    -0.84951251745224,
    0.5275684595108032,
    5.516797682503238e-05
   ],
   [
    -0.5275684595108032,
    -0.84951251745224,
    -8.736821473576128e-05
   ],
   [
    7.731735536253836e-07,
    -0.00010332527745049447,
    1.0
   ]
  ]
 },
 {
  "rotation_euler": [
   -0.00010361518798163161,
   7.006735245340678e-07,
   -2.5197784900665283
  ],
  "euler_order": "XYZ",
  "rotation_matrix": [
   [
    -0.8128229975700378,
    0.5825107097625732,
    5.978743502055295e-05
   ],
   [
    -0.5825107097625732,
    -0.8128229975700378,
    -8.462896221317351e-05
   ],
   [
    -7.006735245340678e-07,
    -0.00010361518798163161,
    1.0
   ]
  ]
 },
 {
  "rotation_euler": [
   -0.00010526771075092256,
   5.541475275094854e-06,
   -1.0873968601226807
  ],
  "euler_order": "XYZ",
  "rotation_matrix": [
   [
    0.46479180455207825,
    0.8854199647903442,
    9.578176832292229e-05
   ],
   [
    -0.885420024394989,
    0.46479180455207825,
    4.4021035137120634e-05
   ],
   [
    -5.541475275094854e-06,
    -0.00010526771075092256,
    1.0
   ]
  ]
 },
 {
  "rotation_euler": [
   -0.00011158278357470408,
   3.5337852750672027e-06,
   3.1063075065612793
  ],
  "euler_order": "XYZ",
  "rotation_matrix": [
   [
    -0.9993775486946106,
    -0.035277824848890305,
    -7.467983778042253e-06
   ],
   [
    0.035277824848890305,
    -0.9993775486946106,
    -0.00011138866102555767
   ],
   [
    -3.5337852750672027e-06,
    -0.00011158278357470408,
    1.0
   ]
  ]
 },
 {
  "rotation_euler": [
   -0.00010636239312589169,
   1.1040559002140071e-05,
   -3.0762133598327637
  ],
  "euler_order": "XYZ",
  "rotation_matrix": [
   [
    -0.9978635311126709,
    0.06533272564411163,
    -4.068026100867428e-06
   ],
   [
    -0.06533272564411163,
    -0.9978635311126709,
    -0.0001068564597517252
   ],
   [
    -1.1040559002140071e-05,
    -0.00010636239312589169,
    1.0
   ]
  ]
 },
 {
  "rotation_euler": [
   -0.00010612024925649166,
   -1.4634618992204196e-06,
   1.7680559158325195
  ],
  "euler_order": "XYZ",
  "rotation_matrix": [
   [
    -0.19598279893398285,
    -0.9806073307991028,
    -0.00010377548460382968
   ],
   [
    0.9806073307991028,
    -0.19598279893398285,
    -2.2232825358514674e-05
   ],
   [
    1.4634618992204196e-06,
    -0.00010612024925649166,
    1.0
   ]
  ]
 },
 {
  "rotation_euler": [
   -0.00011121216812171042,
   3.0092003271420253e-06,
   2.16450834274292
  ],
  "euler_order": "XYZ",
  "rotation_matrix": [
   [
    -0.5594416260719299,
    -0.8288697600364685,
    -9.386386955156922e-05
   ],
   [
    0.8288697600364685,
    -0.5594416260719299,
    -5.972248254693113e-05
   ],
   [
    -3.0092003271420253e-06,
    -0.00011121216812171042,
    1.0
   ]
  ]
 },
 {
  "rotation_euler": [
   -0.00010580584785202518,
   1.8436068785376847e-05,
   2.1303398609161377
  ],
  "euler_order": "XYZ",
  "rotation_matrix": [
   [
    -0.530799388885498,
    -0.8474974632263184,
    -9.945604688255116e-05
   ],
   [
    0.8474974632263184,
    -0.530799388885498,
    -4.053715747431852e-05
   ],
   [
    -1.8436068785376847e-05,
    -0.00010580584785202518,
    1.0
   ]
  ]
 },
 {
  "rotation_euler": [
   -0.014921809546649456,
   0.008490702137351036,
   1.0082463026046753
  ],
  "euler_order": "XYZ",
  "rotation_matrix": [
   [
    0.5333257913589478,
    -0.8458712100982666,
    -0.008093942888081074
   ],
   [
    0.8458673357963562,
    0.533178448677063,
    0.015139557421207428
   ],
   [
    -0.008490599691867828,
    -0.014920718036592007,
    0.9998526573181152
   ]
  ]
 },
 {
  "rotation_euler": [
   -0.00010382379696238786,
   -1.3581995972344885e-06,
   2.139864921569824
  ],
  "euler_order": "XYZ",
  "rotation_matrix": [
   [
    -0.5388476848602295,
    -0.8424032330513,
    -8.672964031575248e-05
   ],
   [
    0.8424032330513,
    -0.5388476848602295,
    -5.708936078008264e-05
   ],
   [
    1.3581995972344885e-06,
    -0.00010382379696238786,
    1.0
   ]
  ]
 },
 {
  "rotation_euler": [
   -0.00010457883035996929,
   -7.5177881626586895e-06,
   -0.949501633644104
  ],
  "euler_order": "XYZ",
  "rotation_matrix": [
   [
    0.5820884108543396,
    0.813125491142273,
    8.06596945039928e-05
   ],
   [
    -0.813125491142273,
    0.5820884108543396,
    6.698702782159671e-05
   ],
   [
    7.5177881626586895e-06,
    -0.00010457883035996929,
    1.0
   ]
  ]
 },
 {
  "rotation_euler": [
   -0.00010364321497036144,
   7.319592327803548e-07,
   1.0063560009002686
  ],
  "euler_order": "XYZ",
  "rotation_matrix": [
   [
    0.5349430441856384,
    -0.8448881506919861,
    -8.717536547919735e-05
   ],
   [
    0.8448881506919861,
    0.5349430441856384,
    5.606163904303685e-05
   ],
   [
    -7.319592327803548e-07,
    -0.00010364321497036144,
    1.0
   ]
  ]
 },
 {
  "rotation_euler": [
   -0.00010297516564605758,
   9.796627864488983e-07,
   2.1454994678497314
  ],
  "euler_order": "XYZ",
  "rotation_matrix": [
   [
    -0.5435856580734253,
    -0.8393536806106567,
    -8.696511940797791e-05
   ],
   [
    0.8393536806106567,
    -0.5435856580734253,
    -5.5153537687147036e-05
   ],
   [
    -9.796627864488983e-07,
    -0.00010297516564605758,
    1.0
   ]
  ]
 },
 {
  "rotation_euler": [
   -0.00010300753638148308,
   -6.65323867110601e-08,
   -1.6341782808303833
  ],
  "euler_order": "XYZ",
  "rotation_matrix": [
   [
    -0.06333952397108078,
    0.9979920387268066,
    0.0001028049155138433
   ],
   [
    -0.9979920387268066,
    -0.06333952397108078,
    -6.4580494836263824e-06
   ],
   [
    6.65323867110601e-08,
    -0.00010300753638148308,
    1.0
   ]
  ]
 },
 {
  "rotation_euler": [
   0.0001901167124742642,
   0.0006391422357410192,
   2.9332871437072754
  ],
  "euler_order": "XYZ",
  "rotation_matrix": [
   [
    -0.9783825278282166,
    -0.20680245757102966,
    -0.0005860091187059879
   ],
   [
    0.20680229365825653,
    -0.9783827066421509,
    0.0003181830106768757
   ],
   [
    -0.0006391421775333583,
    0.00019011666881851852,
    0.9999997615814209
   ]
  ]
 },
 {
  "rotation_euler": [
   -0.00010369768278906122,
   4.779539253263465e-08,
   2.383751630783081
  ],
  "euler_order": "XYZ",
  "rotation_matrix": [
   [
    -0.7263216972351074,
    -0.6873549222946167,
    -7.131182792363688e-05
   ],
   [
    0.6873549222946167,
    -0.7263216972351074,
    -7.528502464992926e-05
   ],
   [
    -4.779539253263465e-08,
    -0.00010369768278906122,
    1.0
   ]
  ]
 }
]