[
 {
  "rotation_euler": [
   -6.812890205765143e-05,
   2.0877327244761545e-07,
   2.2384161949157715
  ],
  "euler_order": "XYZ",
  "rotation_matrix": [
   [
    -0.6191186308860779,
    -0.7852974534034729,
    -5.36307088623289e-05
   ],
   [
    0.7852974534034729,
    -0.6191186308860779,
    -4.201592309982516e-05
   ],
   [
    -2.0877327244761545e-07,
    -6.812890205765143e-05,
    1.0
   ]
  ]
 },
 {
  "rotation_euler": [
   -6.885797483846545e-05,
   7.774240629032647e-08,
   -0.22143644094467163
  ],
  "euler_order": "XYZ",
  "rotation_matrix": [
   [
    0.9755829572677612,
    0.21963120996952057,
    1.519920533610275e-05
   ],
   [
    -0.21963120996952057,
    0.9755829572677612,
    6.71595917083323e-05
   ],
   [
    -7.774240629032647e-08,
    -6.885797483846545e-05,
    1.0
   ]
  ]
 },
 {
  "rotation_euler": [
   -6.898956053191796e-05,
   2.503872565284837e-06,
   2.541377544403076
  ],
  "euler_order": "XYZ",
  "rotation_matrix": [
   [
    -0.825214147567749,
    -0.5648199915885925,
    -4.103291576029733e-05
   ],
   [
    0.5648199915885925,
    -0.825214147567749,
    -5.5516924476251006e-05
   ],
   [
    -2.503872565284837e-06,
    -6.898956053191796e-05,
    1.0
   ]
  ]
 },
 {
  "rotation_euler": [
   -6.63359314785339e-05,
   9.15726413950324e-05,
   1.9103354215621948
  ],
  "euler_order": "XYZ",
  "rotation_matrix": [
   [
    -0.33305254578590393,
    -0.9429082870483398,
    -9.304720151703805e-05
   ],
   [
    0.9429082870483398,
    -0.33305254578590393,
    6.425125320674852e-05
   ],
   [
    -9.15726413950324e-05,
    -6.63359314785339e-05,
    1.0
   ]
  ]
 },
 {
  "rotation_euler": [
   -6.93593974574469e-05,
   4.2060351006512064e-06,
   2.3857219219207764
  ],
  "euler_order": "XYZ",
  "rotation_matrix": [
   [
    -0.7276745438575745,
    -0.6859225630760193,
    -5.0635797379072756e-05
   ],
   [
    0.6859225630760193,
    -0.7276745438575745,
    -4.758605427923612e-05
   ],
   [
    -4.2060351006512064e-06,
    -6.93593974574469e-05,
    1.0
   ]
  ]
 },
 {
  "rotation_euler": [
   -6.918124563526362e-05,
   1.7115789887611754e-06,
   3.071208953857422
  ],
  "euler_order": "XYZ",
  "rotation_matrix": [
   [
    -0.997524082660675,
    -0.07032560557126999,
    -6.572553957084892e-06
   ],
   [
    0.07032560557126999,
    -0.997524082660675,
    -6.888958887429908e-05
   ],
   [
    -1.7115789887611754e-06,
    -6.918124563526362e-05,
    1.0
   ]
  ]
 },
 {
  "rotation_euler": [
   -6.906513590365648e-05,
   1.6509726492586196e-06,
   -1.1471012830734253
  ],
  "euler_order": "XYZ",
  "rotation_matrix": [
   [
    0.4111315608024597,
    0.9115760326385498,
    6.36368858977221e-05
   ],
   [
    -0.9115760326385498,
    0.4111315608024597,
    2.688987115107011e-05
   ],
   [
    -1.6509726492586196e-06,
    -6.906513590365648e-05,
    1.0
   ]
  ]
 },
 {
  "rotation_euler": [
   -6.92337634973228e-05,
   -4.1301419173578324e-08,
   -2.644768714904785
  ],
  "euler_order": "XYZ",
  "rotation_matrix": [
   [
    -0.8791007995605469,
    0.4766358733177185,
    3.303560151834972e-05
   ],
   [
    -0.4766358733177185,
    -0.8791007995605469,
    -6.0843773098895326e-05
   ],
   [
    4.1301419173578324e-08,
    -6.92337634973228e-05,
    1.0
   ]
  ]
 },
 {
  "rotation_euler": [
   -6.917911377968267e-05,
   1.92649599739525e-06,
   -2.555818557739258
  ],
  "euler_order": "XYZ",
  "rotation_matrix": [
   [
    -0.8332843780517578,
    0.5528445839881897,
    3.6639979953179136e-05
   ],
   [
    -0.5528445839881897,
    -0.8332843780517578,
    -5.8710927987704054e-05
   ],
   [
    -1.92649599739525e-06,
    -6.917911377968267e-05,
    1.0
   ]
  ]
 },
 {
  "rotation_euler": [
   -6.829038466094062e-05,
   2.2284318390575208e-07,
   0.07875064015388489
  ],
  "euler_order": "XYZ",
  "rotation_matrix": [
   [
    0.9969007968902588,
    -0.07866926491260529,
    -5.150202014192473e-06
   ],
   [
    0.07866926491260529,
    0.9969007968902588,
    6.809626938775182e-05
   ],
   [
    -2.2284318390575208e-07,
    -6.829038466094062e-05,
    1.0
   ]
  ]
 },
 {
  "rotation_euler": [
   -6.87802312313579e-05,
   1.202042341219567e-07,
   -2.5145633220672607
  ],
  "euler_order": "XYZ",
  "rotation_matrix": [
   [
    -0.8097741007804871,
    0.5867418050765991,
    4.025889575132169e-05
   ],
   [
    -0.5867418050765991,
    -0.8097741007804871,
    -5.576697731157765e-05
   ],
   [
    -1.202042341219567e-07,
    -6.87802312313579e-05,
    1.0
   ]
  ]
 },
 {
  "rotation_euler": [
   -6.770008621970192e-05,
   1.997518239704732e-07,
   1.8254880905151367
  ],
  "euler_order": "XYZ",
  "rotation_matrix": [
   [
    -0.2519471347332001,
    -0.9677410125732422,
    -6.556647713296115e-05
   ],
   [
    0.9677410125732422,
    -0.2519471347332001,
    -1.686353425611742e-05
   ],
   [
    -1.997518239704732e-07,
    -6.770008621970192e-05,
    1.0
   ]
  ]
 },
 {
  "rotation_euler": [
   -6.358018436003476e-05,
   9.127082012128085e-05,
   0.15490777790546417
  ],
  "euler_order": "XYZ",
  "rotation_matrix": [
   [
    0.9880257844924927,
    -0.15428899228572845,
    8.036819781409577e-05
   ],
   [
    0.15428897738456726,
    0.9880257844924927,
    7.690094207646325e-05
   ],
   [
    -9.127082012128085e-05,
    -6.358018436003476e-05,
    1.0
   ]
  ]
 },
 {
  "rotation_euler": [
   -6.895733531564474e-05,
   1.1567559340619482e-05,
   2.7074661254882812
  ],
  "euler_order": "XYZ",
  "rotation_matrix": [
   [
    -0.9072377681732178,
    -0.42061811685562134,
    -3.949923120671883e-05
   ],
   [
    0.42061811685562134,
    -0.9072377681732178,
    -5.769517520093359e-05
   ],
   [
    -1.1567559340619482e-05,
    -6.895733531564474e-05,
    1.0
   ]
  ]
 },
 {
  "rotation_euler": [
   -6.891290104249492e-05,
   4.6213278892537346e-07,
   -2.2430412769317627
  ],
  "euler_order": "XYZ",
  "rotation_matrix": [
   [
    -0.622744083404541,
    0.782425582408905,
    5.3631429182132706e-05
   ],
   [
    -0.782425582408905,
    -0.622744083404541,
    -4.327668284531683e-05
   ],
   [
    -4.6213278892537346e-07,
    -6.891290104249492e-05,
    1.0
   ]
  ]
 },
 {
  "rotation_euler": [
   -6.906800990691409e-05,
   4.9007371671905275e-06,
   -2.073225975036621
  ],
  "euler_order": "XYZ",
  "rotation_matrix": [
   [
    -0.48155632615089417,
    0.8764151334762573,
    5.817226701765321e-05
   ],
   [
    -0.8764151334762573,
    -0.48155632615089417,
    -3.755521902348846e-05
   ],
   [
    -4.9007371671905275e-06,
    -6.906800990691409e-05,
    1.0
   ]
  ]
 }
]