[
 {
  "rotation_euler": [
   -0.00023174194211605936,
   3.8304560803226195e-06,
   1.4619041681289673
  ],
  "euler_order": "XYZ",
  "rotation_matrix": [
   [
    0.10867708921432495,
    -0.9940770864486694,
    -0.00022995307517703623
   ],
   [
    0.9940770864486694,
    0.10867708176374435,
    2.8992808438488282e-05
   ],
   [
    -3.8304560803226195e-06,
    -0.00023174194211605936,
    1.0
   ]
  ]
 },
 {
  "rotation_euler": [
   -0.00023219342983793467,
   1.6413516732427524e-06,
   -2.9142556190490723
  ],
  "euler_order": "XYZ",
  "rotation_matrix": [
   [
    -0.9742700457572937,
    0.22538387775421143,
    5.073353531770408e-05
   ],
   [
    -0.22538387775421143,
    -0.9742699861526489,
    -0.00022658903617411852
   ],
   [
    -1.6413516732427524e-06,
    -0.00023219342983793467,
    1.0
   ]
  ]
 },
 {
  "rotation_euler": [
   -0.0002319229970453307,
   1.2160143114670063e-06,
   0.23520562052726746
  ],
  "euler_order": "XYZ",
  "rotation_matrix": [
   [
    0.9724664688110352,
    -0.23304294049739838,
    -5.286548548610881e-05
   ],
   [
    0.23304295539855957,
    0.9724664092063904,
    0.00022582070960197598
   ],
   [
    -1.2160143114670063e-06,
    -0.0002319229970453307,
    1.0
   ]
  ]
 },
 {
  "rotation_euler": [
   -0.00023173075169324875,
   3.788515186897712e-06,
   2.202526092529297
  ],
  "euler_order": "XYZ",
  "rotation_matrix": [
   [
    -0.5905416011810303,
    -0.8070071935653687,
    -0.00018924566393252462
   ],
   [
    0.8070071935653687,
    -0.5905415415763855,
    -0.00013378927542362362
   ],
   [
    -3.788515186897712e-06,
    -0.00023173075169324875,
    1.0
   ]
  ]
 },
 {
  "rotation_euler": [
   -0.0002287623065058142,
   4.164801339356927e-06,
   -2.615039825439453
  ],
  "euler_order": "XYZ",
  "rotation_matrix": [
   [
    -0.8645446300506592,
    0.5025560855865479,
    0.00011136523244204
   ],
   [
    -0.5025560855865479,
    -0.8645445704460144,
    -0.00019986825645901263
   ],
   [
    -4.164801339356927e-06,
    -0.0002287623065058142,
    1.0
   ]
  ]
 },
 {
  "rotation_euler": [
   0.7910089492797852,
   -1.3066868782043457,
   1.7735236883163452
  ],
  "euler_order": "XYZ",
  "rotation_matrix": [
   [
    -0.05256016179919243,
    -0.5505266189575195,
    0.8331613540649414
   ],
   [
    0.2557036876678467,
    -0.8139193058013916,
    -0.5216809511184692
   ],
   [
    0.9653253555297852,
    0.18562279641628265,
    0.18355141580104828
   ]
  ]
 },
 {
  "rotation_euler": [
   -0.00021736013877671212,
   1.0868588873336194e-07,
   0.5494305491447449
  ],
  "euler_order": "XYZ",
  "rotation_matrix": [
   [
    0.8528220057487488,
    -0.522201657295227,
    -0.00011341313802404329
   ],
   [
    0.522201657295227,
    0.8528220057487488,
    0.00018542626639828086
   ],
   [
    -1.0868588873336194e-07,
    -0.00021736013877671212,
    1.0
   ]
  ]
 },
 {
  "rotation_euler": [
   -0.0002288521354785189,
   4.1838811739580706e-06,
   2.883967876434326
  ],
  "euler_order": "XYZ",
  "rotation_matrix": [
   [
    -0.9669978618621826,
    -0.2547844350337982,
    -6.235376349650323e-05
   ],
   [
    0.2547844350337982,
    -0.9669978618621826,
    -0.0002202335454057902
   ],
   [
    -4.1838811739580706e-06,
    -0.0002288521354785189,
    1.0
   ]
  ]
 },
 {
  "rotation_euler": [
   -0.00022072230058256537,
   1.2083622777936398e-06,
   -0.826304018497467
  ],
  "euler_order": "XYZ",
  "rotation_matrix": [
   [
    0.6775985360145569,
    0.735431969165802,
    0.0001631450286367908
   ],
   [
    -0.7354320287704468,
    0.6775985360145569,
    0.0001486724358983338
   ],
   [
    -1.2083622777936398e-06,
    -0.00022072230058256537,
    1.0
   ]
  ]
 },
 {
  "rotation_euler": [
   -0.00022694541257806122,
   6.476407321542865e-08,
   0.7282734513282776
  ],
  "euler_order": "XYZ",
  "rotation_matrix": [
   [
    0.7463246583938599,
    -0.6655820608139038,
    -0.00015100245946086943
   ],
   [
    0.6655820608139038,
    0.7463246583938599,
    0.0001694180682534352
   ],
   [
    -6.476407321542865e-08,
    -0.00022694541257806122,
    1.0
   ]
  ]
 },
 {
  "rotation_euler": [
   -0.0002317947946721688,
   4.066498149768449e-06,
   2.8043458461761475
  ],
  "euler_order": "XYZ",
  "rotation_matrix": [
   [
    -0.9436692595481873,
    -0.3308902382850647,
    -8.05360687081702e-05
   ],
   [
    0.3308902382850647,
    -0.9436691999435425,
    -0.00021739205112680793
   ],
   [
    -4.066498149768449e-06,
    -0.0002317947946721688,
    1.0
   ]
  ]
 },
 {
  "rotation_euler": [
   -0.0002190626400988549,
   -5.589925322624367e-08,
   -1.7151955366134644
  ],
  "euler_order": "XYZ",
  "rotation_matrix": [
   [
    -0.1438979208469391,
    0.9895924925804138,
    0.00021679079509340227
   ],
   [
    -0.9895925521850586,
    -0.1438979208469391,
    -3.1467341614188626e-05
   ],
   [
    5.589925322624367e-08,
    -0.0002190626400988549,
    1.0
   ]
  ]
 },
 {
  "rotation_euler": [
   -0.0002204109769081697,
   -1.6076869258085935e-07,
   3.0714118480682373
  ],
  "euler_order": "XYZ",
  "rotation_matrix": [
   [
    -0.9975383281707764,
    -0.07012321054935455,
    -1.5295552657335065e-05
   ],
   [
    0.07012321054935455,
    -0.9975383281707764,
    -0.00021987967193126678
   ],
   [
    1.6076869258085935e-07,
    -0.0002204109769081697,
    1.0
   ]
  ]
 },
 {
  "rotation_euler": [
   -2.802042245864868,
   0.20041505992412567,
   -1.0964490175247192
  ],
  "euler_order": "XYZ",
  "rotation_matrix": [
   [
    0.44761547446250916,
    -0.8690847158432007,
    0.2105521261692047
   ],
   [
    -0.8717849850654602,
    -0.3716948330402374,
    0.31911417841911316
   ],
   [
    -0.1990761011838913,
    -0.3263966143131256,
    -0.9240313768386841
   ]
  ]
 },
 {
  "rotation_euler": [
   -0.0002268229436594993,
   9.909801974572474e-07,
   2.434155225753784
  ],
  "euler_order": "XYZ",
  "rotation_matrix": [
   [
    -0.7600297331809998,
    -0.649888277053833,
    -0.000148162740515545
   ],
   [
    0.649888277053833,
    -0.7600297331809998,
    -0.00017174816457554698
   ],
   [
    -9.909801974572474e-07,
    -0.0002268229436594993,
    1.0
   ]
  ]
 },
 {
  "rotation_euler": [
   -0.00022858790180180222,
   3.0099745345069095e-06,
   0.020082781091332436
  ],
  "euler_order": "XYZ",
  "rotation_matrix": [
   [
    0.9997983574867249,
    -0.020081430673599243,
    -1.5810046534170397e-06
   ],
   [
    0.020081430673599243,
    0.9997982978820801,
    0.0002286022499902174
   ],
   [
    -3.0099745345069095e-06,
    -0.00022858790180180222,
    1.0
   ]
  ]
 }
]