[
 {
  "rotation_euler": [
   0.8714352250099182,
   -1.0825170278549194,
   0.8651048541069031
  ],
  "euler_order": "XYZ",
  "rotation_matrix": [
   [
    0.30424416065216064,
    -0.9282974600791931,
    0.21377407014369965
   ],
   [
    0.3570669889450073,
    -0.0969177708029747,
    -0.9290372133255005
   ],
   [
    0.8831413388252258,
    0.3589858114719391,
    0.3019776940345764
   ]
  ]
 },
 {
  "rotation_euler": [
   1.102644920349121,
   0.565650463104248,
   -2.382342576980591
  ],
  "euler_order": "XYZ",
  "rotation_matrix": [
   [
    -0.6123716831207275,
    -0.03631243109703064,
    -0.7897356152534485
   ],
   [
    -0.5811560750007629,
    -0.6565553545951843,
    0.4808250069618225
   ],
   [
    -0.535965085029602,
    0.7534032464027405,
    0.38095271587371826
   ]
  ]
 },
 {
  "rotation_euler": [
   1.1800321340560913,
   -0.06409056484699249,
   1.0752050876617432
  ],
  "euler_order": "XYZ",
  "rotation_matrix": [
   [
    0.4745754897594452,
    -0.36323031783103943,
    0.8017742037773132
   ],
   [
    0.8778815865516663,
    0.1290413737297058,
    -0.4611639678478241
   ],
   [
    0.0640466958284378,
    0.9227198958396912,
    0.3801130950450897
   ]
  ]
 },
 {
  "rotation_euler": [
   0.7612498998641968,
   1.089637041091919,
   -1.0113061666488647
  ],
  "euler_order": "XYZ",
  "rotation_matrix": [
   [
    0.24563682079315186,
    0.938144862651825,
    -0.24402208626270294
   ],
   [
    -0.3922410011291504,
    -0.134012371301651,
    -0.9100481867790222
   ],
   [
    -0.8864589929580688,
    0.31925681233406067,
    0.3350605070590973
   ]
  ]
 },
 {
  "rotation_euler": [
   1.1349736452102661,
   -0.652519166469574,
   2.1325817108154297
  ],
  "euler_order": "XYZ",
  "rotation_matrix": [
   [
    -0.42325878143310547,
    -0.0640593022108078,
    0.9037413597106934
   ],
   [
    0.6724376082420349,
    -0.6907151341438293,
    0.2659703493118286
   ],
   [
    0.607189953327179,
    0.7202839851379395,
    0.3354271352291107
   ]
  ]
 },
 {
  "rotation_euler": [
   1.0633496046066284,
   -0.8563299179077148,
   2.4639732837677
  ],
  "euler_order": "XYZ",
  "rotation_matrix": [
   [
    -0.5104562044143677,
    0.2097179889678955,
    0.8339381217956543
   ],
   [
    0.4107802212238312,
    -0.7925217747688293,
    0.45074254274368286
   ],
   [
    0.7554429769515991,
    0.5726495981216431,
    0.31839966773986816
   ]
  ]
 },
 {
  "rotation_euler": [
   -2.0289535522460938,
   -2.4234042167663574,
   -0.049160320311784744
  ],
  "euler_order": "XYZ",
  "rotation_matrix": [
   [
    -0.7520893216133118,
    0.567711591720581,
    0.33476144075393677
   ],
   [
    0.03700276464223862,
    -0.4707625210285187,
    0.8814836740493774
   ],
   [
    0.6580216288566589,
    0.6753415465354919,
    0.333048552274704
   ]
  ]
 },
 {
  "rotation_euler": [
   1.0015841722488403,
   0.8403604626655579,
   -2.247960090637207
  ],
  "euler_order": "XYZ",
  "rotation_matrix": [
   [
    -0.41805407404899597,
    0.026905493810772896,
    -0.9080235958099365
   ],
   [
    -0.5199799537658691,
    -0.826702892780304,
    0.214902862906456
   ],
   [
    -0.74488365650177,
    0.5619950890541077,
    0.3595968186855316
   ]
  ]
 },
 {
  "rotation_euler": [
   1.094494342803955,
   0.593058705329895,
   -0.2715705931186676
  ],
  "euler_order": "XYZ",
  "rotation_matrix": [
   [
    0.7988442182540894,
    0.6014782786369324,
    0.00847366452217102
   ],
   [
    -0.2224379926919937,
    0.3084571957588196,
    -0.9248651266098022
   ],
   [
    -0.558899998664856,
    0.7369382977485657,
    0.3802008628845215
   ]
  ]
 },
 {
  "rotation_euler": [
   0.9908043146133423,
   -0.9755791425704956,
   -1.7206929922103882
  ],
  "euler_order": "XYZ",
  "rotation_matrix": [
   [
    -0.08373096585273743,
    0.6453046798706055,
    -0.7593227028846741
   ],
   [
    -0.5544013381004333,
    0.6030117273330688,
    0.5735991597175598
   ],
   [
    0.8280267715454102,
    0.4689975380897522,
    0.30726704001426697
   ]
  ]
 },
 {
  "rotation_euler": [
   1.0642995834350586,
   -0.8538904786109924,
   -0.149563729763031
  ],
  "euler_order": "XYZ",
  "rotation_matrix": [
   [
    0.6497200727462769,
    -0.5795521140098572,
    -0.49191781878471375
   ],
   [
    -0.09790567308664322,
    0.5779258608818054,
    -0.8101951479911804
   ],
   [
    0.7538423538208008,
    0.574561595916748,
    0.3187485933303833
   ]
  ]
 },
 {
  "rotation_euler": [
   1.120370626449585,
   -0.6962522268295288,
   -1.666659951210022
  ],
  "euler_order": "XYZ",
  "rotation_matrix": [
   [
    -0.07343887537717819,
    0.488614946603775,
    -0.8694033622741699
   ],
   [
    -0.7637284398078918,
    0.533058762550354,
    0.36409780383110046
   ],
   [
    0.6413466930389404,
    0.6907269954681396,
    0.3340218961238861
   ]
  ]
 },
 {
  "rotation_euler": [
   1.1843130588531494,
   0.011636459268629551,
   -2.7763798236846924
  ],
  "euler_order": "XYZ",
  "rotation_matrix": [
   [
    -0.9339845180511475,
    0.12455396354198456,
    -0.3349017798900604
   ],
   [
    -0.3571239113807678,
    -0.3559231162071228,
    0.8635862469673157
   ],
   [
    -0.01163619663566351,
    0.9261776208877563,
    0.3769078850746155
   ]
  ]
 },
 {
  "rotation_euler": [
   1.1519954204559326,
   -0.5730109810829163,
   -1.2811840772628784
  ],
  "euler_order": "XYZ",
  "rotation_matrix": [
   [
    0.2399655133485794,
    0.24827885627746582,
    -0.9384956955909729
   ],
   [
    -0.8052789568901062,
    0.5908176302909851,
    -0.04960241541266441
   ],
   [
    0.5421645641326904,
    0.7676536440849304,
    0.34170958399772644
   ]
  ]
 },
 {
  "rotation_euler": [
   1.0282913446426392,
   -0.9272615909576416,
   -2.1818313598632812
  ],
  "euler_order": "XYZ",
  "rotation_matrix": [
   [
    -0.34424474835395813,
    0.8159263134002686,
    -0.4644995629787445
   ],
   [
    -0.4914548099040985,
    0.26494890451431274,
    0.8296229243278503
   ],
   [
    0.7999798059463501,
    0.5138738751411438,
    0.3097836375236511
   ]
  ]
 },
 {
  "rotation_euler": [
   1.0719234943389893,
   -0.8337835669517517,
   2.6196377277374268
  ],
  "euler_order": "XYZ",
  "rotation_matrix": [
   [
    -0.5825890302658081,
    0.3251142203807831,
    0.7449098825454712
   ],
   [
    0.3350822329521179,
    -0.7389201521873474,
    0.5845655798912048
   ],
   [
    0.7404795289039612,
    0.5901675820350647,
    0.3215467929840088
   ]
  ]
 }
]