[
 {
  "rotation_euler": [
   -0.07267351448535919,
   0.01353386975824833,
   -0.7677299976348877
  ],
  "euler_order": "XYZ",
  "rotation_matrix": [
   [
    0.7194231748580933,
    0.6919636130332947,
    0.06013908609747887
   ],
   [
    -0.6944401860237122,
    0.7182723879814148,
    0.04286755621433258
   ],
   [
    -0.0135334562510252,
    -0.07260291278362274,
    0.9972690939903259
   ]
  ]
 },
 {
  "rotation_euler": [
   -8.735479241295252e-06,
   -2.889475945266895e-05,
   1.234321117401123
  ],
  "euler_order": "XYZ",
  "rotation_matrix": [
   [
    0.33016201853752136,
    -0.9439243078231812,
    -1.778558362275362e-05
   ],
   [
    0.9439243078231812,
    0.33016201853752136,
    -2.439034142298624e-05
   ],
   [
    2.889475945266895e-05,
    -8.735479241295252e-06,
    1.0
   ]
  ]
 },
 {
  "rotation_euler": [
   -1.3200779903854709e-05,
   -1.2293925465201028e-05,
   -1.7690187692642212
  ],
  "euler_order": "XYZ",
  "rotation_matrix": [
   [
    -0.19692689180374146,
    0.9804181456565857,
    1.5363288184744306e-05
   ],
   [
    -0.9804181456565857,
    -0.19692689180374146,
    9.453598977415822e-06
   ],
   [
    1.2293925465201028e-05,
    -1.3200779903854709e-05,
    1.0
   ]
  ]
 },
 {
  "rotation_euler": [
   0.0006321518449112773,
   0.0026802904903888702,
   1.018228530883789
  ],
  "euler_order": "XYZ",
  "rotation_matrix": [
   [
    0.5248727202415466,
    -0.8511785268783569,
    0.0019448891980573535
   ],
   [
    0.8511765003204346,
    0.5248759388923645,
    0.0019496048334985971
   ],
   [
    -0.002680287230759859,
    0.0006321495166048408,
    0.9999961853027344
   ]
  ]
 },
 {
  "rotation_euler": [
   -2.8222032142366515e-06,
   -1.0982610092469258e-06,
   0.6164132356643677
  ],
  "euler_order": "XYZ",
  "rotation_matrix": [
   [
    0.815957248210907,
    -0.5781122446060181,
    -2.5276842734456295e-06
   ],
   [
    0.5781122446060181,
    0.815957248210907,
    1.6678790188962012e-06
   ],
   [
    1.0982610092469258e-06,
    -2.8222032142366515e-06,
    1.0
   ]
  ]
 },
 {
  "rotation_euler": [
   -0.004780647810548544,
   -0.010459056124091148,
   1.251661777496338
  ],
  "euler_order": "XYZ",
  "rotation_matrix": [
   [
    0.3137277662754059,
    -0.9494807720184326,
    -0.007820621132850647
   ],
   [
    0.9494553804397583,
    0.31378883123397827,
    -0.00843075755983591
   ],
   [
    0.010458865202963352,
    -0.004780367948114872,
    0.9999338984489441
   ]
  ]
 },
 {
  "rotation_euler": [
   2.886368201870937e-05,
   -6.8840308813378215e-06,
   0.7732671499252319
  ],
  "euler_order": "XYZ",
  "rotation_matrix": [
   [
    0.715632438659668,
    -0.698477029800415,
    1.5234183592838235e-05
   ],
   [
    0.698477029800415,
    0.715632438659668,
    -2.5464125428698026e-05
   ],
   [
    6.8840308813378215e-06,
    2.886368201870937e-05,
    1.0
   ]
  ]
 },
 {
  "rotation_euler": [
   1.2650678399950266e-05,
   -1.3367832707444904e-06,
   -1.6116515398025513
  ],
  "euler_order": "XYZ",
  "rotation_matrix": [
   [
    -0.04084384813904762,
    0.9991655349731445,
    -1.2585522199515253e-05
   ],
   [
    -0.9991655349731445,
    -0.04084384813904762,
    1.8523701328376774e-06
   ],
   [
    1.3367832707444904e-06,
    1.2650678399950266e-05,
    1.0
   ]
  ]
 },
 {
  "rotation_euler": [
   2.1911802832619287e-05,
   1.1822027772723231e-05,
   2.3124520778656006
  ],
  "euler_order": "XYZ",
  "rotation_matrix": [
   [
    -0.6755096912384033,
    -0.73735111951828,
    8.170797627826687e-06
   ],
   [
    0.73735111951828,
    -0.6755096912384033,
    2.3518619855167344e-05
   ],
   [
    -1.1822027772723231e-05,
    2.1911802832619287e-05,
    1.0
   ]
  ]
 },
 {
  "rotation_euler": [
   -1.2944222362420987e-05,
   2.4724090508243535e-06,
   -0.9732512831687927
  ],
  "euler_order": "XYZ",
  "rotation_matrix": [
   [
    0.5626146197319031,
    0.8267192840576172,
    1.2092252291040495e-05
   ],
   [
    -0.8267192840576172,
    0.5626146197319031,
    5.238620360614732e-06
   ],
   [
    -2.4724090508243535e-06,
    -1.2944222362420987e-05,
    1.0
   ]
  ]
 },
 {
  "rotation_euler": [
   -1.5378289222717285,
   0.6618606448173523,
   -0.5718112587928772
  ],
  "euler_order": "XYZ",
  "rotation_matrix": [
   [
    0.6633615493774414,
    -0.4987006187438965,
    0.5578970909118652
   ],
   [
    -0.4268909990787506,
    0.36012405157089233,
    0.8295027017593384
   ],
   [
    -0.6145856976509094,
    -0.7884214520454407,
    0.02600162848830223
   ]
  ]
 },
 {
  "rotation_euler": [
   1.606780767440796,
   -2.5104165077209473,
   0.43878045678138733
  ],
  "euler_order": "XYZ",
  "rotation_matrix": [
   [
    -0.7308556437492371,
    -0.51856529712677,
    0.443779319524765
   ],
   [
    -0.3429843783378601,
    -0.2830996513366699,
    -0.8956652879714966
   ],
   [
    0.5900946855545044,
    -0.8068113923072815,
    0.029045194387435913
   ]
  ]
 },
 {
  "rotation_euler": [
   3.095570718869567e-05,
   -3.310924148536287e-05,
   0.44580286741256714
  ],
  "euler_order": "XYZ",
  "rotation_matrix": [
   [
    0.9022647738456726,
    -0.4311824142932892,
    -1.652574610488955e-05
   ],
   [
    0.4311824142932892,
    0.9022647738456726,
    -4.22063676523976e-05
   ],
   [
    3.310924148536287e-05,
    3.095570718869567e-05,
    1.0
   ]
  ]
 },
 {
  "rotation_euler": [
   -1.5417815446853638,
   0.40717068314552307,
   -2.1164028644561768
  ],
  "euler_order": "XYZ",
  "rotation_matrix": [
   [
    -0.4765109717845917,
    0.230217844247818,
    0.8484910130500793
   ],
   [
    -0.7849274277687073,
    0.323319673538208,
    -0.5285388827323914
   ],
   [
    -0.39601290225982666,
    -0.9178584814071655,
    0.02663893811404705
   ]
  ]
 },
 {
  "rotation_euler": [
   6.635567842749879e-06,
   4.438027644937392e-06,
   -2.8056540489196777
  ],
  "euler_order": "XYZ",
  "rotation_matrix": [
   [
    -0.9441013336181641,
    0.3296554386615753,
    -6.377398676704615e-06
   ],
   [
    -0.3296554386615753,
    -0.9441013336181641,
    4.801628165296279e-06
   ],
   [
    -4.438027644937392e-06,
    6.635567842749879e-06,
    1.0
   ]
  ]
 },
 {
  "rotation_euler": [
   -5.406342097558081e-06,
   -6.00402636337094e-05,
   0.8936296105384827
  ],
  "euler_order": "XYZ",
  "rotation_matrix": [
   [
    0.6265873908996582,
    -0.7793511152267456,
    -4.183391138212755e-05
   ],
   [
    0.7793511152267456,
    0.6265873908996582,
    -4.3404903408372775e-05
   ],
   [
    6.00402636337094e-05,
    -5.406342097558081e-06,
    1.0
   ]
  ]
 }
]