[
 {
  "rotation_euler": [
   -0.006726653315126896,
   -0.04359564930200577,
   0.9608418345451355
  ],
  "euler_order": "XYZ",
  "rotation_matrix": [
   [
    0.5722858905792236,
    -0.8194876313209534,
    -0.03047805093228817
   ],
   [
    0.8188952803611755,
    0.5730574727058411,
    -0.03186889737844467
   ],
   [
    0.04358183965086937,
    -0.006720211356878281,
    0.9990272521972656
   ]
  ]
 },
 {
  "rotation_euler": [
   1.8750436305999756,
   -0.7873328328132629,
   -0.02684500254690647
  ],
  "euler_order": "XYZ",
  "rotation_matrix": [
   [
    0.7054831385612488,
    -0.683732807636261,
    0.18655554950237274
   ],
   [
    -0.018943248316645622,
    -0.2813238799571991,
    -0.9594258666038513
   ],
   [
    0.7084735035896301,
    0.6733248233795166,
    -0.21142138540744781
   ]
  ]
 },
 {
  "rotation_euler": [
   -1.7003767490386963,
   0.1545536071062088,
   -2.774879217147827
  ],
  "euler_order": "XYZ",
  "rotation_matrix": [
   [
    -0.9223836660385132,
    0.0961679071187973,
    0.37411245703697205
   ],
   [
    -0.35427555441856384,
    0.17535848915576935,
    -0.9185522794723511
   ],
   [
    -0.15393903851509094,
    -0.9797964692115784,
    -0.12767785787582397
   ]
  ]
 },
 {
  "rotation_euler": [
   -1.3439416885375977,
   -2.4440865516662598,
   0.48013076186180115
  ],
  "euler_order": "XYZ",
  "rotation_matrix": [
   [
    -0.679787814617157,
    0.4512026309967041,
    -0.5781909227371216
   ],
   [
    -0.35401788353919983,
    0.48856163024902344,
    0.7974828481674194
   ],
   [
    0.642308235168457,
    0.7468090057373047,
    -0.17238442599773407
   ]
  ]
 },
 {
  "rotation_euler": [
   0.9874135851860046,
   -0.18764415383338928,
   0.2739013433456421
  ],
  "euler_order": "XYZ",
  "rotation_matrix": [
   [
    0.9458237290382385,
    -0.29888662695884705,
    0.12682373821735382
   ],
   [
    0.26574134826660156,
    0.4882034659385681,
    -0.8312875032424927
   ],
   [
    0.18654492497444153,
    0.8199537396430969,
    0.5411809682846069
   ]
  ]
 },
 {
  "rotation_euler": [
   0.10369277745485306,
   0.019142238423228264,
   -2.601715326309204
  ],
  "euler_order": "XYZ",
  "rotation_matrix": [
   [
    -0.8576145768165588,
    0.509570300579071,
    -0.06953629106283188
   ],
   [
    -0.5139365792274475,
    -0.8541828393936157,
    0.07899917662143707
   ],
   [
    -0.019141068682074547,
    0.10348809510469437,
    0.9944465160369873
   ]
  ]
 },
 {
  "rotation_euler": [
   -1.7016996145248413,
   -0.2030157893896103,
   -0.605890154838562
  ],
  "euler_order": "XYZ",
  "rotation_matrix": [
   [
    0.8051141500473022,
    0.08998022973537445,
    0.586254894733429
   ],
   [
    -0.5577982664108276,
    -0.2211361974477768,
    0.7999749183654785
   ],
   [
    0.2016240954399109,
    -0.9710831046104431,
    -0.1278490573167801
   ]
  ]
 },
 {
  "rotation_euler": [
   -1.6990891695022583,
   0.10429351031780243,
   -1.5541901588439941
  ],
  "euler_order": "XYZ",
  "rotation_matrix": [
   [
    0.016515176743268967,
    -0.12963804602622986,
    0.9914238452911377
   ],
   [
    -0.9944292306900024,
    0.10111023485660553,
    0.029786361381411552
   ],
   [
    -0.10410454124212265,
    -0.9863927960395813,
    -0.12724602222442627
   ]
  ]
 },
 {
  "rotation_euler": [
   -0.02366718463599682,
   0.04532700404524803,
   -2.0715434551239014
  ],
  "euler_order": "XYZ",
  "rotation_matrix": [
   [
    -0.47958797216415405,
    0.8774932622909546,
    -0.0009876068215817213
   ],
   [
    -0.8763231635093689,
    -0.47900599241256714,
    -0.0510983020067215
   ],
   [
    -0.04531148448586464,
    -0.023640669882297516,
    0.9986931681632996
   ]
  ]
 },
 {
  "rotation_euler": [
   -1.7014143466949463,
   -0.19950872659683228,
   0.11299555003643036
  ],
  "euler_order": "XYZ",
  "rotation_matrix": [
   [
    0.9739133715629578,
    0.20993249118328094,
    -0.08614601939916611
   ],
   [
    0.11051864176988602,
    -0.10725995153188705,
    0.9880692958831787
   ],
   [
    0.19818782806396484,
    -0.9718146324157715,
    -0.12766335904598236
   ]
  ]
 },
 {
  "rotation_euler": [
   -1.699987769126892,
   0.14141279458999634,
   0.9955660104751587
  ],
  "euler_order": "XYZ",
  "rotation_matrix": [
   [
    0.5385974645614624,
    0.032061606645584106,
    -0.8419529795646667
   ],
   [
    0.8306913375854492,
    -0.18736262619495392,
    0.5242586731910706
   ],
   [
    -0.14094194769859314,
    -0.9817674160003662,
    -0.12754634022712708
   ]
  ]
 },
 {
  "rotation_euler": [
   -1.7156448364257812,
   0.49517717957496643,
   0.4780675768852234
  ],
  "euler_order": "XYZ",
  "rotation_matrix": [
   [
    0.7812368273735046,
    -0.3510870039463043,
    -0.5161462426185608
   ],
   [
    0.40480342507362366,
    -0.3444870710372925,
    0.8470317721366882
   ],
   [
    -0.4751875698566437,
    -0.8706701993942261,
    -0.12700475752353668
   ]
  ]
 },
 {
  "rotation_euler": [
   1.9525377750396729,
   -0.8128082752227783,
   0.6726967096328735
  ],
  "euler_order": "XYZ",
  "rotation_matrix": [
   [
    0.5376942157745361,
    -0.2949954569339752,
    0.7898497581481934
   ],
   [
    0.4283556640148163,
    -0.7113113403320312,
    -0.557267963886261
   ],
   [
    0.7262206077575684,
    0.637976348400116,
    -0.2561050057411194
   ]
  ]
 },
 {
  "rotation_euler": [
   0.0119545329362154,
   0.05256115645170212,
   2.8695549964904785
  ],
  "euler_order": "XYZ",
  "rotation_matrix": [
   [
    -0.9618951678276062,
    -0.26928046345710754,
    -0.04738927260041237
   ],
   [
    0.2683236300945282,
    -0.9629878401756287,
    0.025630028918385506
   ],
   [
    -0.05253695696592331,
    0.011937739327549934,
    0.9985476136207581
   ]
  ]
 },
 {
  "rotation_euler": [
   -1.703420639038086,
   -0.2673690915107727,
   -0.8808284401893616
  ],
  "euler_order": "XYZ",
  "rotation_matrix": [
   [
    0.6138966679573059,
    0.0646975040435791,
    0.7867306470870972
   ],
   [
    -0.7438628077507019,
    -0.28614503145217896,
    0.6039777398109436
   ],
   [
    0.26419493556022644,
    -0.9559996128082275,
    -0.12753742933273315
   ]
  ]
 },
 {
  "rotation_euler": [
   -1.6991668939590454,
   0.10750246047973633,
   0.24022668600082397
  ],
  "euler_order": "XYZ",
  "rotation_matrix": [
   [
    0.96567702293396,
    -0.07289845496416092,
    -0.24930648505687714
   ],
   [
    0.23654931783676147,
    -0.149660125374794,
    0.9600241184234619
   ],
   [
    -0.10729551315307617,
    -0.9860464930534363,
    -0.12727926671504974
   ]
  ]
 }
]