[
 {
  "rotation_euler": [
   -0.689994215965271,
   -0.030163608491420746,
   0.8735330104827881
  ],
  "euler_order": "XYZ",
  "rotation_matrix": [
   [
    0.6418300271034241,
    -0.5789148807525635,
    -0.5029033422470093
   ],
   [
    0.766253650188446,
    0.5099531412124634,
    0.39090046286582947
   ],
   [
    0.030159033834934235,
    -0.6362431645393372,
    0.7708988785743713
   ]
  ]
 },
 {
  "rotation_euler": [
   -0.6899945139884949,
   -0.03016366995871067,
   2.9289069175720215
  ],
  "euler_order": "XYZ",
  "rotation_matrix": [
   [
    -0.9770228862762451,
    -0.1815645694732666,
    -0.11162703484296799
   ],
   [
    0.21098986268043518,
    -0.7498190999031067,
    -0.6271001696586609
   ],
   [
    0.03015909530222416,
    -0.6362434029579163,
    0.770898699760437
   ]
  ]
 },
 {
  "rotation_euler": [
   -0.6899943351745605,
   -0.03016642853617668,
   0.8243091106414795
  ],
  "euler_order": "XYZ",
  "rotation_matrix": [
   [
    0.6787553429603577,
    -0.5531206130981445,
    -0.48306185007095337
   ],
   [
    0.7337448000907898,
    0.5378216505050659,
    0.4151703417301178
   ],
   [
    0.03016185387969017,
    -0.6362432241439819,
    0.770898699760437
   ]
  ]
 },
 {
  "rotation_euler": [
   -0.6899942755699158,
   -0.030166031792759895,
   -0.8790306448936462
  ],
  "euler_order": "XYZ",
  "rotation_matrix": [
   [
    0.637607753276825,
    0.6062023043632507,
    0.4753683805465698
   ],
   [
    -0.7697705030441284,
    0.4771932363510132,
    0.4239575266838074
   ],
   [
    0.030161457136273384,
    -0.6362431645393372,
    0.7708987593650818
   ]
  ]
 },
 {
  "rotation_euler": [
   -0.6899913549423218,
   -0.030164998024702072,
   -0.295421838760376
  ],
  "euler_order": "XYZ",
  "rotation_matrix": [
   [
    0.956244170665741,
    0.2429111748933792,
    0.16306810081005096
   ],
   [
    -0.2910110056400299,
    0.7322510480880737,
    0.6157280206680298
   ],
   [
    0.03016042336821556,
    -0.6362409591674805,
    0.7709006667137146
   ]
  ]
 },
 {
  "rotation_euler": [
   -0.6899946928024292,
   -0.03016657941043377,
   0.7407914996147156
  ],
  "euler_order": "XYZ",
  "rotation_matrix": [
   [
    0.7375988960266113,
    -0.5063270926475525,
    -0.4467446208000183
   ],
   [
    0.6745651364326477,
    0.5820885896682739,
    0.4540206491947174
   ],
   [
    0.030162004753947258,
    -0.636243462562561,
    0.7708985209465027
   ]
  ]
 },
 {
  "rotation_euler": [
   -0.6899945735931396,
   -0.03016657568514347,
   -3.1298022270202637
  ],
  "euler_order": "XYZ",
  "rotation_matrix": [
   [
    -0.9994755387306213,
    -0.010104624554514885,
    0.030765632167458534
   ],
   [
    -0.011784789152443409,
    -0.7714222073554993,
    -0.6362144947052002
   ],
   [
    0.03016200102865696,
    -0.6362434029579163,
    0.7708985805511475
   ]
  ]
 },
 {
  "rotation_euler": [
   -0.6899933815002441,
   -0.0301650483161211,
   -2.708836317062378
  ],
  "euler_order": "XYZ",
  "rotation_matrix": [
   [
    -0.9074002504348755,
    0.3060144782066345,
    0.28806230425834656
   ],
   [
    -0.4191838502883911,
    -0.7082023620605469,
    -0.5680970549583435
   ],
   [
    0.03016047365963459,
    -0.6362425088882446,
    0.7708993554115295
   ]
  ]
 },
 {
  "rotation_euler": [
   -0.6899945139884949,
   -0.030166396871209145,
   -2.4253954887390137
  ],
  "euler_order": "XYZ",
  "rotation_matrix": [
   [
    -0.7539646029472351,
    0.491859495639801,
    0.4354441165924072
   ],
   [
    -0.6562222242355347,
    -0.5943640470504761,
    -0.46486958861351013
   ],
   [
    0.030161822214722633,
    -0.6362433433532715,
    0.7708986401557922
   ]
  ]
 },
 {
  "rotation_euler": [
   -0.6899938583374023,
   -0.030165139585733414,
   0.7402682900428772
  ],
  "euler_order": "XYZ",
  "rotation_matrix": [
   [
    0.7379517555236816,
    -0.5060235261917114,
    -0.4465057849884033
   ],
   [
    0.6741791367530823,
    0.5823531746864319,
    0.4542545974254608
   ],
   [
    0.030160564929246902,
    -0.6362428665161133,
    0.7708990573883057
   ]
  ]
 },
 {
  "rotation_euler": [
   -0.6899942755699158,
   -0.030163882300257683,
   -2.501511335372925
  ],
  "euler_order": "XYZ",
  "rotation_matrix": [
   [
    -0.8016823530197144,
    0.4452398717403412,
    0.39883187413215637
   ],
   [
    -0.5969889760017395,
    -0.6300444602966309,
    -0.49663683772087097
   ],
   [
    0.03015930764377117,
    -0.6362432241439819,
    0.7708988189697266
   ]
  ]
 },
 {
  "rotation_euler": [
   -0.6899936199188232,
   -0.030165044590830803,
   -3.1200485229492188
  ],
  "euler_order": "XYZ",
  "rotation_matrix": [
   [
    -0.9993131160736084,
    -0.002579029882326722,
    0.03696833923459053
   ],
   [
    -0.021532664075493813,
    -0.7714846730232239,
    -0.6358834505081177
   ],
   [
    0.03016046993434429,
    -0.636242687702179,
    0.77089923620224
   ]
  ]
 },
 {
  "rotation_euler": [
   -0.6899949312210083,
   -0.030163858085870743,
   -1.6480191946029663
  ],
  "euler_order": "XYZ",
  "rotation_matrix": [
   [
    -0.07711104303598404,
    0.7674697637557983,
    0.6364307403564453
   ],
   [
    -0.9965662360191345,
    -0.07863907516002655,
    -0.025915080681443214
   ],
   [
    0.03015928342938423,
    -0.6362437009811401,
    0.7708984017372131
   ]
  ]
 },
 {
  "rotation_euler": [
   -0.6899942755699158,
   -0.03016413189470768,
   1.6493240594863892
  ],
  "euler_order": "XYZ",
  "rotation_matrix": [
   [
    -0.07841136306524277,
    -0.7703788876533508,
    -0.6327464580535889
   ],
   [
    0.9964647889137268,
    -0.041363876312971115,
    -0.07312298566102982
   ],
   [
    0.03015955723822117,
    -0.6362432241439819,
    0.7708988189697266
   ]
  ]
 },
 {
  "rotation_euler": [
   -0.6899942755699158,
   -0.030162865296006203,
   -2.702169418334961
  ],
  "euler_order": "XYZ",
  "rotation_matrix": [
   [
    -0.9045855402946472,
    0.3107301592826843,
    0.2918420732021332
   ],
   [
    -0.42522406578063965,
    -0.7061454057693481,
    -0.5661653280258179
   ],
   [
    0.03015829250216484,
    -0.6362432241439819,
    0.7708988189697266
   ]
  ]
 },
 {
  "rotation_euler": [
   -0.6899946928024292,
   -0.03016616404056549,
   1.6145364046096802
  ],
  "euler_order": "XYZ",
  "rotation_matrix": [
   [
    -0.04370623826980591,
    -0.7713512182235718,
    -0.6349071264266968
   ],
   [
    0.998589038848877,
    -0.014543266035616398,
    -0.05107298865914345
   ],
   [
    0.03016158938407898,
    -0.636243462562561,
    0.7708985209465027
   ]
  ]
 }
]