[
 {
  "rotation_euler": [
   0.0027773745823651552,
   5.563799277297221e-06,
   0.25181180238723755
  ],
  "euler_order": "XYZ",
  "rotation_matrix": [
   [
    0.9684625864028931,
    -0.24915805459022522,
    0.0006973953568376601
   ],
   [
    0.24915902316570282,
    0.9684588313102722,
    -0.002688393695279956
   ],
   [
    -5.563799277297221e-06,
    0.0027773710899055004,
    0.9999961256980896
   ]
  ]
 },
 {
  "rotation_euler": [
   0.002857611747458577,
   7.641961019544397e-06,
   0.7011895179748535
  ],
  "euler_order": "XYZ",
  "rotation_matrix": [
   [
    0.7640753388404846,
    -0.6451243758201599,
    0.0018493590177968144
   ],
   [
    0.64512699842453,
    0.7640722393989563,
    -0.002178497612476349
   ],
   [
    -7.641961019544397e-06,
    0.002857607789337635,
    0.9999958872795105
   ]
  ]
 },
 {
  "rotation_euler": [
   0.0028589589055627584,
   1.26829277746765e-07,
   1.0854778289794922
  ],
  "euler_order": "XYZ",
  "rotation_matrix": [
   [
    0.46649008989334106,
    -0.8845227956771851,
    0.002528880489990115
   ],
   [
    0.8845264315605164,
    0.46648818254470825,
    -0.0013335620751604438
   ],
   [
    -1.26829277746765e-07,
    0.0028589549474418163,
    0.9999958872795105
   ]
  ]
 },
 {
  "rotation_euler": [
   0.0028635081835091114,
   3.0304788651847048e-06,
   2.1533775329589844
  ],
  "euler_order": "XYZ",
  "rotation_matrix": [
   [
    -0.5501812100410461,
    -0.835041880607605,
    0.002389488508924842
   ],
   [
    0.8350452780723572,
    -0.5501789450645447,
    0.0015779767418280244
   ],
   [
    -3.0304788651847048e-06,
    0.0028635042253881693,
    0.9999958872795105
   ]
  ]
 },
 {
  "rotation_euler": [
   0.0028582029044628143,
   1.2414041066222126e-06,
   -1.8402522802352905
  ],
  "euler_order": "XYZ",
  "rotation_matrix": [
   [
    -0.2662070691585541,
    0.9639119505882263,
    -0.0027553937397897243
   ],
   [
    -0.9639158844947815,
    -0.26620596647262573,
    0.0007596761570312083
   ],
   [
    -1.2414041066222126e-06,
    0.002858198946341872,
    0.9999958872795105
   ]
  ]
 },
 {
  "rotation_euler": [
   0.002849870128557086,
   1.890219039069052e-07,
   -2.633098602294922
  ],
  "euler_order": "XYZ",
  "rotation_matrix": [
   [
    -0.8734787106513977,
    0.48686039447784424,
    -0.001387657830491662
   ],
   [
    -0.4868623912334442,
    -0.8734751343727112,
    0.002489205449819565
   ],
   [
    -1.890219039069052e-07,
    0.002849866170436144,
    0.9999959468841553
   ]
  ]
 },
 {
  "rotation_euler": [
   0.0028574292082339525,
   7.649733561265748e-06,
   -0.7839303016662598
  ],
  "euler_order": "XYZ",
  "rotation_matrix": [
   [
    0.708143949508667,
    0.7060652375221252,
    -0.0020121196284890175
   ],
   [
    -0.7060680985450745,
    0.708141028881073,
    -0.0020288696978241205
   ],
   [
    -7.649733561265748e-06,
    0.0028574252501130104,
    0.9999959468841553
   ]
  ]
 },
 {
  "rotation_euler": [
   0.0028742568101733923,
   8.82037329574814e-06,
   -1.5136538743972778
  ],
  "euler_order": "XYZ",
  "rotation_matrix": [
   [
    0.057111360132694244,
    0.9983636736869812,
    -0.0028690577019006014
   ],
   [
    -0.9983677864074707,
    0.05711109936237335,
    -0.00017295843281317502
   ],
   [
    -8.82037329574814e-06,
    0.00287425285205245,
    0.9999958872795105
   ]
  ]
 },
 {
  "rotation_euler": [
   0.002777011599391699,
   5.3615676733898e-06,
   -0.42087244987487793
  ],
  "euler_order": "XYZ",
  "rotation_matrix": [
   [
    0.9127328395843506,
    0.40855535864830017,
    -0.0011296721640974283
   ],
   [
    -0.40855690836906433,
    0.9127293229103088,
    -0.002536857035011053
   ],
   [
    -5.3615676733898e-06,
    0.002777008106932044,
    0.9999961256980896
   ]
  ]
 },
 {
  "rotation_euler": [
   0.0027643011417239904,
   1.0883190952881705e-06,
   1.5644819736480713
  ],
  "euler_order": "XYZ",
  "rotation_matrix": [
   [
    0.006314311176538467,
    -0.9999762177467346,
    0.0027642494533210993
   ],
   [
    0.999980092048645,
    0.0063142902217805386,
    -1.6366342606488615e-05
   ],
   [
    -1.0883190952881705e-06,
    0.0027642976492643356,
    0.9999961853027344
   ]
  ]
 },
 {
  "rotation_euler": [
   0.0028788642957806587,
   6.928140010131756e-06,
   0.3310394883155823
  ],
  "euler_order": "XYZ",
  "rotation_matrix": [
   [
    0.945704996585846,
    -0.32502487301826477,
    0.000942257116548717
   ],
   [
    0.3250262439250946,
    0.9457010626792908,
    -0.002720300806686282
   ],
   [
    -6.928140010131756e-06,
    0.0028788603376597166,
    0.9999958276748657
   ]
  ]
 },
 {
  "rotation_euler": [
   0.0028587663546204567,
   1.1007334705936955e-06,
   2.5262677669525146
  ],
  "euler_order": "XYZ",
  "rotation_matrix": [
   [
    -0.8165859580039978,
    -0.5772215127944946,
    0.0016492470167577267
   ],
   [
    0.5772238373756409,
    -0.8165826201438904,
    0.0023350606206804514
   ],
   [
    -1.1007334705936955e-06,
    0.0028587623964995146,
    0.9999958872795105
   ]
  ]
 },
 {
  "rotation_euler": [
   0.002874389523640275,
   6.557049346156418e-06,
   2.125319480895996
  ],
  "euler_order": "XYZ",
  "rotation_matrix": [
   [
    -0.5265379548072815,
    -0.8501481413841248,
    0.002440210897475481
   ],
   [
    0.8501515984535217,
    -0.5265357494354248,
    0.0015190476551651955
   ],
   [
    -6.557049346156418e-06,
    0.002874385565519333,
    0.9999958872795105
   ]
  ]
 },
 {
  "rotation_euler": [
   0.002860948210582137,
   8.312718819070142e-06,
   2.470818042755127
  ],
  "euler_order": "XYZ",
  "rotation_matrix": [
   [
    -0.7833403944969177,
    -0.6215904355049133,
    0.0017718311864882708
   ],
   [
    0.6215929388999939,
    -0.7833371758460999,
    0.0022462604101747274
   ],
   [
    -8.312718819070142e-06,
    0.002860944252461195,
    0.9999958872795105
   ]
  ]
 },
 {
  "rotation_euler": [
   0.0027155354619026184,
   4.414037448441377e-06,
   -1.0556895732879639
  ],
  "euler_order": "XYZ",
  "rotation_matrix": [
   [
    0.49262773990631104,
    0.8702369332313538,
    -0.0023609905038028955
   ],
   [
    -0.8702401518821716,
    0.4926259219646454,
    -0.0013415877474471927
   ],
   [
    -4.414037448441377e-06,
    0.0027155322022736073,
    0.9999963045120239
   ]
  ]
 },
 {
  "rotation_euler": [
   0.0027752183377742767,
   5.644631073664641e-06,
   1.9783413410186768
  ],
  "euler_order": "XYZ",
  "rotation_matrix": [
   [
    -0.39635661244392395,
    -0.9180930852890015,
    0.0025456780567765236
   ],
   [
    0.918096661567688,
    -0.3963550627231598,
    0.001105157076381147
   ],
   [
    -5.644631073664641e-06,
    0.002775214845314622,
    0.9999961256980896
   ]
  ]
 }
]