[
 {
  "rotation_euler": [
   1.300262212753296,
   -0.42346203327178955,
   -1.704117774963379
  ],
  "euler_order": "XYZ",
  "rotation_matrix": [
   [
    -0.12118565291166306,
    0.31751006841659546,
    -0.9404793381690979
   ],
   [
    -0.9035815000534058,
    0.35693520307540894,
    0.2369341105222702
   ],
   [
    0.4109191596508026,
    0.8785127401351929,
    0.24364078044891357
   ]
  ]
 },
 {
  "rotation_euler": [
   0.2494320124387741,
   -1.4632741212844849,
   -2.8832380771636963
  ],
  "euler_order": "XYZ",
  "rotation_matrix": [
   [
    -0.10375353693962097,
    0.48486605286598206,
    0.868412435054779
   ],
   [
    -0.027417955920100212,
    -0.8741871118545532,
    0.48481452465057373
   ],
   [
    0.994225025177002,
    0.026491129770874977,
    0.10399404168128967
   ]
  ]
 },
 {
  "rotation_euler": [
   0.015573747456073761,
   -0.025992777198553085,
   0.44198477268218994
  ],
  "euler_order": "XYZ",
  "rotation_matrix": [
   [
    0.9035991430282593,
    -0.42804834246635437,
    -0.01682833582162857
   ],
   [
    0.42758986353874207,
    0.9036217331886292,
    -0.0251920148730278
   ],
   [
    0.025989850983023643,
    0.015567857772111893,
    0.9995409846305847
   ]
  ]
 },
 {
  "rotation_euler": [
   0.002475944347679615,
   0.006473408546298742,
   0.5864447951316833
  ],
  "euler_order": "XYZ",
  "rotation_matrix": [
   [
    0.8328959345817566,
    -0.5533882975578308,
    0.006761929020285606
   ],
   [
    0.5533917546272278,
    0.832919716835022,
    0.00152012484613806
   ],
   [
    -0.0064733633771538734,
    0.002475889865309,
    0.9999759793281555
   ]
  ]
 },
 {
  "rotation_euler": [
   1.2482020854949951,
   -0.7138325572013855,
   -2.481423854827881
  ],
  "euler_order": "XYZ",
  "rotation_matrix": [
   [
    -0.5970438122749329,
    0.6849081516265869,
    -0.41765958070755005
   ],
   [
    -0.46353015303611755,
    0.13038799166679382,
    0.8764352798461914
   ],
   [
    0.6547354459762573,
    0.7168680429458618,
    0.23962822556495667
   ]
  ]
 },
 {
  "rotation_euler": [
   -0.01095110084861517,
   -0.014321892522275448,
   -1.9477107524871826
  ],
  "euler_order": "XYZ",
  "rotation_matrix": [
   [
    -0.36801549792289734,
    0.9296912550926208,
    0.015452904626727104
   ],
   [
    -0.9297093749046326,
    -0.36817699670791626,
    0.00928480178117752
   ],
   [
    0.0143214026466012,
    -0.010949758812785149,
    0.9998374581336975
   ]
  ]
 },
 {
  "rotation_euler": [
   1.2004364728927612,
   -0.8849711418151855,
   -0.5519037842750549
  ],
  "euler_order": "XYZ",
  "rotation_matrix": [
   [
    0.5392826795578003,
    -0.4245387017726898,
    -0.7272833585739136
   ],
   [
    -0.33205127716064453,
    0.6864607930183411,
    -0.64692622423172
   ],
   [
    0.7738966941833496,
    0.5903714895248413,
    0.22922779619693756
   ]
  ]
 },
 {
  "rotation_euler": [
   0.24935899674892426,
   -1.4632742404937744,
   1.1823879480361938
  ],
  "euler_order": "XYZ",
  "rotation_matrix": [
   [
    0.040641900151968,
    -0.9898084998130798,
    -0.13648231327533722
   ],
   [
    0.09932145476341248,
    0.13992072641849518,
    -0.9851687550544739
   ],
   [
    0.9942250847816467,
    0.026483505964279175,
    0.10399585962295532
   ]
  ]
 },
 {
  "rotation_euler": [
   0.24942739307880402,
   -1.463274359703064,
   2.3287177085876465
  ],
  "euler_order": "XYZ",
  "rotation_matrix": [
   [
    -0.0737696960568428,
    -0.5350839495658875,
    0.8415718674659729
   ],
   [
    0.0779392197728157,
    -0.8443834781646729,
    -0.5300396680831909
   ],
   [
    0.9942250847816467,
    0.0264905896037817,
    0.10399393737316132
   ]
  ]
 },
 {
  "rotation_euler": [
   0.005957526154816151,
   -0.013099276460707188,
   -2.953322172164917
  ],
  "euler_order": "XYZ",
  "rotation_matrix": [
   [
    -0.982245147228241,
    0.1872335523366928,
    0.011752203106880188
   ],
   [
    -0.18714416027069092,
    -0.9822973608970642,
    0.008303768001496792
   ],
   [
    0.013098902069032192,
    0.005956979934126139,
    0.9998964667320251
   ]
  ]
 },
 {
  "rotation_euler": [
   0.24943388998508453,
   -1.4632740020751953,
   -2.39027738571167
  ],
  "euler_order": "XYZ",
  "rotation_matrix": [
   [
    -0.0784251019358635,
    0.8408337235450745,
    0.5355820655822754
   ],
   [
    -0.07325346022844315,
    -0.5406448841094971,
    0.8380555510520935
   ],
   [
    0.994225025177002,
    0.026491353288292885,
    0.10399410873651505
   ]
  ]
 },
 {
  "rotation_euler": [
   -0.003595254849642515,
   -0.0029179195407778025,
   -3.1332173347473145
  ],
  "euler_order": "XYZ",
  "rotation_matrix": [
   [
    -0.9999606609344482,
    0.008364676497876644,
    0.0029479051008820534
   ],
   [
    -0.008375185541808605,
    -0.9999585747718811,
    -0.003570683067664504
   ],
   [
    0.0029179153498262167,
    -0.0035952317994087934,
    0.9999892711639404
   ]
  ]
 },
 {
  "rotation_euler": [
   1.1885757446289062,
   -0.9243060350418091,
   1.5266647338867188
  ],
  "euler_order": "XYZ",
  "rotation_matrix": [
   [
    0.026575742289423943,
    -0.40529197454452515,
    0.9138009548187256
   ],
   [
    0.6018021702766418,
    -0.7234275341033936,
    -0.33835893869400024
   ],
   [
    0.7982029318809509,
    0.5589194893836975,
    0.22467996180057526
   ]
  ]
 },
 {
  "rotation_euler": [
   0.0011514554498717189,
   -0.0011914233909919858,
   -2.9946608543395996
  ],
  "euler_order": "XYZ",
  "rotation_matrix": [
   [
    -0.9892242550849915,
    0.1464049518108368,
    0.0010100073413923383
   ],
   [
    -0.14640358090400696,
    -0.9892240762710571,
    0.001313476823270321
   ],
   [
    0.0011914231581613421,
    0.0011514544021338224,
    0.9999986290931702
   ]
  ]
 },
 {
  "rotation_euler": [
   0.24943210184574127,
   -1.4632741212844849,
   -2.9405016899108887
  ],
  "euler_order": "XYZ",
  "rotation_matrix": [
   [
    -0.1051526665687561,
    0.4340396225452423,
    0.8947359919548035
   ],
   [
    -0.021434959024190903,
    -0.9005042314529419,
    0.4343186914920807
   ],
   [
    0.994225025177002,
    0.026491139084100723,
    0.10399404168128967
   ]
  ]
 },
 {
  "rotation_euler": [
   0.24942420423030853,
   -1.4632742404937744,
   2.6212270259857178
  ],
  "euler_order": "XYZ",
  "rotation_matrix": [
   [
    -0.09311053901910782,
    -0.26887547969818115,
    0.9586638808250427
   ],
   [
    0.053356755524873734,
    -0.9628105759620667,
    -0.264856219291687
   ],
   [
    0.9942250847816467,
    0.026490287855267525,
    0.10399413108825684
   ]
  ]
 }
]