[
 {
  "rotation_euler": [
   1.156327247619629,
   -2.251230001449585,
   -0.1317136287689209
  ],
  "euler_order": "XYZ",
  "rotation_matrix": [
   [
    -0.623680830001831,
    -0.6524351239204407,
    -0.43052369356155396
   ],
   [
    0.0826256275177002,
    0.4926576018333435,
    -0.8662918210029602
   ],
   [
    0.7772999405860901,
    -0.5758618712425232,
    -0.2533532381057739
   ]
  ]
 },
 {
  "rotation_euler": [
   -1.9025040864944458,
   1.004888892173767,
   0.6881768703460693
  ],
  "euler_order": "XYZ",
  "rotation_matrix": [
   [
    0.41414979100227356,
    -0.4096122980117798,
    -0.8128331303596497
   ],
   [
    0.34054529666900635,
    -0.7584299445152283,
    0.5557093620300293
   ],
   [
    -0.8441023826599121,
    -0.5069534182548523,
    -0.17461204528808594
   ]
  ]
 },
 {
  "rotation_euler": [
   -1.8765356540679932,
   -1.0007094144821167,
   -0.2044333517551422
  ],
  "euler_order": "XYZ",
  "rotation_matrix": [
   [
    0.528466522693634,
    0.7249888181686401,
    0.4417175352573395
   ],
   [
    -0.1095668226480484,
    -0.45771127939224243,
    0.8823239207267761
   ],
   [
    0.8418540954589844,
    -0.5146762132644653,
    -0.16245035827159882
   ]
  ]
 },
 {
  "rotation_euler": [
   -1.970819115638733,
   -0.9488959908485413,
   0.2735153138637543
  ],
  "euler_order": "XYZ",
  "rotation_matrix": [
   [
    0.5609246492385864,
    0.8259729146957397,
    0.055967073887586594
   ],
   [
    0.15736539661884308,
    -0.1727510243654251,
    0.9723133444786072
   ],
   [
    0.812772810459137,
    -0.5365872383117676,
    -0.22687986493110657
   ]
  ]
 },
 {
  "rotation_euler": [
   1.1210834980010986,
   -2.4424245357513428,
   -0.5695598721504211
  ],
  "euler_order": "XYZ",
  "rotation_matrix": [
   [
    -0.644554078578949,
    -0.25367531180381775,
    -0.7212481498718262
   ],
   [
    0.41273877024650574,
    0.6786345839500427,
    -0.6075375080108643
   ],
   [
    0.643581211566925,
    -0.6892778277397156,
    -0.33271506428718567
   ]
  ]
 },
 {
  "rotation_euler": [
   -1.9693102836608887,
   0.9545098543167114,
   -0.9327216148376465
  ],
  "euler_order": "XYZ",
  "rotation_matrix": [
   [
    0.34429097175598145,
    -0.7596778273582458,
    0.5516822338104248
   ],
   [
    -0.4642821252346039,
    0.3729664981365204,
    0.803329348564148
   ],
   [
    -0.8160305023193359,
    -0.5327152609825134,
    -0.22429583966732025
   ]
  ]
 },
 {
  "rotation_euler": [
   -2.0145933628082275,
   0.7366711497306824,
   1.795113205909729
  ],
  "euler_order": "XYZ",
  "rotation_matrix": [
   [
    -0.16476362943649292,
    0.5535789132118225,
    -0.8163352608680725
   ],
   [
    0.7221515774726868,
    -0.49603384733200073,
    -0.4821281433105469
   ],
   [
    -0.6718259453773499,
    -0.6689549684524536,
    -0.31803956627845764
   ]
  ]
 },
 {
  "rotation_euler": [
   1.248374104499817,
   -2.1483795642852783,
   -0.22049805521965027
  ],
  "euler_order": "XYZ",
  "rotation_matrix": [
   [
    -0.5327813625335693,
    -0.7060721516609192,
    -0.46648266911506653
   ],
   [
    0.1194189190864563,
    0.48298773169517517,
    -0.8674456477165222
   ],
   [
    0.8377846479415894,
    -0.517865777015686,
    -0.1730084866285324
   ]
  ]
 },
 {
  "rotation_euler": [
   1.1718884706497192,
   -2.1885650157928467,
   -0.1788480132818222
  ],
  "euler_order": "XYZ",
  "rotation_matrix": [
   [
    -0.5699787735939026,
    -0.6700915098190308,
    -0.4755014181137085
   ],
   [
    0.10304056107997894,
    0.5158469676971436,
    -0.8504613637924194
   ],
   [
    0.8151729106903076,
    -0.5337408781051636,
    -0.22497521340847015
   ]
  ]
 },
 {
  "rotation_euler": [
   -1.9436227083206177,
   0.9797765612602234,
   0.8508045077323914
  ],
  "euler_order": "XYZ",
  "rotation_matrix": [
   [
    0.3674110472202301,
    -0.23606906831264496,
    -0.8996002078056335
   ],
   [
    0.4189152419567108,
    -0.8215742707252502,
    0.3866855204105377
   ],
   [
    -0.8303728699684143,
    -0.5189287662506104,
    -0.20296254754066467
   ]
  ]
 },
 {
  "rotation_euler": [
   2.1812503337860107,
   1.9958691596984863,
   -0.049514465034008026
  ],
  "euler_order": "XYZ",
  "rotation_matrix": [
   [
    -0.4118817150592804,
    0.7171825170516968,
    -0.5621411204338074
   ],
   [
    0.02041078545153141,
    -0.6094828844070435,
    -0.7925364375114441
   ],
   [
    -0.9110087156295776,
    -0.33790501952171326,
    0.23639661073684692
   ]
  ]
 },
 {
  "rotation_euler": [
   -1.9935576915740967,
   -0.8514951467514038,
   0.2437393069267273
  ],
  "euler_order": "XYZ",
  "rotation_matrix": [
   [
    0.6393848061561584,
    0.7647730112075806,
    0.07943136245012283
   ],
   [
    0.15900450944900513,
    -0.23259004950523376,
    0.9594891667366028
   ],
   [
    0.7522663474082947,
    -0.6008528470993042,
    -0.2703168988227844
   ]
  ]
 },
 {
  "rotation_euler": [
   1.0622962713241577,
   -2.999117612838745,
   -0.05023327097296715
  ],
  "euler_order": "XYZ",
  "rotation_matrix": [
   [
    -0.9886189699172974,
    -0.09942477196455002,
    -0.11290393024682999
   ],
   [
    0.04970337823033333,
    0.49248120188713074,
    -0.8689026832580566
   ],
   [
    0.14199350774288177,
    -0.8646253347396851,
    -0.48193448781967163
   ]
  ]
 },
 {
  "rotation_euler": [
   1.160097360610962,
   2.2351696491241455,
   0.2716355621814728
  ],
  "euler_order": "XYZ",
  "rotation_matrix": [
   [
    -0.5939584374427795,
    0.5882437825202942,
    0.548801064491272
   ],
   [
    -0.16542917490005493,
    0.5782841444015503,
    -0.7988871335983276
   ],
   [
    -0.7873033285140991,
    -0.5652934908866882,
    -0.24616408348083496
   ]
  ]
 },
 {
  "rotation_euler": [
   1.1515793800354004,
   2.273510456085205,
   -0.21211405098438263
  ],
  "euler_order": "XYZ",
  "rotation_matrix": [
   [
    -0.6318065524101257,
    0.7670859098434448,
    0.11135406792163849
   ],
   [
    0.13606177270412445,
    0.251182496547699,
    -0.9583290219306946
   ],
   [
    -0.7630909085273743,
    -0.5903275012969971,
    -0.2630698084831238
   ]
  ]
 },
 {
  "rotation_euler": [
   -1.9030190706253052,
   -0.9902746081352234,
   1.683236837387085
  ],
  "euler_order": "XYZ",
  "rotation_matrix": [
   [
    -0.061539288610219955,
    0.23539358377456665,
    -0.9699499011039734
   ],
   [
    0.5449968576431274,
    0.8220574259757996,
    0.16492432355880737
   ],
   [
    0.8361766338348389,
    -0.518470287322998,
    -0.178877592086792
   ]
  ]
 }
]