[
 {
  "rotation_euler": [
   -2.1413616195786744e-06,
   3.336777183449158e-07,
   1.6357767581939697
  ],
  "euler_order": "XYZ",
  "rotation_matrix": [
   [
    -0.06493470817804337,
    -0.997889518737793,
    -2.1585094600595767e-06
   ],
   [
    0.997889518737793,
    -0.06493470817804337,
    1.9392479089219705e-07
   ],
   [
    -3.336777183449158e-07,
    -2.1413616195786744e-06,
    1.0
   ]
  ]
 },
 {
  "rotation_euler": [
   2.886118409151095e-06,
   4.2792802901203686e-07,
   1.0805695056915283
  ],
  "euler_order": "XYZ",
  "rotation_matrix": [
   [
    0.47082599997520447,
    -0.8822261095046997,
    2.747688540694071e-06
   ],
   [
    0.8822261095046997,
    0.47082599997520447,
    -9.81330344984599e-07
   ],
   [
    -4.2792802901203686e-07,
    2.886118409151095e-06,
    1.0
   ]
  ]
 },
 {
  "rotation_euler": [
   -2.339160118935979e-06,
   -5.679710284312023e-07,
   1.449272871017456
  ],
  "euler_order": "XYZ",
  "rotation_matrix": [
   [
    0.12122456729412079,
    -0.9926251173019409,
    -2.390761210335768e-06
   ],
   [
    0.9926251173019409,
    0.12122456729412079,
    -2.802186145345331e-07
   ],
   [
    5.679710284312023e-07,
    -2.339160118935979e-06,
    1.0
   ]
  ]
 },
 {
  "rotation_euler": [
   1.676023885011091e-06,
   4.943554472447431e-07,
   -1.0499322414398193
  ],
  "euler_order": "XYZ",
  "rotation_matrix": [
   [
    0.4976298213005066,
    0.8673895001411438,
    -1.2077595101800398e-06
   ],
   [
    -0.8673895001411438,
    0.4976298213005066,
    -1.2628381682588952e-06
   ],
   [
    -4.943554472447431e-07,
    1.676023885011091e-06,
    1.0
   ]
  ]
 },
 {
  "rotation_euler": [
   4.462705419427948e-06,
   -1.7541742636240087e-07,
   -2.927947521209717
  ],
  "euler_order": "XYZ",
  "rotation_matrix": [
   [
    -0.9772645831108093,
    0.2120235562324524,
    -7.747694326099008e-07
   ],
   [
    -0.2120235562324524,
    -0.9772645831108093,
    4.398436431074515e-06
   ],
   [
    1.7541742636240087e-07,
    4.462705419427948e-06,
    1.0
   ]
  ]
 },
 {
  "rotation_euler": [
   -2.8177730655443156e-06,
   -3.4260185088896833e-07,
   -1.759985327720642
  ],
  "euler_order": "XYZ",
  "rotation_matrix": [
   [
    -0.18806242942810059,
    0.9821570515632629,
    2.8319263947196305e-06
   ],
   [
    -0.9821570515632629,
    -0.18806242942810059,
    -1.9342841994784976e-07
   ],
   [
    3.4260185088896833e-07,
    -2.8177730655443156e-06,
    1.0
   ]
  ]
 },
 {
  "rotation_euler": [
   -9.544729437038768e-06,
   1.6100163975352189e-06,
   0.9729920625686646
  ],
  "euler_order": "XYZ",
  "rotation_matrix": [
   [
    0.5628288984298706,
    -0.8265734314918518,
    -6.983255843806546e-06
   ],
   [
    0.8265734314918518,
    0.5628288984298706,
    6.7028463490714785e-06
   ],
   [
    -1.6100163975352189e-06,
    -9.544729437038768e-06,
    1.0
   ]
  ]
 },
 {
  "rotation_euler": [
   4.503880973061314e-06,
   -1.4995734431977326e-08,
   1.9160290956497192
  ],
  "euler_order": "XYZ",
  "rotation_matrix": [
   [
    -0.3384157121181488,
    -0.9409967064857483,
    4.2432120608282275e-06
   ],
   [
    0.9409967064857483,
    -0.3384157121181488,
    1.510073161625769e-06
   ],
   [
    1.4995734431977326e-08,
    4.503880973061314e-06,
    1.0
   ]
  ]
 },
 {
  "rotation_euler": [
   5.363927812140901e-06,
   -3.8473615404654993e-07,
   -0.1328253597021103
  ],
  "euler_order": "XYZ",
  "rotation_matrix": [
   [
    0.9911916851997375,
    0.132435142993927,
    -1.0917198096649372e-06
   ],
   [
    -0.132435142993927,
    0.9911916851997375,
    -5.265727850201074e-06
   ],
   [
    3.8473615404654993e-07,
    5.363927812140901e-06,
    1.0
   ]
  ]
 },
 {
  "rotation_euler": [
   1.212443521581008e-06,
   -2.2418093692522234e-07,
   0.8529602289199829
  ],
  "euler_order": "XYZ",
  "rotation_matrix": [
   [
    0.6577562689781189,
    -0.7532308101654053,
    7.657934020244284e-07
   ],
   [
    0.7532308101654053,
    0.6577562689781189,
    -9.663523314884515e-07
   ],
   [
    2.2418093692522234e-07,
    1.212443521581008e-06,
    1.0
   ]
  ]
 },
 {
  "rotation_euler": [
   5.669559413945535e-06,
   7.941057447169442e-07,
   -0.1244020164012909
  ],
  "euler_order": "XYZ",
  "rotation_matrix": [
   [
    0.9922720193862915,
    0.12408139556646347,
    8.448209598554968e-08
   ],
   [
    -0.12408139556646347,
    0.9922720193862915,
    -5.7242791626777034e-06
   ],
   [
    -7.941057447169442e-07,
    5.669559413945535e-06,
    1.0
   ]
  ]
 },
 {
  "rotation_euler": [
   -5.042783868702827e-06,
   9.866369055089308e-07,
   1.8569920063018799
  ],
  "euler_order": "XYZ",
  "rotation_matrix": [
   [
    -0.28230470418930054,
    -0.9593247771263123,
    -5.1161996452719904e-06
   ],
   [
    0.9593247771263123,
    -0.28230470418930054,
    -4.770963073497114e-07
   ],
   [
    -9.866369055089308e-07,
    -5.042783868702827e-06,
    1.0
   ]
  ]
 },
 {
  "rotation_euler": [
   -1.3879234757041559e-06,
   3.6722704521707783e-07,
   0.051052529364824295
  ],
  "euler_order": "XYZ",
  "rotation_matrix": [
   [
    0.9986971020698547,
    -0.05103035643696785,
    2.959223479592765e-07
   ],
   [
    0.05103035643696785,
    0.9986971020698547,
    1.4048548564460361e-06
   ],
   [
    -3.6722704521707783e-07,
    -1.3879234757041559e-06,
    1.0
   ]
  ]
 },
 {
  "rotation_euler": [
   3.872642537317006e-06,
   5.443380359793082e-07,
   1.870357871055603
  ],
  "euler_order": "XYZ",
  "rotation_matrix": [
   [
    -0.2951013147830963,
    -0.9554659724235535,
    3.539543286024127e-06
   ],
   [
    0.9554659724235535,
    -0.2951013147830963,
    1.6629182937322184e-06
   ],
   [
    -5.443380359793082e-07,
    3.872642537317006e-06,
    1.0
   ]
  ]
 },
 {
  "rotation_euler": [
   1.3795147424389143e-06,
   -4.4685768330055e-07,
   -2.6179616451263428
  ],
  "euler_order": "XYZ",
  "rotation_matrix": [
   [
    -0.8660092949867249,
    0.5000278949737549,
    -3.0281296403700253e-07
   ],
   [
    -0.5000278949737549,
    -0.8660092949867249,
    1.4181139249558328e-06
   ],
   [
    4.4685768330055e-07,
    1.3795147424389143e-06,
    1.0
   ]
  ]
 },
 {
  "rotation_euler": [
   3.5842197121382924e-06,
   3.6900357258673466e-07,
   -1.0707694292068481
  ],
  "euler_order": "XYZ",
  "rotation_matrix": [
   [
    0.47944915294647217,
    0.8775696754455566,
    -2.968484068333055e-06
   ],
   [
    -0.8775696754455566,
    0.47944915294647217,
    -2.042277401415049e-06
   ],
   [
    -3.6900357258673466e-07,
    3.5842197121382924e-06,
    1.0
   ]
  ]
 }
]