[
 {
  "rotation_euler": [
   -1.4858945608139038,
   -0.007784194778650999,
   -1.3417434692382812
  ],
  "euler_order": "XYZ",
  "rotation_matrix": [
   [
    0.2270483374595642,
    0.08434604853391647,
    0.9702240824699402
   ],
   [
    -0.9738523960113525,
    0.011700734496116638,
    0.22688022255897522
   ],
   [
    0.007784116081893444,
    -0.9963678121566772,
    0.08479723334312439
   ]
  ]
 },
 {
  "rotation_euler": [
   1.6005456447601318,
   0.08406122028827667,
   -2.5960021018981934
  ],
  "euler_order": "XYZ",
  "rotation_matrix": [
   [
    -0.8518025875091553,
    -0.08717627078294754,
    -0.5165585279464722
   ],
   [
    -0.5170906186103821,
    -0.01812407560646534,
    0.8557387590408325
   ],
   [
    -0.08396225422620773,
    0.9960280060768127,
    -0.029639897868037224
   ]
  ]
 },
 {
  "rotation_euler": [
   1.8094079494476318,
   0.28830963373184204,
   -0.8805211186408997
  ],
  "euler_order": "XYZ",
  "rotation_matrix": [
   [
    0.6104681491851807,
    -0.006326899863779545,
    -0.792015552520752
   ],
   [
    -0.7392455339431763,
    -0.3635265529155731,
    -0.5668901801109314
   ],
   [
    -0.2843320369720459,
    0.9315623641014099,
    -0.22659851610660553
   ]
  ]
 },
 {
  "rotation_euler": [
   -1.4858933687210083,
   -0.007786095142364502,
   -3.0317835807800293
  ],
  "euler_order": "XYZ",
  "rotation_matrix": [
   [
    -0.99394690990448,
    0.0015819709515199065,
    0.10985006392002106
   ],
   [
    -0.10958520323038101,
    -0.0851404219865799,
    -0.9903242588043213
   ],
   [
    0.007786016445606947,
    -0.9963676929473877,
    0.0847984179854393
   ]
  ]
 },
 {
  "rotation_euler": [
   -1.4859026670455933,
   -0.0077916355803608894,
   -1.4816784858703613
  ],
  "euler_order": "XYZ",
  "rotation_matrix": [
   [
    0.08899722248315811,
    0.08514618873596191,
    0.9923858046531677
   ],
   [
    -0.9960014224052429,
    -0.0001862312783487141,
    0.08933744579553604
   ],
   [
    0.007791556883603334,
    -0.9963684678077698,
    0.08478914946317673
   ]
  ]
 },
 {
  "rotation_euler": [
   1.6506825685501099,
   -0.3509693145751953,
   0.6983160972595215
  ],
  "euler_order": "XYZ",
  "rotation_matrix": [
   [
    0.7192350029945374,
    -0.21118521690368652,
    0.6618926525115967
   ],
   [
    0.6037358641624451,
    -0.28146111965179443,
    -0.7458435893058777
   ],
   [
    0.34380820393562317,
    0.9360451102256775,
    -0.07493660598993301
   ]
  ]
 },
 {
  "rotation_euler": [
   1.4797658920288086,
   0.03520847111940384,
   2.620231866836548
  ],
  "euler_order": "XYZ",
  "rotation_matrix": [
   [
    -0.8666048049926758,
    -0.0756741389632225,
    0.4932236075401306
   ],
   [
    0.497751921415329,
    -0.06136762350797653,
    0.8651456832885742
   ],
   [
    -0.03520119562745094,
    0.9952424168586731,
    0.0908484235405922
   ]
  ]
 },
 {
  "rotation_euler": [
   -1.4858942031860352,
   -0.007784066256135702,
   1.6753225326538086
  ],
  "euler_order": "XYZ",
  "rotation_matrix": [
   [
    -0.1043328121304512,
    -0.08514655381441116,
    -0.9908908605575562
   ],
   [
    0.9945119619369507,
    -0.0011340886121615767,
    -0.10461663454771042
   ],
   [
    0.007783987559378147,
    -0.9963678121566772,
    0.08479759097099304
   ]
  ]
 },
 {
  "rotation_euler": [
   -1.485892415046692,
   -0.007784699555486441,
   -2.805272340774536
  ],
  "euler_order": "XYZ",
  "rotation_matrix": [
   [
    -0.9439467787742615,
    0.02066395990550518,
    0.32945019006729126
   ],
   [
    -0.33000579476356506,
    -0.08261074125766754,
    -0.9403572082519531
   ],
   [
    0.007784620858728886,
    -0.9963676333427429,
    0.0847993716597557
   ]
  ]
 },
 {
  "rotation_euler": [
   1.514404535293579,
   0.13276752829551697,
   2.7026939392089844
  ],
  "euler_order": "XYZ",
  "rotation_matrix": [
   [
    -0.8972536325454712,
    -0.14359118044376373,
    0.4175134301185608
   ],
   [
    0.42120304703712463,
    0.0051436456851661205,
    0.9069517850875854
   ],
   [
    -0.13237781822681427,
    0.9896237254142761,
    0.05586588755249977
   ]
  ]
 },
 {
  "rotation_euler": [
   -1.4858962297439575,
   -0.00778710562735796,
   1.2094552516937256
  ],
  "euler_order": "XYZ",
  "rotation_matrix": [
   [
    0.3535183072090149,
    -0.07657915353775024,
    -0.9322877526283264
   ],
   [
    0.9353951811790466,
    0.0372365340590477,
    0.35163798928260803
   ],
   [
    0.007787026930600405,
    -0.9963679313659668,
    0.08479557186365128
   ]
  ]
 },
 {
  "rotation_euler": [
   -1.4858940839767456,
   -0.007783934939652681,
   3.0932509899139404
  ],
  "euler_order": "XYZ",
  "rotation_matrix": [
   [
    -0.9988015294075012,
    -0.011844548396766186,
    -0.0474894754588604
   ],
   [
    0.048321373760700226,
    -0.08432643115520477,
    -0.9952658414840698
   ],
   [
    0.007783856242895126,
    -0.9963678121566772,
    0.08479771018028259
   ]
  ]
 },
 {
  "rotation_euler": [
   -1.4858940839767456,
   -0.007783922832459211,
   2.6596531867980957
  ],
  "euler_order": "XYZ",
  "rotation_matrix": [
   [
    -0.8860707879066467,
    -0.0461772121489048,
    -0.4612441658973694
   ],
   [
    0.4634845554828644,
    -0.0715465247631073,
    -0.8832118511199951
   ],
   [
    0.007783844135701656,
    -0.9963678121566772,
    0.08479771018028259
   ]
  ]
 },
 {
  "rotation_euler": [
   -1.4859017133712769,
   -0.007789028342813253,
   1.0454376935958862
  ],
  "euler_order": "XYZ",
  "rotation_matrix": [
   [
    0.5015081167221069,
    -0.06946561485528946,
    -0.8623596429824829
   ],
   [
    0.8651179075241089,
    0.04923979938030243,
    0.4991457462310791
   ],
   [
    0.007788949646055698,
    -0.996368408203125,
    0.08479010313749313
   ]
  ]
 },
 {
  "rotation_euler": [
   -1.4858973026275635,
   -0.007786689326167107,
   -2.268651247024536
  ],
  "euler_order": "XYZ",
  "rotation_matrix": [
   [
    -0.6425560712814331,
    0.05998794361948967,
    0.7638868689537048
   ],
   [
    -0.7661991119384766,
    -0.06043330952525139,
    -0.6397552490234375
   ],
   [
    0.007786610629409552,
    -0.9963680505752563,
    0.08479449898004532
   ]
  ]
 },
 {
  "rotation_euler": [
   1.6253873109817505,
   -0.22530913352966309,
   -2.7162957191467285
  ],
  "euler_order": "XYZ",
  "rotation_matrix": [
   [
    -0.8878929615020752,
    0.1806899607181549,
    -0.4230806827545166
   ],
   [
    -0.4021630883216858,
    0.14174187183380127,
    0.9045297503471375
   ],
   [
    0.22340768575668335,
    0.9732730388641357,
    -0.05318477749824524
   ]
  ]
 }
]