[
 {
  "rotation_euler": [
   -1.5738102197647095,
   -0.7426337599754333,
   0.8317137956619263
  ],
  "euler_order": "XYZ",
  "rotation_matrix": [
   [
    0.49624189734458923,
    0.4577411711215973,
    -0.7377106547355652
   ],
   [
    0.5444779992103577,
    0.4977606534957886,
    0.6751133799552917
   ],
   [
    0.6762304902076721,
    -0.7366867661476135,
    -0.00222030165605247
   ]
  ]
 },
 {
  "rotation_euler": [
   -0.012014925479888916,
   0.06777159124612808,
   -2.154240608215332
  ],
  "euler_order": "XYZ",
  "rotation_matrix": [
   [
    -0.5496370196342468,
    0.8349581360816956,
    -0.027277160435914993
   ],
   [
    -0.8326542973518372,
    -0.5501828789710999,
    -0.0631316676735878
   ],
   [
    -0.0677197277545929,
    -0.011987055651843548,
    0.9976323843002319
   ]
  ]
 },
 {
  "rotation_euler": [
   -1.5742146968841553,
   0.8944873213768005,
   1.4133950471878052
  ],
  "euler_order": "XYZ",
  "rotation_matrix": [
   [
    0.09811410307884216,
    -0.11887234449386597,
    -0.988050103187561
   ],
   [
    0.6181811094284058,
    -0.7707785964012146,
    0.15411823987960815
   ],
   [
    -0.7798882722854614,
    -0.6259150505065918,
    -0.0021396176889538765
   ]
  ]
 },
 {
  "rotation_euler": [
   1.572985291481018,
   0.10748130083084106,
   2.39498233795166
  ],
  "euler_order": "XYZ",
  "rotation_matrix": [
   [
    -0.7297596335411072,
    -0.07725211977958679,
    0.6793254017829895
   ],
   [
    0.6752355694770813,
    0.07446247339248657,
    0.7338339686393738
   ],
   [
    -0.10727448016405106,
    0.9942270517349243,
    -0.0021763313561677933
   ]
  ]
 },
 {
  "rotation_euler": [
   -1.5663142204284668,
   -2.0762434005737305,
   -0.25730425119400024
  ],
  "euler_order": "XYZ",
  "rotation_matrix": [
   [
    -0.4682585895061493,
    0.8472861051559448,
    0.2506793737411499
   ],
   [
    0.12321619689464569,
    -0.21831773221492767,
    0.9680677056312561
   ],
   [
    0.8749580979347229,
    0.4841938018798828,
    -0.0021702225785702467
   ]
  ]
 },
 {
  "rotation_euler": [
   1.573336124420166,
   -0.43794840574264526,
   1.117171287536621
  ],
  "euler_order": "XYZ",
  "rotation_matrix": [
   [
    0.3968685567378998,
    -0.18356074392795563,
    0.8993335366249084
   ],
   [
    0.8140328526496887,
    -0.3823043406009674,
    -0.4372572600841522
   ],
   [
    0.4240823984146118,
    0.9056206941604614,
    -0.002300098305568099
   ]
  ]
 },
 {
  "rotation_euler": [
   -1.573045253753662,
   -0.2908738851547241,
   2.1036410331726074
  ],
  "euler_order": "XYZ",
  "rotation_matrix": [
   [
    -0.4866470694541931,
    -0.1437474638223648,
    -0.8616909384727478
   ],
   [
    0.8251826167106628,
    0.24817238748073578,
    -0.5074288845062256
   ],
   [
    0.28678950667381287,
    -0.9579911828041077,
    -0.002154455753043294
   ]
  ]
 },
 {
  "rotation_euler": [
   -1.5653107166290283,
   -1.9927500486373901,
   0.37474334239959717
  ],
  "euler_order": "XYZ",
  "rotation_matrix": [
   [
    -0.3811219334602356,
    0.846958339214325,
    -0.370685338973999
   ],
   [
    -0.14990675449371338,
    0.3390289545059204,
    0.9287558197975159
   ],
   [
    0.9122905731201172,
    0.4095374345779419,
    -0.0022465852089226246
   ]
  ]
 },
 {
  "rotation_euler": [
   -0.0009123425115831196,
   0.00025273242499679327,
   0.24883422255516052
  ],
  "euler_order": "XYZ",
  "rotation_matrix": [
   [
    0.9692001342773438,
    -0.24627438187599182,
    2.026176662184298e-05
   ],
   [
    0.24627424776554108,
    0.9691997170448303,
    0.0009464838658459485
   ],
   [
    -0.00025273242499679327,
    -0.0009123423369601369,
    0.9999995231628418
   ]
  ]
 },
 {
  "rotation_euler": [
   -1.5740435123443604,
   0.8513116240501404,
   -0.13250145316123962
  ],
  "euler_order": "XYZ",
  "rotation_matrix": [
   [
    0.6532207727432251,
    -0.7459775805473328,
    0.1296924352645874
   ],
   [
    -0.08706280589103699,
    0.0961497575044632,
    0.99155193567276
   ],
   [
    -0.7521454095840454,
    -0.6589937210083008,
    -0.002139882417395711
   ]
  ]
 },
 {
  "rotation_euler": [
   0.03967846557497978,
   -0.01295620109885931,
   -1.0817375183105469
  ],
  "euler_order": "XYZ",
  "rotation_matrix": [
   [
    0.46975579857826233,
    0.8818391561508179,
    -0.04109978303313255
   ],
   [
    -0.8827013373374939,
    0.469879150390625,
    -0.007207769434899092
   ],
   [
    0.012955838814377785,
    0.039664726704359055,
    0.999129056930542
   ]
  ]
 },
 {
  "rotation_euler": [
   -1.5730961561203003,
   -0.09282644093036652,
   -0.3446669578552246
  ],
  "euler_order": "XYZ",
  "rotation_matrix": [
   [
    0.9371359348297119,
    0.08646441251039505,
    0.3380829989910126
   ],
   [
    -0.33642855286598206,
    -0.03348396345973015,
    0.9411135315895081
   ],
   [
    0.09269318729639053,
    -0.9956920742988586,
    -0.0022899259347468615
   ]
  ]
 },
 {
  "rotation_euler": [
   -1.8505542278289795,
   -1.029550313949585,
   -1.3240989446640015
  ],
  "euler_order": "XYZ",
  "rotation_matrix": [
   [
    0.1258142739534378,
    -0.06660201400518417,
    0.9898155927658081
   ],
   [
    -0.49960610270500183,
    -0.8662369847297668,
    0.005217584781348705
   ],
   [
    0.8570674061775208,
    -0.4951743483543396,
    -0.14225974678993225
   ]
  ]
 },
 {
  "rotation_euler": [
   -1.572965145111084,
   -0.12103541940450668,
   0.19798658788204193
  ],
  "euler_order": "XYZ",
  "rotation_matrix": [
   [
    0.9732916355133057,
    0.11880772560834885,
    -0.19643844664096832
   ],
   [
    0.19525665044784546,
    0.0216225516051054,
    0.9805138111114502
   ],
   [
    0.12074011564254761,
    -0.9926818013191223,
    -0.0021529498044401407
   ]
  ]
 },
 {
  "rotation_euler": [
   -1.572808027267456,
   0.30095505714416504,
   1.9893150329589844
  ],
  "euler_order": "XYZ",
  "rotation_matrix": [
   [
    -0.3881409764289856,
    0.12231019884347916,
    -0.9134477376937866
   ],
   [
    0.8726249933242798,
    -0.27002984285354614,
    -0.4069514870643616
   ],
   [
    -0.2964324653148651,
    -0.9550518989562988,
    -0.001921280869282782
   ]
  ]
 },
 {
  "rotation_euler": [
   1.5789521932601929,
   1.324949026107788,
   0.23801498115062714
  ],
  "euler_order": "XYZ",
  "rotation_matrix": [
   [
    0.23651689291000366,
    0.9444786310195923,
    0.2280786633491516
   ],
   [
    0.05738226696848869,
    0.22075119614601135,
    -0.9736406803131104
   ],
   [
    -0.9699314832687378,
    0.2433701455593109,
    -0.001984938280656934
   ]
  ]
 }
]