[
 {
  "rotation_euler": [
   -1.0270732641220093,
   -1.535290002822876,
   -0.08588048070669174
  ],
  "euler_order": "XYZ",
  "rotation_matrix": [
   [
    0.03536803275346756,
    0.8964707851409912,
    -0.44168904423713684
   ],
   [
    -0.003044913290068507,
    0.4420601725578308,
    0.8969802260398865
   ],
   [
    0.999369740486145,
    -0.0303795225918293,
    0.018364476040005684
   ]
  ]
 },
 {
  "rotation_euler": [
   -0.7061284780502319,
   1.5465446710586548,
   -0.1482161581516266
  ],
  "euler_order": "XYZ",
  "rotation_matrix": [
   [
    0.023983411490917206,
    -0.5292274951934814,
    0.8481408953666687
   ],
   [
    -0.0035809900145977736,
    0.848334014415741,
    0.5294492840766907
   ],
   [
    -0.999705970287323,
    -0.015735184773802757,
    0.0184507854282856
   ]
  ]
 },
 {
  "rotation_euler": [
   2.114518165588379,
   -1.6063023805618286,
   0.9060709476470947
  ],
  "euler_order": "XYZ",
  "rotation_matrix": [
   [
    -0.021897058933973312,
    -0.12037575989961624,
    0.9924868941307068
   ],
   [
    -0.027940453961491585,
    -0.9922634363174438,
    -0.12096510827541351
   ],
   [
    0.999369740486145,
    -0.030379313975572586,
    0.018364299088716507
   ]
  ]
 },
 {
  "rotation_euler": [
   2.435525417327881,
   1.595046877861023,
   -0.15586236119270325
  ],
  "euler_order": "XYZ",
  "rotation_matrix": [
   [
    -0.02395423874258995,
    0.5226734280586243,
    -0.8521963953971863
   ],
   [
    0.0037640940863639116,
    -0.8523877859115601,
    -0.5228965878486633
   ],
   [
    -0.999705970287323,
    -0.01573333702981472,
    0.018450908362865448
   ]
  ]
 },
 {
  "rotation_euler": [
   -1.027081847190857,
   -1.5352901220321655,
   2.0219900608062744
  ],
  "euler_order": "XYZ",
  "rotation_matrix": [
   [
    -0.01547887735068798,
    -0.8384737968444824,
    -0.5447220206260681
   ],
   [
    0.03194628655910492,
    0.544094443321228,
    -0.8384155631065369
   ],
   [
    0.999369740486145,
    -0.030379578471183777,
    0.018364153802394867
   ]
  ]
 },
 {
  "rotation_euler": [
   -1.027083158493042,
   -1.5352896451950073,
   0.14264190196990967
  ],
  "euler_order": "XYZ",
  "rotation_matrix": [
   [
    0.03513868525624275,
    0.7730271220207214,
    -0.6333990693092346
   ],
   [
    0.005046522244811058,
    0.6336451172828674,
    0.7736073732376099
   ],
   [
    0.9993696808815002,
    -0.0303800106048584,
    0.01836436055600643
   ]
  ]
 },
 {
  "rotation_euler": [
   2.1145143508911133,
   -1.6063024997711182,
   0.5619525909423828
  ],
  "euler_order": "XYZ",
  "rotation_matrix": [
   [
    -0.03003958985209465,
    -0.4480787217617035,
    0.8934893012046814
   ],
   [
    -0.018915116786956787,
    -0.8934777975082397,
    -0.4487088918685913
   ],
   [
    0.999369740486145,
    -0.030379485338926315,
    0.01836424507200718
   ]
  ]
 },
 {
  "rotation_euler": [
   -0.7025154829025269,
   1.5481189489364624,
   -0.8261377215385437
  ],
  "euler_order": "XYZ",
  "rotation_matrix": [
   [
    0.015367614105343819,
    0.12342020124197006,
    0.9922354817390442
   ],
   [
    -0.016673684120178223,
    0.9922463297843933,
    -0.12316330522298813
   ],
   [
    -0.999742865562439,
    -0.014651495963335037,
    0.01730632781982422
   ]
  ]
 },
 {
  "rotation_euler": [
   0.3231307566165924,
   1.548465609550476,
   -0.981930136680603
  ],
  "euler_order": "XYZ",
  "rotation_matrix": [
   [
    0.012401863932609558,
    0.9648556709289551,
    0.26248764991760254
   ],
   [
    -0.01856803335249424,
    0.26268479228019714,
    -0.9647030234336853
   ],
   [
    -0.9997506737709045,
    0.007090236060321331,
    0.021173251792788506
   ]
  ]
 },
 {
  "rotation_euler": [
   -1.0270746946334839,
   -1.5352901220321655,
   -1.5003067255020142
  ],
  "euler_order": "XYZ",
  "rotation_matrix": [
   [
    0.0025002206675708294,
    0.5762761235237122,
    0.8172512650489807
   ],
   [
    -0.03541058674454689,
    -0.81669020652771,
    0.5759888291358948
   ],
   [
    0.999369740486145,
    -0.03037944622337818,
    0.018364369869232178
   ]
  ]
 },
 {
  "rotation_euler": [
   -0.7061713933944702,
   1.5465434789657593,
   1.1539020538330078
  ],
  "euler_order": "XYZ",
  "rotation_matrix": [
   [
    0.00981956534087658,
    -0.9583730697631836,
    -0.2853500545024872
   ],
   [
    0.02217344008386135,
    -0.28508496284484863,
    0.9582457542419434
   ],
   [
    -0.9997059106826782,
    -0.01573674939572811,
    0.018451016396284103
   ]
  ]
 },
 {
  "rotation_euler": [
   -0.7061418890953064,
   1.5465441942214966,
   -1.4515385627746582
  ],
  "euler_order": "XYZ",
  "rotation_matrix": [
   [
    0.002885121386498213,
    0.678286075592041,
    0.7347922921180725
   ],
   [
    -0.024077514186501503,
    0.7346294522285461,
    -0.6780411601066589
   ],
   [
    -0.9997059106826782,
    -0.015735741704702377,
    0.018450938165187836
   ]
  ]
 },
 {
  "rotation_euler": [
   -1.027085781097412,
   -1.5352908372879028,
   -0.5536370277404785
  ],
  "euler_order": "XYZ",
  "rotation_matrix": [
   [
    0.03019525855779648,
    0.9994919300079346,
    0.010203653946518898
   ],
   [
    -0.01866431161761284,
    -0.009642727673053741,
    0.9997792840003967
   ],
   [
    0.999369740486145,
    -0.0303790383040905,
    0.01836366392672062
   ]
  ]
 },
 {
  "rotation_euler": [
   -0.7061514854431152,
   1.5465439558029175,
   1.8728792667388916
  ],
  "euler_order": "XYZ",
  "rotation_matrix": [
   [
    -0.007214603014290333,
    -0.5334118008613586,
    -0.8458248972892761
   ],
   [
    0.023151926696300507,
    -0.8457093238830566,
    0.5331414341926575
   ],
   [
    -0.9997059106826782,
    -0.01573607325553894,
    0.018450967967510223
   ]
  ]
 },
 {
  "rotation_euler": [
   -0.7061150074005127,
   1.5465447902679443,
   1.616870641708374
  ],
  "euler_order": "XYZ",
  "rotation_matrix": [
   [
    -0.001116868108510971,
    -0.7302035689353943,
    -0.6832287311553955
   ],
   [
    0.02422342449426651,
    -0.68304842710495,
    0.7299712896347046
   ],
   [
    -0.999705970287323,
    -0.015734858810901642,
    0.0184509065002203
   ]
  ]
 },
 {
  "rotation_euler": [
   -0.7061428427696228,
   1.5465441942214966,
   1.5835955142974854
  ],
  "euler_order": "XYZ",
  "rotation_matrix": [
   [
    -0.0003103686904069036,
    -0.752505362033844,
    -0.6585860252380371
   ],
   [
    0.02424776926636696,
    -0.6583980917930603,
    0.7522791624069214
   ],
   [
    -0.9997059106826782,
    -0.01573575846850872,
    0.018450921401381493
   ]
  ]
 }
]