[
 {
  "rotation_euler": [
   -0.0002808417775668204,
   -5.701662666979246e-05,
   -2.8073017597198486
  ],
  "euler_order": "XYZ",
  "rotation_matrix": [
   [
    -0.9446431994438171,
    0.3280993700027466,
    0.0001460043858969584
   ],
   [
    -0.32809939980506897,
    -0.9446431994438171,
    -0.0002465881407260895
   ],
   [
    5.701662666979246e-05,
    -0.0002808417775668204,
    0.9999999403953552
   ]
  ]
 },
 {
  "rotation_euler": [
   -0.0002830669400282204,
   -8.597829946666025e-06,
   1.8939703702926636
  ],
  "euler_order": "XYZ",
  "rotation_matrix": [
   [
    -0.31757789850234985,
    -0.9482321739196777,
    -0.00026568269822746515
   ],
   [
    0.9482321739196777,
    -0.31757786870002747,
    -9.804853470996022e-05
   ],
   [
    8.597829946666025e-06,
    -0.0002830669400282204,
    0.9999999403953552
   ]
  ]
 },
 {
  "rotation_euler": [
   -0.00028239539824426174,
   1.19166579679586e-05,
   -2.067441940307617
  ],
  "euler_order": "XYZ",
  "rotation_matrix": [
   [
    -0.47647908329963684,
    0.8791857957839966,
    0.00024259998463094234
   ],
   [
    -0.8791857957839966,
    -0.47647908329963684,
    -0.0001450324634788558
   ],
   [
    -1.19166579679586e-05,
    -0.00028239539824426174,
    0.9999999403953552
   ]
  ]
 },
 {
  "rotation_euler": [
   -0.0002826793061103672,
   6.875621693325229e-06,
   -0.832522451877594
  ],
  "euler_order": "XYZ",
  "rotation_matrix": [
   [
    0.6730121970176697,
    0.7396313548088074,
    0.00021370586182456464
   ],
   [
    -0.7396313548088074,
    0.6730121970176697,
    0.00018516120326239616
   ],
   [
    -6.875621693325229e-06,
    -0.0002826793061103672,
    0.9999999403953552
   ]
  ]
 },
 {
  "rotation_euler": [
   -0.0002833722101058811,
   -9.298698387283366e-06,
   2.426452875137329
  ],
  "euler_order": "XYZ",
  "rotation_matrix": [
   [
    -0.7550016045570374,
    -0.6557229161262512,
    -0.0001787931250873953
   ],
   [
    0.655722975730896,
    -0.7550015449523926,
    -0.000220043832086958
   ],
   [
    9.298698387283366e-06,
    -0.0002833722101058811,
    0.9999999403953552
   ]
  ]
 },
 {
  "rotation_euler": [
   -0.0002824551484081894,
   -8.18571697891457e-06,
   -0.8679677844047546
  ],
  "euler_order": "XYZ",
  "rotation_matrix": [
   [
    0.6463785171508789,
    0.7630168795585632,
    0.00021022699365857989
   ],
   [
    -0.763016939163208,
    0.6463784575462341,
    0.00018881876894738525
   ],
   [
    8.18571697891457e-06,
    -0.0002824551484081894,
    0.9999999403953552
   ]
  ]
 },
 {
  "rotation_euler": [
   -0.0002832541358657181,
   -6.863392172817839e-06,
   -2.122450351715088
  ],
  "euler_order": "XYZ",
  "rotation_matrix": [
   [
    -0.5240966081619263,
    0.8516587615013123,
    0.0002448329469189048
   ],
   [
    -0.851658821105957,
    -0.5240966081619263,
    -0.0001426072558388114
   ],
   [
    6.863392172817839e-06,
    -0.0002832541358657181,
    0.9999999403953552
   ]
  ]
 },
 {
  "rotation_euler": [
   -0.00028255642973817885,
   -2.57912063261756e-07,
   2.3728978633880615
  ],
  "euler_order": "XYZ",
  "rotation_matrix": [
   [
    -0.7188186645507812,
    -0.695197582244873,
    -0.00019624715787358582
   ],
   [
    0.6951976418495178,
    -0.7188186049461365,
    -0.0002032861375482753
   ],
   [
    2.57912063261756e-07,
    -0.00028255642973817885,
    0.9999999403953552
   ]
  ]
 },
 {
  "rotation_euler": [
   -0.0002803699753712863,
   -4.7148264457064215e-06,
   0.5831502676010132
  ],
  "euler_order": "XYZ",
  "rotation_matrix": [
   [
    0.8347320556640625,
    -0.550656259059906,
    -0.00015832310600671917
   ],
   [
    0.5506563186645508,
    0.8347320556640625,
    0.0002314375597052276
   ],
   [
    4.7148264457064215e-06,
    -0.0002803699753712863,
    0.9999999403953552
   ]
  ]
 },
 {
  "rotation_euler": [
   -0.00028198788641020656,
   1.4914298844814766e-06,
   2.822783946990967
  ],
  "euler_order": "XYZ",
  "rotation_matrix": [
   [
    -0.9496094584465027,
    -0.31343549489974976,
    -8.980129496194422e-05
   ],
   [
    0.31343552470207214,
    -0.9496094584465027,
    -0.0002673109120223671
   ],
   [
    -1.4914298844814766e-06,
    -0.00028198788641020656,
    0.9999999403953552
   ]
  ]
 },
 {
  "rotation_euler": [
   -0.0002849559241440147,
   3.846592517220415e-05,
   -2.8257203102111816
  ],
  "euler_order": "XYZ",
  "rotation_matrix": [
   [
    -0.9505257606506348,
    0.3106457591056824,
    5.1957500545540825e-05
   ],
   [
    -0.3106457591056824,
    -0.95052570104599,
    -0.0002828072174452245
   ],
   [
    -3.846592517220415e-05,
    -0.0002849559241440147,
    0.9999999403953552
   ]
  ]
 },
 {
  "rotation_euler": [
   -0.00029267146601341665,
   -3.9082397051970474e-06,
   1.9258794784545898
  ],
  "euler_order": "XYZ",
  "rotation_matrix": [
   [
    -0.347668319940567,
    -0.9376175403594971,
    -0.00027305513503961265
   ],
   [
    0.9376175999641418,
    -0.347668319940567,
    -0.00010541703522903845
   ],
   [
    3.9082397051970474e-06,
    -0.00029267146601341665,
    0.9999999403953552
   ]
  ]
 },
 {
  "rotation_euler": [
   -0.0002840068773366511,
   1.2741727005050052e-05,
   -0.9300481677055359
  ],
  "euler_order": "XYZ",
  "rotation_matrix": [
   [
    0.5977953672409058,
    0.8016486763954163,
    0.00023529070313088596
   ],
   [
    -0.801648736000061,
    0.5977953672409058,
    0.00015956359857227653
   ],
   [
    -1.2741727005050052e-05,
    -0.0002840068773366511,
    0.9999999403953552
   ]
  ]
 },
 {
  "rotation_euler": [
   0.9752057194709778,
   -1.5024163722991943,
   1.1524224281311035
  ],
  "euler_order": "XYZ",
  "rotation_matrix": [
   [
    0.027759430930018425,
    -0.8481477499008179,
    0.5290319323539734
   ],
   [
    0.06243355572223663,
    -0.526731550693512,
    -0.8477357625961304
   ],
   [
    0.9976630210876465,
    0.05656200647354126,
    0.03833111375570297
   ]
  ]
 },
 {
  "rotation_euler": [
   -0.00028154690517112613,
   -1.2900598449050449e-05,
   1.2646477222442627
  ],
  "euler_order": "XYZ",
  "rotation_matrix": [
   [
    0.30138856172561646,
    -0.9535013437271118,
    -0.00027234345907345414
   ],
   [
    0.9535014033317566,
    0.30138856172561646,
    7.255427772179246e-05
   ],
   [
    1.2900598449050449e-05,
    -0.00028154690517112613,
    0.9999999403953552
   ]
  ]
 },
 {
  "rotation_euler": [
   -0.0002826819254551083,
   -5.6865687838580925e-06,
   1.3063039779663086
  ],
  "euler_order": "XYZ",
  "rotation_matrix": [
   [
    0.26141929626464844,
    -0.9652252793312073,
    -0.00027433832292445004
   ],
   [
    0.965225338935852,
    0.26141929626464844,
    6.840968853794038e-05
   ],
   [
    5.6865687838580925e-06,
    -0.0002826819254551083,
    0.9999999403953552
   ]
  ]
 }
]