[
 {
  "rotation_euler": [
   0.6583528518676758,
   0.795038104057312,
   2.9545681476593018
  ],
  "euler_order": "XYZ",
  "rotation_matrix": [
   [
    -0.6880463361740112,
    -0.5762278437614441,
    -0.4410823881626129
   ],
   [
    0.13020317256450653,
    -0.6959964036941528,
    0.7061417698860168
   ],
   [
    -0.7138903141021729,
    0.42842793464660645,
    0.5539044737815857
   ]
  ]
 },
 {
  "rotation_euler": [
   0.8919760584831238,
   -0.4967121183872223,
   0.5791885256767273
  ],
  "euler_order": "XYZ",
  "rotation_matrix": [
   [
    0.7357702851295471,
    -0.654069721698761,
    0.17559851706027985
   ],
   [
    0.48120060563087463,
    0.32246527075767517,
    -0.8151454925537109
   ],
   [
    0.4765375554561615,
    0.6842579245567322,
    0.5519990921020508
   ]
  ]
 },
 {
  "rotation_euler": [
   0.8918336629867554,
   -0.49712836742401123,
   2.260082960128784
  ],
  "euler_order": "XYZ",
  "rotation_matrix": [
   [
    -0.5590042471885681,
    -0.24857792258262634,
    0.7910267114639282
   ],
   [
    0.6782900094985962,
    -0.6857980489730835,
    0.2638251483440399
   ],
   [
    0.4769034683704376,
    0.6840249300003052,
    0.5519719123840332
   ]
  ]
 },
 {
  "rotation_euler": [
   0.891975998878479,
   -0.4967121183872223,
   2.221975803375244
  ],
  "euler_order": "XYZ",
  "rotation_matrix": [
   [
    -0.5328772664070129,
    -0.2745836079120636,
    0.8004034757614136
   ],
   [
    0.6992523074150085,
    -0.6755700707435608,
    0.2337760627269745
   ],
   [
    0.4765375554561615,
    0.6842579245567322,
    0.5519991517066956
   ]
  ]
 },
 {
  "rotation_euler": [
   0.8919744491577148,
   -0.4967185854911804,
   -2.1407277584075928
  ],
  "euler_order": "XYZ",
  "rotation_matrix": [
   [
    -0.47436732053756714,
    0.7287610769271851,
    -0.49384504556655884
   ],
   [
    -0.7401906251907349,
    -0.02651141956448555,
    0.6718742251396179
   ],
   [
    0.47654324769973755,
    0.6842546463012695,
    0.5519982576370239
   ]
  ]
 },
 {
  "rotation_euler": [
   0.8919743895530701,
   -0.4967184066772461,
   -2.032897472381592
  ],
  "euler_order": "XYZ",
  "rotation_matrix": [
   [
    -0.3919518291950226,
    0.7273815870285034,
    -0.5632848143577576
   ],
   [
    -0.7869437336921692,
    0.052072733640670776,
    0.6148235201835632
   ],
   [
    0.4765430986881256,
    0.6842547059059143,
    0.5519983768463135
   ]
  ]
 },
 {
  "rotation_euler": [
   0.9007739424705505,
   -0.47120124101638794,
   0.5875554084777832
  ],
  "euler_order": "XYZ",
  "rotation_matrix": [
   [
    0.7415974140167236,
    -0.6403838992118835,
    0.19985437393188477
   ],
   [
    0.49391937255859375,
    0.3196219503879547,
    -0.8086318373680115
   ],
   [
    0.4539569616317749,
    0.6983912587165833,
    0.553328812122345
   ]
  ]
 },
 {
  "rotation_euler": [
   0.8271634578704834,
   -0.5425489544868469,
   0.1231495589017868
  ],
  "euler_order": "XYZ",
  "rotation_matrix": [
   [
    0.8499096035957336,
    -0.4602987468242645,
    -0.2564736008644104
   ],
   [
    0.10519833862781525,
    0.6251583099365234,
    -0.773375928401947
   ],
   [
    0.5163205862045288,
    0.6303190588951111,
    0.5797507166862488
   ]
  ]
 },
 {
  "rotation_euler": [
   0.8582708239555359,
   -0.5445247292518616,
   1.2547355890274048
  ],
  "euler_order": "XYZ",
  "rotation_matrix": [
   [
    0.2658713459968567,
    -0.7432041168212891,
    0.6139707565307617
   ],
   [
    0.8130045533180237,
    -0.16936929523944855,
    -0.557079553604126
   ],
   [
    0.5180116295814514,
    0.647272527217865,
    0.5591978430747986
   ]
  ]
 },
 {
  "rotation_euler": [
   0.8999745845794678,
   -0.4732150733470917,
   2.481752634048462
  ],
  "euler_order": "XYZ",
  "rotation_matrix": [
   [
    -0.7032654285430908,
    -0.09899540990591049,
    0.7040011882781982
   ],
   [
    0.5456274747848511,
    -0.7099778652191162,
    0.4452213644981384
   ],
   [
    0.45575040578842163,
    0.6972311735153198,
    0.5533174872398376
   ]
  ]
 },
 {
  "rotation_euler": [
   0.6590697765350342,
   0.7944231629371643,
   1.1546170711517334
  ],
  "euler_order": "XYZ",
  "rotation_matrix": [
   [
    0.2832697033882141,
    -0.5464510917663574,
    0.7881303429603577
   ],
   [
    0.6408851146697998,
    0.7192147374153137,
    0.26832151412963867
   ],
   [
    -0.7134595513343811,
    0.42909368872642517,
    0.5539441108703613
   ]
  ]
 },
 {
  "rotation_euler": [
   0.8836514949798584,
   -0.39760130643844604,
   -2.824857711791992
  ],
  "euler_order": "XYZ",
  "rotation_matrix": [
   [
    -0.8761301636695862,
    0.4820181131362915,
    -0.007380805443972349
   ],
   [
    -0.2871689200401306,
    -0.5095466375350952,
    0.8111079931259155
   ],
   [
    0.38720789551734924,
    0.7127557396888733,
    0.5848498344421387
   ]
  ]
 },
 {
  "rotation_euler": [
   -0.9536907076835632,
   0.4713905155658722,
   1.3940980434417725
  ],
  "euler_order": "XYZ",
  "rotation_matrix": [
   [
    0.15660923719406128,
    -0.6347696185112,
    -0.7566644549369812
   ],
   [
    0.8770653009414673,
    -0.26287841796875,
    0.40205898880958557
   ],
   [
    -0.4541255831718445,
    -0.7266102433204651,
    0.5155652165412903
   ]
  ]
 },
 {
  "rotation_euler": [
   0.6862252950668335,
   0.770631730556488,
   -2.0508313179016113
  ],
  "euler_order": "XYZ",
  "rotation_matrix": [
   [
    -0.3313353359699249,
    0.482374370098114,
    -0.8108834028244019
   ],
   [
    -0.6363813281059265,
    -0.748765230178833,
    -0.18538984656333923
   ],
   [
    -0.6965886354446411,
    0.454604834318161,
    0.5550664067268372
   ]
  ]
 },
 {
  "rotation_euler": [
   0.8919743895530701,
   -0.49671849608421326,
   3.029573678970337
  ],
  "euler_order": "XYZ",
  "rotation_matrix": [
   [
    -0.8736409544944763,
    0.2983880043029785,
    0.3843385577201843
   ],
   [
    0.09827576577663422,
    -0.6654022932052612,
    0.7399876117706299
   ],
   [
    0.4765431582927704,
    0.6842546463012695,
    0.5519983768463135
   ]
  ]
 },
 {
  "rotation_euler": [
   0.6583529710769653,
   0.7950382232666016,
   -2.3198790550231934
  ],
  "euler_order": "XYZ",
  "rotation_matrix": [
   [
    -0.4768524467945099,
    0.2818357050418854,
    -0.8325745463371277
   ],
   [
    -0.5128082036972046,
    -0.8584976196289062,
    0.0030971288215368986
   ],
   [
    -0.7138903737068176,
    0.42842793464660645,
    0.5539043545722961
   ]
  ]
 }
]