[
 {
  "rotation_euler": [
   2.860557060557767e-06,
   -1.8777611785480985e-06,
   0.65811687707901
  ],
  "euler_order": "XYZ",
  "rotation_matrix": [
   [
    0.791145384311676,
    -0.6116281151771545,
    2.6401500008432777e-07
   ],
   [
    0.6116281151771545,
    0.791145384311676,
    -3.411608076930861e-06
   ],
   [
    1.8777611785480985e-06,
    2.860557060557767e-06,
    1.0
   ]
  ]
 },
 {
  "rotation_euler": [
   -1.4379606909642462e-06,
   -1.5669097592763137e-06,
   1.094773292541504
  ],
  "euler_order": "XYZ",
  "rotation_matrix": [
   [
    0.45824798941612244,
    -0.8888244032859802,
    -1.996127821257687e-06
   ],
   [
    0.8888244032859802,
    0.45824798941612244,
    -7.337650345107249e-07
   ],
   [
    1.5669097592763137e-06,
    -1.4379606909642462e-06,
    1.0
   ]
  ]
 },
 {
  "rotation_euler": [
   3.419180302444147e-06,
   -3.96326959162252e-06,
   0.6383311152458191
  ],
  "euler_order": "XYZ",
  "rotation_matrix": [
   [
    0.803091287612915,
    -0.5958560109138489,
    -1.1455281310190912e-06
   ],
   [
    0.5958560109138489,
    0.803091287612915,
    -5.1074521252303384e-06
   ],
   [
    3.96326959162252e-06,
    3.419180302444147e-06,
    1.0
   ]
  ]
 },
 {
  "rotation_euler": [
   -8.336941164088785e-07,
   -3.4051113289024215e-06,
   1.3803218603134155
  ],
  "euler_order": "XYZ",
  "rotation_matrix": [
   [
    0.18932479619979858,
    -0.9819145202636719,
    -1.4632884131060564e-06
   ],
   [
    0.9819145202636719,
    0.18932479619979858,
    -3.18568936563679e-06
   ],
   [
    3.4051113289024215e-06,
    -8.336941164088785e-07,
    1.0
   ]
  ]
 },
 {
  "rotation_euler": [
   -7.1342469709634315e-06,
   -8.608437269685965e-07,
   -0.338107168674469
  ],
  "euler_order": "XYZ",
  "rotation_matrix": [
   [
    0.9433842301368713,
    0.33170202374458313,
    1.5543377003268688e-06
   ],
   [
    -0.33170202374458313,
    0.9433842301368713,
    7.015879418759141e-06
   ],
   [
    8.608437269685965e-07,
    -7.1342469709634315e-06,
    1.0
   ]
  ]
 },
 {
  "rotation_euler": [
   -1.3387177659751615e-06,
   -3.0111229989415733e-06,
   1.9736855030059814
  ],
  "euler_order": "XYZ",
  "rotation_matrix": [
   [
    -0.39207783341407776,
    -0.9199320673942566,
    -5.093484034546236e-08
   ],
   [
    0.9199320673942566,
    -0.39207783341407776,
    -3.2949101296253502e-06
   ],
   [
    3.0111229989415733e-06,
    -1.3387177659751615e-06,
    1.0
   ]
  ]
 },
 {
  "rotation_euler": [
   2.564471969890292e-06,
   -3.3989281291724183e-06,
   -2.685722827911377
  ],
  "euler_order": "XYZ",
  "rotation_matrix": [
   [
    -0.8978784084320068,
    0.4402434825897217,
    1.9228320979891578e-06
   ],
   [
    -0.4402434825897217,
    -0.8978784084320068,
    3.7989400425431086e-06
   ],
   [
    3.3989281291724183e-06,
    2.564471969890292e-06,
    1.0
   ]
  ]
 },
 {
  "rotation_euler": [
   -1.0847869816643652e-05,
   -1.5014220480225049e-05,
   -1.5222327709197998
  ],
  "euler_order": "XYZ",
  "rotation_matrix": [
   [
    0.048544470220804214,
    0.9988210201263428,
    1.0106223271577619e-05
   ],
   [
    -0.9988210201263428,
    0.048544470220804214,
    1.552312278363388e-05
   ],
   [
    1.5014220480225049e-05,
    -1.0847869816643652e-05,
    1.0
   ]
  ]
 },
 {
  "rotation_euler": [
   -0.005081648472696543,
   -0.0006788612226955593,
   -2.2539191246032715
  ],
  "euler_order": "XYZ",
  "rotation_matrix": [
   [
    -0.6312180161476135,
    0.7755931615829468,
    0.004369840491563082
   ],
   [
    -0.7756051421165466,
    -0.6312127113342285,
    -0.0026810935232788324
   ],
   [
    0.0006788611644878983,
    -0.005081625655293465,
    0.9999868869781494
   ]
  ]
 },
 {
  "rotation_euler": [
   3.5244113405497046e-06,
   4.995634753868217e-06,
   2.8950138092041016
  ],
  "euler_order": "XYZ",
  "rotation_matrix": [
   [
    -0.9697531461715698,
    -0.24408771097660065,
    -3.984267095802352e-06
   ],
   [
    0.24408771097660065,
    -0.9697531461715698,
    4.637181973521365e-06
   ],
   [
    -4.995634753868217e-06,
    3.5244113405497046e-06,
    1.0
   ]
  ]
 },
 {
  "rotation_euler": [
   0.018344178795814514,
   -0.030796755105257034,
   -1.3813151121139526
  ],
  "euler_order": "XYZ",
  "rotation_matrix": [
   [
    0.18826010823249817,
    0.9818304777145386,
    -0.023813504725694656
   ],
   [
    -0.9816364049911499,
    0.18887244164943695,
    0.026780767366290092
   ],
   [
    0.030791888013482094,
    0.01833445206284523,
    0.9993576407432556
   ]
  ]
 },
 {
  "rotation_euler": [
   -1.8975616740135592e-06,
   6.257182121771621e-06,
   -0.3573543429374695
  ],
  "euler_order": "XYZ",
  "rotation_matrix": [
   [
    0.9368255734443665,
    0.34979695081710815,
    6.525649496325059e-06
   ],
   [
    -0.34979695081710815,
    0.9368255734443665,
    -4.110589202355186e-07
   ],
   [
    -6.257182121771621e-06,
    -1.8975616740135592e-06,
    1.0
   ]
  ]
 },
 {
  "rotation_euler": [
   -1.840233153416193e-06,
   -2.8884467155876337e-06,
   2.263807773590088
  ],
  "euler_order": "XYZ",
  "rotation_matrix": [
   [
    -0.6388568878173828,
    -0.7693256139755249,
    4.295654889574507e-07
   ],
   [
    0.7693256139755249,
    -0.6388568878173828,
    -3.3978017199842725e-06
   ],
   [
    2.8884467155876337e-06,
    -1.840233153416193e-06,
    1.0
   ]
  ]
 },
 {
  "rotation_euler": [
   3.4286431400687434e-06,
   1.2357835430520936e-06,
   0.7262352108955383
  ],
  "euler_order": "XYZ",
  "rotation_matrix": [
   [
    0.7476797103881836,
    -0.6640595197677612,
    3.200793344149133e-06
   ],
   [
    0.6640595197677612,
    0.7476797103881836,
    -1.7428932324037305e-06
   ],
   [
    -1.2357835430520936e-06,
    3.4286431400687434e-06,
    1.0
   ]
  ]
 },
 {
  "rotation_euler": [
   -1.5972118490026332e-06,
   -5.472287739394233e-06,
   0.4898398518562317
  ],
  "euler_order": "XYZ",
  "rotation_matrix": [
   [
    0.8824082016944885,
    -0.47048458456993103,
    -5.58025521968375e-06
   ],
   [
    0.47048458456993103,
    0.8824082016944885,
    -1.1652341527224053e-06
   ],
   [
    5.472287739394233e-06,
    -1.5972118490026332e-06,
    1.0
   ]
  ]
 },
 {
  "rotation_euler": [
   4.776660261995858e-06,
   2.5395718239451526e-06,
   1.191530466079712
  ],
  "euler_order": "XYZ",
  "rotation_matrix": [
   [
    0.37023860216140747,
    -0.9289367198944092,
    5.3774624575453345e-06
   ],
   [
    0.9289367198944092,
    0.37023860216140747,
    5.905974376219092e-07
   ],
   [
    -2.5395718239451526e-06,
    4.776660261995858e-06,
    1.0
   ]
  ]
 }
]