[
 {
  "rotation_euler": [
   -0.00025640081730671227,
   -1.0672637245079386e-06,
   -1.2615320682525635
  ],
  "euler_order": "XYZ",
  "rotation_matrix": [
   [
    0.3043578863143921,
    0.9525577425956726,
    0.00024391175247728825
   ],
   [
    -0.9525577425956726,
    0.3043578863143921,
    7.9054239904508e-05
   ],
   [
    1.0672637245079386e-06,
    -0.00025640081730671227,
    0.9999999403953552
   ]
  ]
 },
 {
  "rotation_euler": [
   -0.00025628734147176147,
   -1.7370159639540361e-06,
   -0.8474407196044922
  ],
  "euler_order": "XYZ",
  "rotation_matrix": [
   [
    0.6619037389755249,
    0.7495888471603394,
    0.00019096040341537446
   ],
   [
    -0.7495888471603394,
    0.6619036793708801,
    0.00017093958740588278
   ],
   [
    1.7370159639540361e-06,
    -0.00025628734147176147,
    0.9999999403953552
   ]
  ]
 },
 {
  "rotation_euler": [
   -0.0002563216257840395,
   -1.725406946206931e-06,
   -0.9205432534217834
  ],
  "euler_order": "XYZ",
  "rotation_matrix": [
   [
    0.6053878664970398,
    0.7959305644035339,
    0.00020296969159971923
   ],
   [
    -0.7959306240081787,
    0.605387806892395,
    0.0001565473066875711
   ],
   [
    1.725406946206931e-06,
    -0.0002563216257840395,
    0.9999999403953552
   ]
  ]
 },
 {
  "rotation_euler": [
   -0.00025632543838582933,
   -1.973377038666513e-06,
   -0.3711879849433899
  ],
  "euler_order": "XYZ",
  "rotation_matrix": [
   [
    0.9318971037864685,
    0.3627227544784546,
    9.11360839381814e-05
   ],
   [
    -0.3627227544784546,
    0.9318970441818237,
    0.0002395847113803029
   ],
   [
    1.973377038666513e-06,
    -0.00025632543838582933,
    0.9999999403953552
   ]
  ]
 },
 {
  "rotation_euler": [
   -0.000256329367402941,
   -8.1615638691801e-07,
   1.568859338760376
  ],
  "euler_order": "XYZ",
  "rotation_matrix": [
   [
    0.0019369868095964193,
    -0.9999980926513672,
    -0.00025633047334849834
   ],
   [
    0.999998152256012,
    0.0019369869260117412,
    -3.196482225575892e-07
   ],
   [
    8.1615638691801e-07,
    -0.000256329367402941,
    0.9999999403953552
   ]
  ]
 },
 {
  "rotation_euler": [
   -0.00025632427423261106,
   -1.6205759720833157e-06,
   1.2005647420883179
  ],
  "euler_order": "XYZ",
  "rotation_matrix": [
   [
    0.36183133721351624,
    -0.9322435259819031,
    -0.00023954303469508886
   ],
   [
    0.9322435855865479,
    0.36183133721351624,
    9.123537893174216e-05
   ],
   [
    1.6205759720833157e-06,
    -0.00025632427423261106,
    0.9999999403953552
   ]
  ]
 },
 {
  "rotation_euler": [
   -0.00025629662559367716,
   -1.4954689504520502e-06,
   2.114858627319336
  ],
  "euler_order": "XYZ",
  "rotation_matrix": [
   [
    -0.5176160335540771,
    -0.8556129932403564,
    -0.00021851665223948658
   ],
   [
    0.8556130528450012,
    -0.5176159739494324,
    -0.00013394278357736766
   ],
   [
    1.4954689504520502e-06,
    -0.00025629662559367716,
    0.9999999403953552
   ]
  ]
 },
 {
  "rotation_euler": [
   -0.00025638213264755905,
   -1.999286268983269e-06,
   -1.6934782266616821
  ],
  "euler_order": "XYZ",
  "rotation_matrix": [
   [
    -0.12237438559532166,
    0.9924839735031128,
    0.000254699814831838
   ],
   [
    -0.9924840331077576,
    -0.12237438559532166,
    -2.9390346753643826e-05
   ],
   [
    1.999286268983269e-06,
    -0.00025638213264755905,
    0.9999999403953552
   ]
  ]
 },
 {
  "rotation_euler": [
   -0.00025643795379437506,
   -1.842339202084986e-06,
   2.5963993072509766
  ],
  "euler_order": "XYZ",
  "rotation_matrix": [
   [
    -0.8550270199775696,
    -0.5185834169387817,
    -0.00013140922237653285
   ],
   [
    0.5185834169387817,
    -0.8550270199775696,
    -0.00022021678159944713
   ],
   [
    1.842339202084986e-06,
    -0.00025643795379437506,
    0.9999999403953552
   ]
  ]
 },
 {
  "rotation_euler": [
   -0.0002563434245530516,
   -1.228387191076763e-06,
   2.1392035484313965
  ],
  "euler_order": "XYZ",
  "rotation_matrix": [
   [
    -0.5382903814315796,
    -0.842759370803833,
    -0.0002153746027033776
   ],
   [
    0.8427594304084778,
    -0.5382903814315796,
    -0.0001390224351780489
   ],
   [
    1.228387191076763e-06,
    -0.0002563434245530516,
    0.9999999403953552
   ]
  ]
 },
 {
  "rotation_euler": [
   -0.0002563021844252944,
   -1.6199528545257635e-06,
   -2.954512357711792
  ],
  "euler_order": "XYZ",
  "rotation_matrix": [
   [
    -0.9825514554977417,
    0.18599092960357666,
    4.9261569074587896e-05
   ],
   [
    -0.18599092960357666,
    -0.9825514554977417,
    -0.00025152877788059413
   ],
   [
    1.6199528545257635e-06,
    -0.0002563021844252944,
    0.9999999403953552
   ]
  ]
 },
 {
  "rotation_euler": [
   -0.00025639275554567575,
   -2.0880650026811054e-06,
   1.8707855939865112
  ],
  "euler_order": "XYZ",
  "rotation_matrix": [
   [
    -0.2955099642276764,
    -0.9553396105766296,
    -0.00024432511418126523
   ],
   [
    0.9553396701812744,
    -0.295509934425354,
    -7.776141865178943e-05
   ],
   [
    2.0880650026811054e-06,
    -0.00025639275554567575,
    0.9999999403953552
   ]
  ]
 },
 {
  "rotation_euler": [
   -0.0002563080925028771,
   -1.5493241107833455e-06,
   -1.0880026817321777
  ],
  "euler_order": "XYZ",
  "rotation_matrix": [
   [
    0.46425533294677734,
    0.8857013583183289,
    0.00022629315208178014
   ],
   [
    -0.8857014179229736,
    0.46425530314445496,
    0.00012036463158437982
   ],
   [
    1.5493241107833455e-06,
    -0.0002563080925028771,
    0.9999999403953552
   ]
  ]
 },
 {
  "rotation_euler": [
   -0.0002562640584073961,
   -1.4674751582788303e-06,
   1.9037188291549683
  ],
  "euler_order": "XYZ",
  "rotation_matrix": [
   [
    -0.3268064558506012,
    -0.9450912475585938,
    -0.00024171335098799318
   ],
   [
    0.9450913071632385,
    -0.3268064260482788,
    -8.513564534951001e-05
   ],
   [
    1.4674751582788303e-06,
    -0.0002562640584073961,
    0.9999999403953552
   ]
  ]
 },
 {
  "rotation_euler": [
   -0.0002563298912718892,
   -1.4221006949810544e-06,
   -0.20640839636325836
  ],
  "euler_order": "XYZ",
  "rotation_matrix": [
   [
    0.978773295879364,
    0.2049458622932434,
    5.1141836593160406e-05
   ],
   [
    -0.2049458622932434,
    0.978773295879364,
    0.00025118031771853566
   ],
   [
    1.4221006949810544e-06,
    -0.0002563298912718892,
    0.9999999403953552
   ]
  ]
 },
 {
  "rotation_euler": [
   -0.0002565320464782417,
   -9.666949836173444e-07,
   2.9470815658569336
  ],
  "euler_order": "XYZ",
  "rotation_matrix": [
   [
    -0.9811422824859619,
    -0.19328686594963074,
    -4.8635807615937665e-05
   ],
   [
    0.19328686594963074,
    -0.9811422824859619,
    -0.0002518812834750861
   ],
   [
    9.666949836173444e-07,
    -0.0002565320464782417,
    0.9999999403953552
   ]
  ]
 }
]