[
 {
  "rotation_euler": [
   -2.8182997269254884e-08,
   3.062731224190429e-08,
   1.0559886693954468
  ],
  "euler_order": "XYZ",
  "rotation_matrix": [
   [
    0.4923674464225769,
    -0.8703874349594116,
    -9.450235260999307e-09
   ],
   [
    0.8703874349594116,
    0.4923674464225769,
    4.05340188081027e-08
   ],
   [
    -3.062731224190429e-08,
    -2.8182997269254884e-08,
    1.0
   ]
  ]
 },
 {
  "rotation_euler": [
   1.277479896089062e-06,
   -9.207638527186646e-07,
   -1.4787354469299316
  ],
  "euler_order": "XYZ",
  "rotation_matrix": [
   [
    0.09193089604377747,
    0.9957653880119324,
    -1.3567168934969231e-06
   ],
   [
    -0.9957653880119324,
    0.09193089604377747,
    7.994249244802631e-07
   ],
   [
    9.207638527186646e-07,
    1.277479896089062e-06,
    1.0
   ]
  ]
 },
 {
  "rotation_euler": [
   6.133200827207475e-07,
   5.258578994471463e-07,
   0.6262820959091187
  ],
  "euler_order": "XYZ",
  "rotation_matrix": [
   [
    0.8102123141288757,
    -0.586136519908905,
    7.855458648009517e-07
   ],
   [
    0.586136519908905,
    0.8102123141288757,
    -1.8869495477247256e-07
   ],
   [
    -5.258578994471463e-07,
    6.133200827207475e-07,
    1.0
   ]
  ]
 },
 {
  "rotation_euler": [
   -2.7390143486627494e-07,
   1.8764808373816777e-07,
   0.8466277122497559
  ],
  "euler_order": "XYZ",
  "rotation_matrix": [
   [
    0.6625128984451294,
    -0.749050498008728,
    -8.08467248702982e-08
   ],
   [
    0.749050498008728,
    0.6625128984451294,
    3.220211226562242e-07
   ],
   [
    -1.8764808373816777e-07,
    -2.7390143486627494e-07,
    1.0
   ]
  ]
 },
 {
  "rotation_euler": [
   9.282212545258517e-07,
   1.290748286919552e-06,
   -1.5172476768493652
  ],
  "euler_order": "XYZ",
  "rotation_matrix": [
   [
    0.05352306365966797,
    0.9985666275024414,
    -8.57805957821256e-07
   ],
   [
    -0.9985666275024414,
    0.05352306365966797,
    -1.3385794090936542e-06
   ],
   [
    -1.290748286919552e-06,
    9.282212545258517e-07,
    1.0
   ]
  ]
 },
 {
  "rotation_euler": [
   -1.2456048636977357e-08,
   -4.572201284247512e-09,
   1.9380697011947632
  ],
  "euler_order": "XYZ",
  "rotation_matrix": [
   [
    -0.3590719699859619,
    -0.9333098530769348,
    -9.983604165597626e-09
   ],
   [
    0.9333098530769348,
    -0.3590719699859619,
    -8.739898582632577e-09
   ],
   [
    4.572201284247512e-09,
    -1.2456048636977357e-08,
    1.0
   ]
  ]
 },
 {
  "rotation_euler": [
   -3.6696565786087376e-09,
   6.109380112917506e-09,
   -1.6385612487792969
  ],
  "euler_order": "XYZ",
  "rotation_matrix": [
   [
    -0.06771306693553925,
    0.9977048635482788,
    3.2475493405570433e-09
   ],
   [
    -0.9977048635482788,
    -0.06771306693553925,
    -6.343841896239155e-09
   ],
   [
    -6.109380112917506e-09,
    -3.6696565786087376e-09,
    1.0
   ]
  ]
 },
 {
  "rotation_euler": [
   9.713261306387722e-08,
   -2.5248050761206287e-08,
   1.2920277118682861
  ],
  "euler_order": "XYZ",
  "rotation_matrix": [
   [
    0.27517199516296387,
    -0.9613950252532959,
    8.643525006846176e-08
   ],
   [
    0.9613950252532959,
    0.27517199516296387,
    -5.100152478121345e-08
   ],
   [
    2.5248050761206287e-08,
    9.713261306387722e-08,
    1.0
   ]
  ]
 },
 {
  "rotation_euler": [
   -8.696770237293094e-08,
   3.433921165196807e-07,
   -2.106703519821167
  ],
  "euler_order": "XYZ",
  "rotation_matrix": [
   [
    -0.5106212496757507,
    0.8598057627677917,
    -1.005679877152943e-07
   ],
   [
    -0.8598057627677917,
    -0.5106212496757507,
    -3.3965807233471423e-07
   ],
   [
    -3.433921165196807e-07,
    -8.696770237293094e-08,
    1.0
   ]
  ]
 },
 {
  "rotation_euler": [
   1.672403904251496e-08,
   5.890830490073995e-09,
   -0.19769011437892914
  ],
  "euler_order": "XYZ",
  "rotation_matrix": [
   [
    0.980522871017456,
    0.19640496373176575,
    2.491409745175588e-09
   ],
   [
    -0.19640496373176575,
    0.980522871017456,
    -1.7555290554582825e-08
   ],
   [
    -5.890830490073995e-09,
    1.672403904251496e-08,
    1.0
   ]
  ]
 },
 {
  "rotation_euler": [
   -9.816672900342382e-06,
   4.9344580475008115e-06,
   -2.2964186668395996
  ],
  "euler_order": "XYZ",
  "rotation_matrix": [
   [
    -0.6636011600494385,
    0.7480865716934204,
    4.0692093534744345e-06
   ],
   [
    -0.7480865716934204,
    -0.6636011600494385,
    -1.0205757462244947e-05
   ],
   [
    -4.9344580475008115e-06,
    -9.816672900342382e-06,
    1.0
   ]
  ]
 },
 {
  "rotation_euler": [
   1.0169495467948764e-08,
   2.7715432171504517e-09,
   2.693591356277466
  ],
  "euler_order": "XYZ",
  "rotation_matrix": [
   [
    -0.9013146758079529,
    -0.43316495418548584,
    1.9070363066475693e-09
   ],
   [
    0.43316495418548584,
    -0.9013146758079529,
    1.0366450808874106e-08
   ],
   [
    -2.7715432171504517e-09,
    1.0169495467948764e-08,
    1.0
   ]
  ]
 },
 {
  "rotation_euler": [
   -6.243182415488491e-09,
   -2.7454620799005625e-09,
   0.15044909715652466
  ],
  "euler_order": "XYZ",
  "rotation_matrix": [
   [
    0.9887038469314575,
    -0.14988216757774353,
    -3.65019081627338e-09
   ],
   [
    0.14988216757774353,
    0.9887038469314575,
    5.7611626580467146e-09
   ],
   [
    2.7454620799005625e-09,
    -6.243182415488491e-09,
    1.0
   ]
  ]
 },
 {
  "rotation_euler": [
   -7.268639734547833e-08,
   -8.540298246373368e-09,
   -0.8764073252677917
  ],
  "euler_order": "XYZ",
  "rotation_matrix": [
   [
    0.6399160623550415,
    0.768444836139679,
    5.039041184318194e-08
   ],
   [
    -0.768444836139679,
    0.6399160623550415,
    5.3075940087410345e-08
   ],
   [
    8.540298246373368e-09,
    -7.268639734547833e-08,
    1.0
   ]
  ]
 },
 {
  "rotation_euler": [
   -5.339532904713451e-08,
   -5.8197926477987494e-08,
   2.545257091522217
  ],
  "euler_order": "XYZ",
  "rotation_matrix": [
   [
    -0.8273991942405701,
    -0.5616142749786377,
    1.8165335902153856e-08
   ],
   [
    0.5616142749786377,
    -0.8273991942405701,
    -7.686404046580719e-08
   ],
   [
    5.8197926477987494e-08,
    -5.339532904713451e-08,
    1.0
   ]
  ]
 },
 {
  "rotation_euler": [
   -2.052865511359414e-06,
   1.6405907672378817e-06,
   1.7020630836486816
  ],
  "euler_order": "XYZ",
  "rotation_matrix": [
   [
    -0.1308901011943817,
    -0.9913969039916992,
    -2.2499416445498355e-06
   ],
   [
    0.9913969039916992,
    -0.1308901011943817,
    1.3577767958850018e-06
   ],
   [
    -1.6405907672378817e-06,
    -2.052865511359414e-06,
    1.0
   ]
  ]
 }
]