[
 {
  "rotation_euler": [
   -0.0001015282905427739,
   4.0602582885185257e-05,
   1.829172134399414
  ],
  "euler_order": "XYZ",
  "rotation_matrix": [
   [
    -0.2555105984210968,
    -0.9668062329292297,
    -0.00010853257845155895
   ],
   [
    0.9668062329292297,
    -0.2555105984210968,
    1.3313275303517003e-05
   ],
   [
    -4.0602582885185257e-05,
    -0.0001015282905427739,
    1.0
   ]
  ]
 },
 {
  "rotation_euler": [
   -0.00010286217730026692,
   4.2715593735920265e-05,
   2.470022201538086
  ],
  "euler_order": "XYZ",
  "rotation_matrix": [
   [
    -0.7828454971313477,
    -0.6222161650657654,
    -9.74422218860127e-05
   ],
   [
    0.6222161650657654,
    -0.7828454971313477,
    -5.3946856496622786e-05
   ],
   [
    -4.2715593735920265e-05,
    -0.00010286217730026692,
    1.0
   ]
  ]
 },
 {
  "rotation_euler": [
   -0.00010732018563430756,
   4.461574280867353e-05,
   2.2465226650238037
  ],
  "euler_order": "XYZ",
  "rotation_matrix": [
   [
    -0.6254642009735107,
    -0.7802528738975525,
    -0.00011164243187522516
   ],
   [
    0.7802528738975525,
    -0.6254642009735107,
    -3.231337541365065e-05
   ],
   [
    -4.461574280867353e-05,
    -0.00010732018563430756,
    1.0
   ]
  ]
 },
 {
  "rotation_euler": [
   -0.00010188533633481711,
   4.2350508010713384e-05,
   0.8408372402191162
  ],
  "euler_order": "XYZ",
  "rotation_matrix": [
   [
    0.6668391227722168,
    -0.7452017068862915,
    -4.7684148739790544e-05
   ],
   [
    0.7452017068862915,
    0.6668391227722168,
    9.9500801297836e-05
   ],
   [
    -4.2350508010713384e-05,
    -0.00010188533633481711,
    1.0
   ]
  ]
 },
 {
  "rotation_euler": [
   -0.00010055541497422382,
   4.3654468754539266e-05,
   -0.7100862860679626
  ],
  "euler_order": "XYZ",
  "rotation_matrix": [
   [
    0.7583056092262268,
    0.6518992185592651,
    9.865542233455926e-05
   ],
   [
    -0.6518992185592651,
    0.7583056092262268,
    4.779342270921916e-05
   ],
   [
    -4.3654468754539266e-05,
    -0.00010055541497422382,
    1.0
   ]
  ]
 },
 {
  "rotation_euler": [
   -0.00010130798182217404,
   4.1434232116444036e-05,
   1.4166958332061768
  ],
  "euler_order": "XYZ",
  "rotation_matrix": [
   [
    0.1534913182258606,
    -0.9881500005722046,
    -9.374768706038594e-05
   ],
   [
    0.9881500005722046,
    0.1534913033246994,
    5.649313243338838e-05
   ],
   [
    -4.1434232116444036e-05,
    -0.00010130798182217404,
    1.0
   ]
  ]
 },
 {
  "rotation_euler": [
   -0.00010220459080301225,
   4.3137672037119046e-05,
   0.7506111264228821
  ],
  "euler_order": "XYZ",
  "rotation_matrix": [
   [
    0.7312721610069275,
    -0.6820858120918274,
    -3.8166919694049284e-05
   ],
   [
    0.6820858120918274,
    0.7312721610069275,
    0.00010416296572657302
   ],
   [
    -4.3137672037119046e-05,
    -0.00010220459080301225,
    1.0
   ]
  ]
 },
 {
  "rotation_euler": [
   -0.00010164870764128864,
   4.114758121431805e-05,
   3.1393589973449707
  ],
  "euler_order": "XYZ",
  "rotation_matrix": [
   [
    -0.9999974966049194,
    -0.002233650302514434,
    -4.137452560826205e-05
   ],
   [
    0.0022336544934660196,
    -0.9999974966049194,
    -0.00010155654308618978
   ],
   [
    -4.114758121431805e-05,
    -0.00010164870764128864,
    1.0
   ]
  ]
 },
 {
  "rotation_euler": [
   -0.00010091638250742108,
   4.2100840801140293e-05,
   2.239658832550049
  ],
  "euler_order": "XYZ",
  "rotation_matrix": [
   [
    -0.6200940012931824,
    -0.7845275402069092,
    -0.00010527815902605653
   ],
   [
    0.7845275402069092,
    -0.6200940012931824,
    -2.9548373277066275e-05
   ],
   [
    -4.2100840801140293e-05,
    -0.00010091638250742108,
    1.0
   ]
  ]
 },
 {
  "rotation_euler": [
   -0.00010553390893619508,
   4.1657556721474975e-05,
   -2.905510425567627
  ],
  "euler_order": "XYZ",
  "rotation_matrix": [
   [
    -0.9722617864608765,
    0.23389533162117004,
    -1.5818161045899615e-05
   ],
   [
    -0.23389533162117004,
    -0.9722617864608765,
    -0.00011235009151278064
   ],
   [
    -4.1657556721474975e-05,
    -0.00010553390893619508,
    1.0
   ]
  ]
 },
 {
  "rotation_euler": [
   -9.375590889248997e-05,
   4.378746234579012e-05,
   -1.6962831020355225
  ],
  "euler_order": "XYZ",
  "rotation_matrix": [
   [
    -0.1251576989889145,
    0.9921368360519409,
    8.753835572861135e-05
   ],
   [
    -0.9921368360519409,
    -0.1251576840877533,
    -5.517742829397321e-05
   ],
   [
    -4.378746234579012e-05,
    -9.375590889248997e-05,
    1.0
   ]
  ]
 },
 {
  "rotation_euler": [
   -0.0001028604747261852,
   4.257789987605065e-05,
   1.5667140483856201
  ],
  "euler_order": "XYZ",
  "rotation_matrix": [
   [
    0.004082267172634602,
    -0.9999916553497314,
    -0.0001026858008117415
   ],
   [
    0.9999916553497314,
    0.0040822625160217285,
    4.29974497819785e-05
   ],
   [
    -4.257789987605065e-05,
    -0.0001028604747261852,
    1.0
   ]
  ]
 },
 {
  "rotation_euler": [
   -0.00010017869499279186,
   4.1857161704683676e-05,
   1.6071697473526
  ],
  "euler_order": "XYZ",
  "rotation_matrix": [
   [
    -0.03636540099978447,
    -0.9993385672569275,
    -0.00010163458500755951
   ],
   [
    0.9993385672569275,
    -0.03636540472507477,
    3.818643745034933e-05
   ],
   [
    -4.1857161704683676e-05,
    -0.00010017869499279186,
    1.0
   ]
  ]
 },
 {
  "rotation_euler": [
   -0.00010249634942738339,
   4.2855044739553705e-05,
   -1.6447316408157349
  ],
  "euler_order": "XYZ",
  "rotation_matrix": [
   [
    -0.07386796921491623,
    0.99726802110672,
    9.905071783578023e-05
   ],
   [
    -0.99726802110672,
    -0.07386796921491623,
    -5.0309161451878026e-05
   ],
   [
    -4.2855044739553705e-05,
    -0.00010249634942738339,
    1.0
   ]
  ]
 },
 {
  "rotation_euler": [
   -0.00011936758528463542,
   1.827180130931083e-05,
   -1.8844729661941528
  ],
  "euler_order": "XYZ",
  "rotation_matrix": [
   [
    -0.3085579574108124,
    0.9512055516242981,
    0.00010790520173031837
   ],
   [
    -0.9512055516242981,
    -0.3085579574108124,
    -5.421205787570216e-05
   ],
   [
    -1.827180130931083e-05,
    -0.00011936758528463542,
    1.0
   ]
  ]
 },
 {
  "rotation_euler": [
   -0.00010224244033452123,
   3.944597483496182e-05,
   3.087007761001587
  ],
  "euler_order": "XYZ",
  "rotation_matrix": [
   [
    -0.9985105991363525,
    -0.054557785391807556,
    -4.496534529607743e-05
   ],
   [
    0.054557789117097855,
    -0.9985105991363525,
    -9.993807907449082e-05
   ],
   [
    -3.944597483496182e-05,
    -0.00010224244033452123,
    1.0
   ]
  ]
 }
]