[
 {
  "rotation_euler": [
   0.2556488513946533,
   1.0522124767303467,
   0.625417947769165
  ],
  "euler_order": "XYZ",
  "rotation_matrix": [
   [
    0.401833176612854,
    -0.3883543312549591,
    0.8292834162712097
   ],
   [
    0.2901718318462372,
    0.9129466414451599,
    0.28692978620529175
   ],
   [
    -0.8685219883918762,
    0.12533678114414215,
    0.47954174876213074
   ]
  ]
 },
 {
  "rotation_euler": [
   0.17551054060459137,
   0.7104204297065735,
   0.8996004462242126
  ],
  "euler_order": "XYZ",
  "rotation_matrix": [
   [
    0.4714721441268921,
    -0.7002282738685608,
    0.5360917448997498
   ],
   [
    0.5936422348022461,
    0.7015400528907776,
    0.3942467272281647
   ],
   [
    -0.6521525382995605,
    0.13237035274505615,
    0.746441662311554
   ]
  ]
 },
 {
  "rotation_euler": [
   0.21112878620624542,
   -2.2911484241485596,
   -1.5890634059906006
  ],
  "euler_order": "XYZ",
  "rotation_matrix": [
   [
    0.012049196287989616,
    0.9805088043212891,
    -0.19610534608364105
   ],
   [
    0.6595392823219299,
    0.13961581885814667,
    0.7385901212692261
   ],
   [
    0.7515735030174255,
    -0.1382385939359665,
    -0.6450018286705017
   ]
  ]
 },
 {
  "rotation_euler": [
   0.22932404279708862,
   -2.285625457763672,
   0.7874072790145874
  ],
  "euler_order": "XYZ",
  "rotation_matrix": [
   [
    -0.46256813406944275,
    -0.8111238479614258,
    -0.3579230010509491
   ],
   [
    -0.464430570602417,
    0.5655754804611206,
    -0.6814900040626526
   ],
   [
    0.7552052736282349,
    -0.14900517463684082,
    -0.6383278965950012
   ]
  ]
 },
 {
  "rotation_euler": [
   -0.40407004952430725,
   2.202667236328125,
   0.14555397629737854
  ],
  "euler_order": "XYZ",
  "rotation_matrix": [
   [
    -0.5844097137451172,
    -0.4472588002681732,
    0.6770707964897156
   ],
   [
    -0.08566900342702866,
    0.8637310862541199,
    0.49661797285079956
   ],
   [
    -0.8069238662719727,
    0.23222438991069794,
    -0.5430890321731567
   ]
  ]
 },
 {
  "rotation_euler": [
   2.7831759452819824,
   0.9710726737976074,
   0.5897254943847656
  ],
  "euler_order": "XYZ",
  "rotation_matrix": [
   [
    0.4690810441970825,
    0.7614571452140808,
    -0.4473768174648285
   ],
   [
    0.31388941407203674,
    -0.6172375679016113,
    -0.7214508056640625
   ],
   [
    -0.8254916071891785,
    0.19799204170703888,
    -0.5285477638244629
   ]
  ]
 },
 {
  "rotation_euler": [
   0.08322842419147491,
   -2.3363046646118164,
   -2.0407047271728516
  ],
  "euler_order": "XYZ",
  "rotation_matrix": [
   [
    0.3137499690055847,
    0.9156650304794312,
    0.2512340545654297
   ],
   [
    0.6177996397018433,
    -0.3977932929992676,
    0.6782950162887573
   ],
   [
    0.7210302352905273,
    -0.057602718472480774,
    -0.6905051469802856
   ]
  ]
 },
 {
  "rotation_euler": [
   -0.2055877298116684,
   -2.3927695751190186,
   -0.16731731593608856
  ],
  "euler_order": "XYZ",
  "rotation_matrix": [
   [
    -0.7222614288330078,
    0.30006542801856995,
    -0.623136579990387
   ],
   [
    0.12198732048273087,
    0.942125678062439,
    0.31227925419807434
   ],
   [
    0.6807771325111389,
    0.1495324969291687,
    -0.7170652151107788
   ]
  ]
 },
 {
  "rotation_euler": [
   0.008155685849487782,
   -0.0010549218859523535,
   -2.6590168476104736
  ],
  "euler_order": "XYZ",
  "rotation_matrix": [
   [
    -0.8858020305633545,
    0.46405455470085144,
    -0.0028502836357802153
   ],
   [
    -0.4640621244907379,
    -0.8857690691947937,
    0.007713780272752047
   ],
   [
    0.0010549216531217098,
    0.00815559085458517,
    0.9999662041664124
   ]
  ]
 },
 {
  "rotation_euler": [
   2.292605400085449,
   1.367000699043274,
   -0.6905964016914368
  ],
  "euler_order": "XYZ",
  "rotation_matrix": [
   [
    0.15601396560668945,
    0.1457550972700119,
    -0.976941704750061
   ],
   [
    -0.12892046570777893,
    -0.9775875210762024,
    -0.16643957793712616
   ],
   [
    -0.9793054461479187,
    0.15191468596458435,
    -0.13372649252414703
   ]
  ]
 },
 {
  "rotation_euler": [
   0.14625081419944763,
   -2.325194835662842,
   -1.616819143295288
  ],
  "euler_order": "XYZ",
  "rotation_matrix": [
   [
    0.031507622450590134,
    0.9931623339653015,
    -0.11240935325622559
   ],
   [
    0.6841253042221069,
    0.06056319922208786,
    0.7268456816673279
   ],
   [
    0.728683590888977,
    -0.09980326890945435,
    -0.6775392889976501
   ]
  ]
 },
 {
  "rotation_euler": [
   -0.3358170688152313,
   -1.0514791011810303,
   -2.129279851913452
  ],
  "euler_order": "XYZ",
  "rotation_matrix": [
   [
    -0.262983113527298,
    0.6490870714187622,
    0.7138108015060425
   ],
   [
    -0.4208814203739166,
    -0.7429255843162537,
    0.5205001831054688
   ],
   [
    0.868158221244812,
    -0.16354693472385406,
    0.46856555342674255
   ]
  ]
 },
 {
  "rotation_euler": [
   0.2389518767595291,
   0.6409927606582642,
   -2.24429988861084
  ],
  "euler_order": "XYZ",
  "rotation_matrix": [
   [
    -0.4999198019504547,
    0.6711525321006775,
    -0.5473887324333191
   ],
   [
    -0.6264873743057251,
    -0.7166358828544617,
    -0.3065071105957031
   ],
   [
    -0.597991406917572,
    0.18970315158367157,
    0.7787290811538696
   ]
  ]
 },
 {
  "rotation_euler": [
   0.1055384948849678,
   0.6600649356842041,
   0.4799405038356781
  ],
  "euler_order": "XYZ",
  "rotation_matrix": [
   [
    0.7007054686546326,
    -0.40186211466789246,
    0.5895071625709534
   ],
   [
    0.36474189162254333,
    0.9119111895561218,
    0.18809933960437775
   ],
   [
    -0.6131681203842163,
    0.08321570605039597,
    0.7855570912361145
   ]
  ]
 },
 {
  "rotation_euler": [
   -0.11093884706497192,
   -2.369802713394165,
   1.0742212533950806
  ],
  "euler_order": "XYZ",
  "rotation_matrix": [
   [
    -0.3414307236671448,
    -0.8370292782783508,
    -0.4275594651699066
   ],
   [
    -0.6301044225692749,
    0.5413748621940613,
    -0.5566701292991638
   ],
   [
    0.6974191665649414,
    0.07934283465147018,
    -0.7122578620910645
   ]
  ]
 },
 {
  "rotation_euler": [
   0.16542193293571472,
   -2.3149936199188232,
   0.8805311918258667
  ],
  "euler_order": "XYZ",
  "rotation_matrix": [
   [
    -0.4313170313835144,
    -0.8376832008361816,
    -0.3350410461425781
   ],
   [
    -0.5223134756088257,
    0.5346447229385376,
    -0.6643370389938354
   ],
   [
    0.7356318831443787,
    -0.11154341697692871,
    -0.6681345701217651
   ]
  ]
 }
]