[
 {
  "rotation_euler": [
   -0.0005581190343946218,
   -0.00010865397052839398,
   -0.683734655380249
  ],
  "euler_order": "XYZ",
  "rotation_matrix": [
   [
    0.7752189636230469,
    0.6316925287246704,
    0.00026832905132323503
   ],
   [
    -0.6316925883293152,
    0.7752188444137573,
    0.0005013003246858716
   ],
   [
    0.00010865397052839398,
    -0.0005581189761869609,
    0.9999998211860657
   ]
  ]
 },
 {
  "rotation_euler": [
   0.00010902622307185084,
   1.2306496728342609e-06,
   0.9046914577484131
  ],
  "euler_order": "XYZ",
  "rotation_matrix": [
   [
    0.6179282069206238,
    -0.7862345576286316,
    8.648063521832228e-05
   ],
   [
    0.7862345576286316,
    0.6179282069206238,
    -6.640279752900824e-05
   ],
   [
    -1.2306496728342609e-06,
    0.00010902622307185084,
    1.0
   ]
  ]
 },
 {
  "rotation_euler": [
   0.00012727225839626044,
   -2.6363679239693738e-08,
   0.1922411322593689
  ],
  "euler_order": "XYZ",
  "rotation_matrix": [
   [
    0.981578528881073,
    -0.19105921685695648,
    2.4290660803671926e-05
   ],
   [
    0.19105921685695648,
    0.981578528881073,
    -0.0001249327469849959
   ],
   [
    2.6363679239693738e-08,
    0.00012727225839626044,
    1.0
   ]
  ]
 },
 {
  "rotation_euler": [
   0.0001100100707844831,
   8.171843546733726e-06,
   2.7530293464660645
  ],
  "euler_order": "XYZ",
  "rotation_matrix": [
   [
    -0.925454318523407,
    -0.3788592219352722,
    3.411565921851434e-05
   ],
   [
    0.3788592219352722,
    -0.925454318523407,
    0.00010490527347428724
   ],
   [
    -8.171843546733726e-06,
    0.0001100100707844831,
    1.0
   ]
  ]
 },
 {
  "rotation_euler": [
   0.00011785585229517892,
   1.8390320519756642e-06,
   2.6053073406219482
  ],
  "euler_order": "XYZ",
  "rotation_matrix": [
   [
    -0.8596125841140747,
    -0.5109463334083557,
    5.8637160691432655e-05
   ],
   [
    0.5109463334083557,
    -0.8596125841140747,
    0.00010225002188235521
   ],
   [
    -1.8390320519756642e-06,
    0.00011785585229517892,
    1.0
   ]
  ]
 },
 {
  "rotation_euler": [
   0.00010904597729677334,
   -5.788964472230873e-07,
   0.10662949085235596
  ],
  "euler_order": "XYZ",
  "rotation_matrix": [
   [
    0.9943204522132874,
    -0.10642754286527634,
    1.1029886991309468e-05
   ],
   [
    0.10642754286527634,
    0.9943204522132874,
    -0.00010848825331777334
   ],
   [
    5.788964472230873e-07,
    0.00010904597729677334,
    1.0
   ]
  ]
 },
 {
  "rotation_euler": [
   0.0001234832452610135,
   3.034863027551182e-08,
   2.5138916969299316
  ],
  "euler_order": "XYZ",
  "rotation_matrix": [
   [
    -0.8093798160552979,
    -0.5872855186462402,
    7.24953570170328e-05
   ],
   [
    0.5872855186462402,
    -0.8093798160552979,
    9.996267181122676e-05
   ],
   [
    -3.034863027551182e-08,
    0.0001234832452610135,
    1.0
   ]
  ]
 },
 {
  "rotation_euler": [
   0.0001192441995954141,
   5.423017228167737e-06,
   0.8789012432098389
  ],
  "euler_order": "XYZ",
  "rotation_matrix": [
   [
    0.6379976272583008,
    -0.7700383067131042,
    9.52824775595218e-05
   ],
   [
    0.770038366317749,
    0.6379976272583008,
    -7.190158066805452e-05
   ],
   [
    -5.423017228167737e-06,
    0.0001192441995954141,
    1.0
   ]
  ]
 },
 {
  "rotation_euler": [
   0.00012097506260033697,
   -1.329134875049931e-06,
   2.261481285095215
  ],
  "euler_order": "XYZ",
  "rotation_matrix": [
   [
    -0.6370652914047241,
    -0.7708098292350769,
    9.409551421413198e-05
   ],
   [
    0.7708098292350769,
    -0.6370652914047241,
    7.604450365761295e-05
   ],
   [
    1.329134875049931e-06,
    0.00012097506260033697,
    1.0
   ]
  ]
 },
 {
  "rotation_euler": [
   0.00010265609307680279,
   1.1638685464276932e-05,
   2.7649741172790527
  ],
  "euler_order": "XYZ",
  "rotation_matrix": [
   [
    -0.9299135804176331,
    -0.36777812242507935,
    2.6931691536447033e-05
   ],
   [
    0.36777812242507935,
    -0.9299135804176331,
    9.97417519101873e-05
   ],
   [
    -1.1638685464276932e-05,
    0.00010265609307680279,
    1.0
   ]
  ]
 },
 {
  "rotation_euler": [
   0.00010930610005743802,
   1.090742216547369e-06,
   -2.5775318145751953
  ],
  "euler_order": "XYZ",
  "rotation_matrix": [
   [
    -0.8450910449028015,
    0.5346223711967468,
    -5.935926310485229e-05
   ],
   [
    -0.5346223711967468,
    -0.8450910449028015,
    9.179047629004344e-05
   ],
   [
    -1.090742216547369e-06,
    0.00010930610005743802,
    1.0
   ]
  ]
 },
 {
  "rotation_euler": [
   0.00012143083586124703,
   2.6123666430066805e-07,
   0.10009735077619553
  ],
  "euler_order": "XYZ",
  "rotation_matrix": [
   [
    0.9949944615364075,
    -0.0999302789568901,
    1.2394546502036974e-05
   ],
   [
    0.0999302789568901,
    0.9949944615364075,
    -0.00012079690350219607
   ],
   [
    -2.6123666430066805e-07,
    0.00012143083586124703,
    1.0
   ]
  ]
 },
 {
  "rotation_euler": [
   0.0001220079866470769,
   -1.525606165841964e-07,
   -2.1228466033935547
  ],
  "euler_order": "XYZ",
  "rotation_matrix": [
   [
    -0.5244340300559998,
    0.8514510989189148,
    -0.00010380382445873693
   ],
   [
    -0.8514510989189148,
    -0.5244340300559998,
    6.411504000425339e-05
   ],
   [
    1.525606165841964e-07,
    0.0001220079866470769,
    1.0
   ]
  ]
 },
 {
  "rotation_euler": [
   0.00012162981875007972,
   -2.7759753606915183e-07,
   -0.9996468424797058
  ],
  "euler_order": "XYZ",
  "rotation_matrix": [
   [
    0.5405994653701782,
    0.8412801027297974,
    -0.00010247481986880302
   ],
   [
    -0.8412801027297974,
    0.5405994653701782,
    -6.551947444677353e-05
   ],
   [
    2.7759753606915183e-07,
    0.00012162981875007972,
    1.0
   ]
  ]
 },
 {
  "rotation_euler": [
   0.00012054029502905905,
   -4.888095190835884e-07,
   1.8888962268829346
  ],
  "euler_order": "XYZ",
  "rotation_matrix": [
   [
    -0.3127623498439789,
    -0.9498314261436462,
    0.00011464583803899586
   ],
   [
    0.9498314261436462,
    -0.3127623498439789,
    3.723617919604294e-05
   ],
   [
    4.888095190835884e-07,
    0.00012054029502905905,
    1.0
   ]
  ]
 },
 {
  "rotation_euler": [
   0.00011004597035935149,
   -8.55342295835726e-06,
   -2.288456439971924
  ],
  "euler_order": "XYZ",
  "rotation_matrix": [
   [
    -0.6576237082481384,
    0.7533465623855591,
    -7.727782212896273e-05
   ],
   [
    -0.7533465623855591,
    -0.6576237082481384,
    7.881253259256482e-05
   ],
   [
    8.55342295835726e-06,
    0.00011004597035935149,
    1.0
   ]
  ]
 }
]