[
 {
  "rotation_euler": [
   0.05888194590806961,
   -1.472429448767798e-05,
   0.449030339717865
  ],
  "euler_order": "XYZ",
  "rotation_matrix": [
   [
    0.9008684754371643,
    -0.4333406686782837,
    0.025532184168696404
   ],
   [
    0.4340921938419342,
    0.8993068337440491,
    -0.053020622581243515
   ],
   [
    1.472429448767798e-05,
    0.058847926557064056,
    0.9982669353485107
   ]
  ]
 },
 {
  "rotation_euler": [
   0.017887501046061516,
   1.9862021360950166e-07,
   -2.5789196491241455
  ],
  "euler_order": "XYZ",
  "rotation_matrix": [
   [
    -0.8458322286605835,
    0.5333636999130249,
    -0.009541728533804417
   ],
   [
    -0.5334489941596985,
    -0.8456969261169434,
    0.015128912404179573
   ],
   [
    -1.9862021360950166e-07,
    0.01788654737174511,
    0.9998400211334229
   ]
  ]
 },
 {
  "rotation_euler": [
   -0.01201215572655201,
   -1.4826262884071184e-07,
   -2.3352131843566895
  ],
  "euler_order": "XYZ",
  "rotation_matrix": [
   [
    -0.6921162009239197,
    0.7217339873313904,
    0.008670100942254066
   ],
   [
    -0.7217860817909241,
    -0.6920662522315979,
    -0.008313500322401524
   ],
   [
    1.4826262884071184e-07,
    -0.012011867016553879,
    0.9999278783798218
   ]
  ]
 },
 {
  "rotation_euler": [
   -0.057194679975509644,
   2.543771771001957e-08,
   0.5542999505996704
  ],
  "euler_order": "XYZ",
  "rotation_matrix": [
   [
    0.8502691388130188,
    -0.5254875421524048,
    -0.03008788451552391
   ],
   [
    0.5263481736183167,
    0.848878800868988,
    0.04860437288880348
   ],
   [
    -2.543771771001957e-08,
    -0.057163503021001816,
    0.9983648061752319
   ]
  ]
 },
 {
  "rotation_euler": [
   0.03872039169073105,
   -2.7385067369323224e-06,
   1.7655291557312012
  ],
  "euler_order": "XYZ",
  "rotation_matrix": [
   [
    -0.1935044229030609,
    -0.9803640246391296,
    0.03797959163784981
   ],
   [
    0.9810994267463684,
    -0.19335947930812836,
    0.007488009985536337
   ],
   [
    2.7385067369323224e-06,
    0.03871071711182594,
    0.9992504715919495
   ]
  ]
 },
 {
  "rotation_euler": [
   -0.00017508665041532367,
   -1.2905898927328963e-07,
   1.2579929828643799
  ],
  "euler_order": "XYZ",
  "rotation_matrix": [
   [
    0.3077271580696106,
    -0.9514746069908142,
    -0.0001666302268858999
   ],
   [
    0.951474666595459,
    0.3077271580696106,
    5.3756120905745775e-05
   ],
   [
    1.2905898927328963e-07,
    -0.00017508665041532367,
    1.0
   ]
  ]
 },
 {
  "rotation_euler": [
   -0.002869857009500265,
   -9.092815957956191e-07,
   2.9835681915283203
  ],
  "euler_order": "XYZ",
  "rotation_matrix": [
   [
    -0.987540066242218,
    -0.15736694633960724,
    -0.0004507239209488034
   ],
   [
    0.15736758708953857,
    -0.9875360131263733,
    -0.002834238111972809
   ],
   [
    9.092815957956191e-07,
    -0.002869853051379323,
    0.9999958872795105
   ]
  ]
 },
 {
  "rotation_euler": [
   -0.038763128221035004,
   1.38981340569444e-05,
   -1.4914098978042603
  ],
  "euler_order": "XYZ",
  "rotation_matrix": [
   [
    0.0793030709028244,
    0.9961016774177551,
    0.03863247111439705
   ],
   [
    -0.9968505501747131,
    0.07924403250217438,
    0.003059421433135867
   ],
   [
    -1.38981340569444e-05,
    -0.03875342011451721,
    0.9992488026618958
   ]
  ]
 },
 {
  "rotation_euler": [
   0.060888808220624924,
   0.0003521330654621124,
   0.42228612303733826
  ],
  "euler_order": "XYZ",
  "rotation_matrix": [
   [
    0.9121543169021606,
    -0.4090677797794342,
    0.02526027150452137
   ],
   [
    0.40984678268432617,
    0.9104728102684021,
    -0.05536162853240967
   ],
   [
    -0.0003521330654621124,
    0.06085118651390076,
    0.9981467723846436
   ]
  ]
 },
 {
  "rotation_euler": [
   -0.05326365306973457,
   0.000479867507237941,
   3.053009271621704
  ],
  "euler_order": "XYZ",
  "rotation_matrix": [
   [
    -0.9960789680480957,
    -0.0883166640996933,
    -0.005187186412513256
   ],
   [
    0.0884675681591034,
    -0.99466872215271,
    -0.05298733338713646
   ],
   [
    -0.00047986747813411057,
    -0.05323846638202667,
    0.9985817074775696
   ]
  ]
 },
 {
  "rotation_euler": [
   0.006773935165256262,
   -3.508711756694538e-07,
   0.7809774875640869
  ],
  "euler_order": "XYZ",
  "rotation_matrix": [
   [
    0.7102257609367371,
    -0.7039578557014465,
    0.004768388345837593
   ],
   [
    0.7039740085601807,
    0.7102094292640686,
    -0.004811233375221491
   ],
   [
    3.508711756694538e-07,
    0.006773883476853371,
    0.9999770522117615
   ]
  ]
 },
 {
  "rotation_euler": [
   -0.02785894274711609,
   -2.8498845949798124e-06,
   -3.1111855506896973
  ],
  "euler_order": "XYZ",
  "rotation_matrix": [
   [
    -0.9995377659797668,
    0.030390540137887,
    0.0008497171220369637
   ],
   [
    -0.030402418226003647,
    -0.9991498589515686,
    -0.02784237638115883
   ],
   [
    2.8498845949798124e-06,
    -0.027855338528752327,
    0.9996119737625122
   ]
  ]
 },
 {
  "rotation_euler": [
   -0.1052890494465828,
   -1.3471743613990839e-06,
   0.7461387515068054
  ],
  "euler_order": "XYZ",
  "rotation_matrix": [
   [
    0.7343153953552246,
    -0.6750492453575134,
    -0.07134009897708893
   ],
   [
    0.6788084506988525,
    0.7302489876747131,
    0.077171690762043
   ],
   [
    1.3471743613990839e-06,
    -0.10509461909532547,
    0.994462251663208
   ]
  ]
 },
 {
  "rotation_euler": [
   0.025338033214211464,
   3.0940633166665066e-08,
   -1.5830566883087158
  ],
  "euler_order": "XYZ",
  "rotation_matrix": [
   [
    -0.012260054238140583,
    0.9996038675308228,
    -0.02533341757953167
   ],
   [
    -0.9999248385429382,
    -0.012256119400262833,
    0.00031058149761520326
   ],
   [
    -3.0940633166665066e-08,
    0.025335321202874184,
    0.9996790289878845
   ]
  ]
 },
 {
  "rotation_euler": [
   -0.08935340493917465,
   2.2787146747305087e-07,
   0.875342845916748
  ],
  "euler_order": "XYZ",
  "rotation_matrix": [
   [
    0.6407336592674255,
    -0.7647003531455994,
    -0.06851086020469666
   ],
   [
    0.7677631974220276,
    0.6381775140762329,
    0.05717575550079346
   ],
   [
    -2.2787146747305087e-07,
    -0.08923455327749252,
    0.9960106611251831
   ]
  ]
 },
 {
  "rotation_euler": [
   0.03310541436076164,
   4.4821840106124e-07,
   3.0256900787353516
  ],
  "euler_order": "XYZ",
  "rotation_matrix": [
   [
    -0.9932908415794373,
    -0.11557990312576294,
    0.0038272736128419638
   ],
   [
    0.11564325541257858,
    -0.9927465319633484,
    0.032877348363399506
   ],
   [
    -4.4821840106124e-07,
    0.03309936821460724,
    0.9994520545005798
   ]
  ]
 }
]