[
 {
  "rotation_euler": [
   0.5271271467208862,
   -1.873296856880188,
   2.1245827674865723
  ],
  "euler_order": "XYZ",
  "rotation_matrix": [
   [
    0.15667331218719482,
    -0.4825349450111389,
    0.8617502450942993
   ],
   [
    -0.2533825635910034,
    -0.8629605770111084,
    -0.4371456205844879
   ],
   [
    0.9545945525169373,
    -0.14986343681812286,
    -0.2574688494205475
   ]
  ]
 },
 {
  "rotation_euler": [
   3.235489930375479e-05,
   -4.8224763304460794e-05,
   0.6027395725250244
  ],
  "euler_order": "XYZ",
  "rotation_matrix": [
   [
    0.823785662651062,
    -0.566901445388794,
    -2.1384828869486228e-05
   ],
   [
    0.566901445388794,
    0.823785662651062,
    -5.3992189350537956e-05
   ],
   [
    4.8224763304460794e-05,
    3.235489930375479e-05,
    1.0
   ]
  ]
 },
 {
  "rotation_euler": [
   0.5677236914634705,
   2.090017557144165,
   -1.5589402914047241
  ],
  "euler_order": "XYZ",
  "rotation_matrix": [
   [
    -0.005882875993847847,
    0.8486027121543884,
    -0.5289978981018066
   ],
   [
    0.4961692690849304,
    -0.4568179249763489,
    -0.7383314967155457
   ],
   [
    -0.8682058453559875,
    -0.26681602001190186,
    -0.41836321353912354
   ]
  ]
 },
 {
  "rotation_euler": [
   -2.6625986099243164,
   0.7732824683189392,
   0.470491498708725
  ],
  "euler_order": "XYZ",
  "rotation_matrix": [
   [
    0.6378663182258606,
    0.11536148935556412,
    -0.7614580392837524
   ],
   [
    0.3244088292121887,
    -0.9369685649871826,
    0.12980277836322784
   ],
   [
    -0.6984879970550537,
    -0.32982051372528076,
    -0.6350849866867065
   ]
  ]
 },
 {
  "rotation_euler": [
   0.00013972636952530593,
   -0.00020327961829025298,
   -2.662271738052368
  ],
  "euler_order": "XYZ",
  "rotation_matrix": [
   [
    -0.8873082995414734,
    0.4611767530441284,
    0.00011593314411584288
   ],
   [
    -0.46117672324180603,
    -0.8873082995414734,
    0.0002177282003685832
   ],
   [
    0.00020327961829025298,
    0.00013972636952530593,
    0.9999999403953552
   ]
  ]
 },
 {
  "rotation_euler": [
   0.00015198509208858013,
   -0.0002310978015884757,
   -2.5137267112731934
  ],
  "euler_order": "XYZ",
  "rotation_matrix": [
   [
    -0.8092828989028931,
    0.5874190330505371,
    9.774456702871248e-05
   ],
   [
    -0.5874190330505371,
    -0.8092828989028931,
    0.00025875019491650164
   ],
   [
    0.0002310978015884757,
    0.00015198509208858013,
    0.9999999403953552
   ]
  ]
 },
 {
  "rotation_euler": [
   0.00016470937407575548,
   -0.0002433285117149353,
   -0.20883223414421082
  ],
  "euler_order": "XYZ",
  "rotation_matrix": [
   [
    0.9782736301422119,
    0.20731760561466217,
    -0.0002721890341490507
   ],
   [
    -0.20731763541698456,
    0.9782736897468567,
    -0.00011068455205531791
   ],
   [
    0.0002433285117149353,
    0.00016470937407575548,
    0.9999999403953552
   ]
  ]
 },
 {
  "rotation_euler": [
   0.00014414840552490205,
   -0.00021121319150552154,
   -2.712196111679077
  ],
  "euler_order": "XYZ",
  "rotation_matrix": [
   [
    -0.909217119216919,
    0.4163222312927246,
    0.0001320264709647745
   ],
   [
    -0.4163222014904022,
    -0.909217119216919,
    0.00021899494458921254
   ],
   [
    0.00021121319150552154,
    0.00014414840552490205,
    0.9999999403953552
   ]
  ]
 },
 {
  "rotation_euler": [
   0.9362231492996216,
   -9.619094271329232e-06,
   -3.1364190578460693
  ],
  "euler_order": "XYZ",
  "rotation_matrix": [
   [
    -0.9999865889549255,
    0.0030748152639716864,
    -0.004160704091191292
   ],
   [
    -0.005173572804778814,
    -0.5928258895874023,
    0.8053140640258789
   ],
   [
    9.619094271329232e-06,
    0.8053247928619385,
    0.5928338170051575
   ]
  ]
 },
 {
  "rotation_euler": [
   0.3564244210720062,
   -1.6856781244277954,
   0.10548986494541168
  ],
  "euler_order": "XYZ",
  "rotation_matrix": [
   [
    -0.11399205029010773,
    -0.4433753788471222,
    -0.889057993888855
   ],
   [
    -0.01206981111317873,
    0.8954432010650635,
    -0.4450121521949768
   ],
   [
    0.9934083223342896,
    -0.03999708592891693,
    -0.10742486268281937
   ]
  ]
 },
 {
  "rotation_euler": [
   0.0001456086029065773,
   -0.0002131360670318827,
   0.6290805339813232
  ],
  "euler_order": "XYZ",
  "rotation_matrix": [
   [
    0.8085688352584839,
    -0.5884015560150146,
    -8.66588598000817e-05
   ],
   [
    0.5884015560150146,
    0.8085688352584839,
    -0.00024314416805282235
   ],
   [
    0.0002131360670318827,
    0.0001456086029065773,
    0.9999999403953552
   ]
  ]
 },
 {
  "rotation_euler": [
   0.5391691327095032,
   -2.1468210220336914,
   1.832237720489502
  ],
  "euler_order": "XYZ",
  "rotation_matrix": [
   [
    0.14078892767429352,
    -0.7176827788352966,
    0.6819896697998047
   ],
   [
    -0.5261848568916321,
    -0.6377478837966919,
    -0.5625007748603821
   ],
   [
    0.8386346101760864,
    -0.2796587347984314,
    -0.46742165088653564
   ]
  ]
 },
 {
  "rotation_euler": [
   0.54274982213974,
   -2.137702465057373,
   -1.752302885055542
  ],
  "euler_order": "XYZ",
  "rotation_matrix": [
   [
    0.09693919122219086,
    0.9208734035491943,
    -0.3776175379753113
   ],
   [
    0.5282029509544373,
    0.27396804094314575,
    0.8037058711051941
   ],
   [
    0.8435664772987366,
    -0.27736929059028625,
    -0.4598498046398163
   ]
  ]
 },
 {
  "rotation_euler": [
   0.5633620619773865,
   -2.0064029693603516,
   1.6597079038619995
  ],
  "euler_order": "XYZ",
  "rotation_matrix": [
   [
    0.03746775910258293,
    -0.7991340160369873,
    0.5999841094017029
   ],
   [
    -0.4202937185764313,
    -0.5573208928108215,
    -0.7160632610321045
   ],
   [
    0.9066142439842224,
    -0.22534027695655823,
    -0.35675257444381714
   ]
  ]
 },
 {
  "rotation_euler": [
   0.0001650420599617064,
   -0.0002450598985888064,
   -0.6727907061576843
  ],
  "euler_order": "XYZ",
  "rotation_matrix": [
   [
    0.7820855975151062,
    0.6231709122657776,
    -0.00029450724832713604
   ],
   [
    -0.6231709718704224,
    0.782085657119751,
    2.3637192498426884e-05
   ],
   [
    0.0002450598985888064,
    0.0001650420599617064,
    0.9999999403953552
   ]
  ]
 },
 {
  "rotation_euler": [
   -2.764573335647583,
   -1.4582083225250244,
   -0.1255214363336563
  ],
  "euler_order": "XYZ",
  "rotation_matrix": [
   [
    0.11146637797355652,
    0.24654245376586914,
    0.9627004265785217
   ],
   [
    -0.014065367169678211,
    -0.9682489633560181,
    0.24959196150302887
   ],
   [
    0.9936686754226685,
    -0.04136184602975845,
    -0.1044594943523407
   ]
  ]
 }
]