[
 {
  "rotation_euler": [
   -0.038403451442718506,
   0.000855149351991713,
   1.4566197395324707
  ],
  "euler_order": "XYZ",
  "rotation_matrix": [
   [
    0.11392863094806671,
    -0.9927601218223572,
    -0.03804667294025421
   ],
   [
    0.9934885501861572,
    0.11381205171346664,
    0.005223134066909552
   ],
   [
    -0.0008551492355763912,
    -0.03839399665594101,
    0.9992623329162598
   ]
  ]
 },
 {
  "rotation_euler": [
   -0.03840350732207298,
   0.0008555399836041033,
   0.1321069300174713
  ],
  "euler_order": "XYZ",
  "rotation_matrix": [
   [
    0.9912862181663513,
    -0.13165844976902008,
    -0.004209922160953283
   ],
   [
    0.13172295689582825,
    0.9905513525009155,
    0.03817213699221611
   ],
   [
    -0.0008555398671887815,
    -0.038394052535295486,
    0.9992623329162598
   ]
  ]
 },
 {
  "rotation_euler": [
   -0.03840339928865433,
   0.0008553066290915012,
   -2.8940961360931396
  ],
  "euler_order": "XYZ",
  "rotation_matrix": [
   [
    -0.9695283770561218,
    0.2448287457227707,
    0.008577024564146996
   ],
   [
    -0.2449774444103241,
    -0.9688058495521545,
    -0.03743342310190201
   ],
   [
    -0.0008553065126761794,
    -0.03839394450187683,
    0.9992623329162598
   ]
  ]
 },
 {
  "rotation_euler": [
   -0.03840351104736328,
   0.0008554609376005828,
   -1.2004369497299194
  ],
  "euler_order": "XYZ",
  "rotation_matrix": [
   [
    0.3619503378868103,
    0.931498110294342,
    0.03610025718808174
   ],
   [
    -0.9321969747543335,
    0.3617142140865326,
    0.013099881820380688
   ],
   [
    -0.000855460821185261,
    -0.038394056260585785,
    0.9992623329162598
   ]
  ]
 },
 {
  "rotation_euler": [
   -0.038403529673814774,
   0.0008553166408091784,
   1.6310456991195679
  ],
  "euler_order": "XYZ",
  "rotation_matrix": [
   [
    -0.06021290645003319,
    -0.9974476099014282,
    -0.038375888019800186
   ],
   [
    0.9981852173805237,
    -0.060201309621334076,
    -0.001458685495890677
   ],
   [
    -0.0008553165243938565,
    -0.03839407488703728,
    0.9992623329162598
   ]
  ]
 },
 {
  "rotation_euler": [
   -0.038403499871492386,
   0.0008554416708648205,
   -1.2984914779663086
  ],
  "euler_order": "XYZ",
  "rotation_matrix": [
   [
    0.26895198225975037,
    0.9624345898628235,
    0.03720927983522415
   ],
   [
    -0.9631531834602356,
    0.26878538727760315,
    0.00950284767895937
   ],
   [
    -0.0008554415544494987,
    -0.03839404508471489,
    0.9992623329162598
   ]
  ]
 },
 {
  "rotation_euler": [
   -0.038403432816267014,
   0.0008550546481274068,
   -2.241915464401245
  ],
  "euler_order": "XYZ",
  "rotation_matrix": [
   [
    -0.6218625903129578,
    0.7825692296028137,
    0.029536008834838867
   ],
   [
    -0.7831259369850159,
    -0.6213786005973816,
    -0.024544918909668922
   ],
   [
    -0.000855054531712085,
    -0.03839397802948952,
    0.9992623329162598
   ]
  ]
 },
 {
  "rotation_euler": [
   -0.03840350732207298,
   0.0008553366642445326,
   -0.47691401839256287
  ],
  "euler_order": "XYZ",
  "rotation_matrix": [
   [
    0.8884153962135315,
    0.45867210626602173,
    0.01838373765349388
   ],
   [
    -0.459039568901062,
    0.8877757787704468,
    0.033717550337314606
   ],
   [
    -0.0008553365478292108,
    -0.038394052535295486,
    0.9992623329162598
   ]
  ]
 },
 {
  "rotation_euler": [
   -0.03840353712439537,
   0.0008553976658731699,
   1.289203405380249
  ],
  "euler_order": "XYZ",
  "rotation_matrix": [
   [
    0.2778860926628113,
    -0.9599148631095886,
    -0.036644380539655685
   ],
   [
    0.9606136679649353,
    0.27764973044395447,
    0.0114902900531888
   ],
   [
    -0.0008553975494578481,
    -0.038394082337617874,
    0.9992623329162598
   ]
  ]
 },
 {
  "rotation_euler": [
   -0.03840332850813866,
   0.0008554441155865788,
   -2.769624948501587
  ],
  "euler_order": "XYZ",
  "rotation_matrix": [
   [
    -0.9316136240959167,
    0.36321189999580383,
    0.013157875277101994
   ],
   [
    -0.3634491562843323,
    -0.9309151768684387,
    -0.03607896715402603
   ],
   [
    -0.000855443999171257,
    -0.03839387372136116,
    0.9992623329162598
   ]
  ]
 },
 {
  "rotation_euler": [
   -0.038403455168008804,
   0.0008552302024327219,
   -1.2273271083831787
  ],
  "euler_order": "XYZ",
  "rotation_matrix": [
   [
    0.33675557374954224,
    0.9408867359161377,
    0.03643929213285446
   ],
   [
    -0.941591739654541,
    0.33653831481933594,
    0.01212472002953291
   ],
   [
    -0.0008552300860174,
    -0.03839400038123131,
    0.9992623329162598
   ]
  ]
 },
 {
  "rotation_euler": [
   -0.038403309881687164,
   0.0008551458595320582,
   1.2013027667999268
  ],
  "euler_order": "XYZ",
  "rotation_matrix": [
   [
    0.3611430823802948,
    -0.9318346381187439,
    -0.03549408167600632
   ],
   [
    0.9325100183486938,
    0.36084631085395813,
    0.014662530273199081
   ],
   [
    -0.0008551457431167364,
    -0.03839385509490967,
    0.9992623329162598
   ]
  ]
 },
 {
  "rotation_euler": [
   -0.03840344771742821,
   0.0008551636710762978,
   -0.2875870168209076
  ],
  "euler_order": "XYZ",
  "rotation_matrix": [
   [
    0.9589307308197021,
    0.2833985388278961,
    0.011709483340382576
   ],
   [
    -0.2836390733718872,
    0.9582333564758301,
    0.0365748293697834
   ],
   [
    -0.0008551635546609759,
    -0.03839399293065071,
    0.9992623329162598
   ]
  ]
 },
 {
  "rotation_euler": [
   -0.03840355575084686,
   0.0008554222295060754,
   -1.8397581577301025
  ],
  "euler_order": "XYZ",
  "rotation_matrix": [
   [
    -0.2657306492328644,
    0.9633451700210571,
    0.036786600947380066
   ],
   [
    -0.9640469551086426,
    -0.2655031383037567,
    -0.011026556603610516
   ],
   [
    -0.0008554221130907536,
    -0.038394100964069366,
    0.9992623329162598
   ]
  ]
 },
 {
  "rotation_euler": [
   -0.03840348497033119,
   0.0008554856758564711,
   -0.8050366044044495
  ],
  "euler_order": "XYZ",
  "rotation_matrix": [
   [
    0.6930845975875854,
    0.7203017473220825,
    0.02826906554400921
   ],
   [
    -0.7208557724952698,
    0.692597508430481,
    0.025994103401899338
   ],
   [
    -0.0008554855594411492,
    -0.038394030183553696,
    0.9992623329162598
   ]
  ]
 },
 {
  "rotation_euler": [
   -0.038403552025556564,
   0.000855411752127111,
   2.666917085647583
  ],
  "euler_order": "XYZ",
  "rotation_matrix": [
   [
    -0.8894407153129578,
    -0.4566836953163147,
    -0.018308302387595177
   ],
   [
    0.45704972743988037,
    -0.8888002634048462,
    -0.03375862166285515
   ],
   [
    -0.0008554116357117891,
    -0.03839409723877907,
    0.9992623329162598
   ]
  ]
 }
]