[
 {
  "rotation_euler": [
   -1.244976282119751,
   0.1681998372077942,
   -1.7950314283370972
  ],
  "euler_order": "XYZ",
  "rotation_matrix": [
   [
    -0.21922266483306885,
    0.3473387360572815,
    0.9117550253868103
   ],
   [
    -0.9612054824829102,
    0.0834551602602005,
    -0.2629053294658661
   ],
   [
    -0.16740787029266357,
    -0.9340187311172485,
    0.3155686557292938
   ]
  ]
 },
 {
  "rotation_euler": [
   -1.0117510557174683,
   -0.6288036108016968,
   -1.5105174779891968
  ],
  "euler_order": "XYZ",
  "rotation_matrix": [
   [
    0.04871990531682968,
    0.5594527125358582,
    0.8274291753768921
   ],
   [
    -0.8072629570960999,
    -0.46577775478363037,
    0.36246049404144287
   ],
   [
    0.5881776213645935,
    -0.6856119632720947,
    0.428932785987854
   ]
  ]
 },
 {
  "rotation_euler": [
   -1.37874174118042,
   0.11863009631633759,
   0.771824061870575
  ],
  "euler_order": "XYZ",
  "rotation_matrix": [
   [
    0.7116029262542725,
    -0.21638168394565582,
    -0.6684311628341675
   ],
   [
    0.692541778087616,
    0.055763158947229385,
    0.7192192673683167
   ],
   [
    -0.11835204064846039,
    -0.9747150540351868,
    0.18953457474708557
   ]
  ]
 },
 {
  "rotation_euler": [
   -2.8929662704467773,
   -1.4817733764648438,
   0.16520048677921295
  ],
  "euler_order": "XYZ",
  "rotation_matrix": [
   [
    0.08769500255584717,
    0.40115493535995483,
    0.9118027687072754
   ],
   [
    0.014620503410696983,
    -0.9157489538192749,
    0.4014849066734314
   ],
   [
    0.9960400462150574,
    -0.02187720499932766,
    -0.08617168664932251
   ]
  ]
 },
 {
  "rotation_euler": [
   -0.863404393196106,
   -1.3169870376586914,
   -0.2972283661365509
  ],
  "euler_order": "XYZ",
  "rotation_matrix": [
   [
    0.24008306860923767,
    0.8937732577323914,
    -0.37885284423828125
   ],
   [
    -0.0735379233956337,
    0.4058907628059387,
    0.9109582304954529
   ],
   [
    0.9679629802703857,
    -0.19084559381008148,
    0.16317373514175415
   ]
  ]
 },
 {
  "rotation_euler": [
   0.23102517426013947,
   -1.6492178440093994,
   -1.9852350950241089
  ],
  "euler_order": "XYZ",
  "rotation_matrix": [
   [
    0.031546127051115036,
    0.9829434752464294,
    0.18118226528167725
   ],
   [
    0.07170899212360382,
    -0.1830311268568039,
    0.9804883599281311
   ],
   [
    0.9969266057014465,
    -0.017938213422894478,
    -0.0762598067522049
   ]
  ]
 },
 {
  "rotation_euler": [
   0.231043741106987,
   -1.6492178440093994,
   1.8903802633285522
  ],
  "euler_order": "XYZ",
  "rotation_matrix": [
   [
    0.024612566456198692,
    -0.8524174094200134,
    0.5222823023796082
   ],
   [
    -0.07437445223331451,
    -0.5225540995597839,
    -0.8493560552597046
   ],
   [
    0.9969266057014465,
    -0.017939629033207893,
    -0.07625947147607803
   ]
  ]
 },
 {
  "rotation_euler": [
   -1.233915090560913,
   -1.6594374179840088,
   1.0608443021774292
  ],
  "euler_order": "XYZ",
  "rotation_matrix": [
   [
    -0.04321221262216568,
    0.17039935290813446,
    -0.9844271540641785
   ],
   [
    -0.07726182788610458,
    0.981826663017273,
    0.17334069311618805
   ],
   [
    0.9960739612579346,
    0.08354907482862473,
    -0.02926153689622879
   ]
  ]
 },
 {
  "rotation_euler": [
   -0.02047111466526985,
   -1.6322439908981323,
   -1.0789247751235962
  ],
  "euler_order": "XYZ",
  "rotation_matrix": [
   [
    -0.029002021998167038,
    0.8909149169921875,
    -0.45324328541755676
   ],
   [
    0.05412899702787399,
    0.4541684687137604,
    0.8892699480056763
   ],
   [
    0.998112678527832,
    0.0012570229591801763,
    -0.06139613687992096
   ]
  ]
 },
 {
  "rotation_euler": [
   -1.0073177814483643,
   -0.7474194169044495,
   0.02660745196044445
  ],
  "euler_order": "XYZ",
  "rotation_matrix": [
   [
    0.7331858277320862,
    0.5602471828460693,
    -0.38543692231178284
   ],
   [
    0.019512811675667763,
    0.5492295622825623,
    0.8354436755180359
   ],
   [
    0.6797482967376709,
    -0.6200564503669739,
    0.3917553722858429
   ]
  ]
 },
 {
  "rotation_euler": [
   -0.861788272857666,
   -1.3399317264556885,
   -1.5844526290893555
  ],
  "euler_order": "XYZ",
  "rotation_matrix": [
   [
    -0.003124728100374341,
    0.6409305334091187,
    0.7675924897193909
   ],
   [
    -0.22879792749881744,
    -0.7476929426193237,
    0.6233832836151123
   ],
   [
    0.9734688997268677,
    -0.17367567121982574,
    0.14897991716861725
   ]
  ]
 },
 {
  "rotation_euler": [
   0.2433764785528183,
   -1.6509121656417847,
   -1.7911349534988403
  ],
  "euler_order": "XYZ",
  "rotation_matrix": [
   [
    0.017491398379206657,
    0.9995657205581665,
    -0.023716198280453682
   ],
   [
    0.07809530943632126,
    0.02228154055774212,
    0.9966968894004822
   ],
   [
    0.9967924356460571,
    -0.019285745918750763,
    -0.07767166197299957
   ]
  ]
 },
 {
  "rotation_euler": [
   0.23103733360767365,
   -1.6492178440093994,
   -1.7597230672836304
  ],
  "euler_order": "XYZ",
  "rotation_matrix": [
   [
    0.014712849631905556,
    0.9989812970161438,
    -0.04266000911593437
   ],
   [
    0.07694718986749649,
    0.04140690341591835,
    0.9961749911308289
   ],
   [
    0.9969266057014465,
    -0.017939139157533646,
    -0.07625959068536758
   ]
  ]
 },
 {
  "rotation_euler": [
   -1.0082824230194092,
   0.1758938878774643,
   2.562800168991089
  ],
  "euler_order": "XYZ",
  "rotation_matrix": [
   [
    -0.8242074251174927,
    -0.1678144484758377,
    -0.5408516526222229
   ],
   [
    0.5385733842849731,
    -0.5274221897125244,
    -0.6570879220962524
   ],
   [
    -0.1749882996082306,
    -0.8328649997711182,
    0.5250856876373291
   ]
  ]
 },
 {
  "rotation_euler": [
   -1.1934528350830078,
   0.08956895768642426,
   0.2384861409664154
  ],
  "euler_order": "XYZ",
  "rotation_matrix": [
   [
    0.967801570892334,
    -0.16784274578094482,
    -0.18758724629878998
   ],
   [
    0.2352849245071411,
    0.3383795917034149,
    0.9111203551292419
   ],
   [
    -0.08944924175739288,
    -0.9259201288223267,
    0.36697518825531006
   ]
  ]
 },
 {
  "rotation_euler": [
   0.43653133511543274,
   -1.6027921438217163,
   0.7572980523109436
  ],
  "euler_order": "XYZ",
  "rotation_matrix": [
   [
    -0.02324722707271576,
    -0.9296281337738037,
    -0.36776500940322876
   ],
   [
    -0.021976111456751823,
    0.3682507276535034,
    -0.9294667840003967
   ],
   [
    0.9994881749153137,
    -0.013525479473173618,
    -0.02899041958153248
   ]
  ]
 }
]