[
 {
  "rotation_euler": [
   0.6422540545463562,
   -0.005657671019434929,
   3.0128493309020996
  ],
  "euler_order": "XYZ",
  "rotation_matrix": [
   [
    -0.9917081594467163,
    -0.09944546967744827,
    0.08139748126268387
   ],
   [
    0.12838591635227203,
    -0.7945557236671448,
    0.5934629440307617
   ],
   [
    0.005657640751451254,
    0.5989922881126404,
    0.80073481798172
   ]
  ]
 },
 {
  "rotation_euler": [
   -0.022493833675980568,
   -1.069349765777588,
   -1.3395122289657593
  ],
  "euler_order": "XYZ",
  "rotation_matrix": [
   [
    0.11018846184015274,
    0.9776476621627808,
    -0.179063081741333
   ],
   [
    -0.4678950011730194,
    0.20997187495231628,
    0.8584789633750916
   ],
   [
    0.87688809633255,
    -0.010811750777065754,
    0.480572909116745
   ]
  ]
 },
 {
  "rotation_euler": [
   -0.05229859799146652,
   -1.0818336009979248,
   2.2418675422668457
  ],
  "euler_order": "XYZ",
  "rotation_matrix": [
   [
    -0.29207780957221985,
    -0.8107820153236389,
    0.5072702765464783
   ],
   [
    0.36785653233528137,
    -0.584833025932312,
    -0.7229467034339905
   ],
   [
    0.8828205466270447,
    -0.024553999304771423,
    0.4690681993961334
   ]
  ]
 },
 {
  "rotation_euler": [
   0.6351704597473145,
   0.06556114554405212,
   -0.23205310106277466
  ],
  "euler_order": "XYZ",
  "rotation_matrix": [
   [
    0.9711055159568787,
    0.22295263409614563,
    -0.08512474596500397
   ],
   [
    -0.2294820100069046,
    0.7744550704956055,
    -0.5895399451255798
   ],
   [
    -0.06551419198513031,
    0.5920400619506836,
    0.8032411932945251
   ]
  ]
 },
 {
  "rotation_euler": [
   -2.2954230308532715,
   -1.2134240865707397,
   0.8985849022865295
  ],
  "euler_order": "XYZ",
  "rotation_matrix": [
   [
    0.2178352326154709,
    0.9554488658905029,
    -0.19916139543056488
   ],
   [
    0.2737105190753937,
    0.1360674500465393,
    0.9521387815475464
   ],
   [
    0.9368192553520203,
    -0.2619219422340393,
    -0.23187610507011414
   ]
  ]
 },
 {
  "rotation_euler": [
   0.6408402323722839,
   -0.017194002866744995,
   -2.8584232330322266
  ],
  "euler_order": "XYZ",
  "rotation_matrix": [
   [
    -0.9600328207015991,
    0.2338353544473648,
    -0.1538117378950119
   ],
   [
    -0.27935895323753357,
    -0.7667979598045349,
    0.577909529209137
   ],
   [
    0.017193155363202095,
    0.5977808237075806,
    0.8014752268791199
   ]
  ]
 },
 {
  "rotation_euler": [
   0.6419135332107544,
   -0.008437835611402988,
   1.2236233949661255
  ],
  "euler_order": "XYZ",
  "rotation_matrix": [
   [
    0.3402286469936371,
    -0.7548843026161194,
    0.5607085824012756
   ],
   [
    0.9403048753738403,
    0.2677658498287201,
    -0.21006709337234497
   ],
   [
    0.00843773502856493,
    0.5987078547477722,
    0.8009230494499207
   ]
  ]
 },
 {
  "rotation_euler": [
   0.8120002150535583,
   1.8922317028045654,
   0.4464225471019745
  ],
  "euler_order": "XYZ",
  "rotation_matrix": [
   [
    -0.28496691584587097,
    0.32396480441093445,
    0.902131199836731
   ],
   [
    -0.1363995373249054,
    0.9178711175918579,
    -0.37270334362983704
   ],
   [
    -0.9487829208374023,
    -0.22925838828086853,
    -0.21737425029277802
   ]
  ]
 },
 {
  "rotation_euler": [
   0.6411769986152649,
   0.020025862380862236,
   2.9209864139556885
  ],
  "euler_order": "XYZ",
  "rotation_matrix": [
   [
    -0.9755693078041077,
    -0.1870488077402115,
    0.11522693186998367
   ],
   [
    0.21877732872962952,
    -0.7793496251106262,
    0.5871546864509583
   ],
   [
    -0.02002452313899994,
    0.5980191826820374,
    0.8012316226959229
   ]
  ]
 },
 {
  "rotation_euler": [
   0.6420711278915405,
   -0.007151156198233366,
   1.550783395767212
  ],
  "euler_order": "XYZ",
  "rotation_matrix": [
   [
    0.020011084154248238,
    -0.8007825016975403,
    0.5986208915710449
   ],
   [
    0.999774158000946,
    0.011744814924895763,
    -0.01770991086959839
   ],
   [
    0.007151095196604729,
    0.5988401174545288,
    0.8008366823196411
   ]
  ]
 },
 {
  "rotation_euler": [
   0.6426221132278442,
   -0.0026289750821888447,
   -1.9625614881515503
  ],
  "euler_order": "XYZ",
  "rotation_matrix": [
   [
    -0.38181912899017334,
    0.7404779195785522,
    -0.5530881881713867
   ],
   [
    -0.9242333173751831,
    -0.3042014241218567,
    0.23076879978179932
   ],
   [
    0.002628972055390477,
    0.5992944836616516,
    0.8005242943763733
   ]
  ]
 },
 {
  "rotation_euler": [
   -2.3307249546051025,
   1.2492620944976807,
   0.10219687968492508
  ],
  "euler_order": "XYZ",
  "rotation_matrix": [
   [
    0.3143736720085144,
    -0.6138699054718018,
    -0.7241083979606628
   ],
   [
    0.03224032744765282,
    -0.7554376721382141,
    0.6544268131256104
   ],
   [
    -0.94875168800354,
    -0.22908005118370056,
    -0.2176983505487442
   ]
  ]
 },
 {
  "rotation_euler": [
   0.7834775447845459,
   -1.883081078529358,
   -1.6799925565719604
  ],
  "euler_order": "XYZ",
  "rotation_matrix": [
   [
    0.03348212689161301,
    0.7774359583854675,
    -0.6280702948570251
   ],
   [
    0.30540379881858826,
    0.590405285358429,
    0.747094452381134
   ],
   [
    0.9516341090202332,
    -0.21682937443256378,
    -0.21766386926174164
   ]
  ]
 },
 {
  "rotation_euler": [
   -2.3581387996673584,
   -1.258496880531311,
   -0.17252106964588165
  ],
  "euler_order": "XYZ",
  "rotation_matrix": [
   [
    0.3026866018772125,
    0.5400020480155945,
    0.7853525280952454
   ],
   [
    -0.05274414271116257,
    -0.8132532238960266,
    0.5795146822929382
   ],
   [
    0.9516295790672302,
    -0.21683408319950104,
    -0.21767891943454742
   ]
  ]
 },
 {
  "rotation_euler": [
   -2.2848916053771973,
   1.2201348543167114,
   -1.1735496520996094
  ],
  "euler_order": "XYZ",
  "rotation_matrix": [
   [
    0.13290096819400787,
    -0.8785032033920288,
    0.4588784873485565
   ],
   [
    -0.31676915287971497,
    0.40105336904525757,
    0.8595426082611084
   ],
   [
    -0.9391456842422485,
    -0.25959259271621704,
    -0.2249823361635208
   ]
  ]
 },
 {
  "rotation_euler": [
   -2.3306307792663574,
   1.2493250370025635,
   -0.91916823387146
  ],
  "euler_order": "XYZ",
  "rotation_matrix": [
   [
    0.1916256695985794,
    -0.9648096561431885,
    0.18006090819835663
   ],
   [
    -0.251221239566803,
    0.12913209199905396,
    0.9592772126197815
   ],
   [
    -0.948771595954895,
    -0.22905726730823517,
    -0.2176356464624405
   ]
  ]
 }
]