[
 {
  "rotation_euler": [
   -1.5707136392593384,
   -2.6507208872317278e-08,
   2.9660024642944336
  ],
  "euler_order": "XYZ",
  "rotation_matrix": [
   [
    -0.9846236109733582,
    -1.4470725545834284e-05,
    -0.17468927800655365
   ],
   [
    0.17468927800655365,
    -8.141146827256307e-05,
    -0.9846236109733582
   ],
   [
    2.6507208872317278e-08,
    -1.0,
    8.268753299489617e-05
   ]
  ]
 },
 {
  "rotation_euler": [
   -1.5707141160964966,
   -6.454315553128254e-06,
   0.2625080347061157
  ],
  "euler_order": "XYZ",
  "rotation_matrix": [
   [
    0.9657421708106995,
    -1.5100757991604041e-05,
    -0.25950348377227783
   ],
   [
    0.25950348377227783,
    8.106925815809518e-05,
    0.9657421708106995
   ],
   [
    6.454315553128254e-06,
    -1.0,
    8.221069583669305e-05
   ]
  ]
 },
 {
  "rotation_euler": [
   -1.5707143545150757,
   6.701854431412357e-07,
   -0.15655387938022614
  ],
  "euler_order": "XYZ",
  "rotation_matrix": [
   [
    0.9877704381942749,
    1.2118732229282614e-05,
    0.15591515600681305
   ],
   [
    -0.15591515600681305,
    8.107428584480658e-05,
    0.9877704381942749
   ],
   [
    -6.701854431412357e-07,
    -1.0,
    8.197227725759149e-05
   ]
  ]
 },
 {
  "rotation_euler": [
   1.5703526735305786,
   1.7849241373824043e-07,
   -3.021946430206299
  ],
  "euler_order": "XYZ",
  "rotation_matrix": [
   [
    -0.9928508996963501,
    5.2777664677705616e-05,
    -0.11936095356941223
   ],
   [
    -0.11936096847057343,
    -0.0004405028303153813,
    0.9928508400917053
   ],
   [
    -1.7849241373824043e-07,
    0.9999998807907104,
    0.0004436532617546618
   ]
  ]
 },
 {
  "rotation_euler": [
   -1.5707484483718872,
   -9.95927803160157e-06,
   0.37681347131729126
  ],
  "euler_order": "XYZ",
  "rotation_matrix": [
   [
    0.9298418760299683,
    -8.356761100003496e-06,
    -0.3679593801498413
   ],
   [
    0.3679593801498413,
    4.8183970648096874e-05,
    0.9298418760299683
   ],
   [
    9.95927803160157e-06,
    -1.0,
    4.7878424084046856e-05
   ]
  ]
 },
 {
  "rotation_euler": [
   1.5703526735305786,
   -2.8592703316121515e-08,
   -2.8953678607940674
  ],
  "euler_order": "XYZ",
  "rotation_matrix": [
   [
    -0.9698395133018494,
    0.00010816571011673659,
    -0.24374432861804962
   ],
   [
    -0.243744358420372,
    -0.00043026547064073384,
    0.9698393940925598
   ],
   [
    2.8592703316121515e-08,
    0.9999998807907104,
    0.0004436532617546618
   ]
  ]
 },
 {
  "rotation_euler": [
   -1.5707141160964966,
   -1.1600333493788639e-07,
   0.03508753329515457
  ],
  "euler_order": "XYZ",
  "rotation_matrix": [
   [
    0.9993845224380493,
    -2.7680468974722316e-06,
    -0.035080332309007645
   ],
   [
    0.035080332309007645,
    8.216416608775035e-05,
    0.9993844628334045
   ],
   [
    1.1600333493788639e-07,
    -1.0,
    8.221069583669305e-05
   ]
  ]
 },
 {
  "rotation_euler": [
   -1.5707200765609741,
   0.0001861100463429466,
   -1.6532888412475586
  ],
  "euler_order": "XYZ",
  "rotation_matrix": [
   [
    -0.08239898085594177,
    9.132621926255524e-05,
    0.9965994358062744
   ],
   [
    -0.9965993762016296,
    0.00017919421952683479,
    -0.08239900320768356
   ],
   [
    -0.0001861100463429466,
    -1.0,
    7.625023135915399e-05
   ]
  ]
 },
 {
  "rotation_euler": [
   -1.5710452795028687,
   -0.0008990312926471233,
   1.2494869232177734
  ],
  "euler_order": "XYZ",
  "rotation_matrix": [
   [
    0.31580910086631775,
    0.0005201342864893377,
    -0.9488226175308228
   ],
   [
    0.9488223195075989,
    0.0007743996102362871,
    0.315809428691864
   ],
   [
    0.0008990311762318015,
    -0.9999995827674866,
    -0.00024895259412005544
   ]
  ]
 },
 {
  "rotation_euler": [
   -1.5707136392593384,
   2.7681442915650223e-08,
   2.918764591217041
  ],
  "euler_order": "XYZ",
  "rotation_matrix": [
   [
    -0.9752763509750366,
    -1.8246009858557954e-05,
    -0.22098864614963531
   ],
   [
    0.22098864614963531,
    -8.064931898843497e-05,
    -0.9752763509750366
   ],
   [
    -2.7681442915650223e-08,
    -1.0,
    8.268753299489617e-05
   ]
  ]
 },
 {
  "rotation_euler": [
   -1.5707602500915527,
   -0.0007037076284177601,
   1.2488551139831543
  ],
  "euler_order": "XYZ",
  "rotation_matrix": [
   [
    0.31640854477882385,
    0.00018843596626538783,
    -0.94862300157547
   ],
   [
    0.9486227631568909,
    0.0006789681501686573,
    0.31640860438346863
   ],
   [
    0.0007037075702100992,
    -0.9999997615814209,
    3.607669350458309e-05
   ]
  ]
 },
 {
  "rotation_euler": [
   -1.5707199573516846,
   -1.1333908332744613e-05,
   0.4789133667945862
  ],
  "euler_order": "XYZ",
  "rotation_matrix": [
   [
    0.8874961733818054,
    -2.5133389499387704e-05,
    -0.46081507205963135
   ],
   [
    0.46081507205963135,
    7.300042489077896e-05,
    0.8874961733818054
   ],
   [
    1.1333908332744613e-05,
    -1.0,
    7.636944064870477e-05
   ]
  ]
 },
 {
  "rotation_euler": [
   -1.7853553295135498,
   -1.2387187480926514,
   1.5539551973342896
  ],
  "euler_order": "XYZ",
  "rotation_matrix": [
   [
    0.005490079987794161,
    0.22844162583351135,
    -0.9735421538352966
   ],
   [
    0.32596156001091003,
    0.919973611831665,
    0.2177099585533142
   ],
   [
    0.9453670978546143,
    -0.3185325860977173,
    -0.069412462413311
   ]
  ]
 },
 {
  "rotation_euler": [
   -0.1371903270483017,
   0.07721322774887085,
   -0.26455357670783997
  ],
  "euler_order": "XYZ",
  "rotation_matrix": [
   [
    0.9623335003852844,
    0.2488393783569336,
    0.10951323807239532
   ],
   [
    -0.2606993317604065,
    0.9588987827301025,
    0.11202237010002136
   ],
   [
    -0.07713653147220612,
    -0.13635291159152985,
    0.9876527190208435
   ]
  ]
 },
 {
  "rotation_euler": [
   -1.570713996887207,
   7.349092356889741e-08,
   0.1898169368505478
  ],
  "euler_order": "XYZ",
  "rotation_matrix": [
   [
    0.9820387959480286,
    -1.5606105080223642e-05,
    -0.18867912888526917
   ],
   [
    0.18867912888526917,
    8.08372933533974e-05,
    0.9820387959480286
   ],
   [
    -7.349092356889741e-08,
    -1.0,
    8.232990512624383e-05
   ]
  ]
 },
 {
  "rotation_euler": [
   -1.570723533630371,
   4.802740932063898e-06,
   -2.1566500663757324
  ],
  "euler_order": "XYZ",
  "rotation_matrix": [
   [
    -0.5529109835624695,
    6.330969335976988e-05,
    0.8332403302192688
   ],
   [
    -0.8332403302192688,
    -3.624629971454851e-05,
    -0.5529109239578247
   ],
   [
    -4.802740932063898e-06,
    -1.0,
    7.279316196218133e-05
   ]
  ]
 }
]