[
 {
  "rotation_euler": [
   -1.0094659955939278e-05,
   -6.914504410815425e-06,
   -1.9467079639434814
  ],
  "euler_order": "XYZ",
  "rotation_matrix": [
   [
    -0.3671206533908844,
    0.9301733374595642,
    1.192824129248038e-05
   ],
   [
    -0.9301733374595642,
    -0.3671206533908844,
    2.7257292458671145e-06
   ],
   [
    6.914504410815425e-06,
    -1.0094659955939278e-05,
    1.0
   ]
  ]
 },
 {
  "rotation_euler": [
   1.8416143655776978,
   -2.0723602771759033,
   -0.10509838908910751
  ],
  "euler_order": "XYZ",
  "rotation_matrix": [
   [
    -0.4781445264816284,
    -0.8682756423950195,
    0.13219401240348816
   ],
   [
    0.05043806508183479,
    -0.17741219699382782,
    -0.982843279838562
   ],
   [
    0.8768317103385925,
    -0.4632735252380371,
    0.12862281501293182
   ]
  ]
 },
 {
  "rotation_euler": [
   1.7338435649871826,
   2.48483943939209,
   0.3011319041252136
  ],
  "euler_order": "XYZ",
  "rotation_matrix": [
   [
    -0.756340742111206,
    0.6234877109527588,
    0.19801953434944153
   ],
   [
    -0.23490196466445923,
    0.02366648241877556,
    -0.9717308878898621
   ],
   [
    -0.6105486750602722,
    -0.7814748883247375,
    0.12855856120586395
   ]
  ]
 },
 {
  "rotation_euler": [
   -6.606760052818572e-06,
   -1.7479421785537852e-06,
   -0.47518041729927063
  ],
  "euler_order": "XYZ",
  "rotation_matrix": [
   [
    0.8892102241516113,
    0.4574988782405853,
    1.468297341489233e-06
   ],
   [
    -0.4574988782405853,
    0.8892102241516113,
    6.674480118817883e-06
   ],
   [
    1.7479421785537852e-06,
    -6.606760052818572e-06,
    1.0
   ]
  ]
 },
 {
  "rotation_euler": [
   0.004282887559384108,
   0.0053172241896390915,
   -2.3255958557128906
  ],
  "euler_order": "XYZ",
  "rotation_matrix": [
   [
    -0.6851329803466797,
    0.728386640548706,
    -0.0067626903764903545
   ],
   [
    -0.7283986210823059,
    -0.6851529479026794,
    -0.0009386797319166362
   ],
   [
    -0.005317199043929577,
    0.004282813984900713,
    0.9999766945838928
   ]
  ]
 },
 {
  "rotation_euler": [
   -6.453445166698657e-06,
   1.470095071454125e-06,
   -0.2627224326133728
  ],
  "euler_order": "XYZ",
  "rotation_matrix": [
   [
    0.9656865000724792,
    0.25971052050590515,
    3.0956787213654025e-06
   ],
   [
    -0.25971052050590515,
    0.9656865000724792,
    5.8502059800957795e-06
   ],
   [
    -1.470095071454125e-06,
    -6.453445166698657e-06,
    1.0
   ]
  ]
 },
 {
  "rotation_euler": [
   3.2275238481815904e-06,
   4.237403459228517e-07,
   -2.0544447898864746
  ],
  "euler_order": "XYZ",
  "rotation_matrix": [
   [
    -0.46501225233078003,
    0.8853042125701904,
    -3.054384933420806e-06
   ],
   [
    -0.8853042125701904,
    -0.46501225233078003,
    1.1256991001573624e-06
   ],
   [
    -4.237403459228517e-07,
    3.2275238481815904e-06,
    1.0
   ]
  ]
 },
 {
  "rotation_euler": [
   -1.404177396580053e-06,
   1.0315625331713818e-05,
   1.6742182970046997
  ],
  "euler_order": "XYZ",
  "rotation_matrix": [
   [
    -0.10323770344257355,
    -0.9946567416191101,
    -2.4616358587081777e-06
   ],
   [
    0.9946567416191101,
    -0.10323770344257355,
    1.0115541954291984e-05
   ],
   [
    -1.0315625331713818e-05,
    -1.404177396580053e-06,
    1.0
   ]
  ]
 },
 {
  "rotation_euler": [
   -3.958457000408089e-06,
   5.0367621042823885e-06,
   2.4054105281829834
  ],
  "euler_order": "XYZ",
  "rotation_matrix": [
   [
    -0.7410374879837036,
    -0.6714636087417603,
    -6.390389444277389e-06
   ],
   [
    0.6714636087417603,
    -0.7410374879837036,
    4.48637393901663e-07
   ],
   [
    -5.0367621042823885e-06,
    -3.958457000408089e-06,
    1.0
   ]
  ]
 },
 {
  "rotation_euler": [
   1.3145594493835233e-05,
   1.0127335372089874e-05,
   -1.4118456840515137
  ],
  "euler_order": "XYZ",
  "rotation_matrix": [
   [
    0.15828216075897217,
    0.9873939156532288,
    -1.1376903785276227e-05
   ],
   [
    -0.9873939156532288,
    0.15828216075897217,
    -1.2080382475687657e-05
   ],
   [
    -1.0127335372089874e-05,
    1.3145594493835233e-05,
    1.0
   ]
  ]
 },
 {
  "rotation_euler": [
   -5.58479939627432e-07,
   -4.8607239477860276e-06,
   0.9322161674499512
  ],
  "euler_order": "XYZ",
  "rotation_matrix": [
   [
    0.5960559844970703,
    -0.8029428720474243,
    -3.3456910841778154e-06
   ],
   [
    0.8029428720474243,
    0.5960559844970703,
    -3.56999839823402e-06
   ],
   [
    4.8607239477860276e-06,
    -5.58479939627432e-07,
    1.0
   ]
  ]
 },
 {
  "rotation_euler": [
   -3.991299024619366e-07,
   1.0779225476653664e-06,
   -2.1727123260498047
  ],
  "euler_order": "XYZ",
  "rotation_matrix": [
   [
    -0.5662227869033813,
    0.8242522478103638,
    -2.813605703977373e-07
   ],
   [
    -0.8242522478103638,
    -0.5662227869033813,
    -1.114476503971673e-06
   ],
   [
    -1.0779225476653664e-06,
    -3.991299024619366e-07,
    1.0
   ]
  ]
 },
 {
  "rotation_euler": [
   6.558066615980351e-06,
   2.561933797551319e-06,
   -2.0593461990356445
  ],
  "euler_order": "XYZ",
  "rotation_matrix": [
   [
    -0.46934589743614197,
    0.8830143809318542,
    -6.993300303292926e-06
   ],
   [
    -0.8830143809318542,
    -0.46934589743614197,
    8.157772413142084e-07
   ],
   [
    -2.561933797551319e-06,
    6.558066615980351e-06,
    1.0
   ]
  ]
 },
 {
  "rotation_euler": [
   3.052761258004466e-06,
   -4.285803242964903e-06,
   2.401503801345825
  ],
  "euler_order": "XYZ",
  "rotation_matrix": [
   [
    -0.738408625125885,
    -0.6743535399436951,
    5.223314474278595e-06
   ],
   [
    0.6743535399436951,
    -0.738408625125885,
    -6.359612143569393e-07
   ],
   [
    4.285803242964903e-06,
    3.052761258004466e-06,
    1.0
   ]
  ]
 },
 {
  "rotation_euler": [
   5.8209870985592715e-06,
   -1.3248331924842205e-06,
   -0.7444252371788025
  ],
  "euler_order": "XYZ",
  "rotation_matrix": [
   [
    0.7354774475097656,
    0.6775491833686829,
    -4.918390004604589e-06
   ],
   [
    -0.6775491833686829,
    0.7354774475097656,
    -3.3835651720437454e-06
   ],
   [
    1.3248331924842205e-06,
    5.8209870985592715e-06,
    1.0
   ]
  ]
 },
 {
  "rotation_euler": [
   4.654561507777544e-06,
   5.751212938776007e-06,
   -2.4198250770568848
  ],
  "euler_order": "XYZ",
  "rotation_matrix": [
   [
    -0.750639021396637,
    0.6607125401496887,
    -7.392412044282537e-06
   ],
   [
    -0.6607125401496887,
    -0.750639021396637,
    -3.060027609080862e-07
   ],
   [
    -5.751212938776007e-06,
    4.654561507777544e-06,
    1.0
   ]
  ]
 }
]