[
 {
  "rotation_euler": [
   0.01555713266134262,
   -0.05596417933702469,
   -1.8584805727005005
  ],
  "euler_order": "XYZ",
  "rotation_matrix": [
   [
    -0.2832881808280945,
    0.9590343832969666,
    0.0009514559642411768
   ],
   [
    -0.957402229309082,
    -0.28286367654800415,
    0.05804363265633583
   ],
   [
    0.05593496933579445,
    0.01553214993327856,
    0.9983136057853699
   ]
  ]
 },
 {
  "rotation_euler": [
   0.12188857793807983,
   -1.2008516788482666,
   3.031071186065674
  ],
  "euler_order": "XYZ",
  "rotation_matrix": [
   [
    -0.3593578338623047,
    0.0031913721468299627,
    0.9331943988800049
   ],
   [
    0.03987926244735718,
    -0.9990281462669373,
    0.018773360177874565
   ],
   [
    0.9323473572731018,
    0.043961457908153534,
    0.35888129472732544
   ]
  ]
 },
 {
  "rotation_euler": [
   0.14982981979846954,
   1.22002112865448,
   -0.9904990196228027
  ],
  "euler_order": "XYZ",
  "rotation_matrix": [
   [
    0.18840067088603973,
    0.9037871956825256,
    0.38428354263305664
   ],
   [
    -0.28737422823905945,
    0.42489728331565857,
    -0.8584161996841431
   ],
   [
    -0.9391066431999207,
    0.051292989403009415,
    0.33977609872817993
   ]
  ]
 },
 {
  "rotation_euler": [
   0.08502566814422607,
   1.1710453033447266,
   2.935945987701416
  ],
  "euler_order": "XYZ",
  "rotation_matrix": [
   [
    -0.3809884488582611,
    -0.28004196286201477,
    -0.881149411201477
   ],
   [
    0.07947248965501785,
    -0.9594186544418335,
    0.2705550193786621
   ],
   [
    -0.9211578965187073,
    0.033051200211048126,
    0.3877830505371094
   ]
  ]
 },
 {
  "rotation_euler": [
   0.14984552562236786,
   1.2200400829315186,
   -1.1140965223312378
  ],
  "euler_order": "XYZ",
  "rotation_matrix": [
   [
    0.15152724087238312,
    0.9492800831794739,
    0.27551183104515076
   ],
   [
    -0.30839264392852783,
    0.31021931767463684,
    -0.8992540836334229
   ],
   [
    -0.9391131401062012,
    0.05129567161202431,
    0.33975768089294434
   ]
  ]
 },
 {
  "rotation_euler": [
   0.14984509348869324,
   1.2200391292572021,
   -0.8067665100097656
  ],
  "euler_order": "XYZ",
  "rotation_matrix": [
   [
    0.23772135376930237,
    0.8109550476074219,
    0.5346404910087585
   ],
   [
    -0.24810421466827393,
    0.5828555822372437,
    -0.7737723588943481
   ],
   [
    -0.9391127824783325,
    0.05129565671086311,
    0.33975860476493835
   ]
  ]
 },
 {
  "rotation_euler": [
   0.021397126838564873,
   -2.7381439208984375,
   -1.8768950700759888
  ],
  "euler_order": "XYZ",
  "rotation_matrix": [
   [
    0.277147114276886,
    0.9558293223381042,
    0.09787619113922119
   ],
   [
    0.8769609928131104,
    -0.293262779712677,
    0.3807050585746765
   ],
   [
    0.39259251952171326,
    -0.019677704200148582,
    -0.9195019602775574
   ]
  ]
 },
 {
  "rotation_euler": [
   0.14984318614006042,
   1.2200381755828857,
   2.1681113243103027
  ],
  "euler_order": "XYZ",
  "rotation_matrix": [
   [
    -0.19325459003448486,
    -0.8964317440986633,
    -0.3988267481327057
   ],
   [
    0.28411340713500977,
    -0.4402032792568207,
    0.8517632484436035
   ],
   [
    -0.9391124844551086,
    0.051295142620801926,
    0.33975958824157715
   ]
  ]
 },
 {
  "rotation_euler": [
   0.024917075410485268,
   -1.9735369278350845e-05,
   -1.519277811050415
  ],
  "euler_order": "XYZ",
  "rotation_matrix": [
   [
    0.05149573087692261,
    0.998363196849823,
    -0.02488245628774166
   ],
   [
    -0.9986732006072998,
    0.051480233669281006,
    -0.0012632871512323618
   ],
   [
    1.9735369278350845e-05,
    0.024914497509598732,
    0.9996895790100098
   ]
  ]
 },
 {
  "rotation_euler": [
   0.035856470465660095,
   1.9908289909362793,
   1.6071168184280396
  ],
  "euler_order": "XYZ",
  "rotation_matrix": [
   [
    0.014807887375354767,
    -0.9998867511749268,
    0.002690392080694437
   ],
   [
    -0.4075213372707367,
    -0.0035780996549874544,
    0.9131886959075928
   ],
   [
    -0.9130756258964539,
    -0.014618786983191967,
    -0.4075281620025635
   ]
  ]
 },
 {
  "rotation_euler": [
   0.024915849789977074,
   1.2181950296508148e-05,
   1.1956534385681152
  ],
  "euler_order": "XYZ",
  "rotation_matrix": [
   [
    0.3664054870605469,
    -0.9301663637161255,
    0.02318514697253704
   ],
   [
    0.9304552674293518,
    0.3662920296192169,
    -0.00911702774465084
   ],
   [
    -1.2181950296508148e-05,
    0.024913271889090538,
    0.9996896386146545
   ]
  ]
 },
 {
  "rotation_euler": [
   -3.123875141143799,
   0.4162573218345642,
   -0.7105555534362793
  ],
  "euler_order": "XYZ",
  "rotation_matrix": [
   [
    0.6932730078697205,
    -0.6575825810432434,
    -0.29488590359687805
   ],
   [
    -0.5965580344200134,
    -0.7532082200050354,
    0.2771206796169281
   ],
   [
    -0.4043402075767517,
    -0.01620374247431755,
    -0.9144651293754578
   ]
  ]
 },
 {
  "rotation_euler": [
   0.02258838154375553,
   -0.014944568276405334,
   -0.10866789519786835
  ],
  "euler_order": "XYZ",
  "rotation_matrix": [
   [
    0.993990421295166,
    0.10809094458818436,
    -0.017301669344305992
   ],
   [
    -0.1084420382976532,
    0.9938844442367554,
    -0.020832907408475876
   ],
   [
    0.014944012276828289,
    0.022583939135074615,
    0.999633252620697
   ]
  ]
 },
 {
  "rotation_euler": [
   0.1508883535861969,
   1.2206767797470093,
   1.8960564136505127
  ],
  "euler_order": "XYZ",
  "rotation_matrix": [
   [
    -0.1096106767654419,
    -0.9819215536117554,
    -0.15432283282279968
   ],
   [
    0.3250252902507782,
    -0.18213072419166565,
    0.9280015826225281
   ],
   [
    -0.9393317103385925,
    0.051560062915086746,
    0.339112788438797
   ]
  ]
 },
 {
  "rotation_euler": [
   0.022078443318605423,
   -0.018029319122433662,
   0.06773272901773453
  ],
  "euler_order": "XYZ",
  "rotation_matrix": [
   [
    0.9975448846817017,
    -0.06806154549121857,
    -0.0164884515106678
   ],
   [
    0.06766995042562485,
    0.9974369406700134,
    -0.023245906457304955
   ],
   [
    0.018028343096375465,
    0.022073062136769295,
    0.9995937943458557
   ]
  ]
 },
 {
  "rotation_euler": [
   -3.1200947761535645,
   -0.3999253809452057,
   1.1718347072601318
  ],
  "euler_order": "XYZ",
  "rotation_matrix": [
   [
    0.3578082323074341,
    0.9245032072067261,
    0.13140445947647095
   ],
   [
    0.8487521409988403,
    -0.38065972924232483,
    0.3670395314693451
   ],
   [
    0.3893496096134186,
    -0.019799955189228058,
    -0.92087721824646
   ]
  ]
 }
]