[
 {
  "rotation_euler": [
   0.008575523272156715,
   -0.000637160730548203,
   -0.28515326976776123
  ],
  "euler_order": "XYZ",
  "rotation_matrix": [
   [
    0.959618330001831,
    0.2812889516353607,
    -0.0030237126629799604
   ],
   [
    -0.2813044786453247,
    0.9595847725868225,
    -0.008049900643527508
   ],
   [
    0.0006371606723405421,
    0.008575416170060635,
    0.9999630451202393
   ]
  ]
 },
 {
  "rotation_euler": [
   0.00857533235102892,
   -0.0006372827338054776,
   2.796973943710327
  ],
  "euler_order": "XYZ",
  "rotation_matrix": [
   [
    -0.9412041306495667,
    -0.33782026171684265,
    0.0034968273248523474
   ],
   [
    0.33783775568008423,
    -0.9411715865135193,
    0.007855750620365143
   ],
   [
    0.0006372826755978167,
    0.008575225248932838,
    0.9999630451202393
   ]
  ]
 },
 {
  "rotation_euler": [
   0.008575345389544964,
   -0.0006372591014951468,
   -0.18198545277118683
  ],
  "euler_order": "XYZ",
  "rotation_matrix": [
   [
    0.9834861159324646,
    0.18097056448459625,
    -0.002178681781515479
   ],
   [
    -0.1809825599193573,
    0.9834511280059814,
    -0.008318303152918816
   ],
   [
    0.0006372590432874858,
    0.008575238287448883,
    0.9999630451202393
   ]
  ]
 },
 {
  "rotation_euler": [
   0.008575675077736378,
   -0.0006371386698447168,
   1.0230765342712402
  ],
  "euler_order": "XYZ",
  "rotation_matrix": [
   [
    0.5207418203353882,
    -0.8536856174468994,
    0.006989312823861837
   ],
   [
    0.8537139892578125,
    0.5207180976867676,
    -0.005009573418647051
   ],
   [
    0.0006371386116370559,
    0.008575567975640297,
    0.9999630451202393
   ]
  ]
 },
 {
  "rotation_euler": [
   0.008575808256864548,
   -0.0006367252208292484,
   2.0646586418151855
  ],
  "euler_order": "XYZ",
  "rotation_matrix": [
   [
    -0.47403010725975037,
    -0.8804736137390137,
    0.007852796465158463
   ],
   [
    0.8805084228515625,
    -0.47401759028434753,
    0.003504520980641246
   ],
   [
    0.0006367251626215875,
    0.008575701154768467,
    0.9999630451202393
   ]
  ]
 },
 {
  "rotation_euler": [
   0.008576159365475178,
   -0.0006370681803673506,
   -2.021280288696289
  ],
  "euler_order": "XYZ",
  "rotation_matrix": [
   [
    -0.43540117144584656,
    0.9002057909965515,
    -0.007443106733262539
   ],
   [
    -0.9002363085746765,
    -0.43538033962249756,
    0.004307515919208527
   ],
   [
    0.0006370681221596897,
    0.008576052263379097,
    0.9999630451202393
   ]
  ]
 },
 {
  "rotation_euler": [
   0.008575612679123878,
   -0.0006370695191435516,
   -1.5072880983352661
  ],
  "euler_order": "XYZ",
  "rotation_matrix": [
   [
    0.06346553564071655,
    0.9979469776153564,
    -0.008598649874329567
   ],
   [
    -0.9979838132858276,
    0.06346866488456726,
    9.15125128813088e-05
   ],
   [
    0.0006370694609358907,
    0.008575505577027798,
    0.9999630451202393
   ]
  ]
 },
 {
  "rotation_euler": [
   0.0085757439956069,
   -0.000636952870991081,
   1.7299232482910156
  ],
  "euler_order": "XYZ",
  "rotation_matrix": [
   [
    -0.15845619142055511,
    -0.987328827381134,
    0.00856821984052658
   ],
   [
    0.9873657822608948,
    -0.15845578908920288,
    0.0007299808785319328
   ],
   [
    0.0006369528127834201,
    0.008575636893510818,
    0.9999630451202393
   ]
  ]
 },
 {
  "rotation_euler": [
   0.008576177060604095,
   -0.0006370146293193102,
   -1.049816608428955
  ],
  "euler_order": "XYZ",
  "rotation_matrix": [
   [
    0.497730016708374,
    0.867297351360321,
    -0.007755350787192583
   ],
   [
    -0.8673318028450012,
    0.4977165460586548,
    -0.0037160865031182766
   ],
   [
    0.0006370145711116493,
    0.008576069958508015,
    0.9999630451202393
   ]
  ]
 },
 {
  "rotation_euler": [
   0.008576116524636745,
   -0.0006370301707647741,
   1.509150505065918
  ],
  "euler_order": "XYZ",
  "rotation_matrix": [
   [
    0.06160677224397659,
    -0.9980641007423401,
    0.008520477451384068
   ],
   [
    0.9981002807617188,
    0.061599064618349075,
    -0.001164137152954936
   ],
   [
    0.0006370301125571132,
    0.008576009422540665,
    0.9999630451202393
   ]
  ]
 },
 {
  "rotation_euler": [
   0.008575543761253357,
   -0.0006371040362864733,
   1.1750004291534424
  ],
  "euler_order": "XYZ",
  "rotation_matrix": [
   [
    0.3855426013469696,
    -0.9226582050323486,
    0.007666849996894598
   ],
   [
    0.9226897954940796,
    0.3855234682559967,
    -0.0038940254598855972
   ],
   [
    0.0006371039780788124,
    0.008575436659157276,
    0.9999630451202393
   ]
  ]
 },
 {
  "rotation_euler": [
   0.00857611745595932,
   -0.0006369857001118362,
   -1.76332688331604
  ],
  "euler_order": "XYZ",
  "rotation_matrix": [
   [
    -0.1913432627916336,
    0.9814881086349487,
    -0.008295676670968533
   ],
   [
    -0.9815229773521423,
    -0.1913309097290039,
    0.0022661557886749506
   ],
   [
    0.0006369856419041753,
    0.00857601035386324,
    0.9999630451202393
   ]
  ]
 },
 {
  "rotation_euler": [
   0.008575491607189178,
   -0.0006371680647134781,
   -1.4659583568572998
  ],
  "euler_order": "XYZ",
  "rotation_matrix": [
   [
    0.10464601218700409,
    0.9944723844528198,
    -0.008594978600740433
   ],
   [
    -0.9945093393325806,
    0.10464761406183243,
    -0.00026373378932476044
   ],
   [
    0.0006371680065058172,
    0.008575384505093098,
    0.9999630451202393
   ]
  ]
 },
 {
  "rotation_euler": [
   0.0085759861394763,
   -0.0006371466442942619,
   -2.9144845008850098
  ],
  "euler_order": "XYZ",
  "rotation_matrix": [
   [
    -0.9743214249610901,
    0.22515791654586792,
    -0.001310190069489181
   ],
   [
    -0.22516083717346191,
    -0.9742845296859741,
    0.00849912129342556
   ],
   [
    0.000637146586086601,
    0.008575879037380219,
    0.9999630451202393
   ]
  ]
 },
 {
  "rotation_euler": [
   0.008575785905122757,
   -0.0006364435539580882,
   1.346358299255371
  ],
  "euler_order": "XYZ",
  "rotation_matrix": [
   [
    0.22255846858024597,
    -0.9748846888542175,
    0.008218956179916859
   ],
   [
    0.9749191403388977,
    0.22254501283168793,
    -0.0025290490593761206
   ],
   [
    0.0006364434957504272,
    0.008575678803026676,
    0.9999630451202393
   ]
  ]
 },
 {
  "rotation_euler": [
   0.008575832471251488,
   -0.0006372211501002312,
   -0.6714298725128174
  ],
  "euler_order": "XYZ",
  "rotation_matrix": [
   [
    0.7829327583312988,
    0.6220789551734924,
    -0.005833895411342382
   ],
   [
    -0.6221060156822205,
    0.7829075455665588,
    -0.006317814812064171
   ],
   [
    0.0006372210918925703,
    0.008575725369155407,
    0.9999630451202393
   ]
  ]
 }
]