[
 {
  "rotation_euler": [
   0.0001335739070782438,
   -2.2095002350397408e-05,
   0.8362404108047485
  ],
  "euler_order": "XYZ",
  "rotation_matrix": [
   [
    0.6702576279640198,
    -0.7421284914016724,
    8.431965397903696e-05
   ],
   [
    0.7421284914016724,
    0.6702576279640198,
    -0.00010592626495053992
   ],
   [
    2.2095002350397408e-05,
    0.0001335739070782438,
    1.0
   ]
  ]
 },
 {
  "rotation_euler": [
   -2.7246196269989014,
   0.9753695130348206,
   -0.47402864694595337
  ],
  "euler_order": "XYZ",
  "rotation_matrix": [
   [
    0.4990195631980896,
    -0.7156908512115479,
    -0.48863694071769714
   ],
   [
    -0.2560192346572876,
    -0.6604477167129517,
    0.705877423286438
   ],
   [
    -0.8279091715812683,
    -0.2271462082862854,
    -0.5128069519996643
   ]
  ]
 },
 {
  "rotation_euler": [
   1.6847739219665527,
   -2.0156238079071045,
   0.8765945434570312
  ],
  "euler_order": "XYZ",
  "rotation_matrix": [
   [
    -0.27529534697532654,
    -0.4863559305667877,
    0.829258918762207
   ],
   [
    -0.33071500062942505,
    -0.762032151222229,
    -0.5567176938056946
   ],
   [
    0.9026849269866943,
    -0.42751017212867737,
    0.04893868416547775
   ]
  ]
 },
 {
  "rotation_euler": [
   -1.5536894798278809,
   -1.1382232904434204,
   -1.4563065767288208
  ],
  "euler_order": "XYZ",
  "rotation_matrix": [
   [
    0.04789026081562042,
    0.12069603055715561,
    0.991533637046814
   ],
   [
    -0.4164637625217438,
    -0.8998602032661438,
    0.12965178489685059
   ],
   [
    0.9078901410102844,
    -0.41914689540863037,
    0.007170981261879206
   ]
  ]
 },
 {
  "rotation_euler": [
   0.0001356579305138439,
   -3.0866676752339117e-06,
   -0.08797992765903473
  ],
  "euler_order": "XYZ",
  "rotation_matrix": [
   [
    0.9961322546005249,
    0.08786647021770477,
    -1.4994512639532331e-05
   ],
   [
    -0.08786647021770477,
    0.9961322546005249,
    -0.0001348620280623436
   ],
   [
    3.0866676752339117e-06,
    0.0001356579305138439,
    1.0
   ]
  ]
 },
 {
  "rotation_euler": [
   0.00013412708358373493,
   1.5913365132291801e-06,
   -0.8621968030929565
  ],
  "euler_order": "XYZ",
  "rotation_matrix": [
   [
    0.6507710814476013,
    0.7592740058898926,
    -0.00010080361244035885
   ],
   [
    -0.7592740058898926,
    0.6507710814476013,
    -8.8494285591878e-05
   ],
   [
    -1.5913365132291801e-06,
    0.00013412708358373493,
    1.0
   ]
  ]
 },
 {
  "rotation_euler": [
   -1.0708467960357666,
   0.16120144724845886,
   -0.814497172832489
  ],
  "euler_order": "XYZ",
  "rotation_matrix": [
   [
    0.6773372888565063,
    0.25202998518943787,
    0.6911548972129822
   ],
   [
    -0.7179502844810486,
    0.43142634630203247,
    0.5462771654129028
   ],
   [
    -0.16050419211387634,
    -0.8662286996841431,
    0.4731661379337311
   ]
  ]
 },
 {
  "rotation_euler": [
   0.5113373398780823,
   2.120758056640625,
   1.672705054283142
  ],
  "euler_order": "XYZ",
  "rotation_matrix": [
   [
    0.05317091941833496,
    -0.9100077748298645,
    0.4111674726009369
   ],
   [
    -0.5199429392814636,
    0.3263031542301178,
    0.789421021938324
   ],
   [
    -0.8525445461273193,
    -0.2557578682899475,
    -0.4558022916316986
   ]
  ]
 },
 {
  "rotation_euler": [
   0.00013460221816785634,
   -7.130004178179661e-06,
   1.5168726444244385
  ],
  "euler_order": "XYZ",
  "rotation_matrix": [
   [
    0.05389755219221115,
    -0.9985464811325073,
    0.00013402228069026023
   ],
   [
    0.9985464811325073,
    0.05389755219221115,
    -1.4374370948644355e-05
   ],
   [
    7.130004178179661e-06,
    0.00013460221816785634,
    1.0
   ]
  ]
 },
 {
  "rotation_euler": [
   1.6847662925720215,
   -2.0156240463256836,
   -0.24874818325042725
  ],
  "euler_order": "XYZ",
  "rotation_matrix": [
   [
    -0.4170582592487335,
    -0.8972231149673462,
    -0.14509692788124084
   ],
   [
    0.10593651235103607,
    0.1105678603053093,
    -0.9882065653800964
   ],
   [
    0.9026848077774048,
    -0.4275107681751251,
    0.04893544688820839
   ]
  ]
 },
 {
  "rotation_euler": [
   1.466221809387207,
   -1.9937814474105835,
   0.3940389156341553
  ],
  "euler_order": "XYZ",
  "rotation_matrix": [
   [
    -0.37902724742889404,
    -0.8774630427360535,
    0.29393354058265686
   ],
   [
    -0.1575935184955597,
    -0.251787930727005,
    -0.9548649787902832
   ],
   [
    0.9118676781654358,
    -0.408241868019104,
    -0.042848002165555954
   ]
  ]
 },
 {
  "rotation_euler": [
   -1.4748101234436035,
   1.0065635442733765,
   1.622437596321106
  ],
  "euler_order": "XYZ",
  "rotation_matrix": [
   [
    -0.027603808790445328,
    -0.05229445546865463,
    -0.9982501268386841
   ],
   [
    0.5340547561645508,
    -0.8449352383613586,
    0.02949509583413601
   ],
   [
    -0.8449991345405579,
    -0.5323060750961304,
    0.05125153437256813
   ]
  ]
 },
 {
  "rotation_euler": [
   0.00013469389523379505,
   -3.6672206533694407e-06,
   0.750281035900116
  ],
  "euler_order": "XYZ",
  "rotation_matrix": [
   [
    0.7314972877502441,
    -0.6818443536758423,
    8.915771468309686e-05
   ],
   [
    0.6818443536758423,
    0.7314972877502441,
    -0.00010102869418915361
   ],
   [
    3.6672206533694407e-06,
    0.00013469389523379505,
    1.0
   ]
  ]
 },
 {
  "rotation_euler": [
   0.0001304044562857598,
   -2.489953658368904e-05,
   -1.5327082872390747
  ],
  "euler_order": "XYZ",
  "rotation_matrix": [
   [
    0.038078829646110535,
    0.999274730682373,
    -0.00013125802797731012
   ],
   [
    -0.999274730682373,
    0.03807883337140083,
    1.9915827579097822e-05
   ],
   [
    2.489953658368904e-05,
    0.0001304044562857598,
    1.0
   ]
  ]
 },
 {
  "rotation_euler": [
   0.00013413833221420646,
   1.4871424127704813e-06,
   -2.744818687438965
  ],
  "euler_order": "XYZ",
  "rotation_matrix": [
   [
    -0.9223124980926514,
    0.38644495606422424,
    -5.3208688768791035e-05
   ],
   [
    -0.38644495606422424,
    -0.9223124384880066,
    0.00012314275954850018
   ],
   [
    -1.4871424127704813e-06,
    0.00013413833221420646,
    1.0
   ]
  ]
 },
 {
  "rotation_euler": [
   -1.4751777648925781,
   -1.1290233135223389,
   1.8742685317993164
  ],
  "euler_order": "XYZ",
  "rotation_matrix": [
   [
    -0.12776502966880798,
    -0.36002209782600403,
    -0.924153745174408
   ],
   [
    0.4080061912536621,
    0.8302152156829834,
    -0.3798336982727051
   ],
   [
    0.9039950370788574,
    -0.425589919090271,
    0.040818773210048676
   ]
  ]
 }
]