[
 {
  "rotation_euler": [
   -1.5708025693893433,
   -1.5539450645446777,
   1.033311128616333
  ],
  "euler_order": "XYZ",
  "rotation_matrix": [
   [
    0.008627057075500488,
    0.511910080909729,
    -0.8589957356452942
   ],
   [
    0.014474530704319477,
    0.8588737845420837,
    0.5119827389717102
   ],
   [
    0.999858021736145,
    -0.016850464046001434,
    -1.0519061532932028e-07
   ]
  ]
 },
 {
  "rotation_euler": [
   1.4701653718948364,
   -0.016728926450014114,
   -0.9520803093910217
  ],
  "euler_order": "XYZ",
  "rotation_matrix": [
   [
    0.579908549785614,
    0.07218501716852188,
    -0.8114773035049438
   ],
   [
    -0.8145098090171814,
    0.07182466238737106,
    -0.575686514377594
   ],
   [
    0.016728146001696587,
    0.9948017597198486,
    0.1004471406340599
   ]
  ]
 },
 {
  "rotation_euler": [
   1.5707863569259644,
   -1.5876476764678955,
   -0.2652919292449951
  ],
  "euler_order": "XYZ",
  "rotation_matrix": [
   [
    -0.01626105234026909,
    -0.9648763537406921,
    -0.26220062375068665
   ],
   [
    0.004418062977492809,
    0.2621634006500244,
    -0.9650133848190308
   ],
   [
    0.999858021736145,
    -0.016850551590323448,
    -1.6799779700704676e-07
   ]
  ]
 },
 {
  "rotation_euler": [
   -1.4307491779327393,
   0.010161801241338253,
   2.9150960445404053
  ],
  "euler_order": "XYZ",
  "rotation_matrix": [
   [
    -0.9744088053703308,
    -0.021541841328144073,
    -0.2237486094236374
   ],
   [
    0.2245534062385559,
    -0.13828416168689728,
    -0.9646000266075134
   ],
   [
    -0.010161626152694225,
    -0.9901583194732666,
    0.1395825892686844
   ]
  ]
 },
 {
  "rotation_euler": [
   1.5708435773849487,
   1.5539435148239136,
   -0.7965071797370911
  ],
  "euler_order": "XYZ",
  "rotation_matrix": [
   [
    0.011783064343035221,
    0.6990749835968018,
    -0.7149512767791748
   ],
   [
    -0.012047812342643738,
    -0.7148497700691223,
    -0.6991742849349976
   ],
   [
    -0.999858021736145,
    0.016852013766765594,
    -7.962676136230584e-07
   ]
  ]
 },
 {
  "rotation_euler": [
   1.5707085132598877,
   -1.5876423120498657,
   0.9682851433753967
  ],
  "euler_order": "XYZ",
  "rotation_matrix": [
   [
    -0.009546391665935516,
    -0.5667052268981934,
    0.8238653540611267
   ],
   [
    -0.013879004865884781,
    -0.8237484097480774,
    -0.5667855739593506
   ],
   [
    0.9998580813407898,
    -0.016845189034938812,
    -1.479235493206943e-06
   ]
  ]
 },
 {
  "rotation_euler": [
   1.5707802772521973,
   -1.5876480340957642,
   1.358601689338684
  ],
  "euler_order": "XYZ",
  "rotation_matrix": [
   [
    -0.0035488996654748917,
    -0.21059159934520721,
    0.9775676727294922
   ],
   [
    -0.016472961753606796,
    -0.9774289131164551,
    -0.21062150597572327
   ],
   [
    0.999858021736145,
    -0.0168509092181921,
    -2.7044939088227693e-07
   ]
  ]
 },
 {
  "rotation_euler": [
   -1.570754051208496,
   -1.5539418458938599,
   -0.3041560649871826
  ],
  "euler_order": "XYZ",
  "rotation_matrix": [
   [
    0.0160801000893116,
    0.9539771676063538,
    0.2994477450847626
   ],
   [
    -0.005047477316111326,
    -0.29940521717071533,
    0.954112708568573
   ],
   [
    0.9998579621315002,
    -0.016853682696819305,
    7.124993430807081e-07
   ]
  ]
 },
 {
  "rotation_euler": [
   1.570802927017212,
   1.5539439916610718,
   0.8883566856384277
  ],
  "euler_order": "XYZ",
  "rotation_matrix": [
   [
    0.010628065094351768,
    0.6306037306785583,
    0.7760322093963623
   ],
   [
    0.013077406212687492,
    0.7759220004081726,
    -0.630693256855011
   ],
   [
    -0.999858021736145,
    0.01685153692960739,
    -1.1122389054207815e-07
   ]
  ]
 },
 {
  "rotation_euler": [
   -1.5698657035827637,
   1.5876013040542603,
   -0.024899465963244438
  ],
  "euler_order": "XYZ",
  "rotation_matrix": [
   [
    -0.016798976808786392,
    -0.999525249004364,
    0.025827085599303246
   ],
   [
    0.0004183720448054373,
    0.025823701173067093,
    0.9996664524078369
   ],
   [
    -0.9998587965965271,
    0.016804179176688194,
    -1.5638363038306125e-05
   ]
  ]
 },
 {
  "rotation_euler": [
   1.5708436965942383,
   -1.5876480340957642,
   -0.4462595582008362
  ],
  "euler_order": "XYZ",
  "rotation_matrix": [
   [
    -0.015200662426650524,
    -0.9019601345062256,
    -0.4315516948699951
   ],
   [
    0.007272758986800909,
    0.431490421295166,
    -0.9020882248878479
   ],
   [
    0.999858021736145,
    -0.0168509092181921,
    7.982242209436663e-07
   ]
  ]
 },
 {
  "rotation_euler": [
   1.620455265045166,
   1.5448309183120728,
   0.16418594121932983
  ],
  "euler_order": "XYZ",
  "rotation_matrix": [
   [
    0.025613341480493546,
    0.9931167960166931,
    0.11429330706596375
   ],
   [
    0.004243550356477499,
    0.11422177404165268,
    -0.9934462308883667
   ],
   [
    -0.9996629357337952,
    0.025930484756827354,
    -0.0012887399643659592
   ]
  ]
 },
 {
  "rotation_euler": [
   -1.5708588361740112,
   -1.5539519786834717,
   0.7112978100776672
  ],
  "euler_order": "XYZ",
  "rotation_matrix": [
   [
    0.012759247794747353,
    0.7574486136436462,
    -0.6527701020240784
   ],
   [
    0.010995764285326004,
    0.6526774764060974,
    0.7575560808181763
   ],
   [
    0.9998581409454346,
    -0.016843551769852638,
    -1.052879952112562e-06
   ]
  ]
 },
 {
  "rotation_euler": [
   -1.571043848991394,
   -1.5539659261703491,
   -0.3960324823856354
  ],
  "euler_order": "XYZ",
  "rotation_matrix": [
   [
    0.015526973642408848,
    0.922372579574585,
    0.3859892785549164
   ],
   [
    -0.006492204964160919,
    -0.3859346807003021,
    0.9225032925605774
   ],
   [
    0.9998583793640137,
    -0.016829606145620346,
    -4.165700829616981e-06
   ]
  ]
 },
 {
  "rotation_euler": [
   1.6198666095733643,
   1.55936598777771,
   -0.3618822991847992
  ],
  "euler_order": "XYZ",
  "rotation_matrix": [
   [
    0.01068978663533926,
    0.9166796803474426,
    -0.39947977662086487
   ],
   [
    -0.004046654794365168,
    -0.39945968985557556,
    -0.9167418479919434
   ],
   [
    -0.9999346733093262,
    0.011416331864893436,
    -0.0005606526974588633
   ]
  ]
 },
 {
  "rotation_euler": [
   1.5708034038543701,
   1.5539448261260986,
   0.6811435222625732
  ],
  "euler_order": "XYZ",
  "rotation_matrix": [
   [
    0.013090522028505802,
    0.7767473459243774,
    0.6296762824058533
   ],
   [
    0.010610580444335938,
    0.6295868754386902,
    -0.7768576145172119
   ],
   [
    -0.999858021736145,
    0.016850702464580536,
    -1.1925342846552667e-07
   ]
  ]
 }
]