[
 {
  "rotation_euler": [
   6.291510867839634e-09,
   2.7352998088758795e-08,
   -0.5409653186798096
  ],
  "euler_order": "XYZ",
  "rotation_matrix": [
   [
    0.8572119474411011,
    0.514963686466217,
    2.020741796115999e-08
   ],
   [
    -0.514963686466217,
    0.8572119474411011,
    -1.947896066667454e-08
   ],
   [
    -2.7352998088758795e-08,
    6.291510867839634e-09,
    1.0
   ]
  ]
 },
 {
  "rotation_euler": [
   -4.436535405716313e-08,
   -7.294951274161576e-07,
   2.921243667602539
  ],
  "euler_order": "XYZ",
  "rotation_matrix": [
   [
    -0.9758212566375732,
    -0.21857018768787384,
    7.021598662504402e-07
   ],
   [
    0.21857018768787384,
    -0.9758212566375732,
    -2.0273853351682192e-07
   ],
   [
    7.294951274161576e-07,
    -4.436535405716313e-08,
    1.0
   ]
  ]
 },
 {
  "rotation_euler": [
   1.1161184865216e-08,
   1.7736412871727225e-07,
   1.0609875917434692
  ],
  "euler_order": "XYZ",
  "rotation_matrix": [
   [
    0.48801031708717346,
    -0.8728378415107727,
    9.629742692141008e-08
   ],
   [
    0.8728378415107727,
    0.48801031708717346,
    1.4936335901438724e-07
   ],
   [
    -1.7736412871727225e-07,
    1.1161184865216e-08,
    1.0
   ]
  ]
 },
 {
  "rotation_euler": [
   -3.123469483057306e-08,
   2.487599033429433e-07,
   3.065554141998291
  ],
  "euler_order": "XYZ",
  "rotation_matrix": [
   [
    -0.9971104860305786,
    -0.07596525549888611,
    -2.504138478798268e-07
   ],
   [
    0.07596525549888611,
    -0.9971104860305786,
    -1.2247330261061506e-08
   ],
   [
    -2.487599033429433e-07,
    -3.123469483057306e-08,
    1.0
   ]
  ]
 },
 {
  "rotation_euler": [
   -1.0919774240392144e-07,
   2.9808421686539077e-07,
   0.32604897022247314
  ],
  "euler_order": "XYZ",
  "rotation_matrix": [
   [
    0.9473152756690979,
    -0.32030266523361206,
    2.4740339199524897e-07
   ],
   [
    0.32030266523361206,
    0.9473152756690979,
    1.9892185321168654e-07
   ],
   [
    -2.9808421686539077e-07,
    -1.0919774240392144e-07,
    1.0
   ]
  ]
 },
 {
  "rotation_euler": [
   1.2672484217546298e-07,
   1.5804223494342295e-06,
   2.6554088592529297
  ],
  "euler_order": "XYZ",
  "rotation_matrix": [
   [
    -0.8841224312782288,
    -0.46725529432296753,
    -1.338073957413144e-06
   ],
   [
    0.46725529432296753,
    -0.8841224312782288,
    8.505010100634536e-07
   ],
   [
    -1.5804223494342295e-06,
    1.2672484217546298e-07,
    1.0
   ]
  ]
 },
 {
  "rotation_euler": [
   -1.997364051931072e-08,
   3.099179934906715e-07,
   -0.051104236394166946
  ],
  "euler_order": "XYZ",
  "rotation_matrix": [
   [
    0.9986944794654846,
    0.05108199641108513,
    3.105336645603529e-07
   ],
   [
    -0.05108199641108513,
    0.9986944794654846,
    4.116334828552226e-09
   ],
   [
    -3.099179934906715e-07,
    -1.997364051931072e-08,
    1.0
   ]
  ]
 },
 {
  "rotation_euler": [
   1.5404026498799794e-08,
   1.752685193423531e-06,
   -0.5670524835586548
  ],
  "euler_order": "XYZ",
  "rotation_matrix": [
   [
    0.8434879183769226,
    0.5371481776237488,
    1.4700945030199364e-06
   ],
   [
    -0.5371481776237488,
    0.8434879183769226,
    -9.544447721054894e-07
   ],
   [
    -1.752685193423531e-06,
    1.5404026498799794e-08,
    1.0
   ]
  ]
 },
 {
  "rotation_euler": [
   -1.9584479105105856e-07,
   5.025254381507693e-07,
   0.5253391265869141
  ],
  "euler_order": "XYZ",
  "rotation_matrix": [
   [
    0.8651539087295532,
    -0.5015064477920532,
    3.365444172231946e-07
   ],
   [
    0.5015064477920532,
    0.8651539087295532,
    4.2145563838857925e-07
   ],
   [
    -5.025254381507693e-07,
    -1.9584479105105856e-07,
    1.0
   ]
  ]
 },
 {
  "rotation_euler": [
   2.1045963194410433e-08,
   7.815525293608516e-08,
   -0.4601830244064331
  ],
  "euler_order": "XYZ",
  "rotation_matrix": [
   [
    0.8959712386131287,
    0.444112092256546,
    6.067809010801284e-08
   ],
   [
    -0.444112092256546,
    0.8959712386131287,
    -5.3566271418503675e-08
   ],
   [
    -7.815525293608516e-08,
    2.1045963194410433e-08,
    1.0
   ]
  ]
 },
 {
  "rotation_euler": [
   -3.3273832400482206e-07,
   -2.2478327537100995e-06,
   1.7365937232971191
  ],
  "euler_order": "XYZ",
  "rotation_matrix": [
   [
    -0.1650388389825821,
    -0.9862870573997498,
    4.2804217059710936e-08
   ],
   [
    0.9862870573997498,
    -0.1650388389825821,
    -2.2719232219969854e-06
   ],
   [
    2.2478327537100995e-06,
    -3.3273832400482206e-07,
    1.0
   ]
  ]
 },
 {
  "rotation_euler": [
   -3.900742839846316e-08,
   1.6816234449379408e-07,
   0.8278573751449585
  ],
  "euler_order": "XYZ",
  "rotation_matrix": [
   [
    0.6764553189277649,
    -0.7364836931228638,
    8.502598092263725e-08
   ],
   [
    0.7364836931228638,
    0.6764553189277649,
    1.5023560706595163e-07
   ],
   [
    -1.6816234449379408e-07,
    -3.900742839846316e-08,
    1.0
   ]
  ]
 },
 {
  "rotation_euler": [
   -5.5257270759057064e-08,
   3.5213282956192415e-08,
   -1.5131165981292725
  ],
  "euler_order": "XYZ",
  "rotation_matrix": [
   [
    0.05764774978160858,
    0.9983369708061218,
    5.7195343572402635e-08
   ],
   [
    -0.9983369708061218,
    0.05764774978160858,
    -3.196926456894289e-08
   ],
   [
    -3.5213282956192415e-08,
    -5.5257270759057064e-08,
    1.0
   ]
  ]
 },
 {
  "rotation_euler": [
   -1.8291142112047964e-07,
   4.66665397880206e-07,
   -2.826150894165039
  ],
  "euler_order": "XYZ",
  "rotation_matrix": [
   [
    -0.9506593942642212,
    0.31023645401000977,
    -3.8689407233505335e-07
   ],
   [
    -0.31023645401000977,
    -0.9506593942642212,
    -3.1866309768702195e-07
   ],
   [
    -4.66665397880206e-07,
    -1.8291142112047964e-07,
    1.0
   ]
  ]
 },
 {
  "rotation_euler": [
   4.998387794330483e-06,
   -0.00010826556535903364,
   1.3281924724578857
  ],
  "euler_order": "XYZ",
  "rotation_matrix": [
   [
    0.24023103713989258,
    -0.9707157611846924,
    -2.115673487423919e-05
   ],
   [
    0.9707157611846924,
    0.24023103713989258,
    -0.00010629585449350998
   ],
   [
    0.00010826556535903364,
    4.998387794330483e-06,
    1.0
   ]
  ]
 },
 {
  "rotation_euler": [
   -1.6764520438528052e-08,
   -2.4291381350849406e-07,
   0.791225790977478
  ],
  "euler_order": "XYZ",
  "rotation_matrix": [
   [
    0.7029740214347839,
    -0.7112154960632324,
    -1.8268529800025135e-07
   ],
   [
    0.7112154960632324,
    0.7029740214347839,
    -1.6097904165235377e-07
   ],
   [
    2.4291381350849406e-07,
    -1.6764520438528052e-08,
    1.0
   ]
  ]
 }
]