[
 {
  "rotation_euler": [
   0.23197470605373383,
   9.5320427817569e-07,
   2.7803072929382324
  ],
  "euler_order": "XYZ",
  "rotation_matrix": [
   [
    -0.9354432225227356,
    -0.3440089821815491,
    0.08126339316368103
   ],
   [
    0.3534769117832184,
    -0.9103866815567017,
    0.21505853533744812
   ],
   [
    -9.5320427817569e-07,
    0.22989977896213531,
    0.973214328289032
   ]
  ]
 },
 {
  "rotation_euler": [
   0.23197463154792786,
   7.600058324896963e-07,
   -2.9131033420562744
  ],
  "euler_order": "XYZ",
  "rotation_matrix": [
   [
    -0.9740096926689148,
    0.22043906152248383,
    -0.05207446590065956
   ],
   [
    -0.22650635242462158,
    -0.9479202032089233,
    0.22392438352108002
   ],
   [
    -7.600058324896963e-07,
    0.22989970445632935,
    0.973214328289032
   ]
  ]
 },
 {
  "rotation_euler": [
   0.23197464644908905,
   2.108988610416418e-06,
   2.4433600902557373
  ],
  "euler_order": "XYZ",
  "rotation_matrix": [
   [
    -0.7659795880317688,
    -0.6256456971168518,
    0.14779289066791534
   ],
   [
    0.6428648829460144,
    -0.7454620003700256,
    0.17609982192516327
   ],
   [
    -2.108988610416418e-06,
    0.22989971935749054,
    0.973214328289032
   ]
  ]
 },
 {
  "rotation_euler": [
   0.23197495937347412,
   -5.905023385821551e-07,
   2.9549012184143066
  ],
  "euler_order": "XYZ",
  "rotation_matrix": [
   [
    -0.9826236963272095,
    -0.18063703179359436,
    0.042672041803598404
   ],
   [
    0.1856088489294052,
    -0.9563034176826477,
    0.22590512037277222
   ],
   [
    5.905023385821551e-07,
    0.2299000322818756,
    0.9732142686843872
   ]
  ]
 },
 {
  "rotation_euler": [
   0.2319745421409607,
   -2.693801434361376e-06,
   1.2815847396850586
  ],
  "euler_order": "XYZ",
  "rotation_matrix": [
   [
    0.2851966321468353,
    -0.9327960014343262,
    0.22035092115402222
   ],
   [
    0.958469033241272,
    0.2775568664073944,
    -0.06556911021471024
   ],
   [
    2.693801434361376e-06,
    0.22989962995052338,
    0.973214328289032
   ]
  ]
 },
 {
  "rotation_euler": [
   0.23197528719902039,
   2.6951386189466575e-07,
   2.717503786087036
  ],
  "euler_order": "XYZ",
  "rotation_matrix": [
   [
    -0.9114140272140503,
    -0.40046846866607666,
    0.0946015790104866
   ],
   [
    0.4114905297756195,
    -0.8870010375976562,
    0.20953451097011566
   ],
   [
    -2.6951386189466575e-07,
    0.22990034520626068,
    0.9732141494750977
   ]
  ]
 },
 {
  "rotation_euler": [
   0.2319745421409607,
   2.745091251199483e-06,
   0.2560712397098541
  ],
  "euler_order": "XYZ",
  "rotation_matrix": [
   [
    0.9673925042152405,
    -0.24649693071842194,
    0.05823199078440666
   ],
   [
    0.2532818615436554,
    0.9414804577827454,
    -0.22240249812602997
   ],
   [
    -2.745091251199483e-06,
    0.22989962995052338,
    0.973214328289032
   ]
  ]
 },
 {
  "rotation_euler": [
   0.2319747656583786,
   6.431850465560274e-07,
   -0.6250650882720947
  ],
  "euler_order": "XYZ",
  "rotation_matrix": [
   [
    0.8109250068664551,
    0.5694765448570251,
    -0.13452540338039398
   ],
   [
    -0.5851500630378723,
    0.7892037630081177,
    -0.1864318996667862
   ],
   [
    -6.431850465560274e-07,
    0.2298998385667801,
    0.9732142686843872
   ]
  ]
 },
 {
  "rotation_euler": [
   0.23197467625141144,
   -9.878821174424957e-07,
   1.4160349369049072
  ],
  "euler_order": "XYZ",
  "rotation_matrix": [
   [
    0.15414434671401978,
    -0.9615828394889832,
    0.22715191543102264
   ],
   [
    0.9880483150482178,
    0.15001526474952698,
    -0.035438697785139084
   ],
   [
    9.878821174424957e-07,
    0.22989974915981293,
    0.973214328289032
   ]
  ]
 },
 {
  "rotation_euler": [
   0.2319747805595398,
   -1.3253958286441048e-06,
   2.7067301273345947
  ],
  "euler_order": "XYZ",
  "rotation_matrix": [
   [
    -0.9069279432296753,
    -0.4100010097026825,
    0.09685469418764114
   ],
   [
    0.4212857186794281,
    -0.8826354146003723,
    0.20850206911563873
   ],
   [
    1.3253958286441048e-06,
    0.22989985346794128,
    0.9732142686843872
   ]
  ]
 },
 {
  "rotation_euler": [
   0.23197437822818756,
   1.8777869854602613e-06,
   1.3180242776870728
  ],
  "euler_order": "XYZ",
  "rotation_matrix": [
   [
    0.2500888705253601,
    -0.942288339138031,
    0.22259438037872314
   ],
   [
    0.9682228565216064,
    0.2433905154466629,
    -0.057493530213832855
   ],
   [
    -1.8777869854602613e-06,
    0.22989946603775024,
    0.9732143878936768
   ]
  ]
 },
 {
  "rotation_euler": [
   0.231974259018898,
   -2.0868903902737657e-06,
   -2.993056058883667
  ],
  "euler_order": "XYZ",
  "rotation_matrix": [
   [
    -0.9889886975288391,
    0.144027441740036,
    -0.03402102738618851
   ],
   [
    -0.14799100160598755,
    -0.9624980092048645,
    0.22736816108226776
   ],
   [
    2.0868903902737657e-06,
    0.2298993468284607,
    0.9732143878936768
   ]
  ]
 },
 {
  "rotation_euler": [
   0.23197488486766815,
   -9.889617302860643e-08,
   2.8352303504943848
  ],
  "euler_order": "XYZ",
  "rotation_matrix": [
   [
    -0.9534369707107544,
    -0.2935139238834381,
    0.06933615356683731
   ],
   [
    0.30159232020378113,
    -0.9278984665870667,
    0.21919509768486023
   ],
   [
    9.889617302860643e-08,
    0.22989995777606964,
    0.9732142686843872
   ]
  ]
 },
 {
  "rotation_euler": [
   0.23197470605373383,
   -1.0431130021970603e-06,
   -0.7792394161224365
  ],
  "euler_order": "XYZ",
  "rotation_matrix": [
   [
    0.7114482522010803,
    0.6839150190353394,
    -0.16156014800071716
   ],
   [
    -0.7027385234832764,
    0.6923917531967163,
    -0.16356107592582703
   ],
   [
    1.0431130021970603e-06,
    0.22989977896213531,
    0.973214328289032
   ]
  ]
 },
 {
  "rotation_euler": [
   0.23197467625141144,
   6.984027436374163e-07,
   0.7865656614303589
  ],
  "euler_order": "XYZ",
  "rotation_matrix": [
   [
    0.7062807679176331,
    -0.6889693140983582,
    0.16275383532047272
   ],
   [
    0.7079318165779114,
    0.6873626708984375,
    -0.16237328946590424
   ],
   [
    -6.984027436374163e-07,
    0.22989974915981293,
    0.973214328289032
   ]
  ]
 },
 {
  "rotation_euler": [
   0.23197461664676666,
   -2.6070781586895464e-06,
   3.0178070068359375
  ],
  "euler_order": "XYZ",
  "rotation_matrix": [
   [
    -0.992348313331604,
    -0.12016195058822632,
    0.02838817797601223
   ],
   [
    0.1234697625041008,
    -0.9657676815986633,
    0.22814026474952698
   ],
   [
    2.6070781586895464e-06,
    0.22989968955516815,
    0.973214328289032
   ]
  ]
 }
]