[
 {
  "rotation_euler": [
   0.00020168859919067472,
   1.1313396498735528e-05,
   -2.700237274169922
  ],
  "euler_order": "XYZ",
  "rotation_matrix": [
   [
    -0.9041734933853149,
    0.42716535925865173,
    -9.638365736464038e-05
   ],
   [
    -0.42716535925865173,
    -0.9041734933853149,
    0.00017752879648469388
   ],
   [
    -1.1313396498735528e-05,
    0.00020168859919067472,
    1.0
   ]
  ]
 },
 {
  "rotation_euler": [
   -1.5707995891571045,
   -3.05118465423584,
   0.07116616517305374
  ],
  "euler_order": "XYZ",
  "rotation_matrix": [
   [
    -0.9933950901031494,
    0.09005659073591232,
    -0.07110581547021866
   ],
   [
    -0.07081571221351624,
    0.0064165531657636166,
    0.9974687695503235
   ],
   [
    0.09028489142656326,
    0.9959160089492798,
    3.2490386274730554e-06
   ]
  ]
 },
 {
  "rotation_euler": [
   0.00020166153262834996,
   1.1397632988519035e-05,
   -1.0374596118927002
  ],
  "euler_order": "XYZ",
  "rotation_matrix": [
   [
    0.5084094405174255,
    0.8611154556274414,
    -0.0001678591943345964
   ],
   [
    -0.8611154556274414,
    0.5084094405174255,
    -0.00011234130943194032
   ],
   [
    -1.1397632988519035e-05,
    0.00020166153262834996,
    1.0
   ]
  ]
 },
 {
  "rotation_euler": [
   0.0001979509397642687,
   -3.688983497340814e-06,
   0.21041971445083618
  ],
  "euler_order": "XYZ",
  "rotation_matrix": [
   [
    0.9779433608055115,
    -0.20887036621570587,
    3.7738471291959286e-05
   ],
   [
    0.20887038111686707,
    0.9779433012008667,
    -0.00019435532158240676
   ],
   [
    3.688983497340814e-06,
    0.0001979509397642687,
    1.0
   ]
  ]
 },
 {
  "rotation_euler": [
   0.0002023133565671742,
   1.1966109013883397e-05,
   1.510567545890808
  ],
  "euler_order": "XYZ",
  "rotation_matrix": [
   [
    0.060192372649908066,
    -0.9981867671012878,
    0.00020266679348424077
   ],
   [
    0.9981867671012878,
    0.060192376375198364,
    -2.3330940734922478e-07
   ],
   [
    -1.1966109013883397e-05,
    0.0002023133565671742,
    1.0
   ]
  ]
 },
 {
  "rotation_euler": [
   0.00020204775501042604,
   1.1874646588694304e-05,
   -0.35491809248924255
  ],
  "euler_order": "XYZ",
  "rotation_matrix": [
   [
    0.9376749396324158,
    0.3475135564804077,
    -5.907977538299747e-05
   ],
   [
    -0.3475135564804077,
    0.9376749396324158,
    -0.00019358171266503632
   ],
   [
    -1.1874646588694304e-05,
    0.00020204775501042604,
    1.0
   ]
  ]
 },
 {
  "rotation_euler": [
   0.00019882089691236615,
   -3.4996241993212607e-06,
   2.411625385284424
  ],
  "euler_order": "XYZ",
  "rotation_matrix": [
   [
    -0.7451962232589722,
    -0.6668452024459839,
    0.00013519066851586103
   ],
   [
    0.6668452620506287,
    -0.7451962232589722,
    0.00014582686708308756
   ],
   [
    3.4996241993212607e-06,
    0.00019882089691236615,
    1.0
   ]
  ]
 },
 {
  "rotation_euler": [
   0.00020182441221550107,
   1.1519508007040713e-05,
   1.8627909421920776
  ],
  "euler_order": "XYZ",
  "rotation_matrix": [
   [
    -0.28786298632621765,
    -0.957671582698822,
    0.0001899654744192958
   ],
   [
    0.957671582698822,
    -0.28786298632621765,
    6.91296809236519e-05
   ],
   [
    -1.1519508007040713e-05,
    0.00020182441221550107,
    1.0
   ]
  ]
 },
 {
  "rotation_euler": [
   0.00020187016343697906,
   1.1548076145118102e-05,
   2.310610771179199
  ],
  "euler_order": "XYZ",
  "rotation_matrix": [
   [
    -0.6741508841514587,
    -0.7385936379432678,
    0.00014131487114354968
   ],
   [
    0.7385936379432678,
    -0.6741508841514587,
    0.0001446202804800123
   ],
   [
    -1.1548076145118102e-05,
    0.00020187016343697906,
    1.0
   ]
  ]
 },
 {
  "rotation_euler": [
   1.5413249731063843,
   -0.07707301527261734,
   -2.9791929721832275
  ],
  "euler_order": "XYZ",
  "rotation_matrix": [
   [
    -0.9839125275611877,
    0.08071506023406982,
    -0.1593775451183319
   ],
   [
    -0.16120678186416626,
    -0.016635416075587273,
    0.9867804646492004
   ],
   [
    0.07699672877788544,
    0.9965983629226685,
    0.02937960997223854
   ]
  ]
 },
 {
  "rotation_euler": [
   0.000202095034183003,
   1.156435246230103e-05,
   0.9719997048377991
  ],
  "euler_order": "XYZ",
  "rotation_matrix": [
   [
    0.5636488795280457,
    -0.8260144591331482,
    0.0001734516554279253
   ],
   [
    0.826014518737793,
    0.5636488795280457,
    -0.00010435831791255623
   ],
   [
    -1.156435246230103e-05,
    0.000202095034183003,
    1.0
   ]
  ]
 },
 {
  "rotation_euler": [
   0.00019499962218105793,
   -1.0258669362883666e-06,
   -0.4073384404182434
  ],
  "euler_order": "XYZ",
  "rotation_matrix": [
   [
    0.9181784987449646,
    0.39616695046424866,
    -7.819433085387573e-05
   ],
   [
    -0.39616695046424866,
    0.9181784987449646,
    -0.0001786380453268066
   ],
   [
    1.0258669362883666e-06,
    0.00019499962218105793,
    1.0
   ]
  ]
 },
 {
  "rotation_euler": [
   0.00020214608230162412,
   1.1673863809846807e-05,
   -2.2978429794311523
  ],
  "euler_order": "XYZ",
  "rotation_matrix": [
   [
    -0.6646659970283508,
    0.747140645980835,
    -0.00015879077545832843
   ],
   [
    -0.747140645980835,
    -0.664665937423706,
    0.0001256375981029123
   ],
   [
    -1.1673863809846807e-05,
    0.00020214608230162412,
    1.0
   ]
  ]
 },
 {
  "rotation_euler": [
   0.00019826585776172578,
   -3.3914802770595998e-06,
   1.4456661939620972
  ],
  "euler_order": "XYZ",
  "rotation_matrix": [
   [
    0.12480384856462479,
    -0.9921814203262329,
    0.00019629242888186127
   ],
   [
    0.9921814203262329,
    0.12480384856462479,
    -2.810930527630262e-05
   ],
   [
    3.3914802770595998e-06,
    0.00019826585776172578,
    1.0
   ]
  ]
 },
 {
  "rotation_euler": [
   0.00020182272419333458,
   1.1557987818378024e-05,
   -1.4734947681427002
  ],
  "euler_order": "XYZ",
  "rotation_matrix": [
   [
    0.097148098051548,
    0.9952698945999146,
    -0.00019974524911958724
   ],
   [
    -0.9952699542045593,
    0.09714809060096741,
    -3.1110012059798464e-05
   ],
   [
    -1.1557987818378024e-05,
    0.00020182272419333458,
    1.0
   ]
  ]
 },
 {
  "rotation_euler": [
   0.00019131536828354,
   7.429562629113207e-06,
   2.768704891204834
  ],
  "euler_order": "XYZ",
  "rotation_matrix": [
   [
    -0.931279182434082,
    -0.36430624127388,
    6.277838838286698e-05
   ],
   [
    0.3643062710762024,
    -0.931279182434082,
    0.00018087466014549136
   ],
   [
    -7.429562629113207e-06,
    0.00019131536828354,
    1.0
   ]
  ]
 }
]