[
 {
  "rotation_euler": [
   2.7523436546325684,
   -0.6912633180618286,
   1.2591075897216797
  ],
  "euler_order": "XYZ",
  "rotation_matrix": [
   [
    0.23626847565174103,
    0.8064234852790833,
    0.5420870780944824
   ],
   [
    0.733319103717804,
    -0.5140004754066467,
    0.4450242221355438
   ],
   [
    0.6375110149383545,
    0.2923775911331177,
    -0.7128078937530518
   ]
  ]
 },
 {
  "rotation_euler": [
   -0.6153624653816223,
   3.668095814646222e-05,
   -2.23164963722229
  ],
  "euler_order": "XYZ",
  "rotation_matrix": [
   [
    -0.61379075050354,
    0.644665002822876,
    0.45570603013038635
   ],
   [
    -0.7894687652587891,
    -0.5011828541755676,
    -0.3543371260166168
   ],
   [
    -3.668095814646222e-05,
    -0.5772545337677002,
    0.8165642619132996
   ]
  ]
 },
 {
  "rotation_euler": [
   -0.3892490565776825,
   -2.450330972671509,
   1.3543516397476196
  ],
  "euler_order": "XYZ",
  "rotation_matrix": [
   [
    -0.16545912623405457,
    -0.8516501188278198,
    -0.4973081052303314
   ],
   [
    -0.7524656653404236,
    0.43497949838638306,
    -0.4945586323738098
   ],
   [
    0.6375097632408142,
    0.2923780381679535,
    -0.7128088474273682
   ]
  ]
 },
 {
  "rotation_euler": [
   -0.3892489969730377,
   -2.450330972671509,
   -0.8507903814315796
  ],
  "euler_order": "XYZ",
  "rotation_matrix": [
   [
    -0.5080212950706482,
    0.8550893664360046,
    -0.1036171168088913
   ],
   [
    0.5792199373245239,
    0.42817896604537964,
    0.6936620473861694
   ],
   [
    0.6375097632408142,
    0.2923780083656311,
    -0.7128088474273682
   ]
  ]
 },
 {
  "rotation_euler": [
   -0.38924890756607056,
   -2.4503304958343506,
   -1.6193329095840454
  ],
  "euler_order": "XYZ",
  "rotation_matrix": [
   [
    0.03737993910908699,
    0.9123668670654297,
    0.40766334533691406
   ],
   [
    0.7695346474647522,
    -0.28653424978256226,
    0.5707140564918518
   ],
   [
    0.6375101208686829,
    0.2923778295516968,
    -0.7128086090087891
   ]
  ]
 },
 {
  "rotation_euler": [
   -0.6085434556007385,
   -0.09771603345870972,
   3.1351265907287598
  ],
  "euler_order": "XYZ",
  "rotation_matrix": [
   [
    -0.9952087998390198,
    -0.06107684597373009,
    0.07634855061769485
   ],
   [
    0.006435172166675329,
    -0.8201037645339966,
    -0.5721786022186279
   ],
   [
    0.09756059944629669,
    -0.5689458847045898,
    0.8165675401687622
   ]
  ]
 },
 {
  "rotation_euler": [
   -0.3892490863800049,
   -2.4503302574157715,
   -0.14178237318992615
  ],
  "euler_order": "XYZ",
  "rotation_matrix": [
   [
    -0.7627109885215759,
    0.3702407777309418,
    -0.5302770137786865
   ],
   [
    0.10886946320533752,
    0.8817238211631775,
    0.4590321481227875
   ],
   [
    0.6375102996826172,
    0.29237788915634155,
    -0.71280837059021
   ]
  ]
 },
 {
  "rotation_euler": [
   -0.38760578632354736,
   -2.452423095703125,
   -0.3848738968372345
  ],
  "euler_order": "XYZ",
  "rotation_matrix": [
   [
    -0.7153158187866211,
    0.5703595876693726,
    -0.4037489593029022
   ],
   [
    0.289756715297699,
    0.7678511142730713,
    0.5713542699813843
   ],
   [
    0.6358965039253235,
    0.2917097806930542,
    -0.714521586894989
   ]
  ]
 },
 {
  "rotation_euler": [
   -0.6153656244277954,
   4.292076482670382e-05,
   -0.12666061520576477
  ],
  "euler_order": "XYZ",
  "rotation_matrix": [
   [
    0.991989254951477,
    0.10312540084123611,
    0.0729551687836647
   ],
   [
    -0.12632222473621368,
    0.8100243210792542,
    0.5726284384727478
   ],
   [
    -4.292076482670382e-05,
    -0.5772570967674255,
    0.8165624141693115
   ]
  ]
 },
 {
  "rotation_euler": [
   -0.3892490267753601,
   -2.4503307342529297,
   1.2914859056472778
  ],
  "euler_order": "XYZ",
  "rotation_matrix": [
   [
    -0.21240539848804474,
    -0.8226404786109924,
    -0.5273960828781128
   ],
   [
    -0.7405842542648315,
    0.4876246452331543,
    -0.46233880519866943
   ],
   [
    0.6375099420547485,
    0.29237794876098633,
    -0.7128086686134338
   ]
  ]
 },
 {
  "rotation_euler": [
   2.7523436546325684,
   -0.6912619471549988,
   0.8719469904899597
  ],
  "euler_order": "XYZ",
  "rotation_matrix": [
   [
    0.49565407633781433,
    0.5526697635650635,
    0.6699874401092529
   ],
   [
    0.589837372303009,
    -0.7804301381111145,
    0.2074141800403595
   ],
   [
    0.6375099420547485,
    0.29237791895866394,
    -0.7128086686134338
   ]
  ]
 },
 {
  "rotation_euler": [
   2.7523436546325684,
   -0.6912619471549988,
   0.33440276980400085
  ],
  "euler_order": "XYZ",
  "rotation_matrix": [
   [
    0.7277646064758301,
    0.0751238763332367,
    0.6817001104354858
   ],
   [
    0.2528630197048187,
    -0.9533475637435913,
    -0.1648900955915451
   ],
   [
    0.6375099420547485,
    0.29237791895866394,
    -0.7128086686134338
   ]
  ]
 },
 {
  "rotation_euler": [
   -0.38924890756607056,
   -2.4503307342529297,
   -1.6204925775527954
  ],
  "euler_order": "XYZ",
  "rotation_matrix": [
   [
    0.03827232867479324,
    0.9120339751243591,
    0.4083248972892761
   ],
   [
    0.7694909572601318,
    -0.2875920236110687,
    0.5702407360076904
   ],
   [
    0.6375099420547485,
    0.29237788915634155,
    -0.7128087282180786
   ]
  ]
 },
 {
  "rotation_euler": [
   -0.6153630614280701,
   2.9480766897904687e-05,
   2.3493545055389404
  ],
  "euler_order": "XYZ",
  "rotation_matrix": [
   [
    -0.7022536993026733,
    -0.5813217759132385,
    -0.410980224609375
   ],
   [
    0.7119268178939819,
    -0.5734471082687378,
    -0.4053623378276825
   ],
   [
    -2.9480766897904687e-05,
    -0.5772550106048584,
    0.8165639042854309
   ]
  ]
 },
 {
  "rotation_euler": [
   2.7523438930511475,
   -0.6912612318992615,
   -0.7526039481163025
  ],
  "euler_order": "XYZ",
  "rotation_matrix": [
   [
    0.5623548626899719,
    -0.8089969158172607,
    0.17111682891845703
   ],
   [
    -0.526629626750946,
    -0.5099402666091919,
    -0.6801633238792419
   ],
   [
    0.6375094056129456,
    0.29237794876098633,
    -0.712809145450592
   ]
  ]
 },
 {
  "rotation_euler": [
   2.7523436546325684,
   -0.6912626028060913,
   0.5130383968353271
  ],
  "euler_order": "XYZ",
  "rotation_matrix": [
   [
    0.6712529063224792,
    0.24332579970359802,
    0.7001515030860901
   ],
   [
    0.37815338373184204,
    -0.9248285293579102,
    -0.04113668203353882
   ],
   [
    0.6375104784965515,
    0.292377769947052,
    -0.7128083109855652
   ]
  ]
 }
]