[
 {
  "rotation_euler": [
   -1.4573110342025757,
   1.1228463649749756,
   -0.1878952533006668
  ],
  "euler_order": "XYZ",
  "rotation_matrix": [
   [
    0.42549559473991394,
    -0.8586245179176331,
    0.28586265444755554
   ],
   [
    -0.08090293407440186,
    0.2785279154777527,
    0.9570145606994629
   ],
   [
    -0.9013369083404541,
    -0.43033260107040405,
    0.049047160893678665
   ]
  ]
 },
 {
  "rotation_euler": [
   -1.4573116302490234,
   1.1228446960449219,
   1.6468983888626099
  ],
  "euler_order": "XYZ",
  "rotation_matrix": [
   [
    -0.03292953222990036,
    -0.04482695087790489,
    -0.9984518885612488
   ],
   [
    0.4318665564060211,
    -0.9015558958053589,
    0.026233451440930367
   ],
   [
    -0.9013361930847168,
    -0.4303341507911682,
    0.0490470752120018
   ]
  ]
 },
 {
  "rotation_euler": [
   -1.457310438156128,
   1.1228471994400024,
   1.8063973188400269
  ],
  "euler_order": "XYZ",
  "rotation_matrix": [
   [
    -0.1011015996336937,
    0.09892939031124115,
    -0.9899451732635498
   ],
   [
    0.4211527109146118,
    -0.897233247756958,
    -0.13267597556114197
   ],
   [
    -0.9013372659683228,
    -0.430331826210022,
    0.049047332257032394
   ]
  ]
 },
 {
  "rotation_euler": [
   -1.4443076848983765,
   -1.675831526881666e-06,
   0.878117561340332
  ],
  "euler_order": "XYZ",
  "rotation_matrix": [
   [
    0.6386008858680725,
    -0.09707742184400558,
    -0.7633903622627258
   ],
   [
    0.7695381045341492,
    0.0805618166923523,
    0.6334989070892334
   ],
   [
    1.675831526881666e-06,
    -0.9920109510421753,
    0.12615162134170532
   ]
  ]
 },
 {
  "rotation_euler": [
   -1.4443113803863525,
   -2.491814711902407e-06,
   2.0618624687194824
  ],
  "euler_order": "XYZ",
  "rotation_matrix": [
   [
    -0.4715663194656372,
    -0.11124229431152344,
    -0.8747859001159668
   ],
   [
    0.881830632686615,
    -0.059484947472810745,
    -0.46779945492744446
   ],
   [
    2.491814711902407e-06,
    -0.9920114278793335,
    0.12614795565605164
   ]
  ]
 },
 {
  "rotation_euler": [
   -1.4443113803863525,
   2.5149427074211417e-06,
   -1.7349613904953003
  ],
  "euler_order": "XYZ",
  "rotation_matrix": [
   [
    -0.1634286791086197,
    0.12445232272148132,
    0.9786739349365234
   ],
   [
    -0.9865551590919495,
    -0.02061373181641102,
    -0.1621234267950058
   ],
   [
    -2.5149427074211417e-06,
    -0.9920114278793335,
    0.12614795565605164
   ]
  ]
 },
 {
  "rotation_euler": [
   -1.444312334060669,
   -5.178990249987692e-06,
   1.7630364894866943
  ],
  "euler_order": "XYZ",
  "rotation_matrix": [
   [
    -0.19105826318264008,
    -0.12382420152425766,
    -0.9737372994422913
   ],
   [
    0.9815787076950073,
    -0.02409638650715351,
    -0.18953265249729156
   ],
   [
    5.178990249987692e-06,
    -0.992011547088623,
    0.12614701688289642
   ]
  ]
 },
 {
  "rotation_euler": [
   -1.4443103075027466,
   -4.705877074684395e-07,
   2.4093308448791504
  ],
  "euler_order": "XYZ",
  "rotation_matrix": [
   [
    -0.7436641454696655,
    -0.08433769643306732,
    -0.6632124781608582
   ],
   [
    0.668553352355957,
    -0.09381218999624252,
    -0.7377232909202576
   ],
   [
    4.705877074684395e-07,
    -0.992011308670044,
    0.1261490136384964
   ]
  ]
 },
 {
  "rotation_euler": [
   -1.456345796585083,
   -1.1198108196258545,
   -1.8415042161941528
  ],
  "euler_order": "XYZ",
  "rotation_matrix": [
   [
    -0.11655294895172119,
    -0.12906064093112946,
    0.9847633242607117
   ],
   [
    -0.4199797511100769,
    -0.8921061158180237,
    -0.16662447154521942
   ],
   [
    0.9000179767608643,
    -0.43300122022628784,
    0.04977474361658096
   ]
  ]
 },
 {
  "rotation_euler": [
   -1.4443105459213257,
   -3.5510922202774964e-07,
   -1.5691337585449219
  ],
  "euler_order": "XYZ",
  "rotation_matrix": [
   [
    0.0016625674907118082,
    0.12614861130714417,
    0.9920099377632141
   ],
   [
    -0.9999986290931702,
    0.00020937858789693564,
    0.0016493306029587984
   ],
   [
    3.5510922202774964e-07,
    -0.992011308670044,
    0.1261487901210785
   ]
  ]
 },
 {
  "rotation_euler": [
   -1.4573112726211548,
   1.1228461265563965,
   -0.37149176001548767
  ],
  "euler_order": "XYZ",
  "rotation_matrix": [
   [
    0.40357449650764465,
    -0.7933440208435059,
    0.45577719807624817
   ],
   [
    -0.15722468495368958,
    0.43060290813446045,
    0.8887415528297424
   ],
   [
    -0.9013367891311646,
    -0.43033283948898315,
    0.0490470826625824
   ]
  ]
 },
 {
  "rotation_euler": [
   -1.4573115110397339,
   1.122846007347107,
   1.563704490661621
  ],
  "euler_order": "XYZ",
  "rotation_matrix": [
   [
    0.0030715831089764833,
    -0.11958949267864227,
    -0.9928186535835266
   ],
   [
    0.4331080913543701,
    -0.894713282585144,
    0.1091122105717659
   ],
   [
    -0.9013367295265198,
    -0.4303329586982727,
    0.049046993255615234
   ]
  ]
 },
 {
  "rotation_euler": [
   1.6842811107635498,
   -2.018746852874756,
   -0.5688204765319824
  ],
  "euler_order": "XYZ",
  "rotation_matrix": [
   [
    -0.36491888761520386,
    -0.8155206441879272,
    -0.4491772949695587
   ],
   [
    0.23329472541809082,
    0.38696178793907166,
    -0.8920953869819641
   ],
   [
    0.901336669921875,
    -0.43033313751220703,
    0.04904700070619583
   ]
  ]
 },
 {
  "rotation_euler": [
   -1.4573118686676025,
   1.1228471994400024,
   -1.1039761304855347
  ],
  "euler_order": "XYZ",
  "rotation_matrix": [
   [
    0.1949242800474167,
    -0.30191195011138916,
    0.9331954121589661
   ],
   [
    -0.3867759704589844,
    0.8506842255592346,
    0.3560066223144531
   ],
   [
    -0.9013372659683228,
    -0.43033191561698914,
    0.04904671758413315
   ]
  ]
 },
 {
  "rotation_euler": [
   -0.016227731481194496,
   4.1500443330733106e-05,
   -0.9860353469848633
  ],
  "euler_order": "XYZ",
  "rotation_matrix": [
   [
    0.552000105381012,
    0.8337339162826538,
    0.013553708791732788
   ],
   [
    -0.8338440656661987,
    0.5519279837608337,
    0.008922715671360493
   ],
   [
    -4.1500443330733106e-05,
    -0.01622701995074749,
    0.9998683333396912
   ]
  ]
 },
 {
  "rotation_euler": [
   -1.444310188293457,
   -3.0628464742221695e-07,
   -2.4829676151275635
  ],
  "euler_order": "XYZ",
  "rotation_matrix": [
   [
    -0.7908344864845276,
    0.07720682770013809,
    0.6071407794952393
   ],
   [
    -0.6120300889015198,
    -0.09976327419281006,
    -0.7845167517662048
   ],
   [
    3.0628464742221695e-07,
    -0.992011308670044,
    0.12614913284778595
   ]
  ]
 }
]