[
 {
  "rotation_euler": [
   0.058782193809747696,
   -1.6936702728271484,
   0.4564605951309204
  ],
  "euler_order": "XYZ",
  "rotation_matrix": [
   [
    -0.11001656204462051,
    -0.4923485517501831,
    -0.8634172081947327
   ],
   [
    -0.054023440927267075,
    0.8703683614730835,
    -0.48942863941192627
   ],
   [
    0.9924604892730713,
    -0.0072004906833171844,
    -0.12235329300165176
   ]
  ]
 },
 {
  "rotation_euler": [
   0.058782849460840225,
   -1.6936702728271484,
   0.834930419921875
  ],
  "euler_order": "XYZ",
  "rotation_matrix": [
   [
    -0.08226920664310455,
    -0.7791062593460083,
    -0.6214702129364014
   ],
   [
    -0.09085127711296082,
    0.6268505454063416,
    -0.7738245725631714
   ],
   [
    0.9924604892730713,
    -0.007200570777058601,
    -0.12235329300165176
   ]
  ]
 },
 {
  "rotation_euler": [
   0.05878228321671486,
   -1.693670392036438,
   0.040426719933748245
  ],
  "euler_order": "XYZ",
  "rotation_matrix": [
   [
    -0.12246496230363846,
    -0.09860377013683319,
    -0.9875624775886536
   ],
   [
    -0.004953555762767792,
    0.995100736618042,
    -0.09874214977025986
   ],
   [
    0.9924604892730713,
    -0.007200508378446102,
    -0.12235341221094131
   ]
  ]
 },
 {
  "rotation_euler": [
   1.0018752813339233,
   1.7937101125717163,
   -0.6902956962585449
  ],
  "euler_order": "XYZ",
  "rotation_matrix": [
   [
    -0.17045947909355164,
    0.9765703082084656,
    -0.13135460019111633
   ],
   [
    0.14077112078666687,
    -0.10780336707830429,
    -0.9841554164886475
   ],
   [
    -0.9752574563026428,
    -0.18624955415725708,
    -0.1190967857837677
   ]
  ]
 },
 {
  "rotation_euler": [
   0.05878278240561485,
   -1.6936702728271484,
   1.6164662837982178
  ],
  "euler_order": "XYZ",
  "rotation_matrix": [
   [
    0.005595591850578785,
    -0.9945700168609619,
    0.10391929000616074
   ],
   [
    -0.12243718653917313,
    -0.10382042825222015,
    -0.987031102180481
   ],
   [
    0.9924604892730713,
    -0.00720056239515543,
    -0.12235329300165176
   ]
  ]
 },
 {
  "rotation_euler": [
   0.05878236144781113,
   -1.6936702728271484,
   -2.354098320007324
  ],
  "euler_order": "XYZ",
  "rotation_matrix": [
   [
    0.08648467808961868,
    0.7485053539276123,
    0.6574649214744568
   ],
   [
    0.08684801310300827,
    -0.6630896925926208,
    0.7434847354888916
   ],
   [
    0.9924604892730713,
    -0.007200511172413826,
    -0.12235329300165176
   ]
  ]
 },
 {
  "rotation_euler": [
   0.11000228673219681,
   -0.016551142558455467,
   0.5554309487342834
  ],
  "euler_order": "XYZ",
  "rotation_matrix": [
   [
    0.8495569229125977,
    -0.5256661772727966,
    0.0439109168946743
   ],
   [
    0.5272372961044312,
    0.8435796499252319,
    -0.10195204615592957
   ],
   [
    0.01655038632452488,
    0.10976553708314896,
    0.9938197135925293
   ]
  ]
 },
 {
  "rotation_euler": [
   1.005223035812378,
   1.7937264442443848,
   -0.3239689767360687
  ],
  "euler_order": "XYZ",
  "rotation_matrix": [
   [
    -0.20958705246448517,
    0.9511494636535645,
    0.22668904066085815
   ],
   [
    0.0703793466091156,
    0.24591146409511566,
    -0.9667338132858276
   ],
   [
    -0.9752538204193115,
    -0.18666066229343414,
    -0.11848113685846329
   ]
  ]
 },
 {
  "rotation_euler": [
   -2.177119016647339,
   1.3519539833068848,
   -0.2937202751636505
  ],
  "euler_order": "XYZ",
  "rotation_matrix": [
   [
    0.20780208706855774,
    -0.9327766299247742,
    -0.2945267856121063
   ],
   [
    -0.06285366415977478,
    -0.31321021914482117,
    0.9476016163825989
   ],
   [
    -0.9761494398117065,
    -0.17840149998664856,
    -0.12371416389942169
   ]
  ]
 },
 {
  "rotation_euler": [
   0.05878331512212753,
   -1.693670392036438,
   -1.9906076192855835
  ],
  "euler_order": "XYZ",
  "rotation_matrix": [
   [
    0.04995608329772949,
    0.9353536367416382,
    0.3501684069633484
   ],
   [
    0.11192227154970169,
    -0.353640615940094,
    0.9286612272262573
   ],
   [
    0.9924604892730713,
    -0.0072006345726549625,
    -0.12235340476036072
   ]
  ]
 },
 {
  "rotation_euler": [
   0.05878220498561859,
   -1.6936702728271484,
   0.9020055532455444
  ],
  "euler_order": "XYZ",
  "rotation_matrix": [
   [
    -0.07599491626024246,
    -0.8193684816360474,
    -0.5682078003883362
   ],
   [
    -0.09616106003522873,
    0.5732219815254211,
    -0.8137380480766296
   ],
   [
    0.9924604892730713,
    -0.007200491614639759,
    -0.12235329300165176
   ]
  ]
 },
 {
  "rotation_euler": [
   -3.082810401916504,
   -1.4479223489761353,
   0.02706270106136799
  ],
  "euler_order": "XYZ",
  "rotation_matrix": [
   [
    0.12252014130353928,
    0.08529677987098694,
    0.9887938499450684
   ],
   [
    0.0033165356144309044,
    -0.9963295459747314,
    0.08553589135408401
   ],
   [
    0.9924604892730713,
    -0.007200499530881643,
    -0.12235333025455475
   ]
  ]
 },
 {
  "rotation_euler": [
   -2.0782699584960938,
   1.3409532308578491,
   0.5439552068710327
  ],
  "euler_order": "XYZ",
  "rotation_matrix": [
   [
    0.19494245946407318,
    -0.4766647517681122,
    -0.8571978807449341
   ],
   [
    0.11790486425161362,
    -0.8562386631965637,
    0.502945065498352
   ],
   [
    -0.9737021327018738,
    -0.1991131454706192,
    -0.11071617901325226
   ]
  ]
 },
 {
  "rotation_euler": [
   0.9634736180305481,
   1.7896476984024048,
   -0.5800560712814331
  ],
  "euler_order": "XYZ",
  "rotation_matrix": [
   [
    -0.18159650266170502,
    0.9832449555397034,
    0.015877792611718178
   ],
   [
    0.11899085342884064,
    0.03799842670559883,
    -0.9921679496765137
   ],
   [
    -0.976147472858429,
    -0.1782849282026291,
    -0.12389753758907318
   ]
  ]
 },
 {
  "rotation_euler": [
   0.058782029896974564,
   -1.6936702728271484,
   0.5833715200424194
  ],
  "euler_order": "XYZ",
  "rotation_matrix": [
   [
    -0.10229399055242538,
    -0.5985517501831055,
    -0.7945261001586914
   ],
   [
    -0.06751381605863571,
    0.8010517954826355,
    -0.5947754979133606
   ],
   [
    0.9924604892730713,
    -0.007200470194220543,
    -0.12235330045223236
   ]
  ]
 },
 {
  "rotation_euler": [
   0.058782413601875305,
   -1.693670392036438,
   0.44022107124328613
  ],
  "euler_order": "XYZ",
  "rotation_matrix": [
   [
    -0.11087943613529205,
    -0.47815006971359253,
    -0.8712509870529175
   ],
   [
    -0.052229829132556915,
    0.8782486319541931,
    -0.4753434360027313
   ],
   [
    0.9924604892730713,
    -0.007200524210929871,
    -0.12235341221094131
   ]
  ]
 }
]