[
 {
  "rotation_euler": [
   -0.006757154129445553,
   0.052867695689201355,
   -0.34495076537132263
  ],
  "euler_order": "XYZ",
  "rotation_matrix": [
   [
    0.9397772550582886,
    0.3378065824508667,
    0.052013978362083435
   ],
   [
    -0.33767789602279663,
    0.9411913752555847,
    -0.01150943897664547
   ],
   [
    -0.05284307152032852,
    -0.006747662089765072,
    0.9985800385475159
   ]
  ]
 },
 {
  "rotation_euler": [
   -0.006757738534361124,
   0.05285907909274101,
   2.291949987411499
  ],
  "euler_order": "XYZ",
  "rotation_matrix": [
   [
    -0.659329354763031,
    -0.750791609287262,
    -0.039958566427230835
   ],
   [
    0.7499955296516418,
    -0.6605046391487122,
    0.03521835803985596
   ],
   [
    -0.052834466099739075,
    -0.006748248357325792,
    0.9985804557800293
   ]
  ]
 },
 {
  "rotation_euler": [
   0.6156205534934998,
   1.6170097589492798,
   1.0009970664978027
  ],
  "euler_order": "XYZ",
  "rotation_matrix": [
   [
    -0.024921566247940063,
    -0.37624067068099976,
    0.926186740398407
   ],
   [
    -0.0388982892036438,
    0.9261378645896912,
    0.3751741349697113
   ],
   [
    -0.9989323616027832,
    -0.026677154004573822,
    -0.03771592304110527
   ]
  ]
 },
 {
  "rotation_euler": [
   -0.006757158320397139,
   0.05285819247364998,
   0.7288353443145752
  ],
  "euler_order": "XYZ",
  "rotation_matrix": [
   [
    0.7449087500572205,
    -0.6662524342536926,
    0.03491009771823883
   ],
   [
    0.6650711297988892,
    0.7456957697868347,
    0.04022689908742905
   ],
   [
    -0.05283358320593834,
    -0.006747669540345669,
    0.9985805153846741
   ]
  ]
 },
 {
  "rotation_euler": [
   -0.006758122704923153,
   0.052868977189064026,
   -2.4457778930664062
  ],
  "euler_order": "XYZ",
  "rotation_matrix": [
   [
    -0.7664592862129211,
    0.6412704586982727,
    -0.0362267903983593
   ],
   [
    -0.6401153802871704,
    -0.7672852277755737,
    -0.0390600711107254
   ],
   [
    -0.05284435302019119,
    -0.006748628802597523,
    0.9985799789428711
   ]
  ]
 },
 {
  "rotation_euler": [
   -0.0067607564851641655,
   0.05285923555493355,
   2.410714626312256
  ],
  "euler_order": "XYZ",
  "rotation_matrix": [
   [
    -0.743548572063446,
    -0.6672424674034119,
    -0.04385208711028099
   ],
   [
    0.6665912866592407,
    -0.7448099851608276,
    0.030233612284064293
   ],
   [
    -0.05283462256193161,
    -0.006751262117177248,
    0.9985804557800293
   ]
  ]
 },
 {
  "rotation_euler": [
   0.6154674887657166,
   1.6170049905776978,
   -1.1512378454208374
  ],
  "euler_order": "XYZ",
  "rotation_matrix": [
   [
    -0.018816737458109856,
    0.9806200861930847,
    -0.19501326978206635
   ],
   [
    0.04218591749668121,
    -0.1940954178571701,
    -0.9800751805305481
   ],
   [
    -0.9989325404167175,
    -0.02666863054037094,
    -0.03771611675620079
   ]
  ]
 },
 {
  "rotation_euler": [
   -0.0067569417878985405,
   0.05287522077560425,
   2.176680088043213
  ],
  "euler_order": "XYZ",
  "rotation_matrix": [
   [
    -0.5686928629875183,
    -0.8217769861221313,
    -0.03565128520131111
   ],
   [
    0.8208503127098083,
    -0.5697692632675171,
    0.039594169706106186
   ],
   [
    -0.05285058543086052,
    -0.006747446954250336,
    0.9985796213150024
   ]
  ]
 },
 {
  "rotation_euler": [
   -0.006756976246833801,
   0.052874453365802765,
   -2.7453362941741943
  ],
  "euler_order": "XYZ",
  "rotation_matrix": [
   [
    -0.9212231636047363,
    0.3862881064414978,
    -0.046145547181367874
   ],
   [
    -0.3854281008243561,
    -0.9223535060882568,
    -0.026631193235516548
   ],
   [
    -0.052849821746349335,
    -0.006747481878846884,
    0.9985796809196472
   ]
  ]
 },
 {
  "rotation_euler": [
   -0.006757455877959728,
   0.052868153899908066,
   -0.6818844676017761
  ],
  "euler_order": "XYZ",
  "rotation_matrix": [
   [
    0.7753016352653503,
    0.629965603351593,
    0.04528496414422989
   ],
   [
    -0.6293766498565674,
    0.7765937447547913,
    -0.028057897463440895
   ],
   [
    -0.05284352973103523,
    -0.006747962906956673,
    0.9985799789428711
   ]
  ]
 },
 {
  "rotation_euler": [
   0.6369897127151489,
   1.6161456108093262,
   2.034487247467041
  ],
  "euler_order": "XYZ",
  "rotation_matrix": [
   [
    0.020275622606277466,
    -0.9847478270530701,
    0.17280231416225433
   ],
   [
    -0.040546853095293045,
    0.17188574373722076,
    0.9842820763587952
   ],
   [
    -0.9989718794822693,
    -0.026963520795106888,
    -0.03644333407282829
   ]
  ]
 },
 {
  "rotation_euler": [
   -0.006756901275366545,
   0.05287626385688782,
   -2.6427271366119385
  ],
  "euler_order": "XYZ",
  "rotation_matrix": [
   [
    -0.8768985867500305,
    0.47873228788375854,
    -0.043176647275686264
   ],
   [
    -0.4777609705924988,
    -0.877934992313385,
    -0.031218571588397026
   ],
   [
    -0.05285162851214409,
    -0.00674740644171834,
    0.9985795617103577
   ]
  ]
 },
 {
  "rotation_euler": [
   -0.0067565166391432285,
   0.05288105085492134,
   -1.8443397283554077
  ],
  "euler_order": "XYZ",
  "rotation_matrix": [
   [
    -0.269767165184021,
    0.9628942012786865,
    -0.007773299235850573
   ],
   [
    -0.961473822593689,
    -0.269794762134552,
    -0.052715253084897995
   ],
   [
    -0.052856408059597015,
    -0.006747020408511162,
    0.9985793232917786
   ]
  ]
 },
 {
  "rotation_euler": [
   -0.006756901741027832,
   0.052881427109241486,
   1.7314120531082153
  ],
  "euler_order": "XYZ",
  "rotation_matrix": [
   [
    -0.15970247983932495,
    -0.9870493412017822,
    -0.01512286625802517
   ],
   [
    0.9857490658760071,
    -0.160274937748909,
    0.05109467729926109
   ],
   [
    -0.05285678431391716,
    -0.006747405044734478,
    0.9985793232917786
   ]
  ]
 },
 {
  "rotation_euler": [
   -0.006756418850272894,
   0.0528813973069191,
   -1.7527238130569458
  ],
  "euler_order": "XYZ",
  "rotation_matrix": [
   [
    -0.18067267537117004,
    0.9835389256477356,
    -0.0029180552810430527
   ],
   [
    -0.9821219444274902,
    -0.18057022988796234,
    -0.05320566147565842
   ],
   [
    -0.05285675451159477,
    -0.006746922619640827,
    0.9985793232917786
   ]
  ]
 },
 {
  "rotation_euler": [
   0.6154057383537292,
   1.6170096397399902,
   1.2633417844772339
  ],
  "euler_order": "XYZ",
  "rotation_matrix": [
   [
    -0.013980720192193985,
    -0.6037285923957825,
    0.7970673441886902
   ],
   [
    -0.044030554592609406,
    0.7967437505722046,
    0.6027111411094666
   ],
   [
    -0.9989323616027832,
    -0.026668982580304146,
    -0.037721555680036545
   ]
  ]
 }
]