[
 {
  "rotation_euler": [
   -0.039148200303316116,
   0.030661169439554214,
   1.0754778385162354
  ],
  "euler_order": "XYZ",
  "rotation_matrix": [
   [
    0.4750884771347046,
    -0.8797135353088379,
    -0.019874298945069313
   ],
   [
    0.879403829574585,
    0.47389206290245056,
    0.04555419087409973
   ],
   [
    -0.030656365677714348,
    -0.03911980614066124,
    0.998764157295227
   ]
  ]
 },
 {
  "rotation_euler": [
   -1.9850195087656175e-07,
   1.728999995975755e-05,
   -2.071279287338257
  ],
  "euler_order": "XYZ",
  "rotation_matrix": [
   [
    -0.47984930872917175,
    0.877350926399231,
    -8.122438885038719e-06
   ],
   [
    -0.877350926399231,
    -0.47984930872917175,
    -1.526464802736882e-05
   ],
   [
    -1.728999995975755e-05,
    -1.9850195087656175e-07,
    1.0
   ]
  ]
 },
 {
  "rotation_euler": [
   0.034643061459064484,
   -0.03879321739077568,
   3.1155200004577637
  ],
  "euler_order": "XYZ",
  "rotation_matrix": [
   [
    -0.9989080429077148,
    -0.024711202830076218,
    0.039649996906518936
   ],
   [
    0.026050085201859474,
    -0.9990953207015991,
    0.0336138941347599
   ],
   [
    0.0387834869325161,
    0.0346100740134716,
    0.9986481070518494
   ]
  ]
 },
 {
  "rotation_euler": [
   0.5900723338127136,
   -2.3293604850769043,
   -1.414717674255371
  ],
  "euler_order": "XYZ",
  "rotation_matrix": [
   [
    -0.10692800581455231,
    0.7580214142799377,
    -0.6434049606323242
   ],
   [
    0.6795184016227722,
    0.5281147956848145,
    0.5092636942863464
   ],
   [
    0.7258244156837463,
    -0.3827509582042694,
    -0.5715597867965698
   ]
  ]
 },
 {
  "rotation_euler": [
   0.0004061804211232811,
   -0.00025409829686395824,
   -2.4517710208892822
  ],
  "euler_order": "XYZ",
  "rotation_matrix": [
   [
    -0.7713595032691956,
    0.6363996267318726,
    -6.249192665563896e-05
   ],
   [
    -0.6363995671272278,
    -0.771359384059906,
    0.00047501918743364513
   ],
   [
    0.00025409829686395824,
    0.00040618039201945066,
    0.9999998807907104
   ]
  ]
 },
 {
  "rotation_euler": [
   4.317953789723106e-05,
   -4.141616045671981e-06,
   -3.1110785007476807
  ],
  "euler_order": "XYZ",
  "rotation_matrix": [
   [
    -0.9995344877243042,
    0.03050941787660122,
    2.822305532390601e-06
   ],
   [
    -0.03050941787660122,
    -0.9995344877243042,
    4.328579598222859e-05
   ],
   [
    4.141616045671981e-06,
    4.317953789723106e-05,
    1.0
   ]
  ]
 },
 {
  "rotation_euler": [
   0.13628005981445312,
   -0.0683927834033966,
   2.988821029663086
  ],
  "euler_order": "XYZ",
  "rotation_matrix": [
   [
    -0.9860424399375916,
    -0.14159072935581207,
    0.0875919833779335
   ],
   [
    0.1518222838640213,
    -0.9806022047996521,
    0.12397293746471405
   ],
   [
    0.06833947449922562,
    0.13554099202156067,
    0.9884120225906372
   ]
  ]
 },
 {
  "rotation_euler": [
   0.026520367711782455,
   -0.01465853676199913,
   2.1243581771850586
  ],
  "euler_order": "XYZ",
  "rotation_matrix": [
   [
    -0.5256639719009399,
    -0.850153923034668,
    0.03026041015982628
   ],
   [
    0.8505659699440002,
    -0.5258662700653076,
    0.0014761046040803194
   ],
   [
    0.014658011496067047,
    0.026514410972595215,
    0.9995409846305847
   ]
  ]
 },
 {
  "rotation_euler": [
   0.12570971250534058,
   -0.035450950264930725,
   1.907102108001709
  ],
  "euler_order": "XYZ",
  "rotation_matrix": [
   [
    -0.3297947347164154,
    -0.9350647330284119,
    0.1299593150615692
   ],
   [
    0.9433870911598206,
    -0.33159294724464417,
    0.008181323297321796
   ],
   [
    0.03544352576136589,
    0.1253000944852829,
    0.991485595703125
   ]
  ]
 },
 {
  "rotation_euler": [
   -0.16177743673324585,
   0.01573529839515686,
   -2.7263662815093994
  ],
  "euler_order": "XYZ",
  "rotation_matrix": [
   [
    -0.9149117469787598,
    0.4004487991333008,
    0.05076665058732033
   ],
   [
    -0.4033471345901489,
    -0.9020547270774841,
    -0.1536499708890915
   ],
   [
    -0.01573464833199978,
    -0.16105274856090546,
    0.9868203401565552
   ]
  ]
 },
 {
  "rotation_euler": [
   -0.03559169918298721,
   -0.022922826930880547,
   -1.5943857431411743
  ],
  "euler_order": "XYZ",
  "rotation_matrix": [
   [
    -0.02358103170990944,
    0.9990693926811218,
    0.03611458092927933
   ],
   [
    -0.9994591474533081,
    -0.024387681856751442,
    0.02206059731543064
   ],
   [
    0.022920818999409676,
    -0.035574838519096375,
    0.9991041421890259
   ]
  ]
 },
 {
  "rotation_euler": [
   -0.00332057592459023,
   -0.001128953299485147,
   -1.9002655744552612
  ],
  "euler_order": "XYZ",
  "rotation_matrix": [
   [
    -0.32354065775871277,
    0.9462077617645264,
    0.0035072306636720896
   ],
   [
    -0.9462136030197144,
    -0.32354262471199036,
    -6.1145210565882735e-06
   ],
   [
    0.0011289530666545033,
    -0.003320567775517702,
    0.9999938607215881
   ]
  ]
 },
 {
  "rotation_euler": [
   0.002321532927453518,
   0.012313459999859333,
   0.517122209072113
  ],
  "euler_order": "XYZ",
  "rotation_matrix": [
   [
    0.8691796064376831,
    -0.4943545162677765,
    0.011850840412080288
   ],
   [
    0.49434319138526917,
    0.8692572712898254,
    0.004069386050105095
   ],
   [
    -0.012313148938119411,
    0.0023213548120111227,
    0.9999215006828308
   ]
  ]
 },
 {
  "rotation_euler": [
   -0.008540622889995575,
   0.00890311412513256,
   2.0976600646972656
  ],
  "euler_order": "XYZ",
  "rotation_matrix": [
   [
    -0.5028049349784851,
    -0.8643185496330261,
    -0.011858809739351273
   ],
   [
    0.8643540740013123,
    -0.5028722286224365,
    0.0034009800292551517
   ],
   [
    -0.00890299677848816,
    -0.008540180511772633,
    0.9999238848686218
   ]
  ]
 },
 {
  "rotation_euler": [
   0.14367257058620453,
   -0.06793736666440964,
   2.7210562229156494
  ],
  "euler_order": "XYZ",
  "rotation_matrix": [
   [
    -0.910764217376709,
    -0.3951711058616638,
    0.11978457868099213
   ],
   [
    0.407308429479599,
    -0.9074326753616333,
    0.10327507555484772
   ],
   [
    0.06788511574268341,
    0.14284850656986237,
    0.987413763999939
   ]
  ]
 },
 {
  "rotation_euler": [
   0.026403026655316353,
   -0.0013024832587689161,
   -3.0831079483032227
  ],
  "euler_order": "XYZ",
  "rotation_matrix": [
   [
    -0.9982894062995911,
    0.058465324342250824,
    -0.00024331099120900035
   ],
   [
    -0.058451320976018906,
    -0.9979403018951416,
    0.026430927217006683
   ],
   [
    0.0013024829095229506,
    0.02639993652701378,
    0.9996505975723267
   ]
  ]
 }
]