[
 {
  "rotation_euler": [
   1.5688074827194214,
   -0.013628491200506687,
   0.9524731636047363
  ],
  "euler_order": "XYZ",
  "rotation_matrix": [
   [
    0.5796157717704773,
    -0.009520373307168484,
    0.8148342967033386
   ],
   [
    0.8147759437561035,
    -0.009951960295438766,
    -0.5796905159950256
   ],
   [
    0.013628069311380386,
    0.9999051690101624,
    0.001988657983019948
   ]
  ]
 },
 {
  "rotation_euler": [
   1.5688072443008423,
   -0.013626152649521828,
   -0.6439985632896423
  ],
  "euler_order": "XYZ",
  "rotation_matrix": [
   [
    0.7996271848678589,
    -0.009702255018055439,
    -0.6004183888435364
   ],
   [
    -0.6003421545028687,
    0.009771514683961868,
    -0.7996835708618164
   ],
   [
    0.013625730760395527,
    0.9999051690101624,
    0.0019888966344296932
   ]
  ]
 },
 {
  "rotation_euler": [
   1.568807601928711,
   -0.013627996668219566,
   1.0717564821243286
  ],
  "euler_order": "XYZ",
  "rotation_matrix": [
   [
    0.47853827476501465,
    -0.008268092758953571,
    0.8780277967453003
   ],
   [
    0.8779609203338623,
    -0.011013797484338284,
    -0.4786055386066437
   ],
   [
    0.013627574779093266,
    0.9999051690101624,
    0.0019885387737303972
   ]
  ]
 },
 {
  "rotation_euler": [
   1.5688056945800781,
   -0.013625683262944221,
   2.7473719120025635
  ],
  "euler_order": "XYZ",
  "rotation_matrix": [
   [
    -0.9232104420661926,
    0.011815547943115234,
    0.3841131031513214
   ],
   [
    0.38405317068099976,
    -0.007071242202073336,
    0.9232838749885559
   ],
   [
    0.01362526137381792,
    0.9999051690101624,
    0.0019904461223632097
   ]
  ]
 },
 {
  "rotation_euler": [
   -1.5698260068893433,
   0.013620306737720966,
   0.07242042571306229
  ],
  "euler_order": "XYZ",
  "rotation_matrix": [
   [
    0.9972862601280212,
    -0.01365438848733902,
    -0.07234392315149307
   ],
   [
    0.07235042750835419,
    -1.7719143215799704e-05,
    0.9973793029785156
   ],
   [
    -0.01361988577991724,
    -0.9999067783355713,
    0.0009702297393232584
   ]
  ]
 },
 {
  "rotation_euler": [
   -1.5698251724243164,
   0.01351697463542223,
   0.40096622705459595
  ],
  "euler_order": "XYZ",
  "rotation_matrix": [
   [
    0.920600175857544,
    -0.012823530472815037,
    -0.3902958333492279
   ],
   [
    0.39027246832847595,
    -0.004381495527923107,
    0.9206889867782593
   ],
   [
    -0.01351656299084425,
    -0.9999081492424011,
    0.000971065484918654
   ]
  ]
 },
 {
  "rotation_euler": [
   1.5688072443008423,
   -0.0136262821033597,
   0.6767513155937195
  ],
  "euler_order": "XYZ",
  "rotation_matrix": [
   [
    0.7795389890670776,
    -0.011868543922901154,
    0.6262412667274475
   ],
   [
    0.6262055039405823,
    -0.006982653401792049,
    -0.7796267867088318
   ],
   [
    0.013625860214233398,
    0.9999051690101624,
    0.0019888966344296932
   ]
  ]
 },
 {
  "rotation_euler": [
   -1.5698344707489014,
   0.013710674829781055,
   -1.091604471206665
  ],
  "euler_order": "XYZ",
  "rotation_matrix": [
   [
    0.4610188603401184,
    -0.005467752926051617,
    0.8873735070228577
   ],
   [
    -0.8872843980789185,
    0.01260950043797493,
    0.4610503017902374
   ],
   [
    -0.013710245490074158,
    -0.999905526638031,
    0.0009617654723115265
   ]
  ]
 },
 {
  "rotation_euler": [
   1.5688073635101318,
   -0.013627258129417896,
   1.481095314025879
  ],
  "euler_order": "XYZ",
  "rotation_matrix": [
   [
    0.08957245200872421,
    -0.0032016655895859003,
    0.995975136756897
   ],
   [
    0.9958871006965637,
    -0.01339385099709034,
    -0.08960758149623871
   ],
   [
    0.013626836240291595,
    0.9999051690101624,
    0.001988777192309499
   ]
  ]
 },
 {
  "rotation_euler": [
   1.5688073635101318,
   -0.0136272506788373,
   -0.32079529762268066
  ],
  "euler_order": "XYZ",
  "rotation_matrix": [
   [
    0.9488968253135681,
    -0.01230446808040142,
    -0.31534647941589355
   ],
   [
    -0.3152921199798584,
    0.006184317171573639,
    -0.9489745497703552
   ],
   [
    0.013626828789710999,
    0.9999051690101624,
    0.001988777192309499
   ]
  ]
 },
 {
  "rotation_euler": [
   1.5688062906265259,
   -0.013610742054879665,
   -2.5629777908325195
  ],
  "euler_order": "XYZ",
  "rotation_matrix": [
   [
    -0.8371433615684509,
    0.012483104132115841,
    -0.546841025352478
   ],
   [
    -0.5468141436576843,
    0.00577689241617918,
    0.8372340798377991
   ],
   [
    0.013610322028398514,
    0.9999054074287415,
    0.001989850541576743
   ]
  ]
 },
 {
  "rotation_euler": [
   -1.5698246955871582,
   0.013625308871269226,
   -1.1403696537017822
  ],
  "euler_order": "XYZ",
  "rotation_matrix": [
   [
    0.417219877243042,
    -0.004802091978490353,
    0.9087929129600525
   ],
   [
    -0.9087034463882446,
    0.012787546962499619,
    0.41724637150764465
   ],
   [
    -0.013624886982142925,
    -0.9999067187309265,
    0.0009715408668853343
   ]
  ]
 },
 {
  "rotation_euler": [
   1.568800449371338,
   -0.013627559877932072,
   2.3228766918182373
  ],
  "euler_order": "XYZ",
  "rotation_matrix": [
   [
    -0.6830960512161255,
    0.007851962931454182,
    0.7302863597869873
   ],
   [
    0.7302014231681824,
    -0.01131496112793684,
    0.6831382513046265
   ],
   [
    0.013627137988805771,
    0.9999051690101624,
    0.001995690865442157
   ]
  ]
 },
 {
  "rotation_euler": [
   1.568807601928711,
   -0.013629023917019367,
   1.0091257095336914
  ],
  "euler_order": "XYZ",
  "rotation_matrix": [
   [
    0.5325514078140259,
    -0.008941779844462872,
    0.8463504314422607
   ],
   [
    0.8462879061698914,
    -0.010475574061274529,
    -0.532622754573822
   ],
   [
    0.013628602027893066,
    0.9999051690101624,
    0.0019885387737303972
   ]
  ]
 },
 {
  "rotation_euler": [
   -1.5698261260986328,
   0.013611161150038242,
   2.066524028778076
  ],
  "euler_order": "XYZ",
  "rotation_matrix": [
   [
    -0.4756278097629547,
    0.005620833020657301,
    -0.8796286582946777
   ],
   [
    0.8795413374900818,
    -0.012433809228241444,
    -0.4756600558757782
   ],
   [
    -0.01361074112355709,
    -0.9999068975448608,
    0.0009701106464490294
   ]
  ]
 },
 {
  "rotation_euler": [
   1.568804144859314,
   -0.013832209631800652,
   -0.3163674771785736
  ],
  "euler_order": "XYZ",
  "rotation_matrix": [
   [
    0.9502809047698975,
    -0.012525497004389763,
    -0.3111419379711151
   ],
   [
    -0.31108662486076355,
    0.006196593400090933,
    -0.9503613710403442
   ],
   [
    0.013831768184900284,
    0.9999023675918579,
    0.0019919900223612785
   ]
  ]
 }
]