[
 {
  "rotation_euler": [
   -1.0092320442199707,
   0.5205946564674377,
   2.886435031890869
  ],
  "euler_order": "XYZ",
  "rotation_matrix": [
   [
    -0.8394361734390259,
    0.2729721963405609,
    -0.4699287712574005
   ],
   [
    0.21896114945411682,
    -0.6215314865112305,
    -0.7521666288375854
   ],
   [
    -0.4973961114883423,
    -0.7342920303344727,
    0.46196573972702026
   ]
  ]
 },
 {
  "rotation_euler": [
   -1.009231686592102,
   0.5205954313278198,
   -0.031881146132946014
  ],
  "euler_order": "XYZ",
  "rotation_matrix": [
   [
    0.8670822978019714,
    -0.4038199186325073,
    0.2917151153087616
   ],
   [
    -0.02765294723212719,
    0.5456605553627014,
    0.8375499248504639
   ],
   [
    -0.4973967671394348,
    -0.7342915534973145,
    0.46196579933166504
   ]
  ]
 },
 {
  "rotation_euler": [
   -1.0092312097549438,
   0.5205961465835571,
   0.7436895966529846
  ],
  "euler_order": "XYZ",
  "rotation_matrix": [
   [
    0.6384757161140442,
    -0.6703665852546692,
    -0.3780971169471741
   ],
   [
    0.5873198509216309,
    0.1068895161151886,
    0.8022655248641968
   ],
   [
    -0.49739739298820496,
    -0.7342910170555115,
    0.461965948343277
   ]
  ]
 },
 {
  "rotation_euler": [
   -1.0092315673828125,
   0.5205961465835571,
   0.4726715087890625
  ],
  "euler_order": "XYZ",
  "rotation_matrix": [
   [
    0.7724034786224365,
    -0.6172817349433899,
    -0.14951984584331512
   ],
   [
    0.3949540853500366,
    0.28245311975479126,
    0.8742033839225769
   ],
   [
    -0.49739739298820496,
    -0.7342911958694458,
    0.4619657099246979
   ]
  ]
 },
 {
  "rotation_euler": [
   -0.6956039667129517,
   0.8288885354995728,
   -1.8683561086654663
  ],
  "euler_order": "XYZ",
  "rotation_matrix": [
   [
    -0.19810588657855988,
    0.8724399209022522,
    0.4467690885066986
   ],
   [
    -0.646001935005188,
    0.22659029066562653,
    -0.7289295792579651
   ],
   [
    -0.7371808290481567,
    -0.4330189526081085,
    0.5187090039253235
   ]
  ]
 },
 {
  "rotation_euler": [
   -1.0092322826385498,
   0.520595371723175,
   1.03786301612854
  ],
  "euler_order": "XYZ",
  "rotation_matrix": [
   [
    0.44075560569763184,
    -0.6725606322288513,
    -0.5944717526435852
   ],
   [
    0.7472155094146729,
    -0.09207448363304138,
    0.6581726670265198
   ],
   [
    -0.4973967373371124,
    -0.7342918515205383,
    0.4619653820991516
   ]
  ]
 },
 {
  "rotation_euler": [
   -1.0092315673828125,
   0.5205950736999512,
   1.4479539394378662
  ],
  "euler_order": "XYZ",
  "rotation_matrix": [
   [
    0.10630081593990326,
    -0.5800861120223999,
    -0.8075891733169556
   ],
   [
    0.8609859943389893,
    -0.3525846302509308,
    0.3665885925292969
   ],
   [
    -0.49739646911621094,
    -0.7342916131019592,
    0.46196597814559937
   ]
  ]
 },
 {
  "rotation_euler": [
   -0.9149166941642761,
   -0.40067723393440247,
   -0.1317213475704193
  ],
  "euler_order": "XYZ",
  "rotation_matrix": [
   [
    0.9128204584121704,
    0.386534184217453,
    -0.13171999156475067
   ],
   [
    -0.12093819677829742,
    0.5639744400978088,
    0.8168884515762329
   ],
   [
    0.3900420367717743,
    -0.7297425270080566,
    0.5615541338920593
   ]
  ]
 },
 {
  "rotation_euler": [
   -1.0092322826385498,
   0.5205956101417542,
   -1.6926039457321167
  ],
  "euler_order": "XYZ",
  "rotation_matrix": [
   [
    -0.10540980845689774,
    0.5797204375267029,
    0.8079684376716614
   ],
   [
    -0.8610952496528625,
    0.35318535566329956,
    -0.3657526969909668
   ],
   [
    -0.49739694595336914,
    -0.7342917323112488,
    0.46196532249450684
   ]
  ]
 },
 {
  "rotation_euler": [
   -1.0092300176620483,
   0.5205962657928467,
   1.7981501817703247
  ],
  "euler_order": "XYZ",
  "rotation_matrix": [
   [
    -0.19553986191749573,
    -0.4239136874675751,
    -0.8843423128128052
   ],
   [
    0.8451981544494629,
    -0.5302025675773621,
    0.06727056950330734
   ],
   [
    -0.4973975121974945,
    -0.7342904210090637,
    0.4619668126106262
   ]
  ]
 },
 {
  "rotation_euler": [
   -1.0092312097549438,
   0.5206161737442017,
   2.821821928024292
  ],
  "euler_order": "XYZ",
  "rotation_matrix": [
   [
    -0.8235364556312561,
    0.2322860062122345,
    -0.5175238251686096
   ],
   [
    0.2727017104625702,
    -0.637865424156189,
    -0.7202509641647339
   ],
   [
    -0.497414767742157,
    -0.7342825531959534,
    0.46196064352989197
   ]
  ]
 },
 {
  "rotation_euler": [
   -0.11324460804462433,
   -0.3634262681007385,
   -1.5607985258102417
  ],
  "euler_order": "XYZ",
  "rotation_matrix": [
   [
    0.009344632737338543,
    0.9939466118812561,
    0.10946588218212128
   ],
   [
    -0.9346376061439514,
    -0.03023446537554264,
    0.3543139398097992
   ],
   [
    0.35547879338264465,
    -0.10562186688184738,
    0.928697407245636
   ]
  ]
 },
 {
  "rotation_euler": [
   -0.08925943076610565,
   -0.9952514171600342,
   -0.33235278725624084
  ],
  "euler_order": "XYZ",
  "rotation_matrix": [
   [
    0.5145068764686584,
    0.39565691351890564,
    -0.7607485055923462
   ],
   [
    -0.17758503556251526,
    0.9171158671379089,
    0.3568781316280365
   ],
   [
    0.838895857334137,
    -0.04851870611310005,
    0.5421251654624939
   ]
  ]
 },
 {
  "rotation_euler": [
   -0.19404080510139465,
   -0.010228948667645454,
   -1.516790509223938
  ],
  "euler_order": "XYZ",
  "rotation_matrix": [
   [
    0.053976744413375854,
    0.9799089431762695,
    0.19200251996517181
   ],
   [
    -0.9984897971153259,
    0.0509970486164093,
    0.020430808886885643
   ],
   [
    0.010228769853711128,
    -0.19281534850597382,
    0.9811817407608032
   ]
  ]
 },
 {
  "rotation_euler": [
   0.44671911001205444,
   -0.8982775211334229,
   -0.07614518702030182
  ],
  "euler_order": "XYZ",
  "rotation_matrix": [
   [
    0.6211531758308411,
    -0.26835525035858154,
    -0.7363111972808838
   ],
   [
    -0.047389451414346695,
    0.9249637722969055,
    -0.3770892024040222
   ],
   [
    0.7822550535202026,
    0.26912355422973633,
    0.5618270039558411
   ]
  ]
 },
 {
  "rotation_euler": [
   -1.0092315673828125,
   0.5205954313278198,
   0.8724856376647949
  ],
  "euler_order": "XYZ",
  "rotation_matrix": [
   [
    0.5577520728111267,
    -0.6785424947738647,
    -0.47800907492637634
   ],
   [
    0.6644614934921265,
    0.019902260974049568,
    0.7470574378967285
   ],
   [
    -0.4973967671394348,
    -0.7342914938926697,
    0.4619658887386322
   ]
  ]
 }
]