[
 {
  "rotation_euler": [
   -2.2357129125794017e-07,
   -7.200940288498714e-09,
   0.33970633149147034
  ],
  "euler_order": "XYZ",
  "rotation_matrix": [
   [
    0.9428525567054749,
    -0.3332102298736572,
    -8.1285662645314e-08
   ],
   [
    0.3332102298736572,
    0.9428525567054749,
    2.0839533476646466e-07
   ],
   [
    7.200940288498714e-09,
    -2.2357129125794017e-07,
    1.0
   ]
  ]
 },
 {
  "rotation_euler": [
   -4.318163604466463e-10,
   1.0049419629787337e-10,
   0.5377920269966125
  ],
  "euler_order": "XYZ",
  "rotation_matrix": [
   [
    0.8588417768478394,
    -0.5122409462928772,
    -1.3488540839823315e-10
   ],
   [
    0.5122409462928772,
    0.8588417768478394,
    4.2233916364153856e-10
   ],
   [
    -1.0049419629787337e-10,
    -4.318163604466463e-10,
    1.0
   ]
  ]
 },
 {
  "rotation_euler": [
   6.222756354645753e-08,
   -2.464442161453917e-07,
   -2.3301305770874023
  ],
  "euler_order": "XYZ",
  "rotation_matrix": [
   [
    -0.6884387135505676,
    0.7252944707870483,
    1.245284408923908e-07
   ],
   [
    -0.7252944707870483,
    -0.6884387135505676,
    2.215845000819172e-07
   ],
   [
    2.464442161453917e-07,
    6.222756354645753e-08,
    1.0
   ]
  ]
 },
 {
  "rotation_euler": [
   -1.6950759018641293e-08,
   -9.379300003331537e-09,
   -0.7443987727165222
  ],
  "euler_order": "XYZ",
  "rotation_matrix": [
   [
    0.735495388507843,
    0.6775297522544861,
    4.586211410639862e-09
   ],
   [
    -0.6775297522544861,
    0.735495388507843,
    1.88219591024108e-08
   ],
   [
    9.379300003331537e-09,
    -1.6950759018641293e-08,
    1.0
   ]
  ]
 },
 {
  "rotation_euler": [
   1.0714269471634452e-09,
   -1.0301803160528422e-10,
   0.27649596333503723
  ],
  "euler_order": "XYZ",
  "rotation_matrix": [
   [
    0.9620178937911987,
    -0.27298638224601746,
    1.9337978440781e-10
   ],
   [
    0.27298638224601746,
    0.9620178937911987,
    -1.0588544485656826e-09
   ],
   [
    1.0301803160528422e-10,
    1.0714269471634452e-09,
    1.0
   ]
  ]
 },
 {
  "rotation_euler": [
   4.5887216401752084e-05,
   2.147213126590941e-05,
   1.3393845558166504
  ],
  "euler_order": "XYZ",
  "rotation_matrix": [
   [
    0.22935189306735992,
    -0.973343551158905,
    4.958869976690039e-05
   ],
   [
    0.973343551158905,
    0.22935189306735992,
    1.037544097926002e-05
   ],
   [
    -2.147213126590941e-05,
    4.5887216401752084e-05,
    1.0
   ]
  ]
 },
 {
  "rotation_euler": [
   5.634644253404986e-07,
   -5.935781643984228e-08,
   0.1671755164861679
  ],
  "euler_order": "XYZ",
  "rotation_matrix": [
   [
    0.9860587120056152,
    -0.16639791429042816,
    3.5229010819648465e-08
   ],
   [
    0.16639791429042816,
    0.9860587120056152,
    -5.654860046888643e-07
   ],
   [
    5.935781643984228e-08,
    5.634644253404986e-07,
    1.0
   ]
  ]
 },
 {
  "rotation_euler": [
   1.5872489100843268e-08,
   -9.92802728916331e-10,
   -0.4531468152999878
  ],
  "euler_order": "XYZ",
  "rotation_matrix": [
   [
    0.8990738987922668,
    0.4377969205379486,
    -7.841530091923232e-09
   ],
   [
    -0.4377969205379486,
    0.8990738987922668,
    -1.3835894208114041e-08
   ],
   [
    9.92802728916331e-10,
    1.5872489100843268e-08,
    1.0
   ]
  ]
 },
 {
  "rotation_euler": [
   4.675333897807832e-09,
   4.537192843656612e-10,
   1.1367673873901367
  ],
  "euler_order": "XYZ",
  "rotation_matrix": [
   [
    0.4205295741558075,
    -0.907278835773468,
    4.432633815554254e-09
   ],
   [
    0.907278835773468,
    0.4205295741558075,
    -1.5544663334310371e-09
   ],
   [
    -4.537192843656612e-10,
    4.675333897807832e-09,
    1.0
   ]
  ]
 },
 {
  "rotation_euler": [
   -1.071145675268781e-06,
   5.962998983477519e-08,
   -0.5351092219352722
  ],
  "euler_order": "XYZ",
  "rotation_matrix": [
   [
    0.8602129220962524,
    0.5099350214004517,
    5.975091426080326e-07
   ],
   [
    -0.5099350214004517,
    0.8602129220962524,
    8.910059250410995e-07
   ],
   [
    -5.962998983477519e-08,
    -1.071145675268781e-06,
    1.0
   ]
  ]
 },
 {
  "rotation_euler": [
   0.00013528484851121902,
   4.769011411553947e-06,
   2.56099271774292
  ],
  "euler_order": "XYZ",
  "rotation_matrix": [
   [
    -0.8361337184906006,
    -0.5485256314277649,
    7.02196775819175e-05
   ],
   [
    0.5485256910324097,
    -0.8361337184906006,
    0.00011573214578675106
   ],
   [
    -4.769011411553947e-06,
    0.00013528484851121902,
    1.0
   ]
  ]
 },
 {
  "rotation_euler": [
   -1.986444715385005e-07,
   2.679751887058046e-08,
   -1.671376347541809
  ],
  "euler_order": "XYZ",
  "rotation_matrix": [
   [
    -0.10041052103042603,
    0.9949461221694946,
    1.9494979142109514e-07
   ],
   [
    -0.9949461221694946,
    -0.10041052103042603,
    -4.660808272660688e-08
   ],
   [
    -2.679751887058046e-08,
    -1.986444715385005e-07,
    1.0
   ]
  ]
 },
 {
  "rotation_euler": [
   -2.3896674974821508e-05,
   8.539311124877713e-07,
   0.9774226546287537
  ],
  "euler_order": "XYZ",
  "rotation_matrix": [
   [
    0.5591611862182617,
    -0.8290589451789856,
    -1.9334267562953755e-05
   ],
   [
    0.8290589451789856,
    0.5591611862182617,
    1.407005220244173e-05
   ],
   [
    -8.539311124877713e-07,
    -2.3896674974821508e-05,
    1.0
   ]
  ]
 },
 {
  "rotation_euler": [
   1.1704291758007912e-08,
   3.3919760333844806e-09,
   -1.8794032335281372
  ],
  "euler_order": "XYZ",
  "rotation_matrix": [
   [
    -0.30373165011405945,
    0.9527575969696045,
    -1.2181603281646858e-08
   ],
   [
    -0.9527575969696045,
    -0.30373165011405945,
    3.232328571467491e-10
   ],
   [
    -3.3919760333844806e-09,
    1.1704291758007912e-08,
    1.0
   ]
  ]
 },
 {
  "rotation_euler": [
   1.6448962192328054e-09,
   1.428759222044107e-09,
   -2.213346004486084
  ],
  "euler_order": "XYZ",
  "rotation_matrix": [
   [
    -0.5992385745048523,
    0.8005704879760742,
    -2.1730230947980544e-09
   ],
   [
    -0.8005704879760742,
    -0.5992385745048523,
    -1.5813719778101643e-10
   ],
   [
    -1.428759222044107e-09,
    1.6448962192328054e-09,
    1.0
   ]
  ]
 },
 {
  "rotation_euler": [
   7.057610940108816e-09,
   -4.13249523489867e-09,
   -0.17601296305656433
  ],
  "euler_order": "XYZ",
  "rotation_matrix": [
   [
    0.9845496416091919,
    0.17510554194450378,
    -5.304473749134786e-09
   ],
   [
    -0.17510554194450378,
    0.9845496416091919,
    -6.224945892085998e-09
   ],
   [
    4.13249523489867e-09,
    7.057610940108816e-09,
    1.0
   ]
  ]
 }
]