[
 {
  "rotation_euler": [
   2.804470386763569e-05,
   -2.948443216155283e-05,
   0.601462185382843
  ],
  "euler_order": "XYZ",
  "rotation_matrix": [
   [
    0.8245091438293457,
    -0.5658486485481262,
    -8.441124919045251e-06
   ],
   [
    0.5658486485481262,
    0.8245091438293457,
    -3.980684050475247e-05
   ],
   [
    2.948443216155283e-05,
    2.804470386763569e-05,
    1.0
   ]
  ]
 },
 {
  "rotation_euler": [
   -0.022386876866221428,
   0.030535435304045677,
   2.863048553466797
  ],
  "euler_order": "XYZ",
  "rotation_matrix": [
   [
    -0.9610085487365723,
    -0.2742301821708679,
    -0.03550148010253906
   ],
   [
    0.2748279869556427,
    -0.9614037871360779,
    -0.013129718601703644
   ],
   [
    -0.030530691146850586,
    -0.022374572232365608,
    0.9992833733558655
   ]
  ]
 },
 {
  "rotation_euler": [
   -7.910623935458716e-06,
   -1.2643146874324884e-05,
   0.10113947838544846
  ],
  "euler_order": "XYZ",
  "rotation_matrix": [
   [
    0.9948897361755371,
    -0.10096713900566101,
    -1.3377250070334412e-05
   ],
   [
    0.10096713900566101,
    0.9948897361755371,
    6.593656507902779e-06
   ],
   [
    1.2643146874324884e-05,
    -7.910623935458716e-06,
    1.0
   ]
  ]
 },
 {
  "rotation_euler": [
   -0.006147764623165131,
   0.0014331049751490355,
   -0.4045463800430298
  ],
  "euler_order": "XYZ",
  "rotation_matrix": [
   [
    0.9192801117897034,
    0.39358624815940857,
    0.003737156745046377
   ],
   [
    -0.3936013877391815,
    0.9192671179771423,
    0.00508742593228817
   ],
   [
    -0.0014331045094877481,
    -0.006147719454020262,
    0.999980092048645
   ]
  ]
 },
 {
  "rotation_euler": [
   2.5174367692670785e-05,
   -9.002745287034486e-07,
   -0.21412289142608643
  ],
  "euler_order": "XYZ",
  "rotation_matrix": [
   [
    0.9771631360054016,
    0.21249042451381683,
    -6.229027349036187e-06
   ],
   [
    -0.21249043941497803,
    0.9771631360054016,
    -2.440816388116218e-05
   ],
   [
    9.002745287034486e-07,
    2.5174367692670785e-05,
    1.0
   ]
  ]
 },
 {
  "rotation_euler": [
   2.185260427722824e-06,
   7.632634151377715e-06,
   -2.7637569904327393
  ],
  "euler_order": "XYZ",
  "rotation_matrix": [
   [
    -0.9294652342796326,
    0.36890965700149536,
    -7.900432137830649e-06
   ],
   [
    -0.36890965700149536,
    -0.9294652342796326,
    -7.846288099244703e-07
   ],
   [
    -7.632634151377715e-06,
    2.185260427722824e-06,
    1.0
   ]
  ]
 },
 {
  "rotation_euler": [
   -1.6525218486785889,
   -0.8348293900489807,
   0.9977101683616638
  ],
  "euler_order": "XYZ",
  "rotation_matrix": [
   [
    0.36399972438812256,
    0.4691399931907654,
    -0.8046190738677979
   ],
   [
    0.5640509128570557,
    0.5764213800430298,
    0.5912570357322693
   ],
   [
    0.7411819696426392,
    -0.6690635681152344,
    -0.05480163171887398
   ]
  ]
 },
 {
  "rotation_euler": [
   -4.289521257305751e-06,
   3.5768516681855544e-06,
   -2.111034393310547
  ],
  "euler_order": "XYZ",
  "rotation_matrix": [
   [
    -0.5143401622772217,
    0.8575862646102905,
    1.8389159777143504e-06
   ],
   [
    -0.8575862646102905,
    -0.5143401622772217,
    -5.273731858324027e-06
   ],
   [
    -3.5768516681855544e-06,
    -4.289521257305751e-06,
    1.0
   ]
  ]
 },
 {
  "rotation_euler": [
   -1.4657230167358648e-05,
   1.0608979437165544e-06,
   1.2931420803070068
  ],
  "euler_order": "XYZ",
  "rotation_matrix": [
   [
    0.27410048246383667,
    -0.9617010354995728,
    -1.3805080925521906e-05
   ],
   [
    0.9617010354995728,
    0.27410048246383667,
    5.037820756115252e-06
   ],
   [
    -1.0608979437165544e-06,
    -1.4657230167358648e-05,
    1.0
   ]
  ]
 },
 {
  "rotation_euler": [
   5.439528649731074e-07,
   -7.96974836703157e-06,
   -0.2206113636493683
  ],
  "euler_order": "XYZ",
  "rotation_matrix": [
   [
    0.9757638573646545,
    0.21882620453834534,
    -7.895623639342375e-06
   ],
   [
    -0.21882620453834534,
    0.9757638573646545,
    1.21322034374316e-06
   ],
   [
    7.96974836703157e-06,
    5.439528649731074e-07,
    1.0
   ]
  ]
 },
 {
  "rotation_euler": [
   -4.146229002799373e-06,
   5.307691480993526e-06,
   2.7038486003875732
  ],
  "euler_order": "XYZ",
  "rotation_matrix": [
   [
    -0.9057102799415588,
    -0.42389732599258423,
    -6.564805971720489e-06
   ],
   [
    0.42389732599258423,
    -0.9057102799415588,
    -1.5053659581099055e-06
   ],
   [
    -5.307691480993526e-06,
    -4.146229002799373e-06,
    1.0
   ]
  ]
 },
 {
  "rotation_euler": [
   -1.1383360288164113e-05,
   3.2183721486944705e-05,
   1.5304090976715088
  ],
  "euler_order": "XYZ",
  "rotation_matrix": [
   [
    0.04037624970078468,
    -0.9991845488548279,
    -1.0074619240185712e-05
   ],
   [
    0.9991845488548279,
    0.04037624970078468,
    3.2617095712339506e-05
   ],
   [
    -3.2183721486944705e-05,
    -1.1383360288164113e-05,
    1.0
   ]
  ]
 },
 {
  "rotation_euler": [
   -6.981554747653718e-07,
   -2.0381989088491537e-05,
   -0.7032333612442017
  ],
  "euler_order": "XYZ",
  "rotation_matrix": [
   [
    0.7627552151679993,
    0.6466873288154602,
    -1.5094979971763678e-05
   ],
   [
    -0.6466873288154602,
    0.7627552151679993,
    1.3713295629713684e-05
   ],
   [
    2.0381989088491537e-05,
    -6.981554747653718e-07,
    1.0
   ]
  ]
 },
 {
  "rotation_euler": [
   -0.03179095312952995,
   0.033536311239004135,
   -0.22712263464927673
  ],
  "euler_order": "XYZ",
  "rotation_matrix": [
   [
    0.9737704992294312,
    0.22402280569076538,
    0.039809733629226685
   ],
   [
    -0.22504837810993195,
    0.9740660190582275,
    0.023422982543706894
   ],
   [
    -0.03353002667427063,
    -0.03176772594451904,
    0.9989327192306519
   ]
  ]
 },
 {
  "rotation_euler": [
   -7.032138000795385e-06,
   -3.6929603083990514e-05,
   -0.5505459904670715
  ],
  "euler_order": "XYZ",
  "rotation_matrix": [
   [
    0.8522390127182007,
    0.5231526494026184,
    -2.7793967092293315e-05
   ],
   [
    -0.5231526494026184,
    0.8522390127182007,
    2.5312880097771995e-05
   ],
   [
    3.6929603083990514e-05,
    -7.032138000795385e-06,
    1.0
   ]
  ]
 },
 {
  "rotation_euler": [
   2.6295210773241706e-06,
   -1.2353119927865919e-05,
   -2.761416435241699
  ],
  "euler_order": "XYZ",
  "rotation_matrix": [
   [
    -0.9285992383956909,
    0.3710841238498688,
    1.0495324204384815e-05
   ],
   [
    -0.3710841238498688,
    -0.9285992383956909,
    7.025817922112765e-06
   ],
   [
    1.2353119927865919e-05,
    2.6295210773241706e-06,
    1.0
   ]
  ]
 }
]