[
 {
  "rotation_euler": [
   0.07169543951749802,
   -0.05866864696145058,
   -1.4615896940231323
  ],
  "euler_order": "XYZ",
  "rotation_matrix": [
   [
    0.1088021770119667,
    0.9910314083099365,
    -0.0775814950466156
   ],
   [
    -0.9923326373100281,
    0.11288493871688843,
    0.05032859370112419
   ],
   [
    0.05863499641418457,
    0.07151078432798386,
    0.9957149028778076
   ]
  ]
 },
 {
  "rotation_euler": [
   0.1724654734134674,
   -0.10213175415992737,
   -0.6839116811752319
  ],
  "euler_order": "XYZ",
  "rotation_matrix": [
   [
    0.7710680961608887,
    0.6088947057723999,
    -0.18628256022930145
   ],
   [
    -0.6285374164581299,
    0.7746630311012268,
    -0.06955540180206299
   ],
   [
    0.10195428878068924,
    0.1707175076007843,
    0.9800310730934143
   ]
  ]
 },
 {
  "rotation_euler": [
   -0.25713321566581726,
   -0.35996702313423157,
   2.650238275527954
  ],
  "euler_order": "XYZ",
  "rotation_matrix": [
   [
    -0.8251854777336121,
    -0.535289466381073,
    0.1803722232580185
   ],
   [
    0.44158077239990234,
    -0.8104420900344849,
    -0.384954571723938
   ],
   [
    0.3522433638572693,
    -0.2380100041627884,
    0.9051385521888733
   ]
  ]
 },
 {
  "rotation_euler": [
   -0.031879257410764694,
   -0.30453699827194214,
   1.8575738668441772
  ],
  "euler_order": "XYZ",
  "rotation_matrix": [
   [
    -0.26984715461730957,
    -0.9613764882087708,
    0.05420161411166191
   ],
   [
    0.9150254726409912,
    -0.2735520303249359,
    -0.29647547006607056
   ],
   [
    0.29985150694847107,
    -0.030407210811972618,
    0.9535011649131775
   ]
  ]
 },
 {
  "rotation_euler": [
   0.11443182080984116,
   -0.1271318793296814,
   2.291727066040039
  ],
  "euler_order": "XYZ",
  "rotation_matrix": [
   [
    -0.6547569632530212,
    -0.7367226481437683,
    0.16891725361347198
   ],
   [
    0.7451292872428894,
    -0.6666421294212341,
    -0.019250569865107536
   ],
   [
    0.12678968906402588,
    0.11326074600219727,
    0.9854422211647034
   ]
  ]
 },
 {
  "rotation_euler": [
   0.5006029009819031,
   0.5691492557525635,
   -0.031368665397167206
  ],
  "euler_order": "XYZ",
  "rotation_matrix": [
   [
    0.8419453501701355,
    0.2860427498817444,
    0.45750144124031067
   ],
   [
    -0.026419367641210556,
    0.8687494397163391,
    -0.49454671144485474
   ],
   [
    -0.5389156341552734,
    0.4042944014072418,
    0.7389966249465942
   ]
  ]
 },
 {
  "rotation_euler": [
   0.5610353350639343,
   0.35446906089782715,
   2.1392321586608887
  ],
  "euler_order": "XYZ",
  "rotation_matrix": [
   [
    -0.5048480033874512,
    -0.8129686117172241,
    0.29019051790237427
   ],
   [
    0.790351390838623,
    -0.30015960335731506,
    0.5340870022773743
   ],
   [
    -0.34709247946739197,
    0.498985230922699,
    0.7940658330917358
   ]
  ]
 },
 {
  "rotation_euler": [
   -0.0844433456659317,
   0.11606433242559433,
   2.333094358444214
  ],
  "euler_order": "XYZ",
  "rotation_matrix": [
   [
    -0.6859391331672668,
    -0.7139286994934082,
    -0.1406887024641037
   ],
   [
    0.7183849811553955,
    -0.6951887607574463,
    0.025210803374648094
   ],
   [
    -0.11580392718315125,
    -0.08377557247877121,
    0.9897328615188599
   ]
  ]
 },
 {
  "rotation_euler": [
   0.598943293094635,
   0.34137073159217834,
   -2.9887008666992188
  ],
  "euler_order": "XYZ",
  "rotation_matrix": [
   [
    -0.9313045740127563,
    -0.060749929398298264,
    -0.3591395616531372
   ],
   [
    -0.14350877702236176,
    -0.8450413942337036,
    0.5150827765464783
   ],
   [
    -0.3347790539264679,
    0.5312386155128479,
    0.778272807598114
   ]
  ]
 },
 {
  "rotation_euler": [
   0.04203154891729355,
   -0.058504533022642136,
   1.1429208517074585
  ],
  "euler_order": "XYZ",
  "rotation_matrix": [
   [
    0.4142288267612457,
    -0.910065233707428,
    0.013990595005452633
   ],
   [
    0.9082927107810974,
    0.4123368561267853,
    -0.07058835029602051
   ],
   [
    0.05847116559743881,
    0.04194728285074234,
    0.9974074363708496
   ]
  ]
 },
 {
  "rotation_euler": [
   -0.4219675362110138,
   -0.5461995601654053,
   -0.6892608404159546
  ],
  "euler_order": "XYZ",
  "rotation_matrix": [
   [
    0.6594352722167969,
    0.7443589568138123,
    -0.10523707419633865
   ],
   [
    -0.5434368252754211,
    0.5687286853790283,
    0.617433488368988
   ],
   [
    0.5194435119628906,
    -0.34996774792671204,
    0.7795518040657043
   ]
  ]
 },
 {
  "rotation_euler": [
   -0.016913974657654762,
   -0.3236103951931,
   0.18750223517417908
  ],
  "euler_order": "XYZ",
  "rotation_matrix": [
   [
    0.9314761757850647,
    -0.18109485507011414,
    -0.31552615761756897
   ],
   [
    0.17672984302043915,
    0.9833348989486694,
    -0.04265017807483673
   ],
   [
    0.31799161434173584,
    -0.01603526435792446,
    0.9479579329490662
   ]
  ]
 },
 {
  "rotation_euler": [
   0.04985995963215828,
   0.30521973967552185,
   0.29235559701919556
  ],
  "euler_order": "XYZ",
  "rotation_matrix": [
   [
    0.9133097529411316,
    -0.27350914478302,
    0.3017582297325134
   ],
   [
    0.27488791942596436,
    0.9606940746307373,
    0.03877536579966545
   ],
   [
    -0.3005027770996094,
    0.04753577709197998,
    0.9525956511497498
   ]
  ]
 },
 {
  "rotation_euler": [
   0.054532166570425034,
   0.3850230276584625,
   1.285099744796753
  ],
  "euler_order": "XYZ",
  "rotation_matrix": [
   [
    0.26119333505630493,
    -0.9522700309753418,
    0.15798676013946533
   ],
   [
    0.8892228603363037,
    0.301048219203949,
    0.3444598913192749
   ],
   [
    -0.37558048963546753,
    0.05051480978727341,
    0.925412118434906
   ]
  ]
 },
 {
  "rotation_euler": [
   0.04224401339888573,
   -0.5530962944030762,
   -1.1842479705810547
  ],
  "euler_order": "XYZ",
  "rotation_matrix": [
   [
    0.32078471779823303,
    0.9170258045196533,
    -0.23698273301124573
   ],
   [
    -0.7881189584732056,
    0.397205650806427,
    0.47020867466926575
   ],
   [
    0.5253244042396545,
    0.03593482822179794,
    0.8501428961753845
   ]
  ]
 },
 {
  "rotation_euler": [
   -0.07078652828931808,
   -0.37489941716194153,
   1.5189478397369385
  ],
  "euler_order": "XYZ",
  "rotation_matrix": [
   [
    0.048225708305835724,
    -0.9948130249977112,
    -0.08956217765808105
   ],
   [
    0.9292939901351929,
    0.07755956053733826,
    -0.3611055910587311
   ],
   [
    0.3661789298057556,
    -0.0658150166273117,
    0.9282140731811523
   ]
  ]
 }
]