[
 {
  "rotation_euler": [
   -0.1779155433177948,
   -0.2733481228351593,
   -1.90904700756073
  ],
  "euler_order": "XYZ",
  "rotation_matrix": [
   [
    -0.3195171058177948,
    0.9125917553901672,
    0.25511789321899414
   ],
   [
    -0.9083127975463867,
    -0.37166860699653625,
    0.19191215932369232
   ],
   [
    0.2699567675590515,
    -0.17040763795375824,
    0.9476732611656189
   ]
  ]
 },
 {
  "rotation_euler": [
   -0.17441686987876892,
   -0.2377033233642578,
   3.053516387939453
  ],
  "euler_order": "XYZ",
  "rotation_matrix": [
   [
    -0.9681141376495361,
    -0.1273316890001297,
    0.21573521196842194
   ],
   [
    0.08548904955387115,
    -0.9774161577224731,
    -0.193259596824646
   ],
   [
    0.23547115921974182,
    -0.16865433752536774,
    0.9571358561515808
   ]
  ]
 },
 {
  "rotation_euler": [
   -0.18076616525650024,
   0.2751312553882599,
   0.3368905782699585
  ],
  "euler_order": "XYZ",
  "rotation_matrix": [
   [
    0.9082908034324646,
    -0.37126484513282776,
    0.19279585778713226
   ],
   [
    0.3181217610836029,
    0.9122641682624817,
    0.2580166459083557
   ],
   [
    -0.2716732621192932,
    -0.1730215698480606,
    0.946708619594574
   ]
  ]
 },
 {
  "rotation_euler": [
   -0.17712880671024323,
   -0.266378790140152,
   1.1315382719039917
  ],
  "euler_order": "XYZ",
  "rotation_matrix": [
   [
    0.4102690517902374,
    -0.8711808323860168,
    -0.2696723937988281
   ],
   [
    0.873146116733551,
    0.4605947434902191,
    -0.15958797931671143
   ],
   [
    0.26323968172073364,
    -0.16998940706253052,
    0.9496359825134277
   ]
  ]
 },
 {
  "rotation_euler": [
   -0.17753168940544128,
   -0.2699500024318695,
   0.8024563789367676
  ],
  "euler_order": "XYZ",
  "rotation_matrix": [
   [
    0.6697746515274048,
    -0.6750341653823853,
    -0.3094039857387543
   ],
   [
    0.6930238008499146,
    0.7178851962089539,
    -0.0660213977098465
   ],
   [
    0.2666832506656647,
    -0.17020487785339355,
    0.9486360549926758
   ]
  ]
 },
 {
  "rotation_euler": [
   -0.18010887503623962,
   0.26977330446243286,
   -0.8654443621635437
  ],
  "euler_order": "XYZ",
  "rotation_matrix": [
   [
    0.6248536109924316,
    0.718116044998169,
    0.30637767910957336
   ],
   [
    -0.7338451743125916,
    0.6741651892662048,
    -0.08350152522325516
   ],
   [
    -0.2665129601955414,
    -0.1726575493812561,
    0.9482405781745911
   ]
  ]
 },
 {
  "rotation_euler": [
   -0.17589221894741058,
   -0.2555186152458191,
   -0.11823275685310364
  ],
  "euler_order": "XYZ",
  "rotation_matrix": [
   [
    0.9607776403427124,
    0.16005612909793854,
    -0.2264692485332489
   ],
   [
    -0.11412768065929413,
    0.9724802374839783,
    0.2031184434890747
   ],
   [
    0.25274720788002014,
    -0.1693052500486374,
    0.9526041150093079
   ]
  ]
 },
 {
  "rotation_euler": [
   -0.1804264783859253,
   0.2723682224750519,
   2.8887596130371094
  ],
  "euler_order": "XYZ",
  "rotation_matrix": [
   [
    -0.9325160980224609,
    -0.19934791326522827,
    -0.30112138390541077
   ],
   [
    0.2409266084432602,
    -0.9645666480064392,
    -0.10754331201314926
   ],
   [
    -0.26901310682296753,
    -0.17283402383327484,
    0.9475021362304688
   ]
  ]
 },
 {
  "rotation_euler": [
   -0.17445503175258636,
   -0.23760971426963806,
   0.1429499238729477
  ],
  "euler_order": "XYZ",
  "rotation_matrix": [
   [
    0.9619899988174438,
    -0.09986259043216705,
    -0.25417059659957886
   ],
   [
    0.13846081495285034,
    0.9805965423583984,
    0.13877694308757782
   ],
   [
    0.2353801727294922,
    -0.16869468986988068,
    0.9571511149406433
   ]
  ]
 },
 {
  "rotation_euler": [
   -0.17806307971477509,
   0.2529761791229248,
   2.7751576900482178
  ],
  "euler_order": "XYZ",
  "rotation_matrix": [
   [
    -0.9038954377174377,
    -0.31123581528663635,
    -0.29343700408935547
   ],
   [
    0.34688565135002136,
    -0.9347324967384338,
    -0.07710736989974976
   ],
   [
    -0.2502865195274353,
    -0.17148609459400177,
    0.9528636932373047
   ]
  ]
 },
 {
  "rotation_euler": [
   -0.17468728125095367,
   -0.2462323158979416,
   2.606245756149292
  ],
  "euler_order": "XYZ",
  "rotation_matrix": [
   [
    -0.8341493606567383,
    -0.5388125777244568,
    0.11779579520225525
   ],
   [
    0.494752436876297,
    -0.8253903388977051,
    -0.2719389796257019
   ],
   [
    0.243751659989357,
    -0.16855797171592712,
    0.9550776481628418
   ]
  ]
 },
 {
  "rotation_euler": [
   -0.17829710245132446,
   0.254905104637146,
   2.8620386123657227
  ],
  "euler_order": "XYZ",
  "rotation_matrix": [
   [
    -0.9301202297210693,
    -0.22856847941875458,
    -0.28745919466018677
   ],
   [
    0.2670110762119293,
    -0.9582807421684265,
    -0.1019957885146141
   ],
   [
    -0.25215357542037964,
    -0.1716231256723404,
    0.9523466229438782
   ]
  ]
 },
 {
  "rotation_euler": [
   -0.17455430328845978,
   -0.24339406192302704,
   2.072053909301758
  ],
  "euler_order": "XYZ",
  "rotation_matrix": [
   [
    -0.4663654863834381,
    -0.8837644457817078,
    -0.03825755789875984
   ],
   [
    0.8511305451393127,
    -0.4365216791629791,
    -0.2915915846824646
   ],
   [
    0.2409980297088623,
    -0.16855043172836304,
    0.9557775259017944
   ]
  ]
 },
 {
  "rotation_euler": [
   -0.17566540837287903,
   -0.2533315122127533,
   0.45216524600982666
  ],
  "euler_order": "XYZ",
  "rotation_matrix": [
   [
    0.8707935810089111,
    -0.390791118144989,
    -0.29833006858825684
   ],
   [
    0.42296913266181946,
    0.9047975540161133,
    0.04938136413693428
   ],
   [
    0.25063052773475647,
    -0.16918538510799408,
    0.9531844854354858
   ]
  ]
 },
 {
  "rotation_euler": [
   -0.1812034249305725,
   0.278696209192276,
   -0.8628519177436829
  ],
  "euler_order": "XYZ",
  "rotation_matrix": [
   [
    0.6251826882362366,
    0.7150232791900635,
    0.3128710687160492
   ],
   [
    -0.7303870916366577,
    0.677290678024292,
    -0.08838555216789246
   ],
   [
    -0.2751024067401886,
    -0.1732598841190338,
    0.9456741809844971
   ]
  ]
 },
 {
  "rotation_euler": [
   -0.17101188004016876,
   0.003983090631663799,
   0.0883408933877945
  ],
  "euler_order": "XYZ",
  "rotation_matrix": [
   [
    0.9960925579071045,
    -0.0876142829656601,
    -0.011104593984782696
   ],
   [
    0.0882253348827362,
    0.9815106391906738,
    0.16986222565174103
   ],
   [
    -0.003983079921454191,
    -0.17017820477485657,
    0.9854052662849426
   ]
  ]
 }
]