[
 {
  "rotation_euler": [
   -2.9328120376703737e-07,
   7.303794404833752e-07,
   2.4200387001037598
  ],
  "euler_order": "XYZ",
  "rotation_matrix": [
   [
    -0.7507801651954651,
    -0.6605521440505981,
    -7.420819088110875e-07
   ],
   [
    0.6605521440505981,
    -0.7507801651954651,
    2.6226399540973944e-07
   ],
   [
    -7.303794404833752e-07,
    -2.9328120376703737e-07,
    1.0
   ]
  ]
 },
 {
  "rotation_euler": [
   -1.0560075907051214e-06,
   -2.962766757264035e-06,
   -0.45370230078697205
  ],
  "euler_order": "XYZ",
  "rotation_matrix": [
   [
    0.8988305330276489,
    0.43829625844955444,
    -2.2001811430527596e-06
   ],
   [
    -0.43829625844955444,
    0.8988305330276489,
    2.2477415768662468e-06
   ],
   [
    2.962766757264035e-06,
    -1.0560075907051214e-06,
    1.0
   ]
  ]
 },
 {
  "rotation_euler": [
   2.0577603265792277e-07,
   2.5416411517653614e-06,
   1.8666332960128784
  ],
  "euler_order": "XYZ",
  "rotation_matrix": [
   [
    -0.29154056310653687,
    -0.9565584659576416,
    -5.441546591100632e-07
   ],
   [
    0.9565584659576416,
    -0.29154056310653687,
    2.4912203571147984e-06
   ],
   [
    -2.5416411517653614e-06,
    2.0577603265792277e-07,
    1.0
   ]
  ]
 },
 {
  "rotation_euler": [
   2.0628156107704854e-06,
   -3.6226977044861997e-06,
   -2.0894196033477783
  ],
  "euler_order": "XYZ",
  "rotation_matrix": [
   [
    -0.4956849217414856,
    0.8685024380683899,
    4.156265553945104e-09
   ],
   [
    -0.8685024380683899,
    -0.4956849217414856,
    4.168828127149027e-06
   ],
   [
    3.6226977044861997e-06,
    2.0628156107704854e-06,
    1.0
   ]
  ]
 },
 {
  "rotation_euler": [
   1.65957953868201e-06,
   -2.9049290333205136e-06,
   -2.3714370727539062
  ],
  "euler_order": "XYZ",
  "rotation_matrix": [
   [
    -0.7178023457527161,
    0.6962469220161438,
    9.296877578890417e-07
   ],
   [
    -0.6962469220161438,
    -0.7178023457527161,
    3.213797981516109e-06
   ],
   [
    2.9049290333205136e-06,
    1.65957953868201e-06,
    1.0
   ]
  ]
 },
 {
  "rotation_euler": [
   7.133800181691186e-07,
   -3.6703431760543026e-06,
   2.339141607284546
  ],
  "euler_order": "XYZ",
  "rotation_matrix": [
   [
    -0.6949463486671448,
    -0.7190616130828857,
    3.063655640289653e-06
   ],
   [
    0.7190616130828857,
    -0.6949463486671448,
    -2.14344208870898e-06
   ],
   [
    3.6703431760543026e-06,
    7.133800181691186e-07,
    1.0
   ]
  ]
 },
 {
  "rotation_euler": [
   -8.947317837737501e-07,
   4.100520982319722e-06,
   0.6106381416320801
  ],
  "euler_order": "XYZ",
  "rotation_matrix": [
   [
    0.8192822933197021,
    -0.5733904242515564,
    2.846453526217374e-06
   ],
   [
    0.5733904242515564,
    0.8192822933197021,
    3.084237278017099e-06
   ],
   [
    -4.100520982319722e-06,
    -8.947317837737501e-07,
    1.0
   ]
  ]
 },
 {
  "rotation_euler": [
   0.23124989867210388,
   1.2599663734436035,
   1.87094247341156
  ],
  "euler_order": "XYZ",
  "rotation_matrix": [
   [
    -0.09042724221944809,
    -0.9943803548812866,
    -0.05505089834332466
   ],
   [
    0.29217541217803955,
    -0.07933372259140015,
    0.9530685544013977
   ],
   [
    -0.9520800709724426,
    0.07009883970022202,
    0.2977074384689331
   ]
  ]
 },
 {
  "rotation_euler": [
   0.2437203824520111,
   1.259009599685669,
   -2.2070977687835693
  ],
  "euler_order": "XYZ",
  "rotation_matrix": [
   [
    -0.18228422105312347,
    0.6440478563308716,
    -0.7429500818252563
   ],
   [
    -0.24672654271125793,
    -0.7613951563835144,
    -0.5995026230812073
   ],
   [
    -0.951786994934082,
    0.07402563095092773,
    0.29769399762153625
   ]
  ]
 },
 {
  "rotation_euler": [
   -8.976472827271209e-07,
   1.5648727185180178e-06,
   2.465172529220581
  ],
  "euler_order": "XYZ",
  "rotation_matrix": [
   [
    -0.7798187136650085,
    -0.6260054111480713,
    -1.782249114512524e-06
   ],
   [
    0.6260054111480713,
    -0.7798187136650085,
    2.796165858853783e-07
   ],
   [
    -1.5648727185180178e-06,
    -8.976472827271209e-07,
    1.0
   ]
  ]
 },
 {
  "rotation_euler": [
   0.24371841549873352,
   1.25901198387146,
   2.182316780090332
  ],
  "euler_order": "XYZ",
  "rotation_matrix": [
   [
    -0.17611344158649445,
    -0.9264405369758606,
    -0.3327040374279022
   ],
   [
    0.2511656582355499,
    -0.3690911829471588,
    0.8948114514350891
   ],
   [
    -0.9517877101898193,
    0.074024498462677,
    0.2976919412612915
   ]
  ]
 },
 {
  "rotation_euler": [
   -7.222347448987421e-07,
   -2.446873168082675e-06,
   -3.011673927307129
  ],
  "euler_order": "XYZ",
  "rotation_matrix": [
   [
    -0.9915724396705627,
    0.12955355644226074,
    2.5198201001330744e-06
   ],
   [
    -0.12955355644226074,
    -0.9915724396705627,
    -3.991469554875948e-07
   ],
   [
    2.446873168082675e-06,
    -7.222347448987421e-07,
    1.0
   ]
  ]
 },
 {
  "rotation_euler": [
   -1.3114335536956787,
   -1.358377456665039,
   0.7068237066268921
  ],
  "euler_order": "XYZ",
  "rotation_matrix": [
   [
    0.1603173464536667,
    0.5519212484359741,
    -0.818340539932251
   ],
   [
    0.13691434264183044,
    0.8086156249046326,
    0.5721846222877502
   ],
   [
    0.9775238037109375,
    -0.20377367734909058,
    0.05406917259097099
   ]
  ]
 },
 {
  "rotation_euler": [
   1.123413539971807e-06,
   2.4422365640930366e-06,
   2.780930757522583
  ],
  "euler_order": "XYZ",
  "rotation_matrix": [
   [
    -0.9356634616851807,
    -0.3528936207294464,
    -1.888666020022356e-06
   ],
   [
    0.3528936207294464,
    -0.9356634616851807,
    1.9129865904687904e-06
   ],
   [
    -2.4422365640930366e-06,
    1.123413539971807e-06,
    1.0
   ]
  ]
 },
 {
  "rotation_euler": [
   1.6587887330388185e-06,
   -3.378184828761732e-06,
   -1.2138733863830566
  ],
  "euler_order": "XYZ",
  "rotation_matrix": [
   [
    0.34939277172088623,
    0.9369763731956482,
    -2.734559075179277e-06
   ],
   [
    -0.9369763731956482,
    0.34939277172088623,
    2.5857104901660932e-06
   ],
   [
    3.378184828761732e-06,
    1.6587887330388185e-06,
    1.0
   ]
  ]
 },
 {
  "rotation_euler": [
   0.24371609091758728,
   1.2590123414993286,
   -1.2678745985031128
  ],
  "euler_order": "XYZ",
  "rotation_matrix": [
   [
    0.09150876104831696,
    0.994777262210846,
    0.04521389678120613
   ],
   [
    -0.29279014468193054,
    0.0702754482626915,
    -0.9535907506942749
   ],
   [
    -0.9517878293991089,
    0.07402372360229492,
    0.29769179224967957
   ]
  ]
 }
]