[
 {
  "rotation_euler": [
   0.018547609448432922,
   0.022904638200998306,
   2.4456889629364014
  ],
  "euler_order": "XYZ",
  "rotation_matrix": [
   [
    -0.7672733664512634,
    -0.6412950158119202,
    -0.005684363655745983
   ],
   [
    0.6409111022949219,
    -0.7670703530311584,
    0.02891388349235058
   ],
   [
    -0.022902635857462883,
    0.01854168064892292,
    0.9995657205581665
   ]
  ]
 },
 {
  "rotation_euler": [
   0.018540142104029655,
   0.02290666289627552,
   2.039250612258911
  ],
  "euler_order": "XYZ",
  "rotation_matrix": [
   [
    -0.4513891935348511,
    -0.8923056125640869,
    0.006201962474733591
   ],
   [
    0.8920331597328186,
    -0.45105114579200745,
    0.028804101049900055
   ],
   [
    -0.022904660552740097,
    0.018534217029809952,
    0.999565839767456
   ]
  ]
 },
 {
  "rotation_euler": [
   0.018547624349594116,
   0.022904569283127785,
   -1.6994282007217407
  ],
  "euler_order": "XYZ",
  "rotation_matrix": [
   [
    -0.12824378907680511,
    0.9915132522583008,
    -0.021330712363123894
   ],
   [
    -0.9914782047271729,
    -0.128676638007164,
    -0.020330341532826424
   ],
   [
    -0.02290256693959236,
    0.018541695550084114,
    0.9995657205581665
   ]
  ]
 },
 {
  "rotation_euler": [
   0.01854761503636837,
   0.02290457859635353,
   -1.4963921308517456
  ],
  "euler_order": "XYZ",
  "rotation_matrix": [
   [
    0.07431606948375702,
    0.9970933198928833,
    -0.016793055459856987
   ],
   [
    -0.9969717264175415,
    0.07389918714761734,
    -0.02421395108103752
   ],
   [
    -0.022902576252818108,
    0.018541686236858368,
    0.9995657205581665
   ]
  ]
 },
 {
  "rotation_euler": [
   0.018547603860497475,
   0.02290460094809532,
   -1.2035560607910156
  ],
  "euler_order": "XYZ",
  "rotation_matrix": [
   [
    0.35894691944122314,
    0.9333137273788452,
    -0.00908832997083664
   ],
   [
    -0.9330769181251526,
    0.35858288407325745,
    -0.02803078666329384
   ],
   [
    -0.0229025986045599,
    0.018541675060987473,
    0.9995657205581665
   ]
  ]
 },
 {
  "rotation_euler": [
   0.018547601997852325,
   0.02290630154311657,
   2.8172671794891357
  ],
  "euler_order": "XYZ",
  "rotation_matrix": [
   [
    -0.94761723279953,
    -0.31901732087135315,
    -0.015796253457665443
   ],
   [
    0.31858590245246887,
    -0.9475674629211426,
    0.0248772781342268
   ],
   [
    -0.022904299199581146,
    0.018541673198342323,
    0.9995657205581665
   ]
  ]
 },
 {
  "rotation_euler": [
   0.01854863576591015,
   0.022920329123735428,
   -2.59810209274292
  ],
  "euler_order": "XYZ",
  "rotation_matrix": [
   [
    -0.8556840419769287,
    0.5166739225387573,
    -0.02920406498014927
   ],
   [
    -0.5169909000396729,
    -0.8559814095497131,
    0.004025392234325409
   ],
   [
    -0.022918323054909706,
    0.0185427013784647,
    0.9995653629302979
   ]
  ]
 },
 {
  "rotation_euler": [
   0.01854761689901352,
   0.02290457859635353,
   -0.7991536855697632
  ],
  "euler_order": "XYZ",
  "rotation_matrix": [
   [
    0.6971306800842285,
    0.7169390916824341,
    0.0026739872992038727
   ],
   [
    -0.7165781855583191,
    0.6968891620635986,
    -0.029345732182264328
   ],
   [
    -0.022902576252818108,
    0.018541688099503517,
    0.9995657205581665
   ]
  ]
 },
 {
  "rotation_euler": [
   0.018547620624303818,
   0.022904619574546814,
   -0.07991176098585129
  ],
  "euler_order": "XYZ",
  "rotation_matrix": [
   [
    0.996547281742096,
    0.08023641258478165,
    0.021345091983675957
   ],
   [
    -0.07980579882860184,
    0.9966033697128296,
    -0.020315296947956085
   ],
   [
    -0.02290261723101139,
    0.018541691824793816,
    0.9995657205581665
   ]
  ]
 },
 {
  "rotation_euler": [
   0.018547603860497475,
   0.022904613986611366,
   2.767568826675415
  ],
  "euler_order": "XYZ",
  "rotation_matrix": [
   [
    -0.930620551109314,
    -0.36569657921791077,
    -0.014539327472448349
   ],
   [
    0.36526817083358765,
    -0.9305494427680969,
    0.02563067153096199
   ],
   [
    -0.022902611643075943,
    0.018541675060987473,
    0.9995657205581665
   ]
  ]
 },
 {
  "rotation_euler": [
   0.018547529354691505,
   0.02290482632815838,
   -0.09590812772512436
  ],
  "euler_order": "XYZ",
  "rotation_matrix": [
   [
    0.9951432347297668,
    0.09616750478744507,
    0.021017618477344513
   ],
   [
    -0.09573604166507721,
    0.9951924681663513,
    -0.02065405622124672
   ],
   [
    -0.022902823984622955,
    0.018541600555181503,
    0.9995657205581665
   ]
  ]
 },
 {
  "rotation_euler": [
   0.018547600135207176,
   0.022904736921191216,
   -3.046304225921631
  ],
  "euler_order": "XYZ",
  "rotation_matrix": [
   [
    -0.995202362537384,
    0.09470508992671967,
    -0.024559510871767998
   ],
   [
    -0.09511933475732803,
    -0.995332658290863,
    0.016283711418509483
   ],
   [
    -0.022902734577655792,
    0.018541671335697174,
    0.9995657205581665
   ]
  ]
 },
 {
  "rotation_euler": [
   0.01854761131107807,
   0.02290460094809532,
   -2.5746665000915527
  ],
  "euler_order": "XYZ",
  "rotation_matrix": [
   [
    -0.8433344960212708,
    0.5365909337997437,
    -0.029276562854647636
   ],
   [
    -0.5369007587432861,
    -0.8436387777328491,
    0.0033475137315690517
   ],
   [
    -0.0229025986045599,
    0.01854168251156807,
    0.9995657205581665
   ]
  ]
 },
 {
  "rotation_euler": [
   0.018547626212239265,
   0.022904571145772934,
   2.2631266117095947
  ],
  "euler_order": "XYZ",
  "rotation_matrix": [
   [
    -0.6381652355194092,
    -0.7698993682861328,
    -0.0003405297757126391
   ],
   [
    0.7695587277412415,
    -0.637895941734314,
    0.029465340077877045
   ],
   [
    -0.02290256880223751,
    0.018541697412729263,
    0.9995657205581665
   ]
  ]
 },
 {
  "rotation_euler": [
   0.01855006068944931,
   0.022935697808861732,
   2.437790870666504
  ],
  "euler_order": "XYZ",
  "rotation_matrix": [
   [
    -0.7621869444847107,
    -0.6473337411880493,
    -0.005477906670421362
   ],
   [
    0.6469506025314331,
    -0.7619810104370117,
    0.028979836031794548
   ],
   [
    -0.022933686152100563,
    0.018544118851423264,
    0.9995650053024292
   ]
  ]
 },
 {
  "rotation_euler": [
   0.01854761503636837,
   0.02290468104183674,
   2.995008945465088
  ],
  "euler_order": "XYZ",
  "rotation_matrix": [
   [
    -0.9890163540840149,
    -0.14645442366600037,
    -0.019944272935390472
   ],
   [
    0.1460210233926773,
    -0.989043653011322,
    0.02169222943484783
   ],
   [
    -0.022902678698301315,
    0.018541686236858368,
    0.9995657205581665
   ]
  ]
 }
]