[
 {
  "rotation_euler": [
   -2.6373584205430234e-07,
   -3.470803733307548e-08,
   -2.5151309967041016
  ],
  "euler_order": "XYZ",
  "rotation_matrix": [
   [
    -0.8101070523262024,
    0.5862820148468018,
    1.8274080559876893e-07
   ],
   [
    -0.5862820148468018,
    -0.8101070523262024,
    -1.9330556710883684e-07
   ],
   [
    3.470803733307548e-08,
    -2.6373584205430234e-07,
    1.0
   ]
  ]
 },
 {
  "rotation_euler": [
   -1.9622896161308745e-06,
   3.42687343390935e-07,
   0.696742832660675
  ],
  "euler_order": "XYZ",
  "rotation_matrix": [
   [
    0.7669364809989929,
    -0.6417230367660522,
    -9.964270475393278e-07
   ],
   [
    0.6417230367660522,
    0.7669364809989929,
    1.7248618178200559e-06
   ],
   [
    -3.42687343390935e-07,
    -1.9622896161308745e-06,
    1.0
   ]
  ]
 },
 {
  "rotation_euler": [
   -7.276788892340846e-06,
   3.543483728662977e-07,
   1.6823936700820923
  ],
  "euler_order": "XYZ",
  "rotation_matrix": [
   [
    -0.11136584728956223,
    -0.9937794804573059,
    -7.270985861396184e-06
   ],
   [
    0.9937794804573059,
    -0.11136584728956223,
    -4.582416295306757e-07
   ],
   [
    -3.543483728662977e-07,
    -7.276788892340846e-06,
    1.0
   ]
  ]
 },
 {
  "rotation_euler": [
   -2.5394163003511494e-06,
   2.9949302415843704e-07,
   -1.312904715538025
  ],
  "euler_order": "XYZ",
  "rotation_matrix": [
   [
    0.2550424635410309,
    0.9669298529624939,
    2.5318208827229682e-06
   ],
   [
    -0.9669298529624939,
    0.2550424635410309,
    3.5807022413791856e-07
   ],
   [
    -2.9949302415843704e-07,
    -2.5394163003511494e-06,
    1.0
   ]
  ]
 },
 {
  "rotation_euler": [
   8.428015689787571e-07,
   7.431319914985579e-08,
   0.3208651542663574
  ],
  "euler_order": "XYZ",
  "rotation_matrix": [
   [
    0.948962926864624,
    -0.31538766622543335,
    3.363296912084479e-07
   ],
   [
    0.31538766622543335,
    0.948962926864624,
    -7.763499638713256e-07
   ],
   [
    -7.431319914985579e-08,
    8.428015689787571e-07,
    1.0
   ]
  ]
 },
 {
  "rotation_euler": [
   -5.03032470078324e-06,
   2.2406972277622117e-07,
   1.4110875129699707
  ],
  "euler_order": "XYZ",
  "rotation_matrix": [
   [
    0.1590307354927063,
    -0.987273633480072,
    -4.9306731852993835e-06
   ],
   [
    0.987273633480072,
    0.1590307354927063,
    1.0211944072580081e-06
   ],
   [
    -2.2406972277622117e-07,
    -5.03032470078324e-06,
    1.0
   ]
  ]
 },
 {
  "rotation_euler": [
   -1.92973288903886e-06,
   -1.1989264692147117e-07,
   2.707551956176758
  ],
  "euler_order": "XYZ",
  "rotation_matrix": [
   [
    -0.9072738885879517,
    -0.4205402433872223,
    -7.027548463156563e-07
   ],
   [
    0.4205402433872223,
    -0.9072738885879517,
    -1.8012159443969722e-06
   ],
   [
    1.1989264692147117e-07,
    -1.92973288903886e-06,
    1.0
   ]
  ]
 },
 {
  "rotation_euler": [
   -1.5734194676042534e-06,
   1.5056066615670716e-08,
   -2.9925453662872314
  ],
  "euler_order": "XYZ",
  "rotation_matrix": [
   [
    -0.9889129996299744,
    0.14849604666233063,
    2.1875743527743907e-07
   ],
   [
    -0.14849604666233063,
    -0.9889129996299744,
    -1.5582107835143688e-06
   ],
   [
    -1.5056066615670716e-08,
    -1.5734194676042534e-06,
    1.0
   ]
  ]
 },
 {
  "rotation_euler": [
   -2.945944288512692e-06,
   -1.285487485347403e-07,
   0.7783453464508057
  ],
  "euler_order": "XYZ",
  "rotation_matrix": [
   [
    0.7120762467384338,
    -0.7021021246910095,
    -2.1598903003905434e-06
   ],
   [
    0.7021021246910095,
    0.7120762467384338,
    2.0074826352356467e-06
   ],
   [
    1.285487485347403e-07,
    -2.945944288512692e-06,
    1.0
   ]
  ]
 },
 {
  "rotation_euler": [
   -1.2039146213282947e-06,
   9.32889747673471e-08,
   1.0050733089447021
  ],
  "euler_order": "XYZ",
  "rotation_matrix": [
   [
    0.5360262989997864,
    -0.8442012667655945,
    -9.663408491178416e-07
   ],
   [
    0.8442012667655945,
    0.5360262989997864,
    7.240846002787293e-07
   ],
   [
    -9.32889747673471e-08,
    -1.2039146213282947e-06,
    1.0
   ]
  ]
 },
 {
  "rotation_euler": [
   -1.2922691894345917e-06,
   1.0023261864944288e-07,
   1.8205015659332275
  ],
  "euler_order": "XYZ",
  "rotation_matrix": [
   [
    -0.24711835384368896,
    -0.9689853191375732,
    -1.276959210372297e-06
   ],
   [
    0.9689853191375732,
    -0.24711835384368896,
    -2.222194979140113e-07
   ],
   [
    -1.0023261864944288e-07,
    -1.2922691894345917e-06,
    1.0
   ]
  ]
 },
 {
  "rotation_euler": [
   -1.8989618411069387e-06,
   -2.7076897168853975e-08,
   2.5246901512145996
  ],
  "euler_order": "XYZ",
  "rotation_matrix": [
   [
    -0.8156743049621582,
    -0.5785114169120789,
    -1.0764850912892143e-06
   ],
   [
    0.5785114169120789,
    -0.8156743049621582,
    -1.564598619552271e-06
   ],
   [
    2.7076897168853975e-08,
    -1.8989618411069387e-06,
    1.0
   ]
  ]
 },
 {
  "rotation_euler": [
   -9.151971767096256e-07,
   1.0552626150683864e-07,
   1.3674988746643066
  ],
  "euler_order": "XYZ",
  "rotation_matrix": [
   [
    0.2018999606370926,
    -0.9794061779975891,
    -8.750440088078903e-07
   ],
   [
    0.9794061779975891,
    0.2018999606370926,
    2.8813136054850474e-07
   ],
   [
    -1.0552626150683864e-07,
    -9.151971767096256e-07,
    1.0
   ]
  ]
 },
 {
  "rotation_euler": [
   -1.2528133765954408e-06,
   -4.9171593019536886e-08,
   -2.534822940826416
  ],
  "euler_order": "XYZ",
  "rotation_matrix": [
   [
    -0.8214942812919617,
    0.5702167749404907,
    7.547693599008198e-07
   ],
   [
    -0.5702167749404907,
    -0.8214942812919617,
    -1.001140503831266e-06
   ],
   [
    4.9171593019536886e-08,
    -1.2528133765954408e-06,
    1.0
   ]
  ]
 },
 {
  "rotation_euler": [
   1.3533180265312694e-07,
   4.2769784158736e-08,
   -0.5112445950508118
  ],
  "euler_order": "XYZ",
  "rotation_matrix": [
   [
    0.8721362352371216,
    0.4892630875110626,
    -2.8911776084328267e-08
   ],
   [
    -0.4892630875110626,
    0.8721362352371216,
    -1.389534531881509e-07
   ],
   [
    -4.2769784158736e-08,
    1.3533180265312694e-07,
    1.0
   ]
  ]
 },
 {
  "rotation_euler": [
   -7.056531103444286e-06,
   5.371966835809872e-07,
   2.76853084564209
  ],
  "euler_order": "XYZ",
  "rotation_matrix": [
   [
    -0.931215763092041,
    -0.3644683361053467,
    -3.0721282655576942e-06
   ],
   [
    0.3644683361053467,
    -0.931215763092041,
    -6.375361863319995e-06
   ],
   [
    -5.371966835809872e-07,
    -7.056531103444286e-06,
    1.0
   ]
  ]
 }
]