[
 {
  "rotation_euler": [
   -3.829204160865629e-06,
   -3.3095868730015354e-06,
   1.8643361330032349
  ],
  "euler_order": "XYZ",
  "rotation_matrix": [
   [
    -0.2893424332141876,
    -0.9572256803512573,
    -2.7078085622633807e-06
   ],
   [
    0.9572256803512573,
    -0.2893424332141876,
    -4.275972514733439e-06
   ],
   [
    3.3095868730015354e-06,
    -3.829204160865629e-06,
    1.0
   ]
  ]
 },
 {
  "rotation_euler": [
   2.803773213599925e-06,
   2.996253215314937e-06,
   1.053502082824707
  ],
  "euler_order": "XYZ",
  "rotation_matrix": [
   [
    0.49453020095825195,
    -0.8691604137420654,
    3.918666607205523e-06
   ],
   [
    0.8691604137420654,
    0.49453020095825195,
    1.217674139297742e-06
   ],
   [
    -2.996253215314937e-06,
    2.803773213599925e-06,
    1.0
   ]
  ]
 },
 {
  "rotation_euler": [
   -3.612701675592689e-06,
   -1.7394345377397258e-06,
   -1.6962326765060425
  ],
  "euler_order": "XYZ",
  "rotation_matrix": [
   [
    -0.12510766088962555,
    0.9921431541442871,
    3.8019338717276696e-06
   ],
   [
    -0.9921431541442871,
    -0.12510766088962555,
    1.273791440326022e-06
   ],
   [
    1.7394345377397258e-06,
    -3.612701675592689e-06,
    1.0
   ]
  ]
 },
 {
  "rotation_euler": [
   -4.778715378961351e-07,
   -3.491567497349024e-07,
   -0.6598942279815674
  ],
  "euler_order": "XYZ",
  "rotation_matrix": [
   [
    0.7900570631027222,
    0.6130332946777344,
    1.7097399052090623e-08
   ],
   [
    -0.6130332946777344,
    0.7900570631027222,
    5.915904921494075e-07
   ],
   [
    3.491567497349024e-07,
    -4.778715378961351e-07,
    1.0
   ]
  ]
 },
 {
  "rotation_euler": [
   2.955889613076579e-06,
   -3.439318788878154e-06,
   1.7658759355545044
  ],
  "euler_order": "XYZ",
  "rotation_matrix": [
   [
    -0.19384463131427765,
    -0.9810322523117065,
    3.5665163977682823e-06
   ],
   [
    0.9810322523117065,
    -0.19384463131427765,
    -2.8010992991767125e-06
   ],
   [
    3.439318788878154e-06,
    2.955889613076579e-06,
    1.0
   ]
  ]
 },
 {
  "rotation_euler": [
   -3.559371862138505e-06,
   1.6871565549081424e-06,
   2.7526869773864746
  ],
  "euler_order": "XYZ",
  "rotation_matrix": [
   [
    -0.925324559211731,
    -0.3791760504245758,
    -2.9107959562679753e-06
   ],
   [
    0.3791760504245758,
    -0.925324559211731,
    -2.6538448310020613e-06
   ],
   [
    -1.6871565549081424e-06,
    -3.559371862138505e-06,
    1.0
   ]
  ]
 },
 {
  "rotation_euler": [
   -3.8131554447318194e-07,
   3.1308488246395427e-07,
   2.9957563877105713
  ],
  "euler_order": "XYZ",
  "rotation_matrix": [
   [
    -0.9893847107887268,
    -0.145319864153862,
    -3.651741167232103e-07
   ],
   [
    0.145319864153862,
    -0.9893847107887268,
    -3.3177030900333193e-07
   ],
   [
    -3.1308488246395427e-07,
    -3.8131554447318194e-07,
    1.0
   ]
  ]
 },
 {
  "rotation_euler": [
   -5.247608442005003e-06,
   -2.879211933759507e-06,
   -0.09353844076395035
  ],
  "euler_order": "XYZ",
  "rotation_matrix": [
   [
    0.9956284761428833,
    0.09340210258960724,
    -2.376487827859819e-06
   ],
   [
    -0.09340210258960724,
    0.9956284761428833,
    5.4935926527832635e-06
   ],
   [
    2.879211933759507e-06,
    -5.247608442005003e-06,
    1.0
   ]
  ]
 },
 {
  "rotation_euler": [
   -1.8716812064667465e-06,
   3.847192601824645e-06,
   -1.6648043394088745
  ],
  "euler_order": "XYZ",
  "rotation_matrix": [
   [
    -0.09386960417032242,
    0.9955844879150391,
    1.5022823163235444e-06
   ],
   [
    -0.9955844879150391,
    -0.09386960417032242,
    -4.005899427284021e-06
   ],
   [
    -3.847192601824645e-06,
    -1.8716812064667465e-06,
    1.0
   ]
  ]
 },
 {
  "rotation_euler": [
   0.049773190170526505,
   0.00042742150253616273,
   3.094379425048828
  ],
  "euler_order": "XYZ",
  "rotation_matrix": [
   [
    -0.9988855719566345,
    -0.047158483415842056,
    0.0019216937944293022
   ],
   [
    0.0471956841647625,
    -0.9976475834846497,
    0.04971734806895256
   ],
   [
    -0.00042742150253616273,
    0.04975263774394989,
    0.9987614750862122
   ]
  ]
 },
 {
  "rotation_euler": [
   3.852310783258872e-06,
   -2.97766655421583e-06,
   2.2029945850372314
  ],
  "euler_order": "XYZ",
  "rotation_matrix": [
   [
    -0.5909196138381958,
    -0.8067304491996765,
    4.86733779325732e-06
   ],
   [
    0.8067304491996765,
    -0.5909196138381958,
    -1.2576842323142046e-07
   ],
   [
    2.97766655421583e-06,
    3.852310783258872e-06,
    1.0
   ]
  ]
 },
 {
  "rotation_euler": [
   -3.2469100119669747e-07,
   -2.0561570579502586e-07,
   1.344046950340271
  ],
  "euler_order": "XYZ",
  "rotation_matrix": [
   [
    0.22481130063533783,
    -0.9744023084640503,
    -3.6260439628676977e-07
   ],
   [
    0.9744023084640503,
    0.22481130063533783,
    -1.2735821997011953e-07
   ],
   [
    2.0561570579502586e-07,
    -3.2469100119669747e-07,
    1.0
   ]
  ]
 },
 {
  "rotation_euler": [
   -1.5707963705062866,
   2.1319345250958577e-05,
   0.23440594971179962
  ],
  "euler_order": "XYZ",
  "rotation_matrix": [
   [
    0.9726524949073792,
    -2.0726161892525852e-05,
    -0.23226521909236908
   ],
   [
    0.23226521909236908,
    -4.994258233637083e-06,
    0.9726524949073792
   ],
   [
    -2.1319345250958577e-05,
    -1.0,
    -4.371138828673793e-08
   ]
  ]
 },
 {
  "rotation_euler": [
   3.2131421789927117e-07,
   -4.437507072907465e-07,
   0.19915911555290222
  ],
  "euler_order": "XYZ",
  "rotation_matrix": [
   [
    0.9802333116531372,
    -0.19784513115882874,
    -3.714087597472826e-07
   ],
   [
    0.19784513115882874,
    0.9802333116531372,
    -4.0275682522405987e-07
   ],
   [
    4.437507072907465e-07,
    3.2131421789927117e-07,
    1.0
   ]
  ]
 },
 {
  "rotation_euler": [
   -1.599275947228307e-07,
   1.8864113826566609e-07,
   -1.7851744890213013
  ],
  "euler_order": "XYZ",
  "rotation_matrix": [
   [
    -0.21273986995220184,
    0.977108895778656,
    1.1613518324793404e-07
   ],
   [
    -0.977108895778656,
    -0.21273986995220184,
    -2.1834590313574154e-07
   ],
   [
    -1.8864113826566609e-07,
    -1.599275947228307e-07,
    1.0
   ]
  ]
 },
 {
  "rotation_euler": [
   1.5657399892807007,
   -0.06657617539167404,
   2.535146474838257
  ],
  "euler_order": "XYZ",
  "rotation_matrix": [
   [
    -0.8198583722114563,
    0.051781270653009415,
    0.5702200531959534
   ],
   [
    0.5686883330345154,
    -0.04207131266593933,
    0.8214764595031738
   ],
   [
    0.06652700155973434,
    0.9977718591690063,
    0.005045114550739527
   ]
  ]
 }
]