[
 {
  "rotation_euler": [
   -1.654357362212977e-08,
   4.699457889500991e-08,
   2.4932613372802734
  ],
  "euler_order": "XYZ",
  "rotation_matrix": [
   [
    -0.7970925569534302,
    -0.603857159614563,
    -4.744898518538321e-08
   ],
   [
    0.603857159614563,
    -0.7970925569534302,
    1.5191252700219593e-08
   ],
   [
    -4.699457889500991e-08,
    -1.654357362212977e-08,
    1.0
   ]
  ]
 },
 {
  "rotation_euler": [
   -3.8016121500783484e-11,
   -3.72715663887746e-10,
   1.18485426902771
  ],
  "euler_order": "XYZ",
  "rotation_matrix": [
   [
    0.37643206119537354,
    -0.9264442324638367,
    -1.7552194420122902e-10
   ],
   [
    0.9264442324638367,
    0.37643206119537354,
    -3.3098979113077576e-10
   ],
   [
    3.72715663887746e-10,
    -3.8016121500783484e-11,
    1.0
   ]
  ]
 },
 {
  "rotation_euler": [
   -1.9365566572560056e-07,
   -8.057651825765788e-07,
   -1.7121943235397339
  ],
  "euler_order": "XYZ",
  "rotation_matrix": [
   [
    -0.1409272998571396,
    0.9900199770927429,
    3.052772683531657e-07
   ],
   [
    -0.9900199770927429,
    -0.1409272998571396,
    7.704322229074023e-07
   ],
   [
    8.057651825765788e-07,
    -1.9365566572560056e-07,
    1.0
   ]
  ]
 },
 {
  "rotation_euler": [
   -4.028068545380847e-09,
   -4.483540649857787e-09,
   -0.5002762079238892
  ],
  "euler_order": "XYZ",
  "rotation_matrix": [
   [
    0.8774501085281372,
    0.47966790199279785,
    -2.0019479407551444e-09
   ],
   [
    -0.47966790199279785,
    0.8774501085281372,
    5.685039994318686e-09
   ],
   [
    4.483540649857787e-09,
    -4.028068545380847e-09,
    1.0
   ]
  ]
 },
 {
  "rotation_euler": [
   0.00033251423155888915,
   -0.0009415830136276782,
   -0.3739420771598816
  ],
  "euler_order": "XYZ",
  "rotation_matrix": [
   [
    0.9308941960334778,
    0.3652876019477844,
    -0.0009979777969419956
   ],
   [
    -0.36528775095939636,
    0.930894672870636,
    3.441313674557023e-05
   ],
   [
    0.0009415828972123563,
    0.00033251408603973687,
    0.9999995231628418
   ]
  ]
 },
 {
  "rotation_euler": [
   -7.634850085480593e-09,
   4.0281538105091386e-08,
   2.6428680419921875
  ],
  "euler_order": "XYZ",
  "rotation_matrix": [
   [
    -0.8781933188438416,
    -0.4783058762550354,
    -3.902676937173055e-08
   ],
   [
    0.4783058762550354,
    -0.8781933188438416,
    1.2562022533302297e-08
   ],
   [
    -4.0281538105091386e-08,
    -7.634850085480593e-09,
    1.0
   ]
  ]
 },
 {
  "rotation_euler": [
   5.810451511933934e-06,
   7.2008474489848595e-06,
   -2.8969826698303223
  ],
  "euler_order": "XYZ",
  "rotation_matrix": [
   [
    -0.970231831073761,
    0.24217793345451355,
    -8.393654752580915e-06
   ],
   [
    -0.24217793345451355,
    -0.970231831073761,
    3.893598659487907e-06
   ],
   [
    -7.2008474489848595e-06,
    5.810451511933934e-06,
    1.0
   ]
  ]
 },
 {
  "rotation_euler": [
   -1.049475285321011e-12,
   -1.0411799460791071e-12,
   -0.43387389183044434
  ],
  "euler_order": "XYZ",
  "rotation_matrix": [
   [
    0.9073440432548523,
    0.4203889071941376,
    -5.035206192965935e-13
   ],
   [
    -0.4203889071941376,
    0.9073440432548523,
    1.389935584163171e-12
   ],
   [
    1.0411799460791071e-12,
    -1.049475285321011e-12,
    1.0
   ]
  ]
 },
 {
  "rotation_euler": [
   -2.30955689685744e-13,
   -2.645645746750247e-13,
   -2.406334400177002
  ],
  "euler_order": "XYZ",
  "rotation_matrix": [
   [
    -0.741657555103302,
    0.6707786917686462,
    3.511364647396792e-13
   ],
   [
    -0.6707786917686462,
    -0.741657555103302,
    6.174254816047669e-15
   ],
   [
    2.645645746750247e-13,
    -2.30955689685744e-13,
    1.0
   ]
  ]
 },
 {
  "rotation_euler": [
   -4.313454636333501e-14,
   -8.82684818114118e-15,
   -0.5362318754196167
  ],
  "euler_order": "XYZ",
  "rotation_matrix": [
   [
    0.8596399426460266,
    0.5109003782272339,
    1.4449545211606477e-14
   ],
   [
    -0.5109003782272339,
    0.8596399426460266,
    4.158981915369092e-14
   ],
   [
    8.82684818114118e-15,
    -4.313454636333501e-14,
    1.0
   ]
  ]
 },
 {
  "rotation_euler": [
   -1.4856507950938846e-12,
   -1.0136256417547784e-11,
   -1.0235798358917236
  ],
  "euler_order": "XYZ",
  "rotation_matrix": [
   [
    0.5203121900558472,
    0.8539761304855347,
    -4.00530737049154e-12
   ],
   [
    -0.8539761304855347,
    0.5203121900558472,
    9.429123280779717e-12
   ],
   [
    1.0136256417547784e-11,
    -1.4856507950938846e-12,
    1.0
   ]
  ]
 },
 {
  "rotation_euler": [
   1.1388072380213998e-05,
   1.146523754869122e-05,
   1.6675201654434204
  ],
  "euler_order": "XYZ",
  "rotation_matrix": [
   [
    -0.09657309204339981,
    -0.9953259229660034,
    1.0227609891444445e-05
   ],
   [
    0.9953259229660034,
    -0.09657309204339981,
    1.251142930414062e-05
   ],
   [
    -1.146523754869122e-05,
    1.1388072380213998e-05,
    1.0
   ]
  ]
 },
 {
  "rotation_euler": [
   -0.027841471135616302,
   0.008664984256029129,
   1.3249764442443848
  ],
  "euler_order": "XYZ",
  "rotation_matrix": [
   [
    0.24334250390529633,
    -0.969620943069458,
    -0.024893220514059067
   ],
   [
    0.9699017405509949,
    0.2430233657360077,
    0.015175528824329376
   ],
   [
    -0.008664876222610474,
    -0.02783682942390442,
    0.9995748996734619
   ]
  ]
 },
 {
  "rotation_euler": [
   -5.452203901031016e-13,
   -1.056031130597379e-12,
   -1.7021267414093018
  ],
  "euler_order": "XYZ",
  "rotation_matrix": [
   [
    -0.13095322251319885,
    0.9913885593414307,
    6.788159444270914e-13
   ],
   [
    -0.9913885593414307,
    -0.13095322251319885,
    9.755387686896655e-13
   ],
   [
    1.056031130597379e-12,
    -5.452203901031016e-13,
    1.0
   ]
  ]
 },
 {
  "rotation_euler": [
   4.1775891773676577e-11,
   1.7084972325775993e-11,
   2.5443649291992188
  ],
  "euler_order": "XYZ",
  "rotation_matrix": [
   [
    -0.8268977999687195,
    -0.5623522400856018,
    9.365241221415133e-12
   ],
   [
    0.5623522400856018,
    -0.8268977999687195,
    4.4152164563326934e-11
   ],
   [
    -1.7084972325775993e-11,
    4.1775891773676577e-11,
    1.0
   ]
  ]
 },
 {
  "rotation_euler": [
   0.027018079534173012,
   -0.013557333499193192,
   2.297877788543701
  ],
  "euler_order": "XYZ",
  "rotation_matrix": [
   [
    -0.6646308898925781,
    -0.746601402759552,
    0.029191110283136368
   ],
   [
    0.7470488548278809,
    -0.6647230386734009,
    0.007831601426005363
   ],
   [
    0.013556918129324913,
    0.027012309059500694,
    0.9995431900024414
   ]
  ]
 }
]