[
 {
  "rotation_euler": [
   -9.018182936415542e-06,
   -1.7768905308912508e-05,
   -1.5013481378555298
  ],
  "euler_order": "XYZ",
  "rotation_matrix": [
   [
    0.0693923756480217,
    0.9975894689559937,
    7.763417670503259e-06
   ],
   [
    -0.9975894689559937,
    0.0693923756480217,
    1.8351865946897306e-05
   ],
   [
    1.7768905308912508e-05,
    -9.018182936415542e-06,
    1.0
   ]
  ]
 },
 {
  "rotation_euler": [
   -1.1695624380081426e-05,
   -1.49779270941508e-05,
   2.9728498458862305
  ],
  "euler_order": "XYZ",
  "rotation_matrix": [
   [
    -0.9857966899871826,
    -0.16794314980506897,
    1.2800990589312278e-05
   ],
   [
    0.16794314980506897,
    -0.9857966899871826,
    -1.4044948329683393e-05
   ],
   [
    1.49779270941508e-05,
    -1.1695624380081426e-05,
    1.0
   ]
  ]
 },
 {
  "rotation_euler": [
   -8.601402441854589e-06,
   -1.6456850062240846e-05,
   2.698786973953247
  ],
  "euler_order": "XYZ",
  "rotation_matrix": [
   [
    -0.9035530686378479,
    -0.4284762144088745,
    1.1184140930708963e-05
   ],
   [
    0.4284762144088745,
    -0.9035530686378479,
    -1.4823192941548768e-05
   ],
   [
    1.6456850062240846e-05,
    -8.601402441854589e-06,
    1.0
   ]
  ]
 },
 {
  "rotation_euler": [
   -8.353795237781014e-06,
   -1.60476647579344e-05,
   1.7269093990325928
  ],
  "euler_order": "XYZ",
  "rotation_matrix": [
   [
    -0.15547972917556763,
    -0.9878391027450562,
    -5.7571187426219694e-06
   ],
   [
    0.9878391027450562,
    -0.15547972917556763,
    -1.7151356587419286e-05
   ],
   [
    1.60476647579344e-05,
    -8.353795237781014e-06,
    1.0
   ]
  ]
 },
 {
  "rotation_euler": [
   -8.60140335134929e-06,
   -1.645685188123025e-05,
   -0.46307575702667236
  ],
  "euler_order": "XYZ",
  "rotation_matrix": [
   [
    0.894682765007019,
    0.4467020332813263,
    -1.0881397429329809e-05
   ],
   [
    -0.4467020332813263,
    0.894682765007019,
    1.504683677922003e-05
   ],
   [
    1.645685188123025e-05,
    -8.60140335134929e-06,
    1.0
   ]
  ]
 },
 {
  "rotation_euler": [
   -8.38986125017982e-06,
   -1.6544086975045502e-05,
   -0.18277446925640106
  ],
  "euler_order": "XYZ",
  "rotation_matrix": [
   [
    0.9833431839942932,
    0.18175852298736572,
    -1.4743586689291988e-05
   ],
   [
    -0.18175852298736572,
    0.9833431839942932,
    1.1257141522946768e-05
   ],
   [
    1.6544086975045502e-05,
    -8.38986125017982e-06,
    1.0
   ]
  ]
 },
 {
  "rotation_euler": [
   -9.918117029883433e-06,
   -1.5348396118497476e-05,
   2.197628974914551
  ],
  "euler_order": "XYZ",
  "rotation_matrix": [
   [
    -0.5865824818611145,
    -0.8098894953727722,
    9.705219099487294e-07
   ],
   [
    0.8098894953727722,
    -0.5865824818611145,
    -1.8248298147227615e-05
   ],
   [
    1.5348396118497476e-05,
    -9.918117029883433e-06,
    1.0
   ]
  ]
 },
 {
  "rotation_euler": [
   -8.296642590721603e-06,
   -1.6165860870387405e-05,
   -0.47232407331466675
  ],
  "euler_order": "XYZ",
  "rotation_matrix": [
   [
    0.8905133605003357,
    0.45495712757110596,
    -1.0621298315527383e-05
   ],
   [
    -0.45495712757110596,
    0.8905133605003357,
    1.4743044630449731e-05
   ],
   [
    1.6165860870387405e-05,
    -8.296642590721603e-06,
    1.0
   ]
  ]
 },
 {
  "rotation_euler": [
   -8.344864909304306e-06,
   -1.6455354852951132e-05,
   2.93509578704834
  ],
  "euler_order": "XYZ",
  "rotation_matrix": [
   [
    -0.9787551760673523,
    -0.20503245294094086,
    1.439479547116207e-05
   ],
   [
    0.20503245294094086,
    -0.9787551760673523,
    -1.1541461390152108e-05
   ],
   [
    1.6455354852951132e-05,
    -8.344864909304306e-06,
    1.0
   ]
  ]
 },
 {
  "rotation_euler": [
   -9.1489227997954e-06,
   -1.7521459085401148e-05,
   -2.650614023208618
  ],
  "euler_order": "XYZ",
  "rotation_matrix": [
   [
    -0.8818718791007996,
    0.4714891314506531,
    1.976529892999679e-05
   ],
   [
    -0.4714891314506531,
    -0.8818718791007996,
    1.930000479433147e-07
   ],
   [
    1.7521459085401148e-05,
    -9.1489227997954e-06,
    1.0
   ]
  ]
 },
 {
  "rotation_euler": [
   -8.60141335579101e-06,
   -1.6456835510325618e-05,
   -2.098890781402588
  ],
  "euler_order": "XYZ",
  "rotation_matrix": [
   [
    -0.5038883090019226,
    0.8637688159942627,
    1.572204018884804e-05
   ],
   [
    -0.8637688159942627,
    -0.5038883090019226,
    9.88074953056639e-06
   ],
   [
    1.6456835510325618e-05,
    -8.60141335579101e-06,
    1.0
   ]
  ]
 },
 {
  "rotation_euler": [
   -8.263713425549213e-06,
   -1.6235338989645243e-05,
   -2.4105045795440674
  ],
  "euler_order": "XYZ",
  "rotation_matrix": [
   [
    -0.7444483637809753,
    0.667680025100708,
    1.760388840921223e-05
   ],
   [
    -0.667680025100708,
    -0.7444483637809753,
    4.68810412712628e-06
   ],
   [
    1.6235338989645243e-05,
    -8.263713425549213e-06,
    1.0
   ]
  ]
 },
 {
  "rotation_euler": [
   -9.225131179846358e-06,
   -1.4244341400626581e-05,
   1.400084137916565
  ],
  "euler_order": "XYZ",
  "rotation_matrix": [
   [
    0.16988423466682434,
    -0.9854640364646912,
    -1.151092419604538e-05
   ],
   [
    0.9854640364646912,
    0.16988423466682434,
    -1.2470081856008619e-05
   ],
   [
    1.4244341400626581e-05,
    -9.225131179846358e-06,
    1.0
   ]
  ]
 },
 {
  "rotation_euler": [
   -8.601402441854589e-06,
   -1.6456850062240846e-05,
   -1.7371100187301636
  ],
  "euler_order": "XYZ",
  "rotation_matrix": [
   [
    -0.16554804146289825,
    0.9862017035484314,
    1.1207117495359853e-05
   ],
   [
    -0.9862017035484314,
    -0.16554804146289825,
    1.480582886870252e-05
   ],
   [
    1.6456850062240846e-05,
    -8.601402441854589e-06,
    1.0
   ]
  ]
 },
 {
  "rotation_euler": [
   -1.193698790302733e-05,
   -2.268272146466188e-05,
   -1.4769138097763062
  ],
  "euler_order": "XYZ",
  "rotation_matrix": [
   [
    0.0937446653842926,
    0.9955962896347046,
    9.75803686742438e-06
   ],
   [
    -0.9955962896347046,
    0.0937446653842926,
    2.3701861209701747e-05
   ],
   [
    2.268272146466188e-05,
    -1.193698790302733e-05,
    1.0
   ]
  ]
 },
 {
  "rotation_euler": [
   -9.108392987400293e-06,
   -1.7905229469761252e-05,
   1.8924552202224731
  ],
  "euler_order": "XYZ",
  "rotation_matrix": [
   [
    -0.3161408007144928,
    -0.9487122893333435,
    -2.980670615215786e-06
   ],
   [
    0.9487122893333435,
    -0.3161408007144928,
    -1.986644565477036e-05
   ],
   [
    1.7905229469761252e-05,
    -9.108392987400293e-06,
    1.0
   ]
  ]
 }
]