[
 {
  "rotation_euler": [
   0.045846763998270035,
   -0.04960010200738907,
   -1.5938453674316406
  ],
  "euler_order": "XYZ",
  "rotation_matrix": [
   [
    -0.02301865629851818,
    0.9987362623214722,
    -0.044677067548036575
   ],
   [
    -0.9985048770904541,
    -0.020751111209392548,
    0.0505707748234272
   ],
   [
    0.049579765647649765,
    0.04577434062957764,
    0.9977206587791443
   ]
  ]
 },
 {
  "rotation_euler": [
   0.045846786350011826,
   -0.049600496888160706,
   -1.2997524738311768
  ],
  "euler_order": "XYZ",
  "rotation_matrix": [
   [
    0.2674080431461334,
    0.9618711471557617,
    -0.05741804838180542
   ],
   [
    -0.9623069763183594,
    0.2696453332901001,
    0.03544929251074791
   ],
   [
    0.0495801605284214,
    0.04577436298131943,
    0.9977206587791443
   ]
  ]
 },
 {
  "rotation_euler": [
   0.045847032219171524,
   -0.04960028827190399,
   -1.8692623376846313
  ],
  "euler_order": "XYZ",
  "rotation_matrix": [
   [
    -0.2936927378177643,
    0.955452561378479,
    -0.029240842908620834
   ],
   [
    -0.954613208770752,
    -0.29157355427742004,
    0.06081496179103851
   ],
   [
    0.04957995191216469,
    0.045774608850479126,
    0.9977206587791443
   ]
  ]
 },
 {
  "rotation_euler": [
   0.045847631990909576,
   -0.04960164055228233,
   2.4935736656188965
  ],
  "euler_order": "XYZ",
  "rotation_matrix": [
   [
    -0.7963005304336548,
    -0.6011621356010437,
    0.06715300679206848
   ],
   [
    0.6028657555580139,
    -0.7978149652481079,
    0.006644415203481913
   ],
   [
    0.04958130419254303,
    0.04577520117163658,
    0.9977205395698547
   ]
  ]
 },
 {
  "rotation_euler": [
   0.045846015214920044,
   -0.049599140882492065,
   2.418259859085083
  ],
  "euler_order": "XYZ",
  "rotation_matrix": [
   [
    -0.7486821413040161,
    -0.6594879031181335,
    0.06745965778827667
   ],
   [
    0.6610726118087769,
    -0.7503202557563782,
    0.001573248882777989
   ],
   [
    0.04957880824804306,
    0.045773595571517944,
    0.9977207779884338
   ]
  ]
 },
 {
  "rotation_euler": [
   0.045846354216337204,
   -0.04959939792752266,
   1.6308010816574097
  ],
  "euler_order": "XYZ",
  "rotation_matrix": [
   [
    -0.05989500507712364,
    -0.997015118598938,
    0.04871788248419762
   ],
   [
    0.9969726800918579,
    -0.06217387318611145,
    -0.04668944701552391
   ],
   [
    0.049579065293073654,
    0.045773934572935104,
    0.9977207183837891
   ]
  ]
 },
 {
  "rotation_euler": [
   0.04584132879972458,
   -0.04959087073802948,
   0.8190158009529114
  ],
  "euler_order": "XYZ",
  "rotation_matrix": [
   [
    0.6821008920669556,
    -0.7312580347061157,
    -0.0003439948195591569
   ],
   [
    0.7295759916305542,
    0.6805636882781982,
    -0.06746789067983627
   ],
   [
    0.04957054555416107,
    0.04576893895864487,
    0.9977213740348816
   ]
  ]
 },
 {
  "rotation_euler": [
   0.04584650695323944,
   -0.049599580466747284,
   1.553762674331665
  ],
  "euler_order": "XYZ",
  "rotation_matrix": [
   [
    0.01701188087463379,
    -0.9988430142402649,
    0.044980213046073914
   ],
   [
    0.9986252784729004,
    0.014743021689355373,
    -0.050300586968660355
   ],
   [
    0.04957924783229828,
    0.04577408358454704,
    0.9977207183837891
   ]
  ]
 },
 {
  "rotation_euler": [
   0.04584720730781555,
   -0.049599990248680115,
   -2.510380983352661
  ],
  "euler_order": "XYZ",
  "rotation_matrix": [
   [
    -0.8063201904296875,
    0.5913377404212952,
    0.012938211672008038
   ],
   [
    -0.5893976092338562,
    -0.8051238059997559,
    0.06622745096683502
   ],
   [
    0.04957965388894081,
    0.045774783939123154,
    0.9977206587791443
   ]
  ]
 },
 {
  "rotation_euler": [
   0.045842815190553665,
   -0.04958667978644371,
   -2.0544440746307373
  ],
  "euler_order": "XYZ",
  "rotation_matrix": [
   [
    -0.4644400477409363,
    0.8854307532310486,
    -0.017545919865369797
   ],
   [
    -0.8842163681983948,
    -0.46251216530799866,
    0.06514520198106766
   ],
   [
    0.0495663620531559,
    0.04577043280005455,
    0.9977215528488159
   ]
  ]
 },
 {
  "rotation_euler": [
   0.0458473265171051,
   -0.049601249396800995,
   1.8570067882537842
  ],
  "euler_order": "XYZ",
  "rotation_matrix": [
   [
    -0.28197166323661804,
    -0.957671046257019,
    0.057949796319007874
   ],
   [
    0.9581407904624939,
    -0.28420212864875793,
    -0.03457498177886009
   ],
   [
    0.04958091303706169,
    0.045774899423122406,
    0.9977205991744995
   ]
  ]
 },
 {
  "rotation_euler": [
   0.04584665596485138,
   -0.04959999397397041,
   -3.045149326324463
  ],
  "euler_order": "XYZ",
  "rotation_matrix": [
   [
    -0.9941288232803345,
    0.09845440834760666,
    0.044884197413921356
   ],
   [
    -0.09617546200752258,
    -0.9940882325172424,
    0.05038681998848915
   ],
   [
    0.04957965761423111,
    0.04577423259615898,
    0.9977207183837891
   ]
  ]
 },
 {
  "rotation_euler": [
   0.045847538858652115,
   -0.04960060492157936,
   -1.8445345163345337
  ],
  "euler_order": "XYZ",
  "rotation_matrix": [
   [
    -0.2699998617172241,
    0.9623696804046631,
    -0.03073597326874733
   ],
   [
    -0.9615830183029175,
    -0.2678605318069458,
    0.06007382273674011
   ],
   [
    0.04958026856184006,
    0.04577511176466942,
    0.9977205991744995
   ]
  ]
 },
 {
  "rotation_euler": [
   0.04584726318717003,
   -0.04960090294480324,
   0.5127565264701843
  ],
  "euler_order": "XYZ",
  "rotation_matrix": [
   [
    0.8703238368034363,
    -0.49204573035240173,
    -0.02067496068775654
   ],
   [
    0.48997777700424194,
    0.8693650960922241,
    -0.06423483788967133
   ],
   [
    0.049580566585063934,
    0.04577483609318733,
    0.9977205991744995
   ]
  ]
 },
 {
  "rotation_euler": [
   0.04584655538201332,
   -0.04959981516003609,
   1.8950551748275757
  ],
  "euler_order": "XYZ",
  "rotation_matrix": [
   [
    -0.3182145059108734,
    -0.9461671710014343,
    0.05922187492251396
   ],
   [
    0.9467213749885559,
    -0.3204253911972046,
    -0.03234448283910751
   ],
   [
    0.04957947880029678,
    0.04577413201332092,
    0.9977207183837891
   ]
  ]
 },
 {
  "rotation_euler": [
   0.045846544206142426,
   -0.04959901422262192,
   1.7047526836395264
  ],
  "euler_order": "XYZ",
  "rotation_matrix": [
   [
    -0.1333918422460556,
    -0.9896964430809021,
    0.05203447863459587
   ],
   [
    0.989822506904602,
    -0.1356676071882248,
    -0.04296194761991501
   ],
   [
    0.04957868158817291,
    0.045774124562740326,
    0.9977207183837891
   ]
  ]
 }
]