[
 {
  "rotation_euler": [
   6.754410009079947e-08,
   -3.0713399610249326e-06,
   2.196227550506592
  ],
  "euler_order": "XYZ",
  "rotation_matrix": [
   [
    -0.5854469537734985,
    -0.8107107281684875,
    1.852865239015955e-06
   ],
   [
    0.8107107281684875,
    -0.5854469537734985,
    -2.4504247448930983e-06
   ],
   [
    3.0713399610249326e-06,
    6.754410009079947e-08,
    1.0
   ]
  ]
 },
 {
  "rotation_euler": [
   -4.77522981157108e-08,
   6.88403147819372e-08,
   1.0400151014328003
  ],
  "euler_order": "XYZ",
  "rotation_matrix": [
   [
    0.5062072277069092,
    -0.8624118566513062,
    -6.334683444464417e-09
   ],
   [
    0.8624118566513062,
    0.5062072277069092,
    8.354126634912973e-08
   ],
   [
    -6.88403147819372e-08,
    -4.77522981157108e-08,
    1.0
   ]
  ]
 },
 {
  "rotation_euler": [
   9.610445061980499e-08,
   -5.981944468658185e-07,
   -0.2218279242515564
  ],
  "euler_order": "XYZ",
  "rotation_matrix": [
   [
    0.9754968881607056,
    0.22001312673091888,
    -6.046810767657007e-07
   ],
   [
    -0.22001312673091888,
    0.9754968881607056,
    3.786103519587414e-08
   ],
   [
    5.981944468658185e-07,
    9.610445061980499e-08,
    1.0
   ]
  ]
 },
 {
  "rotation_euler": [
   8.873898593719787e-08,
   -7.458764343937219e-07,
   1.2544639110565186
  ],
  "euler_order": "XYZ",
  "rotation_matrix": [
   [
    0.311083048582077,
    -0.9503827095031738,
    -1.4769351253107743e-07
   ],
   [
    0.9503827095031738,
    0.311083048582077,
    -7.364732823589293e-07
   ],
   [
    7.458764343937219e-07,
    8.873898593719787e-08,
    1.0
   ]
  ]
 },
 {
  "rotation_euler": [
   -4.539370479506033e-08,
   6.979729505474097e-08,
   -2.300468683242798
  ],
  "euler_order": "XYZ",
  "rotation_matrix": [
   [
    -0.666625440120697,
    0.7453928589820862,
    -1.2692510154010961e-08
   ],
   [
    -0.7453928589820862,
    -0.666625440120697,
    -8.228700210111128e-08
   ],
   [
    -6.979729505474097e-08,
    -4.539370479506033e-08,
    1.0
   ]
  ]
 },
 {
  "rotation_euler": [
   6.187053092077122e-10,
   -8.686013330816422e-08,
   -0.47739318013191223
  ],
  "euler_order": "XYZ",
  "rotation_matrix": [
   [
    0.8881956934928894,
    0.4594653844833374,
    -7.743307151031331e-08
   ],
   [
    -0.4594653844833374,
    0.8881956934928894,
    3.935969061785727e-08
   ],
   [
    8.686013330816422e-08,
    6.187053092077122e-10,
    1.0
   ]
  ]
 },
 {
  "rotation_euler": [
   -4.738946657312226e-08,
   1.1065076677141406e-07,
   0.1628706455230713
  ],
  "euler_order": "XYZ",
  "rotation_matrix": [
   [
    0.9867658615112305,
    -0.1621515303850174,
    1.0150212403914338e-07
   ],
   [
    0.1621515303850174,
    0.9867658615112305,
    6.470450131246253e-08
   ],
   [
    -1.1065076677141406e-07,
    -4.738946657312226e-08,
    1.0
   ]
  ]
 },
 {
  "rotation_euler": [
   -2.3296403884887695,
   -1.1457749605178833,
   -1.1204886436462402
  ],
  "euler_order": "XYZ",
  "rotation_matrix": [
   [
    0.17946802079677582,
    -0.33176350593566895,
    0.9261339902877808
   ],
   [
    -0.37123537063598633,
    -0.8946552276611328,
    -0.24854835867881775
   ],
   [
    0.9110299348831177,
    -0.29920724034309387,
    -0.2837243676185608
   ]
  ]
 },
 {
  "rotation_euler": [
   -2.512279024813324e-07,
   -2.0821848067953397e-07,
   -0.8350672721862793
  ],
  "euler_order": "XYZ",
  "rotation_matrix": [
   [
    0.6711277961730957,
    0.7413416504859924,
    4.6504496253874095e-08
   ],
   [
    -0.7413416504859924,
    0.6711277961730957,
    3.229670539894869e-07
   ],
   [
    2.0821848067953397e-07,
    -2.512279024813324e-07,
    1.0
   ]
  ]
 },
 {
  "rotation_euler": [
   -4.4203897431316364e-08,
   2.989545322407139e-08,
   3.0241944789886475
  ],
  "euler_order": "XYZ",
  "rotation_matrix": [
   [
    -0.9931167364120483,
    -0.11712869256734848,
    -3.4867220222167816e-08
   ],
   [
    0.11712869256734848,
    -0.9931167364120483,
    -4.039801382305086e-08
   ],
   [
    -2.989545322407139e-08,
    -4.4203897431316364e-08,
    1.0
   ]
  ]
 },
 {
  "rotation_euler": [
   -3.684226967948234e-08,
   5.557405913236835e-08,
   -0.31041547656059265
  ],
  "euler_order": "XYZ",
  "rotation_matrix": [
   [
    0.9522067308425903,
    0.305454283952713,
    6.417162268235188e-08
   ],
   [
    -0.305454283952713,
    0.9522067308425903,
    1.810612282326929e-08
   ],
   [
    -5.557405913236835e-08,
    -3.684226967948234e-08,
    1.0
   ]
  ]
 },
 {
  "rotation_euler": [
   3.350074706531814e-08,
   -7.714559728810855e-07,
   0.8334131836891174
  ],
  "euler_order": "XYZ",
  "rotation_matrix": [
   [
    0.6723531484603882,
    -0.7402305603027344,
    -4.938925712849596e-07
   ],
   [
    0.7402305603027344,
    0.6723531484603882,
    -5.935796139056038e-07
   ],
   [
    7.714559728810855e-07,
    3.350074706531814e-08,
    1.0
   ]
  ]
 },
 {
  "rotation_euler": [
   1.4210434073902434e-07,
   -1.4219344848243054e-06,
   -1.0501984357833862
  ],
  "euler_order": "XYZ",
  "rotation_matrix": [
   [
    0.49739891290664673,
    0.8675219416618347,
    -8.30547321584163e-07
   ],
   [
    -0.8675219416618347,
    0.49739891290664673,
    1.1628768561422476e-06
   ],
   [
    1.4219344848243054e-06,
    1.4210434073902434e-07,
    1.0
   ]
  ]
 },
 {
  "rotation_euler": [
   -1.8602086981900356e-07,
   5.788859311905981e-07,
   -1.5344042778015137
  ],
  "euler_order": "XYZ",
  "rotation_matrix": [
   [
    0.036384016275405884,
    0.999337911605835,
    2.069598963316821e-07
   ],
   [
    -0.999337911605835,
    0.036384016275405884,
    -5.717344606637198e-07
   ],
   [
    -5.788859311905981e-07,
    -1.8602086981900356e-07,
    1.0
   ]
  ]
 },
 {
  "rotation_euler": [
   -1.377516491629649e-05,
   -3.9682148781139404e-05,
   -2.6146624088287354
  ],
  "euler_order": "XYZ",
  "rotation_matrix": [
   [
    -0.8643548488616943,
    0.5028823614120483,
    4.1226747271139175e-05
   ],
   [
    -0.5028823614120483,
    -0.8643548488616943,
    8.048821655393112e-06
   ],
   [
    3.9682148781139404e-05,
    -1.377516491629649e-05,
    1.0
   ]
  ]
 },
 {
  "rotation_euler": [
   -2.9730225037383207e-07,
   1.012190864457807e-06,
   -0.7822751998901367
  ],
  "euler_order": "XYZ",
  "rotation_matrix": [
   [
    0.7093116044998169,
    0.7048950791358948,
    9.275256047658331e-07
   ],
   [
    -0.7048950791358948,
    0.7093116044998169,
    -5.026084295423061e-07
   ],
   [
    -1.012190864457807e-06,
    -2.9730225037383207e-07,
    1.0
   ]
  ]
 }
]