[
 {
  "rotation_euler": [
   0.014893821440637112,
   -4.579643700708402e-06,
   -0.20590585470199585
  ],
  "euler_order": "XYZ",
  "rotation_matrix": [
   [
    0.9788761734962463,
    0.2044312208890915,
    -0.003049470717087388
   ],
   [
    -0.2044539600610733,
    0.9787676334381104,
    -0.014577731490135193
   ],
   [
    4.579643700708402e-06,
    0.014893271028995514,
    0.999889075756073
   ]
  ]
 },
 {
  "rotation_euler": [
   0.014911788515746593,
   2.4378801754210144e-05,
   1.9440799951553345
  ],
  "euler_order": "XYZ",
  "rotation_matrix": [
   [
    -0.3646749258041382,
    -0.9310315251350403,
    0.013875482603907585
   ],
   [
    0.9311348795890808,
    -0.36463403701782227,
    0.005460451357066631
   ],
   [
    -2.4378801754210144e-05,
    0.014911236241459846,
    0.9998888373374939
   ]
  ]
 },
 {
  "rotation_euler": [
   0.014896083623170853,
   3.1678825962444535e-06,
   2.30887508392334
  ],
  "euler_order": "XYZ",
  "rotation_matrix": [
   [
    -0.6728678941726685,
    -0.7396806478500366,
    0.01101702731102705
   ],
   [
    0.7397626638412476,
    -0.6727932095527649,
    0.010025069117546082
   ],
   [
    -3.1678825962444535e-06,
    0.01489553228020668,
    0.999889075756073
   ]
  ]
 },
 {
  "rotation_euler": [
   0.014897220768034458,
   3.318120661788271e-06,
   -0.0819016620516777
  ],
  "euler_order": "XYZ",
  "rotation_matrix": [
   [
    0.9966479539871216,
    0.08180110156536102,
    -0.001215391792356968
   ],
   [
    -0.0818101316690445,
    0.9965373277664185,
    -0.014847006648778915
   ],
   [
    -3.318120661788271e-06,
    0.014896669425070286,
    0.9998890161514282
   ]
  ]
 },
 {
  "rotation_euler": [
   0.014901513233780861,
   2.3480947675125208e-06,
   -0.512627124786377
  ],
  "euler_order": "XYZ",
  "rotation_matrix": [
   [
    0.8714590072631836,
    0.49041393399238586,
    -0.007306404411792755
   ],
   [
    -0.4904683828353882,
    0.8713622093200684,
    -0.012986728921532631
   ],
   [
    -2.3480947675125208e-06,
    0.014900961890816689,
    0.9998889565467834
   ]
  ]
 },
 {
  "rotation_euler": [
   0.014897732064127922,
   6.120713806012645e-06,
   1.3516532182693481
  ],
  "euler_order": "XYZ",
  "rotation_matrix": [
   [
    0.21739330887794495,
    -0.975975751876831,
    0.014542232267558575
   ],
   [
    0.9760841131210327,
    0.21736927330493927,
    -0.0032325738575309515
   ],
   [
    -6.120713806012645e-06,
    0.01489718072116375,
    0.9998890161514282
   ]
  ]
 },
 {
  "rotation_euler": [
   0.014919985085725784,
   9.88545889413217e-06,
   0.32019299268722534
  ],
  "euler_order": "XYZ",
  "rotation_matrix": [
   [
    0.949174702167511,
    -0.31471458077430725,
    0.004705269355326891
   ],
   [
    0.31474974751472473,
    0.949069082736969,
    -0.0141580356284976
   ],
   [
    -9.88545889413217e-06,
    0.014919431880116463,
    0.9998887181282043
   ]
  ]
 },
 {
  "rotation_euler": [
   0.014896404929459095,
   2.6106633868039353e-06,
   2.33565616607666
  ],
  "euler_order": "XYZ",
  "rotation_matrix": [
   [
    -0.6924358606338501,
    -0.7213993668556213,
    0.010745244100689888
   ],
   [
    0.7214794158935547,
    -0.6923590302467346,
    0.010316306725144386
   ],
   [
    -2.6106633868039353e-06,
    0.014895853586494923,
    0.999889075756073
   ]
  ]
 },
 {
  "rotation_euler": [
   0.014896237291395664,
   2.9840496154065477e-06,
   -1.9800697565078735
  ],
  "euler_order": "XYZ",
  "rotation_matrix": [
   [
    -0.3979428708553314,
    0.9173083901405334,
    -0.013666641898453236
   ],
   [
    -0.9174101948738098,
    -0.39789876341819763,
    0.005924894940108061
   ],
   [
    -2.9840496154065477e-06,
    0.014895685948431492,
    0.999889075756073
   ]
  ]
 },
 {
  "rotation_euler": [
   0.014898083172738552,
   1.5828668438189197e-06,
   1.403976559638977
  ],
  "euler_order": "XYZ",
  "rotation_matrix": [
   [
    0.1660471111536026,
    -0.9860084056854248,
    0.014690984971821308
   ],
   [
    0.9861178398132324,
    0.1660287082195282,
    -0.0024721315130591393
   ],
   [
    -1.5828668438189197e-06,
    0.01489753182977438,
    0.9998890161514282
   ]
  ]
 },
 {
  "rotation_euler": [
   0.014897730201482773,
   6.121067144704284e-06,
   -0.7999676465988159
  ],
  "euler_order": "XYZ",
  "rotation_matrix": [
   [
    0.6967298984527588,
    0.7172539830207825,
    -0.010681982152163982
   ],
   [
    -0.7173335552215576,
    0.6966525316238403,
    -0.01038370095193386
   ],
   [
    -6.121067144704284e-06,
    0.0148971788585186,
    0.9998890161514282
   ]
  ]
 },
 {
  "rotation_euler": [
   0.014898362569510937,
   -1.9696465187735157e-06,
   2.1387314796447754
  ],
  "euler_order": "XYZ",
  "rotation_matrix": [
   [
    -0.5378925204277039,
    -0.8429198861122131,
    0.01256011426448822
   ],
   [
    0.8430134654045105,
    -0.5378328561782837,
    0.008011761121451855
   ],
   [
    1.9696465187735157e-06,
    0.014897811226546764,
    0.9998890161514282
   ]
  ]
 },
 {
  "rotation_euler": [
   0.014900799840688705,
   5.426717279988225e-07,
   -0.06334494054317474
  ],
  "euler_order": "XYZ",
  "rotation_matrix": [
   [
    0.9979943633079529,
    0.06329556554555893,
    -0.0009426827309653163
   ],
   [
    -0.06330258399248123,
    0.9978835582733154,
    -0.014870398677885532
   ],
   [
    -5.426717279988225e-07,
    0.014900248497724533,
    0.9998889565467834
   ]
  ]
 },
 {
  "rotation_euler": [
   0.01490402314811945,
   -3.0332143978739623e-06,
   1.8406769037246704
  ],
  "euler_order": "XYZ",
  "rotation_matrix": [
   [
    -0.2666163444519043,
    -0.9636957049369812,
    0.014364815317094326
   ],
   [
    0.9638027548789978,
    -0.2665867805480957,
    0.003970585763454437
   ],
   [
    3.0332143978739623e-06,
    0.014903471805155277,
    0.9998889565467834
   ]
  ]
 },
 {
  "rotation_euler": [
   0.014897219836711884,
   3.2986242786137154e-06,
   1.9472072124481201
  ],
  "euler_order": "XYZ",
  "rotation_matrix": [
   [
    -0.3675850033760071,
    -0.9298867583274841,
    0.013852539472281933
   ],
   [
    0.9299899339675903,
    -0.36754417419433594,
    0.0054788594134151936
   ],
   [
    -3.2986242786137154e-06,
    0.014896668493747711,
    0.9998890161514282
   ]
  ]
 },
 {
  "rotation_euler": [
   0.014901314862072468,
   2.0561585188261233e-05,
   0.3235524296760559
  ],
  "euler_order": "XYZ",
  "rotation_matrix": [
   [
    0.9481119513511658,
    -0.317901074886322,
    0.004756991285830736
   ],
   [
    0.31793665885925293,
    0.948006808757782,
    -0.014121055603027344
   ],
   [
    -2.0561585188261233e-05,
    0.014900763519108295,
    0.9998889565467834
   ]
  ]
 }
]