[
 {
  "rotation_euler": [
   -0.05368633195757866,
   0.08271197229623795,
   -1.5174356698989868
  ],
  "euler_order": "XYZ",
  "rotation_matrix": [
   [
    0.05315300077199936,
    0.9969015121459961,
    0.05798426270484924
   ],
   [
    -0.995162844657898,
    0.0576854944229126,
    -0.07951923459768295
   ],
   [
    -0.08261769264936447,
    -0.05347709730267525,
    0.9951454997062683
   ]
  ]
 },
 {
  "rotation_euler": [
   -0.06874213367700577,
   0.10058719664812088,
   -0.43350034952163696
  ],
  "euler_order": "XYZ",
  "rotation_matrix": [
   [
    0.9029139280319214,
    0.41279837489128113,
    0.11976629495620728
   ],
   [
    -0.41792675852775574,
    0.9082549214363098,
    0.0202536229044199
   ],
   [
    -0.10041766613721848,
    -0.06834081560373306,
    0.9925954937934875
   ]
  ]
 },
 {
  "rotation_euler": [
   -0.04715656861662865,
   0.08294558525085449,
   1.4031450748443604
  ],
  "euler_order": "XYZ",
  "rotation_matrix": [
   [
    0.16629330813884735,
    -0.9855350255966187,
    -0.03266853094100952
   ],
   [
    0.982589602470398,
    0.16283075511455536,
    0.08946404606103897
   ],
   [
    -0.08285050839185715,
    -0.046977028250694275,
    0.9954541325569153
   ]
  ]
 },
 {
  "rotation_euler": [
   -0.0627174898982048,
   -0.09599602967500687,
   3.0287792682647705
  ],
  "euler_order": "XYZ",
  "rotation_matrix": [
   [
    -0.9890685081481934,
    -0.11832217127084732,
    0.08799638599157333
   ],
   [
    0.1120559424161911,
    -0.9910134077072144,
    -0.07304684072732925
   ],
   [
    0.09584865719079971,
    -0.06238781288266182,
    0.9934388995170593
   ]
  ]
 },
 {
  "rotation_euler": [
   -0.04285135865211487,
   -0.08314483612775803,
   1.6971691846847534
  ],
  "euler_order": "XYZ",
  "rotation_matrix": [
   [
    -0.1256013661623001,
    -0.9915633201599121,
    -0.032039009034633636
   ],
   [
    0.9885985851287842,
    -0.12239176034927368,
    -0.08771036565303802
   ],
   [
    0.08304907381534576,
    -0.04269025847315788,
    0.9956306219100952
   ]
  ]
 },
 {
  "rotation_euler": [
   -0.051233064383268356,
   -0.08136266469955444,
   -1.6185340881347656
  ],
  "euler_order": "XYZ",
  "rotation_matrix": [
   [
    -0.04756176844239235,
    0.9973515272140503,
    0.05502554029226303
   ],
   [
    -0.9955564141273499,
    -0.05181431770324707,
    0.07863006740808487
   ],
   [
    0.0812729224562645,
    -0.051041241735219955,
    0.9953840970993042
   ]
  ]
 },
 {
  "rotation_euler": [
   -0.05849277973175049,
   -0.09277277439832687,
   1.4398666620254517
  ],
  "euler_order": "XYZ",
  "rotation_matrix": [
   [
    0.1299944818019867,
    -0.989038348197937,
    -0.07003305852413177
   ],
   [
    0.9871774315834045,
    0.13570193946361542,
    -0.08405753970146179
   ],
   [
    0.0926397517323494,
    -0.05820803716778755,
    0.9939968585968018
   ]
  ]
 },
 {
  "rotation_euler": [
   -0.07833158224821091,
   -0.10787788033485413,
   2.308086395263672
  ],
  "euler_order": "XYZ",
  "rotation_matrix": [
   [
    -0.6683761477470398,
    -0.7436872720718384,
    0.014233008027076721
   ],
   [
    0.7359896898269653,
    -0.6639856100082397,
    -0.13206928968429565
   ],
   [
    0.10766876488924026,
    -0.07779661566019058,
    0.9911382794380188
   ]
  ]
 },
 {
  "rotation_euler": [
   -0.10673370957374573,
   0.09811011701822281,
   -0.5503957867622375
  ],
  "euler_order": "XYZ",
  "rotation_matrix": [
   [
    0.8482188582420349,
    0.511154294013977,
    0.1387302279472351
   ],
   [
    -0.5205094218254089,
    0.8529251217842102,
    0.03985820710659027
   ],
   [
    -0.09795279800891876,
    -0.10601887106895447,
    0.9895277619361877
   ]
  ]
 },
 {
  "rotation_euler": [
   -0.09756750613451004,
   0.12030433863401413,
   -1.369875192642212
  ],
  "euler_order": "XYZ",
  "rotation_matrix": [
   [
    0.1981295496225357,
    0.9728897213935852,
    0.11929073929786682
   ],
   [
    -0.9728007316589355,
    0.21007861196994781,
    -0.09759987890720367
   ],
   [
    -0.12001435458660126,
    -0.09670870006084442,
    0.9880505800247192
   ]
  ]
 },
 {
  "rotation_euler": [
   -0.10422588139772415,
   0.13161154091358185,
   2.1774802207946777
  ],
  "euler_order": "XYZ",
  "rotation_matrix": [
   [
    -0.5652154684066772,
    -0.8093007802963257,
    -0.15988647937774658
   ],
   [
    0.8144382238388062,
    -0.5782688856124878,
    0.04791116341948509
   ],
   [
    -0.13123191893100739,
    -0.1031375378370285,
    0.9859720468521118
   ]
  ]
 },
 {
  "rotation_euler": [
   -0.09145695716142654,
   0.1177801638841629,
   -2.0612778663635254
  ],
  "euler_order": "XYZ",
  "rotation_matrix": [
   [
    -0.4677872359752655,
    0.8834748864173889,
    0.025441410019993782
   ],
   [
    -0.875994861125946,
    -0.4596153497695923,
    -0.1462422013282776
   ],
   [
    -0.11750803887844086,
    -0.0906967744231224,
    0.988921582698822
   ]
  ]
 },
 {
  "rotation_euler": [
   -0.06868552416563034,
   0.1005440503358841,
   -2.293656349182129
  ],
  "euler_order": "XYZ",
  "rotation_matrix": [
   [
    -0.6581912040710449,
    0.7527057528495789,
    -0.014776607044041157
   ],
   [
    -0.7461295127868652,
    -0.6548062562942505,
    -0.12049717456102371
   ],
   [
    -0.100374735891819,
    -0.06828492134809494,
    0.9926036596298218
   ]
  ]
 },
 {
  "rotation_euler": [
   -0.0527305006980896,
   0.08837015181779861,
   1.423266053199768
  ],
  "euler_order": "XYZ",
  "rotation_matrix": [
   [
    0.14642208814620972,
    -0.988446056842804,
    -0.039178431034088135
   ],
   [
    0.9852774143218994,
    0.14219032227993011,
    0.09492270648479462
   ],
   [
    -0.08825518190860748,
    -0.0525004044175148,
    0.9947133660316467
   ]
  ]
 },
 {
  "rotation_euler": [
   -0.09766543656587601,
   0.12456592917442322,
   -1.7789667844772339
  ],
  "euler_order": "XYZ",
  "rotation_matrix": [
   [
    -0.20506885647773743,
    0.9762519001960754,
    0.069849893450737
   ],
   [
    -0.9708296656608582,
    -0.19383181631565094,
    -0.1411348581314087
   ],
   [
    -0.12424403429031372,
    -0.09675470739603043,
    0.9875231385231018
   ]
  ]
 },
 {
  "rotation_euler": [
   -0.056016694754362106,
   -0.09088367223739624,
   -2.2300333976745605
  ],
  "euler_order": "XYZ",
  "rotation_matrix": [
   [
    -0.6099860668182373,
    0.7861075401306152,
    0.09975951164960861
   ],
   [
    -0.787197470664978,
    -0.6155698299407959,
    0.037335436791181564
   ],
   [
    0.09075860679149628,
    -0.0557563379406929,
    0.9943108558654785
   ]
  ]
 }
]