[
 {
  "rotation_euler": [
   -0.00010560197551967576,
   1.3319238405529177e-06,
   -2.866274356842041
  ],
  "euler_order": "XYZ",
  "rotation_matrix": [
   [
    -0.9623387455940247,
    0.2718532681465149,
    2.742647848208435e-05
   ],
   [
    -0.2718532681465149,
    -0.9623386859893799,
    -0.00010198695963481441
   ],
   [
    -1.3319238405529177e-06,
    -0.00010560197551967576,
    1.0
   ]
  ]
 },
 {
  "rotation_euler": [
   -0.00010655139340087771,
   2.01373768504709e-06,
   -0.034117817878723145
  ],
  "euler_order": "XYZ",
  "rotation_matrix": [
   [
    0.9994180202484131,
    0.03411119803786278,
    5.647161742672324e-06
   ],
   [
    -0.03411119803786278,
    0.9994180202484131,
    0.00010642069537425414
   ],
   [
    -2.01373768504709e-06,
    -0.00010655139340087771,
    1.0
   ]
  ]
 },
 {
  "rotation_euler": [
   -0.00010709454363677651,
   2.3812513063603546e-06,
   1.4575377702713013
  ],
  "euler_order": "XYZ",
  "rotation_matrix": [
   [
    0.11301657557487488,
    -0.9935930967330933,
    -0.00010613927588565275
   ],
   [
    0.9935930967330933,
    0.11301657557487488,
    1.4469453162746504e-05
   ],
   [
    -2.3812513063603546e-06,
    -0.00010709454363677651,
    1.0
   ]
  ]
 },
 {
  "rotation_euler": [
   -0.00010710962669691071,
   2.374765699642012e-06,
   -1.7062604427337646
  ],
  "euler_order": "XYZ",
  "rotation_matrix": [
   [
    -0.1350501924753189,
    0.9908387660980225,
    0.00010580765956547111
   ],
   [
    -0.9908387660980225,
    -0.1350501924753189,
    -1.6818185031297617e-05
   ],
   [
    -2.374765699642012e-06,
    -0.00010710962669691071,
    1.0
   ]
  ]
 },
 {
  "rotation_euler": [
   -0.00010744235623860732,
   2.9202310543041676e-06,
   -0.5167500972747803
  ],
  "euler_order": "XYZ",
  "rotation_matrix": [
   [
    0.8694294095039368,
    0.49405717849731445,
    5.562160367844626e-05
   ],
   [
    -0.49405717849731445,
    0.8694294095039368,
    9.197078179568052e-05
   ],
   [
    -2.9202310543041676e-06,
    -0.00010744235623860732,
    1.0
   ]
  ]
 },
 {
  "rotation_euler": [
   -0.00010696658864617348,
   2.2676838398183463e-06,
   2.7062032222747803
  ],
  "euler_order": "XYZ",
  "rotation_matrix": [
   [
    -0.9067058563232422,
    -0.42176353931427,
    -4.7170728066703305e-05
   ],
   [
    0.42176353931427,
    -0.9067058563232422,
    -9.603080980014056e-05
   ],
   [
    -2.2676838398183463e-06,
    -0.00010696658864617348,
    1.0
   ]
  ]
 },
 {
  "rotation_euler": [
   -0.00010703568841563538,
   2.4478413251927122e-06,
   -1.8915189504623413
  ],
  "euler_order": "XYZ",
  "rotation_matrix": [
   [
    -0.315252423286438,
    0.9490078687667847,
    0.00010080602078232914
   ],
   [
    -0.9490078687667847,
    -0.315252423286438,
    -3.6066281609237194e-05
   ],
   [
    -2.4478413251927122e-06,
    -0.00010703568841563538,
    1.0
   ]
  ]
 },
 {
  "rotation_euler": [
   -0.0001070637081284076,
   2.441317519696895e-06,
   -0.45863234996795654
  ],
  "euler_order": "XYZ",
  "rotation_matrix": [
   [
    0.8966588377952576,
    0.4427222013473511,
    4.958851059200242e-05
   ],
   [
    -0.4427222013473511,
    0.8966588377952576,
    9.491879609413445e-05
   ],
   [
    -2.441317519696895e-06,
    -0.0001070637081284076,
    1.0
   ]
  ]
 },
 {
  "rotation_euler": [
   -0.0001069568534148857,
   2.37310769080068e-06,
   -0.45247018337249756
  ],
  "euler_order": "XYZ",
  "rotation_matrix": [
   [
    0.8993698954582214,
    0.4371884763240814,
    4.8894606152316555e-05
   ],
   [
    -0.4371884763240814,
    0.8993698954582214,
    9.51562833506614e-05
   ],
   [
    -2.37310769080068e-06,
    -0.0001069568534148857,
    1.0
   ]
  ]
 },
 {
  "rotation_euler": [
   -0.00010657750681275502,
   2.0038660295540467e-06,
   0.7453610301017761
  ],
  "euler_order": "XYZ",
  "rotation_matrix": [
   [
    0.7348430752754211,
    -0.6782371401786804,
    -7.081229705363512e-05
   ],
   [
    0.6782371401786804,
    0.7348430752754211,
    7.967684359755367e-05
   ],
   [
    -2.0038660295540467e-06,
    -0.00010657750681275502,
    1.0
   ]
  ]
 },
 {
  "rotation_euler": [
   -0.00010652610217221081,
   1.8688940599531634e-06,
   -0.8589392304420471
  ],
  "euler_order": "XYZ",
  "rotation_matrix": [
   [
    0.653240978717804,
    0.7571500539779663,
    8.187707862816751e-05
   ],
   [
    -0.7571500539779663,
    0.653240978717804,
    6.817218672949821e-05
   ],
   [
    -1.8688940599531634e-06,
    -0.00010652610217221081,
    1.0
   ]
  ]
 },
 {
  "rotation_euler": [
   -0.00010730775102274492,
   1.7963022855838062e-06,
   2.6003775596618652
  ],
  "euler_order": "XYZ",
  "rotation_matrix": [
   [
    -0.8570833206176758,
    -0.5151777863502502,
    -5.682215123670176e-05
   ],
   [
    0.5151777863502502,
    -0.8570833206176758,
    -9.104626951739192e-05
   ],
   [
    -1.7963022855838062e-06,
    -0.00010730775102274492,
    1.0
   ]
  ]
 },
 {
  "rotation_euler": [
   -0.00010722423758124933,
   2.763802513072733e-06,
   -0.046476129442453384
  ],
  "euler_order": "XYZ",
  "rotation_matrix": [
   [
    0.998920202255249,
    0.04645939916372299,
    7.742391971987672e-06
   ],
   [
    -0.04645939916372299,
    0.998920202255249,
    0.00010698004916775972
   ],
   [
    -2.763802513072733e-06,
    -0.00010722423758124933,
    1.0
   ]
  ]
 },
 {
  "rotation_euler": [
   -0.0001063379822880961,
   1.8369346435065381e-06,
   -0.25538918375968933
  ],
  "euler_order": "XYZ",
  "rotation_matrix": [
   [
    0.9675650596618652,
    0.25262197852134705,
    2.8640666641877033e-05
   ],
   [
    -0.25262197852134705,
    0.9675650596618652,
    0.00010242486314382404
   ],
   [
    -1.8369346435065381e-06,
    -0.0001063379822880961,
    1.0
   ]
  ]
 },
 {
  "rotation_euler": [
   -0.00010754487448139116,
   2.5885171908157645e-06,
   0.8610923290252686
  ],
  "euler_order": "XYZ",
  "rotation_matrix": [
   [
    0.6516092419624329,
    -0.7585547566413879,
    -7.989197911228985e-05
   ],
   [
    0.7585548162460327,
    0.6516092419624329,
    7.204076973721385e-05
   ],
   [
    -2.5885171908157645e-06,
    -0.00010754487448139116,
    1.0
   ]
  ]
 },
 {
  "rotation_euler": [
   -0.00010675282828742638,
   1.7639233647059882e-06,
   -1.5163109302520752
  ],
  "euler_order": "XYZ",
  "rotation_matrix": [
   [
    0.05445844307541847,
    0.9985160231590271,
    0.00010669047333067283
   ],
   [
    -0.9985160231590271,
    0.05445844307541847,
    4.0522868403058965e-06
   ],
   [
    -1.7639233647059882e-06,
    -0.00010675282828742638,
    1.0
   ]
  ]
 }
]