[
 {
  "rotation_euler": [
   -0.07002822309732437,
   1.3136272430419922,
   -0.8671718835830688
  ],
  "euler_order": "XYZ",
  "rotation_matrix": [
   [
    0.16455674171447754,
    0.7168518900871277,
    0.6775282025337219
   ],
   [
    -0.19393768906593323,
    0.6969982981681824,
    -0.6903488636016846
   ],
   [
    -0.9671138525009155,
    -0.01779668778181076,
    0.25372037291526794
   ]
  ]
 },
 {
  "rotation_euler": [
   0.03417476639151573,
   -1.3064963817596436,
   -1.201780080795288
  ],
  "euler_order": "XYZ",
  "rotation_matrix": [
   [
    0.09422644972801208,
    0.92024165391922,
    -0.3798377811908722
   ],
   [
    -0.24364802241325378,
    0.391248881816864,
    0.8874457478523254
   ],
   [
    0.9652755856513977,
    0.00892585888504982,
    0.2610810399055481
   ]
  ]
 },
 {
  "rotation_euler": [
   -0.9921313524246216,
   1.4251435995101929,
   -2.2395429611206055
  ],
  "euler_order": "XYZ",
  "rotation_matrix": [
   [
    -0.0899861752986908,
    0.9426690936088562,
    0.3213680684566498
   ],
   [
    -0.11387540400028229,
    0.31082239747047424,
    -0.9436216354370117
   ],
   [
    -0.9894113540649414,
    -0.12150882929563522,
    0.07937709987163544
   ]
  ]
 },
 {
  "rotation_euler": [
   0.034181248396635056,
   -1.3064708709716797,
   1.215147614479065
  ],
  "euler_order": "XYZ",
  "rotation_matrix": [
   [
    0.09096973389387131,
    -0.948359489440918,
    -0.3038729429244995
   ],
   [
    0.2449088841676712,
    0.3170718252658844,
    -0.9162341952323914
   ],
   [
    0.9652689695358276,
    0.008928393013775349,
    0.26110559701919556
   ]
  ]
 },
 {
  "rotation_euler": [
   -0.04060665890574455,
   -1.336437463760376,
   1.836612343788147
  ],
  "euler_order": "XYZ",
  "rotation_matrix": [
   [
    -0.06100327894091606,
    -0.9744558334350586,
    0.21613512933254242
   ],
   [
    0.22406351566314697,
    -0.2243812084197998,
    -0.9483926296234131
   ],
   [
    0.972663402557373,
    -0.009427064098417759,
    0.23202799260616302
   ]
  ]
 },
 {
  "rotation_euler": [
   -0.9921423196792603,
   1.4251445531845093,
   0.4551927149295807
  ],
  "euler_order": "XYZ",
  "rotation_matrix": [
   [
    0.13035891950130463,
    -0.9844263195991516,
    0.11794671416282654
   ],
   [
    0.06380750983953476,
    0.12704510986804962,
    0.9898424744606018
   ],
   [
    -0.9894115328788757,
    -0.12150890380144119,
    0.0793752521276474
   ]
  ]
 },
 {
  "rotation_euler": [
   -0.10219667851924896,
   -1.3557294607162476,
   2.3793420791625977
  ],
  "euler_order": "XYZ",
  "rotation_matrix": [
   [
    -0.15435796976089478,
    -0.759036660194397,
    0.6324847340583801
   ],
   [
    0.14737239480018616,
    -0.6506837010383606,
    -0.7449107766151428
   ],
   [
    0.976962149143219,
    -0.021772129461169243,
    0.21229927241802216
   ]
  ]
 },
 {
  "rotation_euler": [
   -0.9921433329582214,
   1.4251445531845093,
   -0.21564225852489471
  ],
  "euler_order": "XYZ",
  "rotation_matrix": [
   [
    0.14177583158016205,
    -0.6921283006668091,
    0.70771324634552
   ],
   [
    -0.031055739149451256,
    0.7114731073379517,
    0.7020267844200134
   ],
   [
    -0.9894115328788757,
    -0.12150898575782776,
    0.07937513291835785
   ]
  ]
 },
 {
  "rotation_euler": [
   -0.9921402931213379,
   1.4251443147659302,
   2.1298069953918457
  ],
  "euler_order": "XYZ",
  "rotation_matrix": [
   [
    -0.07697337865829468,
    -0.02434546872973442,
    -0.9967358708381653
   ],
   [
    0.12304475903511047,
    -0.9922917485237122,
    0.014734731987118721
   ],
   [
    -0.989411473274231,
    -0.12150894105434418,
    0.07937563210725784
   ]
  ]
 },
 {
  "rotation_euler": [
   0.034181177616119385,
   -1.3064708709716797,
   -2.891911268234253
  ],
  "euler_order": "XYZ",
  "rotation_matrix": [
   [
    -0.2531569004058838,
    0.2789156138896942,
    0.9263464212417603
   ],
   [
    -0.06455565989017487,
    -0.9602741003036499,
    0.27148884534835815
   ],
   [
    0.9652689695358276,
    0.008928374387323856,
    0.26110559701919556
   ]
  ]
 },
 {
  "rotation_euler": [
   0.034181542694568634,
   -1.3064712285995483,
   -1.5083712339401245
  ],
  "euler_order": "XYZ",
  "rotation_matrix": [
   [
    0.016298456117510796,
    0.9954112768173218,
    -0.09429102391004562
   ],
   [
    -0.2607489824295044,
    0.09527181833982468,
    0.9606941342353821
   ],
   [
    0.9652690291404724,
    0.008928458206355572,
    0.2611052691936493
   ]
  ]
 },
 {
  "rotation_euler": [
   2.1494648456573486,
   1.716449499130249,
   0.8413445949554443
  ],
  "euler_order": "XYZ",
  "rotation_matrix": [
   [
    -0.09672929346561432,
    0.9597905278205872,
    0.2635252773761749
   ],
   [
    -0.10820670425891876,
    0.25305673480033875,
    -0.9613810777664185
   ],
   [
    -0.9894112944602966,
    -0.12150891125202179,
    0.07937777787446976
   ]
  ]
 },
 {
  "rotation_euler": [
   2.1492526531219482,
   1.7164466381072998,
   0.26016613841056824
  ],
  "euler_order": "XYZ",
  "rotation_matrix": [
   [
    -0.14025166630744934,
    0.9412046074867249,
    -0.30734896659851074
   ],
   [
    -0.03733491525053978,
    -0.31522369384765625,
    -0.9482827186584473
   ],
   [
    -0.9894117116928101,
    -0.12152338027954102,
    0.07935044169425964
   ]
  ]
 },
 {
  "rotation_euler": [
   -0.9921424388885498,
   1.4251444339752197,
   0.3468336760997772
  ],
  "euler_order": "XYZ",
  "rotation_matrix": [
   [
    0.13649505376815796,
    -0.964913010597229,
    0.22430342435836792
   ],
   [
    0.04933537542819977,
    0.23276272416114807,
    0.9712814092636108
   ],
   [
    -0.989411473274231,
    -0.12150901556015015,
    0.07937530428171158
   ]
  ]
 },
 {
  "rotation_euler": [
   0.03418046608567238,
   -1.3064711093902588,
   0.8743152618408203
  ],
  "euler_order": "XYZ",
  "rotation_matrix": [
   [
    0.1676028072834015,
    -0.787818193435669,
    -0.5926650166511536
   ],
   [
    0.20041215419769287,
    0.6158431768417358,
    -0.7619528770446777
   ],
   [
    0.9652690291404724,
    0.008928180672228336,
    0.26110538840293884
   ]
  ]
 },
 {
  "rotation_euler": [
   0.034181300550699234,
   -1.3064708709716797,
   1.1458462476730347
  ],
  "euler_order": "XYZ",
  "rotation_matrix": [
   [
    0.10771030932664871,
    -0.9241271615028381,
    -0.3665889501571655
   ],
   [
    0.23802173137664795,
    0.3819807171821594,
    -0.8929929137229919
   ],
   [
    0.9652689695358276,
    0.008928406983613968,
    0.26110559701919556
   ]
  ]
 }
]