[
 {
  "rotation_euler": [
   5.128160864842357e-07,
   1.4104397223491105e-06,
   2.1935322284698486
  ],
  "euler_order": "XYZ",
  "rotation_matrix": [
   [
    -0.5832597017288208,
    -0.8122857809066772,
    -4.060994172050414e-07
   ],
   [
    0.8122857809066772,
    -0.5832597017288208,
    1.4447850844589993e-06
   ],
   [
    -1.4104397223491105e-06,
    5.128160864842357e-07,
    1.0
   ]
  ]
 },
 {
  "rotation_euler": [
   -2.7307609684612544e-07,
   4.988192472410446e-07,
   1.1301671266555786
  ],
  "euler_order": "XYZ",
  "rotation_matrix": [
   [
    0.42650866508483887,
    -0.9044834971427917,
    -3.4242095381387117e-08
   ],
   [
    0.9044834971427917,
    0.42650866508483887,
    5.676430987477943e-07
   ],
   [
    -4.988192472410446e-07,
    -2.7307609684612544e-07,
    1.0
   ]
  ]
 },
 {
  "rotation_euler": [
   8.045010417845333e-07,
   2.996859223003412e-07,
   -0.41220349073410034
  ],
  "euler_order": "XYZ",
  "rotation_matrix": [
   [
    0.9162402749061584,
    0.4006292223930359,
    -4.772232031768908e-08
   ],
   [
    -0.4006292223930359,
    0.9162402749061584,
    -8.571792022848967e-07
   ],
   [
    -2.996859223003412e-07,
    8.045010417845333e-07,
    1.0
   ]
  ]
 },
 {
  "rotation_euler": [
   3.1726182214697474e-07,
   4.479628046283324e-07,
   2.5877671241760254
  ],
  "euler_order": "XYZ",
  "rotation_matrix": [
   [
    -0.8505187630653381,
    -0.5259447693824768,
    -2.1413856643448526e-07
   ],
   [
    0.5259447693824768,
    -0.8505187630653381,
    5.054408234173025e-07
   ],
   [
    -4.479628046283324e-07,
    3.1726182214697474e-07,
    1.0
   ]
  ]
 },
 {
  "rotation_euler": [
   -8.004440701370186e-07,
   -7.67505071053165e-07,
   2.741316318511963
  ],
  "euler_order": "XYZ",
  "rotation_matrix": [
   [
    -0.9209533333778381,
    -0.3896728456020355,
    3.9492505266025546e-07
   ],
   [
    0.3896728456020355,
    -0.9209533333778381,
    -1.0362475677538896e-06
   ],
   [
    7.67505071053165e-07,
    -8.004440701370186e-07,
    1.0
   ]
  ]
 },
 {
  "rotation_euler": [
   -6.971348653905807e-08,
   -8.860436651048076e-07,
   -2.5864574909210205
  ],
  "euler_order": "XYZ",
  "rotation_matrix": [
   [
    -0.8498291969299316,
    0.5270581841468811,
    7.897288583080808e-07
   ],
   [
    -0.5270581841468811,
    -0.8498291969299316,
    4.0775199749987223e-07
   ],
   [
    8.860436651048076e-07,
    -6.971348653905807e-08,
    1.0
   ]
  ]
 },
 {
  "rotation_euler": [
   2.603282780455629e-07,
   -1.1620577424764633e-06,
   0.4245483875274658
  ],
  "euler_order": "XYZ",
  "rotation_matrix": [
   [
    0.9112248420715332,
    -0.4119093120098114,
    -9.51664276271913e-07
   ],
   [
    0.4119093120098114,
    0.9112248420715332,
    -7.158799917306169e-07
   ],
   [
    1.1620577424764633e-06,
    2.603282780455629e-07,
    1.0
   ]
  ]
 },
 {
  "rotation_euler": [
   1.13132921342185e-06,
   2.728980064148345e-07,
   2.599320650100708
  ],
  "euler_order": "XYZ",
  "rotation_matrix": [
   [
    -0.8565383553504944,
    -0.5160833597183228,
    3.501126002447563e-07
   ],
   [
    0.5160833597183228,
    -0.8565383553504944,
    1.1098650247731712e-06
   ],
   [
    -2.728980064148345e-07,
    1.13132921342185e-06,
    1.0
   ]
  ]
 },
 {
  "rotation_euler": [
   -4.4139858346170513e-07,
   4.956538077749428e-07,
   0.9496762156486511
  ],
  "euler_order": "XYZ",
  "rotation_matrix": [
   [
    0.5819464325904846,
    -0.813227117061615,
    -7.051333739127585e-08
   ],
   [
    0.813227117061615,
    0.5819464325904846,
    6.599494213332946e-07
   ],
   [
    -4.956538077749428e-07,
    -4.4139858346170513e-07,
    1.0
   ]
  ]
 },
 {
  "rotation_euler": [
   -1.0428698062896729,
   0.002614299301058054,
   -0.6526354551315308
  ],
  "euler_order": "XYZ",
  "rotation_matrix": [
   [
    0.7944833636283875,
    0.30412012338638306,
    0.5256492495536804
   ],
   [
    -0.6072802543640137,
    0.40158846974372864,
    0.685519814491272
   ],
   [
    -0.0026142962742596865,
    -0.863850474357605,
    0.5037415027618408
   ]
  ]
 },
 {
  "rotation_euler": [
   4.764566199355613e-07,
   -1.065059564098192e-06,
   2.50054931640625
  ],
  "euler_order": "XYZ",
  "rotation_matrix": [
   [
    -0.8014722466468811,
    -0.5980319976806641,
    1.1385519655959797e-06
   ],
   [
    0.5980319976806641,
    -0.8014722466468811,
    -2.550729050199152e-07
   ],
   [
    1.065059564098192e-06,
    4.764566199355613e-07,
    1.0
   ]
  ]
 },
 {
  "rotation_euler": [
   -1.042872428894043,
   0.0025978577323257923,
   -0.022021790966391563
  ],
  "euler_order": "XYZ",
  "rotation_matrix": [
   [
    0.9997541308403015,
    0.008848756551742554,
    0.02033041976392269
   ],
   [
    -0.02201993763446808,
    0.5036682486534119,
    0.8636164665222168
   ],
   [
    -0.002597854705527425,
    -0.8638518452644348,
    0.5037392973899841
   ]
  ]
 },
 {
  "rotation_euler": [
   -4.962666366736812e-07,
   2.7166481686435873e-07,
   0.26865535974502563
  ],
  "euler_order": "XYZ",
  "rotation_matrix": [
   [
    0.9641286730766296,
    -0.26543527841567993,
    1.301931717989646e-07
   ],
   [
    0.26543527841567993,
    0.9641286730766296,
    5.505743274625274e-07
   ],
   [
    -2.7166481686435873e-07,
    -4.962666366736812e-07,
    1.0
   ]
  ]
 },
 {
  "rotation_euler": [
   -2.185976057944572e-07,
   7.190935775724938e-07,
   0.9390311241149902
  ],
  "euler_order": "XYZ",
  "rotation_matrix": [
   [
    0.5905701518058777,
    -0.8069862723350525,
    2.4826994149407255e-07
   ],
   [
    0.8069862723350525,
    0.5905701518058777,
    7.093958629411645e-07
   ],
   [
    -7.190935775724938e-07,
    -2.185976057944572e-07,
    1.0
   ]
  ]
 },
 {
  "rotation_euler": [
   5.36966808795114e-07,
   -1.072241730071255e-06,
   0.2350563406944275
  ],
  "euler_order": "XYZ",
  "rotation_matrix": [
   [
    0.9725012183189392,
    -0.2328977733850479,
    -9.176980029224069e-07
   ],
   [
    0.2328977733850479,
    0.9725012183189392,
    -7.719235668446345e-07
   ],
   [
    1.072241730071255e-06,
    5.36966808795114e-07,
    1.0
   ]
  ]
 },
 {
  "rotation_euler": [
   -1.2936553162035125e-07,
   -1.28294084333902e-06,
   -0.35397857427597046
  ],
  "euler_order": "XYZ",
  "rotation_matrix": [
   [
    0.9380010366439819,
    0.3466324508190155,
    -1.1585575521166902e-06
   ],
   [
    -0.3466324508190155,
    0.9380010366439819,
    5.660539272867027e-07
   ],
   [
    1.28294084333902e-06,
    -1.2936553162035125e-07,
    1.0
   ]
  ]
 }
]