[
 {
  "rotation_euler": [
   -0.0001394764840370044,
   -2.2014525313807098e-07,
   2.500812530517578
  ],
  "euler_order": "XYZ",
  "rotation_matrix": [
   [
    -0.8016296029090881,
    -0.5978209972381592,
    -8.320549386553466e-05
   ],
   [
    0.5978209972381592,
    -0.8016296029090881,
    -0.0001119400913012214
   ],
   [
    2.2014525313807098e-07,
    -0.0001394764840370044,
    1.0
   ]
  ]
 },
 {
  "rotation_euler": [
   -0.00013641970872413367,
   -4.037950930069201e-06,
   2.341811180114746
  ],
  "euler_order": "XYZ",
  "rotation_matrix": [
   [
    -0.6968634724617004,
    -0.7172037959098816,
    -9.502683678874746e-05
   ],
   [
    0.7172037959098816,
    -0.6968634724617004,
    -9.796194353839383e-05
   ],
   [
    4.037950930069201e-06,
    -0.00013641970872413367,
    1.0
   ]
  ]
 },
 {
  "rotation_euler": [
   -0.00013228529132902622,
   1.9586477719713002e-06,
   1.9701722860336304
  ],
  "euler_order": "XYZ",
  "rotation_matrix": [
   [
    -0.38884347677230835,
    -0.9213038086891174,
    -0.0001226365566253662
   ],
   [
    0.9213038086891174,
    -0.38884347677230835,
    -4.9633763410383835e-05
   ],
   [
    -1.9586477719713002e-06,
    -0.00013228529132902622,
    1.0
   ]
  ]
 },
 {
  "rotation_euler": [
   -0.00013769048382528126,
   -6.119181762187509e-06,
   1.1087285280227661
  ],
  "euler_order": "XYZ",
  "rotation_matrix": [
   [
    0.4458000063896179,
    -0.8951326012611389,
    -0.00012597917520906776
   ],
   [
    0.8951326012611389,
    0.4458000063896179,
    5.590494038187899e-05
   ],
   [
    6.119181762187509e-06,
    -0.00013769048382528126,
    1.0
   ]
  ]
 },
 {
  "rotation_euler": [
   -0.00013907020911574364,
   6.084660526539665e-06,
   2.2125401496887207
  ],
  "euler_order": "XYZ",
  "rotation_matrix": [
   [
    -0.5985932350158691,
    -0.8010531067848206,
    -0.00011504486610647291
   ],
   [
    0.8010531067848206,
    -0.5985932350158691,
    -7.837235170882195e-05
   ],
   [
    -6.084660526539665e-06,
    -0.00013907020911574364,
    1.0
   ]
  ]
 },
 {
  "rotation_euler": [
   -0.00013933364243712276,
   -2.3387802627894416e-07,
   -2.431771755218506
  ],
  "euler_order": "XYZ",
  "rotation_matrix": [
   [
    -0.758478581905365,
    0.6516979336738586,
    9.098083683056757e-05
   ],
   [
    -0.6516979336738586,
    -0.758478581905365,
    -0.00010552917228778824
   ],
   [
    2.3387802627894416e-07,
    -0.00013933364243712276,
    1.0
   ]
  ]
 },
 {
  "rotation_euler": [
   -0.00013927044346928596,
   -4.4210577243575244e-07,
   2.107666015625
  ],
  "euler_order": "XYZ",
  "rotation_matrix": [
   [
    -0.5114485621452332,
    -0.8593138456344604,
    -0.00011945090955123305
   ],
   [
    0.8593139052391052,
    -0.5114485621452332,
    -7.16095746611245e-05
   ],
   [
    4.4210577243575244e-07,
    -0.00013927044346928596,
    1.0
   ]
  ]
 },
 {
  "rotation_euler": [
   -0.00013929860142525285,
   -2.1897101021295384e-07,
   -0.9308455586433411
  ],
  "euler_order": "XYZ",
  "rotation_matrix": [
   [
    0.5971559286117554,
    0.8021251559257507,
    0.00011160415306221694
   ],
   [
    -0.8021251559257507,
    0.5971559286117554,
    8.335863094544038e-05
   ],
   [
    2.1897101021295384e-07,
    -0.00013929860142525285,
    1.0
   ]
  ]
 },
 {
  "rotation_euler": [
   -0.0001363027113256976,
   -3.914891294698464e-06,
   -1.9616948366165161
  ],
  "euler_order": "XYZ",
  "rotation_matrix": [
   [
    -0.3810192942619324,
    0.9245671033859253,
    0.00012751265603583306
   ],
   [
    -0.9245671033859253,
    -0.3810192942619324,
    -4.83143849123735e-05
   ],
   [
    3.914891294698464e-06,
    -0.0001363027113256976,
    1.0
   ]
  ]
 },
 {
  "rotation_euler": [
   -0.00013666404993273318,
   -3.7142294786463026e-06,
   -1.136844515800476
  ],
  "euler_order": "XYZ",
  "rotation_matrix": [
   [
    0.4204595983028412,
    0.9073112607002258,
    0.00012243514356669039
   ],
   [
    -0.9073112607002258,
    0.4204595983028412,
    6.083167318138294e-05
   ],
   [
    3.7142294786463026e-06,
    -0.00013666404993273318,
    1.0
   ]
  ]
 },
 {
  "rotation_euler": [
   -0.0001362242182949558,
   -4.230638296576217e-06,
   1.1968945264816284
  ],
  "euler_order": "XYZ",
  "rotation_matrix": [
   [
    0.36525043845176697,
    -0.930909276008606,
    -0.0001283576275454834
   ],
   [
    0.930909276008606,
    0.3652504086494446,
    4.5817614591214806e-05
   ],
   [
    4.230638296576217e-06,
    -0.0001362242182949558,
    1.0
   ]
  ]
 },
 {
  "rotation_euler": [
   -0.00013326798216439784,
   -1.0360624855820788e-06,
   2.7409818172454834
  ],
  "euler_order": "XYZ",
  "rotation_matrix": [
   [
    -0.9208229780197144,
    -0.38998088240623474,
    -5.1017934310948476e-05
   ],
   [
    0.38998088240623474,
    -0.9208229184150696,
    -0.00012312026228755713
   ],
   [
    1.0360624855820788e-06,
    -0.00013326798216439784,
    1.0
   ]
  ]
 },
 {
  "rotation_euler": [
   -0.00013939266500528902,
   -1.3200262571899657e-07,
   3.048898458480835
  ],
  "euler_order": "XYZ",
  "rotation_matrix": [
   [
    -0.9957069754600525,
    -0.0925615131855011,
    -1.2770959983754437e-05
   ],
   [
    0.0925615131855011,
    -0.9957069754600525,
    -0.00013880647020414472
   ],
   [
    1.3200262571899657e-07,
    -0.00013939266500528902,
    1.0
   ]
  ]
 },
 {
  "rotation_euler": [
   -0.00013960861542727798,
   -6.229682014691207e-08,
   -2.896336317062378
  ],
  "euler_order": "XYZ",
  "rotation_matrix": [
   [
    -0.9700751304626465,
    0.24280498921871185,
    3.3958101994358e-05
   ],
   [
    -0.24280500411987305,
    -0.9700751304626465,
    -0.00013541571388486773
   ],
   [
    6.229682014691207e-08,
    -0.00013960861542727798,
    1.0
   ]
  ]
 },
 {
  "rotation_euler": [
   -0.00014030987222213298,
   7.729433804115615e-08,
   1.7737966775894165
  ],
  "euler_order": "XYZ",
  "rotation_matrix": [
   [
    -0.20160897076129913,
    -0.9794660806655884,
    -0.00013744433817919344
   ],
   [
    0.9794660806655884,
    -0.20160897076129913,
    -2.8212021788931452e-05
   ],
   [
    -7.729433804115615e-08,
    -0.00014030987222213298,
    1.0
   ]
  ]
 },
 {
  "rotation_euler": [
   -0.0001394166174577549,
   -1.6902511390526342e-07,
   -1.1528148651123047
  ],
  "euler_order": "XYZ",
  "rotation_matrix": [
   [
    0.4059165120124817,
    0.9139101505279541,
    0.00012734565825667232
   ],
   [
    -0.9139101505279541,
    0.4059165120124817,
    5.674598287441768e-05
   ],
   [
    1.6902511390526342e-07,
    -0.0001394166174577549,
    1.0
   ]
  ]
 }
]