[
 {
  "rotation_euler": [
   1.7651374340057373,
   0.5547007322311401,
   -0.9195340275764465
  ],
  "euler_order": "XYZ",
  "rotation_matrix": [
   [
    0.5152974128723145,
    0.1596715748310089,
    -0.8420056700706482
   ],
   [
    -0.6760675311088562,
    -0.5280680060386658,
    -0.5138840675354004
   ],
   [
    -0.5266889333724976,
    0.8340558409690857,
    -0.16416329145431519
   ]
  ]
 },
 {
  "rotation_euler": [
   1.7991350889205933,
   -0.48553720116615295,
   0.5434069037437439
  ],
  "euler_order": "XYZ",
  "rotation_matrix": [
   [
    0.757024884223938,
    -0.2720498740673065,
    0.594055712223053
   ],
   [
    0.4572961628437042,
    -0.4287909269332886,
    -0.7791139483451843
   ],
   [
    0.4666835367679596,
    0.8614680767059326,
    -0.20019805431365967
   ]
  ]
 },
 {
  "rotation_euler": [
   1.800585150718689,
   0.2531838119029999,
   -1.5109312534332275
  ],
  "euler_order": "XYZ",
  "rotation_matrix": [
   [
    0.05792195349931717,
    -0.21277131140232086,
    -0.9753837585449219
   ],
   [
    -0.966385543346405,
    -0.2570938766002655,
    -0.0013048622058704495
   ],
   [
    -0.2504875361919403,
    0.9426723122596741,
    -0.22051049768924713
   ]
  ]
 },
 {
  "rotation_euler": [
   1.7991352081298828,
   0.48553916811943054,
   -1.4325282573699951
  ],
  "euler_order": "XYZ",
  "rotation_matrix": [
   [
    0.12189824879169464,
    -0.16154679656028748,
    -0.9793076515197754
   ],
   [
    -0.8759827017784119,
    -0.4814322292804718,
    -0.029619818553328514
   ],
   [
    -0.4666852653026581,
    0.8614671230316162,
    -0.2001979500055313
   ]
  ]
 },
 {
  "rotation_euler": [
   1.7991341352462769,
   -0.4855199158191681,
   -1.4827065467834473
  ],
  "euler_order": "XYZ",
  "rotation_matrix": [
   [
    0.07780873775482178,
    -0.26547104120254517,
    -0.9609739780426025
   ],
   [
    -0.8810031414031982,
    0.4328787922859192,
    -0.1909172683954239
   ],
   [
    0.4666682481765747,
    0.8614761233329773,
    -0.20019905269145966
   ]
  ]
 },
 {
  "rotation_euler": [
   1.7991358041763306,
   0.48553940653800964,
   1.359931468963623
  ],
  "euler_order": "XYZ",
  "rotation_matrix": [
   [
    0.18511483073234558,
    0.31649109721183777,
    0.9303579330444336
   ],
   [
    0.8648335933685303,
    0.39712485671043396,
    -0.30717208981513977
   ],
   [
    -0.4666855037212372,
    0.8614668846130371,
    -0.2001984417438507
   ]
  ]
 },
 {
  "rotation_euler": [
   1.8056528568267822,
   -0.024338115006685257,
   1.4787113666534424
  ],
  "euler_order": "XYZ",
  "rotation_matrix": [
   [
    0.09192764014005661,
    0.22954118251800537,
    0.9689479470252991
   ],
   [
    0.995468258857727,
    -0.044965583831071854,
    -0.08379149436950684
   ],
   [
    0.02433571219444275,
    0.9722597002983093,
    -0.2326345443725586
   ]
  ]
 },
 {
  "rotation_euler": [
   -1.342463731765747,
   2.6600944995880127,
   -0.06599946320056915
  ],
  "euler_order": "XYZ",
  "rotation_matrix": [
   [
    -0.8843724727630615,
    -0.43517714738845825,
    0.16883768141269684
   ],
   [
    0.05845300480723381,
    0.2556108236312866,
    0.9650110602378845
   ],
   [
    -0.46310752630233765,
    0.8632982969284058,
    -0.20061777532100677
   ]
  ]
 },
 {
  "rotation_euler": [
   1.8005311489105225,
   0.28757232427597046,
   -1.7882646322250366
  ],
  "euler_order": "XYZ",
  "rotation_matrix": [
   [
    -0.20689819753170013,
    -0.2819424867630005,
    -0.936857283115387
   ],
   [
    -0.9363492727279663,
    -0.2205362617969513,
    0.2731552720069885
   ],
   [
    -0.283625066280365,
    0.9337409734725952,
    -0.21836808323860168
   ]
  ]
 },
 {
  "rotation_euler": [
   1.7991348505020142,
   0.48553845286369324,
   1.692236304283142
  ],
  "euler_order": "XYZ",
  "rotation_matrix": [
   [
    -0.10714060813188553,
    0.16962485015392303,
    0.9796674251556396
   ],
   [
    0.8779101967811584,
    0.47864505648612976,
    0.01313683670014143
   ],
   [
    -0.46668463945388794,
    0.8614675402641296,
    -0.2001977115869522
   ]
  ]
 },
 {
  "rotation_euler": [
   -1.3424582481384277,
   2.6560745239257812,
   0.23703588545322418
  ],
  "euler_order": "XYZ",
  "rotation_matrix": [
   [
    -0.859703004360199,
    -0.49499791860580444,
    -0.12604685127735138
   ],
   [
    -0.20768477022647858,
    0.1132902279496193,
    0.9716132879257202
   ],
   [
    -0.46666666865348816,
    0.8614768385887146,
    -0.20019948482513428
   ]
  ]
 },
 {
  "rotation_euler": [
   1.8004530668258667,
   -0.3240559697151184,
   -1.9751583337783813
  ],
  "euler_order": "XYZ",
  "rotation_matrix": [
   [
    -0.3729548454284668,
    -0.08729943633079529,
    -0.9237334728240967
   ],
   [
    -0.8715028166770935,
    0.37461143732070923,
    0.3164634108543396
   ],
   [
    0.31841403245925903,
    0.9230628609657288,
    -0.21579484641551971
   ]
  ]
 },
 {
  "rotation_euler": [
   1.799134612083435,
   -0.4855232536792755,
   -1.3011170625686646
  ],
  "euler_order": "XYZ",
  "rotation_matrix": [
   [
    0.23563212156295776,
    -0.3392822742462158,
    -0.9106948375701904
   ],
   [
    -0.8524643778800964,
    0.3778217136859894,
    -0.3613243103027344
   ],
   [
    0.4666711986064911,
    0.8614745140075684,
    -0.20019911229610443
   ]
  ]
 },
 {
  "rotation_euler": [
   1.7993708848953247,
   0.43660295009613037,
   -2.420076370239258
  ],
  "euler_order": "XYZ",
  "rotation_matrix": [
   [
    -0.6803745627403259,
    -0.45889803767204285,
    -0.5714044570922852
   ],
   [
    -0.5985623598098755,
    -0.10192220658063889,
    0.7945659160614014
   ],
   [
    -0.42286351323127747,
    0.8826236128807068,
    -0.20533379912376404
   ]
  ]
 },
 {
  "rotation_euler": [
   1.7961591482162476,
   0.52726811170578,
   -1.5455735921859741
  ],
  "euler_order": "XYZ",
  "rotation_matrix": [
   [
    0.021794795989990234,
    -0.21101975440979004,
    -0.9772387742996216
   ],
   [
    -0.8639100193977356,
    -0.4959303140640259,
    0.08782126754522324
   ],
   [
    -0.503174364566803,
    0.8423323631286621,
    -0.19311077892780304
   ]
  ]
 },
 {
  "rotation_euler": [
   1.7991355657577515,
   0.48554885387420654,
   -0.8523988127708435
  ],
  "euler_order": "XYZ",
  "rotation_matrix": [
   [
    0.5821060538291931,
    0.12877731025218964,
    -0.8028505444526672
   ],
   [
    -0.6658449172973633,
    -0.49122142791748047,
    -0.561562180519104
   ],
   [
    -0.46669384837150574,
    0.8614626526832581,
    -0.200197234749794
   ]
  ]
 }
]