[
 {
  "rotation_euler": [
   -0.7815917134284973,
   0.2547224462032318,
   -0.07918880134820938
  ],
  "euler_order": "XYZ",
  "rotation_matrix": [
   [
    0.9647005796432495,
    -0.12078983336687088,
    0.23401406407356262
   ],
   [
    -0.07655356824398041,
    0.7216098308563232,
    0.6880543828010559
   ],
   [
    -0.2519768178462982,
    -0.6816810965538025,
    0.6868904829025269
   ]
  ]
 },
 {
  "rotation_euler": [
   -0.7815908789634705,
   0.25472521781921387,
   1.9172766208648682
  ],
  "euler_order": "XYZ",
  "rotation_matrix": [
   [
    -0.3286316990852356,
    -0.6073374152183533,
    -0.7232858538627625
   ],
   [
    0.9102239012718201,
    -0.40798723697662354,
    -0.07098507881164551
   ],
   [
    -0.2519795000553131,
    -0.6816800236701965,
    0.6868906021118164
   ]
  ]
 },
 {
  "rotation_euler": [
   -0.7815912961959839,
   0.2547237277030945,
   -0.2680768072605133
  ],
  "euler_order": "XYZ",
  "rotation_matrix": [
   [
    0.933167576789856,
    0.01685224287211895,
    0.35904642939567566
   ],
   [
    -0.25633060932159424,
    0.7314558029174805,
    0.6318758130073547
   ],
   [
    -0.2519780695438385,
    -0.6816805601119995,
    0.6868905425071716
   ]
  ]
 },
 {
  "rotation_euler": [
   -0.7815907597541809,
   0.2547248303890228,
   2.820810556411743
  ],
  "euler_order": "XYZ",
  "rotation_matrix": [
   [
    -0.9183677434921265,
    -0.05536208301782608,
    -0.3918363153934479
   ],
   [
    0.30513468384742737,
    -0.7295528650283813,
    -0.612082839012146
   ],
   [
    -0.25197914242744446,
    -0.6816800236701965,
    0.686890721321106
   ]
  ]
 },
 {
  "rotation_euler": [
   -0.7815917134284973,
   0.25472143292427063,
   -2.6566696166992188
  ],
  "euler_order": "XYZ",
  "rotation_matrix": [
   [
    -0.8561643362045288,
    0.48789435625076294,
    0.17012272775173187
   ],
   [
    -0.45109957456588745,
    -0.5452244877815247,
    -0.7065687775611877
   ],
   [
    -0.2519758343696594,
    -0.6816812753677368,
    0.686890721321106
   ]
  ]
 },
 {
  "rotation_euler": [
   -0.7815914154052734,
   0.2547245919704437,
   -0.2872748374938965
  ],
  "euler_order": "XYZ",
  "rotation_matrix": [
   [
    0.9280746579170227,
    0.030890176072716713,
    0.37111085653305054
   ],
   [
    -0.27419719099998474,
    0.730997622013092,
    0.6248667240142822
   ],
   [
    -0.25197890400886536,
    -0.6816805005073547,
    0.6868903040885925
   ]
  ]
 },
 {
  "rotation_euler": [
   -0.7815911173820496,
   0.25472375750541687,
   -2.6705145835876465
  ],
  "euler_order": "XYZ",
  "rotation_matrix": [
   [
    -0.8623270392417908,
    0.4803007245063782,
    0.16032260656356812
   ],
   [
    -0.4392028748989105,
    -0.5519266128540039,
    -0.7088567018508911
   ],
   [
    -0.2519780993461609,
    -0.68168044090271,
    0.6868906617164612
   ]
  ]
 },
 {
  "rotation_euler": [
   -0.7815914154052734,
   0.254721999168396,
   -2.952054977416992
  ],
  "euler_order": "XYZ",
  "rotation_matrix": [
   [
    -0.9504026770591736,
    0.30804452300071716,
    -0.04293396323919296
   ],
   [
    -0.18232567608356476,
    -0.6636412143707275,
    -0.7254913449287415
   ],
   [
    -0.2519764006137848,
    -0.6816809773445129,
    0.6868907809257507
   ]
  ]
 },
 {
  "rotation_euler": [
   -0.7815914750099182,
   0.25472185015678406,
   -1.7074613571166992
  ],
  "euler_order": "XYZ",
  "rotation_matrix": [
   [
    -0.13184399902820587,
    0.727357029914856,
    0.6734752655029297
   ],
   [
    -0.9587101340293884,
    0.07913733273744583,
    -0.27315226197242737
   ],
   [
    -0.25197625160217285,
    -0.6816810369491577,
    0.6868907809257507
   ]
  ]
 },
 {
  "rotation_euler": [
   -0.7815911173820496,
   0.25472596287727356,
   3.0667214393615723
  ],
  "euler_order": "XYZ",
  "rotation_matrix": [
   [
    -0.9650212526321411,
    0.12390656769275665,
    -0.23104363679885864
   ],
   [
    0.07238762080669403,
    -0.7210821509361267,
    -0.6890577673912048
   ],
   [
    -0.2519802153110504,
    -0.6816800832748413,
    0.6868903040885925
   ]
  ]
 },
 {
  "rotation_euler": [
   -0.7815903425216675,
   0.25472450256347656,
   2.4321553707122803
  ],
  "euler_order": "XYZ",
  "rotation_matrix": [
   [
    -0.7342464923858643,
    -0.3276934325695038,
    -0.5945579409599304
   ],
   [
    0.6303878426551819,
    -0.6541633605957031,
    -0.4179491698741913
   ],
   [
    -0.2519788146018982,
    -0.6816797852516174,
    0.6868910789489746
   ]
  ]
 },
 {
  "rotation_euler": [
   -0.7815911173820496,
   0.25472110509872437,
   -1.6611090898513794
  ],
  "euler_order": "XYZ",
  "rotation_matrix": [
   [
    -0.08727993816137314,
    0.7229090929031372,
    0.685408353805542
   ],
   [
    -0.963789701461792,
    0.11275431513786316,
    -0.2416524738073349
   ],
   [
    -0.25197553634643555,
    -0.6816809177398682,
    0.6868911385536194
   ]
  ]
 },
 {
  "rotation_euler": [
   -0.7815905809402466,
   0.25472405552864075,
   2.1556596755981445
  ],
  "euler_order": "XYZ",
  "rotation_matrix": [
   [
    -0.534271240234375,
    -0.49382448196411133,
    -0.686069667339325
   ],
   [
    0.8068835735321045,
    -0.5398608446121216,
    -0.23976893723011017
   ],
   [
    -0.2519783675670624,
    -0.6816800236701965,
    0.6868910193443298
   ]
  ]
 },
 {
  "rotation_euler": [
   -0.7815914154052734,
   0.25472232699394226,
   2.624760627746582
  ],
  "euler_order": "XYZ",
  "rotation_matrix": [
   [
    -0.8413366079330444,
    -0.19641701877117157,
    -0.5035603642463684
   ],
   [
    0.4781845211982727,
    -0.704791784286499,
    -0.5240305662155151
   ],
   [
    -0.25197669863700867,
    -0.6816809177398682,
    0.686890721321106
   ]
  ]
 },
 {
  "rotation_euler": [
   -0.7815912365913391,
   0.254721999168396,
   1.8075228929519653
  ],
  "euler_order": "XYZ",
  "rotation_matrix": [
   [
    -0.22695451974868774,
    -0.648371696472168,
    -0.7267088890075684
   ],
   [
    0.940744161605835,
    -0.3390064835548401,
    0.008663803339004517
   ],
   [
    -0.2519764006137848,
    -0.6816808581352234,
    0.6868909001350403
   ]
  ]
 },
 {
  "rotation_euler": [
   -0.7815900444984436,
   0.2547244429588318,
   -0.5667681694030762
  ],
  "euler_order": "XYZ",
  "rotation_matrix": [
   [
    0.8164186477661133,
    0.23135164380073547,
    0.5290907621383667
   ],
   [
    -0.5195838212966919,
    0.6941104531288147,
    0.498240202665329
   ],
   [
    -0.2519787549972534,
    -0.6816796064376831,
    0.6868913173675537
   ]
  ]
 }
]