[
 {
  "rotation_euler": [
   -1.1735754013061523,
   0.009935281239449978,
   3.0795884132385254
  ],
  "euler_order": "XYZ",
  "rotation_matrix": [
   [
    -0.9980291128158569,
    -0.014827456325292587,
    -0.060976024717092514
   ],
   [
    0.06196146085858345,
    -0.3866814374923706,
    -0.9201294779777527
   ],
   [
    -0.009935117326676846,
    -0.9220941662788391,
    0.38683804869651794
   ]
  ]
 },
 {
  "rotation_euler": [
   -1.1727842092514038,
   -0.0005876803188584745,
   -0.8642920255661011
  ],
  "euler_order": "XYZ",
  "rotation_matrix": [
   [
    0.649178683757782,
    0.29516395926475525,
    0.7010315656661987
   ],
   [
    -0.7606357336044312,
    0.25120094418525696,
    0.5986078977584839
   ],
   [
    0.0005876802606508136,
    -0.9218331575393677,
    0.3875865340232849
   ]
  ]
 },
 {
  "rotation_euler": [
   -1.1729716062545776,
   -0.002357836114242673,
   -0.00960522424429655
  ],
  "euler_order": "XYZ",
  "rotation_matrix": [
   [
    0.9999510645866394,
    0.005894740577787161,
    0.007941561751067638
   ],
   [
    -0.009605050086975098,
    0.3873751163482666,
    0.9218721389770508
   ],
   [
    0.00235783401876688,
    -0.9219033718109131,
    0.38741278648376465
   ]
  ]
 },
 {
  "rotation_euler": [
   -1.1727609634399414,
   -1.1906411600648426e-05,
   0.15338711440563202
  ],
  "euler_order": "XYZ",
  "rotation_matrix": [
   [
    0.9882592558860779,
    -0.05921037122607231,
    -0.14084672927856445
   ],
   [
    0.15278634428977966,
    0.38305890560150146,
    0.911000669002533
   ],
   [
    1.1906411600648426e-05,
    -0.9218242764472961,
    0.38760805130004883
   ]
  ]
 },
 {
  "rotation_euler": [
   -1.1734933853149414,
   0.008427291177213192,
   -1.6030837297439575
  ],
  "euler_order": "XYZ",
  "rotation_matrix": [
   [
    -0.03228064626455307,
    0.3869819641113281,
    0.9215220808982849
   ],
   [
    -0.9994432926177979,
    -0.004724153783172369,
    -0.033026356250047684
   ],
   [
    -0.008427191525697708,
    -0.9220752120018005,
    0.3869190216064453
   ]
  ]
 },
 {
  "rotation_euler": [
   -1.1727670431137085,
   -7.791809912305325e-05,
   1.881367802619934
  ],
  "euler_order": "XYZ",
  "rotation_matrix": [
   [
    -0.3056028187274933,
    -0.36908113956451416,
    -0.8777163624763489
   ],
   [
    0.9521591067314148,
    -0.11838401108980179,
    -0.28174158930778503
   ],
   [
    7.791809912305325e-05,
    -0.9218266606330872,
    0.38760244846343994
   ]
  ]
 },
 {
  "rotation_euler": [
   -1.1729662418365479,
   -0.0023418080527335405,
   -2.2837719917297363
  ],
  "euler_order": "XYZ",
  "rotation_matrix": [
   [
    -0.6540856957435608,
    0.2916387617588043,
    0.6979389190673828
   ],
   [
    -0.7564167976379395,
    -0.255038857460022,
    -0.6023195385932922
   ],
   [
    0.0023418059572577477,
    -0.921901285648346,
    0.387417733669281
   ]
  ]
 },
 {
  "rotation_euler": [
   -1.1727594137191772,
   -0.000459053844679147,
   1.1487244367599487
  ],
  "euler_order": "XYZ",
  "rotation_matrix": [
   [
    0.40965133905410767,
    -0.35342034697532654,
    -0.8409993052482605
   ],
   [
    0.91224205493927,
    0.15917079150676727,
    0.37746402621269226
   ],
   [
    0.00045905381557531655,
    -0.9218235611915588,
    0.38760942220687866
   ]
  ]
 },
 {
  "rotation_euler": [
   -1.1727708578109741,
   9.717320062918589e-05,
   0.6932955980300903
  ],
  "euler_order": "XYZ",
  "rotation_matrix": [
   [
    0.7691440582275391,
    -0.24777384102344513,
    -0.5890887379646301
   ],
   [
    0.6390754580497742,
    0.29806217551231384,
    0.7090426683425903
   ],
   [
    -9.717320062918589e-05,
    -0.9218280911445618,
    0.3875989317893982
   ]
  ]
 },
 {
  "rotation_euler": [
   -1.1729044914245605,
   0.0016157529316842556,
   -2.0549449920654297
  ],
  "euler_order": "XYZ",
  "rotation_matrix": [
   [
    -0.46545442938804626,
    0.34363704919815063,
    0.8156382441520691
   ],
   [
    -0.8850703835487366,
    -0.17903418838977814,
    -0.4296477437019348
   ],
   [
    -0.0016157522331923246,
    -0.9218786954879761,
    0.38747522234916687
   ]
  ]
 },
 {
  "rotation_euler": [
   -1.1727579832077026,
   3.398322223802097e-05,
   2.943817138671875
  ],
  "euler_order": "XYZ",
  "rotation_matrix": [
   [
    -0.9805060625076294,
    -0.07613041996955872,
    -0.18114073574543
   ],
   [
    0.19648869335651398,
    -0.3800608813762665,
    -0.9038506150245667
   ],
   [
    -3.398322223802097e-05,
    -0.9218231439590454,
    0.3876107931137085
   ]
  ]
 },
 {
  "rotation_euler": [
   -1.1727724075317383,
   0.00012964183406438679,
   -3.031501531600952
  ],
  "euler_order": "XYZ",
  "rotation_matrix": [
   [
    -0.9939460754394531,
    0.04270368441939354,
    0.10123033821582794
   ],
   [
    -0.10986886918544769,
    -0.3852378726005554,
    -0.9162535667419434
   ],
   [
    -0.00012964183406438679,
    -0.9218286871910095,
    0.3875975012779236
   ]
  ]
 },
 {
  "rotation_euler": [
   -1.172766923904419,
   7.700156857026741e-05,
   -0.18735145032405853
  ],
  "euler_order": "XYZ",
  "rotation_matrix": [
   [
    0.9825009703636169,
    0.07212408632040024,
    0.1717263013124466
   ],
   [
    -0.18625734746456146,
    0.38083311915397644,
    0.9056899547576904
   ],
   [
    -7.700156857026741e-05,
    -0.9218266010284424,
    0.3876025378704071
   ]
  ]
 },
 {
  "rotation_euler": [
   -1.1727945804595947,
   -0.000354477611836046,
   0.13517743349075317
  ],
  "euler_order": "XYZ",
  "rotation_matrix": [
   [
    0.9908773899078369,
    -0.0519084706902504,
    -0.1243685781955719
   ],
   [
    0.1347661167383194,
    0.38408538699150085,
    0.9134092926979065
   ],
   [
    0.000354477611836046,
    -0.9218372702598572,
    0.38757702708244324
   ]
  ]
 },
 {
  "rotation_euler": [
   -1.172935962677002,
   0.002087643602862954,
   1.4256160259246826
  ],
  "euler_order": "XYZ",
  "rotation_matrix": [
   [
    0.1446705162525177,
    -0.38364914059638977,
    -0.9120766520500183
   ],
   [
    0.9894776940345764,
    0.054147906601428986,
    0.1341712474822998
   ],
   [
    -0.0020876419730484486,
    -0.9218900799751282,
    0.387445867061615
   ]
  ]
 },
 {
  "rotation_euler": [
   -1.1738168001174927,
   0.012036888860166073,
   2.2049925327301025
  ],
  "euler_order": "XYZ",
  "rotation_matrix": [
   [
    -0.5924872756004333,
    -0.30487534403800964,
    -0.745660662651062
   ],
   [
    0.8054898977279663,
    -0.2380346655845642,
    -0.5427020788192749
   ],
   [
    -0.012036598287522793,
    -0.9221662282943726,
    0.38660651445388794
   ]
  ]
 }
]