[
 {
  "rotation_euler": [
   -0.1652999073266983,
   1.3614890575408936,
   -0.8486378192901611
  ],
  "euler_order": "XYZ",
  "rotation_matrix": [
   [
    0.1373453587293625,
    0.6337588429450989,
    0.761239767074585
   ],
   [
    -0.15591585636138916,
    0.7727747559547424,
    -0.6152312159538269
   ],
   [
    -0.9781751036643982,
    -0.03419020026922226,
    0.20495006442070007
   ]
  ]
 },
 {
  "rotation_euler": [
   -1.5960922241210938,
   0.7146546244621277,
   -2.006409168243408
  ],
  "euler_order": "XYZ",
  "rotation_matrix": [
   [
    -0.3187192678451538,
    0.253518670797348,
    0.9133161306381226
   ],
   [
    -0.684781551361084,
    0.6046366691589355,
    -0.40680304169654846
   ],
   [
    -0.6553565859794617,
    -0.7550779581069946,
    -0.019104450941085815
   ]
  ]
 },
 {
  "rotation_euler": [
   -1.5943883657455444,
   0.6111673712730408,
   -1.2197155952453613
  ],
  "euler_order": "XYZ",
  "rotation_matrix": [
   [
    0.28165727853775024,
    -0.21944138407707214,
    0.934084951877594
   ],
   [
    -0.7690222859382629,
    0.5305587649345398,
    0.35652783513069153
   ],
   [
    -0.5738239288330078,
    -0.81875079870224,
    -0.019319584593176842
   ]
  ]
 },
 {
  "rotation_euler": [
   -1.5770583152770996,
   0.7307806611061096,
   1.9425225257873535
  ],
  "euler_order": "XYZ",
  "rotation_matrix": [
   [
    -0.27047625184059143,
    0.24826398491859436,
    -0.9301653504371643
   ],
   [
    0.6937950253486633,
    -0.6195787191390991,
    -0.3671112358570099
   ],
   [
    -0.6674511432647705,
    -0.744638979434967,
    -0.0046629817225039005
   ]
  ]
 },
 {
  "rotation_euler": [
   -1.6069159507751465,
   0.5576010942459106,
   -2.0798001289367676
  ],
  "euler_order": "XYZ",
  "rotation_matrix": [
   [
    -0.4134936034679413,
    0.2261577844619751,
    0.88197261095047
   ],
   [
    -0.7409595251083374,
    0.4793679416179657,
    -0.4703035056591034
   ],
   [
    -0.5291522145271301,
    -0.8479734659194946,
    -0.030641810968518257
   ]
  ]
 },
 {
  "rotation_euler": [
   -1.6544193029403687,
   -0.42275598645210266,
   1.8554768562316895
  ],
  "euler_order": "XYZ",
  "rotation_matrix": [
   [
    -0.25612521171569824,
    -0.03465977683663368,
    -0.9660220146179199
   ],
   [
    0.8752565383911133,
    0.4158446490764618,
    -0.2469802349805832
   ],
   [
    0.4102753698825836,
    -0.9087749719619751,
    -0.0761721059679985
   ]
  ]
 },
 {
  "rotation_euler": [
   -0.07241909205913544,
   0.00322056096047163,
   -1.9445513486862183
  ],
  "euler_order": "XYZ",
  "rotation_matrix": [
   [
    -0.3651118874549866,
    0.9286078214645386,
    0.066187784075737
   ],
   [
    -0.930958092212677,
    -0.3639398515224457,
    -0.029408462345600128
   ],
   [
    -0.0032205553725361824,
    -0.07235543429851532,
    0.9973737001419067
   ]
  ]
 },
 {
  "rotation_euler": [
   -1.5673418045043945,
   -0.6534963250160217,
   -2.0953731536865234
  ],
  "euler_order": "XYZ",
  "rotation_matrix": [
   [
    -0.39765381813049316,
    -0.30150601267814636,
    0.8665826916694641
   ],
   [
    -0.6872035264968872,
    -0.5279435515403748,
    -0.49902597069740295
   ],
   [
    0.6079660654067993,
    -0.7939582467079163,
    0.0027427575550973415
   ]
  ]
 },
 {
  "rotation_euler": [
   -1.5642632246017456,
   -0.721110463142395,
   2.062436103820801
  ],
  "euler_order": "XYZ",
  "rotation_matrix": [
   [
    -0.35456061363220215,
    -0.31742364168167114,
    -0.8795049786567688
   ],
   [
    0.6621159315109253,
    0.5789262652397156,
    -0.4758644104003906
   ],
   [
    0.660219132900238,
    -0.7510570287704468,
    0.004906801972538233
   ]
  ]
 },
 {
  "rotation_euler": [
   1.4913159608840942,
   -2.702888011932373,
   0.483566552400589
  ],
  "euler_order": "XYZ",
  "rotation_matrix": [
   [
    -0.8015027642250061,
    -0.4117918014526367,
    0.43361371755599976
   ],
   [
    -0.42091119289398193,
    -0.12657439708709717,
    -0.8982275128364563
   ],
   [
    0.4247671365737915,
    -0.9024447202682495,
    -0.07187805324792862
   ]
  ]
 },
 {
  "rotation_euler": [
   -1.6906851530075073,
   -0.22520911693572998,
   1.6416925191879272
  ],
  "euler_order": "XYZ",
  "rotation_matrix": [
   [
    -0.06904800236225128,
    0.10359634459018707,
    -0.9922198057174683
   ],
   [
    0.972298800945282,
    0.22962252795696259,
    -0.0436871312558651
   ],
   [
    0.2233102023601532,
    -0.967750608921051,
    -0.11658158153295517
   ]
  ]
 },
 {
  "rotation_euler": [
   -1.5832074880599976,
   0.7201781868934631,
   -0.7769891023635864
  ],
  "euler_order": "XYZ",
  "rotation_matrix": [
   [
    0.5359746217727661,
    -0.478920578956604,
    0.6952455043792725
   ],
   [
    -0.5270354747772217,
    0.45352718234062195,
    0.718711793422699
   ],
   [
    -0.6595185995101929,
    -0.7516303062438965,
    -0.009329084306955338
   ]
  ]
 },
 {
  "rotation_euler": [
   -1.6901764869689941,
   0.2933468520641327,
   0.4792998135089874
  ],
  "euler_order": "XYZ",
  "rotation_matrix": [
   [
    0.8494130969047546,
    -0.19982628524303436,
    -0.48843303322792053
   ],
   [
    0.4414580166339874,
    -0.23807506263256073,
    0.8651214241981506
   ],
   [
    -0.2891577184200287,
    -0.9504681825637817,
    -0.11400916427373886
   ]
  ]
 },
 {
  "rotation_euler": [
   -1.6605730056762695,
   -0.39781707525253296,
   0.5009933114051819
  ],
  "euler_order": "XYZ",
  "rotation_matrix": [
   [
    0.8086116909980774,
    0.38148993253707886,
    -0.44789788126945496
   ],
   [
    0.44279009103775024,
    0.10668306797742844,
    0.8902559280395508
   ],
   [
    0.3874067962169647,
    -0.9181961417198181,
    -0.08265478163957596
   ]
  ]
 },
 {
  "rotation_euler": [
   -0.07239104807376862,
   0.003313944675028324,
   -0.737791895866394
  ],
  "euler_order": "XYZ",
  "rotation_matrix": [
   [
    0.7399516105651855,
    0.6707165241241455,
    0.05109747499227524
   ],
   [
    -0.6726519465446472,
    0.7381788492202759,
    0.05129609256982803
   ],
   [
    -0.003313938621431589,
    -0.07232744246721268,
    0.9973754286766052
   ]
  ]
 },
 {
  "rotation_euler": [
   1.568062424659729,
   2.4048290252685547,
   0.5529062747955322
  ],
  "euler_order": "XYZ",
  "rotation_matrix": [
   [
    -0.6302919387817383,
    0.5703455209732056,
    0.5267239212989807
   ],
   [
    -0.3889601230621338,
    0.3551791310310364,
    -0.8500339984893799
   ],
   [
    -0.6718944311141968,
    -0.7406441569328308,
    -0.002024853602051735
   ]
  ]
 }
]