[
 {
  "rotation_euler": [
   1.5707895755767822,
   -5.521781076822663e-06,
   -2.9932076930999756
  ],
  "euler_order": "XYZ",
  "rotation_matrix": [
   [
    -0.9890111088752747,
    6.459209998865845e-06,
    -0.14784103631973267
   ],
   [
    -0.14784103631973267,
    -5.8606842685549054e-06,
    0.9890111088752747
   ],
   [
    5.521781076822663e-06,
    1.0,
    6.7512182795326225e-06
   ]
  ]
 },
 {
  "rotation_euler": [
   -1.54222571849823,
   1.607681770110503e-05,
   1.5083661079406738
  ],
  "euler_order": "XYZ",
  "rotation_matrix": [
   [
    0.06238967180252075,
    -0.028512071818113327,
    -0.9976445436477661
   ],
   [
    0.9980518817901611,
    0.0017662295140326023,
    0.062364667654037476
   ],
   [
    -1.607681770110503e-05,
    -0.9995918869972229,
    0.028566721826791763
   ]
  ]
 },
 {
  "rotation_euler": [
   -1.542225956916809,
   -1.5942167010507546e-05,
   -2.2457613945007324
  ],
  "euler_order": "XYZ",
  "rotation_matrix": [
   [
    -0.6248700618743896,
    0.022292718291282654,
    0.7804104685783386
   ],
   [
    -0.7807287573814392,
    -0.017862781882286072,
    -0.6246146559715271
   ],
   [
    1.5942167010507546e-05,
    -0.9995918869972229,
    0.028566483408212662
   ]
  ]
 },
 {
  "rotation_euler": [
   -1.5422254800796509,
   -1.7203439711011015e-05,
   0.3520422577857971
  ],
  "euler_order": "XYZ",
  "rotation_matrix": [
   [
    0.9386704564094543,
    -0.009834189899265766,
    -0.3446752727031708
   ],
   [
    0.34481552243232727,
    0.026820890605449677,
    0.9382871985435486
   ],
   [
    1.7203439711011015e-05,
    -0.9995918869972229,
    0.028566960245370865
   ]
  ]
 },
 {
  "rotation_euler": [
   -1.5431909561157227,
   0.0022736855316907167,
   2.930027723312378
  ],
  "euler_order": "XYZ",
  "rotation_matrix": [
   [
    -0.97770094871521,
    -0.0035739794839173555,
    -0.20997154712677002
   ],
   [
    0.20998965203762054,
    -0.027463708072900772,
    -0.9773178100585938
   ],
   [
    -0.0022736836690455675,
    -0.9996163845062256,
    0.02760179340839386
   ]
  ]
 },
 {
  "rotation_euler": [
   -1.5422260761260986,
   1.8711916709435172e-05,
   -0.702034056186676
  ],
  "euler_order": "XYZ",
  "rotation_matrix": [
   [
    0.7635302543640137,
    0.01843307912349701,
    0.6455089449882507
   ],
   [
    -0.6457720994949341,
    0.02182336151599884,
    0.7632182836532593
   ],
   [
    -1.8711916709435172e-05,
    -0.9995918869972229,
    0.02856636419892311
   ]
  ]
 },
 {
  "rotation_euler": [
   3.135705628665164e-05,
   -2.0811185095226392e-06,
   1.006029486656189
  ],
  "euler_order": "XYZ",
  "rotation_matrix": [
   [
    0.5352188944816589,
    -0.8447133898735046,
    2.537387263146229e-05
   ],
   [
    0.8447133898735046,
    0.5352188944816589,
    -1.8540837118052877e-05
   ],
   [
    2.0811185095226392e-06,
    3.135705628665164e-05,
    1.0
   ]
  ]
 },
 {
  "rotation_euler": [
   -0.0974319726228714,
   1.0947526440929778e-08,
   3.005417823791504
  ],
  "euler_order": "XYZ",
  "rotation_matrix": [
   [
    -0.9907425045967102,
    -0.1351105123758316,
    -0.013205908238887787
   ],
   [
    0.13575436174869537,
    -0.9860436916351318,
    -0.09637734293937683
   ],
   [
    -1.0947526440929778e-08,
    -0.09727789461612701,
    0.9952572584152222
   ]
  ]
 },
 {
  "rotation_euler": [
   -1.5422215461730957,
   9.575046533427667e-06,
   -0.026236867532134056
  ],
  "euler_order": "XYZ",
  "rotation_matrix": [
   [
    0.9996558427810669,
    0.0007399568567052484,
    0.026223421096801758
   ],
   [
    -0.0262338574975729,
    0.028561310842633247,
    0.9992477297782898
   ],
   [
    -9.575046533427667e-06,
    -0.9995917677879333,
    0.02857089228928089
   ]
  ]
 },
 {
  "rotation_euler": [
   0.00023093870549928397,
   -2.990771918121027e-06,
   2.578498125076294
  ],
  "euler_order": "XYZ",
  "rotation_matrix": [
   [
    -0.8456072807312012,
    -0.5338054895401001,
    0.00012580536713358015
   ],
   [
    0.5338054895401001,
    -0.8456072807312012,
    0.0001936869666678831
   ],
   [
    2.990771918121027e-06,
    0.00023093870549928397,
    1.0
   ]
  ]
 },
 {
  "rotation_euler": [
   1.5707836151123047,
   4.317470256864908e-07,
   3.0250775814056396
  ],
  "euler_order": "XYZ",
  "rotation_matrix": [
   [
    -0.993219792842865,
    -1.9065734022660763e-06,
    0.1162516176700592
   ],
   [
    0.1162516176700592,
    -1.2575303117046133e-05,
    0.993219792842865
   ],
   [
    -4.317470256864908e-07,
    1.0,
    1.2711682757071685e-05
   ]
  ]
 },
 {
  "rotation_euler": [
   1.5707883834838867,
   -8.260651895852789e-08,
   3.0972793102264404
  ],
  "euler_order": "XYZ",
  "rotation_matrix": [
   [
    -0.9990183115005493,
    -2.693540466225386e-07,
    0.044298842549324036
   ],
   [
    0.044298842549324036,
    -7.939172974147368e-06,
    0.9990183115005493
   ],
   [
    8.260651895852789e-08,
    1.0,
    7.943311175040435e-06
   ]
  ]
 },
 {
  "rotation_euler": [
   -1.5422254800796509,
   -1.743476059345994e-05,
   2.2916646003723145
  ],
  "euler_order": "XYZ",
  "rotation_matrix": [
   [
    -0.6600372195243835,
    -0.021471943706274033,
    -0.7509260177612305
   ],
   [
    0.751232922077179,
    -0.018842164427042007,
    -0.6597682237625122
   ],
   [
    1.743476059345994e-05,
    -0.9995918869972229,
    0.028566960245370865
   ]
  ]
 },
 {
  "rotation_euler": [
   -1.5603536367416382,
   0.008518428541719913,
   2.89510178565979
  ],
  "euler_order": "XYZ",
  "rotation_matrix": [
   [
    -0.9697394371032715,
    0.005712410435080528,
    -0.24407535791397095
   ],
   [
    0.24399355053901672,
    -0.012205250561237335,
    -0.969700038433075
   ],
   [
    -0.008518325164914131,
    -0.9999092221260071,
    0.01044212095439434
   ]
  ]
 },
 {
  "rotation_euler": [
   -1.5508390665054321,
   0.002856329083442688,
   0.037320900708436966
  ],
  "euler_order": "XYZ",
  "rotation_matrix": [
   [
    0.9992995858192444,
    -0.0035983684938400984,
    -0.03724784776568413
   ],
   [
    0.037312086671590805,
    0.01983548514544964,
    0.999106764793396
   ],
   [
    -0.002856325125321746,
    -0.9997968077659607,
    0.01995585486292839
   ]
  ]
 },
 {
  "rotation_euler": [
   -1.5422255992889404,
   1.602840711711906e-05,
   -1.2544755935668945
  ],
  "euler_order": "XYZ",
  "rotation_matrix": [
   [
    0.3110719621181488,
    0.027144551277160645,
    0.9499986171722412
   ],
   [
    -0.9503863453865051,
    0.008901569992303848,
    0.3109445571899414
   ],
   [
    -1.602840711711906e-05,
    -0.9995918869972229,
    0.028566841036081314
   ]
  ]
 }
]