[
 {
  "rotation_euler": [
   9.848526133282576e-06,
   -0.00032821783679537475,
   -0.21247921884059906
  ],
  "euler_order": "XYZ",
  "rotation_matrix": [
   [
    0.9775110483169556,
    0.2108840048313141,
    -0.00032291345996782184
   ],
   [
    -0.2108840048313141,
    0.9775111079216003,
    5.958884867141023e-05
   ],
   [
    0.00032821783679537475,
    9.848525223787874e-06,
    0.9999999403953552
   ]
  ]
 },
 {
  "rotation_euler": [
   1.8163409549742937e-05,
   -0.0003326392616145313,
   -1.1509875059127808
  ],
  "euler_order": "XYZ",
  "rotation_matrix": [
   [
    0.40758585929870605,
    0.913166880607605,
    -0.000152165288454853
   ],
   [
    -0.9131668210029602,
    0.40758588910102844,
    0.0002963519946206361
   ],
   [
    0.0003326392616145313,
    1.8163407730753534e-05,
    0.9999999403953552
   ]
  ]
 },
 {
  "rotation_euler": [
   -0.28749531507492065,
   1.2230496406555176,
   -2.8896915912628174
  ],
  "euler_order": "XYZ",
  "rotation_matrix": [
   [
    -0.330025315284729,
    0.4971812963485718,
    -0.8024300932884216
   ],
   [
    -0.0849379301071167,
    -0.8622491955757141,
    -0.4993113875389099
   ],
   [
    -0.9401429891586304,
    -0.09662865847349167,
    0.3267936110496521
   ]
  ]
 },
 {
  "rotation_euler": [
   -0.4395813047885895,
   -1.2525825500488281,
   -0.23833881318569183
  ],
  "euler_order": "XYZ",
  "rotation_matrix": [
   [
    0.30402612686157227,
    0.6064134240150452,
    -0.7347318530082703
   ],
   [
    -0.07386519759893417,
    0.7839228510856628,
    0.6164485812187195
   ],
   [
    0.9497957825660706,
    -0.13314536213874817,
    0.2831258773803711
   ]
  ]
 },
 {
  "rotation_euler": [
   -0.5155121088027954,
   1.2585020065307617,
   -1.107308268547058
  ],
  "euler_order": "XYZ",
  "rotation_matrix": [
   [
    0.13735930621623993,
    0.5685129761695862,
    0.8111259937286377
   ],
   [
    -0.2748282253742218,
    0.8086107969284058,
    -0.5202096104621887
   ],
   [
    -0.9516311883926392,
    -0.15146470069885254,
    0.2673136293888092
   ]
  ]
 },
 {
  "rotation_euler": [
   -0.9971232414245605,
   -1.279030680656433,
   -1.5059739351272583
  ],
  "euler_order": "XYZ",
  "rotation_matrix": [
   [
    0.01863269694149494,
    0.5936886072158813,
    0.8044791221618652
   ],
   [
    -0.287039577960968,
    -0.7675710320472717,
    0.5730994343757629
   ],
   [
    0.9577375054359436,
    -0.24159573018550873,
    0.15611021220684052
   ]
  ]
 },
 {
  "rotation_euler": [
   -0.10517507791519165,
   -1.1596546173095703,
   1.9361587762832642
  ],
  "euler_order": "XYZ",
  "rotation_matrix": [
   [
    -0.14279228448867798,
    -0.9632160067558289,
    0.22765161097049713
   ],
   [
    0.37327659130096436,
    -0.26543277502059937,
    -0.8889375925064087
   ],
   [
    0.9166651368141174,
    -0.04195641353726387,
    0.39744773507118225
   ]
  ]
 },
 {
  "rotation_euler": [
   1.6803604364395142,
   1.8601692914962769,
   0.26249751448631287
  ],
  "euler_order": "XYZ",
  "rotation_matrix": [
   [
    -0.2755765914916992,
    0.9484164118766785,
    0.15672846138477325
   ],
   [
    -0.07404676079750061,
    0.1416136920452118,
    -0.9871487617492676
   ],
   [
    -0.9584230184555054,
    -0.2836402952671051,
    0.03120175004005432
   ]
  ]
 },
 {
  "rotation_euler": [
   -0.00024972480605356395,
   -0.017559967935085297,
   2.256240129470825
  ],
  "euler_order": "XYZ",
  "rotation_matrix": [
   [
    -0.6329190731048584,
    -0.7741409540176392,
    0.010921859182417393
   ],
   [
    0.7740188241004944,
    -0.6330132484436035,
    -0.013751222752034664
   ],
   [
    0.01755906641483307,
    -0.0002496863016858697,
    0.9998458027839661
   ]
  ]
 },
 {
  "rotation_euler": [
   -1.0561096668243408,
   -1.277989387512207,
   -2.275658130645752
  ],
  "euler_order": "XYZ",
  "rotation_matrix": [
   [
    -0.18701863288879395,
    -0.16502614319324493,
    0.9683957695960999
   ],
   [
    -0.21985803544521332,
    -0.9537513256072998,
    -0.20498999953269958
   ],
   [
    0.9574374556541443,
    -0.25124654173851013,
    0.1420869529247284
   ]
  ]
 },
 {
  "rotation_euler": [
   -0.16269449889659882,
   1.1813081502914429,
   -0.19768854975700378
  ],
  "euler_order": "XYZ",
  "rotation_matrix": [
   [
    0.3723193407058716,
    0.046882182359695435,
    0.9269198179244995
   ],
   [
    -0.07457732409238815,
    0.9970051050186157,
    -0.0204712375998497
   ],
   [
    -0.9251035451889038,
    -0.06150536239147186,
    0.3747006058692932
   ]
  ]
 },
 {
  "rotation_euler": [
   2.0661637783050537,
   1.8677619695663452,
   0.6984977126121521
  ],
  "euler_order": "XYZ",
  "rotation_matrix": [
   [
    -0.2240910828113556,
    0.9499488472938538,
    0.2176702916622162
   ],
   [
    -0.1881745606660843,
    0.176971897482872,
    -0.966059684753418
   ],
   [
    -0.9562287926673889,
    -0.257445365190506,
    0.1390983760356903
   ]
  ]
 },
 {
  "rotation_euler": [
   -0.5095313191413879,
   -1.2611501216888428,
   -1.1765873432159424
  ],
  "euler_order": "XYZ",
  "rotation_matrix": [
   [
    0.11703688651323318,
    0.9844480752944946,
    0.13101278245449066
   ],
   [
    -0.2813497483730316,
    -0.09364857524633408,
    0.9550247192382812
   ],
   [
    0.9524414539337158,
    -0.14863353967666626,
    0.26601386070251465
   ]
  ]
 },
 {
  "rotation_euler": [
   -0.6422682404518127,
   1.2694134712219238,
   -2.1552770137786865
  ],
  "euler_order": "XYZ",
  "rotation_matrix": [
   [
    -0.1637868881225586,
    0.9834334254264832,
    0.07766962796449661
   ],
   [
    -0.24756503105163574,
    0.03523794934153557,
    -0.9682302474975586
   ],
   [
    -0.9549269080162048,
    -0.17781169712543488,
    0.2376922070980072
   ]
  ]
 },
 {
  "rotation_euler": [
   -0.11365502327680588,
   1.1586616039276123,
   -3.022254228591919
  ],
  "euler_order": "XYZ",
  "rotation_matrix": [
   [
    -0.3977172374725342,
    0.22146254777908325,
    -0.8903793096542358
   ],
   [
    -0.04768955707550049,
    -0.9741101861000061,
    -0.22098666429519653
   ],
   [
    -0.9162678122520447,
    -0.04542841017246246,
    0.3979818522930145
   ]
  ]
 },
 {
  "rotation_euler": [
   -0.08746757358312607,
   -1.150482416152954,
   1.688795804977417
  ],
  "euler_order": "XYZ",
  "rotation_matrix": [
   [
    -0.048037681728601456,
    -0.9986388087272644,
    0.020319581031799316
   ],
   [
    0.40520957112312317,
    -0.03807768225669861,
    -0.9134305119514465
   ],
   [
    0.9129608869552612,
    -0.03564539551734924,
    0.4064871668815613
   ]
  ]
 }
]