[
 {
  "rotation_euler": [
   -0.4233481287956238,
   -1.5961841344833374,
   -2.690678834915161
  ],
  "euler_order": "XYZ",
  "rotation_matrix": [
   [
    0.022847821936011314,
    0.02768135257065296,
    0.999355673789978
   ],
   [
    0.011062518693506718,
    -0.9995623826980591,
    0.02743416279554367
   ],
   [
    0.9996777176856995,
    0.010428579524159431,
    -0.02314404956996441
   ]
  ]
 },
 {
  "rotation_euler": [
   0.0289602130651474,
   0.000504512689076364,
   2.969604015350342
  ],
  "euler_order": "XYZ",
  "rotation_matrix": [
   [
    -0.9852462410926819,
    -0.17108461260795593,
    0.004458754789084196
   ],
   [
    0.17114196717739105,
    -0.9848307371139526,
    0.02861526422202587
   ],
   [
    -0.000504512689076364,
    0.028956161811947823,
    0.9995805621147156
   ]
  ]
 },
 {
  "rotation_euler": [
   0.028988923877477646,
   0.00045211176620796323,
   2.7171480655670166
  ],
  "euler_order": "XYZ",
  "rotation_matrix": [
   [
    -0.9112675189971924,
    -0.41165363788604736,
    0.011524572037160397
   ],
   [
    0.4118146598339081,
    -0.9108793139457703,
    0.02659907564520836
   ],
   [
    -0.00045211173710413277,
    0.028984861448407173,
    0.9995797276496887
   ]
  ]
 },
 {
  "rotation_euler": [
   0.028979791328310966,
   0.0004729284846689552,
   -2.846722364425659
  ],
  "euler_order": "XYZ",
  "rotation_matrix": [
   [
    -0.9568397402763367,
    0.2904806137084961,
    -0.00887313112616539
   ],
   [
    -0.2906157076358795,
    -0.9564420580863953,
    0.027587754651904106
   ],
   [
    -0.00047292845556512475,
    0.028975732624530792,
    0.9995800256729126
   ]
  ]
 },
 {
  "rotation_euler": [
   0.028948470950126648,
   0.0005265374202281237,
   -1.404888391494751
  ],
  "euler_order": "XYZ",
  "rotation_matrix": [
   [
    0.1651478409767151,
    0.9858580827713013,
    -0.0284600667655468
   ],
   [
    -0.9862686991691589,
    0.16506364941596985,
    -0.005299200303852558
   ],
   [
    -0.0005265374202281237,
    0.02894442342221737,
    0.9995808601379395
   ]
  ]
 },
 {
  "rotation_euler": [
   0.028990646824240685,
   0.00044627219904214144,
   2.23793363571167
  ],
  "euler_order": "XYZ",
  "rotation_matrix": [
   [
    -0.6187395453453064,
    -0.7852740287780762,
    0.02249573916196823
   ],
   [
    0.7855960726737976,
    -0.6184694766998291,
    0.018285591155290604
   ],
   [
    -0.000446272169938311,
    0.028986582532525063,
    0.9995797276496887
   ]
  ]
 },
 {
  "rotation_euler": [
   0.028986532241106033,
   0.00045454103383235633,
   2.771533727645874
  ],
  "euler_order": "XYZ",
  "rotation_matrix": [
   [
    -0.9323059320449829,
    -0.36153072118759155,
    0.01005850825458765
   ],
   [
    0.3616703450679779,
    -0.9319096207618713,
    0.027184858918190002
   ],
   [
    -0.0004545410047285259,
    0.02898246981203556,
    0.9995797872543335
   ]
  ]
 },
 {
  "rotation_euler": [
   0.028984658420085907,
   0.00046065490460023284,
   2.2275514602661133
  ],
  "euler_order": "XYZ",
  "rotation_matrix": [
   [
    -0.6105501651763916,
    -0.791653037071228,
    0.022670850157737732
   ],
   [
    0.7919774651527405,
    -0.6102831959724426,
    0.018058786168694496
   ],
   [
    -0.0004606548754964024,
    0.028980597853660583,
    0.9995798468589783
   ]
  ]
 },
 {
  "rotation_euler": [
   0.028987569734454155,
   0.00045103690354153514,
   3.1203789710998535
  ],
  "euler_order": "XYZ",
  "rotation_matrix": [
   [
    -0.9997748732566833,
    -0.021216249093413353,
    0.00016405490168835968
   ],
   [
    0.02121208980679512,
    -0.9993547201156616,
    0.028986552730202675
   ],
   [
    -0.0004510368744377047,
    0.028983507305383682,
    0.9995797872543335
   ]
  ]
 },
 {
  "rotation_euler": [
   0.028989890590310097,
   0.00044807454105466604,
   -0.6198916435241699
  ],
  "euler_order": "XYZ",
  "rotation_matrix": [
   [
    0.8139412999153137,
    0.5807134509086609,
    -0.016474677249789238
   ],
   [
    -0.5809469223022461,
    0.8135918378829956,
    -0.023852964863181114
   ],
   [
    -0.0004480745119508356,
    0.028985828161239624,
    0.9995797276496887
   ]
  ]
 },
 {
  "rotation_euler": [
   0.7705482840538025,
   -1.6585578918457031,
   1.120464563369751
  ],
  "euler_order": "XYZ",
  "rotation_matrix": [
   [
    -0.03815045580267906,
    -0.9480004906654358,
    0.31597405672073364
   ],
   [
    -0.07891058921813965,
    -0.31235867738723755,
    -0.9466811418533325
   ],
   [
    0.9961514472961426,
    -0.061050012707710266,
    -0.06289065629243851
   ]
  ]
 },
 {
  "rotation_euler": [
   0.02898397296667099,
   0.0004644236178137362,
   -0.16130875051021576
  ],
  "euler_order": "XYZ",
  "rotation_matrix": [
   [
    0.987017810344696,
    0.16055592894554138,
    -0.004196265246719122
   ],
   [
    -0.16061007976531982,
    0.9866012334823608,
    -0.028678255155682564
   ],
   [
    -0.00046442358870990574,
    0.028979912400245667,
    0.999579906463623
   ]
  ]
 },
 {
  "rotation_euler": [
   0.02898583561182022,
   0.0004588353040162474,
   1.5414507389068604
  ],
  "euler_order": "XYZ",
  "rotation_matrix": [
   [
    0.029341373592615128,
    -0.9991492033004761,
    0.028982756659388542
   ],
   [
    0.9995693564414978,
    0.029342344030737877,
    -0.00039192012627609074
   ],
   [
    -0.00045883527491241693,
    0.028981773182749748,
    0.9995798468589783
   ]
  ]
 },
 {
  "rotation_euler": [
   0.02899058163166046,
   0.0004499044443946332,
   0.944291889667511
  ],
  "euler_order": "XYZ",
  "rotation_matrix": [
   [
    0.5863165855407715,
    -0.8097339272499084,
    0.023745132610201836
   ],
   [
    0.8100818991661072,
    0.5860808491706848,
    -0.016630973666906357
   ],
   [
    -0.0004499044152908027,
    0.02898651733994484,
    0.9995797276496887
   ]
  ]
 },
 {
  "rotation_euler": [
   0.02906082570552826,
   0.00025395286502316594,
   -1.714749813079834
  ],
  "euler_order": "XYZ",
  "rotation_matrix": [
   [
    -0.1434568166732788,
    0.9892376661300659,
    -0.028792604804039
   ],
   [
    -0.9896565675735474,
    -0.1434035450220108,
    0.003917166963219643
   ],
   [
    -0.00025395286502316594,
    0.029056735336780548,
    0.9995777606964111
   ]
  ]
 },
 {
  "rotation_euler": [
   0.028987156227231026,
   0.00045124630560167134,
   -0.5273361206054688
  ],
  "euler_order": "XYZ",
  "rotation_matrix": [
   [
    0.8641505837440491,
    0.5030330419540405,
    -0.014195473864674568
   ],
   [
    -0.5032330751419067,
    0.8637810945510864,
    -0.025272749364376068
   ],
   [
    -0.0004512462764978409,
    0.028983093798160553,
    0.9995797872543335
   ]
  ]
 }
]