[
 {
  "rotation_euler": [
   2.1231048107147217,
   -1.3635615110397339,
   -0.25215744972229004
  ],
  "euler_order": "XYZ",
  "rotation_matrix": [
   [
    0.19924797117710114,
    -0.9376527667045593,
    0.28479379415512085
   ],
   [
    -0.05133450776338577,
    -0.30020904541015625,
    -0.9524911046028137
   ],
   [
    0.9786036014556885,
    0.1751621663570404,
    -0.10794998705387115
   ]
  ]
 },
 {
  "rotation_euler": [
   2.123105049133301,
   -1.3635616302490234,
   0.9569712281227112
  ],
  "euler_order": "XYZ",
  "rotation_matrix": [
   [
    0.11851431429386139,
    -0.05098573490977287,
    0.9916424751281738
   ],
   [
    0.1681942194700241,
    -0.9832185506820679,
    -0.07065403461456299
   ],
   [
    0.9786036014556885,
    0.17516204714775085,
    -0.10794996470212936
   ]
  ]
 },
 {
  "rotation_euler": [
   1.7491998672485352,
   1.4401910305023193,
   -1.175710916519165
  ],
  "euler_order": "XYZ",
  "rotation_matrix": [
   [
    0.050125494599342346,
    0.21176430583000183,
    -0.9760344624519348
   ],
   [
    -0.12020153552293777,
    -0.968880295753479,
    -0.21638521552085876
   ],
   [
    -0.9914832711219788,
    0.1281672567129135,
    -0.02311120741069317
   ]
  ]
 },
 {
  "rotation_euler": [
   1.7309021949768066,
   1.4571781158447266,
   1.0703601837158203
  ],
  "euler_order": "XYZ",
  "rotation_matrix": [
   [
    0.054397739470005035,
    0.6104909181594849,
    0.7901529669761658
   ],
   [
    0.09947125613689423,
    0.7840752005577087,
    -0.6126431226730347
   ],
   [
    -0.9935523867607117,
    0.11192391067743301,
    -0.01807437837123871
   ]
  ]
 },
 {
  "rotation_euler": [
   -1.3887971639633179,
   1.7051106691360474,
   -1.0573952198028564
  ],
  "euler_order": "XYZ",
  "rotation_matrix": [
   [
    -0.06576934456825256,
    -0.3210185468196869,
    0.9447864890098572
   ],
   [
    0.11664695292711258,
    0.9378712177276611,
    0.3267890214920044
   ],
   [
    -0.9909933805465698,
    0.13169915974140167,
    -0.024237340316176414
   ]
  ]
 },
 {
  "rotation_euler": [
   1.7369331121444702,
   1.451632022857666,
   0.5988069176673889
  ],
  "euler_order": "XYZ",
  "rotation_matrix": [
   [
    0.09819795936346054,
    0.9020723104476929,
    0.4202651083469391
   ],
   [
    0.06700898706912994,
    0.4153541326522827,
    -0.907188355922699
   ],
   [
    -0.9929083585739136,
    0.11724558472633362,
    -0.019660020247101784
   ]
  ]
 },
 {
  "rotation_euler": [
   1.7527951002120972,
   1.4364975690841675,
   -0.9684051871299744
  ],
  "euler_order": "XYZ",
  "rotation_matrix": [
   [
    0.07586706429719925,
    0.403100848197937,
    -0.9120054244995117
   ],
   [
    -0.11032756417989731,
    -0.9056318402290344,
    -0.4094615876674652
   ],
   [
    -0.990995466709137,
    0.13168399035930634,
    -0.02423449419438839
   ]
  ]
 },
 {
  "rotation_euler": [
   2.1231048107147217,
   -1.3635615110397339,
   0.41953685879707336
  ],
  "euler_order": "XYZ",
  "rotation_matrix": [
   [
    0.18791115283966064,
    -0.5471409559249878,
    0.8156753182411194
   ],
   [
    0.08381159603595734,
    -0.8185077905654907,
    -0.5683490037918091
   ],
   [
    0.9786036014556885,
    0.1751621663570404,
    -0.10794998705387115
   ]
  ]
 },
 {
  "rotation_euler": [
   -1.0208266973495483,
   -1.7805434465408325,
   0.5533313155174255
  ],
  "euler_order": "XYZ",
  "rotation_matrix": [
   [
    -0.17714278399944305,
    0.4347553551197052,
    -0.8829542398452759
   ],
   [
    -0.1094207763671875,
    0.8828805685043335,
    0.4566716253757477
   ],
   [
    0.978083610534668,
    0.1775096207857132,
    -0.10882466286420822
   ]
  ]
 },
 {
  "rotation_euler": [
   2.123105049133301,
   -1.3635616302490234,
   -0.1264447718858719
  ],
  "euler_order": "XYZ",
  "rotation_matrix": [
   [
    0.20411191880702972,
    -0.8926125168800354,
    0.40197163820266724
   ],
   [
    -0.025947315618395805,
    -0.4154047966003418,
    -0.9092665314674377
   ],
   [
    0.9786036014556885,
    0.17516204714775085,
    -0.10794996470212936
   ]
  ]
 },
 {
  "rotation_euler": [
   -1.3886600732803345,
   1.7049012184143066,
   -1.3847461938858032
  ],
  "euler_order": "XYZ",
  "rotation_matrix": [
   [
    -0.024732254445552826,
    -0.002280493499711156,
    0.9996914863586426
   ],
   [
    0.13139592111110687,
    0.9913146495819092,
    0.005512104369699955
   ],
   [
    -0.9910213947296143,
    0.13149170577526093,
    -0.024217797443270683
   ]
  ]
 },
 {
  "rotation_euler": [
   -1.3924227952957153,
   1.7003461122512817,
   -1.4065167903900146
  ],
  "euler_order": "XYZ",
  "rotation_matrix": [
   [
    -0.021127566695213318,
    0.015442237257957458,
    0.9996575117111206
   ],
   [
    0.12744837999343872,
    0.9917648434638977,
    -0.012626717798411846
   ],
   [
    -0.9916201829910278,
    0.12713797390460968,
    -0.022921666502952576
   ]
  ]
 },
 {
  "rotation_euler": [
   1.7393323183059692,
   1.4539740085601807,
   0.9855235815048218
  ],
  "euler_order": "XYZ",
  "rotation_matrix": [
   [
    0.06438907980918884,
    0.680708646774292,
    0.7297189831733704
   ],
   [
    0.09715723991394043,
    0.7234863638877869,
    -0.6834676265716553
   ],
   [
    -0.9931840300559998,
    0.11490533500909805,
    -0.019551148638129234
   ]
  ]
 },
 {
  "rotation_euler": [
   -1.4288411140441895,
   1.6764312982559204,
   1.2244547605514526
  ],
  "euler_order": "XYZ",
  "rotation_matrix": [
   [
    -0.03579207882285118,
    -0.46724921464920044,
    -0.8834008574485779
   ],
   [
    -0.0991777703166008,
    -0.877942681312561,
    0.4683806002140045
   ],
   [
    -0.9944258332252502,
    0.10437804460525513,
    -0.014917343854904175
   ]
  ]
 },
 {
  "rotation_euler": [
   2.1231048107147217,
   -1.3635615110397339,
   0.45822855830192566
  ],
  "euler_order": "XYZ",
  "rotation_matrix": [
   [
    0.18452851474285126,
    -0.5150699019432068,
    0.8370497226715088
   ],
   [
    0.09101765602827072,
    -0.8390597105026245,
    -0.536371648311615
   ],
   [
    0.9786036014556885,
    0.1751621663570404,
    -0.10794998705387115
   ]
  ]
 },
 {
  "rotation_euler": [
   2.12310528755188,
   -1.3635615110397339,
   -0.9402085542678833
  ],
  "euler_order": "XYZ",
  "rotation_matrix": [
   [
    0.12131698429584503,
    -0.9149656295776367,
    -0.38486379384994507
   ],
   [
    -0.16618415713310242,
    0.3635329306125641,
    -0.9166387915611267
   ],
   [
    0.9786036014556885,
    0.17516212165355682,
    -0.10795006901025772
   ]
  ]
 }
]