[
 {
  "rotation_euler": [
   -1.5707961320877075,
   -1.0925737647937694e-08,
   3.122776508331299
  ],
  "euler_order": "XYZ",
  "rotation_matrix": [
   [
    -0.9998229742050171,
    -1.458722653779887e-08,
    -0.01881503500044346
   ],
   [
    0.01881503500044346,
    -1.9446714816240274e-07,
    -0.9998229742050171
   ],
   [
    1.0925737647937694e-08,
    -1.0,
    1.9470718370939721e-07
   ]
  ]
 },
 {
  "rotation_euler": [
   -1.5707963705062866,
   -0.0,
   0.20859143137931824
  ],
  "euler_order": "XYZ",
  "rotation_matrix": [
   [
    0.9783235788345337,
    9.051845495378075e-09,
    -0.20708206295967102
   ],
   [
    0.20708206295967102,
    -4.2763883101315514e-08,
    0.9783235788345337
   ],
   [
    0.0,
    -1.0,
    -4.371138828673793e-08
   ]
  ]
 },
 {
  "rotation_euler": [
   -1.5708032846450806,
   7.121388080122415e-06,
   -0.13953454792499542
  ],
  "euler_order": "XYZ",
  "rotation_matrix": [
   [
    0.9902808666229248,
    -8.019886990950909e-06,
    0.13908220827579498
   ],
   [
    -0.13908220827579498,
    -5.899767529626843e-06,
    0.9902808666229248
   ],
   [
    -7.121388080122415e-06,
    -1.0,
    -6.957850018807221e-06
   ]
  ]
 },
 {
  "rotation_euler": [
   -1.5710188150405884,
   -2.2927595637156628e-05,
   -2.383920669555664
  ],
  "euler_order": "XYZ",
  "rotation_matrix": [
   [
    -0.7264378666877747,
    -0.00016955654427874833,
    0.6872321367263794
   ],
   [
    -0.6872321367263794,
    0.0001458673068555072,
    -0.7264378666877747
   ],
   [
    2.2927595637156628e-05,
    -1.0,
    -0.00022248824825510383
   ]
  ]
 },
 {
  "rotation_euler": [
   -1.5707964897155762,
   -1.3989625458066257e-08,
   2.808123826980591
  ],
  "euler_order": "XYZ",
  "rotation_matrix": [
   [
    -0.9449126124382019,
    4.010866661019463e-08,
    -0.32732272148132324
   ],
   [
    0.32732272148132324,
    1.585249265190214e-07,
    -0.9449126124382019
   ],
   [
    1.3989625458066257e-08,
    -1.0,
    -1.6292068494294654e-07
   ]
  ]
 },
 {
  "rotation_euler": [
   -1.5707963705062866,
   1.1352809536901987e-07,
   2.1907362937927246
  ],
  "euler_order": "XYZ",
  "rotation_matrix": [
   [
    -0.5809863209724426,
    1.0153554796943354e-07,
    -0.8139133453369141
   ],
   [
    0.8139133453369141,
    -6.700631161038473e-08,
    -0.5809863209724426
   ],
   [
    -1.1352809536901987e-07,
    -1.0,
    -4.371138828673793e-08
   ]
  ]
 },
 {
  "rotation_euler": [
   -1.5707963705062866,
   -0.0,
   0.1495160013437271
  ],
  "euler_order": "XYZ",
  "rotation_matrix": [
   [
    0.9888432621955872,
    6.5112288893942605e-09,
    -0.14895954728126526
   ],
   [
    0.14895954728126526,
    -4.322371438547634e-08,
    0.9888432621955872
   ],
   [
    0.0,
    -1.0,
    -4.371138828673793e-08
   ]
  ]
 },
 {
  "rotation_euler": [
   -1.570796251296997,
   -7.481642860796e-09,
   3.043037176132202
  ],
  "euler_order": "XYZ",
  "rotation_matrix": [
   [
    -0.9951473474502563,
    -1.4874029119482657e-08,
    -0.09839601069688797
   ],
   [
    0.09839601069688797,
    -7.439537341724645e-08,
    -0.9951473474502563
   ],
   [
    7.481642860796e-09,
    -1.0,
    7.549790126404332e-08
   ]
  ]
 },
 {
  "rotation_euler": [
   -1.570796251296997,
   -2.6245297490845587e-08,
   0.1712307184934616
  ],
  "euler_order": "XYZ",
  "rotation_matrix": [
   [
    0.9853758215904236,
    1.2997001697101496e-08,
    -0.17039519548416138
   ],
   [
    0.17039519548416138,
    7.88658738315462e-08,
    0.9853758215904236
   ],
   [
    2.6245297490845587e-08,
    -1.0,
    7.549790126404332e-08
   ]
  ]
 },
 {
  "rotation_euler": [
   -1.570796251296997,
   -0.0,
   0.21445198357105255
  ],
  "euler_order": "XYZ",
  "rotation_matrix": [
   [
    0.9770931601524353,
    -1.6066858066210443e-08,
    -0.21281199157238007
   ],
   [
    0.21281199157238007,
    7.376848287776738e-08,
    0.9770931601524353
   ],
   [
    0.0,
    -1.0,
    7.549790126404332e-08
   ]
  ]
 },
 {
  "rotation_euler": [
   -1.5707963705062866,
   -2.6512942952194862e-09,
   0.4289199411869049
  ],
  "euler_order": "XYZ",
  "rotation_matrix": [
   [
    0.9094154834747314,
    2.059020687283919e-08,
    -0.41588881611824036
   ],
   [
    0.41588881611824036,
    -3.864916919837924e-08,
    0.9094154834747314
   ],
   [
    2.6512942952194862e-09,
    -1.0,
    -4.371138828673793e-08
   ]
  ]
 },
 {
  "rotation_euler": [
   -1.5707963705062866,
   4.5432937412215324e-08,
   2.0031321048736572
  ],
  "euler_order": "XYZ",
  "rotation_matrix": [
   [
    -0.418992817401886,
    5.872555774999455e-08,
    -0.9079895615577698
   ],
   [
    0.9079895615577698,
    -2.293787382257051e-08,
    -0.418992817401886
   ],
   [
    -4.5432937412215324e-08,
    -1.0,
    -4.371138828673793e-08
   ]
  ]
 },
 {
  "rotation_euler": [
   -1.5707964897155762,
   -6.68973356710012e-08,
   0.4308137595653534
  ],
  "euler_order": "XYZ",
  "rotation_matrix": [
   [
    0.9086261987686157,
    1.2882203748176835e-07,
    -0.4176103472709656
   ],
   [
    0.4176103472709656,
    -1.2009698480142106e-07,
    0.9086261987686157
   ],
   [
    6.68973356710012e-08,
    -1.0,
    -1.6292068494294654e-07
   ]
  ]
 },
 {
  "rotation_euler": [
   -1.5707963705062866,
   -1.4908858148032778e-08,
   0.6095694303512573
  ],
  "euler_order": "XYZ",
  "rotation_matrix": [
   [
    0.8198946118354797,
    3.7249098028269145e-08,
    -0.5725144743919373
   ],
   [
    0.5725144743919373,
    -2.730319614840937e-08,
    0.8198946118354797
   ],
   [
    1.4908858148032778e-08,
    -1.0,
    -4.371138828673793e-08
   ]
  ]
 },
 {
  "rotation_euler": [
   -1.5707963705062866,
   2.0423742697062153e-08,
   -0.4979093670845032
  ],
  "euler_order": "XYZ",
  "rotation_matrix": [
   [
    0.8785829544067383,
    -3.882006538447058e-08,
    0.47758978605270386
   ],
   [
    -0.47758978605270386,
    -2.86499108881344e-08,
    0.8785829544067383
   ],
   [
    -2.0423742697062153e-08,
    -1.0,
    -4.371138828673793e-08
   ]
  ]
 },
 {
  "rotation_euler": [
   -1.5707966089248657,
   -9.969818393074092e-08,
   -1.8444510698318481
  ],
  "euler_order": "XYZ",
  "rotation_matrix": [
   [
    -0.270251989364624,
    -2.9857542926947644e-07,
    0.9627896547317505
   ],
   [
    -0.9627896547317505,
    -1.9742193657634743e-08,
    -0.270251989364624
   ],
   [
    9.969818393074092e-08,
    -1.0,
    -2.821299744937278e-07
   ]
  ]
 }
]