[
 {
  "rotation_euler": [
   -0.000357779732439667,
   -6.568416574737057e-05,
   -1.6305814981460571
  ],
  "euler_order": "XYZ",
  "rotation_matrix": [
   [
    -0.05974956229329109,
    0.9982133507728577,
    0.00036106511834077537
   ],
   [
    -0.9982134103775024,
    -0.059749580919742584,
    4.418962635099888e-05
   ],
   [
    6.568416574737057e-05,
    -0.000357779732439667,
    0.9999999403953552
   ]
  ]
 },
 {
  "rotation_euler": [
   -0.000803438713774085,
   3.5237649171904195e-06,
   -2.1781005859375
  ],
  "euler_order": "XYZ",
  "rotation_matrix": [
   [
    -0.5706558227539062,
    0.8211891055107117,
    0.0006577643798664212
   ],
   [
    -0.8211893439292908,
    -0.5706556439399719,
    -0.0004613806086126715
   ],
   [
    -3.5237649171904195e-06,
    -0.0008034386555664241,
    0.9999997019767761
   ]
  ]
 },
 {
  "rotation_euler": [
   -0.0007418977911584079,
   1.9379190234758426e-06,
   2.6738340854644775
  ],
  "euler_order": "XYZ",
  "rotation_matrix": [
   [
    -0.8925811648368835,
    -0.45088663697242737,
    -0.00033624161733314395
   ],
   [
    0.4508867561817169,
    -0.8925809264183044,
    -0.0006613301229663193
   ],
   [
    -1.9379190234758426e-06,
    -0.000741897732950747,
    0.9999997019767761
   ]
  ]
 },
 {
  "rotation_euler": [
   -0.0003311063628643751,
   0.0002376627380726859,
   -1.0433719158172607
  ],
  "euler_order": "XYZ",
  "rotation_matrix": [
   [
    0.503309428691864,
    0.8641061782836914,
    0.00040572896250523627
   ],
   [
    -0.8641062378883362,
    0.5033094882965088,
    -3.871689477819018e-05
   ],
   [
    -0.0002376627380726859,
    -0.00033110633376054466,
    0.9999999403953552
   ]
  ]
 },
 {
  "rotation_euler": [
   0.003258719574660063,
   -0.00014843991084489971,
   -1.2325490713119507
  ],
  "euler_order": "XYZ",
  "rotation_matrix": [
   [
    0.33183416724205017,
    0.9433325529098511,
    -0.003123324830085039
   ],
   [
    -0.9433377385139465,
    0.3318328559398651,
    -0.0009413243969902396
   ],
   [
    0.00014843991084489971,
    0.0032587137538939714,
    0.999994695186615
   ]
  ]
 },
 {
  "rotation_euler": [
   -0.0007759289001114666,
   -5.304606816025625e-07,
   -2.2793145179748535
  ],
  "euler_order": "XYZ",
  "rotation_matrix": [
   [
    -0.650709331035614,
    0.759326696395874,
    0.0005895288195461035
   ],
   [
    -0.7593269348144531,
    -0.6507090926170349,
    -0.0005045013385824859
   ],
   [
    5.304606816025625e-07,
    -0.0007759288419038057,
    0.9999997019767761
   ]
  ]
 },
 {
  "rotation_euler": [
   -0.0008278799359686673,
   -5.168147154677172e-08,
   -2.882690191268921
  ],
  "euler_order": "XYZ",
  "rotation_matrix": [
   [
    -0.9666715264320374,
    0.256019651889801,
    0.00021200354967731982
   ],
   [
    -0.2560197412967682,
    -0.9666712284088135,
    -0.0008002746617421508
   ],
   [
    5.168147154677172e-08,
    -0.0008278798195533454,
    0.9999996423721313
   ]
  ]
 },
 {
  "rotation_euler": [
   0.0008909844909794629,
   3.265765553805977e-05,
   2.6817123889923096
  ],
  "euler_order": "XYZ",
  "rotation_matrix": [
   [
    -0.8961056470870972,
    -0.4438406527042389,
    0.00036619053571484983
   ],
   [
    0.44384080171585083,
    -0.8961052894592285,
    0.0008129109046421945
   ],
   [
    -3.265765553805977e-05,
    0.000890984374564141,
    0.9999995827674866
   ]
  ]
 },
 {
  "rotation_euler": [
   -0.0005874689668416977,
   -0.0001512908929726109,
   2.3600785732269287
  ],
  "euler_order": "XYZ",
  "rotation_matrix": [
   [
    -0.7098478674888611,
    -0.7043549418449402,
    -0.0003063931653741747
   ],
   [
    0.704355001449585,
    -0.7098476886749268,
    -0.0005235760472714901
   ],
   [
    0.0001512908929726109,
    -0.0005874689086340368,
    0.9999998211860657
   ]
  ]
 },
 {
  "rotation_euler": [
   0.0001914402237161994,
   -7.202726237665047e-07,
   -3.139612913131714
  ],
  "euler_order": "XYZ",
  "rotation_matrix": [
   [
    -0.9999980330467224,
    0.001979739172384143,
    3.4126949799428985e-07
   ],
   [
    -0.001979739172384143,
    -0.9999980330467224,
    0.00019144127145409584
   ],
   [
    7.202726237665047e-07,
    0.0001914402237161994,
    1.0
   ]
  ]
 },
 {
  "rotation_euler": [
   -0.0007564893458038568,
   4.522708877630066e-06,
   3.0420281887054443
  ],
  "euler_order": "XYZ",
  "rotation_matrix": [
   [
    -0.9950475692749023,
    -0.09940001368522644,
    -7.969538273755461e-05
   ],
   [
    0.09940005093812943,
    -0.9950472712516785,
    -0.0007522932137362659
   ],
   [
    -4.522708877630066e-06,
    -0.0007564892875961959,
    0.9999997019767761
   ]
  ]
 },
 {
  "rotation_euler": [
   -0.00044936605263501406,
   -1.0692546311474871e-05,
   1.173416018486023
  ],
  "euler_order": "XYZ",
  "rotation_matrix": [
   [
    0.3870041072368622,
    -0.9220778942108154,
    -0.0004184885765425861
   ],
   [
    0.922078013420105,
    0.3870040774345398,
    0.00016404714551754296
   ],
   [
    1.0692546311474871e-05,
    -0.0004493660235311836,
    0.9999998807907104
   ]
  ]
 },
 {
  "rotation_euler": [
   -0.002311035292223096,
   7.097181514836848e-05,
   -0.23220767080783844
  ],
  "euler_order": "XYZ",
  "rotation_matrix": [
   [
    0.9731607437133789,
    0.23012572526931763,
    0.0006008967757225037
   ],
   [
    -0.2301265001296997,
    0.9731581807136536,
    0.002232674276456237
   ],
   [
    -7.097181514836848e-05,
    -0.002311033196747303,
    0.9999973177909851
   ]
  ]
 },
 {
  "rotation_euler": [
   0.00032267364440485835,
   1.2776667063008063e-05,
   2.2906408309936523
  ],
  "euler_order": "XYZ",
  "rotation_matrix": [
   [
    -0.659267783164978,
    -0.7519082427024841,
    0.00023419772332999855
   ],
   [
    0.7519082427024841,
    -0.6592677235603333,
    0.0002223352057626471
   ],
   [
    -1.2776667063008063e-05,
    0.00032267364440485835,
    0.9999999403953552
   ]
  ]
 },
 {
  "rotation_euler": [
   -0.0004411508562043309,
   6.582184869330376e-05,
   2.091370105743408
  ],
  "euler_order": "XYZ",
  "rotation_matrix": [
   [
    -0.49737799167633057,
    -0.8675338625907898,
    -0.00041545165004208684
   ],
   [
    0.8675339221954346,
    -0.4973779618740082,
    -0.0001623160351300612
   ],
   [
    -6.582184869330376e-05,
    -0.00044115082710050046,
    0.9999998807907104
   ]
  ]
 },
 {
  "rotation_euler": [
   -7.120907685020939e-05,
   -0.0001503718813182786,
   -1.001996397972107
  ],
  "euler_order": "XYZ",
  "rotation_matrix": [
   [
    0.5386213064193726,
    0.8425479531288147,
    -2.0996438252041116e-05
   ],
   [
    -0.8425479531288147,
    0.5386213064193726,
    0.00016505025268997997
   ],
   [
    0.0001503718813182786,
    -7.120907685020939e-05,
    1.0
   ]
  ]
 }
]