[
 {
  "rotation_euler": [
   1.5910528898239136,
   0.10323221981525421,
   -1.1129745244979858
  ],
  "euler_order": "XYZ",
  "rotation_matrix": [
   [
    0.4396422207355499,
    0.027368564158678055,
    -0.8977559208869934
   ],
   [
    -0.892241895198822,
    -0.1013704389333725,
    -0.4400322735309601
   ],
   [
    -0.10304896533489227,
    0.9944722056388855,
    -0.02014734409749508
   ]
  ]
 },
 {
  "rotation_euler": [
   -1.5207525491714478,
   0.07085076719522476,
   2.2569053173065186
  ],
  "euler_order": "XYZ",
  "rotation_matrix": [
   [
    -0.6319419741630554,
    0.0060889385640621185,
    -0.7749917507171631
   ],
   [
    0.7717757821083069,
    -0.08639509230852127,
    -0.6299984455108643
   ],
   [
    -0.07079150527715683,
    -0.996242344379425,
    0.049897391349077225
   ]
  ]
 },
 {
  "rotation_euler": [
   0.03783443942666054,
   0.34326186776161194,
   1.3431804180145264
  ],
  "euler_order": "XYZ",
  "rotation_matrix": [
   [
    0.2124912440776825,
    -0.9706372618675232,
    0.11274217814207077
   ],
   [
    0.9173737168312073,
    0.23789626359939575,
    0.3191094398498535
   ],
   [
    -0.33656045794487,
    0.035618748515844345,
    0.9409879446029663
   ]
  ]
 },
 {
  "rotation_euler": [
   1.6297755241394043,
   0.07709994167089462,
   2.103677272796631
  ],
  "euler_order": "XYZ",
  "rotation_matrix": [
   [
    -0.5065077543258667,
    0.011710865423083305,
    0.8621558547019958
   ],
   [
    0.858788251876831,
    0.0961737409234047,
    0.5032229423522949
   ],
   [
    -0.07702358067035675,
    0.9952956438064575,
    -0.05876990035176277
   ]
  ]
 },
 {
  "rotation_euler": [
   -0.009407677687704563,
   -0.778727650642395,
   -2.8348841667175293
  ],
  "euler_order": "XYZ",
  "rotation_matrix": [
   [
    -0.6785895228385925,
    0.2956097722053528,
    0.6724069714546204
   ],
   [
    -0.21491068601608276,
    -0.9552853107452393,
    0.20308461785316467
   ],
   [
    0.7023743391036987,
    -0.006696359254419804,
    0.7117762565612793
   ]
  ]
 },
 {
  "rotation_euler": [
   -0.001793943578377366,
   0.11297576129436493,
   -1.869682788848877
  ],
  "euler_order": "XYZ",
  "rotation_matrix": [
   [
    -0.2925790548324585,
    0.955722987651825,
    -0.03148123249411583
   ],
   [
    -0.9495726227760315,
    -0.29426246881484985,
    -0.10826551169157028
   ],
   [
    -0.11273558437824249,
    -0.001782506238669157,
    0.9936234354972839
   ]
  ]
 },
 {
  "rotation_euler": [
   1.7304877042770386,
   -0.061613503843545914,
   1.3862638473510742
  ],
  "euler_order": "XYZ",
  "rotation_matrix": [
   [
    0.18313880264759064,
    0.14515943825244904,
    0.9723111391067505
   ],
   [
    0.9811568260192871,
    -0.08893588185310364,
    -0.17152740061283112
   ],
   [
    0.061574529856443405,
    0.9854030609130859,
    -0.15871179103851318
   ]
  ]
 },
 {
  "rotation_euler": [
   -0.03332347422838211,
   0.19051726162433624,
   2.307529926300049
  ],
  "euler_order": "XYZ",
  "rotation_matrix": [
   [
    -0.6597155928611755,
    -0.7360169291496277,
    -0.15183669328689575
   ],
   [
    0.7272657752037048,
    -0.6761721968650818,
    0.1177949383854866
   ],
   [
    -0.18936681747436523,
    -0.03271447867155075,
    0.9813612699508667
   ]
  ]
 },
 {
  "rotation_euler": [
   -1.650963306427002,
   -0.12957978248596191,
   -1.6159203052520752
  ],
  "euler_order": "XYZ",
  "rotation_matrix": [
   [
    -0.04473048821091652,
    -0.08580972999334335,
    0.9953069090843201
   ],
   [
    -0.9906069040298462,
    -0.12505899369716644,
    -0.05530114099383354
   ],
   [
    0.1292174607515335,
    -0.9884315729141235,
    -0.07940976321697235
   ]
  ]
 },
 {
  "rotation_euler": [
   -1.4946627616882324,
   0.0511038713157177,
   1.4689801931381226
  ],
  "euler_order": "XYZ",
  "rotation_matrix": [
   [
    0.10150761902332306,
    -0.08084305375814438,
    -0.9915445446968079
   ],
   [
    0.9935224652290344,
    -0.042939119040966034,
    0.1052110344171524
   ],
   [
    -0.05108163133263588,
    -0.9958015084266663,
    0.07596074044704437
   ]
  ]
 },
 {
  "rotation_euler": [
   -0.007418289314955473,
   0.14244696497917175,
   1.0542386770248413
  ],
  "euler_order": "XYZ",
  "rotation_matrix": [
   [
    0.4888875484466553,
    -0.8700206875801086,
    0.06366317719221115
   ],
   [
    0.8607175350189209,
    0.49296054244041443,
    0.1271030604839325
   ],
   [
    -0.14196571707725525,
    -0.007343086414039135,
    0.9898443222045898
   ]
  ]
 },
 {
  "rotation_euler": [
   -1.644067645072937,
   0.038965191692113876,
   -2.4746599197387695
  ],
  "euler_order": "XYZ",
  "rotation_matrix": [
   [
    -0.7851263284683228,
    -0.014757582917809486,
    0.6191598176956177
   ],
   [
    -0.6181093454360962,
    0.08155173063278198,
    -0.7818504571914673
   ],
   [
    -0.03895533084869385,
    -0.9965598583221436,
    -0.07315021008253098
   ]
  ]
 },
 {
  "rotation_euler": [
   1.7254047393798828,
   -0.0752665102481842,
   1.0887349843978882
  ],
  "euler_order": "XYZ",
  "rotation_matrix": [
   [
    0.4622940421104431,
    0.10199902206659317,
    0.8808407187461853
   ],
   [
    0.8835325837135315,
    -0.13722380995750427,
    -0.4478166699409485
   ],
   [
    0.07519546896219254,
    0.9852744936943054,
    -0.1535572111606598
   ]
  ]
 },
 {
  "rotation_euler": [
   -1.650877594947815,
   -0.27391907572746277,
   -0.7549917697906494
  ],
  "euler_order": "XYZ",
  "rotation_matrix": [
   [
    0.7011256814002991,
    0.14155267179012299,
    0.6988459229469299
   ],
   [
    -0.6597340703010559,
    -0.2430383563041687,
    0.7111141085624695
   ],
   [
    0.27050647139549255,
    -0.9596328735351562,
    -0.07701331377029419
   ]
  ]
 },
 {
  "rotation_euler": [
   -1.4960747957229614,
   0.043731413781642914,
   -2.1773533821105957
  ],
  "euler_order": "XYZ",
  "rotation_matrix": [
   [
    -0.5694970488548279,
    0.08618652075529099,
    0.8174625039100647
   ],
   [
    -0.8208299875259399,
    -0.006736061070114374,
    -0.5711328983306885
   ],
   [
    -0.04371747747063637,
    -0.9962562322616577,
    0.07458064705133438
   ]
  ]
 },
 {
  "rotation_euler": [
   1.5358717441558838,
   -0.01022406853735447,
   -2.054014205932617
  ],
  "euler_order": "XYZ",
  "rotation_matrix": [
   [
    -0.46460673213005066,
    0.03566702455282211,
    -0.884798526763916
   ],
   [
    -0.8854581117630005,
    -0.00717596709728241,
    0.4646638035774231
   ],
   [
    0.010223890654742718,
    0.9993379712104797,
    0.034915659576654434
   ]
  ]
 }
]