[
 {
  "rotation_euler": [
   1.0657094717025757,
   0.7294488549232483,
   0.9681517481803894
  ],
  "euler_order": "XYZ",
  "rotation_matrix": [
   [
    0.42259037494659424,
    -0.06804849207401276,
    0.9037625789642334
   ],
   [
    0.6142067909240723,
    0.7547723054885864,
    -0.23036666214466095
   ],
   [
    -0.6664588451385498,
    0.6524478197097778,
    0.3607553541660309
   ]
  ]
 },
 {
  "rotation_euler": [
   -1.823041319847107,
   2.2639000415802,
   -0.20403873920440674
  ],
  "euler_order": "XYZ",
  "rotation_matrix": [
   [
    -0.6256740689277649,
    -0.7800414562225342,
    0.008203946985304356
   ],
   [
    0.1294633448123932,
    -0.09346063435077667,
    0.9871698617935181
   ],
   [
    -0.769266664981842,
    0.6187086701393127,
    0.15946267545223236
   ]
  ]
 },
 {
  "rotation_euler": [
   -2.061171531677246,
   1.4355905055999756,
   0.3970026969909668
  ],
  "euler_order": "XYZ",
  "rotation_matrix": [
   [
    0.12431050837039948,
    -0.6240226626396179,
    -0.7714548707008362
   ],
   [
    0.052118994295597076,
    -0.7723057866096497,
    0.6331093311309814
   ],
   [
    -0.9908736348152161,
    -0.11890958994626999,
    -0.06348228454589844
   ]
  ]
 },
 {
  "rotation_euler": [
   1.1430331468582153,
   0.7844145894050598,
   -1.7959123849868774
  ],
  "euler_order": "XYZ",
  "rotation_matrix": [
   [
    -0.15799519419670105,
    0.2608928382396698,
    -0.9523510336875916
   ],
   [
    -0.6899428367614746,
    -0.7191420793533325,
    -0.08254452794790268
   ],
   [
    -0.7064109444618225,
    0.6440261006355286,
    0.29362213611602783
   ]
  ]
 },
 {
  "rotation_euler": [
   1.2162463665008545,
   -1.980319857597351,
   1.4323265552520752
  ],
  "euler_order": "XYZ",
  "rotation_matrix": [
   [
    -0.054958805441856384,
    -0.46258461475372314,
    0.8848700523376465
   ],
   [
    -0.39436113834381104,
    -0.8041036128997803,
    -0.44485577940940857
   ],
   [
    0.9173106551170349,
    -0.3734070956707001,
    -0.13823282718658447
   ]
  ]
 },
 {
  "rotation_euler": [
   1.2021665573120117,
   0.8648647665977478,
   1.9002385139465332
  ],
  "euler_order": "XYZ",
  "rotation_matrix": [
   [
    -0.20987828075885773,
    -0.570618212223053,
    0.7939433455467224
   ],
   [
    0.6138555407524109,
    0.5551343560218811,
    0.5612550377845764
   ],
   [
    -0.76100754737854,
    0.605161726474762,
    0.23376649618148804
   ]
  ]
 },
 {
  "rotation_euler": [
   -1.9023183584213257,
   2.303050994873047,
   -0.014731709845364094
  ],
  "euler_order": "XYZ",
  "rotation_matrix": [
   [
    -0.6684755086898804,
    -0.7078931331634521,
    -0.22809596359729767
   ],
   [
    0.009848499670624733,
    -0.3150886595249176,
    0.9490111470222473
   ],
   [
    -0.7436689138412476,
    0.6321443319320679,
    0.2176007330417633
   ]
  ]
 },
 {
  "rotation_euler": [
   -1.9219952821731567,
   1.1540907621383667,
   -1.4968289136886597
  ],
  "euler_order": "XYZ",
  "rotation_matrix": [
   [
    0.02991102822124958,
    -0.4065345227718353,
    0.9131456613540649
   ],
   [
    -0.403643399477005,
    0.8308404088020325,
    0.3831138014793396
   ],
   [
    -0.9144273400306702,
    -0.380044549703598,
    -0.1392436921596527
   ]
  ]
 },
 {
  "rotation_euler": [
   1.2162437438964844,
   -1.9803245067596436,
   0.5595166087150574
  ],
  "euler_order": "XYZ",
  "rotation_matrix": [
   [
    -0.3374593257904053,
    -0.9133455157279968,
    0.22786228358745575
   ],
   [
    -0.21134279668331146,
    -0.16237129271030426,
    -0.9638307690620422
   ],
   [
    0.9173088073730469,
    -0.37341076135635376,
    -0.13823528587818146
   ]
  ]
 },
 {
  "rotation_euler": [
   -1.919493556022644,
   1.1505924463272095,
   1.5266121625900269
  ],
  "euler_order": "XYZ",
  "rotation_matrix": [
   [
    0.018018916249275208,
    0.3034399449825287,
    -0.9526801705360413
   ],
   [
    0.4075484573841095,
    -0.8723140954971313,
    -0.2701340615749359
   ],
   [
    -0.9130057692527771,
    -0.38339582085609436,
    -0.13938464224338531
   ]
  ]
 },
 {
  "rotation_euler": [
   -1.925345778465271,
   -1.1612722873687744,
   1.1826701164245605
  ],
  "euler_order": "XYZ",
  "rotation_matrix": [
   [
    0.15069034695625305,
    0.6469135284423828,
    -0.7475261092185974
   ],
   [
    0.3685566186904907,
    0.6648831367492676,
    0.6496894955635071
   ],
   [
    0.9173104166984558,
    -0.37340763211250305,
    -0.13823279738426208
   ]
  ]
 },
 {
  "rotation_euler": [
   1.2161099910736084,
   -1.9801809787750244,
   -0.7507787942886353
  ],
  "euler_order": "XYZ",
  "rotation_matrix": [
   [
    -0.29103362560272217,
    -0.3920609951019287,
    -0.8726898431777954
   ],
   [
    0.2715495824813843,
    0.8408082723617554,
    -0.46829715371131897
   ],
   [
    0.9173659086227417,
    -0.3732687830924988,
    -0.13823950290679932
   ]
  ]
 },
 {
  "rotation_euler": [
   1.2552094459533691,
   2.0287041664123535,
   -1.2474638223648071
  ],
  "euler_order": "XYZ",
  "rotation_matrix": [
   [
    -0.1404588520526886,
    0.5652123093605042,
    -0.8129000067710876
   ],
   [
    0.41916507482528687,
    -0.7098824381828308,
    -0.5660102367401123
   ],
   [
    -0.8969793319702148,
    -0.4202404320240021,
    -0.1372079849243164
   ]
  ]
 },
 {
  "rotation_euler": [
   -1.9416300058364868,
   1.2201831340789795,
   -1.3445764780044556
  ],
  "euler_order": "XYZ",
  "rotation_matrix": [
   [
    0.07703954726457596,
    -0.5494901537895203,
    0.8319408297538757
   ],
   [
    -0.33472245931625366,
    0.7717381119728088,
    0.5407227873802185
   ],
   [
    -0.9391622543334961,
    -0.32012632489204407,
    -0.12447233498096466
   ]
  ]
 },
 {
  "rotation_euler": [
   1.3185508251190186,
   0.8776918053627014,
   -0.8153063654899597
  ],
  "euler_order": "XYZ",
  "rotation_matrix": [
   [
    0.438078373670578,
    0.6924300193786621,
    -0.5732608437538147
   ],
   [
    -0.4650988280773163,
    -0.37113282084465027,
    -0.8037061095237732
   ],
   [
    -0.7692661285400391,
    0.6187092065811157,
    0.15946313738822937
   ]
  ]
 },
 {
  "rotation_euler": [
   1.3409092426300049,
   1.0424673557281494,
   2.2838704586029053
  ],
  "euler_order": "XYZ",
  "rotation_matrix": [
   [
    -0.32975709438323975,
    -0.7224529981613159,
    0.6077186465263367
   ],
   [
    0.3812713623046875,
    0.4869787096977234,
    0.7858014106750488
   ],
   [
    -0.8636506199836731,
    0.49082931876182556,
    0.11486596614122391
   ]
  ]
 }
]