[
 {
  "rotation_euler": [
   -0.03164067491889,
   -0.20596855878829956,
   2.8181583881378174
  ],
  "euler_order": "XYZ",
  "rotation_matrix": [
   [
    -0.928108811378479,
    -0.3237999975681305,
    0.18375955522060394
   ],
   [
    0.3111068904399872,
    -0.9456186294555664,
    -0.09496255964040756
   ],
   [
    0.20451533794403076,
    -0.030966728925704956,
    0.9783734083175659
   ]
  ]
 },
 {
  "rotation_euler": [
   0.05658932402729988,
   0.05577315390110016,
   1.8160814046859741
  ],
  "euler_order": "XYZ",
  "rotation_matrix": [
   [
    -0.24245528876781464,
    -0.9692808985710144,
    0.04135134071111679
   ],
   [
    0.968559741973877,
    -0.2393856942653656,
    0.06772356480360031
   ],
   [
    -0.055744241923093796,
    0.05647118017077446,
    0.9968467950820923
   ]
  ]
 },
 {
  "rotation_euler": [
   0.0575021356344223,
   0.03399135544896126,
   0.5709273815155029
  ],
  "euler_order": "XYZ",
  "rotation_matrix": [
   [
    0.8409141302108765,
    -0.5378760099411011,
    0.05960531905293465
   ],
   [
    0.5401003956794739,
    0.841064989566803,
    -0.030020184814929962
   ],
   [
    -0.03398481011390686,
    0.05743725597858429,
    0.9977704882621765
   ]
  ]
 },
 {
  "rotation_euler": [
   -0.05483680218458176,
   -0.030242662876844406,
   2.867365837097168
  ],
  "euler_order": "XYZ",
  "rotation_matrix": [
   [
    -0.9621946811676025,
    -0.2719910740852356,
    0.014221935532987118
   ],
   [
    0.27067890763282776,
    -0.9607390761375427,
    -0.060937605798244476
   ],
   [
    0.03023805283010006,
    -0.05478426069021225,
    0.9980402588844299
   ]
  ]
 },
 {
  "rotation_euler": [
   0.3521011769771576,
   -0.1870710551738739,
   0.5115386247634888
  ],
  "euler_order": "XYZ",
  "rotation_matrix": [
   [
    0.8567788600921631,
    -0.5154169201850891,
    0.016595641151070595
   ],
   [
    0.48097893595695496,
    0.7870981097221375,
    -0.3861810863018036
   ],
   [
    0.1859818547964096,
    0.3388539254665375,
    0.9222736954689026
   ]
  ]
 },
 {
  "rotation_euler": [
   -0.010704569518566132,
   -0.12604933977127075,
   0.1679227352142334
  ],
  "euler_order": "XYZ",
  "rotation_matrix": [
   [
    0.978111982345581,
    -0.16579830646514893,
    -0.12572947144508362
   ],
   [
    0.16580866277217865,
    0.9861025214195251,
    -0.010456468909978867
   ],
   [
    0.12571582198143005,
    -0.010619440115988255,
    0.9920094609260559
   ]
  ]
 },
 {
  "rotation_euler": [
   -0.0684283897280693,
   -0.13388580083847046,
   1.6811721324920654
  ],
  "euler_order": "XYZ",
  "rotation_matrix": [
   [
    -0.10916604101657867,
    -0.9925940632820129,
    -0.053289588540792465
   ],
   [
    0.9850199222564697,
    -0.10082246363162994,
    -0.1398950070142746
   ],
   [
    0.13348616659641266,
    -0.06776309013366699,
    0.988731324672699
   ]
  ]
 },
 {
  "rotation_euler": [
   -0.03778737410902977,
   -0.16016130149364471,
   2.705946445465088
  ],
  "euler_order": "XYZ",
  "rotation_matrix": [
   [
    -0.8949944972991943,
    -0.4271571636199951,
    0.12853631377220154
   ],
   [
    0.416595458984375,
    -0.9034079313278198,
    -0.10150064527988434
   ],
   [
    0.15947744250297546,
    -0.03729487955570221,
    0.9864968657493591
   ]
  ]
 },
 {
  "rotation_euler": [
   -0.048011038452386856,
   -0.1894451081752777,
   0.559291422367096
  ],
  "euler_order": "XYZ",
  "rotation_matrix": [
   [
    0.832466185092926,
    -0.5223137140274048,
    -0.18490105867385864
   ],
   [
    0.52109295129776,
    0.8514497876167297,
    -0.05912153795361519
   ],
   [
    0.18831396102905273,
    -0.04713395610451698,
    0.9809771776199341
   ]
  ]
 },
 {
  "rotation_euler": [
   0.0578964464366436,
   0.04759678244590759,
   -2.8098044395446777
  ],
  "euler_order": "XYZ",
  "rotation_matrix": [
   [
    -0.9443906545639038,
    0.32258549332618713,
    -0.06375687569379807
   ],
   [
    -0.3253653347492218,
    -0.9447740316390991,
    0.039236199110746384
   ],
   [
    -0.04757881164550781,
    0.05779857560992241,
    0.9971938729286194
   ]
  ]
 },
 {
  "rotation_euler": [
   0.05836978182196617,
   0.05218556895852089,
   -0.6897983551025391
  ],
  "euler_order": "XYZ",
  "rotation_matrix": [
   [
    0.7703242301940918,
    0.6376451253890991,
    0.0030434480868279934
   ],
   [
    -0.6355153322219849,
    0.7681242227554321,
    -0.07813772559165955
   ],
   [
    -0.05216188728809357,
    0.05825722590088844,
    0.9969379305839539
   ]
  ]
 },
 {
  "rotation_euler": [
   -0.07708235085010529,
   -0.05724644288420677,
   -1.5086616277694702
  ],
  "euler_order": "XYZ",
  "rotation_matrix": [
   [
    0.061993006616830826,
    0.9953802227973938,
    0.07331522554159164
   ],
   [
    -0.996435284614563,
    0.057512931525707245,
    0.061716873198747635
   ],
   [
    0.05721518024802208,
    -0.07687989622354507,
    0.9953973889350891
   ]
  ]
 },
 {
  "rotation_euler": [
   0.0528939887881279,
   -0.09541119635105133,
   -0.6101247072219849
  ],
  "euler_order": "XYZ",
  "rotation_matrix": [
   [
    0.8158489465713501,
    0.5680403709411621,
    -0.10826151818037033
   ],
   [
    -0.5703637003898621,
    0.8213161826133728,
    0.011178013868629932
   ],
   [
    0.09526650607585907,
    0.05262886732816696,
    0.9940596222877502
   ]
  ]
 },
 {
  "rotation_euler": [
   -0.004870489239692688,
   -0.18739530444145203,
   2.7097384929656982
  ],
  "euler_order": "XYZ",
  "rotation_matrix": [
   [
    -0.8922913670539856,
    -0.41937455534935,
    0.16715586185455322
   ],
   [
    0.4112277328968048,
    -0.9078006744384766,
    -0.08239945769309998
   ],
   [
    0.18630044162273407,
    -0.004785201977938414,
    0.9824811816215515
   ]
  ]
 },
 {
  "rotation_euler": [
   0.09297557920217514,
   -0.1961071938276291,
   -1.2813739776611328
  ],
  "euler_order": "XYZ",
  "rotation_matrix": [
   [
    0.2799282670021057,
    0.9491064548492432,
    -0.1443507820367813
   ],
   [
    -0.9400386214256287,
    0.3015040159225464,
    0.15944501757621765
   ],
   [
    0.19485262036323547,
    0.09106214344501495,
    0.9765961766242981
   ]
  ]
 },
 {
  "rotation_euler": [
   0.33509954810142517,
   -0.40929219126701355,
   3.1357178688049316
  ],
  "euler_order": "XYZ",
  "rotation_matrix": [
   [
    -0.9173868894577026,
    0.12532417476177216,
    0.37775006890296936
   ],
   [
    0.00538951251655817,
    -0.9451301097869873,
    0.32664963603019714
   ],
   [
    0.3979600965976715,
    0.30169999599456787,
    0.8663745522499084
   ]
  ]
 }
]