[
 {
  "rotation_euler": [
   -1.6358160972595215,
   0.008165687322616577,
   2.73761248588562
  ],
  "euler_order": "XYZ",
  "rotation_matrix": [
   [
    -0.9194731116294861,
    0.03303247690200806,
    -0.39176279306411743
   ],
   [
    0.3930681347846985,
    0.056540846824645996,
    -0.9177693724632263
   ],
   [
    -0.00816559698432684,
    -0.997853696346283,
    -0.06497180461883545
   ]
  ]
 },
 {
  "rotation_euler": [
   -1.6357427835464478,
   0.008169657550752163,
   1.3668789863586426
  ],
  "euler_order": "XYZ",
  "rotation_matrix": [
   [
    0.20250029861927032,
    0.061905208975076675,
    -0.977323591709137
   ],
   [
    0.9792481064796448,
    -0.02112630382180214,
    0.2015608847141266
   ],
   [
    -0.00816956628113985,
    -0.9978584051132202,
    -0.06489863991737366
   ]
  ]
 },
 {
  "rotation_euler": [
   1.5971128940582275,
   -0.008113201707601547,
   0.9639106392860413
  ],
  "euler_order": "XYZ",
  "rotation_matrix": [
   [
    0.5702932476997375,
    0.016989270225167274,
    0.821265459060669
   ],
   [
    0.8214011192321777,
    -0.02166895382106304,
    -0.5699391961097717
   ],
   [
    0.008113112300634384,
    0.9996208548545837,
    -0.02631266415119171
   ]
  ]
 },
 {
  "rotation_euler": [
   -1.6354111433029175,
   0.009327953681349754,
   0.13536764681339264
  ],
  "euler_order": "XYZ",
  "rotation_matrix": [
   [
    0.9908086657524109,
    -0.0005091977654956281,
    -0.13526976108551025
   ],
   [
    0.13494873046875,
    -0.06523536890745163,
    0.9887027740478516
   ],
   [
    -0.009327818639576435,
    -0.9978697896003723,
    -0.06456705182790756
   ]
  ]
 },
 {
  "rotation_euler": [
   -1.635751485824585,
   0.008103097788989544,
   2.268754482269287
  ],
  "euler_order": "XYZ",
  "rotation_matrix": [
   [
    -0.6426335573196411,
    0.05492725223302841,
    -0.7642022967338562
   ],
   [
    0.766130805015564,
    0.0355193093419075,
    -0.6417023539543152
   ],
   [
    -0.008103009313344955,
    -0.9978584051132202,
    -0.06490736454725266
   ]
  ]
 },
 {
  "rotation_euler": [
   -1.6357516050338745,
   0.008107094094157219,
   1.027425765991211
  ],
  "euler_order": "XYZ",
  "rotation_matrix": [
   [
    0.517007052898407,
    0.05137806013226509,
    -0.8544378280639648
   ],
   [
    0.8559427857398987,
    -0.040484555065631866,
    0.5154832601547241
   ],
   [
    -0.00810700561851263,
    -0.9978583455085754,
    -0.06490747630596161
   ]
  ]
 },
 {
  "rotation_euler": [
   -1.6357431411743164,
   0.008105342276394367,
   0.7305747270584106
  ],
  "euler_order": "XYZ",
  "rotation_matrix": [
   [
    0.7447665333747864,
    0.03728441148996353,
    -0.6662827134132385
   ],
   [
    0.6672759056091309,
    -0.05373501777648926,
    0.7428697347640991
   ],
   [
    -0.008105253800749779,
    -0.9978589415550232,
    -0.0648990347981453
   ]
  ]
 },
 {
  "rotation_euler": [
   -1.635741949081421,
   0.008177537471055984,
   2.7217893600463867
  ],
  "euler_order": "XYZ",
  "rotation_matrix": [
   [
    -0.9131386280059814,
    0.033903636038303375,
    -0.4062369167804718
   ],
   [
    0.40756720304489136,
    0.055938709527254105,
    -0.911460280418396
   ],
   [
    -0.008177446201443672,
    -0.9978584051132202,
    -0.0648978054523468
   ]
  ]
 },
 {
  "rotation_euler": [
   -1.6357375383377075,
   0.008171488530933857,
   0.45349061489105225
  ],
  "euler_order": "XYZ",
  "rotation_matrix": [
   [
    0.8988932967185974,
    0.02110116370022297,
    -0.4376591742038727
   ],
   [
    0.43809136748313904,
    -0.0619085356593132,
    0.8967961072921753
   ],
   [
    -0.008171397261321545,
    -0.9978587627410889,
    -0.06489340960979462
   ]
  ]
 },
 {
  "rotation_euler": [
   -1.6357508897781372,
   0.008112316019833088,
   -1.6387132406234741
  ],
  "euler_order": "XYZ",
  "rotation_matrix": [
   [
    -0.06786248087882996,
    -0.06420987844467163,
    0.9956263303756714
   ],
   [
    -0.9976617097854614,
    0.012481480836868286,
    -0.06719625741243362
   ],
   [
    -0.008112226612865925,
    -0.9978583455085754,
    -0.0649067610502243
   ]
  ]
 },
 {
  "rotation_euler": [
   -1.6357516050338745,
   0.008105706423521042,
   -2.3190479278564453
  ],
  "euler_order": "XYZ",
  "rotation_matrix": [
   [
    -0.680336058139801,
    -0.04206782951951027,
    0.7316919565200806
   ],
   [
    -0.7328554391860962,
    0.05008971691131592,
    -0.6785380840301514
   ],
   [
    -0.008105617947876453,
    -0.9978583455085754,
    -0.06490747630596161
   ]
  ]
 },
 {
  "rotation_euler": [
   -1.6357418298721313,
   0.00817736703902483,
   -2.5374579429626465
  ],
  "euler_order": "XYZ",
  "rotation_matrix": [
   [
    -0.8229663968086243,
    -0.03015071339905262,
    0.5672893524169922
   ],
   [
    -0.5680311918258667,
    0.058047499507665634,
    -0.8209574222564697
   ],
   [
    -0.008177275769412518,
    -0.9978584051132202,
    -0.06489768624305725
   ]
  ]
 },
 {
  "rotation_euler": [
   1.5970840454101562,
   -0.007677660323679447,
   -1.6604461669921875
  ],
  "euler_order": "XYZ",
  "rotation_matrix": [
   [
    -0.08952715992927551,
    -0.025491999462246895,
    -0.9956580996513367
   ],
   [
    -0.9959548115730286,
    0.009997374378144741,
    0.08929787576198578
   ],
   [
    0.007677584886550903,
    0.999625027179718,
    -0.02628391608595848
   ]
  ]
 },
 {
  "rotation_euler": [
   -0.015965323895215988,
   1.7490730285644531,
   2.849416732788086
  ],
  "euler_order": "XYZ",
  "rotation_matrix": [
   [
    0.16981834173202515,
    -0.27295413613319397,
    -0.9469201564788818
   ],
   [
    -0.051078639924526215,
    -0.9620229005813599,
    0.2681472599506378
   ],
   [
    -0.984150767326355,
    0.0028310720808804035,
    -0.1773112565279007
   ]
  ]
 },
 {
  "rotation_euler": [
   -1.635735034942627,
   0.008193525485694408,
   -1.2968535423278809
  ],
  "euler_order": "XYZ",
  "rotation_matrix": [
   [
    0.2705202102661133,
    -0.06468521803617477,
    0.9605387449264526
   ],
   [
    -0.9626794457435608,
    -0.009684189222753048,
    0.2704709470272064
   ],
   [
    -0.008193434216082096,
    -0.9978587031364441,
    -0.06489089876413345
   ]
  ]
 },
 {
  "rotation_euler": [
   -1.5973339080810547,
   -0.15539813041687012,
   2.260655641555786
  ],
  "euler_order": "XYZ",
  "rotation_matrix": [
   [
    -0.6287596821784973,
    -0.07800059765577316,
    -0.7736776471138
   ],
   [
    0.7620409727096558,
    0.13622751832008362,
    -0.6330368518829346
   ],
   [
    0.15477344393730164,
    -0.9876021146774292,
    -0.026214726269245148
   ]
  ]
 }
]