[
 {
  "rotation_euler": [
   -0.5120813250541687,
   1.3854337930679321,
   1.999739408493042
  ],
  "euler_order": "XYZ",
  "rotation_matrix": [
   [
    -0.0766533836722374,
    -0.5924515128135681,
    -0.8019510507583618
   ],
   [
    0.16760610044002533,
    -0.8005284667015076,
    0.5753802061080933
   ],
   [
    -0.9828695058822632,
    -0.09030704945325851,
    0.1606617122888565
   ]
  ]
 },
 {
  "rotation_euler": [
   -1.2258871793746948,
   -0.018244026228785515,
   1.3495913743972778
  ],
  "euler_order": "XYZ",
  "rotation_matrix": [
   [
    0.2193688601255417,
    -0.3261058032512665,
    -0.9195283055305481
   ],
   [
    0.9754714369773865,
    0.09093368798494339,
    0.20046588778495789
   ],
   [
    0.018243014812469482,
    -0.940949559211731,
    0.338054895401001
   ]
  ]
 },
 {
  "rotation_euler": [
   -0.14568668603897095,
   -1.4344680309295654,
   2.0236616134643555
  ],
  "euler_order": "XYZ",
  "rotation_matrix": [
   [
    -0.05946500226855278,
    -0.9526011347770691,
    0.2983538508415222
   ],
   [
    0.12220664322376251,
    -0.30358168482780457,
    -0.9449357986450195
   ],
   [
    0.9907217025756836,
    -0.01972978748381138,
    0.13446667790412903
   ]
  ]
 },
 {
  "rotation_euler": [
   2.2851030826568604,
   1.9070031642913818,
   -0.503918468952179
  ],
  "euler_order": "XYZ",
  "rotation_matrix": [
   [
    -0.28890010714530945,
    0.30826905369758606,
    -0.9063701629638672
   ],
   [
    0.15929991006851196,
    -0.9180625081062317,
    -0.36302170157432556
   ],
   [
    -0.9440128803253174,
    -0.24926169216632843,
    0.2161211222410202
   ]
  ]
 },
 {
  "rotation_euler": [
   -0.14571352303028107,
   -1.4344673156738281,
   -2.689915895462036
  ],
  "euler_order": "XYZ",
  "rotation_matrix": [
   [
    -0.1222778707742691,
    0.3024239242076874,
    0.9452977776527405
   ],
   [
    -0.05932002142071724,
    -0.9529692530632019,
    0.2972049415111542
   ],
   [
    0.990721583366394,
    -0.019733499735593796,
    0.13446684181690216
   ]
  ]
 },
 {
  "rotation_euler": [
   -0.13762004673480988,
   1.42404043674469,
   -1.8165942430496216
  ],
  "euler_order": "XYZ",
  "rotation_matrix": [
   [
    -0.03558211401104927,
    0.99379563331604,
    -0.10537609457969666
   ],
   [
    -0.14183451235294342,
    -0.10939733684062958,
    -0.9838268160820007
   ],
   [
    -0.989250659942627,
    -0.020060671493411064,
    0.144847109913826
   ]
  ]
 },
 {
  "rotation_euler": [
   -1.2041805982589722,
   0.15311069786548615,
   -1.768101692199707
  ],
  "euler_order": "XYZ",
  "rotation_matrix": [
   [
    -0.19373445212841034,
    0.3794134855270386,
    0.9047167301177979
   ],
   [
    -0.9691267609596252,
    0.06934794783592224,
    -0.23660974204540253
   ],
   [
    -0.15251317620277405,
    -0.9226246476173401,
    0.35426467657089233
   ]
  ]
 },
 {
  "rotation_euler": [
   -0.13761907815933228,
   1.42404043674469,
   0.9956989288330078
  ],
  "euler_order": "XYZ",
  "rotation_matrix": [
   [
    0.07953673601150513,
    -0.9050207734107971,
    0.41786515712738037
   ],
   [
    0.1227070689201355,
    0.4248940646648407,
    0.8968879580497742
   ],
   [
    -0.989250659942627,
    -0.020060531795024872,
    0.14484712481498718
   ]
  ]
 },
 {
  "rotation_euler": [
   -1.2190723419189453,
   -0.05983765795826912,
   -1.561107873916626
  ],
  "euler_order": "XYZ",
  "rotation_matrix": [
   [
    0.009670961648225784,
    0.34504449367523193,
    0.938536524772644
   ],
   [
    -0.9981634020805359,
    -0.05280047282576561,
    0.0296969935297966
   ],
   [
    0.05980195477604866,
    -0.9370999932289124,
    0.3439001739025116
   ]
  ]
 },
 {
  "rotation_euler": [
   -0.14571313560009003,
   -1.4344674348831177,
   3.1032662391662598
  ],
  "euler_order": "XYZ",
  "rotation_matrix": [
   [
    -0.13580718636512756,
    -0.18165616691112518,
    0.9739391207695007
   ],
   [
    0.005207552574574947,
    -0.9831640720367432,
    -0.1826506406068802
   ],
   [
    0.990721583366394,
    -0.019733428955078125,
    0.1344667375087738
   ]
  ]
 },
 {
  "rotation_euler": [
   -0.683773934841156,
   -0.3425353765487671,
   -1.2099260091781616
  ],
  "euler_order": "XYZ",
  "rotation_matrix": [
   [
    0.33257633447647095,
    0.8001824021339417,
    0.4991002380847931
   ],
   [
    -0.881237804889679,
    0.07519806176424026,
    0.46665310859680176
   ],
   [
    0.3358762562274933,
    -0.5950238108634949,
    0.730160117149353
   ]
  ]
 },
 {
  "rotation_euler": [
   -0.1456890106201172,
   -1.434468150138855,
   0.5154164433479309
  ],
  "euler_order": "XYZ",
  "rotation_matrix": [
   [
    0.11825036257505417,
    -0.3625332713127136,
    -0.9244384765625
   ],
   [
    0.06698783487081528,
    0.9317619800567627,
    -0.3568364977836609
   ],
   [
    0.9907217025756836,
    -0.019730081781744957,
    0.1344665139913559
   ]
  ]
 },
 {
  "rotation_euler": [
   -0.1376389116048813,
   1.4240400791168213,
   3.1341090202331543
  ],
  "euler_order": "XYZ",
  "rotation_matrix": [
   [
    -0.1462259292602539,
    0.12831328809261322,
    -0.9808943271636963
   ],
   [
    0.001094321720302105,
    -0.99153071641922,
    -0.1298677921295166
   ],
   [
    -0.9892506003379822,
    -0.020063452422618866,
    0.1448470801115036
   ]
  ]
 },
 {
  "rotation_euler": [
   -0.14570900797843933,
   -1.4344675540924072,
   0.6875414848327637
  ],
  "euler_order": "XYZ",
  "rotation_matrix": [
   [
    0.10503000766038895,
    -0.5167479515075684,
    -0.8496706485748291
   ],
   [
    0.08625182509422302,
    0.8559101223945618,
    -0.5098808407783508
   ],
   [
    0.9907216429710388,
    -0.01973285712301731,
    0.13446669280529022
   ]
  ]
 },
 {
  "rotation_euler": [
   -0.14567908644676208,
   -1.434468150138855,
   -3.0764272212982178
  ],
  "euler_order": "XYZ",
  "rotation_matrix": [
   [
    -0.13561782240867615,
    -0.0790826752781868,
    0.9875999689102173
   ],
   [
    -0.008850124664604664,
    -0.9966728091239929,
    -0.08102449029684067
   ],
   [
    0.9907217025756836,
    -0.019728748127818108,
    0.13446670770645142
   ]
  ]
 },
 {
  "rotation_euler": [
   -0.13764357566833496,
   1.4240401983261108,
   -0.6479758024215698
  ],
  "euler_order": "XYZ",
  "rotation_matrix": [
   [
    0.11659015715122223,
    0.4896431267261505,
    0.8640927672386169
   ],
   [
    -0.08826053142547607,
    0.8716920614242554,
    -0.48204049468040466
   ],
   [
    -0.989250659942627,
    -0.020064111799001694,
    0.1448468714952469
   ]
  ]
 }
]