[
 {
  "rotation_euler": [
   0.5991356372833252,
   -1.0121772289276123,
   -2.120791435241699
  ],
  "euler_order": "XYZ",
  "rotation_matrix": [
   [
    -0.27703022956848145,
    0.9539863467216492,
    -0.11473587900400162
   ],
   [
    -0.4518527388572693,
    -0.023961326107382774,
    0.8917706608772278
   ],
   [
    0.8479878306388855,
    0.29889115691185,
    0.4376993477344513
   ]
  ]
 },
 {
  "rotation_euler": [
   0.5991228818893433,
   -1.012183666229248,
   -0.8913489580154419
  ],
  "euler_order": "XYZ",
  "rotation_matrix": [
   [
    0.33303895592689514,
    0.3419482707977295,
    -0.8787243366241455
   ],
   [
    -0.412305623292923,
    0.8909212350845337,
    0.19042961299419403
   ],
   [
    0.8479912281036377,
    0.29888251423835754,
    0.4376986622810364
   ]
  ]
 },
 {
  "rotation_euler": [
   0.5991219878196716,
   -1.0121852159500122,
   -0.614801824092865
  ],
  "euler_order": "XYZ",
  "rotation_matrix": [
   [
    0.43295782804489136,
    0.08570277690887451,
    -0.8973308205604553
   ],
   [
    -0.3057073950767517,
    0.9504340887069702,
    -0.05672775208950043
   ],
   [
    0.8479920625686646,
    0.2988813817501068,
    0.4376978576183319
   ]
  ]
 },
 {
  "rotation_euler": [
   0.83812016248703,
   -0.8643674850463867,
   -2.267716884613037
  ],
  "euler_order": "XYZ",
  "rotation_matrix": [
   [
    -0.4166446328163147,
    0.8758586645126343,
    -0.24347247183322906
   ],
   [
    -0.4977608025074005,
    0.00431026378646493,
    0.8673036098480225
   ],
   [
    0.7606848478317261,
    0.48254844546318054,
    0.43417227268218994
   ]
  ]
 },
 {
  "rotation_euler": [
   0.5137934684753418,
   -1.0778506994247437,
   2.063736915588379
  ],
  "euler_order": "XYZ",
  "rotation_matrix": [
   [
    -0.2239377796649933,
    -0.5623138546943665,
    0.7960245013237
   ],
   [
    0.4168833792209625,
    -0.7935419678688049,
    -0.44328248500823975
   ],
   [
    0.8809427618980408,
    0.23258168995380402,
    0.41212332248687744
   ]
  ]
 },
 {
  "rotation_euler": [
   0.14600203931331635,
   -1.2259482145309448,
   -0.3721361458301544
  ],
  "euler_order": "XYZ",
  "rotation_matrix": [
   [
    0.31491488218307495,
    0.2321905791759491,
    -0.9202804565429688
   ],
   [
    -0.12291843444108963,
    0.9714261293411255,
    0.20303283631801605
   ],
   [
    0.941126823425293,
    0.049181368201971054,
    0.33445703983306885
   ]
  ]
 },
 {
  "rotation_euler": [
   0.8421388268470764,
   -0.8550440073013306,
   0.34395819902420044
  ],
  "euler_order": "XYZ",
  "rotation_matrix": [
   [
    0.6177507638931274,
    -0.7545496225357056,
    -0.2214471697807312
   ],
   [
    0.22127623856067657,
    0.43701979517936707,
    -0.8718087673187256
   ],
   [
    0.7545998096466064,
    0.48955950140953064,
    0.4369332194328308
   ]
  ]
 },
 {
  "rotation_euler": [
   -2.300222396850586,
   -2.2828569412231445,
   -0.09222373366355896
  ],
  "euler_order": "XYZ",
  "rotation_matrix": [
   [
    -0.6506184339523315,
    0.500626266002655,
    0.5710245370864868
   ],
   [
    0.060173150151968,
    -0.7155870199203491,
    0.6959270238876343
   ],
   [
    0.7570170760154724,
    0.48714327812194824,
    0.4354498088359833
   ]
  ]
 },
 {
  "rotation_euler": [
   0.5991251468658447,
   -1.0121829509735107,
   -2.3692259788513184
  ],
  "euler_order": "XYZ",
  "rotation_matrix": [
   [
    -0.37962618470191956,
    0.9188058972358704,
    0.10807280987501144
   ],
   [
    -0.3698587119579315,
    -0.25780656933784485,
    0.8926030993461609
   ],
   [
    0.847990870475769,
    0.2988838255405426,
    0.43769848346710205
   ]
  ]
 },
 {
  "rotation_euler": [
   0.5991359353065491,
   -1.0121781826019287,
   0.5138177871704102
  ],
  "euler_order": "XYZ",
  "rotation_matrix": [
   [
    0.4615764021873474,
    -0.8223534822463989,
    -0.33268892765045166
   ],
   [
    0.2605053186416626,
    0.48414766788482666,
    -0.8353071212768555
   ],
   [
    0.8479883074760437,
    0.2988908290863037,
    0.4376986026763916
   ]
  ]
 },
 {
  "rotation_euler": [
   0.5991344451904297,
   -1.0121803283691406,
   -2.3045668601989746
  ],
  "euler_order": "XYZ",
  "rotation_matrix": [
   [
    -0.35493630170822144,
    0.9335437417030334,
    0.050162799656391144
   ],
   [
    -0.3936166763305664,
    -0.19789227843284607,
    0.8977218866348267
   ],
   [
    0.8479894399642944,
    0.29888916015625,
    0.43769755959510803
   ]
  ]
 },
 {
  "rotation_euler": [
   0.8358768820762634,
   -0.8531156182289124,
   -1.4311623573303223
  ],
  "euler_order": "XYZ",
  "rotation_matrix": [
   [
    0.09153065830469131,
    0.5862150192260742,
    -0.8049684166908264
   ],
   [
    -0.6512384414672852,
    0.6467710733413696,
    0.39695799350738525
   ],
   [
    0.7533330321311951,
    0.4878925383090973,
    0.44096511602401733
   ]
  ]
 },
 {
  "rotation_euler": [
   0.5991253852844238,
   -1.0121828317642212,
   -0.6906675696372986
  ],
  "euler_order": "XYZ",
  "rotation_matrix": [
   [
    0.40854352712631226,
    0.15749000012874603,
    -0.8990489840507507
   ],
   [
    -0.3376444876194,
    0.9412041306495667,
    0.011442942544817924
   ],
   [
    0.8479908108711243,
    0.29888400435447693,
    0.43769851326942444
   ]
  ]
 },
 {
  "rotation_euler": [
   0.6569356918334961,
   -0.9875102043151855,
   -0.43805694580078125
  ],
  "euler_order": "XYZ",
  "rotation_matrix": [
   [
    0.49876469373703003,
    -0.12569575011730194,
    -0.8575747013092041
   ],
   [
    -0.2336258590221405,
    0.9333104491233826,
    -0.27267301082611084
   ],
   [
    0.8346572518348694,
    0.33635130524635315,
    0.43613651394844055
   ]
  ]
 },
 {
  "rotation_euler": [
   0.5991352200508118,
   -1.0121804475784302,
   0.08354265987873077
  ],
  "euler_order": "XYZ",
  "rotation_matrix": [
   [
    0.5281645059585571,
    -0.5454489588737488,
    -0.6507900953292847
   ],
   [
    0.04422720521688461,
    0.7830393314361572,
    -0.6203978061676025
   ],
   [
    0.8479894995689392,
    0.2988894581794739,
    0.43769723176956177
   ]
  ]
 },
 {
  "rotation_euler": [
   0.5991253852844238,
   -1.0121830701828003,
   -1.295111060142517
  ],
  "euler_order": "XYZ",
  "rotation_matrix": [
   [
    0.1442723125219345,
    0.6644759774208069,
    -0.7332510948181152
   ],
   [
    -0.5099969506263733,
    0.6849380135536194,
    0.5203489065170288
   ],
   [
    0.8479909300804138,
    0.2988838851451874,
    0.4376983344554901
   ]
  ]
 }
]