[
 {
  "rotation_euler": [
   -2.0479283332824707,
   1.6277031898498535,
   -0.6420168876647949
  ],
  "euler_order": "XYZ",
  "rotation_matrix": [
   [
    -0.04555152356624603,
    -0.9852855801582336,
    0.1647341400384903
   ],
   [
    0.03405812010169029,
    0.16327770054340363,
    0.9859921336174011
   ],
   [
    -0.9983812570571899,
    0.05052397772669792,
    0.026119427755475044
   ]
  ]
 },
 {
  "rotation_euler": [
   0.04467696323990822,
   1.7685660123825073,
   0.6990203261375427
  ],
  "euler_order": "XYZ",
  "rotation_matrix": [
   [
    -0.15040241181850433,
    -0.6093047857284546,
    0.7785414457321167
   ],
   [
    -0.12643052637577057,
    0.7928875684738159,
    0.5961079001426697
   ],
   [
    -0.9805072546005249,
    -0.00877534318715334,
    -0.19628691673278809
   ]
  ]
 },
 {
  "rotation_euler": [
   -2.047980546951294,
   1.627705454826355,
   -0.8474228382110596
  ],
  "euler_order": "XYZ",
  "rotation_matrix": [
   [
    -0.037648797035217285,
    -0.9312891364097595,
    0.36233004927635193
   ],
   [
    0.0426347516477108,
    0.360759973526001,
    0.9316837191581726
   ],
   [
    -0.9983811378479004,
    0.050524622201919556,
    0.026123104616999626
   ]
  ]
 },
 {
  "rotation_euler": [
   -2.047933578491211,
   -1.62770414352417,
   0.9762932062149048
  ],
  "euler_order": "XYZ",
  "rotation_matrix": [
   [
    -0.031856708228588104,
    0.8771814703941345,
    -0.4791010320186615
   ],
   [
    -0.047118525952100754,
    0.4774933457374573,
    0.8773710131645203
   ],
   [
    0.9983811974525452,
    0.05052468553185463,
    0.026120129972696304
   ]
  ]
 },
 {
  "rotation_euler": [
   -2.9415597915649414,
   -0.9401653409004211,
   -0.6428359746932983
  ],
  "euler_order": "XYZ",
  "rotation_matrix": [
   [
    0.47195881605148315,
    -0.45906445384025574,
    0.7526717185974121
   ],
   [
    -0.3534788489341736,
    -0.8806430101394653,
    -0.31546881794929504
   ],
   [
    0.8076556324958801,
    -0.11716525256633759,
    -0.5778968334197998
   ]
  ]
 },
 {
  "rotation_euler": [
   1.0936588048934937,
   -1.5138890743255615,
   -1.6793818473815918
  ],
  "euler_order": "XYZ",
  "rotation_matrix": [
   [
    -0.006163839716464281,
    0.5526462197303772,
    -0.8333931565284729
   ],
   [
    -0.0565415620803833,
    0.8318830728530884,
    0.5520630478858948
   ],
   [
    0.9983811974525452,
    0.05052417889237404,
    0.026119885966181755
   ]
  ]
 },
 {
  "rotation_euler": [
   -2.047903537750244,
   1.627703070640564,
   -0.8903356194496155
  ],
  "euler_order": "XYZ",
  "rotation_matrix": [
   [
    -0.03578362613916397,
    -0.9149244427680969,
    0.40203577280044556
   ],
   [
    0.044208772480487823,
    0.40045037865638733,
    0.9152513742446899
   ],
   [
    -0.9983812570571899,
    0.0505245178937912,
    0.026118120178580284
   ]
  ]
 },
 {
  "rotation_euler": [
   -2.0627098083496094,
   1.6280417442321777,
   0.34387484192848206
  ],
  "euler_order": "XYZ",
  "rotation_matrix": [
   [
    -0.053864575922489166,
    -0.6692337989807129,
    -0.7410969734191895
   ],
   [
    -0.01928904466331005,
    -0.7413386106491089,
    0.6708539128303528
   ],
   [
    -0.9983619451522827,
    0.05043031647801399,
    0.027023009955883026
   ]
  ]
 },
 {
  "rotation_euler": [
   1.0936853885650635,
   -1.5138896703720093,
   -1.9063893556594849
  ],
  "euler_order": "XYZ",
  "rotation_matrix": [
   [
    -0.018730908632278442,
    0.7256753444671631,
    -0.6877822875976562
   ],
   [
    -0.05370313301682472,
    0.6861796975135803,
    0.7254469990730286
   ],
   [
    0.9983812570571899,
    0.05052434280514717,
    0.026118269190192223
   ]
  ]
 },
 {
  "rotation_euler": [
   0.13386191427707672,
   1.9006427526474,
   0.28792551159858704
  ],
  "euler_order": "XYZ",
  "rotation_matrix": [
   [
    -0.31056448817253113,
    -0.16035336256027222,
    0.9369292855262756
   ],
   [
    -0.09197521209716797,
    0.986112654209137,
    0.13828390836715698
   ],
   [
    -0.9460920691490173,
    -0.04322819784283638,
    -0.3210000991821289
   ]
  ]
 },
 {
  "rotation_euler": [
   1.0936452150344849,
   1.5138883590698242,
   1.5303932428359985
  ],
  "euler_order": "XYZ",
  "rotation_matrix": [
   [
    0.002297391416504979,
    -0.4230530858039856,
    0.9061020016670227
   ],
   [
    0.056830838322639465,
    0.9046952128410339,
    0.4222521483898163
   ],
   [
    -0.9983811974525452,
    0.05052445828914642,
    0.026120901107788086
   ]
  ]
 },
 {
  "rotation_euler": [
   -2.047987937927246,
   -1.6277055740356445,
   0.2064450979232788
  ],
  "euler_order": "XYZ",
  "rotation_matrix": [
   [
    -0.05567076429724693,
    0.9621639847755432,
    0.266723096370697
   ],
   [
    -0.011659063398838043,
    -0.26774561405181885,
    0.9634190797805786
   ],
   [
    0.9983810782432556,
    0.05052453652024269,
    0.02612353302538395
   ]
  ]
 },
 {
  "rotation_euler": [
   0.9545834064483643,
   -1.5087110996246338,
   1.735854983329773
  ],
  "euler_order": "XYZ",
  "rotation_matrix": [
   [
    -0.010194683447480202,
    -0.43626293540000916,
    0.8997614979743958
   ],
   [
    0.06120207533240318,
    -0.8983935117721558,
    -0.4349062144756317
   ],
   [
    0.9980733394622803,
    0.05063353851437569,
    0.03585903346538544
   ]
  ]
 },
 {
  "rotation_euler": [
   1.093595266342163,
   -1.5138870477676392,
   -1.9294356107711792
  ],
  "euler_order": "XYZ",
  "rotation_matrix": [
   [
    -0.019964400678873062,
    0.7413555383682251,
    -0.6708154678344727
   ],
   [
    -0.05325968563556671,
    0.6692079305648804,
    0.7411640286445618
   ],
   [
    0.9983810782432556,
    0.05052431672811508,
    0.026124024763703346
   ]
  ]
 },
 {
  "rotation_euler": [
   0.1976078748703003,
   2.182149887084961,
   2.143441915512085
  ],
  "euler_order": "XYZ",
  "rotation_matrix": [
   [
    0.311013400554657,
    -0.911225438117981,
    -0.27007198333740234
   ],
   [
    -0.48241016268730164,
    -0.3961946368217468,
    0.7812235951423645
   ],
   [
    -0.8188718557357788,
    -0.11268552392721176,
    -0.562806248664856
   ]
  ]
 },
 {
  "rotation_euler": [
   1.0936590433120728,
   -1.5138890743255615,
   -2.0774049758911133
  ],
  "euler_order": "XYZ",
  "rotation_matrix": [
   [
    -0.02759733237326145,
    0.8318803906440735,
    -0.5542683601379395
   ],
   [
    -0.049732569605112076,
    0.5526502728462219,
    0.8319280743598938
   ],
   [
    0.9983811974525452,
    0.050524186342954636,
    0.02611987292766571
   ]
  ]
 }
]