[
 {
  "rotation_euler": [
   1.3261115550994873,
   -0.1468934565782547,
   0.9080935120582581
  ],
  "euler_order": "XYZ",
  "rotation_matrix": [
   [
    0.6086239218711853,
    -0.2783430814743042,
    0.7430357336997986
   ],
   [
    0.7798423171043396,
    0.03709661588072777,
    -0.6248758435249329
   ],
   [
    0.14636576175689697,
    0.9597650766372681,
    0.23964159190654755
   ]
  ]
 },
 {
  "rotation_euler": [
   1.3620188236236572,
   0.6227818727493286,
   -1.0687952041625977
  ],
  "euler_order": "XYZ",
  "rotation_matrix": [
   [
    0.39084336161613464,
    0.45626866817474365,
    -0.7994125485420227
   ],
   [
    -0.7120435833930969,
    -0.40049561858177185,
    -0.5767123699188232
   ],
   [
    -0.5832970142364502,
    0.7946207523345947,
    0.1683521270751953
   ]
  ]
 },
 {
  "rotation_euler": [
   1.6760181188583374,
   -0.7858325242996216,
   1.7721505165100098
  ],
  "euler_order": "XYZ",
  "rotation_matrix": [
   [
    -0.14135733246803284,
    0.24360352754592896,
    0.959518313407898
   ],
   [
    0.6925198435783386,
    -0.6682831048965454,
    0.27168723940849304
   ],
   [
    0.7074138522148132,
    0.7028904557228088,
    -0.07423356175422668
   ]
  ]
 },
 {
  "rotation_euler": [
   -1.7866220474243164,
   2.7284302711486816,
   0.056154072284698486
  ],
  "euler_order": "XYZ",
  "rotation_matrix": [
   [
    -0.9144120812416077,
    -0.3795551061630249,
    -0.14067143201828003
   ],
   [
    -0.051402002573013306,
    -0.23582814633846283,
    0.9704343676567078
   ],
   [
    -0.4015076160430908,
    0.8946077227592468,
    0.19613422453403473
   ]
  ]
 },
 {
  "rotation_euler": [
   1.6760181188583374,
   -0.78582763671875,
   -1.0419875383377075
  ],
  "euler_order": "XYZ",
  "rotation_matrix": [
   [
    0.3565858006477356,
    -0.4456002116203308,
    -0.8211498260498047
   ],
   [
    -0.6102598309516907,
    0.5544191598892212,
    -0.5658642053604126
   ],
   [
    0.7074103951454163,
    0.7028939127922058,
    -0.07423391938209534
   ]
  ]
 },
 {
  "rotation_euler": [
   1.31358003616333,
   -0.12317339330911636,
   -0.785901665687561
  ],
  "euler_order": "XYZ",
  "rotation_matrix": [
   [
    0.701396107673645,
    0.0959947407245636,
    -0.7062779068946838
   ],
   [
    -0.702102780342102,
    0.26385077834129333,
    -0.6613882780075073
   ],
   [
    0.12286217510700226,
    0.9597748517990112,
    0.25246208906173706
   ]
  ]
 },
 {
  "rotation_euler": [
   1.3131314516067505,
   -0.07280518114566803,
   1.2503166198730469
  ],
  "euler_order": "XYZ",
  "rotation_matrix": [
   [
    0.31418734788894653,
    -0.26400724053382874,
    0.9119136333465576
   ],
   [
    0.9465701580047607,
    0.013516733422875404,
    -0.3222145736217499
   ],
   [
    0.07274088263511658,
    0.9644259810447693,
    0.2541481554508209
   ]
  ]
 },
 {
  "rotation_euler": [
   1.313309907913208,
   -0.08661404252052307,
   2.7552125453948975
  ],
  "euler_order": "XYZ",
  "rotation_matrix": [
   [
    -0.9228069186210632,
    -0.01847507618367672,
    0.38481947779655457
   ],
   [
    0.37542521953582764,
    -0.2674015760421753,
    0.8874414563179016
   ],
   [
    0.08650578558444977,
    0.9634080529212952,
    0.2536960542201996
   ]
  ]
 },
 {
  "rotation_euler": [
   1.3518110513687134,
   0.39879584312438965,
   -1.79342782497406
  ],
  "euler_order": "XYZ",
  "rotation_matrix": [
   [
    -0.203470841050148,
    0.1281878501176834,
    -0.9706531167030334
   ],
   [
    -0.8987857103347778,
    -0.4176466166973114,
    0.1332499235868454
   ],
   [
    -0.38830897212028503,
    0.8995216488838196,
    0.20019231736660004
   ]
  ]
 },
 {
  "rotation_euler": [
   1.3527007102966309,
   0.401534765958786,
   -0.7526834011077881
  ],
  "euler_order": "XYZ",
  "rotation_matrix": [
   [
    0.6718059182167053,
    0.4264048933982849,
    -0.6056861281394958
   ],
   [
    -0.6292277574539185,
    -0.10292360186576843,
    -0.7703760266304016
   ],
   [
    -0.39083150029182434,
    0.8986576795578003,
    0.199161097407341
   ]
  ]
 },
 {
  "rotation_euler": [
   1.3208788633346558,
   -0.1375897079706192,
   -0.6345193386077881
  ],
  "euler_order": "XYZ",
  "rotation_matrix": [
   [
    0.7977456450462341,
    0.03958345949649811,
    -0.6016934514045715
   ],
   [
    -0.5871883034706116,
    0.27796289324760437,
    -0.7602279782295227
   ],
   [
    0.13715599477291107,
    0.9597759246826172,
    0.2449866384267807
   ]
  ]
 },
 {
  "rotation_euler": [
   1.6760183572769165,
   -0.7858315706253052,
   1.8554648160934448
  ],
  "euler_order": "XYZ",
  "rotation_matrix": [
   [
    -0.19849728047847748,
    0.29837173223495483,
    0.9335808157920837
   ],
   [
    0.6783549189567566,
    -0.6456921696662903,
    0.35059407353401184
   ],
   [
    0.7074131965637207,
    0.7028911113739014,
    -0.07423380017280579
   ]
  ]
 },
 {
  "rotation_euler": [
   -1.4655743837356567,
   -2.355759859085083,
   0.7693383097648621
  ],
  "euler_order": "XYZ",
  "rotation_matrix": [
   [
    -0.5077442526817322,
    0.4323115050792694,
    -0.7451862096786499
   ],
   [
    -0.49169209599494934,
    0.564846932888031,
    0.6627117395401001
   ],
   [
    0.7074140310287476,
    0.7028902769088745,
    -0.07423364371061325
   ]
  ]
 },
 {
  "rotation_euler": [
   1.331823468208313,
   -0.15804830193519592,
   0.953833818435669
  ],
  "euler_order": "XYZ",
  "rotation_matrix": [
   [
    0.5713493824005127,
    -0.2815382778644562,
    0.7709060311317444
   ],
   [
    0.8054737448692322,
    0.012221761979162693,
    -0.5925054550170898
   ],
   [
    0.15739113092422485,
    0.9594721794128418,
    0.23375459015369415
   ]
  ]
 },
 {
  "rotation_euler": [
   -1.8006736040115356,
   2.824944496154785,
   0.007248901762068272
  ],
  "euler_order": "XYZ",
  "rotation_matrix": [
   [
    -0.9502595067024231,
    -0.3015322983264923,
    -0.07800742983818054
   ],
   [
    -0.006888458505272865,
    -0.23004983365535736,
    0.9731544852256775
   ],
   [
    -0.31138309836387634,
    0.9252866506576538,
    0.2165299504995346
   ]
  ]
 },
 {
  "rotation_euler": [
   1.3621466159820557,
   0.6173615455627441,
   0.9080652594566345
  ],
  "euler_order": "XYZ",
  "rotation_matrix": [
   [
    0.5016981959342957,
    0.18515659868717194,
    0.8449946641921997
   ],
   [
    0.6427987217903137,
    0.5738937258720398,
    -0.5074010491371155
   ],
   [
    -0.5788857340812683,
    0.797723650932312,
    0.16890300810337067
   ]
  ]
 }
]