[
 {
  "rotation_euler": [
   0.005089896265417337,
   0.0011356525355949998,
   2.5041511058807373
  ],
  "euler_order": "XYZ",
  "rotation_matrix": [
   [
    -0.8036205172538757,
    -0.5951383113861084,
    0.002116572577506304
   ],
   [
    0.5951409935951233,
    -0.803607165813446,
    0.004766195081174374
   ],
   [
    -0.0011356523027643561,
    0.005089871119707823,
    0.9999864101409912
   ]
  ]
 },
 {
  "rotation_euler": [
   0.005089687183499336,
   0.0011354628950357437,
   0.6545853018760681
  ],
  "euler_order": "XYZ",
  "rotation_matrix": [
   [
    0.7932999730110168,
    -0.6088178157806396,
    0.003999494016170502
   ],
   [
    0.608829915523529,
    0.7932937145233154,
    -0.0033463386353105307
   ],
   [
    -0.0011354626622051,
    0.005089662037789822,
    0.9999864101409912
   ]
  ]
 },
 {
  "rotation_euler": [
   0.005090047139674425,
   0.0011354429880157113,
   1.6446162462234497
  ],
  "euler_order": "XYZ",
  "rotation_matrix": [
   [
    -0.07375284284353256,
    -0.99726402759552,
    0.004992421716451645
   ],
   [
    0.9972758889198303,
    -0.07374617457389832,
    0.001507739769294858
   ],
   [
    -0.0011354427551850677,
    0.0050900219939649105,
    0.9999864101409912
   ]
  ]
 },
 {
  "rotation_euler": [
   0.005089420825242996,
   0.0011357151670381427,
   -2.147259473800659
  ],
  "euler_order": "XYZ",
  "rotation_matrix": [
   [
    -0.5450617074966431,
    0.8383817076683044,
    -0.004885957110673189
   ],
   [
    -0.8383951783180237,
    -0.545059859752655,
    0.001821872079744935
   ],
   [
    -0.001135714934207499,
    0.005089395679533482,
    0.9999864101409912
   ]
  ]
 },
 {
  "rotation_euler": [
   0.005090067628771067,
   0.0011358761694282293,
   -0.6074576377868652
  ],
  "euler_order": "XYZ",
  "rotation_matrix": [
   [
    0.8211012482643127,
    0.5707791447639465,
    -0.0019726476166397333
   ],
   [
    -0.570781409740448,
    0.8210878372192383,
    -0.004827774595469236
   ],
   [
    -0.0011358759365975857,
    0.005090042483061552,
    0.9999864101409912
   ]
  ]
 },
 {
  "rotation_euler": [
   0.005090274382382631,
   0.0011359438067302108,
   1.6606764793395996
  ],
  "euler_order": "XYZ",
  "rotation_matrix": [
   [
    -0.08975912630558014,
    -0.9959511160850525,
    0.004967745393514633
   ],
   [
    0.9959628582000732,
    -0.08975226432085037,
    0.001588240615092218
   ],
   [
    -0.0011359435738995671,
    0.005090249236673117,
    0.9999864101409912
   ]
  ]
 },
 {
  "rotation_euler": [
   0.005089935846626759,
   0.0011346125975251198,
   -1.9258464574813843
  ],
  "euler_order": "XYZ",
  "rotation_matrix": [
   [
    -0.3476371467113495,
    0.937614917755127,
    -0.00516687985509634
   ],
   [
    -0.937628448009491,
    -0.3476382791996002,
    0.0007056125323288143
   ],
   [
    -0.0011346123646944761,
    0.005089910700917244,
    0.9999864101409912
   ]
  ]
 },
 {
  "rotation_euler": [
   0.0050894832238554955,
   0.0011355627793818712,
   -3.0246169567108154
  ],
  "euler_order": "XYZ",
  "rotation_matrix": [
   [
    -0.9931654930114746,
    0.11670185625553131,
    -0.0017217741115018725
   ],
   [
    -0.11670903861522675,
    -0.9931539297103882,
    0.004922152031213045
   ],
   [
    -0.0011355625465512276,
    0.005089458078145981,
    0.9999864101409912
   ]
  ]
 },
 {
  "rotation_euler": [
   0.005089651793241501,
   0.0011359169147908688,
   -0.8593302369117737
  ],
  "euler_order": "XYZ",
  "rotation_matrix": [
   [
    0.6529445052146912,
    0.7573993802070618,
    -0.0031132318545132875
   ],
   [
    -0.7574049234390259,
    0.6529320478439331,
    -0.004183586221188307
   ],
   [
    -0.001135916681960225,
    0.005089626647531986,
    0.9999864101409912
   ]
  ]
 },
 {
  "rotation_euler": [
   0.005089981947094202,
   0.0011355361202731729,
   -1.188051462173462
  ],
  "euler_order": "XYZ",
  "rotation_matrix": [
   [
    0.37346789240837097,
    0.9276331663131714,
    -0.0042975847609341145
   ],
   [
    -0.9276424050331116,
    0.3734579384326935,
    -0.0029542960692197084
   ],
   [
    -0.0011355358874425292,
    0.005089956801384687,
    0.9999864101409912
   ]
  ]
 },
 {
  "rotation_euler": [
   0.005089721642434597,
   0.0011353687150403857,
   0.46372121572494507
  ],
  "euler_order": "XYZ",
  "rotation_matrix": [
   [
    0.8943936824798584,
    -0.44726845622062683,
    0.003291971981525421
   ],
   [
    0.447279155254364,
    0.8943852782249451,
    -0.004044377710670233
   ],
   [
    -0.001135368482209742,
    0.005089696496725082,
    0.9999864101409912
   ]
  ]
 },
 {
  "rotation_euler": [
   0.005089483689516783,
   0.001135757309384644,
   -0.6957904696464539
  ],
  "euler_order": "XYZ",
  "rotation_matrix": [
   [
    0.7675467729568481,
    0.6409884691238403,
    -0.0023905702400952578
   ],
   [
    -0.6409919261932373,
    0.7675336003303528,
    -0.004634404554963112
   ],
   [
    -0.0011357570765540004,
    0.005089458543807268,
    0.9999864101409912
   ]
  ]
 },
 {
  "rotation_euler": [
   0.005089952610433102,
   0.001135624828748405,
   -0.084459088742733
  ],
  "euler_order": "XYZ",
  "rotation_matrix": [
   [
    0.9964348077774048,
    0.08436337858438492,
    0.0007021819474175572
   ],
   [
    -0.08435865491628647,
    0.9964220523834229,
    -0.005167585797607899
   ],
   [
    -0.0011356245959177613,
    0.005089927464723587,
    0.9999864101409912
   ]
  ]
 },
 {
  "rotation_euler": [
   0.005106723867356777,
   0.0011395745677873492,
   -2.8983988761901855
  ],
  "euler_order": "XYZ",
  "rotation_matrix": [
   [
    -0.9705732464790344,
    0.2407948523759842,
    -0.0023357390891760588
   ],
   [
    -0.24080349504947662,
    -0.9705625772476196,
    0.004682021215558052
   ],
   [
    -0.0011395743349567056,
    0.005106698255985975,
    0.9999862909317017
   ]
  ]
 },
 {
  "rotation_euler": [
   0.005090048070997,
   0.0011359513737261295,
   0.27683764696121216
  ],
  "euler_order": "XYZ",
  "rotation_matrix": [
   [
    0.9619239568710327,
    -0.2733059823513031,
    0.0024838659446686506
   ],
   [
    0.273314893245697,
    0.9619137048721313,
    -0.004585752729326487
   ],
   [
    -0.0011359511408954859,
    0.005090022925287485,
    0.9999864101409912
   ]
  ]
 },
 {
  "rotation_euler": [
   0.005090612452477217,
   0.0011358512565493584,
   -2.4611270427703857
  ],
  "euler_order": "XYZ",
  "rotation_matrix": [
   [
    -0.7772793769836426,
    0.6291423439979553,
    -0.004085632972419262
   ],
   [
    -0.629154622554779,
    -0.777273416519165,
    0.0032421962823718786
   ],
   [
    -0.0011358510237187147,
    0.005090587306767702,
    0.9999864101409912
   ]
  ]
 }
]