[
 {
  "rotation_euler": [
   7.918819022734169e-08,
   -8.307406318408539e-09,
   -2.461534023284912
  ],
  "euler_order": "XYZ",
  "rotation_matrix": [
   [
    -0.7775358557701111,
    0.6288385987281799,
    -4.333728398364656e-08
   ],
   [
    -0.6288385987281799,
    -0.7775358557701111,
    6.679567121636865e-08
   ],
   [
    8.307406318408539e-09,
    7.918819022734169e-08,
    1.0
   ]
  ]
 },
 {
  "rotation_euler": [
   -2.0592567651078753e-09,
   -4.417213617102789e-08,
   -0.370287150144577
  ],
  "euler_order": "XYZ",
  "rotation_matrix": [
   [
    0.9322234988212585,
    0.36188313364982605,
    -4.0433093317915336e-08
   ],
   [
    -0.36188313364982605,
    0.9322234988212585,
    1.7904838500726328e-08
   ],
   [
    4.417213617102789e-08,
    -2.0592567651078753e-09,
    1.0
   ]
  ]
 },
 {
  "rotation_euler": [
   7.069319630549631e-13,
   -2.7545590808308873e-11,
   2.011176586151123
  ],
  "euler_order": "XYZ",
  "rotation_matrix": [
   [
    -0.42628347873687744,
    -0.9045896530151367,
    1.2381713709874731e-11
   ],
   [
    0.9045896530151367,
    -0.42628347873687744,
    -2.461610255910518e-11
   ],
   [
    2.7545590808308873e-11,
    7.069319630549631e-13,
    1.0
   ]
  ]
 },
 {
  "rotation_euler": [
   0.0006653153686784208,
   -0.0006884999456815422,
   1.4701398611068726
  ],
  "euler_order": "XYZ",
  "rotation_matrix": [
   [
    0.10048655420541763,
    -0.9949382543563843,
    0.0005927627789787948
   ],
   [
    0.9949381947517395,
    0.10048609972000122,
    -0.0007518701022490859
   ],
   [
    0.0006884998874738812,
    0.0006653151358477771,
    0.9999995231628418
   ]
  ]
 },
 {
  "rotation_euler": [
   -4.728011759880246e-08,
   4.575744227963696e-08,
   -0.3010147511959076
  ],
  "euler_order": "XYZ",
  "rotation_matrix": [
   [
    0.9550361037254333,
    0.2964894771575928,
    5.771806854681927e-08
   ],
   [
    -0.2964894771575928,
    0.9550361037254333,
    3.1587617854711425e-08
   ],
   [
    -4.575744227963696e-08,
    -4.728011759880246e-08,
    1.0
   ]
  ]
 },
 {
  "rotation_euler": [
   -4.276063877983738e-12,
   3.429913417087732e-13,
   -0.8093909025192261
  ],
  "euler_order": "XYZ",
  "rotation_matrix": [
   [
    0.6899394392967224,
    0.7238670587539673,
    3.331945179832485e-12
   ],
   [
    -0.7238670587539673,
    0.6899394392967224,
    2.7019450045406845e-12
   ],
   [
    -3.429913417087732e-13,
    -4.276063877983738e-12,
    1.0
   ]
  ]
 },
 {
  "rotation_euler": [
   -1.2398401749713628e-10,
   -2.0603485584302916e-10,
   -0.35880377888679504
  ],
  "euler_order": "XYZ",
  "rotation_matrix": [
   [
    0.9363175630569458,
    0.3511544466018677,
    -1.4937651116042616e-10
   ],
   [
    -0.3511544466018677,
    0.9363175630569458,
    1.884384731587474e-10
   ],
   [
    2.0603485584302916e-10,
    -1.2398401749713628e-10,
    1.0
   ]
  ]
 },
 {
  "rotation_euler": [
   -4.2952356948955384e-11,
   2.4751234395381516e-10,
   2.8118515014648438
  ],
  "euler_order": "XYZ",
  "rotation_matrix": [
   [
    -0.9461261630058289,
    -0.32379814982414246,
    -2.4808580190160967e-10
   ],
   [
    0.32379814982414246,
    -0.9461261630058289,
    3.9505686916241345e-11
   ],
   [
    -2.4751234395381516e-10,
    -4.2952356948955384e-11,
    1.0
   ]
  ]
 },
 {
  "rotation_euler": [
   3.5787661545327865e-07,
   3.2153937468137883e-07,
   -2.049152374267578
  ],
  "euler_order": "XYZ",
  "rotation_matrix": [
   [
    -0.460320383310318,
    0.887752890586853,
    -4.6571710754506057e-07
   ],
   [
    -0.887752890586853,
    -0.460320383310318,
    -1.207096005373387e-07
   ],
   [
    -3.2153937468137883e-07,
    3.5787661545327865e-07,
    1.0
   ]
  ]
 },
 {
  "rotation_euler": [
   0.00020306342048570514,
   -2.1270707293297164e-05,
   -2.4476866722106934
  ],
  "euler_order": "XYZ",
  "rotation_matrix": [
   [
    -0.7687538266181946,
    0.6395447850227356,
    -0.00011351621651556343
   ],
   [
    -0.6395447850227356,
    -0.7687538266181946,
    0.00016970935394056141
   ],
   [
    2.1270707293297164e-05,
    0.00020306342048570514,
    1.0
   ]
  ]
 },
 {
  "rotation_euler": [
   -6.37176238420939e-13,
   4.120504631943689e-11,
   -1.2719249725341797
  ],
  "euler_order": "XYZ",
  "rotation_matrix": [
   [
    0.2944417893886566,
    0.9556694030761719,
    1.2741417296235902e-11
   ],
   [
    -0.9556694030761719,
    0.2944417893886566,
    -3.919079297198813e-11
   ],
   [
    -4.120504631943689e-11,
    -6.37176238420939e-13,
    1.0
   ]
  ]
 },
 {
  "rotation_euler": [
   3.455509142713531e-11,
   -1.0670266892276459e-09,
   -2.6994094848632812
  ],
  "euler_order": "XYZ",
  "rotation_matrix": [
   [
    -0.9038196206092834,
    0.4279136657714844,
    9.496130548569681e-10
   ],
   [
    -0.4279136657714844,
    -0.9038196206092834,
    4.878268899943805e-10
   ],
   [
    1.0670266892276459e-09,
    3.455509142713531e-11,
    1.0
   ]
  ]
 },
 {
  "rotation_euler": [
   -0.002803455339744687,
   -0.05177391692996025,
   1.765641450881958
  ],
  "euler_order": "XYZ",
  "rotation_matrix": [
   [
    -0.19335515797138214,
    -0.981101930141449,
    0.007269264664500952
   ],
   [
    0.9797630310058594,
    -0.1934714913368225,
    -0.051314134150743484
   ],
   [
    0.0517507903277874,
    -0.002799695124849677,
    0.9986560940742493
   ]
  ]
 },
 {
  "rotation_euler": [
   -8.95398755140775e-11,
   -5.923213308722808e-11,
   1.3172513246536255
  ],
  "euler_order": "XYZ",
  "rotation_matrix": [
   [
    0.25083720684051514,
    -0.968029260635376,
    -1.0153484303332405e-10
   ],
   [
    0.968029260635376,
    0.25083720684051514,
    -3.4878509802549473e-11
   ],
   [
    5.923213308722808e-11,
    -8.95398755140775e-11,
    1.0
   ]
  ]
 },
 {
  "rotation_euler": [
   4.268979836297149e-09,
   -1.0836854080764624e-08,
   0.06698915362358093
  ],
  "euler_order": "XYZ",
  "rotation_matrix": [
   [
    0.997757077217102,
    -0.06693906337022781,
    -1.0526786553555212e-08
   ],
   [
    0.06693906337022781,
    0.997757077217102,
    -4.9848134509034026e-09
   ],
   [
    1.0836854080764624e-08,
    4.268979836297149e-09,
    1.0
   ]
  ]
 },
 {
  "rotation_euler": [
   2.824487532748776e-09,
   -5.5535798182404505e-09,
   1.7967885732650757
  ],
  "euler_order": "XYZ",
  "rotation_matrix": [
   [
    -0.22407348453998566,
    -0.9745722413063049,
    3.997077335782251e-09
   ],
   [
    0.9745722413063049,
    -0.22407348453998566,
    -4.779471929339252e-09
   ],
   [
    5.5535798182404505e-09,
    2.824487532748776e-09,
    1.0
   ]
  ]
 }
]