[
 {
  "rotation_euler": [
   1.5611380338668823,
   0.002759423339739442,
   -1.9135619401931763
  ],
  "euler_order": "XYZ",
  "rotation_matrix": [
   [
    -0.3360918164253235,
    0.008168937638401985,
    -0.9417937994003296
   ],
   [
    -0.9418251514434814,
    -0.005844815168529749,
    0.3360523283481598
   ],
   [
    -0.002759419847279787,
    0.99994957447052,
    0.009658105671405792
   ]
  ]
 },
 {
  "rotation_euler": [
   1.5617923736572266,
   0.03854911029338837,
   0.9548242092132568
  ],
  "euler_order": "XYZ",
  "rotation_matrix": [
   [
    0.5773230195045471,
    0.014916379936039448,
    0.8163796067237854
   ],
   [
    0.8156058192253113,
    0.036657169461250305,
    -0.5774456262588501
   ],
   [
    -0.03853956237435341,
    0.9992165565490723,
    0.008997142314910889
   ]
  ]
 },
 {
  "rotation_euler": [
   1.5637376308441162,
   0.0627286434173584,
   -1.2397018671035767
  ],
  "euler_order": "XYZ",
  "rotation_matrix": [
   [
    0.3244388699531555,
    0.027053100988268852,
    -0.945519745349884
   ],
   [
    -0.9438271522521973,
    -0.05698668956756592,
    -0.3254885971546173
   ],
   [
    -0.06268751621246338,
    0.9980083107948303,
    0.007044754456728697
   ]
  ]
 },
 {
  "rotation_euler": [
   1.5613420009613037,
   -0.004700914490967989,
   0.111083984375
  ],
  "euler_order": "XYZ",
  "rotation_matrix": [
   [
    0.9938255548477173,
    -0.005719764623790979,
    0.11080654710531235
   ],
   [
    0.11085444688796997,
    0.008874816820025444,
    -0.9937970042228699
   ],
   [
    0.004700897261500359,
    0.999944269657135,
    0.00945408083498478
   ]
  ]
 },
 {
  "rotation_euler": [
   1.5623328685760498,
   0.04611112177371979,
   -0.3364464044570923
  ],
  "euler_order": "XYZ",
  "rotation_matrix": [
   [
    0.9429304599761963,
    0.0463029146194458,
    -0.3297547698020935
   ],
   [
    -0.32978391647338867,
    -0.007228099275380373,
    -0.9440287947654724
   ],
   [
    -0.046094782650470734,
    0.9989013075828552,
    0.008454360999166965
   ]
  ]
 },
 {
  "rotation_euler": [
   1.5612597465515137,
   0.0018291397718712687,
   0.8290147185325623
  ],
  "euler_order": "XYZ",
  "rotation_matrix": [
   [
    0.6756013631820679,
    -0.005795176140964031,
    0.7372443079948425
   ],
   [
    0.7372648119926453,
    0.007791340351104736,
    -0.6755589246749878
   ],
   [
    -0.0018291387241333723,
    0.9999528527259827,
    0.009536419995129108
   ]
  ]
 },
 {
  "rotation_euler": [
   1.5619977712631226,
   -0.026065422222018242,
   2.158287525177002
  ],
  "euler_order": "XYZ",
  "rotation_matrix": [
   [
    -0.5540863275527954,
    0.007121965289115906,
    0.8324287533760071
   ],
   [
    0.832051157951355,
    -0.026568589732050896,
    0.5540623068809509
   ],
   [
    0.02606246992945671,
    0.9996216297149658,
    0.008795453235507011
   ]
  ]
 },
 {
  "rotation_euler": [
   1.5608147382736206,
   0.019961128011345863,
   -1.3968770503997803
  ],
  "euler_order": "XYZ",
  "rotation_matrix": [
   [
    0.17300935089588165,
    0.013284592889249325,
    -0.9848305583000183
   ],
   [
    -0.9847179055213928,
    -0.017930489033460617,
    -0.17323142290115356
   ],
   [
    -0.01995980180799961,
    0.9997509717941284,
    0.009979434311389923
   ]
  ]
 },
 {
  "rotation_euler": [
   1.5667603015899658,
   0.1149621307849884,
   2.9573538303375244
  ],
  "euler_order": "XYZ",
  "rotation_matrix": [
   [
    -0.9765868186950684,
    -0.11350620537996292,
    0.1827416718006134
   ],
   [
    0.18198902904987335,
    0.017046626657247543,
    0.9831528067588806
   ],
   [
    -0.11470907181501389,
    0.9933910369873047,
    0.004009373020380735
   ]
  ]
 },
 {
  "rotation_euler": [
   1.5660523176193237,
   -0.08294651657342911,
   -2.3986546993255615
  ],
  "euler_order": "XYZ",
  "rotation_matrix": [
   [
    -0.7339522242546082,
    0.06422719359397888,
    -0.6761574745178223
   ],
   [
    -0.6741288900375366,
    0.052550725638866425,
    0.7367419600486755
   ],
   [
    0.08285143226385117,
    0.9965506792068481,
    0.004727681167423725
   ]
  ]
 },
 {
  "rotation_euler": [
   -1.6368263959884644,
   0.22933895885944366,
   2.313253164291382
  ],
  "euler_order": "XYZ",
  "rotation_matrix": [
   [
    -0.6583977341651917,
    0.20198175311088562,
    -0.7250626087188721
   ],
   [
    0.7175177335739136,
    -0.12252625823020935,
    -0.6856789588928223
   ],
   [
    -0.22733384370803833,
    -0.9716947674751282,
    -0.06425447762012482
   ]
  ]
 },
 {
  "rotation_euler": [
   1.5613656044006348,
   0.03264617919921875,
   -0.5996037125587463
  ],
  "euler_order": "XYZ",
  "rotation_matrix": [
   [
    0.8251194357872009,
    0.032267194241285324,
    -0.5640361309051514
   ],
   [
    -0.5640146732330322,
    -0.010633143596351147,
    -0.8256962895393372
   ],
   [
    -0.032640378922224045,
    0.9994227290153503,
    0.009425557218492031
   ]
  ]
 },
 {
  "rotation_euler": [
   -4.436837843968533e-05,
   -0.05687558278441429,
   -1.5023105144500732
  ],
  "euler_order": "XYZ",
  "rotation_matrix": [
   [
    0.06832163780927658,
    0.9976559281349182,
    -0.003845763858407736
   ],
   [
    -0.9960425496101379,
    0.06842977553606033,
    0.056714702397584915
   ],
   [
    0.05684492364525795,
    -4.4296633859630674e-05,
    0.9983830451965332
   ]
  ]
 },
 {
  "rotation_euler": [
   1.562066674232483,
   -0.0287490114569664,
   -0.9961625337600708
  ],
  "euler_order": "XYZ",
  "rotation_matrix": [
   [
    0.5433028340339661,
    -0.008295626379549503,
    -0.8394957780838013
   ],
   [
    -0.8390445709228516,
    0.028872175142169,
    -0.5432960987091064
   ],
   [
    0.028745051473379135,
    0.9995486736297607,
    0.008725934661924839
   ]
  ]
 },
 {
  "rotation_euler": [
   1.5723003149032593,
   -0.11753414571285248,
   -0.3558366000652313
  ],
  "euler_order": "XYZ",
  "rotation_matrix": [
   [
    0.9308883547782898,
    -0.11044161021709442,
    -0.3482089638710022
   ],
   [
    -0.34597116708755493,
    0.03944189473986626,
    -0.9374157190322876
   ],
   [
    0.11726372689008713,
    0.9930996894836426,
    -0.0014936112565919757
   ]
  ]
 },
 {
  "rotation_euler": [
   1.5646936893463135,
   0.06489917635917664,
   2.1082143783569336
  ],
  "euler_order": "XYZ",
  "rotation_matrix": [
   [
    -0.5108420252799988,
    -0.03844156861305237,
    0.8588147163391113
   ],
   [
    0.8572248220443726,
    0.05258634686470032,
    0.5122501850128174
   ],
   [
    -0.06485363095998764,
    0.9978762269020081,
    0.006089752074331045
   ]
  ]
 }
]