[
 {
  "rotation_euler": [
   -0.039492279291152954,
   1.265066385269165,
   -2.0606112480163574
  ],
  "euler_order": "XYZ",
  "rotation_matrix": [
   [
    -0.1416042298078537,
    0.8994453549385071,
    -0.413456529378891
   ],
   [
    -0.26559901237487793,
    -0.43687164783477783,
    -0.8594186305999756
   ],
   [
    -0.9536275267601013,
    -0.011883665807545185,
    0.3007546663284302
   ]
  ]
 },
 {
  "rotation_euler": [
   -0.024947693571448326,
   1.5110834836959839,
   -1.2893396615982056
  ],
  "euler_order": "XYZ",
  "rotation_matrix": [
   [
    0.016575703397393227,
    0.9534366130828857,
    0.3011375367641449
   ],
   [
    -0.057329170405864716,
    0.301589697599411,
    -0.9517126679420471
   ],
   [
    -0.9982177019119263,
    -0.001488658133894205,
    0.05965879186987877
   ]
  ]
 },
 {
  "rotation_euler": [
   -0.00048298598267138004,
   0.22080367803573608,
   2.1616458892822266
  ],
  "euler_order": "XYZ",
  "rotation_matrix": [
   [
    -0.5435421466827393,
    -0.8304086923599243,
    -0.12240643054246902
   ],
   [
    0.8103054165840149,
    -0.5571545362472534,
    0.18161486089229584
   ],
   [
    -0.21901385486125946,
    -0.00047125990386120975,
    0.9757216572761536
   ]
  ]
 },
 {
  "rotation_euler": [
   0.005704335868358612,
   -0.0034138625487685204,
   2.797173500061035
  ],
  "euler_order": "XYZ",
  "rotation_matrix": [
   [
    -0.9412662386894226,
    -0.337626188993454,
    0.005139372311532497
   ],
   [
    0.33764803409576416,
    -0.9412630200386047,
    0.004216631408780813
   ],
   [
    0.003413856029510498,
    0.005704271607100964,
    0.9999778866767883
   ]
  ]
 },
 {
  "rotation_euler": [
   -0.7695677876472473,
   1.5431116819381714,
   1.4329923391342163
  ],
  "euler_order": "XYZ",
  "rotation_matrix": [
   [
    0.0038025055546313524,
    -0.8069505095481873,
    -0.5906068682670593
   ],
   [
    0.027418693527579308,
    -0.5903049111366272,
    0.8067145347595215
   ],
   [
    -0.999616801738739,
    -0.019261203706264496,
    0.01988089084625244
   ]
  ]
 },
 {
  "rotation_euler": [
   -0.008553257212042809,
   0.6100705862045288,
   3.138733148574829
  ],
  "euler_order": "XYZ",
  "rotation_matrix": [
   [
    -0.819604218006134,
    0.0020409012213349342,
    -0.5729264616966248
   ],
   [
    0.0023436688352376223,
    -0.9999733567237854,
    -0.006914897356182337
   ],
   [
    -0.572925329208374,
    -0.007010228931903839,
    0.8195775747299194
   ]
  ]
 },
 {
  "rotation_euler": [
   -0.02486460469663143,
   1.511073112487793,
   2.192840337753296
  ],
  "euler_order": "XYZ",
  "rotation_matrix": [
   [
    -0.03477988392114639,
    -0.7979766726493835,
    -0.6016839742660522
   ],
   [
    0.048507556319236755,
    -0.6026864647865295,
    0.7965023517608643
   ],
   [
    -0.9982171058654785,
    -0.0014839585637673736,
    0.059669267386198044
   ]
  ]
 },
 {
  "rotation_euler": [
   0.005088388454169035,
   -0.02834136225283146,
   3.137845039367676
  ],
  "euler_order": "XYZ",
  "rotation_matrix": [
   [
    -0.9995914101600647,
    -0.003603365970775485,
    0.028356071561574936
   ],
   [
    0.0037461004685610533,
    -0.9999805688858032,
    0.004982134327292442
   ],
   [
    0.028337568044662476,
    0.005086323246359825,
    0.9995854496955872
   ]
  ]
 },
 {
  "rotation_euler": [
   -0.0022371576633304358,
   0.3138340711593628,
   -1.7963796854019165
  ],
  "euler_order": "XYZ",
  "rotation_matrix": [
   [
    -0.21275001764297485,
    0.974815845489502,
    -0.06686954200267792
   ],
   [
    -0.927058219909668,
    -0.22300128638744354,
    -0.3013858497142792
   ],
   [
    -0.30870771408081055,
    -0.0021278862841427326,
    0.9511545896530151
   ]
  ]
 },
 {
  "rotation_euler": [
   -0.025044836103916168,
   1.511095404624939,
   -1.041154384613037
  ],
  "euler_order": "XYZ",
  "rotation_matrix": [
   [
    0.030144447460770607,
    0.8500880002975464,
    0.525777280330658
   ],
   [
    -0.05149058252573013,
    0.5266385674476624,
    -0.8485284447669983
   ],
   [
    -0.9982184171676636,
    -0.0014941556146368384,
    0.05964675173163414
   ]
  ]
 },
 {
  "rotation_euler": [
   0.1123012974858284,
   -1.6622767448425293,
   -1.7938307523727417
  ],
  "euler_order": "XYZ",
  "rotation_matrix": [
   [
    0.020206334069371223,
    0.9937716722488403,
    0.1095879077911377
   ],
   [
    0.08909013122320175,
    -0.11096395552158356,
    0.9898231625556946
   ],
   [
    0.995818555355072,
    -0.010237496346235275,
    -0.0907774269580841
   ]
  ]
 },
 {
  "rotation_euler": [
   0.005702201277017593,
   -0.00341707281768322,
   1.0005249977111816
  ],
  "euler_order": "XYZ",
  "rotation_matrix": [
   [
    0.5398573279380798,
    -0.8417513370513916,
    0.0029551188927143812
   ],
   [
    0.8417496085166931,
    0.5398352742195129,
    -0.005954660475254059
   ],
   [
    0.003417066065594554,
    0.005702137015759945,
    0.9999778866767883
   ]
  ]
 },
 {
  "rotation_euler": [
   -0.024289481341838837,
   1.5110018253326416,
   -1.5257933139801025
  ],
  "euler_order": "XYZ",
  "rotation_matrix": [
   [
    0.002688421867787838,
    0.9976021647453308,
    0.06915667653083801
   ],
   [
    -0.05969837307929993,
    0.06919369846582413,
    -0.9958153963088989
   ],
   [
    -0.9982128143310547,
    -0.0014513693749904633,
    0.059741247445344925
   ]
  ]
 },
 {
  "rotation_euler": [
   0.3006693124771118,
   -2.6949737071990967,
   -1.1072546243667603
  ],
  "euler_order": "XYZ",
  "rotation_matrix": [
   [
    -0.4032621383666992,
    0.7971530556678772,
    -0.44936251640319824
   ],
   [
    0.8067378401756287,
    0.5414787530899048,
    0.23658984899520874
   ],
   [
    0.43191859126091003,
    -0.26711004972457886,
    -0.8614514470100403
   ]
  ]
 },
 {
  "rotation_euler": [
   0.005321801174432039,
   -0.018632739782333374,
   1.8214644193649292
  ],
  "euler_order": "XYZ",
  "rotation_matrix": [
   [
    -0.24800817668437958,
    -0.9687085747718811,
    0.00977699551731348
   ],
   [
    0.9685787558555603,
    -0.2481437623500824,
    -0.01672903634607792
   ],
   [
    0.01863166131079197,
    0.005320852156728506,
    0.9998122453689575
   ]
  ]
 },
 {
  "rotation_euler": [
   0.0043555209413170815,
   -0.05648421123623848,
   -1.4140340089797974
  ],
  "euler_order": "XYZ",
  "rotation_matrix": [
   [
    0.15587206184864044,
    0.9876901507377625,
    -0.01311570219695568
   ],
   [
    -0.9861626625061035,
    0.15636244416236877,
    0.05508141964673996
   ],
   [
    0.05645418167114258,
    0.00434856116771698,
    0.9983957409858704
   ]
  ]
 }
]