[
 {
  "rotation_euler": [
   -0.5087634325027466,
   1.90652596950531,
   2.115614414215088
  ],
  "euler_order": "XYZ",
  "rotation_matrix": [
   [
    0.1707458198070526,
    -0.5085551142692566,
    -0.8439298272132874
   ],
   [
    -0.28175973892211914,
    -0.8459423184394836,
    0.45276156067848206
   ],
   [
    -0.9441701769828796,
    0.16047830879688263,
    -0.28773146867752075
   ]
  ]
 },
 {
  "rotation_euler": [
   0.7175310850143433,
   -1.834173321723938,
   -0.9595903754234314
  ],
  "euler_order": "XYZ",
  "rotation_matrix": [
   [
    -0.1493990123271942,
    0.2527139484882355,
    -0.9559370279312134
   ],
   [
    0.21320925652980804,
    0.952277421951294,
    0.21842500567436218
   ],
   [
    0.9655163288116455,
    -0.17118214070796967,
    -0.1961502730846405
   ]
  ]
 },
 {
  "rotation_euler": [
   2.577674388885498,
   1.4152287244796753,
   0.2711333632469177
  ],
  "euler_order": "XYZ",
  "rotation_matrix": [
   [
    0.14928056299686432,
    0.735112190246582,
    -0.661305844783783
   ],
   [
    0.04149681702256203,
    -0.6728681325912476,
    -0.7385976314544678
   ],
   [
    -0.9879237413406372,
    0.08281619101762772,
    -0.1309509575366974
   ]
  ]
 },
 {
  "rotation_euler": [
   0.761631190776825,
   -1.8281035423278809,
   -0.681064248085022
  ],
  "euler_order": "XYZ",
  "rotation_matrix": [
   [
    -0.1977042406797409,
    -0.06282930076122284,
    -0.9782461524009705
   ],
   [
    0.1602240800857544,
    0.982451856136322,
    -0.09548082202672958
   ],
   [
    0.9670787453651428,
    -0.17561554908752441,
    -0.18416813015937805
   ]
  ]
 },
 {
  "rotation_euler": [
   2.571497917175293,
   1.4280431270599365,
   0.17677085101604462
  ],
  "euler_order": "XYZ",
  "rotation_matrix": [
   [
    0.14005182683467865,
    0.6739376187324524,
    -0.7253919839859009
   ],
   [
    0.02501821331679821,
    -0.7347872257232666,
    -0.6778361201286316
   ],
   [
    -0.9898280501365662,
    0.0767841786146164,
    -0.11976900696754456
   ]
  ]
 },
 {
  "rotation_euler": [
   2.655784845352173,
   1.1411224603652954,
   -0.20212127268314362
  ],
  "euler_order": "XYZ",
  "rotation_matrix": [
   [
    0.4080941081047058,
    0.23831821978092194,
    -0.8812851905822754
   ],
   [
    -0.0836264118552208,
    -0.9515098929405212,
    -0.2960330843925476
   ],
   [
    -0.909101665019989,
    0.19450807571411133,
    -0.36837586760520935
   ]
  ]
 },
 {
  "rotation_euler": [
   2.643507957458496,
   1.1816068887710571,
   -0.2691459059715271
  ],
  "euler_order": "XYZ",
  "rotation_matrix": [
   [
    0.3657781779766083,
    0.1925032138824463,
    -0.9105761051177979
   ],
   [
    -0.10089582949876785,
    -0.9644076228141785,
    -0.24441346526145935
   ],
   [
    -0.9252169132232666,
    0.1812744438648224,
    -0.3333365023136139
   ]
  ]
 },
 {
  "rotation_euler": [
   -0.7385528683662415,
   0.3683377206325531,
   -0.24175883829593658
  ],
  "euler_order": "XYZ",
  "rotation_matrix": [
   [
    0.9057961702346802,
    -0.05832238495349884,
    0.419680655002594
   ],
   [
    -0.22335273027420044,
    0.7759731411933899,
    0.5898976922035217
   ],
   [
    -0.36006513237953186,
    -0.6280638575553894,
    0.6898469924926758
   ]
  ]
 },
 {
  "rotation_euler": [
   -0.7385538220405579,
   0.3683251738548279,
   -2.585991621017456
  ],
  "euler_order": "XYZ",
  "rotation_matrix": [
   [
    -0.7926034331321716,
    0.5959568619728088,
    0.128899946808815
   ],
   [
    -0.492078572511673,
    -0.5003663897514343,
    -0.712384819984436
   ],
   [
    -0.3600534498691559,
    -0.6280675530433655,
    0.6898497343063354
   ]
  ]
 },
 {
  "rotation_euler": [
   2.640791416168213,
   1.1967062950134277,
   -0.35178959369659424
  ],
  "euler_order": "XYZ",
  "rotation_matrix": [
   [
    0.343046098947525,
    0.11728894710540771,
    -0.9319670796394348
   ],
   [
    -0.12591776251792908,
    -0.9774764180183411,
    -0.16936518251895905
   ],
   [
    -0.9308405518531799,
    0.17545127868652344,
    -0.32055070996284485
   ]
  ]
 },
 {
  "rotation_euler": [
   -0.7385534048080444,
   0.36832815408706665,
   -2.2623300552368164
  ],
  "euler_order": "XYZ",
  "rotation_matrix": [
   [
    -0.594947874546051,
    0.724151074886322,
    0.34877246618270874
   ],
   [
    -0.7186073660850525,
    -0.28484660387039185,
    -0.6344019770622253
   ],
   [
    -0.36005622148513794,
    -0.6280665397644043,
    0.6898491978645325
   ]
  ]
 },
 {
  "rotation_euler": [
   0.32828807830810547,
   -1.917575716972351,
   -0.9317338466644287
  ],
  "euler_order": "XYZ",
  "rotation_matrix": [
   [
    -0.20271354913711548,
    0.578930675983429,
    -0.7897762656211853
   ],
   [
    0.27279898524284363,
    0.8079796433448792,
    0.5222544074058533
   ],
   [
    0.9404721856117249,
    -0.10958212614059448,
    -0.3217201232910156
   ]
  ]
 },
 {
  "rotation_euler": [
   0.708989679813385,
   -1.8352797031402588,
   0.1682049185037613
  ],
  "euler_order": "XYZ",
  "rotation_matrix": [
   [
    -0.25772133469581604,
    -0.7466287612915039,
    -0.6132904887199402
   ],
   [
    -0.04376350715756416,
    0.643100917339325,
    -0.7645298838615417
   ],
   [
    0.9652276635169983,
    -0.17019590735435486,
    -0.19841592013835907
   ]
  ]
 },
 {
  "rotation_euler": [
   -2.835336923599243,
   -1.2006226778030396,
   0.44419705867767334
  ],
  "euler_order": "XYZ",
  "rotation_matrix": [
   [
    0.32666900753974915,
    0.663530170917511,
    0.6730639338493347
   ],
   [
    0.1554676592350006,
    -0.7401559948921204,
    0.6542162299156189
   ],
   [
    0.9322645664215088,
    -0.10907250642776489,
    -0.34494349360466003
   ]
  ]
 },
 {
  "rotation_euler": [
   0.6538665890693665,
   -1.8445552587509155,
   -1.3248413801193237
  ],
  "euler_order": "XYZ",
  "rotation_matrix": [
   [
    -0.06582608819007874,
    0.6272647976875305,
    -0.7760192155838013
   ],
   [
    0.26221612095832825,
    0.761246919631958,
    0.5930816531181335
   ],
   [
    0.9627614617347717,
    -0.16444449126720428,
    -0.21458885073661804
   ]
  ]
 },
 {
  "rotation_euler": [
   -0.5161306262016296,
   1.8772337436676025,
   1.3753132820129395
  ],
  "euler_order": "XYZ",
  "rotation_matrix": [
   [
    -0.05859532579779625,
    -0.9445657730102539,
    -0.3230512738227844
   ],
   [
    -0.29591843485832214,
    -0.2926281988620758,
    0.9092860221862793
   ],
   [
    -0.9534143209457397,
    0.14887674152851105,
    -0.26236778497695923
   ]
  ]
 }
]