[
 {
  "rotation_euler": [
   -0.1895042061805725,
   1.661628994042985e-05,
   -3.1330368518829346
  ],
  "euler_order": "XYZ",
  "rotation_matrix": [
   [
    -0.9999634027481079,
    0.008405661210417747,
    0.0015953355468809605
   ],
   [
    -0.008555697277188301,
    -0.9820618033409119,
    -0.18836525082588196
   ],
   [
    -1.661628994042985e-05,
    -0.18837200105190277,
    0.9820977449417114
   ]
  ]
 },
 {
  "rotation_euler": [
   -0.1895042359828949,
   1.618373607925605e-05,
   -0.5859186053276062
  ],
  "euler_order": "XYZ",
  "rotation_matrix": [
   [
    0.8332045078277588,
    0.5430631637573242,
    0.10417637974023819
   ],
   [
    -0.552964985370636,
    0.8182899355888367,
    0.15694363415241241
   ],
   [
    -1.618373607925605e-05,
    -0.18837203085422516,
    0.9820977449417114
   ]
  ]
 },
 {
  "rotation_euler": [
   -0.18950416147708893,
   1.6662508642184548e-05,
   -2.85917329788208
  ],
  "euler_order": "XYZ",
  "rotation_matrix": [
   [
    -0.9603840112686157,
    0.2736939787864685,
    0.05247977748513222
   ],
   [
    -0.2786799669265747,
    -0.9431900978088379,
    -0.1809139847755432
   ],
   [
    -1.6662508642184548e-05,
    -0.1883719563484192,
    0.9820977449417114
   ]
  ]
 },
 {
  "rotation_euler": [
   -0.18901224434375763,
   -0.002305607544258237,
   -0.34407636523246765
  ],
  "euler_order": "XYZ",
  "rotation_matrix": [
   [
    0.9413849115371704,
    0.33172744512557983,
    0.06124822050333023
   ],
   [
    -0.33732643723487854,
    0.9244754910469055,
    0.17764006555080414
   ],
   [
    0.002305605448782444,
    -0.18788832426071167,
    0.9821876883506775
   ]
  ]
 },
 {
  "rotation_euler": [
   -0.18980154395103455,
   0.0008108756155706942,
   2.266180992126465
  ],
  "euler_order": "XYZ",
  "rotation_matrix": [
   [
    -0.6406806111335754,
    -0.7539207935333252,
    -0.1453677862882614
   ],
   [
    0.7678070664405823,
    -0.6292927265167236,
    -0.12026199698448181
   ],
   [
    -0.0008108754991553724,
    -0.18866394460201263,
    0.9820413589477539
   ]
  ]
 },
 {
  "rotation_euler": [
   -0.1895042210817337,
   1.6003972632461227e-05,
   1.0466715097427368
  ],
  "euler_order": "XYZ",
  "rotation_matrix": [
   [
    0.5004554986953735,
    -0.8502646684646606,
    -0.16307751834392548
   ],
   [
    0.8657622337341309,
    0.4914936125278473,
    0.09428542107343674
   ],
   [
    -1.6003972632461227e-05,
    -0.18837201595306396,
    0.9820977449417114
   ]
  ]
 },
 {
  "rotation_euler": [
   -0.18950580060482025,
   1.5117645489226561e-05,
   -0.27579620480537415
  ],
  "euler_order": "XYZ",
  "rotation_matrix": [
   [
    0.9622086882591248,
    0.26743531227111816,
    0.05131088197231293
   ],
   [
    -0.2723131477832794,
    0.9449834823608398,
    0.18125063180923462
   ],
   [
    -1.5117645489226561e-05,
    -0.18837356567382812,
    0.9820974469184875
   ]
  ]
 },
 {
  "rotation_euler": [
   -0.1895042210817337,
   1.5912546587060206e-05,
   -1.3101156949996948
  ],
  "euler_order": "XYZ",
  "rotation_matrix": [
   [
    0.25773826241493225,
    0.9489165544509888,
    0.18201185762882233
   ],
   [
    -0.9662147760391235,
    0.2531270384788513,
    0.04853557422757149
   ],
   [
    -1.5912546587060206e-05,
    -0.18837201595306396,
    0.9820977449417114
   ]
  ]
 },
 {
  "rotation_euler": [
   -0.1895042061805725,
   1.5547544535365887e-05,
   0.4717632234096527
  ],
  "euler_order": "XYZ",
  "rotation_matrix": [
   [
    0.8907683491706848,
    -0.4463244080543518,
    -0.08559349179267883
   ],
   [
    0.4544576108455658,
    0.8748202919960022,
    0.16780275106430054
   ],
   [
    -1.5547544535365887e-05,
    -0.18837200105190277,
    0.9820977449417114
   ]
  ]
 },
 {
  "rotation_euler": [
   -0.18882986903190613,
   0.003093267558142543,
   -1.8827491998672485
  ],
  "euler_order": "XYZ",
  "rotation_matrix": [
   [
    -0.30691638588905334,
    0.9349966645240784,
    0.17771756649017334
   ],
   [
    -0.9517314434051514,
    -0.3009096384048462,
    -0.06050309166312218
   ],
   [
    -0.003093262668699026,
    -0.1877087950706482,
    0.9822198748588562
   ]
  ]
 },
 {
  "rotation_euler": [
   -0.1895042359828949,
   1.590867577760946e-05,
   2.3016915321350098
  ],
  "euler_order": "XYZ",
  "rotation_matrix": [
   [
    -0.6675364375114441,
    -0.7312455177307129,
    -0.14026793837547302
   ],
   [
    0.7445771098136902,
    -0.6555882692337036,
    -0.12573356926441193
   ],
   [
    -1.590867577760946e-05,
    -0.18837203085422516,
    0.9820977449417114
   ]
  ]
 },
 {
  "rotation_euler": [
   -0.18950416147708893,
   1.633003012102563e-05,
   -0.6965349316596985
  ],
  "euler_order": "XYZ",
  "rotation_matrix": [
   [
    0.7670698761940002,
    0.6300758123397827,
    0.12086489051580429
   ],
   [
    -0.6415635943412781,
    0.7533395290374756,
    0.14448416233062744
   ],
   [
    -1.633003012102563e-05,
    -0.1883719563484192,
    0.9820977449417114
   ]
  ]
 },
 {
  "rotation_euler": [
   -0.1895042061805725,
   1.570135646034032e-05,
   0.3522511124610901
  ],
  "euler_order": "XYZ",
  "rotation_matrix": [
   [
    0.9385984539985657,
    -0.3388378620147705,
    -0.0649760439991951
   ],
   [
    0.34501156210899353,
    0.9217944145202637,
    0.17681097984313965
   ],
   [
    -1.570135646034032e-05,
    -0.18837200105190277,
    0.9820977449417114
   ]
  ]
 },
 {
  "rotation_euler": [
   -0.1895042210817337,
   1.5594627257087268e-05,
   -1.4265339374542236
  ],
  "euler_order": "XYZ",
  "rotation_matrix": [
   [
    0.1437625139951706,
    0.9718955159187317,
    0.18641744554042816
   ],
   [
    -0.9896122217178345,
    0.1411917507648468,
    0.02706567943096161
   ],
   [
    -1.5594627257087268e-05,
    -0.18837201595306396,
    0.9820977449417114
   ]
  ]
 },
 {
  "rotation_euler": [
   -0.18950793147087097,
   1.4986158021201845e-05,
   1.8423856496810913
  ],
  "euler_order": "XYZ",
  "rotation_matrix": [
   [
    -0.2682628333568573,
    -0.946098268032074,
    -0.18147483468055725
   ],
   [
    0.9633457660675049,
    -0.2634628713130951,
    -0.05052001029253006
   ],
   [
    -1.4986158021201845e-05,
    -0.18837565183639526,
    0.9820970296859741
   ]
  ]
 },
 {
  "rotation_euler": [
   -0.1895042359828949,
   1.594626337464433e-05,
   0.9048473238945007
  ],
  "euler_order": "XYZ",
  "rotation_matrix": [
   [
    0.6178056597709656,
    -0.7722555994987488,
    -0.14811305701732635
   ],
   [
    0.7863308191299438,
    0.6067431569099426,
    0.11638961732387543
   ],
   [
    -1.594626337464433e-05,
    -0.18837203085422516,
    0.9820977449417114
   ]
  ]
 }
]