[
 {
  "rotation_euler": [
   1.716039776802063,
   0.01126233022660017,
   -2.971545696258545
  ],
  "euler_order": "XYZ",
  "rotation_matrix": [
   [
    -0.9855143427848816,
    -0.03547580540180206,
    -0.165840283036232
   ],
   [
    -0.16921789944171906,
    0.14076000452041626,
    0.9754752516746521
   ],
   [
    -0.011262091808021069,
    0.9894079566001892,
    -0.14472414553165436
   ]
  ]
 },
 {
  "rotation_euler": [
   7.631107337147114e-07,
   -7.367122179857688e-06,
   -1.2535297870635986
  ],
  "euler_order": "XYZ",
  "rotation_matrix": [
   [
    0.31197068095207214,
    0.9500917196273804,
    -3.0233513825805858e-06
   ],
   [
    -0.9500917196273804,
    0.31197068095207214,
    6.761373697372619e-06
   ],
   [
    7.367122179857688e-06,
    7.631107337147114e-07,
    1.0
   ]
  ]
 },
 {
  "rotation_euler": [
   -2.8821241357945837e-06,
   3.861582172248745e-06,
   0.7553669810295105
  ],
  "euler_order": "XYZ",
  "rotation_matrix": [
   [
    0.7280200123786926,
    -0.6855558753013611,
    8.354519422937301e-07
   ],
   [
    0.6855558753013611,
    0.7280200123786926,
    4.74557418783661e-06
   ],
   [
    -3.861582172248745e-06,
    -2.8821241357945837e-06,
    1.0
   ]
  ]
 },
 {
  "rotation_euler": [
   3.3152318792417645e-06,
   4.937604444421595e-06,
   0.5043782591819763
  ],
  "euler_order": "XYZ",
  "rotation_matrix": [
   [
    0.8754751086235046,
    -0.483263224363327,
    5.924879587837495e-06
   ],
   [
    0.483263224363327,
    0.8754751086235046,
    -5.162403908798296e-07
   ],
   [
    -4.937604444421595e-06,
    3.3152318792417645e-06,
    1.0
   ]
  ]
 },
 {
  "rotation_euler": [
   2.3885127120593097e-06,
   -4.6784462028881535e-06,
   2.752624034881592
  ],
  "euler_order": "XYZ",
  "rotation_matrix": [
   [
    -0.925300657749176,
    -0.37923428416252136,
    5.234775471762987e-06
   ],
   [
    0.37923428416252136,
    -0.925300657749176,
    4.358652745395375e-07
   ],
   [
    4.6784462028881535e-06,
    2.3885127120593097e-06,
    1.0
   ]
  ]
 },
 {
  "rotation_euler": [
   2.815220113916439e-06,
   3.1727397526992718e-06,
   2.2798075675964355
  ],
  "euler_order": "XYZ",
  "rotation_matrix": [
   [
    -0.6510835886001587,
    -0.7590060234069824,
    7.105012400643318e-08
   ],
   [
    0.7590060234069824,
    -0.6510835886001587,
    4.241072019794956e-06
   ],
   [
    -3.1727397526992718e-06,
    2.815220113916439e-06,
    1.0
   ]
  ]
 },
 {
  "rotation_euler": [
   -4.13774250773713e-06,
   -3.83235419576522e-06,
   2.638422727584839
  ],
  "euler_order": "XYZ",
  "rotation_matrix": [
   [
    -0.8760583996772766,
    -0.48220500349998474,
    1.36212599954888e-06
   ],
   [
    0.48220500349998474,
    -0.8760583996772766,
    -5.472884367918596e-06
   ],
   [
    3.83235419576522e-06,
    -4.13774250773713e-06,
    1.0
   ]
  ]
 },
 {
  "rotation_euler": [
   -0.11799392849206924,
   1.4745714664459229,
   -1.8820796012878418
  ],
  "euler_order": "XYZ",
  "rotation_matrix": [
   [
    -0.029426338151097298,
    0.9812108874320984,
    -0.19068101048469543
   ],
   [
    -0.09145912528038025,
    -0.19260641932487488,
    -0.9770045876502991
   ],
   [
    -0.9953739643096924,
    -0.011310148984193802,
    0.09540839493274689
   ]
  ]
 },
 {
  "rotation_euler": [
   2.9150837690394837e-06,
   -3.5860978186974535e-06,
   -1.8322945833206177
  ],
  "euler_order": "XYZ",
  "rotation_matrix": [
   [
    -0.2585281729698181,
    0.9660037159919739,
    -1.8888745216827374e-06
   ],
   [
    -0.9660037159919739,
    -0.2585281729698181,
    4.217814876028569e-06
   ],
   [
    3.5860978186974535e-06,
    2.9150837690394837e-06,
    1.0
   ]
  ]
 },
 {
  "rotation_euler": [
   3.3303758755209856e-06,
   1.6086979712781613e-06,
   -1.942209243774414
  ],
  "euler_order": "XYZ",
  "rotation_matrix": [
   [
    -0.36293238401412964,
    0.931815505027771,
    -3.687144271680154e-06
   ],
   [
    -0.931815505027771,
    -0.36293238401412964,
    -2.903084634908737e-07
   ],
   [
    -1.6086979712781613e-06,
    3.3303758755209856e-06,
    1.0
   ]
  ]
 },
 {
  "rotation_euler": [
   -1.3718621730804443,
   -3.01114821434021,
   -0.026523185893893242
  ],
  "euler_order": "XYZ",
  "rotation_matrix": [
   [
    -0.9911554455757141,
    0.13270562887191772,
    0.0003000962024088949
   ],
   [
    0.02629476599395275,
    0.19417354464530945,
    0.9806147217750549
   ],
   [
    0.13007481396198273,
    0.9719495177268982,
    -0.1959456354379654
   ]
  ]
 },
 {
  "rotation_euler": [
   -2.8952051707165083e-06,
   2.462708607708919e-06,
   -2.804149627685547
  ],
  "euler_order": "XYZ",
  "rotation_matrix": [
   [
    -0.9436042904853821,
    0.33107540011405945,
    -1.3652911547978874e-06
   ],
   [
    -0.33107540011405945,
    -0.9436042904853821,
    -3.54727035301039e-06
   ],
   [
    -2.462708607708919e-06,
    -2.8952051707165083e-06,
    1.0
   ]
  ]
 },
 {
  "rotation_euler": [
   5.231715476838872e-06,
   5.749518095399253e-06,
   1.4369401931762695
  ],
  "euler_order": "XYZ",
  "rotation_matrix": [
   [
    0.1334567666053772,
    -0.9910546541213989,
    5.952228093519807e-06
   ],
   [
    0.9910546541213989,
    0.1334567666053772,
    4.99987891089404e-06
   ],
   [
    -5.749518095399253e-06,
    5.231715476838872e-06,
    1.0
   ]
  ]
 },
 {
  "rotation_euler": [
   -2.1380062662501587e-06,
   2.044710527115967e-06,
   0.6422271728515625
  ],
  "euler_order": "XYZ",
  "rotation_matrix": [
   [
    0.800763726234436,
    -0.5989803671836853,
    3.567062094589346e-07
   ],
   [
    0.5989803671836853,
    0.800763726234436,
    2.936779310402926e-06
   ],
   [
    -2.044710527115967e-06,
    -2.1380062662501587e-06,
    1.0
   ]
  ]
 },
 {
  "rotation_euler": [
   -3.0368655643542297e-06,
   8.008342774701305e-06,
   2.4621658325195312
  ],
  "euler_order": "XYZ",
  "rotation_matrix": [
   [
    -0.7779330015182495,
    -0.6283472180366516,
    -8.138160410453565e-06
   ],
   [
    0.6283472180366516,
    -0.7779330015182495,
    2.6695420274336357e-06
   ],
   [
    -8.008342774701305e-06,
    -3.0368655643542297e-06,
    1.0
   ]
  ]
 },
 {
  "rotation_euler": [
   -4.893396180705167e-06,
   4.716146122518694e-06,
   -1.2966598272323608
  ],
  "euler_order": "XYZ",
  "rotation_matrix": [
   [
    0.27071577310562134,
    0.9626592993736267,
    5.987408712826436e-06
   ],
   [
    -0.9626592993736267,
    0.27071577310562134,
    -3.2153225220099557e-06
   ],
   [
    -4.716146122518694e-06,
    -4.893396180705167e-06,
    1.0
   ]
  ]
 }
]