[
 {
  "rotation_euler": [
   0.07844609022140503,
   -1.4408634901046753,
   -1.2204577922821045
  ],
  "euler_order": "XYZ",
  "rotation_matrix": [
   [
    0.04446962848305702,
    0.9096984267234802,
    -0.4128815531730652
   ],
   [
    -0.12169717252254486,
    0.41514530777931213,
    0.9015787243843079
   ],
   [
    0.9915705919265747,
    0.010153645649552345,
    0.12916909158229828
   ]
  ]
 },
 {
  "rotation_euler": [
   0.09983641654253006,
   -1.435854196548462,
   -1.793650507926941
  ],
  "euler_order": "XYZ",
  "rotation_matrix": [
   [
    -0.0297336857765913,
    0.9922425746917725,
    0.12070851027965546
   ],
   [
    -0.13120605051517487,
    -0.12359140813350677,
    0.9836209416389465
   ],
   [
    0.9909090995788574,
    0.013408987782895565,
    0.13386306166648865
   ]
  ]
 },
 {
  "rotation_euler": [
   0.0005918003735132515,
   0.03920947387814522,
   1.6043791770935059
  ],
  "euler_order": "XYZ",
  "rotation_matrix": [
   [
    -0.03355073183774948,
    -0.9994367361068726,
    -0.0007247141911648214
   ],
   [
    0.9986680150032043,
    -0.033553346991539,
    0.03919718787074089
   ],
   [
    -0.039199426770210266,
    0.0005913454806432128,
    0.999231219291687
   ]
  ]
 },
 {
  "rotation_euler": [
   0.12658220529556274,
   1.4301977157592773,
   -1.6689118146896362
  ],
  "euler_order": "XYZ",
  "rotation_matrix": [
   [
    -0.013727447018027306,
    0.9749835133552551,
    -0.22185277938842773
   ],
   [
    -0.13946186006069183,
    -0.2215719074010849,
    -0.9651198387145996
   ],
   [
    -0.9901322722434998,
    0.017691370099782944,
    0.13901464641094208
   ]
  ]
 },
 {
  "rotation_euler": [
   0.09980124235153198,
   -1.435868501663208,
   -1.6970062255859375
  ],
  "euler_order": "XYZ",
  "rotation_matrix": [
   [
    -0.016932565718889236,
    0.9995373487472534,
    0.025267206132411957
   ],
   [
    -0.13344883918762207,
    -0.027303967624902725,
    0.9906795024871826
   ],
   [
    0.990911066532135,
    0.013402867130935192,
    0.13384942710399628
   ]
  ]
 },
 {
  "rotation_euler": [
   0.12658509612083435,
   1.4301975965499878,
   -0.07341696321964264
  ],
  "euler_order": "XYZ",
  "rotation_matrix": [
   [
    0.13975846767425537,
    0.19742892682552338,
    0.9703037738800049
   ],
   [
    -0.010279117152094841,
    0.9801575541496277,
    -0.19795332849025726
   ],
   [
    -0.9901322722434998,
    0.01769178733229637,
    0.13901470601558685
   ]
  ]
 },
 {
  "rotation_euler": [
   0.48842543363571167,
   1.3789695501327515,
   2.4148313999176025
  ],
  "euler_order": "XYZ",
  "rotation_matrix": [
   [
    -0.14248037338256836,
    -0.9310021996498108,
    -0.3360569179058075
   ],
   [
    0.12667955458164215,
    -0.3538808226585388,
    0.9266718029975891
   ],
   [
    -0.9816575646400452,
    0.08946101367473602,
    0.16836002469062805
   ]
  ]
 },
 {
  "rotation_euler": [
   0.1265752911567688,
   1.430199146270752,
   0.8498219847679138
  ],
  "euler_order": "XYZ",
  "rotation_matrix": [
   [
    0.09250509738922119,
    -0.6626443266868591,
    0.743199348449707
   ],
   [
    0.10526378452777863,
    0.7487252354621887,
    0.6544692516326904
   ],
   [
    -0.9901325106620789,
    0.017690230160951614,
    0.1390133500099182
   ]
  ]
 },
 {
  "rotation_euler": [
   0.00038377175224013627,
   0.015758341178297997,
   1.703599214553833
  ],
  "euler_order": "XYZ",
  "rotation_matrix": [
   [
    -0.13239642977714539,
    -0.9911953806877136,
    -0.0017061281250789762
   ],
   [
    0.9910715818405151,
    -0.13240686058998108,
    0.015669751912355423
   ],
   [
    -0.015757689252495766,
    0.00038372408016584814,
    0.9998757839202881
   ]
  ]
 },
 {
  "rotation_euler": [
   0.12658096849918365,
   1.4301979541778564,
   -2.3131425380706787
  ],
  "euler_order": "XYZ",
  "rotation_matrix": [
   [
    -0.09473428875207901,
    0.6464883089065552,
    -0.7570193409919739
   ],
   [
    -0.10326375812292099,
    -0.7627187371253967,
    -0.6384329795837402
   ],
   [
    -0.9901323318481445,
    0.017691168934106827,
    0.13901442289352417
   ]
  ]
 },
 {
  "rotation_euler": [
   0.12658029794692993,
   1.4301979541778564,
   -2.406080722808838
  ],
  "euler_order": "XYZ",
  "rotation_matrix": [
   [
    -0.10390878468751907,
    0.5729151368141174,
    -0.8130013346672058
   ],
   [
    -0.0940263420343399,
    -0.8194237351417542,
    -0.5654235482215881
   ],
   [
    -0.9901323318481445,
    0.017691075801849365,
    0.13901443779468536
   ]
  ]
 },
 {
  "rotation_euler": [
   0.09994526952505112,
   -1.4358288049697876,
   0.10655099153518677
  ],
  "euler_order": "XYZ",
  "rotation_matrix": [
   [
    0.13379502296447754,
    -0.20412959158420563,
    -0.9697576761245728
   ],
   [
    0.014310188591480255,
    0.9788517951965332,
    -0.20406951010227203
   ],
   [
    0.9909057021141052,
    0.013426070101559162,
    0.13388663530349731
   ]
  ]
 },
 {
  "rotation_euler": [
   0.09937787055969238,
   -1.4359241724014282,
   -1.0207815170288086
  ],
  "euler_order": "XYZ",
  "rotation_matrix": [
   [
    0.07028412073850632,
    0.7969221472740173,
    -0.5999793410301208
   ],
   [
    -0.1146325021982193,
    0.6039347052574158,
    0.7887473106384277
   ],
   [
    0.9909185171127319,
    0.013340724632143974,
    0.1338001936674118
   ]
  ]
 },
 {
  "rotation_euler": [
   0.9357321262359619,
   1.73651921749115,
   -1.8735506534576416
  ],
  "euler_order": "XYZ",
  "rotation_matrix": [
   [
    0.04918448626995087,
    0.32951584458351135,
    -0.9428680539131165
   ],
   [
    0.15746255218982697,
    -0.934763491153717,
    -0.31846943497657776
   ],
   [
    -0.9862993359565735,
    -0.13280266523361206,
    -0.09786226600408554
   ]
  ]
 },
 {
  "rotation_euler": [
   0.12658187747001648,
   1.430197834968567,
   1.2115910053253174
  ],
  "euler_order": "XYZ",
  "rotation_matrix": [
   [
    0.04926196485757828,
    -0.8847455978393555,
    0.46346357464790344
   ],
   [
    0.13119177520275116,
    0.4657383859157562,
    0.8751437067985535
   ],
   [
    -0.9901323318481445,
    0.01769131049513817,
    0.13901452720165253
   ]
  ]
 },
 {
  "rotation_euler": [
   -1.7108980417251587,
   -1.4925596714019775,
   1.0997416973114014
  ],
  "euler_order": "XYZ",
  "rotation_matrix": [
   [
    0.03546964004635811,
    0.5724402666091919,
    -0.8191788792610168
   ],
   [
    0.06964481621980667,
    0.8162859678268433,
    0.5734342336654663
   ],
   [
    0.996941089630127,
    -0.07739106565713882,
    -0.010914124548435211
   ]
  ]
 }
]