[
 {
  "rotation_euler": [
   0.0037791160866618156,
   -2.095895615639165e-05,
   -2.762397289276123
  ],
  "euler_order": "XYZ",
  "rotation_matrix": [
   [
    -0.928962767124176,
    0.370170533657074,
    -0.001379453926347196
   ],
   [
    -0.3701731264591217,
    -0.928956151008606,
    0.003518408164381981
   ],
   [
    2.095895615639165e-05,
    0.003779107006266713,
    0.999992847442627
   ]
  ]
 },
 {
  "rotation_euler": [
   0.003767713438719511,
   -1.0944814675895032e-05,
   0.5448975563049316
  ],
  "euler_order": "XYZ",
  "rotation_matrix": [
   [
    0.8551803827285767,
    -0.5183268189430237,
    0.001943556359037757
   ],
   [
    0.5183305144309998,
    0.8551743030548096,
    -0.0032277400605380535
   ],
   [
    1.0944814675895032e-05,
    0.003767704591155052,
    0.9999929070472717
   ]
  ]
 },
 {
  "rotation_euler": [
   2.3157856464385986,
   -1.7887312173843384,
   0.038606658577919006
  ],
  "euler_order": "XYZ",
  "rotation_matrix": [
   [
    -0.21605271100997925,
    -0.6910049915313721,
    0.6898066997528076
   ],
   [
    -0.008345220237970352,
    -0.7051602005958557,
    -0.7089989185333252
   ],
   [
    0.9763460159301758,
    -0.1589377373456955,
    0.14658518135547638
   ]
  ]
 },
 {
  "rotation_euler": [
   0.003769261995330453,
   -3.250316876801662e-05,
   -1.770431399345398
  ],
  "euler_order": "XYZ",
  "rotation_matrix": [
   [
    -0.1983116716146469,
    0.9801321029663086,
    -0.0036879463586956263
   ],
   [
    -0.9801390171051025,
    -0.19831013679504395,
    0.0007793442346155643
   ],
   [
    3.250316876801662e-05,
    0.003769253147765994,
    0.9999929070472717
   ]
  ]
 },
 {
  "rotation_euler": [
   0.0037701104301959276,
   -3.54455660271924e-05,
   1.8392211198806763
  ],
  "euler_order": "XYZ",
  "rotation_matrix": [
   [
    -0.2652129530906677,
    -0.96418297290802,
    0.003644494106993079
   ],
   [
    0.9641898274421692,
    -0.26521122455596924,
    0.0009657038026489317
   ],
   [
    3.54455660271924e-05,
    0.0037701015826314688,
    0.9999929070472717
   ]
  ]
 },
 {
  "rotation_euler": [
   -0.7198629379272461,
   -1.3467310667037964,
   1.173995018005371
  ],
  "euler_order": "XYZ",
  "rotation_matrix": [
   [
    0.08587177097797394,
    -0.44505178928375244,
    -0.8913781046867371
   ],
   [
    0.20493094623088837,
    0.8834420442581177,
    -0.4213472008705139
   ],
   [
    0.9750022292137146,
    -0.14648914337158203,
    0.16706761717796326
   ]
  ]
 },
 {
  "rotation_euler": [
   0.003780529135838151,
   -1.932673876581248e-05,
   0.14098520576953888
  ],
  "euler_order": "XYZ",
  "rotation_matrix": [
   [
    0.9900780320167542,
    -0.1405176818370819,
    0.0005120986024849117
   ],
   [
    0.14051862061023712,
    0.9900709390640259,
    -0.0037457256112247705
   ],
   [
    1.932673876581248e-05,
    0.0037805200554430485,
    0.999992847442627
   ]
  ]
 },
 {
  "rotation_euler": [
   0.0037785491440445185,
   -2.4848797693266533e-05,
   -2.596487283706665
  ],
  "euler_order": "XYZ",
  "rotation_matrix": [
   [
    -0.8550726771354675,
    0.5185045599937439,
    -0.0019379566656425595
   ],
   [
    -0.5185081958770752,
    -0.8550664782524109,
    0.003243810497224331
   ],
   [
    2.4848797693266533e-05,
    0.003778540063649416,
    0.999992847442627
   ]
  ]
 },
 {
  "rotation_euler": [
   1.735271692276001,
   -1.753771424293518,
   0.5103866457939148
  ],
  "euler_order": "XYZ",
  "rotation_matrix": [
   [
    -0.15876658260822296,
    -0.7664239406585693,
    0.6224046349525452
   ],
   [
    -0.08888807892799377,
    -0.6167446970939636,
    -0.7821283936500549
   ],
   [
    0.9833067059516907,
    -0.17950020730495453,
    0.02979249693453312
   ]
  ]
 },
 {
  "rotation_euler": [
   -0.8617448210716248,
   -1.3564742803573608,
   1.3305110931396484
  ],
  "euler_order": "XYZ",
  "rotation_matrix": [
   [
    0.05061471462249756,
    -0.45591846108436584,
    -0.8885811567306519
   ],
   [
    0.20657461881637573,
    0.8752604126930237,
    -0.43731701374053955
   ],
   [
    0.9771208167076111,
    -0.16142363846302032,
    0.1384822428226471
   ]
  ]
 },
 {
  "rotation_euler": [
   0.0037801130674779415,
   -1.820157194742933e-05,
   -3.0415875911712646
  ],
  "euler_order": "XYZ",
  "rotation_matrix": [
   [
    -0.9950036406517029,
    0.09983780980110168,
    -0.00035928923171013594
   ],
   [
    -0.09983845055103302,
    -0.9949965476989746,
    0.003763034474104643
   ],
   [
    1.820157194742933e-05,
    0.003780103987082839,
    0.999992847442627
   ]
  ]
 },
 {
  "rotation_euler": [
   -1.6695441007614136,
   1.4010045528411865,
   0.11229114234447479
  ],
  "euler_order": "XYZ",
  "rotation_matrix": [
   [
    0.16791290044784546,
    -0.9635939598083496,
    -0.2080671191215515
   ],
   [
    0.018934782594442368,
    -0.20787237584590912,
    0.977972686290741
   ],
   [
    -0.9856199622154236,
    -0.16815392673015594,
    -0.01665901020169258
   ]
  ]
 },
 {
  "rotation_euler": [
   0.8708048462867737,
   1.8202301263809204,
   0.9100581407546997
  ],
  "euler_order": "XYZ",
  "rotation_matrix": [
   [
    -0.1514950692653656,
    -0.053769636899232864,
    0.9869944453239441
   ],
   [
    -0.19490200281143188,
    0.9805411100387573,
    0.023502307012677193
   ],
   [
    -0.9690523743629456,
    -0.1888067126274109,
    -0.15902695059776306
   ]
  ]
 },
 {
  "rotation_euler": [
   -2.3718678951263428,
   0.7428893446922302,
   1.5890567302703857
  ],
  "euler_order": "XYZ",
  "rotation_matrix": [
   [
    -0.013448354788124561,
    0.7265780568122864,
    -0.6869522929191589
   ],
   [
    0.736394464969635,
    -0.4575546979904175,
    -0.49836426973342896
   ],
   [
    -0.6764187812805176,
    -0.5125700235366821,
    -0.5288946628570557
   ]
  ]
 },
 {
  "rotation_euler": [
   0.003771413117647171,
   -1.6467416571686044e-05,
   0.6232280731201172
  ],
  "euler_order": "XYZ",
  "rotation_matrix": [
   [
    0.8119986057281494,
    -0.5836552977561951,
    0.002187844133004546
   ],
   [
    0.5836594104766846,
    0.8119927644729614,
    -0.003071986138820648
   ],
   [
    1.6467416571686044e-05,
    0.003771404270082712,
    0.9999929070472717
   ]
  ]
 },
 {
  "rotation_euler": [
   0.0037778604310005903,
   -2.6510246243560687e-05,
   1.0156357288360596
  ],
  "euler_order": "XYZ",
  "rotation_matrix": [
   [
    0.5270797610282898,
    -0.8498097658157349,
    0.0031965048983693123
   ],
   [
    0.8498157858848572,
    0.5270759463310242,
    -0.002013757824897766
   ],
   [
    2.6510246243560687e-05,
    0.003777851350605488,
    0.999992847442627
   ]
  ]
 }
]