[
 {
  "rotation_euler": [
   0.058998383581638336,
   -5.0915550673380494e-05,
   -1.6067981719970703
  ],
  "euler_order": "XYZ",
  "rotation_matrix": [
   [
    -0.035994067788124084,
    0.9976133108139038,
    -0.058924123644828796
   ],
   [
    -0.999351978302002,
    -0.03592844307422638,
    0.0021731541492044926
   ],
   [
    5.0915550673380494e-05,
    0.058964163064956665,
    0.9982600808143616
   ]
  ]
 },
 {
  "rotation_euler": [
   0.05899840220808983,
   -5.101112765260041e-05,
   -2.1245932579040527
  ],
  "euler_order": "XYZ",
  "rotation_matrix": [
   [
    -0.5259204506874084,
    0.8490555286407471,
    -0.05012424662709236
   ],
   [
    -0.8505337834358215,
    -0.5250028371810913,
    0.031053777784109116
   ],
   [
    5.101112765260041e-05,
    0.05896418169140816,
    0.9982600808143616
   ]
  ]
 },
 {
  "rotation_euler": [
   0.05899840220808983,
   -5.100433554616757e-05,
   -1.6085116863250732
  ],
  "euler_order": "XYZ",
  "rotation_matrix": [
   [
    -0.037706419825553894,
    0.9975503087043762,
    -0.05892033129930496
   ],
   [
    -0.9992888569831848,
    -0.03763780742883682,
    0.0022742075379937887
   ],
   [
    5.100433554616757e-05,
    0.05896418169140816,
    0.9982600808143616
   ]
  ]
 },
 {
  "rotation_euler": [
   0.05899839103221893,
   -5.091450293548405e-05,
   0.8111255168914795
  ],
  "euler_order": "XYZ",
  "rotation_matrix": [
   [
    0.6886827945709229,
    -0.7238032817840576,
    0.042717721313238144
   ],
   [
    0.7250627279281616,
    0.6874823570251465,
    -0.040644463151693344
   ],
   [
    5.091450293548405e-05,
    0.05896417051553726,
    0.9982600808143616
   ]
  ]
 },
 {
  "rotation_euler": [
   0.05899837985634804,
   -5.0925780669786036e-05,
   1.8730095624923706
  ],
  "euler_order": "XYZ",
  "rotation_matrix": [
   [
    -0.2976338565349579,
    -0.9530181288719177,
    0.05630704015493393
   ],
   [
    0.9546800851821899,
    -0.2971188724040985,
    0.01750119775533676
   ],
   [
    5.0925780669786036e-05,
    0.05896415933966637,
    0.9982600808143616
   ]
  ]
 },
 {
  "rotation_euler": [
   0.058998387306928635,
   -5.095955930300988e-05,
   2.389554977416992
  ],
  "euler_order": "XYZ",
  "rotation_matrix": [
   [
    -0.7302983999252319,
    -0.6819375157356262,
    0.040317241102457047
   ],
   [
    0.683128297328949,
    -0.7290297746658325,
    0.04302668571472168
   ],
   [
    5.095955930300988e-05,
    0.058964166790246964,
    0.9982600808143616
   ]
  ]
 },
 {
  "rotation_euler": [
   0.05899841710925102,
   -5.093586150906049e-05,
   2.067376136779785
  ],
  "euler_order": "XYZ",
  "rotation_matrix": [
   [
    -0.4764212369918823,
    -0.8776859641075134,
    0.0518665574491024
   ],
   [
    0.8792171478271484,
    -0.47559496760368347,
    0.028047090396285057
   ],
   [
    5.093586150906049e-05,
    0.05896419659256935,
    0.9982600808143616
   ]
  ]
 },
 {
  "rotation_euler": [
   0.05899840220808983,
   -5.085746306576766e-05,
   1.1879768371582031
  ],
  "euler_order": "XYZ",
  "rotation_matrix": [
   [
    0.3735373616218567,
    -0.9260023236274719,
    0.05467710271477699
   ],
   [
    0.9276151657104492,
    0.3728846609592438,
    -0.02207241766154766
   ],
   [
    5.085746306576766e-05,
    0.05896418169140816,
    0.9982600808143616
   ]
  ]
 },
 {
  "rotation_euler": [
   0.058998387306928635,
   -5.095091910334304e-05,
   -1.96965754032135
  ],
  "euler_order": "XYZ",
  "rotation_matrix": [
   [
    -0.38836920261383057,
    0.9199017286300659,
    -0.0543159544467926
   ],
   [
    -0.9215038418769836,
    -0.3876906931400299,
    0.022946735844016075
   ],
   [
    5.095091910334304e-05,
    0.058964166790246964,
    0.9982600808143616
   ]
  ]
 },
 {
  "rotation_euler": [
   0.05899839103221893,
   -5.0882714276667684e-05,
   1.8809140920639038
  ],
  "euler_order": "XYZ",
  "rotation_matrix": [
   [
    -0.30517077445983887,
    -0.9506398439407349,
    0.056166939437389374
   ],
   [
    0.9522976279258728,
    -0.3046426773071289,
    0.017945770174264908
   ],
   [
    5.0882714276667684e-05,
    0.05896417051553726,
    0.9982600808143616
   ]
  ]
 },
 {
  "rotation_euler": [
   0.058998387306928635,
   -5.094060907140374e-05,
   -1.4865341186523438
  ],
  "euler_order": "XYZ",
  "rotation_matrix": [
   [
    0.08416253328323364,
    0.994718074798584,
    -0.05875924229621887
   ],
   [
    -0.9964520335197449,
    0.08401908725500107,
    -0.004911901894956827
   ],
   [
    5.094060907140374e-05,
    0.058964166790246964,
    0.9982600808143616
   ]
  ]
 },
 {
  "rotation_euler": [
   0.05899839103221893,
   -5.0649519835133106e-05,
   -1.5805631875991821
  ],
  "euler_order": "XYZ",
  "rotation_matrix": [
   [
    -0.009766705334186554,
    0.9982125163078308,
    -0.05896086245775223
   ],
   [
    -0.9999523162841797,
    -0.009746725670993328,
    0.0006264446419663727
   ],
   [
    5.0649519835133106e-05,
    0.05896417051553726,
    0.9982600808143616
   ]
  ]
 },
 {
  "rotation_euler": [
   0.05899839103221893,
   -5.089373735245317e-05,
   -3.083495616912842
  ],
  "euler_order": "XYZ",
  "rotation_matrix": [
   [
    -0.9983128309249878,
    0.05796632915735245,
    -0.0033729972783476114
   ],
   [
    -0.05806436017155647,
    -0.9965757131576538,
    0.05886763706803322
   ],
   [
    5.089373735245317e-05,
    0.05896417051553726,
    0.9982600808143616
   ]
  ]
 },
 {
  "rotation_euler": [
   0.05899839103221893,
   -5.087745375931263e-05,
   -2.000277042388916
  ],
  "euler_order": "XYZ",
  "rotation_matrix": [
   [
    -0.4163987338542938,
    0.9076014757156372,
    -0.05358801782131195
   ],
   [
    -0.909182071685791,
    -0.41567152738571167,
    0.024598782882094383
   ],
   [
    5.087745375931263e-05,
    0.05896417051553726,
    0.9982600808143616
   ]
  ]
 },
 {
  "rotation_euler": [
   0.05899839848279953,
   -5.0942493544425815e-05,
   1.7282235622406006
  ],
  "euler_order": "XYZ",
  "rotation_matrix": [
   [
    -0.1567777842283249,
    -0.9859150648117065,
    0.05824299529194832
   ],
   [
    0.9876338839530945,
    -0.1565079689025879,
    0.00919404812157154
   ],
   [
    5.0942493544425815e-05,
    0.05896417796611786,
    0.9982600808143616
   ]
  ]
 },
 {
  "rotation_euler": [
   0.058998387306928635,
   -5.092248466098681e-05,
   -2.81893253326416
  ],
  "euler_order": "XYZ",
  "rotation_matrix": [
   [
    -0.9483952522277832,
    0.3165416717529297,
    -0.018648767843842506
   ],
   [
    -0.3170905113220215,
    -0.9467442035675049,
    0.05593745410442352
   ],
   [
    5.092248466098681e-05,
    0.058964166790246964,
    0.9982600808143616
   ]
  ]
 }
]