[
 {
  "rotation_euler": [
   1.5605392456054688,
   -0.1775040179491043,
   2.6029467582702637
  ],
  "euler_order": "XYZ",
  "rotation_matrix": [
   [
    -0.8449164032936096,
    0.14630179107189178,
    0.5145017504692078
   ],
   [
    0.5049139857292175,
    -0.09937736392021179,
    0.8574298620223999
   ],
   [
    0.17657336592674255,
    0.9842357039451599,
    0.010095739737153053
   ]
  ]
 },
 {
  "rotation_euler": [
   1.5579354763031006,
   4.2836381908273324e-06,
   1.7437306642532349
  ],
  "euler_order": "XYZ",
  "rotation_matrix": [
   [
    -0.17207366228103638,
    -0.012669406831264496,
    0.9850026369094849
   ],
   [
    0.985084056854248,
    -0.002208733232691884,
    0.17205947637557983
   ],
   [
    -4.2836381908273324e-06,
    0.9999173283576965,
    0.0128604955971241
   ]
  ]
 },
 {
  "rotation_euler": [
   1.5579417943954468,
   3.165820089634508e-05,
   0.3537393808364868
  ],
  "euler_order": "XYZ",
  "rotation_matrix": [
   [
    0.9380839467048645,
    -0.004423095379024744,
    0.3463798463344574
   ],
   [
    0.34640806913375854,
    0.012069263495504856,
    -0.9380062818527222
   ],
   [
    -3.165820089634508e-05,
    0.9999173879623413,
    0.012854178436100483
   ]
  ]
 },
 {
  "rotation_euler": [
   1.5579472780227661,
   -1.323929609498009e-06,
   2.072014570236206
  ],
  "euler_order": "XYZ",
  "rotation_matrix": [
   [
    -0.48049429059028625,
    -0.011267642490565777,
    0.8769254684448242
   ],
   [
    0.8769978284835815,
    -0.006174885667860508,
    0.48045462369918823
   ],
   [
    1.323929609498009e-06,
    0.9999174475669861,
    0.012848694808781147
   ]
  ]
 },
 {
  "rotation_euler": [
   1.5579355955123901,
   -1.0549808393989224e-05,
   2.5762486457824707
  ],
  "euler_order": "XYZ",
  "rotation_matrix": [
   [
    -0.8444043397903442,
    -0.006880477536469698,
    0.5356621146202087
   ],
   [
    0.5357063412666321,
    -0.010865009389817715,
    0.8443344831466675
   ],
   [
    1.0549808393989224e-05,
    0.9999173283576965,
    0.012860376387834549
   ]
  ]
 },
 {
  "rotation_euler": [
   1.5640416145324707,
   -0.09867511689662933,
   1.2278218269348145
  ],
  "euler_order": "XYZ",
  "rotation_matrix": [
   [
    0.33465397357940674,
    -0.039490118622779846,
    0.9415132999420166
   ],
   [
    0.9371774196624756,
    -0.0905037671327591,
    -0.33690884709358215
   ],
   [
    0.09851506352424622,
    0.9951128363609314,
    0.006721803452819586
   ]
  ]
 },
 {
  "rotation_euler": [
   -0.003667214885354042,
   -1.6876376867294312,
   0.2920584976673126
  ],
  "euler_order": "XYZ",
  "rotation_matrix": [
   [
    -0.11163908243179321,
    -0.2844342589378357,
    -0.9521732330322266
   ],
   [
    -0.03356495872139931,
    0.9586954712867737,
    -0.2824472188949585
   ],
   [
    0.9931818246841431,
    0.0004275071551091969,
    -0.11657490581274033
   ]
  ]
 },
 {
  "rotation_euler": [
   1.561819314956665,
   0.18383251130580902,
   0.4357433617115021
  ],
  "euler_order": "XYZ",
  "rotation_matrix": [
   [
    0.8912813663482666,
    0.16192179918289185,
    0.42355504631996155
   ],
   [
    0.4149724245071411,
    0.08529148995876312,
    -0.9058274030685425
   ],
   [
    -0.1827988475561142,
    0.9831107258796692,
    0.00882563367486
   ]
  ]
 },
 {
  "rotation_euler": [
   -1.5823465585708618,
   -3.057629108428955,
   -0.06289326399564743
  ],
  "euler_order": "XYZ",
  "rotation_matrix": [
   [
    -0.9945069551467896,
    0.0829675942659378,
    0.06381434202194214
   ],
   [
    0.06263039261102676,
    -0.016797849908471107,
    0.9978954195976257
   ],
   [
    0.08386492729187012,
    0.9964106678962708,
    0.011509286239743233
   ]
  ]
 },
 {
  "rotation_euler": [
   1.5597026348114014,
   -0.11312256753444672,
   -1.5817238092422485
  ],
  "euler_order": "XYZ",
  "rotation_matrix": [
   [
    -0.010857422836124897,
    0.012326211668550968,
    -0.9998650550842285
   ],
   [
    -0.9935491681098938,
    0.11274655163288116,
    0.012178764678537846
   ],
   [
    0.11288145929574966,
    0.9935473203659058,
    0.01102256029844284
   ]
  ]
 },
 {
  "rotation_euler": [
   -1.6629877090454102,
   0.06346691399812698,
   -2.50307035446167
  ],
  "euler_order": "XYZ",
  "rotation_matrix": [
   [
    -0.8013606667518616,
    -0.004157125484198332,
    0.5981670022010803
   ],
   [
    -0.5948095321655273,
    0.11156374216079712,
    -0.796087384223938
   ],
   [
    -0.06342431157827377,
    -0.9937486052513123,
    -0.09187549352645874
   ]
  ]
 },
 {
  "rotation_euler": [
   1.5579427480697632,
   3.6005960282636806e-05,
   2.0668911933898926
  ],
  "euler_order": "XYZ",
  "rotation_matrix": [
   [
    -0.4759948253631592,
    -0.01132088154554367,
    0.8793752193450928
   ],
   [
    0.8794480562210083,
    -0.006086405366659164,
    0.47595590353012085
   ],
   [
    -3.6005960282636806e-05,
    0.9999173879623413,
    0.012853224761784077
   ]
  ]
 },
 {
  "rotation_euler": [
   1.5587961673736572,
   0.036785829812288284,
   -2.2297825813293457
  ],
  "euler_order": "XYZ",
  "rotation_matrix": [
   [
    -0.6119014620780945,
    -0.013030581176280975,
    -0.790826678276062
   ],
   [
    -0.7900785207748413,
    -0.036422427743673325,
    0.6119226813316345
   ],
   [
    -0.03677753359079361,
    0.9992515444755554,
    0.011991753242909908
   ]
  ]
 },
 {
  "rotation_euler": [
   1.5596472024917603,
   0.09628965705633163,
   -1.5786994695663452
  ],
  "euler_order": "XYZ",
  "rotation_matrix": [
   [
    -0.007866451516747475,
    0.010388785041868687,
    -0.9999150633811951
   ],
   [
    -0.995336651802063,
    -0.09622006118297577,
    0.006830737926065922
   ],
   [
    -0.09614092856645584,
    0.9953058958053589,
    0.011097248643636703
   ]
  ]
 },
 {
  "rotation_euler": [
   1.5579358339309692,
   -1.0864269825106021e-05,
   -0.1376914530992508
  ],
  "euler_order": "XYZ",
  "rotation_matrix": [
   [
    0.9905354976654053,
    0.001754380646161735,
    -0.1372455656528473
   ],
   [
    -0.13725678622722626,
    0.01273991446942091,
    -0.9904535412788391
   ],
   [
    1.0864269825106021e-05,
    0.9999173283576965,
    0.012860137969255447
   ]
  ]
 },
 {
  "rotation_euler": [
   1.558883547782898,
   0.04423878714442253,
   2.2370359897613525
  ],
  "euler_order": "XYZ",
  "rotation_matrix": [
   [
    -0.6174294948577881,
    -0.03669524937868118,
    0.7857698798179626
   ],
   [
    0.785382091999054,
    0.027402237057685852,
    0.6184045076370239
   ],
   [
    -0.04422435909509659,
    0.998950719833374,
    0.011900842189788818
   ]
  ]
 }
]