[
 {
  "rotation_euler": [
   0.4062061905860901,
   -1.3282809257507324,
   0.7735940217971802
  ],
  "euler_order": "XYZ",
  "rotation_matrix": [
   [
    0.17180085182189941,
    -0.9162579774856567,
    -0.3618782162666321
   ],
   [
    0.16779205203056335,
    0.3891884684562683,
    -0.9057472944259644
   ],
   [
    0.9707369804382324,
    0.0948878601193428,
    0.22060371935367584
   ]
  ]
 },
 {
  "rotation_euler": [
   -0.10688089579343796,
   2.5660295486450195,
   1.9264541864395142
  ],
  "euler_order": "XYZ",
  "rotation_matrix": [
   [
    0.2921060621738434,
    -0.9118496179580688,
    -0.28845152258872986
   ],
   [
    -0.7863864302635193,
    -0.40065163373947144,
    0.4701857268810272
   ],
   [
    -0.5443072319030762,
    0.08949027210474014,
    -0.8340989947319031
   ]
  ]
 },
 {
  "rotation_euler": [
   0.11166374385356903,
   -0.5863034129142761,
   1.8967738151550293
  ],
  "euler_order": "XYZ",
  "rotation_matrix": [
   [
    -0.26675304770469666,
    -0.9216945767402649,
    0.28164154291152954
   ],
   [
    0.7891247272491455,
    -0.37664738297462463,
    -0.48519980907440186
   ],
   [
    0.5532855987548828,
    0.09282178431749344,
    0.8278038501739502
   ]
  ]
 },
 {
  "rotation_euler": [
   -0.16370612382888794,
   -2.191791534423828,
   -0.4959844946861267
  ],
  "euler_order": "XYZ",
  "rotation_matrix": [
   [
    -0.5117328763008118,
    0.586111307144165,
    -0.6281743049621582
   ],
   [
    0.27689865231513977,
    0.8046623468399048,
    0.5252101421356201
   ],
   [
    0.8132997751235962,
    0.09482668340206146,
    -0.574065625667572
   ]
  ]
 },
 {
  "rotation_euler": [
   -0.1938042789697647,
   -2.086892604827881,
   0.3165031969547272
  ],
  "euler_order": "XYZ",
  "rotation_matrix": [
   [
    -0.46897685527801514,
    -0.14623014628887177,
    -0.8710209131240845
   ],
   [
    -0.15359604358673096,
    0.9846743941307068,
    -0.08261121064424515
   ],
   [
    0.8697522282600403,
    0.0950426235795021,
    -0.48424986004829407
   ]
  ]
 },
 {
  "rotation_euler": [
   2.6978886127471924,
   -1.3499376773834229,
   -0.4038843810558319
  ],
  "euler_order": "XYZ",
  "rotation_matrix": [
   [
    0.20144163072109222,
    -0.7400980591773987,
    0.6416199207305908
   ],
   [
    -0.0860920250415802,
    -0.6658909320831299,
    -0.7410650253295898
   ],
   [
    0.9757097363471985,
    0.09404299408197403,
    -0.19785469770431519
   ]
  ]
 },
 {
  "rotation_euler": [
   -0.1066582202911377,
   -2.651862144470215,
   0.25542396306991577
  ],
  "euler_order": "XYZ",
  "rotation_matrix": [
   [
    -0.8538293838500977,
    -0.20276884734630585,
    -0.47943738102912903
   ],
   [
    -0.22295841574668884,
    0.9747099280357361,
    -0.015168570913374424
   ],
   [
    0.4703880846500397,
    0.09394322335720062,
    -0.8774449825286865
   ]
  ]
 },
 {
  "rotation_euler": [
   0.11148583889007568,
   -0.5857074856758118,
   -2.0286834239959717
  ],
  "euler_order": "XYZ",
  "rotation_matrix": [
   [
    -0.3683728575706482,
    0.9186064600944519,
    0.14305101335048676
   ],
   [
    -0.7474795579910278,
    -0.38414421677589417,
    0.5419479012489319
   ],
   [
    0.5527890920639038,
    0.0927111804485321,
    0.828147828578949
   ]
  ]
 },
 {
  "rotation_euler": [
   -0.11148972064256668,
   -2.5557141304016113,
   -1.5107975006103516
  ],
  "euler_order": "XYZ",
  "rotation_matrix": [
   [
    -0.04996263235807419,
    0.9956920742988586,
    0.07810919731855392
   ],
   [
    0.8317273259162903,
    -0.001817310811020434,
    0.5551813244819641
   ],
   [
    0.5529316067695618,
    0.09270387887954712,
    -0.8280535340309143
   ]
  ]
 },
 {
  "rotation_euler": [
   -0.15130798518657684,
   2.2051875591278076,
   0.9194921851158142
  ],
  "euler_order": "XYZ",
  "rotation_matrix": [
   [
    -0.3593013286590576,
    -0.8598054051399231,
    0.3628183603286743
   ],
   [
    -0.47136059403419495,
    0.502746045589447,
    0.7246140837669373
   ],
   [
    -0.8054326772689819,
    0.08933652937412262,
    -0.5859156847000122
   ]
  ]
 },
 {
  "rotation_euler": [
   0.11039989441633224,
   -0.5528203845024109,
   0.14937081933021545
  ],
  "euler_order": "XYZ",
  "rotation_matrix": [
   [
    0.8415704369544983,
    -0.20511797070503235,
    -0.499685674905777
   ],
   [
    0.1266493946313858,
    0.974235475063324,
    -0.1866149604320526
   ],
   [
    0.5250896215438843,
    0.09376475214958191,
    0.8458659052848816
   ]
  ]
 },
 {
  "rotation_euler": [
   0.09336821734905243,
   -0.19547753036022186,
   -1.020485520362854
  ],
  "euler_order": "XYZ",
  "rotation_matrix": [
   [
    0.5129925608634949,
    0.839179277420044,
    -0.18060113489627838
   ],
   [
    -0.836128830909729,
    0.5361098051071167,
    0.11608121544122696
   ],
   [
    0.19423499703407288,
    0.09145700931549072,
    0.9766823053359985
   ]
  ]
 },
 {
  "rotation_euler": [
   -0.09393905103206635,
   -2.955838203430176,
   -0.4806520938873291
  ],
  "euler_order": "XYZ",
  "rotation_matrix": [
   [
    -0.8714399933815002,
    0.4756799340248108,
    -0.11967012286186218
   ],
   [
    0.4544036388397217,
    0.8747743368148804,
    0.16818810999393463
   ],
   [
    0.18468806147575378,
    0.0921873077750206,
    -0.9784640073776245
   ]
  ]
 },
 {
  "rotation_euler": [
   -0.1513424664735794,
   2.2006356716156006,
   -0.9999745488166809
  ],
  "euler_order": "XYZ",
  "rotation_matrix": [
   [
    -0.31825873255729675,
    0.766007661819458,
    0.5585191249847412
   ],
   [
    0.4956308901309967,
    0.6366680860519409,
    -0.5907654166221619
   ],
   [
    -0.8081221580505371,
    0.08880306780338287,
    -0.5822822451591492
   ]
  ]
 },
 {
  "rotation_euler": [
   -0.10818590968847275,
   2.542734146118164,
   -1.1712192296981812
  ],
  "euler_order": "XYZ",
  "rotation_matrix": [
   [
    -0.32132986187934875,
    0.8921613097190857,
    0.31748276948928833
   ],
   [
    0.7609135508537292,
    0.44282522797584534,
    -0.47425347566604614
   ],
   [
    -0.5637000203132629,
    0.08918514102697372,
    -0.8211506009101868
   ]
  ]
 },
 {
  "rotation_euler": [
   0.09233151376247406,
   0.19547778367996216,
   -0.9593559503555298
  ],
  "euler_order": "XYZ",
  "rotation_matrix": [
   [
    0.5631147027015686,
    0.8256145715713501,
    0.03552960976958275
   ],
   [
    -0.8032275438308716,
    0.5569383502006531,
    -0.2112940400838852
   ],
   [
    -0.19423523545265198,
    0.0904444232583046,
    0.9767765998840332
   ]
  ]
 }
]