[
 {
  "rotation_euler": [
   1.186968207359314,
   -1.7215049266815186,
   0.8112184405326843
  ],
  "euler_order": "XYZ",
  "rotation_matrix": [
   [
    -0.10338784754276276,
    -0.9028130173683167,
    0.41742023825645447
   ],
   [
    -0.10886961221694946,
    -0.40687596797943115,
    -0.9069726467132568
   ],
   [
    0.9886649250984192,
    -0.13921432197093964,
    -0.05622287094593048
   ]
  ]
 },
 {
  "rotation_euler": [
   1.1869730949401855,
   -1.721505045890808,
   -0.768755316734314
  ],
  "euler_order": "XYZ",
  "rotation_matrix": [
   [
    -0.10791629552841187,
    -0.39857789874076843,
    -0.9107632637023926
   ],
   [
    0.1043827086687088,
    0.9065070152282715,
    -0.4090835154056549
   ],
   [
    0.9886649250984192,
    -0.13921470940113068,
    -0.056222233921289444
   ]
  ]
 },
 {
  "rotation_euler": [
   -1.9546208381652832,
   -1.4200876951217651,
   1.3156797885894775
  ],
  "euler_order": "XYZ",
  "rotation_matrix": [
   [
    0.037888746708631516,
    0.5936933755874634,
    -0.8037988543510437
   ],
   [
    0.14527936279773712,
    0.7925575971603394,
    0.5922384858131409
   ],
   [
    0.9886649250984192,
    -0.13921456038951874,
    -0.056222379207611084
   ]
  ]
 },
 {
  "rotation_euler": [
   -1.9546257257461548,
   -1.4200878143310547,
   -1.2089964151382446
  ],
  "euler_order": "XYZ",
  "rotation_matrix": [
   [
    0.05314280465245247,
    -0.025747906416654587,
    0.9982548952102661
   ],
   [
    -0.1404188573360443,
    -0.9899275302886963,
    -0.018057819455862045
   ],
   [
    0.9886649250984192,
    -0.1392141729593277,
    -0.05622301623225212
   ]
  ]
 },
 {
  "rotation_euler": [
   1.1869670152664185,
   -1.7215049266815186,
   1.5841310024261475
  ],
  "euler_order": "XYZ",
  "rotation_matrix": [
   [
    0.0020019919611513615,
    -0.3622167110443115,
    0.9320917725563049
   ],
   [
    -0.1501253843307495,
    -0.9216390252113342,
    -0.35783225297927856
   ],
   [
    0.9886649250984192,
    -0.13921426236629486,
    -0.05622303858399391
   ]
  ]
 },
 {
  "rotation_euler": [
   1.1869754791259766,
   -1.721505045890808,
   -0.5637679100036621
  ],
  "euler_order": "XYZ",
  "rotation_matrix": [
   [
    -0.12690451741218567,
    -0.5747588872909546,
    -0.8084228038787842
   ],
   [
    0.08023042231798172,
    0.806394100189209,
    -0.585910975933075
   ],
   [
    0.9886649250984192,
    -0.13921484351158142,
    -0.05622190237045288
   ]
  ]
 },
 {
  "rotation_euler": [
   -1.95461905002594,
   -1.4200875759124756,
   1.0004279613494873
  ],
  "euler_order": "XYZ",
  "rotation_matrix": [
   [
    0.0810663104057312,
    0.8101712465286255,
    -0.5805607438087463
   ],
   [
    0.12637221813201904,
    0.5694223046302795,
    0.8122735023498535
   ],
   [
    0.9886649250984192,
    -0.13921476900577545,
    -0.05622217431664467
   ]
  ]
 },
 {
  "rotation_euler": [
   -1.9546180963516235,
   -1.420087456703186,
   0.8910188674926758
  ],
  "euler_order": "XYZ",
  "rotation_matrix": [
   [
    0.09438037872314453,
    0.8675023913383484,
    -0.48839735984802246
   ],
   [
    0.11676499992609024,
    0.4775550663471222,
    0.8708083033561707
   ],
   [
    0.9886649250984192,
    -0.13921493291854858,
    -0.056222088634967804
   ]
  ]
 },
 {
  "rotation_euler": [
   -1.9546222686767578,
   -1.4200876951217651,
   0.6855312585830688
  ],
  "euler_order": "XYZ",
  "rotation_matrix": [
   [
    0.11621984094381332,
    0.9466952681541443,
    -0.3004346489906311
   ],
   [
    0.09505050629377365,
    0.29049500823020935,
    0.9521439075469971
   ],
   [
    0.9886649250984192,
    -0.13921448588371277,
    -0.0562225803732872
   ]
  ]
 },
 {
  "rotation_euler": [
   1.186966896057129,
   -1.7215049266815186,
   1.2411776781082153
  ],
  "euler_order": "XYZ",
  "rotation_matrix": [
   [
    -0.048597242683172226,
    -0.6510427594184875,
    0.757483720779419
   ],
   [
    -0.1420561522245407,
    -0.7461653351783752,
    -0.6504285931587219
   ],
   [
    0.9886649250984192,
    -0.13921426236629486,
    -0.056223053485155106
   ]
  ]
 },
 {
  "rotation_euler": [
   1.18697190284729,
   -1.7215049266815186,
   1.7625818252563477
  ],
  "euler_order": "XYZ",
  "rotation_matrix": [
   [
    0.028618238866329193,
    -0.19286412000656128,
    0.9808080196380615
   ],
   [
    -0.14738601446151733,
    -0.9712995290756226,
    -0.1866939216852188
   ],
   [
    0.9886649250984192,
    -0.13921453058719635,
    -0.05622235685586929
   ]
  ]
 },
 {
  "rotation_euler": [
   1.186966896057129,
   -1.721505045890808,
   -1.2961723804473877
  ],
  "euler_order": "XYZ",
  "rotation_matrix": [
   [
    -0.040715403854846954,
    0.11183878779411316,
    -0.9928919076919556
   ],
   [
    0.14451274275779724,
    0.98392653465271,
    0.10490292310714722
   ],
   [
    0.9886649250984192,
    -0.13921436667442322,
    -0.05622309818863869
   ]
  ]
 },
 {
  "rotation_euler": [
   1.186973214149475,
   -1.7215052843093872,
   1.7828470468521118
  ],
  "euler_order": "XYZ",
  "rotation_matrix": [
   [
    0.03159904479980469,
    -0.1731409877538681,
    0.9843900203704834
   ],
   [
    -0.14677618443965912,
    -0.9750084280967712,
    -0.16677935421466827
   ],
   [
    0.9886648654937744,
    -0.13921493291854858,
    -0.056222304701805115
   ]
  ]
 },
 {
  "rotation_euler": [
   -0.49871984124183655,
   -0.3853958249092102,
   2.088832378387451
  ],
  "euler_order": "XYZ",
  "rotation_matrix": [
   [
    -0.4588536024093628,
    -0.8520058989524841,
    -0.25207003951072693
   ],
   [
    0.8050671219825745,
    -0.2786460816860199,
    -0.5236634016036987
   ],
   [
    0.3759259581565857,
    -0.4432181417942047,
    0.8137796521186829
   ]
  ]
 },
 {
  "rotation_euler": [
   1.1869689226150513,
   -1.721505045890808,
   -1.3943222761154175
  ],
  "euler_order": "XYZ",
  "rotation_matrix": [
   [
    -0.02635830081999302,
    0.20771585404872894,
    -0.9778339862823486
   ],
   [
    0.1478070169687271,
    0.9682321548461914,
    0.20169192552566528
   ],
   [
    0.9886649250984192,
    -0.13921448588371277,
    -0.056222815066576004
   ]
  ]
 },
 {
  "rotation_euler": [
   1.1869709491729736,
   -1.7215051651000977,
   -0.8529789447784424
  ],
  "euler_order": "XYZ",
  "rotation_matrix": [
   [
    -0.09875273704528809,
    -0.3209039568901062,
    -0.9419493675231934
   ],
   [
    0.11309114843606949,
    0.936824381351471,
    -0.3310143053531647
   ],
   [
    0.9886649250984192,
    -0.13921469449996948,
    -0.0562225766479969
   ]
  ]
 }
]