[
 {
  "rotation_euler": [
   -1.566152572631836,
   0.0025682449340820312,
   -0.2585296332836151
  ],
  "euler_order": "XYZ",
  "rotation_matrix": [
   [
    0.9667637348175049,
    -0.0012956500286236405,
    0.25566810369491577
   ],
   [
    -0.25565847754478455,
    0.005145999602973461,
    0.9667534828186035
   ],
   [
    -0.0025682421401143074,
    -0.999985933303833,
    0.004643721971660852
   ]
  ]
 },
 {
  "rotation_euler": [
   0.9073582887649536,
   -0.000912983960006386,
   -0.8280442953109741
  ],
  "euler_order": "XYZ",
  "rotation_matrix": [
   [
    0.6763173341751099,
    0.4531395435333252,
    -0.5807403922080994
   ],
   [
    -0.7366098165512085,
    0.4170260429382324,
    -0.5324427485466003
   ],
   [
    0.0009129838435910642,
    0.7878793478012085,
    0.6158289909362793
   ]
  ]
 },
 {
  "rotation_euler": [
   1.5732510089874268,
   -2.013129778788425e-05,
   1.6067209243774414
  ],
  "euler_order": "XYZ",
  "rotation_matrix": [
   [
    -0.03591687232255936,
    0.002453818917274475,
    0.9993517398834229
   ],
   [
    0.9993547797203064,
    6.804616714362055e-05,
    0.03591681271791458
   ],
   [
    2.013129778788425e-05,
    0.9999969601631165,
    -0.0024546796921640635
   ]
  ]
 },
 {
  "rotation_euler": [
   1.5732495784759521,
   -2.0546838641166687e-05,
   -2.887852191925049
  ],
  "euler_order": "XYZ",
  "rotation_matrix": [
   [
    -0.9679802656173706,
    -0.0005959414411336184,
    -0.2510257065296173
   ],
   [
    -0.2510263919830322,
    0.002379854442551732,
    0.9679773449897766
   ],
   [
    2.0546838641166687e-05,
    0.9999970197677612,
    -0.002453249180689454
   ]
  ]
 },
 {
  "rotation_euler": [
   1.5732454061508179,
   -8.264878488262184e-06,
   0.12461793422698975
  ],
  "euler_order": "XYZ",
  "rotation_matrix": [
   [
    0.9922452569007874,
    0.00029620883287861943,
    0.12429528683423996
   ],
   [
    0.12429563701152802,
    -0.0024311121087521315,
    -0.9922422766685486
   ],
   [
    8.264878488262184e-06,
    0.9999970197677612,
    -0.0024490768555551767
   ]
  ]
 },
 {
  "rotation_euler": [
   -1.566159725189209,
   0.002558591775596142,
   2.528926372528076
  ],
  "euler_order": "XYZ",
  "rotation_matrix": [
   [
    -0.8181149959564209,
    -0.0005730676930397749,
    -0.5750543475151062
   ],
   [
    0.5750489234924316,
    -0.005264575127512217,
    -0.8181020617485046
   ],
   [
    -0.002558588981628418,
    -0.9999859929084778,
    0.004636569879949093
   ]
  ]
 },
 {
  "rotation_euler": [
   -1.5661598443984985,
   0.0025613235775381327,
   2.6762168407440186
  ],
  "euler_order": "XYZ",
  "rotation_matrix": [
   [
    -0.8936500549316406,
    0.00020825308456551284,
    -0.44876447319984436
   ],
   [
    0.44875720143318176,
    -0.005292794201523066,
    -0.8936380743980408
   ],
   [
    -0.002561320783570409,
    -0.9999859929084778,
    0.004636450670659542
   ]
  ]
 },
 {
  "rotation_euler": [
   1.5732535123825073,
   -2.1655887394445017e-05,
   0.12171583622694016
  ],
  "euler_order": "XYZ",
  "rotation_matrix": [
   [
    0.992601752281189,
    0.0002768445701804012,
    0.12141521275043488
   ],
   [
    0.12141552567481995,
    -0.00244163372553885,
    -0.9925987720489502
   ],
   [
    2.1655887394445017e-05,
    0.9999969601631165,
    -0.00245718308724463
   ]
  ]
 },
 {
  "rotation_euler": [
   -1.5661531686782837,
   0.0025709064211696386,
   2.999321222305298
  ],
  "euler_order": "XYZ",
  "rotation_matrix": [
   [
    -0.9898931980133057,
    0.0018865409074351192,
    -0.14180225133895874
   ],
   [
    0.14179149270057678,
    -0.004960759077221155,
    -0.9898841381072998
   ],
   [
    -0.002570903627201915,
    -0.999985933303833,
    0.0046431259252130985
   ]
  ]
 },
 {
  "rotation_euler": [
   1.5732510089874268,
   -2.0223278625053354e-05,
   0.24090851843357086
  ],
  "euler_order": "XYZ",
  "rotation_matrix": [
   [
    0.971121609210968,
    0.0005660105962306261,
    0.23858433961868286
   ],
   [
    0.23858501017093658,
    -0.0023886174894869328,
    -0.971118688583374
   ],
   [
    2.0223278625053354e-05,
    0.9999969601631165,
    -0.0024546796921640635
   ]
  ]
 },
 {
  "rotation_euler": [
   0.5725338459014893,
   -0.0004233561921864748,
   0.48479560017585754
  ],
  "euler_order": "XYZ",
  "rotation_matrix": [
   [
    0.8847701549530029,
    -0.3919134736061096,
    0.2521618902683258
   ],
   [
    0.46602746844291687,
    0.7435698509216309,
    -0.4795021116733551
   ],
   [
    0.0004233561921864748,
    0.5417634844779968,
    0.8405308723449707
   ]
  ]
 },
 {
  "rotation_euler": [
   1.5732508897781372,
   -2.007978400797583e-05,
   0.36748000979423523
  ],
  "euler_order": "XYZ",
  "rotation_matrix": [
   [
    0.9332356452941895,
    0.0008630981319583952,
    0.3592638075351715
   ],
   [
    0.3592648208141327,
    -0.002297897357493639,
    -0.933232843875885
   ],
   [
    2.007978400797583e-05,
    0.9999969601631165,
    -0.0024545604828745127
   ]
  ]
 },
 {
  "rotation_euler": [
   1.5732263326644897,
   -2.0484949345700443e-05,
   2.2847139835357666
  ],
  "euler_order": "XYZ",
  "rotation_matrix": [
   [
    -0.65479975938797,
    0.0018500159494578838,
    0.7558001279830933
   ],
   [
    0.7558023929595947,
    0.0015756831271573901,
    0.6547978520393372
   ],
   [
    2.0484949345700443e-05,
    0.9999970197677612,
    -0.0024300033692270517
   ]
  ]
 },
 {
  "rotation_euler": [
   1.573250412940979,
   -2.008136289077811e-05,
   -1.579010009765625
  ],
  "euler_order": "XYZ",
  "rotation_matrix": [
   [
    -0.008213590830564499,
    -0.002453835913911462,
    -0.9999632835388184
   ],
   [
    -0.9999662637710571,
    4.023746441816911e-05,
    0.00821351632475853
   ],
   [
    2.008136289077811e-05,
    0.9999969601631165,
    -0.0024540836457163095
   ]
  ]
 },
 {
  "rotation_euler": [
   -1.5661540031433105,
   0.0025716060772538185,
   2.862027406692505
  ],
  "euler_order": "XYZ",
  "rotation_matrix": [
   [
    -0.961172342300415,
    0.0011907473672181368,
    -0.2759462893009186
   ],
   [
    0.27593690156936646,
    -0.005171666387468576,
    -0.9611618518829346
   ],
   [
    -0.0025716032832860947,
    -0.999985933303833,
    0.004642291460186243
   ]
  ]
 },
 {
  "rotation_euler": [
   1.4920817613601685,
   -0.0001340381713816896,
   -3.0670950412750244
  ],
  "euler_order": "XYZ",
  "rotation_matrix": [
   [
    -0.9972262978553772,
    0.005985829047858715,
    -0.0741877481341362
   ],
   [
    -0.07442872226238251,
    -0.07840525358915329,
    0.9941393136978149
   ],
   [
    0.0001340381713816896,
    0.9969035983085632,
    0.07863330096006393
   ]
  ]
 }
]