[
 {
  "rotation_euler": [
   -0.38704004883766174,
   5.238514972916164e-07,
   0.5429155230522156
  ],
  "euler_order": "XYZ",
  "rotation_matrix": [
   [
    0.8562060594558716,
    -0.47841936349868774,
    -0.19500277936458588
   ],
   [
    0.516634464263916,
    0.7928726673126221,
    0.3231744170188904
   ],
   [
    -5.238514972916164e-07,
    -0.37744906544685364,
    0.9260303378105164
   ]
  ]
 },
 {
  "rotation_euler": [
   -1.5855215787887573,
   -0.6480459570884705,
   -1.1676304340362549
  ],
  "euler_order": "XYZ",
  "rotation_matrix": [
   [
    0.3127928078174591,
    0.22325363755226135,
    0.9232109785079956
   ],
   [
    -0.7333429455757141,
    -0.5609495639801025,
    0.38411417603492737
   ],
   [
    0.6036296486854553,
    -0.7971783876419067,
    -0.011739501729607582
   ]
  ]
 },
 {
  "rotation_euler": [
   -0.3870398700237274,
   -5.738268100685673e-07,
   -1.2929519414901733
  ],
  "euler_order": "XYZ",
  "rotation_matrix": [
   [
    0.27428334951400757,
    0.8905162215232849,
    0.3629731833934784
   ],
   [
    -0.9616489410400391,
    0.25399449467658997,
    0.1035284548997879
   ],
   [
    5.738268100685673e-07,
    -0.3774489164352417,
    0.9260303974151611
   ]
  ]
 },
 {
  "rotation_euler": [
   -0.3870404064655304,
   -1.34484980662819e-06,
   1.002772331237793
  ],
  "euler_order": "XYZ",
  "rotation_matrix": [
   [
    0.5379673838615417,
    -0.7806113958358765,
    -0.31817755103111267
   ],
   [
    0.8429656624794006,
    0.4981744885444641,
    0.20305442810058594
   ],
   [
    1.34484980662819e-06,
    -0.3774493932723999,
    0.9260302186012268
   ]
  ]
 },
 {
  "rotation_euler": [
   -0.3870406150817871,
   2.178105887651327e-06,
   -1.0471302270889282
  ],
  "euler_order": "XYZ",
  "rotation_matrix": [
   [
    0.5000582933425903,
    0.8019340634346008,
    0.32686924934387207
   ],
   [
    -0.8659917116165161,
    0.46306976675987244,
    0.18874505162239075
   ],
   [
    -2.178105887651327e-06,
    -0.3774496018886566,
    0.926030158996582
   ]
  ]
 },
 {
  "rotation_euler": [
   -0.3870401382446289,
   -1.9584385881898925e-06,
   0.5578779578208923
  ],
  "euler_order": "XYZ",
  "rotation_matrix": [
   [
    0.8483803868293762,
    -0.4902278780937195,
    -0.19981825351715088
   ],
   [
    0.5293871164321899,
    0.7856263518333435,
    0.3202195167541504
   ],
   [
    1.9584385881898925e-06,
    -0.3774491548538208,
    0.9260303378105164
   ]
  ]
 },
 {
  "rotation_euler": [
   -0.3870399594306946,
   1.4617039596487302e-06,
   0.9281530380249023
  ],
  "euler_order": "XYZ",
  "rotation_matrix": [
   [
    0.599313497543335,
    -0.7413010001182556,
    -0.302152544260025
   ],
   [
    0.8005144000053406,
    0.55498206615448,
    0.22621136903762817
   ],
   [
    -1.4617039596487302e-06,
    -0.3774489760398865,
    0.9260303974151611
   ]
  ]
 },
 {
  "rotation_euler": [
   -0.38704025745391846,
   -4.103301307623042e-07,
   -3.0576694011688232
  ],
  "euler_order": "XYZ",
  "rotation_matrix": [
   [
    -0.9964805245399475,
    0.0776241198182106,
    0.03163997828960419
   ],
   [
    -0.0838247761130333,
    -0.9227710962295532,
    -0.37612080574035645
   ],
   [
    4.103301307623042e-07,
    -0.37744927406311035,
    0.9260302782058716
   ]
  ]
 },
 {
  "rotation_euler": [
   -0.3870403468608856,
   1.0306620197297889e-06,
   -0.5477515459060669
  ],
  "euler_order": "XYZ",
  "rotation_matrix": [
   [
    0.8536975979804993,
    0.48224756121635437,
    0.19656474888324738
   ],
   [
    -0.5207690596580505,
    0.7905499935150146,
    0.3222270905971527
   ],
   [
    -1.0306620197297889e-06,
    -0.3774493336677551,
    0.9260302186012268
   ]
  ]
 },
 {
  "rotation_euler": [
   -0.38704022765159607,
   1.2539729823402013e-06,
   -2.3502798080444336
  ],
  "euler_order": "XYZ",
  "rotation_matrix": [
   [
    -0.7029121518135071,
    0.6586641073226929,
    0.26847001910209656
   ],
   [
    -0.7112767100334167,
    -0.6509175896644592,
    -0.2653144598007202
   ],
   [
    -1.2539729823402013e-06,
    -0.37744924426078796,
    0.9260302782058716
   ]
  ]
 },
 {
  "rotation_euler": [
   -0.3870403468608856,
   -1.4331211559692747e-06,
   0.3012327253818512
  ],
  "euler_order": "XYZ",
  "rotation_matrix": [
   [
    0.9549714922904968,
    -0.2747504711151123,
    -0.11198960244655609
   ],
   [
    0.2966976463794708,
    0.8843325972557068,
    0.36045295000076294
   ],
   [
    1.4331211559692747e-06,
    -0.3774493336677551,
    0.9260302186012268
   ]
  ]
 },
 {
  "rotation_euler": [
   -0.3870401680469513,
   -5.24365418641537e-07,
   2.9734904766082764
  ],
  "euler_order": "XYZ",
  "rotation_matrix": [
   [
    -0.9859040975570679,
    -0.1549357920885086,
    -0.06315113604068756
   ],
   [
    0.16731157898902893,
    -0.9129769802093506,
    -0.37212875485420227
   ],
   [
    5.24365418641537e-07,
    -0.3774491846561432,
    0.9260302782058716
   ]
  ]
 },
 {
  "rotation_euler": [
   -0.3870404064655304,
   1.8772128669297672e-06,
   0.09606750309467316
  ],
  "euler_order": "XYZ",
  "rotation_matrix": [
   [
    0.9953890442848206,
    -0.08882534503936768,
    -0.03620314225554466
   ],
   [
    0.09591980278491974,
    0.9217602610588074,
    0.3757091760635376
   ],
   [
    -1.8772128669297672e-06,
    -0.3774493932723999,
    0.9260302186012268
   ]
  ]
 },
 {
  "rotation_euler": [
   -0.38704022765159607,
   -2.0742224933201214e-06,
   2.4803943634033203
  ],
  "euler_order": "XYZ",
  "rotation_matrix": [
   [
    -0.7892569899559021,
    -0.5686416029930115,
    -0.23177611827850342
   ],
   [
    0.614063024520874,
    -0.7308753728866577,
    -0.2979056239128113
   ],
   [
    2.0742224933201214e-06,
    -0.37744924426078796,
    0.9260302782058716
   ]
  ]
 },
 {
  "rotation_euler": [
   -0.38704025745391846,
   -2.2423503196478123e-06,
   -1.07066810131073
  ],
  "euler_order": "XYZ",
  "rotation_matrix": [
   [
    0.47953805327415466,
    0.81261146068573,
    0.3312186896800995
   ],
   [
    -0.8775210976600647,
    0.44406601786613464,
    0.18100310862064362
   ],
   [
    2.2423503196478123e-06,
    -0.37744927406311035,
    0.9260302782058716
   ]
  ]
 },
 {
  "rotation_euler": [
   -0.3870403468608856,
   -1.637219838812598e-06,
   1.772317886352539
  ],
  "euler_order": "XYZ",
  "rotation_matrix": [
   [
    -0.20016032457351685,
    -0.9072903990745544,
    -0.36981067061424255
   ],
   [
    0.9797631502151489,
    -0.18535390496253967,
    -0.07555186748504639
   ],
   [
    1.637219838812598e-06,
    -0.3774493336677551,
    0.9260302186012268
   ]
  ]
 }
]