[
 {
  "rotation_euler": [
   7.525408136643819e-07,
   4.859716227656463e-06,
   0.8332040309906006
  ],
  "euler_order": "XYZ",
  "rotation_matrix": [
   [
    0.6725079417228699,
    -0.7400898933410645,
    3.825145540758967e-06
   ],
   [
    0.7400898933410645,
    0.6725079417228699,
    3.0905371204426046e-06
   ],
   [
    -4.859716227656463e-06,
    7.525408136643819e-07,
    1.0
   ]
  ]
 },
 {
  "rotation_euler": [
   1.5721021890640259,
   0.5948007702827454,
   -0.023743724450469017
  ],
  "euler_order": "XYZ",
  "rotation_matrix": [
   [
    0.8280267119407654,
    0.5601543188095093,
    -0.024472998455166817
   ],
   [
    -0.019664132967591286,
    -0.014608879573643208,
    -0.9996998906135559
   ],
   [
    -0.5603437423706055,
    0.8282594680786133,
    -0.0010815933346748352
   ]
  ]
 },
 {
  "rotation_euler": [
   -1.608555555343628,
   2.5143043994903564,
   -0.5861836671829224
  ],
  "euler_order": "XYZ",
  "rotation_matrix": [
   [
    -0.6744621396064758,
    -0.5094988942146301,
    0.5343329906463623
   ],
   [
    0.44787150621414185,
    0.29301363229751587,
    0.8447213172912598
   ],
   [
    -0.5869514346122742,
    0.8090450763702393,
    0.030563443899154663
   ]
  ]
 },
 {
  "rotation_euler": [
   4.358794285508338e-06,
   9.505359230388422e-06,
   -0.3513936996459961
  ],
  "euler_order": "XYZ",
  "rotation_matrix": [
   [
    0.9388939142227173,
    0.34420669078826904,
    7.424197519867448e-06
   ],
   [
    -0.34420669078826904,
    0.9388939142227173,
    -7.364253633568296e-06
   ],
   [
    -9.505359230388422e-06,
    4.358794285508338e-06,
    1.0
   ]
  ]
 },
 {
  "rotation_euler": [
   2.07993139156315e-06,
   9.776789738680236e-06,
   0.5018342733383179
  ],
  "euler_order": "XYZ",
  "rotation_matrix": [
   [
    0.8767017126083374,
    -0.48103445768356323,
    9.57184693106683e-06
   ],
   [
    0.48103445768356323,
    0.8767017126083374,
    2.8794934223697055e-06
   ],
   [
    -9.776789738680236e-06,
    2.07993139156315e-06,
    1.0
   ]
  ]
 },
 {
  "rotation_euler": [
   4.642120075004641e-06,
   3.754774979825015e-06,
   1.3178460597991943
  ],
  "euler_order": "XYZ",
  "rotation_matrix": [
   [
    0.25026142597198486,
    -0.9681782722473145,
    5.434075319499243e-06
   ],
   [
    0.9681782722473145,
    0.25026142597198486,
    2.4735479655646486e-06
   ],
   [
    -3.754774979825015e-06,
    4.642120075004641e-06,
    1.0
   ]
  ]
 },
 {
  "rotation_euler": [
   -8.781677024671808e-06,
   1.377190301354858e-06,
   -2.369188070297241
  ],
  "euler_order": "XYZ",
  "rotation_matrix": [
   [
    -0.7162346839904785,
    0.697859525680542,
    5.141985184309306e-06
   ],
   [
    -0.697859525680542,
    -0.7162346839904785,
    -7.250826911331387e-06
   ],
   [
    -1.377190301354858e-06,
    -8.781677024671808e-06,
    1.0
   ]
  ]
 },
 {
  "rotation_euler": [
   9.940906693373108e-07,
   1.880531044662348e-06,
   -1.564685344696045
  ],
  "euler_order": "XYZ",
  "rotation_matrix": [
   [
    0.006110943853855133,
    0.9999813437461853,
    -9.82580331765348e-07
   ],
   [
    -0.9999813437461853,
    0.006110943853855133,
    -1.8865707716031466e-06
   ],
   [
    -1.880531044662348e-06,
    9.940906693373108e-07,
    1.0
   ]
  ]
 },
 {
  "rotation_euler": [
   -2.4415660391241545e-06,
   4.173737977453129e-07,
   -2.1875786781311035
  ],
  "euler_order": "XYZ",
  "rotation_matrix": [
   [
    -0.5784133672714233,
    0.8157438039779663,
    1.750277760947938e-06
   ],
   [
    -0.8157438039779663,
    -0.5784133672714233,
    -1.7527045201859437e-06
   ],
   [
    -4.173737977453129e-07,
    -2.4415660391241545e-06,
    1.0
   ]
  ]
 },
 {
  "rotation_euler": [
   3.898761406162521e-06,
   -1.2587628361870884e-06,
   -2.490612268447876
  ],
  "euler_order": "XYZ",
  "rotation_matrix": [
   [
    -0.7954900860786438,
    0.6059665679931641,
    -1.3611858094009222e-06
   ],
   [
    -0.6059665679931641,
    -0.7954900860786438,
    3.864194241032237e-06
   ],
   [
    1.2587628361870884e-06,
    3.898761406162521e-06,
    1.0
   ]
  ]
 },
 {
  "rotation_euler": [
   1.8836454955817317e-06,
   -1.7990080323215807e-06,
   -0.7216217517852783
  ],
  "euler_order": "XYZ",
  "rotation_matrix": [
   [
    0.7507354021072388,
    0.6606030464172363,
    -2.5949209430109477e-06
   ],
   [
    -0.6606030464172363,
    0.7507354021072388,
    -2.2568913493614673e-07
   ],
   [
    1.7990080323215807e-06,
    1.8836454955817317e-06,
    1.0
   ]
  ]
 },
 {
  "rotation_euler": [
   -8.570806676289067e-05,
   1.496750792284729e-05,
   0.6585671901702881
  ],
  "euler_order": "XYZ",
  "rotation_matrix": [
   [
    0.7908698916435242,
    -0.6119843125343323,
    -4.061463914695196e-05
   ],
   [
    0.6119843125343323,
    0.7908698916435242,
    7.694381201872602e-05
   ],
   [
    -1.496750792284729e-05,
    -8.570806676289067e-05,
    1.0
   ]
  ]
 },
 {
  "rotation_euler": [
   8.732762069030287e-09,
   3.7010534015280427e-06,
   1.3065329790115356
  ],
  "euler_order": "XYZ",
  "rotation_matrix": [
   [
    0.2611982524394989,
    -0.9652851819992065,
    9.751382776812534e-07
   ],
   [
    0.9652851819992065,
    0.2611982524394989,
    3.5702910281543154e-06
   ],
   [
    -3.7010534015280427e-06,
    8.732762069030287e-09,
    1.0
   ]
  ]
 },
 {
  "rotation_euler": [
   -1.5348962545394897,
   0.598747730255127,
   2.000152111053467
  ],
  "euler_order": "XYZ",
  "rotation_matrix": [
   [
    -0.34386903047561646,
    0.20183610916137695,
    -0.9170693755149841
   ],
   [
    0.7510656118392944,
    -0.5270633101463318,
    -0.39762380719184875
   ],
   [
    -0.5636084675788879,
    -0.825509786605835,
    0.02964860014617443
   ]
  ]
 },
 {
  "rotation_euler": [
   5.251601578493137e-06,
   5.607869297818979e-06,
   -2.4071807861328125
  ],
  "euler_order": "XYZ",
  "rotation_matrix": [
   [
    -0.7422249913215637,
    0.6701507568359375,
    -7.681665920244996e-06
   ],
   [
    -0.6701507568359375,
    -0.7422249913215637,
    1.3975230217511125e-07
   ],
   [
    -5.607869297818979e-06,
    5.251601578493137e-06,
    1.0
   ]
  ]
 },
 {
  "rotation_euler": [
   4.074382104590768e-06,
   1.3613465625894605e-06,
   2.7583208084106445
  ],
  "euler_order": "XYZ",
  "rotation_matrix": [
   [
    -0.9274460673332214,
    -0.37395691871643066,
    2.610678961900703e-07
   ],
   [
    0.37395691871643066,
    -0.9274460673332214,
    4.287854608264752e-06
   ],
   [
    -1.3613465625894605e-06,
    4.074382104590768e-06,
    1.0
   ]
  ]
 }
]