[
 {
  "rotation_euler": [
   1.3012088402319932e-06,
   0.00021370382455643266,
   2.9422402381896973
  ],
  "euler_order": "XYZ",
  "rotation_matrix": [
   [
    -0.9801949858665466,
    -0.1980346143245697,
    -0.0002092137438012287
   ],
   [
    0.1980346143245697,
    -0.9801950454711914,
    4.3596191972028464e-05
   ],
   [
    -0.00021370382455643266,
    1.3012088402319932e-06,
    1.0
   ]
  ]
 },
 {
  "rotation_euler": [
   -9.238115694643056e-07,
   0.00021249188284855336,
   -0.802944540977478
  ],
  "euler_order": "XYZ",
  "rotation_matrix": [
   [
    0.6945914030075073,
    0.7194044589996338,
    0.00014825962716713548
   ],
   [
    -0.7194044589996338,
    0.6945914030075073,
    -0.00015222594083752483
   ],
   [
    -0.00021249188284855336,
    -9.238115694643056e-07,
    1.0
   ]
  ]
 },
 {
  "rotation_euler": [
   1.4725883374921978e-05,
   0.00030983687611296773,
   3.0660979747772217
  ],
  "euler_order": "XYZ",
  "rotation_matrix": [
   [
    -0.9971515536308289,
    -0.0754229873418808,
    -0.00030784367118030787
   ],
   [
    0.0754229798913002,
    -0.9971516132354736,
    3.8052759919082746e-05
   ],
   [
    -0.00030983687611296773,
    1.4725882465427276e-05,
    0.9999999403953552
   ]
  ]
 },
 {
  "rotation_euler": [
   3.821029622486094e-06,
   0.0002114550006808713,
   -2.8619730472564697
  ],
  "euler_order": "XYZ",
  "rotation_matrix": [
   [
    -0.9611604809761047,
    0.2759900391101837,
    -0.00020429675350897014
   ],
   [
    -0.2759900391101837,
    -0.9611604809761047,
    -5.4686854127794504e-05
   ],
   [
    -0.0002114550006808713,
    3.821029622486094e-06,
    1.0
   ]
  ]
 },
 {
  "rotation_euler": [
   -6.297043455560924e-07,
   0.00020772847346961498,
   -0.8177329897880554
  ],
  "euler_order": "XYZ",
  "rotation_matrix": [
   [
    0.6838769316673279,
    0.7295973300933838,
    0.0001425201480742544
   ],
   [
    -0.7295973300933838,
    0.6838769912719727,
    -0.0001511275040684268
   ],
   [
    -0.00020772847346961498,
    -6.297043455560924e-07,
    1.0
   ]
  ]
 },
 {
  "rotation_euler": [
   -1.0628932045619877e-07,
   0.0002126439067069441,
   -1.7896500825881958
  ],
  "euler_order": "XYZ",
  "rotation_matrix": [
   [
    -0.21711085736751556,
    0.976146936416626,
    -4.606354923453182e-05
   ],
   [
    -0.976146936416626,
    -0.21711085736751556,
    -0.00020759477047249675
   ],
   [
    -0.0002126439067069441,
    -1.0628932045619877e-07,
    1.0
   ]
  ]
 },
 {
  "rotation_euler": [
   3.2396699225500925e-06,
   0.00021480587020050734,
   0.8512473106384277
  ],
  "euler_order": "XYZ",
  "rotation_matrix": [
   [
    0.6590455174446106,
    -0.7521030306816101,
    0.00014400342479348183
   ],
   [
    0.7521030306816101,
    0.6590455770492554,
    0.00015942104801069945
   ],
   [
    -0.00021480587020050734,
    3.2396699225500925e-06,
    1.0
   ]
  ]
 },
 {
  "rotation_euler": [
   -5.903350484004477e-06,
   0.00020796038734260947,
   1.7073043584823608
  ],
  "euler_order": "XYZ",
  "rotation_matrix": [
   [
    -0.13608446717262268,
    -0.9906972646713257,
    -3.4148612030548975e-05
   ],
   [
    0.9906972050666809,
    -0.13608446717262268,
    0.00020522242994047701
   ],
   [
    -0.00020796038734260947,
    -5.903350484004477e-06,
    1.0
   ]
  ]
 },
 {
  "rotation_euler": [
   -1.0516852171349456e-06,
   0.00021198406466282904,
   -2.3456239700317383
  ],
  "euler_order": "XYZ",
  "rotation_matrix": [
   [
    -0.6995928883552551,
    0.7145416140556335,
    -0.00014755107986275107
   ],
   [
    -0.7145416140556335,
    -0.6995929479598999,
    -0.00015220718341879547
   ],
   [
    -0.00021198406466282904,
    -1.0516852171349456e-06,
    1.0
   ]
  ]
 },
 {
  "rotation_euler": [
   -5.280458381662356e-08,
   0.0002129179483745247,
   0.9393330216407776
  ],
  "euler_order": "XYZ",
  "rotation_matrix": [
   [
    0.5903264880180359,
    -0.8071645498275757,
    0.00012564848293550313
   ],
   [
    0.8071645498275757,
    0.5903264880180359,
    0.0001718909916235134
   ],
   [
    -0.0002129179483745247,
    -5.280458381662356e-08,
    1.0
   ]
  ]
 },
 {
  "rotation_euler": [
   -1.2252968417669763e-07,
   0.00021259431377984583,
   -1.9917067289352417
  ],
  "euler_order": "XYZ",
  "rotation_matrix": [
   [
    -0.40859153866767883,
    0.912717342376709,
    -8.675240678712726e-05
   ],
   [
    -0.912717342376709,
    -0.4085915684700012,
    -0.0001940885849762708
   ],
   [
    -0.00021259431377984583,
    -1.2252968417669763e-07,
    1.0
   ]
  ]
 },
 {
  "rotation_euler": [
   -2.353860963921761e-06,
   0.00020673508697655052,
   -1.5448558330535889
  ],
  "euler_order": "XYZ",
  "rotation_matrix": [
   [
    0.025937583297491074,
    0.9996635913848877,
    7.715278115938418e-06
   ],
   [
    -0.9996635317802429,
    0.025937585160136223,
    -0.00020660448353737593
   ],
   [
    -0.00020673508697655052,
    -2.353860963921761e-06,
    1.0
   ]
  ]
 },
 {
  "rotation_euler": [
   -6.120614671090152e-06,
   0.0002247231313958764,
   -0.7634040117263794
  ],
  "euler_order": "XYZ",
  "rotation_matrix": [
   [
    0.722486674785614,
    0.6913847923278809,
    0.00016659116954542696
   ],
   [
    -0.6913847923278809,
    0.7224867343902588,
    -0.00015094809350557625
   ],
   [
    -0.0002247231313958764,
    -6.120614671090152e-06,
    1.0
   ]
  ]
 },
 {
  "rotation_euler": [
   -4.501870989770396e-06,
   0.00020857500203419477,
   1.0775153636932373
  ],
  "euler_order": "XYZ",
  "rotation_matrix": [
   [
    0.4735182523727417,
    -0.8807840347290039,
    9.479889558861032e-05
   ],
   [
    0.8807839751243591,
    0.4735182523727417,
    0.0001858412433648482
   ],
   [
    -0.00020857500203419477,
    -4.501870989770396e-06,
    1.0
   ]
  ]
 },
 {
  "rotation_euler": [
   1.0669960204268136e-07,
   0.00021270231809467077,
   -1.0074231624603271
  ],
  "euler_order": "XYZ",
  "rotation_matrix": [
   [
    0.5340411067008972,
    0.8454585075378418,
    0.00011350157001288608
   ],
   [
    -0.8454585075378418,
    0.5340411067008972,
    -0.00017988796753343195
   ],
   [
    -0.00021270231809467077,
    1.0669960204268136e-07,
    1.0
   ]
  ]
 },
 {
  "rotation_euler": [
   1.8617921568875317e-06,
   0.00021168960665818304,
   -0.1419496238231659
  ],
  "euler_order": "XYZ",
  "rotation_matrix": [
   [
    0.9899420142173767,
    0.14147339761257172,
    0.0002092970535159111
   ],
   [
    -0.14147339761257172,
    0.9899420738220215,
    -3.1791514629730955e-05
   ],
   [
    -0.00021168960665818304,
    1.8617921568875317e-06,
    1.0
   ]
  ]
 }
]