[
 {
  "rotation_euler": [
   1.385167121887207,
   2.523138999938965,
   -0.5825068354606628
  ],
  "euler_order": "XYZ",
  "rotation_matrix": [
   [
    -0.6804081797599792,
    0.5773778557777405,
    -0.4513086974620819
   ],
   [
    0.4482237994670868,
    -0.15933875739574432,
    -0.8796059489250183
   ],
   [
    -0.5797759294509888,
    -0.8007783889770508,
    -0.15037909150123596
   ]
  ]
 },
 {
  "rotation_euler": [
   -1.7853600978851318,
   0.5654560327529907,
   0.8792603015899658
  ],
  "euler_order": "XYZ",
  "rotation_matrix": [
   [
    0.5384562015533447,
    -0.16985006630420685,
    -0.8253580331802368
   ],
   [
    0.6503708958625793,
    -0.5390306115150452,
    0.5352230072021484
   ],
   [
    -0.5358009338378906,
    -0.8249830007553101,
    -0.1797788292169571
   ]
  ]
 },
 {
  "rotation_euler": [
   -1.804758071899414,
   0.5275673270225525,
   -1.3065805435180664
  ],
  "euler_order": "XYZ",
  "rotation_matrix": [
   [
    0.22564458847045898,
    -0.3516787588596344,
    0.90851891040802
   ],
   [
    -0.8340502381324768,
    0.41217905282974243,
    0.3666996359825134
   ],
   [
    -0.5034329295158386,
    -0.8404942154884338,
    -0.2003117948770523
   ]
  ]
 },
 {
  "rotation_euler": [
   -1.6143301725387573,
   0.823775589466095,
   2.0407495498657227
  ],
  "euler_order": "XYZ",
  "rotation_matrix": [
   [
    -0.307687908411026,
    0.37074676156044006,
    -0.8762847781181335
   ],
   [
    0.605795681476593,
    -0.6338461637496948,
    -0.48088523745536804
   ],
   [
    -0.7337164282798767,
    -0.6788120865821838,
    -0.02956998348236084
   ]
  ]
 },
 {
  "rotation_euler": [
   -1.734850287437439,
   0.6553042531013489,
   2.121908187866211
  ],
  "euler_order": "XYZ",
  "rotation_matrix": [
   [
    -0.41517043113708496,
    0.45395731925964355,
    -0.7883884310722351
   ],
   [
    0.6754735708236694,
    -0.42668405175209045,
    -0.6013951897621155
   ],
   [
    -0.6094005107879639,
    -0.7822170257568359,
    -0.12948957085609436
   ]
  ]
 },
 {
  "rotation_euler": [
   -1.8648992776870728,
   -0.4299832284450531,
   0.45260709524154663
  ],
  "euler_order": "XYZ",
  "rotation_matrix": [
   [
    0.8174483180046082,
    0.48555442690849304,
    -0.3098631203174591
   ],
   [
    0.3975043296813965,
    -0.08622482419013977,
    0.9135401248931885
   ],
   [
    0.4168555438518524,
    -0.8699437975883484,
    -0.2634943127632141
   ]
  ]
 },
 {
  "rotation_euler": [
   -1.7760107517242432,
   0.5830371379852295,
   2.2843563556671143
  ],
  "euler_order": "XYZ",
  "rotation_matrix": [
   [
    -0.5463975071907043,
    0.5068605542182922,
    -0.6667399406433105
   ],
   [
    0.6311350464820862,
    -0.2741328477859497,
    -0.7256168127059937
   ],
   [
    -0.5505618453025818,
    -0.8172781467437744,
    -0.17011196911334991
   ]
  ]
 },
 {
  "rotation_euler": [
   -1.9343723058700562,
   -0.021112434566020966,
   0.216467946767807
  ],
  "euler_order": "XYZ",
  "rotation_matrix": [
   [
    0.9764444828033447,
    0.09565066546201706,
    -0.19340911507606506
   ],
   [
    0.21473348140716553,
    -0.343081533908844,
    0.9144312739372253
   ],
   [
    0.021110866218805313,
    -0.9344228506088257,
    -0.355539470911026
   ]
  ]
 },
 {
  "rotation_euler": [
   -1.6015655994415283,
   -0.8279357552528381,
   0.375247597694397
  ],
  "euler_order": "XYZ",
  "rotation_matrix": [
   [
    0.6293317675590515,
    0.6962370872497559,
    -0.3452470004558563
   ],
   [
    0.24790167808532715,
    0.2411913275718689,
    0.9382811188697815
   ],
   [
    0.7365366816520691,
    -0.6760774254798889,
    -0.020808978006243706
   ]
  ]
 },
 {
  "rotation_euler": [
   -1.881632685661316,
   0.358699232339859,
   -1.3906323909759521
  ],
  "euler_order": "XYZ",
  "rotation_matrix": [
   [
    0.1677861213684082,
    -0.36079609394073486,
    0.9174278974533081
   ],
   [
    -0.9211987257003784,
    0.2740170359611511,
    0.27623820304870605
   ],
   [
    -0.3510565459728241,
    -0.8914823532104492,
    -0.28638866543769836
   ]
  ]
 },
 {
  "rotation_euler": [
   1.249536395072937,
   -2.768589973449707,
   0.056659843772649765
  ],
  "euler_order": "XYZ",
  "rotation_matrix": [
   [
    -0.9297429323196411,
    -0.36309587955474854,
    -0.06115104258060455
   ],
   [
    -0.05273553356528282,
    0.29567480087280273,
    -0.9538319110870361
   ],
   [
    0.3644132912158966,
    -0.8835936784744263,
    -0.29404962062835693
   ]
  ]
 },
 {
  "rotation_euler": [
   -1.6015660762786865,
   -0.8279361724853516,
   -1.9508763551712036
  ],
  "euler_order": "XYZ",
  "rotation_matrix": [
   [
    -0.25093987584114075,
    -0.3016913831233978,
    0.9197888374328613
   ],
   [
    -0.6281261444091797,
    -0.6722366213798523,
    -0.39186155796051025
   ],
   [
    0.736536979675293,
    -0.676077127456665,
    -0.020809290930628777
   ]
  ]
 },
 {
  "rotation_euler": [
   -1.7598210573196411,
   0.6124489307403564,
   -1.9168957471847534
  ],
  "euler_order": "XYZ",
  "rotation_matrix": [
   [
    -0.2775733768939972,
    0.014782066456973553,
    0.9605907201766968
   ],
   [
    -0.7697233557701111,
    0.5948942303657532,
    -0.2315746545791626
   ],
   [
    -0.5748730301856995,
    -0.8036680817604065,
    -0.15374867618083954
   ]
  ]
 },
 {
  "rotation_euler": [
   -1.6143302917480469,
   0.8237829804420471,
   -1.3427133560180664
  ],
  "euler_order": "XYZ",
  "rotation_matrix": [
   [
    0.15363091230392456,
    -0.2081380933523178,
    0.9659586548805237
   ],
   [
    -0.6618537902832031,
    0.7042016983032227,
    0.2570010721683502
   ],
   [
    -0.7337214350700378,
    -0.6788066625595093,
    -0.029569828882813454
   ]
  ]
 },
 {
  "rotation_euler": [
   -1.9303580522537231,
   -0.1803930401802063,
   -2.0377187728881836
  ],
  "euler_order": "XYZ",
  "rotation_matrix": [
   [
    -0.4428359866142273,
    -0.38979753851890564,
    0.8074367642402649
   ],
   [
    -0.8784680366516113,
    0.008422348648309708,
    -0.47772687673568726
   ],
   [
    0.1794162541627884,
    -0.920862078666687,
    -0.34615442156791687
   ]
  ]
 },
 {
  "rotation_euler": [
   -1.9191778898239136,
   0.26690712571144104,
   -1.9613754749298096
  ],
  "euler_order": "XYZ",
  "rotation_matrix": [
   [
    -0.36724305152893066,
    -0.22128412127494812,
    0.903419017791748
   ],
   [
    -0.8919466733932495,
    0.35920536518096924,
    -0.2745954692363739
   ],
   [
    -0.2637493312358856,
    -0.9066448211669922,
    -0.3292893171310425
   ]
  ]
 }
]