[
 {
  "rotation_euler": [
   -1.5740690231323242,
   -0.051550257951021194,
   1.6591906547546387
  ],
  "euler_order": "XYZ",
  "rotation_matrix": [
   [
    -0.08816199004650116,
    -0.001288865809328854,
    -0.9961053133010864
   ],
   [
    0.9947725534439087,
    0.05161488801240921,
    -0.08811081200838089
   ],
   [
    0.05152742937207222,
    -0.9986662268638611,
    -0.0032683429308235645
   ]
  ]
 },
 {
  "rotation_euler": [
   -1.574068546295166,
   -0.05154978856444359,
   2.426366090774536
  ],
  "euler_order": "XYZ",
  "rotation_matrix": [
   [
    -0.7539418339729309,
    -0.03675391525030136,
    -0.6559122800827026
   ],
   [
    0.654917299747467,
    0.036260947585105896,
    -0.7548300623893738
   ],
   [
    0.051526959985494614,
    -0.9986662864685059,
    -0.0032678667921572924
   ]
  ]
 },
 {
  "rotation_euler": [
   -1.5740690231323242,
   -0.051550429314374924,
   1.3639512062072754
  ],
  "euler_order": "XYZ",
  "rotation_matrix": [
   [
    0.20510047674179077,
    0.013785265386104584,
    -0.9786438345909119
   ],
   [
    0.9773836135864258,
    0.04975682869553566,
    0.20553724467754364
   ],
   [
    0.05152760073542595,
    -0.9986662268638611,
    -0.0032683429308235645
   ]
  ]
 },
 {
  "rotation_euler": [
   -1.5740686655044556,
   -0.05154985561966896,
   -1.1940722465515137
  ],
  "euler_order": "XYZ",
  "rotation_matrix": [
   [
    0.3673875629901886,
    0.015912609174847603,
    0.9299318194389343
   ],
   [
    -0.9286395311355591,
    -0.04911723732948303,
    0.3677175045013428
   ],
   [
    0.051527027040719986,
    -0.9986662268638611,
    -0.003267986001446843
   ]
  ]
 },
 {
  "rotation_euler": [
   -1.5740689039230347,
   -0.051550962030887604,
   0.36435654759407043
  ],
  "euler_order": "XYZ",
  "rotation_matrix": [
   [
    0.9331120252609253,
    0.04931139573454857,
    -0.35618868470191956
   ],
   [
    0.35587477684020996,
    0.01530411932617426,
    0.9344083070755005
   ],
   [
    0.05152813345193863,
    -0.9986661672592163,
    -0.0032682237215340137
   ]
  ]
 },
 {
  "rotation_euler": [
   -1.5740686655044556,
   -0.05155033618211746,
   1.9388457536697388
  ],
  "euler_order": "XYZ",
  "rotation_matrix": [
   [
    -0.35931819677352905,
    -0.015486112795770168,
    -0.9330865740776062
   ],
   [
    0.9317914843559265,
    0.04925387352705002,
    -0.35963693261146545
   ],
   [
    0.05152750760316849,
    -0.9986662268638611,
    -0.0032679857686161995
   ]
  ]
 },
 {
  "rotation_euler": [
   -1.5740686655044556,
   -0.05155033618211746,
   1.8974381685256958
  ],
  "euler_order": "XYZ",
  "rotation_matrix": [
   [
    -0.3204379975795746,
    -0.013433936983346939,
    -0.9471742510795593
   ],
   [
    0.9458670020103455,
    0.04985271394252777,
    -0.32070282101631165
   ],
   [
    0.05152750760316849,
    -0.9986662268638611,
    -0.0032679857686161995
   ]
  ]
 },
 {
  "rotation_euler": [
   -1.5740686655044556,
   -0.05155022814869881,
   -1.4911309480667114
  ],
  "euler_order": "XYZ",
  "rotation_matrix": [
   [
    0.07947541773319244,
    0.0008386328117921948,
    0.9968364834785461
   ],
   [
    -0.9955042004585266,
    -0.0516241155564785,
    0.07941263169050217
   ],
   [
    0.05152739956974983,
    -0.9986662268638611,
    -0.0032679857686161995
   ]
  ]
 },
 {
  "rotation_euler": [
   1.5675239562988281,
   -3.0900402069091797,
   -0.00802423246204853
  ],
  "euler_order": "XYZ",
  "rotation_matrix": [
   [
    -0.9986393451690674,
    -0.05150142312049866,
    -0.008192721754312515
   ],
   [
    0.008013485930860043,
    0.003685738192871213,
    -0.9999610781669617
   ],
   [
    0.05152961611747742,
    -0.9986661076545715,
    -0.0032680172007530928
   ]
  ]
 },
 {
  "rotation_euler": [
   -1.574068546295166,
   -0.05155050382018089,
   -0.5704336762428284
  ],
  "euler_order": "XYZ",
  "rotation_matrix": [
   [
    0.8405487537384033,
    0.04160191863775253,
    0.5401361584663391
   ],
   [
    -0.5392797589302063,
    -0.03057876043021679,
    0.8415713310241699
   ],
   [
    0.05152767524123192,
    -0.9986662268638611,
    -0.0032678667921572924
   ]
  ]
 },
 {
  "rotation_euler": [
   -1.574068546295166,
   -0.05155031010508537,
   1.4323301315307617
  ],
  "euler_order": "XYZ",
  "rotation_matrix": [
   [
    0.13784079253673553,
    0.010352893732488155,
    -0.9904003143310547
   ],
   [
    0.9891131520271301,
    0.050582386553287506,
    0.1381904035806656
   ],
   [
    0.0515274815261364,
    -0.9986662268638611,
    -0.0032678667921572924
   ]
  ]
 },
 {
  "rotation_euler": [
   -1.574068546295166,
   -0.05154978483915329,
   2.0435056686401367
  ],
  "euler_order": "XYZ",
  "rotation_matrix": [
   [
    -0.45469537377357483,
    -0.02054673060774803,
    -0.8904100060462952
   ],
   [
    0.8891552686691284,
    0.04736600071191788,
    -0.4551476240158081
   ],
   [
    0.051526956260204315,
    -0.9986662864685059,
    -0.0032678667921572924
   ]
  ]
 },
 {
  "rotation_euler": [
   -1.5740689039230347,
   -0.05155128240585327,
   1.1665681600570679
  ],
  "euler_order": "XYZ",
  "rotation_matrix": [
   [
    0.39278674125671387,
    0.023275330662727356,
    -0.9193350076675415
   ],
   [
    0.9181848168373108,
    0.046088192611932755,
    0.3934621810913086
   ],
   [
    0.0515284538269043,
    -0.9986661672592163,
    -0.0032682237215340137
   ]
  ]
 },
 {
  "rotation_euler": [
   1.5718663930892944,
   0.12885302305221558,
   -2.5126779079437256
  ],
  "euler_order": "XYZ",
  "rotation_matrix": [
   [
    -0.8019624948501587,
    -0.10454043745994568,
    -0.58815598487854
   ],
   [
    -0.5833907127380371,
    -0.07472509890794754,
    0.8087468147277832
   ],
   [
    -0.12849676609039307,
    0.9917093515396118,
    -0.0010611951583996415
   ]
  ]
 },
 {
  "rotation_euler": [
   -1.5740687847137451,
   -0.051550839096307755,
   0.946212887763977
  ],
  "euler_order": "XYZ",
  "rotation_matrix": [
   [
    0.5839825868606567,
    0.032785963267087936,
    -0.8111038208007812
   ],
   [
    0.8101291060447693,
    0.039886049926280975,
    0.5848930478096008
   ],
   [
    0.05152801051735878,
    -0.9986662268638611,
    -0.0032681047450751066
   ]
  ]
 },
 {
  "rotation_euler": [
   -1.5740686655044556,
   -0.051550015807151794,
   -0.11115144193172455
  ],
  "euler_order": "XYZ",
  "rotation_matrix": [
   [
    0.9925088286399841,
    0.05084596574306488,
    0.11108969151973724
   ],
   [
    -0.11077535897493362,
    -0.008967644535005093,
    0.9938049912452698
   ],
   [
    0.05152718722820282,
    -0.9986662268638611,
    -0.0032679857686161995
   ]
  ]
 }
]