[
 {
  "rotation_euler": [
   -0.0020424695685505867,
   0.00017789700359571725,
   1.7087414264678955
  ],
  "euler_order": "XYZ",
  "rotation_matrix": [
   [
    -0.13750801980495453,
    -0.9904985427856445,
    -0.0020475282799452543
   ],
   [
    0.9905006289482117,
    -0.1375080943107605,
    -0.00010464903607498854
   ],
   [
    -0.00017789700359571725,
    -0.0020424681715667248,
    0.9999979138374329
   ]
  ]
 },
 {
  "rotation_euler": [
   -2.621411340442137e-06,
   3.4878263249993324e-05,
   0.34237638115882874
  ],
  "euler_order": "XYZ",
  "rotation_matrix": [
   [
    0.9419595003128052,
    -0.3357264995574951,
    3.197383557562716e-05
   ],
   [
    0.3357264995574951,
    0.9419595003128052,
    1.4178820492816158e-05
   ],
   [
    -3.4878263249993324e-05,
    -2.621411340442137e-06,
    1.0
   ]
  ]
 },
 {
  "rotation_euler": [
   -2.464129238433088e-06,
   5.393090987126925e-07,
   1.8430829048156738
  ],
  "euler_order": "XYZ",
  "rotation_matrix": [
   [
    -0.2689344882965088,
    -0.9631584882736206,
    -2.5183858269883785e-06
   ],
   [
    0.9631584882736206,
    -0.2689344882965088,
    -1.43249167194881e-07
   ],
   [
    -5.393090987126925e-07,
    -2.464129238433088e-06,
    1.0
   ]
  ]
 },
 {
  "rotation_euler": [
   -0.02475697360932827,
   -0.016048569232225418,
   0.6954240798950195
  ],
  "euler_order": "XYZ",
  "rotation_matrix": [
   [
    0.767683207988739,
    -0.6402097344398499,
    -0.02817794680595398
   ],
   [
    0.6406285762786865,
    0.7678012847900391,
    0.008727114647626877
   ],
   [
    0.016047880053520203,
    -0.02475125715136528,
    0.9995648264884949
   ]
  ]
 },
 {
  "rotation_euler": [
   -9.39682013267884e-06,
   -6.482918979600072e-05,
   -2.237034797668457
  ],
  "euler_order": "XYZ",
  "rotation_matrix": [
   [
    -0.618033230304718,
    0.7861519455909729,
    4.745392288896255e-05
   ],
   [
    -0.7861519455909729,
    -0.618033230304718,
    4.515804903348908e-05
   ],
   [
    6.482918979600072e-05,
    -9.39682013267884e-06,
    1.0
   ]
  ]
 },
 {
  "rotation_euler": [
   0.011287061497569084,
   -0.040064986795186996,
   1.9760769605636597
  ],
  "euler_order": "XYZ",
  "rotation_matrix": [
   [
    -0.39396026730537415,
    -0.9187549948692322,
    0.02616395428776741
   ],
   [
    0.9182543158531189,
    -0.39466702938079834,
    -0.032357070595026016
   ],
   [
    0.04005426913499832,
    0.011277764104306698,
    0.9991338849067688
   ]
  ]
 },
 {
  "rotation_euler": [
   0.0014996560057625175,
   0.0017754267901182175,
   -0.2837813198566437
  ],
  "euler_order": "XYZ",
  "rotation_matrix": [
   [
    0.960002064704895,
    0.27998995780944824,
    0.0012845281744375825
   ],
   [
    -0.27998727560043335,
    0.9600017666816711,
    -0.0019367714412510395
   ],
   [
    -0.0017754258587956429,
    0.0014996530953794718,
    0.9999973177909851
   ]
  ]
 },
 {
  "rotation_euler": [
   3.036580437765224e-06,
   1.5242934523485019e-06,
   1.5218451023101807
  ],
  "euler_order": "XYZ",
  "rotation_matrix": [
   [
    0.048931676894426346,
    -0.998802125453949,
    3.1075292099558283e-06
   ],
   [
    0.998802125453949,
    0.048931676894426346,
    1.3738825828113477e-06
   ],
   [
    -1.5242934523485019e-06,
    3.036580437765224e-06,
    1.0
   ]
  ]
 },
 {
  "rotation_euler": [
   -1.645739075684105e-06,
   2.653258889040444e-05,
   2.879671096801758
  ],
  "euler_order": "XYZ",
  "rotation_matrix": [
   [
    -0.9658942222595215,
    -0.2589370608329773,
    -2.6053816327475943e-05
   ],
   [
    0.2589370608329773,
    -0.9658942222595215,
    5.280660388962133e-06
   ],
   [
    -2.653258889040444e-05,
    -1.645739075684105e-06,
    1.0
   ]
  ]
 },
 {
  "rotation_euler": [
   -1.5757180452346802,
   -2.471726894378662,
   0.2154475748538971
  ],
  "euler_order": "XYZ",
  "rotation_matrix": [
   [
    -0.7657817602157593,
    0.6075713634490967,
    -0.21079695224761963
   ],
   [
    -0.16758687794208527,
    0.12792527675628662,
    0.9775222539901733
   ],
   [
    0.6208807826042175,
    0.7838955521583557,
    0.003858144162222743
   ]
  ]
 },
 {
  "rotation_euler": [
   -6.983676030358765e-06,
   -3.295662099844776e-05,
   2.753011703491211
  ],
  "euler_order": "XYZ",
  "rotation_matrix": [
   [
    -0.9254476428031921,
    -0.3788755536079407,
    2.785368269542232e-05
   ],
   [
    0.3788755536079407,
    -0.9254476428031921,
    -1.8949484001495875e-05
   ],
   [
    3.295662099844776e-05,
    -6.983676030358765e-06,
    1.0
   ]
  ]
 },
 {
  "rotation_euler": [
   -0.06570279598236084,
   -0.18097050487995148,
   -0.28686562180519104
  ],
  "euler_order": "XYZ",
  "rotation_matrix": [
   [
    0.9434722661972046,
    0.2936708927154541,
    -0.15367980301380157
   ],
   [
    -0.2783266603946686,
    0.9537224173545837,
    0.11378875374794006
   ],
   [
    0.17998431622982025,
    -0.06458334624767303,
    0.9815470576286316
   ]
  ]
 },
 {
  "rotation_euler": [
   -1.560361385345459,
   1.1375718116760254,
   0.9173241853713989
  ],
  "euler_order": "XYZ",
  "rotation_matrix": [
   [
    0.2552158534526825,
    -0.5600377321243286,
    -0.7881767749786377
   ],
   [
    0.333311527967453,
    -0.714244544506073,
    0.6154333353042603
   ],
   [
    -0.9076167941093445,
    -0.4197767376899719,
    0.004380504600703716
   ]
  ]
 },
 {
  "rotation_euler": [
   -0.022715311497449875,
   0.01816805824637413,
   0.37448298931121826
  ],
  "euler_order": "XYZ",
  "rotation_matrix": [
   [
    0.9305432438850403,
    -0.3660810589790344,
    0.008595312014222145
   ],
   [
    0.36573103070259094,
    0.9303058385848999,
    0.02778289094567299
   ],
   [
    -0.018167058005928993,
    -0.02270960994064808,
    0.9995770454406738
   ]
  ]
 },
 {
  "rotation_euler": [
   1.334407102149271e-06,
   -2.444590791128576e-06,
   -2.582129716873169
  ],
  "euler_order": "XYZ",
  "rotation_matrix": [
   [
    -0.8475402593612671,
    0.5307310819625854,
    1.36367782488378e-06
   ],
   [
    -0.5307310819625854,
    -0.8475402593612671,
    2.428384050290333e-06
   ],
   [
    2.444590791128576e-06,
    1.334407102149271e-06,
    1.0
   ]
  ]
 },
 {
  "rotation_euler": [
   1.5666254758834839,
   -0.676326334476471,
   2.3704302310943604
  ],
  "euler_order": "XYZ",
  "rotation_matrix": [
   [
    -0.5592508912086487,
    0.44594576954841614,
    0.6988353133201599
   ],
   [
    0.5435506105422974,
    -0.4392426609992981,
    0.7152751684188843
   ],
   [
    0.6259322166442871,
    0.7798706293106079,
    0.0032527430448681116
   ]
  ]
 }
]