[
 {
  "rotation_euler": [
   -0.8615634441375732,
   0.8044785261154175,
   -1.3130018711090088
  ],
  "euler_order": "XYZ",
  "rotation_matrix": [
   [
    0.17680348455905914,
    0.49034133553504944,
    0.8534083962440491
   ],
   [
    -0.6705704927444458,
    0.6947049498558044,
    -0.26023104786872864
   ],
   [
    -0.7204691171646118,
    -0.5262607336044312,
    0.4516347050666809
   ]
  ]
 },
 {
  "rotation_euler": [
   -0.8615965843200684,
   0.8044192790985107,
   1.4267860651016235
  ],
  "euler_order": "XYZ",
  "rotation_matrix": [
   [
    0.09953053295612335,
    -0.7229470014572144,
    -0.6836968064308167
   ],
   [
    0.6863505840301514,
    -0.447601854801178,
    0.5732150077819824
   ],
   [
    -0.7204279899597168,
    -0.5263081192970276,
    0.45164504647254944
   ]
  ]
 },
 {
  "rotation_euler": [
   -0.8615648150444031,
   0.8044785261154175,
   -0.2459689974784851
  ],
  "euler_order": "XYZ",
  "rotation_matrix": [
   [
    0.672614336013794,
    -0.3717041313648224,
    0.6398640275001526
   ],
   [
    -0.1688615083694458,
    0.7647777795791626,
    0.621772289276123
   ],
   [
    -0.7204691171646118,
    -0.5262613892555237,
    0.4516339898109436
   ]
  ]
 },
 {
  "rotation_euler": [
   -0.8502383232116699,
   0.814814567565918,
   2.5216927528381348
  ],
  "euler_order": "XYZ",
  "rotation_matrix": [
   [
    -0.5583631992340088,
    0.061700038611888885,
    -0.8272989988327026
   ],
   [
    0.39853617548942566,
    -0.8546721339225769,
    -0.33272281289100647
   ],
   [
    -0.7275984287261963,
    -0.5154887437820435,
    0.4526277780532837
   ]
  ]
 },
 {
  "rotation_euler": [
   -0.8615203499794006,
   0.8045297861099243,
   1.8851202726364136
  ],
  "euler_order": "XYZ",
  "rotation_matrix": [
   [
    -0.21439647674560547,
    -0.4503366947174072,
    -0.8667358160018921
   ],
   [
    0.6594749689102173,
    -0.7213158011436462,
    0.21165141463279724
   ],
   [
    -0.720504641532898,
    -0.5262132287025452,
    0.4516333341598511
   ]
  ]
 },
 {
  "rotation_euler": [
   -0.8614087104797363,
   0.804726779460907,
   0.017758149653673172
  ],
  "euler_order": "XYZ",
  "rotation_matrix": [
   [
    0.6931988596916199,
    -0.5582746863365173,
    0.455856055021286
   ],
   [
    0.012311222963035107,
    0.641556978225708,
    0.7669765949249268
   ],
   [
    -0.7206412553787231,
    -0.526055097579956,
    0.4515995979309082
   ]
  ]
 },
 {
  "rotation_euler": [
   -0.8593555092811584,
   0.8065264225006104,
   -0.48066040873527527
  ],
  "euler_order": "XYZ",
  "rotation_matrix": [
   [
    0.6135982871055603,
    -0.1829286515712738,
    0.7681368589401245
   ],
   [
    -0.31996116042137146,
    0.8317514657974243,
    0.45366761088371277
   ],
   [
    -0.7218877673149109,
    -0.524143636226654,
    0.45183125138282776
   ]
  ]
 },
 {
  "rotation_euler": [
   -0.8660152554512024,
   0.7977191209793091,
   1.2271300554275513
  ],
  "euler_order": "XYZ",
  "rotation_matrix": [
   [
    0.23529991507530212,
    -0.7936961650848389,
    -0.5609638094902039
   ],
   [
    0.6575060486793518,
    -0.29506105184555054,
    0.6932710409164429
   ],
   [
    -0.715765118598938,
    -0.5319637060165405,
    0.45243221521377563
   ]
  ]
 },
 {
  "rotation_euler": [
   -0.8585566282272339,
   0.8111328482627869,
   -0.9351596236228943
  ],
  "euler_order": "XYZ",
  "rotation_matrix": [
   [
    0.4088609218597412,
    0.20007272064685822,
    0.8903952240943909
   ],
   [
    -0.554174542427063,
    0.8296136856079102,
    0.06805656850337982
   ],
   [
    -0.7250677943229675,
    -0.5212600231170654,
    0.4500718414783478
   ]
  ]
 },
 {
  "rotation_euler": [
   -0.8615639805793762,
   0.8044775128364563,
   2.3527774810791016
  ],
  "euler_order": "XYZ",
  "rotation_matrix": [
   [
    -0.48869144916534424,
    -0.07679760456085205,
    -0.8690700531005859
   ],
   [
    0.4920426309108734,
    -0.846847653388977,
    -0.20184926688671112
   ],
   [
    -0.7204684019088745,
    -0.5262615084648132,
    0.45163488388061523
   ]
  ]
 },
 {
  "rotation_euler": [
   -0.8652090430259705,
   0.7990243434906006,
   -0.01231662929058075
  ],
  "euler_order": "XYZ",
  "rotation_matrix": [
   [
    0.6973533630371094,
    -0.5375276207923889,
    0.4740910828113556
   ],
   [
    -0.008589477278292179,
    0.6551510691642761,
    0.7554490566253662
   ],
   [
    -0.7166759967803955,
    -0.5308871865272522,
    0.4522547125816345
   ]
  ]
 },
 {
  "rotation_euler": [
   -0.8606759309768677,
   0.8053101301193237,
   1.3951159715652466
  ],
  "euler_order": "XYZ",
  "rotation_matrix": [
   [
    0.12110155820846558,
    -0.7374516725540161,
    -0.6644542813301086
   ],
   [
    0.6822226047515869,
    -0.42439892888069153,
    0.5953636169433594
   ],
   [
    -0.7210455536842346,
    -0.5254051685333252,
    0.4517108201980591
   ]
  ]
 },
 {
  "rotation_euler": [
   -0.861778974533081,
   0.8041646480560303,
   0.011066151782870293
  ],
  "euler_order": "XYZ",
  "rotation_matrix": [
   [
    0.6936706900596619,
    -0.5538436770439148,
    0.4605194628238678
   ],
   [
    0.007676578126847744,
    0.6449989676475525,
    0.7641448974609375
   ],
   [
    -0.7202513813972473,
    -0.5265296697616577,
    0.45166847109794617
   ]
  ]
 },
 {
  "rotation_euler": [
   -0.8615176677703857,
   0.8045469522476196,
   0.7997592091560364
  ],
  "euler_order": "XYZ",
  "rotation_matrix": [
   [
    0.4832424819469452,
    -0.8481146097183228,
    -0.21720579266548157
   ],
   [
    0.49732545018196106,
    0.06174483150243759,
    0.8653640747070312
   ],
   [
    -0.720516562461853,
    -0.5262026786804199,
    0.4516266882419586
   ]
  ]
 },
 {
  "rotation_euler": [
   -0.8615654706954956,
   0.8044778108596802,
   1.6610558032989502
  ],
  "euler_order": "XYZ",
  "rotation_matrix": [
   [
    -0.06250886619091034,
    -0.5993180871009827,
    -0.7980667352676392
   ],
   [
    0.6906646490097046,
    -0.6032131314277649,
    0.3988938331604004
   ],
   [
    -0.7204685807228088,
    -0.5262620449066162,
    0.4516339600086212
   ]
  ]
 },
 {
  "rotation_euler": [
   -0.8615673184394836,
   0.8044718503952026,
   0.5742517113685608
  ],
  "euler_order": "XYZ",
  "rotation_matrix": [
   [
    0.5822550654411316,
    -0.8128006458282471,
    -0.018278833478689194
   ],
   [
    0.3767094016075134,
    0.249797984957695,
    0.8920151591300964
   ],
   [
    -0.7204644680023193,
    -0.5262661576271057,
    0.45163577795028687
   ]
  ]
 }
]