[
 {
  "rotation_euler": [
   -2.9023296974628465e-06,
   1.924729303937056e-06,
   -2.1765735149383545
  ],
  "euler_order": "XYZ",
  "rotation_matrix": [
   [
    -0.5694011449813843,
    0.8220598101615906,
    1.2899455441583996e-06
   ],
   [
    -0.8220598101615906,
    -0.5694011449813843,
    -3.2348325476050377e-06
   ],
   [
    -1.924729303937056e-06,
    -2.9023296974628465e-06,
    1.0
   ]
  ]
 },
 {
  "rotation_euler": [
   4.8230058382614516e-06,
   8.656336376589024e-07,
   -0.5866633653640747
  ],
  "euler_order": "XYZ",
  "rotation_matrix": [
   [
    0.8327924013137817,
    0.553585410118103,
    -1.9490523754939204e-06
   ],
   [
    -0.553585410118103,
    0.8327924013137817,
    -4.495764642342692e-06
   ],
   [
    -8.656336376589024e-07,
    4.8230058382614516e-06,
    1.0
   ]
  ]
 },
 {
  "rotation_euler": [
   -3.1457639124710113e-06,
   4.08809398777521e-07,
   2.6256206035614014
  ],
  "euler_order": "XYZ",
  "rotation_matrix": [
   [
    -0.8698135614395142,
    -0.4933805763721466,
    -1.907646719701006e-06
   ],
   [
    0.4933805763721466,
    -0.8698135614395142,
    -2.534529357944848e-06
   ],
   [
    -4.08809398777521e-07,
    -3.1457639124710113e-06,
    1.0
   ]
  ]
 },
 {
  "rotation_euler": [
   1.570796012878418,
   0.533453643321991,
   -0.32343733310699463
  ],
  "euler_order": "XYZ",
  "rotation_matrix": [
   [
    0.8164089918136597,
    0.48214325308799744,
    -0.31782737374305725
   ],
   [
    -0.2736673057079315,
    -0.16161823272705078,
    -0.9481486082077026
   ],
   [
    -0.508510172367096,
    0.8610559701919556,
    2.7029966531699756e-07
   ]
  ]
 },
 {
  "rotation_euler": [
   -1.330972622781701e-06,
   1.3660081776833977e-06,
   -1.8647139072418213
  ],
  "euler_order": "XYZ",
  "rotation_matrix": [
   [
    -0.28970402479171753,
    0.9571163058280945,
    8.781574933891534e-07
   ],
   [
    -0.9571163058280945,
    -0.28970402479171753,
    -1.6930167703321786e-06
   ],
   [
    -1.3660081776833977e-06,
    -1.330972622781701e-06,
    1.0
   ]
  ]
 },
 {
  "rotation_euler": [
   -1.881512389445561e-06,
   -8.878366202225152e-07,
   -0.9946869015693665
  ],
  "euler_order": "XYZ",
  "rotation_matrix": [
   [
    0.5447654724121094,
    0.8385884165763855,
    1.094151798497478e-06
   ],
   [
    -0.8385884165763855,
    0.5447654724121094,
    1.769512550708896e-06
   ],
   [
    8.878366202225152e-07,
    -1.881512389445561e-06,
    1.0
   ]
  ]
 },
 {
  "rotation_euler": [
   1.4192430626280839e-06,
   3.132933898086776e-06,
   0.007891570217907429
  ],
  "euler_order": "XYZ",
  "rotation_matrix": [
   [
    0.9999688863754272,
    -0.007891488261520863,
    3.1440363272849936e-06
   ],
   [
    0.007891488261520863,
    0.9999688863754272,
    -1.3944753618488903e-06
   ],
   [
    -3.132933898086776e-06,
    1.4192430626280839e-06,
    1.0
   ]
  ]
 },
 {
  "rotation_euler": [
   -2.6271402475686045e-07,
   1.2471189165808028e-06,
   -2.3769021034240723
  ],
  "euler_order": "XYZ",
  "rotation_matrix": [
   [
    -0.7215965986251831,
    0.6923137307167053,
    -7.180362899816828e-07
   ],
   [
    -0.6923137307167053,
    -0.7215965986251831,
    -1.0529711289564148e-06
   ],
   [
    -1.2471189165808028e-06,
    -2.6271402475686045e-07,
    1.0
   ]
  ]
 },
 {
  "rotation_euler": [
   1.581693686603103e-05,
   4.372335388325155e-05,
   1.4224512577056885
  ],
  "euler_order": "XYZ",
  "rotation_matrix": [
   [
    0.14780157804489136,
    -0.9890170097351074,
    2.210560160165187e-05
   ],
   [
    0.9890170097351074,
    0.14780157804489136,
    4.09053718612995e-05
   ],
   [
    -4.372335388325155e-05,
    1.581693686603103e-05,
    1.0
   ]
  ]
 },
 {
  "rotation_euler": [
   1.5778744220733643,
   0.5415182113647461,
   -1.2607316970825195
  ],
  "euler_order": "XYZ",
  "rotation_matrix": [
   [
    0.26146575808525085,
    0.15052595734596252,
    -0.9534031748771667
   ],
   [
    -0.8160635828971863,
    -0.4930056929588318,
    -0.3016382157802582
   ],
   [
    -0.5154376029968262,
    0.8569056391716003,
    -0.006065361201763153
   ]
  ]
 },
 {
  "rotation_euler": [
   7.393817213596776e-05,
   3.0811959732091054e-05,
   -0.9251649379730225
  ],
  "euler_order": "XYZ",
  "rotation_matrix": [
   [
    0.601702868938446,
    0.7987200021743774,
    -4.051625364809297e-05
   ],
   [
    -0.7987200021743774,
    0.601702868938446,
    -6.909894000273198e-05
   ],
   [
    -3.0811959732091054e-05,
    7.393817213596776e-05,
    1.0
   ]
  ]
 },
 {
  "rotation_euler": [
   1.7583236058271723e-06,
   4.2517129372754425e-07,
   0.8965455889701843
  ],
  "euler_order": "XYZ",
  "rotation_matrix": [
   [
    0.624312162399292,
    -0.7811749577522278,
    1.6389980146414018e-06
   ],
   [
    0.7811749577522278,
    0.624312162399292,
    -7.656096840946702e-07
   ],
   [
    -4.2517129372754425e-07,
    1.7583236058271723e-06,
    1.0
   ]
  ]
 },
 {
  "rotation_euler": [
   -1.2482368560995383e-07,
   -4.077650714862102e-07,
   0.6906099319458008
  ],
  "euler_order": "XYZ",
  "rotation_matrix": [
   [
    0.7708576321601868,
    -0.637007474899292,
    -3.9384244132634194e-07
   ],
   [
    0.637007474899292,
    0.7708576321601868,
    -1.6352811371689313e-07
   ],
   [
    4.077650714862102e-07,
    -1.2482368560995383e-07,
    1.0
   ]
  ]
 },
 {
  "rotation_euler": [
   -1.570797324180603,
   2.60813307762146,
   0.32739588618278503
  ],
  "euler_order": "XYZ",
  "rotation_matrix": [
   [
    -0.8153164386749268,
    -0.4815041124820709,
    -0.3215788006782532
   ],
   [
    -0.2768959701061249,
    -0.1635284274816513,
    0.9468828439712524
   ],
   [
    -0.5085152387619019,
    0.8610529899597168,
    8.588019113631162e-07
   ]
  ]
 },
 {
  "rotation_euler": [
   -8.430490561295301e-05,
   0.00023069887538440526,
   -2.814000368118286
  ],
  "euler_order": "XYZ",
  "rotation_matrix": [
   [
    -0.9468197822570801,
    0.3217643201351166,
    -0.00019130395958200097
   ],
   [
    -0.3217642903327942,
    -0.9468197822570801,
    -0.00015405220619868487
   ],
   [
    -0.00023069887538440526,
    -8.430490561295301e-05,
    0.9999999403953552
   ]
  ]
 },
 {
  "rotation_euler": [
   2.347024746995885e-06,
   -5.378109904086159e-07,
   -1.9190254211425781
  ],
  "euler_order": "XYZ",
  "rotation_matrix": [
   [
    -0.3412337303161621,
    0.9399784803390503,
    -2.022633452725131e-06
   ],
   [
    -0.9399784803390503,
    -0.3412337303161621,
    1.3064147879049415e-06
   ],
   [
    5.378109904086159e-07,
    2.347024746995885e-06,
    1.0
   ]
  ]
 }
]