[
 {
  "rotation_euler": [
   -0.1504889279603958,
   0.002165793441236019,
   -2.7008726596832275
  ],
  "euler_order": "XYZ",
  "rotation_matrix": [
   [
    -0.9044426083564758,
    0.42206308245658875,
    0.06201845034956932
   ],
   [
    -0.4265897572040558,
    -0.894084095954895,
    -0.1365092247724533
   ],
   [
    -0.0021657918114215136,
    -0.14992119371891022,
    0.9886955618858337
   ]
  ]
 },
 {
  "rotation_euler": [
   0.12699134647846222,
   -0.001766576198861003,
   0.8197352290153503
  ],
  "euler_order": "XYZ",
  "rotation_matrix": [
   [
    0.6824136972427368,
    -0.7252317070960999,
    0.09138112515211105
   ],
   [
    0.7309640049934387,
    0.6767560243606567,
    -0.08770893514156342
   ],
   [
    0.0017665752675384283,
    0.12665009498596191,
    0.9919458627700806
   ]
  ]
 },
 {
  "rotation_euler": [
   0.3873577117919922,
   -0.005455560516566038,
   0.20508067309856415
  ],
  "euler_order": "XYZ",
  "rotation_matrix": [
   [
    0.9790300130844116,
    -0.19057568907737732,
    0.07198046892881393
   ],
   [
    0.20364311337471008,
    0.9060878753662109,
    -0.3708561360836029
   ],
   [
    0.005455533508211374,
    0.3777375817298889,
    0.9258966445922852
   ]
  ]
 },
 {
  "rotation_euler": [
   -0.10066228359937668,
   0.001587179722264409,
   -2.673513174057007
  ],
  "euler_order": "XYZ",
  "rotation_matrix": [
   [
    -0.8924353122711182,
    0.4490315914154053,
    0.04393017664551735
   ],
   [
    -0.4511726200580597,
    -0.8878467679023743,
    -0.09039551764726639
   ],
   [
    -0.001587179023772478,
    -0.10049224644899368,
    0.9949365854263306
   ]
  ]
 },
 {
  "rotation_euler": [
   0.21222610771656036,
   -0.003382091410458088,
   0.8438986539840698
  ],
  "euler_order": "XYZ",
  "rotation_matrix": [
   [
    0.6645508408546448,
    -0.7309483289718628,
    0.1551988571882248
   ],
   [
    0.7472353577613831,
    0.6491126418113708,
    -0.14245004951953888
   ],
   [
    0.0033820848912000656,
    0.21063537895679474,
    0.9775588512420654
   ]
  ]
 },
 {
  "rotation_euler": [
   -0.1279825121164322,
   0.0019009687239304185,
   3.140993595123291
  ],
  "euler_order": "XYZ",
  "rotation_matrix": [
   [
    -0.9999980330467224,
    -0.0003515320422593504,
    -0.001961879897862673
   ],
   [
    0.0005990573554299772,
    -0.9918213486671448,
    -0.1276322603225708
   ],
   [
    -0.0019009675597772002,
    -0.12763318419456482,
    0.9918196201324463
   ]
  ]
 },
 {
  "rotation_euler": [
   0.0677243322134018,
   -0.0009146895608864725,
   2.5364036560058594
  ],
  "euler_order": "XYZ",
  "rotation_matrix": [
   [
    -0.8223942518234253,
    -0.5675624012947083,
    0.03925062343478203
   ],
   [
    0.5689172744750977,
    -0.8205445408821106,
    0.055134367197752
   ],
   [
    0.0009146894444711506,
    0.06767254322767258,
    0.997707188129425
   ]
  ]
 },
 {
  "rotation_euler": [
   -0.25321292877197266,
   0.0030943944584578276,
   -0.6533863544464111
  ],
  "euler_order": "XYZ",
  "rotation_matrix": [
   [
    0.7940260767936707,
    0.5878795385360718,
    0.1546618789434433
   ],
   [
    -0.6078758239746094,
    0.769181489944458,
    0.19709593057632446
   ],
   [
    -0.003094389569014311,
    -0.25051453709602356,
    0.9681078791618347
   ]
  ]
 },
 {
  "rotation_euler": [
   0.4600595235824585,
   -0.006391993258148432,
   1.9840831756591797
  ],
  "euler_order": "XYZ",
  "rotation_matrix": [
   [
    -0.40161341428756714,
    -0.8194459676742554,
    0.4089192748069763
   ],
   [
    0.9157869815826416,
    -0.36246252059936523,
    0.17307542264461517
   ],
   [
    0.006391949951648712,
    0.44399237632751465,
    0.896007776260376
   ]
  ]
 },
 {
  "rotation_euler": [
   0.16457289457321167,
   -0.0023664128966629505,
   -1.1513783931732178
  ],
  "euler_order": "XYZ",
  "rotation_matrix": [
   [
    0.4072277545928955,
    0.9008277654647827,
    -0.15058179199695587
   ],
   [
    -0.9133235812187195,
    0.4020806849002838,
    -0.06458462029695511
   ],
   [
    0.0023664108011871576,
    0.16383054852485657,
    0.9864856600761414
   ]
  ]
 },
 {
  "rotation_euler": [
   0.31773972511291504,
   -0.004512180108577013,
   0.34273844957351685
  ],
  "euler_order": "XYZ",
  "rotation_matrix": [
   [
    0.9418283104896545,
    -0.32057303190231323,
    0.10095728933811188
   ],
   [
    0.33606410026550293,
    0.8942195177078247,
    -0.2956897020339966
   ],
   [
    0.004512164741754532,
    0.31241706013679504,
    0.9499343037605286
   ]
  ]
 },
 {
  "rotation_euler": [
   -0.34203842282295227,
   0.00484403595328331,
   2.7011218070983887
  ],
  "euler_order": "XYZ",
  "rotation_matrix": [
   [
    -0.9045404195785522,
    -0.4001976549625397,
    -0.14713427424430847
   ],
   [
    0.42636042833328247,
    -0.8528457283973694,
    -0.3014480769634247
   ],
   [
    -0.00484401686117053,
    -0.3354041874408722,
    0.9420618414878845
   ]
  ]
 },
 {
  "rotation_euler": [
   -0.12967345118522644,
   0.0019196055363863707,
   0.4730314612388611
  ],
  "euler_order": "XYZ",
  "rotation_matrix": [
   [
    0.8901896476745605,
    -0.45198288559913635,
    -0.057217635214328766
   ],
   [
    0.45558610558509827,
    0.8826043009757996,
    0.11597814410924911
   ],
   [
    -0.0019196043722331524,
    -0.12931010127067566,
    0.99160236120224
   ]
  ]
 },
 {
  "rotation_euler": [
   0.2775394916534424,
   -0.003957228735089302,
   -2.5607290267944336
  ],
  "euler_order": "XYZ",
  "rotation_matrix": [
   [
    -0.8359825015068054,
    0.5286533832550049,
    -0.14716942608356476
   ],
   [
    -0.5487418174743652,
    -0.803402841091156,
    0.23114116489887238
   ],
   [
    0.003957218490540981,
    0.2739879786968231,
    0.9617249965667725
   ]
  ]
 },
 {
  "rotation_euler": [
   0.1281212419271469,
   -0.0017983403522521257,
   2.52746319770813
  ],
  "euler_order": "XYZ",
  "rotation_matrix": [
   [
    -0.8172740936279297,
    -0.5713363885879517,
    0.07508538663387299
   ],
   [
    0.5762463212013245,
    -0.8107091784477234,
    0.10339631140232086
   ],
   [
    0.0017983394209295511,
    0.12777079641819,
    0.9918020963668823
   ]
  ]
 },
 {
  "rotation_euler": [
   0.11550326645374298,
   -0.0016023649368435144,
   -1.2454180717468262
  ],
  "euler_order": "XYZ",
  "rotation_matrix": [
   [
    0.3196668028831482,
    0.941157341003418,
    -0.10970842093229294
   ],
   [
    -0.9475286602973938,
    0.3177122175693512,
    -0.035332392901182175
   ],
   [
    0.0016023642383515835,
    0.11524646729230881,
    0.9933356642723083
   ]
  ]
 }
]