[
 {
  "rotation_euler": [
   0.82170170545578,
   1.7426345348358154,
   1.129734992980957
  ],
  "euler_order": "XYZ",
  "rotation_matrix": [
   [
    -0.07299715280532837,
    -0.30778932571411133,
    0.9486501812934875
   ],
   [
    -0.15462951362133026,
    0.9431785345077515,
    0.2941155433654785
   ],
   [
    -0.9852721095085144,
    -0.12521971762180328,
    -0.11644265800714493
   ]
  ]
 },
 {
  "rotation_euler": [
   1.3184806108474731,
   2.0541679859161377,
   -0.45615461468696594
  ],
  "euler_order": "XYZ",
  "rotation_matrix": [
   [
    -0.41724616289138794,
    0.8797003626823425,
    -0.22810716927051544
   ],
   [
    0.20472955703735352,
    -0.15356145799160004,
    -0.9666978120803833
   ],
   [
    -0.8854328989982605,
    -0.4500512182712555,
    -0.11602774262428284
   ]
  ]
 },
 {
  "rotation_euler": [
   1.2907477617263794,
   2.005617618560791,
   1.388361930847168
  ],
  "euler_order": "XYZ",
  "rotation_matrix": [
   [
    -0.07642459869384766,
    -0.11368387937545776,
    0.9905731678009033
   ],
   [
    -0.4142577052116394,
    0.9072941541671753,
    0.07216553390026093
   ],
   [
    -0.9069453477859497,
    -0.40483734011650085,
    -0.1164340153336525
   ]
  ]
 },
 {
  "rotation_euler": [
   1.8841453790664673,
   1.1859642267227173,
   0.8903833031654358
  ],
  "euler_order": "XYZ",
  "rotation_matrix": [
   [
    0.2361716628074646,
    0.7943122982978821,
    0.559723973274231
   ],
   [
    0.29180601239204407,
    0.4914575517177582,
    -0.8205599784851074
   ],
   [
    -0.9268614649772644,
    0.35712385177612305,
    -0.11571676284074783
   ]
  ]
 },
 {
  "rotation_euler": [
   1.6994510889053345,
   -0.43449556827545166,
   -0.2291855812072754
  ],
  "euler_order": "XYZ",
  "rotation_matrix": [
   [
    0.8833638429641724,
    -0.4357054531574249,
    -0.17271079123020172
   ],
   [
    -0.206075057387352,
    -0.030101729556918144,
    -0.9780730605125427
   ],
   [
    0.4209528863430023,
    0.8995857834815979,
    -0.11637881398200989
   ]
  ]
 },
 {
  "rotation_euler": [
   -1.763646125793457,
   -0.9174057841300964,
   -1.304558277130127
  ],
  "euler_order": "XYZ",
  "rotation_matrix": [
   [
    0.15993614494800568,
    0.020134789869189262,
    0.9869219660758972
   ],
   [
    -0.5864648818969727,
    -0.8022763133049011,
    0.11140758544206619
   ],
   [
    0.7940273284912109,
    -0.5966131687164307,
    -0.11650463938713074
   ]
  ]
 },
 {
  "rotation_euler": [
   -1.689597487449646,
   -0.1766691505908966,
   0.8015902638435364
  ],
  "euler_order": "XYZ",
  "rotation_matrix": [
   [
    0.684738278388977,
    0.206538587808609,
    -0.698910117149353
   ],
   [
    0.7072799205780029,
    0.04294128715991974,
    0.7056282162666321
   ],
   [
    0.17575155198574066,
    -0.9774957299232483,
    -0.11667706072330475
   ]
  ]
 },
 {
  "rotation_euler": [
   -1.7037858963012695,
   0.50128573179245,
   0.18776629865169525
  ],
  "euler_order": "XYZ",
  "rotation_matrix": [
   [
    0.8615515828132629,
    -0.4431869685649872,
    -0.24761706590652466
   ],
   [
    0.1636986881494522,
    -0.219177708029747,
    0.9618543982505798
   ],
   [
    -0.4805534780025482,
    -0.8692217469215393,
    -0.11628377437591553
   ]
  ]
 },
 {
  "rotation_euler": [
   -1.6897107362747192,
   0.18826036155223846,
   -0.10717899352312088
  ],
  "euler_order": "XYZ",
  "rotation_matrix": [
   [
    0.9766945242881775,
    -0.1974530816078186,
    0.08414341509342194
   ],
   [
    -0.10508382320404053,
    -0.09807479381561279,
    0.9896154403686523
   ],
   [
    -0.1871502846479416,
    -0.975394070148468,
    -0.11653824150562286
   ]
  ]
 },
 {
  "rotation_euler": [
   -1.0635689496994019,
   -1.8129568099975586,
   -1.5032761096954346
  ],
  "euler_order": "XYZ",
  "rotation_matrix": [
   [
    -0.01617909036576748,
    0.5419022440910339,
    0.8402857780456543
   ],
   [
    0.23925422132015228,
    -0.8138834834098816,
    0.5294819474220276
   ],
   [
    0.9708221554756165,
    0.20960845053195953,
    -0.11648449301719666
   ]
  ]
 },
 {
  "rotation_euler": [
   0.005490211304277182,
   -0.020282123237848282,
   1.836327075958252
  ],
  "euler_order": "XYZ",
  "rotation_matrix": [
   [
    -0.26236748695373535,
    -0.9649096131324768,
    0.01061979029327631
   ],
   [
    0.9647548794746399,
    -0.26252493262290955,
    -0.018128924071788788
   ],
   [
    0.020280731841921806,
    0.005489054601639509,
    0.9997792840003967
   ]
  ]
 },
 {
  "rotation_euler": [
   1.7331993579864502,
   0.7667292952537537,
   0.5422913432121277
  ],
  "euler_order": "XYZ",
  "rotation_matrix": [
   [
    0.6168577671051025,
    0.6698741316795349,
    0.41322532296180725
   ],
   [
    0.37168675661087036,
    0.21485793590545654,
    -0.9031528234481812
   ],
   [
    -0.6937834620475769,
    0.7107071876525879,
    -0.11644655466079712
   ]
  ]
 },
 {
  "rotation_euler": [
   1.1160913705825806,
   1.8391661643981934,
   1.0535814762115479
  ],
  "euler_order": "XYZ",
  "rotation_matrix": [
   [
    -0.13111132383346558,
    0.04656811058521271,
    0.9902732968330383
   ],
   [
    -0.230476975440979,
    0.9700947999954224,
    -0.07613415271043777
   ],
   [
    -0.9642044305801392,
    -0.23821724951267242,
    -0.11645753681659698
   ]
  ]
 },
 {
  "rotation_euler": [
   1.078418254852295,
   -1.8197343349456787,
   -1.059051752090454
  ],
  "euler_order": "XYZ",
  "rotation_matrix": [
   [
    -0.12064953148365021,
    -0.006063266657292843,
    -0.9926766753196716
   ],
   [
    0.21481212973594666,
    0.9761286973953247,
    -0.032070375978946686
   ],
   [
    0.9691746234893799,
    -0.21710826456546783,
    -0.11646700650453568
   ]
  ]
 },
 {
  "rotation_euler": [
   1.4227533340454102,
   2.4719624519348145,
   0.1939297616481781
  ],
  "euler_order": "XYZ",
  "rotation_matrix": [
   [
    -0.7693538069725037,
    0.5739724636077881,
    0.2804466485977173
   ],
   [
    -0.15109959244728088,
    0.2630477249622345,
    -0.9528771042823792
   ],
   [
    -0.6206960678100586,
    -0.775475025177002,
    -0.1156497672200203
   ]
  ]
 },
 {
  "rotation_euler": [
   0.06912814825773239,
   0.15550518035888672,
   -2.941002368927002
  ],
  "euler_order": "XYZ",
  "rotation_matrix": [
   [
    -0.968124508857727,
    0.18828845024108887,
    -0.16517390310764313
   ],
   [
    -0.19684357941150665,
    -0.9797402024269104,
    0.03690249100327492
   ],
   [
    -0.15487919747829437,
    0.06823962926864624,
    0.9855738282203674
   ]
  ]
 }
]