[
 {
  "rotation_euler": [
   -1.390397071838379,
   0.13490261137485504,
   -3.1020455360412598
  ],
  "euler_order": "XYZ",
  "rotation_matrix": [
   [
    -0.9901396632194519,
    0.139301598072052,
    0.01478288322687149
   ],
   [
    -0.03917759656906128,
    -0.17405091226100922,
    -0.9839569926261902
   ],
   [
    -0.13449381291866302,
    -0.9748340249061584,
    0.17779220640659332
   ]
  ]
 },
 {
  "rotation_euler": [
   -1.390397310256958,
   0.13490208983421326,
   -1.3745371103286743
  ],
  "euler_order": "XYZ",
  "rotation_matrix": [
   [
    0.1932300478219986,
    0.15017691254615784,
    0.9695922136306763
   ],
   [
    -0.9718918204307556,
    0.16475839912891388,
    0.16816945374011993
   ],
   [
    -0.13449329137802124,
    -0.974834144115448,
    0.17779198288917542
   ]
  ]
 },
 {
  "rotation_euler": [
   -1.390397310256958,
   0.1349000781774521,
   1.6230493783950806
  ],
  "euler_order": "XYZ",
  "rotation_matrix": [
   [
    -0.05175476148724556,
    -0.17226684093475342,
    -0.9836897850036621
   ],
   [
    0.9895622730255127,
    -0.14149929583072662,
    -0.0272839292883873
   ],
   [
    -0.13449129462242126,
    -0.9748343825340271,
    0.1777920424938202
   ]
  ]
 },
 {
  "rotation_euler": [
   -1.390397310256958,
   0.1349009871482849,
   -0.3934099078178406
  ],
  "euler_order": "XYZ",
  "rotation_matrix": [
   [
    0.9152159690856934,
    -0.05342249944806099,
    0.3994067311286926
   ],
   [
    -0.37985727190971375,
    0.21643517911434174,
    0.8993688225746155
   ],
   [
    -0.1344922035932541,
    -0.9748342633247375,
    0.1777920126914978
   ]
  ]
 },
 {
  "rotation_euler": [
   -1.4018441438674927,
   0.10840581357479095,
   1.0604485273361206
  ],
  "euler_order": "XYZ",
  "rotation_matrix": [
   [
    0.48561328649520874,
    -0.198821023106575,
    -0.851263701915741
   ],
   [
    0.8674525022506714,
    -0.010924972593784332,
    0.4974000155925751
   ],
   [
    -0.10819361358880997,
    -0.9799749255180359,
    0.1671624779701233
   ]
  ]
 },
 {
  "rotation_euler": [
   -1.3903971910476685,
   0.1349021941423416,
   2.744431495666504
  ],
  "euler_order": "XYZ",
  "rotation_matrix": [
   [
    -0.9137844443321228,
    0.05261125788092613,
    -0.40277788043022156
   ],
   [
    0.3832877278327942,
    -0.2166346311569214,
    -0.8978641033172607
   ],
   [
    -0.1344933956861496,
    -0.9748340845108032,
    0.17779210209846497
   ]
  ]
 },
 {
  "rotation_euler": [
   -1.3903971910476685,
   0.13490252196788788,
   -1.021122694015503
  ],
  "euler_order": "XYZ",
  "rotation_matrix": [
   [
    0.5176625847816467,
    0.08387191593647003,
    0.8514639735221863
   ],
   [
    -0.844947874546051,
    0.2065528780221939,
    0.493354856967926
   ],
   [
    -0.13449372351169586,
    -0.9748340249061584,
    0.17779210209846497
   ]
  ]
 },
 {
  "rotation_euler": [
   -1.390397071838379,
   0.1349005401134491,
   -2.5525341033935547
  ],
  "euler_order": "XYZ",
  "rotation_matrix": [
   [
    -0.8239099979400635,
    0.20969359576702118,
    0.5264987349510193
   ],
   [
    -0.5505309104919434,
    -0.07567508518695831,
    -0.8313778042793274
   ],
   [
    -0.13449175655841827,
    -0.9748342633247375,
    0.1777922660112381
   ]
  ]
 },
 {
  "rotation_euler": [
   -1.3903969526290894,
   0.1349027305841446,
   2.7486817836761475
  ],
  "euler_order": "XYZ",
  "rotation_matrix": [
   [
    -0.9154052138328552,
    0.05353192612528801,
    -0.3989581763744354
   ],
   [
    0.3794004023075104,
    -0.21640947461128235,
    -0.8995678424835205
   ],
   [
    -0.13449393212795258,
    -0.9748339653015137,
    0.17779232561588287
   ]
  ]
 },
 {
  "rotation_euler": [
   -1.3903969526290894,
   0.13490264117717743,
   -0.2937713861465454
  ],
  "euler_order": "XYZ",
  "rotation_matrix": [
   [
    0.9484623074531555,
    -0.07468858361244202,
    0.30796247720718384
   ],
   [
    -0.2869332432746887,
    0.2100483775138855,
    0.9346384406089783
   ],
   [
    -0.1344938427209854,
    -0.9748339653015137,
    0.17779232561588287
   ]
  ]
 },
 {
  "rotation_euler": [
   -1.3903977870941162,
   0.13490378856658936,
   -0.25992897152900696
  ],
  "euler_order": "XYZ",
  "rotation_matrix": [
   [
    0.9576277136802673,
    -0.08175431191921234,
    0.27616187930107117
   ],
   [
    -0.2546767592430115,
    0.20740044116973877,
    0.9445235729217529
   ],
   [
    -0.13449497520923615,
    -0.9748339653015137,
    0.17779149115085602
   ]
  ]
 },
 {
  "rotation_euler": [
   -1.3903971910476685,
   0.13490214943885803,
   2.38682222366333
  ],
  "euler_order": "XYZ",
  "rotation_matrix": [
   [
    -0.7218106985092163,
    -0.026547018438577652,
    -0.6915811896324158
   ],
   [
    0.6788967847824097,
    -0.22134532034397125,
    -0.7000752687454224
   ],
   [
    -0.13449335098266602,
    -0.9748340845108032,
    0.17779210209846497
   ]
  ]
 },
 {
  "rotation_euler": [
   -1.390397071838379,
   0.13490162789821625,
   2.7755801677703857
  ],
  "euler_order": "XYZ",
  "rotation_matrix": [
   [
    -0.9252782464027405,
    0.05933196842670441,
    -0.37461966276168823
   ],
   [
    0.3546432554721832,
    -0.21489094197750092,
    -0.9099725484848022
   ],
   [
    -0.13449282944202423,
    -0.974834144115448,
    0.1777922362089157
   ]
  ]
 },
 {
  "rotation_euler": [
   -1.3903971910476685,
   0.1349021941423416,
   2.425868511199951
  ],
  "euler_order": "XYZ",
  "rotation_matrix": [
   [
    -0.7477622032165527,
    -0.01788623444736004,
    -0.6637256741523743
   ],
   [
    0.6502024531364441,
    -0.22221294045448303,
    -0.7265384793281555
   ],
   [
    -0.1344933956861496,
    -0.9748340845108032,
    0.17779210209846497
   ]
  ]
 },
 {
  "rotation_euler": [
   -1.3903968334197998,
   0.13490284979343414,
   2.7706212997436523
  ],
  "euler_order": "XYZ",
  "rotation_matrix": [
   [
    -0.9235081076622009,
    0.05826664716005325,
    -0.3791276812553406
   ],
   [
    0.35922715067863464,
    -0.21518316864967346,
    -0.9081035256385803
   ],
   [
    -0.13449405133724213,
    -0.9748339056968689,
    0.17779242992401123
   ]
  ]
 },
 {
  "rotation_euler": [
   -1.390397071838379,
   0.13490305840969086,
   -1.242199420928955
  ],
  "euler_order": "XYZ",
  "rotation_matrix": [
   [
    0.3197832405567169,
    0.12712354958057404,
    0.9389240145683289
   ],
   [
    -0.9378965497016907,
    0.18313485383987427,
    0.29463818669319153
   ],
   [
    -0.13449424505233765,
    -0.9748339653015137,
    0.17779220640659332
   ]
  ]
 }
]