[
 {
  "rotation_euler": [
   0.0006539085879921913,
   0.0006730319582857192,
   -1.2565135955810547
  ],
  "euler_order": "XYZ",
  "rotation_matrix": [
   [
    0.3091343343257904,
    0.9510182738304138,
    -0.0004138217482250184
   ],
   [
    -0.9510181546211243,
    0.309133917093277,
    -0.0008422111859545112
   ],
   [
    -0.0006730319000780582,
    0.0006539084133692086,
    0.9999995827674866
   ]
  ]
 },
 {
  "rotation_euler": [
   0.0006523766787722707,
   0.0006684975232928991,
   -2.4632174968719482
  ],
  "euler_order": "XYZ",
  "rotation_matrix": [
   [
    -0.7785931825637817,
    0.6275283098220825,
    -0.000929872679989785
   ],
   [
    -0.6275286078453064,
    -0.7785934805870056,
    8.843482646625489e-05
   ],
   [
    -0.0006684974650852382,
    0.0006523765041492879,
    0.9999995827674866
   ]
  ]
 },
 {
  "rotation_euler": [
   0.0006368950707837939,
   0.0006896232371218503,
   -0.22435785830020905
  ],
  "euler_order": "XYZ",
  "rotation_matrix": [
   [
    0.9749369621276855,
    0.22248074412345886,
    0.000530642515514046
   ],
   [
    -0.22248031198978424,
    0.9749369025230408,
    -0.0007743602036498487
   ],
   [
    -0.0006896231789141893,
    0.0006368948961608112,
    0.9999995827674866
   ]
  ]
 },
 {
  "rotation_euler": [
   0.0006508230580948293,
   0.0006742835394106805,
   -0.38447463512420654
  ],
  "euler_order": "XYZ",
  "rotation_matrix": [
   [
    0.9269953966140747,
    0.37507250905036926,
    0.00038095208583399653
   ],
   [
    -0.37507209181785583,
    0.9269952774047852,
    -0.0008562150178477168
   ],
   [
    -0.0006742834812030196,
    0.0006508228834718466,
    0.9999995827674866
   ]
  ]
 },
 {
  "rotation_euler": [
   0.0006394176161848009,
   0.0006910373922437429,
   -0.4706067144870758
  ],
  "euler_order": "XYZ",
  "rotation_matrix": [
   [
    0.8912931680679321,
    0.45342743396759033,
    0.0003259875811636448
   ],
   [
    -0.4534270167350769,
    0.8912929892539978,
    -0.0008832436287775636
   ],
   [
    -0.000691037334036082,
    0.0006394174415618181,
    0.9999995827674866
   ]
  ]
 },
 {
  "rotation_euler": [
   0.0006427126936614513,
   0.000680387660395354,
   -1.009968638420105
  ],
  "euler_order": "XYZ",
  "rotation_matrix": [
   [
    0.5318871736526489,
    0.8468152284622192,
    -0.0001823693746700883
   ],
   [
    -0.8468149900436401,
    0.5318868160247803,
    -0.0009180131019093096
   ],
   [
    -0.0006803876021876931,
    0.0006427125190384686,
    0.9999995827674866
   ]
  ]
 },
 {
  "rotation_euler": [
   0.0006393197691068053,
   0.0006846901960670948,
   -1.1156229972839355
  ],
  "euler_order": "XYZ",
  "rotation_matrix": [
   [
    0.43961790204048157,
    0.8981848359107971,
    -0.00027322524692863226
   ],
   [
    -0.8981846570968628,
    0.4396175146102905,
    -0.0008960346458479762
   ],
   [
    -0.0006846901378594339,
    0.0006393195944838226,
    0.9999995827674866
   ]
  ]
 },
 {
  "rotation_euler": [
   1.2344028949737549,
   -0.13135141134262085,
   -0.6401258707046509
  ],
  "euler_order": "XYZ",
  "rotation_matrix": [
   [
    0.7951118350028992,
    0.09800218045711517,
    -0.5984920859336853
   ],
   [
    -0.5921511650085449,
    0.3385804295539856,
    -0.7312456965446472
   ],
   [
    0.13097402453422546,
    0.9358198642730713,
    0.3272413909435272
   ]
  ]
 },
 {
  "rotation_euler": [
   0.000649894296657294,
   0.0006718715885654092,
   0.5374957323074341
  ],
  "euler_order": "XYZ",
  "rotation_matrix": [
   [
    0.8589933514595032,
    -0.5119859576225281,
    0.0009098702576011419
   ],
   [
    0.5119863152503967,
    0.8589935898780823,
    -0.00021426590683404356
   ],
   [
    -0.0006718715303577483,
    0.0006498941220343113,
    0.9999995827674866
   ]
  ]
 },
 {
  "rotation_euler": [
   0.0006479938747361302,
   0.0006813305662944913,
   1.1716711521148682
  ],
  "euler_order": "XYZ",
  "rotation_matrix": [
   [
    0.3886123299598694,
    -0.9214009642601013,
    0.0008618358406238258
   ],
   [
    0.9214010834693909,
    0.3886127471923828,
    0.0003759602550417185
   ],
   [
    -0.0006813305080868304,
    0.0006479937001131475,
    0.9999995827674866
   ]
  ]
 },
 {
  "rotation_euler": [
   0.0006447837222367525,
   0.0006747505394741893,
   -2.914752721786499
  ],
  "euler_order": "XYZ",
  "rotation_matrix": [
   [
    -0.9743817448616028,
    0.2248990684747696,
    -0.000802476133685559
   ],
   [
    -0.22489948570728302,
    -0.9743818640708923,
    0.0004765145422425121
   ],
   [
    -0.0006747504812665284,
    0.0006447835476137698,
    0.9999995827674866
   ]
  ]
 },
 {
  "rotation_euler": [
   -2.2948062419891357,
   0.19365738332271576,
   0.46730950474739075
  ],
  "euler_order": "XYZ",
  "rotation_matrix": [
   [
    0.8760946989059448,
    0.16968263685703278,
    -0.45129358768463135
   ],
   [
    0.44206494092941284,
    -0.6563230156898499,
    0.6114071011543274
   ],
   [
    -0.1924491971731186,
    -0.7351515889167786,
    -0.6500118970870972
   ]
  ]
 },
 {
  "rotation_euler": [
   0.0006413034861907363,
   0.0006792207714170218,
   -0.11675406992435455
  ],
  "euler_order": "XYZ",
  "rotation_matrix": [
   [
    0.9931917786598206,
    0.11648940294981003,
    0.0005998916458338499
   ],
   [
    -0.1164889708161354,
    0.9931917190551758,
    -0.0007160591776482761
   ],
   [
    -0.0006792207132093608,
    0.0006413033115677536,
    0.9999995827674866
   ]
  ]
 },
 {
  "rotation_euler": [
   0.000653741299174726,
   0.0006726676947437227,
   -0.4052969515323639
  ],
  "euler_order": "XYZ",
  "rotation_matrix": [
   [
    0.91898512840271,
    0.3942919969558716,
    0.00036040684790350497
   ],
   [
    -0.39429157972335815,
    0.9189850091934204,
    -0.0008660058374516666
   ],
   [
    -0.0006726676365360618,
    0.0006537411245517433,
    0.9999995827674866
   ]
  ]
 },
 {
  "rotation_euler": [
   0.8788614273071289,
   1.8956987857818604,
   -1.0743286609649658
  ],
  "euler_order": "XYZ",
  "rotation_matrix": [
   [
    -0.1520499736070633,
    0.9085851311683655,
    -0.3890422582626343
   ],
   [
    0.28067755699157715,
    -0.33772042393684387,
    -0.8984236121177673
   ],
   [
    -0.9476818442344666,
    -0.24580071866512299,
    -0.20366905629634857
   ]
  ]
 },
 {
  "rotation_euler": [
   0.0006538701127283275,
   0.0006720504024997354,
   0.33842289447784424
  ],
  "euler_order": "XYZ",
  "rotation_matrix": [
   [
    0.9432792067527771,
    -0.33199936151504517,
    0.0008510159095749259
   ],
   [
    0.3319997787475586,
    0.9432793855667114,
    -0.0003936616121791303
   ],
   [
    -0.0006720503442920744,
    0.0006538699381053448,
    0.9999995827674866
   ]
  ]
 }
]