[
 {
  "rotation_euler": [
   -0.7834775447845459,
   1.5648901462554932,
   -0.4125403165817261
  ],
  "euler_order": "XYZ",
  "rotation_matrix": [
   [
    0.0054106516763567924,
    -0.3624778091907501,
    0.9319766759872437
   ],
   [
    -0.002367997309193015,
    0.9319831132888794,
    0.36249402165412903
   ],
   [
    -0.9999825358390808,
    -0.00416824733838439,
    0.0041842893697321415
   ]
  ]
 },
 {
  "rotation_euler": [
   2.343308687210083,
   1.5767940282821655,
   -0.28315040469169617
  ],
  "euler_order": "XYZ",
  "rotation_matrix": [
   [
    -0.005758838728070259,
    0.4926387071609497,
    -0.8702148795127869
   ],
   [
    0.0016756396507844329,
    -0.870223343372345,
    -0.49265459179878235
   ],
   [
    -0.9999819993972778,
    -0.0042952848598361015,
    0.004185990896075964
   ]
  ]
 },
 {
  "rotation_euler": [
   -0.7834439277648926,
   1.5648897886276245,
   -1.24555504322052
  ],
  "euler_order": "XYZ",
  "rotation_matrix": [
   [
    0.0018873490625992417,
    0.4458427131175995,
    0.8951093554496765
   ],
   [
    -0.005596847273409367,
    0.8951016068458557,
    -0.44582706689834595
   ],
   [
    -0.9999825358390808,
    -0.004168359097093344,
    0.0041846828535199165
   ]
  ]
 },
 {
  "rotation_euler": [
   -0.7837726473808289,
   1.564888834953308,
   1.495757818222046
  ],
  "euler_order": "XYZ",
  "rotation_matrix": [
   [
    0.00044287092168815434,
    -0.7591854929924011,
    -0.6508741974830627
   ],
   [
    0.005890833679586649,
    -0.6508609652519226,
    0.7591740489006042
   ],
   [
    -0.9999825358390808,
    -0.0041704075410962105,
    0.004183987621217966
   ]
  ]
 },
 {
  "rotation_euler": [
   -0.7833043932914734,
   -1.5767008066177368,
   0.2751179337501526
  ],
  "euler_order": "XYZ",
  "rotation_matrix": [
   [
    -0.005682398099452257,
    0.48658186197280884,
    -0.8736165165901184
   ],
   [
    -0.0016040042974054813,
    0.8736250400543213,
    0.4865970313549042
   ],
   [
    0.9999825954437256,
    0.004166322760283947,
    -0.004183806013315916
   ]
  ]
 },
 {
  "rotation_euler": [
   -0.7835184335708618,
   1.5648903846740723,
   1.2320692539215088
  ],
  "euler_order": "XYZ",
  "rotation_matrix": [
   [
    0.001962454989552498,
    -0.9026963710784912,
    -0.4302736520767212
   ],
   [
    0.00557032460346818,
    -0.4302579462528229,
    0.9026888012886047
   ],
   [
    -0.9999825358390808,
    -0.004168250132352114,
    0.004183949902653694
   ]
  ]
 },
 {
  "rotation_euler": [
   2.358154296875,
   1.5767027139663696,
   -0.49175766110420227
  ],
  "euler_order": "XYZ",
  "rotation_matrix": [
   [
    -0.0052064755000174046,
    0.28755149245262146,
    -0.9577510356903076
   ],
   [
    0.0027888379991054535,
    -0.9577561020851135,
    -0.28756818175315857
   ],
   [
    -0.9999825358390808,
    -0.004168229177594185,
    0.004184599034488201
   ]
  ]
 },
 {
  "rotation_euler": [
   -0.7834694981575012,
   1.5648906230926514,
   -1.5334532260894775
  ],
  "euler_order": "XYZ",
  "rotation_matrix": [
   [
    0.0002204847551183775,
    0.6816273331642151,
    0.731699526309967
   ],
   [
    -0.0059015522710978985,
    0.7316876649856567,
    -0.6816145181655884
   ],
   [
    -0.9999825358390808,
    -0.00416787713766098,
    0.0041839852929115295
   ]
  ]
 },
 {
  "rotation_euler": [
   -0.7835533022880554,
   1.5648902654647827,
   -0.5094931125640869
  ],
  "euler_order": "XYZ",
  "rotation_matrix": [
   [
    0.005155913531780243,
    -0.2706315815448761,
    0.9626691937446594
   ],
   [
    -0.0028805749025195837,
    0.9626739621162415,
    0.27064836025238037
   ],
   [
    -0.9999825358390808,
    -0.004168480169028044,
    0.004183888901025057
   ]
  ]
 },
 {
  "rotation_euler": [
   -0.7833524942398071,
   -1.576701283454895,
   0.19059623777866364
  ],
  "euler_order": "XYZ",
  "rotation_matrix": [
   [
    -0.005797992926090956,
    0.5586371421813965,
    -0.8293918967247009
   ],
   [
    -0.0011186542687937617,
    0.8294017314910889,
    0.5586515069007874
   ],
   [
    0.9999825954437256,
    0.004166860599070787,
    -0.004183943383395672
   ]
  ]
 },
 {
  "rotation_euler": [
   -0.7833638787269592,
   1.5648908615112305,
   -0.08823738247156143
  ],
  "euler_order": "XYZ",
  "rotation_matrix": [
   [
    0.005882456433027983,
    -0.6404703259468079,
    0.7679603695869446
   ],
   [
    -0.000520403846167028,
    0.7679715752601624,
    0.6404836773872375
   ],
   [
    -0.9999825358390808,
    -0.004167267121374607,
    0.004184256307780743
   ]
  ]
 },
 {
  "rotation_euler": [
   -0.7885217070579529,
   -1.5766936540603638,
   -0.3443642556667328
  ],
  "euler_order": "XYZ",
  "rotation_matrix": [
   [
    -0.005551064386963844,
    0.9056281447410583,
    -0.4240363836288452
   ],
   [
    0.001990916207432747,
    0.42405208945274353,
    0.9056355953216553
   ],
   [
    0.9999825954437256,
    0.004183020908385515,
    -0.004156970418989658
   ]
  ]
 },
 {
  "rotation_euler": [
   -1.3052996397018433,
   0.0031709063332527876,
   -0.8388711214065552
  ],
  "euler_order": "XYZ",
  "rotation_matrix": [
   [
    0.668299674987793,
    0.19314314424991608,
    0.7183810472488403
   ],
   [
    -0.7438853979110718,
    0.1776312291622162,
    0.644268274307251
   ],
   [
    -0.0031709009781479836,
    -0.9649574160575867,
    0.2623872756958008
   ]
  ]
 },
 {
  "rotation_euler": [
   -0.7871017456054688,
   -1.5766921043395996,
   2.063441276550293
  ],
  "euler_order": "XYZ",
  "rotation_matrix": [
   [
    0.002788438694551587,
    -0.9569541215896606,
    -0.2902258634567261
   ],
   [
    -0.005194650962948799,
    0.29020923376083374,
    -0.9569491147994995
   ],
   [
    0.9999825954437256,
    0.004176015965640545,
    -0.004161811899393797
   ]
  ]
 },
 {
  "rotation_euler": [
   -0.7833468914031982,
   -1.576701045036316,
   1.708327054977417
  ],
  "euler_order": "XYZ",
  "rotation_matrix": [
   [
    0.0008095178636722267,
    -0.7986071109771729,
    -0.6018521189689636
   ],
   [
    -0.005848929286003113,
    0.601838231086731,
    -0.7985965609550476
   ],
   [
    0.9999825954437256,
    0.004166668746620417,
    -0.0041837976314127445
   ]
  ]
 },
 {
  "rotation_euler": [
   -0.7834534049034119,
   1.5648900270462036,
   -0.8595749735832214
  ],
  "euler_order": "XYZ",
  "rotation_matrix": [
   [
    0.003855370916426182,
    0.076056107878685,
    0.997096061706543
   ],
   [
    -0.004474380984902382,
    0.9970948100090027,
    -0.07603871077299118
   ],
   [
    -0.9999825358390808,
    -0.004168230574578047,
    0.004184474237263203
   ]
  ]
 }
]