[
 {
  "rotation_euler": [
   0.0001876774913398549,
   -3.6271475778448803e-07,
   1.8643302917480469
  ],
  "euler_order": "XYZ",
  "rotation_matrix": [
   [
    -0.28933683037757874,
    -0.957227349281311,
    0.0001797549775801599
   ],
   [
    0.957227349281311,
    -0.28933683037757874,
    5.395480911829509e-05
   ],
   [
    3.6271475778448803e-07,
    0.0001876774913398549,
    1.0
   ]
  ]
 },
 {
  "rotation_euler": [
   0.00018725231348071247,
   6.618125212298764e-07,
   -2.9990665912628174
  ],
  "euler_order": "XYZ",
  "rotation_matrix": [
   [
    -0.9898603558540344,
    0.14204400777816772,
    -2.7253172447672114e-05
   ],
   [
    -0.14204400777816772,
    -0.9898602962493896,
    0.00018525963241700083
   ],
   [
    -6.618125212298764e-07,
    0.00018725231348071247,
    1.0
   ]
  ]
 },
 {
  "rotation_euler": [
   0.00019058995530940592,
   1.3923308870289475e-06,
   -0.09869818389415741
  ],
  "euler_order": "XYZ",
  "rotation_matrix": [
   [
    0.9951332807540894,
    0.09853801876306534,
    -1.7394801034242846e-05
   ],
   [
    -0.09853801876306534,
    0.9951332807540894,
    -0.00018979961168952286
   ],
   [
    -1.3923308870289475e-06,
    0.00019058995530940592,
    1.0
   ]
  ]
 },
 {
  "rotation_euler": [
   0.00018748300499282777,
   -6.210952392393665e-07,
   1.1746208667755127
  ],
  "euler_order": "XYZ",
  "rotation_matrix": [
   [
    0.3858928680419922,
    -0.9225435853004456,
    0.0001727215712890029
   ],
   [
    0.9225435853004456,
    0.3858928680419922,
    -7.29213425074704e-05
   ],
   [
    6.210952392393665e-07,
    0.00018748300499282777,
    1.0
   ]
  ]
 },
 {
  "rotation_euler": [
   0.0001872720313258469,
   5.458859959617257e-07,
   2.358079671859741
  ],
  "euler_order": "XYZ",
  "rotation_matrix": [
   [
    -0.7084385752677917,
    -0.7057724595069885,
    0.00013178471999708563
   ],
   [
    0.7057725191116333,
    -0.708438515663147,
    0.000133055989863351
   ],
   [
    -5.458859959617257e-07,
    0.0001872720313258469,
    1.0
   ]
  ]
 },
 {
  "rotation_euler": [
   0.0001887749385787174,
   2.5924555302481167e-06,
   1.9671764373779297
  ],
  "euler_order": "XYZ",
  "rotation_matrix": [
   [
    -0.38608166575431824,
    -0.9224646091461182,
    0.0001731373049551621
   ],
   [
    0.9224646091461182,
    -0.38608166575431824,
    7.527398702222854e-05
   ],
   [
    -2.5924555302481167e-06,
    0.0001887749385787174,
    1.0
   ]
  ]
 },
 {
  "rotation_euler": [
   0.00018726183043327183,
   6.335019406833453e-07,
   -0.35581085085868835
  ],
  "euler_order": "XYZ",
  "rotation_matrix": [
   [
    0.9373643398284912,
    0.34835052490234375,
    -6.463893805630505e-05
   ],
   [
    -0.34835055470466614,
    0.9373643398284912,
    -0.0001757532445481047
   ],
   [
    -6.335019406833453e-07,
    0.00018726183043327183,
    1.0
   ]
  ]
 },
 {
  "rotation_euler": [
   0.00018742393876891583,
   -5.136538447914063e-07,
   2.012212038040161
  ],
  "euler_order": "XYZ",
  "rotation_matrix": [
   [
    -0.4272198975086212,
    -0.904147744178772,
    0.00016967837291304022
   ],
   [
    0.904147744178772,
    -0.4272198975086212,
    7.960681978147477e-05
   ],
   [
    5.136538447914063e-07,
    0.00018742393876891583,
    1.0
   ]
  ]
 },
 {
  "rotation_euler": [
   0.00018485100008547306,
   5.777240403403994e-06,
   1.6821248531341553
  ],
  "euler_order": "XYZ",
  "rotation_matrix": [
   [
    -0.11109869927167892,
    -0.9938093423843384,
    0.00018306481069885194
   ],
   [
    0.9938094019889832,
    -0.11109869927167892,
    2.627818139444571e-05
   ],
   [
    -5.777240403403994e-06,
    0.00018485100008547306,
    1.0
   ]
  ]
 },
 {
  "rotation_euler": [
   0.00019515465828590095,
   -9.763937214302132e-07,
   -1.985281229019165
  ],
  "euler_order": "XYZ",
  "rotation_matrix": [
   [
    -0.40271851420402527,
    0.9153238534927368,
    -0.00017823649977799505
   ],
   [
    -0.9153238534927368,
    -0.4027184844017029,
    7.948610436869785e-05
   ],
   [
    9.763937214302132e-07,
    0.00019515465828590095,
    1.0
   ]
  ]
 },
 {
  "rotation_euler": [
   0.00018646665557753295,
   -2.415723429294303e-06,
   2.091878890991211
  ],
  "euler_order": "XYZ",
  "rotation_matrix": [
   [
    -0.49781930446624756,
    -0.8672807216644287,
    0.00016292154032271355
   ],
   [
    0.8672807812690735,
    -0.49781930446624756,
    9.07315916265361e-05
   ],
   [
    2.415723429294303e-06,
    0.00018646665557753295,
    1.0
   ]
  ]
 },
 {
  "rotation_euler": [
   0.00018965113849844784,
   -8.352892422180958e-08,
   -1.486031413078308
  ],
  "euler_order": "XYZ",
  "rotation_matrix": [
   [
    0.08466344326734543,
    0.9964095950126648,
    -0.00018897728295996785
   ],
   [
    -0.9964095950126648,
    0.08466344326734543,
    -1.5973289919202216e-05
   ],
   [
    8.352892422180958e-08,
    0.00018965113849844784,
    1.0
   ]
  ]
 },
 {
  "rotation_euler": [
   0.0001874590088846162,
   5.33081902176491e-07,
   -1.9776431322097778
  ],
  "euler_order": "XYZ",
  "rotation_matrix": [
   [
    -0.39571550488471985,
    0.918373167514801,
    -0.00017236826533917338
   ],
   [
    -0.918373167514801,
    -0.39571547508239746,
    7.369086233666167e-05
   ],
   [
    -5.33081902176491e-07,
    0.0001874590088846162,
    1.0
   ]
  ]
 },
 {
  "rotation_euler": [
   0.0001905165845528245,
   -1.6145534118550131e-06,
   -1.874510645866394
  ],
  "euler_order": "XYZ",
  "rotation_matrix": [
   [
    -0.29906657338142395,
    0.9542322158813477,
    -0.0001813142152968794
   ],
   [
    -0.9542322158813477,
    -0.29906657338142395,
    5.851780224475078e-05
   ],
   [
    1.6145534118550131e-06,
    0.0001905165845528245,
    1.0
   ]
  ]
 },
 {
  "rotation_euler": [
   0.00018729640578385442,
   3.049751455819205e-07,
   1.3336167335510254
  ],
  "euler_order": "XYZ",
  "rotation_matrix": [
   [
    0.2349621206521988,
    -0.9720045328140259,
    0.00018212461145594716
   ],
   [
    0.9720045328140259,
    0.2349621057510376,
    -4.3711122998502105e-05
   ],
   [
    -3.049751455819205e-07,
    0.00018729640578385442,
    1.0
   ]
  ]
 },
 {
  "rotation_euler": [
   0.0001872939319582656,
   3.906729375557916e-07,
   0.48802462220191956
  ],
  "euler_order": "XYZ",
  "rotation_matrix": [
   [
    0.8832607865333557,
    -0.4688820242881775,
    8.816382614895701e-05
   ],
   [
    0.4688820242881775,
    0.8832607865333557,
    -0.00016524620878044516
   ],
   [
    -3.906729375557916e-07,
    0.0001872939319582656,
    1.0
   ]
  ]
 }
]