[
 {
  "rotation_euler": [
   -0.0020779636688530445,
   -0.0066153183579444885,
   2.096571683883667
  ],
  "euler_order": "XYZ",
  "rotation_matrix": [
   [
    -0.5018727779388428,
    -0.8649401068687439,
    0.001522787264548242
   ],
   [
    0.8649161458015442,
    -0.5018708109855652,
    -0.006764662452042103
   ],
   [
    0.0066152699291706085,
    -0.0020779166370630264,
    0.9999759793281555
   ]
  ]
 },
 {
  "rotation_euler": [
   -0.0020911048632115126,
   -0.006545409094542265,
   0.27169349789619446
  ],
  "euler_order": "XYZ",
  "rotation_matrix": [
   [
    0.9632971882820129,
    -0.26834943890571594,
    -0.006866425275802612
   ],
   [
    0.26835745573043823,
    0.9633193612098694,
    0.0002578665444161743
   ],
   [
    0.006545362528413534,
    -0.0020910585299134254,
    0.999976396560669
   ]
  ]
 },
 {
  "rotation_euler": [
   -0.0020873495377600193,
   -0.006552310660481453,
   -0.1201595589518547
  ],
  "euler_order": "XYZ",
  "rotation_matrix": [
   [
    0.9927682280540466,
    0.1198839321732521,
    -0.006254793144762516
   ],
   [
    -0.11986804753541946,
    0.9927856922149658,
    0.002857719548046589
   ],
   [
    0.006552263628691435,
    -0.002087303204461932,
    0.9999763369560242
   ]
  ]
 },
 {
  "rotation_euler": [
   0.7827631831169128,
   -1.510637640953064,
   -2.115368366241455
  ],
  "euler_order": "XYZ",
  "rotation_matrix": [
   [
    -0.031146537512540817,
    0.9711054563522339,
    -0.23660963773727417
   ],
   [
    -0.051425643265247345,
    0.23485399782657623,
    0.9706693291664124
   ],
   [
    0.9981909990310669,
    0.0424007922410965,
    0.042624834924936295
   ]
  ]
 },
 {
  "rotation_euler": [
   0.7750388383865356,
   -1.5019168853759766,
   -1.164505124092102
  ],
  "euler_order": "XYZ",
  "rotation_matrix": [
   [
    0.027199992910027504,
    0.3803504705429077,
    -0.9244423508644104
   ],
   [
    -0.06322214752435684,
    0.9235876202583313,
    0.37813863158226013
   ],
   [
    0.9976287484169006,
    0.04815986007452011,
    0.04916815087199211
   ]
  ]
 },
 {
  "rotation_euler": [
   0.0019154931651428342,
   -0.06411415338516235,
   2.029341697692871
  ],
  "euler_order": "XYZ",
  "rotation_matrix": [
   [
    -0.44173476099967957,
    -0.8966413736343384,
    0.03007788397371769
   ],
   [
    0.8948549628257751,
    -0.44275346398353577,
    -0.056603625416755676
   ],
   [
    0.06407023966312408,
    0.0019115564646199346,
    0.9979435801506042
   ]
  ]
 },
 {
  "rotation_euler": [
   -0.0021039254497736692,
   -0.006562282796949148,
   -1.207230567932129
  ],
  "euler_order": "XYZ",
  "rotation_matrix": [
   [
    0.3556015193462372,
    0.9346376061439514,
    -0.000367185624781996
   ],
   [
    -0.9346145987510681,
    0.3555954694747925,
    0.00688145449385047
   ],
   [
    0.00656223576515913,
    -0.002103878650814295,
    0.9999762773513794
   ]
  ]
 },
 {
  "rotation_euler": [
   0.7826498746871948,
   -1.5106483697891235,
   0.8746023774147034
  ],
  "euler_order": "XYZ",
  "rotation_matrix": [
   [
    0.0385497510433197,
    -0.9954472184181213,
    0.0871705412864685
   ],
   [
    0.046123016625642776,
    -0.08536983281373978,
    -0.9952812194824219
   ],
   [
    0.9981916546821594,
    0.04238840937614441,
    0.04262204468250275
   ]
  ]
 },
 {
  "rotation_euler": [
   -0.0020793022122234106,
   -0.006612933706492186,
   -2.0474507808685303
  ],
  "euler_order": "XYZ",
  "rotation_matrix": [
   [
    -0.4587990939617157,
    0.8885266184806824,
    0.004881576634943485
   ],
   [
    -0.8885154128074646,
    -0.4588203430175781,
    0.004921764601022005
   ],
   [
    0.006612885277718306,
    -0.0020792551804333925,
    0.9999759793281555
   ]
  ]
 },
 {
  "rotation_euler": [
   0.7604241967201233,
   1.5092579126358032,
   1.911475658416748
  ],
  "euler_order": "XYZ",
  "rotation_matrix": [
   [
    -0.02054869942367077,
    -0.9127570390701294,
    0.40798571705818176
   ],
   [
    0.05796507000923157,
    0.40629783272743225,
    0.9119002819061279
   ],
   [
    -0.9981071352958679,
    0.042387284338474274,
    0.044559136033058167
   ]
  ]
 },
 {
  "rotation_euler": [
   -0.002091163070872426,
   -0.006551187019795179,
   -1.4583252668380737
  ],
  "euler_order": "XYZ",
  "rotation_matrix": [
   [
    0.11223167926073074,
    0.9936811327934265,
    0.0013426895020529628
   ],
   [
    -0.9936604499816895,
    0.11222022771835327,
    0.006744434125721455
   ],
   [
    0.006551139988005161,
    -0.002091116737574339,
    0.9999763369560242
   ]
  ]
 },
 {
  "rotation_euler": [
   -2.3589377403259277,
   -1.6309443712234497,
   0.300442099571228
  ],
  "euler_order": "XYZ",
  "rotation_matrix": [
   [
    -0.05741912126541138,
    0.882195234298706,
    0.4673699140548706
   ],
   [
    -0.017789633944630623,
    -0.4689720571041107,
    0.883033812046051
   ],
   [
    0.9981916546821594,
    0.042388688772916794,
    0.04262189194560051
   ]
  ]
 },
 {
  "rotation_euler": [
   0.7604219913482666,
   1.5092582702636719,
   -0.7218321561813354
  ],
  "euler_order": "XYZ",
  "rotation_matrix": [
   [
    0.046161092817783356,
    0.9951034784317017,
    0.08739711344242096
   ],
   [
    -0.04063628986477852,
    0.08928856998682022,
    -0.9951764941215515
   ],
   [
    -0.9981071352958679,
    0.042386941611766815,
    0.044558968394994736
   ]
  ]
 },
 {
  "rotation_euler": [
   -0.0020777832251042128,
   -0.006615179590880871,
   -0.14339600503444672
  ],
  "euler_order": "XYZ",
  "rotation_matrix": [
   [
    0.9897147417068481,
    0.14291837811470032,
    -0.0062502967193722725
   ],
   [
    -0.1429019570350647,
    0.9897323250770569,
    0.003001790028065443
   ],
   [
    0.006615131162106991,
    -0.0020777361933141947,
    0.9999759793281555
   ]
  ]
 },
 {
  "rotation_euler": [
   -0.0020935412030667067,
   -0.006562454625964165,
   -1.859237551689148
  ],
  "euler_order": "XYZ",
  "rotation_matrix": [
   [
    -0.28445208072662354,
    0.9586824178695679,
    0.0038737787399441004
   ],
   [
    -0.9586678147315979,
    -0.28447073698043823,
    0.005695765838027
   ],
   [
    0.006562407594174147,
    -0.002093494636937976,
    0.9999762773513794
   ]
  ]
 },
 {
  "rotation_euler": [
   0.7604190707206726,
   1.5092579126358032,
   -1.4034464359283447
  ],
  "euler_order": "XYZ",
  "rotation_matrix": [
   [
    0.010243975557386875,
    0.829011857509613,
    -0.5591371655464172
   ],
   [
    -0.06064040958881378,
    -0.5576223134994507,
    -0.8278768658638
   ],
   [
    -0.9981071352958679,
    0.04238705709576607,
    0.04455935209989548
   ]
  ]
 }
]