[
 {
  "rotation_euler": [
   4.864299262408167e-05,
   0.003637567162513733,
   3.0420279502868652
  ],
  "euler_order": "XYZ",
  "rotation_matrix": [
   [
    -0.9950409531593323,
    -0.09940046072006226,
    -0.0036147090140730143
   ],
   [
    0.0993996262550354,
    -0.9950475096702576,
    0.0004099764919374138
   ],
   [
    -0.0036375592462718487,
    4.864267248194665e-05,
    0.9999933838844299
   ]
  ]
 },
 {
  "rotation_euler": [
   5.820373189635575e-05,
   0.0036356118507683277,
   1.927780270576477
  ],
  "euler_order": "XYZ",
  "rotation_matrix": [
   [
    -0.3494476079940796,
    -0.9369550943374634,
    -0.00121592718642205
   ],
   [
    0.936948835849762,
    -0.3494497239589691,
    0.0034267366863787174
   ],
   [
    -0.0036356039345264435,
    5.8203346270602196e-05,
    0.9999933838844299
   ]
  ]
 },
 {
  "rotation_euler": [
   7.24411875125952e-05,
   0.003637317568063736,
   2.7945661544799805
  ],
  "euler_order": "XYZ",
  "rotation_matrix": [
   [
    -0.9403819441795349,
    -0.3401033282279968,
    -0.003395845415070653
   ],
   [
    0.34010082483291626,
    -0.9403880834579468,
    0.0013051829300820827
   ],
   [
    -0.0036373096518218517,
    7.244070729939267e-05,
    0.9999933838844299
   ]
  ]
 },
 {
  "rotation_euler": [
   5.924193101236597e-05,
   0.0036375652998685837,
   -0.2549249231815338
  ],
  "euler_order": "XYZ",
  "rotation_matrix": [
   [
    0.9676758050918579,
    0.25217297673225403,
    0.003505060449242592
   ],
   [
    -0.2521710991859436,
    0.9676821827888489,
    -0.0009746202267706394
   ],
   [
    -0.0036375573836266994,
    5.92415381106548e-05,
    0.9999933838844299
   ]
  ]
 },
 {
  "rotation_euler": [
   6.869246863061562e-05,
   0.0036328034475445747,
   -1.1881884336471558
  ],
  "euler_order": "XYZ",
  "rotation_matrix": [
   [
    0.37333860993385315,
    0.9276942610740662,
    0.0012925461633130908
   ],
   [
    -0.9276880621910095,
    0.3733408451080322,
    -0.003395768813788891
   ],
   [
    -0.0036327955313026905,
    6.869201752124354e-05,
    0.9999933838844299
   ]
  ]
 },
 {
  "rotation_euler": [
   7.18479641363956e-05,
   0.003633411368355155,
   -1.743274211883545
  ],
  "euler_order": "XYZ",
  "rotation_matrix": [
   [
    -0.1716228574514389,
    0.9851624965667725,
    -0.0006943611078895628
   ],
   [
    -0.9851559996604919,
    -0.17162424325942993,
    -0.0035671619698405266
   ],
   [
    -0.0036334034521132708,
    7.184749119915068e-05,
    0.9999933838844299
   ]
  ]
 },
 {
  "rotation_euler": [
   5.8262878155801445e-05,
   0.0036384938284754753,
   1.4717179536819458
  ],
  "euler_order": "XYZ",
  "rotation_matrix": [
   [
    0.098915696144104,
    -0.9950957298278809,
    0.000417882896726951
   ],
   [
    0.9950891733169556,
    0.09891656041145325,
    0.0036148785147815943
   ],
   [
    -0.003638485912233591,
    5.8262492530047894e-05,
    0.9999933838844299
   ]
  ]
 },
 {
  "rotation_euler": [
   6.065077832317911e-05,
   0.0036369292065501213,
   -1.7011020183563232
  ],
  "euler_order": "XYZ",
  "rotation_matrix": [
   [
    -0.12993638217449188,
    0.9915221929550171,
    -0.0005327081307768822
   ],
   [
    -0.9915156364440918,
    -0.12993746995925903,
    -0.00359820737503469
   ],
   [
    -0.003636921290308237,
    6.065037814551033e-05,
    0.9999933838844299
   ]
  ]
 },
 {
  "rotation_euler": [
   6.729878077749163e-05,
   0.0036372393369674683,
   2.121155261993408
  ],
  "euler_order": "XYZ",
  "rotation_matrix": [
   [
    -0.5229897499084473,
    -0.8523370027542114,
    -0.0018448859918862581
   ],
   [
    0.8523312211036682,
    -0.5229929685592651,
    0.0031353430822491646
   ],
   [
    -0.003637231420725584,
    6.729833694407716e-05,
    0.9999933838844299
   ]
  ]
 },
 {
  "rotation_euler": [
   5.960825001238845e-05,
   0.003636148991063237,
   -2.7716190814971924
  ],
  "euler_order": "XYZ",
  "rotation_matrix": [
   [
    -0.9323307275772095,
    0.36159059405326843,
    -0.0034116622991859913
   ],
   [
    -0.36158838868141174,
    -0.9323369860649109,
    -0.0012592201819643378
   ],
   [
    -0.003636141074821353,
    5.960785711067729e-05,
    0.9999933838844299
   ]
  ]
 },
 {
  "rotation_euler": [
   5.785623943665996e-05,
   0.0036355992779135704,
   -0.3455657660961151
  ],
  "euler_order": "XYZ",
  "rotation_matrix": [
   [
    0.9408777356147766,
    0.33872926235198975,
    0.003401071997359395
   ],
   [
    -0.33872681856155396,
    0.9408838748931885,
    -0.0012859164271503687
   ],
   [
    -0.003635591361671686,
    5.785585744888522e-05,
    0.9999933838844299
   ]
  ]
 },
 {
  "rotation_euler": [
   7.684363663429394e-05,
   0.0036436347290873528,
   0.8932390213012695
  ],
  "euler_order": "XYZ",
  "rotation_matrix": [
   [
    0.6268876194953918,
    -0.7791061401367188,
    0.002344029024243355
   ],
   [
    0.7791011929512024,
    0.6268919706344604,
    0.002790600061416626
   ],
   [
    -0.003643626580014825,
    7.684312731726095e-05,
    0.9999933838844299
   ]
  ]
 },
 {
  "rotation_euler": [
   5.9270831116009504e-05,
   0.0036376214120537043,
   3.0902161598205566
  ],
  "euler_order": "XYZ",
  "rotation_matrix": [
   [
    -0.9986739158630371,
    -0.05135411024093628,
    -0.0036297698970884085
   ],
   [
    0.05135355517268181,
    -0.9986805319786072,
    0.00024599823518656194
   ],
   [
    -0.00363761349581182,
    5.927043821429834e-05,
    0.9999933838844299
   ]
  ]
 },
 {
  "rotation_euler": [
   5.821059676236473e-05,
   0.0036358556244522333,
   -2.73966121673584
  ],
  "euler_order": "XYZ",
  "rotation_matrix": [
   [
    -0.920301079750061,
    0.3911963999271393,
    -0.0033688682597130537
   ],
   [
    -0.3911939859390259,
    -0.9203072190284729,
    -0.0013687595492228866
   ],
   [
    -0.003635847708210349,
    5.821021113661118e-05,
    0.9999933838844299
   ]
  ]
 },
 {
  "rotation_euler": [
   7.609280874021351e-05,
   0.003643353935331106,
   -1.216827630996704
  ],
  "euler_order": "XYZ",
  "rotation_matrix": [
   [
    0.3466208875179291,
    0.9380045533180237,
    0.0011914927745237947
   ],
   [
    -0.9379982352256775,
    0.34662291407585144,
    -0.003443850204348564
   ],
   [
    -0.0036433457862585783,
    7.609230669913813e-05,
    0.9999933838844299
   ]
  ]
 },
 {
  "rotation_euler": [
   5.971089922240935e-05,
   0.0036384447012096643,
   -1.6339808702468872
  ],
  "euler_order": "XYZ",
  "rotation_matrix": [
   [
    -0.0631420910358429,
    0.9980044960975647,
    -0.000289331772364676
   ],
   [
    -0.9979979395866394,
    -0.06314272433519363,
    -0.0036274059675633907
   ],
   [
    -0.00363843678496778,
    5.971050268271938e-05,
    0.9999933838844299
   ]
  ]
 }
]