[
 {
  "rotation_euler": [
   -0.33313584327697754,
   2.989135980606079,
   0.47770631313323975
  ],
  "euler_order": "XYZ",
  "rotation_matrix": [
   [
    -0.8777512311935425,
    -0.4785695970058441,
    -0.022888975217938423
   ],
   [
    -0.4544109106063843,
    0.8163964152336121,
    0.35638126730918884
   ],
   [
    -0.15186676383018494,
    0.3232150971889496,
    -0.9340602159500122
   ]
  ]
 },
 {
  "rotation_euler": [
   0.015454110689461231,
   -0.15875916182994843,
   1.2200778722763062
  ],
  "euler_order": "XYZ",
  "rotation_matrix": [
   [
    0.33925190567970276,
    -0.9398533701896667,
    -0.03979719057679176
   ],
   [
    0.927315890789032,
    0.34123721718788147,
    -0.15376102924346924
   ],
   [
    0.15809309482574463,
    0.015259156003594398,
    0.9873062968254089
   ]
  ]
 },
 {
  "rotation_euler": [
   0.007539127487689257,
   -0.17947766184806824,
   -1.2016661167144775
  ],
  "euler_order": "XYZ",
  "rotation_matrix": [
   [
    0.3550087809562683,
    0.932129442691803,
    -0.07143863290548325
   ],
   [
    -0.9176605939865112,
    0.36204931139945984,
    0.16376625001430511
   ],
   [
    0.17851564288139343,
    0.007417956832796335,
    0.9839091300964355
   ]
  ]
 },
 {
  "rotation_euler": [
   0.054728467017412186,
   -0.4785754382610321,
   -0.21665018796920776
  ],
  "euler_order": "XYZ",
  "rotation_matrix": [
   [
    0.8669012188911438,
    0.19003567099571228,
    -0.460834801197052
   ],
   [
    -0.19080905616283417,
    0.9805757403373718,
    0.04542141035199165
   ],
   [
    0.4605151414871216,
    0.04855557903647423,
    0.8863228559494019
   ]
  ]
 },
 {
  "rotation_euler": [
   0.012898299843072891,
   -0.2430991679430008,
   0.28578701615333557
  ],
  "euler_order": "XYZ",
  "rotation_matrix": [
   [
    0.931229293346405,
    -0.28486794233322144,
    -0.22729326784610748
   ],
   [
    0.2736234664916992,
    0.9584850072860718,
    -0.08022885769605637
   ],
   [
    0.24071182310581207,
    0.012518699280917645,
    0.9705159068107605
   ]
  ]
 },
 {
  "rotation_euler": [
   0.05662766844034195,
   -0.4940006136894226,
   -2.0983190536499023
  ],
  "euler_order": "XYZ",
  "rotation_matrix": [
   [
    -0.44321006536483765,
    0.8761807084083557,
    0.18939948081970215
   ],
   [
    -0.7607527375221252,
    -0.4793998599052429,
    0.4375283420085907
   ],
   [
    0.47415199875831604,
    0.04983079433441162,
    0.8790317177772522
   ]
  ]
 },
 {
  "rotation_euler": [
   0.05010295659303665,
   -0.4401005506515503,
   2.4295361042022705
  ],
  "euler_order": "XYZ",
  "rotation_matrix": [
   [
    -0.6848824620246887,
    -0.636419951915741,
    0.35483190417289734
   ],
   [
    0.5911295413970947,
    -0.7700108289718628,
    -0.24010249972343445
   ],
   [
    0.4260304272174835,
    0.04530962556600571,
    0.9035735130310059
   ]
  ]
 },
 {
  "rotation_euler": [
   -0.0037564693484455347,
   -0.07275731861591339,
   -1.2934861183166504
  ],
  "euler_order": "XYZ",
  "rotation_matrix": [
   [
    0.27304530143737793,
    0.9618632793426514,
    -0.016288086771965027
   ],
   [
    -0.9592507481575012,
    0.2735050320625305,
    0.07094383239746094
   ],
   [
    0.07269314676523209,
    -0.003746522357687354,
    0.9973472952842712
   ]
  ]
 },
 {
  "rotation_euler": [
   0.06531068682670593,
   -0.5612884163856506,
   2.678215503692627
  ],
  "euler_order": "XYZ",
  "rotation_matrix": [
   [
    -0.7572976350784302,
    -0.41494330763816833,
    0.5043038725852966
   ],
   [
    0.3783928155899048,
    -0.9081681370735168,
    -0.1790236532688141
   ],
   [
    0.5322773456573486,
    0.05525077134370804,
    0.8447651267051697
   ]
  ]
 },
 {
  "rotation_euler": [
   0.05798022821545601,
   -0.5048314929008484,
   -3.003207206726074
  ],
  "euler_order": "XYZ",
  "rotation_matrix": [
   [
    -0.8668885231018066,
    0.16547144949436188,
    0.4702376425266266
   ],
   [
    -0.12073646485805511,
    -0.9849095344543457,
    0.12399972975254059
   ],
   [
    0.483659952878952,
    0.050719112157821655,
    0.8737851977348328
   ]
  ]
 },
 {
  "rotation_euler": [
   2.80131459236145,
   0.24679940938949585,
   -1.2063130140304565
  ],
  "euler_order": "XYZ",
  "rotation_matrix": [
   [
    0.3456653952598572,
    -0.8516719341278076,
    -0.39391663670539856
   ],
   [
    -0.9059978723526001,
    -0.4122067391872406,
    0.09619492292404175
   ],
   [
    -0.24430160224437714,
    0.32363638281822205,
    -0.9140985608100891
   ]
  ]
 },
 {
  "rotation_euler": [
   -0.009269149973988533,
   -0.050276413559913635,
   -0.02101864106953144
  ],
  "euler_order": "XYZ",
  "rotation_matrix": [
   [
    0.998515784740448,
    0.02148190513253212,
    -0.050047170370817184
   ],
   [
    -0.020990535616874695,
    0.9997263550758362,
    0.010323143564164639
   ],
   [
    0.05025523528456688,
    -0.009257305413484573,
    0.9986935257911682
   ]
  ]
 },
 {
  "rotation_euler": [
   -0.3493547737598419,
   2.5435943603515625,
   -1.6122934818267822
  ],
  "euler_order": "XYZ",
  "rotation_matrix": [
   [
    0.03428607061505318,
    0.9467793703079224,
    0.32005202770233154
   ],
   [
    0.8257527351379395,
    0.15356133878231049,
    -0.5427258610725403
   ],
   [
    -0.5629892349243164,
    0.28289178013801575,
    -0.7765406370162964
   ]
  ]
 },
 {
  "rotation_euler": [
   -0.003753216238692403,
   -0.0728045329451561,
   -1.9652258157730103
  ],
  "euler_order": "XYZ",
  "rotation_matrix": [
   [
    -0.38326355814933777,
    0.9231045246124268,
    0.03141755238175392
   ],
   [
    -0.9207702875137329,
    -0.3845308721065521,
    0.06571218371391296
   ],
   [
    0.07274023443460464,
    -0.003743264824151993,
    0.997343897819519
   ]
  ]
 },
 {
  "rotation_euler": [
   -0.003753975499421358,
   -0.07276489585638046,
   -1.862892508506775
  ],
  "euler_order": "XYZ",
  "rotation_matrix": [
   [
    -0.2871982455253601,
    0.9575570225715637,
    0.024529721587896347
   ],
   [
    -0.9551082253456116,
    -0.2882195711135864,
    0.06853979080915451
   ],
   [
    0.07270070165395737,
    -0.003744032932445407,
    0.9973467588424683
   ]
  ]
 },
 {
  "rotation_euler": [
   0.05271589756011963,
   -0.46195662021636963,
   -2.122067451477051
  ],
  "euler_order": "XYZ",
  "rotation_matrix": [
   [
    -0.46886998414993286,
    0.862976610660553,
    0.18823473155498505
   ],
   [
    -0.7625693678855896,
    -0.5030372738838196,
    0.40674498677253723
   ],
   [
    0.4457004964351654,
    0.04716847836971283,
    0.8939386010169983
   ]
  ]
 }
]