[
 {
  "rotation_euler": [
   0.7769722938537598,
   -9.98888754111249e-06,
   0.5296041369438171
  ],
  "euler_order": "XYZ",
  "rotation_matrix": [
   [
    0.863007128238678,
    -0.3602277636528015,
    0.35419580340385437
   ],
   [
    0.5051917433738708,
    0.6153547167778015,
    -0.605078399181366
   ],
   [
    9.98888754111249e-06,
    0.7011237740516663,
    0.7130395770072937
   ]
  ]
 },
 {
  "rotation_euler": [
   -2.709038257598877,
   0.09426432847976685,
   0.07790528237819672
  ],
  "euler_order": "XYZ",
  "rotation_matrix": [
   [
    0.9925407767295837,
    0.03132190182805061,
    -0.11782070249319077
   ],
   [
    0.0774809867143631,
    -0.9082149267196655,
    0.4112691283226013
   ],
   [
    -0.09412478655576706,
    -0.417330265045166,
    -0.903867244720459
   ]
  ]
 },
 {
  "rotation_euler": [
   0.7753610014915466,
   0.009414670057594776,
   -2.9628238677978516
  ],
  "euler_order": "XYZ",
  "rotation_matrix": [
   [
    -0.9840197563171387,
    0.12050717324018478,
    -0.13108445703983307
   ],
   [
    -0.17781023681163788,
    -0.7039587497711182,
    0.687623143196106
   ],
   [
    -0.009414531290531158,
    0.6999428868293762,
    0.7141367197036743
   ]
  ]
 },
 {
  "rotation_euler": [
   0.7850772738456726,
   0.0458214171230793,
   1.945967674255371
  ],
  "euler_order": "XYZ",
  "rotation_matrix": [
   [
    -0.36604735255241394,
    -0.6699995994567871,
    0.6458404064178467
   ],
   [
    0.9294682145118713,
    -0.22906287014484406,
    0.2891694903373718
   ],
   [
    -0.04580538347363472,
    0.7061378955841064,
    0.7065911889076233
   ]
  ]
 },
 {
  "rotation_euler": [
   0.7769718170166016,
   -8.728974535188172e-06,
   -0.028410928323864937
  ],
  "euler_order": "XYZ",
  "rotation_matrix": [
   [
    0.9995964169502258,
    0.02024928294122219,
    -0.01992310956120491
   ],
   [
    -0.028407106176018715,
    0.7127523422241211,
    -0.7008402943611145
   ],
   [
    8.728974535188172e-06,
    0.7011234164237976,
    0.7130399346351624
   ]
  ]
 },
 {
  "rotation_euler": [
   0.7929101586341858,
   0.08909641951322556,
   -0.5569421052932739
  ],
  "euler_order": "XYZ",
  "rotation_matrix": [
   [
    0.8455084562301636,
    0.4247620403766632,
    -0.32356253266334534
   ],
   [
    -0.5264962315559387,
    0.562213122844696,
    -0.6377445459365845
   ],
   [
    -0.0889785885810852,
    0.7095728516578674,
    0.6989915370941162
   ]
  ]
 },
 {
  "rotation_euler": [
   0.7769723534584045,
   1.168795733974548e-05,
   -3.0868167877197266
  ],
  "euler_order": "XYZ",
  "rotation_matrix": [
   [
    -0.9985001683235168,
    0.039029646664857864,
    -0.038393784314394
   ],
   [
    -0.05474847927689552,
    -0.7119705677032471,
    0.7000718116760254
   ],
   [
    -1.168795733974548e-05,
    0.701123833656311,
    0.7130395770072937
   ]
  ]
 },
 {
  "rotation_euler": [
   0.7839156985282898,
   -0.0391579195857048,
   -2.290742874145508
  ],
  "euler_order": "XYZ",
  "rotation_matrix": [
   [
    -0.6588390469551086,
    0.5506440997123718,
    -0.5125643014907837
   ],
   [
    -0.7512646317481995,
    -0.4461362063884735,
    0.48637840151786804
   ],
   [
    0.039147913455963135,
    0.705516517162323,
    0.7076114416122437
   ]
  ]
 },
 {
  "rotation_euler": [
   0.7769716382026672,
   -6.682750608888455e-06,
   -0.2927718460559845
  ],
  "euler_order": "XYZ",
  "rotation_matrix": [
   [
    0.9574475884437561,
    0.20578402280807495,
    -0.2023538053035736
   ],
   [
    -0.28860723972320557,
    0.6826998591423035,
    -0.6712874174118042
   ],
   [
    6.682750608888455e-06,
    0.7011232972145081,
    0.7130400538444519
   ]
  ]
 },
 {
  "rotation_euler": [
   0.7769717574119568,
   6.0611218941630796e-06,
   -3.034274101257324
  ],
  "euler_order": "XYZ",
  "rotation_matrix": [
   [
    -0.9942469000816345,
    0.07637138664722443,
    -0.07510349154472351
   ],
   [
    -0.10711266845464706,
    -0.7089382410049438,
    0.6970892548561096
   ],
   [
    -6.0611218941630796e-06,
    0.7011233568191528,
    0.7130399942398071
   ]
  ]
 },
 {
  "rotation_euler": [
   -2.709038019180298,
   -0.14030711352825165,
   -0.05843402072787285
  ],
  "euler_order": "XYZ",
  "rotation_matrix": [
   [
    0.9884830713272095,
    0.005500775761902332,
    0.15123139321804047
   ],
   [
    -0.057826872915029526,
    -0.9097718596458435,
    0.4110610783100128
   ],
   [
    0.13984721899032593,
    -0.41507217288017273,
    -0.8989760279655457
   ]
  ]
 },
 {
  "rotation_euler": [
   0.7913050651550293,
   -0.08020591735839844,
   2.1157779693603516
  ],
  "euler_order": "XYZ",
  "rotation_matrix": [
   [
    -0.516735851764679,
    -0.571548581123352,
    0.6374294757843018
   ],
   [
    0.8523877263069153,
    -0.4131259024143219,
    0.3205653429031372
   ],
   [
    0.08011995255947113,
    0.7089846730232239,
    0.7006579637527466
   ]
  ]
 },
 {
  "rotation_euler": [
   -2.625847578048706,
   -0.9021487832069397,
   0.938275158405304
  ],
  "euler_order": "XYZ",
  "rotation_matrix": [
   [
    0.3664875030517578,
    0.9304051399230957,
    0.005765664856880903
   ],
   [
    0.49999433755874634,
    -0.20216672122478485,
    0.8421010971069336
   ],
   [
    0.784660816192627,
    -0.3057367205619812,
    -0.5392888784408569
   ]
  ]
 },
 {
  "rotation_euler": [
   -2.709038019180298,
   0.012316177599132061,
   0.05150458216667175
  ],
  "euler_order": "XYZ",
  "rotation_matrix": [
   [
    0.9985982179641724,
    0.04158436506986618,
    -0.032747458666563034
   ],
   [
    0.051477909088134766,
    -0.9069597125053406,
    0.4180600047111511
   ],
   [
    -0.01231586653739214,
    -0.4191597104072571,
    -0.9078289866447449
   ]
  ]
 },
 {
  "rotation_euler": [
   0.7797505259513855,
   0.016062075272202492,
   -2.965362787246704
  ],
  "euler_order": "XYZ",
  "rotation_matrix": [
   [
    -0.9843846559524536,
    0.11354958266019821,
    -0.13451138138771057
   ],
   [
    -0.17529647052288055,
    -0.7020552158355713,
    0.6902098059654236
   ],
   [
    -0.016061384230852127,
    0.7030113339424133,
    0.7109972238540649
   ]
  ]
 },
 {
  "rotation_euler": [
   0.432553768157959,
   -2.8716793060302734,
   -0.09831813722848892
  ],
  "euler_order": "XYZ",
  "rotation_matrix": [
   [
    -0.9591395258903503,
    -0.022117411717772484,
    -0.2820677161216736
   ],
   [
    0.09460584074258804,
    0.9144855737686157,
    -0.3934028744697571
   ],
   [
    0.26664793491363525,
    -0.4040135145187378,
    -0.8750268220901489
   ]
  ]
 }
]