[
 {
  "rotation_euler": [
   -1.6507421731948853,
   -1.405571460723877,
   -1.2995035648345947
  ],
  "euler_order": "XYZ",
  "rotation_matrix": [
   [
    0.04407531023025513,
    0.18654358386993408,
    0.981457531452179
   ],
   [
    -0.15845854580402374,
    -0.9686703681945801,
    0.1912292093038559
   ],
   [
    0.9863814115524292,
    -0.16394881904125214,
    -0.013135022483766079
   ]
  ]
 },
 {
  "rotation_euler": [
   1.559289813041687,
   1.7348873615264893,
   -0.3117485046386719
  ],
  "euler_order": "XYZ",
  "rotation_matrix": [
   [
    -0.15548169612884521,
    0.9424805045127869,
    -0.2958984971046448
   ],
   [
    0.05010498687624931,
    -0.2916315197944641,
    -0.9552175402641296
   ],
   [
    -0.9865672588348389,
    -0.1633448302745819,
    -0.0018796124495565891
   ]
  ]
 },
 {
  "rotation_euler": [
   1.4829070568084717,
   -1.7362055778503418,
   1.483777403831482
  ],
  "euler_order": "XYZ",
  "rotation_matrix": [
   [
    -0.014310112223029137,
    -0.1728360950946808,
    0.9848466515541077
   ],
   [
    -0.16403299570083618,
    -0.9711977243423462,
    -0.1728242188692093
   ],
   [
    0.9863510727882385,
    -0.16402047872543335,
    -0.014452872797846794
   ]
  ]
 },
 {
  "rotation_euler": [
   1.637213945388794,
   -1.7344824075698853,
   1.305645227432251
  ],
  "euler_order": "XYZ",
  "rotation_matrix": [
   [
    -0.042703479528427124,
    -0.19393281638622284,
    0.9800849556922913
   ],
   [
    -0.15726126730442047,
    -0.9674462676048279,
    -0.19828402996063232
   ],
   [
    0.98663330078125,
    -0.16259682178497314,
    0.010815201327204704
   ]
  ]
 },
 {
  "rotation_euler": [
   -1.4072933197021484,
   -1.406219244003296,
   0.1816590130329132
  ],
  "euler_order": "XYZ",
  "rotation_matrix": [
   [
    0.16113929450511932,
    0.9279079437255859,
    -0.33618587255477905
   ],
   [
    0.02959870919585228,
    0.33594056963920593,
    0.9414179921150208
   ],
   [
    0.9864877462387085,
    -0.16165009140968323,
    0.02666834555566311
   ]
  ]
 },
 {
  "rotation_euler": [
   1.3145904541015625,
   -1.7433661222457886,
   -1.4045960903167725
  ],
  "euler_order": "XYZ",
  "rotation_matrix": [
   [
    -0.028407791629433632,
    0.09226121753454208,
    -0.9953294992446899
   ],
   [
    0.16934840381145477,
    0.9817817807197571,
    0.08617203682661057
   ],
   [
    0.9851467609405518,
    -0.16610950231552124,
    -0.043514542281627655
   ]
  ]
 },
 {
  "rotation_euler": [
   -1.305956482887268,
   1.4036204814910889,
   -1.0489532947540283
  ],
  "euler_order": "XYZ",
  "rotation_matrix": [
   [
    0.08294598013162613,
    -0.24747613072395325,
    0.9653369784355164
   ],
   [
    -0.14425095915794373,
    0.9554916620254517,
    0.25734683871269226
   ],
   [
    -0.9860586524009705,
    -0.16059666872024536,
    0.043555520474910736
   ]
  ]
 },
 {
  "rotation_euler": [
   1.469105839729309,
   -1.7365515232086182,
   -1.39976167678833
  ],
  "euler_order": "XYZ",
  "rotation_matrix": [
   [
    -0.02808285690844059,
    -0.06696786731481552,
    -0.9973598718643188
   ],
   [
    0.16258978843688965,
    0.9841604232788086,
    -0.07065966725349426
   ],
   [
    0.9862940311431885,
    -0.1641448438167572,
    -0.01674974523484707
   ]
  ]
 },
 {
  "rotation_euler": [
   -1.652369499206543,
   -1.4054069519042969,
   -1.0849472284317017
  ],
  "euler_order": "XYZ",
  "rotation_matrix": [
   [
    0.07687851041555405,
    0.3870023787021637,
    0.9188682436943054
   ],
   [
    -0.14558447897434235,
    -0.9073609709739685,
    0.39433637261390686
   ],
   [
    0.9863543510437012,
    -0.16408894956111908,
    -0.013415024615824223
   ]
  ]
 },
 {
  "rotation_euler": [
   1.4750287532806396,
   1.7363991737365723,
   0.3290964961051941
  ],
  "euler_order": "XYZ",
  "rotation_matrix": [
   [
    -0.15600040555000305,
    0.898207426071167,
    0.4109589755535126
   ],
   [
    -0.053276583552360535,
    0.4077957272529602,
    -0.9115175604820251
   ],
   [
    -0.9863191843032837,
    -0.16409160196781158,
    -0.015762872993946075
   ]
  ]
 },
 {
  "rotation_euler": [
   1.5595688819885254,
   -1.7348644733428955,
   0.2840525209903717
  ],
  "euler_order": "XYZ",
  "rotation_matrix": [
   [
    -0.1567879170179367,
    -0.9501234292984009,
    0.2695978283882141
   ],
   [
    -0.04577377438545227,
    -0.265689879655838,
    -0.9629712700843811
   ],
   [
    0.9865710139274597,
    -0.16332276165485382,
    -0.0018337743822485209
   ]
  ]
 },
 {
  "rotation_euler": [
   -1.712267279624939,
   1.4038642644882202,
   1.3879072666168213
  ],
  "euler_order": "XYZ",
  "rotation_matrix": [
   [
    0.03021932765841484,
    -0.038903363049030304,
    -0.9987859129905701
   ],
   [
    0.16338671743869781,
    -0.9856099486351013,
    0.043333590030670166
   ],
   [
    -0.9860991835594177,
    -0.16449786722660065,
    -0.0234281774610281
   ]
  ]
 },
 {
  "rotation_euler": [
   1.2543995380401611,
   -1.7250436544418335,
   0.4619964063167572
  ],
  "euler_order": "XYZ",
  "rotation_matrix": [
   [
    -0.13752985000610352,
    -0.9793187379837036,
    0.14839252829551697
   ],
   [
    -0.06848129630088806,
    -0.14005638659000397,
    -0.987772524356842
   ],
   [
    0.9881274700164795,
    -0.14601030945777893,
    -0.04780308157205582
   ]
  ]
 },
 {
  "rotation_euler": [
   -1.6849535703659058,
   -1.4047025442123413,
   0.9403653144836426
  ],
  "euler_order": "XYZ",
  "rotation_matrix": [
   [
    0.09746155887842178,
    0.6696093678474426,
    -0.7362911105155945
   ],
   [
    0.13355013728141785,
    0.7243228554725647,
    0.6764028072357178
   ],
   [
    0.9862381219863892,
    -0.1642550379037857,
    -0.01883278228342533
   ]
  ]
 },
 {
  "rotation_euler": [
   1.4088702201843262,
   1.738446593284607,
   -0.6513423919677734
  ],
  "euler_order": "XYZ",
  "rotation_matrix": [
   [
    -0.13270366191864014,
    0.87160325050354,
    -0.4719083905220032
   ],
   [
    0.10116328299045563,
    -0.4617220163345337,
    -0.8812370896339417
   ],
   [
    -0.9859795570373535,
    -0.16468317806720734,
    -0.02690204232931137
   ]
  ]
 },
 {
  "rotation_euler": [
   1.4800572395324707,
   1.736281394958496,
   1.2472264766693115
  ],
  "euler_order": "XYZ",
  "rotation_matrix": [
   [
    -0.052376680076122284,
    0.226406991481781,
    0.9726235270500183
   ],
   [
    -0.15618231892585754,
    0.9601179361343384,
    -0.23190650343894958
   ],
   [
    -0.9863385558128357,
    -0.16405309736728668,
    -0.01492701843380928
   ]
  ]
 }
]