[
 {
  "rotation_euler": [
   -0.3368155360221863,
   0.7895020246505737,
   -1.8533976078033447
  ],
  "euler_order": "XYZ",
  "rotation_matrix": [
   [
    -0.19636918604373932,
    0.9718055725097656,
    0.13051104545593262
   ],
   [
    -0.6762657165527344,
    -0.037849925458431244,
    -0.7356847524642944
   ],
   [
    -0.7100026607513428,
    -0.23272594809532166,
    0.6646313667297363
   ]
  ]
 },
 {
  "rotation_euler": [
   -0.3656119704246521,
   -0.9156742691993713,
   2.6799395084381104
  ],
  "euler_order": "XYZ",
  "rotation_matrix": [
   [
    -0.5454775094985962,
    -0.6698148250579834,
    0.5037879943847656
   ],
   [
    0.2713801860809326,
    -0.7098603844642639,
    -0.6499623656272888
   ],
   [
    0.7929735779762268,
    -0.21782176196575165,
    0.5689873695373535
   ]
  ]
 },
 {
  "rotation_euler": [
   -0.3635995388031006,
   -0.9144102334976196,
   1.9916988611221313
  ],
  "euler_order": "XYZ",
  "rotation_matrix": [
   [
    -0.24934184551239014,
    -0.968163788318634,
    -0.02208033949136734
   ],
   [
    0.5569949150085449,
    -0.12472273409366608,
    -0.8210973739624023
   ],
   [
    0.7922028303146362,
    -0.2170325666666031,
    0.5703608989715576
   ]
  ]
 },
 {
  "rotation_euler": [
   -0.01081248838454485,
   0.7769901156425476,
   -0.4578910768032074
  ],
  "euler_order": "XYZ",
  "rotation_matrix": [
   [
    0.6395758986473083,
    0.43523162603378296,
    0.6336529850959778
   ],
   [
    -0.3151989281177521,
    0.9002854824066162,
    -0.30022597312927246
   ],
   [
    -0.7011364698410034,
    -0.007709447294473648,
    0.7129853963851929
   ]
  ]
 },
 {
  "rotation_euler": [
   -0.3368152678012848,
   0.789501428604126,
   0.1576211154460907
  ],
  "euler_order": "XYZ",
  "rotation_matrix": [
   [
    0.6954697966575623,
    -0.37988436222076416,
    0.6099259257316589
   ],
   [
    0.11053765565156937,
    0.895280122756958,
    0.4315726161003113
   ],
   [
    -0.7100022435188293,
    -0.23272591829299927,
    0.6646317839622498
   ]
  ]
 },
 {
  "rotation_euler": [
   -0.3368152379989624,
   0.7895015478134155,
   1.6467700004577637
  ],
  "euler_order": "XYZ",
  "rotation_matrix": [
   [
    -0.053449153900146484,
    -0.9232798218727112,
    -0.38039129972457886
   ],
   [
    0.7021679878234863,
    -0.3056027293205261,
    0.6430918574333191
   ],
   [
    -0.7100023627281189,
    -0.23272587358951569,
    0.664631724357605
   ]
  ]
 },
 {
  "rotation_euler": [
   -0.36360642313957214,
   -0.9144164323806763,
   0.0192392710596323
  ],
  "euler_order": "XYZ",
  "rotation_matrix": [
   [
    0.6101400256156921,
    0.2637135982513428,
    -0.747117280960083
   ],
   [
    0.01174009870737791,
    0.9398675560951233,
    0.3413372337818146
   ],
   [
    0.7922065854072571,
    -0.21703475713729858,
    0.5703548192977905
   ]
  ]
 },
 {
  "rotation_euler": [
   -0.3368149399757385,
   0.7895012497901917,
   2.007458209991455
  ],
  "euler_order": "XYZ",
  "rotation_matrix": [
   [
    -0.2978178858757019,
    -0.7560180425643921,
    -0.5828732252120972
   ],
   [
    0.6381233930587769,
    -0.6117805242538452,
    0.46746453642845154
   ],
   [
    -0.7100021243095398,
    -0.23272573947906494,
    0.6646320223808289
   ]
  ]
 },
 {
  "rotation_euler": [
   -0.33681362867355347,
   0.7895007729530334,
   -2.9433746337890625
  ],
  "euler_order": "XYZ",
  "rotation_matrix": [
   [
    -0.6904109716415405,
    0.4159058630466461,
    -0.5919079780578613
   ],
   [
    -0.1386728435754776,
    -0.8791253566741943,
    -0.45596978068351746
   ],
   [
    -0.7100018262863159,
    -0.23272497951984406,
    0.6646326184272766
   ]
  ]
 },
 {
  "rotation_euler": [
   -0.363605260848999,
   -0.9144152402877808,
   -1.3440803289413452
  ],
  "euler_order": "XYZ",
  "rotation_matrix": [
   [
    0.137172132730484,
    0.9740338921546936,
    0.18011613190174103
   ],
   [
    -0.594637393951416,
    -0.06445211917161942,
    0.8014064431190491
   ],
   [
    0.7922058701515198,
    -0.21703442931175232,
    0.5703559517860413
   ]
  ]
 },
 {
  "rotation_euler": [
   -0.3368152976036072,
   0.789501428604126,
   -1.9282535314559937
  ],
  "euler_order": "XYZ",
  "rotation_matrix": [
   [
    -0.24639464914798737,
    0.966253399848938,
    0.0751265212893486
   ],
   [
    -0.6596866250038147,
    -0.11042171716690063,
    -0.7433845400810242
   ],
   [
    -0.7100022435188293,
    -0.23272593319416046,
    0.6646317839622498
   ]
  ]
 },
 {
  "rotation_euler": [
   -0.35393258929252625,
   -0.9125112891197205,
   3.038660764694214
  ],
  "euler_order": "XYZ",
  "rotation_matrix": [
   [
    -0.6085231900215149,
    -0.3690972328186035,
    0.7024718523025513
   ],
   [
    0.06285859644412994,
    -0.9048815369606018,
    -0.4209967255592346
   ],
   [
    0.7910425662994385,
    -0.21202987432479858,
    0.5738423466682434
   ]
  ]
 },
 {
  "rotation_euler": [
   -0.36344483494758606,
   -0.9143811464309692,
   2.371493339538574
  ],
  "euler_order": "XYZ",
  "rotation_matrix": [
   [
    -0.43808498978614807,
    -0.8528863787651062,
    0.28401821851730347
   ],
   [
    0.42488157749176025,
    -0.4748857021331787,
    -0.7706875205039978
   ],
   [
    0.7921850681304932,
    -0.21695251762866974,
    0.5704160332679749
   ]
  ]
 },
 {
  "rotation_euler": [
   -0.36360543966293335,
   -0.9144158959388733,
   -2.712608575820923
  ],
  "euler_order": "XYZ",
  "rotation_matrix": [
   [
    -0.5549576282501221,
    0.1325368732213974,
    0.821252703666687
   ],
   [
    -0.25383317470550537,
    -0.9671246409416199,
    -0.015448319725692272
   ],
   [
    0.7922062873840332,
    -0.21703433990478516,
    0.5703554153442383
   ]
  ]
 },
 {
  "rotation_euler": [
   -0.36360496282577515,
   -0.9144152998924255,
   2.3668010234832764
  ],
  "euler_order": "XYZ",
  "rotation_matrix": [
   [
    -0.4360671639442444,
    -0.8551554679870605,
    0.28027579188346863
   ],
   [
    0.4269135892391205,
    -0.4707496464252472,
    -0.7721007466316223
   ],
   [
    0.7922059297561646,
    -0.2170342355966568,
    0.5703559517860413
   ]
  ]
 },
 {
  "rotation_euler": [
   -0.3368145823478699,
   0.789501428604126,
   -2.8521602153778076
  ],
  "euler_order": "XYZ",
  "rotation_matrix": [
   [
    -0.6749089360237122,
    0.49425530433654785,
    -0.5479139089584351
   ],
   [
    -0.20098435878753662,
    -0.8375861644744873,
    -0.5079908967018127
   ],
   [
    -0.7100022435188293,
    -0.23272545635700226,
    0.6646319627761841
   ]
  ]
 }
]