[
 {
  "rotation_euler": [
   0.08287359029054642,
   0.03371509164571762,
   -1.1750575304031372
  ],
  "euler_order": "XYZ",
  "rotation_matrix": [
   [
    0.3852709233760834,
    0.920620858669281,
    -0.06343118846416473
   ],
   [
    -0.9221876263618469,
    0.3815922737121582,
    -0.06290706247091293
   ],
   [
    -0.03370870649814606,
    0.0827317163348198,
    0.9960016012191772
   ]
  ]
 },
 {
  "rotation_euler": [
   0.03877769783139229,
   0.016741948202252388,
   -2.9389777183532715
  ],
  "euler_order": "XYZ",
  "rotation_matrix": [
   [
    -0.9794064164161682,
    0.20044443011283875,
    -0.024187713861465454
   ],
   [
    -0.20120325684547424,
    -0.9789379239082336,
    0.034608613699674606
   ],
   [
    -0.01674116589128971,
    0.038762547075748444,
    0.9991081953048706
   ]
  ]
 },
 {
  "rotation_euler": [
   -0.023473041132092476,
   -0.02067566104233265,
   0.8766659498214722
  ],
  "euler_order": "XYZ",
  "rotation_matrix": [
   [
    0.6395805478096008,
    -0.768088161945343,
    -0.03126195818185806
   ],
   [
    0.7684460282325745,
    0.6399140357971191,
    -0.000871285330504179
   ],
   [
    0.020674187690019608,
    -0.023465869948267937,
    0.9995108246803284
   ]
  ]
 },
 {
  "rotation_euler": [
   0.06106593459844589,
   -0.057595569640398026,
   0.428518682718277
  ],
  "euler_order": "XYZ",
  "rotation_matrix": [
   [
    0.9080740213394165,
    -0.4179447293281555,
    -0.02690276876091957
   ],
   [
    0.4148348569869995,
    0.9064271450042725,
    -0.07938449829816818
   ],
   [
    0.05756373330950737,
    0.06092679500579834,
    0.9964810013771057
   ]
  ]
 },
 {
  "rotation_euler": [
   0.05269945412874222,
   -0.0618937611579895,
   2.8071110248565674
  ],
  "euler_order": "XYZ",
  "rotation_matrix": [
   [
    -0.9427719116210938,
    -0.3247462213039398,
    0.07563736289739609
   ],
   [
    0.3276509642601013,
    -0.944338858127594,
    0.02947854809463024
   ],
   [
    0.061854250729084015,
    0.05257420241832733,
    0.9966995716094971
   ]
  ]
 },
 {
  "rotation_euler": [
   -0.04903401434421539,
   0.08816762268543243,
   -1.6903178691864014
  ],
  "euler_order": "XYZ",
  "rotation_matrix": [
   [
    -0.11877402663230896,
    0.9921870827674866,
    0.03817806392908096
   ],
   [
    -0.9890092611312866,
    -0.11480876803398132,
    -0.09316450357437134
   ],
   [
    -0.08805343508720398,
    -0.04882398247718811,
    0.9949184656143188
   ]
  ]
 },
 {
  "rotation_euler": [
   -0.009712719358503819,
   -0.09084436297416687,
   -3.07576847076416
  ],
  "euler_order": "XYZ",
  "rotation_matrix": [
   [
    -0.9937198162078857,
    0.06489434838294983,
    0.09115758538246155
   ],
   [
    -0.06550543010234833,
    -0.9978452324867249,
    -0.0037245911080390215
   ],
   [
    0.09071946144104004,
    -0.009672516956925392,
    0.9958295226097107
   ]
  ]
 },
 {
  "rotation_euler": [
   0.07141952961683273,
   -0.07347272336483002,
   2.010817766189575
  ],
  "euler_order": "XYZ",
  "rotation_matrix": [
   [
    -0.42480966448783875,
    -0.9002048373222351,
    0.0957498624920845
   ],
   [
    0.9023016095161438,
    -0.4296121895313263,
    -0.03584887087345123
   ],
   [
    0.0734066367149353,
    0.07116630673408508,
    0.9947596788406372
   ]
  ]
 },
 {
  "rotation_euler": [
   -0.09102881699800491,
   0.03503268584609032,
   -2.828603744506836
  ],
  "euler_order": "XYZ",
  "rotation_matrix": [
   [
    -0.9508337378501892,
    0.30965813994407654,
    -0.005196505691856146
   ],
   [
    -0.3077147901058197,
    -0.9464980363845825,
    -0.09722669422626495
   ],
   [
    -0.035025522112846375,
    -0.09084738045930862,
    0.9952486753463745
   ]
  ]
 },
 {
  "rotation_euler": [
   -0.06738647073507309,
   0.058940865099430084,
   2.1933975219726562
  ],
  "euler_order": "XYZ",
  "rotation_matrix": [
   [
    -0.5821375846862793,
    -0.8082075119018555,
    -0.08897446095943451
   ],
   [
    0.8109536170959473,
    -0.5850489735603333,
    0.00847842451184988
   ],
   [
    -0.05890674516558647,
    -0.06721855700016022,
    0.9959978461265564
   ]
  ]
 },
 {
  "rotation_euler": [
   0.07238763570785522,
   0.05644538998603821,
   0.4519931972026825
  ],
  "euler_order": "XYZ",
  "rotation_matrix": [
   [
    0.8981456756591797,
    -0.43194517493247986,
    0.08220556378364563
   ],
   [
    0.43606385588645935,
    0.8990045785903931,
    -0.04048605635762215
   ],
   [
    -0.05641542002558708,
    0.07220924645662308,
    0.9957926869392395
   ]
  ]
 },
 {
  "rotation_euler": [
   -0.025660555809736252,
   -0.08316453546285629,
   -0.783348023891449
  ],
  "euler_order": "XYZ",
  "rotation_matrix": [
   [
    0.7061060667037964,
    0.7069334983825684,
    -0.040733836591243744
   ],
   [
    -0.7032167315483093,
    0.7068176865577698,
    0.07677851617336273
   ],
   [
    0.08306870609521866,
    -0.025569062680006027,
    0.9962157607078552
   ]
  ]
 },
 {
  "rotation_euler": [
   0.033093515783548355,
   -0.05094790458679199,
   -1.2682056427001953
  ],
  "euler_order": "XYZ",
  "rotation_matrix": [
   [
    0.29760751128196716,
    0.9535428881645203,
    -0.046751536428928375
   ],
   [
    -0.9533290863037109,
    0.2994394898414612,
    0.03872569277882576
   ],
   [
    0.05092586576938629,
    0.033044543117284775,
    0.9981555938720703
   ]
  ]
 },
 {
  "rotation_euler": [
   0.07525262981653214,
   -0.0664496198296547,
   1.7069522142410278
  ],
  "euler_order": "XYZ",
  "rotation_matrix": [
   [
    -0.1354360282421112,
    -0.987263560295105,
    0.08347325772047043
   ],
   [
    0.9885585308074951,
    -0.14029735326766968,
    -0.05539518967270851
   ],
   [
    0.06640072911977768,
    0.07501570135354996,
    0.9949691295623779
   ]
  ]
 },
 {
  "rotation_euler": [
   0.08939332515001297,
   0.0012724301777780056,
   1.0287691354751587
  ],
  "euler_order": "XYZ",
  "rotation_matrix": [
   [
    0.5158732533454895,
    -0.8531854748725891,
    0.07713194191455841
   ],
   [
    0.8566640019416809,
    0.5139111280441284,
    -0.04496857523918152
   ],
   [
    -0.0012724298285320401,
    0.08927424252033234,
    0.9960062503814697
   ]
  ]
 },
 {
  "rotation_euler": [
   -0.09750594943761826,
   0.030438752844929695,
   -2.294358015060425
  ],
  "euler_order": "XYZ",
  "rotation_matrix": [
   [
    -0.6617515087127686,
    0.7478541135787964,
    0.05290692672133446
   ],
   [
    -0.7491052746772766,
    -0.6566929817199707,
    -0.08715290576219559
   ],
   [
    -0.030434053391218185,
    -0.09730642288923264,
    0.9947890639305115
   ]
  ]
 }
]