[
 {
  "rotation_euler": [
   0.011386459693312645,
   0.0043920897878706455,
   0.15733568370342255
  ],
  "euler_order": "XYZ",
  "rotation_matrix": [
   [
    0.9876387119293213,
    -0.1566278040409088,
    0.006121620535850525
   ],
   [
    0.15668584406375885,
    0.9875920414924622,
    -0.01055743545293808
   ],
   [
    -0.004392075818032026,
    0.011386103928089142,
    0.9999255537986755
   ]
  ]
 },
 {
  "rotation_euler": [
   0.011381617747247219,
   0.004386432934552431,
   -2.6553194522857666
  ],
  "euler_order": "XYZ",
  "rotation_matrix": [
   [
    -0.8840721249580383,
    0.46725994348526,
    -0.009196602739393711
   ],
   [
    -0.46732985973358154,
    -0.884046733379364,
    0.008012259379029274
   ],
   [
    -0.004386418964713812,
    0.01138126291334629,
    0.9999256134033203
   ]
  ]
 },
 {
  "rotation_euler": [
   0.011394563131034374,
   0.004365044645965099,
   1.167410135269165
  ],
  "euler_order": "XYZ",
  "rotation_matrix": [
   [
    0.39253124594688416,
    -0.919657826423645,
    0.012193091213703156
   ],
   [
    0.9197282791137695,
    0.39255526661872864,
    -0.00045824795961380005
   ],
   [
    -0.00436503067612648,
    0.011394208297133446,
    0.9999255537986755
   ]
  ]
 },
 {
  "rotation_euler": [
   0.0113954683765769,
   0.004364554770290852,
   2.1669201850891113
  ],
  "euler_order": "XYZ",
  "rotation_matrix": [
   [
    -0.5614337921142578,
    -0.8274922370910645,
    0.006979486905038357
   ],
   [
    0.8275101780891418,
    -0.5613614916801453,
    0.010009225457906723
   ],
   [
    -0.004364540800452232,
    0.011395113542675972,
    0.9999255537986755
   ]
  ]
 },
 {
  "rotation_euler": [
   0.011383797973394394,
   0.004393209237605333,
   1.6881332397460938
  ],
  "euler_order": "XYZ",
  "rotation_matrix": [
   [
    -0.11706671863794327,
    -0.9930654168128967,
    0.010791009292006493
   ],
   [
    0.9931143522262573,
    -0.11701060086488724,
    0.005695352330803871
   ],
   [
    -0.004393195267766714,
    0.01138344220817089,
    0.9999255537986755
   ]
  ]
 },
 {
  "rotation_euler": [
   1.8040484189987183,
   1.1064739227294922,
   1.2569561004638672
  ],
  "euler_order": "XYZ",
  "rotation_matrix": [
   [
    0.13824719190597534,
    0.4884062707424164,
    0.861595630645752
   ],
   [
    0.4259434640407562,
    0.7560644149780273,
    -0.4969293177127838
   ],
   [
    -0.89412522315979,
    0.43569010496139526,
    -0.10350967198610306
   ]
  ]
 },
 {
  "rotation_euler": [
   0.011386711150407791,
   0.004393413662910461,
   1.5429446697235107
  ],
  "euler_order": "XYZ",
  "rotation_matrix": [
   [
    0.027847787365317345,
    -0.9995459914207458,
    0.01150438841432333
   ],
   [
    0.9996024966239929,
    0.027896257117390633,
    0.004074320197105408
   ],
   [
    -0.004393399693071842,
    0.011386355385184288,
    0.9999254941940308
   ]
  ]
 },
 {
  "rotation_euler": [
   0.011393812485039234,
   0.004379028920084238,
   2.8057644367218018
  ],
  "euler_order": "XYZ",
  "rotation_matrix": [
   [
    -0.9441286325454712,
    -0.32957693934440613,
    -0.0003793609794229269
   ],
   [
    0.32954806089401245,
    -0.9440599679946899,
    0.012200111523270607
   ],
   [
    -0.004379014950245619,
    0.011393456719815731,
    0.9999254941940308
   ]
  ]
 },
 {
  "rotation_euler": [
   0.011388778686523438,
   0.004389011766761541,
   -2.2461509704589844
  ],
  "euler_order": "XYZ",
  "rotation_matrix": [
   [
    -0.6251681447029114,
    0.7804034352302551,
    -0.011632291600108147
   ],
   [
    -0.78047776222229,
    -0.6251726150512695,
    0.0036944900639355183
   ],
   [
    -0.004388997796922922,
    0.011388422921299934,
    0.9999254941940308
   ]
  ]
 },
 {
  "rotation_euler": [
   0.011396295391023159,
   0.0043583461083471775,
   -0.05799752101302147
  ],
  "euler_order": "XYZ",
  "rotation_matrix": [
   [
    0.9983091354370117,
    0.058010831475257874,
    0.003690149635076523
   ],
   [
    -0.05796446278691292,
    0.9982509016990662,
    -0.011629502288997173
   ],
   [
    -0.004358332138508558,
    0.01139594055712223,
    0.9999255537986755
   ]
  ]
 },
 {
  "rotation_euler": [
   0.008216424845159054,
   0.025939010083675385,
   0.1778968870639801
  ],
  "euler_order": "XYZ",
  "rotation_matrix": [
   [
    0.9838869571685791,
    -0.17674434185028076,
    0.026979880407452583
   ],
   [
    0.17690052092075348,
    0.9842225313186646,
    -0.003497163765132427
   ],
   [
    -0.025936100631952286,
    0.008213568478822708,
    0.9996298551559448
   ]
  ]
 },
 {
  "rotation_euler": [
   0.011395132169127464,
   0.004360389895737171,
   1.642907977104187
  ],
  "euler_order": "XYZ",
  "rotation_matrix": [
   [
    -0.07204848527908325,
    -0.9973399043083191,
    0.01105113048106432
   ],
   [
    0.9973915815353394,
    -0.07199493050575256,
    0.005169753450900316
   ],
   [
    -0.004360375925898552,
    0.011394777335226536,
    0.9999255537986755
   ]
  ]
 },
 {
  "rotation_euler": [
   0.011381772346794605,
   0.004391238559037447,
   -2.359196186065674
  ],
  "euler_order": "XYZ",
  "rotation_matrix": [
   [
    -0.7092192769050598,
    0.7048999667167664,
    -0.011137930676341057
   ],
   [
    -0.7049742937088013,
    -0.7092154026031494,
    0.0049765463918447495
   ],
   [
    -0.004391224589198828,
    0.011381416581571102,
    0.9999256134033203
   ]
  ]
 },
 {
  "rotation_euler": [
   0.01139140035957098,
   0.004388659726828337,
   0.45510610938072205
  ],
  "euler_order": "XYZ",
  "rotation_matrix": [
   [
    0.8982057571411133,
    -0.43948420882225037,
    0.00894875731319189
   ],
   [
    0.4395533800125122,
    0.8981781005859375,
    -0.008302761241793633
   ],
   [
    -0.0043886457569897175,
    0.011391044594347477,
    0.9999254941940308
   ]
  ]
 },
 {
  "rotation_euler": [
   0.011389229446649551,
   0.004380676429718733,
   -2.2147090435028076
  ],
  "euler_order": "XYZ",
  "rotation_matrix": [
   [
    -0.600323498249054,
    0.7996711730957031,
    -0.01173804234713316
   ],
   [
    -0.7997453212738037,
    -0.6003301739692688,
    0.003333918983116746
   ],
   [
    -0.004380662459880114,
    0.011388873681426048,
    0.9999255537986755
   ]
  ]
 },
 {
  "rotation_euler": [
   0.011389454826712608,
   0.004385710693895817,
   -2.282118082046509
  ],
  "euler_order": "XYZ",
  "rotation_matrix": [
   [
    -0.6528292894363403,
    0.7574179172515869,
    -0.011490274220705032
   ],
   [
    -0.7574923634529114,
    -0.6528310775756836,
    0.0041133323684334755
   ],
   [
    -0.004385696724057198,
    0.011389099061489105,
    0.9999255537986755
   ]
  ]
 }
]