[
 {
  "rotation_euler": [
   1.3570376040661358e-06,
   -2.222158855147427e-06,
   1.8648508787155151
  ],
  "euler_order": "XYZ",
  "rotation_matrix": [
   [
    -0.289835125207901,
    -0.9570766091346741,
    1.942848484759452e-06
   ],
   [
    0.9570766091346741,
    -0.289835125207901,
    -1.73345904386224e-06
   ],
   [
    2.222158855147427e-06,
    1.3570376040661358e-06,
    1.0
   ]
  ]
 },
 {
  "rotation_euler": [
   5.219233685238578e-07,
   1.707931460259715e-06,
   -0.6562885046005249
  ],
  "euler_order": "XYZ",
  "rotation_matrix": [
   [
    0.7922623753547668,
    0.6101805567741394,
    1.0346623184886994e-06
   ],
   [
    -0.6101805567741394,
    0.7922623753547668,
    -1.4556468386217603e-06
   ],
   [
    -1.707931460259715e-06,
    5.219233685238578e-07,
    1.0
   ]
  ]
 },
 {
  "rotation_euler": [
   -6.497082267742371e-07,
   1.6265973954432411e-06,
   0.1936013400554657
  ],
  "euler_order": "XYZ",
  "rotation_matrix": [
   [
    0.9813176989555359,
    -0.1923941969871521,
    1.471208747716446e-06
   ],
   [
    0.1923941969871521,
    0.9813176989555359,
    9.505180855740036e-07
   ],
   [
    -1.6265973954432411e-06,
    -6.497082267742371e-07,
    1.0
   ]
  ]
 },
 {
  "rotation_euler": [
   2.9577859095297754e-07,
   -9.424514928468852e-07,
   -2.3377370834350586
  ],
  "euler_order": "XYZ",
  "rotation_matrix": [
   [
    -0.6939356923103333,
    0.7200369834899902,
    4.4102924334765703e-07
   ],
   [
    -0.7200369834899902,
    -0.6939356923103333,
    8.838512144393462e-07
   ],
   [
    9.424514928468852e-07,
    2.9577859095297754e-07,
    1.0
   ]
  ]
 },
 {
  "rotation_euler": [
   1.0646019745763624e-06,
   -4.535956747986347e-07,
   2.3578131198883057
  ],
  "euler_order": "XYZ",
  "rotation_matrix": [
   [
    -0.7082504034042358,
    -0.705961287021637,
    1.0728271035986836e-06
   ],
   [
    0.705961287021637,
    -0.7082504034042358,
    4.3378378222769243e-07
   ],
   [
    4.535956747986347e-07,
    1.0646019745763624e-06,
    1.0
   ]
  ]
 },
 {
  "rotation_euler": [
   -3.7237998640193837e-07,
   -4.5383490032691043e-07,
   -0.4351103603839874
  ],
  "euler_order": "XYZ",
  "rotation_matrix": [
   [
    0.9068235158920288,
    0.4215104877948761,
    -2.5458609798079124e-07
   ],
   [
    -0.4215104877948761,
    0.9068235158920288,
    5.289791147333744e-07
   ],
   [
    4.5383490032691043e-07,
    -3.7237998640193837e-07,
    1.0
   ]
  ]
 },
 {
  "rotation_euler": [
   1.6727473450828256e-07,
   1.2559841024994967e-06,
   -2.758467674255371
  ],
  "euler_order": "XYZ",
  "rotation_matrix": [
   [
    -0.9275009632110596,
    0.3738207221031189,
    -1.2274572327442002e-06
   ],
   [
    -0.3738207221031189,
    -0.9275009632110596,
    -3.143653941606317e-07
   ],
   [
    -1.2559841024994967e-06,
    1.6727473450828256e-07,
    1.0
   ]
  ]
 },
 {
  "rotation_euler": [
   2.1331146626835107e-07,
   -1.0711002005336923e-06,
   -1.2180566787719727
  ],
  "euler_order": "XYZ",
  "rotation_matrix": [
   [
    0.3454700708389282,
    0.9384297728538513,
    -5.702108865079936e-07
   ],
   [
    -0.9384297728538513,
    0.3454700708389282,
    9.314595672549331e-07
   ],
   [
    1.0711002005336923e-06,
    2.1331146626835107e-07,
    1.0
   ]
  ]
 },
 {
  "rotation_euler": [
   -5.469710799843597e-07,
   2.5103227585532295e-07,
   -2.268267869949341
  ],
  "euler_order": "XYZ",
  "rotation_matrix": [
   [
    -0.6422817707061768,
    0.7664686441421509,
    2.5800272851483896e-07
   ],
   [
    -0.7664686441421509,
    -0.6422817707061768,
    -5.437179311229556e-07
   ],
   [
    -2.5103227585532295e-07,
    -5.469710799843597e-07,
    1.0
   ]
  ]
 },
 {
  "rotation_euler": [
   1.1977717804256827e-06,
   -4.247734750606469e-07,
   -1.0194787979125977
  ],
  "euler_order": "XYZ",
  "rotation_matrix": [
   [
    0.5238100290298462,
    0.8518351316452026,
    -1.2428046147761052e-06
   ],
   [
    -0.8518351316452026,
    0.5238100290298462,
    -2.6556787702247675e-07
   ],
   [
    4.247734750606469e-07,
    1.1977717804256827e-06,
    1.0
   ]
  ]
 },
 {
  "rotation_euler": [
   1.3151918665244011e-06,
   6.813362318780491e-08,
   -0.6065939664840698
  ],
  "euler_order": "XYZ",
  "rotation_matrix": [
   [
    0.8215944766998291,
    0.5700724124908447,
    -6.937763714631728e-07
   ],
   [
    -0.5700724124908447,
    0.8215944766998291,
    -1.119395506066212e-06
   ],
   [
    -6.813362318780491e-08,
    1.3151918665244011e-06,
    1.0
   ]
  ]
 },
 {
  "rotation_euler": [
   1.4685290352645097e-06,
   -2.2164094843901694e-06,
   0.8344772458076477
  ],
  "euler_order": "XYZ",
  "rotation_matrix": [
   [
    0.6715651154518127,
    -0.74094557762146,
    -4.003632056992501e-07
   ],
   [
    0.74094557762146,
    0.6715651154518127,
    -2.6284515115548857e-06
   ],
   [
    2.2164094843901694e-06,
    1.4685290352645097e-06,
    1.0
   ]
  ]
 },
 {
  "rotation_euler": [
   3.285962520749308e-05,
   -2.6875755793298595e-05,
   2.0014328956604004
  ],
  "euler_order": "XYZ",
  "rotation_matrix": [
   [
    -0.41744932532310486,
    -0.908700168132782,
    4.1078816138906404e-05
   ],
   [
    0.9087002277374268,
    -0.41744932532310486,
    -1.0704776286729611e-05
   ],
   [
    2.6875755793298595e-05,
    3.285962520749308e-05,
    1.0
   ]
  ]
 },
 {
  "rotation_euler": [
   -3.3986384551099036e-07,
   1.1017733925200446e-07,
   -2.1029958724975586
  ],
  "euler_order": "XYZ",
  "rotation_matrix": [
   [
    -0.5074298977851868,
    0.8616930246353149,
    2.369510383459783e-07
   ],
   [
    -0.8616930246353149,
    -0.5074298977851868,
    -2.673961319032969e-07
   ],
   [
    -1.1017733925200446e-07,
    -3.3986384551099036e-07,
    1.0
   ]
  ]
 },
 {
  "rotation_euler": [
   7.418979635076539e-07,
   -1.9322365005791653e-06,
   3.1252496242523193
  ],
  "euler_order": "XYZ",
  "rotation_matrix": [
   [
    -0.9998664259910583,
    -0.016342300921678543,
    1.9441026779531967e-06
   ],
   [
    0.016342300921678543,
    -0.9998664259910583,
    7.102216841303743e-07
   ],
   [
    1.9322365005791653e-06,
    7.418979635076539e-07,
    1.0
   ]
  ]
 },
 {
  "rotation_euler": [
   3.651528572845564e-07,
   4.913931661576498e-07,
   2.3921241760253906
  ],
  "euler_order": "XYZ",
  "rotation_matrix": [
   [
    -0.7320510745048523,
    -0.681249737739563,
    -1.1096459928694458e-07
   ],
   [
    0.681249737739563,
    -0.7320510745048523,
    6.020720206834085e-07
   ],
   [
    -4.913931661576498e-07,
    3.651528572845564e-07,
    1.0
   ]
  ]
 }
]