[
 {
  "rotation_euler": [
   0.0003454874677117914,
   9.279657575689271e-08,
   -1.1408145427703857
  ],
  "euler_order": "XYZ",
  "rotation_matrix": [
   [
    0.41685423254966736,
    0.9089732766151428,
    -0.00031400020816363394
   ],
   [
    -0.9089733362197876,
    0.41685423254966736,
    -0.0001441022614017129
   ],
   [
    -9.279657575689271e-08,
    0.0003454874677117914,
    0.9999999403953552
   ]
  ]
 },
 {
  "rotation_euler": [
   0.00034419598523527384,
   -1.8712290739131276e-07,
   -0.6046007871627808
  ],
  "euler_order": "XYZ",
  "rotation_matrix": [
   [
    0.8227291107177734,
    0.5684336423873901,
    -0.0001958065404323861
   ],
   [
    -0.5684337019920349,
    0.8227290511131287,
    -0.0002830736630130559
   ],
   [
    1.8712290739131276e-07,
    0.00034419598523527384,
    0.9999999403953552
   ]
  ]
 },
 {
  "rotation_euler": [
   0.00034408297506161034,
   5.216886052039627e-07,
   -0.6527295708656311
  ],
  "euler_order": "XYZ",
  "rotation_matrix": [
   [
    0.7944289445877075,
    0.6073570847511292,
    -0.00020856679475400597
   ],
   [
    -0.6073571443557739,
    0.7944288849830627,
    -0.00027366631547920406
   ],
   [
    -5.216886052039627e-07,
    0.00034408297506161034,
    0.9999999403953552
   ]
  ]
 },
 {
  "rotation_euler": [
   0.000344009225955233,
   -6.067037361390248e-08,
   -2.775465965270996
  ],
  "euler_order": "XYZ",
  "rotation_matrix": [
   [
    -0.9337210059165955,
    0.3580015003681183,
    -0.00012309917656239122
   ],
   [
    -0.3580015301704407,
    -0.9337209463119507,
    0.00032123035634867847
   ],
   [
    6.067037361390248e-08,
    0.000344009225955233,
    0.9999999403953552
   ]
  ]
 },
 {
  "rotation_euler": [
   0.0003438284038566053,
   8.008854024410539e-07,
   -2.2398195266723633
  ],
  "euler_order": "XYZ",
  "rotation_matrix": [
   [
    -0.6202200651168823,
    0.7844278216362,
    -0.00027020531706511974
   ],
   [
    -0.7844278812408447,
    -0.6202200055122375,
    0.00021262103109620512
   ],
   [
    -8.008854024410539e-07,
    0.0003438284038566053,
    0.9999999403953552
   ]
  ]
 },
 {
  "rotation_euler": [
   0.0003451238735578954,
   4.191681455267826e-07,
   2.308501958847046
  ],
  "euler_order": "XYZ",
  "rotation_matrix": [
   [
    -0.6725918054580688,
    -0.7400136590003967,
    0.0002551144571043551
   ],
   [
    0.7400136590003967,
    -0.6725918054580688,
    0.0002324376837350428
   ],
   [
    -4.191681455267826e-07,
    0.0003451238735578954,
    0.9999999403953552
   ]
  ]
 },
 {
  "rotation_euler": [
   0.00034535539452917874,
   -1.0907217529165791e-07,
   1.5495257377624512
  ],
  "euler_order": "XYZ",
  "rotation_matrix": [
   [
    0.02126898430287838,
    -0.9997737407684326,
    0.0003452749515417963
   ],
   [
    0.9997738003730774,
    0.02126898430287838,
    -7.454405931639485e-06
   ],
   [
    1.0907217529165791e-07,
    0.00034535539452917874,
    0.9999999403953552
   ]
  ]
 },
 {
  "rotation_euler": [
   0.00034762834548018873,
   -2.1590025767181942e-07,
   2.3162710666656494
  ],
  "euler_order": "XYZ",
  "rotation_matrix": [
   [
    -0.6783207058906555,
    -0.734765887260437,
    0.00025557191111147404
   ],
   [
    0.7347659468650818,
    -0.6783206462860107,
    0.00023564486764371395
   ],
   [
    2.1590025767181942e-07,
    0.00034762834548018873,
    0.9999999403953552
   ]
  ]
 },
 {
  "rotation_euler": [
   0.00034441391471773386,
   1.340693245310831e-07,
   0.4753384590148926
  ],
  "euler_order": "XYZ",
  "rotation_matrix": [
   [
    0.889137864112854,
    -0.4576393961906433,
    0.00015773657651152462
   ],
   [
    0.4576393961906433,
    0.8891378045082092,
    -0.00030617008451372385
   ],
   [
    -1.340693245310831e-07,
    0.00034441391471773386,
    0.9999999403953552
   ]
  ]
 },
 {
  "rotation_euler": [
   0.0003452796954661608,
   1.7112535388719152e-08,
   -2.327913999557495
  ],
  "euler_order": "XYZ",
  "rotation_matrix": [
   [
    -0.6868293881416321,
    0.7268186211585999,
    -0.00025096748140640557
   ],
   [
    -0.7268186807632446,
    -0.6868293285369873,
    0.0002371357986703515
   ],
   [
    -1.7112535388719152e-08,
    0.0003452796954661608,
    0.9999999403953552
   ]
  ]
 },
 {
  "rotation_euler": [
   0.00034558004699647427,
   3.2520095061272514e-08,
   -0.023229042068123817
  ],
  "euler_order": "XYZ",
  "rotation_matrix": [
   [
    0.9997302293777466,
    0.02322695218026638,
    -7.994260158739053e-06
   ],
   [
    -0.02322695218026638,
    0.9997301697731018,
    -0.00034548755502328277
   ],
   [
    -3.2520095061272514e-08,
    0.00034558004699647427,
    0.9999999403953552
   ]
  ]
 },
 {
  "rotation_euler": [
   0.0003468419599812478,
   5.442364567898039e-07,
   1.3048315048217773
  ],
  "euler_order": "XYZ",
  "rotation_matrix": [
   [
    0.26284030079841614,
    -0.9648392796516418,
    0.00033478980185464025
   ],
   [
    0.9648393392562866,
    0.26284027099609375,
    -9.063893958227709e-05
   ],
   [
    -5.442364567898039e-07,
    0.0003468419599812478,
    0.9999999403953552
   ]
  ]
 },
 {
  "rotation_euler": [
   0.0003461612795945257,
   -1.175271449938009e-06,
   -0.8670355081558228
  ],
  "euler_order": "XYZ",
  "rotation_matrix": [
   [
    0.6470895409584045,
    0.7624139785766602,
    -0.0002646787033881992
   ],
   [
    -0.7624139785766602,
    0.6470895409584045,
    -0.0002231013058917597
   ],
   [
    1.175271449938009e-06,
    0.0003461612795945257,
    0.9999999403953552
   ]
  ]
 },
 {
  "rotation_euler": [
   0.00034559195046313107,
   -2.9363279807625986e-08,
   -1.2838270664215088
  ],
  "euler_order": "XYZ",
  "rotation_matrix": [
   [
    0.2830467224121094,
    0.9591060876846313,
    -0.000331467657815665
   ],
   [
    -0.9591061472892761,
    0.2830467224121094,
    -9.779050742508844e-05
   ],
   [
    2.9363279807625986e-08,
    0.00034559195046313107,
    0.9999999403953552
   ]
  ]
 },
 {
  "rotation_euler": [
   0.00034589238930493593,
   1.9701121800608234e-07,
   -1.975744366645813
  ],
  "euler_order": "XYZ",
  "rotation_matrix": [
   [
    -0.3939709961414337,
    0.9191228151321411,
    -0.0003179952036589384
   ],
   [
    -0.9191228747367859,
    -0.39397096633911133,
    0.0001360904861940071
   ],
   [
    -1.9701121800608234e-07,
    0.00034589238930493593,
    0.9999999403953552
   ]
  ]
 },
 {
  "rotation_euler": [
   0.00034474360290914774,
   -1.5068206948853913e-06,
   -0.4298553168773651
  ],
  "euler_order": "XYZ",
  "rotation_matrix": [
   [
    0.909026026725769,
    0.41673925518989563,
    -0.00014503793499898165
   ],
   [
    -0.416739284992218,
    0.909026026725769,
    -0.0003127529635094106
   ],
   [
    1.5068206948853913e-06,
    0.00034474360290914774,
    0.9999999403953552
   ]
  ]
 }
]