[
 {
  "rotation_euler": [
   -0.05664638802409172,
   0.05709541216492653,
   1.6243011951446533
  ],
  "euler_order": "XYZ",
  "rotation_matrix": [
   [
    -0.0533921979367733,
    -0.9967945218086243,
    -0.059581950306892395
   ],
   [
    0.9969418048858643,
    -0.05661970376968384,
    0.05386354401707649
   ],
   [
    -0.057064395397901535,
    -0.05652384087443352,
    0.99676913022995
   ]
  ]
 },
 {
  "rotation_euler": [
   -0.0381879061460495,
   0.02023041807115078,
   -0.7970770001411438
  ],
  "euler_order": "XYZ",
  "rotation_matrix": [
   [
    0.6986575722694397,
    0.7142553329467773,
    0.04143555834889412
   ],
   [
    -0.7151702046394348,
    0.6988435387611389,
    0.012219628319144249
   ],
   [
    -0.0202290378510952,
    -0.038170814514160156,
    0.9990664720535278
   ]
  ]
 },
 {
  "rotation_euler": [
   -0.04012255743145943,
   0.025238461792469025,
   -2.2222349643707275
  ],
  "euler_order": "XYZ",
  "rotation_matrix": [
   [
    -0.6061379313468933,
    0.7951861023902893,
    0.01660846918821335
   ],
   [
    -0.7949590682983398,
    -0.6050381064414978,
    -0.04437268152832985
   ],
   [
    -0.02523578330874443,
    -0.040099017322063446,
    0.9988769888877869
   ]
  ]
 },
 {
  "rotation_euler": [
   -0.03831421956419945,
   0.020557519048452377,
   -1.7505676746368408
  ],
  "euler_order": "XYZ",
  "rotation_matrix": [
   [
    -0.17876683175563812,
    0.9833033084869385,
    0.03401472419500351
   ],
   [
    -0.9836767315864563,
    -0.17789867520332336,
    -0.0270590428262949
   ],
   [
    -0.020556071773171425,
    -0.03829675167798996,
    0.9990549683570862
   ]
  ]
 },
 {
  "rotation_euler": [
   -0.04939255490899086,
   0.04920540377497673,
   -0.4877989888191223
  ],
  "euler_order": "XYZ",
  "rotation_matrix": [
   [
    0.8822973966598511,
    0.46596595644950867,
    0.06653590500354767
   ],
   [
    -0.4681154489517212,
    0.8834273815155029,
    0.020589688792824745
   ],
   [
    -0.04918555170297623,
    -0.04931271821260452,
    0.997571587562561
   ]
  ]
 },
 {
  "rotation_euler": [
   -0.04616571217775345,
   0.040873944759368896,
   -3.011522054672241
  ],
  "euler_order": "XYZ",
  "rotation_matrix": [
   [
    -0.9907245635986328,
    0.1314357966184616,
    -0.034488461911678314
   ],
   [
    -0.1295958161354065,
    -0.9902517199516296,
    -0.05105387791991234
   ],
   [
    -0.040862563997507095,
    -0.04611077159643173,
    0.998100221157074
   ]
  ]
 },
 {
  "rotation_euler": [
   -0.05117454007267952,
   0.051150765269994736,
   1.1216998100280762
  ],
  "euler_order": "XYZ",
  "rotation_matrix": [
   [
    0.43358397483825684,
    -0.9007958769798279,
    -0.023911483585834503
   ],
   [
    0.8996614813804626,
    0.431227445602417,
    0.06820607930421829
   ],
   [
    -0.051128461956977844,
    -0.05108530446887016,
    0.9973846673965454
   ]
  ]
 },
 {
  "rotation_euler": [
   -0.06401961296796799,
   0.06521839648485184,
   0.23180733621120453
  ],
  "euler_order": "XYZ",
  "rotation_matrix": [
   [
    0.9711836576461792,
    -0.23332418501377106,
    0.048601437360048294
   ],
   [
    0.22924847900867462,
    0.9703011512756348,
    0.07720649242401123
   ],
   [
    -0.06517217308282852,
    -0.0638398826122284,
    0.9958298206329346
   ]
  ]
 },
 {
  "rotation_euler": [
   -0.05685030668973923,
   0.05731699615716934,
   0.03982671722769737
  ],
  "euler_order": "XYZ",
  "rotation_matrix": [
   [
    0.9975661635398865,
    -0.04300423339009285,
    0.0548853725194931
   ],
   [
    0.039750803261995316,
    0.9974631667137146,
    0.059051841497421265
   ],
   [
    -0.0572856180369854,
    -0.05672638118267059,
    0.9967449307441711
   ]
  ]
 },
 {
  "rotation_euler": [
   -0.037739772349596024,
   0.019069792702794075,
   -1.0777957439422607
  ],
  "euler_order": "XYZ",
  "rotation_matrix": [
   [
    0.4731852412223816,
    0.8799489736557007,
    0.04225591942667961
   ],
   [
    -0.8807565569877625,
    0.4735680818557739,
    0.0010709904599934816
   ],
   [
    -0.019068636000156403,
    -0.037723954766988754,
    0.999106228351593
   ]
  ]
 },
 {
  "rotation_euler": [
   -0.03931429982185364,
   0.02314617857336998,
   -0.8445725440979004
  ],
  "euler_order": "XYZ",
  "rotation_matrix": [
   [
    0.6638730764389038,
    0.7465054988861084,
    0.04474422708153725
   ],
   [
    -0.7474870681762695,
    0.6642179489135742,
    0.008808785118162632
   ],
   [
    -0.023144111037254333,
    -0.039293646812438965,
    0.9989596605300903
   ]
  ]
 },
 {
  "rotation_euler": [
   -0.05375093221664429,
   0.05395016446709633,
   1.8460432291030884
  ],
  "euler_order": "XYZ",
  "rotation_matrix": [
   [
    -0.2713891267776489,
    -0.9601808786392212,
    -0.06633728742599487
   ],
   [
    0.960957944393158,
    -0.2741800546646118,
    0.03721760958433151
   ],
   [
    -0.05392399802803993,
    -0.053646884858608246,
    0.9971029162406921
   ]
  ]
 },
 {
  "rotation_euler": [
   -0.041475988924503326,
   0.02874201536178589,
   1.0847067832946777
  ],
  "euler_order": "XYZ",
  "rotation_matrix": [
   [
    0.4669790267944336,
    -0.8839627504348755,
    -0.023247096687555313
   ],
   [
    0.883801281452179,
    0.4657166302204132,
    0.04475824162364006
   ],
   [
    -0.028738059103488922,
    -0.04144697263836861,
    0.9987273216247559
   ]
  ]
 },
 {
  "rotation_euler": [
   -0.04938885569572449,
   0.049201540648937225,
   -2.966198682785034
  ],
  "euler_order": "XYZ",
  "rotation_matrix": [
   [
    -0.9834662675857544,
    0.17667408287525177,
    -0.03975342959165573
   ],
   [
    -0.1742849051952362,
    -0.9830335378646851,
    -0.057182904332876205
   ],
   [
    -0.04918169230222702,
    -0.049309033900499344,
    0.9975719451904297
   ]
  ]
 },
 {
  "rotation_euler": [
   -0.05592745915055275,
   0.056314244866371155,
   -2.738162040710449
  ],
  "euler_order": "XYZ",
  "rotation_matrix": [
   [
    -0.9182616472244263,
    0.39485567808151245,
    -0.029740681871771812
   ],
   [
    -0.3919535279273987,
    -0.9170464873313904,
    -0.07347214967012405
   ],
   [
    -0.05628448352217674,
    -0.05580969527363777,
    0.9968537092208862
   ]
  ]
 },
 {
  "rotation_euler": [
   -0.04846256971359253,
   0.04681220278143883,
   1.430832862854004
  ],
  "euler_order": "XYZ",
  "rotation_matrix": [
   [
    0.13935410976409912,
    -0.9893747568130493,
    -0.041449300944805145
   ],
   [
    0.9891363382339478,
    0.13709838688373566,
    0.05304131656885147
   ],
   [
    -0.046795107424259186,
    -0.04839053377509117,
    0.9977316856384277
   ]
  ]
 }
]