[
 {
  "rotation_euler": [
   -0.0008886888390406966,
   -0.00011902821279363707,
   2.7520482540130615
  ],
  "euler_order": "XYZ",
  "rotation_matrix": [
   [
    -0.9250821471214294,
    -0.37976694107055664,
    -0.000227383803576231
   ],
   [
    0.37976697087287903,
    -0.9250817894935608,
    -0.0008673130651004612
   ],
   [
    0.00011902821279363707,
    -0.0008886887226253748,
    0.9999995827674866
   ]
  ]
 },
 {
  "rotation_euler": [
   -0.0008366535766981542,
   -0.00012865554890595376,
   -0.6223397850990295
  ],
  "euler_order": "XYZ",
  "rotation_matrix": [
   [
    0.8125167489051819,
    0.5829377770423889,
    0.0003831822541542351
   ],
   [
    -0.5829378366470337,
    0.8125163912773132,
    0.0007547931163571775
   ],
   [
    0.00012865554890595376,
    -0.0008366534602828324,
    0.9999996423721313
   ]
  ]
 },
 {
  "rotation_euler": [
   -0.0009009824716486037,
   7.288288998097414e-06,
   0.632091224193573
  ],
  "euler_order": "XYZ",
  "rotation_matrix": [
   [
    0.8067936897277832,
    -0.5908330082893372,
    -0.0005264501669444144
   ],
   [
    0.5908332467079163,
    0.8067933917045593,
    0.00073121307650581
   ],
   [
    -7.288288998097414e-06,
    -0.0009009823552332819,
    0.9999995827674866
   ]
  ]
 },
 {
  "rotation_euler": [
   -0.0008325792732648551,
   -0.00012559149763546884,
   -1.0882052183151245
  ],
  "euler_order": "XYZ",
  "rotation_matrix": [
   [
    0.4640759229660034,
    0.8857951760292053,
    0.0006792108761146665
   ],
   [
    -0.8857954144477844,
    0.46407565474510193,
    0.0004976282943971455
   ],
   [
    0.00012559149763546884,
    -0.0008325791568495333,
    0.9999996423721313
   ]
  ]
 },
 {
  "rotation_euler": [
   -0.0008406409760937095,
   -0.00012779771350324154,
   -0.39502012729644775
  ],
  "euler_order": "XYZ",
  "rotation_matrix": [
   [
    0.9229888319969177,
    0.3848267197608948,
    0.0002055452932836488
   ],
   [
    -0.38482674956321716,
    0.9229884743690491,
    0.0008250820683315396
   ],
   [
    0.00012779771350324154,
    -0.0008406408596783876,
    0.9999996423721313
   ]
  ]
 },
 {
  "rotation_euler": [
   -0.0008324295631609857,
   -0.00012611014244612306,
   3.0567452907562256
  ],
  "euler_order": "XYZ",
  "rotation_matrix": [
   [
    -0.9964026212692261,
    -0.08474566787481308,
    5.511170093086548e-05
   ],
   [
    0.08474559336900711,
    -0.9964022636413574,
    -0.0008401221712119877
   ],
   [
    0.00012611014244612306,
    -0.0008324294467456639,
    0.9999996423721313
   ]
  ]
 },
 {
  "rotation_euler": [
   -0.0009007343323901296,
   1.1310419267829275e-06,
   1.7235743999481201
  ],
  "euler_order": "XYZ",
  "rotation_matrix": [
   [
    -0.15218442678451538,
    -0.9883517026901245,
    -0.0008904146961867809
   ],
   [
    0.9883521199226379,
    -0.1521843671798706,
    -0.00013595985365100205
   ],
   [
    -1.1310419267829275e-06,
    -0.0009007342159748077,
    0.9999995827674866
   ]
  ]
 },
 {
  "rotation_euler": [
   -0.0008353957673534751,
   -0.00012885934847872704,
   -2.9563944339752197
  ],
  "euler_order": "XYZ",
  "rotation_matrix": [
   [
    -0.9828997850418091,
    0.18414120376110077,
    0.0002804866817314178
   ],
   [
    -0.1841413676738739,
    -0.9828994274139404,
    -0.0007973818574100733
   ],
   [
    0.00012885934847872704,
    -0.0008353956509381533,
    0.9999996423721313
   ]
  ]
 },
 {
  "rotation_euler": [
   -0.0008363692904822528,
   -0.00012778010568581522,
   2.052706241607666
  ],
  "euler_order": "XYZ",
  "rotation_matrix": [
   [
    -0.4634724259376526,
    -0.8861110806465149,
    -0.0006818937254138291
   ],
   [
    0.886111319065094,
    -0.4634721577167511,
    -0.0005008614389225841
   ],
   [
    0.00012778010568581522,
    -0.000836369174066931,
    0.9999996423721313
   ]
  ]
 },
 {
  "rotation_euler": [
   -0.000899453298188746,
   -3.32007721226546e-06,
   -2.202289581298828
  ],
  "euler_order": "XYZ",
  "rotation_matrix": [
   [
    -0.5903506875038147,
    0.8071465492248535,
    0.0007279508281499147
   ],
   [
    -0.8071468472480774,
    -0.5903504490852356,
    -0.000528313044924289
   ],
   [
    3.32007721226546e-06,
    -0.0008994531817734241,
    0.9999995827674866
   ]
  ]
 },
 {
  "rotation_euler": [
   -0.0008361397194676101,
   -9.786146620172076e-06,
   -1.4860100746154785
  ],
  "euler_order": "XYZ",
  "rotation_matrix": [
   [
    0.08468470722436905,
    0.9964074492454529,
    0.0008323073270730674
   ],
   [
    -0.9964078068733215,
    0.08468466997146606,
    8.055922808125615e-05
   ],
   [
    9.786146620172076e-06,
    -0.0008361396030522883,
    0.9999996423721313
   ]
  ]
 },
 {
  "rotation_euler": [
   -0.000901011168025434,
   -1.361044610348472e-07,
   0.14300160109996796
  ],
  "euler_order": "XYZ",
  "rotation_matrix": [
   [
    0.9897927045822144,
    -0.1425146609544754,
    -0.0001285420439671725
   ],
   [
    0.14251472055912018,
    0.9897922873497009,
    0.0008917947416193783
   ],
   [
    1.361044610348472e-07,
    -0.0009010110516101122,
    0.9999995827674866
   ]
  ]
 },
 {
  "rotation_euler": [
   -0.0008325885282829404,
   -0.00012558369780890644,
   2.942948341369629
  ],
  "euler_order": "XYZ",
  "rotation_matrix": [
   [
    -0.980334997177124,
    -0.19734051823616028,
    -4.118935248698108e-05
   ],
   [
    0.1973404884338379,
    -0.9803346395492554,
    -0.0008409983129240572
   ],
   [
    0.00012558369780890644,
    -0.0008325884118676186,
    0.9999996423721313
   ]
  ]
 },
 {
  "rotation_euler": [
   -0.0009018779383040965,
   -4.559346507448936e-06,
   2.367990493774414
  ],
  "euler_order": "XYZ",
  "rotation_matrix": [
   [
    -0.7153984308242798,
    -0.6987164616584778,
    -0.0006268954020924866
   ],
   [
    0.6987167596817017,
    -0.7153981328010559,
    -0.0006483876495622098
   ],
   [
    4.559346507448936e-06,
    -0.0009018778218887746,
    0.9999995827674866
   ]
  ]
 },
 {
  "rotation_euler": [
   -0.0008356908219866455,
   -0.00012794419308193028,
   -0.5675477385520935
  ],
  "euler_order": "XYZ",
  "rotation_matrix": [
   [
    0.8432217836380005,
    0.5375657677650452,
    0.0003413535305298865
   ],
   [
    -0.5375658869743347,
    0.8432214260101318,
    0.0007734509999863803
   ],
   [
    0.00012794419308193028,
    -0.0008356907055713236,
    0.9999996423721313
   ]
  ]
 },
 {
  "rotation_euler": [
   -0.0009009100613184273,
   1.5286950656445697e-06,
   0.8910518884658813
  ],
  "euler_order": "XYZ",
  "rotation_matrix": [
   [
    0.6285942792892456,
    -0.7777330875396729,
    -0.0006997067830525339
   ],
   [
    0.7777333855628967,
    0.6285940408706665,
    0.0005674957646988332
   ],
   [
    -1.5286950656445697e-06,
    -0.0009009099449031055,
    0.9999995827674866
   ]
  ]
 }
]