[
 {
  "rotation_euler": [
   -0.004490890074521303,
   -0.08485475927591324,
   1.8779337406158447
  ],
  "euler_order": "XYZ",
  "rotation_matrix": [
   [
    -0.30124345421791077,
    -0.9533084034919739,
    0.021342497318983078
   ],
   [
    0.9497733116149902,
    -0.3019654154777527,
    -0.08214369416236877
   ],
   [
    0.08475296199321747,
    -0.004474716726690531,
    0.9963919520378113
   ]
  ]
 },
 {
  "rotation_euler": [
   -0.008009359240531921,
   0.015753870829939842,
   2.387948751449585
  ],
  "euler_order": "XYZ",
  "rotation_matrix": [
   [
    -0.7291097044944763,
    -0.6841864585876465,
    -0.01696763187646866
   ],
   [
    0.6842155456542969,
    -0.7292631268501282,
    0.004939225036650896
   ],
   [
    -0.01575321890413761,
    -0.008008279837667942,
    0.9998438358306885
   ]
  ]
 },
 {
  "rotation_euler": [
   -0.006628735922276974,
   -0.01339143980294466,
   -0.4828108847141266
  ],
  "euler_order": "XYZ",
  "rotation_matrix": [
   [
    0.8856139779090881,
    0.464339017868042,
    -0.008782590739428997
   ],
   [
    -0.46422895789146423,
    0.8856327533721924,
    0.012087914161384106
   ],
   [
    0.013391039334237576,
    -0.006628092844039202,
    0.9998883605003357
   ]
  ]
 },
 {
  "rotation_euler": [
   -0.03911802917718887,
   0.059152428060770035,
   -2.3862686157226562
  ],
  "euler_order": "XYZ",
  "rotation_matrix": [
   [
    -0.7267760634422302,
    0.6866834163665771,
    -0.01619832217693329
   ],
   [
    -0.684325635433197,
    -0.725907564163208,
    -0.06896839290857315
   ],
   [
    -0.059117939323186874,
    -0.03903965279459953,
    0.9974873065948486
   ]
  ]
 },
 {
  "rotation_euler": [
   -0.021713221445679665,
   -0.02649557590484619,
   0.5060954093933105
  ],
  "euler_order": "XYZ",
  "rotation_matrix": [
   [
    0.8743370175361633,
    -0.48414847254753113,
    -0.03369102254509926
   ],
   [
    0.4845956861972809,
    0.8747166395187378,
    0.006150226574391127
   ],
   [
    0.02649247646331787,
    -0.021703895181417465,
    0.9994133710861206
   ]
  ]
 },
 {
  "rotation_euler": [
   -0.03491705656051636,
   -0.03660523146390915,
   3.020211935043335
  ],
  "euler_order": "XYZ",
  "rotation_matrix": [
   [
    -0.9919774532318115,
    -0.12227728217840195,
    0.03207864984869957
   ],
   [
    0.12100177258253098,
    -0.9918826222419739,
    -0.03908168524503708
   ],
   [
    0.036597058176994324,
    -0.03488657623529434,
    0.9987209439277649
   ]
  ]
 },
 {
  "rotation_euler": [
   -0.002099294913932681,
   -0.020292097702622414,
   0.016432520002126694
  ],
  "euler_order": "XYZ",
  "rotation_matrix": [
   [
    0.9996591210365295,
    -0.0163891538977623,
    -0.020322415977716446
   ],
   [
    0.016428397968411446,
    0.9998635053634644,
    0.0017655983101576567
   ],
   [
    0.02029070444405079,
    -0.002098861150443554,
    0.9997919201850891
   ]
  ]
 },
 {
  "rotation_euler": [
   0.006867291871458292,
   0.03304888680577278,
   -1.7120895385742188
  ],
  "euler_order": "XYZ",
  "rotation_matrix": [
   [
    -0.14074665307998657,
    0.9899793863296509,
    -0.011451908387243748
   ],
   [
    -0.9894940853118896,
    -0.14104488492012024,
    -0.031745750457048416
   ],
   [
    -0.033042870461940765,
    0.006863487884402275,
    0.9994303584098816
   ]
  ]
 },
 {
  "rotation_euler": [
   -0.0447542779147625,
   0.0031319803092628717,
   0.22411470115184784
  ],
  "euler_order": "XYZ",
  "rotation_matrix": [
   [
    0.9749864339828491,
    -0.22215737402439117,
    -0.006892427336424589
   ],
   [
    0.22224220633506775,
    0.9739838242530823,
    0.044315826147794724
   ],
   [
    -0.0031319751869887114,
    -0.044739119708538055,
    0.9989938139915466
   ]
  ]
 },
 {
  "rotation_euler": [
   -0.02246146835386753,
   -0.03907914087176323,
   1.7878141403198242
  ],
  "euler_order": "XYZ",
  "rotation_matrix": [
   [
    -0.21515394747257233,
    -0.9764865040779114,
    -0.013522572815418243
   ],
   [
    0.9757983088493347,
    -0.21440714597702026,
    -0.04297912120819092
   ],
   [
    0.039069194346666336,
    -0.02244243212044239,
    0.9989844560623169
   ]
  ]
 },
 {
  "rotation_euler": [
   -0.045606762170791626,
   -0.004098765552043915,
   -1.7773739099502563
  ],
  "euler_order": "XYZ",
  "rotation_matrix": [
   [
    -0.20510973036289215,
    0.9776825904846191,
    0.04546145349740982
   ],
   [
    -0.9787303805351257,
    -0.20508107542991638,
    -0.005343789234757423
   ],
   [
    0.004098753910511732,
    -0.04559057205915451,
    0.99895179271698
   ]
  ]
 },
 {
  "rotation_euler": [
   -0.014464168809354305,
   0.018295133486390114,
   1.8726712465286255
  ],
  "euler_order": "XYZ",
  "rotation_matrix": [
   [
    -0.297261118888855,
    -0.9546021819114685,
    -0.019248098134994507
   ],
   [
    0.9546209573745728,
    -0.29753240942955017,
    0.013164835050702095
   ],
   [
    -0.018294112756848335,
    -0.014461243525147438,
    0.9997280836105347
   ]
  ]
 },
 {
  "rotation_euler": [
   0.028641149401664734,
   -0.07974816858768463,
   -2.3700432777404785
  ],
  "euler_order": "XYZ",
  "rotation_matrix": [
   [
    -0.7145529985427856,
    0.6985961198806763,
    0.037114765495061874
   ],
   [
    -0.6950307488441467,
    -0.7149465680122375,
    0.07605051249265671
   ],
   [
    0.07966366410255432,
    0.028546219691634178,
    0.996412992477417
   ]
  ]
 },
 {
  "rotation_euler": [
   -0.011189745739102364,
   -0.04462239146232605,
   -1.5599417686462402
  ],
  "euler_order": "XYZ",
  "rotation_matrix": [
   [
    0.010843540541827679,
    0.9998838901519775,
    0.010704697109758854
   ],
   [
    -0.9989457130432129,
    0.010354558005928993,
    0.044723618775606155
   ],
   [
    0.044607583433389664,
    -0.011178374290466309,
    0.9989420175552368
   ]
  ]
 },
 {
  "rotation_euler": [
   -0.02789805456995964,
   -0.031434815376996994,
   1.8550565242767334
  ],
  "euler_order": "XYZ",
  "rotation_matrix": [
   [
    -0.28030887246131897,
    -0.9597417712211609,
    -0.017964083701372147
   ],
   [
    0.959395170211792,
    -0.2794967591762543,
    -0.03797953203320503
   ],
   [
    0.03142963722348213,
    -0.027880655601620674,
    0.9991170167922974
   ]
  ]
 },
 {
  "rotation_euler": [
   -0.028294900432229042,
   -0.039698027074337006,
   1.6974605321884155
  ],
  "euler_order": "XYZ",
  "rotation_matrix": [
   [
    -0.1262262463569641,
    -0.9917336106300354,
    -0.023052919656038284
   ],
   [
    0.9912072420120239,
    -0.12516140937805176,
    -0.04292779415845871
   ],
   [
    0.03968759998679161,
    -0.028268836438655853,
    0.998812198638916
   ]
  ]
 }
]