[
 {
  "rotation_euler": [
   -0.00036913459189236164,
   8.222325050155632e-06,
   -1.9617587327957153
  ],
  "euler_order": "XYZ",
  "rotation_matrix": [
   [
    -0.3810783624649048,
    0.9245426654815674,
    0.00033814733615145087
   ],
   [
    -0.9245427250862122,
    -0.3810783624649048,
    -0.00014827109407633543
   ],
   [
    -8.222325050155632e-06,
    -0.00036913459189236164,
    0.9999999403953552
   ]
  ]
 },
 {
  "rotation_euler": [
   -0.0003679042274598032,
   1.4810776519880164e-05,
   1.3188081979751587
  ],
  "euler_order": "XYZ",
  "rotation_matrix": [
   [
    0.24932979047298431,
    -0.9684185981750488,
    -0.0003525925276335329
   ],
   [
    0.9684186577796936,
    0.24932977557182312,
    0.000106072511698585
   ],
   [
    -1.4810776519880164e-05,
    -0.0003679042274598032,
    0.9999999403953552
   ]
  ]
 },
 {
  "rotation_euler": [
   -0.05233041197061539,
   1.7176697254180908,
   -1.219040870666504
  ],
  "euler_order": "XYZ",
  "rotation_matrix": [
   [
    -0.050422944128513336,
    0.9196562170982361,
    0.38947391510009766
   ],
   [
    0.1373850554227829,
    0.39264973998069763,
    -0.9093687534332275
   ],
   [
    -0.9892334938049316,
    0.007654847111552954,
    -0.14614558219909668
   ]
  ]
 },
 {
  "rotation_euler": [
   -0.0003692699538078159,
   8.186048034986015e-06,
   2.486682176589966
  ],
  "euler_order": "XYZ",
  "rotation_matrix": [
   [
    -0.7931024432182312,
    -0.6090881824493408,
    -0.0002314103621756658
   ],
   [
    0.6090882420539856,
    -0.7931023836135864,
    -0.00028788286726921797
   ],
   [
    -8.186048034986015e-06,
    -0.0003692699538078159,
    0.9999999403953552
   ]
  ]
 },
 {
  "rotation_euler": [
   -0.00036643745261244476,
   2.269256037834566e-05,
   1.8861502408981323
  ],
  "euler_order": "XYZ",
  "rotation_matrix": [
   [
    -0.31015294790267944,
    -0.9506866335868835,
    -0.0003554053546395153
   ],
   [
    0.9506866931915283,
    -0.31015294790267944,
    -9.20781385502778e-05
   ],
   [
    -2.269256037834566e-05,
    -0.00036643745261244476,
    0.9999999403953552
   ]
  ]
 },
 {
  "rotation_euler": [
   -0.0003690857265610248,
   -2.1877945982851088e-05,
   -0.3160892426967621
  ],
  "euler_order": "XYZ",
  "rotation_matrix": [
   [
    0.9504583477973938,
    0.31085193157196045,
    9.393693471793085e-05
   ],
   [
    -0.31085193157196045,
    0.950458288192749,
    0.0003576014132704586
   ],
   [
    2.1877945982851088e-05,
    -0.0003690857265610248,
    0.9999999403953552
   ]
  ]
 },
 {
  "rotation_euler": [
   -0.03593582659959793,
   -1.7020423412322998,
   1.389244556427002
  ],
  "euler_order": "XYZ",
  "rotation_matrix": [
   [
    -0.023629289120435715,
    -0.9764984250068665,
    -0.21422523260116577
   ],
   [
    -0.12871865928173065,
    0.21547317504882812,
    -0.9679890871047974
   ],
   [
    0.9913995862007141,
    0.0047018928453326225,
    -0.1307850480079651
   ]
  ]
 },
 {
  "rotation_euler": [
   -0.052330903708934784,
   1.7176692485809326,
   -2.7893807888031006
  ],
  "euler_order": "XYZ",
  "rotation_matrix": [
   [
    0.1373615860939026,
    0.39306989312171936,
    -0.9091907739639282
   ],
   [
    0.050485480576753616,
    -0.9194767475128174,
    -0.3898894190788269
   ],
   [
    -0.9892335534095764,
    0.007654894143342972,
    -0.14614510536193848
   ]
  ]
 },
 {
  "rotation_euler": [
   -0.00037055741995573044,
   -2.3169532141764648e-05,
   -0.7574536800384521
  ],
  "euler_order": "XYZ",
  "rotation_matrix": [
   [
    0.7265878915786743,
    0.6870735287666321,
    0.0002377654891461134
   ],
   [
    -0.6870735287666321,
    0.7265878319740295,
    0.0002851616882253438
   ],
   [
    2.3169532141764648e-05,
    -0.00037055741995573044,
    0.9999999403953552
   ]
  ]
 },
 {
  "rotation_euler": [
   -0.03593803942203522,
   -1.7020421028137207,
   -1.902177333831787
  ],
  "euler_order": "XYZ",
  "rotation_matrix": [
   [
    0.04257822409272194,
    0.9333940148353577,
    0.35631829500198364
   ],
   [
    0.12374921888113022,
    -0.35882240533828735,
    0.9251662492752075
   ],
   [
    0.9913996458053589,
    0.004702174104750156,
    -0.130784809589386
   ]
  ]
 },
 {
  "rotation_euler": [
   -0.0023246901109814644,
   0.06788260489702225,
   -3.062183380126953
  ],
  "euler_order": "XYZ",
  "rotation_matrix": [
   [
    -0.9945528507232666,
    0.07948281615972519,
    -0.06743214279413223
   ],
   [
    -0.07914314419031143,
    -0.9968335628509521,
    -0.007698058150708675
   ],
   [
    -0.06783048063516617,
    -0.002319333842024207,
    0.997694194316864
   ]
  ]
 },
 {
  "rotation_euler": [
   -0.035939302295446396,
   -1.7020419836044312,
   -1.0719720125198364
  ],
  "euler_order": "XYZ",
  "rotation_matrix": [
   [
    -0.06260696053504944,
    0.8946201205253601,
    -0.4424196779727936
   ],
   [
    0.11492220312356949,
    0.4468027353286743,
    0.8872205018997192
   ],
   [
    0.9913996458053589,
    0.004702334757894278,
    -0.13078467547893524
   ]
  ]
 },
 {
  "rotation_euler": [
   -0.0004863911890424788,
   -7.29884413885884e-05,
   -0.972771167755127
  ],
  "euler_order": "XYZ",
  "rotation_matrix": [
   [
    0.5630114674568176,
    0.8264489769935608,
    0.0003608842089306563
   ],
   [
    -0.8264490962028503,
    0.5630113482475281,
    0.00033416502992622554
   ],
   [
    7.29884413885884e-05,
    -0.00048639115993864834,
    0.9999998807907104
   ]
  ]
 },
 {
  "rotation_euler": [
   -0.052330609411001205,
   1.717669129371643,
   -1.6588102579116821
  ],
  "euler_order": "XYZ",
  "rotation_matrix": [
   [
    0.012863804586231709,
    0.9993138909339905,
    -0.03473067283630371
   ],
   [
    0.1457788646221161,
    -0.0362367257475853,
    -0.9886533617973328
   ],
   [
    -0.9892335534095764,
    0.0076548452489078045,
    -0.14614498615264893
   ]
  ]
 },
 {
  "rotation_euler": [
   0.0002546348259784281,
   -0.007960811257362366,
   -2.4882044792175293
  ],
  "euler_order": "XYZ",
  "rotation_matrix": [
   [
    -0.7940036058425903,
    0.6078817844390869,
    0.006166258826851845
   ],
   [
    -0.6078609228134155,
    -0.7940275073051453,
    0.005041355732828379
   ],
   [
    0.00796072743833065,
    0.0002546267642173916,
    0.9999682903289795
   ]
  ]
 },
 {
  "rotation_euler": [
   -0.00036875728983432055,
   1.8885631902776367e-07,
   1.065181016921997
  ],
  "euler_order": "XYZ",
  "rotation_matrix": [
   [
    0.48434585332870483,
    -0.8748765587806702,
    -0.00032252565142698586
   ],
   [
    0.8748766183853149,
    0.48434582352638245,
    0.00017877128266263753
   ],
   [
    -1.8885631902776367e-07,
    -0.00036875728983432055,
    0.9999999403953552
   ]
  ]
 }
]