[
 {
  "rotation_euler": [
   0.01639029011130333,
   0.02117086946964264,
   -0.2519940137863159
  ],
  "euler_order": "XYZ",
  "rotation_matrix": [
   [
    0.968200147151947,
    0.24963799118995667,
    0.016411449760198593
   ],
   [
    -0.24927961826324463,
    0.9682005643844604,
    -0.021149473264813423
   ],
   [
    -0.021169288083910942,
    0.01638588309288025,
    0.9996415972709656
   ]
  ]
 },
 {
  "rotation_euler": [
   0.01638871058821678,
   0.021168407052755356,
   -2.0109426975250244
  ],
  "euler_order": "XYZ",
  "rotation_matrix": [
   [
    -0.425976425409317,
    0.904420018196106,
    -0.02384340576827526
   ],
   [
    -0.9044865965843201,
    -0.42632848024368286,
    -0.012164372950792313
   ],
   [
    -0.02116682566702366,
    0.01638430543243885,
    0.9996417164802551
   ]
  ]
 },
 {
  "rotation_euler": [
   0.016387470066547394,
   0.021166957914829254,
   2.355464220046997
  ],
  "euler_order": "XYZ",
  "rotation_matrix": [
   [
    -0.7064319252967834,
    -0.7077730298042297,
    -0.0033576092682778835
   ],
   [
    0.7074644565582275,
    -0.7062498927116394,
    0.0265538040548563
   ],
   [
    -0.021165376529097557,
    0.016383064910769463,
    0.9996417760848999
   ]
  ]
 },
 {
  "rotation_euler": [
   0.016388757154345512,
   0.021168453618884087,
   -0.075108602643013
  ],
  "euler_order": "XYZ",
  "rotation_matrix": [
   [
    0.9969572424888611,
    0.07537383586168289,
    0.019874637946486473
   ],
   [
    -0.07502119243144989,
    0.9970207214355469,
    -0.01792992651462555
   ],
   [
    -0.02116687223315239,
    0.01638435199856758,
    0.9996417164802551
   ]
  ]
 },
 {
  "rotation_euler": [
   0.016389673575758934,
   0.021168483421206474,
   -1.5819240808486938
  ],
  "euler_order": "XYZ",
  "rotation_matrix": [
   [
    -0.011125030927360058,
    0.999799907207489,
    -0.016623428091406822
   ],
   [
    -0.9997140765190125,
    -0.011472911573946476,
    -0.020980380475521088
   ],
   [
    -0.021166902035474777,
    0.016385268419981003,
    0.9996416568756104
   ]
  ]
 },
 {
  "rotation_euler": [
   0.01638871245086193,
   0.021168408915400505,
   -0.3432161808013916
  ],
  "euler_order": "XYZ",
  "rotation_matrix": [
   [
    0.9414662718772888,
    0.33679887652397156,
    0.014414803124964237
   ],
   [
    -0.3364420235157013,
    0.9414340257644653,
    -0.02255423739552498
   ],
   [
    -0.021166827529668808,
    0.016384307295084,
    0.9996417164802551
   ]
  ]
 },
 {
  "rotation_euler": [
   0.016390234231948853,
   0.02116994559764862,
   0.16510915756225586
  ],
  "euler_order": "XYZ",
  "rotation_matrix": [
   [
    0.9861794114112854,
    -0.16399571299552917,
    0.023571457713842392
   ],
   [
    0.16432318091392517,
    0.9863249659538269,
    -0.012687845155596733
   ],
   [
    -0.021168364211916924,
    0.016385827213525772,
    0.9996416568756104
   ]
  ]
 },
 {
  "rotation_euler": [
   0.016390444710850716,
   0.021169355139136314,
   1.7893680334091187
  ],
  "euler_order": "XYZ",
  "rotation_matrix": [
   [
    -0.2167869508266449,
    -0.976152241230011,
    0.011410459876060486
   ],
   [
    0.9759894013404846,
    -0.2164677232503891,
    0.024215249344706535
   ],
   [
    -0.021167773753404617,
    0.016386037692427635,
    0.9996416568756104
   ]
  ]
 },
 {
  "rotation_euler": [
   0.016389548778533936,
   0.021170401945710182,
   -0.3135775029659271
  ],
  "euler_order": "XYZ",
  "rotation_matrix": [
   [
    0.9510229825973511,
    0.30875223875045776,
    0.015078488737344742
   ],
   [
    -0.30839452147483826,
    0.9510013461112976,
    -0.022118568420410156
   ],
   [
    -0.021168820559978485,
    0.016385141760110855,
    0.9996416568756104
   ]
  ]
 },
 {
  "rotation_euler": [
   0.016391316428780556,
   0.021163536235690117,
   0.22589600086212158
  ],
  "euler_order": "XYZ",
  "rotation_matrix": [
   [
    0.9743755459785461,
    -0.22361156344413757,
    0.02429269813001156
   ],
   [
    0.2239295244216919,
    0.9745405912399292,
    -0.0112349484115839
   ],
   [
    -0.02116195671260357,
    0.016386911273002625,
    0.9996417760848999
   ]
  ]
 },
 {
  "rotation_euler": [
   0.01639680564403534,
   0.021167775616049767,
   -0.9886707067489624
  ],
  "euler_order": "XYZ",
  "rotation_matrix": [
   [
    0.5496775507926941,
    0.8353744149208069,
    -0.002059945836663246
   ],
   [
    -0.835108757019043,
    0.5494369268417358,
    -0.026692230254411697
   ],
   [
    -0.02116619423031807,
    0.01639239862561226,
    0.9996415972709656
   ]
  ]
 },
 {
  "rotation_euler": [
   0.016388772055506706,
   0.021168600767850876,
   -1.589112401008606
  ],
  "euler_order": "XYZ",
  "rotation_matrix": [
   [
    -0.018310947343707085,
    0.9996916651725769,
    -0.016772912815213203
   ],
   [
    -0.9996082782745361,
    -0.01865941844880581,
    -0.02086048014461994
   ],
   [
    -0.02116701938211918,
    0.016384366899728775,
    0.9996417164802551
   ]
  ]
 },
 {
  "rotation_euler": [
   0.01639363542199135,
   0.021167796105146408,
   0.8790828585624695
  ],
  "euler_order": "XYZ",
  "rotation_matrix": [
   [
    0.6377148628234863,
    -0.7698293924331665,
    0.02612428180873394
   ],
   [
    0.7699816823005676,
    0.6380392909049988,
    0.005842720158398151
   ],
   [
    -0.02116621471941471,
    0.016389228403568268,
    0.9996416568756104
   ]
  ]
 },
 {
  "rotation_euler": [
   0.01639358326792717,
   0.021168451756238937,
   0.8343173265457153
  ],
  "euler_order": "XYZ",
  "rotation_matrix": [
   [
    0.6715331077575684,
    -0.7405055165290833,
    0.026359977200627327
   ],
   [
    0.7406721711158752,
    0.6718503832817078,
    0.00466831075027585
   ],
   [
    -0.02116687037050724,
    0.01638917624950409,
    0.9996415972709656
   ]
  ]
 },
 {
  "rotation_euler": [
   0.01638871245086193,
   0.021168412640690804,
   -1.5421696901321411
  ],
  "euler_order": "XYZ",
  "rotation_matrix": [
   [
    0.028616314753890038,
    0.9994660019874573,
    -0.015775494277477264
   ],
   [
    -0.9993663430213928,
    0.028272144496440887,
    -0.021624386310577393
   ],
   [
    -0.021166831254959106,
    0.016384307295084,
    0.9996417164802551
   ]
  ]
 },
 {
  "rotation_euler": [
   0.016388699412345886,
   0.021168392151594162,
   2.8906943798065186
  ],
  "euler_order": "XYZ",
  "rotation_matrix": [
   [
    -0.9684727787971497,
    -0.24857687950134277,
    -0.016432611271739006
   ],
   [
    0.2482185810804367,
    -0.9684736132621765,
    0.021129323169589043
   ],
   [
    -0.021166810765862465,
    0.016384294256567955,
    0.9996417164802551
   ]
  ]
 }
]