[
 {
  "rotation_euler": [
   0.3614329993724823,
   -1.5151633024215698,
   2.0611841678619385
  ],
  "euler_order": "XYZ",
  "rotation_matrix": [
   [
    -0.02618786320090294,
    -0.6588717699050903,
    0.7517993450164795
   ],
   [
    0.049051374197006226,
    -0.751998245716095,
    -0.657337486743927
   ],
   [
    0.99845290184021,
    0.0196625255048275,
    0.052011795341968536
   ]
  ]
 },
 {
  "rotation_euler": [
   0.341897189617157,
   1.5199296474456787,
   1.576435923576355
  ],
  "euler_order": "XYZ",
  "rotation_matrix": [
   [
    -0.0002867423463612795,
    -0.9439936876296997,
    0.32996347546577454
   ],
   [
    0.05084393918514252,
    0.3295229375362396,
    0.9427775740623474
   ],
   [
    -0.998706579208374,
    0.0170469768345356,
    0.04790186882019043
   ]
  ]
 },
 {
  "rotation_euler": [
   0.002676300471648574,
   -0.0023984143044799566,
   2.1972789764404297
  ],
  "euler_order": "XYZ",
  "rotation_matrix": [
   [
    -0.586297333240509,
    -0.8100880980491638,
    0.0035742358304560184
   ],
   [
    0.8100923895835876,
    -0.5863021016120911,
    -0.00037382353912107646
   ],
   [
    0.00239841197617352,
    0.002676289528608322,
    0.9999935626983643
   ]
  ]
 },
 {
  "rotation_euler": [
   0.34500494599342346,
   1.5192017555236816,
   -2.1167688369750977
  ],
  "euler_order": "XYZ",
  "rotation_matrix": [
   [
    -0.026778569445014,
    0.6288858652114868,
    -0.7770363688468933
   ],
   [
    -0.04407433420419693,
    -0.7773019671440125,
    -0.6275819540023804
   ],
   [
    -0.9986692667007446,
    0.017441611737012863,
    0.04853275790810585
   ]
  ]
 },
 {
  "rotation_euler": [
   0.36142176389694214,
   -1.5151668787002563,
   0.6305969953536987
  ],
  "euler_order": "XYZ",
  "rotation_matrix": [
   [
    0.044907379895448685,
    -0.8366901278495789,
    -0.5458323359489441
   ],
   [
    0.032783713191747665,
    0.5473235249519348,
    -0.8362787961959839
   ],
   [
    0.9984530806541443,
    0.01966067962348461,
    0.052008673548698425
   ]
  ]
 },
 {
  "rotation_euler": [
   0.36142390966415405,
   -1.515166997909546,
   -0.8158718943595886
  ],
  "euler_order": "XYZ",
  "rotation_matrix": [
   [
    0.03809943050146103,
    0.4393412172794342,
    -0.8975119590759277
   ],
   [
    -0.040495242923498154,
    0.8981050848960876,
    0.4379125237464905
   ],
   [
    0.9984530806541443,
    0.019660748541355133,
    0.05200852081179619
   ]
  ]
 },
 {
  "rotation_euler": [
   0.3418999910354614,
   1.5199295282363892,
   -2.2629599571228027
  ],
  "euler_order": "XYZ",
  "rotation_matrix": [
   [
    -0.03244941681623459,
    0.5116076469421387,
    -0.858606219291687
   ],
   [
    -0.03914378210902214,
    -0.8590500950813293,
    -0.5103927254676819
   ],
   [
    -0.998706579208374,
    0.017047150060534477,
    0.047901932150125504
   ]
  ]
 },
 {
  "rotation_euler": [
   0.361420214176178,
   -1.5151667594909668,
   2.4395647048950195
  ],
  "euler_order": "XYZ",
  "rotation_matrix": [
   [
    -0.04245316982269287,
    -0.33447763323783875,
    0.9414470195770264
   ],
   [
    0.03590523824095726,
    -0.9421985745429993,
    -0.3331255614757538
   ],
   [
    0.9984530806541443,
    0.019660640507936478,
    0.05200881510972977
   ]
  ]
 },
 {
  "rotation_euler": [
   0.3418979346752167,
   1.5199295282363892,
   1.9657766819000244
  ],
  "euler_order": "XYZ",
  "rotation_matrix": [
   [
    -0.01956459879875183,
    -0.9984245896339417,
    -0.05258860066533089
   ],
   [
    0.04693002253770828,
    -0.05345776304602623,
    0.9974666833877563
   ],
   [
    -0.998706579208374,
    0.017047051340341568,
    0.04790196567773819
   ]
  ]
 },
 {
  "rotation_euler": [
   0.3418993651866913,
   1.5199295282363892,
   -1.537697434425354
  ],
  "euler_order": "XYZ",
  "rotation_matrix": [
   [
    0.0016826015198603272,
    0.9526844620704651,
    -0.30395638942718506
   ],
   [
    -0.05081701651215553,
    -0.30348265171051025,
    -0.9514809250831604
   ],
   [
    -0.998706579208374,
    0.01704712025821209,
    0.0479019433259964
   ]
  ]
 },
 {
  "rotation_euler": [
   -2.7801711559295654,
   -1.626425862312317,
   0.1925281137228012
  ],
  "euler_order": "XYZ",
  "rotation_matrix": [
   [
    -0.05457354709506035,
    0.5255134105682373,
    0.8490332365036011
   ],
   [
    -0.010638716630637646,
    -0.8505581021308899,
    0.5257734060287476
   ],
   [
    0.9984530806541443,
    0.019660696387290955,
    0.05200876295566559
   ]
  ]
 },
 {
  "rotation_euler": [
   0.3418996334075928,
   1.5199295282363892,
   -2.449474573135376
  ],
  "euler_order": "XYZ",
  "rotation_matrix": [
   [
    -0.03914526104927063,
    0.3434368669986725,
    -0.9383596181869507
   ],
   [
    -0.032447632402181625,
    -0.9390210509300232,
    -0.342325359582901
   ],
   [
    -0.998706579208374,
    0.017047133296728134,
    0.0479019358754158
   ]
  ]
 },
 {
  "rotation_euler": [
   0.34203916788101196,
   1.5199353694915771,
   -1.6410123109817505
  ],
  "euler_order": "XYZ",
  "rotation_matrix": [
   [
    -0.0035667801275849342,
    0.9162499904632568,
    -0.400591105222702
   ],
   [
    -0.050713758915662766,
    -0.4002439081668854,
    -0.915004312992096
   ],
   [
    -0.9987068772315979,
    0.017051860690116882,
    0.04789406433701515
   ]
  ]
 },
 {
  "rotation_euler": [
   -1.129112958908081,
   -1.5598056316375732,
   0.5744460225105286
  ],
  "euler_order": "XYZ",
  "rotation_matrix": [
   [
    0.009226431138813496,
    0.5266143679618835,
    -0.8500542044639587
   ],
   [
    0.005971891805529594,
    0.8500462174415588,
    0.526674211025238
   ],
   [
    0.9999396204948425,
    -0.009935755282640457,
    0.004698008764535189
   ]
  ]
 },
 {
  "rotation_euler": [
   0.34189778566360474,
   1.5199294090270996,
   -1.0091426372528076
  ],
  "euler_order": "XYZ",
  "rotation_matrix": [
   [
    0.027079356834292412,
    0.9757197499275208,
    0.21734240651130676
   ],
   [
    -0.04303395003080368,
    0.21835844218730927,
    -0.974919319152832
   ],
   [
    -0.998706579208374,
    0.017047084867954254,
    0.04790208116173744
   ]
  ]
 },
 {
  "rotation_euler": [
   0.341900497674942,
   1.5199298858642578,
   0.5698728561401367
  ],
  "euler_order": "XYZ",
  "rotation_matrix": [
   [
    0.04280953109264374,
    -0.22636793553829193,
    0.9731006622314453
   ],
   [
    0.027431882917881012,
    0.9738926887512207,
    0.22534537315368652
   ],
   [
    -0.998706579208374,
    0.017047055065631866,
    0.04790158569812775
   ]
  ]
 }
]