[
 {
  "rotation_euler": [
   -0.10007929801940918,
   0.33481457829475403,
   -1.4848144054412842
  ],
  "euler_order": "XYZ",
  "rotation_matrix": [
   [
    0.08110743016004562,
    0.9885011911392212,
    0.1276203691959381
   ],
   [
    -0.9409822225570679,
    0.11815562844276428,
    -0.3171619772911072
   ],
   [
    -0.32859405875205994,
    -0.09436431527137756,
    0.9397453665733337
   ]
  ]
 },
 {
  "rotation_euler": [
   0.08513404428958893,
   0.34137842059135437,
   1.810259461402893
  ],
  "euler_order": "XYZ",
  "rotation_matrix": [
   [
    -0.22349436581134796,
    -0.9746989607810974,
    0.0034875115379691124
   ],
   [
    0.9154061675071716,
    -0.2086671143770218,
    0.3442232012748718
   ],
   [
    -0.3347862958908081,
    0.08012443780899048,
    0.9388813376426697
   ]
  ]
 },
 {
  "rotation_euler": [
   -0.07471862435340881,
   0.3434911370277405,
   -2.94227933883667
  ],
  "euler_order": "XYZ",
  "rotation_matrix": [
   [
    -0.9229438900947571,
    0.22208620607852936,
    -0.3144077956676483
   ],
   [
    -0.18643027544021606,
    -0.9724902510643005,
    -0.13966569304466248
   ],
   [
    -0.33677634596824646,
    -0.07028846442699432,
    0.9389575123786926
   ]
  ]
 },
 {
  "rotation_euler": [
   -0.03392856940627098,
   0.35095134377479553,
   2.2700319290161133
  ],
  "euler_order": "XYZ",
  "rotation_matrix": [
   [
    -0.6044009327888489,
    -0.7573878169059753,
    -0.24710975587368011
   ],
   [
    0.7186842560768127,
    -0.6521878242492676,
    0.2411305457353592
   ],
   [
    -0.34379130601882935,
    -0.03185437619686127,
    0.9385056495666504
   ]
  ]
 },
 {
  "rotation_euler": [
   0.03513791784644127,
   0.35105764865875244,
   -2.012814521789551
  ],
  "euler_order": "XYZ",
  "rotation_matrix": [
   [
    -0.4016749858856201,
    0.8981643915176392,
    -0.17876791954040527
   ],
   [
    -0.8487614989280701,
    -0.43842053413391113,
    -0.29562029242515564
   ],
   [
    -0.3438911437988281,
    0.0329880490899086,
    0.9384298920631409
   ]
  ]
 },
 {
  "rotation_euler": [
   -0.041958894580602646,
   0.34988677501678467,
   -2.561445474624634
  ],
  "euler_order": "XYZ",
  "rotation_matrix": [
   [
    -0.7857068777084351,
    0.5596908926963806,
    -0.26345935463905334
   ],
   [
    -0.5149356722831726,
    -0.827764093875885,
    -0.22281810641288757
   ],
   [
    -0.34279143810272217,
    -0.03940510377287865,
    0.9385846853256226
   ]
  ]
 },
 {
  "rotation_euler": [
   0.00950633455067873,
   0.34631621837615967,
   -1.1722785234451294
  ],
  "euler_order": "XYZ",
  "rotation_matrix": [
   [
    0.36501383781433105,
    0.9228476881980896,
    0.12295148521661758
   ],
   [
    -0.8669191002845764,
    0.3850613236427307,
    -0.31651073694229126
   ],
   [
    -0.33943504095077515,
    0.008941804058849812,
    0.9405869841575623
   ]
  ]
 },
 {
  "rotation_euler": [
   0.008294129744172096,
   0.3513489365577698,
   -2.1292433738708496
  ],
  "euler_order": "XYZ",
  "rotation_matrix": [
   [
    -0.4974997043609619,
    0.8465372920036316,
    -0.1893901824951172
   ],
   [
    -0.7962692379951477,
    -0.532272458076477,
    -0.28747400641441345
   ],
   [
    -0.34416463971138,
    0.007787346374243498,
    0.9388769865036011
   ]
  ]
 },
 {
  "rotation_euler": [
   -0.0758921205997467,
   0.35658591985702515,
   -2.1797852516174316
  ],
  "euler_order": "XYZ",
  "rotation_matrix": [
   [
    -0.5360538363456726,
    0.8330058455467224,
    -0.13692164421081543
   ],
   [
    -0.7686296701431274,
    -0.5486831068992615,
    -0.32886967062950134
   ],
   [
    -0.3490769565105438,
    -0.07104980945587158,
    0.9343966841697693
   ]
  ]
 },
 {
  "rotation_euler": [
   0.03767210990190506,
   0.3510258197784424,
   0.005296467337757349
  ],
  "euler_order": "XYZ",
  "rotation_matrix": [
   [
    0.9390072822570801,
    0.007658048998564482,
    0.34381192922592163
   ],
   [
    0.004973467905074358,
    0.999345064163208,
    -0.03584272414445877
   ],
   [
    -0.34386125206947327,
    0.035366516560316086,
    0.9383541941642761
   ]
  ]
 },
 {
  "rotation_euler": [
   0.053552549332380295,
   0.3439199924468994,
   0.7649990320205688
  ],
  "euler_order": "XYZ",
  "rotation_matrix": [
   [
    0.6791389584541321,
    -0.6785237789154053,
    0.2799566686153412
   ],
   [
    0.6519814729690552,
    0.7328479290008545,
    0.19456127285957336
   ],
   [
    -0.33718010783195496,
    0.050392426550388336,
    0.940090537071228
   ]
  ]
 },
 {
  "rotation_euler": [
   0.0962027907371521,
   0.3436459004878998,
   1.669493317604065
  ],
  "euler_order": "XYZ",
  "rotation_matrix": [
   [
    -0.09277563542127609,
    -0.9937209486961365,
    0.06254128366708755
   ],
   [
    0.9369505047798157,
    -0.0658758357167244,
    0.3431969881057739
   ],
   [
    -0.3369220495223999,
    0.09043840318918228,
    0.9371789693832397
   ]
  ]
 },
 {
  "rotation_euler": [
   0.0789756178855896,
   0.3593860864639282,
   0.07314115762710571
  ],
  "euler_order": "XYZ",
  "rotation_matrix": [
   [
    0.9336100816726685,
    -0.04517554119229317,
    0.3554312288761139
   ],
   [
    0.06840734928846359,
    0.9962453842163086,
    -0.05306193605065346
   ],
   [
    -0.3516996204853058,
    0.0738532692193985,
    0.9331951141357422
   ]
  ]
 },
 {
  "rotation_euler": [
   0.025404339656233788,
   0.3565506637096405,
   -2.7969465255737305
  ],
  "euler_order": "XYZ",
  "rotation_matrix": [
   [
    -0.8819999098777771,
    0.32940971851348877,
    -0.3369947075843811
   ],
   [
    -0.31661415100097656,
    -0.9438869953155518,
    -0.09398332983255386
   ],
   [
    -0.34904393553733826,
    0.023804007098078728,
    0.9368039965629578
   ]
  ]
 },
 {
  "rotation_euler": [
   -0.09181328862905502,
   0.3397862911224365,
   2.7855305671691895
  ],
  "euler_order": "XYZ",
  "rotation_matrix": [
   [
    -0.8836888670921326,
    -0.3184773921966553,
    -0.3430250287055969
   ],
   [
    0.3286559283733368,
    -0.943980872631073,
    0.029755763709545135
   ],
   [
    -0.3332855999469757,
    -0.08644238114356995,
    0.9388548731803894
   ]
  ]
 },
 {
  "rotation_euler": [
   -0.08183731138706207,
   0.34627512097358704,
   2.881582260131836
  ],
  "euler_order": "XYZ",
  "rotation_matrix": [
   [
    -0.9090259075164795,
    -0.22941842675209045,
    -0.34790676832199097
   ],
   [
    0.24183058738708496,
    -0.9702857732772827,
    0.007965302094817162
   ],
   [
    -0.3393963873386383,
    -0.07689383625984192,
    0.9374952912330627
   ]
  ]
 }
]