[
 {
  "rotation_euler": [
   -0.029059236869215965,
   -0.06290152668952942,
   -3.0244054794311523
  ],
  "euler_order": "XYZ",
  "rotation_matrix": [
   [
    -0.9911773800849915,
    0.11505589634180069,
    0.06579966843128204
   ],
   [
    -0.11668791621923447,
    -0.9929356575012207,
    -0.021509429439902306
   ],
   [
    0.06286005675792694,
    -0.02899768576025963,
    0.9976009726524353
   ]
  ]
 },
 {
  "rotation_euler": [
   -0.02642534300684929,
   0.06404642760753632,
   -1.9386531114578247
  ],
  "euler_order": "XYZ",
  "rotation_matrix": [
   [
    -0.35887911915779114,
    0.9333825707435608,
    0.0016462551429867744
   ],
   [
    -0.931187093257904,
    -0.35791289806365967,
    -0.06920191645622253
   ],
   [
    -0.06400264799594879,
    -0.026368094608187675,
    0.997601330280304
   ]
  ]
 },
 {
  "rotation_euler": [
   -0.029059331864118576,
   -0.062901571393013,
   -2.52418851852417
  ],
  "euler_order": "XYZ",
  "rotation_matrix": [
   [
    -0.8137714266777039,
    0.5771868228912354,
    0.06805415451526642
   ],
   [
    -0.5777755975723267,
    -0.81609708070755,
    0.012684456072747707
   ],
   [
    0.06286010146141052,
    -0.02899778075516224,
    0.9976009726524353
   ]
  ]
 },
 {
  "rotation_euler": [
   -0.026425383985042572,
   0.06404653936624527,
   -0.9544003009796143
  ],
  "euler_order": "XYZ",
  "rotation_matrix": [
   [
    0.5769129395484924,
    0.8147047162055969,
    0.058546699583530426
   ],
   [
    -0.8142942190170288,
    0.5792762637138367,
    -0.03693123161792755
   ],
   [
    -0.06400275975465775,
    -0.02636813558638096,
    0.997601330280304
   ]
  ]
 },
 {
  "rotation_euler": [
   -0.02905924618244171,
   -0.0629015788435936,
   -1.316532850265503
  ],
  "euler_order": "XYZ",
  "rotation_matrix": [
   [
    0.2510351836681366,
    0.9678996205329895,
    0.012316306121647358
   ],
   [
    -0.9659347534179688,
    0.2496587485074997,
    0.06812171638011932
   ],
   [
    0.06286010891199112,
    -0.028997695073485374,
    0.9976009726524353
   ]
  ]
 },
 {
  "rotation_euler": [
   -0.02905946597456932,
   -0.06290154159069061,
   1.990923285484314
  ],
  "euler_order": "XYZ",
  "rotation_matrix": [
   [
    -0.40706974267959595,
    -0.9133966565132141,
    -0.0009003254817798734
   ],
   [
    0.911231517791748,
    -0.4060365855693817,
    -0.06922034919261932
   ],
   [
    0.06286007165908813,
    -0.028997914865612984,
    0.9976009726524353
   ]
  ]
 },
 {
  "rotation_euler": [
   -0.02905949577689171,
   -0.0629013329744339,
   1.6526455879211426
  ],
  "euler_order": "XYZ",
  "rotation_matrix": [
   [
    -0.08159621804952621,
    -0.9963807463645935,
    -0.023821014910936356
   ],
   [
    0.994681179523468,
    -0.07990308105945587,
    -0.06499847769737244
   ],
   [
    0.06285986304283142,
    -0.02899794466793537,
    0.9976009726524353
   ]
  ]
 },
 {
  "rotation_euler": [
   -0.029059618711471558,
   -0.06290120631456375,
   -1.779147744178772
  ],
  "euler_order": "XYZ",
  "rotation_matrix": [
   [
    -0.20643818378448486,
    0.9775823950767517,
    0.04142402485013008
   ],
   [
    -0.9764384031295776,
    -0.20854684710502625,
    0.055464260280132294
   ],
   [
    0.06285973638296127,
    -0.02899806760251522,
    0.9976010322570801
   ]
  ]
 },
 {
  "rotation_euler": [
   -0.029059039428830147,
   -0.062901571393013,
   -3.0746984481811523
  ],
  "euler_order": "XYZ",
  "rotation_matrix": [
   [
    -0.9957901835441589,
    0.06499379128217697,
    0.06463518738746643
   ],
   [
    -0.06671213358640671,
    -0.9974642395973206,
    -0.024789899587631226
   ],
   [
    0.06286010146141052,
    -0.02899749018251896,
    0.9976009726524353
   ]
  ]
 },
 {
  "rotation_euler": [
   -0.029058977961540222,
   -0.0629018172621727,
   1.7889114618301392
  ],
  "euler_order": "XYZ",
  "rotation_matrix": [
   [
    -0.21596185863018036,
    -0.9762901067733765,
    -0.014769897796213627
   ],
   [
    0.9743762612342834,
    -0.2145153135061264,
    -0.0676322728395462
   ],
   [
    0.06286034733057022,
    -0.028997426852583885,
    0.9976009726524353
   ]
  ]
 },
 {
  "rotation_euler": [
   -0.029058968648314476,
   -0.06290183216333389,
   0.3192956745624542
  ],
  "euler_order": "XYZ",
  "rotation_matrix": [
   [
    0.947579026222229,
    -0.3120312988758087,
    -0.06877826154232025
   ],
   [
    0.31327712535858154,
    0.9496291875839233,
    0.007862945087254047
   ],
   [
    0.06286036223173141,
    -0.02899741753935814,
    0.9976009726524353
   ]
  ]
 },
 {
  "rotation_euler": [
   -0.026425577700138092,
   0.06404636800289154,
   0.6495218276977539
  ],
  "euler_order": "XYZ",
  "rotation_matrix": [
   [
    0.7947403192520142,
    -0.6059412360191345,
    0.03497166559100151
   ],
   [
    0.6035656332969666,
    0.7950722575187683,
    0.059737786650657654
   ],
   [
    -0.06400258839130402,
    -0.02636832930147648,
    0.997601330280304
   ]
  ]
 },
 {
  "rotation_euler": [
   -0.029058927670121193,
   -0.06290183961391449,
   1.5331242084503174
  ],
  "euler_order": "XYZ",
  "rotation_matrix": [
   [
    0.03758872300386429,
    -0.9987998008728027,
    -0.03140074759721756
   ],
   [
    0.9973142147064209,
    0.03947240859270096,
    -0.061694949865341187
   ],
   [
    0.06286036968231201,
    -0.028997376561164856,
    0.9976009726524353
   ]
  ]
 },
 {
  "rotation_euler": [
   -0.02905893139541149,
   -0.0629018098115921,
   1.4364409446716309
  ],
  "euler_order": "XYZ",
  "rotation_matrix": [
   [
    0.1336866170167923,
    -0.990324854850769,
    -0.03720967844128609
   ],
   [
    0.9890280365943909,
    0.1357049196958542,
    -0.05837559327483177
   ],
   [
    0.06286033987998962,
    -0.028997380286455154,
    0.9976009726524353
   ]
  ]
 },
 {
  "rotation_euler": [
   -0.029058976098895073,
   -0.06290184706449509,
   -3.1074728965759277
  ],
  "euler_order": "XYZ",
  "rotation_matrix": [
   [
    -0.9974414706230164,
    0.03227339684963226,
    0.06378842145204544
   ],
   [
    -0.03404567390680313,
    -0.9990583658218384,
    -0.026894517242908478
   ],
   [
    0.06286037713289261,
    -0.028997424989938736,
    0.9976009726524353
   ]
  ]
 },
 {
  "rotation_euler": [
   -0.029058946296572685,
   -0.0629018247127533,
   -1.4881118535995483
  ],
  "euler_order": "XYZ",
  "rotation_matrix": [
   [
    0.08242695778608322,
    0.9963136911392212,
    0.023766130208969116
   ],
   [
    -0.9946126937866211,
    0.08073526620864868,
    0.06501879543066025
   ],
   [
    0.06286035478115082,
    -0.02899739518761635,
    0.9976009726524353
   ]
  ]
 }
]