[
 {
  "rotation_euler": [
   2.92084519060154e-06,
   9.938323728420073e-07,
   1.5587422847747803
  ],
  "euler_order": "XYZ",
  "rotation_matrix": [
   [
    0.012053750455379486,
    -0.9999273419380188,
    2.9326124604267534e-06
   ],
   [
    0.9999273419380188,
    0.012053750455379486,
    9.585530733602354e-07
   ],
   [
    -9.938323728420073e-07,
    2.92084519060154e-06,
    1.0
   ]
  ]
 },
 {
  "rotation_euler": [
   -2.3267305095941992e-06,
   2.2242904833547072e-06,
   2.4957685470581055
  ],
  "euler_order": "XYZ",
  "rotation_matrix": [
   [
    -0.7986040711402893,
    -0.6018567681312561,
    -3.176685822836589e-06
   ],
   [
    0.6018567681312561,
    -0.7986040711402893,
    -5.194320920054452e-07
   ],
   [
    -2.2242904833547072e-06,
    -2.3267305095941992e-06,
    1.0
   ]
  ]
 },
 {
  "rotation_euler": [
   1.7242109606740996e-06,
   -2.023419938268489e-06,
   1.461682677268982
  ],
  "euler_order": "XYZ",
  "rotation_matrix": [
   [
    0.10889726132154465,
    -0.9940530061721802,
    1.4936122170183808e-06
   ],
   [
    0.9940530061721802,
    0.10889726132154465,
    -2.199148639192572e-06
   ],
   [
    2.023419938268489e-06,
    1.7242109606740996e-06,
    1.0
   ]
  ]
 },
 {
  "rotation_euler": [
   -1.4753281902812887e-06,
   -1.421310230398376e-06,
   -1.4153915643692017
  ],
  "euler_order": "XYZ",
  "rotation_matrix": [
   [
    0.15478000044822693,
    0.9879489541053772,
    1.2375585356494412e-06
   ],
   [
    -0.9879489541053772,
    0.15478000044822693,
    1.6325332126143621e-06
   ],
   [
    1.421310230398376e-06,
    -1.4753281902812887e-06,
    1.0
   ]
  ]
 },
 {
  "rotation_euler": [
   3.818772142949456e-07,
   2.2360745788319036e-06,
   2.7067079544067383
  ],
  "euler_order": "XYZ",
  "rotation_matrix": [
   [
    -0.9069186449050903,
    -0.4213058352470398,
    -1.8670506278795074e-06
   ],
   [
    0.4213058352470398,
    -0.9069186449050903,
    1.2884028137705172e-06
   ],
   [
    -2.2360745788319036e-06,
    3.818772142949456e-07,
    1.0
   ]
  ]
 },
 {
  "rotation_euler": [
   -5.893411980650853e-06,
   3.346920948388288e-06,
   1.9394632577896118
  ],
  "euler_order": "XYZ",
  "rotation_matrix": [
   [
    -0.36037224531173706,
    -0.9328085780143738,
    -6.703562576149125e-06
   ],
   [
    0.9328085780143738,
    -0.36037224531173706,
    9.98214432001987e-07
   ],
   [
    -3.346920948388288e-06,
    -5.893411980650853e-06,
    1.0
   ]
  ]
 },
 {
  "rotation_euler": [
   1.7550850088809966e-06,
   -4.920982064504642e-06,
   2.4942240715026855
  ],
  "euler_order": "XYZ",
  "rotation_matrix": [
   [
    -0.7976735234260559,
    -0.6030895113945007,
    4.983810413250467e-06
   ],
   [
    0.6030895113945007,
    -0.7976735234260559,
    -1.567807657920639e-06
   ],
   [
    4.920982064504642e-06,
    1.7550850088809966e-06,
    1.0
   ]
  ]
 },
 {
  "rotation_euler": [
   -1.5070542076500715e-06,
   -2.1126261344761588e-06,
   -1.7389663457870483
  ],
  "euler_order": "XYZ",
  "rotation_matrix": [
   [
    -0.1673784703016281,
    0.9858927130699158,
    1.8394018752587726e-06
   ],
   [
    -0.9858927130699158,
    -0.1673784703016281,
    1.8305743196833646e-06
   ],
   [
    2.1126261344761588e-06,
    -1.5070542076500715e-06,
    1.0
   ]
  ]
 },
 {
  "rotation_euler": [
   5.139796712683165e-07,
   -3.0460998914350057e-06,
   -1.6796828508377075
  ],
  "euler_order": "XYZ",
  "rotation_matrix": [
   [
    -0.10867148637771606,
    0.994077742099762,
    -1.7991153811180993e-07
   ],
   [
    -0.994077742099762,
    -0.10867148637771606,
    3.0839148621453205e-06
   ],
   [
    3.0460998914350057e-06,
    5.139796712683165e-07,
    1.0
   ]
  ]
 },
 {
  "rotation_euler": [
   -1.3591143215307966e-06,
   -2.2269114197115414e-06,
   -1.7604581117630005
  ],
  "euler_order": "XYZ",
  "rotation_matrix": [
   [
    -0.18852674961090088,
    0.9820680618286133,
    1.7545751234138152e-06
   ],
   [
    -0.9820680618286133,
    -0.18852674961090088,
    1.930749249368091e-06
   ],
   [
    2.2269114197115414e-06,
    -1.3591143215307966e-06,
    1.0
   ]
  ]
 },
 {
  "rotation_euler": [
   8.244803098023112e-07,
   -3.544402261468349e-06,
   0.08044879883527756
  ],
  "euler_order": "XYZ",
  "rotation_matrix": [
   [
    0.9967657327651978,
    -0.08036205172538757,
    -3.4666818464756943e-06
   ],
   [
    0.08036205172538757,
    0.9967657327651978,
    -1.1066491651945398e-06
   ],
   [
    3.544402261468349e-06,
    8.244803098023112e-07,
    1.0
   ]
  ]
 },
 {
  "rotation_euler": [
   2.0862532892351737e-06,
   2.4254259187728167e-06,
   -1.4014909267425537
  ],
  "euler_order": "XYZ",
  "rotation_matrix": [
   [
    0.1684977263212204,
    0.9857020378112793,
    -1.6477454209962161e-06
   ],
   [
    -0.9857020378112793,
    0.1684977263212204,
    -2.7422761377238203e-06
   ],
   [
    -2.4254259187728167e-06,
    2.0862532892351737e-06,
    1.0
   ]
  ]
 },
 {
  "rotation_euler": [
   4.8067727220768575e-06,
   -4.518519290286349e-06,
   2.908944606781006
  ],
  "euler_order": "XYZ",
  "rotation_matrix": [
   [
    -0.9730592966079712,
    -0.23055504262447357,
    5.505012723006075e-06
   ],
   [
    0.23055504262447357,
    -0.9730592966079712,
    3.6355074826133205e-06
   ],
   [
    4.518519290286349e-06,
    4.8067727220768575e-06,
    1.0
   ]
  ]
 },
 {
  "rotation_euler": [
   -2.2679164430883247e-06,
   -3.791423523580306e-06,
   -0.5977983474731445
  ],
  "euler_order": "XYZ",
  "rotation_matrix": [
   [
    0.8265767693519592,
    0.562824010848999,
    -1.8574647810964962e-06
   ],
   [
    -0.562824010848999,
    0.8265767693519592,
    4.008511041320162e-06
   ],
   [
    3.791423523580306e-06,
    -2.2679164430883247e-06,
    1.0
   ]
  ]
 },
 {
  "rotation_euler": [
   1.4434925788009423e-06,
   -1.5898568790362333e-06,
   -1.1986068487167358
  ],
  "euler_order": "XYZ",
  "rotation_matrix": [
   [
    0.36365586519241333,
    0.9315333366394043,
    -1.9228223209211137e-06
   ],
   [
    -0.9315333366394043,
    0.36365586519241333,
    9.560701528243953e-07
   ],
   [
    1.5898568790362333e-06,
    1.4434925788009423e-06,
    1.0
   ]
  ]
 },
 {
  "rotation_euler": [
   -1.8341085024076165e-06,
   -2.270436880280613e-06,
   -2.3642187118530273
  ],
  "euler_order": "XYZ",
  "rotation_matrix": [
   [
    -0.71275794506073,
    0.7014101147651672,
    2.9047341740806587e-06
   ],
   [
    -0.7014101147651672,
    -0.71275794506073,
    2.852319482826715e-07
   ],
   [
    2.270436880280613e-06,
    -1.8341085024076165e-06,
    1.0
   ]
  ]
 }
]