[
 {
  "rotation_euler": [
   0.00021518606808967888,
   -0.00016275938833132386,
   -2.4369354248046875
  ],
  "euler_order": "XYZ",
  "rotation_matrix": [
   [
    -0.7618336081504822,
    0.6477727293968201,
    -1.5396093658637255e-05
   ],
   [
    -0.6477727293968201,
    -0.7618336081504822,
    0.0002693670685403049
   ],
   [
    0.00016275938833132386,
    0.00021518606808967888,
    0.9999999403953552
   ]
  ]
 },
 {
  "rotation_euler": [
   0.00020601785217877477,
   -0.00017498829402029514,
   0.19718673825263977
  ],
  "euler_order": "XYZ",
  "rotation_matrix": [
   [
    0.9806215763092041,
    -0.19591139256954193,
    -0.0001312360545853153
   ],
   [
    0.19591136276721954,
    0.9806215763092041,
    -0.00023630775103811175
   ],
   [
    0.00017498829402029514,
    0.00020601785217877477,
    0.9999999403953552
   ]
  ]
 },
 {
  "rotation_euler": [
   -1.4885227680206299,
   -0.0015466047916561365,
   2.5887937545776367
  ],
  "euler_order": "XYZ",
  "rotation_matrix": [
   [
    -0.851057231426239,
    -0.04446256533265114,
    -0.5231870412826538
   ],
   [
    0.5250706672668457,
    -0.0691312924027443,
    -0.8482462167739868
   ],
   [
    0.0015466042095795274,
    -0.9966162443161011,
    0.08218067139387131
   ]
  ]
 },
 {
  "rotation_euler": [
   2.2064356803894043,
   0.037268608808517456,
   0.08993615955114365
  ],
  "euler_order": "XYZ",
  "rotation_matrix": [
   [
    0.995266854763031,
    0.08318407833576202,
    0.050241854041814804
   ],
   [
    0.08975259959697723,
    -0.5885998010635376,
    -0.8034268617630005
   ],
   [
    -0.03725998103618622,
    0.8041335344314575,
    -0.5932798385620117
   ]
  ]
 },
 {
  "rotation_euler": [
   0.00020268313528504223,
   -0.0001761532184900716,
   2.334419012069702
  ],
  "euler_order": "XYZ",
  "rotation_matrix": [
   [
    -0.6915427446365356,
    -0.7223354578018188,
    0.00026822270592674613
   ],
   [
    0.7223355174064636,
    -0.6915428042411804,
    1.2922333553433418e-05
   ],
   [
    0.0001761532184900716,
    0.00020268313528504223,
    0.9999999403953552
   ]
  ]
 },
 {
  "rotation_euler": [
   2.2566099166870117,
   -0.008484012447297573,
   -1.7964895963668823
  ],
  "euler_order": "XYZ",
  "rotation_matrix": [
   [
    -0.2237740457057953,
    -0.6157724857330322,
    -0.7554795742034912
   ],
   [
    -0.9746041297912598,
    0.14812107384204865,
    0.16794925928115845
   ],
   [
    0.00848391093313694,
    0.7738761901855469,
    -0.6332800984382629
   ]
  ]
 },
 {
  "rotation_euler": [
   0.00019736065587494522,
   -0.00017613648378755897,
   1.9783791303634644
  ],
  "euler_order": "XYZ",
  "rotation_matrix": [
   [
    -0.3963913023471832,
    -0.9180816411972046,
    0.00025101215578615665
   ],
   [
    0.9180816411972046,
    -0.3963913321495056,
    -8.347562106791884e-05
   ],
   [
    0.00017613648378755897,
    0.00019736065587494522,
    0.9999999403953552
   ]
  ]
 },
 {
  "rotation_euler": [
   0.00018778382218442857,
   -0.00019382395839784294,
   -0.5399479866027832
  ],
  "euler_order": "XYZ",
  "rotation_matrix": [
   [
    0.8577353954315186,
    0.5140913128852844,
    -0.0002627877111081034
   ],
   [
    -0.5140913724899292,
    0.8577354550361633,
    -6.142561323940754e-05
   ],
   [
    0.00019382395839784294,
    0.00018778382218442857,
    0.9999999403953552
   ]
  ]
 },
 {
  "rotation_euler": [
   2.2566452026367188,
   0.0034700646065175533,
   0.932942807674408
  ],
  "euler_order": "XYZ",
  "rotation_matrix": [
   [
    0.5954688191413879,
    0.51040118932724,
    0.6204091310501099
   ],
   [
    0.8033709526062012,
    -0.37497323751449585,
    -0.462590754032135
   ],
   [
    -0.0034700576215982437,
    0.7738770246505737,
    -0.6333263516426086
   ]
  ]
 },
 {
  "rotation_euler": [
   -0.8849886655807495,
   3.1345126628875732,
   -0.5925096273422241
  ],
  "euler_order": "XYZ",
  "rotation_matrix": [
   [
    -0.8295210003852844,
    0.3491167724132538,
    0.4359040856361389
   ],
   [
    0.5584306120872498,
    0.5284072160720825,
    0.6394850015640259
   ],
   [
    -0.007079931441694498,
    0.7738884091377258,
    -0.6332824230194092
   ]
  ]
 },
 {
  "rotation_euler": [
   0.00019809346122201532,
   -0.000174660628545098,
   1.8882774114608765
  ],
  "euler_order": "XYZ",
  "rotation_matrix": [
   [
    -0.312174528837204,
    -0.9500247240066528,
    0.00024271829170174897
   ],
   [
    0.9500247836112976,
    -0.31217455863952637,
    -0.00010409218521090224
   ],
   [
    0.000174660628545098,
    0.00019809346122201532,
    0.9999999403953552
   ]
  ]
 },
 {
  "rotation_euler": [
   -0.9295491576194763,
   3.1114673614501953,
   -0.09372016787528992
  ],
  "euler_order": "XYZ",
  "rotation_matrix": [
   [
    -0.9951597452163696,
    0.03194959834218025,
    0.09293179959058762
   ],
   [
    0.09354057163000107,
    0.5978289842605591,
    0.7961474061012268
   ],
   [
    -0.030120735988020897,
    0.8009867072105408,
    -0.5979239344596863
   ]
  ]
 },
 {
  "rotation_euler": [
   0.00020254893752280623,
   -0.00017243126058019698,
   2.654961585998535
  ],
  "euler_order": "XYZ",
  "rotation_matrix": [
   [
    -0.8839133381843567,
    -0.4676506519317627,
    0.00024713645689189434
   ],
   [
    0.4676506817340851,
    -0.8839133381843567,
    9.839810809353366e-05
   ],
   [
    0.00017243126058019698,
    0.00020254893752280623,
    0.9999999403953552
   ]
  ]
 },
 {
  "rotation_euler": [
   2.2566094398498535,
   -0.003915521781891584,
   1.3697608709335327
  ],
  "euler_order": "XYZ",
  "rotation_matrix": [
   [
    0.19968250393867493,
    0.6199429035186768,
    0.7588133215904236
   ],
   [
    0.9798528552055359,
    -0.12942960858345032,
    -0.15210658311843872
   ],
   [
    0.003915512003004551,
    0.7738984227180481,
    -0.6332976222038269
   ]
  ]
 },
 {
  "rotation_euler": [
   0.00018847151659429073,
   -0.00018788482702802867,
   -1.886196494102478
  ],
  "euler_order": "XYZ",
  "rotation_matrix": [
   [
    -0.3101969063282013,
    0.9506723284721375,
    -0.0001208933608722873
   ],
   [
    -0.9506723284721375,
    -0.3101968765258789,
    0.0002370801812503487
   ],
   [
    0.00018788482702802867,
    0.00018847151659429073,
    0.9999999403953552
   ]
  ]
 },
 {
  "rotation_euler": [
   0.00020644822507165372,
   -0.00017277740698773414,
   2.5405361652374268
  ],
  "euler_order": "XYZ",
  "rotation_matrix": [
   [
    -0.824738621711731,
    -0.565514087677002,
    0.0002592455712147057
   ],
   [
    0.565514087677002,
    -0.824738621711731,
    7.255776290548965e-05
   ],
   [
    0.00017277740698773414,
    0.00020644822507165372,
    0.9999999403953552
   ]
  ]
 }
]