[
 {
  "rotation_euler": [
   0.12728814780712128,
   -2.3972978591918945,
   0.02562328241765499
  ],
  "euler_order": "XYZ",
  "rotation_matrix": [
   [
    -0.7353243827819824,
    -0.1113840714097023,
    -0.6684995293617249
   ],
   [
    -0.01884554885327816,
    0.9893808364868164,
    -0.1441192924976349
   ],
   [
    0.6774532794952393,
    -0.09337618201971054,
    -0.7296149730682373
   ]
  ]
 },
 {
  "rotation_euler": [
   0.12728846073150635,
   -2.397296905517578,
   0.32851019501686096
  ],
  "euler_order": "XYZ",
  "rotation_matrix": [
   [
    -0.6962301135063171,
    -0.4014235734939575,
    -0.5950821042060852
   ],
   [
    -0.2373177856206894,
    0.9111201763153076,
    -0.3369573950767517
   ],
   [
    0.6774539351463318,
    -0.09337633103132248,
    -0.7296142578125
   ]
  ]
 },
 {
  "rotation_euler": [
   0.12728814780712128,
   -2.3972980976104736,
   0.6834980845451355
  ],
  "euler_order": "XYZ",
  "rotation_matrix": [
   [
    -0.5703346133232117,
    -0.6930811405181885,
    -0.4408593773841858
   ],
   [
    -0.46451666951179504,
    0.7147862911224365,
    -0.5227856040000916
   ],
   [
    0.6774531006813049,
    -0.09337620437145233,
    -0.7296150922775269
   ]
  ]
 },
 {
  "rotation_euler": [
   0.09547808021306992,
   -0.07037780433893204,
   -1.893863320350647
  ],
  "euler_order": "XYZ",
  "rotation_matrix": [
   [
    -0.31669047474861145,
    0.9460755586624146,
    -0.0681779682636261
   ],
   [
    -0.9459187388420105,
    -0.3096734285354614,
    0.09664411097764969
   ],
   [
    0.07031971961259842,
    0.09509708732366562,
    0.9929811954498291
   ]
  ]
 },
 {
  "rotation_euler": [
   0.09547796845436096,
   -0.07037708908319473,
   0.7913120985031128
  ],
  "euler_order": "XYZ",
  "rotation_matrix": [
   [
    0.7011726498603821,
    -0.7127487659454346,
    0.018605073913931847
   ],
   [
    0.7095154523849487,
    0.6949430108070374,
    -0.11679918318986893
   ],
   [
    0.07031900435686111,
    0.09509698301553726,
    0.9929812550544739
   ]
  ]
 },
 {
  "rotation_euler": [
   0.09547808766365051,
   -0.07037781178951263,
   0.7737049460411072
  ],
  "euler_order": "XYZ",
  "rotation_matrix": [
   [
    0.7135558128356934,
    -0.7004029750823975,
    0.016545364633202553
   ],
   [
    0.6970604062080383,
    0.7073840498924255,
    -0.11710923165082932
   ],
   [
    0.07031972706317902,
    0.09509709477424622,
    0.9929811954498291
   ]
  ]
 },
 {
  "rotation_euler": [
   0.09547819942235947,
   -0.0703793540596962,
   -0.7950105667114258
  ],
  "euler_order": "XYZ",
  "rotation_matrix": [
   [
    0.6985436081886292,
    0.7059249877929688,
    -0.11707570403814316
   ],
   [
    -0.7121037244796753,
    0.7018734812736511,
    -0.016787996515631676
   ],
   [
    0.07032126933336258,
    0.09509719163179398,
    0.9929810762405396
   ]
  ]
 },
 {
  "rotation_euler": [
   0.09547819942235947,
   -0.07037901878356934,
   -0.14010314643383026
  ],
  "euler_order": "XYZ",
  "rotation_matrix": [
   [
    0.9877502918243408,
    0.1323709934949875,
    -0.08262758702039719
   ],
   [
    -0.13929954171180725,
    0.9866278171539307,
    -0.08462382853031158
   ],
   [
    0.07032093405723572,
    0.09509719908237457,
    0.9929811358451843
   ]
  ]
 },
 {
  "rotation_euler": [
   0.09547809511423111,
   -0.0703786313533783,
   1.2023570537567139
  ],
  "euler_order": "XYZ",
  "rotation_matrix": [
   [
    0.35926827788352966,
    -0.9310561418533325,
    0.06372406333684921
   ],
   [
    0.9305811524391174,
    0.35226553678512573,
    -0.09963774681091309
   ],
   [
    0.07032054662704468,
    0.09509709477424622,
    0.9929811358451843
   ]
  ]
 },
 {
  "rotation_euler": [
   0.09547817707061768,
   -0.07037928700447083,
   1.0524641275405884
  ],
  "euler_order": "XYZ",
  "rotation_matrix": [
   [
    0.4942055940628052,
    -0.8680117130279541,
    0.04813014715909958
   ],
   [
    0.8664962649345398,
    0.48735225200653076,
    -0.10803718119859695
   ],
   [
    0.07032120227813721,
    0.09509716928005219,
    0.9929810762405396
   ]
  ]
 },
 {
  "rotation_euler": [
   0.12728850543498993,
   -2.397296667098999,
   1.0921813249588013
  ],
  "euler_order": "XYZ",
  "rotation_matrix": [
   [
    -0.33876463770866394,
    -0.9200595021247864,
    -0.19679678976535797
   ],
   [
    -0.6529122591018677,
    0.3804882764816284,
    -0.6549307107925415
   ],
   [
    0.6774541139602661,
    -0.09337633848190308,
    -0.7296141386032104
   ]
  ]
 },
 {
  "rotation_euler": [
   0.09547746181488037,
   -0.07038203626871109,
   2.8864893913269043
  ],
  "euler_order": "XYZ",
  "rotation_matrix": [
   [
    -0.965241551399231,
    -0.2447088360786438,
    0.09179484099149704
   ],
   [
    0.2517205774784088,
    -0.9649218916893005,
    0.07458215206861496
   ],
   [
    0.07032394409179688,
    0.09509644657373428,
    0.99298095703125
   ]
  ]
 },
 {
  "rotation_euler": [
   0.09547886997461319,
   -0.07038815319538116,
   -2.0240964889526367
  ],
  "euler_order": "XYZ",
  "rotation_matrix": [
   [
    -0.436850368976593,
    0.89784836769104,
    -0.05504610016942024
   ],
   [
    -0.8967806100845337,
    -0.4299124479293823,
    0.10468922555446625
   ],
   [
    0.07033004611730576,
    0.09509780257940292,
    0.992980420589447
   ]
  ]
 },
 {
  "rotation_euler": [
   0.09547780454158783,
   -0.07038531452417374,
   -1.9100253582000732
  ],
  "euler_order": "XYZ",
  "rotation_matrix": [
   [
    -0.331936240196228,
    0.9409474730491638,
    -0.06660442799329758
   ],
   [
    -0.9406765699386597,
    -0.3249221742153168,
    0.0977402776479721
   ],
   [
    0.07032721489667892,
    0.09509675949811935,
    0.9929807186126709
   ]
  ]
 },
 {
  "rotation_euler": [
   0.12728847563266754,
   -2.397296667098999,
   0.8729413747787476
  ],
  "euler_order": "XYZ",
  "rotation_matrix": [
   [
    -0.47265613079071045,
    -0.8152844905853271,
    -0.33452555537223816
   ],
   [
    -0.563606321811676,
    0.5714823007583618,
    -0.5964527726173401
   ],
   [
    0.6774541139602661,
    -0.09337632358074188,
    -0.7296141386032104
   ]
  ]
 },
 {
  "rotation_euler": [
   0.0954776257276535,
   -0.07038972526788712,
   0.4787091910839081
  ],
  "euler_order": "XYZ",
  "rotation_matrix": [
   [
    0.8853923082351685,
    -0.46448707580566406,
    -0.018227897584438324
   ],
   [
    0.45949316024780273,
    0.880459189414978,
    -0.11686588078737259
   ],
   [
    0.07033161073923111,
    0.09509655088186264,
    0.992980420589447
   ]
  ]
 }
]