[
 {
  "rotation_euler": [
   0.4032197892665863,
   -1.4206939935684204,
   1.7289198637008667
  ],
  "euler_order": "XYZ",
  "rotation_matrix": [
   [
    -0.023547273129224777,
    -0.8472355604171753,
    0.5306952595710754
   ],
   [
    0.14767374098300934,
    -0.5279668569564819,
    -0.8363273739814758
   ],
   [
    0.9887557625770569,
    0.058676525950431824,
    0.1375466138124466
   ]
  ]
 },
 {
  "rotation_euler": [
   -2.855567455291748,
   1.6983346939086914,
   -0.15261287987232208
  ],
  "euler_order": "XYZ",
  "rotation_matrix": [
   [
    -0.12571455538272858,
    -0.4224419593811035,
    -0.89762943983078
   ],
   [
    0.01933601126074791,
    -0.9056792855262756,
    0.42352232336997986
   ],
   [
    -0.9918779730796814,
    0.03588634729385376,
    0.12202541530132294
   ]
  ]
 },
 {
  "rotation_euler": [
   0.2860671281814575,
   1.4432692527770996,
   1.0727142095565796
  ],
  "euler_order": "XYZ",
  "rotation_matrix": [
   [
    0.060759980231523514,
    -0.7090840935707092,
    0.7025012373924255
   ],
   [
    0.11172916740179062,
    0.7042100429534912,
    0.701145350933075
   ],
   [
    -0.9918794631958008,
    0.03588830307126045,
    0.122013159096241
   ]
  ]
 },
 {
  "rotation_euler": [
   0.40320631861686707,
   -1.4206902980804443,
   2.0923712253570557
  ],
  "euler_order": "XYZ",
  "rotation_matrix": [
   [
    -0.07450922578573227,
    -0.6042076349258423,
    0.7933356761932373
   ],
   [
    0.12965907156467438,
    -0.7946636080741882,
    -0.5930415391921997
   ],
   [
    0.9887552261352539,
    0.058676108717918396,
    0.13755077123641968
   ]
  ]
 },
 {
  "rotation_euler": [
   0.4032139778137207,
   -1.4206947088241577,
   -0.3315258026123047
  ],
  "euler_order": "XYZ",
  "rotation_matrix": [
   [
    0.14139576256275177,
    -0.06745510548353195,
    -0.9876523017883301
   ],
   [
    -0.048672743141651154,
    0.9959954619407654,
    -0.0749930888414383
   ],
   [
    0.9887558817863464,
    0.05867544934153557,
    0.13754631578922272
   ]
  ]
 },
 {
  "rotation_euler": [
   -2.7383344173431396,
   -1.7208871841430664,
   -0.1564730554819107
  ],
  "euler_order": "XYZ",
  "rotation_matrix": [
   [
    -0.1477011889219284,
    0.2399299591779709,
    0.9594883918762207
   ],
   [
    0.023301739245653152,
    -0.9690152406692505,
    0.2458992600440979
   ],
   [
    0.9887574911117554,
    0.05867736414074898,
    0.13753391802310944
   ]
  ]
 },
 {
  "rotation_euler": [
   0.40323877334594727,
   -1.4206987619400024,
   2.631377696990967
  ],
  "euler_order": "XYZ",
  "rotation_matrix": [
   [
    -0.13048981130123138,
    -0.11062230169773102,
    0.985258936882019
   ],
   [
    0.07302743941545486,
    -0.992128849029541,
    -0.10172172635793686
   ],
   [
    0.9887564778327942,
    0.05867728963494301,
    0.13754117488861084
   ]
  ]
 },
 {
  "rotation_euler": [
   0.403258740901947,
   -1.4207054376602173,
   -0.9549604654312134
  ],
  "euler_order": "XYZ",
  "rotation_matrix": [
   [
    0.08637350797653198,
    0.5266856551170349,
    -0.8456606268882751
   ],
   [
    -0.12205834686756134,
    0.848032534122467,
    0.5156962275505066
   ],
   [
    0.9887574911117554,
    0.058677446097135544,
    0.13753391802310944
   ]
  ]
 },
 {
  "rotation_euler": [
   0.4032391607761383,
   -1.420698881149292,
   0.0514155738055706
  ],
  "euler_order": "XYZ",
  "rotation_matrix": [
   [
    0.14933687448501587,
    -0.43474602699279785,
    -0.8880846500396729
   ],
   [
    0.007685014046728611,
    0.898639440536499,
    -0.4386206567287445
   ],
   [
    0.988756537437439,
    0.05867729336023331,
    0.1375410407781601
   ]
  ]
 },
 {
  "rotation_euler": [
   0.40322601795196533,
   -1.4206976890563965,
   -1.2108594179153442
  ],
  "euler_order": "XYZ",
  "rotation_matrix": [
   [
    0.0526687316596508,
    0.7242072820663452,
    -0.6875680088996887
   ],
   [
    -0.13995327055454254,
    0.6870814561843872,
    0.7129741907119751
   ],
   [
    0.9887563586235046,
    0.05867594853043556,
    0.13754288852214813
   ]
  ]
 },
 {
  "rotation_euler": [
   0.28607186675071716,
   1.4432711601257324,
   -2.3873183727264404
  ],
  "euler_order": "XYZ",
  "rotation_matrix": [
   [
    -0.09268465638160706,
    0.4529528021812439,
    -0.886703610420227
   ],
   [
    -0.08708763122558594,
    -0.8908118605613708,
    -0.44594839215278625
   ],
   [
    -0.9918797016143799,
    0.035888347774744034,
    0.12201117724180222
   ]
  ]
 },
 {
  "rotation_euler": [
   0.28602081537246704,
   1.443253755569458,
   -2.000309467315674
  ],
  "euler_order": "XYZ",
  "rotation_matrix": [
   [
    -0.05296844616532326,
    0.7556973695755005,
    -0.6527754664421082
   ],
   [
    -0.11564357578754425,
    -0.6539369821548462,
    -0.7476583123207092
   ],
   [
    -0.9918774366378784,
    0.035886988043785095,
    0.12202957272529602
   ]
  ]
 },
 {
  "rotation_euler": [
   0.4032013416290283,
   -1.4206886291503906,
   2.6187758445739746
  ],
  "euler_order": "XYZ",
  "rotation_matrix": [
   [
    -0.12956787645816803,
    -0.1231531947851181,
    0.9838930368423462
   ],
   [
    0.07467101514339447,
    -0.9906514883041382,
    -0.11416579782962799
   ],
   [
    0.9887549877166748,
    0.05867607146501541,
    0.13755257427692413
   ]
  ]
 },
 {
  "rotation_euler": [
   0.4032237231731415,
   -1.4206957817077637,
   1.9329403638839722
  ],
  "euler_order": "XYZ",
  "rotation_matrix": [
   [
    -0.052978165447711945,
    -0.7226907014846802,
    0.6891382336616516
   ],
   [
    0.13983845710754395,
    -0.6886764168739319,
    -0.7114562392234802
   ],
   [
    0.9887560606002808,
    0.05867637321352959,
    0.13754476606845856
   ]
  ]
 },
 {
  "rotation_euler": [
   0.4032256603240967,
   -1.4206976890563965,
   2.505781650543213
  ],
  "euler_order": "XYZ",
  "rotation_matrix": [
   [
    -0.12031495571136475,
    -0.23404377698898315,
    0.964752733707428
   ],
   [
    0.08879879862070084,
    -0.9704538583755493,
    -0.2243526726961136
   ],
   [
    0.9887563586235046,
    0.05867590010166168,
    0.13754291832447052
   ]
  ]
 },
 {
  "rotation_euler": [
   0.40326040983200073,
   -1.4207061529159546,
   2.8314926624298096
  ],
  "euler_order": "XYZ",
  "rotation_matrix": [
   [
    -0.14239530265331268,
    0.08882441371679306,
    0.9858162999153137
   ],
   [
    0.045628830790519714,
    -0.9943174719810486,
    0.09618119895458221
   ],
   [
    0.9887576103210449,
    0.058677397668361664,
    0.13753317296504974
   ]
  ]
 }
]