[
 {
  "rotation_euler": [
   0.024872010573744774,
   3.0085402613622136e-06,
   -1.6898304224014282
  ],
  "euler_order": "XYZ",
  "rotation_matrix": [
   [
    -0.11875319480895996,
    0.9926167130470276,
    -0.024693822488188744
   ],
   [
    -0.9929237961769104,
    -0.1187165379524231,
    0.002950339810922742
   ],
   [
    -3.0085402613622136e-06,
    0.024869445711374283,
    0.9996907114982605
   ]
  ]
 },
 {
  "rotation_euler": [
   1.1193166971206665,
   2.587709665298462,
   0.6452028751373291
  ],
  "euler_order": "XYZ",
  "rotation_matrix": [
   [
    -0.6795214414596558,
    0.11577647179365158,
    0.7244628667831421
   ],
   [
    -0.5114502310752869,
    0.6332100629806519,
    -0.5809162259101868
   ],
   [
    -0.5259936451911926,
    -0.7652717232704163,
    -0.3710659146308899
   ]
  ]
 },
 {
  "rotation_euler": [
   -1.204766035079956,
   1.0676078796386719,
   0.05384703725576401
  ],
  "euler_order": "XYZ",
  "rotation_matrix": [
   [
    0.4815222918987274,
    -0.836093544960022,
    0.26283806562423706
   ],
   [
    0.025953637436032295,
    0.3133663237094879,
    0.9492775797843933
   ],
   [
    -0.8760494589805603,
    -0.4502767324447632,
    0.17259253561496735
   ]
  ]
 },
 {
  "rotation_euler": [
   0.02487199194729328,
   -3.990049663116224e-06,
   2.4698803424835205
  ],
  "euler_order": "XYZ",
  "rotation_matrix": [
   [
    -0.7827572226524353,
    -0.6221346855163574,
    0.015480044297873974
   ],
   [
    0.6223272085189819,
    -0.7825151681900024,
    0.019464241340756416
   ],
   [
    3.990049663116224e-06,
    0.02486942708492279,
    0.9996907114982605
   ]
  ]
 },
 {
  "rotation_euler": [
   0.02487071044743061,
   -2.395182718828437e-06,
   0.4589575529098511
  ],
  "euler_order": "XYZ",
  "rotation_matrix": [
   [
    0.8965147733688354,
    -0.44287681579589844,
    0.011014784686267376
   ],
   [
    0.4430137872695923,
    0.8962374925613403,
    -0.022295722737908363
   ],
   [
    2.395182718828437e-06,
    0.02486814744770527,
    0.9996907114982605
   ]
  ]
 },
 {
  "rotation_euler": [
   0.024872034788131714,
   -1.3907628044762532e-06,
   3.110485315322876
  ],
  "euler_order": "XYZ",
  "rotation_matrix": [
   [
    -0.9995161890983582,
    -0.03109266795217991,
    0.0007748879143036902
   ],
   [
    0.031102322041988373,
    -0.999207079410553,
    0.024857396259903908
   ],
   [
    1.3907628044762532e-06,
    0.024869469925761223,
    0.9996907114982605
   ]
  ]
 },
 {
  "rotation_euler": [
   -1.5931239128112793,
   -0.9887682795524597,
   0.5944320559501648
  ],
  "euler_order": "XYZ",
  "rotation_matrix": [
   [
    0.455424040555954,
    0.7043900489807129,
    -0.5444480180740356
   ],
   [
    0.3078638017177582,
    0.44921499490737915,
    0.8387048244476318
   ],
   [
    0.8353495001792908,
    -0.5495821833610535,
    -0.012272883206605911
   ]
  ]
 },
 {
  "rotation_euler": [
   0.02487117052078247,
   2.092998329317197e-06,
   -2.110643148422241
  ],
  "euler_order": "XYZ",
  "rotation_matrix": [
   [
    -0.5140045881271362,
    0.8575221300125122,
    -0.021333053708076477
   ],
   [
    -0.8577874302864075,
    -0.513845682144165,
    0.012780783697962761
   ],
   [
    -2.092998329317197e-06,
    0.02486860565841198,
    0.9996907114982605
   ]
  ]
 },
 {
  "rotation_euler": [
   -1.7714687585830688,
   -0.9133614897727966,
   -1.740010380744934
  ],
  "euler_order": "XYZ",
  "rotation_matrix": [
   [
    -0.10291197896003723,
    -0.32711151242256165,
    0.9393653273582458
   ],
   [
    -0.6023604869842529,
    -0.7310308218002319,
    -0.3205554783344269
   ],
   [
    0.7915623784065247,
    -0.5988255143165588,
    -0.12180721759796143
   ]
  ]
 },
 {
  "rotation_euler": [
   -1.5571584701538086,
   -1.0008078813552856,
   0.3267456591129303
  ],
  "euler_order": "XYZ",
  "rotation_matrix": [
   [
    0.5110719203948975,
    0.7929122447967529,
    -0.3318067193031311
   ],
   [
    0.17319856584072113,
    0.28311148285865784,
    0.9433186650276184
   ],
   [
    0.8419072031974792,
    -0.5395721197128296,
    0.007359063718467951
   ]
  ]
 },
 {
  "rotation_euler": [
   0.02487185038626194,
   -2.3954999051056802e-06,
   -1.488254189491272
  ],
  "euler_order": "XYZ",
  "rotation_matrix": [
   [
    0.08244843780994415,
    0.9962871074676514,
    -0.024784812703728676
   ],
   [
    -0.9965953230857849,
    0.08242300152778625,
    -0.002048047259449959
   ],
   [
    2.3954999051056802e-06,
    0.02486928552389145,
    0.9996907114982605
   ]
  ]
 },
 {
  "rotation_euler": [
   0.024872053414583206,
   2.9810423711751355e-06,
   2.2851076126098633
  ],
  "euler_order": "XYZ",
  "rotation_matrix": [
   [
    -0.655097246170044,
    -0.7553109526634216,
    0.018788056448101997
   ],
   [
    0.7555446028709412,
    -0.6548945307731628,
    0.01629418507218361
   ],
   [
    -2.9810423711751355e-06,
    0.024869488552212715,
    0.9996907114982605
   ]
  ]
 },
 {
  "rotation_euler": [
   0.02487197145819664,
   2.3837053504394135e-06,
   -1.8756811618804932
  ],
  "euler_order": "XYZ",
  "rotation_matrix": [
   [
    -0.30018332600593567,
    0.9535864591598511,
    -0.023723183199763298
   ],
   [
    -0.9538815021514893,
    -0.3000905215740204,
    0.007463108282536268
   ],
   [
    -2.3837053504394135e-06,
    0.02486940659582615,
    0.9996907114982605
   ]
  ]
 },
 {
  "rotation_euler": [
   -2.1030845642089844,
   0.2364054173231125,
   1.4112231731414795
  ],
  "euler_order": "XYZ",
  "rotation_matrix": [
   [
    0.15447726845741272,
    0.4689922034740448,
    -0.8695878982543945
   ],
   [
    0.9598346948623657,
    -0.27988341450691223,
    0.019560417160391808
   ],
   [
    -0.23420953750610352,
    -0.8376822471618652,
    -0.49339061975479126
   ]
  ]
 },
 {
  "rotation_euler": [
   0.024872098118066788,
   -2.390230974924634e-06,
   3.0311694145202637
  ],
  "euler_order": "XYZ",
  "rotation_matrix": [
   [
    -0.9939095377922058,
    -0.1101648285984993,
    0.0027429719921201468
   ],
   [
    0.110198974609375,
    -0.9936021566390991,
    0.024717804044485092
   ],
   [
    2.390230974924634e-06,
    0.024869533255696297,
    0.9996907114982605
   ]
  ]
 },
 {
  "rotation_euler": [
   1.39568293094635,
   2.2144839763641357,
   -0.462490439414978
  ],
  "euler_order": "XYZ",
  "rotation_matrix": [
   [
    -0.5371000170707703,
    0.7826404571533203,
    -0.3146386742591858
   ],
   [
    0.2677735686302185,
    -0.1955176740884781,
    -0.9434353113174438
   ],
   [
    -0.7998880743980408,
    -0.5909709930419922,
    -0.10455787926912308
   ]
  ]
 }
]