[
 {
  "rotation_euler": [
   -2.3063812255859375,
   -1.4944541454315186,
   0.4293040633201599
  ],
  "euler_order": "XYZ",
  "rotation_matrix": [
   [
    0.06934715062379837,
    0.9514979720115662,
    0.2997375428676605
   ],
   [
    0.03174566850066185,
    -0.3024135231971741,
    0.9526480436325073
   ],
   [
    0.9970873594284058,
    -0.05654805898666382,
    -0.051177456974983215
   ]
  ]
 },
 {
  "rotation_euler": [
   0.20953549444675446,
   1.5140278339385986,
   -1.4462614059448242
  ],
  "euler_order": "XYZ",
  "rotation_matrix": [
   [
    0.007047613151371479,
    0.9963480234146118,
    -0.08509397506713867
   ],
   [
    -0.05629860237240791,
    -0.08456577360630035,
    -0.9948261380195618
   ],
   [
    -0.9983891248703003,
    0.011801822111010551,
    0.05549701303243637
   ]
  ]
 },
 {
  "rotation_euler": [
   -1.5726251602172852,
   1.5421026945114136,
   0.911766529083252
  ],
  "euler_order": "XYZ",
  "rotation_matrix": [
   [
    0.017568137496709824,
    -0.6106511950492859,
    -0.7917048335075378
   ],
   [
    0.022681690752506256,
    -0.7913798093795776,
    0.6109038591384888
   ],
   [
    -0.9995883703231812,
    -0.02868964709341526,
    -5.2468643843894824e-05
   ]
  ]
 },
 {
  "rotation_euler": [
   4.3063229782092094e-07,
   3.3329686175420647e-06,
   -3.118133783340454
  ],
  "euler_order": "XYZ",
  "rotation_matrix": [
   [
    -0.9997248649597168,
    0.023456718772649765,
    -3.3421526950405678e-06
   ],
   [
    -0.023456718772649765,
    -0.9997248649597168,
    3.523333020893915e-07
   ],
   [
    -3.3329686175420647e-06,
    4.3063229782092094e-07,
    1.0
   ]
  ]
 },
 {
  "rotation_euler": [
   -3.1899944588076323e-06,
   -1.7578657207195647e-05,
   1.3152238130569458
  ],
  "euler_order": "XYZ",
  "rotation_matrix": [
   [
    0.2527993619441986,
    -0.9675187468528748,
    -7.5302527875464875e-06
   ],
   [
    0.9675187468528748,
    0.2527993619441986,
    -1.6201251128222793e-05
   ],
   [
    1.7578657207195647e-05,
    -3.1899944588076323e-06,
    1.0
   ]
  ]
 },
 {
  "rotation_euler": [
   0.8062295317649841,
   1.6521871089935303,
   -0.6378250122070312
  ],
  "euler_order": "XYZ",
  "rotation_matrix": [
   [
    -0.0653165951371193,
    0.9900596737861633,
    0.12456172704696655
   ],
   [
    0.04841060936450958,
    0.1278253048658371,
    -0.9906145334243774
   ],
   [
    -0.9966896176338196,
    -0.05867345631122589,
    -0.05627850443124771
   ]
  ]
 },
 {
  "rotation_euler": [
   -3.172542847096338e-06,
   -1.767642424965743e-05,
   0.9126941561698914
  ],
  "euler_order": "XYZ",
  "rotation_matrix": [
   [
    0.6116164922714233,
    -0.7911543846130371,
    -1.332116335106548e-05
   ],
   [
    0.7911543846130371,
    0.6116164922714233,
    -1.2044401046296116e-05
   ],
   [
    1.767642424965743e-05,
    -3.172542847096338e-06,
    1.0
   ]
  ]
 },
 {
  "rotation_euler": [
   -7.482268119929358e-05,
   9.296434291172773e-05,
   2.6107981204986572
  ],
  "euler_order": "XYZ",
  "rotation_matrix": [
   [
    -0.8624051213264465,
    -0.5062187314033508,
    -0.00011804956739069894
   ],
   [
    0.5062187314033508,
    -0.8624051213264465,
    -1.746717498463113e-05
   ],
   [
    -9.296434291172773e-05,
    -7.482268119929358e-05,
    1.0
   ]
  ]
 },
 {
  "rotation_euler": [
   -0.7694122195243835,
   1.5449965000152588,
   -1.1727336645126343
  ],
  "euler_order": "XYZ",
  "rotation_matrix": [
   [
    0.009999760426580906,
    0.39256519079208374,
    0.9196698069572449
   ],
   [
    -0.02377999573945999,
    0.9195490479469299,
    -0.3922550678253174
   ],
   [
    -0.999667227268219,
    -0.01794728823006153,
    0.01853046752512455
   ]
  ]
 },
 {
  "rotation_euler": [
   -1.3539756536483765,
   -1.5447603464126587,
   -0.3787645697593689
  ],
  "euler_order": "XYZ",
  "rotation_matrix": [
   [
    0.024187874048948288,
    0.9866082072257996,
    0.16130471229553223
   ],
   [
    -0.009626312181353569,
    -0.16111458837985992,
    0.9868887662887573
   ],
   [
    0.9996610879898071,
    -0.025423510000109673,
    0.0056003788486123085
   ]
  ]
 },
 {
  "rotation_euler": [
   4.6051405888647423e-07,
   -2.1445601305458695e-05,
   -2.645298719406128
  ],
  "euler_order": "XYZ",
  "rotation_matrix": [
   [
    -0.8793532848358154,
    0.4761698842048645,
    1.8638977053342387e-05
   ],
   [
    -0.4761698842048645,
    -0.8793532848358154,
    1.0616703548294026e-05
   ],
   [
    2.1445601305458695e-05,
    4.6051405888647423e-07,
    1.0
   ]
  ]
 },
 {
  "rotation_euler": [
   -2.7739295959472656,
   -1.6373674869537354,
   0.136492520570755
  ],
  "euler_order": "XYZ",
  "rotation_matrix": [
   [
    -0.06590330600738525,
    0.4822794795036316,
    0.8735349178314209
   ],
   [
    -0.009051588363945484,
    -0.8756910562515259,
    0.48278698325157166
   ],
   [
    0.9977849721908569,
    0.02391037903726101,
    0.062076326459646225
   ]
  ]
 },
 {
  "rotation_euler": [
   -1.5590049028396606,
   -1.5422964096069336,
   -0.07013183832168579
  ],
  "euler_order": "XYZ",
  "rotation_matrix": [
   [
    0.02842601016163826,
    0.9978936314582825,
    0.058312103152275085
   ],
   [
    -0.0019968431442976,
    -0.05827886983752251,
    0.9982983469963074
   ],
   [
    0.9995939135551453,
    -0.028494078665971756,
    0.00033600133610889316
   ]
  ]
 },
 {
  "rotation_euler": [
   5.148217042005854e-06,
   -1.640299888094887e-05,
   -0.8304871320724487
  ],
  "euler_order": "XYZ",
  "rotation_matrix": [
   [
    0.6745162010192871,
    0.73826003074646,
    -1.4864811419101898e-05
   ],
   [
    -0.73826003074646,
    0.6745162010192871,
    8.63712284626672e-06
   ],
   [
    1.640299888094887e-05,
    5.148217042005854e-06,
    1.0
   ]
  ]
 },
 {
  "rotation_euler": [
   -1.0067753919429379e-06,
   9.852328730630688e-06,
   1.0277421474456787
  ],
  "euler_order": "XYZ",
  "rotation_matrix": [
   [
    0.5167531967163086,
    -0.8561344146728516,
    4.229287242196733e-06
   ],
   [
    0.8561344146728516,
    0.5167531967163086,
    8.955172233982012e-06
   ],
   [
    -9.852328730630688e-06,
    -1.0067753919429379e-06,
    1.0
   ]
  ]
 },
 {
  "rotation_euler": [
   -0.33122727274894714,
   -1.5379284620285034,
   -1.235668659210205
  ],
  "euler_order": "XYZ",
  "rotation_matrix": [
   [
    0.010807957500219345,
    0.9999346137046814,
    -0.003732407232746482
   ],
   [
    -0.03103378228843212,
    0.0040662563405931,
    0.9995100498199463
   ],
   [
    0.9994599223136902,
    -0.010686831548810005,
    0.031075701117515564
   ]
  ]
 }
]