[
 {
  "rotation_euler": [
   7.307970690817456e-07,
   1.9363149021955905e-06,
   0.4897657632827759
  ],
  "euler_order": "XYZ",
  "rotation_matrix": [
   [
    0.8824430704116821,
    -0.4704191982746124,
    2.0524687442957656e-06
   ],
   [
    0.4704191982746124,
    0.8824430704116821,
    2.65992895265299e-07
   ],
   [
    -1.9363149021955905e-06,
    7.307970690817456e-07,
    1.0
   ]
  ]
 },
 {
  "rotation_euler": [
   -4.028714499781927e-07,
   -5.624534651360591e-07,
   -1.7483240365982056
  ],
  "euler_order": "XYZ",
  "rotation_matrix": [
   [
    -0.17659668624401093,
    0.9842833280563354,
    4.958670274390897e-07
   ],
   [
    -0.9842833280563354,
    -0.17659668624401093,
    4.824677830583823e-07
   ],
   [
    5.624534651360591e-07,
    -4.028714499781927e-07,
    1.0
   ]
  ]
 },
 {
  "rotation_euler": [
   1.9366104879736667e-06,
   -1.276824491469597e-06,
   0.606560468673706
  ],
  "euler_order": "XYZ",
  "rotation_matrix": [
   [
    0.8216135501861572,
    -0.5700448751449585,
    5.4898560364335935e-08
   ],
   [
    0.5700448751449585,
    0.8216135501861572,
    -2.3189927560451906e-06
   ],
   [
    1.276824491469597e-06,
    1.9366104879736667e-06,
    1.0
   ]
  ]
 },
 {
  "rotation_euler": [
   -0.005482882726937532,
   0.035882435739040375,
   2.615151882171631
  ],
  "euler_order": "XYZ",
  "rotation_matrix": [
   [
    -0.8640443682670593,
    -0.5022816061973572,
    -0.03377177566289902
   ],
   [
    0.5021357536315918,
    -0.8646867275238037,
    0.013284839689731598
   ],
   [
    -0.035874735563993454,
    -0.005479326006025076,
    0.9993412494659424
   ]
  ]
 },
 {
  "rotation_euler": [
   -9.781053449842148e-06,
   -2.924637328760582e-06,
   1.2839784622192383
  ],
  "euler_order": "XYZ",
  "rotation_matrix": [
   [
    0.2829015254974365,
    -0.9591489434242249,
    -1.0208871572103817e-05
   ],
   [
    0.9591489434242249,
    0.2829015254974365,
    -3.808796122939384e-08
   ],
   [
    2.924637328760582e-06,
    -9.781053449842148e-06,
    1.0
   ]
  ]
 },
 {
  "rotation_euler": [
   3.117619144177297e-06,
   -5.113748784424388e-07,
   1.5115903615951538
  ],
  "euler_order": "XYZ",
  "rotation_matrix": [
   [
    0.05917138233780861,
    -0.9982478618621826,
    3.0818978302704636e-06
   ],
   [
    0.9982478618621826,
    0.05917138233780861,
    -6.949526891730784e-07
   ],
   [
    5.113748784424388e-07,
    3.117619144177297e-06,
    1.0
   ]
  ]
 },
 {
  "rotation_euler": [
   0.010202623903751373,
   0.023526819422841072,
   -1.782077670097351
  ],
  "euler_order": "XYZ",
  "rotation_matrix": [
   [
    -0.20965488255023956,
    0.9776617884635925,
    -0.014908741228282452
   ],
   [
    -0.9774923920631409,
    -0.20993667840957642,
    -0.02086075022816658
   ],
   [
    -0.023524649441242218,
    0.010199623182415962,
    0.999671220779419
   ]
  ]
 },
 {
  "rotation_euler": [
   -1.1358755500623374e-06,
   2.0089075860596495e-06,
   -0.4944698214530945
  ],
  "euler_order": "XYZ",
  "rotation_matrix": [
   [
    0.8802204132080078,
    0.4745650291442871,
    2.3073282591212774e-06
   ],
   [
    -0.4745650291442871,
    0.8802204132080078,
    4.6463558334153277e-08
   ],
   [
    -2.0089075860596495e-06,
    -1.1358755500623374e-06,
    1.0
   ]
  ]
 },
 {
  "rotation_euler": [
   1.9234464616602054e-06,
   2.3437704044226848e-07,
   -0.8313018679618835
  ],
  "euler_order": "XYZ",
  "rotation_matrix": [
   [
    0.6739144921302795,
    0.73880934715271,
    -1.2631101071747253e-06
   ],
   [
    -0.73880934715271,
    0.6739144921302795,
    -1.469398398512567e-06
   ],
   [
    -2.3437704044226848e-07,
    1.9234464616602054e-06,
    1.0
   ]
  ]
 },
 {
  "rotation_euler": [
   5.972243570795399e-07,
   1.7454490262025502e-06,
   2.8561441898345947
  ],
  "euler_order": "XYZ",
  "rotation_matrix": [
   [
    -0.9595354795455933,
    -0.2815878093242645,
    -1.5066491414472694e-06
   ],
   [
    0.2815878093242645,
    -0.9595354795455933,
    1.064555135599221e-06
   ],
   [
    -1.7454490262025502e-06,
    5.972243570795399e-07,
    1.0
   ]
  ]
 },
 {
  "rotation_euler": [
   1.2935968243255047e-06,
   1.9904721284547122e-06,
   -1.2635712623596191
  ],
  "euler_order": "XYZ",
  "rotation_matrix": [
   [
    0.30241480469703674,
    0.9531764388084412,
    -6.310777393991884e-07
   ],
   [
    -0.9531764388084412,
    0.30241480469703674,
    -2.2884739792061737e-06
   ],
   [
    -1.9904721284547122e-06,
    1.2935968243255047e-06,
    1.0
   ]
  ]
 },
 {
  "rotation_euler": [
   0.003699513152241707,
   -0.021892903372645378,
   0.42832064628601074
  ],
  "euler_order": "XYZ",
  "rotation_matrix": [
   [
    0.9094465374946594,
    -0.41541457176208496,
    -0.018376905471086502
   ],
   [
    0.4152442216873169,
    0.9096246957778931,
    -0.012457599863409996
   ],
   [
    0.02189115434885025,
    0.0036986181512475014,
    0.9997535347938538
   ]
  ]
 },
 {
  "rotation_euler": [
   1.4011469602337456e-06,
   -1.3993777656651218e-06,
   1.946204662322998
  ],
  "euler_order": "XYZ",
  "rotation_matrix": [
   [
    -0.3666524589061737,
    -0.9303579926490784,
    1.8166535937780282e-06
   ],
   [
    0.9303579926490784,
    -0.3666524589061737,
    -7.881882879701152e-07
   ],
   [
    1.3993777656651218e-06,
    1.4011469602337456e-06,
    1.0
   ]
  ]
 },
 {
  "rotation_euler": [
   9.600256589692435e-07,
   -1.6826767250677221e-06,
   -2.8246982097625732
  ],
  "euler_order": "XYZ",
  "rotation_matrix": [
   [
    -0.9502077698707581,
    0.3116171360015869,
    1.2997320482099894e-06
   ],
   [
    -0.3116171360015869,
    -0.9502077698707581,
    1.436574734725582e-06
   ],
   [
    1.6826767250677221e-06,
    9.600256589692435e-07,
    1.0
   ]
  ]
 },
 {
  "rotation_euler": [
   -6.89046430579765e-07,
   -2.484954393366934e-06,
   2.2798256874084473
  ],
  "euler_order": "XYZ",
  "rotation_matrix": [
   [
    -0.6510973572731018,
    -0.7589942216873169,
    1.0949650004477007e-06
   ],
   [
    0.7589942216873169,
    -0.6510973572731018,
    -2.334702230655239e-06
   ],
   [
    2.484954393366934e-06,
    -6.89046430579765e-07,
    1.0
   ]
  ]
 },
 {
  "rotation_euler": [
   -1.2969186400368926e-06,
   -9.298630629928084e-07,
   -1.2818009853363037
  ],
  "euler_order": "XYZ",
  "rotation_matrix": [
   [
    0.2849893867969513,
    0.9585306644439697,
    9.78135176410433e-07
   ],
   [
    -0.9585306644439697,
    0.2849893867969513,
    1.260910266864812e-06
   ],
   [
    9.298630629928084e-07,
    -1.2969186400368926e-06,
    1.0
   ]
  ]
 }
]