[
 {
  "rotation_euler": [
   -0.22415272891521454,
   -0.09055285155773163,
   1.9699304103851318
  ],
  "euler_order": "XYZ",
  "rotation_matrix": [
   [
    -0.38702842593193054,
    -0.9061585664749146,
    -0.17054519057273865
   ],
   [
    0.9176228046417236,
    -0.3603777587413788,
    -0.1676194965839386
   ],
   [
    0.0904291495680809,
    -0.2213696539402008,
    0.9709881544113159
   ]
  ]
 },
 {
  "rotation_euler": [
   0.11856749653816223,
   -0.052306536585092545,
   0.6312934756278992
  ],
  "euler_order": "XYZ",
  "rotation_matrix": [
   [
    0.8061606884002686,
    -0.5910382866859436,
    0.027903789654374123
   ],
   [
    0.5893822312355042,
    0.7979470491409302,
    -0.1261313110589981
   ],
   [
    0.05228268727660179,
    0.11812809854745865,
    0.9916210174560547
   ]
  ]
 },
 {
  "rotation_euler": [
   0.029438642784953117,
   0.10344198346138,
   -0.6851719617843628
  ],
  "euler_order": "XYZ",
  "rotation_matrix": [
   [
    0.7701712846755981,
    0.6348853707313538,
    0.06129251420497894
   ],
   [
    -0.6294236183166504,
    0.7720514535903931,
    -0.08810508996248245
   ],
   [
    -0.10325760394334793,
    0.029277054592967033,
    0.9942236542701721
   ]
  ]
 },
 {
  "rotation_euler": [
   0.1643657386302948,
   -0.09499851614236832,
   1.9739030599594116
  ],
  "euler_order": "XYZ",
  "rotation_matrix": [
   [
    -0.3905091881752014,
    -0.901360809803009,
    0.1872197389602661
   ],
   [
    0.9156991839408875,
    -0.4012678265571594,
    -0.02188960835337639
   ],
   [
    0.09485568851232529,
    0.16288886964321136,
    0.9820741415023804
   ]
  ]
 },
 {
  "rotation_euler": [
   -0.12309540063142776,
   0.11634670197963715,
   -0.3641201853752136
  ],
  "euler_order": "XYZ",
  "rotation_matrix": [
   [
    0.9281200766563416,
    0.34011369943618774,
    0.15137982368469238
   ],
   [
    -0.35371965169906616,
    0.9324429035186768,
    0.07370667904615402
   ],
   [
    -0.11608438938856125,
    -0.12195466458797455,
    0.9857238531112671
   ]
  ]
 },
 {
  "rotation_euler": [
   0.04205610603094101,
   -0.03891332447528839,
   -0.9376176595687866
  ],
  "euler_order": "XYZ",
  "rotation_matrix": [
   [
    0.5912622809410095,
    0.8044700622558594,
    -0.056892815977334976
   ],
   [
    -0.8055404424667358,
    0.5925055742263794,
    0.006456664297729731
   ],
   [
    0.038903504610061646,
    0.04201188310980797,
    0.9983594417572021
   ]
  ]
 },
 {
  "rotation_euler": [
   0.043937165290117264,
   -0.025443989783525467,
   -3.1024274826049805
  ],
  "euler_order": "XYZ",
  "rotation_matrix": [
   [
    -0.9989097118377686,
    0.04023396968841553,
    0.023677388206124306
   ],
   [
    -0.039142485707998276,
    -0.9982250332832336,
    0.044884540140628815
   ],
   [
    0.0254412442445755,
    0.04390881210565567,
    0.9987115263938904
   ]
  ]
 },
 {
  "rotation_euler": [
   -0.09072082489728928,
   -0.09856405109167099,
   0.09886789321899414
  ],
  "euler_order": "XYZ",
  "rotation_matrix": [
   [
    0.9902867674827576,
    -0.08942942321300507,
    -0.10646378248929977
   ],
   [
    0.09822782874107361,
    0.9919043183326721,
    0.08048074692487717
   ],
   [
    0.09840454161167145,
    -0.09015672653913498,
    0.991054117679596
   ]
  ]
 },
 {
  "rotation_euler": [
   -0.21822375059127808,
   0.006698000244796276,
   1.169392466545105
  ],
  "euler_order": "XYZ",
  "rotation_matrix": [
   [
    0.3907022476196289,
    -0.8992486596107483,
    -0.19673243165016174
   ],
   [
    0.9204927682876587,
    0.38010990619659424,
    0.09060663729906082
   ],
   [
    -0.006697949953377247,
    -0.2164909839630127,
    0.9762616157531738
   ]
  ]
 },
 {
  "rotation_euler": [
   -0.2394520789384842,
   -0.03496916964650154,
   -1.5044670104980469
  ],
  "euler_order": "XYZ",
  "rotation_matrix": [
   [
    0.06624016910791397,
    0.9698814153671265,
    0.23439764976501465
   ],
   [
    -0.9971910119056702,
    0.05611584708094597,
    0.04960963875055313
   ],
   [
    0.034962043166160583,
    -0.23702538013458252,
    0.9708741307258606
   ]
  ]
 },
 {
  "rotation_euler": [
   0.13324964046478271,
   -0.028793836012482643,
   -2.4514663219451904
  ],
  "euler_order": "XYZ",
  "rotation_matrix": [
   [
    -0.7708459496498108,
    0.6339406967163086,
    -0.0625755786895752
   ],
   [
    -0.6363707184791565,
    -0.7618944644927979,
    0.12061986327171326
   ],
   [
    0.028789857402443886,
    0.1328006088733673,
    0.9907245635986328
   ]
  ]
 },
 {
  "rotation_euler": [
   -0.0922679528594017,
   -0.227043017745018,
   1.4033623933792114
  ],
  "euler_order": "XYZ",
  "rotation_matrix": [
   [
    0.1623757928609848,
    -0.9783651232719421,
    -0.1282021403312683
   ],
   [
    0.9607108235359192,
    0.1863936185836792,
    -0.20565058290958405
   ],
   [
    0.2250974178314209,
    -0.08977250754833221,
    0.9701917767524719
   ]
  ]
 },
 {
  "rotation_euler": [
   -0.05154519900679588,
   0.0069474414922297,
   0.0007464222144335508
  ],
  "euler_order": "XYZ",
  "rotation_matrix": [
   [
    0.9999755620956421,
    -0.001103376504033804,
    0.006899699103087187
   ],
   [
    0.0007464041118510067,
    0.998671293258667,
    0.051527541130781174
   ],
   [
    -0.006947385612875223,
    -0.05152113363146782,
    0.9986477494239807
   ]
  ]
 },
 {
  "rotation_euler": [
   -0.14472632110118866,
   -0.017050422728061676,
   -1.9689103364944458
  ],
  "euler_order": "XYZ",
  "rotation_matrix": [
   [
    -0.38762417435646057,
    0.9112035632133484,
    0.1394832879304886
   ],
   [
    -0.9216598272323608,
    -0.38589411973953247,
    -0.04036000743508339
   ],
   [
    0.017049595713615417,
    -0.1442006528377533,
    0.9894015789031982
   ]
  ]
 },
 {
  "rotation_euler": [
   -0.1414417177438736,
   -0.26977863907814026,
   1.5384916067123413
  ],
  "euler_order": "XYZ",
  "rotation_matrix": [
   [
    0.031130841001868248,
    -0.9882837533950806,
    -0.149419367313385
   ],
   [
    0.9633270502090454,
    0.06952816247940063,
    -0.2591657042503357
   ],
   [
    0.26651808619499207,
    -0.13587166368961334,
    0.9542049169540405
   ]
  ]
 },
 {
  "rotation_euler": [
   -0.24273072183132172,
   -0.06419656425714493,
   -1.4606692790985107
  ],
  "euler_order": "XYZ",
  "rotation_matrix": [
   [
    0.10967818647623062,
    0.9664996266365051,
    0.2320541888475418
   ],
   [
    -0.9918947219848633,
    0.09135684370994568,
    0.08831065893173218
   ],
   [
    0.06415247917175293,
    -0.23985908925533295,
    0.9686857461929321
   ]
  ]
 }
]