[
 {
  "rotation_euler": [
   0.0010034559527412057,
   1.0531407497182954e-06,
   -1.5772426128387451
  ],
  "euler_order": "XYZ",
  "rotation_matrix": [
   [
    -0.0064462414011359215,
    0.9999787211418152,
    -0.0010034417500719428
   ],
   [
    -0.9999791979789734,
    -0.006446239072829485,
    5.415399755293038e-06
   ],
   [
    -1.0531407497182954e-06,
    0.0010034558363258839,
    0.9999995231628418
   ]
  ]
 },
 {
  "rotation_euler": [
   0.0009971914114430547,
   -1.966853915291722e-06,
   0.9767943620681763
  ],
  "euler_order": "XYZ",
  "rotation_matrix": [
   [
    0.5596819519996643,
    -0.8287070989608765,
    0.0008252790430560708
   ],
   [
    0.8287075161933899,
    0.5596816539764404,
    -0.0005597398849204183
   ],
   [
    1.966853915291722e-06,
    0.0009971912950277328,
    0.9999995231628418
   ]
  ]
 },
 {
  "rotation_euler": [
   0.0009954737033694983,
   -1.7773141962607042e-06,
   -2.0522003173828125
  ],
  "euler_order": "XYZ",
  "rotation_matrix": [
   [
    -0.4630240499973297,
    0.8863452672958374,
    -0.0008815107867121696
   ],
   [
    -0.8863457441329956,
    -0.4630238115787506,
    0.0004625034925993532
   ],
   [
    1.7773141962607042e-06,
    0.0009954735869541764,
    0.9999995231628418
   ]
  ]
 },
 {
  "rotation_euler": [
   0.0010111381998285651,
   -4.898016214838208e-08,
   -1.1850271224975586
  ],
  "euler_order": "XYZ",
  "rotation_matrix": [
   [
    0.37627193331718445,
    0.9265087842941284,
    -0.0009368471801280975
   ],
   [
    -0.9265092611312866,
    0.37627172470092773,
    -0.0003804174775723368
   ],
   [
    4.898016214838208e-08,
    0.0010111380834132433,
    0.999999463558197
   ]
  ]
 },
 {
  "rotation_euler": [
   0.00098825350869447,
   -1.4868777498122654e-06,
   2.290595769882202
  ],
  "euler_order": "XYZ",
  "rotation_matrix": [
   [
    -0.6592338681221008,
    -0.7519375681877136,
    0.0007440854096785188
   ],
   [
    0.751937985420227,
    -0.659233570098877,
    0.0006503720651380718
   ],
   [
    1.4868777498122654e-06,
    0.000988253392279148,
    0.9999995231628418
   ]
  ]
 },
 {
  "rotation_euler": [
   0.0008695407886989415,
   4.118425749766175e-06,
   2.9345757961273193
  ],
  "euler_order": "XYZ",
  "rotation_matrix": [
   [
    -0.9786484241485596,
    -0.20554129779338837,
    0.00017469609156250954
   ],
   [
    0.20554137229919434,
    -0.9786480665206909,
    0.0008518210961483419
   ],
   [
    -4.118425749766175e-06,
    0.0008695406722836196,
    0.9999996423721313
   ]
  ]
 },
 {
  "rotation_euler": [
   0.001001490280032158,
   1.7735430901666405e-06,
   -2.7773969173431396
  ],
  "euler_order": "XYZ",
  "rotation_matrix": [
   [
    -0.9344105124473572,
    0.356197714805603,
    -0.0003583858779165894
   ],
   [
    -0.35619789361953735,
    -0.9344100952148438,
    0.0009351712069474161
   ],
   [
    -1.7735430901666405e-06,
    0.001001490163616836,
    0.9999995231628418
   ]
  ]
 },
 {
  "rotation_euler": [
   0.001026958809234202,
   -7.156575520639308e-06,
   -1.366148591041565
  ],
  "euler_order": "XYZ",
  "rotation_matrix": [
   [
    0.20322225987911224,
    0.9791321158409119,
    -0.0010069831041619182
   ],
   [
    -0.9791326522827148,
    0.2032221555709839,
    -0.0002016936196014285
   ],
   [
    7.156575520639308e-06,
    0.0010269585764035583,
    0.999999463558197
   ]
  ]
 },
 {
  "rotation_euler": [
   0.0010406249202787876,
   -7.835363362573844e-07,
   1.3448760509490967
  ],
  "euler_order": "XYZ",
  "rotation_matrix": [
   [
    0.22400334477424622,
    -0.9745878577232361,
    0.0010140052763745189
   ],
   [
    0.9745883941650391,
    0.22400322556495667,
    -0.00023386704560834914
   ],
   [
    7.835363362573844e-07,
    0.001040624687448144,
    0.999999463558197
   ]
  ]
 },
 {
  "rotation_euler": [
   0.0004276593972463161,
   -8.736612471693661e-06,
   -2.327981472015381
  ],
  "euler_order": "XYZ",
  "rotation_matrix": [
   [
    -0.6868783831596375,
    0.7267723083496094,
    -0.00030481003341265023
   ],
   [
    -0.7267723679542542,
    -0.6868783235549927,
    0.00030009952024556696
   ],
   [
    8.736612471693661e-06,
    0.0004276593972463161,
    0.9999998807907104
   ]
  ]
 },
 {
  "rotation_euler": [
   0.0010036969324573874,
   -1.504008650954347e-06,
   0.41741132736206055
  ],
  "euler_order": "XYZ",
  "rotation_matrix": [
   [
    0.9141414165496826,
    -0.4053952097892761,
    0.00040551918209530413
   ],
   [
    0.40539538860321045,
    0.9141409993171692,
    -0.0009181305067613721
   ],
   [
    1.504008650954347e-06,
    0.0010036968160420656,
    0.9999995231628418
   ]
  ]
 },
 {
  "rotation_euler": [
   0.00099127646535635,
   1.297391008847626e-06,
   3.11379075050354
  ],
  "euler_order": "XYZ",
  "rotation_matrix": [
   [
    -0.9996135234832764,
    -0.027798309922218323,
    2.625892921059858e-05
   ],
   [
    0.027798321098089218,
    -0.9996130466461182,
    0.000990929314866662
   ],
   [
    -1.297391008847626e-06,
    0.0009912763489410281,
    0.9999995231628418
   ]
  ]
 },
 {
  "rotation_euler": [
   0.0010001839837059379,
   -4.400443174290558e-07,
   -1.3006227016448975
  ],
  "euler_order": "XYZ",
  "rotation_matrix": [
   [
    0.2668987810611725,
    0.9637240767478943,
    -0.0009640191565267742
   ],
   [
    -0.9637245535850525,
    0.26689863204956055,
    -0.00026652374072000384
   ],
   [
    4.400443174290558e-07,
    0.001000183867290616,
    0.9999995231628418
   ]
  ]
 },
 {
  "rotation_euler": [
   0.0010062665678560734,
   -5.546098122977128e-07,
   1.8322709798812866
  ],
  "euler_order": "XYZ",
  "rotation_matrix": [
   [
    -0.25850537419319153,
    -0.9660093188285828,
    0.0009722065879032016
   ],
   [
    0.966009795665741,
    -0.2585052251815796,
    0.00025958949117921293
   ],
   [
    5.546098122977128e-07,
    0.0010062664514407516,
    0.9999995231628418
   ]
  ]
 },
 {
  "rotation_euler": [
   0.0010024963412433863,
   -2.0658771973103285e-06,
   -1.2104344367980957
  ],
  "euler_order": "XYZ",
  "rotation_matrix": [
   [
    0.3526129126548767,
    0.9357687830924988,
    -0.0009388335747644305
   ],
   [
    -0.935769259929657,
    0.3526127338409424,
    -0.0003515598946250975
   ],
   [
    2.0658771973103285e-06,
    0.0010024962248280644,
    0.9999995231628418
   ]
  ]
 },
 {
  "rotation_euler": [
   0.0010093174641951919,
   -1.2019936548313126e-06,
   0.6921589970588684
  ],
  "euler_order": "XYZ",
  "rotation_matrix": [
   [
    0.7698699235916138,
    -0.6382004618644714,
    0.0006432217196561396
   ],
   [
    0.6382008194923401,
    0.7698695659637451,
    -0.0007778101717121899
   ],
   [
    1.2019936548313126e-06,
    0.00100931734777987,
    0.999999463558197
   ]
  ]
 }
]