[
 {
  "rotation_euler": [
   0.22789257764816284,
   -1.0413376092910767,
   -0.9577460289001465
  ],
  "euler_order": "XYZ",
  "rotation_matrix": [
   [
    0.29059740900993347,
    0.6845585107803345,
    -0.6685303449630737
   ],
   [
    -0.4130920469760895,
    0.7199716567993164,
    0.5576698780059814
   ],
   [
    0.8630805611610413,
    0.11410713940858841,
    0.4920075833797455
   ]
  ]
 },
 {
  "rotation_euler": [
   3.015636920928955,
   0.3339426815509796,
   -0.8142274022102356
  ],
  "euler_order": "XYZ",
  "rotation_matrix": [
   [
    0.648510217666626,
    -0.6931705474853516,
    -0.314561665058136
   ],
   [
    -0.6870232820510864,
    -0.7109351754188538,
    0.15023355185985565
   ],
   [
    -0.3277704417705536,
    0.11868321150541306,
    -0.9372730851173401
   ]
  ]
 },
 {
  "rotation_euler": [
   0.6117867827415466,
   1.448341965675354,
   1.5111292600631714
  ],
  "euler_order": "XYZ",
  "rotation_matrix": [
   [
    0.0072839222848415375,
    -0.783174455165863,
    0.6217593550682068
   ],
   [
    0.12193118780851364,
    0.617831826210022,
    0.7767989635467529
   ],
   [
    -0.9925118088722229,
    0.07015371322631836,
    0.09999363124370575
   ]
  ]
 },
 {
  "rotation_euler": [
   3.0143580436706543,
   -0.0723138228058815,
   -0.7956048250198364
  ],
  "euler_order": "XYZ",
  "rotation_matrix": [
   [
    0.698023796081543,
    -0.7149294018745422,
    -0.04048081859946251
   ],
   [
    -0.7124202251434326,
    -0.6876471042633057,
    -0.13999609649181366
   ],
   [
    0.07225081324577332,
    0.12655995786190033,
    -0.9893242120742798
   ]
  ]
 },
 {
  "rotation_euler": [
   0.7134047150611877,
   1.4094398021697998,
   2.3680906295776367
  ],
  "euler_order": "XYZ",
  "rotation_matrix": [
   [
    -0.114945188164711,
    -0.9904013872146606,
    -0.07676386833190918
   ],
   [
    0.11224240809679031,
    -0.0897301584482193,
    0.9896212220191956
   ],
   [
    -0.9870102405548096,
    0.10513603687286377,
    0.1214790865778923
   ]
  ]
 },
 {
  "rotation_euler": [
   -0.13386370241641998,
   -2.6829445362091064,
   0.4061003029346466
  ],
  "euler_order": "XYZ",
  "rotation_matrix": [
   [
    -0.8237256407737732,
    -0.33721208572387695,
    -0.455811470746994
   ],
   [
    -0.3542042076587677,
    0.9337916374206543,
    -0.05071999877691269
   ],
   [
    0.44273635745048523,
    0.11967097967863083,
    -0.8886300325393677
   ]
  ]
 },
 {
  "rotation_euler": [
   3.04604434967041,
   -0.6083362102508545,
   -0.9349923133850098
  ],
  "euler_order": "XYZ",
  "rotation_matrix": [
   [
    0.48729249835014343,
    -0.8333017230033875,
    0.261063814163208
   ],
   [
    -0.6602502465248108,
    -0.547247052192688,
    -0.5143833756446838
   ],
   [
    0.5715029239654541,
    0.07828769087791443,
    -0.8168570399284363
   ]
  ]
 },
 {
  "rotation_euler": [
   -0.0975910872220993,
   -2.255852699279785,
   1.8386586904525757
  ],
  "euler_order": "XYZ",
  "rotation_matrix": [
   [
    0.16746152937412262,
    -0.9797205328941345,
    0.110019750893116
   ],
   [
    -0.6101532578468323,
    -0.19064900279045105,
    -0.7690032124519348
   ],
   [
    0.7743833661079407,
    0.061649538576602936,
    -0.6297060251235962
   ]
  ]
 },
 {
  "rotation_euler": [
   -1.7543387413024902,
   -1.6684036254882812,
   -0.5417304635047913
  ],
  "euler_order": "XYZ",
  "rotation_matrix": [
   [
    -0.08349893242120743,
    0.7443086504936218,
    0.6625953316688538
   ],
   [
    0.05024834722280502,
    -0.6609266400337219,
    0.7487663626670837
   ],
   [
    0.9952402114868164,
    0.095815509557724,
    0.017786387354135513
   ]
  ]
 },
 {
  "rotation_euler": [
   -0.080167755484581,
   -2.4640743732452393,
   -1.795099139213562
  ],
  "euler_order": "XYZ",
  "rotation_matrix": [
   [
    0.17329949140548706,
    0.9606522917747498,
    0.2170587033033371
   ],
   [
    0.7596131563186646,
    -0.2706550359725952,
    0.5913829207420349
   ],
   [
    0.6268613934516907,
    0.06239428371191025,
    -0.7766284942626953
   ]
  ]
 },
 {
  "rotation_euler": [
   0.19857104122638702,
   -0.9524087309837341,
   -2.4523110389709473
  ],
  "euler_order": "XYZ",
  "rotation_matrix": [
   [
    -0.44737333059310913,
    0.7475270628929138,
    0.49097904562950134
   ],
   [
    -0.36869338154792786,
    -0.6543125510215759,
    0.6602577567100525
   ],
   [
    0.8148142695426941,
    0.1143609955906868,
    0.5683302283287048
   ]
  ]
 },
 {
  "rotation_euler": [
   0.3229116201400757,
   -1.217458963394165,
   -0.29890990257263184
  ],
  "euler_order": "XYZ",
  "rotation_matrix": [
   [
    0.3306872546672821,
    -0.005265073385089636,
    -0.9437257051467896
   ],
   [
    -0.10189870744943619,
    0.9939391016960144,
    -0.04125114530324936
   ],
   [
    0.938223123550415,
    0.10980565845966339,
    0.32814648747444153
   ]
  ]
 },
 {
  "rotation_euler": [
   3.016420841217041,
   0.18970195949077606,
   -1.0476287603378296
  ],
  "euler_order": "XYZ",
  "rotation_matrix": [
   [
    0.49066346883773804,
    -0.8477016687393188,
    -0.20162160694599152
   ],
   [
    -0.8507009744644165,
    -0.5161102414131165,
    0.09968983381986618
   ],
   [
    -0.1885662078857422,
    0.12260553985834122,
    -0.9743770360946655
   ]
  ]
 },
 {
  "rotation_euler": [
   0.1037188246846199,
   0.27505427598953247,
   0.9086628556251526
  ],
  "euler_order": "XYZ",
  "rotation_matrix": [
   [
    0.5916907787322998,
    -0.7671561241149902,
    0.24773669242858887
   ],
   [
    0.7590361833572388,
    0.6336742639541626,
    0.1494021862745285
   ],
   [
    -0.2715991735458374,
    0.09964120388031006,
    0.957238495349884
   ]
  ]
 },
 {
  "rotation_euler": [
   -0.0799267441034317,
   2.8408284187316895,
   -1.5994007587432861
  ],
  "euler_order": "XYZ",
  "rotation_matrix": [
   [
    0.027316663414239883,
    0.9970762729644775,
    0.07136314362287521
   ],
   [
    0.9547196626663208,
    -0.004865788854658604,
    -0.2974671721458435
   ],
   [
    -0.29625022411346436,
    0.0762576088309288,
    -0.9520612359046936
   ]
  ]
 },
 {
  "rotation_euler": [
   0.1591661274433136,
   -0.750356912612915,
   2.301429271697998
  ],
  "euler_order": "XYZ",
  "rotation_matrix": [
   [
    -0.48812371492385864,
    -0.6632136702537537,
    0.5673472285270691
   ],
   [
    0.5447456240653992,
    -0.7393969297409058,
    -0.39565691351890564
   ],
   [
    0.6818998456001282,
    0.11593040823936462,
    0.7221999168395996
   ]
  ]
 }
]