[
 {
  "rotation_euler": [
   0.0006998839671723545,
   0.00887925922870636,
   -0.20428448915481567
  ],
  "euler_order": "XYZ",
  "rotation_matrix": [
   [
    0.9791677594184875,
    0.2028726190328598,
    0.008552527986466885
   ],
   [
    -0.2028585821390152,
    0.9792048931121826,
    -0.0024866117164492607
   ],
   [
    -0.008879142813384533,
    0.0006998563185334206,
    0.9999603629112244
   ]
  ]
 },
 {
  "rotation_euler": [
   0.0006998870521783829,
   0.008879226632416248,
   -2.916886329650879
  ],
  "euler_order": "XYZ",
  "rotation_matrix": [
   [
    -0.974821150302887,
    0.22281396389007568,
    -0.008811832405626774
   ],
   [
    -0.22281129658222198,
    -0.9748607277870178,
    -0.0012961518950760365
   ],
   [
    -0.008879110217094421,
    0.000699859403539449,
    0.9999603629112244
   ]
  ]
 },
 {
  "rotation_euler": [
   0.000699823081959039,
   0.00887930579483509,
   1.5878628492355347
  ],
  "euler_order": "XYZ",
  "rotation_matrix": [
   [
    -0.01706502214074135,
    -0.9998542070388794,
    0.0005481916014105082
   ],
   [
    0.9998149275779724,
    -0.017059477046132088,
    0.008889837190508842
   ],
   [
    -0.008879189379513264,
    0.0006997954333201051,
    0.9999603629112244
   ]
  ]
 },
 {
  "rotation_euler": [
   0.000699842581525445,
   0.008879277855157852,
   -0.273099422454834
  ],
  "euler_order": "XYZ",
  "rotation_matrix": [
   [
    0.9629015922546387,
    0.26972320675849915,
    0.00836133398115635
   ],
   [
    -0.2697066366672516,
    0.9629376530647278,
    -0.0030687686521559954
   ],
   [
    -0.008879161439836025,
    0.0006998149328865111,
    0.9999603629112244
   ]
  ]
 },
 {
  "rotation_euler": [
   0.0006999730248935521,
   0.008879262022674084,
   1.5366790294647217
  ],
  "euler_order": "XYZ",
  "rotation_matrix": [
   [
    0.03410933539271355,
    -0.9994176030158997,
    0.0010024391813203692
   ],
   [
    0.9993786811828613,
    0.03411688283085823,
    0.00885009951889515
   ],
   [
    -0.008879145607352257,
    0.0006999453762546182,
    0.9999603629112244
   ]
  ]
 },
 {
  "rotation_euler": [
   0.0006999151664786041,
   0.00887925922870636,
   0.10888795554637909
  ],
  "euler_order": "XYZ",
  "rotation_matrix": [
   [
    0.9940384030342102,
    -0.10866670310497284,
    0.008902615867555141
   ],
   [
    0.10866862535476685,
    0.9940779805183411,
    0.00026915210764855146
   ],
   [
    -0.008879142813384533,
    0.0006998875178396702,
    0.9999603629112244
   ]
  ]
 },
 {
  "rotation_euler": [
   0.0006999230827204883,
   0.008879292756319046,
   -1.588073492050171
  ],
  "euler_order": "XYZ",
  "rotation_matrix": [
   [
    -0.017275623977184296,
    0.9998503923416138,
    -0.0008532179053872824
   ],
   [
    -0.9998113512992859,
    -0.01728251576423645,
    -0.008865756914019585
   ],
   [
    -0.008879176340997219,
    0.0006998954340815544,
    0.9999603629112244
   ]
  ]
 },
 {
  "rotation_euler": [
   0.0006998779135756195,
   0.008879298344254494,
   1.9796627759933472
  ],
  "euler_order": "XYZ",
  "rotation_matrix": [
   [
    -0.39755380153656006,
    -0.9175743460655212,
    -0.0028879023157060146
   ],
   [
    0.9175359010696411,
    -0.3975636661052704,
    0.008425537496805191
   ],
   [
    -0.008879181928932667,
    0.0006998502649366856,
    0.9999603629112244
   ]
  ]
 },
 {
  "rotation_euler": [
   0.0006998081225901842,
   0.00887930579483509,
   3.0864601135253906
  ],
  "euler_order": "XYZ",
  "rotation_matrix": [
   [
    -0.998441219329834,
    -0.05511080473661423,
    -0.008827133104205132
   ],
   [
    0.05510244145989418,
    -0.9984800219535828,
    0.001188028953038156
   ],
   [
    -0.008879189379513264,
    0.0006997804739512503,
    0.9999603629112244
   ]
  ]
 },
 {
  "rotation_euler": [
   0.000699839845765382,
   0.008879211731255054,
   -1.8630199432373047
  ],
  "euler_order": "XYZ",
  "rotation_matrix": [
   [
    -0.2880709171295166,
    0.9576036334037781,
    -0.003228079993277788
   ],
   [
    -0.9575679302215576,
    -0.2880881726741791,
    -0.00830105785280466
   ],
   [
    -0.008879095315933228,
    0.0006998121971264482,
    0.9999603629112244
   ]
  ]
 },
 {
  "rotation_euler": [
   0.0006998894969001412,
   0.008879296481609344,
   -2.9194934368133545
  ],
  "euler_order": "XYZ",
  "rotation_matrix": [
   [
    -0.9753987193107605,
    0.22027164697647095,
    -0.008815250359475613
   ],
   [
    -0.2202690839767456,
    -0.9754382967948914,
    -0.0012731872266158462
   ],
   [
    -0.008879180066287518,
    0.0006998618482612073,
    0.9999603629112244
   ]
  ]
 },
 {
  "rotation_euler": [
   0.0006998555618338287,
   0.00887926947325468,
   -1.1407208442687988
  ],
  "euler_order": "XYZ",
  "rotation_matrix": [
   [
    0.41692298650741577,
    0.908936619758606,
    0.003065945114940405
   ],
   [
    -0.9088984727859497,
    0.41693365573883057,
    -0.008362362161278725
   ],
   [
    -0.008879153057932854,
    0.0006998279131948948,
    0.9999603629112244
   ]
  ]
 },
 {
  "rotation_euler": [
   0.0006998605094850063,
   0.008879296481609344,
   1.7341976165771484
  ],
  "euler_order": "XYZ",
  "rotation_matrix": [
   [
    -0.16266870498657227,
    -0.9866804480552673,
    -0.0007538832142017782
   ],
   [
    0.9866408109664917,
    -0.16266895830631256,
    0.008874754421412945
   ],
   [
    -0.008879180066287518,
    0.0006998328608460724,
    0.9999603629112244
   ]
  ]
 },
 {
  "rotation_euler": [
   0.0006998403114266694,
   0.00887923315167427,
   0.657645583152771
  ],
  "euler_order": "XYZ",
  "rotation_matrix": [
   [
    0.7914023995399475,
    -0.611250102519989,
    0.007455009967088699
   ],
   [
    0.6112310886383057,
    0.7914371490478516,
    0.004873527679592371
   ],
   [
    -0.008879116736352444,
    0.0006998126627877355,
    0.9999603629112244
   ]
  ]
 },
 {
  "rotation_euler": [
   0.0006998132448643446,
   0.008879231289029121,
   0.8004868626594543
  ],
  "euler_order": "XYZ",
  "rotation_matrix": [
   [
    0.6963299512863159,
    -0.7176907062530518,
    0.006685288157314062
   ],
   [
    0.7176669239997864,
    0.6963616609573364,
    0.005885176360607147
   ],
   [
    -0.008879114873707294,
    0.0006997855962254107,
    0.9999603629112244
   ]
  ]
 },
 {
  "rotation_euler": [
   0.0006998006720095873,
   0.008879127912223339,
   -0.9246565103530884
  ],
  "euler_order": "XYZ",
  "rotation_matrix": [
   [
    0.6020851135253906,
    0.7984175086021423,
    0.004787399433553219
   ],
   [
    -0.7983825206756592,
    0.6021037697792053,
    -0.0075104814022779465
   ],
   [
    -0.008879011496901512,
    0.0006997730233706534,
    0.9999603629112244
   ]
  ]
 }
]