[
 {
  "rotation_euler": [
   -1.521132469177246,
   -0.3079141080379486,
   2.195791006088257
  ],
  "euler_order": "XYZ",
  "rotation_matrix": [
   [
    -0.5575747489929199,
    -0.21736551821231842,
    -0.8011633157730103
   ],
   [
    0.7728247046470642,
    0.21643167734146118,
    -0.5965729355812073
   ],
   [
    0.3030714988708496,
    -0.95179283618927,
    0.047308605164289474
   ]
  ]
 },
 {
  "rotation_euler": [
   1.6313910484313965,
   -2.6185882091522217,
   0.13409848511219025
  ],
  "euler_order": "XYZ",
  "rotation_matrix": [
   [
    -0.8585448265075684,
    -0.4859961271286011,
    0.1634276658296585
   ],
   [
    -0.11582466214895248,
    -0.12667106091976166,
    -0.9851593971252441
   ],
   [
    0.49948519468307495,
    -0.8647324442863464,
    0.05246244743466377
   ]
  ]
 },
 {
  "rotation_euler": [
   -1.5102031230926514,
   -0.5229648351669312,
   -1.8187350034713745
  ],
  "euler_order": "XYZ",
  "rotation_matrix": [
   [
    -0.21260574460029602,
    -0.06363905966281891,
    0.9750635027885437
   ],
   [
    -0.8398497700691223,
    -0.49815014004707336,
    -0.21563588082790375
   ],
   [
    0.4994508922100067,
    -0.8647522926330566,
    0.05246233195066452
   ]
  ]
 },
 {
  "rotation_euler": [
   -1.5102033615112305,
   -0.5229662656784058,
   -1.887149691581726
  ],
  "euler_order": "XYZ",
  "rotation_matrix": [
   [
    -0.26952141523361206,
    -0.09754499793052673,
    0.9580413103103638
   ],
   [
    -0.8233503699302673,
    -0.49263542890548706,
    -0.2817881107330322
   ],
   [
    0.499452143907547,
    -0.8647515773773193,
    0.05246208235621452
   ]
  ]
 },
 {
  "rotation_euler": [
   1.6313893795013428,
   -2.6186275482177734,
   0.2919919490814209
  ],
  "euler_order": "XYZ",
  "rotation_matrix": [
   [
    -0.8296718597412109,
    -0.4600010812282562,
    0.3162967264652252
   ],
   [
    -0.24938559532165527,
    -0.20150116086006165,
    -0.94720858335495
   ],
   [
    0.4994511306285858,
    -0.8647521734237671,
    0.05246219411492348
   ]
  ]
 },
 {
  "rotation_euler": [
   -1.5281546115875244,
   0.2414778470993042,
   -2.3718032836914062
  ],
  "euler_order": "XYZ",
  "rotation_matrix": [
   [
    -0.6972233057022095,
    0.20122754573822021,
    0.6880313754081726
   ],
   [
    -0.6757904887199402,
    0.13567490875720978,
    -0.724499523639679
   ],
   [
    -0.23913785815238953,
    -0.9701029658317566,
    0.041391946375370026
   ]
  ]
 },
 {
  "rotation_euler": [
   0.0007393780397251248,
   -1.5332380533218384,
   0.36992213129997253
  ],
  "euler_order": "XYZ",
  "rotation_matrix": [
   [
    0.03500942885875702,
    -0.36223161220550537,
    -0.9314303994178772
   ],
   [
    0.013575732707977295,
    0.9320881366729736,
    -0.36197713017463684
   ],
   [
    0.9992947578430176,
    2.77632316283416e-05,
    0.03754943236708641
   ]
  ]
 },
 {
  "rotation_euler": [
   -1.7053309679031372,
   -1.7548651695251465,
   -1.2285610437393188
  ],
  "euler_order": "XYZ",
  "rotation_matrix": [
   [
    -0.06142409145832062,
    0.20059259235858917,
    0.9777472615242004
   ],
   [
    0.17241664230823517,
    -0.9627382159233093,
    0.2083449363708496
   ],
   [
    0.9831070899963379,
    0.18137729167938232,
    0.0245498213917017
   ]
  ]
 },
 {
  "rotation_euler": [
   -1.5070927143096924,
   0.5227349996566772,
   -0.5633338689804077
  ],
  "euler_order": "XYZ",
  "rotation_matrix": [
   [
    0.7325716018676758,
    -0.3872556984424591,
    0.5597962737083435
   ],
   [
    -0.46269485354423523,
    0.31988728046417236,
    0.8267923593521118
   ],
   [
    -0.49925175309181213,
    -0.8646994829177856,
    0.05515911430120468
   ]
  ]
 },
 {
  "rotation_euler": [
   -1.510201334953308,
   -0.5230044722557068,
   -1.4954053163528442
  ],
  "euler_order": "XYZ",
  "rotation_matrix": [
   [
    0.06525106728076935,
    0.09793788939714432,
    0.9930511116981506
   ],
   [
    -0.8638615608215332,
    -0.49259111285209656,
    0.10534324496984482
   ],
   [
    0.49948522448539734,
    -0.8647324442863464,
    0.05246267840266228
   ]
  ]
 },
 {
  "rotation_euler": [
   -1.5102019309997559,
   -0.5230037569999695,
   -1.3838846683502197
  ],
  "euler_order": "XYZ",
  "rotation_matrix": [
   [
    0.16098463535308838,
    0.15214908123016357,
    0.9751587510108948
   ],
   [
    -0.8512338399887085,
    -0.4786311984062195,
    0.21520482003688812
   ],
   [
    0.4994845986366272,
    -0.8647328019142151,
    0.05246218666434288
   ]
  ]
 },
 {
  "rotation_euler": [
   -1.511663556098938,
   -0.5054017901420593,
   1.2837748527526855
  ],
  "euler_order": "XYZ",
  "rotation_matrix": [
   [
    0.24770404398441315,
    0.08014363050460815,
    -0.9655152559280396
   ],
   [
    0.8391857743263245,
    0.48027166724205017,
    0.25515952706336975
   ],
   [
    0.48415905237197876,
    -0.8734506964683533,
    0.051709845662117004
   ]
  ]
 },
 {
  "rotation_euler": [
   -1.5070922374725342,
   0.5227534770965576,
   -1.3718452453613281
  ],
  "euler_order": "XYZ",
  "rotation_matrix": [
   [
    0.1712457835674286,
    -0.03607046976685524,
    0.9845678210258484
   ],
   [
    -0.8493565917015076,
    0.5010087490081787,
    0.16608338057994843
   ],
   [
    -0.4992677569389343,
    -0.8646902441978455,
    0.055158939212560654
   ]
  ]
 },
 {
  "rotation_euler": [
   -1.5102035999298096,
   -0.5229553580284119,
   1.6382458209991455
  ],
  "euler_order": "XYZ",
  "rotation_matrix": [
   [
    -0.05839036405086517,
    -0.09401780366897583,
    -0.9938567280769348
   ],
   [
    0.864376962184906,
    0.49331119656562805,
    -0.09744998067617416
   ],
   [
    0.4994426667690277,
    -0.8647570610046387,
    0.05246220529079437
   ]
  ]
 },
 {
  "rotation_euler": [
   -1.5102033615112305,
   -0.5229723453521729,
   0.8635668754577637
  ],
  "euler_order": "XYZ",
  "rotation_matrix": [
   [
    0.5628862380981445,
    0.2778845429420471,
    -0.7784209847450256
   ],
   [
    0.6585600972175598,
    0.4183182120323181,
    0.6255465745925903
   ],
   [
    0.49945738911628723,
    -0.8647485375404358,
    0.0524618998169899
   ]
  ]
 },
 {
  "rotation_euler": [
   1.6313890218734741,
   -2.618630886077881,
   0.12275958806276321
  ],
  "euler_order": "XYZ",
  "rotation_matrix": [
   [
    -0.8598240613937378,
    -0.48736482858657837,
    0.15224356949329376
   ],
   [
    -0.10608508437871933,
    -0.12114585936069489,
    -0.9869496822357178
   ],
   [
    0.4994482398033142,
    -0.8647538423538208,
    0.05246198549866676
   ]
  ]
 }
]