[
 {
  "rotation_euler": [
   -8.742686077312101e-07,
   2.296414777447353e-06,
   -2.2225568294525146
  ],
  "euler_order": "XYZ",
  "rotation_matrix": [
   [
    -0.6065869927406311,
    0.7950171232223511,
    -6.979167892495752e-07
   ],
   [
    -0.7950171232223511,
    -0.6065869927406311,
    -2.3560089630336734e-06
   ],
   [
    -2.296414777447353e-06,
    -8.742686077312101e-07,
    1.0
   ]
  ]
 },
 {
  "rotation_euler": [
   -1.0745843610493466e-06,
   -2.047508814939647e-06,
   -1.0798112154006958
  ],
  "euler_order": "XYZ",
  "rotation_matrix": [
   [
    0.4714948534965515,
    0.881868839263916,
    -1.774744085025759e-08
   ],
   [
    -0.881868839263916,
    0.4714948534965515,
    2.3122952370613348e-06
   ],
   [
    2.047508814939647e-06,
    -1.0745843610493466e-06,
    1.0
   ]
  ]
 },
 {
  "rotation_euler": [
   -1.4926852145435987e-06,
   -2.830749963322887e-06,
   1.8764704465866089
  ],
  "euler_order": "XYZ",
  "rotation_matrix": [
   [
    -0.30093610286712646,
    -0.9536442756652832,
    -5.716158284485573e-07
   ],
   [
    0.9536442756652832,
    -0.30093610286712646,
    -3.148731366309221e-06
   ],
   [
    2.830749963322887e-06,
    -1.4926852145435987e-06,
    1.0
   ]
  ]
 },
 {
  "rotation_euler": [
   4.4060138293389173e-07,
   4.933223181069479e-07,
   2.9215173721313477
  ],
  "euler_order": "XYZ",
  "rotation_matrix": [
   [
    -0.975881040096283,
    -0.21830308437347412,
    -3.852392467251775e-07
   ],
   [
    0.21830308437347412,
    -0.975881040096283,
    5.376683134272753e-07
   ],
   [
    -4.933223181069479e-07,
    4.4060138293389173e-07,
    1.0
   ]
  ]
 },
 {
  "rotation_euler": [
   -2.619805854919832e-06,
   -3.3708608953020303e-06,
   -1.972708821296692
  ],
  "euler_order": "XYZ",
  "rotation_matrix": [
   [
    -0.3911791443824768,
    0.9203145503997803,
    3.729655873030424e-06
   ],
   [
    -0.9203145503997803,
    -0.3911791443824768,
    2.0774389213329414e-06
   ],
   [
    3.3708608953020303e-06,
    -2.619805854919832e-06,
    1.0
   ]
  ]
 },
 {
  "rotation_euler": [
   -1.3108843859299668e-06,
   2.4735052193136653e-06,
   2.5290029048919678
  ],
  "euler_order": "XYZ",
  "rotation_matrix": [
   [
    -0.81816166639328,
    -0.5749882459640503,
    -2.777470172077301e-06
   ],
   [
    0.5749882459640503,
    -0.81816166639328,
    3.497209775105148e-07
   ],
   [
    -2.4735052193136653e-06,
    -1.3108843859299668e-06,
    1.0
   ]
  ]
 },
 {
  "rotation_euler": [
   -4.3625885837172973e-07,
   -8.339316650562978e-07,
   -0.26111313700675964
  ],
  "euler_order": "XYZ",
  "rotation_matrix": [
   [
    0.966103196144104,
    0.2581561207771301,
    -6.930411586836271e-07
   ],
   [
    -0.2581561207771301,
    0.966103196144104,
    6.36755657978938e-07
   ],
   [
    8.339316650562978e-07,
    -4.3625885837172973e-07,
    1.0
   ]
  ]
 },
 {
  "rotation_euler": [
   -2.3644713564863196e-06,
   -3.913339241989888e-06,
   -1.8556455373764038
  ],
  "euler_order": "XYZ",
  "rotation_matrix": [
   [
    -0.28101274371147156,
    0.9597040414810181,
    3.36889092977799e-06
   ],
   [
    -0.9597040414810181,
    -0.28101274371147156,
    3.0912008242012234e-06
   ],
   [
    3.913339241989888e-06,
    -2.3644713564863196e-06,
    1.0
   ]
  ]
 },
 {
  "rotation_euler": [
   -1.835885541368043e-06,
   -2.201347086838723e-07,
   -0.480869859457016
  ],
  "euler_order": "XYZ",
  "rotation_matrix": [
   [
    0.8865929245948792,
    0.462550550699234,
    6.540200274685048e-07
   ],
   [
    -0.462550550699234,
    0.8865929245948792,
    1.7295064935751725e-06
   ],
   [
    2.201347086838723e-07,
    -1.835885541368043e-06,
    1.0
   ]
  ]
 },
 {
  "rotation_euler": [
   -3.326969419958914e-07,
   4.916094553664152e-07,
   -0.6413328647613525
  ],
  "euler_order": "XYZ",
  "rotation_matrix": [
   [
    0.8012990355491638,
    0.5982639789581299,
    5.929667850068654e-07
   ],
   [
    -0.5982639789581299,
    0.8012990355491638,
    -2.752248917659017e-08
   ],
   [
    -4.916094553664152e-07,
    -3.326969419958914e-07,
    1.0
   ]
  ]
 },
 {
  "rotation_euler": [
   -1.3243242165117408e-06,
   1.986722509172978e-06,
   0.9158580303192139
  ],
  "euler_order": "XYZ",
  "rotation_matrix": [
   [
    0.6091102957725525,
    -0.793085515499115,
    1.5983080459136545e-07
   ],
   [
    0.793085515499115,
    0.6091102957725525,
    2.3823004084988497e-06
   ],
   [
    -1.986722509172978e-06,
    -1.3243242165117408e-06,
    1.0
   ]
  ]
 },
 {
  "rotation_euler": [
   -1.4573141697837855e-06,
   2.8980507522646803e-06,
   2.307982921600342
  ],
  "euler_order": "XYZ",
  "rotation_matrix": [
   [
    -0.6722076535224915,
    -0.7403627038002014,
    -3.027032789759687e-06
   ],
   [
    0.7403627038002014,
    -0.6722076535224915,
    1.1659908523142803e-06
   ],
   [
    -2.8980507522646803e-06,
    -1.4573141697837855e-06,
    1.0
   ]
  ]
 },
 {
  "rotation_euler": [
   -7.322097417272744e-07,
   -1.2548297263492714e-06,
   -2.6999576091766357
  ],
  "euler_order": "XYZ",
  "rotation_matrix": [
   [
    -0.9040540456771851,
    0.42741820216178894,
    1.4473936289505218e-06
   ],
   [
    -0.42741820216178894,
    -0.9040540456771851,
    -1.2562009032990318e-07
   ],
   [
    1.2548297263492714e-06,
    -7.322097417272744e-07,
    1.0
   ]
  ]
 },
 {
  "rotation_euler": [
   -1.5057187283673557e-06,
   -3.1904305615171324e-06,
   -2.4529476165771484
  ],
  "euler_order": "XYZ",
  "rotation_matrix": [
   [
    -0.7721077799797058,
    0.6354916095733643,
    3.420227812966914e-06
   ],
   [
    -0.6354916095733643,
    -0.7721077799797058,
    8.649146252537321e-07
   ],
   [
    3.1904305615171324e-06,
    -1.5057187283673557e-06,
    1.0
   ]
  ]
 },
 {
  "rotation_euler": [
   5.951587809249759e-06,
   1.0435340982439811e-06,
   0.8759074211120605
  ],
  "euler_order": "XYZ",
  "rotation_matrix": [
   [
    0.6403000950813293,
    -0.7681248188018799,
    5.239737220108509e-06
   ],
   [
    0.7681248188018799,
    0.6403000950813293,
    -3.0092378437984735e-06
   ],
   [
    -1.0435340982439811e-06,
    5.951587809249759e-06,
    1.0
   ]
  ]
 },
 {
  "rotation_euler": [
   -2.0622605916287284e-06,
   -3.1461559046874754e-06,
   -1.5552881956100464
  ],
  "euler_order": "XYZ",
  "rotation_matrix": [
   [
    0.015507509931921959,
    0.999879777431488,
    2.013223593166913e-06
   ],
   [
    -0.999879777431488,
    0.015507509931921959,
    3.1777581170899794e-06
   ],
   [
    3.1461559046874754e-06,
    -2.0622605916287284e-06,
    1.0
   ]
  ]
 }
]