[
 {
  "rotation_euler": [
   0.000617059413343668,
   -0.0067262002266943455,
   -0.884893000125885
  ],
  "euler_order": "XYZ",
  "rotation_matrix": [
   [
    0.6333580017089844,
    0.7738444209098816,
    -0.004737665876746178
   ],
   [
    -0.7738296985626221,
    0.6333754062652588,
    0.004814182873815298
   ],
   [
    0.006726149469614029,
    0.0006170454435050488,
    0.999977171421051
   ]
  ]
 },
 {
  "rotation_euler": [
   0.0006342341657727957,
   -0.006722087971866131,
   2.8946890830993652
  ],
  "euler_order": "XYZ",
  "rotation_matrix": [
   [
    -0.9696519374847412,
    -0.24439842998981476,
    0.006673190742731094
   ],
   [
    0.2443970888853073,
    -0.9696747064590454,
    -0.0010278829140588641
   ],
   [
    0.006722037214785814,
    0.00063421978848055,
    0.9999772310256958
   ]
  ]
 },
 {
  "rotation_euler": [
   0.0006073407712392509,
   -0.006724074017256498,
   -2.87211537361145
  ],
  "euler_order": "XYZ",
  "rotation_matrix": [
   [
    -0.96388840675354,
    0.266231507062912,
    0.006319662556052208
   ],
   [
    -0.2662216126918793,
    -0.9639089107513428,
    0.0023755424190312624
   ],
   [
    0.006724023260176182,
    0.0006073269760236144,
    0.9999772310256958
   ]
  ]
 },
 {
  "rotation_euler": [
   0.0006181462085805833,
   -0.00672463234513998,
   -2.2840397357940674
  ],
  "euler_order": "XYZ",
  "rotation_matrix": [
   [
    -0.6542752385139465,
    0.7562463283538818,
    0.003932356834411621
   ],
   [
    -0.7562265992164612,
    -0.6542867422103882,
    0.005489868577569723
   ],
   [
    0.006724581588059664,
    0.0006181321805343032,
    0.999977171421051
   ]
  ]
 },
 {
  "rotation_euler": [
   0.0006324349087662995,
   -0.006721999496221542,
   -1.0682735443115234
  ],
  "euler_order": "XYZ",
  "rotation_matrix": [
   [
    0.48162707686424255,
    0.8763680458068848,
    -0.003791792318224907
   ],
   [
    -0.876350462436676,
    0.48164159059524536,
    0.005586310289800167
   ],
   [
    0.006721948739141226,
    0.0006324205896817148,
    0.9999772310256958
   ]
  ]
 },
 {
  "rotation_euler": [
   0.0006356450612656772,
   -0.006721941754221916,
   2.5552966594696045
  ],
  "euler_order": "XYZ",
  "rotation_matrix": [
   [
    -0.8329769372940063,
    -0.5532757043838501,
    0.005950994789600372
   ],
   [
    0.5532668828964233,
    -0.8329979181289673,
    -0.003189593553543091
   ],
   [
    0.0067218909971416,
    0.0006356306839734316,
    0.9999772310256958
   ]
  ]
 },
 {
  "rotation_euler": [
   0.0006232826854102314,
   -0.006725258659571409,
   -3.125540018081665
  ],
  "euler_order": "XYZ",
  "rotation_matrix": [
   [
    -0.9998485445976257,
    0.016056133434176445,
    0.006714335177093744
   ],
   [
    -0.016051582992076874,
    -0.9998708963394165,
    0.0007311549852602184
   ],
   [
    0.006725207902491093,
    0.0006232685409486294,
    0.999977171421051
   ]
  ]
 },
 {
  "rotation_euler": [
   0.0006256334600038826,
   -0.00672578252851963,
   -1.8197046518325806
  ],
  "euler_order": "XYZ",
  "rotation_matrix": [
   [
    -0.24634049832820892,
    0.9691827893257141,
    0.001050504739396274
   ],
   [
    -0.9691600203514099,
    -0.24634194374084473,
    0.006672578863799572
   ],
   [
    0.006725731771439314,
    0.0006256192573346198,
    0.999977171421051
   ]
  ]
 },
 {
  "rotation_euler": [
   0.0006295556086115539,
   -0.006723850499838591,
   0.05222829431295395
  ],
  "euler_order": "XYZ",
  "rotation_matrix": [
   [
    0.9986138343811035,
    -0.05220877006649971,
    -0.0066817644983530045
   ],
   [
    0.05220337212085724,
    0.99863600730896,
    -0.0009797100210562348
   ],
   [
    0.006723799742758274,
    0.0006295413477346301,
    0.999977171421051
   ]
  ]
 },
 {
  "rotation_euler": [
   1.7687740325927734,
   0.004181330557912588,
   2.0137057304382324
  ],
  "euler_order": "XYZ",
  "rotation_matrix": [
   [
    -0.42856618762016296,
    0.17595136165618896,
    0.8862122297286987
   ],
   [
    0.9035007357597351,
    0.0879981741309166,
    0.419455349445343
   ],
   [
    -0.004181318450719118,
    0.9804577827453613,
    -0.19668522477149963
   ]
  ]
 },
 {
  "rotation_euler": [
   0.0006064407643862069,
   -0.006724378559738398,
   1.2506611347198486
  ],
  "euler_order": "XYZ",
  "rotation_matrix": [
   [
    0.3146877586841583,
    -0.9491940140724182,
    -0.0015404820442199707
   ],
   [
    0.9491714239120483,
    0.3146909475326538,
    -0.006573526654392481
   ],
   [
    0.006724327802658081,
    0.0006064270273782313,
    0.9999772310256958
   ]
  ]
 },
 {
  "rotation_euler": [
   0.0006231209845282137,
   -0.006725439336150885,
   -2.40529203414917
  ],
  "euler_order": "XYZ",
  "rotation_matrix": [
   [
    -0.7409411668777466,
    0.6715543866157532,
    0.004564771428704262
   ],
   [
    -0.6715362668037415,
    -0.7409549951553345,
    0.00497814966365695
   ],
   [
    0.006725388579070568,
    0.0006231068400666118,
    0.999977171421051
   ]
  ]
 },
 {
  "rotation_euler": [
   0.0006366709712892771,
   -0.00672142906114459,
   -2.210251808166504
  ],
  "euler_order": "XYZ",
  "rotation_matrix": [
   [
    -0.5967451333999634,
    0.8024232387542725,
    0.003500161459669471
   ],
   [
    -0.802402675151825,
    -0.5967550277709961,
    0.005773311946541071
   ],
   [
    0.006721378304064274,
    0.0006366565357893705,
    0.9999772310256958
   ]
  ]
 },
 {
  "rotation_euler": [
   0.0006307613220997155,
   -0.00672308960929513,
   0.49738192558288574
  ],
  "euler_order": "XYZ",
  "rotation_matrix": [
   [
    0.8788148760795593,
    -0.4771299660205841,
    -0.0056074862368404865
   ],
   [
    0.47711554169654846,
    0.8788325190544128,
    -0.003762073116376996
   ],
   [
    0.006723038852214813,
    0.0006307470030151308,
    0.999977171421051
   ]
  ]
 },
 {
  "rotation_euler": [
   0.0006069945520721376,
   -0.006724775303155184,
   -1.3497596979141235
  ],
  "euler_order": "XYZ",
  "rotation_matrix": [
   [
    0.21923619508743286,
    0.9756696224212646,
    -0.002066562883555889
   ],
   [
    -0.9756486415863037,
    0.2192450910806656,
    0.0064280373044312
   ],
   [
    0.006724724546074867,
    0.000606980815064162,
    0.9999772310256958
   ]
  ]
 },
 {
  "rotation_euler": [
   0.000628601701464504,
   -0.006723074708133936,
   0.24473237991333008
  ],
  "euler_order": "XYZ",
  "rotation_matrix": [
   [
    0.9701802730560303,
    -0.24230073392391205,
    -0.0063703833147883415
   ],
   [
    0.24229121208190918,
    0.9702010154724121,
    -0.0022388368379324675
   ],
   [
    0.006723023951053619,
    0.0006285874405875802,
    0.9999772310256958
   ]
  ]
 }
]