[
 {
  "rotation_euler": [
   0.694169819355011,
   0.06467387080192566,
   -2.489236354827881
  ],
  "euler_order": "XYZ",
  "rotation_matrix": [
   [
    -0.7929942607879639,
    0.43372175097465515,
    -0.4278382360935211
   ],
   [
    -0.6057913899421692,
    -0.635860025882721,
    0.47822466492652893
   ],
   [
    -0.06462879478931427,
    0.6384101510047913,
    0.7669782638549805
   ]
  ]
 },
 {
  "rotation_euler": [
   0.694167971611023,
   0.06467390805482864,
   -0.2526530623435974
  ],
  "euler_order": "XYZ",
  "rotation_matrix": [
   [
    0.9662283658981323,
    0.23215974867343903,
    -0.11182384938001633
   ],
   [
    -0.24945107102394104,
    0.7338502407073975,
    -0.6318528056144714
   ],
   [
    -0.06462883204221725,
    0.6384087204933167,
    0.766979455947876
   ]
  ]
 },
 {
  "rotation_euler": [
   0.6941695213317871,
   0.06467346101999283,
   0.598018229007721
  ],
  "euler_order": "XYZ",
  "rotation_matrix": [
   [
    0.8247252106666565,
    -0.39854753017425537,
    0.40123337507247925
   ],
   [
    0.5618287324905396,
    0.6584775447845459,
    -0.500755250453949
   ],
   [
    -0.06462838500738144,
    0.6384099125862122,
    0.7669784426689148
   ]
  ]
 },
 {
  "rotation_euler": [
   0.6941699385643005,
   0.06467387080192566,
   -3.0608069896698
  ],
  "euler_order": "XYZ",
  "rotation_matrix": [
   [
    -0.9946548342704773,
    0.020811857655644417,
    -0.10113696753978729
   ],
   [
    -0.0805291086435318,
    -0.7694149017333984,
    0.6336527466773987
   ],
   [
    -0.06462879478931427,
    0.638410210609436,
    0.7669781446456909
   ]
  ]
 },
 {
  "rotation_euler": [
   0.6941697001457214,
   0.06467382609844208,
   -0.42144283652305603
  ],
  "euler_order": "XYZ",
  "rotation_matrix": [
   [
    0.9105919599533081,
    0.3521391451358795,
    -0.21637997031211853
   ],
   [
    -0.4082222282886505,
    0.6844199299812317,
    -0.6040893793106079
   ],
   [
    -0.06462875008583069,
    0.6384100317955017,
    0.7669783234596252
   ]
  ]
 },
 {
  "rotation_euler": [
   0.6941872835159302,
   0.06467241048812866,
   -1.4248403310775757
  ],
  "euler_order": "XYZ",
  "rotation_matrix": [
   [
    0.14513428509235382,
    0.7664151787757874,
    -0.6257345676422119
   ],
   [
    -0.9872990250587463,
    0.0708736702799797,
    -0.14218851923942566
   ],
   [
    -0.06462733447551727,
    0.6384235620498657,
    0.7669671773910522
   ]
  ]
 },
 {
  "rotation_euler": [
   0.6941695213317871,
   0.06467364728450775,
   -3.1006336212158203
  ],
  "euler_order": "XYZ",
  "rotation_matrix": [
   [
    -0.9970724582672119,
    -0.009839574806392193,
    -0.07582701742649078
   ],
   [
    -0.04086197540163994,
    -0.7696336507797241,
    0.6371768116950989
   ],
   [
    -0.06462857127189636,
    0.6384099125862122,
    0.7669784426689148
   ]
  ]
 },
 {
  "rotation_euler": [
   0.6667496562004089,
   0.06485915184020996,
   -1.2913479804992676
  ],
  "euler_order": "XYZ",
  "rotation_matrix": [
   [
    0.2752454876899719,
    0.7664074897766113,
    -0.5803959369659424
   ],
   [
    -0.9591866731643677,
    0.17822539806365967,
    -0.21953722834587097
   ],
   [
    -0.06481368839740753,
    0.617134690284729,
    0.7841836214065552
   ]
  ]
 },
 {
  "rotation_euler": [
   0.694430410861969,
   0.06467121839523315,
   2.194895029067993
  ],
  "euler_order": "XYZ",
  "rotation_matrix": [
   [
    -0.5831445455551147,
    -0.6477317214012146,
    0.4902918040752411
   ],
   [
    0.8097937703132629,
    -0.415476530790329,
    0.4142623841762543
   ],
   [
    -0.06462614983320236,
    0.6386100649833679,
    0.7668119668960571
   ]
  ]
 },
 {
  "rotation_euler": [
   0.694169282913208,
   0.06467349827289581,
   0.3951295018196106
  ],
  "euler_order": "XYZ",
  "rotation_matrix": [
   [
    0.9210172295570374,
    -0.25768980383872986,
    0.2921014726161957
   ],
   [
    0.3841229975223541,
    0.7252785563468933,
    -0.5713322758674622
   ],
   [
    -0.06462842226028442,
    0.6384097337722778,
    0.7669786214828491
   ]
  ]
 },
 {
  "rotation_euler": [
   0.6941688060760498,
   0.06467406451702118,
   -0.9826232194900513
  ],
  "euler_order": "XYZ",
  "rotation_matrix": [
   [
    0.5536820888519287,
    0.6623699069023132,
    -0.5046803951263428
   ],
   [
    -0.8302164077758789,
    0.3920454978942871,
    -0.3962841033935547
   ],
   [
    -0.06462898850440979,
    0.6384093165397644,
    0.7669788599014282
   ]
  ]
 },
 {
  "rotation_euler": [
   0.6941684484481812,
   0.06467374414205551,
   -0.14608700573444366
  ],
  "euler_order": "XYZ",
  "rotation_matrix": [
   [
    0.9872798919677734,
    0.15278702974319458,
    -0.04398300126194954
   ],
   [
    -0.14526361227035522,
    0.7543805241584778,
    -0.6401628851890564
   ],
   [
    -0.06462866812944412,
    0.6384090781211853,
    0.7669791579246521
   ]
  ]
 },
 {
  "rotation_euler": [
   0.48239773511886597,
   0.06374337524175644,
   -1.5369716882705688
  ],
  "euler_order": "XYZ",
  "rotation_matrix": [
   [
    0.03374950587749481,
    0.88637775182724,
    -0.46173086762428284
   ],
   [
    -0.9973982572555542,
    0.00042510931962169707,
    -0.07208721339702606
   ],
   [
    -0.06370021402835846,
    0.46296247839927673,
    0.884086012840271
   ]
  ]
 },
 {
  "rotation_euler": [
   0.6941681504249573,
   0.06467360258102417,
   2.4944722652435303
  ],
  "euler_order": "XYZ",
  "rotation_matrix": [
   [
    -0.7961552739143372,
    -0.496360719203949,
    0.3460676670074463
   ],
   [
    0.6016311049461365,
    -0.5882687568664551,
    0.5403516292572021
   ],
   [
    -0.06462852656841278,
    0.6384088397026062,
    0.7669793367385864
   ]
  ]
 },
 {
  "rotation_euler": [
   0.694169819355011,
   0.06467371433973312,
   1.841775894165039
  ],
  "euler_order": "XYZ",
  "rotation_matrix": [
   [
    -0.2671157717704773,
    -0.7516060471534729,
    0.6031065583229065
   ],
   [
    0.9614948034286499,
    -0.1658940464258194,
    0.21910469233989716
   ],
   [
    -0.06462863832712173,
    0.6384101510047913,
    0.7669782638549805
   ]
  ]
 },
 {
  "rotation_euler": [
   0.6941695809364319,
   0.06467336416244507,
   2.6712355613708496
  ],
  "euler_order": "XYZ",
  "rotation_matrix": [
   [
    -0.8895429372787476,
    -0.38518229126930237,
    0.24565823376178741
   ],
   [
    0.4522571563720703,
    -0.6663838028907776,
    0.5927867293357849
   ],
   [
    -0.06462828814983368,
    0.6384099721908569,
    0.7669784426689148
   ]
  ]
 }
]