[
 {
  "rotation_euler": [
   -1.5707964897155762,
   -0.7475690841674805,
   1.4319478273391724
  ],
  "euler_order": "XYZ",
  "rotation_matrix": [
   [
    0.10149681568145752,
    0.094094417989254,
    -0.9903759956359863
   ],
   [
    0.7262860536575317,
    0.6733151078224182,
    0.13840289413928986
   ],
   [
    0.6798580884933472,
    -0.7333437204360962,
    -1.1947685152335907e-07
   ]
  ]
 },
 {
  "rotation_euler": [
   1.5707974433898926,
   -1.8466330766677856,
   -0.03324786573648453
  ],
  "euler_order": "XYZ",
  "rotation_matrix": [
   [
    -0.27220162749290466,
    -0.9616659283638,
    -0.0332406684756279
   ],
   [
    0.009053459390997887,
    0.031984008848667145,
    -0.9994474053382874
   ],
   [
    0.9621976613998413,
    -0.2723521590232849,
    3.041070613107877e-07
   ]
  ]
 },
 {
  "rotation_euler": [
   1.5710018873214722,
   -2.2068090438842773,
   0.8300323486328125
  ],
  "euler_order": "XYZ",
  "rotation_matrix": [
   [
    -0.40085697174072266,
    -0.5427467823028564,
    0.7380647659301758
   ],
   [
    -0.43833866715431213,
    -0.5938003659248352,
    -0.6747298240661621
   ],
   [
    0.8044705390930176,
    -0.5939925312995911,
    0.00012210140994284302
   ]
  ]
 },
 {
  "rotation_euler": [
   -1.5707069635391235,
   -0.06333345919847488,
   2.8190054893493652
  ],
  "euler_order": "XYZ",
  "rotation_matrix": [
   [
    -0.9465169310569763,
    -0.060054801404476166,
    -0.31701597571372986
   ],
   [
    0.31638574600219727,
    0.01997988298535347,
    -0.9484201669692993
   ],
   [
    0.06329112499952316,
    -0.9979950785636902,
    8.918409002944827e-05
   ]
  ]
 },
 {
  "rotation_euler": [
   -1.570717453956604,
   -1.6075069904327393,
   -1.4937453269958496
  ],
  "euler_order": "XYZ",
  "rotation_matrix": [
   [
    -0.0028251607436686754,
    0.07700155675411224,
    0.9970269799232483
   ],
   [
    0.03659352287650108,
    -0.9963551759719849,
    0.07705336809158325
   ],
   [
    0.999326229095459,
    0.036702416837215424,
    -2.89482386506279e-06
   ]
  ]
 },
 {
  "rotation_euler": [
   1.571221947669983,
   1.7506428956985474,
   0.5486419796943665
  ],
  "euler_order": "XYZ",
  "rotation_matrix": [
   [
    -0.15262523293495178,
    0.8396937847137451,
    0.5211716294288635
   ],
   [
    -0.09329038858413696,
    0.5127541422843933,
    -0.8534518480300903
   ],
   [
    -0.9838711619377136,
    -0.17887860536575317,
    7.613447087351233e-05
   ]
  ]
 },
 {
  "rotation_euler": [
   1.570401906967163,
   1.8075181245803833,
   -0.42940983176231384
  ],
  "euler_order": "XYZ",
  "rotation_matrix": [
   [
    -0.21322567760944366,
    0.884019672870636,
    -0.415985643863678
   ],
   [
    0.09763751178979874,
    -0.4043649137020111,
    -0.9093711972236633
   ],
   [
    -0.9721119999885559,
    -0.23451709747314453,
    -9.249819413525984e-05
   ]
  ]
 },
 {
  "rotation_euler": [
   1.5707594156265259,
   0.8385677337646484,
   0.13193272054195404
  ],
  "euler_order": "XYZ",
  "rotation_matrix": [
   [
    0.6627188324928284,
    0.7372184991836548,
    0.1315775215625763
   ],
   [
    0.08794515579938889,
    0.09786876291036606,
    -0.9913058876991272
   ],
   [
    -0.7436863780021667,
    0.66852867603302,
    2.4676173779880628e-05
   ]
  ]
 },
 {
  "rotation_euler": [
   1.5709495544433594,
   1.1908953189849854,
   0.7930985689163208
  ],
  "euler_order": "XYZ",
  "rotation_matrix": [
   [
    0.2601884603500366,
    0.6517239809036255,
    0.7124308943748474
   ],
   [
    0.2642267346382141,
    0.6616207957267761,
    -0.7017422318458557
   ],
   [
    -0.9287013411521912,
    0.3708285391330719,
    -5.682118353433907e-05
   ]
  ]
 },
 {
  "rotation_euler": [
   1.5707961320877075,
   2.9815969467163086,
   0.006480399519205093
  ],
  "euler_order": "XYZ",
  "rotation_matrix": [
   [
    -0.9872072339057922,
    0.15931062400341034,
    0.006480385083705187
   ],
   [
    -0.006397586781531572,
    0.0010326056508347392,
    -0.9999790191650391
   ],
   [
    -0.15931396186351776,
    -0.9872279763221741,
    -1.9222038361021987e-07
   ]
  ]
 },
 {
  "rotation_euler": [
   1.5708245038986206,
   2.4168012142181396,
   -0.6078161597251892
  ],
  "euler_order": "XYZ",
  "rotation_matrix": [
   [
    -0.6145545244216919,
    0.5442216992378235,
    -0.5710914731025696
   ],
   [
    0.42752912640571594,
    -0.3786347806453705,
    -0.8208864331245422
   ],
   [
    -0.6629793047904968,
    -0.7486377358436584,
    2.109444176312536e-05
   ]
  ]
 },
 {
  "rotation_euler": [
   -1.5707963705062866,
   -0.16766755282878876,
   -0.7349270582199097
  ],
  "euler_order": "XYZ",
  "rotation_matrix": [
   [
    0.7314760684967041,
    0.12380712479352951,
    0.6705330610275269
   ],
   [
    -0.6611299514770508,
    -0.11190064251422882,
    0.7418796420097351
   ],
   [
    0.16688306629657745,
    -0.9859766960144043,
    -4.309841017402505e-08
   ]
  ]
 },
 {
  "rotation_euler": [
   -1.5707963705062866,
   0.3561592102050781,
   0.2969057559967041
  ],
  "euler_order": "XYZ",
  "rotation_matrix": [
   [
    0.8962351083755493,
    -0.33342114090919495,
    -0.2925627529621124
   ],
   [
    0.2742023766040802,
    -0.10200995951890945,
    0.9562463164329529
   ],
   [
    -0.3486770689487457,
    -0.9372429251670837,
    -4.096819239407523e-08
   ]
  ]
 },
 {
  "rotation_euler": [
   1.5707964897155762,
   -1.1946536302566528,
   -0.014710177667438984
  ],
  "euler_order": "XYZ",
  "rotation_matrix": [
   [
    0.3672958314418793,
    -0.9299878478050232,
    -0.014709495939314365
   ],
   [
    -0.005403376650065184,
    0.013681109994649887,
    -0.9998918175697327
   ],
   [
    0.930088460445404,
    0.36733558773994446,
    -5.984656326063487e-08
   ]
  ]
 },
 {
  "rotation_euler": [
   -1.5707927942276,
   0.13900037109851837,
   -1.611319899559021
  ],
  "euler_order": "XYZ",
  "rotation_matrix": [
   [
    -0.040121737867593765,
    0.0056166634894907475,
    0.9991790056228638
   ],
   [
    -0.9895419478416443,
    0.13843931257724762,
    -0.040512971580028534
   ],
   [
    -0.1385532021522522,
    -0.9903550148010254,
    3.498495743770036e-06
   ]
  ]
 },
 {
  "rotation_euler": [
   -1.570823073387146,
   0.1501508206129074,
   0.8579422235488892
  ],
  "euler_order": "XYZ",
  "rotation_matrix": [
   [
    0.6466371417045593,
    -0.09780916571617126,
    -0.7565010190010071
   ],
   [
    0.7479866743087769,
    -0.113180011510849,
    0.6539925336837769
   ],
   [
    -0.1495872586965561,
    -0.9887485504150391,
    -2.6445653929840773e-05
   ]
  ]
 }
]