[
 {
  "rotation_euler": [
   -0.008283708244562149,
   -0.0042222305200994015,
   -0.08729958534240723
  ],
  "euler_order": "XYZ",
  "rotation_matrix": [
   [
    0.996182918548584,
    0.08722058683633804,
    -0.00348375691100955
   ],
   [
    -0.08718796074390411,
    0.9961546063423157,
    0.0086201848462224
   ],
   [
    0.004222217947244644,
    -0.008283539675176144,
    0.9999567866325378
   ]
  ]
 },
 {
  "rotation_euler": [
   -0.008283675648272038,
   -0.004222458228468895,
   0.16614459455013275
  ],
  "euler_order": "XYZ",
  "rotation_matrix": [
   [
    0.9862208962440491,
    -0.1653411090373993,
    -0.00553410779684782
   ],
   [
    0.16537979245185852,
    0.9862016439437866,
    0.007471224293112755
   ],
   [
    0.004222445655614138,
    -0.008283507078886032,
    0.9999567866325378
   ]
  ]
 },
 {
  "rotation_euler": [
   -0.008283711969852448,
   -0.004222233314067125,
   -0.8031842708587646
  ],
  "euler_order": "XYZ",
  "rotation_matrix": [
   [
    0.6944127082824707,
    0.7195705771446228,
    0.0030287608969956636
   ],
   [
    -0.7195645570755005,
    0.694369912147522,
    0.00879038404673338
   ],
   [
    0.004222220741212368,
    -0.008283543400466442,
    0.9999567866325378
   ]
  ]
 },
 {
  "rotation_euler": [
   -0.008283706381917,
   -0.00422222726047039,
   2.4668986797332764
  ],
  "euler_order": "XYZ",
  "rotation_matrix": [
   [
    -0.7808911800384521,
    -0.6246642470359802,
    -0.0018774208147078753
   ],
   [
    0.6246528029441833,
    -0.7808495163917542,
    -0.00910600833594799
   ],
   [
    0.004222214687615633,
    -0.008283537812530994,
    0.9999567866325378
   ]
  ]
 },
 {
  "rotation_euler": [
   -0.00828370451927185,
   -0.004222235642373562,
   2.396735191345215
  ],
  "euler_order": "XYZ",
  "rotation_matrix": [
   [
    -0.7351779937744141,
    -0.6778694987297058,
    -0.002511179307475686
   ],
   [
    0.6778609752655029,
    -0.7351356148719788,
    -0.008951989002525806
   ],
   [
    0.0042222230695188046,
    -0.008283535949885845,
    0.9999567866325378
   ]
  ]
 },
 {
  "rotation_euler": [
   -0.008283689618110657,
   -0.004222184419631958,
   -0.9659350514411926
  ],
  "euler_order": "XYZ",
  "rotation_matrix": [
   [
    0.5686429142951965,
    0.822572648525238,
    0.0044130804017186165
   ],
   [
    -0.8225736618041992,
    0.5685997009277344,
    0.00818340852856636
   ],
   [
    0.004222171846777201,
    -0.008283521048724651,
    0.9999567866325378
   ]
  ]
 },
 {
  "rotation_euler": [
   -0.008283758535981178,
   -0.0042222002521157265,
   2.659578561782837
  ],
  "euler_order": "XYZ",
  "rotation_matrix": [
   [
    -0.8860551714897156,
    -0.46357980370521545,
    -9.901815064949915e-05
   ],
   [
    0.4635605812072754,
    -0.8860164284706116,
    -0.009297038428485394
   ],
   [
    0.004222187679260969,
    -0.008283589966595173,
    0.9999567866325378
   ]
  ]
 },
 {
  "rotation_euler": [
   -0.008283722214400768,
   -0.0042221941985189915,
   2.7392897605895996
  ],
  "euler_order": "XYZ",
  "rotation_matrix": [
   [
    -0.9201535582542419,
    -0.39155715703964233,
    0.0006415984826162457
   ],
   [
    0.3915349245071411,
    -0.9201164841651917,
    -0.009275366552174091
   ],
   [
    0.004222181625664234,
    -0.008283553645014763,
    0.9999567866325378
   ]
  ]
 },
 {
  "rotation_euler": [
   -0.008283733390271664,
   -0.004222225863486528,
   1.1599435806274414
  ],
  "euler_order": "XYZ",
  "rotation_matrix": [
   [
    0.3993876874446869,
    -0.9167351722717285,
    -0.009280536323785782
   ],
   [
    0.9167724251747131,
    0.39940962195396423,
    -0.000562297529540956
   ],
   [
    0.004222213290631771,
    -0.008283564820885658,
    0.9999567866325378
   ]
  ]
 },
 {
  "rotation_euler": [
   -0.008283738046884537,
   -0.004222081042826176,
   -1.607980728149414
  ],
  "euler_order": "XYZ",
  "rotation_matrix": [
   [
    -0.037175502628088,
    0.9992731809616089,
    0.008434870280325413
   ],
   [
    -0.9992998242378235,
    -0.03720950707793236,
    0.003911053761839867
   ],
   [
    0.004222068469971418,
    -0.008283569477498531,
    0.9999567866325378
   ]
  ]
 },
 {
  "rotation_euler": [
   -0.008283752016723156,
   -0.00422197300940752,
   2.515183448791504
  ],
  "euler_order": "XYZ",
  "rotation_matrix": [
   [
    -0.8101305961608887,
    -0.5862477421760559,
    -0.001435954705812037
   ],
   [
    0.5862342715263367,
    -0.8100894689559937,
    -0.009185899049043655
   ],
   [
    0.004221960436552763,
    -0.00828358344733715,
    0.9999567866325378
   ]
  ]
 },
 {
  "rotation_euler": [
   -0.008283750154078007,
   -0.004221769515424967,
   2.792026996612549
  ],
  "euler_order": "XYZ",
  "rotation_matrix": [
   [
    -0.9395132064819336,
    -0.3425108790397644,
    0.001129228388890624
   ],
   [
    0.342486709356308,
    -0.9394773244857788,
    -0.009228532202541828
   ],
   [
    0.0042217569425702095,
    -0.008283581584692001,
    0.9999567866325378
   ]
  ]
 },
 {
  "rotation_euler": [
   -0.008283774368464947,
   -0.0042220051400363445,
   -0.1210649162530899
  ],
  "euler_order": "XYZ",
  "rotation_matrix": [
   [
    0.9926717281341553,
    0.1207999736070633,
    -0.0031905313953757286
   ],
   [
    -0.12076832354068756,
    0.9926422834396362,
    0.008732917718589306
   ],
   [
    0.004221992567181587,
    -0.008283605799078941,
    0.9999567866325378
   ]
  ]
 },
 {
  "rotation_euler": [
   -0.008283649571239948,
   -0.0042221397161483765,
   -2.620790481567383
  ],
  "euler_order": "XYZ",
  "rotation_matrix": [
   [
    -0.8674125671386719,
    0.49752870202064514,
    0.0077839321456849575
   ],
   [
    -0.4975716769695282,
    -0.8674079775810242,
    -0.005084566306322813
   ],
   [
    0.004222127143293619,
    -0.008283481001853943,
    0.9999567866325378
   ]
  ]
 },
 {
  "rotation_euler": [
   -0.008283723145723343,
   -0.004222187213599682,
   0.11736765503883362
  ],
  "euler_order": "XYZ",
  "rotation_matrix": [
   [
    0.9931114912033081,
    -0.117059625685215,
    -0.005162983201444149
   ],
   [
    0.11709734052419662,
    0.9930903315544128,
    0.00773224700242281
   ],
   [
    0.0042221746407449245,
    -0.008283554576337337,
    0.9999567866325378
   ]
  ]
 },
 {
  "rotation_euler": [
   -0.008283713832497597,
   -0.00422223936766386,
   -2.155341625213623
  ],
  "euler_order": "XYZ",
  "rotation_matrix": [
   [
    -0.5518153309822083,
    0.8339151740074158,
    0.009238062426447868
   ],
   [
    -0.8339556455612183,
    -0.5518304705619812,
    -0.0010500081116333604
   ],
   [
    0.004222226794809103,
    -0.008283545263111591,
    0.9999567866325378
   ]
  ]
 }
]