[
 {
  "rotation_euler": [
   0.0042284890078008175,
   -6.232448299670068e-07,
   -0.9030621647834778
  ],
  "euler_order": "XYZ",
  "rotation_matrix": [
   [
    0.6192083954811096,
    0.785219669342041,
    -0.0033206986263394356
   ],
   [
    -0.7852267026901245,
    0.6192028522491455,
    -0.002617818536236882
   ],
   [
    6.232448299670068e-07,
    0.00422847643494606,
    0.9999910593032837
   ]
  ]
 },
 {
  "rotation_euler": [
   0.0042255050502717495,
   3.047293830604758e-06,
   -0.5798988938331604
  ],
  "euler_order": "XYZ",
  "rotation_matrix": [
   [
    0.8365180492401123,
    0.5479344725608826,
    -0.002312764525413513
   ],
   [
    -0.5479393601417542,
    0.8365105986595154,
    -0.003536370350047946
   ],
   [
    -3.047293830604758e-06,
    0.004225492477416992,
    0.9999910593032837
   ]
  ]
 },
 {
  "rotation_euler": [
   0.004226915538311005,
   4.429149953466549e-07,
   0.736841082572937
  ],
  "euler_order": "XYZ",
  "rotation_matrix": [
   [
    0.7405948638916016,
    -0.6719458103179932,
    0.0028406030032783747
   ],
   [
    0.6719517707824707,
    0.7405882477760315,
    -0.0031301251146942377
   ],
   [
    -4.429149953466549e-07,
    0.004226902965456247,
    0.9999910593032837
   ]
  ]
 },
 {
  "rotation_euler": [
   0.004221387207508087,
   -6.0141114772704896e-06,
   -0.5883356332778931
  ],
  "euler_order": "XYZ",
  "rotation_matrix": [
   [
    0.8318654894828796,
    0.5549722909927368,
    -0.0023477699141949415
   ],
   [
    -0.5549772381782532,
    0.8318580985069275,
    -0.003508278401568532
   ],
   [
    6.0141114772704896e-06,
    0.00422137463465333,
    0.9999911189079285
   ]
  ]
 },
 {
  "rotation_euler": [
   0.004223828669637442,
   1.2769660884259793e-07,
   -1.2543119192123413
  ],
  "euler_order": "XYZ",
  "rotation_matrix": [
   [
    0.3112275004386902,
    0.9503269791603088,
    -0.004014002159237862
   ],
   [
    -0.9503354430198669,
    0.31122472882270813,
    -0.0013146890560165048
   ],
   [
    -1.2769660884259793e-07,
    0.004223816096782684,
    0.9999910593032837
   ]
  ]
 },
 {
  "rotation_euler": [
   0.004222860559821129,
   -1.7563355925176438e-07,
   0.22411981225013733
  ],
  "euler_order": "XYZ",
  "rotation_matrix": [
   [
    0.9749901294708252,
    -0.22224628925323486,
    0.0009383494616486132
   ],
   [
    0.22224827110767365,
    0.974981427192688,
    -0.0041172741912305355
   ],
   [
    1.7563355925176438e-07,
    0.0042228479869663715,
    0.9999910593032837
   ]
  ]
 },
 {
  "rotation_euler": [
   -0.30202415585517883,
   -1.538716197013855,
   -0.2700803279876709
  ],
  "euler_order": "XYZ",
  "rotation_matrix": [
   [
    0.03091190569102764,
    0.5412551164627075,
    -0.8402900099754333
   ],
   [
    -0.008557794615626335,
    0.8408042788505554,
    0.5412715673446655
   ],
   [
    0.9994854927062988,
    -0.009540705010294914,
    0.03062281385064125
   ]
  ]
 },
 {
  "rotation_euler": [
   0.004223888739943504,
   -5.717823569284519e-06,
   0.8837687373161316
  ],
  "euler_order": "XYZ",
  "rotation_matrix": [
   [
    0.6342419385910034,
    -0.7731277942657471,
    0.0032619985286146402
   ],
   [
    0.7731346487998962,
    0.634236216545105,
    -0.0026833799201995134
   ],
   [
    5.717823569284519e-06,
    0.004223876167088747,
    0.9999910593032837
   ]
  ]
 },
 {
  "rotation_euler": [
   0.004224190954118967,
   1.7878181779451552e-07,
   1.683302402496338
  ],
  "euler_order": "XYZ",
  "rotation_matrix": [
   [
    -0.11226888000965118,
    -0.9936689734458923,
    0.004197452683001757
   ],
   [
    0.9936778545379639,
    -0.1122678816318512,
    0.00047442145296372473
   ],
   [
    -1.7878181779451552e-07,
    0.00422417838126421,
    0.9999910593032837
   ]
  ]
 },
 {
  "rotation_euler": [
   0.004220389295369387,
   -7.834302778064739e-06,
   -2.444544792175293
  ],
  "euler_order": "XYZ",
  "rotation_matrix": [
   [
    -0.7667406797409058,
    0.6419512629508972,
    -0.0027032934594899416
   ],
   [
    -0.6419569849967957,
    -0.7667338252067566,
    0.003240963676944375
   ],
   [
    7.834302778064739e-06,
    0.004220376722514629,
    0.9999911189079285
   ]
  ]
 },
 {
  "rotation_euler": [
   0.004222993738949299,
   -8.71080828801496e-07,
   2.8042759895324707
  ],
  "euler_order": "XYZ",
  "rotation_matrix": [
   [
    -0.9436461329460144,
    -0.3309532105922699,
    0.0013984437100589275
   ],
   [
    0.3309561610221863,
    -0.9436377286911011,
    0.0039847115986049175
   ],
   [
    8.71080828801496e-07,
    0.0042229811660945415,
    0.9999910593032837
   ]
  ]
 },
 {
  "rotation_euler": [
   0.004227690398693085,
   2.175883082600194e-06,
   -2.9865128993988037
  ],
  "euler_order": "XYZ",
  "rotation_matrix": [
   [
    -0.9879992008209229,
    0.15445750951766968,
    -0.0006551521946676075
   ],
   [
    -0.1544588953256607,
    -0.9879903793334961,
    0.004176606424152851
   ],
   [
    -2.175883082600194e-06,
    0.004227677825838327,
    0.9999910593032837
   ]
  ]
 },
 {
  "rotation_euler": [
   0.0042276098392903805,
   3.466883811142907e-07,
   2.43503475189209
  ],
  "euler_order": "XYZ",
  "rotation_matrix": [
   [
    -0.7606010437011719,
    -0.6492137312889099,
    0.002744375029578805
   ],
   [
    0.6492195725440979,
    -0.7605942487716675,
    0.003215739969164133
   ],
   [
    -3.466883811142907e-07,
    0.004227597266435623,
    0.9999910593032837
   ]
  ]
 },
 {
  "rotation_euler": [
   0.004221916664391756,
   -7.432219263137085e-06,
   1.2826740741729736
  ],
  "euler_order": "XYZ",
  "rotation_matrix": [
   [
    0.28415238857269287,
    -0.9587705731391907,
    0.004045761656016111
   ],
   [
    0.9587791562080383,
    0.28414982557296753,
    -0.0012067898642271757
   ],
   [
    7.432219263137085e-06,
    0.004221904091536999,
    0.9999910593032837
   ]
  ]
 },
 {
  "rotation_euler": [
   0.004222072660923004,
   -4.708655069407541e-06,
   -3.1349477767944336
  ],
  "euler_order": "XYZ",
  "rotation_matrix": [
   [
    -0.9999779462814331,
    0.006644788663834333,
    -2.3346354282693937e-05
   ],
   [
    -0.006644827779382467,
    -0.9999690055847168,
    0.004221998155117035
   ],
   [
    4.708655069407541e-06,
    0.004222060088068247,
    0.9999910593032837
   ]
  ]
 },
 {
  "rotation_euler": [
   0.004229567479342222,
   -2.889487177526462e-06,
   0.898975133895874
  ],
  "euler_order": "XYZ",
  "rotation_matrix": [
   [
    0.6224124431610107,
    -0.7826824188232422,
    0.00330862938426435
   ],
   [
    0.7826894521713257,
    0.6224068403244019,
    -0.0026347890961915255
   ],
   [
    2.889487177526462e-06,
    0.004229554906487465,
    0.9999910593032837
   ]
  ]
 }
]