[
 {
  "rotation_euler": [
   0.03567131608724594,
   -0.011519171297550201,
   0.23947030305862427
  ],
  "euler_order": "XYZ",
  "rotation_matrix": [
   [
    0.9713993072509766,
    -0.23743627965450287,
    -0.002724074525758624
   ],
   [
    0.23717233538627625,
    0.9707483053207397,
    -0.03737645223736763
   ],
   [
    0.011518916115164757,
    0.03566138446331024,
    0.999297559261322
   ]
  ]
 },
 {
  "rotation_euler": [
   0.03568350151181221,
   -0.011517218314111233,
   -2.3412890434265137
  ],
  "euler_order": "XYZ",
  "rotation_matrix": [
   [
    -0.6964426636695862,
    0.7173969745635986,
    -0.017583560198545456
   ],
   [
    -0.717519998550415,
    -0.6957506537437439,
    0.03310682624578476
   ],
   [
    0.011516964063048363,
    0.035673562437295914,
    0.9992971420288086
   ]
  ]
 },
 {
  "rotation_euler": [
   0.03567299619317055,
   -0.011518782004714012,
   0.34135663509368896
  ],
  "euler_order": "XYZ",
  "rotation_matrix": [
   [
    0.9422388672828674,
    -0.3349398970603943,
    0.0010925462702289224
   ],
   [
    0.33474355936050415,
    0.9415643215179443,
    -0.037461139261722565
   ],
   [
    0.011518526822328568,
    0.03566306456923485,
    0.9992974996566772
   ]
  ]
 },
 {
  "rotation_euler": [
   0.03568058833479881,
   -0.011521130800247192,
   -2.834289073944092
  ],
  "euler_order": "XYZ",
  "rotation_matrix": [
   [
    -0.9530894160270691,
    0.3026888370513916,
    0.00018344602722208947
   ],
   [
    -0.30246955156326294,
    -0.9524216651916504,
    0.037484560161828995
   ],
   [
    0.011520875617861748,
    0.035670649260282516,
    0.9992972016334534
   ]
  ]
 },
 {
  "rotation_euler": [
   0.035677917301654816,
   -0.01152434665709734,
   3.0131192207336426
  ],
  "euler_order": "XYZ",
  "rotation_matrix": [
   [
    -0.9916927814483643,
    -0.12763109803199768,
    0.01599193923175335
   ],
   [
    0.12811179459095,
    -0.9911801815032959,
    0.03390084579586983
   ],
   [
    0.011524091474711895,
    0.03566797822713852,
    0.9992972612380981
   ]
  ]
 },
 {
  "rotation_euler": [
   0.035672612488269806,
   -0.011517873965203762,
   1.9793455600738525
  ],
  "euler_order": "XYZ",
  "rotation_matrix": [
   [
    -0.39725202322006226,
    -0.9169511198997498,
    0.03730253875255585
   ],
   [
    0.917637288570404,
    -0.3974026143550873,
    0.0036059787962585688
   ],
   [
    0.011517619714140892,
    0.035662680864334106,
    0.9992974996566772
   ]
  ]
 },
 {
  "rotation_euler": [
   0.03567350655794144,
   -0.011517634615302086,
   1.2073688507080078
  ],
  "euler_order": "XYZ",
  "rotation_matrix": [
   [
    0.3554563522338867,
    -0.9342352747917175,
    0.029244787991046906
   ],
   [
    0.9346219301223755,
    0.3548698127269745,
    -0.023436786606907845
   ],
   [
    0.011517380364239216,
    0.03566357493400574,
    0.9992974996566772
   ]
  ]
 },
 {
  "rotation_euler": [
   0.0356735922396183,
   -0.01151752658188343,
   2.2884175777435303
  ],
  "euler_order": "XYZ",
  "rotation_matrix": [
   [
    -0.6575508117675781,
    -0.752622663974762,
    0.034438665956258774
   ],
   [
    0.7533221244812012,
    -0.6574855446815491,
    0.01478250976651907
   ],
   [
    0.01151727233082056,
    0.0356636606156826,
    0.9992974996566772
   ]
  ]
 },
 {
  "rotation_euler": [
   0.03567305952310562,
   -0.01151769794523716,
   -1.602853775024414
  ],
  "euler_order": "XYZ",
  "rotation_matrix": [
   [
    -0.03204983100295067,
    0.9988634586334229,
    -0.03527824580669403
   ],
   [
    -0.9994199275970459,
    -0.03162100166082382,
    0.012647350318729877
   ],
   [
    0.01151744369417429,
    0.03566312789916992,
    0.9992974996566772
   ]
  ]
 },
 {
  "rotation_euler": [
   0.03567103296518326,
   -0.011518106795847416,
   1.5066636800765991
  ],
  "euler_order": "XYZ",
  "rotation_matrix": [
   [
    0.06408444046974182,
    -0.99733567237854,
    0.03485245630145073
   ],
   [
    0.9978780150413513,
    0.06363800168037415,
    -0.013772486709058285
   ],
   [
    0.011517852544784546,
    0.03566110134124756,
    0.999297559261322
   ]
  ]
 },
 {
  "rotation_euler": [
   0.0356723926961422,
   -0.011518235318362713,
   -2.151264190673828
  ],
  "euler_order": "XYZ",
  "rotation_matrix": [
   [
    -0.5483788251876831,
    0.8358994722366333,
    -0.023510530591011047
   ],
   [
    -0.8361507058143616,
    -0.5477228164672852,
    0.029184414073824883
   ],
   [
    0.011517981067299843,
    0.0356624610722065,
    0.9992974996566772
   ]
  ]
 },
 {
  "rotation_euler": [
   0.03567061200737953,
   -0.011518788523972034,
   0.858997642993927
  ],
  "euler_order": "XYZ",
  "rotation_matrix": [
   [
    0.6531534194946289,
    -0.7569748759269714,
    0.01948455721139908
   ],
   [
    0.7571379542350769,
    0.6524702310562134,
    -0.032011136412620544
   ],
   [
    0.01151853334158659,
    0.03566068038344383,
    0.999297559261322
   ]
  ]
 },
 {
  "rotation_euler": [
   0.03567370027303696,
   -0.011525271460413933,
   -1.9956529140472412
  ],
  "euler_order": "XYZ",
  "rotation_matrix": [
   [
    -0.41216275095939636,
    0.9106876254081726,
    -0.0277478639036417
   ],
   [
    -0.9110373258590698,
    -0.41155335307121277,
    0.025194965302944183
   ],
   [
    0.011525016278028488,
    0.03566376492381096,
    0.9992973804473877
   ]
  ]
 },
 {
  "rotation_euler": [
   0.0356738418340683,
   -0.011517515406012535,
   2.1790149211883545
  ],
  "euler_order": "XYZ",
  "rotation_matrix": [
   [
    -0.5713685154914856,
    -0.8199103474617004,
    0.03584699332714081
   ],
   [
    0.8206127882003784,
    -0.5713799595832825,
    0.010934114456176758
   ],
   [
    0.011517261154949665,
    0.0356639102101326,
    0.9992974996566772
   ]
  ]
 },
 {
  "rotation_euler": [
   0.035670604556798935,
   -0.01151867676526308,
   1.926484227180481
  ],
  "euler_order": "XYZ",
  "rotation_matrix": [
   [
    -0.34821218252182007,
    -0.936667799949646,
    0.03743935748934746
   ],
   [
    0.9373449683189392,
    -0.3483988344669342,
    0.0016285465098917484
   ],
   [
    0.01151842251420021,
    0.035660672932863235,
    0.999297559261322
   ]
  ]
 },
 {
  "rotation_euler": [
   0.035680487751960754,
   -0.011521242558956146,
   2.0107202529907227
  ],
  "euler_order": "XYZ",
  "rotation_matrix": [
   [
    -0.42584237456321716,
    -0.9040331840515137,
    0.0371796153485775
   ],
   [
    0.9047240018844604,
    -0.4259714186191559,
    0.004774676635861397
   ],
   [
    0.011520987376570702,
    0.03567054867744446,
    0.9992972016334534
   ]
  ]
 }
]