[
 {
  "rotation_euler": [
   -0.2901543378829956,
   0.22359661757946014,
   3.061167001724243
  ],
  "euler_order": "XYZ",
  "rotation_matrix": [
   [
    -0.971954345703125,
    -0.013746541924774647,
    -0.2347676306962967
   ],
   [
    0.07833904027938843,
    -0.9601991176605225,
    -0.26810574531555176
   ],
   [
    -0.22173812985420227,
    -0.27897801995277405,
    0.9343465566635132
   ]
  ]
 },
 {
  "rotation_euler": [
   0.022957513108849525,
   0.12164396792650223,
   0.3894343972206116
  ],
  "euler_order": "XYZ",
  "rotation_matrix": [
   [
    0.9182877540588379,
    -0.3769882321357727,
    0.12094423919916153
   ],
   [
    0.3768596947193146,
    0.9259377121925354,
    0.02482135035097599
   ],
   [
    -0.121344193816185,
    0.022785866633057594,
    0.9923489093780518
   ]
  ]
 },
 {
  "rotation_euler": [
   0.04223558306694031,
   -0.4200231432914734,
   3.0346415042877197
  ],
  "euler_order": "XYZ",
  "rotation_matrix": [
   [
    -0.9078623056411743,
    -0.08953278511762619,
    0.4095972180366516
   ],
   [
    0.09746883809566498,
    -0.995237410068512,
    -0.0015090208034962416
   ],
   [
    0.40778157114982605,
    0.03855298087000847,
    0.9122652411460876
   ]
  ]
 },
 {
  "rotation_euler": [
   -0.045757029205560684,
   0.41168341040611267,
   0.8565090298652649
  ],
  "euler_order": "XYZ",
  "rotation_matrix": [
   [
    0.6003462672233582,
    -0.7667596936225891,
    0.22729714214801788
   ],
   [
    0.6924321055412292,
    0.6405640840530396,
    0.33198702335357666
   ],
   [
    -0.40015265345573425,
    -0.04191932827234268,
    0.9154892563819885
   ]
  ]
 },
 {
  "rotation_euler": [
   -0.22654646635055542,
   -0.628174901008606,
   -0.35493725538253784
  ],
  "euler_order": "XYZ",
  "rotation_matrix": [
   [
    0.7586687207221985,
    0.46242213249206543,
    -0.4588981568813324
   ],
   [
    -0.2811882495880127,
    0.867835283279419,
    0.4096279740333557
   ],
   [
    0.5876690745353699,
    -0.18173515796661377,
    0.7884271740913391
   ]
  ]
 },
 {
  "rotation_euler": [
   0.30704617500305176,
   -0.2455640435218811,
   1.3437035083770752
  ],
  "euler_order": "XYZ",
  "rotation_matrix": [
   [
    0.21839164197444916,
    -0.9452993273735046,
    0.2423102855682373
   ],
   [
    0.9450956583023071,
    0.14302584528923035,
    -0.2938329875469208
   ],
   [
    0.243103489279747,
    0.29317706823349,
    0.9246339201927185
   ]
  ]
 },
 {
  "rotation_euler": [
   -0.24400834739208221,
   0.28340694308280945,
   2.967662811279297
  ],
  "euler_order": "XYZ",
  "rotation_matrix": [
   [
    -0.9456225037574768,
    -0.10139061510562897,
    -0.30905988812446594
   ],
   [
    0.16615080833435059,
    -0.9674275517463684,
    -0.19099166989326477
   ],
   [
    -0.27962830662727356,
    -0.2319565713405609,
    0.9316673874855042
   ]
  ]
 },
 {
  "rotation_euler": [
   -0.24241088330745697,
   0.2580549418926239,
   -2.10737943649292
  ],
  "euler_order": "XYZ",
  "rotation_matrix": [
   [
    -0.49427545070648193,
    0.8656474351882935,
    0.07966340333223343
   ],
   [
    -0.8310021162033081,
    -0.443605899810791,
    -0.33563265204429626
   ],
   [
    -0.2552003860473633,
    -0.23209543526172638,
    0.9386183619499207
   ]
  ]
 },
 {
  "rotation_euler": [
   -0.05116594582796097,
   -0.027553576976060867,
   -0.9778613448143005
  ],
  "euler_order": "XYZ",
  "rotation_matrix": [
   [
    0.5585852861404419,
    0.8290062546730042,
    0.027038849890232086
   ],
   [
    -0.8289893865585327,
    0.5568976402282715,
    0.05139642953872681
   ],
   [
    0.027550090104341507,
    -0.0511242114007473,
    0.99831223487854
   ]
  ]
 },
 {
  "rotation_euler": [
   0.04217175021767616,
   -0.34111660718917847,
   -0.9554072618484497
  ],
  "euler_order": "XYZ",
  "rotation_matrix": [
   [
    0.544014573097229,
    0.8076810240745544,
    -0.22737513482570648
   ],
   [
    -0.769500732421875,
    0.5882795453071594,
    0.24858751893043518
   ],
   [
    0.3345395624637604,
    0.03973010554909706,
    0.9415438175201416
   ]
  ]
 },
 {
  "rotation_euler": [
   0.35028138756752014,
   0.17989225685596466,
   0.6123208403587341
  ],
  "euler_order": "XYZ",
  "rotation_matrix": [
   [
    0.8051111102104187,
    -0.4896216094493866,
    0.3347637951374054
   ],
   [
    0.5654931664466858,
    0.8039156198501587,
    -0.18422038853168488
   ],
   [
    -0.1789235770702362,
    0.33762452006340027,
    0.9241190552711487
   ]
  ]
 },
 {
  "rotation_euler": [
   0.5305140614509583,
   0.5627400875091553,
   1.0678339004516602
  ],
  "euler_order": "XYZ",
  "rotation_matrix": [
   [
    0.4076935052871704,
    -0.625609815120697,
    0.6651303172111511
   ],
   [
    0.7410516738891602,
    0.652279257774353,
    0.15929262340068817
   ],
   [
    -0.5335057377815247,
    0.4279533922672272,
    0.7295392751693726
   ]
  ]
 },
 {
  "rotation_euler": [
   -0.3481712341308594,
   -0.09763757884502411,
   1.1074726581573486
  ],
  "euler_order": "XYZ",
  "rotation_matrix": [
   [
    0.44479525089263916,
    -0.8260318636894226,
    -0.3461626470088959
   ],
   [
    0.8903113603591919,
    0.44986018538475037,
    0.07050850987434387
   ],
   [
    0.09748252481222153,
    -0.33955439925193787,
    0.9355212450027466
   ]
  ]
 },
 {
  "rotation_euler": [
   -0.04943326115608215,
   -0.011357537470757961,
   1.891947627067566
  ],
  "euler_order": "XYZ",
  "rotation_matrix": [
   [
    -0.31563884019851685,
    -0.9478906393051147,
    -0.04330611228942871
   ],
   [
    0.948811411857605,
    -0.3147411048412323,
    -0.026361169293522835
   ],
   [
    0.011357293464243412,
    -0.04940994456410408,
    0.998714029788971
   ]
  ]
 },
 {
  "rotation_euler": [
   -0.20628507435321808,
   -0.6031883955001831,
   -1.2927119731903076
  ],
  "euler_order": "XYZ",
  "rotation_matrix": [
   [
    0.22607091069221497,
    0.9730923175811768,
    0.04453405737876892
   ],
   [
    -0.7918936014175415,
    0.15696632862091064,
    0.5901407599449158
   ],
   [
    0.5672711133956909,
    -0.16867989301681519,
    0.8060711026191711
   ]
  ]
 },
 {
  "rotation_euler": [
   0.18224337697029114,
   -0.5489926934242249,
   -1.4882915019989014
  ],
  "euler_order": "XYZ",
  "rotation_matrix": [
   [
    0.07030096650123596,
    0.9723003506660461,
    -0.22291210293769836
   ],
   [
    -0.8501488566398621,
    0.17529897391796112,
    0.4965049624443054
   ],
   [
    0.5218282341957092,
    0.15460368990898132,
    0.8389237523078918
   ]
  ]
 }
]