[
 {
  "rotation_euler": [
   0.3288273811340332,
   2.9636199474334717,
   -0.5272392630577087
  ],
  "euler_order": "XYZ",
  "rotation_matrix": [
   [
    -0.850549042224884,
    0.5255981683731079,
    -0.01768765226006508
   ],
   [
    0.4952020049095154,
    0.7891318202018738,
    -0.3633813261985779
   ],
   [
    -0.1770346611738205,
    -0.3178325891494751,
    -0.9314725995063782
   ]
  ]
 },
 {
  "rotation_euler": [
   -2.8002207279205322,
   0.620101273059845,
   0.8507614135742188
  ],
  "euler_order": "XYZ",
  "rotation_matrix": [
   [
    0.536641538143158,
    0.5801158547401428,
    -0.6127654314041138
   ],
   [
    0.6118155121803284,
    -0.7676172256469727,
    -0.19090718030929565
   ],
   [
    -0.581117570400238,
    -0.27245065569877625,
    -0.7668591737747192
   ]
  ]
 },
 {
  "rotation_euler": [
   0.32879847288131714,
   3.1338725090026855,
   1.1096105575561523
  ],
  "euler_order": "XYZ",
  "rotation_matrix": [
   [
    -0.44499704241752625,
    -0.8464437127113342,
    0.2924221158027649
   ],
   [
    -0.8954987525939941,
    0.4234039783477783,
    -0.13715337216854095
   ],
   [
    -0.007720068097114563,
    -0.32289648056030273,
    -0.9464027881622314
   ]
  ]
 },
 {
  "rotation_euler": [
   0.3989345133304596,
   -2.2471983432769775,
   0.20979386568069458
  ],
  "euler_order": "XYZ",
  "rotation_matrix": [
   [
    -0.6122657060623169,
    -0.4881778061389923,
    -0.6219430565834045
   ],
   [
    -0.13036787509918213,
    0.838186502456665,
    -0.5295730233192444
   ],
   [
    0.7798300385475159,
    -0.2431580126285553,
    -0.576835572719574
   ]
  ]
 },
 {
  "rotation_euler": [
   -2.8127641677856445,
   0.2275480031967163,
   -0.3131580352783203
  ],
  "euler_order": "XYZ",
  "rotation_matrix": [
   [
    0.9268415570259094,
    -0.3608664572238922,
    -0.10363432765007019
   ],
   [
    -0.3001234531402588,
    -0.8779498338699341,
    0.3730013370513916
   ],
   [
    -0.22558940947055817,
    -0.3146100640296936,
    -0.9220249056816101
   ]
  ]
 },
 {
  "rotation_euler": [
   0.3309062719345093,
   2.597776412963867,
   1.725112795829773
  ],
  "euler_order": "XYZ",
  "rotation_matrix": [
   [
    0.13153134286403656,
    -0.96034836769104,
    0.24582625925540924
   ],
   [
    -0.8455714583396912,
    0.020741567015647888,
    0.5334591865539551
   ],
   [
    -0.5174054503440857,
    -0.27803027629852295,
    -0.8093149662017822
   ]
  ]
 },
 {
  "rotation_euler": [
   -2.7992191314697266,
   0.6293599605560303,
   -0.4267369508743286
  ],
  "euler_order": "XYZ",
  "rotation_matrix": [
   [
    0.7359076738357544,
    -0.5697741508483887,
    -0.3657831847667694
   ],
   [
    -0.33460068702697754,
    -0.7756927013397217,
    0.5351104736328125
   ],
   [
    -0.5886274576187134,
    -0.2714006006717682,
    -0.7614849805831909
   ]
  ]
 },
 {
  "rotation_euler": [
   -2.8128011226654053,
   0.12889932096004486,
   -0.014607186429202557
  ],
  "euler_order": "XYZ",
  "rotation_matrix": [
   [
    0.9915981888771057,
    -0.055326174944639206,
    -0.11692759394645691
   ],
   [
    -0.014485489577054977,
    -0.9457260370254517,
    0.3246420919895172
   ],
   [
    -0.1285426765680313,
    -0.3202207386493683,
    -0.938581645488739
   ]
  ]
 },
 {
  "rotation_euler": [
   -2.792935371398926,
   0.6762869358062744,
   -1.1956366300582886
  ],
  "euler_order": "XYZ",
  "rotation_matrix": [
   [
    0.2857725918292999,
    -0.9528181552886963,
    0.10233062505722046
   ],
   [
    -0.7256592512130737,
    -0.14541590213775635,
    0.672512412071228
   ],
   [
    -0.6259015202522278,
    -0.26644277572631836,
    -0.7329771518707275
   ]
  ]
 },
 {
  "rotation_euler": [
   -2.747330665588379,
   -0.8766063451766968,
   0.9550517201423645
  ],
  "euler_order": "XYZ",
  "rotation_matrix": [
   [
    0.36950576305389404,
    0.9242284893989563,
    0.09626603126525879
   ],
   [
    0.5222665071487427,
    -0.29224729537963867,
    0.8011424541473389
   ],
   [
    0.7685721516609192,
    -0.24575021862983704,
    -0.5906806588172913
   ]
  ]
 },
 {
  "rotation_euler": [
   -0.015509013086557388,
   1.5886702385614626e-05,
   1.3944318294525146
  ],
  "euler_order": "XYZ",
  "rotation_matrix": [
   [
    0.1754516363143921,
    -0.984369695186615,
    -0.015265039168298244
   ],
   [
    0.9844880700111389,
    0.1754302829504013,
    0.002736611058935523
   ],
   [
    -1.5886702385614626e-05,
    -0.015508390963077545,
    0.9998797178268433
   ]
  ]
 },
 {
  "rotation_euler": [
   0.34807395935058594,
   -2.4654812812805176,
   1.6740260124206543
  ],
  "euler_order": "XYZ",
  "rotation_matrix": [
   [
    0.08037745952606201,
    -0.9130328893661499,
    0.3998880088329315
   ],
   [
    -0.7758595943450928,
    -0.3091713786125183,
    -0.5499590039253235
   ],
   [
    0.6257646083831787,
    -0.2660526633262634,
    -0.733235776424408
   ]
  ]
 },
 {
  "rotation_euler": [
   -2.793429374694824,
   0.6768157482147217,
   -0.9083642363548279
  ],
  "euler_order": "XYZ",
  "rotation_matrix": [
   [
    0.4794645309448242,
    -0.8726109266281128,
    -0.09308022260665894
   ],
   [
    -0.6146907806396484,
    -0.4096478223800659,
    0.6740503907203674
   ],
   [
    -0.6263138651847839,
    -0.2659676969051361,
    -0.7327975034713745
   ]
  ]
 },
 {
  "rotation_euler": [
   -2.8127212524414062,
   -0.014347357675433159,
   0.3761734962463379
  ],
  "euler_order": "XYZ",
  "rotation_matrix": [
   [
    0.9299814105033875,
    0.3519859313964844,
    -0.10602093487977982
   ],
   [
    0.36732640862464905,
    -0.8785297274589539,
    0.30537983775138855
   ],
   [
    0.014346865005791187,
    -0.3229418694972992,
    -0.9463100433349609
   ]
  ]
 },
 {
  "rotation_euler": [
   -2.8127663135528564,
   0.36635076999664307,
   -0.04234233498573303
  ],
  "euler_order": "XYZ",
  "rotation_matrix": [
   [
    0.9328039288520813,
    -0.15563595294952393,
    -0.32504504919052124
   ],
   [
    -0.03952071815729141,
    -0.9406771063804626,
    0.33699357509613037
   ],
   [
    -0.3582107424736023,
    -0.30150291323661804,
    -0.883618175983429
   ]
  ]
 },
 {
  "rotation_euler": [
   0.3403184413909912,
   2.533907651901245,
   0.5105950236320496
  ],
  "euler_order": "XYZ",
  "rotation_matrix": [
   [
    -0.7162601947784424,
    -0.29439494013786316,
    0.6326949596405029
   ],
   [
    -0.4012061059474945,
    0.9155540466308594,
    -0.028186580166220665
   ],
   [
    -0.5709684491157532,
    -0.27403002977371216,
    -0.7738879919052124
   ]
  ]
 }
]