[
 {
  "rotation_euler": [
   -1.0492393970489502,
   1.4523431062698364,
   0.5592840909957886
  ],
  "euler_order": "XYZ",
  "rotation_matrix": [
   [
    0.10017047822475433,
    -0.9941384196281433,
    -0.04067755490541458
   ],
   [
    0.06270197778940201,
    -0.034494563937187195,
    0.997435986995697
   ],
   [
    -0.992992639541626,
    -0.1024642065167427,
    0.05887911096215248
   ]
  ]
 },
 {
  "rotation_euler": [
   -1.0492417812347412,
   1.452343225479126,
   1.1878167390823364
  ],
  "euler_order": "XYZ",
  "rotation_matrix": [
   [
    0.044160809367895126,
    -0.7838668823242188,
    -0.6193565130233765
   ],
   [
    0.10961505025625229,
    -0.6124163269996643,
    0.7828989624977112
   ],
   [
    -0.992992639541626,
    -0.10246424376964569,
    0.058878809213638306
   ]
  ]
 },
 {
  "rotation_euler": [
   -1.0492407083511353,
   1.452343225479126,
   -0.3832448124885559
  ],
  "euler_order": "XYZ",
  "rotation_matrix": [
   [
    0.10960333049297333,
    -0.6122075915336609,
    0.7830638885498047
   ],
   [
    -0.044189877808094025,
    0.7840299606323242,
    0.6191480159759521
   ],
   [
    -0.992992639541626,
    -0.10246418416500092,
    0.05887891724705696
   ]
  ]
 },
 {
  "rotation_euler": [
   -1.0492403507232666,
   1.452343225479126,
   1.8720117807388306
  ],
  "euler_order": "XYZ",
  "rotation_matrix": [
   [
    -0.03506067767739296,
    -0.22036446630954742,
    -0.9747872948646545
   ],
   [
    0.11285559087991714,
    -0.9700209498405457,
    0.21522782742977142
   ],
   [
    -0.992992639541626,
    -0.10246416181325912,
    0.058878954499959946
   ]
  ]
 },
 {
  "rotation_euler": [
   -1.049241304397583,
   1.452343225479126,
   -0.45006972551345825
  ],
  "euler_order": "XYZ",
  "rotation_matrix": [
   [
    0.10640791058540344,
    -0.5584878921508789,
    0.8226594924926758
   ],
   [
    -0.05141003429889679,
    0.8231599926948547,
    0.5654773712158203
   ],
   [
    -0.992992639541626,
    -0.1024642139673233,
    0.058878857642412186
   ]
  ]
 },
 {
  "rotation_euler": [
   2.0923526287078857,
   1.6892495155334473,
   -0.16870324313640594
  ],
  "euler_order": "XYZ",
  "rotation_matrix": [
   [
    -0.116498664021492,
    0.7650913000106812,
    -0.6332955956459045
   ],
   [
    0.019842304289340973,
    -0.6357172131538391,
    -0.7716670036315918
   ],
   [
    -0.992992639541626,
    -0.1024642139673233,
    0.05887903273105621
   ]
  ]
 },
 {
  "rotation_euler": [
   -0.9174292087554932,
   -1.4737964868545532,
   2.0205390453338623
  ],
  "euler_order": "XYZ",
  "rotation_matrix": [
   [
    -0.04210301861166954,
    -0.8909909725189209,
    -0.4520646631717682
   ],
   [
    0.08721715956926346,
    0.44746097922325134,
    -0.8900403380393982
   ],
   [
    0.995299220085144,
    -0.07690117508172989,
    0.05887024104595184
   ]
  ]
 },
 {
  "rotation_euler": [
   -1.0492424964904785,
   1.452343225479126,
   1.5573006868362427
  ],
  "euler_order": "XYZ",
  "rotation_matrix": [
   [
    0.0015948162181302905,
    -0.5098016262054443,
    -0.86029052734375
   ],
   [
    0.1181655302643776,
    -0.8541682362556458,
    0.5063926577568054
   ],
   [
    -0.992992639541626,
    -0.10246428847312927,
    0.058878734707832336
   ]
  ]
 },
 {
  "rotation_euler": [
   -0.9174240827560425,
   -1.4737967252731323,
   -1.9408124685287476
  ],
  "euler_order": "XYZ",
  "rotation_matrix": [
   [
    -0.035023029893636703,
    0.280929297208786,
    0.9590892195701599
   ],
   [
    -0.09029306471347809,
    -0.9566425681114197,
    0.27691543102264404
   ],
   [
    0.995299220085144,
    -0.07690069079399109,
    0.05887049064040184
   ]
  ]
 },
 {
  "rotation_euler": [
   -0.9174222946166992,
   -1.4737966060638428,
   0.5911469459533691
  ],
  "euler_order": "XYZ",
  "rotation_matrix": [
   [
    0.08041282743215561,
    0.3174179196357727,
    -0.9448701739311218
   ],
   [
    0.053974539041519165,
    0.9451624751091003,
    0.3221096098423004
   ],
   [
    0.995299220085144,
    -0.0769006758928299,
    0.058870699256658554
   ]
  ]
 },
 {
  "rotation_euler": [
   -1.0492408275604248,
   1.452343225479126,
   -1.8975342512130737
  ],
  "euler_order": "XYZ",
  "rotation_matrix": [
   [
    -0.03792930021882057,
    0.7482029795646667,
    0.6623848676681519
   ],
   [
    -0.11192409694194794,
    0.6555100083351135,
    -0.7468464374542236
   ],
   [
    -0.992992639541626,
    -0.10246419161558151,
    0.058878906071186066
   ]
  ]
 },
 {
  "rotation_euler": [
   -1.04924476146698,
   1.452343225479126,
   -1.9546409845352173
  ],
  "euler_order": "XYZ",
  "rotation_matrix": [
   [
    -0.04425561800599098,
    0.7843945622444153,
    0.6186813712120056
   ],
   [
    -0.10957680642604828,
    0.6117403507232666,
    -0.78343266248703
   ],
   [
    -0.992992639541626,
    -0.10246442258358002,
    0.05887850373983383
   ]
  ]
 },
 {
  "rotation_euler": [
   -0.9174224138259888,
   -1.4737966060638428,
   0.6870152354240417
  ],
  "euler_order": "XYZ",
  "rotation_matrix": [
   [
    0.0748770609498024,
    0.22548812627792358,
    -0.9713642597198486
   ],
   [
    0.06142393499612808,
    0.9712061285972595,
    0.23018625378608704
   ],
   [
    0.995299220085144,
    -0.07690068334341049,
    0.05887069180607796
   ]
  ]
 },
 {
  "rotation_euler": [
   -1.049242377281189,
   1.452343225479126,
   1.637237548828125
  ],
  "euler_order": "XYZ",
  "rotation_matrix": [
   [
    -0.007846001535654068,
    -0.43996694684028625,
    -0.8979796767234802
   ],
   [
    0.1179155483841896,
    -0.8921491503715515,
    0.4360800087451935
   ],
   [
    -0.992992639541626,
    -0.10246428102254868,
    0.05887874588370323
   ]
  ]
 },
 {
  "rotation_euler": [
   -0.9174234867095947,
   -1.4737968444824219,
   0.0780067965388298
  ],
  "euler_order": "XYZ",
  "rotation_matrix": [
   [
    0.09655293077230453,
    0.740532398223877,
    -0.6650483012199402
   ],
   [
    0.007547099143266678,
    0.6676061749458313,
    0.744476318359375
   ],
   [
    0.995299220085144,
    -0.07690055668354034,
    0.05887046456336975
   ]
  ]
 },
 {
  "rotation_euler": [
   -0.9174225926399231,
   -1.4737966060638428,
   -1.2883250713348389
  ],
  "euler_order": "XYZ",
  "rotation_matrix": [
   [
    0.026994336396455765,
    0.804060161113739,
    0.5939347743988037
   ],
   [
    -0.0930095687508583,
    -0.5895536541938782,
    0.8023563623428345
   ],
   [
    0.995299220085144,
    -0.07690069079399109,
    0.05887067690491676
   ]
  ]
 }
]