[
 {
  "rotation_euler": [
   -0.13263335824012756,
   0.1582038253545761,
   -2.4703891277313232
  ],
  "euler_order": "XYZ",
  "rotation_matrix": [
   [
    -0.7732945680618286,
    0.632781445980072,
    -0.040038708597421646
   ],
   [
    -0.6141621470451355,
    -0.7632384896278381,
    -0.2006784975528717
   ],
   [
    -0.15754471719264984,
    -0.13059332966804504,
    0.9788386225700378
   ]
  ]
 },
 {
  "rotation_euler": [
   -0.11994955688714981,
   0.12005390971899033,
   2.319535970687866
  ],
  "euler_order": "XYZ",
  "rotation_matrix": [
   [
    -0.6758163571357727,
    -0.7175281643867493,
    -0.16859883069992065
   ],
   [
    0.7272746562957764,
    -0.6863232851028442,
    0.005647746846079826
   ],
   [
    -0.11976572871208191,
    -0.1188008189201355,
    0.9856685996055603
   ]
  ]
 },
 {
  "rotation_euler": [
   -0.12733976542949677,
   0.14233627915382385,
   -0.6600615978240967
  ],
  "euler_order": "XYZ",
  "rotation_matrix": [
   [
    0.7819658517837524,
    0.5939697027206421,
    0.18902207911014557
   ],
   [
    -0.6069647669792175,
    0.7946046590805054,
    0.014043943956494331
   ],
   [
    -0.1418561488389969,
    -0.1257116198539734,
    0.9818723797798157
   ]
  ]
 },
 {
  "rotation_euler": [
   -0.08680345118045807,
   0.022333834320306778,
   -0.37731921672821045
  ],
  "euler_order": "XYZ",
  "rotation_matrix": [
   [
    0.9294238090515137,
    0.3652425706386566,
    0.0526236966252327
   ],
   [
    -0.3683377206325531,
    0.926868736743927,
    0.07239923626184464
   ],
   [
    -0.022331977263092995,
    -0.08667286485433578,
    0.9959865212440491
   ]
  ]
 },
 {
  "rotation_euler": [
   -0.11558990925550461,
   -0.12614212930202484,
   1.5813331604003906
  ],
  "euler_order": "XYZ",
  "rotation_matrix": [
   [
    -0.010452921502292156,
    -0.993424654006958,
    -0.11400952935218811
   ],
   [
    0.9919995665550232,
    0.004042626824229956,
    -0.1261766254901886
   ],
   [
    0.12580786645412445,
    -0.11441631615161896,
    0.9854345917701721
   ]
  ]
 },
 {
  "rotation_euler": [
   -0.1040436327457428,
   0.07178138196468353,
   0.8158013224601746
  ],
  "euler_order": "XYZ",
  "rotation_matrix": [
   [
    0.6835203170776367,
    -0.7294410467147827,
    -0.02675304375588894
   ],
   [
    0.7263995409011841,
    0.6761546730995178,
    0.12312022596597672
   ],
   [
    -0.07171975821256638,
    -0.10358857363462448,
    0.9920310974121094
   ]
  ]
 },
 {
  "rotation_euler": [
   -0.10860595852136612,
   0.08552969992160797,
   1.1188112497329712
  ],
  "euler_order": "XYZ",
  "rotation_matrix": [
   [
    0.43515560030937195,
    -0.8983258008956909,
    -0.06041807308793068
   ],
   [
    0.8962935209274292,
    0.42584919929504395,
    0.12373511493206024
   ],
   [
    -0.08542545884847641,
    -0.10799635946750641,
    0.990474283695221
   ]
  ]
 },
 {
  "rotation_euler": [
   -0.090543732047081,
   0.034287743270397186,
   1.3119206428527832
  ],
  "euler_order": "XYZ",
  "rotation_matrix": [
   [
    0.2558434009552002,
    -0.963512122631073,
    -0.07866734266281128
   ],
   [
    0.9661102294921875,
    0.25194883346557617,
    0.05614996328949928
   ],
   [
    -0.03428102657198906,
    -0.0903669223189354,
    0.9953183531761169
   ]
  ]
 },
 {
  "rotation_euler": [
   -0.12029975652694702,
   -0.1424771100282669,
   -0.8933079242706299
  ],
  "euler_order": "XYZ",
  "rotation_matrix": [
   [
    0.6204864978790283,
    0.7842002511024475,
    0.005140646360814571
   ],
   [
    -0.7712546586990356,
    0.6090303659439087,
    0.18506288528442383
   ],
   [
    0.14199556410312653,
    -0.1187937781214714,
    0.9827132225036621
   ]
  ]
 },
 {
  "rotation_euler": [
   -0.14705857634544373,
   0.20100037753582,
   0.23523198068141937
  ],
  "euler_order": "XYZ",
  "rotation_matrix": [
   [
    0.9528821110725403,
    -0.259001761674881,
    0.15790444612503052
   ],
   [
    0.22837629914283752,
    0.9551455974578857,
    0.1885235458612442
   ],
   [
    -0.1996496617794037,
    -0.14357908070087433,
    0.9692910313606262
   ]
  ]
 },
 {
  "rotation_euler": [
   -0.11393686383962631,
   0.10188072174787521,
   0.7793965935707092
  ],
  "euler_order": "XYZ",
  "rotation_matrix": [
   [
    0.7076492309570312,
    -0.706518292427063,
    -0.00803019106388092
   ],
   [
    0.6992058157920837,
    0.6985986828804016,
    0.15189196169376373
   ],
   [
    -0.10170456767082214,
    -0.11310098320245743,
    0.9883644580841064
   ]
  ]
 },
 {
  "rotation_euler": [
   -0.11091522872447968,
   0.09271670132875443,
   2.451150417327881
  ],
  "euler_order": "XYZ",
  "rotation_matrix": [
   [
    -0.7676530480384827,
    -0.6250638961791992,
    -0.14143504202365875
   ],
   [
    0.6341427564620972,
    -0.7727537155151367,
    -0.0267341211438179
   ],
   [
    -0.09258391708135605,
    -0.1102125346660614,
    0.9895864725112915
   ]
  ]
 },
 {
  "rotation_euler": [
   -0.10957732051610947,
   0.08865837007761002,
   1.0382494926452637
  ],
  "euler_order": "XYZ",
  "rotation_matrix": [
   [
    0.5057349801063538,
    -0.861266016960144,
    -0.049528028815984726
   ],
   [
    0.85813307762146,
    0.4963420629501343,
    0.13134747743606567
   ],
   [
    -0.08854226768016815,
    -0.10892865061759949,
    0.9900983572006226
   ]
  ]
 },
 {
  "rotation_euler": [
   -0.1367523968219757,
   0.17049813270568848,
   -0.61911940574646
  ],
  "euler_order": "XYZ",
  "rotation_matrix": [
   [
    0.8025814294815063,
    0.5560627579689026,
    0.2160029113292694
   ],
   [
    -0.5719038248062134,
    0.8202099204063416,
    0.01347772590816021
   ],
   [
    -0.16967327892780304,
    -0.13434986770153046,
    0.9762997031211853
   ]
  ]
 },
 {
  "rotation_euler": [
   -0.1088094562292099,
   0.08631978929042816,
   0.9962517619132996
  ],
  "euler_order": "XYZ",
  "rotation_matrix": [
   [
    0.5414291620254517,
    -0.8395634889602661,
    -0.04458347707986832
   ],
   [
    0.8363144397735596,
    0.5323795676231384,
    0.13095849752426147
   ],
   [
    -0.0862126350402832,
    -0.10819055140018463,
    0.9903848767280579
   ]
  ]
 },
 {
  "rotation_euler": [
   -0.09984073787927628,
   0.05887165665626526,
   -1.879402756690979
  ],
  "euler_order": "XYZ",
  "rotation_matrix": [
   [
    -0.3032050132751465,
    0.949794352054596,
    0.07718424499034882
   ],
   [
    -0.9511072039604187,
    -0.2966310381889343,
    -0.0860532596707344
   ],
   [
    -0.0588376559317112,
    -0.09950226545333862,
    0.9932962656021118
   ]
  ]
 }
]