[
 {
  "rotation_euler": [
   7.405112410197034e-05,
   -9.252473631704561e-08,
   -0.3814418911933899
  ],
  "euler_order": "XYZ",
  "rotation_matrix": [
   [
    0.9281288385391235,
    0.37225911021232605,
    -2.7652080461848527e-05
   ],
   [
    -0.37225911021232605,
    0.9281288385391235,
    -6.869454227853566e-05
   ],
   [
    9.252473631704561e-08,
    7.405112410197034e-05,
    1.0
   ]
  ]
 },
 {
  "rotation_euler": [
   7.402108167298138e-05,
   5.453429263724274e-09,
   2.1315066814422607
  ],
  "euler_order": "XYZ",
  "rotation_matrix": [
   [
    -0.5317879319190979,
    -0.8468775749206543,
    6.268389552133158e-05
   ],
   [
    0.8468775749206543,
    -0.5317879319190979,
    3.936813664040528e-05
   ],
   [
    -5.453429263724274e-09,
    7.402108167298138e-05,
    1.0
   ]
  ]
 },
 {
  "rotation_euler": [
   7.400578033411875e-05,
   1.2555176898132459e-09,
   -0.841176450252533
  ],
  "euler_order": "XYZ",
  "rotation_matrix": [
   [
    0.6665863394737244,
    0.7454278469085693,
    -5.516513192560524e-05
   ],
   [
    -0.7454278469085693,
    0.6665863394737244,
    -4.933217860525474e-05
   ],
   [
    -1.2555176898132459e-09,
    7.400578033411875e-05,
    1.0
   ]
  ]
 },
 {
  "rotation_euler": [
   7.400521280942485e-05,
   2.456107317527767e-09,
   -2.2605817317962646
  ],
  "euler_order": "XYZ",
  "rotation_matrix": [
   [
    -0.6363716721534729,
    0.7713825702667236,
    -5.7087894674623385e-05
   ],
   [
    -0.7713825702667236,
    -0.6363716721534729,
    4.709292625193484e-05
   ],
   [
    -2.456107317527767e-09,
    7.400521280942485e-05,
    1.0
   ]
  ]
 },
 {
  "rotation_euler": [
   7.399184687528759e-05,
   5.563648652895381e-09,
   -1.3547182083129883
  ],
  "euler_order": "XYZ",
  "rotation_matrix": [
   [
    0.21440060436725616,
    0.9767457842826843,
    -7.227003516163677e-05
   ],
   [
    -0.9767457842826843,
    0.21440060436725616,
    -1.5869331036810763e-05
   ],
   [
    -5.563648652895381e-09,
    7.399184687528759e-05,
    1.0
   ]
  ]
 },
 {
  "rotation_euler": [
   7.402202754747123e-05,
   -8.30553492647823e-09,
   2.18107533454895
  ],
  "euler_order": "XYZ",
  "rotation_matrix": [
   [
    -0.5730960965156555,
    -0.8194881677627563,
    6.0664933698717505e-05
   ],
   [
    0.8194881677627563,
    -0.5730960965156555,
    4.2414929339429364e-05
   ],
   [
    8.30553492647823e-09,
    7.402202754747123e-05,
    1.0
   ]
  ]
 },
 {
  "rotation_euler": [
   7.399960304610431e-05,
   2.5905797507164152e-09,
   -1.9945465326309204
  ],
  "euler_order": "XYZ",
  "rotation_matrix": [
   [
    -0.41118183732032776,
    0.9115533232688904,
    -6.745565042365342e-05
   ],
   [
    -0.9115533232688904,
    -0.41118183732032776,
    3.04249315377092e-05
   ],
   [
    -2.5905797507164152e-09,
    7.399960304610431e-05,
    1.0
   ]
  ]
 },
 {
  "rotation_euler": [
   7.402466144412756e-05,
   7.179491223752166e-09,
   -2.1795148849487305
  ],
  "euler_order": "XYZ",
  "rotation_matrix": [
   [
    -0.5718166828155518,
    0.8203814625740051,
    -6.073256372474134e-05
   ],
   [
    -0.8203814625740051,
    -0.5718166828155518,
    4.232264473102987e-05
   ],
   [
    -7.179491223752166e-09,
    7.402466144412756e-05,
    1.0
   ]
  ]
 },
 {
  "rotation_euler": [
   7.389819074887782e-05,
   -2.3320020914319173e-10,
   2.543621778488159
  ],
  "euler_order": "XYZ",
  "rotation_matrix": [
   [
    -0.8264796733856201,
    -0.5629665851593018,
    4.1602404962759465e-05
   ],
   [
    0.5629665851593018,
    -0.8264796137809753,
    6.10752176726237e-05
   ],
   [
    2.3320020914319173e-10,
    7.389819074887782e-05,
    1.0
   ]
  ]
 },
 {
  "rotation_euler": [
   7.402877963613719e-05,
   -4.50921122663317e-09,
   -0.8014071583747864
  ],
  "euler_order": "XYZ",
  "rotation_matrix": [
   [
    0.6956965923309326,
    0.718335747718811,
    -5.318065814208239e-05
   ],
   [
    -0.718335747718811,
    0.6956965923309326,
    -5.149832941242494e-05
   ],
   [
    4.50921122663317e-09,
    7.402877963613719e-05,
    1.0
   ]
  ]
 },
 {
  "rotation_euler": [
   7.400649337796494e-05,
   8.359831937809759e-09,
   -2.5232019424438477
  ],
  "euler_order": "XYZ",
  "rotation_matrix": [
   [
    -0.8148124814033508,
    0.5797246694564819,
    -4.291020013624802e-05
   ],
   [
    -0.5797246694564819,
    -0.8148124814033508,
    6.0296566516626626e-05
   ],
   [
    -8.359831937809759e-09,
    7.400649337796494e-05,
    1.0
   ]
  ]
 },
 {
  "rotation_euler": [
   7.40567920729518e-05,
   -7.406981694657588e-09,
   -0.5915144681930542
  ],
  "euler_order": "XYZ",
  "rotation_matrix": [
   [
    0.8300971388816833,
    0.5576187968254089,
    -4.130160959903151e-05
   ],
   [
    -0.5576187968254089,
    0.8300971388816833,
    -6.147020030766726e-05
   ],
   [
    7.406981694657588e-09,
    7.40567920729518e-05,
    1.0
   ]
  ]
 },
 {
  "rotation_euler": [
   7.399990863632411e-05,
   8.128304695986799e-10,
   3.069335699081421
  ],
  "euler_order": "XYZ",
  "rotation_matrix": [
   [
    -0.997390627861023,
    -0.07219409197568893,
    5.34154560227762e-06
   ],
   [
    0.07219409197568893,
    -0.997390627861023,
    7.380687020486221e-05
   ],
   [
    -8.128304695986799e-10,
    7.399990863632411e-05,
    1.0
   ]
  ]
 },
 {
  "rotation_euler": [
   7.399918104056269e-05,
   -1.7461547763275576e-09,
   0.08307724446058273
  ],
  "euler_order": "XYZ",
  "rotation_matrix": [
   [
    0.9965510964393616,
    -0.08298171311616898,
    6.138838671176927e-06
   ],
   [
    0.08298171311616898,
    0.9965510964393616,
    -7.374410779448226e-05
   ],
   [
    1.7461547763275576e-09,
    7.399918104056269e-05,
    1.0
   ]
  ]
 },
 {
  "rotation_euler": [
   7.395966531476006e-05,
   -1.685631048076175e-07,
   -0.5123587846755981
  ],
  "euler_order": "XYZ",
  "rotation_matrix": [
   [
    0.8715905547142029,
    0.49023449420928955,
    -3.6404497222974896e-05
   ],
   [
    -0.49023449420928955,
    0.8715905547142029,
    -6.437991396524012e-05
   ],
   [
    1.685631048076175e-07,
    7.395966531476006e-05,
    1.0
   ]
  ]
 },
 {
  "rotation_euler": [
   7.40049290470779e-05,
   -2.0196713190756554e-09,
   2.9095897674560547
  ],
  "euler_order": "XYZ",
  "rotation_matrix": [
   [
    -0.9732078313827515,
    -0.2299272119998932,
    1.7017711797961965e-05
   ],
   [
    0.2299272119998932,
    -0.9732078313827515,
    7.20217140042223e-05
   ],
   [
    2.0196713190756554e-09,
    7.40049290470779e-05,
    1.0
   ]
  ]
 }
]