[
 {
  "rotation_euler": [
   0.018013251945376396,
   7.295086756897717e-10,
   -0.3991980254650116
  ],
  "euler_order": "XYZ",
  "rotation_matrix": [
   [
    0.9213730096817017,
    0.38861650228500366,
    -0.007001003250479698
   ],
   [
    -0.388679563999176,
    0.921223521232605,
    -0.016596026718616486
   ],
   [
    -7.295086756897717e-10,
    0.01801227778196335,
    0.9998377561569214
   ]
  ]
 },
 {
  "rotation_euler": [
   0.018013250082731247,
   -2.7691554604913904e-10,
   2.4611380100250244
  ],
  "euler_order": "XYZ",
  "rotation_matrix": [
   [
    -0.7772867679595947,
    -0.6290444135665894,
    0.011332360096275806
   ],
   [
    0.6291464567184448,
    -0.77716064453125,
    0.01400070358067751
   ],
   [
    2.7691554604913904e-10,
    0.0180122759193182,
    0.9998377561569214
   ]
  ]
 },
 {
  "rotation_euler": [
   0.018013248220086098,
   7.069337892851024e-10,
   0.8043760061264038
  ],
  "euler_order": "XYZ",
  "rotation_matrix": [
   [
    0.6935608983039856,
    -0.7202811241149902,
    0.012976006604731083
   ],
   [
    0.7203980088233948,
    0.6934483647346497,
    -0.012492608278989792
   ],
   [
    -7.069337892851024e-10,
    0.01801227405667305,
    0.9998377561569214
   ]
  ]
 },
 {
  "rotation_euler": [
   0.018013248220086098,
   1.8233636822628796e-10,
   1.2052747011184692
  ],
  "euler_order": "XYZ",
  "rotation_matrix": [
   [
    0.35743650794029236,
    -0.9337859153747559,
    0.016822338104248047
   ],
   [
    0.9339374303817749,
    0.3573785126209259,
    -0.006438244134187698
   ],
   [
    -1.8233636822628796e-10,
    0.01801227405667305,
    0.9998377561569214
   ]
  ]
 },
 {
  "rotation_euler": [
   0.018013278022408485,
   1.3297896117592245e-09,
   1.522179365158081
  ],
  "euler_order": "XYZ",
  "rotation_matrix": [
   [
    0.04859781265258789,
    -0.9986563920974731,
    0.017991021275520325
   ],
   [
    0.9988184571266174,
    0.04858992621302605,
    -0.0008753572474233806
   ],
   [
    -1.3297896117592245e-09,
    0.018012303858995438,
    0.9998377561569214
   ]
  ]
 },
 {
  "rotation_euler": [
   0.018013250082731247,
   6.49458195556285e-11,
   2.16868257522583
  ],
  "euler_order": "XYZ",
  "rotation_matrix": [
   [
    -0.5628966689109802,
    -0.826393187046051,
    0.014887637458741665
   ],
   [
    0.8265272974967957,
    -0.5628053545951843,
    0.010139049962162971
   ],
   [
    -6.49458195556285e-11,
    0.0180122759193182,
    0.9998377561569214
   ]
  ]
 },
 {
  "rotation_euler": [
   0.018013354390859604,
   -6.935981788913637e-10,
   -2.614107131958008
  ],
  "euler_order": "XYZ",
  "rotation_matrix": [
   [
    -0.8640754818916321,
    0.5032805800437927,
    -0.009066751226782799
   ],
   [
    -0.503362238407135,
    -0.8639352917671204,
    0.015564057044684887
   ],
   [
    6.935981788913637e-10,
    0.018012380227446556,
    0.9998377561569214
   ]
  ]
 },
 {
  "rotation_euler": [
   0.0180132444947958,
   -2.1984472020619705e-09,
   -1.0852508544921875
  ],
  "euler_order": "XYZ",
  "rotation_matrix": [
   [
    0.46669086813926697,
    0.8842770457267761,
    -0.0159304216504097
   ],
   [
    -0.8844205141067505,
    0.46661514043807983,
    -0.008406159467995167
   ],
   [
    2.1984472020619705e-09,
    0.01801227033138275,
    0.9998377561569214
   ]
  ]
 },
 {
  "rotation_euler": [
   0.0180132444947958,
   6.3389924420675925e-09,
   1.1869028806686401
  ],
  "euler_order": "XYZ",
  "rotation_matrix": [
   [
    0.37453335523605347,
    -0.92706298828125,
    0.016701221466064453
   ],
   [
    0.9272134304046631,
    0.37447258830070496,
    -0.006746190134435892
   ],
   [
    -6.3389924420675925e-09,
    0.01801227033138275,
    0.9998377561569214
   ]
  ]
 },
 {
  "rotation_euler": [
   0.018013253808021545,
   -1.0587503096459727e-09,
   -2.152230978012085
  ],
  "euler_order": "XYZ",
  "rotation_matrix": [
   [
    -0.5492234230041504,
    0.8355399966239929,
    -0.015052421018481255
   ],
   [
    -0.8356755375862122,
    -0.5491343140602112,
    0.009892766363918781
   ],
   [
    1.0587503096459727e-09,
    0.018012279644608498,
    0.9998377561569214
   ]
  ]
 },
 {
  "rotation_euler": [
   0.018013248220086098,
   -2.4880646432023923e-09,
   1.699086308479309
  ],
  "euler_order": "XYZ",
  "rotation_matrix": [
   [
    -0.12793835997581482,
    -0.991621196269989,
    0.017864251509308815
   ],
   [
    0.9917821288108826,
    -0.1279176026582718,
    0.002304458525031805
   ],
   [
    2.4880646432023923e-09,
    0.01801227405667305,
    0.9998377561569214
   ]
  ]
 },
 {
  "rotation_euler": [
   0.018013250082731247,
   -8.538060813911841e-10,
   0.6257165670394897
  ],
  "euler_order": "XYZ",
  "rotation_matrix": [
   [
    0.8105436563491821,
    -0.5855832099914551,
    0.010549397207796574
   ],
   [
    0.585678219795227,
    0.8104121685028076,
    -0.014599736779928207
   ],
   [
    8.538060813911841e-10,
    0.0180122759193182,
    0.9998377561569214
   ]
  ]
 },
 {
  "rotation_euler": [
   0.018013205379247665,
   1.3941598986377812e-08,
   1.723608136177063
  ],
  "euler_order": "XYZ",
  "rotation_matrix": [
   [
    -0.1522177755832672,
    -0.9881866574287415,
    0.01780233159661293
   ],
   [
    0.9883469939231873,
    -0.152193084359169,
    0.0027417954988777637
   ],
   [
    -1.3941598986377812e-08,
    0.018012231215834618,
    0.9998377561569214
   ]
  ]
 },
 {
  "rotation_euler": [
   0.018013250082731247,
   4.891513860627583e-09,
   -1.7253918647766113
  ],
  "euler_order": "XYZ",
  "rotation_matrix": [
   [
    -0.15398047864437103,
    0.9879136085510254,
    -0.01779746077954769
   ],
   [
    -0.9880738854408264,
    -0.15395548939704895,
    0.0027735340408980846
   ],
   [
    -4.891513860627583e-09,
    0.0180122759193182,
    0.9998377561569214
   ]
  ]
 },
 {
  "rotation_euler": [
   0.018013255670666695,
   4.085841109890964e-10,
   0.7158400416374207
  ],
  "euler_order": "XYZ",
  "rotation_matrix": [
   [
    0.7545422315597534,
    -0.6561450362205505,
    0.011820587329566479
   ],
   [
    0.6562514901161194,
    0.7544198036193848,
    -0.01359102688729763
   ],
   [
    -4.085841109890964e-10,
    0.018012281507253647,
    0.9998377561569214
   ]
  ]
 },
 {
  "rotation_euler": [
   2.3540985584259033,
   -1.9266053438186646,
   0.27390047907829285
  ],
  "euler_order": "XYZ",
  "rotation_matrix": [
   [
    -0.3353634774684906,
    -0.4485824406147003,
    0.8284353613853455
   ],
   [
    -0.09422437101602554,
    -0.8589796423912048,
    -0.5032650828361511
   ],
   [
    0.9373649954795837,
    -0.24683554470539093,
    0.24580299854278564
   ]
  ]
 }
]