[
 {
  "rotation_euler": [
   -0.039611127227544785,
   -0.027125129476189613,
   1.8725776672363281
  ],
  "euler_order": "XYZ",
  "rotation_matrix": [
   [
    -0.2971121668815613,
    -0.9543787837028503,
    -0.029756292700767517
   ],
   [
    0.9544572830200195,
    -0.2959628701210022,
    -0.03764601796865463
   ],
   [
    0.027121802791953087,
    -0.039586201310157776,
    0.998848021030426
   ]
  ]
 },
 {
  "rotation_euler": [
   -0.04083965718746185,
   -0.040894173085689545,
   -1.0885390043258667
  ],
  "euler_order": "XYZ",
  "rotation_matrix": [
   [
    0.4633924961090088,
    0.8859856724739075,
    0.017227035015821457
   ],
   [
    -0.8852095603942871,
    0.46191471815109253,
    0.055125266313552856
   ],
   [
    0.04088277742266655,
    -0.04079417139291763,
    0.99833083152771
   ]
  ]
 },
 {
  "rotation_euler": [
   -0.037366777658462524,
   -0.0019462652271613479,
   -0.40635162591934204
  ],
  "euler_order": "XYZ",
  "rotation_matrix": [
   [
    0.9185672402381897,
    0.3950515687465668,
    0.012979651801288128
   ],
   [
    -0.39525994658470154,
    0.9178990125656128,
    0.03508472070097923
   ],
   [
    0.0019462639465928078,
    -0.037358012050390244,
    0.9993000626564026
   ]
  ]
 },
 {
  "rotation_euler": [
   -0.038956522941589355,
   0.01978449895977974,
   3.108367681503296
  ],
  "euler_order": "XYZ",
  "rotation_matrix": [
   [
    -0.9992524981498718,
    -0.03242359310388565,
    -0.02105105295777321
   ],
   [
    0.03321235999464989,
    -0.9987154006958008,
    -0.038268499076366425
   ],
   [
    -0.019783208146691322,
    -0.03893904760479927,
    0.999045729637146
   ]
  ]
 },
 {
  "rotation_euler": [
   -0.039921730756759644,
   -0.030607327818870544,
   -0.9878233671188354
  ],
  "euler_order": "XYZ",
  "rotation_matrix": [
   [
    0.5502504110336304,
    0.8348369002342224,
    0.016485460102558136
   ],
   [
    -0.834438681602478,
    0.5490500330924988,
    0.04749896749854088
   ],
   [
    0.030602548271417618,
    -0.03989243507385254,
    0.998735249042511
   ]
  ]
 },
 {
  "rotation_euler": [
   -0.039331525564193726,
   0.023988936096429825,
   -0.18631690740585327
  ],
  "euler_order": "XYZ",
  "rotation_matrix": [
   [
    0.9824104309082031,
    0.1841706782579422,
    0.030837198719382286
   ],
   [
    -0.18518751859664917,
    0.9821078777313232,
    0.034200988709926605
   ],
   [
    -0.023986635729670525,
    -0.03931007161736488,
    0.9989390969276428
   ]
  ]
 },
 {
  "rotation_euler": [
   -0.039137132465839386,
   0.021807869896292686,
   -0.6982471346855164
  ],
  "euler_order": "XYZ",
  "rotation_matrix": [
   [
    0.7657880783081055,
    0.6417301893234253,
    0.0418439656496048
   ],
   [
    -0.6427231431007385,
    0.7659322023391724,
    0.01596231572329998
   ],
   [
    -0.0218061413615942,
    -0.03911783918738365,
    0.9989966154098511
   ]
  ]
 },
 {
  "rotation_euler": [
   -0.04148260876536369,
   0.04809395596385002,
   2.3699564933776855
  ],
  "euler_order": "XYZ",
  "rotation_matrix": [
   [
    -0.7159419059753418,
    -0.6952800154685974,
    -0.06334730237722397
   ],
   [
    0.6965026259422302,
    -0.7175443172454834,
    0.003769585629925132
   ],
   [
    -0.048075418919324875,
    -0.0414227619767189,
    0.9979844093322754
   ]
  ]
 },
 {
  "rotation_euler": [
   -0.04323037713766098,
   0.06769226491451263,
   -2.0717930793762207
  ],
  "euler_order": "XYZ",
  "rotation_matrix": [
   [
    -0.4792000353336334,
    0.8776888251304626,
    0.005448318552225828
   ],
   [
    -0.8750954866409302,
    -0.47728732228279114,
    -0.08002949506044388
   ],
   [
    -0.06764058023691177,
    -0.043117936700582504,
    0.9967775940895081
   ]
  ]
 },
 {
  "rotation_euler": [
   -0.04048164561390877,
   0.0368826687335968,
   -2.308318614959717
  ],
  "euler_order": "XYZ",
  "rotation_matrix": [
   [
    -0.6719987988471985,
    0.7405341267585754,
    0.005177740938961506
   ],
   [
    -0.7396336197853088,
    -0.6708006858825684,
    -0.054484374821186066
   ],
   [
    -0.036874305456876755,
    -0.040443066507577896,
    0.998501181602478
   ]
  ]
 },
 {
  "rotation_euler": [
   -0.03866097703576088,
   0.01647147163748741,
   -2.5824999809265137
  ],
  "euler_order": "XYZ",
  "rotation_matrix": [
   [
    -0.847621738910675,
    0.5305605530738831,
    0.006548934616148472
   ],
   [
    -0.5303452610969543,
    -0.8467655777931213,
    -0.04149599373340607
   ],
   [
    -0.01647072657942772,
    -0.03864610195159912,
    0.9991171956062317
   ]
  ]
 },
 {
  "rotation_euler": [
   -0.038497455418109894,
   -0.014633419923484325,
   2.858320951461792
  ],
  "euler_order": "XYZ",
  "rotation_matrix": [
   [
    -0.9600433707237244,
    -0.2798320949077606,
    0.0032819886691868305
   ],
   [
    0.2794685363769531,
    -0.959277331829071,
    -0.041040897369384766
   ],
   [
    0.014632897451519966,
    -0.03848382458090782,
    0.9991520643234253
   ]
  ]
 },
 {
  "rotation_euler": [
   -0.04034992307424545,
   0.03540681302547455,
   3.042813539505005
  ],
  "euler_order": "XYZ",
  "rotation_matrix": [
   [
    -0.9945015907287598,
    -0.09711726754903793,
    -0.03917635232210159
   ],
   [
    0.098556749522686,
    -0.9944561719894409,
    -0.03665413707494736
   ],
   [
    -0.0353994145989418,
    -0.04031369090080261,
    0.998559832572937
   ]
  ]
 },
 {
  "rotation_euler": [
   -0.03954363241791725,
   -0.026368219405412674,
   -1.3638712167739868
  ],
  "euler_order": "XYZ",
  "rotation_matrix": [
   [
    0.2053801566362381,
    0.9781163334846497,
    0.033277444541454315
   ],
   [
    -0.9783270955085754,
    0.20427089929580688,
    0.03390473499894142
   ],
   [
    0.026365164667367935,
    -0.03951958566904068,
    0.9988709092140198
   ]
  ]
 },
 {
  "rotation_euler": [
   -0.0401170551776886,
   0.03279673308134079,
   1.5761148929595947
  ],
  "euler_order": "XYZ",
  "rotation_matrix": [
   [
    -0.005315680988132954,
    -0.9991742968559265,
    -0.04027998819947243
   ],
   [
    0.9994481205940247,
    -0.006629363168030977,
    0.03255070000886917
   ],
   [
    -0.03279085457324982,
    -0.040084727108478546,
    0.9986580610275269
   ]
  ]
 },
 {
  "rotation_euler": [
   -0.03994518145918846,
   0.03086906485259533,
   -0.9809300303459167
  ],
  "euler_order": "XYZ",
  "rotation_matrix": [
   [
    0.5559849143028259,
    0.8296665549278259,
    0.05034071207046509
   ],
   [
    -0.8306191563606262,
    0.5568304657936096,
    -0.0034145284444093704
   ],
   [
    -0.030864162370562553,
    -0.0399155355989933,
    0.9987262487411499
   ]
  ]
 }
]