[
 {
  "rotation_euler": [
   -0.07837782055139542,
   -1.142472505569458,
   2.0025293827056885
  ],
  "euler_order": "XYZ",
  "rotation_matrix": [
   [
    -0.17379991710186005,
    -0.9352571964263916,
    0.3083627223968506
   ],
   [
    0.3772352337837219,
    -0.35247182846069336,
    -0.856421172618866
   ],
   [
    0.909663200378418,
    -0.03252064436674118,
    0.41407153010368347
   ]
  ]
 },
 {
  "rotation_euler": [
   0.08116535097360611,
   -1.135780692100525,
   -1.9720546007156372
  ],
  "euler_order": "XYZ",
  "rotation_matrix": [
   [
    -0.1645987331867218,
    0.9462568759918213,
    0.2783975303173065
   ],
   [
    -0.38795092701911926,
    -0.3216061294078827,
    0.8637496829032898
   ],
   [
    0.9068634510040283,
    0.03416753187775612,
    0.4200372099876404
   ]
  ]
 },
 {
  "rotation_euler": [
   -0.12204937636852264,
   -1.1440526247024536,
   -2.5159075260162354
  ],
  "euler_order": "XYZ",
  "rotation_matrix": [
   [
    -0.33549872040748596,
    0.4914630949497223,
    0.8036819100379944
   ],
   [
    -0.24240678548812866,
    -0.8694393038749695,
    0.4304814636707306
   ],
   [
    0.9103183746337891,
    -0.05039197951555252,
    0.4108297526836395
   ]
  ]
 },
 {
  "rotation_euler": [
   -1.3324902057647705,
   -0.3677057921886444,
   0.7204882502555847
  ],
  "euler_order": "XYZ",
  "rotation_matrix": [
   [
    0.7012503743171692,
    0.10676666349172592,
    -0.7048749923706055
   ],
   [
    0.6156502366065979,
    0.4078550636768341,
    0.6742618083953857
   ],
   [
    0.3594755232334137,
    -0.906782865524292,
    0.2202776074409485
   ]
  ]
 },
 {
  "rotation_euler": [
   -0.14802993834018707,
   -1.144647240638733,
   -3.0885584354400635
  ],
  "euler_order": "XYZ",
  "rotation_matrix": [
   [
    -0.41278618574142456,
    -0.08168059587478638,
    0.9071581363677979
   ],
   [
    -0.021912340074777603,
    -0.9947920441627502,
    -0.09954198449850082
   ],
   [
    0.9105643630027771,
    -0.06096751242876053,
    0.4088466167449951
   ]
  ]
 },
 {
  "rotation_euler": [
   0.16773276031017303,
   -1.1320348978042603,
   -2.952497959136963
  ],
  "euler_order": "XYZ",
  "rotation_matrix": [
   [
    -0.4172460734844208,
    0.333771675825119,
    0.8452823162078857
   ],
   [
    -0.07985305786132812,
    -0.9399821758270264,
    0.3317483961582184
   ],
   [
    0.9052785038948059,
    0.07092233002185822,
    0.41885656118392944
   ]
  ]
 },
 {
  "rotation_euler": [
   -0.44686004519462585,
   -1.1329612731933594,
   2.6139614582061768
  ],
  "euler_order": "XYZ",
  "rotation_matrix": [
   [
    -0.3663193881511688,
    -0.7921972274780273,
    0.4880917966365814
   ],
   [
    0.2134687453508377,
    -0.5821126103401184,
    -0.7845865488052368
   ],
   [
    0.9056716561317444,
    -0.1832169145345688,
    0.38234850764274597
   ]
  ]
 },
 {
  "rotation_euler": [
   -1.3324899673461914,
   -0.367705762386322,
   0.9279865026473999
  ],
  "euler_order": "XYZ",
  "rotation_matrix": [
   [
    0.5593765377998352,
    0.02045300602912903,
    -0.828661322593689
   ],
   [
    0.7469105124473572,
    0.4211016893386841,
    0.5145853757858276
   ],
   [
    0.3594754934310913,
    -0.9067828059196472,
    0.2202778309583664
   ]
  ]
 },
 {
  "rotation_euler": [
   0.18508096039295197,
   -1.1309125423431396,
   -1.7120726108551025
  ],
  "euler_order": "XYZ",
  "rotation_matrix": [
   [
    -0.059960365295410156,
    0.9965739250183105,
    -0.056966379284858704
   ],
   [
    -0.42159175872802734,
    0.026446137577295303,
    0.9064000248908997
   ],
   [
    0.9048011302947998,
    0.07836463302373886,
    0.4185616374015808
   ]
  ]
 },
 {
  "rotation_euler": [
   -1.3324873447418213,
   -0.36771130561828613,
   -2.1614527702331543
  ],
  "euler_order": "XYZ",
  "rotation_matrix": [
   [
    -0.5196785926818848,
    0.0015261663356795907,
    0.8543604612350464
   ],
   [
    -0.7750534415245056,
    -0.4216007590293884,
    -0.4706856608390808
   ],
   [
    0.35948067903518677,
    -0.9067803025245667,
    0.2202797383069992
   ]
  ]
 },
 {
  "rotation_euler": [
   -1.3324886560440063,
   -0.367730975151062,
   -2.8609752655029297
  ],
  "euler_order": "XYZ",
  "rotation_matrix": [
   [
    -0.8966451287269592,
    -0.2702985107898712,
    0.3506653904914856
   ],
   [
    -0.25843364000320435,
    -0.3235740661621094,
    -0.9102262854576111
   ],
   [
    0.3594990372657776,
    -0.9067736864089966,
    0.22027687728405
   ]
  ]
 },
 {
  "rotation_euler": [
   0.08020082116127014,
   -1.1360657215118408,
   -0.06004387512803078
  ],
  "euler_order": "XYZ",
  "rotation_matrix": [
   [
    0.42040708661079407,
    -0.012717008590698242,
    -0.907246470451355
   ],
   [
    -0.02527325041592121,
    0.9993496537208557,
    -0.025719353929162025
   ],
   [
    0.9069835543632507,
    0.03374166786670685,
    0.41981229186058044
   ]
  ]
 },
 {
  "rotation_euler": [
   -1.3324908018112183,
   -0.3677155375480652,
   -2.251398801803589
  ],
  "euler_order": "XYZ",
  "rotation_matrix": [
   [
    -0.587195873260498,
    -0.03635541722178459,
    0.8086280226707458
   ],
   [
    -0.725239098072052,
    -0.42003464698791504,
    -0.5455264449119568
   ],
   [
    0.35948461294174194,
    -0.9067795872688293,
    0.22027625143527985
   ]
  ]
 },
 {
  "rotation_euler": [
   0.24363131821155548,
   -1.1261035203933716,
   0.03785581514239311
  ],
  "euler_order": "XYZ",
  "rotation_matrix": [
   [
    0.42987239360809326,
    -0.25434020161628723,
    -0.8663260340690613
   ],
   [
    0.016280947253108025,
    0.9615313410758972,
    -0.27421239018440247
   ],
   [
    0.902742862701416,
    0.10377172380685806,
    0.4174766540527344
   ]
  ]
 },
 {
  "rotation_euler": [
   0.203077033162117,
   -1.1295372247695923,
   1.466050148010254
  ],
  "euler_order": "XYZ",
  "rotation_matrix": [
   [
    0.04465306177735329,
    -0.9931495785713196,
    0.10798148810863495
   ],
   [
    0.4247375428676605,
    -0.07895997166633606,
    -0.901866614818573
   ],
   [
    0.90421462059021,
    0.0861348956823349,
    0.41830211877822876
   ]
  ]
 },
 {
  "rotation_euler": [
   -0.4288305342197418,
   -1.1346685886383057,
   -0.8411431908607483
  ],
  "euler_order": "XYZ",
  "rotation_matrix": [
   [
    0.28159841895103455,
    0.9291472434997559,
    -0.23955735564231873
   ],
   [
    -0.314883828163147,
    0.3253186345100403,
    0.8916366696357727
   ],
   [
    0.9063942432403564,
    -0.17565074563026428,
    0.3841826617717743
   ]
  ]
 }
]