[
 {
  "rotation_euler": [
   1.5703086853027344,
   1.5128958225250244,
   -1.5896247625350952
  ],
  "euler_order": "XYZ",
  "rotation_matrix": [
   [
    -0.0010895024752244353,
    -0.018308216705918312,
    -0.9998317956924438
   ],
   [
    -0.057857900857925415,
    -0.9981563687324524,
    0.0183405838906765
   ],
   [
    -0.9983242154121399,
    0.05786815285682678,
    2.8218913939781487e-05
   ]
  ]
 },
 {
  "rotation_euler": [
   1.578566551208496,
   -0.6318411231040955,
   -0.10775116086006165
  ],
  "euler_order": "XYZ",
  "rotation_matrix": [
   [
    0.8022615313529968,
    -0.5880239605903625,
    -0.10297685116529465
   ],
   [
    -0.08678072690963745,
    0.05579114332795143,
    -0.9946640133857727
   ],
   [
    0.5906314253807068,
    0.8069170713424683,
    -0.006270052865147591
   ]
  ]
 },
 {
  "rotation_euler": [
   -1.5726820230484009,
   0.42734235525131226,
   0.11092692613601685
  ],
  "euler_order": "XYZ",
  "rotation_matrix": [
   [
    0.904477059841156,
    -0.4116968810558319,
    -0.1114761084318161
   ],
   [
    0.10074441134929657,
    -0.047753866761922836,
    0.993765652179718
   ],
   [
    -0.4144536256790161,
    -0.9100688099861145,
    -0.001716115395538509
   ]
  ]
 },
 {
  "rotation_euler": [
   1.5695608854293823,
   -1.8608362674713135,
   -1.2759230136871338
  ],
  "euler_order": "XYZ",
  "rotation_matrix": [
   [
    -0.08311416953802109,
    -0.27729788422584534,
    -0.9571822881698608
   ],
   [
    0.27364686131477356,
    0.9172325134277344,
    -0.2894856631755829
   ],
   [
    0.9582324624061584,
    -0.28599026799201965,
    -0.00035332440165802836
   ]
  ]
 },
 {
  "rotation_euler": [
   1.5685279369354248,
   -1.0995935201644897,
   -1.284548044204712
  ],
  "euler_order": "XYZ",
  "rotation_matrix": [
   [
    0.1281774789094925,
    -0.24940818548202515,
    -0.959878146648407
   ],
   [
    -0.435486763715744,
    0.8554054498672485,
    -0.28041550517082214
   ],
   [
    0.8910229206085205,
    0.4539571702480316,
    0.0010297535918653011
   ]
  ]
 },
 {
  "rotation_euler": [
   -1.5728152990341187,
   -0.8876298069953918,
   -0.46808114647865295
  ],
  "euler_order": "XYZ",
  "rotation_matrix": [
   [
    0.5633518695831299,
    0.6912409067153931,
    0.45257118344306946
   ],
   [
    -0.28480494022369385,
    -0.3517221212387085,
    0.8917273879051208
   ],
   [
    0.77557772397995,
    -0.63125079870224,
    -0.001274479553103447
   ]
  ]
 },
 {
  "rotation_euler": [
   1.5733206272125244,
   -0.781413733959198,
   -2.063915729522705
  ],
  "euler_order": "XYZ",
  "rotation_matrix": [
   [
    -0.3360583782196045,
    0.3311663866043091,
    -0.88169926404953
   ],
   [
    -0.6253392100334167,
    0.6215686798095703,
    0.47180843353271484
   ],
   [
    0.7042837738990784,
    0.7099162936210632,
    -0.0017920458922162652
   ]
  ]
 },
 {
  "rotation_euler": [
   -1.572468876838684,
   0.5274710655212402,
   -0.5081694722175598
  ],
  "euler_order": "XYZ",
  "rotation_matrix": [
   [
    0.7548943758010864,
    -0.4405580163002014,
    0.48584267497062683
   ],
   [
    -0.42044439911842346,
    0.24345779418945312,
    0.8740450739860535
   ],
   [
    -0.5033497214317322,
    -0.8640815615653992,
    -0.0014452210161834955
   ]
  ]
 },
 {
  "rotation_euler": [
   1.56849205493927,
   1.966366171836853,
   0.9254196882247925
  ],
  "euler_order": "XYZ",
  "rotation_matrix": [
   [
    -0.23177821934223175,
    0.5532075762748718,
    0.8001501560211182
   ],
   [
    -0.30783310532569885,
    0.7385660409927368,
    -0.5997990965843201
   ],
   [
    -0.9227771162986755,
    -0.3853330612182617,
    -0.000887913687620312
   ]
  ]
 },
 {
  "rotation_euler": [
   -1.5727806091308594,
   -1.4485646486282349,
   -0.9381410479545593
  ],
  "euler_order": "XYZ",
  "rotation_matrix": [
   [
    0.07209431380033493,
    0.5852752327919006,
    0.8076232671737671
   ],
   [
    -0.09832972288131714,
    -0.8016149997711182,
    0.5896987318992615
   ],
   [
    0.9925389885902405,
    -0.12192729860544205,
    -0.00024193849822040647
   ]
  ]
 },
 {
  "rotation_euler": [
   1.5698460340499878,
   1.670307993888855,
   -0.08991827815771103
  ],
  "euler_order": "XYZ",
  "rotation_matrix": [
   [
    -0.09894615411758423,
    0.9911177754402161,
    -0.08885534852743149
   ],
   [
    0.008921124041080475,
    -0.08840642124414444,
    -0.9960445165634155
   ],
   [
    -0.9950528144836426,
    -0.09934746474027634,
    -9.440920257475227e-05
   ]
  ]
 },
 {
  "rotation_euler": [
   -1.572395920753479,
   -0.41287124156951904,
   0.40556082129478455
  ],
  "euler_order": "XYZ",
  "rotation_matrix": [
   [
    0.841670036315918,
    0.3693234324455261,
    -0.3939438760280609
   ],
   [
    0.36138245463371277,
    0.156833216547966,
    0.9191333055496216
   ],
   [
    0.4012409448623657,
    -0.9159713387489319,
    -0.0014651835663244128
   ]
  ]
 },
 {
  "rotation_euler": [
   1.5820804834365845,
   -0.0007515595061704516,
   0.45082730054855347
  ],
  "euler_order": "XYZ",
  "rotation_matrix": [
   [
    0.9000867009162903,
    0.004240093287080526,
    0.4356902241706848
   ],
   [
    0.43571019172668457,
    -0.010483947582542896,
    -0.9000259637832642
   ],
   [
    0.0007515594479627907,
    0.999936044216156,
    -0.011283913627266884
   ]
  ]
 },
 {
  "rotation_euler": [
   1.5687942504882812,
   2.178792953491211,
   0.5634565949440002
  ],
  "euler_order": "XYZ",
  "rotation_matrix": [
   [
    -0.48292094469070435,
    0.692840039730072,
    0.5354998111724854
   ],
   [
    -0.3050975203514099,
    0.44008734822273254,
    -0.8445345759391785
   ],
   [
    -0.8207940459251404,
    -0.5712230801582336,
    -0.0011436337372288108
   ]
  ]
 },
 {
  "rotation_euler": [
   1.5827991962432861,
   -0.32536354660987854,
   -1.718449592590332
  ],
  "euler_order": "XYZ",
  "rotation_matrix": [
   [
    -0.13939876854419708,
    0.035151172429323196,
    -0.9896122217178345
   ],
   [
    -0.9372245073318481,
    0.31791815161705017,
    0.14331182837486267
   ],
   [
    0.3196532726287842,
    0.9474663138389587,
    -0.01137286052107811
   ]
  ]
 },
 {
  "rotation_euler": [
   1.5820797681808472,
   0.00043738019303418696,
   1.7803112268447876
  ],
  "euler_order": "XYZ",
  "rotation_matrix": [
   [
    -0.20798541605472565,
    0.010945497080683708,
    0.9780706763267517
   ],
   [
    0.9781318306922913,
    0.0027745298575609922,
    0.2079673707485199
   ],
   [
    -0.00043738019303418696,
    0.9999362230300903,
    -0.011283201165497303
   ]
  ]
 }
]