[
 {
  "rotation_euler": [
   -0.00020372626022435725,
   3.5591428968473338e-06,
   -2.7275378704071045
  ],
  "euler_order": "XYZ",
  "rotation_matrix": [
   [
    -0.9154970049858093,
    0.40232476592063904,
    7.870573608670384e-05
   ],
   [
    -0.40232476592063904,
    -0.9154970049858093,
    -0.0001879427145468071
   ],
   [
    -3.5591428968473338e-06,
    -0.00020372626022435725,
    1.0
   ]
  ]
 },
 {
  "rotation_euler": [
   -0.00020592808141373098,
   -1.4114868918113643e-06,
   -1.583996295928955
  ],
  "euler_order": "XYZ",
  "rotation_matrix": [
   [
    -0.013199585489928722,
    0.9999128580093384,
    0.0002059287653537467
   ],
   [
    -0.9999128580093384,
    -0.013199585489928722,
    -1.3068014368400327e-06
   ],
   [
    1.4114868918113643e-06,
    -0.00020592808141373098,
    1.0
   ]
  ]
 },
 {
  "rotation_euler": [
   -0.00020326183584984392,
   9.249774848285597e-07,
   2.110928535461426
  ],
  "euler_order": "XYZ",
  "rotation_matrix": [
   [
    -0.5142493844032288,
    -0.8576406836509705,
    -0.0001748012873576954
   ],
   [
    0.8576406836509705,
    -0.5142493844032288,
    -0.00010373397526564077
   ],
   [
    -9.249774848285597e-07,
    -0.00020326183584984392,
    1.0
   ]
  ]
 },
 {
  "rotation_euler": [
   -0.0001994148042285815,
   -0.6925740838050842,
   -3.1347413063049316
  ],
  "euler_order": "XYZ",
  "rotation_matrix": [
   [
    -0.7695869207382202,
    0.006723965983837843,
    0.6385067105293274
   ],
   [
    -0.005272789392620325,
    -0.9999774098396301,
    0.004175280220806599
   ],
   [
    0.6385203003883362,
    -0.00015347062435466796,
    0.7696049213409424
   ]
  ]
 },
 {
  "rotation_euler": [
   -0.000202864408493042,
   -1.2499094736995175e-06,
   2.7170751094818115
  ],
  "euler_order": "XYZ",
  "rotation_matrix": [
   [
    -0.9112375378608704,
    -0.4118811786174774,
    -8.241707109846175e-05
   ],
   [
    0.4118812084197998,
    -0.9112375378608704,
    -0.00018537248251959682
   ],
   [
    1.2499094736995175e-06,
    -0.000202864408493042,
    1.0
   ]
  ]
 },
 {
  "rotation_euler": [
   -0.00020352636056486517,
   8.554643500247039e-07,
   2.41825532913208
  ],
  "euler_order": "XYZ",
  "rotation_matrix": [
   [
    -0.7496009469032288,
    -0.6618900299072266,
    -0.0001353533152723685
   ],
   [
    0.6618900299072266,
    -0.7496009469032288,
    -0.0001519973302492872
   ],
   [
    -8.554643500247039e-07,
    -0.00020352636056486517,
    1.0
   ]
  ]
 },
 {
  "rotation_euler": [
   -0.00020141436834819615,
   -1.3845341300111613e-06,
   -2.3043673038482666
  ],
  "euler_order": "XYZ",
  "rotation_matrix": [
   [
    -0.6695263981819153,
    0.7427882552146912,
    0.0001505352120148018
   ],
   [
    -0.7427882552146912,
    -0.6695263385772705,
    -0.00013382382167037576
   ],
   [
    1.3845341300111613e-06,
    -0.00020141436834819615,
    1.0
   ]
  ]
 },
 {
  "rotation_euler": [
   -0.00020354906155262142,
   7.443866820722178e-07,
   -2.914388418197632
  ],
  "euler_order": "XYZ",
  "rotation_matrix": [
   [
    -0.974299967288971,
    0.22525449097156525,
    4.512508530751802e-05
   ],
   [
    -0.22525449097156525,
    -0.974299967288971,
    -0.00019848551892209798
   ],
   [
    -7.443866820722178e-07,
    -0.00020354906155262142,
    1.0
   ]
  ]
 },
 {
  "rotation_euler": [
   -0.00020856143964920193,
   1.2785164926754078e-06,
   1.3477342128753662
  ],
  "euler_order": "XYZ",
  "rotation_matrix": [
   [
    0.22121690213680267,
    -0.9752246141433716,
    -0.00020311142725404352
   ],
   [
    0.9752246141433716,
    0.22121690213680267,
    4.7384157369378954e-05
   ],
   [
    -1.2785164926754078e-06,
    -0.00020856143964920193,
    1.0
   ]
  ]
 },
 {
  "rotation_euler": [
   -0.00020384952949825674,
   -2.9818834264006e-06,
   0.5799481868743896
  ],
  "euler_order": "XYZ",
  "rotation_matrix": [
   [
    0.836491048336029,
    -0.5479806065559387,
    -0.00011419990187278017
   ],
   [
    0.5479806065559387,
    0.836491048336029,
    0.00016888428945094347
   ],
   [
    2.9818834264006e-06,
    -0.00020384952949825674,
    1.0
   ]
  ]
 },
 {
  "rotation_euler": [
   -0.00020209398644510657,
   -2.1942159946775064e-06,
   -0.6498732566833496
  ],
  "euler_order": "XYZ",
  "rotation_matrix": [
   [
    0.7961605191230774,
    0.6050854921340942,
    0.00012053719547111541
   ],
   [
    -0.6050854921340942,
    0.7961604595184326,
    0.00016222693375311792
   ],
   [
    2.1942159946775064e-06,
    -0.00020209398644510657,
    1.0
   ]
  ]
 },
 {
  "rotation_euler": [
   -0.00020330504048615694,
   -1.0157901897400734e-06,
   1.9287577867507935
  ],
  "euler_order": "XYZ",
  "rotation_matrix": [
   [
    -0.35036563873291016,
    -0.9366129636764526,
    -0.00019006224465556443
   ],
   [
    0.9366130232810974,
    -0.35036563873291016,
    -7.218250539153814e-05
   ],
   [
    1.0157901897400734e-06,
    -0.00020330504048615694,
    1.0
   ]
  ]
 },
 {
  "rotation_euler": [
   -0.00020355435844976455,
   -0.6925745606422424,
   -1.2833765745162964
  ],
  "euler_order": "XYZ",
  "rotation_matrix": [
   [
    0.21816657483577728,
    0.9590153098106384,
    -0.18081185221672058
   ],
   [
    -0.7380343079566956,
    0.28335413336753845,
    0.6123853325843811
   ],
   [
    0.6385207176208496,
    -0.00015665638784412295,
    0.7696046233177185
   ]
  ]
 },
 {
  "rotation_euler": [
   -0.00020369645790196955,
   -2.9790601274726214e-06,
   2.333378553390503
  ],
  "euler_order": "XYZ",
  "rotation_matrix": [
   [
    -0.6907908320426941,
    -0.7230546474456787,
    -0.00014522575656883419
   ],
   [
    0.7230546474456787,
    -0.6907908320426941,
    -0.00014286566874943674
   ],
   [
    2.9790601274726214e-06,
    -0.00020369645790196955,
    1.0
   ]
  ]
 },
 {
  "rotation_euler": [
   -0.0002033884375123307,
   9.261524382964126e-07,
   -1.3786282539367676
  ],
  "euler_order": "XYZ",
  "rotation_matrix": [
   [
    0.1909875124692917,
    0.9815924763679504,
    0.00019982144294772297
   ],
   [
    -0.9815924763679504,
    0.1909874975681305,
    3.793554424191825e-05
   ],
   [
    -9.261524382964126e-07,
    -0.0002033884375123307,
    1.0
   ]
  ]
 },
 {
  "rotation_euler": [
   -0.00020276477152947336,
   1.0573594408924691e-06,
   2.4327492713928223
  ],
  "euler_order": "XYZ",
  "rotation_matrix": [
   [
    -0.7591152787208557,
    -0.6509562134742737,
    -0.000132793647935614
   ],
   [
    0.6509562134742737,
    -0.7591152787208557,
    -0.0001532335445517674
   ],
   [
    -1.0573594408924691e-06,
    -0.00020276477152947336,
    1.0
   ]
  ]
 }
]