[
 {
  "rotation_euler": [
   6.092627700127196e-07,
   1.1186228476844917e-07,
   -2.927515983581543
  ],
  "euler_order": "XYZ",
  "rotation_matrix": [
   [
    -0.9771729707717896,
    0.21244525909423828,
    -2.387437803008652e-07
   ],
   [
    -0.21244525909423828,
    -0.9771729707717896,
    5.715904762837454e-07
   ],
   [
    -1.1186228476844917e-07,
    6.092627700127196e-07,
    1.0
   ]
  ]
 },
 {
  "rotation_euler": [
   -2.1574273887381423e-06,
   -3.5031865763812675e-07,
   2.0304408073425293
  ],
  "euler_order": "XYZ",
  "rotation_matrix": [
   [
    -0.44362950325012207,
    -0.896210253238678,
    -1.7780969301384175e-06
   ],
   [
    0.896210253238678,
    -0.44362950325012207,
    -1.2710576129393303e-06
   ],
   [
    3.5031865763812675e-07,
    -2.1574273887381423e-06,
    1.0
   ]
  ]
 },
 {
  "rotation_euler": [
   2.0975162442482542e-06,
   -3.4783505498126033e-07,
   1.5255461931228638
  ],
  "euler_order": "XYZ",
  "rotation_matrix": [
   [
    0.045234691351652145,
    -0.9989764094352722,
    2.079634896290372e-06
   ],
   [
    0.9989764094352722,
    0.045234691351652145,
    -4.423595214575471e-07
   ],
   [
    3.4783505498126033e-07,
    2.0975162442482542e-06,
    1.0
   ]
  ]
 },
 {
  "rotation_euler": [
   1.986351207960979e-06,
   1.296223786084738e-07,
   0.30792540311813354
  ],
  "euler_order": "XYZ",
  "rotation_matrix": [
   [
    0.9529643654823303,
    -0.30308228731155396,
    7.255533773786738e-07
   ],
   [
    0.30308228731155396,
    0.9529643654823303,
    -1.8536356947151944e-06
   ],
   [
    -1.296223786084738e-07,
    1.986351207960979e-06,
    1.0
   ]
  ]
 },
 {
  "rotation_euler": [
   2.0526867956505157e-06,
   9.427694180885737e-08,
   1.9180136919021606
  ],
  "euler_order": "XYZ",
  "rotation_matrix": [
   [
    -0.3402825593948364,
    -0.9403232336044312,
    1.8981082803293248e-06
   ],
   [
    0.9403232336044312,
    -0.3402825593948364,
    7.871443017393176e-07
   ],
   [
    -9.427694180885737e-08,
    2.0526867956505157e-06,
    1.0
   ]
  ]
 },
 {
  "rotation_euler": [
   -5.881151992070954e-07,
   1.2030885443437e-07,
   0.8358539342880249
  ],
  "euler_order": "XYZ",
  "rotation_matrix": [
   [
    0.670544445514679,
    -0.7418693900108337,
    -3.5563223832468793e-07
   ],
   [
    0.7418693900108337,
    0.670544445514679,
    4.836108473682543e-07
   ],
   [
    -1.2030885443437e-07,
    -5.881151992070954e-07,
    1.0
   ]
  ]
 },
 {
  "rotation_euler": [
   -5.244533554105146e-07,
   -1.3865532366708067e-07,
   0.9624078273773193
  ],
  "euler_order": "XYZ",
  "rotation_matrix": [
   [
    0.5715458393096924,
    -0.8205701112747192,
    -5.095986352898763e-07
   ],
   [
    0.8205701112747192,
    0.5715458393096924,
    1.8597272344322846e-07
   ],
   [
    1.3865532366708067e-07,
    -5.244533554105146e-07,
    1.0
   ]
  ]
 },
 {
  "rotation_euler": [
   9.576709771863534e-07,
   -2.086423478431243e-09,
   -1.8712290525436401
  ],
  "euler_order": "XYZ",
  "rotation_matrix": [
   [
    -0.2959335744380951,
    0.9552085399627686,
    -9.141580221694312e-07
   ],
   [
    -0.9552085399627686,
    -0.2959335744380951,
    2.8539997742882406e-07
   ],
   [
    2.086423478431243e-09,
    9.576709771863534e-07,
    1.0
   ]
  ]
 },
 {
  "rotation_euler": [
   9.76852788880933e-07,
   -1.4103814294230688e-07,
   2.282235622406006
  ],
  "euler_order": "XYZ",
  "rotation_matrix": [
   [
    -0.6529245972633362,
    -0.757422924041748,
    8.319779567500518e-07
   ],
   [
    0.757422924041748,
    -0.6529245972633362,
    5.30985687419161e-07
   ],
   [
    1.4103814294230688e-07,
    9.76852788880933e-07,
    1.0
   ]
  ]
 },
 {
  "rotation_euler": [
   1.3895469237468205e-06,
   7.574012528266394e-08,
   1.5397138595581055
  ],
  "euler_order": "XYZ",
  "rotation_matrix": [
   [
    0.031077463179826736,
    -0.9995169639587402,
    1.3912296026319382e-06
   ],
   [
    0.9995169639587402,
    0.031077463179826736,
    3.251994940001168e-08
   ],
   [
    -7.574012528266394e-08,
    1.3895469237468205e-06,
    1.0
   ]
  ]
 },
 {
  "rotation_euler": [
   -7.541212880823878e-07,
   -1.0950282458566107e-08,
   0.8209236264228821
  ],
  "euler_order": "XYZ",
  "rotation_matrix": [
   [
    0.681545615196228,
    -0.7317756414413452,
    -5.593107061940827e-07
   ],
   [
    0.7317756414413452,
    0.681545615196228,
    5.059549152974796e-07
   ],
   [
    1.0950282458566107e-08,
    -7.541212880823878e-07,
    1.0
   ]
  ]
 },
 {
  "rotation_euler": [
   7.221275950541894e-07,
   -8.278314922449681e-09,
   -2.4136366844177246
  ],
  "euler_order": "XYZ",
  "rotation_matrix": [
   [
    -0.7465359568595886,
    0.6653450727462769,
    -4.7428397920157295e-07
   ],
   [
    -0.6653450727462769,
    -0.7465359568595886,
    5.446021305033355e-07
   ],
   [
    8.278314922449681e-09,
    7.221275950541894e-07,
    1.0
   ]
  ]
 },
 {
  "rotation_euler": [
   1.892176896944875e-06,
   -2.0839563319441368e-07,
   2.7544169425964355
  ],
  "euler_order": "XYZ",
  "rotation_matrix": [
   [
    -0.9259791374206543,
    -0.3775746822357178,
    9.074080935533857e-07
   ],
   [
    0.3775746822357178,
    -0.9259791374206543,
    1.6734313703636872e-06
   ],
   [
    2.0839563319441368e-07,
    1.892176896944875e-06,
    1.0
   ]
  ]
 },
 {
  "rotation_euler": [
   -3.0855153454467654e-06,
   -2.7213690145799774e-07,
   1.1109378337860107
  ],
  "euler_order": "XYZ",
  "rotation_matrix": [
   [
    0.4438213109970093,
    -0.8961153030395508,
    -2.885757794501842e-06
   ],
   [
    0.8961153030395508,
    0.4438213109970093,
    1.125551420955162e-06
   ],
   [
    2.7213690145799774e-07,
    -3.0855153454467654e-06,
    1.0
   ]
  ]
 },
 {
  "rotation_euler": [
   -4.7884282139420975e-06,
   -2.542165304930677e-07,
   -2.6428534984588623
  ],
  "euler_order": "XYZ",
  "rotation_matrix": [
   [
    -0.8781863451004028,
    0.4783186614513397,
    2.5136441763606854e-06
   ],
   [
    -0.4783186614513397,
    -0.8781863451004028,
    -4.083535714016762e-06
   ],
   [
    2.542165304930677e-07,
    -4.7884282139420975e-06,
    1.0
   ]
  ]
 },
 {
  "rotation_euler": [
   1.8857404029404279e-06,
   6.162187560221355e-08,
   -1.9579154253005981
  ],
  "euler_order": "XYZ",
  "rotation_matrix": [
   [
    -0.3775222599506378,
    0.9260004758834839,
    -1.7694601410767063e-06
   ],
   [
    -0.9260004758834839,
    -0.3775222599506378,
    6.548470992129296e-07
   ],
   [
    -6.162187560221355e-08,
    1.8857404029404279e-06,
    1.0
   ]
  ]
 }
]