[
 {
  "rotation_euler": [
   -2.565577983856201,
   -1.4766144752502441,
   0.6104637384414673
  ],
  "euler_order": "XYZ",
  "rotation_matrix": [
   [
    0.0770568996667862,
    0.925076425075531,
    0.37188148498535156
   ],
   [
    0.05390973016619682,
    -0.37631070613861084,
    0.9249237775802612
   ],
   [
    0.9955681562423706,
    -0.05122373253107071,
    -0.07886795699596405
   ]
  ]
 },
 {
  "rotation_euler": [
   1.2627999782562256,
   -2.68362073256867e-05,
   1.9656097888946533
  ],
  "euler_order": "XYZ",
  "rotation_matrix": [
   [
    -0.3846360146999359,
    -0.27981820702552795,
    0.8796345591545105
   ],
   [
    0.9230683445930481,
    -0.11662596464157104,
    0.36652863025665283
   ],
   [
    2.68362073256867e-05,
    0.9529429078102112,
    0.30314987897872925
   ]
  ]
 },
 {
  "rotation_euler": [
   1.2629663944244385,
   0.002432256704196334,
   0.14863385260105133
  ],
  "euler_order": "XYZ",
  "rotation_matrix": [
   [
    0.9889714121818542,
    -0.04257676377892494,
    0.141854926943779
   ],
   [
    0.14808674156665802,
    0.2999938726425171,
    -0.9423767924308777
   ],
   [
    -0.0024322543758898973,
    0.9529905319213867,
    0.3029904067516327
   ]
  ]
 },
 {
  "rotation_euler": [
   0.01771259680390358,
   0.009254226461052895,
   1.945997714996338
  ],
  "euler_order": "XYZ",
  "rotation_matrix": [
   [
    -0.3664442300796509,
    -0.9303479790687561,
    0.013088814914226532
   ],
   [
    0.9303939938545227,
    -0.3662499189376831,
    0.01509958878159523
   ],
   [
    -0.0092540942132473,
    0.017710912972688675,
    0.9998003244400024
   ]
  ]
 },
 {
  "rotation_euler": [
   0.8069493174552917,
   -1.8438822031021118,
   -1.9947890043258667
  ],
  "euler_order": "XYZ",
  "rotation_matrix": [
   [
    0.11095709353685379,
    0.9165540933609009,
    -0.3842098116874695
   ],
   [
    0.24582290649414062,
    0.34927254915237427,
    0.9042012095451355
   ],
   [
    0.9629431962966919,
    -0.19477510452270508,
    -0.18655571341514587
   ]
  ]
 },
 {
  "rotation_euler": [
   -1.6598680019378662,
   -1.7723368406295776,
   0.36048001050949097
  ],
  "euler_order": "XYZ",
  "rotation_matrix": [
   [
    -0.18731293082237244,
    0.94452965259552,
    -0.2697732448577881
   ],
   [
    -0.07060778886079788,
    0.26097744703292847,
    0.9627591967582703
   ],
   [
    0.9797593355178833,
    0.19938534498214722,
    0.017806703224778175
   ]
  ]
 },
 {
  "rotation_euler": [
   0.788239598274231,
   -1.8116165399551392,
   -0.1525910198688507
  ],
  "euler_order": "XYZ",
  "rotation_matrix": [
   [
    -0.23572802543640137,
    -0.5734742283821106,
    -0.7845760583877563
   ],
   [
    0.03625177964568138,
    0.8015764355659485,
    -0.5967922806739807
   ],
   [
    0.9711427092552185,
    -0.16912294924259186,
    -0.16816456615924835
   ]
  ]
 },
 {
  "rotation_euler": [
   -1.5845909118652344,
   -1.6715186834335327,
   1.1530801057815552
  ],
  "euler_order": "XYZ",
  "rotation_matrix": [
   [
    -0.04079139977693558,
    0.41618776321411133,
    -0.9083632826805115
   ],
   [
    -0.09190644323825836,
    0.9037029147148132,
    0.4181796908378601
   ],
   [
    0.9949318170547485,
    0.1005425751209259,
    0.0013870310503989458
   ]
  ]
 },
 {
  "rotation_euler": [
   0.0023103158455342054,
   -0.007629884406924248,
   3.0483639240264893
  ],
  "euler_order": "XYZ",
  "rotation_matrix": [
   [
    -0.9956283569335938,
    -0.0930759385228157,
    0.0078117321245372295
   ],
   [
    0.09309102594852448,
    -0.9956563115119934,
    0.0015899952268227935
   ],
   [
    0.007629810366779566,
    0.0023102464620023966,
    0.9999682307243347
   ]
  ]
 },
 {
  "rotation_euler": [
   1.435577392578125,
   1.1999884843826294,
   1.1461411714553833
  ],
  "euler_order": "XYZ",
  "rotation_matrix": [
   [
    0.14929820597171783,
    0.2576654851436615,
    0.9546300768852234
   ],
   [
    0.3301832377910614,
    0.8970417380332947,
    -0.29376035928726196
   ],
   [
    -0.9320349097251892,
    0.35906073451042175,
    0.04884989932179451
   ]
  ]
 },
 {
  "rotation_euler": [
   1.7736796140670776,
   1.5123133659362793,
   0.037424683570861816
  ],
  "euler_order": "XYZ",
  "rotation_matrix": [
   [
    0.0584086999297142,
    0.9846695065498352,
    -0.16436044871807098
   ],
   [
    0.002186948200687766,
    -0.1647673398256302,
    -0.9863300323486328
   ],
   [
    -0.9982903599739075,
    0.05725080892443657,
    -0.011777267791330814
   ]
  ]
 },
 {
  "rotation_euler": [
   0.4891350567340851,
   1.6597769260406494,
   -2.5088579654693604
  ],
  "euler_order": "XYZ",
  "rotation_matrix": [
   [
    0.07166049629449844,
    0.1446056216955185,
    -0.9868910908699036
   ],
   [
    0.05254947021603584,
    -0.9886080622673035,
    -0.14104145765304565
   ],
   [
    -0.996043860912323,
    -0.04175350069999695,
    -0.07844308763742447
   ]
  ]
 },
 {
  "rotation_euler": [
   2.0031800270080566,
   1.5230084657669067,
   1.1349279880523682
  ],
  "euler_order": "XYZ",
  "rotation_matrix": [
   [
    0.02016824670135975,
    0.7627630233764648,
    0.6463635563850403
   ],
   [
    0.043303389102220535,
    0.6452219486236572,
    -0.76276695728302
   ],
   [
    -0.9988583922386169,
    0.04337340593338013,
    -0.02001722902059555
   ]
  ]
 },
 {
  "rotation_euler": [
   1.7211661338806152,
   1.5068532228469849,
   -0.37543174624443054
  ],
  "euler_order": "XYZ",
  "rotation_matrix": [
   [
    0.05944889783859253,
    0.8630420565605164,
    -0.5016216039657593
   ],
   [
    -0.023430313915014267,
    -0.5011655688285828,
    -0.8650341629981995
   ],
   [
    -0.9979563355445862,
    0.06317847967147827,
    -0.009572392329573631
   ]
  ]
 },
 {
  "rotation_euler": [
   -1.4771270751953125,
   1.639285922050476,
   1.5318735837936401
  ],
  "euler_order": "XYZ",
  "rotation_matrix": [
   [
    -0.002663046820089221,
    -0.1321129947900772,
    -0.9912310838699341
   ],
   [
    -0.06838423013687134,
    -0.9888901114463806,
    0.13198471069335938
   ],
   [
    -0.9976555109024048,
    0.0681360587477684,
    -0.006400984711945057
   ]
  ]
 },
 {
  "rotation_euler": [
   1.267561674118042,
   0.06892427057027817,
   1.6218575239181519
  ],
  "euler_order": "XYZ",
  "rotation_matrix": [
   [
    -0.05091782659292221,
    -0.30157431960105896,
    0.952082097530365
   ],
   [
    0.9963254332542419,
    0.05040120705962181,
    0.06924869120121002
   ],
   [
    -0.0688697099685669,
    0.9521095752716064,
    0.29789984226226807
   ]
  ]
 }
]