[
 {
  "rotation_euler": [
   -1.0627704858779907,
   -0.9859233498573303,
   1.2132152318954468
  ],
  "euler_order": "XYZ",
  "rotation_matrix": [
   [
    0.19323788583278656,
    -0.20070818066596985,
    -0.9604037404060364
   ],
   [
    0.5171714425086975,
    0.8526650071144104,
    -0.0741351991891861
   ],
   [
    0.8337821960449219,
    -0.48236769437789917,
    0.2685677409172058
   ]
  ]
 },
 {
  "rotation_euler": [
   -1.0627702474594116,
   -0.9859235882759094,
   2.2101056575775146
  ],
  "euler_order": "XYZ",
  "rotation_matrix": [
   [
    -0.3294016718864441,
    -0.8250247836112976,
    -0.45916086435317993
   ],
   [
    0.4430592954158783,
    0.2943735718727112,
    -0.8467836976051331
   ],
   [
    0.8337823748588562,
    -0.48236745595932007,
    0.2685677409172058
   ]
  ]
 },
 {
  "rotation_euler": [
   -1.0627708435058594,
   -0.9859228730201721,
   1.2493208646774292
  ],
  "euler_order": "XYZ",
  "rotation_matrix": [
   [
    0.174443319439888,
    -0.2313564121723175,
    -0.9571017622947693
   ],
   [
    0.5238102674484253,
    0.844864010810852,
    -0.10875491052865982
   ],
   [
    0.8337819576263428,
    -0.482368141412735,
    0.2685677409172058
   ]
  ]
 },
 {
  "rotation_euler": [
   -1.0627708435058594,
   -0.9859236478805542,
   2.6537253856658936
  ],
  "euler_order": "XYZ",
  "rotation_matrix": [
   [
    -0.4876830279827118,
    -0.8715142011642456,
    -0.05126699060201645
   ],
   [
    0.25878986716270447,
    -0.08823026716709137,
    -0.9618956446647644
   ],
   [
    0.8337823748588562,
    -0.4823675751686096,
    0.26856744289398193
   ]
  ]
 },
 {
  "rotation_euler": [
   2.078822612762451,
   -2.1556692123413086,
   0.13060450553894043
  ],
  "euler_order": "XYZ",
  "rotation_matrix": [
   [
    -0.547391414642334,
    -0.6589240431785583,
    0.5159280300140381
   ],
   [
    -0.07190106809139252,
    -0.5771834254264832,
    -0.8134430050849915
   ],
   [
    0.8337822556495667,
    -0.48236748576164246,
    0.26856788992881775
   ]
  ]
 },
 {
  "rotation_euler": [
   -1.0628182888031006,
   -0.9858761429786682,
   2.6357100009918213
  ],
  "euler_order": "XYZ",
  "rotation_matrix": [
   [
    -0.4829765856266022,
    -0.872938871383667,
    -0.06863923370838165
   ],
   [
    0.26755237579345703,
    -0.0724816545844078,
    -0.9608132839202881
   ],
   [
    0.833756148815155,
    -0.4824149012565613,
    0.26856380701065063
   ]
  ]
 },
 {
  "rotation_euler": [
   -1.0627700090408325,
   -0.9859235882759094,
   -1.5160332918167114
  ],
  "euler_order": "XYZ",
  "rotation_matrix": [
   [
    0.030219193547964096,
    0.525598406791687,
    0.8501959443092346
   ],
   [
    -0.5512655973434448,
    -0.7007624506950378,
    0.45281141996383667
   ],
   [
    0.8337823748588562,
    -0.4823673963546753,
    0.26856786012649536
   ]
  ]
 },
 {
  "rotation_euler": [
   -1.062770962715149,
   -0.9859235286712646,
   1.1958787441253662
  ],
  "euler_order": "XYZ",
  "rotation_matrix": [
   [
    0.20217427611351013,
    -0.18589605391025543,
    -0.9615446925163269
   ],
   [
    0.5137436985969543,
    0.8560163974761963,
    -0.05747450143098831
   ],
   [
    0.8337823152542114,
    -0.48236769437789917,
    0.26856741309165955
   ]
  ]
 },
 {
  "rotation_euler": [
   -1.0627702474594116,
   -0.9859236478805542,
   2.552842378616333
  ],
  "euler_order": "XYZ",
  "rotation_matrix": [
   [
    -0.45914024114608765,
    -0.8759689927101135,
    -0.1478802114725113
   ],
   [
    0.30658960342407227,
    -1.0326783012715168e-05,
    -0.9518418312072754
   ],
   [
    0.8337823748588562,
    -0.4823673963546753,
    0.2685677111148834
   ]
  ]
 },
 {
  "rotation_euler": [
   2.0788228511810303,
   -2.1556689739227295,
   -0.26210302114486694
  ],
  "euler_order": "XYZ",
  "rotation_matrix": [
   [
    -0.5332376956939697,
    -0.829647421836853,
    0.16535644233226776
   ],
   [
    0.14305415749549866,
    -0.28108182549476624,
    -0.9489617943763733
   ],
   [
    0.8337823748588562,
    -0.48236724734306335,
    0.26856791973114014
   ]
  ]
 },
 {
  "rotation_euler": [
   -1.062771201133728,
   -0.9859215617179871,
   -2.4651896953582764
  ],
  "euler_order": "XYZ",
  "rotation_matrix": [
   [
    -0.43053993582725525,
    -0.2635749876499176,
    0.8632286190986633
   ],
   [
    -0.34560704231262207,
    -0.8353731036186218,
    -0.4274430572986603
   ],
   [
    0.8337812423706055,
    -0.48236918449401855,
    0.26856809854507446
   ]
  ]
 },
 {
  "rotation_euler": [
   2.0788228511810303,
   -2.1556692123413086,
   -0.40097227692604065
  ],
  "euler_order": "XYZ",
  "rotation_matrix": [
   [
    -0.5083024501800537,
    -0.8605687022209167,
    0.032406050711870193
   ],
   [
    0.21548961102962494,
    -0.16353335976600647,
    -0.9627154469490051
   ],
   [
    0.8337822556495667,
    -0.4823674261569977,
    0.2685680091381073
   ]
  ]
 },
 {
  "rotation_euler": [
   -1.0627697706222534,
   -0.9859236478805542,
   -1.456394076347351
  ],
  "euler_order": "XYZ",
  "rotation_matrix": [
   [
    0.06302302330732346,
    0.5664322972297668,
    0.8216949105262756
   ],
   [
    -0.5484843254089355,
    -0.6681888103485107,
    0.5026815533638
   ],
   [
    0.8337823748588562,
    -0.48236727714538574,
    0.2685679495334625
   ]
  ]
 },
 {
  "rotation_euler": [
   -1.062768816947937,
   -0.985924243927002,
   2.6619832515716553
  ],
  "euler_order": "XYZ",
  "rotation_matrix": [
   [
    -0.4898029863834381,
    -0.870756208896637,
    -0.043320219963788986
   ],
   [
    0.25475361943244934,
    -0.09542584419250488,
    -0.9622860550880432
   ],
   [
    0.8337827324867249,
    -0.4823665916919708,
    0.26856815814971924
   ]
  ]
 },
 {
  "rotation_euler": [
   -1.062770128250122,
   -0.9859229922294617,
   -2.1491217613220215
  ],
  "euler_order": "XYZ",
  "rotation_matrix": [
   [
    -0.301786869764328,
    0.009142284281551838,
    0.9533315896987915
   ],
   [
    -0.46231183409690857,
    -0.8759210705757141,
    -0.137949600815773
   ],
   [
    0.8337820172309875,
    -0.4823678433895111,
    0.2685680389404297
   ]
  ]
 },
 {
  "rotation_euler": [
   -1.0627707242965698,
   -0.9859235286712646,
   1.26028311252594
  ],
  "euler_order": "XYZ",
  "rotation_matrix": [
   [
    0.16869065165519714,
    -0.2406039535999298,
    -0.9558520913124084
   ],
   [
    0.525690495967865,
    0.8422774076461792,
    -0.1192404180765152
   ],
   [
    0.8337823152542114,
    -0.482367604970932,
    0.2685675323009491
   ]
  ]
 }
]