[
 {
  "rotation_euler": [
   0.035197194665670395,
   0.000422980054281652,
   1.882167935371399
  ],
  "euler_order": "XYZ",
  "rotation_matrix": [
   [
    -0.3063645362854004,
    -0.951329231262207,
    0.03336828947067261
   ],
   [
    0.9519141912460327,
    -0.30616065859794617,
    0.011183339171111584
   ],
   [
    -0.000422980054281652,
    0.0351899228990078,
    0.9993805289268494
   ]
  ]
 },
 {
  "rotation_euler": [
   0.03519577160477638,
   0.00043349002953618765,
   -0.49843186140060425
  ],
  "euler_order": "XYZ",
  "rotation_matrix": [
   [
    0.8783332109451294,
    0.47776612639427185,
    -0.016441309824585915
   ],
   [
    -0.47804874181747437,
    0.8777820467948914,
    -0.031114336103200912
   ],
   [
    -0.00043349002953618765,
    0.03518850356340408,
    0.9993805885314941
   ]
  ]
 },
 {
  "rotation_euler": [
   0.03519715368747711,
   0.00042733881855383515,
   -2.646239995956421
  ],
  "euler_order": "XYZ",
  "rotation_matrix": [
   [
    -0.8798010349273682,
    0.47503432631492615,
    -0.01710296981036663
   ],
   [
    -0.47534191608428955,
    -0.8792633414268494,
    0.03075709566473961
   ],
   [
    -0.00042733881855383515,
    0.035189881920814514,
    0.9993805289268494
   ]
  ]
 },
 {
  "rotation_euler": [
   0.03519539535045624,
   0.0004186021978966892,
   1.6589597463607788
  ],
  "euler_order": "XYZ",
  "rotation_matrix": [
   [
    -0.08804924041032791,
    -0.9955005049705505,
    0.03501462936401367
   ],
   [
    0.996116042137146,
    -0.08798004686832428,
    0.003515006508678198
   ],
   [
    -0.0004186021978966892,
    0.03518812730908394,
    0.9993806481361389
   ]
  ]
 },
 {
  "rotation_euler": [
   0.035196252167224884,
   0.00043012131936848164,
   0.2768048346042633
  ],
  "euler_order": "XYZ",
  "rotation_matrix": [
   [
    0.961933434009552,
    -0.2730996906757355,
    0.010030061937868595
   ],
   [
    0.2732834815979004,
    0.961341917514801,
    -0.03373199328780174
   ],
   [
    -0.00043012131936848164,
    0.035188984125852585,
    0.9993805885314941
   ]
  ]
 },
 {
  "rotation_euler": [
   0.031066855415701866,
   -1.4359705448150635,
   -1.7358232736587524
  ],
  "euler_order": "XYZ",
  "rotation_matrix": [
   [
    -0.02208198979496956,
    0.9909944534301758,
    0.1320696473121643
   ],
   [
    -0.13259147107601166,
    -0.13383784890174866,
    0.9820931553840637
   ],
   [
    0.9909247756004333,
    0.004175262991338968,
    0.13435281813144684
   ]
  ]
 },
 {
  "rotation_euler": [
   0.03519648313522339,
   0.0004298951243981719,
   -2.1241869926452637
  ],
  "euler_order": "XYZ",
  "rotation_matrix": [
   [
    -0.525574803352356,
    0.8502125144004822,
    -0.030162936076521873
   ],
   [
    -0.850747287273407,
    -0.5252622365951538,
    0.01812906190752983
   ],
   [
    -0.0004298951243981719,
    0.03518921509385109,
    0.9993805885314941
   ]
  ]
 },
 {
  "rotation_euler": [
   0.03519389405846596,
   0.0004180966643616557,
   -0.6286590695381165
  ],
  "euler_order": "XYZ",
  "rotation_matrix": [
   [
    0.8088167309761047,
    0.5877084732055664,
    -0.02035392075777054
   ],
   [
    -0.5880606770515442,
    0.8083072900772095,
    -0.028705250471830368
   ],
   [
    -0.0004180966643616557,
    0.03518662601709366,
    0.9993806481361389
   ]
  ]
 },
 {
  "rotation_euler": [
   0.035196028649806976,
   0.00041827437235042453,
   -2.6484010219573975
  ],
  "euler_order": "XYZ",
  "rotation_matrix": [
   [
    -0.8808262348175049,
    0.473133385181427,
    -0.017027951776981354
   ],
   [
    -0.4734395146369934,
    -0.880287766456604,
    0.030797282233834267
   ],
   [
    -0.00041827437235042453,
    0.03518876060843468,
    0.9993805885314941
   ]
  ]
 },
 {
  "rotation_euler": [
   0.03519508242607117,
   0.00041681891889311373,
   0.15308712422847748
  ],
  "euler_order": "XYZ",
  "rotation_matrix": [
   [
    0.9883049726486206,
    -0.15238094329833984,
    0.005777474958449602
   ],
   [
    0.15248985588550568,
    0.9876952171325684,
    -0.0347127765417099
   ],
   [
    -0.00041681891889311373,
    0.03518781438469887,
    0.9993806481361389
   ]
  ]
 },
 {
  "rotation_euler": [
   0.035197194665670395,
   0.0004231224302202463,
   -1.2645041942596436
  ],
  "euler_order": "XYZ",
  "rotation_matrix": [
   [
    0.30152538418769836,
    0.952872097492218,
    -0.03342461958527565
   ],
   [
    -0.9534580707550049,
    0.3013244867324829,
    -0.011013837531208992
   ],
   [
    -0.0004231224302202463,
    0.0351899228990078,
    0.9993805289268494
   ]
  ]
 },
 {
  "rotation_euler": [
   0.03519483283162117,
   0.0004191934422124177,
   -0.5097424387931824
  ],
  "euler_order": "XYZ",
  "rotation_matrix": [
   [
    0.872870147228241,
    0.4876631498336792,
    -0.016804184764623642
   ],
   [
    -0.48795241117477417,
    0.8723224997520447,
    -0.030918600037693977
   ],
   [
    -0.0004191934422124177,
    0.03518756479024887,
    0.9993806481361389
   ]
  ]
 },
 {
  "rotation_euler": [
   0.03519563749432564,
   0.0004192059859633446,
   -0.7256267666816711
  ],
  "euler_order": "XYZ",
  "rotation_matrix": [
   [
    0.7480835914611816,
    0.6632044911384583,
    -0.023037752136588097
   ],
   [
    -0.6636043787002563,
    0.7476105690002441,
    -0.02660186029970646
   ],
   [
    -0.0004192059859633446,
    0.03518836945295334,
    0.9993805885314941
   ]
  ]
 },
 {
  "rotation_euler": [
   -1.6873995065689087,
   1.3632129430770874,
   1.394914150238037
  ],
  "euler_order": "XYZ",
  "rotation_matrix": [
   [
    0.03606197237968445,
    -0.05551335960626602,
    -0.9978064894676208
   ],
   [
    0.2029162347316742,
    -0.9772500395774841,
    0.06170334294438362
   ],
   [
    -0.9785318374633789,
    -0.20469628274440765,
    -0.023977002128958702
   ]
  ]
 },
 {
  "rotation_euler": [
   -0.06630832701921463,
   1.4273253679275513,
   -1.6280848979949951
  ],
  "euler_order": "XYZ",
  "rotation_matrix": [
   [
    -0.008186598308384418,
    0.9999203681945801,
    0.009606619365513325
   ],
   [
    -0.14274470508098602,
    0.008339976891875267,
    -0.9897243976593018
   ],
   [
    -0.9897257089614868,
    -0.009473769925534725,
    0.1426650583744049
   ]
  ]
 },
 {
  "rotation_euler": [
   0.03519778698682785,
   0.0004335277189966291,
   1.3852980136871338
  ],
  "euler_order": "XYZ",
  "rotation_matrix": [
   [
    0.18443630635738373,
    -0.982232928276062,
    0.03466671705245972
   ],
   [
    0.982844352722168,
    0.1843370795249939,
    -0.006064583547413349
   ],
   [
    -0.0004335277189966291,
    0.03519051522016525,
    0.9993805289268494
   ]
  ]
 }
]