[
 {
  "rotation_euler": [
   -0.7729148268699646,
   -0.3626045882701874,
   -1.6944248676300049
  ],
  "euler_order": "XYZ",
  "rotation_matrix": [
   [
    -0.11529551446437836,
    0.6798738241195679,
    0.7242088913917542
   ],
   [
    -0.9278401136398315,
    -0.3340552747249603,
    0.1658908724784851
   ],
   [
    0.3547106683254242,
    -0.6528235673904419,
    0.6693292856216431
   ]
  ]
 },
 {
  "rotation_euler": [
   -0.7729151248931885,
   -0.36260509490966797,
   -1.2811450958251953
  ],
  "euler_order": "XYZ",
  "rotation_matrix": [
   [
    0.2670459747314453,
    0.7567958235740662,
    0.5966125130653381
   ],
   [
    -0.8960281610488892,
    -0.032883502542972565,
    0.4427778422832489
   ],
   [
    0.3547111451625824,
    -0.6528236269950867,
    0.6693289875984192
   ]
  ]
 },
 {
  "rotation_euler": [
   -0.7729141116142273,
   -0.3626071810722351,
   2.77396821975708
  ],
  "euler_order": "XYZ",
  "rotation_matrix": [
   [
    -0.8725036978721619,
    -0.48840761184692383,
    -0.013976666145026684
   ],
   [
    0.33602970838546753,
    -0.5790343880653381,
    -0.7428345680236816
   ],
   [
    0.3547130823135376,
    -0.6528224349021912,
    0.6693291068077087
   ]
  ]
 },
 {
  "rotation_euler": [
   -0.772912859916687,
   -0.36259880661964417,
   -1.104600429534912
  ],
  "euler_order": "XYZ",
  "rotation_matrix": [
   [
    0.42026466131210327,
    0.7508071660995483,
    0.5095745921134949
   ],
   [
    -0.8352016806602478,
    0.10054782032966614,
    0.5406739711761475
   ],
   [
    0.35470524430274963,
    -0.6528236865997314,
    0.6693320870399475
   ]
  ]
 },
 {
  "rotation_euler": [
   -0.7729146480560303,
   -0.3626045882701874,
   -0.6637609004974365
  ],
  "euler_order": "XYZ",
  "rotation_matrix": [
   [
    0.7364627122879028,
    0.6361241936683655,
    0.23014919459819794
   ],
   [
    -0.5760234594345093,
    0.41129979491233826,
    0.7064201831817627
   ],
   [
    0.3547106683254242,
    -0.6528234481811523,
    0.6693294048309326
   ]
  ]
 },
 {
  "rotation_euler": [
   -0.7729133367538452,
   -0.36259961128234863,
   2.3039565086364746
  ],
  "euler_order": "XYZ",
  "rotation_matrix": [
   [
    -0.6257070302963257,
    -0.6976858973503113,
    -0.3488912582397461
   ],
   [
    0.6947476863861084,
    -0.29505160450935364,
    -0.6559498310089111
   ],
   [
    0.3547060191631317,
    -0.652823805809021,
    0.6693315505981445
   ]
  ]
 },
 {
  "rotation_euler": [
   -0.772914469242096,
   -0.36260414123535156,
   -3.0091958045959473
  ],
  "euler_order": "XYZ",
  "rotation_matrix": [
   [
    -0.9267936944961548,
    -0.15099647641181946,
    0.3438801169395447
   ],
   [
    -0.12342658638954163,
    -0.7423083186149597,
    -0.6585926413536072
   ],
   [
    0.35471025109291077,
    -0.6528234481811523,
    0.6693296432495117
   ]
  ]
 },
 {
  "rotation_euler": [
   -0.7729146480560303,
   -0.36260682344436646,
   -2.619821548461914
  ],
  "euler_order": "XYZ",
  "rotation_matrix": [
   [
    -0.8105654716491699,
    0.1420918107032776,
    0.5681492686271667
   ],
   [
    -0.4660069942474365,
    -0.7440646290779114,
    -0.4787538945674896
   ],
   [
    0.35471275448799133,
    -0.6528229117393494,
    0.6693288683891296
   ]
  ]
 },
 {
  "rotation_euler": [
   -0.7729121446609497,
   -0.36259710788726807,
   -0.9377257823944092
  ],
  "euler_order": "XYZ",
  "rotation_matrix": [
   [
    0.5531550049781799,
    0.7236759662628174,
    0.4126894772052765
   ],
   [
    -0.7537936568260193,
    0.2238624095916748,
    0.617803156375885
   ],
   [
    0.3547036647796631,
    -0.6528236269950867,
    0.6693329811096191
   ]
  ]
 },
 {
  "rotation_euler": [
   -0.7729140520095825,
   -0.3626067042350769,
   -2.7541518211364746
  ],
  "euler_order": "XYZ",
  "rotation_matrix": [
   [
    -0.8656740784645081,
    0.04116203263401985,
    0.4989129304885864
   ],
   [
    -0.3532525599002838,
    -0.756391704082489,
    -0.5505308508872986
   ],
   [
    0.3547126352787018,
    -0.6528225541114807,
    0.6693292856216431
   ]
  ]
 },
 {
  "rotation_euler": [
   -0.772915244102478,
   -0.3626045286655426,
   3.02587628364563
  ],
  "euler_order": "XYZ",
  "rotation_matrix": [
   [
    -0.9287233352661133,
    -0.3286656141281128,
    0.17161551117897034
   ],
   [
    0.10795075446367264,
    -0.6824953556060791,
    -0.7228739261627197
   ],
   [
    0.3547106087207794,
    -0.6528238654136658,
    0.669329047203064
   ]
  ]
 },
 {
  "rotation_euler": [
   -0.7729138731956482,
   -0.3626033067703247,
   1.587878942489624
  ],
  "euler_order": "XYZ",
  "rotation_matrix": [
   [
    -0.015971068292856216,
    -0.7200053334236145,
    -0.693784773349762
   ],
   [
    0.9348401427268982,
    0.23540209233760834,
    -0.2658189833164215
   ],
   [
    0.3547094762325287,
    -0.652823269367218,
    0.6693302392959595
   ]
  ]
 },
 {
  "rotation_euler": [
   -0.7729154825210571,
   -0.3626062273979187,
   -0.3605225682258606
  ],
  "euler_order": "XYZ",
  "rotation_matrix": [
   [
    0.8748683929443359,
    0.484282523393631,
    0.008702107705175877
   ],
   [
    -0.3298250138759613,
    0.5824875831604004,
    0.7429156303405762
   ],
   [
    0.35471218824386597,
    -0.6528236269950867,
    0.6693284511566162
   ]
  ]
 },
 {
  "rotation_euler": [
   -0.7729145288467407,
   -0.36260557174682617,
   1.2491087913513184
  ],
  "euler_order": "XYZ",
  "rotation_matrix": [
   [
    0.29560941457748413,
    -0.6008516550064087,
    -0.7426926493644714
   ],
   [
    0.8870145082473755,
    0.4613017141819,
    -0.02014837972819805
   ],
   [
    0.3547115921974182,
    -0.6528231501579285,
    0.6693292856216431
   ]
  ]
 },
 {
  "rotation_euler": [
   -0.7729121446609497,
   -0.3625970184803009,
   -1.0898689031600952
  ],
  "euler_order": "XYZ",
  "rotation_matrix": [
   [
    0.4325226843357086,
    0.7492443323135376,
    0.5015546679496765
   ],
   [
    -0.8289206624031067,
    0.11159846931695938,
    0.5481206774711609
   ],
   [
    0.3547035753726959,
    -0.6528236269950867,
    0.6693329811096191
   ]
  ]
 },
 {
  "rotation_euler": [
   -0.7729139924049377,
   -0.3626026511192322,
   -1.7170767784118652
  ],
  "euler_order": "XYZ",
  "rotation_matrix": [
   [
    -0.1362815946340561,
    0.6721338629722595,
    0.727779746055603
   ],
   [
    -0.9249913096427917,
    -0.34936732053756714,
    0.14944401383399963
   ],
   [
    0.35470885038375854,
    -0.6528235077857971,
    0.669330358505249
   ]
  ]
 }
]