[
 {
  "rotation_euler": [
   -0.018702268600463867,
   0.00032658877898938954,
   2.9783122539520264
  ],
  "euler_order": "XYZ",
  "rotation_matrix": [
   [
    -0.9866992831230164,
    -0.1625213921070099,
    -0.003362174378708005
   ],
   [
    0.16255582869052887,
    -0.9865278005599976,
    -0.01839936152100563
   ],
   [
    -0.00032658877898938954,
    -0.018701177090406418,
    0.9998250603675842
   ]
  ]
 },
 {
  "rotation_euler": [
   -0.018702268600463867,
   0.0003264222468715161,
   0.40127092599868774
  ],
  "euler_order": "XYZ",
  "rotation_matrix": [
   [
    0.9205653071403503,
    -0.3905259370803833,
    -0.007004027254879475
   ],
   [
    0.3905886113643646,
    0.920401930809021,
    0.017343131825327873
   ],
   [
    -0.0003264222468715161,
    -0.018701177090406418,
    0.9998250603675842
   ]
  ]
 },
 {
  "rotation_euler": [
   -0.01870228908956051,
   0.00032651680521667004,
   0.2656855285167694
  ],
  "euler_order": "XYZ",
  "rotation_matrix": [
   [
    0.9649126529693604,
    -0.26253077387809753,
    -0.004595383536070585
   ],
   [
    0.2625707983970642,
    0.9647423624992371,
    0.018130743876099586
   ],
   [
    -0.00032651680521667004,
    -0.01870119757950306,
    0.9998250603675842
   ]
  ]
 },
 {
  "rotation_euler": [
   -0.01870228722691536,
   0.0003265109844505787,
   -1.480516791343689
  ],
  "euler_order": "XYZ",
  "rotation_matrix": [
   [
    0.09015694260597229,
    0.9957528710365295,
    0.018654469400644302
   ],
   [
    -0.9959275126457214,
    0.09014726430177689,
    0.0013609185116365552
   ],
   [
    -0.0003265109844505787,
    -0.01870119571685791,
    0.9998250603675842
   ]
  ]
 },
 {
  "rotation_euler": [
   -0.01870228722691536,
   0.0003265069390181452,
   -1.6159729957580566
  ],
  "euler_order": "XYZ",
  "rotation_matrix": [
   [
    -0.04516129940748215,
    0.9988052845001221,
    0.018667373806238174
   ],
   [
    -0.9989796280860901,
    -0.045147307217121124,
    -0.0011706871446222067
   ],
   [
    -0.0003265069390181452,
    -0.01870119571685791,
    0.9998250603675842
   ]
  ]
 },
 {
  "rotation_euler": [
   -0.01870226114988327,
   0.00032657847623340786,
   -2.01792573928833
  ],
  "euler_order": "XYZ",
  "rotation_matrix": [
   [
    -0.4323789179325104,
    0.9015369415283203,
    0.016721514984965324
   ],
   [
    -0.9016919732093811,
    -0.43229782581329346,
    -0.008380413986742496
   ],
   [
    -0.00032657847623340786,
    -0.01870116963982582,
    0.9998250603675842
   ]
  ]
 },
 {
  "rotation_euler": [
   -0.018702268600463867,
   0.000326609326293692,
   -0.2666630148887634
  ],
  "euler_order": "XYZ",
  "rotation_matrix": [
   [
    0.9646555781364441,
    0.2634618878364563,
    0.005243030376732349
   ],
   [
    -0.26351386308670044,
    0.9644885063171387,
    0.01795414462685585
   ],
   [
    -0.000326609326293692,
    -0.018701177090406418,
    0.9998250603675842
   ]
  ]
 },
 {
  "rotation_euler": [
   -0.018702205270528793,
   0.00032607835601083934,
   1.425196886062622
  ],
  "euler_order": "XYZ",
  "rotation_matrix": [
   [
    0.14508554339408875,
    -0.9892469644546509,
    -0.01845593936741352
   ],
   [
    0.9894190430641174,
    0.1450541466474533,
    0.0030358333606272936
   ],
   [
    -0.00032607835601083934,
    -0.018701113760471344,
    0.9998250603675842
   ]
  ]
 },
 {
  "rotation_euler": [
   -0.018702249974012375,
   0.0003265381383243948,
   -0.47357505559921265
  ],
  "euler_order": "XYZ",
  "rotation_matrix": [
   [
    0.8899434804916382,
    0.4559856057167053,
    0.00881960242986679
   ],
   [
    -0.45607078075408936,
    0.8897906541824341,
    0.01649407669901848
   ],
   [
    -0.0003265381383243948,
    -0.018701158463954926,
    0.9998250603675842
   ]
  ]
 },
 {
  "rotation_euler": [
   -0.018702272325754166,
   0.0003264285624027252,
   0.8994825482368469
  ],
  "euler_order": "XYZ",
  "rotation_matrix": [
   [
    0.6220151782035828,
    -0.7828720211982727,
    -0.014440113678574562
   ],
   [
    0.7830051183700562,
    0.6219016313552856,
    0.011887970380485058
   ],
   [
    -0.0003264285624027252,
    -0.018701180815696716,
    0.9998250603675842
   ]
  ]
 },
 {
  "rotation_euler": [
   -0.01870228350162506,
   0.0003264793485868722,
   0.6737700700759888
  ],
  "euler_order": "XYZ",
  "rotation_matrix": [
   [
    0.7814748883247375,
    -0.6238322854042053,
    -0.011413268744945526
   ],
   [
    0.6239365935325623,
    0.7813344597816467,
    0.014818180352449417
   ],
   [
    -0.0003264793485868722,
    -0.01870119199156761,
    0.9998250603675842
   ]
  ]
 },
 {
  "rotation_euler": [
   -0.018702274188399315,
   0.0003263574908487499,
   -0.46153417229652405
  ],
  "euler_order": "XYZ",
  "rotation_matrix": [
   [
    0.8953703045845032,
    0.44523894786834717,
    0.008620213717222214
   ],
   [
    -0.4453222453594208,
    0.8952164649963379,
    0.016599176451563835
   ],
   [
    -0.0003263574908487499,
    -0.018701182678341866,
    0.9998250603675842
   ]
  ]
 },
 {
  "rotation_euler": [
   -0.018702257424592972,
   0.0003265526902396232,
   -0.3906060457229614
  ],
  "euler_order": "XYZ",
  "rotation_matrix": [
   [
    0.9246784448623657,
    0.38067665696144104,
    0.007422351744025946
   ],
   [
    -0.3807488679885864,
    0.9245191216468811,
    0.017168253660202026
   ],
   [
    -0.0003265526902396232,
    -0.018701165914535522,
    0.9998250603675842
   ]
  ]
 },
 {
  "rotation_euler": [
   -0.018702270463109016,
   0.0003263913677074015,
   -1.5003293752670288
  ],
  "euler_order": "XYZ",
  "rotation_matrix": [
   [
    0.0704086422920227,
    0.9973433613777161,
    0.018677745014429092
   ],
   [
    -0.9975181818008423,
    0.07040242105722427,
    0.000991200446151197
   ],
   [
    -0.0003263913677074015,
    -0.018701178953051567,
    0.9998250603675842
   ]
  ]
 },
 {
  "rotation_euler": [
   -0.018702294677495956,
   0.00032613828079774976,
   -1.96983802318573
  ],
  "euler_order": "XYZ",
  "rotation_matrix": [
   [
    -0.3885354995727539,
    0.9212749600410461,
    0.0171052273362875
   ],
   [
    -0.921433687210083,
    -0.3884619474411011,
    -0.007566544227302074
   ],
   [
    -0.00032613828079774976,
    -0.018701203167438507,
    0.9998250603675842
   ]
  ]
 },
 {
  "rotation_euler": [
   -0.018702330067753792,
   0.00032617273973301053,
   2.964115619659424
  ],
  "euler_order": "XYZ",
  "rotation_matrix": [
   [
    -0.984292209148407,
    -0.17650991678237915,
    -0.003622637130320072
   ],
   [
    0.17654679715633392,
    -0.9841212034225464,
    -0.018349910154938698
   ],
   [
    -0.00032617273973301053,
    -0.018701238557696342,
    0.9998250603675842
   ]
  ]
 }
]