[
 {
  "rotation_euler": [
   0.002518596826121211,
   -2.4834742362145334e-05,
   -1.0284956693649292
  ],
  "euler_order": "XYZ",
  "rotation_matrix": [
   [
    0.5161079168319702,
    0.8565208315849304,
    -0.0021700526122003794
   ],
   [
    -0.8565235733985901,
    0.516106367111206,
    -0.001278594951145351
   ],
   [
    2.4834742362145334e-05,
    0.002518594264984131,
    0.9999968409538269
   ]
  ]
 },
 {
  "rotation_euler": [
   0.002509536687284708,
   -3.910465238732286e-05,
   -1.2667038440704346
  ],
  "euler_order": "XYZ",
  "rotation_matrix": [
   [
    0.29942741990089417,
    0.9541160464286804,
    -0.002406103303655982
   ],
   [
    -0.954119086265564,
    0.2994265556335449,
    -0.0007141129462979734
   ],
   [
    3.910465238732286e-05,
    0.002509534126147628,
    0.9999968409538269
   ]
  ]
 },
 {
  "rotation_euler": [
   0.002514057094231248,
   -4.086665285285562e-05,
   0.7809825539588928
  ],
  "euler_order": "XYZ",
  "rotation_matrix": [
   [
    0.7102221846580505,
    -0.7039754390716553,
    0.001740813720971346
   ],
   [
    0.7039775848388672,
    0.7102198600769043,
    -0.0018143063643947244
   ],
   [
    4.086665285285562e-05,
    0.0025140545330941677,
    0.9999968409538269
   ]
  ]
 },
 {
  "rotation_euler": [
   -0.14778746664524078,
   -1.6706030368804932,
   1.3423948287963867
  ],
  "euler_order": "XYZ",
  "rotation_matrix": [
   [
    -0.02256081812083721,
    -0.9302374124526978,
    -0.36626410484313965
   ],
   [
    -0.09705337136983871,
    0.366664856672287,
    -0.9252769947052002
   ],
   [
    0.9950234293937683,
    0.014672158285975456,
    -0.09855493158102036
   ]
  ]
 },
 {
  "rotation_euler": [
   -0.007800383493304253,
   0.01107853464782238,
   0.2568401098251343
  ],
  "euler_order": "XYZ",
  "rotation_matrix": [
   [
    0.9671381711959839,
    -0.254101425409317,
    0.008733108639717102
   ],
   [
    0.25400999188423157,
    0.967146098613739,
    0.010358522646129131
   ],
   [
    -0.011078308336436749,
    -0.007799825631082058,
    0.9999082088470459
   ]
  ]
 },
 {
  "rotation_euler": [
   0.002512059872969985,
   -4.275022729416378e-05,
   -2.007740020751953
  ],
  "euler_order": "XYZ",
  "rotation_matrix": [
   [
    -0.4231722950935364,
    0.906046450138092,
    -0.0022579568903893232
   ],
   [
    -0.9060492515563965,
    -0.4231708347797394,
    0.001101766712963581
   ],
   [
    4.275022729416378e-05,
    0.002512057311832905,
    0.9999968409538269
   ]
  ]
 },
 {
  "rotation_euler": [
   0.0025106302928179502,
   -3.909355655196123e-05,
   -1.834986686706543
  ],
  "euler_order": "XYZ",
  "rotation_matrix": [
   [
    -0.2611277997493744,
    0.9653012156486511,
    -0.002413311041891575
   ],
   [
    -0.9653042554855347,
    -0.26112687587738037,
    0.0006933317636139691
   ],
   [
    3.909355655196123e-05,
    0.00251062773168087,
    0.9999968409538269
   ]
  ]
 },
 {
  "rotation_euler": [
   0.002509570913389325,
   -3.733316043508239e-05,
   2.5353527069091797
  ],
  "euler_order": "XYZ",
  "rotation_matrix": [
   [
    -0.8217962384223938,
    -0.569779634475708,
    0.001460585743188858
   ],
   [
    0.569781482219696,
    -0.8217936754226685,
    0.0020410821307450533
   ],
   [
    3.733316043508239e-05,
    0.002509568352252245,
    0.9999968409538269
   ]
  ]
 },
 {
  "rotation_euler": [
   0.002514580497518182,
   -4.239611735101789e-05,
   0.888188898563385
  ],
  "euler_order": "XYZ",
  "rotation_matrix": [
   [
    0.6308183670043945,
    -0.7759281396865845,
    0.0019243935821577907
   ],
   [
    0.7759305238723755,
    0.6308162808418274,
    -0.001619138172827661
   ],
   [
    4.239611735101789e-05,
    0.0025145779363811016,
    0.9999968409538269
   ]
  ]
 },
 {
  "rotation_euler": [
   -0.14778803288936615,
   -1.6706030368804932,
   1.236739993095398
  ],
  "euler_order": "XYZ",
  "rotation_matrix": [
   [
    -0.03267010301351547,
    -0.886381983757019,
    -0.4618004262447357
   ],
   [
    -0.09413294494152069,
    0.4627220332622528,
    -0.8814915418624878
   ],
   [
    0.9950234293937683,
    0.014672214165329933,
    -0.09855492413043976
   ]
  ]
 },
 {
  "rotation_euler": [
   0.0025104456581175327,
   -4.057238038512878e-05,
   -1.8012529611587524
  ],
  "euler_order": "XYZ",
  "rotation_matrix": [
   [
    -0.2284221053123474,
    0.9735591411590576,
    -0.002434804802760482
   ],
   [
    -0.9735621809959412,
    -0.22842128574848175,
    0.0006129402900114655
   ],
   [
    4.057238038512878e-05,
    0.0025104430969804525,
    0.9999968409538269
   ]
  ]
 },
 {
  "rotation_euler": [
   0.0025189260486513376,
   -2.341455183341168e-05,
   2.5326857566833496
  ],
  "euler_order": "XYZ",
  "rotation_matrix": [
   [
    -0.820273756980896,
    -0.5719692707061768,
    0.0014599577989429235
   ],
   [
    0.5719711780548096,
    -0.8202711343765259,
    0.002052814234048128
   ],
   [
    2.341455183341168e-05,
    0.0025189234875142574,
    0.9999968409538269
   ]
  ]
 },
 {
  "rotation_euler": [
   0.0025121974758803844,
   -4.266011455911212e-05,
   1.7379043102264404
  ],
  "euler_order": "XYZ",
  "rotation_matrix": [
   [
    -0.16633132100105286,
    -0.9860668182373047,
    0.002484295517206192
   ],
   [
    0.986069917678833,
    -0.16633090376853943,
    0.00037579095805995166
   ],
   [
    4.266011455911212e-05,
    0.0025121949147433043,
    0.9999968409538269
   ]
  ]
 },
 {
  "rotation_euler": [
   0.002516036620363593,
   -3.1469808163819835e-05,
   -1.4145243167877197
  ],
  "euler_order": "XYZ",
  "rotation_matrix": [
   [
    0.155636727809906,
    0.9878112077713013,
    -0.002490272279828787
   ],
   [
    -0.9878143668174744,
    0.15563632547855377,
    -0.00036050108610652387
   ],
   [
    3.1469808163819835e-05,
    0.002516034059226513,
    0.9999968409538269
   ]
  ]
 },
 {
  "rotation_euler": [
   -0.14778795838356018,
   -1.6706029176712036,
   0.8978262543678284
  ],
  "euler_order": "XYZ",
  "rotation_matrix": [
   [
    -0.06210733950138092,
    -0.6821235418319702,
    -0.7285946607589722
   ],
   [
    -0.07791662961244583,
    0.73108971118927,
    -0.677817702293396
   ],
   [
    0.9950234293937683,
    0.014672189950942993,
    -0.09855480492115021
   ]
  ]
 },
 {
  "rotation_euler": [
   0.0025126305408775806,
   -4.203660137136467e-05,
   1.3740710020065308
  ],
  "euler_order": "XYZ",
  "rotation_matrix": [
   [
    0.19545887410640717,
    -0.9807088375091553,
    0.0024559476878494024
   ],
   [
    0.9807118773460388,
    0.19545814394950867,
    -0.0005323410732671618
   ],
   [
    4.203660137136467e-05,
    0.0025126279797405005,
    0.9999968409538269
   ]
  ]
 }
]