[
 {
  "rotation_euler": [
   -0.008128316141664982,
   -4.3781028580269776e-08,
   -0.6190128326416016
  ],
  "euler_order": "XYZ",
  "rotation_matrix": [
   [
    0.8144516348838806,
    0.5802122950553894,
    0.004716217052191496
   ],
   [
    -0.5802314281463623,
    0.8144247531890869,
    0.0066200727596879005
   ],
   [
    4.3781028580269776e-08,
    -0.008128226734697819,
    0.9999669790267944
   ]
  ]
 },
 {
  "rotation_euler": [
   -0.008134251460433006,
   8.629544026916847e-06,
   -0.11381436884403229
  ],
  "euler_order": "XYZ",
  "rotation_matrix": [
   [
    0.9935301542282104,
    0.11356498301029205,
    0.0009323604754172266
   ],
   [
    -0.11356880515813828,
    0.9934972524642944,
    0.008080555126070976
   ],
   [
    -8.629544026916847e-06,
    -0.008134162053465843,
    0.9999669194221497
   ]
  ]
 },
 {
  "rotation_euler": [
   -0.008128315210342407,
   -7.2226340463998895e-09,
   -1.2128582000732422
  ],
  "euler_order": "XYZ",
  "rotation_matrix": [
   [
    0.3503437936306,
    0.9365902543067932,
    0.007613065652549267
   ],
   [
    -0.9366211891174316,
    0.35033220052719116,
    0.0028476801235228777
   ],
   [
    7.2226340463998895e-09,
    -0.008128225803375244,
    0.9999669790267944
   ]
  ]
 },
 {
  "rotation_euler": [
   -0.008128330111503601,
   -1.749235991610476e-07,
   1.4940659999847412
  ],
  "euler_order": "XYZ",
  "rotation_matrix": [
   [
    0.0766550600528717,
    -0.9970247149467468,
    -0.008104338310658932
   ],
   [
    0.9970576763153076,
    0.07665252685546875,
    0.0006228963611647487
   ],
   [
    1.749235991610476e-07,
    -0.008128240704536438,
    0.9999669790267944
   ]
  ]
 },
 {
  "rotation_euler": [
   -0.008128304034471512,
   -3.630672706922411e-10,
   -1.1857118606567383
  ],
  "euler_order": "XYZ",
  "rotation_matrix": [
   [
    0.375637412071228,
    0.9267361164093018,
    0.007532958406955004
   ],
   [
    -0.9267666935920715,
    0.37562501430511475,
    0.003053261898458004
   ],
   [
    3.630672706922411e-10,
    -0.008128214627504349,
    0.9999669790267944
   ]
  ]
 },
 {
  "rotation_euler": [
   -0.008128423243761063,
   -7.179629619713523e-07,
   -2.34914493560791
  ],
  "euler_order": "XYZ",
  "rotation_matrix": [
   [
    -0.7021044492721558,
    0.7120504379272461,
    0.005788479000329971
   ],
   [
    -0.7120739817619324,
    -0.7020812630653381,
    -0.005706428084522486
   ],
   [
    7.179629619713523e-07,
    -0.0081283338367939,
    0.9999669790267944
   ]
  ]
 },
 {
  "rotation_euler": [
   -0.00812563207000494,
   2.633070153024164e-06,
   -1.9252959489822388
  ],
  "euler_order": "XYZ",
  "rotation_matrix": [
   [
    -0.34712114930152893,
    0.9377893209457397,
    0.007619384676218033
   ],
   [
    -0.937820315361023,
    -0.34710967540740967,
    -0.0028230168391019106
   ],
   [
    -2.633070153024164e-06,
    -0.008125542663037777,
    0.9999669790267944
   ]
  ]
 },
 {
  "rotation_euler": [
   -0.008129866793751717,
   1.4275055036705453e-05,
   -1.563896894454956
  ],
  "euler_order": "XYZ",
  "rotation_matrix": [
   [
    0.0068993777967989445,
    0.9999431371688843,
    0.008129682391881943
   ],
   [
    -0.9999762177467346,
    0.006899265572428703,
    4.1816158045548946e-05
   ],
   [
    -1.4275055036705453e-05,
    -0.008129777386784554,
    0.9999669790267944
   ]
  ]
 },
 {
  "rotation_euler": [
   -0.00813011359423399,
   -1.6534260794287547e-05,
   -1.3905481100082397
  ],
  "euler_order": "XYZ",
  "rotation_matrix": [
   [
    0.17927376925945282,
    0.9837667346000671,
    0.007995347492396832
   ],
   [
    -0.9837992191314697,
    0.17926771938800812,
    0.0014737659366801381
   ],
   [
    1.6534260794287547e-05,
    -0.008130024187266827,
    0.9999669790267944
   ]
  ]
 },
 {
  "rotation_euler": [
   -0.008128310553729534,
   -2.505590934731572e-08,
   -1.2412047386169434
  ],
  "euler_order": "XYZ",
  "rotation_matrix": [
   [
    0.3236566185951233,
    0.9461433291435242,
    0.00769070815294981
   ],
   [
    -0.9461746215820312,
    0.3236459493637085,
    0.002630776260048151
   ],
   [
    2.505590934731572e-08,
    -0.008128221146762371,
    0.9999669790267944
   ]
  ]
 },
 {
  "rotation_euler": [
   -0.008128979243338108,
   1.7535035112814512e-06,
   0.5616885423660278
  ],
  "euler_order": "XYZ",
  "rotation_matrix": [
   [
    0.846356987953186,
    -0.5325984954833984,
    -0.004328093025833368
   ],
   [
    0.5326160788536072,
    0.8463289737701416,
    0.006880876608192921
   ],
   [
    -1.7535035112814512e-06,
    -0.008128889836370945,
    0.9999669790267944
   ]
  ]
 },
 {
  "rotation_euler": [
   -0.008129194378852844,
   2.541021785873454e-06,
   2.254669189453125
  ],
  "euler_order": "XYZ",
  "rotation_matrix": [
   [
    -0.6317997574806213,
    -0.7751060128211975,
    -0.006302732042968273
   ],
   [
    0.7751316428184509,
    -0.63177889585495,
    -0.005133996717631817
   ],
   [
    -2.541021785873454e-06,
    -0.008129104971885681,
    0.9999669790267944
   ]
  ]
 },
 {
  "rotation_euler": [
   -0.008134404197335243,
   -8.032140613067895e-06,
   -2.946100950241089
  ],
  "euler_order": "XYZ",
  "rotation_matrix": [
   [
    -0.980952262878418,
    0.19424240291118622,
    0.0015879605198279023
   ],
   [
    -0.19424889981746674,
    -0.9809198379516602,
    -0.00797781441360712
   ],
   [
    8.032140613067895e-06,
    -0.00813431479036808,
    0.9999669194221497
   ]
  ]
 },
 {
  "rotation_euler": [
   -0.008128311485052109,
   3.414671567725236e-08,
   2.558265209197998
  ],
  "euler_order": "XYZ",
  "rotation_matrix": [
   [
    -0.8346344828605652,
    -0.5507859587669373,
    -0.004477086942642927
   ],
   [
    0.5508041977882385,
    -0.834606945514679,
    -0.0067840758711099625
   ],
   [
    -3.414671567725236e-08,
    -0.008128222078084946,
    0.9999669790267944
   ]
  ]
 },
 {
  "rotation_euler": [
   -0.008128304965794086,
   6.821239406651358e-11,
   -2.2920002937316895
  ],
  "euler_order": "XYZ",
  "rotation_matrix": [
   [
    -0.6602893471717834,
    0.7509865164756775,
    0.006104381754994392
   ],
   [
    -0.751011312007904,
    -0.6602675318717957,
    -0.005366974044591188
   ],
   [
    -6.821239406651358e-11,
    -0.008128215558826923,
    0.9999669790267944
   ]
  ]
 },
 {
  "rotation_euler": [
   -0.008130894973874092,
   1.3014590649618185e-06,
   -2.914618730545044
  ],
  "euler_order": "XYZ",
  "rotation_matrix": [
   [
    -0.9743518233299255,
    0.22502267360687256,
    0.0018284078687429428
   ],
   [
    -0.2250300943851471,
    -0.974319577217102,
    -0.00792255811393261
   ],
   [
    -1.3014590649618185e-06,
    -0.008130805566906929,
    0.9999669194221497
   ]
  ]
 }
]