[
 {
  "rotation_euler": [
   -2.7856627639266662e-05,
   8.053694182308391e-05,
   1.5269509553909302
  ],
  "euler_order": "XYZ",
  "rotation_matrix": [
   [
    0.04383132606744766,
    -0.9990389347076416,
    -2.4299815777339973e-05
   ],
   [
    0.9990389347076416,
    0.043831322342157364,
    8.168053318513557e-05
   ],
   [
    -8.053694182308391e-05,
    -2.7856627639266662e-05,
    1.0
   ]
  ]
 },
 {
  "rotation_euler": [
   1.6256248950958252,
   -0.002044952940195799,
   1.0545201301574707
  ],
  "euler_order": "XYZ",
  "rotation_matrix": [
   [
    0.4936440885066986,
    0.04665055125951767,
    0.8684118986129761
   ],
   [
    0.8696616291999817,
    -0.02882804349064827,
    -0.4928058385848999
   ],
   [
    0.002044951543211937,
    0.9984952211380005,
    -0.054800987243652344
   ]
  ]
 },
 {
  "rotation_euler": [
   1.6256153583526611,
   -0.00016673788195475936,
   1.7682909965515137
  ],
  "euler_order": "XYZ",
  "rotation_matrix": [
   [
    -0.19621331989765167,
    0.05375916510820389,
    0.9790864586830139
   ],
   [
    0.9805611968040466,
    0.010587587021291256,
    0.19592753052711487
   ],
   [
    0.00016673788195475936,
    0.9984977841377258,
    -0.05479157716035843
   ]
  ]
 },
 {
  "rotation_euler": [
   1.6256150007247925,
   -0.0001669487392064184,
   3.0280847549438477
  ],
  "euler_order": "XYZ",
  "rotation_matrix": [
   [
    -0.9935649037361145,
    0.006371515337377787,
    0.11308508366346359
   ],
   [
    0.11326431483030319,
    0.05441975221037865,
    0.9920734167098999
   ],
   [
    0.0001669487392064184,
    0.9984978437423706,
    -0.054791223257780075
   ]
  ]
 },
 {
  "rotation_euler": [
   -1.5701967477798462,
   -0.00024737694184295833,
   0.7961984872817993
  ],
  "euler_order": "XYZ",
  "rotation_matrix": [
   [
    0.6994286775588989,
    -0.0002554980164859444,
    -0.7147023677825928
   ],
   [
    0.7147023677825928,
    0.0005961636197753251,
    0.6994284987449646
   ],
   [
    0.00024737694184295833,
    -0.9999997615814209,
    0.0005995789542794228
   ]
  ]
 },
 {
  "rotation_euler": [
   1.625615119934082,
   -0.00016696109378244728,
   -0.2519996762275696
  ],
  "euler_order": "XYZ",
  "rotation_matrix": [
   [
    0.9684157371520996,
    -0.013823171146214008,
    -0.248957559466362
   ],
   [
    -0.2493409663438797,
    -0.05301922932267189,
    -0.9669632911682129
   ],
   [
    0.00016696109378244728,
    0.9984977841377258,
    -0.05479133874177933
   ]
  ]
 },
 {
  "rotation_euler": [
   -1.3096198927087244e-05,
   8.895974315237254e-05,
   -0.8443329930305481
  ],
  "euler_order": "XYZ",
  "rotation_matrix": [
   [
    0.6642300486564636,
    0.7475282549858093,
    6.887951167300344e-05
   ],
   [
    -0.7475282549858093,
    0.6642300486564636,
    -5.780102947028354e-05
   ],
   [
    -8.895974315237254e-05,
    -1.3096198927087244e-05,
    1.0
   ]
  ]
 },
 {
  "rotation_euler": [
   -3.0528703064192086e-05,
   7.972434832481667e-05,
   0.45288535952568054
  ],
  "euler_order": "XYZ",
  "rotation_matrix": [
   [
    0.8991883397102356,
    -0.43756183981895447,
    5.832900933455676e-05
   ],
   [
    0.43756183981895447,
    0.8991883397102356,
    6.23353844275698e-05
   ],
   [
    -7.972434832481667e-05,
    -3.0528703064192086e-05,
    1.0
   ]
  ]
 },
 {
  "rotation_euler": [
   1.6256157159805298,
   -0.00016686401795595884,
   -1.8393441438674927
  ],
  "euler_order": "XYZ",
  "rotation_matrix": [
   [
    -0.26533156633377075,
    -0.05278383195400238,
    -0.9627112746238708
   ],
   [
    -0.964157223701477,
    0.014698673039674759,
    0.26492419838905334
   ],
   [
    0.00016686401795595884,
    0.9984977841377258,
    -0.05479193478822708
   ]
  ]
 },
 {
  "rotation_euler": [
   -3.379823101568036e-05,
   7.628532330272719e-05,
   0.7808527946472168
  ],
  "euler_order": "XYZ",
  "rotation_matrix": [
   [
    0.7103134989738464,
    -0.7038854360580444,
    3.039641524082981e-05
   ],
   [
    0.7038854360580444,
    0.7103134989738464,
    7.770346564939246e-05
   ],
   [
    -7.628532330272719e-05,
    -3.379823101568036e-05,
    1.0
   ]
  ]
 },
 {
  "rotation_euler": [
   1.6256154775619507,
   -0.00016694245277903974,
   -0.8710901141166687
  ],
  "euler_order": "XYZ",
  "rotation_matrix": [
   [
    0.6439929604530334,
    -0.04202472046017647,
    -0.7638763189315796
   ],
   [
    -0.7650313973426819,
    -0.0351579450070858,
    -0.6430325508117676
   ],
   [
    0.00016694245277903974,
    0.9984977841377258,
    -0.05479169636964798
   ]
  ]
 },
 {
  "rotation_euler": [
   1.3130507469177246,
   -0.03466930240392685,
   3.007266044616699
  ],
  "euler_order": "XYZ",
  "rotation_matrix": [
   [
    -0.99039626121521,
    -0.0009217185433954,
    0.1382550299167633
   ],
   [
    0.13384254276752472,
    -0.25709378719329834,
    0.9570731520652771
   ],
   [
    0.034662358462810516,
    0.9663860201835632,
    0.25474807620048523
   ]
  ]
 },
 {
  "rotation_euler": [
   1.6256154775619507,
   -0.00016689137555658817,
   2.50748872756958
  ],
  "euler_order": "XYZ",
  "rotation_matrix": [
   [
    -0.8056029081344604,
    0.032595910131931305,
    0.5915585160255432
   ],
   [
    0.5924558639526367,
    0.044041622430086136,
    0.8043981790542603
   ],
   [
    0.00016689137555658817,
    0.9984977841377258,
    -0.05479169636964798
   ]
  ]
 },
 {
  "rotation_euler": [
   1.6256153583526611,
   -0.00016704910376574844,
   -2.7543747425079346
  ],
  "euler_order": "XYZ",
  "rotation_matrix": [
   [
    -0.9259631633758545,
    -0.020535605028271675,
    -0.37705498933792114
   ],
   [
    -0.37761375308036804,
    0.050797972828149796,
    0.924568772315979
   ],
   [
    0.00016704910376574844,
    0.9984977841377258,
    -0.05479157716035843
   ]
  ]
 },
 {
  "rotation_euler": [
   0.018770664930343628,
   8.642102329758927e-05,
   -0.16980917751789093
  ],
  "euler_order": "XYZ",
  "rotation_matrix": [
   [
    0.9856170415878296,
    0.16896609961986542,
    -0.003086785553023219
   ],
   [
    -0.16899427771568298,
    0.985443115234375,
    -0.018514202907681465
   ],
   [
    -8.642102329758927e-05,
    0.018769562244415283,
    0.999823808670044
   ]
  ]
 },
 {
  "rotation_euler": [
   -1.5701968669891357,
   -0.00024736576597206295,
   0.6328110694885254
  ],
  "euler_order": "XYZ",
  "rotation_matrix": [
   [
    0.8063681721687317,
    -0.0001550609595142305,
    -0.5914138555526733
   ],
   [
    0.5914138555526733,
    0.0006296808132901788,
    0.8063679337501526
   ],
   [
    0.00024736576597206295,
    -0.9999997615814209,
    0.000599459744989872
   ]
  ]
 }
]