[
 {
  "rotation_euler": [
   -0.004005574621260166,
   -0.018446220085024834,
   -2.4467926025390625
  ],
  "euler_order": "XYZ",
  "rotation_matrix": [
   [
    -0.768051028251648,
    0.6401699781417847,
    0.016733622178435326
   ],
   [
    -0.6401229500770569,
    -0.7682228684425354,
    0.008732092566788197
   ],
   [
    0.018445173278450966,
    -0.004004882648587227,
    0.9998218417167664
   ]
  ]
 },
 {
  "rotation_euler": [
   -0.004007820505648851,
   -0.0184380691498518,
   -0.15836863219738007
  ],
  "euler_order": "XYZ",
  "rotation_matrix": [
   [
    0.9873180389404297,
    0.15777917206287384,
    -0.017574094235897064
   ],
   [
    -0.1576806604862213,
    0.9874662756919861,
    0.006865288596600294
   ],
   [
    0.01843702420592308,
    -0.004007128532975912,
    0.9998220205307007
   ]
  ]
 },
 {
  "rotation_euler": [
   -0.003969247452914715,
   -0.018545784056186676,
   -1.0853004455566406
  ],
  "euler_order": "XYZ",
  "rotation_matrix": [
   [
    0.4665667414665222,
    0.88447105884552,
    -0.0051432037726044655
   ],
   [
    -0.8842915892601013,
    0.4665782153606415,
    0.018253864720463753
   ],
   [
    0.018544720485806465,
    -0.003968554548919201,
    0.9998201727867126
   ]
  ]
 },
 {
  "rotation_euler": [
   -0.003962690010666847,
   -0.01855979673564434,
   0.3450901508331299
  ],
  "euler_order": "XYZ",
  "rotation_matrix": [
   [
    0.9408828616142273,
    -0.3382096588611603,
    -0.018804965540766716
   ],
   [
    0.33822324872016907,
    0.9410624504089355,
    -0.0025489667896181345
   ],
   [
    0.01855873130261898,
    -0.003961997106671333,
    0.9998199343681335
   ]
  ]
 },
 {
  "rotation_euler": [
   -0.004012225661426783,
   -0.018454240635037422,
   -1.9843353033065796
  ],
  "euler_order": "XYZ",
  "rotation_matrix": [
   [
    -0.4017840623855591,
    0.9156672954559326,
    0.011089405044913292
   ],
   [
    -0.9155485033988953,
    -0.40191707015037537,
    0.015285216271877289
   ],
   [
    0.018453193828463554,
    -0.004011531826108694,
    0.999821662902832
   ]
  ]
 },
 {
  "rotation_euler": [
   -0.004007333889603615,
   -0.018420035019516945,
   0.6335975527763367
  ],
  "euler_order": "XYZ",
  "rotation_matrix": [
   [
    0.8057661056518555,
    -0.5919836163520813,
    -0.017216326668858528
   ],
   [
    0.5919474363327026,
    0.8059400320053101,
    -0.007675325032323599
   ],
   [
    0.018418993800878525,
    -0.004006643313914537,
    0.9998223185539246
   ]
  ]
 },
 {
  "rotation_euler": [
   -0.0039695561863482,
   -0.018545273691415787,
   2.0900330543518066
  ],
  "euler_order": "XYZ",
  "rotation_matrix": [
   [
    -0.4961322844028473,
    -0.8682278394699097,
    0.0057555390521883965
   ],
   [
    0.868048906326294,
    -0.49614977836608887,
    -0.018069680780172348
   ],
   [
    0.018544210121035576,
    -0.003968863282352686,
    0.9998201727867126
   ]
  ]
 },
 {
  "rotation_euler": [
   -0.003969831392168999,
   -0.018543316051363945,
   1.976623296737671
  ],
  "euler_order": "XYZ",
  "rotation_matrix": [
   [
    -0.39471083879470825,
    -0.9187980890274048,
    0.0036726517137140036
   ],
   [
    0.9186182618141174,
    -0.39470794796943665,
    -0.0186032485216856
   ],
   [
    0.018542252480983734,
    -0.003969138488173485,
    0.9998201727867126
   ]
  ]
 },
 {
  "rotation_euler": [
   -0.0039703878574073315,
   -0.018543042242527008,
   -1.1450567245483398
  ],
  "euler_order": "XYZ",
  "rotation_matrix": [
   [
    0.4129234850406647,
    0.9107567667961121,
    -0.004041718784719706
   ],
   [
    -0.9105769395828247,
    0.4129241704940796,
    0.018526412546634674
   ],
   [
    0.018541980534791946,
    -0.0039696949534118176,
    0.9998201727867126
   ]
  ]
 },
 {
  "rotation_euler": [
   -0.004012349061667919,
   -0.018452290445566177,
   2.6518783569335938
  ],
  "euler_order": "XYZ",
  "rotation_matrix": [
   [
    -0.882317066192627,
    -0.47043532133102417,
    0.01439518854022026
   ],
   [
    0.47029370069503784,
    -0.8824253678321838,
    -0.012219668366014957
   ],
   [
    0.01845124363899231,
    -0.004011655226349831,
    0.9998217225074768
   ]
  ]
 },
 {
  "rotation_euler": [
   -0.003976926207542419,
   -0.01852467842400074,
   1.9368754625320435
  ],
  "euler_order": "XYZ",
  "rotation_matrix": [
   [
    -0.35789570212364197,
    -0.9337570071220398,
    0.0029172117356210947
   ],
   [
    0.933577835559845,
    -0.3578855097293854,
    -0.018719635903835297
   ],
   [
    0.018523618578910828,
    -0.0039762333035469055,
    0.9998205304145813
   ]
  ]
 },
 {
  "rotation_euler": [
   -0.5244040489196777,
   -2.0394434928894043,
   1.1564230918884277
  ],
  "euler_order": "XYZ",
  "rotation_matrix": [
   [
    -0.18185362219810486,
    -0.6125102639198303,
    -0.7692596316337585
   ],
   [
    -0.4134535491466522,
    0.7574200630187988,
    -0.505342423915863
   ],
   [
    0.8921801447868347,
    0.22615478932857513,
    -0.39098411798477173
   ]
  ]
 },
 {
  "rotation_euler": [
   -0.0039749243296682835,
   -0.018526840955018997,
   0.1186659038066864
  ],
  "euler_order": "XYZ",
  "rotation_matrix": [
   [
    0.9927970767021179,
    -0.11831354349851608,
    -0.018865933641791344
   ],
   [
    0.1183672845363617,
    0.9929683208465576,
    0.0017537546809762716
   ],
   [
    0.018525781109929085,
    -0.003974231891334057,
    0.9998204708099365
   ]
  ]
 },
 {
  "rotation_euler": [
   -0.003962983842939138,
   -0.018557846546173096,
   -2.3361399173736572
  ],
  "euler_order": "XYZ",
  "rotation_matrix": [
   [
    -0.6926655173301697,
    0.7210877537727356,
    0.015713632106781006
   ],
   [
    -0.7210201621055603,
    -0.6928324103355408,
    0.010636525228619576
   ],
   [
    0.018556781113147736,
    -0.0039622909389436245,
    0.9998199343681335
   ]
  ]
 },
 {
  "rotation_euler": [
   -0.003975369967520237,
   -0.018524132668972015,
   -1.531376838684082
  ],
  "euler_order": "XYZ",
  "rotation_matrix": [
   [
    0.039402518421411514,
    0.9992181658744812,
    0.0032422959338873625
   ],
   [
    -0.9990516901016235,
    0.03933538869023323,
    0.01866520382463932
   ],
   [
    0.018523072823882103,
    -0.00397467752918601,
    0.9998205304145813
   ]
  ]
 },
 {
  "rotation_euler": [
   -0.0040125069208443165,
   -0.018445871770381927,
   2.428112030029297
  ],
  "euler_order": "XYZ",
  "rotation_matrix": [
   [
    -0.7559598684310913,
    -0.6545200943946838,
    0.011319752782583237
   ],
   [
    0.6543580293655396,
    -0.7560339570045471,
    -0.01510527916252613
   ],
   [
    0.01844482496380806,
    -0.004011813551187515,
    0.9998218417167664
   ]
  ]
 }
]