[
 {
  "rotation_euler": [
   0.06124264746904373,
   -1.2123953183618141e-06,
   0.3746253252029419
  ],
  "euler_order": "XYZ",
  "rotation_matrix": [
   [
    0.9306448101997375,
    -0.36523792147636414,
    0.022395014762878418
   ],
   [
    0.36592385172843933,
    0.9289000630378723,
    -0.05695997178554535
   ],
   [
    1.2123953183618141e-06,
    0.061204370111227036,
    0.9981252551078796
   ]
  ]
 },
 {
  "rotation_euler": [
   0.623720645904541,
   1.4692935224047687e-07,
   -2.1089940071105957
  ],
  "euler_order": "XYZ",
  "rotation_matrix": [
   [
    -0.5125892758369446,
    0.6969625353813171,
    -0.5014931559562683
   ],
   [
    -0.8586339354515076,
    -0.4160744547843933,
    0.29938244819641113
   ],
   [
    -1.4692935224047687e-07,
    0.5840592980384827,
    0.8117110133171082
   ]
  ]
 },
 {
  "rotation_euler": [
   0.6037997603416443,
   2.1750865997205437e-08,
   -2.7621009349823
  ],
  "euler_order": "XYZ",
  "rotation_matrix": [
   [
    -0.9288530349731445,
    0.30494722723960876,
    -0.21033115684986115
   ],
   [
    -0.37044841051101685,
    -0.7646171450614929,
    0.527379035949707
   ],
   [
    -2.1750865997205437e-08,
    0.5677744746208191,
    0.8231841325759888
   ]
  ]
 },
 {
  "rotation_euler": [
   0.6430158019065857,
   1.1038901703841475e-07,
   -2.4598002433776855
  ],
  "euler_order": "XYZ",
  "rotation_matrix": [
   [
    -0.7764444351196289,
    0.5043320059776306,
    -0.37786680459976196
   ],
   [
    -0.6301857233047485,
    -0.6213815808296204,
    0.4655650854110718
   ],
   [
    -1.1038901703841475e-07,
    0.5996116995811462,
    0.8002910614013672
   ]
  ]
 },
 {
  "rotation_euler": [
   0.6639586687088013,
   1.0755648816029861e-07,
   -1.7635588645935059
  ],
  "euler_order": "XYZ",
  "rotation_matrix": [
   [
    -0.19157099723815918,
    0.7729723453521729,
    -0.6048258543014526
   ],
   [
    -0.981478750705719,
    -0.15087351202964783,
    0.11805350333452225
   ],
   [
    -1.0755648816029861e-07,
    0.6162393689155579,
    0.787558913230896
   ]
  ]
 },
 {
  "rotation_euler": [
   0.6025222539901733,
   2.83432477488077e-08,
   1.0778603553771973
  ],
  "euler_order": "XYZ",
  "rotation_matrix": [
   [
    0.47321435809135437,
    -0.7258202433586121,
    0.4992525577545166
   ],
   [
    0.8809472918510437,
    0.38988548517227173,
    -0.2681811451911926
   ],
   [
    -2.83432477488077e-08,
    0.5667223930358887,
    0.823908805847168
   ]
  ]
 },
 {
  "rotation_euler": [
   0.6604034304618835,
   9.689362912013166e-08,
   3.127629280090332
  ],
  "euler_order": "XYZ",
  "rotation_matrix": [
   [
    -0.9999024868011475,
    -0.011027202941477299,
    0.008565274067223072
   ],
   [
    0.01396291982382536,
    -0.7896678447723389,
    0.613375723361969
   ],
   [
    -9.689362912013166e-08,
    0.6134355068206787,
    0.7897447943687439
   ]
  ]
 },
 {
  "rotation_euler": [
   0.6973124742507935,
   0.001210091868415475,
   -1.9133270978927612
  ],
  "euler_order": "XYZ",
  "rotation_matrix": [
   [
    -0.3358716666698456,
    0.7217779159545898,
    -0.6051668524742126
   ],
   [
    -0.9419069886207581,
    -0.258201539516449,
    0.21480971574783325
   ],
   [
    -0.0012100915191695094,
    0.6421593427658081,
    0.7665702104568481
   ]
  ]
 },
 {
  "rotation_euler": [
   0.06407681107521057,
   -3.499075660329254e-07,
   2.6983582973480225
  ],
  "euler_order": "XYZ",
  "rotation_matrix": [
   [
    -0.9033693075180054,
    -0.4279833734035492,
    0.027461720630526543
   ],
   [
    0.428863525390625,
    -0.9015153646469116,
    0.05784527212381363
   ],
   [
    3.499075660329254e-07,
    0.06403297185897827,
    0.9979478120803833
   ]
  ]
 },
 {
  "rotation_euler": [
   0.06121280416846275,
   7.322209057747386e-06,
   2.7130069732666016
  ],
  "euler_order": "XYZ",
  "rotation_matrix": [
   [
    -0.9095544219017029,
    -0.41480687260627747,
    0.025416580960154533
   ],
   [
    0.41558483242988586,
    -0.9078507423400879,
    0.055644650012254715
   ],
   [
    -7.322209057747386e-06,
    0.061174582690000534,
    0.9981271028518677
   ]
  ]
 },
 {
  "rotation_euler": [
   0.06986118853092194,
   5.0884210622825776e-08,
   -1.5769580602645874
  ],
  "euler_order": "XYZ",
  "rotation_matrix": [
   [
    -0.006161694414913654,
    0.9975417852401733,
    -0.06980305165052414
   ],
   [
    -0.9999810457229614,
    -0.006146667990833521,
    0.0004300624714232981
   ],
   [
    -5.0884210622825776e-08,
    0.06980437785387039,
    0.9975606799125671
   ]
  ]
 },
 {
  "rotation_euler": [
   0.6445677876472473,
   4.117836027717203e-08,
   0.9989885687828064
  ],
  "euler_order": "XYZ",
  "rotation_matrix": [
   [
    0.5411531329154968,
    -0.6722006797790527,
    0.5052717924118042
   ],
   [
    0.840924084186554,
    0.43257594108581543,
    -0.3251534402370453
   ],
   [
    -4.117836027717203e-08,
    0.6008530259132385,
    0.7993595600128174
   ]
  ]
 },
 {
  "rotation_euler": [
   0.2825390100479126,
   7.242792321449087e-08,
   -0.1162460595369339
  ],
  "euler_order": "XYZ",
  "rotation_matrix": [
   [
    0.9932510256767273,
    0.11138574033975601,
    -0.0323357954621315
   ],
   [
    -0.11598442494869232,
    0.9538692831993103,
    -0.2769133150577545
   ],
   [
    -7.242792321449087e-08,
    0.27879488468170166,
    0.9603506922721863
   ]
  ]
 },
 {
  "rotation_euler": [
   0.06124327704310417,
   1.6331277947756462e-06,
   2.46358060836792
  ],
  "euler_order": "XYZ",
  "rotation_matrix": [
   [
    -0.7788211703300476,
    -0.6260701417922974,
    0.03838932141661644
   ],
   [
    0.6272460222244263,
    -0.7773610353469849,
    0.04766877368092537
   ],
   [
    -1.6331277947756462e-06,
    0.061204999685287476,
    0.9981251955032349
   ]
  ]
 },
 {
  "rotation_euler": [
   0.6919110417366028,
   3.655075261121965e-06,
   -2.547305107116699
  ],
  "euler_order": "XYZ",
  "rotation_matrix": [
   [
    -0.8285475969314575,
    0.4311511516571045,
    -0.35723593831062317
   ],
   [
    -0.5599185824394226,
    -0.638006329536438,
    0.5286200046539307
   ],
   [
    -3.655075261121965e-06,
    0.6380099058151245,
    0.7700281739234924
   ]
  ]
 },
 {
  "rotation_euler": [
   0.6027086973190308,
   -3.681804727762028e-08,
   0.29797619581222534
  ],
  "euler_order": "XYZ",
  "rotation_matrix": [
   [
    0.9559326171875,
    -0.24185724556446075,
    0.16642692685127258
   ],
   [
    0.29358619451522827,
    0.787500262260437,
    -0.5418952703475952
   ],
   [
    3.681804727762028e-08,
    0.5668759942054749,
    0.8238031268119812
   ]
  ]
 }
]