[
 {
  "rotation_euler": [
   7.91218951690098e-07,
   9.355493966722861e-05,
   -2.5179553031921387
  ],
  "euler_order": "XYZ",
  "rotation_matrix": [
   [
    -0.8117596507072449,
    0.5839916467666626,
    -7.640619151061401e-05
   ],
   [
    -0.5839916467666626,
    -0.8117596507072449,
    -5.399302608566359e-05
   ],
   [
    -9.355493966722861e-05,
    7.91218951690098e-07,
    1.0
   ]
  ]
 },
 {
  "rotation_euler": [
   8.393516850446758e-07,
   9.354451321996748e-05,
   2.46370005607605
  ],
  "euler_order": "XYZ",
  "rotation_matrix": [
   [
    -0.7788960933685303,
    -0.6271529793739319,
    -7.233505311887711e-05
   ],
   [
    0.6271529793739319,
    -0.7788960933685303,
    5.93204858887475e-05
   ],
   [
    -9.354451321996748e-05,
    8.393516850446758e-07,
    1.0
   ]
  ]
 },
 {
  "rotation_euler": [
   8.113709100143751e-07,
   9.346126898890361e-05,
   -2.409989356994629
  ],
  "euler_order": "XYZ",
  "rotation_matrix": [
   [
    -0.744104266166687,
    0.6680635213851929,
    -7.008697866695002e-05
   ],
   [
    -0.6680635213851929,
    -0.744104266166687,
    -6.183431833051145e-05
   ],
   [
    -9.346126898890361e-05,
    8.113709100143751e-07,
    1.0
   ]
  ]
 },
 {
  "rotation_euler": [
   8.261297352873953e-07,
   9.341066470369697e-05,
   0.9764716625213623
  ],
  "euler_order": "XYZ",
  "rotation_matrix": [
   [
    0.5599493384361267,
    -0.8285268545150757,
    5.298971154843457e-05
   ],
   [
    0.8285268545150757,
    0.5599493384361267,
    7.693064981140196e-05
   ],
   [
    -9.341066470369697e-05,
    8.261297352873953e-07,
    1.0
   ]
  ]
 },
 {
  "rotation_euler": [
   8.38454411677958e-07,
   9.330132161267102e-05,
   0.06722042709589005
  ],
  "euler_order": "XYZ",
  "rotation_matrix": [
   [
    0.9977415800094604,
    -0.06716981530189514,
    9.314692579209805e-05
   ],
   [
    0.06716981530189514,
    0.9977415800094604,
    5.430471901490819e-06
   ],
   [
    -9.330132161267102e-05,
    8.38454411677958e-07,
    1.0
   ]
  ]
 },
 {
  "rotation_euler": [
   8.180186341633089e-07,
   9.344913269160315e-05,
   2.6955840587615967
  ],
  "euler_order": "XYZ",
  "rotation_matrix": [
   [
    -0.902176022529602,
    -0.43136802315711975,
    -8.395469922106713e-05
   ],
   [
    0.43136802315711975,
    -0.902176022529602,
    4.104896652279422e-05
   ],
   [
    -9.344913269160315e-05,
    8.180186341633089e-07,
    1.0
   ]
  ]
 },
 {
  "rotation_euler": [
   8.175406946975272e-07,
   9.342184057459235e-05,
   -2.7467544078826904
  ],
  "euler_order": "XYZ",
  "rotation_matrix": [
   [
    -0.923058807849884,
    0.3846588730812073,
    -8.654832345200703e-05
   ],
   [
    -0.3846588730812073,
    -0.923058807849884,
    -3.518090306897648e-05
   ],
   [
    -9.342184057459235e-05,
    8.175406946975272e-07,
    1.0
   ]
  ]
 },
 {
  "rotation_euler": [
   8.998783300739888e-07,
   9.325489372713491e-05,
   -0.07421039789915085
  ],
  "euler_order": "XYZ",
  "rotation_matrix": [
   [
    0.9972476959228516,
    0.07414229959249496,
    9.293150651501492e-05
   ],
   [
    -0.07414229959249496,
    0.9972476959228516,
    -7.811533578205854e-06
   ],
   [
    -9.325489372713491e-05,
    8.998783300739888e-07,
    1.0
   ]
  ]
 },
 {
  "rotation_euler": [
   8.021069106689538e-07,
   9.332827175967395e-05,
   0.8205857276916504
  ],
  "euler_order": "XYZ",
  "rotation_matrix": [
   [
    0.6817928552627563,
    -0.7315453290939331,
    6.421732541639358e-05
   ],
   [
    0.7315452694892883,
    0.6817928552627563,
    6.772698543500155e-05
   ],
   [
    -9.332827175967395e-05,
    8.021069106689538e-07,
    1.0
   ]
  ]
 },
 {
  "rotation_euler": [
   7.108161526048207e-07,
   9.351624612463638e-05,
   1.3187536001205444
  ],
  "euler_order": "XYZ",
  "rotation_matrix": [
   [
    0.24938265979290009,
    -0.96840500831604,
    2.4009688786463812e-05
   ],
   [
    0.96840500831604,
    0.24938265979290009,
    9.038433927344158e-05
   ],
   [
    -9.351624612463638e-05,
    7.108161526048207e-07,
    1.0
   ]
  ]
 },
 {
  "rotation_euler": [
   7.920218081380881e-07,
   9.334807691629976e-05,
   0.8680782914161682
  ],
  "euler_order": "XYZ",
  "rotation_matrix": [
   [
    0.6462941765785217,
    -0.7630883455276489,
    6.0934700741199777e-05
   ],
   [
    0.7630883455276489,
    0.6462941765785217,
    7.072095468174666e-05
   ],
   [
    -9.334807691629976e-05,
    7.920218081380881e-07,
    1.0
   ]
  ]
 },
 {
  "rotation_euler": [
   8.072721016105788e-07,
   9.338937525171787e-05,
   -0.6386653780937195
  ],
  "euler_order": "XYZ",
  "rotation_matrix": [
   [
    0.8028920888900757,
    0.5961244106292725,
    7.450035627698526e-05
   ],
   [
    -0.5961244106292725,
    0.8028920888900757,
    -5.631983731291257e-05
   ],
   [
    -9.338937525171787e-05,
    8.072721016105788e-07,
    1.0
   ]
  ]
 },
 {
  "rotation_euler": [
   7.856411343709624e-07,
   9.356954251416028e-05,
   -1.5284223556518555
  ],
  "euler_order": "XYZ",
  "rotation_matrix": [
   [
    0.042361292988061905,
    0.9991023540496826,
    3.1787908483238425e-06
   ],
   [
    -0.9991023540496826,
    0.042361292988061905,
    -9.351882908958942e-05
   ],
   [
    -9.356954251416028e-05,
    7.856411343709624e-07,
    1.0
   ]
  ]
 },
 {
  "rotation_euler": [
   7.752801138849463e-07,
   9.343831334263086e-05,
   -1.6570823192596436
  ],
  "euler_order": "XYZ",
  "rotation_matrix": [
   [
    -0.08617895841598511,
    0.9962796568870544,
    -8.824812539387494e-06
   ],
   [
    -0.9962796568870544,
    -0.08617895841598511,
    -9.302388207288459e-05
   ],
   [
    -9.343831334263086e-05,
    7.752801138849463e-07,
    1.0
   ]
  ]
 },
 {
  "rotation_euler": [
   7.845173399800842e-07,
   9.350087930215523e-05,
   3.046271800994873
  ],
  "euler_order": "XYZ",
  "rotation_matrix": [
   [
    -0.9954603910446167,
    -0.0951765701174736,
    -9.300175588577986e-05
   ],
   [
    0.0951765701174736,
    -0.9954603910446167,
    9.680048606242053e-06
   ],
   [
    -9.350087930215523e-05,
    7.845173399800842e-07,
    1.0
   ]
  ]
 },
 {
  "rotation_euler": [
   7.902056609054853e-07,
   9.341055556433275e-05,
   -0.534137487411499
  ],
  "euler_order": "XYZ",
  "rotation_matrix": [
   [
    0.8607080578804016,
    0.5090988278388977,
    7.999692752491683e-05
   ],
   [
    -0.5090988278388977,
    0.8607080578804016,
    -4.8235342546831816e-05
   ],
   [
    -9.341055556433275e-05,
    7.902056609054853e-07,
    1.0
   ]
  ]
 }
]