[
 {
  "rotation_euler": [
   -0.24526441097259521,
   -3.290346512585529e-06,
   2.742091417312622
  ],
  "euler_order": "XYZ",
  "rotation_matrix": [
   [
    -0.9212551116943359,
    -0.3773193359375,
    -0.09444127231836319
   ],
   [
    0.3889589011669159,
    -0.8936845660209656,
    -0.22369380295276642
   ],
   [
    3.290346512585529e-06,
    -0.24281282722949982,
    0.9700731635093689
   ]
  ]
 },
 {
  "rotation_euler": [
   -0.24526463449001312,
   3.819908670266159e-06,
   1.288987159729004
  ],
  "euler_order": "XYZ",
  "rotation_matrix": [
   [
    0.2780939042568207,
    -0.9318077564239502,
    -0.2332339882850647
   ],
   [
    0.9605538845062256,
    0.2697705328464508,
    0.0675283893942833
   ],
   [
    -3.819908670266159e-06,
    -0.24281305074691772,
    0.9700731039047241
   ]
  ]
 },
 {
  "rotation_euler": [
   -0.245261549949646,
   2.425143975415267e-06,
   0.6911685466766357
  ],
  "euler_order": "XYZ",
  "rotation_matrix": [
   [
    0.7705016732215881,
    -0.6183623671531677,
    -0.15477454662322998
   ],
   [
    0.6374379992485046,
    0.7474431395530701,
    0.1870870590209961
   ],
   [
    -2.425143975415267e-06,
    -0.24281005561351776,
    0.9700738787651062
   ]
  ]
 },
 {
  "rotation_euler": [
   -0.24526244401931763,
   5.553035862249089e-07,
   -0.3234163224697113
  ],
  "euler_order": "XYZ",
  "rotation_matrix": [
   [
    0.9481552243232727,
    0.30829665064811707,
    0.07716766744852066
   ],
   [
    -0.3178076148033142,
    0.919780433177948,
    0.23022226989269257
   ],
   [
    -5.553035862249089e-07,
    -0.242810919880867,
    0.9700736403465271
   ]
  ]
 },
 {
  "rotation_euler": [
   -0.2452644407749176,
   -3.692423433676595e-06,
   2.0982162952423096
  ],
  "euler_order": "XYZ",
  "rotation_matrix": [
   [
    -0.5033056139945984,
    -0.8382489085197449,
    -0.20981484651565552
   ],
   [
    0.8641085028648376,
    -0.4882424771785736,
    -0.12221216410398483
   ],
   [
    3.692423433676595e-06,
    -0.2428128570318222,
    0.9700731635093689
   ]
  ]
 },
 {
  "rotation_euler": [
   -0.245261549949646,
   -2.4246778593806084e-06,
   2.352449655532837
  ],
  "euler_order": "XYZ",
  "rotation_matrix": [
   [
    -0.7044538259506226,
    -0.6885101795196533,
    -0.1723327338695526
   ],
   [
    0.7097498178482056,
    -0.6833718419075012,
    -0.17105014622211456
   ],
   [
    2.4246778593806084e-06,
    -0.24281005561351776,
    0.9700738787651062
   ]
  ]
 },
 {
  "rotation_euler": [
   -0.24528345465660095,
   5.328711267793551e-05,
   1.8079679012298584
  ],
  "euler_order": "XYZ",
  "rotation_matrix": [
   [
    -0.2349543273448944,
    -0.9429097771644592,
    -0.2360457330942154
   ],
   [
    0.9720064401626587,
    -0.22793437540531158,
    -0.05700401961803436
   ],
   [
    -5.328711267793551e-05,
    -0.2428313046693802,
    0.9700685143470764
   ]
  ]
 },
 {
  "rotation_euler": [
   -0.24526368081569672,
   2.1087212189740967e-06,
   -1.0190404653549194
  ],
  "euler_order": "XYZ",
  "rotation_matrix": [
   [
    0.5241833329200745,
    0.8261194825172424,
    0.20678119361400604
   ],
   [
    -0.8516054153442383,
    0.5084967017173767,
    0.12727633118629456
   ],
   [
    -2.1087212189740967e-06,
    -0.2428121268749237,
    0.9700733423233032
   ]
  ]
 },
 {
  "rotation_euler": [
   -0.24526362121105194,
   1.7497538919997169e-06,
   0.9215675592422485
  ],
  "euler_order": "XYZ",
  "rotation_matrix": [
   [
    0.6045722365379333,
    -0.7727124691009521,
    -0.1934109926223755
   ],
   [
    0.7965502738952637,
    0.586479127407074,
    0.14679878950119019
   ],
   [
    -1.7497538919997169e-06,
    -0.24281206727027893,
    0.9700733423233032
   ]
  ]
 },
 {
  "rotation_euler": [
   -0.24526336789131165,
   -2.515938149372232e-06,
   0.2956353724002838
  ],
  "euler_order": "XYZ",
  "rotation_matrix": [
   [
    0.9566172361373901,
    -0.2826280891895294,
    -0.07074500620365143
   ],
   [
    0.2913477122783661,
    0.92798912525177,
    0.2322772592306137
   ],
   [
    2.515938149372232e-06,
    -0.24281181395053864,
    0.970073401927948
   ]
  ]
 },
 {
  "rotation_euler": [
   -0.24526435136795044,
   3.65179221262224e-06,
   0.6293269991874695
  ],
  "euler_order": "XYZ",
  "rotation_matrix": [
   [
    0.8084238171577454,
    -0.5709865689277649,
    -0.14291693270206451
   ],
   [
    0.5886008143424988,
    0.7842297554016113,
    0.19629772007465363
   ],
   [
    -3.65179221262224e-06,
    -0.24281276762485504,
    0.9700731635093689
   ]
  ]
 },
 {
  "rotation_euler": [
   -0.24526426196098328,
   -3.6922831441188464e-06,
   0.5684875845909119
  ],
  "euler_order": "XYZ",
  "rotation_matrix": [
   [
    0.8427161574363708,
    -0.5222460031509399,
    -0.13072320818901062
   ],
   [
    0.5383581519126892,
    0.8174968361854553,
    0.20462024211883545
   ],
   [
    3.6922831441188464e-06,
    -0.24281269311904907,
    0.9700731635093689
   ]
  ]
 },
 {
  "rotation_euler": [
   -0.24526120722293854,
   -2.805586063914234e-06,
   -2.0191650390625
  ],
  "euler_order": "XYZ",
  "rotation_matrix": [
   [
    -0.43349605798721313,
    0.8741871118545532,
    0.21881048381328583
   ],
   [
    -0.9011554718017578,
    -0.42052385210990906,
    -0.10525460541248322
   ],
   [
    2.805586063914234e-06,
    -0.2428097277879715,
    0.970073938369751
   ]
  ]
 },
 {
  "rotation_euler": [
   -0.24526330828666687,
   1.7407389805157436e-06,
   -1.2345173358917236
  ],
  "euler_order": "XYZ",
  "rotation_matrix": [
   [
    0.32997679710388184,
    0.9157385230064392,
    0.2292121946811676
   ],
   [
    -0.9439890384674072,
    0.32010212540626526,
    0.08012065291404724
   ],
   [
    -1.7407389805157436e-06,
    -0.24281175434589386,
    0.970073401927948
   ]
  ]
 },
 {
  "rotation_euler": [
   -0.2452632635831833,
   -3.299623358543613e-06,
   -3.1176602840423584
  ],
  "euler_order": "XYZ",
  "rotation_matrix": [
   [
    -0.999713659286499,
    0.023213138803839684,
    0.005813704803586006
   ],
   [
    -0.023930085822939873,
    -0.9697956442832947,
    -0.24274210631847382
   ],
   [
    3.299623358543613e-06,
    -0.24281172454357147,
    0.9700734615325928
   ]
  ]
 },
 {
  "rotation_euler": [
   -0.24526311457157135,
   1.462373546701201e-07,
   -2.1678640842437744
  ],
  "euler_order": "XYZ",
  "rotation_matrix": [
   [
    -0.5622199773788452,
    0.8022388815879822,
    0.20080211758613586
   ],
   [
    -0.8269877433776855,
    -0.5453946590423584,
    -0.1365136355161667
   ],
   [
    -1.462373546701201e-07,
    -0.24281157553195953,
    0.9700734615325928
   ]
  ]
 }
]