[
 {
  "rotation_euler": [
   1.4517101049423218,
   1.014491319656372,
   0.89019775390625
  ],
  "euler_order": "XYZ",
  "rotation_matrix": [
   [
    0.33228111267089844,
    0.43825438618659973,
    0.835178017616272
   ],
   [
    0.41040000319480896,
    0.730089008808136,
    -0.5463898777961731
   ],
   [
    -0.8492120504379272,
    0.5243120789527893,
    0.0627351924777031
   ]
  ]
 },
 {
  "rotation_euler": [
   1.4517097473144531,
   1.0144912004470825,
   1.4262001514434814
  ],
  "euler_order": "XYZ",
  "rotation_matrix": [
   [
    0.07608851790428162,
    0.0039332411251962185,
    0.9970933198928833
   ],
   [
    0.5225414037704468,
    0.8515170216560364,
    -0.043234292417764664
   ],
   [
    -0.8492119908332825,
    0.5243121981620789,
    0.06273538619279861
   ]
  ]
 },
 {
  "rotation_euler": [
   -1.6898829936981201,
   2.127101421356201,
   0.863893449306488
  ],
  "euler_order": "XYZ",
  "rotation_matrix": [
   [
    -0.34296026825904846,
    -0.45730462670326233,
    -0.8205185532569885
   ],
   [
    -0.40151867270469666,
    -0.7183099985122681,
    0.5681667923927307
   ],
   [
    -0.8492119908332825,
    0.5243121385574341,
    0.0627354308962822
   ]
  ]
 },
 {
  "rotation_euler": [
   1.451709270477295,
   1.014491081237793,
   1.1774290800094604
  ],
  "euler_order": "XYZ",
  "rotation_matrix": [
   [
    0.2024027407169342,
    0.21346628665924072,
    0.955753743648529
   ],
   [
    0.4877214729785919,
    0.8243353962898254,
    -0.28740036487579346
   ],
   [
    -0.8492119312286377,
    0.5243122577667236,
    0.0627356469631195
   ]
  ]
 },
 {
  "rotation_euler": [
   1.45171058177948,
   1.014491319656372,
   0.7085468173027039
  ],
  "euler_order": "XYZ",
  "rotation_matrix": [
   [
    0.4009542465209961,
    0.5629372000694275,
    0.7227290868759155
   ],
   [
    0.34361982345581055,
    0.6389040946960449,
    -0.6882782578468323
   ],
   [
    -0.8492120504379272,
    0.5243121385574341,
    0.0627349391579628
   ]
  ]
 },
 {
  "rotation_euler": [
   1.45171058177948,
   1.0144912004470825,
   1.262087345123291
  ],
  "euler_order": "XYZ",
  "rotation_matrix": [
   [
    0.1604374796152115,
    0.14299960434436798,
    0.9766324162483215
   ],
   [
    0.5030892491340637,
    0.8394330143928528,
    -0.20555631816387177
   ],
   [
    -0.8492119908332825,
    0.5243122577667236,
    0.06273495405912399
   ]
  ]
 },
 {
  "rotation_euler": [
   -1.6898828744888306,
   2.127101421356201,
   0.5147818326950073
  ],
  "euler_order": "XYZ",
  "rotation_matrix": [
   [
    -0.45961660146713257,
    -0.6754260659217834,
    -0.5766733884811401
   ],
   [
    -0.25998377799987793,
    -0.5185521841049194,
    0.8145624995231628
   ],
   [
    -0.8492119908332825,
    0.5243121385574341,
    0.06273537129163742
   ]
  ]
 },
 {
  "rotation_euler": [
   1.4517099857330322,
   1.014491081237793,
   2.1929001808166504
  ],
  "euler_order": "XYZ",
  "rotation_matrix": [
   [
    -0.3077203631401062,
    -0.5879175066947937,
    0.7481050491333008
   ],
   [
    0.4291238486766815,
    0.6159948110580444,
    0.660608172416687
   ],
   [
    -0.8492119312286377,
    0.5243123173713684,
    0.06273527443408966
   ]
  ]
 },
 {
  "rotation_euler": [
   1.4517103433609009,
   1.014491319656372,
   0.8105053305625916
  ],
  "euler_order": "XYZ",
  "rotation_matrix": [
   [
    0.3638976812362671,
    0.49498462677001953,
    0.7890301942825317
   ],
   [
    0.38264521956443787,
    0.6928831338882446,
    -0.6111428737640381
   ],
   [
    -0.8492120504379272,
    0.5243121385574341,
    0.06273506581783295
   ]
  ]
 },
 {
  "rotation_euler": [
   -1.6898828744888306,
   2.127101421356201,
   0.11215095967054367
  ],
  "euler_order": "XYZ",
  "rotation_matrix": [
   [
    -0.5247346758842468,
    -0.8246040940284729,
    -0.21138040721416473
   ],
   [
    -0.05909747630357742,
    -0.21242620050907135,
    0.9753884077072144
   ],
   [
    -0.8492119908332825,
    0.5243121385574341,
    0.06273537129163742
   ]
  ]
 },
 {
  "rotation_euler": [
   1.4517097473144531,
   1.0144912004470825,
   1.1789100170135498
  ],
  "euler_order": "XYZ",
  "rotation_matrix": [
   [
    0.20168019831180573,
    0.21224574744701385,
    0.9561782479286194
   ],
   [
    0.4880205988883972,
    0.8246505260467529,
    -0.2859850227832794
   ],
   [
    -0.8492119908332825,
    0.5243121981620789,
    0.06273538619279861
   ]
  ]
 },
 {
  "rotation_euler": [
   1.4517099857330322,
   1.0144912004470825,
   0.6608245968818665
  ],
  "euler_order": "XYZ",
  "rotation_matrix": [
   [
    0.4168899357318878,
    0.5927742123603821,
    0.6890729665756226
   ],
   [
    0.3241015076637268,
    0.6113227009773254,
    -0.7219714522361755
   ],
   [
    -0.8492119908332825,
    0.5243121981620789,
    0.06273526698350906
   ]
  ]
 },
 {
  "rotation_euler": [
   1.4516679048538208,
   1.0144795179367065,
   -0.7228147983551025
  ],
  "euler_order": "XYZ",
  "rotation_matrix": [
   [
    0.3960183560848236,
    0.7109624147415161,
    -0.5811212062835693
   ],
   [
    -0.34931209683418274,
    -0.46863800287246704,
    -0.8113935589790344
   ],
   [
    -0.8492057919502258,
    0.5243194103240967,
    0.06275850534439087
   ]
  ]
 },
 {
  "rotation_euler": [
   -1.6898831129074097,
   2.127101421356201,
   0.05462031811475754
  ],
  "euler_order": "XYZ",
  "rotation_matrix": [
   [
    -0.5272645354270935,
    -0.8354540467262268,
    -0.15494711697101593
   ],
   [
    -0.028828032314777374,
    -0.16466115415096283,
    0.9859288334846497
   ],
   [
    -0.8492119908332825,
    0.5243121385574341,
    0.06273549050092697
   ]
  ]
 },
 {
  "rotation_euler": [
   1.451709270477295,
   1.014491319656372,
   -2.095078468322754
  ],
  "euler_order": "XYZ",
  "rotation_matrix": [
   [
    -0.2643384337425232,
    -0.3192494809627533,
    -0.9100576639175415
   ],
   [
    -0.4571259021759033,
    -0.7894153594970703,
    0.40970632433891296
   ],
   [
    -0.8492120504379272,
    0.5243120789527893,
    0.06273562461137772
   ]
  ]
 },
 {
  "rotation_euler": [
   1.4517099857330322,
   1.0144912004470825,
   1.065514326095581
  ],
  "euler_order": "XYZ",
  "rotation_matrix": [
   [
    0.2556058466434479,
    0.3041943609714508,
    0.9176772236824036
   ],
   [
    0.4620656371116638,
    0.795337975025177,
    -0.39234277606010437
   ],
   [
    -0.8492119908332825,
    0.5243121981620789,
    0.06273526698350906
   ]
  ]
 }
]