[
 {
  "rotation_euler": [
   0.0002004429989028722,
   -7.706149335717782e-05,
   0.39231663942337036
  ],
  "euler_order": "XYZ",
  "rotation_matrix": [
   [
    0.92402583360672,
    -0.3823300898075104,
    5.428577878774377e-06
   ],
   [
    0.382330060005188,
    0.9240257740020752,
    -0.00021467743499670178
   ],
   [
    7.706149335717782e-05,
    0.0002004429989028722,
    1.0
   ]
  ]
 },
 {
  "rotation_euler": [
   -2.2498462200164795,
   0.38498425483703613,
   -1.9134795665740967
  ],
  "euler_order": "XYZ",
  "rotation_matrix": [
   [
    -0.31142064929008484,
    -0.4933403730392456,
    0.8121775984764099
   ],
   [
    -0.8729166388511658,
    0.4862815737724304,
    -0.03932876139879227
   ],
   [
    -0.37554454803466797,
    -0.7212111353874207,
    -0.5820831656455994
   ]
  ]
 },
 {
  "rotation_euler": [
   -2.0892558097839355,
   1.1525675058364868,
   -0.4894479215145111
  ],
  "euler_order": "XYZ",
  "rotation_matrix": [
   [
    0.35845839977264404,
    -0.9335052371025085,
    0.008688881061971188
   ],
   [
    -0.19094334542751312,
    -0.06420370191335678,
    0.979499101638794
   ],
   [
    -0.9138097167015076,
    -0.35276877880096436,
    -0.20126096904277802
   ]
  ]
 },
 {
  "rotation_euler": [
   0.00018624248332343996,
   -3.839835335384123e-05,
   1.1657376289367676
  ],
  "euler_order": "XYZ",
  "rotation_matrix": [
   [
    0.3940727114677429,
    -0.9190792441368103,
    0.00015603986685164273
   ],
   [
    0.9190792441368103,
    0.39407268166542053,
    -0.00010868420940823853
   ],
   [
    3.839835335384123e-05,
    0.00018624248332343996,
    1.0
   ]
  ]
 },
 {
  "rotation_euler": [
   0.000196656517800875,
   -7.435518637066707e-05,
   -1.6601052284240723
  ],
  "euler_order": "XYZ",
  "rotation_matrix": [
   [
    -0.08919022977352142,
    0.9960145950317383,
    -0.00018924100731965154
   ],
   [
    -0.9960145950317383,
    -0.08919020742177963,
    9.159868932329118e-05
   ],
   [
    7.435518637066707e-05,
    0.000196656517800875,
    1.0
   ]
  ]
 },
 {
  "rotation_euler": [
   0.00017216162814293057,
   -1.5249393072735984e-05,
   2.424703598022461
  ],
  "euler_order": "XYZ",
  "rotation_matrix": [
   [
    -0.7538533806800842,
    -0.6570426225662231,
    0.00012461334699764848
   ],
   [
    0.6570426821708679,
    -0.7538533806800842,
    0.00011976512905675918
   ],
   [
    1.5249393072735984e-05,
    0.00017216162814293057,
    1.0
   ]
  ]
 },
 {
  "rotation_euler": [
   0.0001935056207003072,
   -6.340658001136035e-05,
   -2.3215813636779785
  ],
  "euler_order": "XYZ",
  "rotation_matrix": [
   [
    -0.6822129487991333,
    0.7311535477638245,
    -9.822552965488285e-05
   ],
   [
    -0.7311535477638245,
    -0.6822129487991333,
    0.00017837197810877115
   ],
   [
    6.340658001136035e-05,
    0.0001935056207003072,
    1.0
   ]
  ]
 },
 {
  "rotation_euler": [
   0.0001929876598296687,
   -6.0829228459624574e-05,
   2.4336135387420654
  ],
  "euler_order": "XYZ",
  "rotation_matrix": [
   [
    -0.7596775889396667,
    -0.6502998471260071,
    0.00017171044601127505
   ],
   [
    0.6502999067306519,
    -0.7596775889396667,
    0.00010705116437748075
   ],
   [
    6.0829228459624574e-05,
    0.0001929876598296687,
    1.0
   ]
  ]
 },
 {
  "rotation_euler": [
   0.00023656508710701019,
   -0.00021564020426012576,
   1.8350355625152588
  ],
  "euler_order": "XYZ",
  "rotation_matrix": [
   [
    -0.2611749768257141,
    -0.965291440486908,
    0.0002846740826498717
   ],
   [
    0.965291440486908,
    -0.2611750364303589,
    -0.000146370759466663
   ],
   [
    0.00021564020426012576,
    0.00023656507255509496,
    0.9999999403953552
   ]
  ]
 },
 {
  "rotation_euler": [
   0.00018444127636030316,
   -3.909329461748712e-05,
   1.1359403133392334
  ],
  "euler_order": "XYZ",
  "rotation_matrix": [
   [
    0.42127981781959534,
    -0.906930685043335,
    0.00015080624143593013
   ],
   [
    0.906930685043335,
    0.42127981781959534,
    -0.00011315629672026262
   ],
   [
    3.909329461748712e-05,
    0.00018444127636030316,
    1.0
   ]
  ]
 },
 {
  "rotation_euler": [
   0.00017956153897102922,
   -1.4463002116826829e-05,
   0.4640990197658539
  ],
  "euler_order": "XYZ",
  "rotation_matrix": [
   [
    0.8942252397537231,
    -0.4476172924041748,
    6.744167330907658e-05
   ],
   [
    0.4476172924041748,
    0.8942251801490784,
    -0.00016704235167708248
   ],
   [
    1.4463002116826829e-05,
    0.00017956153897102922,
    1.0
   ]
  ]
 },
 {
  "rotation_euler": [
   0.0001895150780910626,
   -5.3869414841756225e-05,
   -2.4190735816955566
  ],
  "euler_order": "XYZ",
  "rotation_matrix": [
   [
    -0.7501423358917236,
    0.6612764000892639,
    -8.49121279316023e-05
   ],
   [
    -0.6612764000892639,
    -0.7501422762870789,
    0.00017778585606720299
   ],
   [
    5.3869414841756225e-05,
    0.0001895150780910626,
    1.0
   ]
  ]
 },
 {
  "rotation_euler": [
   0.0002116606046911329,
   -0.00012923225585836917,
   2.4482150077819824
  ],
  "euler_order": "XYZ",
  "rotation_matrix": [
   [
    -0.7690916061401367,
    -0.6391385197639465,
    0.0002346718974877149
   ],
   [
    0.6391385197639465,
    -0.7690916061401367,
    8.018908556550741e-05
   ],
   [
    0.00012923225585836917,
    0.0002116606046911329,
    0.9999999403953552
   ]
  ]
 },
 {
  "rotation_euler": [
   0.0002087324537569657,
   -0.0001477004261687398,
   1.9256118535995483
  ],
  "euler_order": "XYZ",
  "rotation_matrix": [
   [
    -0.3474173843860626,
    -0.9377105832099915,
    0.0002470443141646683
   ],
   [
    0.9377105832099915,
    -0.347417414188385,
    -6.598296749871224e-05
   ],
   [
    0.0001477004261687398,
    0.0002087324537569657,
    0.9999999403953552
   ]
  ]
 },
 {
  "rotation_euler": [
   0.0001755707198753953,
   -1.5238539162965026e-05,
   -2.472151756286621
  ],
  "euler_order": "XYZ",
  "rotation_matrix": [
   [
    -0.7841687202453613,
    0.6205476522445679,
    -9.700041118776426e-05
   ],
   [
    -0.6205476522445679,
    -0.7841687202453613,
    0.00014713330892845988
   ],
   [
    1.5238539162965026e-05,
    0.0001755707198753953,
    1.0
   ]
  ]
 },
 {
  "rotation_euler": [
   0.00015134144632611424,
   5.150138167664409e-05,
   -2.666788101196289
  ],
  "euler_order": "XYZ",
  "rotation_matrix": [
   [
    -0.8893820643424988,
    0.45716461539268494,
    -0.00011499236279632896
   ],
   [
    -0.45716461539268494,
    -0.8893820643424988,
    0.00011105576413683593
   ],
   [
    -5.150138167664409e-05,
    0.00015134144632611424,
    1.0
   ]
  ]
 }
]