[
 {
  "rotation_euler": [
   0.03934241831302643,
   -0.13242486119270325,
   -1.8717728853225708
  ],
  "euler_order": "XYZ",
  "rotation_matrix": [
   [
    -0.2938574552536011,
    0.955847978591919,
    0.0015486362390220165
   ],
   [
    -0.9466856718063354,
    -0.2912636995315552,
    0.1376653015613556
   ],
   [
    0.1320381611585617,
    0.0389879010617733,
    0.9904776215553284
   ]
  ]
 },
 {
  "rotation_euler": [
   0.0388997457921505,
   -0.10717615485191345,
   -0.6169413924217224
  ],
  "euler_order": "XYZ",
  "rotation_matrix": [
   [
    0.8109716773033142,
    0.5747122764587402,
    -0.10968466103076935
   ],
   [
    -0.5752235054969788,
    0.8174415826797485,
    0.030119922012090683
   ],
   [
    0.10697108507156372,
    0.03866679221391678,
    0.9935099482536316
   ]
  ]
 },
 {
  "rotation_euler": [
   0.03927929699420929,
   -0.12877947092056274,
   2.1919541358947754
  ],
  "euler_order": "XYZ",
  "rotation_matrix": [
   [
    -0.5771579742431641,
    -0.8096429705619812,
    0.10661598294973373
   ],
   [
    0.8064713478088379,
    -0.5856292843818665,
    -0.0815005823969841
   ],
   [
    0.128423810005188,
    0.038944024592638016,
    0.9909544587135315
   ]
  ]
 },
 {
  "rotation_euler": [
   0.03877965360879898,
   -0.09995383024215698,
   -0.9641978740692139
  ],
  "euler_order": "XYZ",
  "rotation_matrix": [
   [
    0.5672307014465332,
    0.8187687397003174,
    -0.08869674801826477
   ],
   [
    -0.8174911737442017,
    0.5728260278701782,
    0.05982113257050514
   ],
   [
    0.09978748112916946,
    0.03857642412185669,
    0.9942606687545776
   ]
  ]
 },
 {
  "rotation_euler": [
   0.03738541156053543,
   -0.009054447524249554,
   1.109521746635437
  ],
  "euler_order": "XYZ",
  "rotation_matrix": [
   [
    0.44507157802581787,
    -0.8950108289718628,
    0.02944314107298851
   ],
   [
    0.8954492211341858,
    0.44447576999664307,
    -0.02473834529519081
   ],
   [
    0.00905432365834713,
    0.03737517073750496,
    0.9992603063583374
   ]
  ]
 },
 {
  "rotation_euler": [
   0.03793296217918396,
   0.13225869834423065,
   0.6468119025230408
  ],
  "euler_order": "XYZ",
  "rotation_matrix": [
   [
    0.791039764881134,
    -0.5982208251953125,
    0.1280151605606079
   ],
   [
    0.5973821878433228,
    0.800449013710022,
    0.049152158200740814
   ],
   [
    -0.13187344372272491,
    0.03759266063570976,
    0.9905534982681274
   ]
  ]
 },
 {
  "rotation_euler": [
   0.036591872572898865,
   0.04277680814266205,
   1.225250482559204
  ],
  "euler_order": "XYZ",
  "rotation_matrix": [
   [
    0.3384004533290863,
    -0.9397310018539429,
    0.048896100372076035
   ],
   [
    0.9400299787521362,
    0.33995556831359863,
    0.02781781554222107
   ],
   [
    -0.042763762176036835,
    0.03655024245381355,
    0.9984164237976074
   ]
  ]
 },
 {
  "rotation_euler": [
   0.03667331486940384,
   0.02027197927236557,
   0.1633106768131256
  ],
  "euler_order": "XYZ",
  "rotation_matrix": [
   [
    0.9864916801452637,
    -0.16174305975437164,
    0.025948651134967804
   ],
   [
    0.16255231201648712,
    0.9861518144607544,
    -0.03288375213742256
   ],
   [
    -0.020270591601729393,
    0.036657560616731644,
    0.9991222620010376
   ]
  ]
 },
 {
  "rotation_euler": [
   0.03796284645795822,
   0.21268849074840546,
   -1.9805431365966797
  ],
  "euler_order": "XYZ",
  "rotation_matrix": [
   [
    -0.389400452375412,
    0.9133692383766174,
    -0.11884424835443497
   ],
   [
    -0.8965539336204529,
    -0.40543848276138306,
    -0.1783556193113327
   ],
   [
    -0.21108856797218323,
    0.037098515778779984,
    0.9767626523971558
   ]
  ]
 },
 {
  "rotation_euler": [
   -0.04615369066596031,
   -3.056391954421997,
   -0.47884416580200195
  ],
  "euler_order": "XYZ",
  "rotation_matrix": [
   [
    -0.8843086361885071,
    0.4637475907802582,
    -0.05418819934129715
   ],
   [
    0.45908230543136597,
    0.8847739696502686,
    0.08011545985937119
   ],
   [
    0.08509765565395355,
    0.045969948172569275,
    -0.9953115582466125
   ]
  ]
 },
 {
  "rotation_euler": [
   0.03935461491346359,
   -0.1329822838306427,
   -1.8365825414657593
  ],
  "euler_order": "XYZ",
  "rotation_matrix": [
   [
    -0.2603488266468048,
    0.9655094146728516,
    -0.003162570297718048
   ],
   [
    -0.9563671946525574,
    -0.2574310302734375,
    0.13817039132118225
   ],
   [
    0.13259068131446838,
    0.03899708017706871,
    0.990403413772583
   ]
  ]
 },
 {
  "rotation_euler": [
   0.03960142284631729,
   -0.14680452644824982,
   2.7915029525756836
  ],
  "euler_order": "XYZ",
  "rotation_matrix": [
   [
    -0.929237961769104,
    -0.33727315068244934,
    0.15087614953517914
   ],
   [
    0.3392927944660187,
    -0.9405918121337891,
    -0.01294176559895277
   ],
   [
    0.1462777853012085,
    0.03916521370410919,
    0.9884679317474365
   ]
  ]
 },
 {
  "rotation_euler": [
   0.038335949182510376,
   -0.06910304725170135,
   -2.501504898071289
  ],
  "euler_order": "XYZ",
  "rotation_matrix": [
   [
    -0.8001291155815125,
    0.5989494919776917,
    0.032447706907987595
   ],
   [
    -0.595840334892273,
    -0.7998734712600708,
    0.0719493106007576
   ],
   [
    0.06904806196689606,
    0.03823508694767952,
    0.9968803524971008
   ]
  ]
 },
 {
  "rotation_euler": [
   0.03648284077644348,
   0.030232949182391167,
   1.1969739198684692
  ],
  "euler_order": "XYZ",
  "rotation_matrix": [
   [
    0.3650096356868744,
    -0.9299162030220032,
    0.04498707503080368
   ],
   [
    0.9305129051208496,
    0.36595994234085083,
    0.014802276156842709
   ],
   [
    -0.03022834286093712,
    0.036458078771829605,
    0.9988778829574585
   ]
  ]
 },
 {
  "rotation_euler": [
   0.03980645537376404,
   -0.15837974846363068,
   2.5042364597320557
  ],
  "euler_order": "XYZ",
  "rotation_matrix": [
   [
    -0.7936131358146667,
    -0.5895570516586304,
    0.1503349393606186
   ],
   [
    0.5876249074935913,
    -0.8067702054977417,
    -0.061796724796295166
   ],
   [
    0.15771843492984772,
    0.039297863841056824,
    0.9867018461227417
   ]
  ]
 },
 {
  "rotation_euler": [
   0.03649146482348442,
   0.0302105862647295,
   -1.338050127029419
  ],
  "euler_order": "XYZ",
  "rotation_matrix": [
   [
    0.2305452972650528,
    0.9726430177688599,
    -0.028537262231111526
   ],
   [
    -0.9725926518440247,
    0.22942468523979187,
    -0.037786878645420074
   ],
   [
    -0.030205991119146347,
    0.03646671772003174,
    0.9988782405853271
   ]
  ]
 }
]