[
 {
  "rotation_euler": [
   1.2855186923843576e-06,
   -1.0657831950311447e-08,
   1.9747235774993896
  ],
  "euler_order": "XYZ",
  "rotation_matrix": [
   [
    -0.39303258061408997,
    -0.9195245504379272,
    1.186254849017132e-06
   ],
   [
    0.9195245504379272,
    -0.39303258061408997,
    4.954505925525154e-07
   ],
   [
    1.0657831950311447e-08,
    1.2855186923843576e-06,
    1.0
   ]
  ]
 },
 {
  "rotation_euler": [
   6.215804546627623e-07,
   4.857197950514092e-07,
   -1.8291363716125488
  ],
  "euler_order": "XYZ",
  "rotation_matrix": [
   [
    -0.2554760277271271,
    0.9668154120445251,
    -7.250433213812357e-07
   ],
   [
    -0.9668154120445251,
    -0.2554760277271271,
    -3.1080244866643625e-07
   ],
   [
    -4.857197950514092e-07,
    6.215804546627623e-07,
    1.0
   ]
  ]
 },
 {
  "rotation_euler": [
   7.94051118191419e-08,
   -7.695042114619355e-08,
   -0.2984282970428467
  ],
  "euler_order": "XYZ",
  "rotation_matrix": [
   [
    0.9557997584342957,
    0.29401832818984985,
    -9.689575364291159e-08
   ],
   [
    -0.29401832818984985,
    0.9557997584342957,
    -5.327055419002136e-08
   ],
   [
    7.695042114619355e-08,
    7.94051118191419e-08,
    1.0
   ]
  ]
 },
 {
  "rotation_euler": [
   4.6352133153959585e-07,
   7.52305140849785e-07,
   1.0701396465301514
  ],
  "euler_order": "XYZ",
  "rotation_matrix": [
   [
    0.4800017178058624,
    -0.8772675395011902,
    7.677400049033167e-07
   ],
   [
    0.8772675395011902,
    0.4800017178058624,
    4.3748184452852e-07
   ],
   [
    -7.52305140849785e-07,
    4.6352133153959585e-07,
    1.0
   ]
  ]
 },
 {
  "rotation_euler": [
   -0.00017544650472700596,
   9.592021399384976e-08,
   1.7984236478805542
  ],
  "euler_order": "XYZ",
  "rotation_matrix": [
   [
    -0.22566668689250946,
    -0.9742045402526855,
    -0.0001709424250293523
   ],
   [
    0.9742045998573303,
    -0.22566668689250946,
    -3.949898382415995e-05
   ],
   [
    -9.592021399384976e-08,
    -0.00017544650472700596,
    1.0
   ]
  ]
 },
 {
  "rotation_euler": [
   -3.551303251470017e-08,
   -2.677356576441525e-07,
   -2.8908751010894775
  ],
  "euler_order": "XYZ",
  "rotation_matrix": [
   [
    -0.968734622001648,
    0.24809914827346802,
    2.681755688627163e-07
   ],
   [
    -0.24809914827346802,
    -0.968734622001648,
    3.202228171517163e-08
   ],
   [
    2.677356576441525e-07,
    -3.551303251470017e-08,
    1.0
   ]
  ]
 },
 {
  "rotation_euler": [
   1.1541870890141581e-06,
   -6.164356705085083e-07,
   -2.162865161895752
  ],
  "euler_order": "XYZ",
  "rotation_matrix": [
   [
    -0.5580788850784302,
    0.8297879099845886,
    -6.137107106951589e-07
   ],
   [
    -0.8297879099845886,
    -0.5580788850784302,
    1.1556383014976745e-06
   ],
   [
    6.164356705085083e-07,
    1.1541870890141581e-06,
    1.0
   ]
  ]
 },
 {
  "rotation_euler": [
   1.9155142183535645e-07,
   8.837377407644453e-08,
   -2.6269359588623047
  ],
  "euler_order": "XYZ",
  "rotation_matrix": [
   [
    -0.8704617619514465,
    0.49223604798316956,
    -1.7121450923696102e-07
   ],
   [
    -0.49223604798316956,
    -0.8704617619514465,
    1.2323742737407883e-07
   ],
   [
    -8.837377407644453e-08,
    1.9155142183535645e-07,
    1.0
   ]
  ]
 },
 {
  "rotation_euler": [
   9.74828481048462e-07,
   1.6108480167531525e-06,
   -1.8850764036178589
  ],
  "euler_order": "XYZ",
  "rotation_matrix": [
   [
    -0.3091318905353546,
    0.9510191679000854,
    -1.4250450703912065e-06
   ],
   [
    -0.9510191679000854,
    -0.3091318905353546,
    -1.2305968084547203e-06
   ],
   [
    -1.6108480167531525e-06,
    9.74828481048462e-07,
    1.0
   ]
  ]
 },
 {
  "rotation_euler": [
   -1.236550701833039e-07,
   1.1775322406037958e-07,
   -0.11053343117237091
  ],
  "euler_order": "XYZ",
  "rotation_matrix": [
   [
    0.9938973784446716,
    0.11030849069356918,
    1.3067482029782695e-07
   ],
   [
    -0.11030849069356918,
    0.9938973784446716,
    1.0991126941917173e-07
   ],
   [
    -1.1775322406037958e-07,
    -1.236550701833039e-07,
    1.0
   ]
  ]
 },
 {
  "rotation_euler": [
   1.085398935174453e-06,
   1.0094438493979396e-06,
   0.6642842292785645
  ],
  "euler_order": "XYZ",
  "rotation_matrix": [
   [
    0.787358283996582,
    -0.6164957284927368,
    1.4639377923231223e-06
   ],
   [
    0.6164957284927368,
    0.787358283996582,
    -2.3228000145536498e-07
   ],
   [
    -1.0094438493979396e-06,
    1.085398935174453e-06,
    1.0
   ]
  ]
 },
 {
  "rotation_euler": [
   2.5681899842311395e-06,
   -4.559837179840542e-06,
   0.8085146546363831
  ],
  "euler_order": "XYZ",
  "rotation_matrix": [
   [
    0.690573513507843,
    -0.7232622504234314,
    -1.291427793148614e-06
   ],
   [
    0.7232622504234314,
    0.690573513507843,
    -5.07148206452257e-06
   ],
   [
    4.559837179840542e-06,
    2.5681899842311395e-06,
    1.0
   ]
  ]
 },
 {
  "rotation_euler": [
   -3.3392288401046244e-07,
   4.1759446389733057e-07,
   -1.8792461156845093
  ],
  "euler_order": "XYZ",
  "rotation_matrix": [
   [
    -0.30358195304870605,
    0.9528053402900696,
    1.9138936124818429e-07
   ],
   [
    -0.9528053402900696,
    -0.30358195304870605,
    -4.992592153030273e-07
   ],
   [
    -4.1759446389733057e-07,
    -3.3392288401046244e-07,
    1.0
   ]
  ]
 },
 {
  "rotation_euler": [
   -3.817721676568908e-07,
   -1.6765640964422346e-07,
   1.5608512163162231
  ],
  "euler_order": "XYZ",
  "rotation_matrix": [
   [
    0.009944946505129337,
    -0.9999505281448364,
    -3.8342062680385425e-07
   ],
   [
    0.9999505281448364,
    0.009944946505129337,
    -1.6385141066166398e-07
   ],
   [
    1.6765640964422346e-07,
    -3.817721676568908e-07,
    1.0
   ]
  ]
 },
 {
  "rotation_euler": [
   -2.3734455680823885e-05,
   2.373544884903822e-05,
   2.270566463470459
  ],
  "euler_order": "XYZ",
  "rotation_matrix": [
   [
    -0.6440418362617493,
    -0.7649902701377869,
    -3.344325159559958e-05
   ],
   [
    0.7649902701377869,
    -0.6440418362617493,
    2.871403921744786e-06
   ],
   [
    -2.373544884903822e-05,
    -2.3734455680823885e-05,
    1.0
   ]
  ]
 },
 {
  "rotation_euler": [
   2.9604240125991055e-07,
   -1.6077758857591107e-07,
   2.4469659328460693
  ],
  "euler_order": "XYZ",
  "rotation_matrix": [
   [
    -0.7682926654815674,
    -0.6400986909866333,
    3.130205925572227e-07
   ],
   [
    0.6400986909866333,
    -0.7682926654815674,
    1.245336846977807e-07
   ],
   [
    1.6077758857591107e-07,
    2.9604240125991055e-07,
    1.0
   ]
  ]
 }
]