[
 {
  "rotation_euler": [
   -0.03321542590856552,
   -5.662336377554311e-08,
   -2.44148325920105
  ],
  "euler_order": "XYZ",
  "rotation_matrix": [
   [
    -0.7647716999053955,
    0.6439459919929504,
    0.021396853029727936
   ],
   [
    -0.6443013548851013,
    -0.7643498778343201,
    -0.025397511199116707
   ],
   [
    5.662336377554311e-08,
    -0.03320932015776634,
    0.9994484186172485
   ]
  ]
 },
 {
  "rotation_euler": [
   -0.033215317875146866,
   7.120590339582122e-07,
   2.583064317703247
  ],
  "euler_order": "XYZ",
  "rotation_matrix": [
   [
    -0.8480359315872192,
    -0.5296463966369629,
    -0.017599450424313545
   ],
   [
    0.5299387574195862,
    -0.847568154335022,
    -0.02816222608089447
   ],
   [
    -7.120590339582122e-07,
    -0.03320921212434769,
    0.9994484186172485
   ]
  ]
 },
 {
  "rotation_euler": [
   -0.033215440809726715,
   9.936984923797354e-08,
   1.364823818206787
  ],
  "euler_order": "XYZ",
  "rotation_matrix": [
   [
    0.20451921224594116,
    -0.9783226251602173,
    -0.03250735253095627
   ],
   [
    0.9788625240325928,
    0.20440639555454254,
    0.006792043801397085
   ],
   [
    -9.936984923797354e-08,
    -0.033209335058927536,
    0.9994484186172485
   ]
  ]
 },
 {
  "rotation_euler": [
   -0.03321532905101776,
   -2.1362816937653406e-07,
   -2.200139284133911
  ],
  "euler_order": "XYZ",
  "rotation_matrix": [
   [
    -0.588613748550415,
    0.8079684972763062,
    0.02684693969786167
   ],
   [
    -0.8084143996238708,
    -0.5882890820503235,
    -0.0195472314953804
   ],
   [
    2.1362816937653406e-07,
    -0.03320922330021858,
    0.9994484186172485
   ]
  ]
 },
 {
  "rotation_euler": [
   -0.03321545943617821,
   9.427177474208293e-07,
   1.7550075054168701
  ],
  "euler_order": "XYZ",
  "rotation_matrix": [
   [
    -0.1831711083650589,
    -0.9825388193130493,
    -0.03264765813946724
   ],
   [
    0.983081042766571,
    -0.183070108294487,
    -0.006082067731767893
   ],
   [
    -9.427177474208293e-07,
    -0.03320935368537903,
    0.9994484186172485
   ]
  ]
 },
 {
  "rotation_euler": [
   -0.03321544826030731,
   8.302141907279292e-08,
   0.6663576364517212
  ],
  "euler_order": "XYZ",
  "rotation_matrix": [
   [
    0.7860783338546753,
    -0.6177859902381897,
    -0.020527523010969162
   ],
   [
    0.6181269288063049,
    0.7856447100639343,
    0.02610519342124462
   ],
   [
    -8.302141907279292e-08,
    -0.03320934250950813,
    0.9994484186172485
   ]
  ]
 },
 {
  "rotation_euler": [
   -0.033215444535017014,
   -1.1438400804308912e-07,
   -2.4068078994750977
  ],
  "euler_order": "XYZ",
  "rotation_matrix": [
   [
    -0.7419750690460205,
    0.6700576543807983,
    0.02226453647017479
   ],
   [
    -0.6704274415969849,
    -0.7415658235549927,
    -0.02464042417705059
   ],
   [
    1.1438400804308912e-07,
    -0.033209338784217834,
    0.9994484186172485
   ]
  ]
 },
 {
  "rotation_euler": [
   -0.03321552276611328,
   -4.447847601340982e-08,
   1.7305629253387451
  ],
  "euler_order": "XYZ",
  "rotation_matrix": [
   [
    -0.15908777713775635,
    -0.9867199063301086,
    -0.03278646618127823
   ],
   [
    0.9872644543647766,
    -0.15900002419948578,
    -0.005283256061375141
   ],
   [
    4.447847601340982e-08,
    -0.0332094170153141,
    0.9994484186172485
   ]
  ]
 },
 {
  "rotation_euler": [
   -0.03321550786495209,
   -6.622859416438587e-08,
   0.7016834020614624
  ],
  "euler_order": "XYZ",
  "rotation_matrix": [
   [
    0.7637566328048706,
    -0.6451482772827148,
    -0.021436862647533417
   ],
   [
    0.6455042958259583,
    0.7633353471755981,
    0.025363856926560402
   ],
   [
    6.622859416438587e-08,
    -0.03320940211415291,
    0.9994484186172485
   ]
  ]
 },
 {
  "rotation_euler": [
   -0.033215370029211044,
   9.390193440594885e-07,
   -1.839664101600647
  ],
  "euler_order": "XYZ",
  "rotation_matrix": [
   [
    -0.2656400501728058,
    0.9635404944419861,
    0.032015878707170486
   ],
   [
    -0.9640722870826721,
    -0.2654935121536255,
    -0.008822615258395672
   ],
   [
    -9.390193440594885e-07,
    -0.033209264278411865,
    0.9994484186172485
   ]
  ]
 },
 {
  "rotation_euler": [
   -0.03321538493037224,
   -2.1553026385845442e-07,
   0.3912951946258545
  ],
  "euler_order": "XYZ",
  "rotation_matrix": [
   [
    0.9244158864021301,
    -0.3811756670475006,
    -0.012665754184126854
   ],
   [
    0.38138604164123535,
    0.9239059686660767,
    0.030699100345373154
   ],
   [
    2.1553026385845442e-07,
    -0.03320927917957306,
    0.9994484186172485
   ]
  ]
 },
 {
  "rotation_euler": [
   -0.03321545571088791,
   5.4890332279455833e-08,
   -0.8710798025131226
  ],
  "euler_order": "XYZ",
  "rotation_matrix": [
   [
    0.6440008282661438,
    0.764602780342102,
    0.025406010448932648
   ],
   [
    -0.7650247812271118,
    0.6436456441879272,
    0.021386805921792984
   ],
   [
    -5.4890332279455833e-08,
    -0.03320934996008873,
    0.9994484186172485
   ]
  ]
 },
 {
  "rotation_euler": [
   -0.03321541100740433,
   3.1577923209624714e-07,
   -0.8921592235565186
  ],
  "euler_order": "XYZ",
  "rotation_matrix": [
   [
    0.6277326941490173,
    0.7779995799064636,
    0.025851283222436905
   ],
   [
    -0.7784289717674255,
    0.6273864507675171,
    0.020846320316195488
   ],
   [
    -3.1577923209624714e-07,
    -0.03320930525660515,
    0.9994484186172485
   ]
  ]
 },
 {
  "rotation_euler": [
   -0.033215370029211044,
   -7.435105686681709e-08,
   -2.9087939262390137
  ],
  "euler_order": "XYZ",
  "rotation_matrix": [
   [
    -0.9730245471000671,
    0.23057439923286438,
    0.007661504205316305
   ],
   [
    -0.23070165514945984,
    -0.9724878072738647,
    -0.03231341019272804
   ],
   [
    7.435105686681709e-08,
    -0.033209264278411865,
    0.9994484186172485
   ]
  ]
 },
 {
  "rotation_euler": [
   -0.03321537747979164,
   -2.744194773640629e-07,
   1.3680509328842163
  ],
  "euler_order": "XYZ",
  "rotation_matrix": [
   [
    0.20135924220085144,
    -0.9789772033691406,
    -0.03252911567687988
   ],
   [
    0.9795174598693848,
    0.2012481838464737,
    0.006686725188046694
   ],
   [
    2.744194773640629e-07,
    -0.03320927172899246,
    0.9994484186172485
   ]
  ]
 },
 {
  "rotation_euler": [
   -0.03321512043476105,
   6.55050314435357e-07,
   0.6588894128799438
  ],
  "euler_order": "XYZ",
  "rotation_matrix": [
   [
    0.7906726598739624,
    -0.6119014620780945,
    -0.02033133991062641
   ],
   [
    0.6122391223907471,
    0.7902365326881409,
    0.02625785954296589
   ],
   [
    -6.55050314435357e-07,
    -0.03320901468396187,
    0.9994484186172485
   ]
  ]
 }
]