[
 {
  "rotation_euler": [
   1.3178791999816895,
   -0.009956683963537216,
   0.5175762176513672
  ],
  "euler_order": "XYZ",
  "rotation_matrix": [
   [
    0.8689779043197632,
    -0.1321844458580017,
    0.47686970233917236
   ],
   [
    0.4947507381439209,
    0.2126850187778473,
    -0.8426071405410767
   ],
   [
    0.00995651911944151,
    0.968138575553894,
    0.25021693110466003
   ]
  ]
 },
 {
  "rotation_euler": [
   1.3258479833602905,
   0.032080695033073425,
   -2.549208641052246
  ],
  "euler_order": "XYZ",
  "rotation_matrix": [
   [
    -0.8291850686073303,
    0.10958536714315414,
    -0.5481269359588623
   ],
   [
    -0.5580531358718872,
    -0.2185603380203247,
    0.8005049228668213
   ],
   [
    -0.0320751927793026,
    0.9696506857872009,
    0.24238142371177673
   ]
  ]
 },
 {
  "rotation_euler": [
   1.4274553060531616,
   0.014536483213305473,
   1.4718692302703857
  ],
  "euler_order": "XYZ",
  "rotation_matrix": [
   [
    0.0987553820014,
    -0.14073128998279572,
    0.9851101636886597
   ],
   [
    0.9950055480003357,
    0.028425313532352448,
    -0.09568657726049423
   ],
   [
    -0.014535970985889435,
    0.9896396994590759,
    0.1428355723619461
   ]
  ]
 },
 {
  "rotation_euler": [
   1.6096515655517578,
   0.010607444681227207,
   2.6138694286346436
  ],
  "euler_order": "XYZ",
  "rotation_matrix": [
   [
    -0.8639072179794312,
    0.010404041968286037,
    0.503543496131897
   ],
   [
    0.5035392642021179,
    0.03889819607138634,
    0.8630962371826172
   ],
   [
    -0.01060724537819624,
    0.999189019203186,
    -0.03884327784180641
   ]
  ]
 },
 {
  "rotation_euler": [
   1.6729637384414673,
   0.022989163175225258,
   -0.5889497995376587
  ],
  "euler_order": "XYZ",
  "rotation_matrix": [
   [
    0.8313047885894775,
    -0.037639401853084564,
    -0.5545409321784973
   ],
   [
    -0.5553413033485413,
    -0.0975094810128212,
    -0.8258861899375916
   ],
   [
    -0.022987138479948044,
    0.9945225715637207,
    -0.10196281224489212
   ]
  ]
 },
 {
  "rotation_euler": [
   1.4292901754379272,
   0.37029001116752625,
   -0.5831776261329651
  ],
  "euler_order": "XYZ",
  "rotation_matrix": [
   [
    0.7781419157981873,
    0.37671762704849243,
    -0.5025723576545715
   ],
   [
    -0.5133554339408875,
    -0.07956727594137192,
    -0.8544794917106628
   ],
   [
    -0.36188581585884094,
    0.9229046106338501,
    0.13147540390491486
   ]
  ]
 },
 {
  "rotation_euler": [
   1.530971884727478,
   -0.014402143657207489,
   3.083003520965576
  ],
  "euler_order": "XYZ",
  "rotation_matrix": [
   [
    -0.998180627822876,
    0.01203420665115118,
    0.05908159166574478
   ],
   [
    0.05854954570531845,
    -0.04058822989463806,
    0.9974590539932251
   ],
   [
    0.01440164539963007,
    0.9991034865379333,
    0.03980978578329086
   ]
  ]
 },
 {
  "rotation_euler": [
   -1.4642443656921387,
   3.1215670108795166,
   -0.06908746063709259
  ],
  "euler_order": "XYZ",
  "rotation_matrix": [
   [
    -0.9974144101142883,
    -0.012521602213382721,
    0.07076552510261536
   ],
   [
    0.06901866942644119,
    0.10747123509645462,
    0.9918096661567688
   ],
   [
    -0.02002430334687233,
    0.9941293597221375,
    -0.10632912814617157
   ]
  ]
 },
 {
  "rotation_euler": [
   1.3339128494262695,
   0.0007141312817111611,
   -1.1143189668655396
  ],
  "euler_order": "XYZ",
  "rotation_matrix": [
   [
    0.44078877568244934,
    0.21095216274261475,
    -0.8724703192710876
   ],
   [
    -0.897610604763031,
    0.10281870514154434,
    -0.42862987518310547
   ],
   [
    -0.0007141312235035002,
    0.9720737934112549,
    0.23467421531677246
   ]
  ]
 },
 {
  "rotation_euler": [
   1.6429619789123535,
   -0.02056604065001011,
   2.819087266921997
  ],
  "euler_order": "XYZ",
  "rotation_matrix": [
   [
    -0.9482437372207642,
    0.04230621084570885,
    0.3147124946117401
   ],
   [
    0.31687673926353455,
    0.06188485398888588,
    0.946445643901825
   ],
   [
    0.020564591512084007,
    0.9971862435340881,
    -0.07208777964115143
   ]
  ]
 },
 {
  "rotation_euler": [
   1.6352434158325195,
   0.0024210757110267878,
   -2.5157933235168457
  ],
  "euler_order": "XYZ",
  "rotation_matrix": [
   [
    -0.8104928135871887,
    -0.03968164697289467,
    -0.5844029188156128
   ],
   [
    -0.5857436060905457,
    0.050782714039087296,
    0.8089039325714111
   ],
   [
    -0.0024210733827203512,
    0.9979211091995239,
    -0.06440229713916779
   ]
  ]
 },
 {
  "rotation_euler": [
   1.4022066593170166,
   0.013531314209103584,
   1.3839302062988281
  ],
  "euler_order": "XYZ",
  "rotation_matrix": [
   [
    0.18576347827911377,
    -0.1623929888010025,
    0.9690822958946228
   ],
   [
    0.9825013279914856,
    0.04427936300635338,
    -0.1809157133102417
   ],
   [
    -0.01353090163320303,
    0.9857321381568909,
    0.16777682304382324
   ]
  ]
 },
 {
  "rotation_euler": [
   1.6625440120697021,
   0.01620471104979515,
   -2.6735899448394775
  ],
  "euler_order": "XYZ",
  "rotation_matrix": [
   [
    -0.892353892326355,
    -0.05573054775595665,
    -0.44788241386413574
   ],
   [
    -0.451045423746109,
    0.07448837161064148,
    0.8893871307373047
   ],
   [
    -0.016204001381993294,
    0.9956634044647217,
    -0.0916069969534874
   ]
  ]
 },
 {
  "rotation_euler": [
   1.6602790355682373,
   -0.011621559970080853,
   -0.2391921579837799
  ],
  "euler_order": "XYZ",
  "rotation_matrix": [
   [
    0.9714640974998474,
    -0.03241703659296036,
    -0.23496101796627045
   ],
   [
    -0.23690186440944672,
    -0.08407685905694962,
    -0.9678887128829956
   ],
   [
    0.011621298268437386,
    0.9959318041801453,
    -0.08935730159282684
   ]
  ]
 },
 {
  "rotation_euler": [
   1.5997234582901,
   0.012011384591460228,
   -1.7391358613967896
  ],
  "euler_order": "XYZ",
  "rotation_matrix": [
   [
    -0.1675335019826889,
    -0.0305258147418499,
    -0.9853937029838562
   ],
   [
    -0.9857932329177856,
    -0.006990419700741768,
    0.16781798005104065
   ],
   [
    -0.012011095881462097,
    0.9995095133781433,
    -0.028921011835336685
   ]
  ]
 },
 {
  "rotation_euler": [
   1.3552727699279785,
   0.03336423635482788,
   3.0200321674346924
  ],
  "euler_order": "XYZ",
  "rotation_matrix": [
   [
    -0.9920681715011597,
    -0.058278638869524,
    0.1113746166229248
   ],
   [
    0.12119384109973907,
    -0.20832930505275726,
    0.9705209732055664
   ],
   [
    -0.03335804492235184,
    0.9763209223747253,
    0.21373988687992096
   ]
  ]
 }
]