[
 {
  "rotation_euler": [
   -1.3918250799179077,
   0.04855004698038101,
   -3.056511878967285
  ],
  "euler_order": "XYZ",
  "rotation_matrix": [
   [
    -0.995208740234375,
    0.06271065026521683,
    0.07501273602247238
   ],
   [
    -0.08487803488969803,
    -0.17331522703170776,
    -0.9812020659446716
   ],
   [
    -0.048530977219343185,
    -0.9828678369522095,
    0.17780758440494537
   ]
  ]
 },
 {
  "rotation_euler": [
   -1.383036732673645,
   -0.0006338779930956662,
   0.913231372833252
  ],
  "euler_order": "XYZ",
  "rotation_matrix": [
   [
    0.6111912727355957,
    -0.14735625684261322,
    -0.7776447534561157
   ],
   [
    0.79148268699646,
    0.11457684636116028,
    0.6003559827804565
   ],
   [
    0.0006338779348880053,
    -0.9824246764183044,
    0.18665829300880432
   ]
  ]
 },
 {
  "rotation_euler": [
   -9.055910777533427e-05,
   0.00023865392722655088,
   1.3389976024627686
  ],
  "euler_order": "XYZ",
  "rotation_matrix": [
   [
    0.22972850501537323,
    -0.9732547402381897,
    -3.331146945129149e-05
   ],
   [
    0.9732547402381897,
    0.22972849011421204,
    0.0002530750643927604
   ],
   [
    -0.00023865392722655088,
    -9.055910777533427e-05,
    0.9999999403953552
   ]
  ]
 },
 {
  "rotation_euler": [
   -0.28896933794021606,
   0.6912609338760376,
   0.9955800771713257
  ],
  "euler_order": "XYZ",
  "rotation_matrix": [
   [
    0.41913339495658875,
    -0.9031150937080383,
    0.09332926571369171
   ],
   [
    0.6464590430259705,
    0.3690277338027954,
    0.6677643656730652
   ],
   [
    -0.6375091671943665,
    -0.2195487916469574,
    0.7384987473487854
   ]
  ]
 },
 {
  "rotation_euler": [
   -1.3862659931182861,
   -0.019760191440582275,
   -0.9217134118080139
  ],
  "euler_order": "XYZ",
  "rotation_matrix": [
   [
    0.6043380498886108,
    0.15791171789169312,
    0.7809221148490906
   ],
   [
    -0.7964829206466675,
    0.09543507546186447,
    0.5970821380615234
   ],
   [
    0.019758906215429306,
    -0.9828306436538696,
    0.18344904482364655
   ]
  ]
 },
 {
  "rotation_euler": [
   -1.386675477027893,
   0.020874399691820145,
   -2.988517999649048
  ],
  "euler_order": "XYZ",
  "rotation_matrix": [
   [
    -0.9880916476249695,
    0.048196081072092056,
    0.14612354338169098
   ],
   [
    -0.15244433283805847,
    -0.17781266570091248,
    -0.9721848368644714
   ],
   [
    -0.02087288349866867,
    -0.9828833937644958,
    0.18304242193698883
   ]
  ]
 },
 {
  "rotation_euler": [
   0.0001484168751630932,
   0.00024465072783641517,
   0.07515501230955124
  ],
  "euler_order": "XYZ",
  "rotation_matrix": [
   [
    0.9971771836280823,
    -0.07508424669504166,
    0.0002551038924138993
   ],
   [
    0.07508428394794464,
    0.9971771836280823,
    -0.0001296285045100376
   ],
   [
    -0.00024465072783641517,
    0.0001484168751630932,
    0.9999999403953552
   ]
  ]
 },
 {
  "rotation_euler": [
   -1.3830647468566895,
   -0.0005832642200402915,
   -0.352076917886734
  ],
  "euler_order": "XYZ",
  "rotation_matrix": [
   [
    0.9386583566665649,
    0.06489714235067368,
    0.3386869430541992
   ],
   [
    -0.34484800696372986,
    0.17498499155044556,
    0.9222039580345154
   ],
   [
    0.0005832641618326306,
    -0.9824299812316895,
    0.18663078546524048
   ]
  ]
 },
 {
  "rotation_euler": [
   -1.3830658197402954,
   -0.0006131654954515398,
   -2.819854259490967
  ],
  "euler_order": "XYZ",
  "rotation_matrix": [
   [
    -0.948686957359314,
    0.05844387784600258,
    0.3107689619064331
   ],
   [
    -0.3162161707878113,
    -0.17724373936653137,
    -0.9319828152656555
   ],
   [
    0.0006131654372438788,
    -0.9824301600456238,
    0.18662972748279572
   ]
  ]
 },
 {
  "rotation_euler": [
   -1.383036494255066,
   -0.0006333201308734715,
   -1.8399161100387573
  ],
  "euler_order": "XYZ",
  "rotation_matrix": [
   [
    -0.2658829391002655,
    0.1797744184732437,
    0.947094202041626
   ],
   [
    -0.9640051126480103,
    -0.050229135900735855,
    -0.26109611988067627
   ],
   [
    0.0006333200726658106,
    -0.9824246764183044,
    0.18665853142738342
   ]
  ]
 },
 {
  "rotation_euler": [
   0.0012088388903066516,
   0.0002590524672996253,
   -0.08859386295080185
  ],
  "euler_order": "XYZ",
  "rotation_matrix": [
   [
    0.9960780739784241,
    0.08847825974225998,
    0.00015108066145330667
   ],
   [
    -0.08847801387310028,
    0.9960773587226868,
    -0.001227018074132502
   ],
   [
    -0.0002590524672996253,
    0.0012088385410606861,
    0.9999992251396179
   ]
  ]
 },
 {
  "rotation_euler": [
   -1.3830665349960327,
   -0.0006184783414937556,
   -2.5056381225585938
  ],
  "euler_order": "XYZ",
  "rotation_matrix": [
   [
    -0.8045049905776978,
    0.11035870015621185,
    0.5836032032966614
   ],
   [
    -0.5939456224441528,
    -0.1505049169063568,
    -0.7903017997741699
   ],
   [
    0.0006184782832860947,
    -0.9824302792549133,
    0.1866290271282196
   ]
  ]
 },
 {
  "rotation_euler": [
   0.0014558149268850684,
   0.00023684998450335115,
   -2.0889275074005127
  ],
  "euler_order": "XYZ",
  "rotation_matrix": [
   [
    -0.4952574670314789,
    0.8687451481819153,
    -0.0013820348540320992
   ],
   [
    -0.8687462210655212,
    -0.49525725841522217,
    0.0005152406520210207
   ],
   [
    -0.00023684998450335115,
    0.0014558143448084593,
    0.999998927116394
   ]
  ]
 },
 {
  "rotation_euler": [
   -1.3871124982833862,
   -0.025062907487154007,
   1.7505816221237183
  ],
  "euler_order": "XYZ",
  "rotation_matrix": [
   [
    -0.17876216769218445,
    -0.18411454558372498,
    -0.9665122628211975
   ],
   [
    0.9835731387138367,
    -0.008420061320066452,
    -0.18031370639801025
   ],
   [
    0.02506028302013874,
    -0.9828687310218811,
    0.18259529769420624
   ]
  ]
 },
 {
  "rotation_euler": [
   -1.3830366134643555,
   -0.0006357756210491061,
   0.44123220443725586
  ],
  "euler_order": "XYZ",
  "rotation_matrix": [
   [
    0.9042259454727173,
    -0.07914845645427704,
    -0.41965577006340027
   ],
   [
    0.42705389857292175,
    0.16904819011688232,
    0.8882835507392883
   ],
   [
    0.0006357755628414452,
    -0.9824246764183044,
    0.18665841221809387
   ]
  ]
 },
 {
  "rotation_euler": [
   -0.9965522289276123,
   -0.07841649651527405,
   -3.064181327819824
  ],
  "euler_order": "XYZ",
  "rotation_matrix": [
   [
    -0.9939414262771606,
    -0.023566443473100662,
    0.10735468566417694
   ],
   [
    -0.07709638774394989,
    -0.5466598868370056,
    -0.8337979912757874
   ],
   [
    0.07833615690469742,
    -0.8370230197906494,
    0.5415310263633728
   ]
  ]
 }
]