[
 {
  "rotation_euler": [
   -0.048257824033498764,
   -0.028534134849905968,
   1.217209815979004
  ],
  "euler_order": "XYZ",
  "rotation_matrix": [
   [
    0.34612372517585754,
    -0.9365681409835815,
    -0.05512239411473274
   ],
   [
    0.9377549886703491,
    0.3471526801586151,
    -0.010030637495219707
   ],
   [
    0.028530262410640717,
    -0.048219457268714905,
    0.9984292387962341
   ]
  ]
 },
 {
  "rotation_euler": [
   -0.04825539514422417,
   -0.02853471226990223,
   2.484063148498535
  ],
  "euler_order": "XYZ",
  "rotation_matrix": [
   [
    -0.7911823391914368,
    -0.6115411520004272,
    -0.006924481131136417
   ],
   [
    0.6109145283699036,
    -0.7897420525550842,
    -0.0555962473154068
   ],
   [
    0.028530839830636978,
    -0.048217032104730606,
    0.9984292984008789
   ]
  ]
 },
 {
  "rotation_euler": [
   -2.185685873031616,
   -1.839394450187683,
   0.12373243272304535
  ],
  "euler_order": "XYZ",
  "rotation_matrix": [
   [
    -0.2633512318134308,
    0.8527230024337769,
    0.45112040638923645
   ],
   [
    -0.03275240212678909,
    -0.47526124119758606,
    0.8792349100112915
   ],
   [
    0.9641438722610474,
    0.21677231788635254,
    0.15308935940265656
   ]
  ]
 },
 {
  "rotation_euler": [
   -0.04826127737760544,
   -0.02854154445230961,
   0.15803255140781403
  ],
  "euler_order": "XYZ",
  "rotation_matrix": [
   [
    0.9871366024017334,
    -0.15583276748657227,
    -0.03574144095182419
   ],
   [
    0.15731148421764374,
    0.9866056442260742,
    0.0431554839015007
   ],
   [
    0.028537670150399208,
    -0.048222895711660385,
    0.9984288215637207
   ]
  ]
 },
 {
  "rotation_euler": [
   -0.04826301336288452,
   -0.028544887900352478,
   -0.9803289771080017
  ],
  "euler_order": "XYZ",
  "rotation_matrix": [
   [
    0.5565224885940552,
    0.8304799199104309,
    0.02420390024781227
   ],
   [
    -0.830342173576355,
    0.5549572110176086,
    0.050540827214717865
   ],
   [
    0.02854101173579693,
    -0.04822462424635887,
    0.9984286427497864
   ]
  ]
 },
 {
  "rotation_euler": [
   -0.048263370990753174,
   -0.028546344488859177,
   -0.5693439841270447
  ],
  "euler_order": "XYZ",
  "rotation_matrix": [
   [
    0.8419116735458374,
    0.5396116971969604,
    0.0019956636242568493
   ],
   [
    -0.538860023021698,
    0.8405317068099976,
    0.05600302293896675
   ],
   [
    0.028542468324303627,
    -0.048224981874227524,
    0.9984285831451416
   ]
  ]
 },
 {
  "rotation_euler": [
   -0.04825491085648537,
   -0.02853141352534294,
   2.464414119720459
  ],
  "euler_order": "XYZ",
  "rotation_matrix": [
   [
    -0.7790265679359436,
    -0.6269396543502808,
    -0.008017749525606632
   ],
   [
    0.6263415813446045,
    -0.7775743007659912,
    -0.05544702336192131
   ],
   [
    0.02852754294872284,
    -0.0482165552675724,
    0.9984294176101685
   ]
  ]
 },
 {
  "rotation_euler": [
   -0.0482654832303524,
   -0.028543785214424133,
   2.4218063354492188
  ],
  "euler_order": "XYZ",
  "rotation_matrix": [
   [
    -0.7516403198242188,
    -0.6594917178153992,
    -0.010369917377829552
   ],
   [
    0.658955454826355,
    -0.750163197517395,
    -0.055071260780096054
   ],
   [
    0.028539909049868584,
    -0.04822709411382675,
    0.9984285831451416
   ]
  ]
 },
 {
  "rotation_euler": [
   -0.04826819896697998,
   -0.028554216027259827,
   1.1579904556274414
  ],
  "euler_order": "XYZ",
  "rotation_matrix": [
   [
    0.40101754665374756,
    -0.9143792986869812,
    -0.05563695728778839
   ],
   [
    0.9156253933906555,
    0.4019756615161896,
    -0.006764844059944153
   ],
   [
    0.02855033613741398,
    -0.04822979122400284,
    0.9984281659126282
   ]
  ]
 },
 {
  "rotation_euler": [
   -0.048263806849718094,
   -0.0285461638122797,
   0.414436936378479
  ],
  "euler_order": "XYZ",
  "rotation_matrix": [
   [
    0.9149702787399292,
    -0.400945246219635,
    -0.04552263021469116
   ],
   [
    0.40251055359840393,
    0.914831817150116,
    0.0326809287071228
   ],
   [
    0.02854228764772415,
    -0.048225414007902145,
    0.9984285831451416
   ]
  ]
 },
 {
  "rotation_euler": [
   -0.048258449882268906,
   -0.028534887358546257,
   -1.4220154285430908
  ],
  "euler_order": "XYZ",
  "rotation_matrix": [
   [
    0.1481722593307495,
    0.9880051612854004,
    0.04348248988389969
   ],
   [
    -0.9885499477386475,
    0.14669890701770782,
    0.03533367067575455
   ],
   [
    0.028531014919281006,
    -0.048220083117485046,
    0.9984291791915894
   ]
  ]
 },
 {
  "rotation_euler": [
   -0.04826359450817108,
   -0.028547018766403198,
   -2.7279419898986816
  ],
  "euler_order": "XYZ",
  "rotation_matrix": [
   [
    -0.9152864217758179,
    0.40022578835487366,
    0.04549761489033699
   ],
   [
    -0.4017910063266754,
    -0.9151467680931091,
    -0.03271617367863655
   ],
   [
    0.0285431407392025,
    -0.04822520166635513,
    0.9984285831451416
   ]
  ]
 },
 {
  "rotation_euler": [
   -0.04825805872678757,
   -0.028527574613690376,
   -2.0977988243103027
  ],
  "euler_order": "XYZ",
  "rotation_matrix": [
   [
    -0.5027401447296143,
    0.8626202344894409,
    0.05602329596877098
   ],
   [
    -0.8639668822288513,
    -0.5035485625267029,
    0.0003631449944805354
   ],
   [
    0.028523705899715424,
    -0.0482197031378746,
    0.9984294176101685
   ]
  ]
 },
 {
  "rotation_euler": [
   -0.04825757443904877,
   -0.02853594347834587,
   -2.538755416870117
  ],
  "euler_order": "XYZ",
  "rotation_matrix": [
   [
    -0.8233948945999146,
    0.5651880502700806,
    0.05082591995596886
   ],
   [
    -0.5667510628700256,
    -0.8235516548156738,
    -0.023577464744448662
   ],
   [
    0.02853207103908062,
    -0.04821920767426491,
    0.9984291791915894
   ]
  ]
 },
 {
  "rotation_euler": [
   -0.048249781131744385,
   -0.02853378653526306,
   0.2556416988372803
  ],
  "euler_order": "XYZ",
  "rotation_matrix": [
   [
    0.9671074151992798,
    -0.25124070048332214,
    -0.03976661339402199
   ],
   [
    0.2527633607387543,
    0.9667232036590576,
    0.03945775330066681
   ],
   [
    0.02852991409599781,
    -0.04821142926812172,
    0.9984295964241028
   ]
  ]
 },
 {
  "rotation_euler": [
   -0.048264309763908386,
   -0.028548458591103554,
   2.894535779953003
  ],
  "euler_order": "XYZ",
  "rotation_matrix": [
   [
    -0.9692412614822388,
    -0.2456018179655075,
    0.015847116708755493
   ],
   [
    0.2444516122341156,
    -0.9681704640388489,
    -0.05375314876437187
   ],
   [
    0.028544580563902855,
    -0.04822591319680214,
    0.9984285235404968
   ]
  ]
 }
]