[
 {
  "rotation_euler": [
   1.0516279935836792,
   -1.986499309539795,
   0.9297913312911987
  ],
  "euler_order": "XYZ",
  "rotation_matrix": [
   [
    -0.24149271845817566,
    -0.8726531267166138,
    0.4244500398635864
   ],
   [
    -0.32367032766342163,
    -0.3399140238761902,
    -0.8830039501190186
   ],
   [
    0.9148326516151428,
    -0.35062089562416077,
    -0.20036514103412628
   ]
  ]
 },
 {
  "rotation_euler": [
   1.573057770729065,
   0.0006985894287936389,
   3.0573742389678955
  ],
  "euler_order": "XYZ",
  "rotation_matrix": [
   [
    -0.9964554905891418,
    -0.000505881616845727,
    0.0841202512383461
   ],
   [
    0.08411887288093567,
    0.0023121912963688374,
    0.996453046798706
   ],
   [
    -0.000698589370585978,
    0.9999971985816956,
    -0.002261441433802247
   ]
  ]
 },
 {
  "rotation_euler": [
   1.5725113153457642,
   0.06068018823862076,
   -1.8019994497299194
  ],
  "euler_order": "XYZ",
  "rotation_matrix": [
   [
    -0.2287270575761795,
    -0.015565594658255577,
    -0.9733661413192749
   ],
   [
    -0.9715998768806458,
    -0.05863625928759575,
    0.22924970090389252
   ],
   [
    -0.06064295768737793,
    0.9981580376625061,
    -0.0017118313116952777
   ]
  ]
 },
 {
  "rotation_euler": [
   0.09744200855493546,
   -1.751146912574768,
   -0.9608543515205383
  ],
  "euler_order": "XYZ",
  "rotation_matrix": [
   [
    -0.10274927318096161,
    0.7609683275222778,
    -0.6406010985374451
   ],
   [
    0.14702990651130676,
    0.648554265499115,
    0.7468330264091492
   ],
   [
    0.9837808609008789,
    -0.017450964078307152,
    -0.17852358520030975
   ]
  ]
 },
 {
  "rotation_euler": [
   1.5725785493850708,
   -0.006149484775960445,
   -3.089404582977295
  ],
  "euler_order": "XYZ",
  "rotation_matrix": [
   [
    -0.9986196160316467,
    0.006048095412552357,
    -0.05217524617910385
   ],
   [
    -0.052163396030664444,
    0.0021005766466259956,
    0.9986363649368286
   ],
   [
    0.006149446126073599,
    0.9999794960021973,
    -0.0017821879591792822
   ]
  ]
 },
 {
  "rotation_euler": [
   1.5730053186416626,
   0.00010710366768762469,
   1.9257516860961914
  ],
  "euler_order": "XYZ",
  "rotation_matrix": [
   [
    -0.3475485146045685,
    0.0020340625196695328,
    0.9376598000526428
   ],
   [
    0.9376620054244995,
    0.0008681580075062811,
    0.3475474417209625
   ],
   [
    -0.00010710366768762469,
    0.9999975562095642,
    -0.0022089900448918343
   ]
  ]
 },
 {
  "rotation_euler": [
   1.5732556581497192,
   -0.00437795789912343,
   -0.45748594403266907
  ],
  "euler_order": "XYZ",
  "rotation_matrix": [
   [
    0.8971571922302246,
    -0.0050140004605054855,
    -0.44168299436569214
   ],
   [
    -0.44168975949287415,
    -0.0002727200626395643,
    -0.8971678018569946
   ],
   [
    0.004377943929284811,
    0.9999873638153076,
    -0.002459305338561535
   ]
  ]
 },
 {
  "rotation_euler": [
   -1.6875709295272827,
   0.040598053485155106,
   1.6084692478179932
  ],
  "euler_order": "XYZ",
  "rotation_matrix": [
   [
    -0.03763297572731972,
    0.11794497072696686,
    -0.9923067688941956
   ],
   [
    0.9984670281410217,
    -0.035893674939870834,
    -0.0421329028904438
   ],
   [
    -0.04058690369129181,
    -0.9923712015151978,
    -0.11641338467597961
   ]
  ]
 },
 {
  "rotation_euler": [
   1.5686674118041992,
   0.03367980942130089,
   2.6600754261016846
  ],
  "euler_order": "XYZ",
  "rotation_matrix": [
   [
    -0.8857906460762024,
    -0.03083042986690998,
    0.46305984258651733
   ],
   [
    0.4628617763519287,
    0.013708116486668587,
    0.8863244652748108
   ],
   [
    -0.03367344290018082,
    0.9994305968284607,
    0.0021277060732245445
   ]
  ]
 },
 {
  "rotation_euler": [
   1.579658031463623,
   0.14083778858184814,
   -2.7145028114318848
  ],
  "euler_order": "XYZ",
  "rotation_matrix": [
   [
    -0.9011631608009338,
    -0.13142935931682587,
    -0.41307535767555237
   ],
   [
    -0.41012248396873474,
    -0.05007781460881233,
    0.910654604434967
   ],
   [
    -0.14037266373634338,
    0.9900598526000977,
    -0.008773847483098507
   ]
  ]
 },
 {
  "rotation_euler": [
   1.5730501413345337,
   -0.00769560132175684,
   -2.587399482727051
  ],
  "euler_order": "XYZ",
  "rotation_matrix": [
   [
    -0.850300133228302,
    0.005357597954571247,
    -0.5262708067893982
   ],
   [
    -0.5262418389320374,
    0.005966290831565857,
    0.8503140211105347
   ],
   [
    0.007695525418967009,
    0.9999678730964661,
    -0.0022537459153681993
   ]
  ]
 },
 {
  "rotation_euler": [
   -1.6870368719100952,
   0.04144040867686272,
   -0.6512776613235474
  ],
  "euler_order": "XYZ",
  "rotation_matrix": [
   [
    0.7946271300315857,
    -0.10303298383951187,
    0.5982908606529236
   ],
   [
    -0.6056826114654541,
    -0.06729457527399063,
    0.7928556203842163
   ],
   [
    -0.041428547352552414,
    -0.9923989176750183,
    -0.11587937921285629
   ]
  ]
 },
 {
  "rotation_euler": [
   2.8819942474365234,
   -1.3856046199798584,
   0.22646717727184296
  ],
  "euler_order": "XYZ",
  "rotation_matrix": [
   [
    0.179433211684227,
    -0.02884805016219616,
    0.9833471179008484
   ],
   [
    0.041344985365867615,
    -0.9984656572341919,
    -0.03683587536215782
   ],
   [
    0.9829009771347046,
    0.047266051173210144,
    -0.1779651790857315
   ]
  ]
 },
 {
  "rotation_euler": [
   1.5733158588409424,
   -0.028580978512763977,
   -3.085330009460449
  ],
  "euler_order": "XYZ",
  "rotation_matrix": [
   [
    -0.9980099201202393,
    0.028390098363161087,
    -0.056304674595594406
   ],
   [
    -0.056210000067949295,
    0.004122511949390173,
    0.9984104633331299
   ],
   [
    0.028577087447047234,
    0.9995884299278259,
    -0.0025185004342347383
   ]
  ]
 },
 {
  "rotation_euler": [
   1.574554204940796,
   -0.04083552956581116,
   -2.0383076667785645
  ],
  "euler_order": "XYZ",
  "rotation_matrix": [
   [
    -0.45029038190841675,
    0.015043321065604687,
    -0.8927554488182068
   ],
   [
    -0.891948401927948,
    0.03813673183321953,
    0.4505259394645691
   ],
   [
    0.04082418233156204,
    0.9991592764854431,
    -0.0037547366227954626
   ]
  ]
 },
 {
  "rotation_euler": [
   1.573229432106018,
   0.02478891797363758,
   -0.005094898398965597
  ],
  "euler_order": "XYZ",
  "rotation_matrix": [
   [
    0.9996798038482666,
    0.02477358840405941,
    -0.0051551684737205505
   ],
   [
    -0.005093310959637165,
    -0.002559354528784752,
    -0.9999837279319763
   ],
   [
    -0.02478637918829918,
    0.9996898174285889,
    -0.002432355424389243
   ]
  ]
 }
]