[
 {
  "rotation_euler": [
   1.269093632698059,
   1.878959059715271,
   -0.19599196314811707
  ],
  "euler_order": "XYZ",
  "rotation_matrix": [
   [
    -0.2975015938282013,
    0.9502991437911987,
    0.09178410470485687
   ],
   [
    0.05906616523861885,
    0.1142733097076416,
    -0.9916918873786926
   ],
   [
    -0.9528924226760864,
    -0.28960856795310974,
    -0.09012701362371445
   ]
  ]
 },
 {
  "rotation_euler": [
   -1.8724989891052246,
   1.2626336812973022,
   0.17338025569915771
  ],
  "euler_order": "XYZ",
  "rotation_matrix": [
   [
    0.29876092076301575,
    -0.8449493646621704,
    -0.44362422823905945
   ],
   [
    0.052324604243040085,
    -0.4496525824069977,
    0.8916696310043335
   ],
   [
    -0.9528924822807312,
    -0.28960850834846497,
    -0.09012698382139206
   ]
  ]
 },
 {
  "rotation_euler": [
   -1.9022842645645142,
   -1.2623012065887451,
   1.1838281154632568
  ],
  "euler_order": "XYZ",
  "rotation_matrix": [
   [
    0.11458282917737961,
    0.6413774490356445,
    -0.7586209177970886
   ],
   [
    0.28117433190345764,
    0.7114851474761963,
    0.6439952850341797
   ],
   [
    0.9527915716171265,
    -0.2870955169200897,
    -0.09881489723920822
   ]
  ]
 },
 {
  "rotation_euler": [
   1.2393083572387695,
   -1.8792914152145386,
   -1.5861668586730957
  ],
  "euler_order": "XYZ",
  "rotation_matrix": [
   [
    0.004666695836931467,
    0.33925899863243103,
    -0.9406814575195312
   ],
   [
    0.30358925461769104,
    0.8958122134208679,
    0.32458290457725525
   ],
   [
    0.9527915716171265,
    -0.28709548711776733,
    -0.09881489723920822
   ]
  ]
 },
 {
  "rotation_euler": [
   -0.8658803105354309,
   -0.0037773456424474716,
   -0.706622302532196
  ],
  "euler_order": "XYZ",
  "rotation_matrix": [
   [
    0.7605538368225098,
    0.4228946268558502,
    0.4926642179489136
   ],
   [
    -0.6492639183998108,
    0.4909514784812927,
    0.5808812379837036
   ],
   [
    0.003777336562052369,
    -0.7616605162620544,
    0.6479652523994446
   ]
  ]
 },
 {
  "rotation_euler": [
   1.2393083572387695,
   -1.8792914152145386,
   -0.13667301833629608
  ],
  "euler_order": "XYZ",
  "rotation_matrix": [
   [
    -0.30079373717308044,
    -0.8481775522232056,
    -0.4360252022743225
   ],
   [
    0.04136829078197479,
    0.4451640248298645,
    -0.8944929838180542
   ],
   [
    0.9527915716171265,
    -0.28709548711776733,
    -0.09881489723920822
   ]
  ]
 },
 {
  "rotation_euler": [
   -0.00025648329756222665,
   -0.023936107754707336,
   3.031743049621582
  ],
  "euler_order": "XYZ",
  "rotation_matrix": [
   [
    -0.9936878681182861,
    -0.10963491350412369,
    0.02376144379377365
   ],
   [
    0.10959740728139877,
    -0.9939718842506409,
    -0.0028787737246602774
   ],
   [
    0.02393382228910923,
    -0.0002564098103903234,
    0.9997135400772095
   ]
  ]
 },
 {
  "rotation_euler": [
   1.2393105030059814,
   -1.87929105758667,
   0.1459617018699646
  ],
  "euler_order": "XYZ",
  "rotation_matrix": [
   [
    -0.3003961741924286,
    -0.9386760592460632,
    -0.16926118731498718
   ],
   [
    -0.0441603921353817,
    0.1909540593624115,
    -0.9806051254272461
   ],
   [
    0.952791690826416,
    -0.28709539771080017,
    -0.09881417453289032
   ]
  ]
 },
 {
  "rotation_euler": [
   1.2690951824188232,
   1.878958821296692,
   -1.0784215927124023
  ],
  "euler_order": "XYZ",
  "rotation_matrix": [
   [
    -0.143379807472229,
    0.6919533014297485,
    -0.707561194896698
   ],
   [
    0.2672790586948395,
    -0.6613074541091919,
    -0.7008811831474304
   ],
   [
    -0.9528924822807312,
    -0.28960850834846497,
    -0.09012649953365326
   ]
  ]
 },
 {
  "rotation_euler": [
   -0.00043195748003199697,
   0.0008277979795821011,
   2.9071009159088135
  ],
  "euler_order": "XYZ",
  "rotation_matrix": [
   [
    -0.9726322293281555,
    -0.23234829306602478,
    -0.0009055078262463212
   ],
   [
    0.23234857618808746,
    -0.9726325273513794,
    -0.00022779818391427398
   ],
   [
    -0.0008277978631667793,
    -0.0004319573054090142,
    0.9999995827674866
   ]
  ]
 },
 {
  "rotation_euler": [
   -0.00043194906902499497,
   -0.004429387394338846,
   -3.1383535861968994
  ],
  "euler_order": "XYZ",
  "rotation_matrix": [
   [
    -0.9999849200248718,
    0.003237148281186819,
    0.004430748522281647
   ],
   [
    -0.0032390300184488297,
    -0.999994695186615,
    -0.0004175997746642679
   ],
   [
    0.00442937295883894,
    -0.0004319448198657483,
    0.9999901056289673
   ]
  ]
 },
 {
  "rotation_euler": [
   -1.9025983810424805,
   -1.2621042728424072,
   -1.2489126920700073
  ],
  "euler_order": "XYZ",
  "rotation_matrix": [
   [
    0.09611239284276962,
    -0.024056145921349525,
    0.995079755783081
   ],
   [
    -0.28820931911468506,
    -0.9575559496879578,
    0.004688449669629335
   ],
   [
    0.952731728553772,
    -0.2872418761253357,
    -0.09896619617938995
   ]
  ]
 },
 {
  "rotation_euler": [
   -0.0005220010061748326,
   0.06879613548517227,
   2.6794629096984863
  ],
  "euler_order": "XYZ",
  "rotation_matrix": [
   [
    -0.8929876089096069,
    -0.4458232820034027,
    -0.06176392734050751
   ],
   [
    0.44480079412460327,
    -0.8951208591461182,
    0.03018169291317463
   ],
   [
    -0.06874188035726547,
    -0.0005207661888562143,
    0.9976343512535095
   ]
  ]
 },
 {
  "rotation_euler": [
   1.2425886392593384,
   -1.8772528171539307,
   -0.2772616147994995
  ],
  "euler_order": "XYZ",
  "rotation_matrix": [
   [
    -0.29016047716140747,
    -0.7798150181770325,
    -0.5547029972076416
   ],
   [
    0.08257729560136795,
    0.5570756196975708,
    -0.8263460397720337
   ],
   [
    0.9534085392951965,
    -0.28557881712913513,
    -0.09724629670381546
   ]
  ]
 },
 {
  "rotation_euler": [
   -1.857738971710205,
   1.270920753479004,
   -1.34908127784729
  ],
  "euler_order": "XYZ",
  "rotation_matrix": [
   [
    0.06495964527130127,
    -0.47759300470352173,
    0.8761764764785767
   ],
   [
    -0.2881704270839691,
    0.831644594669342,
    0.4746841788291931
   ],
   [
    -0.955373227596283,
    -0.2833234667778015,
    -0.0836048424243927
   ]
  ]
 },
 {
  "rotation_euler": [
   1.23930823802948,
   -1.8792914152145386,
   1.2116215229034424
  ],
  "euler_order": "XYZ",
  "rotation_matrix": [
   [
    -0.10672477632761002,
    -0.6213578581809998,
    0.7762243747711182
   ],
   [
    -0.2842499315738678,
    -0.7290340065956116,
    -0.6226646900177002
   ],
   [
    0.9527915716171265,
    -0.28709548711776733,
    -0.0988149344921112
   ]
  ]
 }
]