[
 {
  "rotation_euler": [
   -2.0820484161376953,
   -1.6315226554870605,
   -0.11875676363706589
  ],
  "euler_order": "XYZ",
  "rotation_matrix": [
   [
    -0.0602615624666214,
    0.8064260482788086,
    0.5882564187049866
   ],
   [
    0.007190302014350891,
    -0.5889614224433899,
    0.8081291317939758
   ],
   [
    0.998156726360321,
    0.0529288649559021,
    0.02969329059123993
   ]
  ]
 },
 {
  "rotation_euler": [
   -0.09850811958312988,
   -1.6253464221954346,
   1.3628184795379639
  ],
  "euler_order": "XYZ",
  "rotation_matrix": [
   [
    -0.011258013546466827,
    -0.9534298777580261,
    -0.30140456557273865
   ],
   [
    -0.05334809795022011,
    0.30156707763671875,
    -0.9519513249397278
   ],
   [
    0.9985125064849854,
    0.005362280178815126,
    -0.054258719086647034
   ]
  ]
 },
 {
  "rotation_euler": [
   0.001220786478370428,
   -1.5299878214136697e-05,
   1.80520498752594
  ],
  "euler_order": "XYZ",
  "rotation_matrix": [
   [
    -0.2322678565979004,
    -0.9726511240005493,
    0.0011909536551684141
   ],
   [
    0.9726518392562866,
    -0.23226770758628845,
    0.00026866793632507324
   ],
   [
    1.5299878214136697e-05,
    0.0012207861291244626,
    0.9999992251396179
   ]
  ]
 },
 {
  "rotation_euler": [
   -0.5340901613235474,
   1.6070669889450073,
   1.65757155418396
  ],
  "euler_order": "XYZ",
  "rotation_matrix": [
   [
    0.0031427573412656784,
    -0.8134043216705322,
    -0.5816901922225952
   ],
   [
    -0.0361262671649456,
    -0.5814056992530823,
    0.8128113746643066
   ],
   [
    -0.9993422627449036,
    0.018459826707839966,
    -0.03121248073875904
   ]
  ]
 },
 {
  "rotation_euler": [
   0.06761903315782547,
   -1.647201657295227,
   -1.087159276008606
  ],
  "euler_order": "XYZ",
  "rotation_matrix": [
   [
    -0.035494085401296616,
    0.8519589900970459,
    -0.522404134273529
   ],
   [
    0.0675765722990036,
    0.5235831141471863,
    0.8492903709411621
   ],
   [
    0.997082531452179,
    -0.005157496780157089,
    -0.07615657150745392
   ]
  ]
 },
 {
  "rotation_euler": [
   1.6621999740600586,
   -1.5362272262573242,
   1.3039441108703613
  ],
  "euler_order": "XYZ",
  "rotation_matrix": [
   [
    0.009113931097090244,
    -0.1743929535150528,
    0.9846339821815491
   ],
   [
    0.03333891183137894,
    -0.9840744137763977,
    -0.1746024340391159
   ],
   [
    0.9994025230407715,
    0.03441793844103813,
    -0.003154715523123741
   ]
  ]
 },
 {
  "rotation_euler": [
   -0.3734980523586273,
   -1.6113171577453613,
   1.706566572189331
  ],
  "euler_order": "XYZ",
  "rotation_matrix": [
   [
    0.005483136046677828,
    -0.9718350172042847,
    -0.2355984002351761
   ],
   [
    -0.040136948227882385,
    0.23519819974899292,
    -0.9711183309555054
   ],
   [
    0.9991791248321533,
    0.014780974015593529,
    -0.03771686926484108
   ]
  ]
 },
 {
  "rotation_euler": [
   -1.8856791257858276,
   -1.6175565719604492,
   -0.8403091430664062
  ],
  "euler_order": "XYZ",
  "rotation_matrix": [
   [
    -0.031188590452075005,
    0.4030494689941406,
    0.914646565914154
   ],
   [
    0.03481664881110191,
    -0.91409832239151,
    0.4039950966835022
   ],
   [
    0.9989069104194641,
    0.044444967061281204,
    0.014476606622338295
   ]
  ]
 },
 {
  "rotation_euler": [
   0.0012175440788269043,
   -2.235845931863878e-05,
   -0.8887376189231873
  ],
  "euler_order": "XYZ",
  "rotation_matrix": [
   [
    0.6303924918174744,
    0.7762759923934937,
    -0.000959245313424617
   ],
   [
    -0.7762765884399414,
    0.6303920149803162,
    -0.0007501741056330502
   ],
   [
    2.235845931863878e-05,
    0.0012175437295809388,
    0.9999992847442627
   ]
  ]
 },
 {
  "rotation_euler": [
   1.1127359867095947,
   -1.514749526977539,
   0.027199840173125267
  ],
  "euler_order": "XYZ",
  "rotation_matrix": [
   [
    0.055996742099523544,
    -0.9071988463401794,
    -0.4169587194919586
   ],
   [
    0.001523478189483285,
    0.41769111156463623,
    -0.9085878133773804
   ],
   [
    0.9984297752380371,
    0.05024272948503494,
    0.024771438911557198
   ]
  ]
 },
 {
  "rotation_euler": [
   0.0012218549381941557,
   -1.5948044165270403e-05,
   -2.312676191329956
  ],
  "euler_order": "XYZ",
  "rotation_matrix": [
   [
    -0.6756749153137207,
    0.7371991276741028,
    -0.0008899751701392233
   ],
   [
    -0.7371996641159058,
    -0.6756744384765625,
    0.0008373334421776235
   ],
   [
    1.5948044165270403e-05,
    0.0012218545889481902,
    0.9999992251396179
   ]
  ]
 },
 {
  "rotation_euler": [
   -0.8899158239364624,
   1.6027207374572754,
   1.1231052875518799
  ],
  "euler_order": "XYZ",
  "rotation_matrix": [
   [
    -0.013817260041832924,
    -0.9036304354667664,
    -0.4280901253223419
   ],
   [
    -0.028773341327905655,
    -0.427594393491745,
    0.9035126566886902
   ],
   [
    -0.9994904398918152,
    0.024801652878522873,
    -0.020092282444238663
   ]
  ]
 },
 {
  "rotation_euler": [
   0.970344066619873,
   1.5035909414291382,
   -0.6632524728775024
  ],
  "euler_order": "XYZ",
  "rotation_matrix": [
   [
    0.05291757732629776,
    0.9965610504150391,
    -0.06376401335000992
   ],
   [
    -0.041346076875925064,
    -0.061612192541360855,
    -0.9972434043884277
   ],
   [
    -0.9977425932884216,
    0.05540809780359268,
    0.0379435196518898
   ]
  ]
 },
 {
  "rotation_euler": [
   -0.13717247545719147,
   -1.622199535369873,
   -1.022850751876831
  ],
  "euler_order": "XYZ",
  "rotation_matrix": [
   [
    -0.02676592394709587,
    0.9167183041572571,
    -0.3986366093158722
   ],
   [
    0.04385828226804733,
    0.3994724154472351,
    0.9156954884529114
   ],
   [
    0.9986791610717773,
    0.007025918457657099,
    -0.05089793726801872
   ]
  ]
 },
 {
  "rotation_euler": [
   0.0012182765640318394,
   2.0398649212438613e-05,
   2.6162524223327637
  ],
  "euler_order": "XYZ",
  "rotation_matrix": [
   [
    -0.8651533722877502,
    -0.501507043838501,
    0.0005933265783824027
   ],
   [
    0.5015074014663696,
    -0.8651527166366577,
    0.001064225914888084
   ],
   [
    -2.0398649212438613e-05,
    0.0012182762147858739,
    0.9999992847442627
   ]
  ]
 },
 {
  "rotation_euler": [
   0.0012163700303062797,
   -2.1826441297889687e-05,
   -2.588942527770996
  ],
  "euler_order": "XYZ",
  "rotation_matrix": [
   [
    -0.851136326789856,
    0.5249443054199219,
    -0.0006199495401233435
   ],
   [
    -0.5249446630477905,
    -0.8511356711387634,
    0.0010467541869729757
   ],
   [
    2.1826441297889687e-05,
    0.0012163696810603142,
    0.9999992847442627
   ]
  ]
 }
]