[
 {
  "rotation_euler": [
   -2.013669490814209,
   0.18841059505939484,
   -0.7926504015922546
  ],
  "euler_order": "XYZ",
  "rotation_matrix": [
   [
    0.6895376443862915,
    -0.4240025579929352,
    0.5871623754501343
   ],
   [
    -0.6996122598648071,
    -0.18028900027275085,
    0.691403329372406
   ],
   [
    -0.18729785084724426,
    -0.8875346183776855,
    -0.4209534525871277
   ]
  ]
 },
 {
  "rotation_euler": [
   1.5057084560394287,
   -2.221874952316284,
   0.5581039786338806
  ],
  "euler_order": "XYZ",
  "rotation_matrix": [
   [
    -0.5140839219093323,
    -0.7077485918998718,
    0.48457157611846924
   ],
   [
    -0.32094845175743103,
    -0.3651787042617798,
    -0.8738630414009094
   ],
   [
    0.7954305410385132,
    -0.6047614216804504,
    -0.03941831365227699
   ]
  ]
 },
 {
  "rotation_euler": [
   -1.660595178604126,
   -0.8583542108535767,
   -0.48581400513648987
  ],
  "euler_order": "XYZ",
  "rotation_matrix": [
   [
    0.5780494213104248,
    0.6246364116668701,
    0.5250601768493652
   ],
   [
    -0.3052234947681427,
    -0.43123456835746765,
    0.8490437865257263
   ],
   [
    0.756767749786377,
    -0.6510500311851501,
    -0.05862119793891907
   ]
  ]
 },
 {
  "rotation_euler": [
   -2.0041232109069824,
   -0.35924872756004333,
   0.44975030422210693
  ],
  "euler_order": "XYZ",
  "rotation_matrix": [
   [
    0.8430653214454651,
    0.46989065408706665,
    -0.26161739230155945
   ],
   [
    0.40698736906051636,
    -0.23942098021507263,
    0.8814980983734131
   ],
   [
    0.3515710234642029,
    -0.8496354222297668,
    -0.39308708906173706
   ]
  ]
 },
 {
  "rotation_euler": [
   1.4776684045791626,
   2.28926420211792,
   0.8056078553199768
  ],
  "euler_order": "XYZ",
  "rotation_matrix": [
   [
    -0.45593953132629395,
    0.45212340354919434,
    0.7666182518005371
   ],
   [
    -0.4747510552406311,
    0.6050304174423218,
    -0.6391788721084595
   ],
   [
    -0.7528151273727417,
    -0.6553797125816345,
    -0.06121121346950531
   ]
  ]
 },
 {
  "rotation_euler": [
   -1.9303025007247925,
   0.48402243852615356,
   1.602401614189148
  ],
  "euler_order": "XYZ",
  "rotation_matrix": [
   [
    -0.02797013893723488,
    0.36540111899375916,
    -0.9304298758506775
   ],
   [
    0.8846882581710815,
    -0.4242594242095947,
    -0.19321146607398987
   ],
   [
    -0.46534332633018494,
    -0.8285444974899292,
    -0.3113994598388672
   ]
  ]
 },
 {
  "rotation_euler": [
   -1.9437578916549683,
   -0.4627419710159302,
   1.3067798614501953
  ],
  "euler_order": "XYZ",
  "rotation_matrix": [
   [
    0.23351526260375977,
    0.46023401618003845,
    -0.8565368056297302
   ],
   [
    0.8638255596160889,
    0.30622225999832153,
    0.4000416100025177
   ],
   [
    0.4464033842086792,
    -0.8333142399787903,
    -0.32605433464050293
   ]
  ]
 },
 {
  "rotation_euler": [
   1.139248251914978,
   3.082388162612915,
   0.37606027722358704
  ],
  "euler_order": "XYZ",
  "rotation_matrix": [
   [
    -0.928489089012146,
    -0.10362672805786133,
    0.3566083014011383
   ],
   [
    -0.3666154444217682,
    0.4087860882282257,
    -0.8357553482055664
   ],
   [
    -0.05916991084814072,
    -0.9067278504371643,
    -0.4175446033477783
   ]
  ]
 },
 {
  "rotation_euler": [
   -1.9332362413406372,
   0.4789511263370514,
   -0.2915537357330322
  ],
  "euler_order": "XYZ",
  "rotation_matrix": [
   [
    0.8500257730484009,
    -0.5146383047103882,
    0.1122656762599945
   ],
   [
    -0.25509756803512573,
    -0.21573294699192047,
    0.9425415396690369
   ],
   [
    -0.4608485698699951,
    -0.8298233151435852,
    -0.31466153264045715
   ]
  ]
 },
 {
  "rotation_euler": [
   1.4898333549499512,
   -2.259751319885254,
   -0.48944637179374695
  ],
  "euler_order": "XYZ",
  "rotation_matrix": [
   [
    -0.5610917806625366,
    -0.641029417514801,
    -0.5236957669258118
   ],
   [
    0.29888081550598145,
    0.43309465050697327,
    -0.8503524661064148
   ],
   [
    0.7719107866287231,
    -0.6336483955383301,
    -0.05141444876790047
   ]
  ]
 },
 {
  "rotation_euler": [
   -2.003516912460327,
   -0.3604017198085785,
   0.35386547446250916
  ],
  "euler_order": "XYZ",
  "rotation_matrix": [
   [
    0.8777760863304138,
    0.4456227421760559,
    -0.17586800456047058
   ],
   [
    0.3242638409137726,
    -0.2824208736419678,
    0.9028241038322449
   ],
   [
    0.35265016555786133,
    -0.8495050668716431,
    -0.39240163564682007
   ]
  ]
 },
 {
  "rotation_euler": [
   -1.9740504026412964,
   -0.4126991629600525,
   -1.5750480890274048
  ],
  "euler_order": "XYZ",
  "rotation_matrix": [
   [
    -0.003894779132679105,
    -0.39397844672203064,
    0.919111430644989
   ],
   [
    -0.9160332679748535,
    -0.36724022030830383,
    -0.16129979491233826
   ],
   [
    0.4010833203792572,
    -0.8425648808479309,
    -0.3594670593738556
   ]
  ]
 },
 {
  "rotation_euler": [
   -1.6921453475952148,
   -0.7848339676856995,
   0.9763727188110352
  ],
  "euler_order": "XYZ",
  "rotation_matrix": [
   [
    0.39622530341148376,
    0.4931556284427643,
    -0.7744694948196411
   ],
   [
    0.586148202419281,
    0.5133890509605408,
    0.6267870664596558
   ],
   [
    0.7067077159881592,
    -0.7023028135299683,
    -0.08564455807209015
   ]
  ]
 },
 {
  "rotation_euler": [
   1.3398573398590088,
   2.4729390144348145,
   0.8765655159950256
  ],
  "euler_order": "XYZ",
  "rotation_matrix": [
   [
    -0.5020192265510559,
    0.21018435060977936,
    0.8389274477958679
   ],
   [
    -0.6030450463294983,
    0.6102397441864014,
    -0.5137549042701721
   ],
   [
    -0.61993008852005,
    -0.7638258934020996,
    -0.17960146069526672
   ]
  ]
 },
 {
  "rotation_euler": [
   -2.006157159805298,
   0.3550593852996826,
   1.7000471353530884
  ],
  "euler_order": "XYZ",
  "rotation_matrix": [
   [
    -0.12085175514221191,
    0.4588484764099121,
    -0.8802573084831238
   ],
   [
    0.9298048615455627,
    -0.2582293152809143,
    -0.26226043701171875
   ],
   [
    -0.3476460576057434,
    -0.850162148475647,
    -0.39543208479881287
   ]
  ]
 },
 {
  "rotation_euler": [
   -1.999101161956787,
   -0.10335250943899155,
   -1.571916103363037
  ],
  "euler_order": "XYZ",
  "rotation_matrix": [
   [
    -0.0011138010304421186,
    -0.41543418169021606,
    0.9096225500106812
   ],
   [
    -0.9946632385253906,
    -0.09338437020778656,
    -0.043867554515600204
   ],
   [
    0.10316860675811768,
    -0.9048169851303101,
    -0.4131131172180176
   ]
  ]
 }
]