[
 {
  "rotation_euler": [
   -0.005291942972689867,
   0.0001397450250806287,
   2.694772958755493
  ],
  "euler_order": "XYZ",
  "rotation_matrix": [
   [
    -0.9018258452415466,
    -0.43209293484687805,
    -0.002412659814581275
   ],
   [
    0.4320996403694153,
    -0.9018135666847229,
    -0.004712006077170372
   ],
   [
    -0.0001397450250806287,
    -0.00529191829264164,
    0.9999859929084778
   ]
  ]
 },
 {
  "rotation_euler": [
   0.5624902844429016,
   -1.4428284168243408,
   -1.2374660968780518
  ],
  "euler_order": "XYZ",
  "rotation_matrix": [
   [
    0.04175586253404617,
    0.6263051629066467,
    -0.7784588932991028
   ],
   [
    -0.12059452384710312,
    0.7766014933586121,
    0.6183422207832336
   ],
   [
    0.9918232560157776,
    0.06805846840143204,
    0.10795664042234421
   ]
  ]
 },
 {
  "rotation_euler": [
   0.56248939037323,
   -1.44282865524292,
   -2.1359469890594482
  ],
  "euler_order": "XYZ",
  "rotation_matrix": [
   [
    -0.06834530830383301,
    0.9976611733436584,
    -0.0010430359980091453
   ],
   [
    -0.1077750027179718,
    -0.006343813147395849,
    0.9941550493240356
   ],
   [
    0.9918233156204224,
    0.06805824488401413,
    0.10795650631189346
   ]
  ]
 },
 {
  "rotation_euler": [
   0.5624889135360718,
   1.44282865524292,
   2.583700180053711
  ],
  "euler_order": "XYZ",
  "rotation_matrix": [
   [
    -0.10826822370290756,
    -0.896567165851593,
    -0.4294710159301758
   ],
   [
    0.06756126135587692,
    -0.43764761090278625,
    0.8966047167778015
   ],
   [
    -0.9918233156204224,
    0.06805819272994995,
    0.10795653611421585
   ]
  ]
 },
 {
  "rotation_euler": [
   0.5624892711639404,
   -1.4428287744522095,
   -2.6340370178222656
  ],
  "euler_order": "XYZ",
  "rotation_matrix": [
   [
    -0.1115303635597229,
    0.8734111785888672,
    0.4740399122238159
   ],
   [
    -0.06202805042266846,
    -0.48220425844192505,
    0.8738601803779602
   ],
   [
    0.9918233156204224,
    0.06805817037820816,
    0.1079564094543457
   ]
  ]
 },
 {
  "rotation_euler": [
   -0.005276498384773731,
   0.00019638754019979388,
   -3.0611462593078613
  ],
  "euler_order": "XYZ",
  "rotation_matrix": [
   [
    -0.9967659115791321,
    0.0803595632314682,
    0.00022826592612545937
   ],
   [
    -0.08035965263843536,
    -0.9967519640922546,
    -0.005275190807878971
   ],
   [
    -0.00019638754019979388,
    -0.005276473704725504,
    0.9999860525131226
   ]
  ]
 },
 {
  "rotation_euler": [
   0.5624885559082031,
   -1.442828893661499,
   0.5845557451248169
  ],
  "euler_order": "XYZ",
  "rotation_matrix": [
   [
    0.1064283475279808,
    -0.9079160690307617,
    -0.4054151177406311
   ],
   [
    0.07042355835437775,
    0.4135897755622864,
    -0.9077356457710266
   ],
   [
    0.9918233156204224,
    0.06805802881717682,
    0.10795636475086212
   ]
  ]
 },
 {
  "rotation_euler": [
   -2.5791196823120117,
   1.6987608671188354,
   0.20631442964076996
  ],
  "euler_order": "XYZ",
  "rotation_matrix": [
   [
    -0.12490919232368469,
    -0.34440866112709045,
    -0.9304732084274292
   ],
   [
    -0.026142550632357597,
    -0.9363499283790588,
    0.3500933349132538
   ],
   [
    -0.9918237328529358,
    0.06805481761693954,
    0.10795499384403229
   ]
  ]
 },
 {
  "rotation_euler": [
   0.5624893307685852,
   -1.4428287744522095,
   1.8520452976226807
  ],
  "euler_order": "XYZ",
  "rotation_matrix": [
   [
    -0.03542127087712288,
    -0.665884792804718,
    0.7452132701873779
   ],
   [
    0.1226043850183487,
    -0.7429438233375549,
    -0.658029317855835
   ],
   [
    0.9918233156204224,
    0.06805817782878876,
    0.1079564094543457
   ]
  ]
 },
 {
  "rotation_euler": [
   -0.005277398508042097,
   0.00019708703621290624,
   2.028839111328125
  ],
  "euler_order": "XYZ",
  "rotation_matrix": [
   [
    -0.44219347834587097,
    -0.8969067335128784,
    -0.004820529837161303
   ],
   [
    0.8969196677207947,
    -0.4421882629394531,
    -0.0021568515803664923
   ],
   [
    -0.00019708703621290624,
    -0.00527737382799387,
    0.9999860525131226
   ]
  ]
 },
 {
  "rotation_euler": [
   0.5624896287918091,
   1.4428291320800781,
   -0.5367360711097717
  ],
  "euler_order": "XYZ",
  "rotation_matrix": [
   [
    0.10967282950878143,
    0.8871085047721863,
    0.44834181666374207
   ],
   [
    -0.06525550782680511,
    0.45651572942733765,
    -0.887319028377533
   ],
   [
    -0.9918233752250671,
    0.06805802136659622,
    0.10795608907938004
   ]
  ]
 },
 {
  "rotation_euler": [
   0.5624864101409912,
   -1.4428284168243408,
   -1.9985103607177734
  ],
  "euler_order": "XYZ",
  "rotation_matrix": [
   [
    -0.052935294806957245,
    0.9891232252120972,
    -0.13723385334014893
   ],
   [
    -0.11612255126237869,
    0.1303969919681549,
    0.9846380949020386
   ],
   [
    0.9918232560157776,
    0.06805805116891861,
    0.1079569086432457
   ]
  ]
 },
 {
  "rotation_euler": [
   -0.005277057643979788,
   0.0001937967463163659,
   2.4710042476654053
  ],
  "euler_order": "XYZ",
  "rotation_matrix": [
   [
    -0.7834561467170715,
    -0.6214376091957092,
    -0.0034312258940190077
   ],
   [
    0.6214470863342285,
    -0.7834458947181702,
    -0.004013891331851482
   ],
   [
    -0.0001937967463163659,
    -0.0052770329639315605,
    0.9999860525131226
   ]
  ]
 },
 {
  "rotation_euler": [
   0.5624886751174927,
   -1.44282865524292,
   -0.18667028844356537
  ],
  "euler_order": "XYZ",
  "rotation_matrix": [
   [
    0.12540166079998016,
    -0.3627490997314453,
    -0.9234108328819275
   ],
   [
    -0.023684507235884666,
    0.9293982982635498,
    -0.3683176040649414
   ],
   [
    0.9918233156204224,
    0.06805817037820816,
    0.10795655101537704
   ]
  ]
 },
 {
  "rotation_euler": [
   0.5624880790710449,
   1.4428285360336304,
   -2.2942466735839844
  ],
  "euler_order": "XYZ",
  "rotation_matrix": [
   [
    -0.08448043465614319,
    0.2839076817035675,
    -0.9551227688789368
   ],
   [
    -0.09565363824367523,
    -0.9564332365989685,
    -0.27583664655685425
   ],
   [
    -0.9918233156204224,
    0.06805817037820816,
    0.10795669257640839
   ]
  ]
 },
 {
  "rotation_euler": [
   -2.579103469848633,
   1.6987643241882324,
   0.0833679586648941
  ],
  "euler_order": "XYZ",
  "rotation_matrix": [
   [
    -0.12717579305171967,
    -0.45665407180786133,
    -0.8805074691772461
   ],
   [
    -0.010627017356455326,
    -0.8870372772216797,
    0.4615755081176758
   ],
   [
    -0.9918232560157776,
    0.06805839389562607,
    0.10795678943395615
   ]
  ]
 }
]