[
 {
  "rotation_euler": [
   1.7240921258926392,
   1.9310468435287476,
   0.6948087811470032
  ],
  "euler_order": "XYZ",
  "rotation_matrix": [
   [
    -0.2707887589931488,
    0.8081977367401123,
    0.5229625701904297
   ],
   [
    -0.22568964958190918,
    0.4748172163963318,
    -0.8506543636322021
   ],
   [
    -0.935808539390564,
    -0.3483748733997345,
    0.053826700896024704
   ]
  ]
 },
 {
  "rotation_euler": [
   -0.0021454833913594484,
   -0.004495119675993919,
   -2.4600670337677
  ],
  "euler_order": "XYZ",
  "rotation_matrix": [
   [
    -0.7766046524047852,
    0.6299696564674377,
    0.004842553753405809
   ],
   [
    -0.6299722194671631,
    -0.7766168117523193,
    0.0011656050337478518
   ],
   [
    0.004495104309171438,
    -0.002145460108295083,
    0.9999876022338867
   ]
  ]
 },
 {
  "rotation_euler": [
   -0.0021638167090713978,
   -0.004490520805120468,
   1.8139737844467163
  ],
  "euler_order": "XYZ",
  "rotation_matrix": [
   [
    -0.2407853752374649,
    -0.9705778360366821,
    -0.0010188942542299628
   ],
   [
    0.9705680012702942,
    -0.24077780544757843,
    -0.0048793950118124485
   ],
   [
    0.004490505903959274,
    -0.0021637931931763887,
    0.9999876022338867
   ]
  ]
 },
 {
  "rotation_euler": [
   -0.0021647154353559017,
   -0.00449042022228241,
   2.5940535068511963
  ],
  "euler_order": "XYZ",
  "rotation_matrix": [
   [
    -0.85379958152771,
    -0.5205947756767273,
    0.002707012463361025
   ],
   [
    0.5205824375152588,
    -0.8538011312484741,
    -0.004185894504189491
   ],
   [
    0.004490405321121216,
    -0.0021646919194608927,
    0.9999876022338867
   ]
  ]
 },
 {
  "rotation_euler": [
   -0.002148817991837859,
   -0.004492718726396561,
   0.6165776252746582
  ],
  "euler_order": "XYZ",
  "rotation_matrix": [
   [
    0.8158539533615112,
    -0.5782371759414673,
    -0.004907963797450066
   ],
   [
    0.5782405138015747,
    0.8158659338951111,
    -0.0008447454893030226
   ],
   [
    0.004492703825235367,
    -0.0021487947087734938,
    0.9999876022338867
   ]
  ]
 },
 {
  "rotation_euler": [
   -0.0021642015781253576,
   -0.004491311963647604,
   -1.9623029232025146
  ],
  "euler_order": "XYZ",
  "rotation_matrix": [
   [
    -0.38157761096954346,
    0.9243293404579163,
    0.003714237827807665
   ],
   [
    -0.9243258833885193,
    -0.38158953189849854,
    0.0033256355673074722
   ],
   [
    0.00449129706248641,
    -0.0021641780622303486,
    0.9999875426292419
   ]
  ]
 },
 {
  "rotation_euler": [
   -0.002149241976439953,
   -0.004489634186029434,
   -0.6799030303955078
  ],
  "euler_order": "XYZ",
  "rotation_matrix": [
   [
    0.7776258587837219,
    0.628723680973053,
    -0.0021400058176368475
   ],
   [
    -0.6287112832069397,
    0.7776257991790771,
    0.004494017921388149
   ],
   [
    0.00448961928486824,
    -0.0021492186933755875,
    0.9999876022338867
   ]
  ]
 },
 {
  "rotation_euler": [
   -0.002154693705961108,
   -0.004488762002438307,
   1.9661551713943481
  ],
  "euler_order": "XYZ",
  "rotation_matrix": [
   [
    -0.3851355016231537,
    -0.9228600263595581,
    -0.0002596864942461252
   ],
   [
    0.9228491187095642,
    -0.38512957096099854,
    -0.004972325172275305
   ],
   [
    0.004488747101277113,
    -0.002154670422896743,
    0.9999876022338867
   ]
  ]
 },
 {
  "rotation_euler": [
   -0.0021621105261147022,
   -0.00449132127687335,
   0.06710884720087051
  ],
  "euler_order": "XYZ",
  "rotation_matrix": [
   [
    0.9977389574050903,
    -0.06704863905906677,
    -0.00462617352604866
   ],
   [
    0.06705781072378159,
    0.9977473616600037,
    0.0018560625612735748
   ],
   [
    0.004491306375712156,
    -0.002162087010219693,
    0.9999876022338867
   ]
  ]
 },
 {
  "rotation_euler": [
   -0.0021497837733477354,
   -0.004487126134335995,
   0.3544171154499054
  ],
  "euler_order": "XYZ",
  "rotation_matrix": [
   [
    0.9378395080566406,
    -0.34703391790390015,
    -0.004954291041940451
   ],
   [
    0.3470402657985687,
    0.9378501176834106,
    0.0004589505260810256
   ],
   [
    0.004487111233174801,
    -0.00214976049028337,
    0.9999876022338867
   ]
  ]
 },
 {
  "rotation_euler": [
   -0.002149339532479644,
   -0.00448831869289279,
   -2.900014877319336
  ],
  "euler_order": "XYZ",
  "rotation_matrix": [
   [
    -0.9709519147872925,
    0.23922497034072876,
    0.004872157704085112
   ],
   [
    -0.23923248052597046,
    -0.9709618091583252,
    -0.0010131684830412269
   ],
   [
    0.004488303791731596,
    -0.0021493162494152784,
    0.9999876022338867
   ]
  ]
 },
 {
  "rotation_euler": [
   -0.00214781379327178,
   -0.0044944570399820805,
   1.6468864679336548
  ],
  "euler_order": "XYZ",
  "rotation_matrix": [
   [
    -0.07601597160100937,
    -0.9971050024032593,
    -0.0017999454867094755
   ],
   [
    0.9970964789390564,
    -0.0760069414973259,
    -0.0046446966007351875
   ],
   [
    0.004494442138820887,
    -0.0021477905102074146,
    0.9999876022338867
   ]
  ]
 },
 {
  "rotation_euler": [
   -0.0021438230760395527,
   -0.004494693595916033,
   -3.09336519241333
  ],
  "euler_order": "XYZ",
  "rotation_matrix": [
   [
    -0.9988272190093994,
    0.04819903150200844,
    0.004592793062329292
   ],
   [
    -0.04820828139781952,
    -0.9988354444503784,
    -0.001924646319821477
   ],
   [
    0.004494678694754839,
    -0.0021437997929751873,
    0.9999876022338867
   ]
  ]
 },
 {
  "rotation_euler": [
   -0.0021551758982241154,
   -0.0044938428327441216,
   -0.780704915523529
  ],
  "euler_order": "XYZ",
  "rotation_matrix": [
   [
    0.7104104161262512,
    0.7037855982780457,
    -0.001675717532634735
   ],
   [
    -0.7037732601165771,
    0.7104091644287109,
    0.004693733993917704
   ],
   [
    0.004493827931582928,
    -0.0021551523823291063,
    0.9999876022338867
   ]
  ]
 },
 {
  "rotation_euler": [
   -0.0021631962154060602,
   -0.004492166917771101,
   0.06486375629901886
  ],
  "euler_order": "XYZ",
  "rotation_matrix": [
   [
    0.9978870153427124,
    -0.0648084357380867,
    -0.004622909240424633
   ],
   [
    0.0648176297545433,
    0.997895359992981,
    0.0018674726597964764
   ],
   [
    0.004492152016609907,
    -0.002163172699511051,
    0.9999875426292419
   ]
  ]
 },
 {
  "rotation_euler": [
   -0.002142238663509488,
   -0.004493080545216799,
   2.389503240585327
  ],
  "euler_order": "XYZ",
  "rotation_matrix": [
   [
    -0.730255663394928,
    -0.6831715106964111,
    0.0018176084849983454
   ],
   [
    0.6831591725349426,
    -0.7302547693252563,
    -0.004633899312466383
   ],
   [
    0.004493065644055605,
    -0.0021422153804451227,
    0.9999876022338867
   ]
  ]
 }
]