[
 {
  "rotation_euler": [
   -1.5707976818084717,
   1.62451160576893e-05,
   1.0500606298446655
  ],
  "euler_order": "XYZ",
  "rotation_matrix": [
   [
    0.4975184500217438,
    -6.906833732500672e-06,
    -0.867453396320343
   ],
   [
    0.867453396320343,
    -1.4766024833079427e-05,
    0.4975184500217438
   ],
   [
    -1.62451160576893e-05,
    -1.0,
    -1.3550135236073402e-06
   ]
  ]
 },
 {
  "rotation_euler": [
   1.5707924365997314,
   -2.760766051324026e-07,
   -1.8841520547866821
  ],
  "euler_order": "XYZ",
  "rotation_matrix": [
   [
    -0.3082526922225952,
    3.785861508731614e-06,
    -0.9513044953346252
   ],
   [
    -0.9513044953346252,
    -9.365301707475737e-07,
    0.3082526922225952
   ],
   [
    2.760766051324026e-07,
    1.0,
    3.8901953303138725e-06
   ]
  ]
 },
 {
  "rotation_euler": [
   1.570791244506836,
   -1.685566530795768e-05,
   2.4068400859832764
  ],
  "euler_order": "XYZ",
  "rotation_matrix": [
   [
    -0.7419966459274292,
    9.099662747757975e-06,
    0.6704035997390747
   ],
   [
    0.6704035997390747,
    -1.5071139387146104e-05,
    0.7419966459274292
   ],
   [
    1.685566530795768e-05,
    1.0,
    5.082288225821685e-06
   ]
  ]
 },
 {
  "rotation_euler": [
   1.5707924365997314,
   -2.4525192543478624e-07,
   2.6199169158935547
  ],
  "euler_order": "XYZ",
  "rotation_matrix": [
   [
    -0.8669853210449219,
    -1.7259853848372586e-06,
    0.4983336627483368
   ],
   [
    0.4983336627483368,
    -3.4949594009958673e-06,
    0.8669853210449219
   ],
   [
    2.4525192543478624e-07,
    1.0,
    3.8901953303138725e-06
   ]
  ]
 },
 {
  "rotation_euler": [
   1.5707930326461792,
   -1.5341432799687027e-06,
   2.0422520637512207
  ],
  "euler_order": "XYZ",
  "rotation_matrix": [
   [
    -0.4541836977005005,
    -2.2380008886102587e-06,
    0.8909080624580383
   ],
   [
    0.8909080624580383,
    -2.862929250113666e-06,
    0.4541836977005005
   ],
   [
    1.5341432799687027e-06,
    1.0,
    3.294148655186291e-06
   ]
  ]
 },
 {
  "rotation_euler": [
   1.5707957744598389,
   -8.194868428290647e-07,
   -0.753117024898529
  ],
  "euler_order": "XYZ",
  "rotation_matrix": [
   [
    0.7295606136322021,
    -2.2011448663761257e-07,
    -0.6839161515235901
   ],
   [
    -0.6839161515235901,
    9.634221669330145e-07,
    -0.7295606136322021
   ],
   [
    8.194868428290647e-07,
    1.0,
    5.52335052361741e-07
   ]
  ]
 },
 {
  "rotation_euler": [
   -1.570799708366394,
   2.490520856213152e-08,
   2.737272262573242
  ],
  "euler_order": "XYZ",
  "rotation_matrix": [
   [
    -0.9193699359893799,
    1.3531871445593424e-06,
    -0.3933940529823303
   ],
   [
    0.3933940529823303,
    3.0991177482064813e-06,
    -0.9193699359893799
   ],
   [
    -2.490520856213152e-08,
    -1.0,
    -3.381571559657459e-06
   ]
  ]
 },
 {
  "rotation_euler": [
   1.5707958936691284,
   1.3064385484540253e-06,
   -3.027778387069702
  ],
  "euler_order": "XYZ",
  "rotation_matrix": [
   [
    -0.9935301542282104,
    -1.2487965932450606e-06,
    -0.11356870830059052
   ],
   [
    -0.11356870830059052,
    -5.78694027808524e-07,
    0.9935301542282104
   ],
   [
    -1.3064385484540253e-06,
    1.0,
    4.331257628109597e-07
   ]
  ]
 },
 {
  "rotation_euler": [
   -1.5707998275756836,
   4.816668663920609e-08,
   -1.6946827173233032
  ],
  "euler_order": "XYZ",
  "rotation_matrix": [
   [
    -0.12356973439455032,
    -3.467998567430186e-06,
    0.9923359155654907
   ],
   [
    -0.9923359155654907,
    4.803881097359408e-07,
    -0.12356973439455032
   ],
   [
    -4.816668663920609e-08,
    -1.0,
    -3.5007808492082404e-06
   ]
  ]
 },
 {
  "rotation_euler": [
   1.5707958936691284,
   -8.907625215215376e-07,
   0.5255514979362488
  ],
  "euler_order": "XYZ",
  "rotation_matrix": [
   [
    0.8650473952293396,
    -9.878467608359642e-07,
    0.501690149307251
   ],
   [
    0.501690149307251,
    -7.22124724461537e-08,
    -0.8650473952293396
   ],
   [
    8.907625215215376e-07,
    1.0,
    4.331257628109597e-07
   ]
  ]
 },
 {
  "rotation_euler": [
   1.5707956552505493,
   -1.829895040827978e-06,
   -2.8622450828552246
  ],
  "euler_order": "XYZ",
  "rotation_matrix": [
   [
    -0.961235523223877,
    1.9441240510786884e-06,
    -0.27572858333587646
   ],
   [
    -0.27572858333587646,
    -1.40957951089149e-07,
    0.961235523223877
   ],
   [
    1.829895040827978e-06,
    1.0,
    6.715443419125222e-07
   ]
  ]
 },
 {
  "rotation_euler": [
   -1.5707998275756836,
   1.249787544566061e-07,
   -2.333085536956787
  ],
  "euler_order": "XYZ",
  "rotation_matrix": [
   [
    -0.6905789375305176,
    -2.4456567189190537e-06,
    0.7232570052146912
   ],
   [
    -0.7232570052146912,
    2.5079573333641747e-06,
    -0.6905789375305176
   ],
   [
    -1.249787544566061e-07,
    -1.0,
    -3.5007808492082404e-06
   ]
  ]
 },
 {
  "rotation_euler": [
   1.570792555809021,
   -1.9802567408078176e-07,
   -2.020462989807129
  ],
  "euler_order": "XYZ",
  "rotation_matrix": [
   [
    -0.43466535210609436,
    3.4821948702301597e-06,
    -0.900592029094696
   ],
   [
    -0.900592029094696,
    -1.460776616113435e-06,
    0.43466535210609436
   ],
   [
    1.9802567408078176e-07,
    1.0,
    3.770985813389416e-06
   ]
  ]
 },
 {
  "rotation_euler": [
   1.570792317390442,
   -2.87091921791216e-07,
   -0.9004308581352234
  ],
  "euler_order": "XYZ",
  "rotation_matrix": [
   [
    0.6212723851203918,
    2.9633856684085913e-06,
    -0.7835946679115295
   ],
   [
    -0.7835946679115295,
    2.715896016525221e-06,
    -0.6212723851203918
   ],
   [
    2.87091921791216e-07,
    1.0,
    4.009404619864654e-06
   ]
  ]
 },
 {
  "rotation_euler": [
   1.5707918405532837,
   -2.367243723710999e-05,
   1.360095739364624
  ],
  "euler_order": "XYZ",
  "rotation_matrix": [
   [
    0.20914503931999207,
    -9.337999472336378e-06,
    0.9778846502304077
   ],
   [
    0.9778846502304077,
    -2.221063732577022e-05,
    -0.20914503931999207
   ],
   [
    2.367243723710999e-05,
    1.0,
    4.486241778067779e-06
   ]
  ]
 },
 {
  "rotation_euler": [
   -1.5707998275756836,
   -2.635689952512621e-06,
   -1.9149092435836792
  ],
  "euler_order": "XYZ",
  "rotation_matrix": [
   [
    -0.33736172318458557,
    -4.184728823020123e-06,
    0.9413750767707825
   ],
   [
    -0.9413750767707825,
    -1.3001433671888663e-06,
    -0.33736172318458557
   ],
   [
    2.635689952512621e-06,
    -1.0,
    -3.5007808492082404e-06
   ]
  ]
 }
]