[
 {
  "rotation_euler": [
   -0.12703344225883484,
   2.144024610519409,
   2.263777732849121
  ],
  "euler_order": "XYZ",
  "rotation_matrix": [
   [
    0.3464696407318115,
    -0.6951474547386169,
    -0.6298640966415405
   ],
   [
    -0.41725194454193115,
    -0.7155758142471313,
    0.5602249503135681
   ],
   [
    -0.8401545286178589,
    0.06871107220649719,
    -0.5379769206047058
   ]
  ]
 },
 {
  "rotation_euler": [
   -0.15461492538452148,
   2.0449538230895996,
   -2.2307326793670654
  ],
  "euler_order": "XYZ",
  "rotation_matrix": [
   [
    0.27991947531700134,
    0.8646031618118286,
    -0.41726064682006836
   ],
   [
    0.36071962118148804,
    -0.49751102924346924,
    -0.78890061378479
   ],
   [
    -0.8896777033805847,
    0.07031454145908356,
    -0.4511423707008362
   ]
  ]
 },
 {
  "rotation_euler": [
   0.17642979323863983,
   -1.0952411890029907,
   -0.44344690442085266
  ],
  "euler_order": "XYZ",
  "rotation_matrix": [
   [
    0.4135496914386749,
    0.2814472019672394,
    -0.8658891916275024
   ],
   [
    -0.1964353770017624,
    0.956206202507019,
    0.21698592603206635
   ],
   [
    0.8890386819839478,
    0.08035681396722794,
    0.45072492957115173
   ]
  ]
 },
 {
  "rotation_euler": [
   -0.08952107280492783,
   3.0885539054870605,
   0.010601749643683434
  ],
  "euler_order": "XYZ",
  "rotation_matrix": [
   [
    -0.9985376596450806,
    -0.015298356302082539,
    0.05185083672404289
   ],
   [
    -0.010586642660200596,
    0.99588942527771,
    0.08995630592107773
   ],
   [
    -0.0530138835310936,
    0.08927582949399948,
    -0.9945950508117676
   ]
  ]
 },
 {
  "rotation_euler": [
   -0.08952455222606659,
   3.0886857509613037,
   1.2165639400482178
  ],
  "euler_order": "XYZ",
  "rotation_matrix": [
   [
    -0.3463851511478424,
    -0.9357969760894775,
    -0.06558430194854736
   ],
   [
    -0.9366006851196289,
    0.3410470187664032,
    0.08041226118803024
   ],
   [
    -0.052882224321365356,
    0.08927991986274719,
    -0.9946017265319824
   ]
  ]
 },
 {
  "rotation_euler": [
   3.052027702331543,
   0.05217820778489113,
   1.0322376489639282
  ],
  "euler_order": "XYZ",
  "rotation_matrix": [
   [
    0.512201189994812,
    0.8574005961418152,
    0.05014137178659439
   ],
   [
    0.8572804927825928,
    -0.5068387389183044,
    -0.09046894311904907
   ],
   [
    -0.0521545335650444,
    0.08932352066040039,
    -0.9946362376213074
   ]
  ]
 },
 {
  "rotation_euler": [
   0.17641384899616241,
   -1.0951975584030151,
   2.6307458877563477
  ],
  "euler_order": "XYZ",
  "rotation_matrix": [
   [
    -0.3994148373603821,
    -0.34522414207458496,
    0.8492867946624756
   ],
   [
    0.22386041283607483,
    -0.9350738525390625,
    -0.274815171957016
   ],
   [
    0.889018714427948,
    0.08035643398761749,
    0.45076441764831543
   ]
  ]
 },
 {
  "rotation_euler": [
   3.052067995071411,
   0.052953969687223434,
   -0.8505935668945312
  ],
  "euler_order": "XYZ",
  "rotation_matrix": [
   [
    0.6586126089096069,
    -0.7455407977104187,
    -0.1019723191857338
   ],
   [
    -0.7506183981895447,
    -0.6604529023170471,
    -0.019339904189109802
   ],
   [
    -0.05292922630906105,
    0.08927980065345764,
    -0.9945992231369019
   ]
  ]
 },
 {
  "rotation_euler": [
   3.0520691871643066,
   0.052874885499477386,
   -0.45823416113853455
  ],
  "euler_order": "XYZ",
  "rotation_matrix": [
   [
    0.8955816626548767,
    -0.4363560974597931,
    -0.08675733208656311
   ],
   [
    -0.44174689054489136,
    -0.8953338265419006,
    -0.056895095854997635
   ],
   [
    -0.05285025015473366,
    0.08927898854017258,
    -0.9946035146713257
   ]
  ]
 },
 {
  "rotation_euler": [
   3.0514743328094482,
   0.06621921807527542,
   -0.6652621030807495
  ],
  "euler_order": "XYZ",
  "rotation_matrix": [
   [
    0.785030722618103,
    -0.6100753545761108,
    -0.10740063339471817
   ],
   [
    -0.6159124970436096,
    -0.787238359451294,
    -0.030125893652439117
   ],
   [
    -0.066170834004879,
    0.08979914337396622,
    -0.993759274482727
   ]
  ]
 },
 {
  "rotation_euler": [
   0.0901215448975563,
   -0.05313878878951073,
   1.5264185667037964
  ],
  "euler_order": "XYZ",
  "rotation_matrix": [
   [
    0.04430057480931282,
    -0.9951733350753784,
    0.08756425976753235
   ],
   [
    0.9976053237915039,
    0.039407648146152496,
    -0.056838829070329666
   ],
   [
    0.05311378464102745,
    0.0898725613951683,
    0.9945359826087952
   ]
  ]
 },
 {
  "rotation_euler": [
   0.17640098929405212,
   -1.0951662063598633,
   -1.487103819847107
  ],
  "euler_order": "XYZ",
  "rotation_matrix": [
   [
    0.038277968764305115,
    0.967994213104248,
    -0.2480362355709076
   ],
   [
    -0.45629599690437317,
    0.2377607226371765,
    0.857475221157074
   ],
   [
    0.8890043497085571,
    0.08035552501678467,
    0.4507928788661957
   ]
  ]
 },
 {
  "rotation_euler": [
   3.0520691871643066,
   0.05287529155611992,
   0.8439983129501343
  ],
  "euler_order": "XYZ",
  "rotation_matrix": [
   [
    0.6635515093803406,
    0.747452974319458,
    0.03183450549840927
   ],
   [
    0.746261477470398,
    -0.6582881808280945,
    -0.09874458611011505
   ],
   [
    -0.05285065621137619,
    0.08927898854017258,
    -0.9946034550666809
   ]
  ]
 },
 {
  "rotation_euler": [
   -0.13636469841003418,
   -2.1963393688201904,
   1.4526526927947998
  ],
  "euler_order": "XYZ",
  "rotation_matrix": [
   [
    -0.0690167173743248,
    -0.9708213210105896,
    -0.22965775430202484
   ],
   [
    -0.5814558863639832,
    0.2262077033519745,
    -0.7814980149269104
   ],
   [
    0.8106452822685242,
    0.07959942519664764,
    -0.5801018476486206
   ]
  ]
 },
 {
  "rotation_euler": [
   -0.14487026631832123,
   -2.1535696983337402,
   -1.3133851289749146
  ],
  "euler_order": "XYZ",
  "rotation_matrix": [
   [
    -0.14010481536388397,
    0.9876076579093933,
    -0.07072295993566513
   ],
   [
    0.5322091579437256,
    0.13534720242023468,
    0.8357239961624146
   ],
   [
    0.8349395394325256,
    0.07944954931735992,
    -0.5445766448974609
   ]
  ]
 },
 {
  "rotation_euler": [
   -0.154623344540596,
   2.044929265975952,
   0.9227604866027832
  ],
  "euler_order": "XYZ",
  "rotation_matrix": [
   [
    -0.2755938172340393,
    -0.870466947555542,
    0.40784233808517456
   ],
   [
    -0.36400777101516724,
    0.487178772687912,
    0.7938231825828552
   ],
   [
    -0.8896889090538025,
    0.07031498104333878,
    -0.45112016797065735
   ]
  ]
 }
]