[
 {
  "rotation_euler": [
   -1.20863676071167,
   -1.1216098070144653,
   1.6941399574279785
  ],
  "euler_order": "XYZ",
  "rotation_matrix": [
   [
    -0.053424157202243805,
    -0.45524051785469055,
    -0.8887642621994019
   ],
   [
    0.43093395233154297,
    0.7923803329467773,
    -0.43177467584609985
   ],
   [
    0.9008006453514099,
    -0.4060658812522888,
    0.15384633839130402
   ]
  ]
 },
 {
  "rotation_euler": [
   -0.7395463585853577,
   -1.1592154502868652,
   -2.0912623405456543
  ],
  "euler_order": "XYZ",
  "rotation_matrix": [
   [
    -0.19894298911094666,
    0.3337933421134949,
    0.9214139580726624
   ],
   [
    -0.3470859229564667,
    -0.9032644629478455,
    0.25227898359298706
   ],
   [
    0.9164895415306091,
    -0.2696206867694855,
    0.2955530881881714
   ]
  ]
 },
 {
  "rotation_euler": [
   -1.1377415657043457,
   0.9905231595039368,
   -1.7232803106307983
  ],
  "euler_order": "XYZ",
  "rotation_matrix": [
   [
    -0.08327612280845642,
    0.5300805568695068,
    0.8438481092453003
   ],
   [
    -0.5418909192085266,
    0.686561644077301,
    -0.4847549498081207
   ],
   [
    -0.8363128900527954,
    -0.4976421594619751,
    0.23007167875766754
   ]
  ]
 },
 {
  "rotation_euler": [
   2.0388355255126953,
   2.1370906829833984,
   -0.3296661078929901
  ],
  "euler_order": "XYZ",
  "rotation_matrix": [
   [
    -0.5076178312301636,
    0.5665363669395447,
    -0.6491230130195618
   ],
   [
    0.17368237674236298,
    -0.6706548929214478,
    -0.7211494445800781
   ],
   [
    -0.843894898891449,
    -0.47880953550338745,
    0.24203898012638092
   ]
  ]
 },
 {
  "rotation_euler": [
   -1.137919545173645,
   0.9903849959373474,
   1.9722968339920044
  ],
  "euler_order": "XYZ",
  "rotation_matrix": [
   [
    -0.2143021821975708,
    -0.08946659415960312,
    -0.9726614356040955
   ],
   [
    0.5047593116760254,
    -0.8626719117164612,
    -0.03186176344752312
   ],
   [
    -0.8362371325492859,
    -0.4977880120277405,
    0.2300315648317337
   ]
  ]
 },
 {
  "rotation_euler": [
   2.0203909873962402,
   2.135427474975586,
   -0.06489372253417969
  ],
  "euler_order": "XYZ",
  "rotation_matrix": [
   [
    -0.5339779257774353,
    0.7310495376586914,
    -0.42477545142173767
   ],
   [
    0.03470053896307945,
    -0.4830244481563568,
    -0.8749189972877502
   ],
   [
    -0.8447860479354858,
    -0.48192736506462097,
    0.23255658149719238
   ]
  ]
 },
 {
  "rotation_euler": [
   -1.1690748929977417,
   0.984455406665802,
   1.4424465894699097
  ],
  "euler_order": "XYZ",
  "rotation_matrix": [
   [
    0.07082324475049973,
    -0.48591744899749756,
    -0.8711304664611816
   ],
   [
    0.5487654805183411,
    -0.710303783416748,
    0.4408230185508728
   ],
   [
    -0.8329708576202393,
    -0.5092668533325195,
    0.21634870767593384
   ]
  ]
 },
 {
  "rotation_euler": [
   -1.428337812423706,
   0.9096116423606873,
   0.8585919141769409
  ],
  "euler_order": "XYZ",
  "rotation_matrix": [
   [
    0.4012855887413025,
    -0.6180288195610046,
    -0.6760253310203552
   ],
   [
    0.464790403842926,
    -0.4985787272453308,
    0.7317029237747192
   ],
   [
    -0.7892653346061707,
    -0.6078318953514099,
    0.08718139678239822
   ]
  ]
 },
 {
  "rotation_euler": [
   2.0038537979125977,
   2.1510674953460693,
   0.15260101854801178
  ],
  "euler_order": "XYZ",
  "rotation_matrix": [
   [
    -0.5418795347213745,
    0.8140801787376404,
    -0.208902046084404
   ],
   [
    -0.08333928883075714,
    -0.2993791997432709,
    -0.9504876136779785
   ],
   [
    -0.8363140225410461,
    -0.49764004349708557,
    0.23007231950759888
   ]
  ]
 },
 {
  "rotation_euler": [
   -1.1377389430999756,
   0.99052494764328,
   -1.3430821895599365
  ],
  "euler_order": "XYZ",
  "rotation_matrix": [
   [
    0.12376833707094193,
    0.23744437098503113,
    0.9634841084480286
   ],
   [
    -0.5340977907180786,
    0.834250807762146,
    -0.1369859278202057
   ],
   [
    -0.8363139033317566,
    -0.4976402223110199,
    0.23007234930992126
   ]
  ]
 },
 {
  "rotation_euler": [
   -1.1377403736114502,
   0.9905247688293457,
   1.8930258750915527
  ],
  "euler_order": "XYZ",
  "rotation_matrix": [
   [
    -0.17362132668495178,
    -0.15765102207660675,
    -0.9721119999885559
   ],
   [
    0.5200335383415222,
    -0.8529360294342041,
    0.04544468969106674
   ],
   [
    -0.836313784122467,
    -0.4976406693458557,
    0.23007169365882874
   ]
  ]
 },
 {
  "rotation_euler": [
   -1.137738585472107,
   0.9905252456665039,
   1.2090731859207153
  ],
  "euler_order": "XYZ",
  "rotation_matrix": [
   [
    0.19401845335960388,
    -0.6611312627792358,
    -0.7247498035430908
   ],
   [
    0.5127725005149841,
    -0.5614801645278931,
    0.6494647264480591
   ],
   [
    -0.8363140821456909,
    -0.49763989448547363,
    0.23007242381572723
   ]
  ]
 },
 {
  "rotation_euler": [
   -1.0793770551681519,
   0.9992277026176453,
   1.6957241296768188
  ],
  "euler_order": "XYZ",
  "rotation_matrix": [
   [
    -0.06740429997444153,
    -0.375803679227829,
    -0.9242447018623352
   ],
   [
    0.5367361903190613,
    -0.79454505443573,
    0.28392332792282104
   ],
   [
    -0.8410534858703613,
    -0.4769379198551178,
    0.25526317954063416
   ]
  ]
 },
 {
  "rotation_euler": [
   -1.5252940654754639,
   0.8677907586097717,
   2.289058208465576
  ],
  "euler_order": "XYZ",
  "rotation_matrix": [
   [
    -0.42545565962791443,
    0.4672797620296478,
    -0.7750077843666077
   ],
   [
    0.48679283261299133,
    -0.6037670373916626,
    -0.6312670707702637
   ],
   [
    -0.7629024982452393,
    -0.6458443999290466,
    0.029407678171992302
   ]
  ]
 },
 {
  "rotation_euler": [
   -1.1377383470535278,
   0.9905252456665039,
   1.1706730127334595
  ],
  "euler_order": "XYZ",
  "rotation_matrix": [
   [
    0.21356113255023956,
    -0.6821997165679932,
    -0.6992819309234619
   ],
   [
    0.5049459934234619,
    -0.5356847643852234,
    0.6768097281455994
   ],
   [
    -0.8363140821456909,
    -0.49763983488082886,
    0.23007254302501678
   ]
  ]
 },
 {
  "rotation_euler": [
   -0.563666045665741,
   -1.0981776714324951,
   -2.7032294273376465
  ],
  "euler_order": "XYZ",
  "rotation_matrix": [
   [
    -0.41217735409736633,
    -0.07194392383098602,
    0.9082587361335754
   ],
   [
    -0.1932215392589569,
    -0.96729975938797,
    -0.16430658102035522
   ],
   [
    0.8903792500495911,
    -0.24321860074996948,
    0.38479793071746826
   ]
  ]
 }
]