[
 {
  "rotation_euler": [
   -1.3665382862091064,
   -0.060370005667209625,
   2.1457929611206055
  ],
  "euler_order": "XYZ",
  "rotation_matrix": [
   [
    -0.5428412556648254,
    -0.20235182344913483,
    -0.8150933384895325
   ],
   [
    0.8376653790473938,
    -0.0607323981821537,
    -0.5427967309951782
   ],
   [
    0.06033334136009216,
    -0.9774278998374939,
    0.20247116684913635
   ]
  ]
 },
 {
  "rotation_euler": [
   -1.365553855895996,
   -0.04365247115492821,
   -1.6204231977462769
  ],
  "euler_order": "XYZ",
  "rotation_matrix": [
   [
    -0.04955924674868584,
    0.20143431425094604,
    0.9782474637031555
   ],
   [
    -0.9978173971176147,
    -0.052780136466026306,
    -0.0396825447678566
   ],
   [
    0.04363860934972763,
    -0.9780789613723755,
    0.2036104053258896
   ]
  ]
 },
 {
  "rotation_euler": [
   -1.4113925695419312,
   0.3016848862171173,
   0.12491914629936218
  ],
  "euler_order": "XYZ",
  "rotation_matrix": [
   [
    0.9473968744277954,
    -0.31085333228111267,
    -0.07621920108795166
   ],
   [
    0.11896747350692749,
    0.12094134092330933,
    0.9855049252510071
   ],
   [
    -0.29712942242622375,
    -0.9427318572998047,
    0.15156088769435883
   ]
  ]
 },
 {
  "rotation_euler": [
   -1.3773146867752075,
   0.09050378203392029,
   -2.7196385860443115
  ],
  "euler_order": "XYZ",
  "rotation_matrix": [
   [
    -0.9085566997528076,
    0.15966030955314636,
    0.3860483169555664
   ],
   [
    -0.40786778926849365,
    -0.13908818364143372,
    -0.9023848176002502
   ],
   [
    -0.09038028120994568,
    -0.9773244261741638,
    0.1914898008108139
   ]
  ]
 },
 {
  "rotation_euler": [
   -1.373156189918518,
   0.06375420838594437,
   -1.4136040210723877
  ],
  "euler_order": "XYZ",
  "rotation_matrix": [
   [
    0.156227707862854,
    0.18415549397468567,
    0.9704018235206604
   ],
   [
    -0.9856641292572021,
    0.0924392119050026,
    0.14114242792129517
   ],
   [
    -0.0637110248208046,
    -0.9785405993461609,
    0.1959570348262787
   ]
  ]
 },
 {
  "rotation_euler": [
   -1.3866850137710571,
   0.15023241937160492,
   -2.9815094470977783
  ],
  "euler_order": "XYZ",
  "rotation_matrix": [
   [
    -0.9760943651199341,
    0.17443902790546417,
    0.1296565681695938
   ],
   [
    -0.15760491788387299,
    -0.15727825462818146,
    -0.974897027015686
   ],
   [
    -0.14966793358325958,
    -0.972025990486145,
    0.18101085722446442
   ]
  ]
 },
 {
  "rotation_euler": [
   -1.3677433729171753,
   0.028803229331970215,
   0.988322913646698
  ],
  "euler_order": "XYZ",
  "rotation_matrix": [
   [
    0.5498629808425903,
    -0.1839243471622467,
    -0.8147530555725098
   ],
   [
    0.8347582221031189,
    0.08737538009881973,
    0.5436398386955261
   ],
   [
    -0.02879924699664116,
    -0.9790492057800293,
    0.2015768587589264
   ]
  ]
 },
 {
  "rotation_euler": [
   -1.3796039819717407,
   0.1051771342754364,
   0.5580890774726868
  ],
  "euler_order": "XYZ",
  "rotation_matrix": [
   [
    0.8435810804367065,
    -0.18806461989879608,
    -0.5029937028884888
   ],
   [
    0.5266398191452026,
    0.10661361366510391,
    0.8433765769004822
   ],
   [
    -0.10498332232236862,
    -0.9763530492782593,
    0.18897953629493713
   ]
  ]
 },
 {
  "rotation_euler": [
   -1.4045225381851196,
   0.2606961727142334,
   -0.31358882784843445
  ],
  "euler_order": "XYZ",
  "rotation_matrix": [
   [
    0.9190912246704102,
    -0.19074663519859314,
    0.34480002522468567
   ],
   [
    -0.2980513274669647,
    0.2358509749174118,
    0.9249539375305176
   ],
   [
    -0.25775325298309326,
    -0.952885091304779,
    0.15991628170013428
   ]
  ]
 },
 {
  "rotation_euler": [
   -1.3765872716903687,
   0.08583278208971024,
   0.07934239506721497
  ],
  "euler_order": "XYZ",
  "rotation_matrix": [
   [
    0.9931842684745789,
    -0.09914745390415192,
    -0.061276618391275406
   ],
   [
    0.0789673924446106,
    0.1857164353132248,
    0.9794251322746277
   ],
   [
    -0.08572743088006973,
    -0.9775884747505188,
    0.19228005409240723
   ]
  ]
 },
 {
  "rotation_euler": [
   -1.3651069402694702,
   -0.03519187122583389,
   1.8944975137710571
  ],
  "euler_order": "XYZ",
  "rotation_matrix": [
   [
    -0.3178807497024536,
    -0.20459020137786865,
    -0.9257940649986267
   ],
   [
    0.9474776387214661,
    -0.03231072053313255,
    -0.3181857168674469
   ],
   [
    0.03518460690975189,
    -0.9783142805099487,
    0.2041155993938446
   ]
  ]
 },
 {
  "rotation_euler": [
   -1.3632919788360596,
   -6.494963599834591e-06,
   -0.2546555697917938
  ],
  "euler_order": "XYZ",
  "rotation_matrix": [
   [
    0.9677501320838928,
    0.05190468579530716,
    0.24650681018829346
   ],
   [
    -0.25191208720207214,
    0.19937275350093842,
    0.9469903707504272
   ],
   [
    6.494963599834591e-06,
    -0.9785481095314026,
    0.20601843297481537
   ]
  ]
 },
 {
  "rotation_euler": [
   -1.3889883756637573,
   0.16477960348129272,
   2.6831343173980713
  ],
  "euler_order": "XYZ",
  "rotation_matrix": [
   [
    -0.8845891356468201,
    0.06465210765600204,
    -0.4618681073188782
   ],
   [
    0.4365713894367218,
    -0.23353683948516846,
    -0.8688302040100098
   ],
   [
    -0.1640349179506302,
    -0.9701961874961853,
    0.17835889756679535
   ]
  ]
 },
 {
  "rotation_euler": [
   -1.3632924556732178,
   -6.936321824468905e-06,
   -3.100123643875122
  ],
  "euler_order": "XYZ",
  "rotation_matrix": [
   [
    -0.9991402626037598,
    0.00853413064032793,
    0.04056922346353531
   ],
   [
    -0.041457124054431915,
    -0.20584112405776978,
    -0.9777068495750427
   ],
   [
    6.936321824468905e-06,
    -0.9785482287406921,
    0.20601795613765717
   ]
  ]
 },
 {
  "rotation_euler": [
   -1.363295316696167,
   2.246208896394819e-05,
   -1.004204511642456
  ],
  "euler_order": "XYZ",
  "rotation_matrix": [
   [
    0.5367595553398132,
    0.1738104522228241,
    0.8256385922431946
   ],
   [
    -0.8437352180480957,
    0.11059915274381638,
    0.5252415537834167
   ],
   [
    -2.246208896394819e-05,
    -0.9785488247871399,
    0.20601515471935272
   ]
  ]
 },
 {
  "rotation_euler": [
   -1.3632920980453491,
   -5.982923084957292e-06,
   2.561065196990967
  ],
  "euler_order": "XYZ",
  "rotation_matrix": [
   [
    -0.8361734747886658,
    -0.11299873888492584,
    -0.5366984009742737
   ],
   [
    0.5484650731086731,
    -0.17226383090019226,
    -0.8182366490364075
   ],
   [
    5.982923084957292e-06,
    -0.9785481095314026,
    0.20601831376552582
   ]
  ]
 }
]