[
 {
  "rotation_euler": [
   1.5732754468917847,
   -1.0955888032913208,
   -0.7756449580192566
  ],
  "euler_order": "XYZ",
  "rotation_matrix": [
   [
    0.3266575038433075,
    -0.6365940570831299,
    -0.6986006498336792
   ],
   [
    -0.3203469216823578,
    0.6208236217498779,
    -0.715510904788971
   ],
   [
    0.8891977667808533,
    0.45752158761024475,
    -0.00113425322342664
   ]
  ]
 },
 {
  "rotation_euler": [
   -1.5683332681655884,
   2.074471950531006,
   -0.7243084907531738
  ],
  "euler_order": "XYZ",
  "rotation_matrix": [
   [
    -0.3614829480648041,
    -0.6543140411376953,
    0.6642313003540039
   ],
   [
    0.319811075925827,
    0.5821731090545654,
    0.7475261688232422
   ],
   [
    -0.8758144378662109,
    0.48264649510383606,
    -0.001188789028674364
   ]
  ]
 },
 {
  "rotation_euler": [
   1.5732526779174805,
   1.8330068588256836,
   0.23557721078395844
  ],
  "euler_order": "XYZ",
  "rotation_matrix": [
   [
    -0.2520565390586853,
    0.9397136569023132,
    0.23109672963619232
   ],
   [
    -0.06050216406583786,
    0.22303719818592072,
    -0.9729305505752563
   ],
   [
    -0.9658193588256836,
    -0.259215384721756,
    0.0006367252790369093
   ]
  ]
 },
 {
  "rotation_euler": [
   -1.5683292150497437,
   -0.2616795301437378,
   -0.5149003267288208
  ],
  "euler_order": "XYZ",
  "rotation_matrix": [
   [
    0.8407126069068909,
    0.22637450695037842,
    0.49189111590385437
   ],
   [
    -0.4756835997104645,
    -0.12525032460689545,
    0.8706534504890442
   ],
   [
    0.2587032616138458,
    -0.9659538865089417,
    0.002383121056482196
   ]
  ]
 },
 {
  "rotation_euler": [
   -1.5683432817459106,
   -2.3559746742248535,
   0.7176576256752014
  ],
  "euler_order": "XYZ",
  "rotation_matrix": [
   [
    -0.5325804948806763,
    0.5311999320983887,
    -0.6589269042015076
   ],
   [
    -0.46490663290023804,
    0.466957688331604,
    0.7522050142288208
   ],
   [
    0.7072622179985046,
    0.7069491744041443,
    -0.001734181772917509
   ]
  ]
 },
 {
  "rotation_euler": [
   1.5732707977294922,
   0.2619664967060089,
   -1.389936923980713
  ],
  "euler_order": "XYZ",
  "rotation_matrix": [
   [
    0.17373815178871155,
    0.044149864464998245,
    -0.9838017225265503
   ],
   [
    -0.9501284956932068,
    -0.25520065426826477,
    -0.17924408614635468
   ],
   [
    -0.2589804530143738,
    0.9658796191215515,
    -0.0023900459054857492
   ]
  ]
 },
 {
  "rotation_euler": [
   -1.5683503150939941,
   -2.3560333251953125,
   -0.029168445616960526
  ],
  "euler_order": "XYZ",
  "rotation_matrix": [
   [
    -0.706692099571228,
    0.7069891095161438,
    0.027435090392827988
   ],
   [
    0.02061895653605461,
    -0.018180573359131813,
    0.999622106552124
   ],
   [
    0.707220733165741,
    0.7069907188415527,
    -0.0017293109558522701
   ]
  ]
 },
 {
  "rotation_euler": [
   -1.5698885917663574,
   -1.3437085151672363,
   -1.7301905155181885
  ],
  "euler_order": "XYZ",
  "rotation_matrix": [
   [
    -0.03573441132903099,
    -0.15374885499477386,
    0.9874635934829712
   ],
   [
    -0.22228708863258362,
    -0.962118923664093,
    -0.1578468233346939
   ],
   [
    0.9743261933326721,
    -0.22514097392559052,
    0.0002043683925876394
   ]
  ]
 },
 {
  "rotation_euler": [
   -1.5683128833770752,
   -0.2616329789161682,
   2.401275157928467
  ],
  "euler_order": "XYZ",
  "rotation_matrix": [
   [
    -0.7131308317184448,
    -0.19263018667697906,
    -0.6740460395812988
   ],
   [
    0.6515675783157349,
    0.17263685166835785,
    -0.7386854290962219
   ],
   [
    0.2586582899093628,
    -0.9659659266471863,
    0.002398926531895995
   ]
  ]
 },
 {
  "rotation_euler": [
   -1.5658150911331177,
   1.0484651327133179,
   0.006128609646111727
  ],
  "euler_order": "XYZ",
  "rotation_matrix": [
   [
    0.49889248609542847,
    -0.8666620254516602,
    -0.0018115639686584473
   ],
   [
    0.003057555528357625,
    -0.0003301909891888499,
    0.9999952912330627
   ],
   [
    -0.8666585087776184,
    -0.49889564514160156,
    0.0024851374328136444
   ]
  ]
 },
 {
  "rotation_euler": [
   -1.568340539932251,
   -2.356050729751587,
   -0.6699140071868896
  ],
  "euler_order": "XYZ",
  "rotation_matrix": [
   [
    -0.5542036890983582,
    0.5558862090110779,
    0.6195552945137024
   ],
   [
    0.43899261951446533,
    -0.43719249963760376,
    0.7849510908126831
   ],
   [
    0.7072084546089172,
    0.7070029973983765,
    -0.0017362521030008793
   ]
  ]
 },
 {
  "rotation_euler": [
   1.5732650756835938,
   2.0893373489379883,
   -0.0647922158241272
  ],
  "euler_order": "XYZ",
  "rotation_matrix": [
   [
    -0.49457353353500366,
    0.8665582537651062,
    -0.06688641011714935
   ],
   [
    0.03208943083882332,
    -0.0586988665163517,
    -0.9977598190307617
   ],
   [
    -0.8685432076454163,
    -0.4956119656562805,
    0.0012235440080985427
   ]
  ]
 },
 {
  "rotation_euler": [
   -1.5683232545852661,
   1.3085663318634033,
   1.4257615804672241
  ],
  "euler_order": "XYZ",
  "rotation_matrix": [
   [
    0.03746640309691429,
    -0.14203274250030518,
    -0.9891526699066162
   ],
   [
    0.25651320815086365,
    -0.9553137421607971,
    0.1468898206949234
   ],
   [
    -0.9658142924308777,
    -0.25923416018486023,
    0.0006411061040125787
   ]
  ]
 },
 {
  "rotation_euler": [
   1.5715986490249634,
   -1.6831382513046265,
   1.2675864696502686
  ],
  "euler_order": "XYZ",
  "rotation_matrix": [
   [
    -0.033473119139671326,
    -0.2959371507167816,
    0.9546207189559937
   ],
   [
    -0.10699183493852615,
    -0.9486060738563538,
    -0.2978241741657257
   ],
   [
    0.9936962723731995,
    -0.11210573464632034,
    8.994493691716343e-05
   ]
  ]
 },
 {
  "rotation_euler": [
   -1.5683139562606812,
   -0.07356717437505722,
   -2.6764230728149414
  ],
  "euler_order": "XYZ",
  "rotation_matrix": [
   [
    -0.8913280367851257,
    -0.06457731127738953,
    0.4487360715866089
   ],
   [
    -0.4473610520362854,
    -0.03518909215927124,
    -0.8936609029769897
   ],
   [
    0.07350083440542221,
    -0.9972921013832092,
    0.0024756535422056913
   ]
  ]
 },
 {
  "rotation_euler": [
   -1.5681111812591553,
   0.9300718903541565,
   0.22737109661102295
  ],
  "euler_order": "XYZ",
  "rotation_matrix": [
   [
    0.5823910236358643,
    -0.7816324830055237,
    -0.22331906855106354
   ],
   [
    0.13474899530410767,
    -0.17809180915355682,
    0.9747440814971924
   ],
   [
    -0.8016629219055176,
    -0.5977742075920105,
    0.0016051145503297448
   ]
  ]
 }
]