[
 {
  "rotation_euler": [
   -7.785540219629183e-05,
   -0.0010365477064624429,
   0.563403308391571
  ],
  "euler_order": "XYZ",
  "rotation_matrix": [
   [
    0.8454419374465942,
    -0.5340664982795715,
    -0.0009179211920127273
   ],
   [
    0.5340663194656372,
    0.8454424738883972,
    -0.0004877631436102092
   ],
   [
    0.0010365474736317992,
    -7.785535854054615e-05,
    0.999999463558197
   ]
  ]
 },
 {
  "rotation_euler": [
   -1.5005394220352173,
   0.012504593469202518,
   -2.6971466541290283
  ],
  "euler_order": "XYZ",
  "rotation_matrix": [
   [
    -0.9027783870697021,
    0.04144427180290222,
    0.42810454964637756
   ],
   [
    -0.4299241602420807,
    -0.05801616236567497,
    -0.9009990692138672
   ],
   [
    -0.012504267506301403,
    -0.9974550008773804,
    0.07019363343715668
   ]
  ]
 },
 {
  "rotation_euler": [
   -7.99742920207791e-05,
   -0.001035170629620552,
   -0.04348738119006157
  ],
  "euler_order": "XYZ",
  "rotation_matrix": [
   [
    0.9990540146827698,
    0.043473757803440094,
    -0.001030714949592948
   ],
   [
    -0.04347365349531174,
    0.9990545511245728,
    0.00012490134395193309
   ],
   [
    0.0010351703967899084,
    -7.997424836503342e-05,
    0.999999463558197
   ]
  ]
 },
 {
  "rotation_euler": [
   -1.5014781951904297,
   -0.0029627152252942324,
   -1.6845453977584839
  ],
  "euler_order": "XYZ",
  "rotation_matrix": [
   [
    -0.11350343376398087,
    0.06847955286502838,
    0.9911748170852661
   ],
   [
    -0.993533194065094,
    -0.010798076167702675,
    -0.11302746832370758
   ],
   [
    0.002962710801512003,
    -0.9975940585136414,
    0.06926232576370239
   ]
  ]
 },
 {
  "rotation_euler": [
   -1.502497911453247,
   0.016203340142965317,
   2.4897773265838623
  ],
  "euler_order": "XYZ",
  "rotation_matrix": [
   [
    -0.7948794960975647,
    -0.02854890190064907,
    -0.6060953140258789
   ],
   [
    0.606550931930542,
    -0.0640600323677063,
    -0.7924596667289734
   ],
   [
    -0.01620263047516346,
    -0.9975376129150391,
    0.06823637336492538
   ]
  ]
 },
 {
  "rotation_euler": [
   -1.5005393028259277,
   0.012504409067332745,
   0.7197296023368835
  ],
  "euler_order": "XYZ",
  "rotation_matrix": [
   [
    0.7519252300262451,
    -0.05565370246767998,
    -0.656895101070404
   ],
   [
    0.659129798412323,
    0.04456657916307449,
    0.7507074475288391
   ],
   [
    -0.01250408310443163,
    -0.9974550008773804,
    0.07019375264644623
   ]
  ]
 },
 {
  "rotation_euler": [
   -1.5012956857681274,
   0.013974383473396301,
   3.073450803756714
  ],
  "euler_order": "XYZ",
  "rotation_matrix": [
   [
    -0.9975818395614624,
    0.009179411455988884,
    -0.06889291107654572
   ],
   [
    0.06808248162269592,
    -0.07023271173238754,
    -0.9952045679092407
   ],
   [
    -0.013973928987979889,
    -0.9974883794784546,
    0.0694379210472107
   ]
  ]
 },
 {
  "rotation_euler": [
   -1.500539779663086,
   0.01250434946268797,
   -2.9095773696899414
  ],
  "euler_order": "XYZ",
  "rotation_matrix": [
   [
    -0.9731289148330688,
    0.028280410915613174,
    0.22851777076721191
   ],
   [
    -0.22992129623889923,
    -0.06544971466064453,
    -0.971005916595459
   ],
   [
    -0.012504023499786854,
    -0.9974550604820251,
    0.07019327580928802
   ]
  ]
 },
 {
  "rotation_euler": [
   -1.5005396604537964,
   0.012505654245615005,
   -2.9160618782043457
  ],
  "euler_order": "XYZ",
  "rotation_matrix": [
   [
    -0.9745993614196777,
    0.027856703847646713,
    0.2222164273262024
   ],
   [
    -0.22360624372959137,
    -0.06563154608011246,
    -0.9724673628807068
   ],
   [
    -0.01250532828271389,
    -0.9974550008773804,
    0.07019339501857758
   ]
  ]
 },
 {
  "rotation_euler": [
   -7.750134682282805e-05,
   -0.0010366421192884445,
   0.08227188885211945
  ],
  "euler_order": "XYZ",
  "rotation_matrix": [
   [
    0.9966170191764832,
    -0.08217902481555939,
    -0.0010395045392215252
   ],
   [
    0.08217906206846237,
    0.9966175556182861,
    -7.951105544634629e-06
   ],
   [
    0.0010366418864578009,
    -7.750130316708237e-05,
    0.999999463558197
   ]
  ]
 },
 {
  "rotation_euler": [
   -1.5005391836166382,
   0.012504804879426956,
   -2.7875449657440186
  ],
  "euler_order": "XYZ",
  "rotation_matrix": [
   [
    -0.9379037618637085,
    0.036037907004356384,
    0.345018595457077
   ],
   [
    -0.3466701805591583,
    -0.06152081489562988,
    -0.9359673857688904
   ],
   [
    -0.01250447891652584,
    -0.9974550008773804,
    0.07019387185573578
   ]
  ]
 },
 {
  "rotation_euler": [
   -1.5005395412445068,
   0.012505116872489452,
   -2.433338165283203
  ],
  "euler_order": "XYZ",
  "rotation_matrix": [
   [
    -0.7594391107559204,
    0.055139027535915375,
    0.6482375264167786
   ],
   [
    -0.6504582166671753,
    -0.045201625674963,
    -0.7581958770751953
   ],
   [
    -0.012504790909588337,
    -0.9974550008773804,
    0.07019351422786713
   ]
  ]
 },
 {
  "rotation_euler": [
   -1.5112621784210205,
   -0.06956315785646439,
   -0.5521366596221924
  ],
  "euler_order": "XYZ",
  "rotation_matrix": [
   [
    0.8493466377258301,
    0.09028154611587524,
    0.5200572609901428
   ],
   [
    -0.523239016532898,
    0.014265384525060654,
    0.8520665168762207
   ],
   [
    0.06950706988573074,
    -0.9958140850067139,
    0.05935508757829666
   ]
  ]
 },
 {
  "rotation_euler": [
   -7.951836596475914e-05,
   -0.001033373293466866,
   -1.06207275390625
  ],
  "euler_order": "XYZ",
  "rotation_matrix": [
   [
    0.48706260323524475,
    0.8733669519424438,
    -0.00043386893230490386
   ],
   [
    -0.8733664751052856,
    0.4870627820491791,
    0.0009412443032488227
   ],
   [
    0.0010333730606362224,
    -7.951832230901346e-05,
    0.999999463558197
   ]
  ]
 },
 {
  "rotation_euler": [
   -1.5005390644073486,
   0.012503455393016338,
   1.3754632472991943
  ],
  "euler_order": "XYZ",
  "rotation_matrix": [
   [
    0.19407811760902405,
    -0.07128528505563736,
    -0.9783926010131836
   ],
   [
    0.9809063673019409,
    0.001390148070640862,
    0.19447548687458038
   ],
   [
    -0.012503129430115223,
    -0.9974550008773804,
    0.07019399106502533
   ]
  ]
 },
 {
  "rotation_euler": [
   -1.5005393028259277,
   0.012503478676080704,
   0.2909785509109497
  ],
  "euler_order": "XYZ",
  "rotation_matrix": [
   [
    0.9578887224197388,
    -0.03208746016025543,
    -0.28534120321273804
   ],
   [
    0.2868673503398895,
    0.06367013603448868,
    0.9558520913124084
   ],
   [
    -0.012503152713179588,
    -0.9974550008773804,
    0.07019375264644623
   ]
  ]
 }
]