[
 {
  "rotation_euler": [
   -1.0496221780776978,
   0.4892323613166809,
   2.328427314758301
  ],
  "euler_order": "XYZ",
  "rotation_matrix": [
   [
    -0.6065893173217773,
    -0.08163321018218994,
    -0.790813148021698
   ],
   [
    0.6412470936775208,
    -0.6382326483726501,
    -0.42598265409469604
   ],
   [
    -0.4699484407901764,
    -0.7655031681060791,
    0.4394921660423279
   ]
  ]
 },
 {
  "rotation_euler": [
   -0.051677316427230835,
   -1.3844358921051025,
   0.07062812894582748
  ],
  "euler_order": "XYZ",
  "rotation_matrix": [
   [
    0.18482165038585663,
    -0.019841838628053665,
    -0.9825717806816101
   ],
   [
    0.013075355440378189,
    0.9997573494911194,
    -0.01772940717637539
   ],
   [
    0.9826850891113281,
    -0.009570697322487831,
    0.18503622710704803
   ]
  ]
 },
 {
  "rotation_euler": [
   -0.018816426396369934,
   0.0054060122929513454,
   1.443283200263977
  ],
  "euler_order": "XYZ",
  "rotation_matrix": [
   [
    0.1271660029888153,
    -0.9917185306549072,
    -0.0179752130061388
   ],
   [
    0.9918667078018188,
    0.1270444542169571,
    0.00775384996086359
   ],
   [
    -0.005405985750257969,
    -0.018815040588378906,
    0.9998083710670471
   ]
  ]
 },
 {
  "rotation_euler": [
   -0.021175606176257133,
   0.014475904405117035,
   -1.5233384370803833
  ],
  "euler_order": "XYZ",
  "rotation_matrix": [
   [
    0.047435108572244644,
    0.9986355900764465,
    0.021836742758750916
   ],
   [
    -0.9987694025039673,
    0.04773559793829918,
    -0.013451362028717995
   ],
   [
    -0.014475398696959019,
    -0.021171804517507553,
    0.9996710419654846
   ]
  ]
 },
 {
  "rotation_euler": [
   0.014209236949682236,
   -0.028005702421069145,
   1.6436870098114014
  ],
  "euler_order": "XYZ",
  "rotation_matrix": [
   [
    -0.07279759645462036,
    -0.9972149729728699,
    0.016210105270147324
   ],
   [
    0.996953547000885,
    -0.07321561872959137,
    -0.026890097185969353
   ],
   [
    0.028002042323350906,
    0.014203187078237534,
    0.999506950378418
   ]
  ]
 },
 {
  "rotation_euler": [
   0.024846941232681274,
   0.0029772883281111717,
   -0.7116013169288635
  ],
  "euler_order": "XYZ",
  "rotation_matrix": [
   [
    0.7573137283325195,
    0.6529017686843872,
    -0.013970506377518177
   ],
   [
    -0.6530444025993347,
    0.7570350170135498,
    -0.02075878530740738
   ],
   [
    -0.0029772839043289423,
    0.024844273924827576,
    0.9996868968009949
   ]
  ]
 },
 {
  "rotation_euler": [
   -0.051677022129297256,
   -1.3844382762908936,
   1.931740403175354
  ],
  "euler_order": "XYZ",
  "rotation_matrix": [
   [
    -0.06543348729610443,
    -0.952241063117981,
    0.29825398325920105
   ],
   [
    0.17334242165088654,
    -0.30519726872444153,
    -0.9363797307014465
   ],
   [
    0.9826855063438416,
    -0.009570521302521229,
    0.1850339025259018
   ]
  ]
 },
 {
  "rotation_euler": [
   0.029471509158611298,
   -0.014332239516079426,
   1.469558596611023
  ],
  "euler_order": "XYZ",
  "rotation_matrix": [
   [
    0.10105450451374054,
    -0.9944905042648315,
    0.02786855772137642
   ],
   [
    0.9947776794433594,
    0.10060084611177444,
    -0.017230279743671417
   ],
   [
    0.014331748709082603,
    0.02946421690285206,
    0.9994630813598633
   ]
  ]
 },
 {
  "rotation_euler": [
   -0.010112339630723,
   0.028384629637002945,
   -0.02946295775473118
  ],
  "euler_order": "XYZ",
  "rotation_matrix": [
   [
    0.9991633296012878,
    0.0291703213006258,
    0.02866494096815586
   ],
   [
    -0.029446829110383987,
    0.9995233416557312,
    0.009271759539842606
   ],
   [
    -0.02838081866502762,
    -0.010108093731105328,
    0.9995460510253906
   ]
  ]
 },
 {
  "rotation_euler": [
   0.05496252328157425,
   1.3825511932373047,
   -2.1673126220703125
  ],
  "euler_order": "XYZ",
  "rotation_matrix": [
   [
    -0.10512585192918777,
    0.7957331538200378,
    -0.5964539647102356
   ],
   [
    -0.1548166126012802,
    -0.6055601239204407,
    -0.7805951237678528
   ],
   [
    -0.9823341369628906,
    0.010280251502990723,
    0.18685273826122284
   ]
  ]
 },
 {
  "rotation_euler": [
   -0.0024627160746604204,
   0.014544686302542686,
   2.1008806228637695
  ],
  "euler_order": "XYZ",
  "rotation_matrix": [
   [
    -0.5055525898933411,
    -0.8627437353134155,
    -0.009478341788053513
   ],
   [
    0.8626732230186462,
    -0.5056354403495789,
    0.011302994564175606
   ],
   [
    -0.014544173143804073,
    -0.002462453208863735,
    0.9998912215232849
   ]
  ]
 },
 {
  "rotation_euler": [
   -0.0016075976891443133,
   0.03527877479791641,
   -2.21250319480896
  ],
  "euler_order": "XYZ",
  "rotation_matrix": [
   [
    -0.5981912016868591,
    0.801108181476593,
    -0.019824378192424774
   ],
   [
    -0.8005768060684204,
    -0.5985174179077148,
    -0.029217304661870003
   ],
   [
    -0.03527145832777023,
    -0.0016065967502072453,
    0.9993764758110046
   ]
  ]
 },
 {
  "rotation_euler": [
   0.051672693341970444,
   1.3844361305236816,
   1.3924038410186768
  ],
  "euler_order": "XYZ",
  "rotation_matrix": [
   [
    0.032878123223781586,
    -0.9738102555274963,
    0.22497260570526123
   ],
   [
    0.18234294652938843,
    0.22716087102890015,
    0.9566342234611511
   ],
   [
    -0.9826851487159729,
    0.00956982932984829,
    0.1850360482931137
   ]
  ]
 },
 {
  "rotation_euler": [
   -0.004693721886724234,
   0.01570102944970131,
   0.4224482476711273
  ],
  "euler_order": "XYZ",
  "rotation_matrix": [
   [
    0.9119755029678345,
    -0.41005739569664,
    0.012395579367876053
   ],
   [
    0.4099441468715668,
    0.9120476245880127,
    0.01071807462722063
   ],
   [
    -0.015700384974479675,
    -0.004693126305937767,
    0.999865710735321
   ]
  ]
 },
 {
  "rotation_euler": [
   -0.006546698044985533,
   -0.0229621771723032,
   -0.5042961835861206
  ],
  "euler_order": "XYZ",
  "rotation_matrix": [
   [
    0.87528395652771,
    0.48331260681152344,
    -0.016938243061304092
   ],
   [
    -0.4830639660358429,
    0.8754233717918396,
    0.01682560332119465
   ],
   [
    0.022960159927606583,
    -0.006544925272464752,
    0.9997149705886841
   ]
  ]
 },
 {
  "rotation_euler": [
   -0.05165565758943558,
   -1.3844369649887085,
   -3.116023063659668
  ],
  "euler_order": "XYZ",
  "rotation_matrix": [
   [
    -0.18522197008132935,
    -0.025189395993947983,
    0.982373833656311
   ],
   [
    -0.004737081937491894,
    -0.9996369481086731,
    -0.02652520127594471
   ],
   [
    0.9826852679252625,
    -0.009566634893417358,
    0.18503539264202118
   ]
  ]
 }
]