[
 {
  "rotation_euler": [
   -4.350040035205893e-05,
   -5.0355985877104104e-05,
   0.9900028705596924
  ],
  "euler_order": "XYZ",
  "rotation_matrix": [
   [
    0.5486874580383301,
    -0.8360275626182556,
    -6.399722769856453e-05
   ],
   [
    0.8360275626182556,
    0.5486874580383301,
    -1.8230866771773435e-05
   ],
   [
    5.0355985877104104e-05,
    -4.350040035205893e-05,
    1.0
   ]
  ]
 },
 {
  "rotation_euler": [
   -3.0362843972397968e-05,
   -3.335634391987696e-05,
   1.724324107170105
  ],
  "euler_order": "XYZ",
  "rotation_matrix": [
   [
    -0.15292535722255707,
    -0.988237738609314,
    -2.4904677047743462e-05
   ],
   [
    0.988237738609314,
    -0.15292535722255707,
    -3.760724575840868e-05
   ],
   [
    3.335634391987696e-05,
    -3.0362843972397968e-05,
    1.0
   ]
  ]
 },
 {
  "rotation_euler": [
   -5.717378371628001e-05,
   -4.85161945107393e-06,
   -2.2490499019622803
  ],
  "euler_order": "XYZ",
  "rotation_matrix": [
   [
    -0.6274340748786926,
    0.7786696553230286,
    4.756356429425068e-05
   ],
   [
    -0.7786696553230286,
    -0.6274340748786926,
    -3.20949729939457e-05
   ],
   [
    4.85161945107393e-06,
    -5.717378371628001e-05,
    1.0
   ]
  ]
 },
 {
  "rotation_euler": [
   -4.0637783968122676e-05,
   -2.5127916160272434e-05,
   1.2885574102401733
  ],
  "euler_order": "XYZ",
  "rotation_matrix": [
   [
    0.27850666642189026,
    -0.9604343175888062,
    -4.602821354637854e-05
   ],
   [
    0.9604343175888062,
    0.27850666642189026,
    -1.2815818081435282e-05
   ],
   [
    2.5127916160272434e-05,
    -4.0637783968122676e-05,
    1.0
   ]
  ]
 },
 {
  "rotation_euler": [
   -5.235197386355139e-05,
   -3.448079587542452e-05,
   1.3864421844482422
  ],
  "euler_order": "XYZ",
  "rotation_matrix": [
   [
    0.18331165611743927,
    -0.9830548763275146,
    -5.778559352620505e-05
   ],
   [
    0.9830548763275146,
    0.18331165611743927,
    -2.4299786673509516e-05
   ],
   [
    3.448079587542452e-05,
    -5.235197386355139e-05,
    1.0
   ]
  ]
 },
 {
  "rotation_euler": [
   -3.5093606129521504e-05,
   -3.6463643482420594e-05,
   -2.422393321990967
  ],
  "euler_order": "XYZ",
  "rotation_matrix": [
   [
    -0.7523334622383118,
    0.6587825417518616,
    5.055187284597196e-05
   ],
   [
    -0.6587825417518616,
    -0.7523334622383118,
    -2.380482555963681e-06
   ],
   [
    3.6463643482420594e-05,
    -3.5093606129521504e-05,
    1.0
   ]
  ]
 },
 {
  "rotation_euler": [
   -2.6247606001561508e-05,
   -3.961326365242712e-05,
   -2.214956283569336
  ],
  "euler_order": "XYZ",
  "rotation_matrix": [
   [
    -0.6005269289016724,
    0.7996045351028442,
    4.477653783396818e-05
   ],
   [
    -0.7996045351028442,
    -0.6005269289016724,
    1.5912550225039013e-05
   ],
   [
    3.961326365242712e-05,
    -2.6247606001561508e-05,
    1.0
   ]
  ]
 },
 {
  "rotation_euler": [
   -2.0772060452145524e-05,
   -4.389175592223182e-05,
   1.554383397102356
  ],
  "euler_order": "XYZ",
  "rotation_matrix": [
   [
    0.016412192955613136,
    -0.9998652935028076,
    -2.1489622668013908e-05
   ],
   [
    0.9998652935028076,
    0.016412192955613136,
    -4.3544929212657735e-05
   ],
   [
    4.389175592223182e-05,
    -2.0772060452145524e-05,
    1.0
   ]
  ]
 },
 {
  "rotation_euler": [
   -2.4202518034144305e-05,
   -3.955902502639219e-05,
   0.07288532704114914
  ],
  "euler_order": "XYZ",
  "rotation_matrix": [
   [
    0.9973450303077698,
    -0.07282081246376038,
    -4.121644451515749e-05
   ],
   [
    0.07282081246376038,
    0.9973450303077698,
    2.12575414479943e-05
   ],
   [
    3.955902502639219e-05,
    -2.4202518034144305e-05,
    1.0
   ]
  ]
 },
 {
  "rotation_euler": [
   -3.926593126379885e-05,
   -2.5691560949780978e-05,
   0.10565320402383804
  ],
  "euler_order": "XYZ",
  "rotation_matrix": [
   [
    0.9944238662719727,
    -0.10545675456523895,
    -2.9689159418921918e-05
   ],
   [
    0.10545675456523895,
    0.9944238662719727,
    3.633763117250055e-05
   ],
   [
    2.5691560949780978e-05,
    -3.926593126379885e-05,
    1.0
   ]
  ]
 },
 {
  "rotation_euler": [
   -3.721986649907194e-05,
   -3.5839006159221753e-05,
   -3.1247434616088867
  ],
  "euler_order": "XYZ",
  "rotation_matrix": [
   [
    -0.9998580813407898,
    0.01684839278459549,
    3.6461013223743066e-05
   ],
   [
    -0.01684839464724064,
    -0.9998580813407898,
    -3.661075243144296e-05
   ],
   [
    3.5839006159221753e-05,
    -3.721986649907194e-05,
    1.0
   ]
  ]
 },
 {
  "rotation_euler": [
   -1.5143613381951582e-05,
   -5.195361154619604e-06,
   0.6354754567146301
  ],
  "euler_order": "XYZ",
  "rotation_matrix": [
   [
    0.8047896027565002,
    -0.5935602188110352,
    -1.3169818885216955e-05
   ],
   [
    0.5935602188110352,
    0.8047896027565002,
    9.103662705456372e-06
   ],
   [
    5.195361154619604e-06,
    -1.5143613381951582e-05,
    1.0
   ]
  ]
 },
 {
  "rotation_euler": [
   -4.9748508899938315e-05,
   -1.3729135389439762e-05,
   1.438320279121399
  ],
  "euler_order": "XYZ",
  "rotation_matrix": [
   [
    0.13208889961242676,
    -0.9912378787994385,
    -5.112607323098928e-05
   ],
   [
    0.9912378787994385,
    0.13208889961242676,
    -7.037613158900058e-06
   ],
   [
    1.3729135389439762e-05,
    -4.9748508899938315e-05,
    1.0
   ]
  ]
 },
 {
  "rotation_euler": [
   -3.914107946911827e-05,
   -2.56930088653462e-05,
   -1.5607964992523193
  ],
  "euler_order": "XYZ",
  "rotation_matrix": [
   [
    0.009999660775065422,
    0.9999499917030334,
    3.888220089720562e-05
   ],
   [
    -0.9999499917030334,
    0.009999659843742847,
    2.608312206575647e-05
   ],
   [
    2.56930088653462e-05,
    -3.914107946911827e-05,
    1.0
   ]
  ]
 },
 {
  "rotation_euler": [
   -3.7905443605268374e-05,
   -3.576058225007728e-05,
   -0.38002198934555054
  ],
  "euler_order": "XYZ",
  "rotation_matrix": [
   [
    0.9286564588546753,
    0.3709408938884735,
    -1.9148617866449058e-05
   ],
   [
    -0.3709408938884735,
    0.9286564588546753,
    4.8466197767993435e-05
   ],
   [
    3.576058225007728e-05,
    -3.7905443605268374e-05,
    1.0
   ]
  ]
 },
 {
  "rotation_euler": [
   -4.930488285026513e-05,
   -4.639809412765317e-05,
   1.034937858581543
  ],
  "euler_order": "XYZ",
  "rotation_matrix": [
   [
    0.5105793476104736,
    -0.8598306179046631,
    -6.608376133954152e-05
   ],
   [
    0.8598306179046631,
    0.5105793476104736,
    -1.4720446415594779e-05
   ],
   [
    4.639809412765317e-05,
    -4.930488285026513e-05,
    1.0
   ]
  ]
 }
]