[
 {
  "rotation_euler": [
   0.04977633059024811,
   1.51860773563385,
   1.9390530586242676
  ],
  "euler_order": "XYZ",
  "rotation_matrix": [
   [
    -0.01877882145345211,
    -0.9496879577636719,
    -0.3126342296600342
   ],
   [
    0.04866757616400719,
    -0.3131869435310364,
    0.9484436511993408
   ],
   [
    -0.9986385107040405,
    0.0025955054443329573,
    0.0521002933382988
   ]
  ]
 },
 {
  "rotation_euler": [
   -0.049766335636377335,
   -1.5185983180999756,
   0.7412548065185547
  ],
  "euler_order": "XYZ",
  "rotation_matrix": [
   [
    0.03848491236567497,
    -0.6377344131469727,
    -0.7692943215370178
   ],
   [
    0.035228826105594635,
    0.7702519297599792,
    -0.6367659568786621
   ],
   [
    0.9986379742622375,
    -0.002595452591776848,
    0.05210971087217331
   ]
  ]
 },
 {
  "rotation_euler": [
   -0.04976699501276016,
   -1.5185984373092651,
   0.6085494160652161
  ],
  "euler_order": "XYZ",
  "rotation_matrix": [
   [
    0.04280778393149376,
    -0.5302097797393799,
    -0.8467851281166077
   ],
   [
    0.029826831072568893,
    0.8478624820709229,
    -0.5293765664100647
   ],
   [
    0.9986379742622375,
    -0.0025954809971153736,
    0.05210959166288376
   ]
  ]
 },
 {
  "rotation_euler": [
   -0.04976755380630493,
   -1.5185983180999756,
   -2.8371825218200684
  ],
  "euler_order": "XYZ",
  "rotation_matrix": [
   [
    -0.049775537103414536,
    0.25196418166160583,
    0.9664556384086609
   ],
   [
    -0.015638230368494987,
    -0.9677330851554871,
    0.2514917850494385
   ],
   [
    0.9986379742622375,
    -0.0025955159217119217,
    0.05210970714688301
   ]
  ]
 },
 {
  "rotation_euler": [
   0.049775876104831696,
   1.51860773563385,
   -2.9088633060455322
  ],
  "euler_order": "XYZ",
  "rotation_matrix": [
   [
    -0.050758566707372665,
    0.18200045824050903,
    -0.981987476348877
   ],
   [
    -0.012031007558107376,
    -0.9832950234413147,
    -0.18162092566490173
   ],
   [
    -0.9986385107040405,
    0.0025954816956073046,
    0.0521002933382988
   ]
  ]
 },
 {
  "rotation_euler": [
   -0.049766942858695984,
   -1.5185984373092651,
   -0.543311595916748
  ],
  "euler_order": "XYZ",
  "rotation_matrix": [
   [
    0.044661179184913635,
    0.5588584542274475,
    -0.8280595541000366
   ],
   [
    -0.026972675696015358,
    0.8292589783668518,
    0.5582132339477539
   ],
   [
    0.9986379742622375,
    -0.0025954782031476498,
    0.05210959166288376
   ]
  ]
 },
 {
  "rotation_euler": [
   -0.049766626209020615,
   -1.5185984373092651,
   1.776247262954712
  ],
  "euler_order": "XYZ",
  "rotation_matrix": [
   [
    -0.010643985122442245,
    -0.9878918528556824,
    0.15477865934371948
   ],
   [
    0.051076918840408325,
    -0.15512250363826752,
    -0.9865739345550537
   ],
   [
    0.9986379742622375,
    -0.0025954616721719503,
    0.05210959166288376
   ]
  ]
 },
 {
  "rotation_euler": [
   -0.049767639487981796,
   -1.5185984373092651,
   1.334704041481018
  ],
  "euler_order": "XYZ",
  "rotation_matrix": [
   [
    0.012203809805214405,
    -0.9594353437423706,
    -0.2816644012928009
   ],
   [
    0.05072684958577156,
    0.28191670775413513,
    -0.9580969214439392
   ],
   [
    0.9986379742622375,
    -0.0025955145247280598,
    0.05210959166288376
   ]
  ]
 },
 {
  "rotation_euler": [
   -0.049765802919864655,
   -1.5185985565185547,
   -1.0156604051589966
  ],
  "euler_order": "XYZ",
  "rotation_matrix": [
   [
    0.027498804032802582,
    0.8749596476554871,
    -0.48341435194015503
   ],
   [
    -0.044339027255773544,
    0.48418891429901123,
    0.8738393187522888
   ],
   [
    0.9986380338668823,
    -0.002595412777736783,
    0.052109476178884506
   ]
  ]
 },
 {
  "rotation_euler": [
   -0.04976749047636986,
   -1.5185984373092651,
   -2.8444647789001465
  ],
  "euler_order": "XYZ",
  "rotation_matrix": [
   [
    -0.04988798499107361,
    0.244910329580307,
    0.9682613611221313
   ],
   [
    -0.015275306068360806,
    -0.9695422649383545,
    0.2444472759962082
   ],
   [
    0.9986379742622375,
    -0.002595506841316819,
    0.05210959166288376
   ]
  ]
 },
 {
  "rotation_euler": [
   0.049772996455430984,
   1.51860773563385,
   -1.1571004390716553
  ],
  "euler_order": "XYZ",
  "rotation_matrix": [
   [
    0.020970091223716736,
    0.9344804883003235,
    0.3553963005542755
   ],
   [
    -0.04776434227824211,
    0.3560049533843994,
    -0.9332625865936279
   ],
   [
    -0.9986385107040405,
    0.0025953317526727915,
    0.052100300788879395
   ]
  ]
 },
 {
  "rotation_euler": [
   -1.249140739440918,
   -0.005088109523057938,
   -1.370513677597046
  ],
  "euler_order": "XYZ",
  "rotation_matrix": [
   [
    0.19894376397132874,
    0.31077852845191956,
    0.9294288754463196
   ],
   [
    -0.9799976944923401,
    0.05816378816962242,
    0.19031941890716553
   ],
   [
    0.005088087636977434,
    -0.948701024055481,
    0.316133588552475
   ]
  ]
 },
 {
  "rotation_euler": [
   0.049774251878261566,
   1.5186078548431396,
   -0.9094603657722473
  ],
  "euler_order": "XYZ",
  "rotation_matrix": [
   [
    0.0320381335914135,
    0.8187107443809509,
    0.5733116269111633
   ],
   [
    -0.0411670096218586,
    0.5742002725601196,
    -0.817679226398468
   ],
   [
    -0.9986385107040405,
    0.0025953911244869232,
    0.052100177854299545
   ]
  ]
 },
 {
  "rotation_euler": [
   0.049775585532188416,
   1.51860773563385,
   0.5600813627243042
  ],
  "euler_order": "XYZ",
  "rotation_matrix": [
   [
    0.04419472813606262,
    -0.48850148916244507,
    0.8714431524276733
   ],
   [
    0.027712872251868248,
    0.8725591897964478,
    0.48772168159484863
   ],
   [
    -0.9986385107040405,
    0.002595466561615467,
    0.0521002933382988
   ]
  ]
 },
 {
  "rotation_euler": [
   -0.04976634681224823,
   -1.5185985565185547,
   -0.7375609874725342
  ],
  "euler_order": "XYZ",
  "rotation_matrix": [
   [
    0.03861460089683533,
    0.7084194421768188,
    -0.7047345638275146
   ],
   [
    -0.035086266696453094,
    0.7057868838310242,
    0.707554817199707
   ],
   [
    0.9986380338668823,
    -0.002595441183075309,
    0.05210947245359421
   ]
  ]
 },
 {
  "rotation_euler": [
   -0.04976499453186989,
   -1.5185984373092651,
   -2.5319440364837646
  ],
  "euler_order": "XYZ",
  "rotation_matrix": [
   [
    -0.04277497157454491,
    0.5311431288719177,
    0.8462016582489014
   ],
   [
    -0.029873866587877274,
    -0.8472781181335449,
    0.530308723449707
   ],
   [
    0.9986379742622375,
    -0.0025953766889870167,
    0.05210959538817406
   ]
  ]
 }
]