[
 {
  "rotation_euler": [
   1.5732086896896362,
   0.2509773075580597,
   0.37833988666534424
  ],
  "euler_order": "XYZ",
  "rotation_matrix": [
   [
    0.9001649618148804,
    0.2316775918006897,
    0.368820458650589
   ],
   [
    0.35780569911003113,
    0.08949335664510727,
    -0.9294977188110352
   ],
   [
    -0.24835076928138733,
    0.9686673283576965,
    -0.002336781704798341
   ]
  ]
 },
 {
  "rotation_euler": [
   1.5741896629333496,
   0.6060509085655212,
   2.386364221572876
  ],
  "euler_order": "XYZ",
  "rotation_matrix": [
   [
    -0.5984405875205994,
    -0.4124249517917633,
    0.6868584752082825
   ],
   [
    0.5633781552314758,
    0.3929215669631958,
    0.7267858386039734
   ],
   [
    -0.5696261525154114,
    0.8218991756439209,
    -0.002788990968838334
   ]
  ]
 },
 {
  "rotation_euler": [
   -1.5734279155731201,
   -0.5245094895362854,
   -0.290601521730423
  ],
  "euler_order": "XYZ",
  "rotation_matrix": [
   [
    0.8292778134346008,
    0.4790355861186981,
    0.2877902090549469
   ],
   [
    -0.24801045656204224,
    -0.14601096510887146,
    0.9576907753944397
   ],
   [
    0.5007885098457336,
    -0.8655666708946228,
    -0.002277820836752653
   ]
  ]
 },
 {
  "rotation_euler": [
   -1.5647681951522827,
   -1.9698549509048462,
   -0.27441880106925964
  ],
  "euler_order": "XYZ",
  "rotation_matrix": [
   [
    -0.37401261925697327,
    0.8885674476623535,
    0.26563599705696106
   ],
   [
    0.10529250651597977,
    -0.24388819932937622,
    0.9640705585479736
   ],
   [
    0.9214271903038025,
    0.3885440528392792,
    -0.0023422229569405317
   ]
  ]
 },
 {
  "rotation_euler": [
   1.5660624504089355,
   0.8349901437759399,
   -0.06245942786335945
  ],
  "euler_order": "XYZ",
  "rotation_matrix": [
   [
    0.669876217842102,
    0.7401316165924072,
    -0.05891580507159233
   ],
   [
    -0.0418945774435997,
    -0.04154529795050621,
    -0.9982578754425049
   ],
   [
    -0.7412899136543274,
    0.6711774468421936,
    0.003177294973284006
   ]
  ]
 },
 {
  "rotation_euler": [
   1.5731955766677856,
   0.22336873412132263,
   -0.4248913824558258
  ],
  "euler_order": "XYZ",
  "rotation_matrix": [
   [
    0.8884492516517639,
    0.2008298933506012,
    -0.41270485520362854
   ],
   [
    -0.4019809067249298,
    -0.09349934756755829,
    -0.9108617901802063
   ],
   [
    -0.22151592373847961,
    0.975153923034668,
    -0.002339642494916916
   ]
  ]
 },
 {
  "rotation_euler": [
   1.5741093158721924,
   -0.5566529631614685,
   0.478610098361969
  ],
  "euler_order": "XYZ",
  "rotation_matrix": [
   [
    0.7536279559135437,
    -0.4674517810344696,
    0.46209707856178284
   ],
   [
    0.39101648330688477,
    -0.246267631649971,
    -0.886824905872345
   ],
   [
    0.5283474326133728,
    0.8490235805511475,
    -0.002812816295772791
   ]
  ]
 },
 {
  "rotation_euler": [
   1.5734822750091553,
   0.34800297021865845,
   1.835496187210083
  ],
  "euler_order": "XYZ",
  "rotation_matrix": [
   [
    -0.24593697488307953,
    -0.0866250991821289,
    0.9654071927070618
   ],
   [
    0.9073144793510437,
    0.32984527945518494,
    0.26073458790779114
   ],
   [
    -0.34102118015289307,
    0.9400522112846375,
    -0.0025249377358704805
   ]
  ]
 },
 {
  "rotation_euler": [
   1.573228359222412,
   0.2916117310523987,
   1.712937593460083
  ],
  "euler_order": "XYZ",
  "rotation_matrix": [
   [
    -0.1356823444366455,
    -0.038319993764162064,
    0.9900110363960266
   ],
   [
    0.9481224417686462,
    0.28494054079055786,
    0.14097054302692413
   ],
   [
    -0.28749629855155945,
    0.9577789306640625,
    -0.002329353941604495
   ]
  ]
 },
 {
  "rotation_euler": [
   -1.5623265504837036,
   1.8428999185562134,
   -0.9128134846687317
  ],
  "euler_order": "XYZ",
  "rotation_matrix": [
   [
    -0.16435158252716064,
    -0.5823001861572266,
    0.7961878180503845
   ],
   [
    0.21264886856079102,
    0.7672683596611023,
    0.6050452589988708
   ],
   [
    -0.9632076621055603,
    0.26874858140945435,
    -0.0022762948647141457
   ]
  ]
 },
 {
  "rotation_euler": [
   -1.5735429525375366,
   0.543285071849823,
   1.4781171083450317
  ],
  "euler_order": "XYZ",
  "rotation_matrix": [
   [
    0.07922128587961197,
    -0.045107025653123856,
    -0.9958360195159912
   ],
   [
    0.85234135389328,
    -0.5149845480918884,
    0.09113247692584991
   ],
   [
    -0.5169508457183838,
    -0.8560118675231934,
    -0.0023511501494795084
   ]
  ]
 },
 {
  "rotation_euler": [
   -1.5733450651168823,
   0.20330503582954407,
   1.0365370512008667
  ],
  "euler_order": "XYZ",
  "rotation_matrix": [
   [
    0.49871644377708435,
    -0.10061809420585632,
    -0.8609052896499634
   ],
   [
    0.84292072057724,
    -0.17506806552410126,
    0.5087591409683228
   ],
   [
    -0.20190739631652832,
    -0.9794014096260071,
    -0.002496243454515934
   ]
  ]
 },
 {
  "rotation_euler": [
   -1.5733354091644287,
   -0.3743298053741455,
   -1.0666861534118652
  ],
  "euler_order": "XYZ",
  "rotation_matrix": [
   [
    0.4495801627635956,
    0.17439500987529755,
    0.8760502338409424
   ],
   [
    -0.8149715662002563,
    -0.32138922810554504,
    0.4822140038013458
   ],
   [
    0.3656488358974457,
    -0.9307498931884766,
    -0.002363255713135004
   ]
  ]
 },
 {
  "rotation_euler": [
   1.6959242820739746,
   -1.551986813545227,
   0.610988438129425
  ],
  "euler_order": "XYZ",
  "rotation_matrix": [
   [
    0.01540561392903328,
    -0.7409378886222839,
    0.6713968515396118
   ],
   [
    0.010789955034852028,
    -0.6713142395019531,
    -0.7410942912101746
   ],
   [
    0.9998230934143066,
    0.01866135373711586,
    -0.0023473205510526896
   ]
  ]
 },
 {
  "rotation_euler": [
   -1.5755701065063477,
   -1.0234063863754272,
   0.9779626131057739
  ],
  "euler_order": "XYZ",
  "rotation_matrix": [
   [
    0.2907881736755371,
    0.48103123903274536,
    -0.827073872089386
   ],
   [
    0.4316493570804596,
    0.7055041790008545,
    0.5620877742767334
   ],
   [
    0.8538858890533447,
    -0.5204544067382812,
    -0.0024845534935593605
   ]
  ]
 },
 {
  "rotation_euler": [
   -1.5735870599746704,
   0.5960369110107422,
   -0.04937110096216202
  ],
  "euler_order": "XYZ",
  "rotation_matrix": [
   [
    0.8265584707260132,
    -0.5608186721801758,
    0.04778613895177841
   ],
   [
    -0.04084128886461258,
    0.024916620925068855,
    0.99885493516922
   ],
   [
    -0.5613671541213989,
    -0.8275636434555054,
    -0.0023095153737813234
   ]
  ]
 }
]