[
 {
  "rotation_euler": [
   -1.5617395639419556,
   -1.4623719453811646,
   0.5725897550582886
  ],
  "euler_order": "XYZ",
  "rotation_matrix": [
   [
    0.0909523144364357,
    0.8306238055229187,
    -0.5493557453155518
   ],
   [
    0.05863044038414955,
    0.546218991279602,
    0.8355879783630371
   ],
   [
    0.9941278100013733,
    -0.10820762813091278,
    0.0009800376137718558
   ]
  ]
 },
 {
  "rotation_euler": [
   0.7682658433914185,
   1.733878254890442,
   -0.5924174785614014
  ],
  "euler_order": "XYZ",
  "rotation_matrix": [
   [
    -0.13469277322292328,
    0.9703584313392639,
    0.20065481960773468
   ],
   [
    0.09065666049718857,
    0.21371862292289734,
    -0.9726796746253967
   ],
   [
    -0.9867315888404846,
    -0.11282221972942352,
    -0.11675580590963364
   ]
  ]
 },
 {
  "rotation_euler": [
   -1.5599850416183472,
   1.4538952112197876,
   -1.506324291229248
  ],
  "euler_order": "XYZ",
  "rotation_matrix": [
   [
    0.0075144898146390915,
    -0.053195301443338394,
    0.9985558390617371
   ],
   [
    -0.11639271676540375,
    0.9917500019073486,
    0.05370863527059555
   ],
   [
    -0.9931748509407043,
    -0.11662822216749191,
    0.001260950113646686
   ]
  ]
 },
 {
  "rotation_euler": [
   1.7204021215438843,
   -1.6829789876937866,
   0.9876031279563904
  ],
  "euler_order": "XYZ",
  "rotation_matrix": [
   [
    -0.06164861097931862,
    -0.41670602560043335,
    0.906948447227478
   ],
   [
    -0.09344352781772614,
    -0.9022761583328247,
    -0.4209109842777252
   ],
   [
    0.9937140941619873,
    -0.11069704592227936,
    0.016685590147972107
   ]
  ]
 },
 {
  "rotation_euler": [
   -0.44319671392440796,
   0.0007608275627717376,
   -1.8106776475906372
  ],
  "euler_order": "XYZ",
  "rotation_matrix": [
   [
    -0.23758727312088013,
    0.8775956034660339,
    0.4163872003555298
   ],
   [
    -0.9713658690452576,
    -0.21431602537631989,
    -0.10255210846662521
   ],
   [
    -0.0007608275045640767,
    -0.4288294017314911,
    0.9033851623535156
   ]
  ]
 },
 {
  "rotation_euler": [
   1.5801441669464111,
   -1.679224967956543,
   -0.7458924055099487
  ],
  "euler_order": "XYZ",
  "rotation_matrix": [
   [
    -0.07948298752307892,
    -0.7364809513092041,
    -0.6717724800109863
   ],
   [
    0.07343856245279312,
    0.6677470207214355,
    -0.7407568693161011
   ],
   [
    0.9941273927688599,
    -0.10821157693862915,
    0.0010115739423781633
   ]
  ]
 },
 {
  "rotation_euler": [
   -1.8855926990509033,
   1.4499107599258423,
   0.2591402530670166
  ],
  "euler_order": "XYZ",
  "rotation_matrix": [
   [
    0.11656489223241806,
    -0.8330626487731934,
    -0.5407580137252808
   ],
   [
    0.030901487916707993,
    -0.541163980960846,
    0.8403491377830505
   ],
   [
    -0.9927022457122803,
    -0.1146654337644577,
    -0.03733783960342407
   ]
  ]
 },
 {
  "rotation_euler": [
   1.5816128253936768,
   1.6876976490020752,
   0.4591103196144104
  ],
  "euler_order": "XYZ",
  "rotation_matrix": [
   [
    -0.1045573279261589,
    0.8950698375701904,
    0.4334947466850281
   ],
   [
    -0.05168699473142624,
    0.4304041564464569,
    -0.9011552333831787
   ],
   [
    -0.9931747913360596,
    -0.11662842333316803,
    0.0012615603627637029
   ]
  ]
 },
 {
  "rotation_euler": [
   1.6296466588974,
   -1.661594271659851,
   0.6320726871490479
  ],
  "euler_order": "XYZ",
  "rotation_matrix": [
   [
    -0.07315558940172195,
    -0.7673404216766357,
    0.6370533108711243
   ],
   [
    -0.05357140675187111,
    -0.6348192691802979,
    -0.770801305770874
   ],
   [
    0.9958807229995728,
    -0.09051626175642014,
    0.0053330701775848866
   ]
  ]
 },
 {
  "rotation_euler": [
   1.5459874868392944,
   1.6873623132705688,
   -0.846930980682373
  ],
  "euler_order": "XYZ",
  "rotation_matrix": [
   [
    -0.07702527940273285,
    0.6761751174926758,
    -0.732703447341919
   ],
   [
    0.08713957667350769,
    -0.7275090217590332,
    -0.6805419325828552
   ],
   [
    -0.9932138919830322,
    -0.1162663996219635,
    -0.002885026391595602
   ]
  ]
 },
 {
  "rotation_euler": [
   -1.5614460706710815,
   -1.4623677730560303,
   0.7993208169937134
  ],
  "euler_order": "XYZ",
  "rotation_matrix": [
   [
    0.07544767111539841,
    0.6863662004470825,
    -0.7233319878578186
   ],
   [
    0.0775783360004425,
    0.7191604375839233,
    0.6904997229576111
   ],
   [
    0.9941273927688599,
    -0.10821148753166199,
    0.0010118345962837338
   ]
  ]
 },
 {
  "rotation_euler": [
   -1.5945862531661987,
   1.4540865421295166,
   -0.6928298473358154
  ],
  "euler_order": "XYZ",
  "rotation_matrix": [
   [
    0.08959763497114182,
    -0.7791845798492432,
    0.6203576922416687
   ],
   [
    -0.07437542080879211,
    0.615889310836792,
    0.7843141555786133
   ],
   [
    -0.9931971430778503,
    -0.11641205847263336,
    -0.0027699568308889866
   ]
  ]
 },
 {
  "rotation_euler": [
   1.5814296007156372,
   1.6876232624053955,
   0.04107414931058884
  ],
  "euler_order": "XYZ",
  "rotation_matrix": [
   [
    -0.11646305024623871,
    0.9927263259887695,
    0.03050859272480011
   ],
   [
    -0.004786312580108643,
    0.03015628643333912,
    -0.9995337128639221
   ],
   [
    -0.9931834936141968,
    -0.11655477434396744,
    0.0012394055956974626
   ]
  ]
 },
 {
  "rotation_euler": [
   -0.44316452741622925,
   -7.101780647644773e-05,
   1.723651647567749
  ],
  "euler_order": "XYZ",
  "rotation_matrix": [
   [
    -0.15226078033447266,
    -0.8928705453872681,
    -0.4237910211086273
   ],
   [
    0.9883403778076172,
    -0.13752217590808868,
    -0.0653528943657875
   ],
   [
    7.101780647644773e-05,
    -0.42880043387413025,
    0.9033992290496826
   ]
  ]
 },
 {
  "rotation_euler": [
   -0.44441476464271545,
   -0.030306372791528702,
   2.4176249504089355
  ],
  "euler_order": "XYZ",
  "rotation_matrix": [
   [
    -0.7488395571708679,
    -0.6077821850776672,
    -0.2642728090286255
   ],
   [
    0.6620582342147827,
    -0.6677806973457336,
    -0.3402172923088074
   ],
   [
    0.030301732942461967,
    -0.42973214387893677,
    0.9024478197097778
   ]
  ]
 },
 {
  "rotation_euler": [
   1.5801516771316528,
   -1.6792248487472534,
   0.9200011491775513
  ],
  "euler_order": "XYZ",
  "rotation_matrix": [
   [
    -0.06555944681167603,
    -0.5947921276092529,
    0.8012017607688904
   ],
   [
    -0.08609704673290253,
    -0.7965630292892456,
    -0.598393440246582
   ],
   [
    0.9941273927688599,
    -0.108211450278759,
    0.0010123855900019407
   ]
  ]
 }
]