[
 {
  "rotation_euler": [
   1.57867070811335e-05,
   1.1706248187692836e-05,
   2.669508218765259
  ],
  "euler_order": "XYZ",
  "rotation_matrix": [
   [
    -0.8906223177909851,
    -0.45474371314048767,
    -3.24694019582239e-06
   ],
   [
    0.45474371314048767,
    -0.8906223177909851,
    1.9383336621103808e-05
   ],
   [
    -1.1706248187692836e-05,
    1.57867070811335e-05,
    1.0
   ]
  ]
 },
 {
  "rotation_euler": [
   7.073835149640217e-06,
   1.010721371130785e-05,
   -0.37427982687950134
  ],
  "euler_order": "XYZ",
  "rotation_matrix": [
   [
    0.9307711720466614,
    0.3656023144721985,
    6.821292572567472e-06
   ],
   [
    -0.3656023144721985,
    0.9307711720466614,
    -1.027934285957599e-05
   ],
   [
    -1.010721371130785e-05,
    7.073835149640217e-06,
    1.0
   ]
  ]
 },
 {
  "rotation_euler": [
   0.017730822786688805,
   -0.0677846372127533,
   2.149691104888916
  ],
  "euler_order": "XYZ",
  "rotation_matrix": [
   [
    -0.545842707157135,
    -0.8362792134284973,
    0.05189182236790657
   ],
   [
    0.8351454734802246,
    -0.5480183362960815,
    -0.046987976878881454
   ],
   [
    0.06773273646831512,
    0.0176891777664423,
    0.9975466728210449
   ]
  ]
 },
 {
  "rotation_euler": [
   6.138497610663762e-06,
   -5.1184142648708075e-06,
   2.299748420715332
  ],
  "euler_order": "XYZ",
  "rotation_matrix": [
   [
    -0.6660884022712708,
    -0.7458727955818176,
    7.987854587554466e-06
   ],
   [
    0.7458727955818176,
    -0.6660884022712708,
    2.7109601319352805e-07
   ],
   [
    5.1184142648708075e-06,
    6.138497610663762e-06,
    1.0
   ]
  ]
 },
 {
  "rotation_euler": [
   0.01690252497792244,
   -0.010605771094560623,
   -2.8839833736419678
  ],
  "euler_order": "XYZ",
  "rotation_matrix": [
   [
    -0.9669474363327026,
    0.25490638613700867,
    0.005948100704699755
   ],
   [
    -0.2547551095485687,
    -0.9668180346488953,
    0.01904558390378952
   ],
   [
    0.01060557272285223,
    0.016900770366191864,
    0.9998009204864502
   ]
  ]
 },
 {
  "rotation_euler": [
   1.5707964897155762,
   -0.3255542516708374,
   -2.6562142372131348
  ],
  "euler_order": "XYZ",
  "rotation_matrix": [
   [
    -0.8380389213562012,
    0.2828925848007202,
    -0.46654313802719116
   ],
   [
    -0.44203728437423706,
    0.14921647310256958,
    0.8844984173774719
   ],
   [
    0.3198339641094208,
    0.9474735856056213,
    -1.5436305034199904e-07
   ]
  ]
 },
 {
  "rotation_euler": [
   -4.916609213978518e-06,
   -9.969281563826371e-06,
   -0.18902167677879333
  ],
  "euler_order": "XYZ",
  "rotation_matrix": [
   [
    0.9821885228157043,
    0.18789808452129364,
    -8.867892574926373e-06
   ],
   [
    -0.18789808452129364,
    0.9821885228157043,
    6.702246082568308e-06
   ],
   [
    9.969281563826371e-06,
    -4.916609213978518e-06,
    1.0
   ]
  ]
 },
 {
  "rotation_euler": [
   9.59811222855933e-06,
   -6.285481049417285e-06,
   -2.275472402572632
  ],
  "euler_order": "XYZ",
  "rotation_matrix": [
   [
    -0.6477870941162109,
    0.761821448802948,
    -3.240394107706379e-06
   ],
   [
    -0.761821448802948,
    -0.6477870941162109,
    1.10059472717694e-05
   ],
   [
    6.285481049417285e-06,
    9.59811222855933e-06,
    1.0
   ]
  ]
 },
 {
  "rotation_euler": [
   -1.1282811101409607e-05,
   9.656386282586027e-06,
   -2.6914284229278564
  ],
  "euler_order": "XYZ",
  "rotation_matrix": [
   [
    -0.9003756642341614,
    0.43511340022087097,
    -3.7850727494515013e-06
   ],
   [
    -0.43511340022087097,
    -0.9003756642341614,
    -1.4360392015078105e-05
   ],
   [
    -9.656386282586027e-06,
    -1.1282811101409607e-05,
    1.0
   ]
  ]
 },
 {
  "rotation_euler": [
   4.207738129480276e-06,
   1.3984333236294333e-05,
   0.7660508751869202
  ],
  "euler_order": "XYZ",
  "rotation_matrix": [
   [
    0.7206541895866394,
    -0.6932947039604187,
    1.299507130170241e-05
   ],
   [
    0.6932947039604187,
    0.7206541895866394,
    6.662939995294437e-06
   ],
   [
    -1.3984333236294333e-05,
    4.207738129480276e-06,
    1.0
   ]
  ]
 },
 {
  "rotation_euler": [
   -1.570898175239563,
   0.33704471588134766,
   2.610581874847412
  ],
  "euler_order": "XYZ",
  "rotation_matrix": [
   [
    -0.8137795329093933,
    0.28521233797073364,
    -0.5063761472702026
   ],
   [
    0.4779128432273865,
    -0.16738013923168182,
    -0.8623126745223999
   ],
   [
    -0.33069953322410583,
    -0.9437360763549805,
    -9.611805580789223e-05
   ]
  ]
 },
 {
  "rotation_euler": [
   1.570797085762024,
   1.3022284507751465,
   -0.4568222761154175
  ],
  "euler_order": "XYZ",
  "rotation_matrix": [
   [
    0.2381415069103241,
    0.8652861714363098,
    -0.4410991072654724
   ],
   [
    -0.11704588681459427,
    -0.42528659105300903,
    -0.8974583745002747
   ],
   [
    -0.964151918888092,
    0.26535093784332275,
    -2.0139262346674514e-07
   ]
  ]
 },
 {
  "rotation_euler": [
   1.4875545275572222e-06,
   -6.085880613682093e-06,
   -1.84380042552948
  ],
  "euler_order": "XYZ",
  "rotation_matrix": [
   [
    -0.2696254849433899,
    0.9629652500152588,
    2.0844521486651502e-07
   ],
   [
    -0.9629652500152588,
    -0.2696254849433899,
    6.261574071686482e-06
   ],
   [
    6.085880613682093e-06,
    1.4875545275572222e-06,
    1.0
   ]
  ]
 },
 {
  "rotation_euler": [
   -0.004360812716186047,
   0.001365789445117116,
   1.8871821165084839
  ],
  "euler_order": "XYZ",
  "rotation_matrix": [
   [
    -0.311133474111557,
    -0.9503552317619324,
    -0.004569294396787882
   ],
   [
    0.9503652453422546,
    -0.31113648414611816,
    -5.8804555010283366e-05
   ],
   [
    -0.0013657889794558287,
    -0.004360795021057129,
    0.9999895691871643
   ]
  ]
 },
 {
  "rotation_euler": [
   1.570796251296997,
   0.3001233637332916,
   -2.1376280784606934
  ],
  "euler_order": "XYZ",
  "rotation_matrix": [
   [
    -0.5129597783088684,
    -0.15874633193016052,
    -0.8436064720153809
   ],
   [
    -0.8058972358703613,
    -0.2494022101163864,
    0.5369619727134705
   ],
   [
    -0.2956380546092987,
    0.9553000330924988,
    7.212314301341394e-08
   ]
  ]
 },
 {
  "rotation_euler": [
   -6.693751970487938e-07,
   0.00010998392826877534,
   1.7683473825454712
  ],
  "euler_order": "XYZ",
  "rotation_matrix": [
   [
    -0.19626860320568085,
    -0.9805501699447632,
    -2.2242747945711017e-05
   ],
   [
    0.9805501699447632,
    -0.19626860320568085,
    0.00010771337838377804
   ],
   [
    -0.00010998392826877534,
    -6.693751970487938e-07,
    1.0
   ]
  ]
 }
]