[
 {
  "rotation_euler": [
   0.7955629229545593,
   -1.7867141962051392,
   1.8431214094161987
  ],
  "euler_order": "XYZ",
  "rotation_matrix": [
   [
    0.05762556195259094,
    -0.486436665058136,
    0.8718134164810181
   ],
   [
    -0.20634877681732178,
    -0.8602107763290405,
    -0.46632352471351624
   ],
   [
    0.9767801761627197,
    -0.15302547812461853,
    -0.14994575083255768
   ]
  ]
 },
 {
  "rotation_euler": [
   0.8956206440925598,
   -1.7497767210006714,
   -1.0580215454101562
  ],
  "euler_order": "XYZ",
  "rotation_matrix": [
   [
    -0.08733920007944107,
    0.16780546307563782,
    -0.9819435477256775
   ],
   [
    0.15512976050376892,
    0.9759761691093445,
    0.15298764407634735
   ],
   [
    0.9840257167816162,
    -0.1389668583869934,
    -0.11127260327339172
   ]
  ]
 },
 {
  "rotation_euler": [
   -2.2845234870910645,
   -1.3793754577636719,
   -0.7465239763259888
  ],
  "euler_order": "XYZ",
  "rotation_matrix": [
   [
    0.1396566778421402,
    0.10018503665924072,
    0.9851187467575073
   ],
   [
    -0.1291998326778412,
    -0.9845198392868042,
    0.11844031512737274
   ],
   [
    0.9817348718643188,
    -0.14381815493106842,
    -0.12455087900161743
   ]
  ]
 },
 {
  "rotation_euler": [
   -2.3446362018585205,
   -1.3555339574813843,
   -0.5373508334159851
  ],
  "euler_order": "XYZ",
  "rotation_matrix": [
   [
    0.18350008130073547,
    0.24251852929592133,
    0.9526345133781433
   ],
   [
    -0.10933563858270645,
    -0.9580418467521667,
    0.2649557590484619
   ],
   [
    0.9769203662872314,
    -0.152776300907135,
    -0.14928483963012695
   ]
  ]
 },
 {
  "rotation_euler": [
   0.8957061767578125,
   -1.749766230583191,
   -1.5609958171844482
  ],
  "euler_order": "XYZ",
  "rotation_matrix": [
   [
    -0.0017446198035031557,
    0.6174092292785645,
    -0.7866402268409729
   ],
   [
    0.17800746858119965,
    0.7742697596549988,
    0.6073052883148193
   ],
   [
    0.9840275645256042,
    -0.1389683187007904,
    -0.1112542673945427
   ]
  ]
 },
 {
  "rotation_euler": [
   0.4141380190849304,
   -2.757030487060547,
   -0.07213175296783447
  ],
  "euler_order": "XYZ",
  "rotation_matrix": [
   [
    -0.924552321434021,
    -0.08459275960922241,
    -0.37154683470726013
   ],
   [
    0.06680548191070557,
    0.9239627122879028,
    -0.3766031861305237
   ],
   [
    0.3751533031463623,
    -0.3730107247829437,
    -0.8486006259918213
   ]
  ]
 },
 {
  "rotation_euler": [
   -2.755547285079956,
   0.09651772677898407,
   -0.5167138576507568
  ],
  "euler_order": "XYZ",
  "rotation_matrix": [
   [
    0.8654007315635681,
    -0.4892160892486572,
    0.10839381068944931
   ],
   [
    -0.4917263686656952,
    -0.787534773349762,
    0.37147557735443115
   ],
   [
    -0.09636794030666351,
    -0.37477532029151917,
    -0.9220936298370361
   ]
  ]
 },
 {
  "rotation_euler": [
   -0.004763547331094742,
   -1.297587004955858e-05,
   -0.49143266677856445
  ],
  "euler_order": "XYZ",
  "rotation_matrix": [
   [
    0.8816577196121216,
    0.47188419103622437,
    0.0022364193573594093
   ],
   [
    -0.4718894958496094,
    0.8816476464271545,
    0.004205925390124321
   ],
   [
    1.297587004955858e-05,
    -0.004763529170304537,
    0.9999886751174927
   ]
  ]
 },
 {
  "rotation_euler": [
   0.5741869807243347,
   -1.995151162147522,
   0.5114575028419495
  ],
  "euler_order": "XYZ",
  "rotation_matrix": [
   [
    -0.35904431343078613,
    -0.8425939083099365,
    -0.40140095353126526
   ],
   [
    -0.20152217149734497,
    0.4899219572544098,
    -0.8481540679931641
   ],
   [
    0.9113045334815979,
    -0.22363369166851044,
    -0.3457050323486328
   ]
  ]
 },
 {
  "rotation_euler": [
   0.7743750810623169,
   1.796754240989685,
   1.0894834995269775
  ],
  "euler_order": "XYZ",
  "rotation_matrix": [
   [
    -0.10371781885623932,
    -0.31814858317375183,
    0.9423503279685974
   ],
   [
    -0.1985863745212555,
    0.9350067973136902,
    0.2938123345375061
   ],
   [
    -0.974579930305481,
    -0.15666435658931732,
    -0.16015684604644775
   ]
  ]
 },
 {
  "rotation_euler": [
   -2.245891809463501,
   1.3918253183364868,
   0.4088476598262787
  ],
  "euler_order": "XYZ",
  "rotation_matrix": [
   [
    0.1633448600769043,
    -0.45640575885772705,
    -0.8746497631072998
   ],
   [
    0.07077109813690186,
    -0.878852367401123,
    0.4718155562877655
   ],
   [
    -0.9840273857116699,
    -0.1389685720205307,
    -0.11125568300485611
   ]
  ]
 },
 {
  "rotation_euler": [
   0.8880127668380737,
   -1.751718521118164,
   0.3291226625442505
  ],
  "euler_order": "XYZ",
  "rotation_matrix": [
   [
    -0.1702789068222046,
    -0.9261279702186584,
    -0.33658885955810547
   ],
   [
    -0.058157894760370255,
    0.3504272401332855,
    -0.9347825646400452
   ],
   [
    0.9836781620979309,
    -0.13959845900535583,
    -0.11353202164173126
   ]
  ]
 },
 {
  "rotation_euler": [
   -2.245889663696289,
   -1.3918248414993286,
   -0.8432384729385376
  ],
  "euler_order": "XYZ",
  "rotation_matrix": [
   [
    0.11839020252227783,
    0.044147931039333344,
    0.9919852614402771
   ],
   [
    -0.13294366002082825,
    -0.9893121719360352,
    0.059895358979701996
   ],
   [
    0.9840273261070251,
    -0.13896918296813965,
    -0.11125568300485611
   ]
  ]
 },
 {
  "rotation_euler": [
   0.3888925611972809,
   3.0149624347686768,
   0.9074727296829224
  ],
  "euler_order": "XYZ",
  "rotation_matrix": [
   [
    -0.6108089089393616,
    -0.6996285915374756,
    0.3707185983657837
   ],
   [
    -0.7816410660743713,
    0.6074928641319275,
    -0.1413847804069519
   ],
   [
    -0.12629206478595734,
    -0.3761279881000519,
    -0.9179205298423767
   ]
  ]
 },
 {
  "rotation_euler": [
   0.38480815291404724,
   3.0408177375793457,
   0.2808108925819397
  ],
  "euler_order": "XYZ",
  "rotation_matrix": [
   [
    -0.9559562802314758,
    -0.22058232128620148,
    0.19362613558769226
   ],
   [
    -0.27572882175445557,
    0.9010319113731384,
    -0.334835946559906
   ],
   [
    -0.10060442984104156,
    -0.3734768331050873,
    -0.9221680164337158
   ]
  ]
 },
 {
  "rotation_euler": [
   0.8028713464736938,
   -1.782046914100647,
   -1.9920417070388794
  ],
  "euler_order": "XYZ",
  "rotation_matrix": [
   [
    0.08573874831199646,
    0.9215213656425476,
    -0.3787442743778229
   ],
   [
    0.1913524568080902,
    0.3578363060951233,
    0.9139679670333862
   ],
   [
    0.9777694344520569,
    -0.15083611011505127,
    -0.14565494656562805
   ]
  ]
 }
]