[
 {
  "rotation_euler": [
   1.2588250637054443,
   0.49565228819847107,
   1.07756507396698
  ],
  "euler_order": "XYZ",
  "rotation_matrix": [
   [
    0.4164959192276001,
    -0.056033581495285034,
    0.9074091911315918
   ],
   [
    0.7748100161552429,
    0.5440220236778259,
    -0.3220396041870117
   ],
   [
    -0.4756055474281311,
    0.8371978402137756,
    0.26999834179878235
   ]
  ]
 },
 {
  "rotation_euler": [
   -1.2860469818115234,
   0.7786579728126526,
   -1.24135160446167
  ],
  "euler_order": "XYZ",
  "rotation_matrix": [
   [
    0.2302982211112976,
    0.047744784504175186,
    0.9719481468200684
   ],
   [
    -0.6735745668411255,
    0.7286765575408936,
    0.12380550056695938
   ],
   [
    -0.7023247480392456,
    -0.68319171667099,
    0.19997258484363556
   ]
  ]
 },
 {
  "rotation_euler": [
   1.351073145866394,
   0.7860564589500427,
   -1.2427138090133667
  ],
  "euler_order": "XYZ",
  "rotation_matrix": [
   [
    0.2276998609304428,
    0.4288521707057953,
    -0.8742074370384216
   ],
   [
    -0.6689502596855164,
    -0.5834946632385254,
    -0.46047747135162354
   ],
   [
    -0.7075721025466919,
    0.6896519660949707,
    0.15401913225650787
   ]
  ]
 },
 {
  "rotation_euler": [
   1.260058879852295,
   0.5117058753967285,
   1.00004243850708
  ],
  "euler_order": "XYZ",
  "rotation_matrix": [
   [
    0.47106409072875977,
    -0.005415801890194416,
    0.8820823431015015
   ],
   [
    0.7337073683738708,
    0.5575090050697327,
    -0.38840344548225403
   ],
   [
    -0.48966532945632935,
    0.830153226852417,
    0.26659607887268066
   ]
  ]
 },
 {
  "rotation_euler": [
   1.3507037162780762,
   0.7882938981056213,
   1.6769949197769165
  ],
  "euler_order": "XYZ",
  "rotation_matrix": [
   [
    -0.07473531365394592,
    -0.29044613242149353,
    0.9539684057235718
   ],
   [
    0.7010840773582458,
    0.6650041937828064,
    0.2573918104171753
   ],
   [
    -0.7091513872146606,
    0.6880483031272888,
    0.15392787754535675
   ]
  ]
 },
 {
  "rotation_euler": [
   -0.051398128271102905,
   0.07458378374576569,
   0.14565744996070862
  ],
  "euler_order": "XYZ",
  "rotation_matrix": [
   [
    0.9866600632667542,
    -0.14873896539211273,
    0.06617144495248795
   ],
   [
    0.14473943412303925,
    0.9875484704971313,
    0.061632465571165085
   ],
   [
    -0.07451465725898743,
    -0.05123267322778702,
    0.9959030151367188
   ]
  ]
 },
 {
  "rotation_euler": [
   1.3510737419128418,
   0.7860581874847412,
   2.2261271476745605
  ],
  "euler_order": "XYZ",
  "rotation_matrix": [
   [
    -0.43064162135124207,
    -0.5936511754989624,
    0.6797985434532166
   ],
   [
    0.5602568984031677,
    0.4146805703639984,
    0.7170441150665283
   ],
   [
    -0.7075733542442322,
    0.68965083360672,
    0.15401844680309296
   ]
  ]
 },
 {
  "rotation_euler": [
   -1.7345579862594604,
   -0.16550470888614655,
   -2.0046863555908203
  ],
  "euler_order": "XYZ",
  "rotation_matrix": [
   [
    -0.41465887427330017,
    -0.2162587195634842,
    0.8839061856269836
   ],
   [
    -0.8949387669563293,
    -0.0789453387260437,
    -0.4391494393348694
   ],
   [
    0.16475015878677368,
    -0.9731391668319702,
    -0.1608029156923294
   ]
  ]
 },
 {
  "rotation_euler": [
   -1.7165663242340088,
   -0.06430213153362274,
   0.3922119736671448
  ],
  "euler_order": "XYZ",
  "rotation_matrix": [
   [
    0.9221560955047607,
    0.11426975578069687,
    -0.3695545494556427
   ],
   [
    0.38144341111183167,
    -0.10992354154586792,
    0.917833149433136
   ],
   [
    0.06425783038139343,
    -0.9873496294021606,
    -0.144954115152359
   ]
  ]
 },
 {
  "rotation_euler": [
   1.2777552604675293,
   0.56820148229599,
   1.9291568994522095
  ],
  "euler_order": "XYZ",
  "rotation_matrix": [
   [
    -0.29562780261039734,
    -0.45120716094970703,
    0.8420310616493225
   ],
   [
    0.7893252372741699,
    0.3811330497264862,
    0.4813556969165802
   ],
   [
    -0.538116991519928,
    0.8069384694099426,
    0.24347567558288574
   ]
  ]
 },
 {
  "rotation_euler": [
   -1.4401297569274902,
   0.5720073580741882,
   1.6660878658294678
  ],
  "euler_order": "XYZ",
  "rotation_matrix": [
   [
    -0.08000145107507706,
    -0.07863772660493851,
    -0.9936879873275757
   ],
   [
    0.8370014429092407,
    -0.5466686487197876,
    -0.02412482351064682
   ],
   [
    -0.5413209795951843,
    -0.8336483240127563,
    0.10955417901277542
   ]
  ]
 },
 {
  "rotation_euler": [
   -0.05439787358045578,
   0.08423125743865967,
   0.5288019776344299
  ],
  "euler_order": "XYZ",
  "rotation_matrix": [
   [
    0.8603509664535522,
    -0.5077025890350342,
    0.04510271176695824
   ],
   [
    0.5027107000350952,
    0.8598271608352661,
    0.08932621777057648
   ],
   [
    -0.08413168787956238,
    -0.054178282618522644,
    0.9949806928634644
   ]
  ]
 },
 {
  "rotation_euler": [
   1.3493388891220093,
   0.796222448348999,
   2.1309401988983154
  ],
  "euler_order": "XYZ",
  "rotation_matrix": [
   [
    -0.3716030418872833,
    -0.5565465092658997,
    0.7430795431137085
   ],
   [
    0.5925265550613403,
    0.4740048944950104,
    0.6513306498527527
   ],
   [
    -0.7147191166877747,
    0.6823307871818542,
    0.153626948595047
   ]
  ]
 },
 {
  "rotation_euler": [
   1.3510774374008179,
   0.7860739231109619,
   -2.0018625259399414
  ],
  "euler_order": "XYZ",
  "rotation_matrix": [
   [
    -0.295257568359375,
    -0.09053201973438263,
    -0.9511187672615051
   ],
   [
    -0.6419869065284729,
    -0.7184705138206482,
    0.26768064498901367
   ],
   [
    -0.7075844407081604,
    0.6896405220031738,
    0.1540134698152542
   ]
  ]
 },
 {
  "rotation_euler": [
   -0.05131780356168747,
   0.0740726888179779,
   -1.012128233909607
  ],
  "euler_order": "XYZ",
  "rotation_matrix": [
   [
    0.5286037921905518,
    0.8448333740234375,
    0.08267167210578918
   ],
   [
    -0.8456366062164307,
    0.5325784087181091,
    -0.03548134118318558
   ],
   [
    -0.07400497049093246,
    -0.05115462467074394,
    0.9959450364112854
   ]
  ]
 },
 {
  "rotation_euler": [
   -1.7328895330429077,
   -0.15394121408462524,
   -1.2598309516906738
  ],
  "euler_order": "XYZ",
  "rotation_matrix": [
   [
    0.3023594915866852,
    -0.10734233260154724,
    0.9471306204795837
   ],
   [
    -0.9407802224159241,
    -0.1934462934732437,
    0.27840813994407654
   ],
   [
    0.15333391726016998,
    -0.9752210974693298,
    -0.15947586297988892
   ]
  ]
 }
]