[
 {
  "rotation_euler": [
   0.000530540884938091,
   -0.0014137738617137074,
   -1.360856533050537
  ],
  "euler_order": "XYZ",
  "rotation_matrix": [
   [
    0.20840080082416534,
    0.9780431985855103,
    -0.0008135237731039524
   ],
   [
    -0.978042483329773,
    0.20840172469615936,
    0.0012721663806587458
   ],
   [
    0.0014137733960524201,
    0.0005305403028614819,
    0.9999988675117493
   ]
  ]
 },
 {
  "rotation_euler": [
   0.0005314256413839757,
   -0.0013797263382002711,
   -0.9709728956222534
  ],
  "euler_order": "XYZ",
  "rotation_matrix": [
   [
    0.5644962191581726,
    0.8254347443580627,
    -0.0012175081064924598
   ],
   [
    -0.8254345059394836,
    0.5644972324371338,
    0.0008388862479478121
   ],
   [
    0.0013797258725389838,
    0.0005314251175150275,
    0.999998927116394
   ]
  ]
 },
 {
  "rotation_euler": [
   0.4698949158191681,
   2.019406795501709,
   -2.0402450561523438
  ],
  "euler_order": "XYZ",
  "rotation_matrix": [
   [
    0.1962098926305771,
    0.6105868220329285,
    -0.76725834608078
   ],
   [
    0.3867937922477722,
    -0.7672142386436462,
    -0.5116374492645264
   ],
   [
    -0.9010506272315979,
    -0.19638244807720184,
    -0.3867062032222748
   ]
  ]
 },
 {
  "rotation_euler": [
   0.0005291542620398104,
   -0.001368239987641573,
   -0.37309157848358154
  ],
  "euler_order": "XYZ",
  "rotation_matrix": [
   [
    0.931204080581665,
    0.36449533700942993,
    -0.0014669859083369374
   ],
   [
    -0.36449572443962097,
    0.9312050342559814,
    5.966828211967368e-06
   ],
   [
    0.0013682395219802856,
    0.0005291537381708622,
    0.999998927116394
   ]
  ]
 },
 {
  "rotation_euler": [
   0.0005290604312904179,
   -0.0013725052122026682,
   -0.577215313911438
  ],
  "euler_order": "XYZ",
  "rotation_matrix": [
   [
    0.8379846811294556,
    0.5456918478012085,
    -0.001438843202777207
   ],
   [
    -0.5456920266151428,
    0.8379857540130615,
    0.00030562057509087026
   ],
   [
    0.0013725047465413809,
    0.0005290599074214697,
    0.999998927116394
   ]
  ]
 },
 {
  "rotation_euler": [
   0.0005305726081132889,
   -0.001413679332472384,
   -1.847335934638977
  ],
  "euler_order": "XYZ",
  "rotation_matrix": [
   [
    -0.27302810549736023,
    0.9620060324668884,
    -0.000124439611681737
   ],
   [
    -0.9620050191879272,
    -0.27302759885787964,
    0.0015048286877572536
   ],
   [
    0.0014136788668110967,
    0.0005305720260366797,
    0.9999988675117493
   ]
  ]
 },
 {
  "rotation_euler": [
   0.5299354195594788,
   2.2063889503479004,
   -1.6113420724868774
  ],
  "euler_order": "XYZ",
  "rotation_matrix": [
   [
    0.02406357042491436,
    0.8456423878669739,
    -0.5332071781158447
   ],
   [
    0.5931665897369385,
    -0.44140854477882385,
    -0.6732844114303589
   ],
   [
    -0.8047200441360474,
    -0.3000790774822235,
    -0.5122286677360535
   ]
  ]
 },
 {
  "rotation_euler": [
   0.45672735571861267,
   1.992936134338379,
   1.1179184913635254
  ],
  "euler_order": "XYZ",
  "rotation_matrix": [
   [
    -0.17927215993404388,
    -0.6309971809387207,
    0.7547873854637146
   ],
   [
    -0.3684108257293701,
    0.7544494867324829,
    0.5432121753692627
   ],
   [
    -0.9122143387794495,
    -0.1806890219449997,
    -0.367717981338501
   ]
  ]
 },
 {
  "rotation_euler": [
   0.0005293051362968981,
   -0.0013672452187165618,
   2.1305174827575684
  ],
  "euler_order": "XYZ",
  "rotation_matrix": [
   [
    -0.5309494137763977,
    -0.8474026918411255,
    0.001174473320133984
   ],
   [
    0.8474023938179016,
    -0.5309504866600037,
    -0.0008775729220360518
   ],
   [
    0.0013672447530552745,
    0.0005293046124279499,
    0.999998927116394
   ]
  ]
 },
 {
  "rotation_euler": [
   -2.5567150115966797,
   0.17428810894489288,
   0.9183072447776794
  ],
  "euler_order": "XYZ",
  "rotation_matrix": [
   [
    0.5979676246643066,
    0.6043718457221985,
    -0.526468813419342
   ],
   [
    0.7825373411178589,
    -0.5823133587837219,
    0.22033251821994781
   ],
   [
    -0.17340707778930664,
    -0.5437332391738892,
    -0.8211480975151062
   ]
  ]
 },
 {
  "rotation_euler": [
   0.0005339424242265522,
   -0.0013946855906397104,
   1.7416352033615112
  ],
  "euler_order": "XYZ",
  "rotation_matrix": [
   [
    -0.17000891268253326,
    -0.9854422211647034,
    0.0007632786291651428
   ],
   [
    0.9854415655136108,
    -0.1700097769498825,
    -0.0012836067471653223
   ],
   [
    0.0013946851249784231,
    0.000533941900357604,
    0.9999988675117493
   ]
  ]
 },
 {
  "rotation_euler": [
   0.500831127166748,
   -1.9631699323654175,
   -1.1847987174987793
  ],
  "euler_order": "XYZ",
  "rotation_matrix": [
   [
    -0.14396078884601593,
    0.6456109881401062,
    -0.7499744892120361
   ],
   [
    0.3542482554912567,
    0.7412667870521545,
    0.5701155066490173
   ],
   [
    0.9240040183067322,
    -0.18360288441181183,
    -0.3354199230670929
   ]
  ]
 },
 {
  "rotation_euler": [
   0.0005302757490426302,
   -0.0013668241444975138,
   -1.1092793941497803
  ],
  "euler_order": "XYZ",
  "rotation_matrix": [
   [
    0.4453064203262329,
    0.8953775763511658,
    -0.0010834530694410205
   ],
   [
    -0.8953772187232971,
    0.4453074336051941,
    0.0009876883123070002
   ],
   [
    0.0013668236788362265,
    0.000530275225173682,
    0.999998927116394
   ]
  ]
 },
 {
  "rotation_euler": [
   0.3054511547088623,
   1.6954246759414673,
   2.3288626670837402
  ],
  "euler_order": "XYZ",
  "rotation_matrix": [
   [
    0.08546266704797745,
    -0.8977029323577881,
    -0.4322332739830017
   ],
   [
    -0.0902668684720993,
    -0.4390126168727875,
    0.8939350247383118
   ],
   [
    -0.9922439455986023,
    -0.037381723523139954,
    -0.11855202168226242
   ]
  ]
 },
 {
  "rotation_euler": [
   -1.5229089260101318,
   -1.350326418876648,
   -1.3298888206481934
  ],
  "euler_order": "XYZ",
  "rotation_matrix": [
   [
    0.052175506949424744,
    0.27902889251708984,
    0.9588642120361328
   ],
   [
    -0.21237286925315857,
    -0.9351085424423218,
    0.283672034740448
   ],
   [
    0.975794792175293,
    -0.21843747794628143,
    0.010468406602740288
   ]
  ]
 },
 {
  "rotation_euler": [
   0.0005286409868858755,
   -0.0014011849416419864,
   2.5589919090270996
  ],
  "euler_order": "XYZ",
  "rotation_matrix": [
   [
    -0.8350337147712708,
    -0.5501968264579773,
    0.0014608942437916994
   ],
   [
    0.5501969456672668,
    -0.8350348472595215,
    -0.00032949462183751166
   ],
   [
    0.001401184475980699,
    0.0005286404630169272,
    0.9999988675117493
   ]
  ]
 }
]