[
 {
  "rotation_euler": [
   -2.375971555709839,
   -0.9043042063713074,
   -0.9937571883201599
  ],
  "euler_order": "XYZ",
  "rotation_matrix": [
   [
    0.33727365732192993,
    -0.30706775188446045,
    0.8899190425872803
   ],
   [
    -0.5181294083595276,
    -0.8498003482818604,
    -0.09685701876878738
   ],
   [
    0.7859951853752136,
    -0.4284258782863617,
    -0.44571608304977417
   ]
  ]
 },
 {
  "rotation_euler": [
   0.28795570135116577,
   -0.2157895416021347,
   2.391176700592041
  ],
  "euler_order": "XYZ",
  "rotation_matrix": [
   [
    -0.714442253112793,
    -0.60938960313797,
    0.3438263237476349
   ],
   [
    0.6661272048950195,
    -0.7427583932876587,
    0.06770900636911392
   ],
   [
    0.21411871910095215,
    0.277406245470047,
    0.9365890026092529
   ]
  ]
 },
 {
  "rotation_euler": [
   -2.229769706726074,
   -0.7880854606628418,
   0.6808239817619324
  ],
  "euler_order": "XYZ",
  "rotation_matrix": [
   [
    0.547981858253479,
    0.8209865093231201,
    -0.160302996635437
   ],
   [
    0.44387903809547424,
    -0.12296319752931595,
    0.8876099586486816
   ],
   [
    0.7090044021606445,
    -0.5575492978096008,
    -0.43180030584335327
   ]
  ]
 },
 {
  "rotation_euler": [
   -0.5215926170349121,
   -2.189923048019409,
   -1.0490853786468506
  ],
  "euler_order": "XYZ",
  "rotation_matrix": [
   [
    -0.28921279311180115,
    0.9539089798927307,
    0.08008476346731186
   ],
   [
    0.5031223893165588,
    0.08029945939779282,
    0.860476553440094
   ],
   [
    0.8143855333328247,
    0.2891532778739929,
    -0.5031566023826599
   ]
  ]
 },
 {
  "rotation_euler": [
   -2.2939586639404297,
   -0.8469947576522827,
   -1.281490683555603
  ],
  "euler_order": "XYZ",
  "rotation_matrix": [
   [
    0.18892773985862732,
    -0.4739954471588135,
    0.860020101070404
   ],
   [
    -0.634716808795929,
    -0.7272036075592041,
    -0.26136085391044617
   ],
   [
    0.7492936253547668,
    -0.4964908957481384,
    -0.4382418096065521
   ]
  ]
 },
 {
  "rotation_euler": [
   2.5074779987335205,
   -0.935961127281189,
   -0.3450949192047119
  ],
  "euler_order": "XYZ",
  "rotation_matrix": [
   [
    0.5580809116363525,
    -0.7214320302009583,
    0.409977525472641
   ],
   [
    -0.20061875879764557,
    -0.5967272520065308,
    -0.7769612073898315
   ],
   [
    0.8051694631576538,
    0.351358026266098,
    -0.4777548611164093
   ]
  ]
 },
 {
  "rotation_euler": [
   3.0337634086608887,
   -1.0146955251693726,
   -0.5534120798110962
  ],
  "euler_order": "XYZ",
  "rotation_matrix": [
   [
    0.4490853548049927,
    -0.6003012657165527,
    0.6617860198020935
   ],
   [
    -0.2774493098258972,
    -0.7977536916732788,
    -0.53536057472229
   ],
   [
    0.8493198752403259,
    0.05681050568819046,
    -0.524812638759613
   ]
  ]
 },
 {
  "rotation_euler": [
   -0.002195228822529316,
   -2.1057350635528564,
   -0.7375572323799133
  ],
  "euler_order": "XYZ",
  "rotation_matrix": [
   [
    -0.3773012161254883,
    0.6738781332969666,
    -0.6352417469024658
   ],
   [
    0.34282347559928894,
    0.7388416528701782,
    0.5801594853401184
   ],
   [
    0.8602998852729797,
    0.0011191011872142553,
    -0.5097870826721191
   ]
  ]
 },
 {
  "rotation_euler": [
   0.28473639488220215,
   -0.21288034319877625,
   -0.9621195197105408
  ],
  "euler_order": "XYZ",
  "rotation_matrix": [
   [
    0.5588752031326294,
    0.7534379363059998,
    -0.3463954031467438
   ],
   [
    -0.8018858432769775,
    0.597449779510498,
    0.005736710969358683
   ],
   [
    0.2112760990858078,
    0.2745634615421295,
    0.938071072101593
   ]
  ]
 },
 {
  "rotation_euler": [
   -2.875037670135498,
   -1.0488587617874146,
   0.6970195770263672
  ],
  "euler_order": "XYZ",
  "rotation_matrix": [
   [
    0.38227578997612,
    0.7943448424339294,
    0.4721032381057739
   ],
   [
    0.320043683052063,
    -0.5931018590927124,
    0.7387843132019043
   ],
   [
    0.8668547868728638,
    -0.13132569193840027,
    -0.48095351457595825
   ]
  ]
 },
 {
  "rotation_euler": [
   -2.3354756832122803,
   -0.8782203197479248,
   0.3179095983505249
  ],
  "euler_order": "XYZ",
  "rotation_matrix": [
   [
    0.6065260767936707,
    0.7439233660697937,
    0.28054261207580566
   ],
   [
    0.19959016144275665,
    -0.484022855758667,
    0.851989209651947
   ],
   [
    0.7696037292480469,
    -0.46076011657714844,
    -0.4420522451400757
   ]
  ]
 },
 {
  "rotation_euler": [
   2.8532392978668213,
   -0.9963229298591614,
   -0.17726518213748932
  ],
  "euler_order": "XYZ",
  "rotation_matrix": [
   [
    0.534877598285675,
    -0.4040427803993225,
    0.7420615553855896
   ],
   [
    -0.09582094848155975,
    -0.9015935659408569,
    -0.4218381643295288
   ],
   [
    0.8394785523414612,
    0.1545267552137375,
    -0.5209579467773438
   ]
  ]
 },
 {
  "rotation_euler": [
   -2.1831257343292236,
   -0.7328653931617737,
   -1.332974910736084
  ],
  "euler_order": "XYZ",
  "rotation_matrix": [
   [
    0.17510171234607697,
    -0.4296253025531769,
    0.8858676552772522
   ],
   [
    -0.7223403453826904,
    -0.6674520969390869,
    -0.18092013895511627
   ],
   [
    0.669002115726471,
    -0.6082184910774231,
    -0.42720770835876465
   ]
  ]
 },
 {
  "rotation_euler": [
   0.8997965455055237,
   -2.3418076038360596,
   -0.09870710223913193
  ],
  "euler_order": "XYZ",
  "rotation_matrix": [
   [
    -0.6934688687324524,
    -0.49770864844322205,
    -0.5209482312202454
   ],
   [
    0.06867347657680511,
    0.6740981936454773,
    -0.7354423999786377
   ],
   [
    0.7172062993049622,
    -0.5457817316055298,
    -0.43328672647476196
   ]
  ]
 },
 {
  "rotation_euler": [
   2.45754337310791,
   -0.9188910126686096,
   -0.13465656340122223
  ],
  "euler_order": "XYZ",
  "rotation_matrix": [
   [
    0.6012099385261536,
    -0.6018437743186951,
    0.525671660900116
   ],
   [
    -0.08144975453615189,
    -0.7005645036697388,
    -0.7089254260063171
   ],
   [
    0.7949292659759521,
    0.3833971917629242,
    -0.4702063798904419
   ]
  ]
 },
 {
  "rotation_euler": [
   -2.16917085647583,
   -0.7149401307106018,
   0.5754377841949463
  ],
  "euler_order": "XYZ",
  "rotation_matrix": [
   [
    0.633521556854248,
    0.7609838247299194,
    -0.13983598351478577
   ],
   [
    0.41094470024108887,
    -0.177806094288826,
    0.8941529393196106
   ],
   [
    0.655572235584259,
    -0.6239299774169922,
    -0.42536625266075134
   ]
  ]
 }
]