[
 {
  "rotation_euler": [
   0.00015107412764336914,
   -2.6645623165677534e-06,
   1.4757788181304932
  ],
  "euler_order": "XYZ",
  "rotation_matrix": [
   [
    0.09487459808588028,
    -0.995489239692688,
    0.00015013986558187753
   ],
   [
    0.995489239692688,
    0.09487459808588028,
    -1.6985639376798645e-05
   ],
   [
    2.6645623165677534e-06,
    0.00015107412764336914,
    1.0
   ]
  ]
 },
 {
  "rotation_euler": [
   0.00015113236440811306,
   -2.4008684249565704e-06,
   1.2177724838256836
  ],
  "euler_order": "XYZ",
  "rotation_matrix": [
   [
    0.3457367420196533,
    -0.9383315443992615,
    0.00014098219980951399
   ],
   [
    0.9383315443992615,
    0.3457367420196533,
    -5.450482422020286e-05
   ],
   [
    2.4008684249565704e-06,
    0.00015113236440811306,
    1.0
   ]
  ]
 },
 {
  "rotation_euler": [
   0.00014982665015850216,
   -8.352628242391802e-07,
   -0.05041263625025749
  ],
  "euler_order": "XYZ",
  "rotation_matrix": [
   [
    0.9987295269966125,
    0.05039128661155701,
    -8.384158718399704e-06
   ],
   [
    -0.05039128661155701,
    0.9987295269966125,
    -0.00014959421241655946
   ],
   [
    8.352628242391802e-07,
    0.00014982665015850216,
    1.0
   ]
  ]
 },
 {
  "rotation_euler": [
   0.00015160975453909487,
   -1.3603231536762905e-06,
   0.18968571722507477
  ],
  "euler_order": "XYZ",
  "rotation_matrix": [
   [
    0.9820635318756104,
    -0.18855026364326477,
    2.7250134735368192e-05
   ],
   [
    0.18855026364326477,
    0.9820635318756104,
    -0.0001491469010943547
   ],
   [
    1.3603231536762905e-06,
    0.00015160975453909487,
    1.0
   ]
  ]
 },
 {
  "rotation_euler": [
   0.0001510420406702906,
   -1.7019013967001229e-06,
   2.8323256969451904
  ],
  "euler_order": "XYZ",
  "rotation_matrix": [
   [
    -0.9525569081306458,
    -0.30436044931411743,
    4.7592380724381655e-05
   ],
   [
    0.30436044931411743,
    -0.9525569081306458,
    0.00014335814921651036
   ],
   [
    1.7019013967001229e-06,
    0.0001510420406702906,
    1.0
   ]
  ]
 },
 {
  "rotation_euler": [
   0.00015021467697806656,
   -1.5819309737707954e-06,
   -1.0241508483886719
  ],
  "euler_order": "XYZ",
  "rotation_matrix": [
   [
    0.5198245048522949,
    0.8542730808258057,
    -0.00012914667604491115
   ],
   [
    -0.8542730808258057,
    0.5198245048522949,
    -7.673386426176876e-05
   ],
   [
    1.5819309737707954e-06,
    0.00015021467697806656,
    1.0
   ]
  ]
 },
 {
  "rotation_euler": [
   0.00015083138714544475,
   -1.5146951000133413e-06,
   -2.9951536655426025
  ],
  "euler_order": "XYZ",
  "rotation_matrix": [
   [
    -0.9892969727516174,
    0.1459161639213562,
    -2.0510255126282573e-05
   ],
   [
    -0.1459161639213562,
    -0.9892969727516174,
    0.00014943805581424385
   ],
   [
    1.5146951000133413e-06,
    0.00015083138714544475,
    1.0
   ]
  ]
 },
 {
  "rotation_euler": [
   0.00015023032028693706,
   -4.188578259345377e-06,
   -1.396072506904602
  ],
  "euler_order": "XYZ",
  "rotation_matrix": [
   [
    0.17383617162704468,
    0.9847745895385742,
    -0.00014867112622596323
   ],
   [
    -0.9847745895385742,
    0.17383617162704468,
    -2.1990657842252403e-05
   ],
   [
    4.188578259345377e-06,
    0.00015023032028693706,
    1.0
   ]
  ]
 },
 {
  "rotation_euler": [
   0.00015210102719720453,
   -1.5224289882098674e-06,
   1.8341184854507446
  ],
  "euler_order": "XYZ",
  "rotation_matrix": [
   [
    -0.26028963923454285,
    -0.9655305743217468,
    0.00014725446817465127
   ],
   [
    0.9655305743217468,
    -0.26028963923454285,
    3.812036811723374e-05
   ],
   [
    1.5224289882098674e-06,
    0.00015210102719720453,
    1.0
   ]
  ]
 },
 {
  "rotation_euler": [
   0.00015271568554453552,
   -1.7464468555772328e-06,
   -1.6485179662704468
  ],
  "euler_order": "XYZ",
  "rotation_matrix": [
   [
    -0.07764341682195663,
    0.9969812035560608,
    -0.0001521190715720877
   ],
   [
    -0.9969812035560608,
    -0.07764341682195663,
    1.3598541954706889e-05
   ],
   [
    1.7464468555772328e-06,
    0.00015271568554453552,
    1.0
   ]
  ]
 },
 {
  "rotation_euler": [
   0.0001523003593320027,
   -2.3209934170154156e-06,
   2.123757839202881
  ],
  "euler_order": "XYZ",
  "rotation_matrix": [
   [
    -0.5252096652984619,
    -0.8509728312492371,
    0.00013082247460260987
   ],
   [
    0.8509728312492371,
    -0.5252096652984619,
    7.801452011335641e-05
   ],
   [
    2.3209934170154156e-06,
    0.0001523003593320027,
    1.0
   ]
  ]
 },
 {
  "rotation_euler": [
   0.00015001044084783643,
   -9.188719332087203e-07,
   1.777435541152954
  ],
  "euler_order": "XYZ",
  "rotation_matrix": [
   [
    -0.20517177879810333,
    -0.9787259697914124,
    0.0001470076385885477
   ],
   [
    0.9787259697914124,
    -0.20517177879810333,
    2.9878585337428376e-05
   ],
   [
    9.188719332087203e-07,
    0.00015001044084783643,
    1.0
   ]
  ]
 },
 {
  "rotation_euler": [
   0.0001512333983555436,
   -9.197740382660413e-07,
   -1.05830717086792
  ],
  "euler_order": "XYZ",
  "rotation_matrix": [
   [
    0.49034813046455383,
    0.8715266585350037,
    -0.00013225495058577508
   ],
   [
    -0.8715266585350037,
    0.49034813046455383,
    -7.335540431085974e-05
   ],
   [
    9.197740382660413e-07,
    0.0001512333983555436,
    1.0
   ]
  ]
 },
 {
  "rotation_euler": [
   0.00015135093417484313,
   -1.0242406460747588e-06,
   1.027485728263855
  ],
  "euler_order": "XYZ",
  "rotation_matrix": [
   [
    0.5169727206230164,
    -0.8560018539428711,
    0.0001290271757170558
   ],
   [
    0.8560019135475159,
    0.5169727206230164,
    -7.912105502327904e-05
   ],
   [
    1.0242406460747588e-06,
    0.00015135093417484313,
    1.0
   ]
  ]
 },
 {
  "rotation_euler": [
   0.00015076597628649324,
   -5.691128421858593e-07,
   -0.8587970733642578
  ],
  "euler_order": "XYZ",
  "rotation_matrix": [
   [
    0.6533486247062683,
    0.7570571899414062,
    -0.00011451029422460124
   ],
   [
    -0.7570571899414062,
    0.6533486247062683,
    -9.807189053390175e-05
   ],
   [
    5.691128421858593e-07,
    0.00015076597628649324,
    1.0
   ]
  ]
 },
 {
  "rotation_euler": [
   0.00015029792848508805,
   1.7363207689413684e-06,
   1.7798051834106445
  ],
  "euler_order": "XYZ",
  "rotation_matrix": [
   [
    -0.20749042928218842,
    -0.9782370328903198,
    0.00014666673087049276
   ],
   [
    0.9782370328903198,
    -0.20749042928218842,
    3.288391599198803e-05
   ],
   [
    -1.7363207689413684e-06,
    0.00015029792848508805,
    1.0
   ]
  ]
 }
]