[
 {
  "rotation_euler": [
   -1.777395248413086,
   -2.4966788291931152,
   0.13184267282485962
  ],
  "euler_order": "XYZ",
  "rotation_matrix": [
   [
    -0.7922160029411316,
    0.6102069616317749,
    -0.006424486171454191
   ],
   [
    -0.10505729913711548,
    -0.12600746750831604,
    0.986450731754303
   ],
   [
    0.6011295914649963,
    0.7821570038795471,
    0.16393183171749115
   ]
  ]
 },
 {
  "rotation_euler": [
   1.3719050884246826,
   -0.001554973074235022,
   -2.6890249252319336
  ],
  "euler_order": "XYZ",
  "rotation_matrix": [
   [
    -0.8993261456489563,
    0.08776900917291641,
    -0.42837953567504883
   ],
   [
    -0.4372756779193878,
    -0.17702482640743256,
    0.8817325234413147
   ],
   [
    0.001554972492158413,
    0.9802850484848022,
    0.19758230447769165
   ]
  ]
 },
 {
  "rotation_euler": [
   0.000377225544070825,
   3.2592179195489734e-06,
   -2.621359348297119
  ],
  "euler_order": "XYZ",
  "rotation_matrix": [
   [
    -0.8677032589912415,
    0.49708256125450134,
    -0.0001903402735479176
   ],
   [
    -0.49708259105682373,
    -0.8677031993865967,
    0.00032569971517659724
   ],
   [
    -3.2592179195489734e-06,
    0.000377225544070825,
    0.9999999403953552
   ]
  ]
 },
 {
  "rotation_euler": [
   0.00038846299867145717,
   -4.069433089171071e-06,
   -0.03851935639977455
  ],
  "euler_order": "XYZ",
  "rotation_matrix": [
   [
    0.9992582201957703,
    0.038509827107191086,
    -1.9026057998416945e-05
   ],
   [
    -0.038509830832481384,
    0.9992581605911255,
    -0.00038801811751909554
   ],
   [
    4.069433089171071e-06,
    0.00038846299867145717,
    0.9999999403953552
   ]
  ]
 },
 {
  "rotation_euler": [
   1.370188593864441,
   -0.32100287079811096,
   -2.154003620147705
  ],
  "euler_order": "XYZ",
  "rotation_matrix": [
   [
    -0.5225736498832703,
    0.3365991711616516,
    -0.7833375930786133
   ],
   [
    -0.7920637130737305,
    0.14834584295749664,
    0.592138946056366
   ],
   [
    0.3155183494091034,
    0.9298895001411438,
    0.18908636271953583
   ]
  ]
 },
 {
  "rotation_euler": [
   -1.708177089691162,
   2.3461079597473145,
   -0.35553038120269775
  ],
  "euler_order": "XYZ",
  "rotation_matrix": [
   [
    -0.6561658978462219,
    -0.710900068283081,
    0.25311538577079773
   ],
   [
    0.2436399906873703,
    0.11787836253643036,
    0.9626755714416504
   ],
   [
    -0.7142029404640198,
    0.6933439373970032,
    0.09585592150688171
   ]
  ]
 },
 {
  "rotation_euler": [
   0.00031632051104679704,
   2.9956292564747855e-05,
   -2.9634952545166016
  ],
  "euler_order": "XYZ",
  "rotation_matrix": [
   [
    -0.9841825366020203,
    0.17715737223625183,
    -8.552097278879955e-05
   ],
   [
    -0.17715738713741302,
    -0.9841824769973755,
    0.00030601012986153364
   ],
   [
    -2.9956292564747855e-05,
    0.00031632051104679704,
    0.9999999403953552
   ]
  ]
 },
 {
  "rotation_euler": [
   0.0003895593108609319,
   5.269858320389176e-06,
   -1.5619937181472778
  ],
  "euler_order": "XYZ",
  "rotation_matrix": [
   [
    0.008802494965493679,
    0.9999611973762512,
    -0.0003894978144671768
   ],
   [
    -0.999961256980896,
    0.008802492171525955,
    -8.698747478774749e-06
   ],
   [
    -5.269858320389176e-06,
    0.0003895593108609319,
    0.9999999403953552
   ]
  ]
 },
 {
  "rotation_euler": [
   1.4010225534439087,
   -0.7280653119087219,
   -2.0089235305786133
  ],
  "euler_order": "XYZ",
  "rotation_matrix": [
   [
    -0.31668275594711304,
    0.4312455952167511,
    -0.8448309302330017
   ],
   [
    -0.6759580969810486,
    0.5222324132919312,
    0.5199557542800903
   ],
   [
    0.6654267311096191,
    0.735731303691864,
    0.12612195312976837
   ]
  ]
 },
 {
  "rotation_euler": [
   0.0003794549556914717,
   1.2678069651883561e-06,
   2.7930610179901123
  ],
  "euler_order": "XYZ",
  "rotation_matrix": [
   [
    -0.9398751854896545,
    -0.3415180742740631,
    0.00012839914415962994
   ],
   [
    0.3415181040763855,
    -0.9398751258850098,
    0.00035707326605916023
   ],
   [
    -1.2678069651883561e-06,
    0.0003794549556914717,
    0.9999999403953552
   ]
  ]
 },
 {
  "rotation_euler": [
   1.2828229665756226,
   -0.22137901186943054,
   -0.2364264726638794
  ],
  "euler_order": "XYZ",
  "rotation_matrix": [
   [
    0.9484556913375854,
    -0.13815303146839142,
    -0.2852114140987396
   ],
   [
    -0.22851376235485077,
    0.3254220485687256,
    -0.9175412654876709
   ],
   [
    0.2195751965045929,
    0.9354219436645508,
    0.2770785391330719
   ]
  ]
 },
 {
  "rotation_euler": [
   0.00038797996239736676,
   5.442565452540293e-06,
   -0.5206840634346008
  ],
  "euler_order": "XYZ",
  "rotation_matrix": [
   [
    0.8674790859222412,
    0.4974736273288727,
    -0.00018828849715646356
   ],
   [
    -0.49747365713119507,
    0.8674790263175964,
    -0.0003392720245756209
   ],
   [
    -5.442565452540293e-06,
    0.00038797996239736676,
    0.9999999403953552
   ]
  ]
 },
 {
  "rotation_euler": [
   0.0003746702859643847,
   3.0140163289615884e-06,
   0.13748770952224731
  ],
  "euler_order": "XYZ",
  "rotation_matrix": [
   [
    0.9905634522438049,
    -0.1370549499988556,
    5.433599653770216e-05
   ],
   [
    0.13705496490001678,
    0.9905633926391602,
    -0.0003707215946633369
   ],
   [
    -3.0140163289615884e-06,
    0.0003746702859643847,
    0.9999999403953552
   ]
  ]
 },
 {
  "rotation_euler": [
   0.5156022310256958,
   -8.059128617787792e-07,
   -1.5039215087890625
  ],
  "euler_order": "XYZ",
  "rotation_matrix": [
   [
    0.06682498008012772,
    0.8680512309074402,
    -0.49195680022239685
   ],
   [
    -0.9977647066116333,
    0.058137860149145126,
    -0.032947950065135956
   ],
   [
    8.059128617787792e-07,
    0.4930588901042938,
    0.8699959516525269
   ]
  ]
 },
 {
  "rotation_euler": [
   -1.7391231060028076,
   -2.4106459617614746,
   -0.2519192695617676
  ],
  "euler_order": "XYZ",
  "rotation_matrix": [
   [
    -0.7210418581962585,
    0.5956061482429504,
    0.35405078530311584
   ],
   [
    0.18558703362941742,
    -0.3262948989868164,
    0.926870584487915
   ],
   [
    0.6675747632980347,
    0.7340197563171387,
    0.12473548948764801
   ]
  ]
 },
 {
  "rotation_euler": [
   -1.7736505270004272,
   -2.493011236190796,
   -0.11768529564142227
  ],
  "euler_order": "XYZ",
  "rotation_matrix": [
   [
    -0.7914291024208069,
    0.5639232397079468,
    0.23586130142211914
   ],
   [
    0.09357195347547531,
    -0.2695426046848297,
    0.9584315419197083
   ],
   [
    0.6040564775466919,
    0.7806006669998169,
    0.16055648028850555
   ]
  ]
 }
]