[
 {
  "rotation_euler": [
   -0.5356305241584778,
   -0.5132451057434082,
   -0.06724663078784943
  ],
  "euler_order": "XYZ",
  "rotation_matrix": [
   [
    0.8691867589950562,
    0.30782026052474976,
    -0.3869898021221161
   ],
   [
    -0.05853814631700516,
    0.8411639332771301,
    0.5376026034355164
   ],
   [
    0.4910068213939667,
    -0.4446233808994293,
    0.7491477727890015
   ]
  ]
 },
 {
  "rotation_euler": [
   -0.4951373338699341,
   -0.2188500463962555,
   -2.575003147125244
  ],
  "euler_order": "XYZ",
  "rotation_matrix": [
   [
    -0.8236114978790283,
    0.3852558434009552,
    0.41622358560562134
   ],
   [
    -0.5239547491073608,
    -0.7977780699729919,
    -0.2983648478984833
   ],
   [
    0.21710723638534546,
    -0.46381905674934387,
    0.8589158058166504
   ]
  ]
 },
 {
  "rotation_euler": [
   -0.4959756135940552,
   -0.22570085525512695,
   2.4757320880889893
  ],
  "euler_order": "XYZ",
  "rotation_matrix": [
   [
    -0.766440749168396,
    -0.6270512938499451,
    -0.13919490575790405
   ],
   [
    0.6020687818527222,
    -0.6258414387702942,
    -0.49581819772720337
   ],
   [
    0.2237894982099533,
    -0.4638201892375946,
    0.8571984171867371
   ]
  ]
 },
 {
  "rotation_euler": [
   -0.5356330275535583,
   -0.5132588148117065,
   1.826682209968567
  ],
  "euler_order": "XYZ",
  "rotation_matrix": [
   [
    -0.22049002349376678,
    -0.89537513256073,
    -0.38689467310905457
   ],
   [
    0.8427839279174805,
    0.024794451892375946,
    -0.5376806855201721
   ],
   [
    0.49101877212524414,
    -0.44462183117866516,
    0.7491408586502075
   ]
  ]
 },
 {
  "rotation_euler": [
   -0.5356306433677673,
   -0.51324462890625,
   -1.9220818281173706
  ],
  "euler_order": "XYZ",
  "rotation_matrix": [
   [
    -0.29976919293403625,
    0.7211976647377014,
    0.6245096921920776
   ],
   [
    -0.8179554343223572,
    -0.5312097072601318,
    0.22082822024822235
   ],
   [
    0.49100640416145325,
    -0.44462358951568604,
    0.749147891998291
   ]
  ]
 },
 {
  "rotation_euler": [
   -0.5356305241584778,
   -0.5132447481155396,
   1.341973066329956
  ],
  "euler_order": "XYZ",
  "rotation_matrix": [
   [
    0.197605699300766,
    -0.7806872725486755,
    -0.5928570032119751
   ],
   [
    0.8484483361244202,
    0.43913254141807556,
    -0.29546239972114563
   ],
   [
    0.4910064935684204,
    -0.4446234703063965,
    0.749147891998291
   ]
  ]
 },
 {
  "rotation_euler": [
   -0.5356306433677673,
   -0.5132447481155396,
   -0.03014872968196869
  ],
  "euler_order": "XYZ",
  "rotation_matrix": [
   [
    0.8707600235939026,
    0.2764101028442383,
    -0.40666258335113525
   ],
   [
    -0.026260266080498695,
    0.852001965045929,
    0.5228796005249023
   ],
   [
    0.4910064935684204,
    -0.44462355971336365,
    0.7491478323936462
   ]
  ]
 },
 {
  "rotation_euler": [
   -0.5356305241584778,
   -0.5132447481155396,
   -2.605839252471924
  ],
  "euler_order": "XYZ",
  "rotation_matrix": [
   [
    -0.749093234539032,
    0.2235051691532135,
    0.6236222386360168
   ],
   [
    -0.4447155296802521,
    -0.8673842549324036,
    -0.22332195937633514
   ],
   [
    0.4910064935684204,
    -0.4446234703063965,
    0.749147891998291
   ]
  ]
 },
 {
  "rotation_euler": [
   -0.5147546529769897,
   0.23140017688274384,
   -1.4745053052902222
  ],
  "euler_order": "XYZ",
  "rotation_matrix": [
   [
    0.0935797318816185,
    0.8555260896682739,
    0.5092326998710632
   ],
   [
    -0.968837320804596,
    0.19606977701187134,
    -0.1513635516166687
   ],
   [
    -0.229340597987175,
    -0.479199081659317,
    0.8472137451171875
   ]
  ]
 },
 {
  "rotation_euler": [
   -0.4992658495903015,
   0.14324431121349335,
   -1.7685695886611938
  ],
  "euler_order": "XYZ",
  "rotation_matrix": [
   [
    -0.19447408616542816,
    0.8742498159408569,
    0.4448224902153015
   ],
   [
    -0.9704642295837402,
    -0.105486199259758,
    -0.2169603854417801
   ],
   [
    -0.1427549421787262,
    -0.473877489566803,
    0.8689425587654114
   ]
  ]
 },
 {
  "rotation_euler": [
   -0.47505447268486023,
   0.07531588524580002,
   1.2230393886566162
  ],
  "euler_order": "XYZ",
  "rotation_matrix": [
   [
    0.33982378244400024,
    -0.8477643728256226,
    -0.4072043001651764
   ],
   [
    0.9374743103981018,
    0.270697683095932,
    0.21878008544445038
   ],
   [
    -0.07524470239877701,
    -0.4560902416706085,
    0.8867468237876892
   ]
  ]
 },
 {
  "rotation_euler": [
   -0.5585569143295288,
   0.4506131112575531,
   0.7620604038238525
  ],
  "euler_order": "XYZ",
  "rotation_matrix": [
   [
    0.6512039303779602,
    -0.7524550557136536,
    -0.09871620684862137
   ],
   [
    0.6214965581893921,
    0.45411789417266846,
    0.6383721232414246
   ],
   [
    -0.4355175197124481,
    -0.4770622253417969,
    0.7633715271949768
   ]
  ]
 },
 {
  "rotation_euler": [
   -0.49747636914253235,
   -0.2379075139760971,
   1.4761985540390015
  ],
  "euler_order": "XYZ",
  "rotation_matrix": [
   [
    0.09179620444774628,
    -0.8642376065254211,
    -0.4946380853652954
   ],
   [
    0.9674881100654602,
    0.19496850669384003,
    -0.16110239923000336
   ],
   [
    0.2356695979833603,
    -0.4637678861618042,
    0.8540369868278503
   ]
  ]
 },
 {
  "rotation_euler": [
   -0.5356305241584778,
   -0.51324462890625,
   -3.081676721572876
  ],
  "euler_order": "XYZ",
  "rotation_matrix": [
   [
    -0.8695927262306213,
    -0.19865810871124268,
    0.4520435929298401
   ],
   [
    -0.052164897322654724,
    -0.8734099268913269,
    -0.48418378829956055
   ],
   [
    0.49100640416145325,
    -0.44462350010871887,
    0.7491479516029358
   ]
  ]
 },
 {
  "rotation_euler": [
   -0.5653269290924072,
   0.4795494079589844,
   -0.5077697038650513
  ],
  "euler_order": "XYZ",
  "rotation_matrix": [
   [
    0.7752655148506165,
    0.19460511207580566,
    0.6009095311164856
   ],
   [
    -0.43138426542282104,
    0.8580499291419983,
    0.27867162227630615
   ],
   [
    -0.4613794684410095,
    -0.4752674102783203,
    0.7491661310195923
   ]
  ]
 },
 {
  "rotation_euler": [
   -0.535630464553833,
   -0.5132447481155396,
   2.277736186981201
  ],
  "euler_order": "XYZ",
  "rotation_matrix": [
   [
    -0.5658245086669922,
    -0.8166314959526062,
    -0.11382264643907547
   ],
   [
    0.6623860001564026,
    -0.3679986000061035,
    -0.652550220489502
   ],
   [
    0.4910064935684204,
    -0.4446234405040741,
    0.7491479516029358
   ]
  ]
 }
]