[
 {
  "rotation_euler": [
   0.00861351191997528,
   0.11854296922683716,
   -2.968815326690674
  ],
  "euler_order": "XYZ",
  "rotation_matrix": [
   [
    -0.9781975746154785,
    0.1709091067314148,
    -0.11798117309808731
   ],
   [
    -0.1707124561071396,
    -0.9852496981620789,
    -0.01184617355465889
   ],
   [
    -0.11826552450656891,
    0.008552956394851208,
    0.9929451942443848
   ]
  ]
 },
 {
  "rotation_euler": [
   0.008616233244538307,
   0.11852941662073135,
   -1.3175790309906006
  ],
  "euler_order": "XYZ",
  "rotation_matrix": [
   [
    0.24876220524311066,
    0.9683307409286499,
    0.021282032132148743
   ],
   [
    -0.9613187909126282,
    0.24952426552772522,
    -0.11663544178009033
   ],
   [
    -0.11825206875801086,
    0.008555672131478786,
    0.9929467439651489
   ]
  ]
 },
 {
  "rotation_euler": [
   0.00861372984945774,
   0.11852385103702545,
   -0.03558948263525963
  ],
  "euler_order": "XYZ",
  "rotation_matrix": [
   [
    0.992355465888977,
    0.03659853711724281,
    0.11786079406738281
   ],
   [
    -0.0353323370218277,
    0.9992934465408325,
    -0.01281545776873827
   ],
   [
    -0.11824654042720795,
    0.008553192019462585,
    0.9929474592208862
   ]
  ]
 },
 {
  "rotation_euler": [
   0.008614989928901196,
   0.11853993684053421,
   -2.519523859024048
  ],
  "euler_order": "XYZ",
  "rotation_matrix": [
   [
    -0.8069716095924377,
    0.581868052482605,
    -0.10112543404102325
   ],
   [
    -0.5786283612251282,
    -0.8132382035255432,
    -0.061910003423690796
   ],
   [
    -0.11826251447200775,
    0.008554426953196526,
    0.9929454922676086
   ]
  ]
 },
 {
  "rotation_euler": [
   1.728527545928955,
   -1.4153635501861572,
   0.586365282535553
  ],
  "euler_order": "XYZ",
  "rotation_matrix": [
   [
    0.12894819676876068,
    -0.7257831692695618,
    0.6757300496101379
   ],
   [
    0.08566083014011383,
    -0.6707195043563843,
    -0.7367479801177979
   ],
   [
    0.9879446029663086,
    0.15288592875003815,
    -0.024316878989338875
   ]
  ]
 },
 {
  "rotation_euler": [
   0.00861462764441967,
   0.1185406967997551,
   -1.1489214897155762
  ],
  "euler_order": "XYZ",
  "rotation_matrix": [
   [
    0.4065980613231659,
    0.9127061367034912,
    0.04056443274021149
   ],
   [
    -0.9059204459190369,
    0.4085269868373871,
    -0.11141768097877502
   ],
   [
    -0.11826327443122864,
    0.00855406653136015,
    0.9929454326629639
   ]
  ]
 },
 {
  "rotation_euler": [
   0.00861412100493908,
   0.11854126304388046,
   0.9928588271141052
  ],
  "euler_order": "XYZ",
  "rotation_matrix": [
   [
    0.5424637794494629,
    -0.8370035886764526,
    0.07181987166404724
   ],
   [
    0.8317131400108337,
    0.5471305847167969,
    0.09434725344181061
   ],
   [
    -0.11826383322477341,
    0.008553562685847282,
    0.9929453730583191
   ]
  ]
 },
 {
  "rotation_euler": [
   0.008616260252892971,
   0.11853170394897461,
   0.959080159664154
  ],
  "euler_order": "XYZ",
  "rotation_matrix": [
   [
    0.570243775844574,
    -0.8180481791496277,
    0.07496152073144913
   ],
   [
    0.8129193782806396,
    0.5750860571861267,
    0.09185891598463058
   ],
   [
    -0.11825434118509293,
    0.008555697277188301,
    0.9929465055465698
   ]
  ]
 },
 {
  "rotation_euler": [
   -0.1813534051179886,
   -1.6812186241149902,
   -1.8703347444534302
  ],
  "euler_order": "XYZ",
  "rotation_matrix": [
   [
    0.03251715004444122,
    0.8869068622589111,
    0.4608023762702942
   ],
   [
    0.1052912250161171,
    -0.4615204930305481,
    0.8808590173721313
   ],
   [
    0.9939096570014954,
    0.0198754221200943,
    -0.10839084535837173
   ]
  ]
 },
 {
  "rotation_euler": [
   -0.6477243304252625,
   -1.674524188041687,
   -1.7113255262374878
  ],
  "euler_order": "XYZ",
  "rotation_matrix": [
   [
    0.014502822421491146,
    0.7055391073226929,
    0.7085225582122803
   ],
   [
    0.10252123326063156,
    -0.7059118151664734,
    0.7008408308029175
   ],
   [
    0.9946250915527344,
    0.06247444078326225,
    -0.08257045596837997
   ]
  ]
 },
 {
  "rotation_euler": [
   0.008613626472651958,
   0.11852417886257172,
   -1.4847463369369507
  ],
  "euler_order": "XYZ",
  "rotation_matrix": [
   [
    0.08534087240695953,
    0.9963505864143372,
    0.001580562675371766
   ],
   [
    -0.9893101453781128,
    0.08492588996887207,
    -0.11854526400566101
   ],
   [
    -0.11824686825275421,
    0.008553089573979378,
    0.9929473996162415
   ]
  ]
 },
 {
  "rotation_euler": [
   0.008614744991064072,
   0.11854061484336853,
   -2.2637500762939453
  ],
  "euler_order": "XYZ",
  "rotation_matrix": [
   [
    -0.6343294382095337,
    0.768683135509491,
    -0.08217297494411469
   ],
   [
    -0.7639633417129517,
    -0.6395725607872009,
    -0.08548074960708618
   ],
   [
    -0.11826319247484207,
    0.008554182946681976,
    0.9929454326629639
   ]
  ]
 },
 {
  "rotation_euler": [
   0.541077196598053,
   -2.143108606338501,
   1.905601143836975
  ],
  "euler_order": "XYZ",
  "rotation_matrix": [
   [
    0.17795409262180328,
    -0.6672880053520203,
    0.7232282161712646
   ],
   [
    -0.5115059614181519,
    -0.6905915141105652,
    -0.5113169550895691
   ],
   [
    0.8406509160995483,
    -0.27894461154937744,
    -0.46421536803245544
   ]
  ]
 },
 {
  "rotation_euler": [
   1.7676042318344116,
   -1.4216060638427734,
   -0.7270934581756592
  ],
  "euler_order": "XYZ",
  "rotation_matrix": [
   [
    0.11104844510555267,
    -0.8545238375663757,
    -0.5074024796485901
   ],
   [
    -0.0987994447350502,
    0.4985385835170746,
    -0.8612188696861267
   ],
   [
    0.9888917803764343,
    0.14576810598373413,
    -0.029064543545246124
   ]
  ]
 },
 {
  "rotation_euler": [
   0.00861454289406538,
   0.11852776259183884,
   2.3681259155273438
  ],
  "euler_order": "XYZ",
  "rotation_matrix": [
   [
    -0.7104730010032654,
    -0.6993227601051331,
    -0.07858600467443466
   ],
   [
    0.6937181949615479,
    -0.7147548198699951,
    0.08877260237932205
   ],
   [
    -0.11825042963027954,
    0.008553995750844479,
    0.992946982383728
   ]
  ]
 },
 {
  "rotation_euler": [
   0.008614213205873966,
   0.11854015290737152,
   -2.9717366695404053
  ],
  "euler_order": "XYZ",
  "rotation_matrix": [
   [
    -0.9786924719810486,
    0.16803006827831268,
    -0.11801263689994812
   ],
   [
    -0.16785414516925812,
    -0.9857447743415833,
    -0.01150029618293047
   ],
   [
    -0.11826273053884506,
    0.008553655818104744,
    0.9929454922676086
   ]
  ]
 }
]