[
 {
  "rotation_euler": [
   -1.6140879392623901,
   7.446720928783179e-07,
   2.621593713760376
  ],
  "euler_order": "XYZ",
  "rotation_matrix": [
   [
    -0.8678197264671326,
    0.021504629403352737,
    -0.4964136481285095
   ],
   [
    0.4968792200088501,
    0.0375572107732296,
    -0.8670066595077515
   ],
   [
    -7.446720928783179e-07,
    -0.9990630745887756,
    -0.04327809065580368
   ]
  ]
 },
 {
  "rotation_euler": [
   1.5707963705062866,
   -1.4688015426145284e-07,
   -3.025923252105713
  ],
  "euler_order": "XYZ",
  "rotation_matrix": [
   [
    -0.993317723274231,
    1.4085385657836014e-07,
    -0.11541163921356201
   ],
   [
    -0.11541163921356201,
    6.037097932676261e-08,
    0.993317723274231
   ],
   [
    1.4688015426145284e-07,
    1.0,
    -4.371138828673793e-08
   ]
  ]
 },
 {
  "rotation_euler": [
   -1.6140873432159424,
   1.6587770005571656e-05,
   0.6177626848220825
  ],
  "euler_order": "XYZ",
  "rotation_matrix": [
   [
    0.8151763677597046,
    0.025053370743989944,
    -0.5786707401275635
   ],
   [
    0.5792127847671509,
    -0.03528838977217674,
    0.8144122362136841
   ],
   [
    -1.6587770005571656e-05,
    -0.9990630745887756,
    -0.043277494609355927
   ]
  ]
 },
 {
  "rotation_euler": [
   -0.13806882500648499,
   0.018108468502759933,
   -2.014934539794922
  ],
  "euler_order": "XYZ",
  "rotation_matrix": [
   [
    -0.42960941791534424,
    0.895458996295929,
    0.11657145619392395
   ],
   [
    -0.9028332233428955,
    -0.42334049940109253,
    -0.07533220201730728
   ],
   [
    -0.018107479438185692,
    -0.13760800659656525,
    0.9903212189674377
   ]
  ]
 },
 {
  "rotation_euler": [
   -1.614087700843811,
   -3.629458262821572e-07,
   -2.8957858085632324
  ],
  "euler_order": "XYZ",
  "rotation_matrix": [
   [
    -0.9699413180351257,
    -0.010531540960073471,
    0.24311098456382751
   ],
   [
    -0.24333900213241577,
    0.04197688773274422,
    -0.9690325260162354
   ],
   [
    3.629458262821572e-07,
    -0.9990630745887756,
    -0.04327785223722458
   ]
  ]
 },
 {
  "rotation_euler": [
   -1.6140879392623901,
   -4.006160736480524e-07,
   -2.6913092136383057
  ],
  "euler_order": "XYZ",
  "rotation_matrix": [
   [
    -0.9003238081932068,
    -0.0188358835875988,
    0.4348129630088806
   ],
   [
    -0.43522074818611145,
    0.03896411880850792,
    -0.8994802236557007
   ],
   [
    4.006160736480524e-07,
    -0.9990630745887756,
    -0.04327809065580368
   ]
  ]
 },
 {
  "rotation_euler": [
   1.5707963705062866,
   2.711328761506593e-08,
   -0.5692492127418518
  ],
  "euler_order": "XYZ",
  "rotation_matrix": [
   [
    0.8423058986663818,
    -7.227490828043415e-10,
    -0.5389997959136963
   ],
   [
    -0.5389997959136963,
    -5.1432419212460445e-08,
    -0.8423058986663818
   ],
   [
    -2.711328761506593e-08,
    1.0,
    -4.371138828673793e-08
   ]
  ]
 },
 {
  "rotation_euler": [
   -1.6140880584716797,
   -4.653134055843111e-07,
   1.7230511903762817
  ],
  "euler_order": "XYZ",
  "rotation_matrix": [
   [
    -0.1516672968864441,
    0.04277747869491577,
    -0.9875054955482483
   ],
   [
    0.9884315729141235,
    0.006564348470419645,
    -0.15152516961097717
   ],
   [
    4.653134055843111e-07,
    -0.9990630745887756,
    -0.04327820986509323
   ]
  ]
 },
 {
  "rotation_euler": [
   -1.614087462425232,
   1.9629487724159844e-06,
   3.025287389755249
  ],
  "euler_order": "XYZ",
  "rotation_matrix": [
   [
    -0.9932441711425781,
    0.005024021957069635,
    -0.11593442410230637
   ],
   [
    0.11604323238134384,
    0.042985010892152786,
    -0.9923135638237
   ],
   [
    -1.9629487724159844e-06,
    -0.9990630745887756,
    -0.04327761381864548
   ]
  ]
 },
 {
  "rotation_euler": [
   1.570796251296997,
   6.071677915997498e-08,
   2.576870918273926
  ],
  "euler_order": "XYZ",
  "rotation_matrix": [
   [
    -0.8447375297546387,
    -9.169476555825895e-08,
    0.5351807475090027
   ],
   [
    0.5351807475090027,
    -3.128145920072711e-08,
    0.8447375297546387
   ],
   [
    -6.071677915997498e-08,
    1.0,
    7.549790126404332e-08
   ]
  ]
 },
 {
  "rotation_euler": [
   -1.6140880584716797,
   3.1428737656824524e-07,
   0.8319686055183411
  ],
  "euler_order": "XYZ",
  "rotation_matrix": [
   [
    0.6734217405319214,
    0.031993571668863297,
    -0.7385658621788025
   ],
   [
    0.7392585277557373,
    -0.02914472110569477,
    0.6727907657623291
   ],
   [
    -3.1428737656824524e-07,
    -0.9990630745887756,
    -0.04327820986509323
   ]
  ]
 },
 {
  "rotation_euler": [
   1.5707963705062866,
   5.342912601236094e-08,
   -1.37302827835083
  ],
  "euler_order": "XYZ",
  "rotation_matrix": [
   [
    0.1964813768863678,
    -3.2361519686219253e-08,
    -0.9805075526237488
   ],
   [
    -0.9805075526237488,
    -6.097613436395477e-08,
    -0.1964813768863678
   ],
   [
    -5.342912601236094e-08,
    1.0,
    -4.371138828673793e-08
   ]
  ]
 },
 {
  "rotation_euler": [
   1.5707963705062866,
   -2.0730581695715955e-08,
   -0.3612564504146576
  ],
  "euler_order": "XYZ",
  "rotation_matrix": [
   [
    0.935453474521637,
    -3.484228017214264e-08,
    -0.35344985127449036
   ],
   [
    -0.35344985127449036,
    -3.3562749024440564e-08,
    -0.935453474521637
   ],
   [
    2.0730581695715955e-08,
    1.0,
    -4.371138828673793e-08
   ]
  ]
 },
 {
  "rotation_euler": [
   -1.6140882968902588,
   -2.1878221900806238e-07,
   2.9599294662475586
  ],
  "euler_order": "XYZ",
  "rotation_matrix": [
   [
    -0.9835445880889893,
    0.007818713784217834,
    -0.18049637973308563
   ],
   [
    0.18066564202308655,
    0.04256632179021835,
    -0.9826230406761169
   ],
   [
    2.1878221900806238e-07,
    -0.9990630745887756,
    -0.04327844828367233
   ]
  ]
 },
 {
  "rotation_euler": [
   1.5707963705062866,
   -1.232158979291853e-07,
   -2.055248498916626
  ],
  "euler_order": "XYZ",
  "rotation_matrix": [
   [
    -0.4657236337661743,
    1.8703026682942436e-08,
    -0.8849301934242249
   ],
   [
    -0.8849301934242249,
    1.2939490545704757e-07,
    0.4657236337661743
   ],
   [
    1.232158979291853e-07,
    1.0,
    -4.371138828673793e-08
   ]
  ]
 },
 {
  "rotation_euler": [
   -1.6140879392623901,
   -8.720324444766447e-07,
   -0.15589667856693268
  ],
  "euler_order": "XYZ",
  "rotation_matrix": [
   [
    0.9878727197647095,
    -0.006718753837049007,
    0.15512052178382874
   ],
   [
    -0.15526597201824188,
    -0.04275337979197502,
    0.9869471192359924
   ],
   [
    8.720324444766447e-07,
    -0.9990630745887756,
    -0.04327809065580368
   ]
  ]
 }
]