[
 {
  "rotation_euler": [
   0.09159089624881744,
   0.10219369828701019,
   -1.6307326555252075
  ],
  "euler_order": "XYZ",
  "rotation_matrix": [
   [
    -0.05958793684840202,
    0.9934614300727844,
    -0.09738384187221527
   ],
   [
    -0.9929965138435364,
    -0.06896328926086426,
    -0.09592723101377487
   ],
   [
    -0.1020159125328064,
    0.09098570793867111,
    0.9906131029129028
   ]
  ]
 },
 {
  "rotation_euler": [
   0.09159092605113983,
   0.10219372063875198,
   0.010914888232946396
  ],
  "euler_order": "XYZ",
  "rotation_matrix": [
   [
    0.9947234988212585,
    -0.0015388027532026172,
    0.10258056968450546
   ],
   [
    0.010857727378606796,
    0.9958509802818298,
    -0.09034866839647293
   ],
   [
    -0.10201593488454819,
    0.0909857377409935,
    0.9906131029129028
   ]
  ]
 },
 {
  "rotation_euler": [
   0.09159090369939804,
   0.1021936908364296,
   -0.7886949777603149
  ],
  "euler_order": "XYZ",
  "rotation_matrix": [
   [
    0.7010948061943054,
    0.7130365371704102,
    0.006709663663059473
   ],
   [
    -0.7057328224182129,
    0.6951981782913208,
    -0.13653068244457245
   ],
   [
    -0.1020159050822258,
    0.09098571538925171,
    0.9906131029129028
   ]
  ]
 },
 {
  "rotation_euler": [
   0.09159091114997864,
   0.10219369828701019,
   0.9373072981834412
  ],
  "euler_order": "XYZ",
  "rotation_matrix": [
   [
    0.5888720154762268,
    -0.7970654368400574,
    0.13385234773159027
   ],
   [
    0.8017621040344238,
    0.5969994068145752,
    0.027734413743019104
   ],
   [
    -0.1020159125328064,
    0.0909857228398323,
    0.9906131029129028
   ]
  ]
 },
 {
  "rotation_euler": [
   0.09159091114997864,
   0.102193683385849,
   -0.7003874778747559
  ],
  "euler_order": "XYZ",
  "rotation_matrix": [
   [
    0.7606034278869629,
    0.6489466428756714,
    0.018724527209997177
   ],
   [
    -0.6411514282226562,
    0.7553739547729492,
    -0.13540692627429962
   ],
   [
    -0.1020158976316452,
    0.0909857228398323,
    0.9906131029129028
   ]
  ]
 },
 {
  "rotation_euler": [
   0.09159091860055923,
   0.10219366103410721,
   -1.7094504833221436
  ],
  "euler_order": "XYZ",
  "rotation_matrix": [
   [
    -0.13748924434185028,
    0.9849620461463928,
    -0.10462568700313568
   ],
   [
    -0.9852357506752014,
    -0.1468721181154251,
    -0.08797220140695572
   ],
   [
    -0.10201587527990341,
    0.0909857302904129,
    0.9906131029129028
   ]
  ]
 },
 {
  "rotation_euler": [
   0.09159088879823685,
   0.10219369828701019,
   -2.0829176902770996
  ],
  "euler_order": "XYZ",
  "rotation_matrix": [
   [
    -0.48747095465660095,
    0.8634808659553528,
    -0.12950991094112396
   ],
   [
    -0.8671590685844421,
    -0.49610722064971924,
    -0.04373590275645256
   ],
   [
    -0.1020159125328064,
    0.09098570048809052,
    0.9906131029129028
   ]
  ]
 },
 {
  "rotation_euler": [
   0.09159089624881744,
   0.1021936684846878,
   3.0065693855285645
  ],
  "euler_order": "XYZ",
  "rotation_matrix": [
   [
    -0.9857284426689148,
    -0.14329487085342407,
    -0.08835151791572571
   ],
   [
    0.13391105830669403,
    -0.9854888319969177,
    0.10430555790662766
   ],
   [
    -0.10201588273048401,
    0.09098570793867111,
    0.9906131029129028
   ]
  ]
 },
 {
  "rotation_euler": [
   0.09159091860055923,
   0.1021936908364296,
   -0.9705805778503418
  ],
  "euler_order": "XYZ",
  "rotation_matrix": [
   [
    0.561873733997345,
    0.8270250558853149,
    -0.018097296357154846
   ],
   [
    -0.8209084272384644,
    0.5547532439231873,
    -0.135492205619812
   ],
   [
    -0.1020159050822258,
    0.0909857302904129,
    0.9906131029129028
   ]
  ]
 },
 {
  "rotation_euler": [
   0.09159092605113983,
   0.1021936908364296,
   1.2251864671707153
  ],
  "euler_order": "XYZ",
  "rotation_matrix": [
   [
    0.33700308203697205,
    -0.9337643980979919,
    0.12046975642442703
   ],
   [
    0.9359602928161621,
    0.34612950682640076,
    0.06459634751081467
   ],
   [
    -0.1020159050822258,
    0.0909857377409935,
    0.9906131029129028
   ]
  ]
 },
 {
  "rotation_euler": [
   0.09159092605113983,
   0.10219371318817139,
   0.6912652254104614
  ],
  "euler_order": "XYZ",
  "rotation_matrix": [
   [
    0.7664204835891724,
    -0.6276516318321228,
    0.13657647371292114
   ],
   [
    0.6341864466667175,
    0.7731591463088989,
    -0.005702871363610029
   ],
   [
    -0.10201592743396759,
    0.0909857377409935,
    0.9906131029129028
   ]
  ]
 },
 {
  "rotation_euler": [
   0.09159091860055923,
   0.102193683385849,
   1.3167248964309692
  ],
  "euler_order": "XYZ",
  "rotation_matrix": [
   [
    0.25003543496131897,
    -0.9614949226379395,
    0.11406058073043823
   ],
   [
    0.9628473520278931,
    0.2593243718147278,
    0.07533811032772064
   ],
   [
    -0.1020158976316452,
    0.0909857302904129,
    0.9906131029129028
   ]
  ]
 },
 {
  "rotation_euler": [
   0.09159089624881744,
   0.102193683385849,
   -1.3747295141220093
  ],
  "euler_order": "XYZ",
  "rotation_matrix": [
   [
    0.19379663467407227,
    0.9785469174385071,
    -0.06991977989673615
   ],
   [
    -0.975723147392273,
    0.18484455347061157,
    -0.11746007204055786
   ],
   [
    -0.1020158976316452,
    0.09098570793867111,
    0.9906131029129028
   ]
  ]
 },
 {
  "rotation_euler": [
   0.09159097075462341,
   0.10219299048185349,
   1.0248770713806152
  ],
  "euler_order": "XYZ",
  "rotation_matrix": [
   [
    0.5164951682090759,
    -0.8462235927581787,
    0.13091354072093964
   ],
   [
    0.8501915335655212,
    0.525002121925354,
    0.03933395445346832
   ],
   [
    -0.10201521217823029,
    0.09098578989505768,
    0.9906131625175476
   ]
  ]
 },
 {
  "rotation_euler": [
   0.09159092605113983,
   0.10219370573759079,
   0.8358650803565979
  ],
  "euler_order": "XYZ",
  "rotation_matrix": [
   [
    0.6670377850532532,
    -0.7325106859207153,
    0.13597287237644196
   ],
   [
    0.7380062937736511,
    0.6746478080749512,
    0.014036827720701694
   ],
   [
    -0.102015919983387,
    0.0909857377409935,
    0.9906131029129028
   ]
  ]
 },
 {
  "rotation_euler": [
   0.09159086644649506,
   0.102193683385849,
   -2.2446610927581787
  ],
  "euler_order": "XYZ",
  "rotation_matrix": [
   [
    -0.6207550168037415,
    0.7723181247711182,
    -0.13486270606517792
   ],
   [
    -0.7773390412330627,
    -0.6286861896514893,
    -0.02230890840291977
   ],
   [
    -0.1020158976316452,
    0.09098567813634872,
    0.9906131029129028
   ]
  ]
 }
]