[
 {
  "rotation_euler": [
   -1.4999439716339111,
   0.5762266516685486,
   0.05720997229218483
  ],
  "euler_order": "XYZ",
  "rotation_matrix": [
   [
    0.8371527194976807,
    -0.5466554164886475,
    -0.018525825813412666
   ],
   [
    0.04794580489397049,
    0.03960079327225685,
    0.9980646371841431
   ],
   [
    -0.544863760471344,
    -0.8364207148551941,
    0.05936174467206001
   ]
  ]
 },
 {
  "rotation_euler": [
   3.9007223676890135e-05,
   -0.0001075730033335276,
   -2.242344379425049
  ],
  "euler_order": "XYZ",
  "rotation_matrix": [
   [
    -0.6221986413002014,
    0.7828593850135803,
    3.6394605558598414e-05
   ],
   [
    -0.7828593850135803,
    -0.6221986413002014,
    0.00010848477541003376
   ],
   [
    0.0001075730033335276,
    3.9007223676890135e-05,
    1.0
   ]
  ]
 },
 {
  "rotation_euler": [
   -1.495792031288147,
   0.4854497015476227,
   -1.3810126781463623
  ],
  "euler_order": "XYZ",
  "rotation_matrix": [
   [
    0.166851207613945,
    -0.014187551103532314,
    0.9858800172805786
   ],
   [
    -0.8685846924781799,
    0.47107598185539246,
    0.15377917885780334
   ],
   [
    -0.46660614013671875,
    -0.8819785118103027,
    0.06627650558948517
   ]
  ]
 },
 {
  "rotation_euler": [
   0.14472787082195282,
   0.6562787890434265,
   1.3752079010009766
  ],
  "euler_order": "XYZ",
  "rotation_matrix": [
   [
    0.15397241711616516,
    -0.9535755515098572,
    0.2588168680667877
   ],
   [
    0.777162492275238,
    0.2786351442337036,
    0.5642525553703308
   ],
   [
    -0.6101728677749634,
    0.11426343023777008,
    0.7839852571487427
   ]
  ]
 },
 {
  "rotation_euler": [
   7.11012544343248e-05,
   -9.636070899432525e-05,
   -1.1749061346054077
  ],
  "euler_order": "XYZ",
  "rotation_matrix": [
   [
    0.38562968373298645,
    0.9226536154747009,
    -0.00010276138345943764
   ],
   [
    -0.9226536154747009,
    0.38562968373298645,
    6.148880493128672e-05
   ],
   [
    9.636070899432525e-05,
    7.11012544343248e-05,
    1.0
   ]
  ]
 },
 {
  "rotation_euler": [
   3.10007635562215e-05,
   -0.00011043090489692986,
   1.7911075353622437
  ],
  "euler_order": "XYZ",
  "rotation_matrix": [
   [
    -0.21853332221508026,
    -0.9758294820785522,
    5.43842907063663e-05
   ],
   [
    0.9758294820785522,
    -0.21853332221508026,
    -0.0001009870320558548
   ],
   [
    0.00011043090489692986,
    3.10007635562215e-05,
    1.0
   ]
  ]
 },
 {
  "rotation_euler": [
   7.084495155140758e-05,
   -9.600660268915817e-05,
   2.4809999465942383
  ],
  "euler_order": "XYZ",
  "rotation_matrix": [
   [
    -0.7896286845207214,
    -0.6135849952697754,
    0.00011927896412089467
   ],
   [
    0.6135849952697754,
    -0.7896286845207214,
    -2.967002501463867e-06
   ],
   [
    9.600660268915817e-05,
    7.084495155140758e-05,
    1.0
   ]
  ]
 },
 {
  "rotation_euler": [
   0.1613498330116272,
   0.6569470763206482,
   2.301786184310913
  ],
  "euler_order": "XYZ",
  "rotation_matrix": [
   [
    -0.5286514759063721,
    -0.8003423810005188,
    -0.28280678391456604
   ],
   [
    0.5895510315895081,
    -0.5858915448188782,
    0.5560221672058105
   ],
   [
    -0.6107022166252136,
    0.12721288204193115,
    0.7815751433372498
   ]
  ]
 },
 {
  "rotation_euler": [
   0.00011794493184424937,
   -0.00010155820928048342,
   -0.5968891382217407
  ],
  "euler_order": "XYZ",
  "rotation_matrix": [
   [
    0.8270881175994873,
    0.562072217464447,
    -0.00015029116184450686
   ],
   [
    -0.562072217464447,
    0.8270881175994873,
    -4.046780304634012e-05
   ],
   [
    0.00010155820928048342,
    0.00011794493184424937,
    1.0
   ]
  ]
 },
 {
  "rotation_euler": [
   -1.4999037981033325,
   0.5761692523956299,
   2.4800405502319336
  ],
  "euler_order": "XYZ",
  "rotation_matrix": [
   [
    -0.6616538166999817,
    0.38528555631637573,
    -0.643248975276947
   ],
   [
    0.515160322189331,
    -0.38975274562835693,
    -0.7633496522903442
   ],
   [
    -0.5448156595230103,
    -0.8364495635032654,
    0.059397563338279724
   ]
  ]
 },
 {
  "rotation_euler": [
   3.0731276638107374e-05,
   -0.0001100707013392821,
   -1.8458188772201538
  ],
  "euler_order": "XYZ",
  "rotation_matrix": [
   [
    -0.27156862616539,
    0.9624190926551819,
    3.1538380085294193e-07
   ],
   [
    -0.9624190926551819,
    -0.27156862616539,
    0.00011427979188738391
   ],
   [
    0.0001100707013392821,
    3.0731276638107374e-05,
    1.0
   ]
  ]
 },
 {
  "rotation_euler": [
   7.294169336091727e-05,
   -9.539820166537538e-05,
   0.42248934507369995
  ],
  "euler_order": "XYZ",
  "rotation_matrix": [
   [
    0.9120710492134094,
    -0.4100321829319,
    -5.71014970773831e-05
   ],
   [
    0.4100321829319,
    0.9120710492134094,
    -0.00010564433614490554
   ],
   [
    9.539820166537538e-05,
    7.294169336091727e-05,
    1.0
   ]
  ]
 },
 {
  "rotation_euler": [
   -1.4999408721923828,
   0.5762273073196411,
   0.1884593963623047
  ],
  "euler_order": "XYZ",
  "rotation_matrix": [
   [
    0.8236773014068604,
    -0.5471373796463013,
    -0.1489843875169754
   ],
   [
    0.15709398686885834,
    -0.03227923810482025,
    0.9870560169219971
   ],
   [
    -0.5448643565177917,
    -0.8364201784133911,
    0.05936431139707565
   ]
  ]
 },
 {
  "rotation_euler": [
   1.501813530921936,
   0.5353708267211914,
   -1.9617998600006104
  ],
  "euler_order": "XYZ",
  "rotation_matrix": [
   [
    -0.32779040932655334,
    -0.13024203479290009,
    -0.9357299208641052
   ],
   [
    -0.7951667904853821,
    -0.4968045949935913,
    0.3476995527744293
   ],
   [
    -0.5101600289344788,
    0.8580338954925537,
    0.05928364396095276
   ]
  ]
 },
 {
  "rotation_euler": [
   2.8522545107989572e-05,
   -0.00011106028250651434,
   -2.413754940032959
  ],
  "euler_order": "XYZ",
  "rotation_matrix": [
   [
    -0.7466146349906921,
    0.6652567982673645,
    6.394441152224317e-05
   ],
   [
    -0.6652567982673645,
    -0.7466146349906921,
    9.517895523458719e-05
   ],
   [
    0.00011106028250651434,
    2.8522545107989572e-05,
    1.0
   ]
  ]
 },
 {
  "rotation_euler": [
   7.178010127972811e-05,
   -9.562607010593638e-05,
   -1.3052698373794556
  ],
  "euler_order": "XYZ",
  "rotation_matrix": [
   [
    0.26241734623908997,
    0.9649544954299927,
    -9.435846732230857e-05
   ],
   [
    -0.9649544954299927,
    0.26241734623908997,
    7.343845936702564e-05
   ],
   [
    9.562607010593638e-05,
    7.178010127972811e-05,
    1.0
   ]
  ]
 }
]