[
 {
  "rotation_euler": [
   5.954616062808782e-05,
   5.358317594073014e-07,
   3.138167142868042
  ],
  "euler_order": "XYZ",
  "rotation_matrix": [
   [
    -0.999994158744812,
    -0.003425504080951214,
    -3.318530161777744e-07
   ],
   [
    0.003425504080951214,
    -0.999994158744812,
    5.954764492344111e-05
   ],
   [
    -5.358317594073014e-07,
    5.954616062808782e-05,
    1.0
   ]
  ]
 },
 {
  "rotation_euler": [
   6.0077523812651634e-05,
   4.689128445534152e-07,
   -0.7867859601974487
  ],
  "euler_order": "XYZ",
  "rotation_matrix": [
   [
    0.7061247825622559,
    0.7080874443054199,
    -4.220902701490559e-05
   ],
   [
    -0.7080874443054199,
    0.7061247825622559,
    -4.2754258174682036e-05
   ],
   [
    -4.689128445534152e-07,
    6.0077523812651634e-05,
    1.0
   ]
  ]
 },
 {
  "rotation_euler": [
   6.024157119099982e-05,
   -2.229867845926492e-07,
   -3.073986053466797
  ],
  "euler_order": "XYZ",
  "rotation_matrix": [
   [
    -0.9977155327796936,
    0.06755510717630386,
    -3.847148491331609e-06
   ],
   [
    -0.06755510717630386,
    -0.9977155327796936,
    6.0119014960946515e-05
   ],
   [
    2.229867845926492e-07,
    6.024157119099982e-05,
    1.0
   ]
  ]
 },
 {
  "rotation_euler": [
   5.9994974435539916e-05,
   4.841883196604613e-07,
   3.018566608428955
  ],
  "euler_order": "XYZ",
  "rotation_matrix": [
   [
    -0.9924418330192566,
    -0.12271593511104584,
    6.881810804770794e-06
   ],
   [
    0.12271593511104584,
    -0.9924418330192566,
    5.9600941312965006e-05
   ],
   [
    -4.841883196604613e-07,
    5.9994974435539916e-05,
    1.0
   ]
  ]
 },
 {
  "rotation_euler": [
   6.000656503601931e-05,
   1.397348654563757e-07,
   2.666839361190796
  ],
  "euler_order": "XYZ",
  "rotation_matrix": [
   [
    -0.8894055485725403,
    -0.45711904764175415,
    2.7305863113724627e-05
   ],
   [
    0.45711904764175415,
    -0.8894055485725403,
    5.343404700397514e-05
   ],
   [
    -1.397348654563757e-07,
    6.000656503601931e-05,
    1.0
   ]
  ]
 },
 {
  "rotation_euler": [
   6.020988803356886e-05,
   4.010004772680986e-07,
   -3.034512996673584
  ],
  "euler_order": "XYZ",
  "rotation_matrix": [
   [
    -0.9942724704742432,
    0.10687514394521713,
    -6.8336439653648995e-06
   ],
   [
    -0.10687514394521713,
    -0.9942724704742432,
    5.982217408018187e-05
   ],
   [
    -4.010004772680986e-07,
    6.020988803356886e-05,
    1.0
   ]
  ]
 },
 {
  "rotation_euler": [
   6.06628782406915e-05,
   -2.8502224580506663e-08,
   -0.02767336182296276
  ],
  "euler_order": "XYZ",
  "rotation_matrix": [
   [
    0.9996170997619629,
    0.02766983024775982,
    -1.707022875052644e-06
   ],
   [
    -0.02766983024775982,
    0.9996170997619629,
    -6.0638863942585886e-05
   ],
   [
    2.8502224580506663e-08,
    6.06628782406915e-05,
    1.0
   ]
  ]
 },
 {
  "rotation_euler": [
   6.0162346926517785e-05,
   2.8782008598682296e-07,
   0.7636150121688843
  ],
  "euler_order": "XYZ",
  "rotation_matrix": [
   [
    0.7223408222198486,
    -0.6915372014045715,
    4.1812407289398834e-05
   ],
   [
    0.6915372014045715,
    0.7223408222198486,
    -4.325868212617934e-05
   ],
   [
    -2.8782008598682296e-07,
    6.0162346926517785e-05,
    1.0
   ]
  ]
 },
 {
  "rotation_euler": [
   6.034317266312428e-05,
   9.763920161276474e-07,
   -3.0609052181243896
  ],
  "euler_order": "XYZ",
  "rotation_matrix": [
   [
    -0.9967465400695801,
    0.08059991151094437,
    -5.836869604536332e-06
   ],
   [
    -0.08059991151094437,
    -0.9967465400695801,
    6.0068152379244566e-05
   ],
   [
    -9.763920161276474e-07,
    6.034317266312428e-05,
    1.0
   ]
  ]
 },
 {
  "rotation_euler": [
   6.0333481087582186e-05,
   6.049940566299483e-07,
   -0.32932257652282715
  ],
  "euler_order": "XYZ",
  "rotation_matrix": [
   [
    0.9462616443634033,
    0.32340207695961,
    -1.8939490473712794e-05
   ],
   [
    -0.32340207695961,
    0.9462616443634033,
    -5.7286913943244144e-05
   ],
   [
    -6.049940566299483e-07,
    6.0333481087582186e-05,
    1.0
   ]
  ]
 },
 {
  "rotation_euler": [
   6.397293327609077e-05,
   4.907287234345858e-07,
   2.3193445205688477
  ],
  "euler_order": "XYZ",
  "rotation_matrix": [
   [
    -0.6805757880210876,
    -0.732677698135376,
    4.653756332118064e-05
   ],
   [
    0.732677698135376,
    -0.6805757880210876,
    4.389797322801314e-05
   ],
   [
    -4.907287234345858e-07,
    6.397293327609077e-05,
    1.0
   ]
  ]
 },
 {
  "rotation_euler": [
   5.996204345137812e-05,
   4.488906313326879e-07,
   0.10171198844909668
  ],
  "euler_order": "XYZ",
  "rotation_matrix": [
   [
    0.9948318004608154,
    -0.10153670608997345,
    6.5349190663255285e-06
   ],
   [
    0.10153670608997345,
    0.9948318004608154,
    -5.9606569266179577e-05
   ],
   [
    -4.488906313326879e-07,
    5.996204345137812e-05,
    1.0
   ]
  ]
 },
 {
  "rotation_euler": [
   3.353561169205932e-06,
   -3.716377977980301e-05,
   -2.1104636192321777
  ],
  "euler_order": "XYZ",
  "rotation_matrix": [
   [
    -0.5138505697250366,
    0.8578796982765198,
    1.6219679309870116e-05
   ],
   [
    -0.8578796982765198,
    -0.5138505697250366,
    3.360527989570983e-05
   ],
   [
    3.716377977980301e-05,
    3.353561169205932e-06,
    1.0
   ]
  ]
 },
 {
  "rotation_euler": [
   6.086826033424586e-05,
   1.8009643554250943e-07,
   2.3555948734283447
  ],
  "euler_order": "XYZ",
  "rotation_matrix": [
   [
    -0.7066826820373535,
    -0.7075306177139282,
    4.293888923712075e-05
   ],
   [
    0.7075306177139282,
    -0.7066826820373535,
    4.314196849009022e-05
   ],
   [
    -1.8009643554250943e-07,
    6.086826033424586e-05,
    1.0
   ]
  ]
 },
 {
  "rotation_euler": [
   6.031475277268328e-05,
   -1.980851493499358e-06,
   -2.6684303283691406
  ],
  "euler_order": "XYZ",
  "rotation_matrix": [
   [
    -0.8901316523551941,
    0.4557034373283386,
    -2.5722421924001537e-05
   ],
   [
    -0.4557034373283386,
    -0.8901316523551941,
    5.459075327962637e-05
   ],
   [
    1.980851493499358e-06,
    6.031475277268328e-05,
    1.0
   ]
  ]
 },
 {
  "rotation_euler": [
   6.0016493080183864e-05,
   4.704900220531272e-07,
   -0.70003741979599
  ],
  "euler_order": "XYZ",
  "rotation_matrix": [
   [
    0.7648180723190308,
    0.6442462801933289,
    -3.830556306638755e-05
   ],
   [
    -0.6442462801933289,
    0.7648180723190308,
    -4.620481195161119e-05
   ],
   [
    -4.704900220531272e-07,
    6.0016493080183864e-05,
    1.0
   ]
  ]
 }
]