[
 {
  "rotation_euler": [
   0.9602696299552917,
   1.9335319995880127,
   -0.8781728148460388
  ],
  "euler_order": "XYZ",
  "rotation_matrix": [
   [
    -0.22658172249794006,
    0.9303512573242188,
    -0.2882833778858185
   ],
   [
    0.27307021617889404,
    -0.22343215346336365,
    -0.9356873035430908
   ],
   [
    -0.934929609298706,
    -0.2907312512397766,
    -0.2034255564212799
   ]
  ]
 },
 {
  "rotation_euler": [
   0.8859884738922119,
   1.967388391494751,
   1.6576186418533325
  ],
  "euler_order": "XYZ",
  "rotation_matrix": [
   [
    0.03349535912275314,
    -0.6920916438102722,
    0.7210320830345154
   ],
   [
    -0.38482218980789185,
    0.6568836569786072,
    0.648394763469696
   ],
   [
    -0.9223827719688416,
    -0.2991873621940613,
    -0.24432966113090515
   ]
  ]
 },
 {
  "rotation_euler": [
   -1.6340491771697998,
   1.2571322917938232,
   -0.9436335563659668
  ],
  "euler_order": "XYZ",
  "rotation_matrix": [
   [
    0.18107014894485474,
    -0.608282208442688,
    0.7727912664413452
   ],
   [
    -0.24982836842536926,
    0.7315548658370972,
    0.6343604922294617
   ],
   [
    -0.9512094259262085,
    -0.3079289495944977,
    -0.0195033997297287
   ]
  ]
 },
 {
  "rotation_euler": [
   0.9696496725082397,
   1.9323111772537231,
   -0.7514904737472534
  ],
  "euler_order": "XYZ",
  "rotation_matrix": [
   [
    -0.2584325671195984,
    0.9497703909873962,
    -0.17649032175540924
   ],
   [
    0.24147534370422363,
    -0.11338450759649277,
    -0.9637601375579834
   ],
   [
    -0.9353621006011963,
    -0.2916850745677948,
    -0.20004387199878693
   ]
  ]
 },
 {
  "rotation_euler": [
   -1.285543441772461,
   1.2428196668624878,
   1.8302627801895142
  ],
  "euler_order": "XYZ",
  "rotation_matrix": [
   [
    -0.08264678716659546,
    -0.03890685737133026,
    -0.9958191514015198
   ],
   [
    0.3113456070423126,
    -0.9502297043800354,
    0.011285923421382904
   ],
   [
    -0.9466960430145264,
    -0.30911117792129517,
    0.09064691513776779
   ]
  ]
 },
 {
  "rotation_euler": [
   -1.9095327854156494,
   1.2447834014892578,
   -0.08098706603050232
  ],
  "euler_order": "XYZ",
  "rotation_matrix": [
   [
    0.31921878457069397,
    -0.917448878288269,
    -0.2374592423439026
   ],
   [
    -0.025909263640642166,
    -0.2589239776134491,
    0.9655501246452332
   ],
   [
    -0.9473267793655396,
    -0.30206936597824097,
    -0.10642382502555847
   ]
  ]
 },
 {
  "rotation_euler": [
   0.9581261873245239,
   -1.933946132659912,
   1.5476571321487427
  ],
  "euler_order": "XYZ",
  "rotation_matrix": [
   [
    -0.008218780159950256,
    -0.5925943851470947,
    0.8054590821266174
   ],
   [
    -0.3551252782344818,
    -0.7512502670288086,
    -0.5563353896141052
   ],
   [
    0.9347825646400452,
    -0.29061126708984375,
    -0.20427089929580688
   ]
  ]
 },
 {
  "rotation_euler": [
   -2.1490702629089355,
   -1.2134182453155518,
   -1.1993787288665771
  ],
  "euler_order": "XYZ",
  "rotation_matrix": [
   [
    0.12696222960948944,
    -0.22458715736865997,
    0.9661476016044617
   ],
   [
    -0.32596632838249207,
    -0.929379403591156,
    -0.17320466041564941
   ],
   [
    0.9368172287940979,
    -0.292941153049469,
    -0.19120393693447113
   ]
  ]
 },
 {
  "rotation_euler": [
   0.9055140018463135,
   -1.9447340965270996,
   -0.7037025690078735
  ],
  "euler_order": "XYZ",
  "rotation_matrix": [
   [
    -0.2785113453865051,
    -0.15899217128753662,
    -0.9471815824508667
   ],
   [
    0.23635518550872803,
    0.9445272088050842,
    -0.2280450165271759
   ],
   [
    0.9308961629867554,
    -0.28738439083099365,
    -0.22548291087150574
   ]
  ]
 },
 {
  "rotation_euler": [
   1.0131851434707642,
   -1.9241461753845215,
   -0.022006981074810028
  ],
  "euler_order": "XYZ",
  "rotation_matrix": [
   [
    -0.3459588289260864,
    -0.7842618227005005,
    -0.5150202512741089
   ],
   [
    0.007614739239215851,
    0.5465509295463562,
    -0.8373912572860718
   ],
   [
    0.9382187724113464,
    -0.2936246395111084,
    -0.18311217427253723
   ]
  ]
 },
 {
  "rotation_euler": [
   0.9069598913192749,
   1.9456653594970703,
   0.35781624913215637
  ],
  "euler_order": "XYZ",
  "rotation_matrix": [
   [
    -0.34296008944511414,
    0.4707244634628296,
    0.8128941059112549
   ],
   [
    -0.1282368153333664,
    0.8338153958320618,
    -0.5369424819946289
   ],
   [
    -0.9305555820465088,
    -0.2883927822113037,
    -0.2256011962890625
   ]
  ]
 },
 {
  "rotation_euler": [
   0.9342495203018188,
   1.9386471509933472,
   0.6640027165412903
  ],
  "euler_order": "XYZ",
  "rotation_matrix": [
   [
    -0.28320497274398804,
    0.22460328042507172,
    0.9323884844779968
   ],
   [
    -0.22161884605884552,
    0.9305520057678223,
    -0.29147568345069885
   ],
   [
    -0.9331023693084717,
    -0.28918221592903137,
    -0.213760644197464
   ]
  ]
 },
 {
  "rotation_euler": [
   -2.275753974914551,
   -1.1515088081359863,
   -0.5646651983261108
  ],
  "euler_order": "XYZ",
  "rotation_matrix": [
   [
    0.3439132571220398,
    0.24090856313705444,
    0.9075719118118286
   ],
   [
    -0.21785789728164673,
    -0.9196842908859253,
    0.3266783058643341
   ],
   [
    0.9133792519569397,
    -0.3100706934928894,
    -0.2638077735900879
   ]
  ]
 },
 {
  "rotation_euler": [
   -2.267457962036133,
   -1.1626343727111816,
   -0.624457597732544
  ],
  "euler_order": "XYZ",
  "rotation_matrix": [
   [
    0.32201579213142395,
    0.19597503542900085,
    0.9262287020683289
   ],
   [
    -0.2320639044046402,
    -0.9321549534797668,
    0.2779090702533722
   ],
   [
    0.9178519248962402,
    -0.3044353425502777,
    -0.25468987226486206
   ]
  ]
 },
 {
  "rotation_euler": [
   -2.2796969413757324,
   1.1470892429351807,
   0.7469144463539124
  ],
  "euler_order": "XYZ",
  "rotation_matrix": [
   [
    0.3016917109489441,
    -0.06547291576862335,
    -0.9511547684669495
   ],
   [
    0.2793211340904236,
    -0.9477940797805786,
    0.15383796393871307
   ],
   [
    -0.9115710854530334,
    -0.3120892643928528,
    -0.2676536440849304
   ]
  ]
 },
 {
  "rotation_euler": [
   -2.2636916637420654,
   -1.1653790473937988,
   -1.1099261045455933
  ],
  "euler_order": "XYZ",
  "rotation_matrix": [
   [
    0.17540161311626434,
    -0.25768613815307617,
    0.9501748085021973
   ],
   [
    -0.3532526195049286,
    -0.9173408150672913,
    -0.18357141315937042
   ],
   [
    0.9189379215240479,
    -0.3034529983997345,
    -0.2519313395023346
   ]
  ]
 }
]