[
 {
  "rotation_euler": [
   -0.025094084441661835,
   0.08886273205280304,
   -1.3151512145996094
  ],
  "euler_order": "XYZ",
  "rotation_matrix": [
   [
    0.25187185406684875,
    0.9666326642036438,
    0.046710044145584106
   ],
   [
    -0.9636828899383545,
    0.254944384098053,
    -0.07948972284793854
   ],
   [
    -0.08874582499265671,
    -0.0249924473464489,
    0.9957407116889954
   ]
  ]
 },
 {
  "rotation_euler": [
   -0.025093654170632362,
   0.0888613685965538,
   3.0168380737304688
  ],
  "euler_order": "XYZ",
  "rotation_matrix": [
   [
    -0.9883133172988892,
    -0.12218266725540161,
    -0.09114915132522583
   ],
   [
    0.12394027411937714,
    -0.9921929240226746,
    -0.013856912963092327
   ],
   [
    -0.08874446898698807,
    -0.024992022663354874,
    0.9957408308982849
   ]
  ]
 },
 {
  "rotation_euler": [
   -0.020978474989533424,
   0.07930465042591095,
   -0.40919259190559387
  ],
  "euler_order": "XYZ",
  "rotation_matrix": [
   [
    0.9145588874816895,
    0.39625653624534607,
    0.08101128041744232
   ],
   [
    -0.39661821722984314,
    0.9179016947746277,
    -0.012267709709703922
   ],
   [
    -0.07922154664993286,
    -0.02091100625693798,
    0.9966377019882202
   ]
  ]
 },
 {
  "rotation_euler": [
   -0.025094062089920044,
   0.08886272460222244,
   3.1105868816375732
  ],
  "euler_order": "XYZ",
  "rotation_matrix": [
   [
    -0.9955755472183228,
    -0.028765354305505753,
    -0.08945309370756149
   ],
   [
    0.03087848424911499,
    -0.9992737174034119,
    -0.022329043596982956
   ],
   [
    -0.08874581754207611,
    -0.024992424994707108,
    0.9957407116889954
   ]
  ]
 },
 {
  "rotation_euler": [
   -0.015505261719226837,
   0.06643202900886536,
   -2.970299005508423
  ],
  "euler_order": "XYZ",
  "rotation_matrix": [
   [
    -0.9831915497779846,
    0.1714508980512619,
    -0.06276092678308487
   ],
   [
    -0.1700812131166458,
    -0.9850711822509766,
    -0.026591861620545387
   ],
   [
    -0.06638317555189133,
    -0.015470440499484539,
    0.997674286365509
   ]
  ]
 },
 {
  "rotation_euler": [
   -0.022353684529662132,
   0.08256839960813522,
   0.10645803064107895
  ],
  "euler_order": "XYZ",
  "rotation_matrix": [
   [
    0.9909511208534241,
    -0.10806353390216827,
    0.07961217314004898
   ],
   [
    0.10589505732059479,
    0.9938943982124329,
    0.03098660334944725
   ],
   [
    -0.08247461169958115,
    -0.02227567322552204,
    0.9963442087173462
   ]
  ]
 },
 {
  "rotation_euler": [
   -0.016110859811306,
   0.06786443293094635,
   -2.0538923740386963
  ],
  "euler_order": "XYZ",
  "rotation_matrix": [
   [
    -0.46345385909080505,
    0.8859535455703735,
    -0.01722978614270687
   ],
   [
    -0.8835225105285645,
    -0.4634954035282135,
    -0.06752772629261017
   ],
   [
    -0.06781235337257385,
    -0.016073077917099,
    0.9975686073303223
   ]
  ]
 },
 {
  "rotation_euler": [
   -0.025093501433730125,
   0.08886144310235977,
   -2.1266937255859375
  ],
  "euler_order": "XYZ",
  "rotation_matrix": [
   [
    -0.5256236791610718,
    0.8503348231315613,
    -0.02550339885056019
   ],
   [
    -0.846075713634491,
    -0.5256482362747192,
    -0.08859889209270477
   ],
   [
    -0.08874454349279404,
    -0.024991869926452637,
    0.9957408308982849
   ]
  ]
 },
 {
  "rotation_euler": [
   -0.025094076991081238,
   0.08886227011680603,
   0.52579265832901
  ],
  "euler_order": "XYZ",
  "rotation_matrix": [
   [
    0.8615136742591858,
    -0.5036666989326477,
    0.0641406774520874
   ],
   [
    0.4999184310436249,
    0.8635364770889282,
    0.06622941792011261
   ],
   [
    -0.0887453630566597,
    -0.02499244175851345,
    0.9957407712936401
   ]
  ]
 },
 {
  "rotation_euler": [
   -0.025089524686336517,
   0.0888441726565361,
   2.902322292327881
  ],
  "euler_order": "XYZ",
  "rotation_matrix": [
   [
    -0.9676794409751892,
    -0.23475676774978638,
    -0.09211791306734085
   ],
   [
    0.23605912923812866,
    -0.9717329144477844,
    -0.003350981045514345
   ],
   [
    -0.08872734010219574,
    -0.024987949058413506,
    0.9957424402236938
   ]
  ]
 },
 {
  "rotation_euler": [
   -0.021920552477240562,
   0.0814552754163742,
   0.03978068381547928
  ],
  "euler_order": "XYZ",
  "rotation_matrix": [
   [
    0.9958958029747009,
    -0.0415426567196846,
    0.08040960878133774
   ],
   [
    0.03963832929730415,
    0.9988978505134583,
    0.025136590003967285
   ],
   [
    -0.08136522769927979,
    -0.021846121177077293,
    0.9964448809623718
   ]
  ]
 },
 {
  "rotation_euler": [
   -0.02508225105702877,
   0.08884173631668091,
   -0.22266875207424164
  ],
  "euler_order": "XYZ",
  "rotation_matrix": [
   [
    0.9714651107788086,
    0.2185935527086258,
    0.0920456275343895
   ],
   [
    -0.21996234357357025,
    0.9754961729049683,
    0.004873194731771946
   ],
   [
    -0.08872491121292114,
    -0.024980710819363594,
    0.9957428574562073
   ]
  ]
 },
 {
  "rotation_euler": [
   -0.02509424276649952,
   0.08886165916919708,
   1.3993866443634033
  ],
  "euler_order": "XYZ",
  "rotation_matrix": [
   [
    0.16989853978157043,
    -0.9854148626327515,
    -0.009591334499418736
   ],
   [
    0.981457531452179,
    0.16832372546195984,
    0.0916966125369072
   ],
   [
    -0.08874475955963135,
    -0.024992607533931732,
    0.9957407712936401
   ]
  ]
 },
 {
  "rotation_euler": [
   -0.025093812495470047,
   0.08886150270700455,
   -2.298837184906006
  ],
  "euler_order": "XYZ",
  "rotation_matrix": [
   [
    -0.6627830266952515,
    0.7477261424064636,
    -0.04030276834964752
   ],
   [
    -0.7435341477394104,
    -0.663536787033081,
    -0.08292105048894882
   ],
   [
    -0.08874460309743881,
    -0.02499217912554741,
    0.9957408308982849
   ]
  ]
 },
 {
  "rotation_euler": [
   -0.025094175711274147,
   0.08886249363422394,
   2.509751319885254
  ],
  "euler_order": "XYZ",
  "rotation_matrix": [
   [
    -0.8037574291229248,
    -0.588648796081543,
    -0.086409792304039
   ],
   [
    0.5883011817932129,
    -0.8080024719238281,
    0.032152045518159866
   ],
   [
    -0.0887455865740776,
    -0.02499253861606121,
    0.9957407116889954
   ]
  ]
 },
 {
  "rotation_euler": [
   -0.020513512194156647,
   0.07817667722702026,
   0.9448671340942383
  ],
  "euler_order": "XYZ",
  "rotation_matrix": [
   [
    0.5840612053871155,
    -0.8111870884895325,
    0.02912021055817604
   ],
   [
    0.8079438805580139,
    0.5844290852546692,
    0.07529505342245102
   ],
   [
    -0.07809706777334213,
    -0.020449424162507057,
    0.9967359900474548
   ]
  ]
 }
]