[
 {
  "rotation_euler": [
   -0.00964050181210041,
   0.016210157424211502,
   0.5582805275917053
  ],
  "euler_order": "XYZ",
  "rotation_matrix": [
   [
    0.8480557799339294,
    -0.5298364758491516,
    0.008640913292765617
   ],
   [
    0.5296589732170105,
    0.8480450510978699,
    0.016762839630246162
   ],
   [
    -0.016209447756409645,
    -0.009639086201786995,
    0.9998221397399902
   ]
  ]
 },
 {
  "rotation_euler": [
   -0.009649141691625118,
   0.01626734621822834,
   1.4278364181518555
  ],
  "euler_order": "XYZ",
  "rotation_matrix": [
   [
    0.142454594373703,
    -0.9897748827934265,
    -0.007233104202896357
   ],
   [
    0.9896676540374756,
    0.1423114538192749,
    0.017474662512540817
   ],
   [
    -0.016266629099845886,
    -0.009647714905440807,
    0.999821126461029
   ]
  ]
 },
 {
  "rotation_euler": [
   2.7041497230529785,
   -0.023911500349640846,
   -1.7551249265670776
  ],
  "euler_order": "XYZ",
  "rotation_matrix": [
   [
    -0.18323415517807007,
    -0.8886361122131348,
    -0.42041775584220886
   ],
   [
    -0.9827784895896912,
    0.17598484456539154,
    0.056353699415922165
   ],
   [
    0.023909222334623337,
    0.42350345849990845,
    -0.9055789113044739
   ]
  ]
 },
 {
  "rotation_euler": [
   2.704157829284668,
   -0.023887038230895996,
   -0.5847218036651611
  ],
  "euler_order": "XYZ",
  "rotation_matrix": [
   [
    0.8336277604103088,
    -0.5084319114685059,
    -0.2157815545797348
   ],
   [
    -0.5518099665641785,
    -0.749765157699585,
    -0.36518213152885437
   ],
   [
    0.023884765803813934,
    0.4234963655471802,
    -0.905582845211029
   ]
  ]
 },
 {
  "rotation_euler": [
   2.7041497230529785,
   -0.023911360651254654,
   -1.8492372035980225
  ],
  "euler_order": "XYZ",
  "rotation_matrix": [
   [
    -0.2747783362865448,
    -0.8681657910346985,
    -0.4132615029811859
   ],
   [
    -0.961210310459137,
    0.2587141692638397,
    0.095612533390522
   ],
   [
    0.023909082636237144,
    0.42350345849990845,
    -0.9055789113044739
   ]
  ]
 },
 {
  "rotation_euler": [
   -0.009651529602706432,
   0.016204508021473885,
   -0.6385787129402161
  ],
  "euler_order": "XYZ",
  "rotation_matrix": [
   [
    0.8028383255004883,
    0.5959014892578125,
    0.01876288466155529
   ],
   [
    -0.5959765911102295,
    0.8029995560646057,
    -0.001908387872390449
   ],
   [
    -0.016203798353672028,
    -0.009650113061070442,
    0.9998221397399902
   ]
  ]
 },
 {
  "rotation_euler": [
   -0.009649639949202538,
   0.0162586010992527,
   -2.5368545055389404
  ],
  "euler_order": "XYZ",
  "rotation_matrix": [
   [
    -0.8225422501564026,
    0.5686492919921875,
    -0.007887756451964378
   ],
   [
    -0.5684715509414673,
    -0.8225235342979431,
    -0.017181098461151123
   ],
   [
    -0.016257883980870247,
    -0.009648215025663376,
    0.9998213052749634
   ]
  ]
 },
 {
  "rotation_euler": [
   -0.009652331471443176,
   0.01625438965857029,
   -2.7394826412200928
  ],
  "euler_order": "XYZ",
  "rotation_matrix": [
   [
    -0.9201157093048096,
    0.3914870619773865,
    -0.011179053224623203
   ],
   [
    -0.3913092315196991,
    -0.9201329946517944,
    -0.015243053436279297
   ],
   [
    -0.016253674402832985,
    -0.009650906547904015,
    0.9998213052749634
   ]
  ]
 },
 {
  "rotation_euler": [
   -0.009653152897953987,
   0.016261909157037735,
   0.3123921751976013
  ],
  "euler_order": "XYZ",
  "rotation_matrix": [
   [
    0.9514752626419067,
    -0.30747097730636597,
    0.01250673271715641
   ],
   [
    0.3072952628135681,
    0.9515085220336914,
    0.014183223247528076
   ],
   [
    -0.01626119203865528,
    -0.00965172704309225,
    0.9998211860656738
   ]
  ]
 },
 {
  "rotation_euler": [
   -0.009647073224186897,
   0.016229087486863136,
   -2.648832321166992
  ],
  "euler_order": "XYZ",
  "rotation_matrix": [
   [
    -0.8809143900871277,
    0.4731755256652832,
    -0.009733457118272781
   ],
   [
    -0.4729973375797272,
    -0.8809153437614441,
    -0.01617586426436901
   ],
   [
    -0.01622837595641613,
    -0.009645652957260609,
    0.9998217821121216
   ]
  ]
 },
 {
  "rotation_euler": [
   -0.009638494811952114,
   0.016219446435570717,
   -0.3677464425563812
  ],
  "euler_order": "XYZ",
  "rotation_matrix": [
   [
    0.9330171346664429,
    0.35935088992118835,
    0.018598761409521103
   ],
   [
    -0.35946616530418396,
    0.9331527352333069,
    0.003163341898471117
   ],
   [
    -0.01621873490512371,
    -0.009637078270316124,
    0.9998220205307007
   ]
  ]
 },
 {
  "rotation_euler": [
   -0.009650486521422863,
   0.01624269038438797,
   -2.3641417026519775
  ],
  "euler_order": "XYZ",
  "rotation_matrix": [
   [
    -0.7126098871231079,
    0.7015440464019775,
    -0.004805807955563068
   ],
   [
    -0.7013724446296692,
    -0.712560772895813,
    -0.018270479515194893
   ],
   [
    -0.016241976991295815,
    -0.00964906346052885,
    0.9998215436935425
   ]
  ]
 },
 {
  "rotation_euler": [
   2.7041494846343994,
   -0.02391143888235092,
   -1.6818279027938843
  ],
  "euler_order": "XYZ",
  "rotation_matrix": [
   [
    -0.11077190935611725,
    -0.8991376161575317,
    -0.42341598868370056
   ],
   [
    -0.9935582280158997,
    0.11043621599674225,
    0.025414684787392616
   ],
   [
    0.023909160867333412,
    0.42350366711616516,
    -0.9055787920951843
   ]
  ]
 },
 {
  "rotation_euler": [
   2.704150676727295,
   -0.023911109194159508,
   -1.2627403736114502
  ],
  "euler_order": "XYZ",
  "rotation_matrix": [
   [
    0.3031200170516968,
    -0.8662667274475098,
    -0.3971148133277893
   ],
   [
    -0.9526523947715759,
    -0.2650046646595001,
    -0.14908353984355927
   ],
   [
    0.023908831179142,
    0.4235025942325592,
    -0.9055793285369873
   ]
  ]
 },
 {
  "rotation_euler": [
   -0.00964707974344492,
   0.01622907817363739,
   -2.9127302169799805
  ],
  "euler_order": "XYZ",
  "rotation_matrix": [
   [
    -0.9737968444824219,
    0.22701168060302734,
    -0.013615880161523819
   ],
   [
    -0.22683990001678467,
    -0.9738442897796631,
    -0.01307694148272276
   ],
   [
    -0.016228366643190384,
    -0.009645659476518631,
    0.9998217821121216
   ]
  ]
 },
 {
  "rotation_euler": [
   -0.009646160528063774,
   0.016238905489444733,
   -1.0937416553497314
  ],
  "euler_order": "XYZ",
  "rotation_matrix": [
   [
    0.45910415053367615,
    0.8882378935813904,
    0.016024703159928322
   ],
   [
    -0.88823401927948,
    0.45928245782852173,
    -0.009995438158512115
   ],
   [
    -0.016238192096352577,
    -0.009644739329814911,
    0.999821662902832
   ]
  ]
 }
]