[
 {
  "rotation_euler": [
   -2.6880332370637916e-05,
   5.268648692435818e-06,
   -1.584963083267212
  ],
  "euler_order": "XYZ",
  "rotation_matrix": [
   [
    -0.01416628248989582,
    0.9998996257781982,
    2.6802998036146164e-05
   ],
   [
    -0.9998996257781982,
    -0.01416628248989582,
    -5.648914338962641e-06
   ],
   [
    -5.268648692435818e-06,
    -2.6880332370637916e-05,
    1.0
   ]
  ]
 },
 {
  "rotation_euler": [
   -4.306996288505616e-06,
   -1.4633927776230848e-06,
   -2.7929461002349854
  ],
  "euler_order": "XYZ",
  "rotation_matrix": [
   [
    -0.9398359656333923,
    0.3416261076927185,
    2.846731604222441e-06
   ],
   [
    -0.3416261076927185,
    -0.9398359656333923,
    -3.547936785253114e-06
   ],
   [
    1.4633927776230848e-06,
    -4.306996288505616e-06,
    1.0
   ]
  ]
 },
 {
  "rotation_euler": [
   1.0037127140094526e-05,
   3.299834133940749e-06,
   1.9316214323043823
  ],
  "euler_order": "XYZ",
  "rotation_matrix": [
   [
    -0.35304632782936096,
    -0.9356058239936829,
    8.225800229411107e-06
   ],
   [
    0.9356058239936829,
    -0.35304632782936096,
    6.6309148678556085e-06
   ],
   [
    -3.299834133940749e-06,
    1.0037127140094526e-05,
    1.0
   ]
  ]
 },
 {
  "rotation_euler": [
   7.569245553895598e-06,
   -3.7890222301939502e-06,
   3.01708984375
  ],
  "euler_order": "XYZ",
  "rotation_matrix": [
   [
    -0.9922595024108887,
    -0.12418140470981598,
    4.699652890849393e-06
   ],
   [
    0.12418140470981598,
    -0.9922595024108887,
    7.040129730739864e-06
   ],
   [
    3.7890222301939502e-06,
    7.569245553895598e-06,
    1.0
   ]
  ]
 },
 {
  "rotation_euler": [
   -2.9527047900046455e-06,
   -1.3452308849082328e-06,
   -1.9190908670425415
  ],
  "euler_order": "XYZ",
  "rotation_matrix": [
   [
    -0.3412952423095703,
    0.9399561285972595,
    3.2345340059691807e-06
   ],
   [
    -0.9399561285972595,
    -0.3412952423095703,
    2.5671391767900786e-07
   ],
   [
    1.3452308849082328e-06,
    -2.9527047900046455e-06,
    1.0
   ]
  ]
 },
 {
  "rotation_euler": [
   -8.05285253591137e-06,
   -1.918990392368869e-06,
   -0.917104959487915
  ],
  "euler_order": "XYZ",
  "rotation_matrix": [
   [
    0.6081209182739258,
    0.7938444018363953,
    5.225733730185311e-06
   ],
   [
    -0.7938444018363953,
    0.6081209182739258,
    6.420487807190511e-06
   ],
   [
    1.918990392368869e-06,
    -8.05285253591137e-06,
    1.0
   ]
  ]
 },
 {
  "rotation_euler": [
   -2.0672885057138046e-06,
   -1.1189526958332863e-06,
   -0.0711539015173912
  ],
  "euler_order": "XYZ",
  "rotation_matrix": [
   [
    0.9974696040153503,
    0.07109387964010239,
    -9.691498235042673e-07
   ],
   [
    -0.07109387964010239,
    0.9974696040153503,
    2.141608092642855e-06
   ],
   [
    1.1189526958332863e-06,
    -2.0672885057138046e-06,
    1.0
   ]
  ]
 },
 {
  "rotation_euler": [
   -3.913523414666997e-06,
   9.25407391605404e-07,
   -1.7684972286224365
  ],
  "euler_order": "XYZ",
  "rotation_matrix": [
   [
    -0.19641554355621338,
    0.9805207252502441,
    3.65552659786772e-06
   ],
   [
    -0.9805207252502441,
    -0.19641554355621338,
    -1.6760579910624074e-06
   ],
   [
    -9.25407391605404e-07,
    -3.913523414666997e-06,
    1.0
   ]
  ]
 },
 {
  "rotation_euler": [
   6.7734190452029e-06,
   1.8946579984913114e-06,
   -2.425262689590454
  ],
  "euler_order": "XYZ",
  "rotation_matrix": [
   [
    -0.7542206048965454,
    0.6566210985183716,
    -5.876559953321703e-06
   ],
   [
    -0.6566210985183716,
    -0.7542206048965454,
    3.864579866785789e-06
   ],
   [
    -1.8946579984913114e-06,
    6.7734190452029e-06,
    1.0
   ]
  ]
 },
 {
  "rotation_euler": [
   -3.337457883390016e-06,
   -1.8937730601464864e-06,
   1.9528993368148804
  ],
  "euler_order": "XYZ",
  "rotation_matrix": [
   [
    -0.37287265062332153,
    -0.9278825521469116,
    -2.3906327442091424e-06
   ],
   [
    0.9278825521469116,
    -0.37287265062332153,
    -3.0016456094017485e-06
   ],
   [
    1.8937730601464864e-06,
    -3.337457883390016e-06,
    1.0
   ]
  ]
 },
 {
  "rotation_euler": [
   4.606443781085545e-06,
   1.6565870737395016e-06,
   -1.0232391357421875
  ],
  "euler_order": "XYZ",
  "rotation_matrix": [
   [
    0.5206031203269958,
    0.8537988066673279,
    -3.0705518838658463e-06
   ],
   [
    -0.8537988066673279,
    0.5206031203269958,
    -3.812521072177333e-06
   ],
   [
    -1.6565870737395016e-06,
    4.606443781085545e-06,
    1.0
   ]
  ]
 },
 {
  "rotation_euler": [
   -2.2363269636116456e-06,
   -4.700922033862298e-07,
   -1.7377365827560425
  ],
  "euler_order": "XYZ",
  "rotation_matrix": [
   [
    -0.16616591811180115,
    0.9860978126525879,
    2.283350340803736e-06
   ],
   [
    -0.9860978126525879,
    -0.16616591811180115,
    9.195555605856498e-08
   ],
   [
    4.700922033862298e-07,
    -2.2363269636116456e-06,
    1.0
   ]
  ]
 },
 {
  "rotation_euler": [
   1.570796012878418,
   -5.561511073892689e-08,
   0.5214285254478455
  ],
  "euler_order": "XYZ",
  "rotation_matrix": [
   [
    0.8671084642410278,
    -2.0459219740587287e-07,
    0.4981193244457245
   ],
   [
    0.4981193244457245,
    2.444966753500921e-07,
    -0.8671084642410278
   ],
   [
    5.561511073892689e-08,
    1.0,
    3.1391647326017846e-07
   ]
  ]
 },
 {
  "rotation_euler": [
   -3.907487553078681e-06,
   -2.0864004000031855e-06,
   -0.8513973951339722
  ],
  "euler_order": "XYZ",
  "rotation_matrix": [
   [
    0.6589326858520508,
    0.7522019147872925,
    1.5644222912669647e-06
   ],
   [
    -0.7522019147872925,
    0.6589326858520508,
    4.144165814068401e-06
   ],
   [
    2.0864004000031855e-06,
    -3.907487553078681e-06,
    1.0
   ]
  ]
 },
 {
  "rotation_euler": [
   -2.250722673124983e-06,
   1.944486484717345e-06,
   -2.931999683380127
  ],
  "euler_order": "XYZ",
  "rotation_matrix": [
   [
    -0.9781156778335571,
    0.2080617994070053,
    -1.43364331961493e-06
   ],
   [
    -0.2080617994070053,
    -0.9781156778335571,
    -2.6060404252348235e-06
   ],
   [
    -1.944486484717345e-06,
    -2.250722673124983e-06,
    1.0
   ]
  ]
 },
 {
  "rotation_euler": [
   -7.616509265062632e-06,
   2.233377017546445e-06,
   -1.0469454526901245
  ],
  "euler_order": "XYZ",
  "rotation_matrix": [
   [
    0.5002183318138123,
    0.8658993244171143,
    7.712305887253024e-06
   ],
   [
    -0.8658993244171143,
    0.5002183318138123,
    1.8760376860882388e-06
   ],
   [
    -2.233377017546445e-06,
    -7.616509265062632e-06,
    1.0
   ]
  ]
 }
]