[
 {
  "rotation_euler": [
   -1.5540851354599,
   0.6583276987075806,
   -2.3622615337371826
  ],
  "euler_order": "XYZ",
  "rotation_matrix": [
   [
    -0.5627162456512451,
    0.44690433144569397,
    0.6954329013824463
   ],
   [
    -0.5559293031692505,
    0.4180241823196411,
    -0.7184694409370422
   ],
   [
    -0.6117948889732361,
    -0.7909060120582581,
    0.013218211941421032
   ]
  ]
 },
 {
  "rotation_euler": [
   -1.5408519506454468,
   -0.7335957884788513,
   0.7554032206535339
  ],
  "euler_order": "XYZ",
  "rotation_matrix": [
   [
    0.5407341718673706,
    0.4666806161403656,
    -0.699868381023407
   ],
   [
    0.5092310905456543,
    0.48061835765838623,
    0.7139255404472351
   ],
   [
    0.6695448160171509,
    -0.7424386739730835,
    0.022238509729504585
   ]
  ]
 },
 {
  "rotation_euler": [
   0.0007140029920265079,
   0.007239570375531912,
   -2.1142053604125977
  ],
  "euler_order": "XYZ",
  "rotation_matrix": [
   [
    -0.51704341173172,
    0.8559480905532837,
    -0.004354387987405062
   ],
   [
    -0.8559285402297974,
    -0.5170612335205078,
    -0.005827481392771006
   ],
   [
    -0.007239507045596838,
    0.0007139842491596937,
    0.9999735355377197
   ]
  ]
 },
 {
  "rotation_euler": [
   -1.5540919303894043,
   0.6583206057548523,
   -1.660551905632019
  ],
  "euler_order": "XYZ",
  "rotation_matrix": [
   [
    -0.0709032416343689,
    0.07146653532981873,
    0.9949197173118591
   ],
   [
    -0.7878366708755493,
    0.6077443957328796,
    -0.09980057179927826
   ],
   [
    -0.6117892861366272,
    -0.7909104228019714,
    0.013212909922003746
   ]
  ]
 },
 {
  "rotation_euler": [
   -1.5540920495986938,
   0.6583195328712463,
   2.221304178237915
  ],
  "euler_order": "XYZ",
  "rotation_matrix": [
   [
    -0.4790351688861847,
    0.3571493923664093,
    -0.8018538355827332
   ],
   [
    0.6294761300086975,
    -0.49689432978630066,
    -0.5973740816116333
   ],
   [
    -0.6117884516716003,
    -0.790911078453064,
    0.013212827034294605
   ]
  ]
 },
 {
  "rotation_euler": [
   0.0007138897199183702,
   0.007239895407110453,
   -0.3348310887813568
  ],
  "euler_order": "XYZ",
  "rotation_matrix": [
   [
    0.9444410800933838,
    0.3286144435405731,
    0.0066031813621521
   ],
   [
    -0.32860103249549866,
    0.9444639086723328,
    -0.003053322434425354
   ],
   [
    -0.007239832077175379,
    0.0007138709770515561,
    0.9999735355377197
   ]
  ]
 },
 {
  "rotation_euler": [
   0.0006661376683041453,
   0.007221282925456762,
   -1.4784398078918457
  ],
  "euler_order": "XYZ",
  "rotation_matrix": [
   [
    0.09222287684679031,
    0.9957383871078491,
    2.6802440515893977e-06
   ],
   [
    -0.9957122206687927,
    0.09222047030925751,
    -0.007251877803355455
   ],
   [
    -0.007221220061182976,
    0.0006661202642135322,
    0.999973714351654
   ]
  ]
 },
 {
  "rotation_euler": [
   -1.5540916919708252,
   0.6583205461502075,
   -2.2665562629699707
  ],
  "euler_order": "XYZ",
  "rotation_matrix": [
   [
    -0.5070197582244873,
    0.4049045145511627,
    0.7609094977378845
   ],
   [
    -0.6071613430976868,
    0.4588169455528259,
    -0.6487234234809875
   ],
   [
    -0.6117892265319824,
    -0.7909104824066162,
    0.013213098980486393
   ]
  ]
 },
 {
  "rotation_euler": [
   1.6007410287857056,
   -2.4079959392547607,
   -0.581977128982544
  ],
  "euler_order": "XYZ",
  "rotation_matrix": [
   [
    -0.6204942464828491,
    -0.575529932975769,
    -0.5326839685440063
   ],
   [
    0.40828391909599304,
    0.34285715222358704,
    -0.8460220098495483
   ],
   [
    0.6695454716682434,
    -0.7424380779266357,
    0.022238733246922493
   ]
  ]
 },
 {
  "rotation_euler": [
   0.0007152766338549554,
   0.0072396425530314445,
   -0.3893219530582428
  ],
  "euler_order": "XYZ",
  "rotation_matrix": [
   [
    0.9251424074172974,
    0.37956589460372925,
    0.006426324136555195
   ],
   [
    -0.3795512616634369,
    0.9251644015312195,
    -0.0034096126910299063
   ],
   [
    -0.007239579223096371,
    0.0007152578327804804,
    0.9999735355377197
   ]
  ]
 },
 {
  "rotation_euler": [
   0.0005996419349685311,
   0.007222402840852737,
   -0.1674879938364029
  ],
  "euler_order": "XYZ",
  "rotation_matrix": [
   [
    0.9859809279441833,
    0.1667102575302124,
    0.007021310273557901
   ],
   [
    -0.16670167446136475,
    0.9860057234764099,
    -0.0017952582566067576
   ],
   [
    -0.007222339976578951,
    0.0005996262771077454,
    0.999973714351654
   ]
  ]
 },
 {
  "rotation_euler": [
   0.0007134128827601671,
   0.0072394488379359245,
   0.42235708236694336
  ],
  "euler_order": "XYZ",
  "rotation_matrix": [
   [
    0.9121013879776001,
    -0.4099067151546478,
    0.006895660888403654
   ],
   [
    0.40990081429481506,
    0.9121271371841431,
    0.002316785044968128
   ],
   [
    -0.007239385508000851,
    0.000713394139893353,
    0.9999735355377197
   ]
  ]
 },
 {
  "rotation_euler": [
   0.004741219338029623,
   0.0074536800384521484,
   2.846597909927368
  ],
  "euler_order": "XYZ",
  "rotation_matrix": [
   [
    -0.9567770957946777,
    -0.2907653748989105,
    -0.005753129720687866
   ],
   [
    0.29072675108909607,
    -0.9567826390266418,
    0.006703399121761322
   ],
   [
    -0.007453611120581627,
    0.004741069860756397,
    0.9999609589576721
   ]
  ]
 },
 {
  "rotation_euler": [
   -1.5577547550201416,
   -0.7167718410491943,
   -0.6877793073654175
  ],
  "euler_order": "XYZ",
  "rotation_matrix": [
   [
    0.5825300812721252,
    0.5158364772796631,
    0.6281492114067078
   ],
   [
    -0.4786123037338257,
    -0.40693777799606323,
    0.7780308127403259
   ],
   [
    0.656954288482666,
    -0.7538663148880005,
    0.00983215868473053
   ]
  ]
 },
 {
  "rotation_euler": [
   -1.5540919303894043,
   0.6583206653594971,
   1.2691221237182617
  ],
  "euler_order": "XYZ",
  "rotation_matrix": [
   [
    0.2350274622440338,
    -0.19769829511642456,
    -0.9516708850860596
   ],
   [
    0.7552985548973083,
    -0.579116702079773,
    0.3068353831768036
   ],
   [
    -0.611789345741272,
    -0.7909103631973267,
    0.013212909922003746
   ]
  ]
 },
 {
  "rotation_euler": [
   1.5875015258789062,
   2.4832639694213867,
   0.6127969026565552
  ],
  "euler_order": "XYZ",
  "rotation_matrix": [
   [
    -0.6470845937728882,
    0.5100127458572388,
    0.5667173266410828
   ],
   [
    -0.45495885610580444,
    0.33816495537757874,
    -0.8238063454627991
   ],
   [
    -0.6117956638336182,
    -0.7909054756164551,
    0.013213462196290493
   ]
  ]
 }
]