[
 {
  "rotation_euler": [
   -0.0008415206102654338,
   -0.002964587416499853,
   2.5178048610687256
  ],
  "euler_order": "XYZ",
  "rotation_matrix": [
   [
    -0.8116682171821594,
    -0.5841156244277954,
    0.0019147238926962018
   ],
   [
    0.584111213684082,
    -0.8116700649261475,
    -0.0024146917276084423
   ],
   [
    0.0029645829927176237,
    -0.0008415168267674744,
    0.999995231628418
   ]
  ]
 },
 {
  "rotation_euler": [
   -0.9490016102790833,
   1.4629765748977661,
   1.7721531391143799
  ],
  "euler_order": "XYZ",
  "rotation_matrix": [
   [
    -0.021522076800465584,
    -0.40910425782203674,
    -0.9122337698936462
   ],
   [
    0.10543680936098099,
    -0.9082856178283691,
    0.40484610199928284
   ],
   [
    -0.9941930770874023,
    -0.08746989071369171,
    0.06268284469842911
   ]
  ]
 },
 {
  "rotation_euler": [
   0.46812519431114197,
   1.7334648370742798,
   0.6565250158309937
  ],
  "euler_order": "XYZ",
  "rotation_matrix": [
   [
    -0.12828515470027924,
    -0.19200563430786133,
    0.9729731678962708
   ],
   [
    -0.09885034710168839,
    0.9786694645881653,
    0.18009646236896515
   ],
   [
    -0.9867986440658569,
    -0.07307503372430801,
    -0.1445285826921463
   ]
  ]
 },
 {
  "rotation_euler": [
   -1.3197405338287354,
   1.474953055381775,
   -1.033747911453247
  ],
  "euler_order": "XYZ",
  "rotation_matrix": [
   [
    0.048958588391542435,
    -0.2798355221748352,
    0.9587988257408142
   ],
   [
    -0.08222467452287674,
    0.9555623531341553,
    0.2830895185470581
   ],
   [
    -0.9954105615615845,
    -0.09269657731056213,
    0.023773599416017532
   ]
  ]
 },
 {
  "rotation_euler": [
   -0.0008394259493798018,
   -0.002969048684462905,
   -3.0574662685394287
  ],
  "euler_order": "XYZ",
  "rotation_matrix": [
   [
    -0.9964590668678284,
    0.08402467519044876,
    0.0030290777795016766
   ],
   [
    -0.08402682095766068,
    -0.9964632987976074,
    -0.0005869768210686743
   ],
   [
    0.0029690442606806755,
    -0.0008394221658818424,
    0.999995231628418
   ]
  ]
 },
 {
  "rotation_euler": [
   0.4813559949398041,
   -1.7779731750488281,
   2.331040859222412
  ],
  "euler_order": "XYZ",
  "rotation_matrix": [
   [
    0.1417461782693863,
    -0.33010461926460266,
    0.9332411289215088
   ],
   [
    -0.1490626186132431,
    -0.9391279816627502,
    -0.30954641103744507
   ],
   [
    0.9786155223846436,
    -0.09523434191942215,
    -0.18232406675815582
   ]
  ]
 },
 {
  "rotation_euler": [
   -0.0008392428862862289,
   -0.0029693483375012875,
   -2.913958787918091
  ],
  "euler_order": "XYZ",
  "rotation_matrix": [
   [
    -0.9741988182067871,
    0.22567056119441986,
    0.003082137554883957
   ],
   [
    -0.22567206621170044,
    -0.9742032885551453,
    -0.0001474922028137371
   ],
   [
    0.002969343913719058,
    -0.0008392391027882695,
    0.999995231628418
   ]
  ]
 },
 {
  "rotation_euler": [
   -0.00081231928197667,
   -0.003011607564985752,
   2.100076675415039
  ],
  "euler_order": "XYZ",
  "rotation_matrix": [
   [
    -0.5049099922180176,
    -0.8631715774536133,
    0.0008194248075596988
   ],
   [
    0.8631667494773865,
    -0.5049099922180176,
    -0.003009676467627287
   ],
   [
    0.003011602908372879,
    -0.0008123154984787107,
    0.9999951124191284
   ]
  ]
 },
 {
  "rotation_euler": [
   0.5846133828163147,
   -1.7377636432647705,
   -1.6799341440200806
  ],
  "euler_order": "XYZ",
  "rotation_matrix": [
   [
    0.01810191385447979,
    0.8882392048835754,
    -0.45902448892593384
   ],
   [
    0.16520382463932037,
    0.45013219118118286,
    0.8775469660758972
   ],
   [
    0.986093282699585,
    -0.09171788394451141,
    -0.13859225809574127
   ]
  ]
 },
 {
  "rotation_euler": [
   1.127833604812622,
   -1.6878560781478882,
   -1.752193808555603
  ],
  "euler_order": "XYZ",
  "rotation_matrix": [
   [
    0.021069886162877083,
    0.5834628343582153,
    -0.8118664622306824
   ],
   [
    0.11487632244825363,
    0.8052555918693542,
    0.5816931128501892
   ],
   [
    0.9931563138961792,
    -0.10552044212818146,
    -0.05005941912531853
   ]
  ]
 },
 {
  "rotation_euler": [
   1.2402379512786865,
   -1.6856845617294312,
   0.8364545702934265
  ],
  "euler_order": "XYZ",
  "rotation_matrix": [
   [
    -0.07681720703840256,
    -0.8705621361732483,
    0.4860253930091858
   ],
   [
    -0.08509083837270737,
    -0.47996315360069275,
    -0.8731523156166077
   ],
   [
    0.9934076070785522,
    -0.1084294319152832,
    -0.03720743581652641
   ]
  ]
 },
 {
  "rotation_euler": [
   -0.00082576455315575,
   -0.003030903870239854,
   1.0950016975402832
  ],
  "euler_order": "XYZ",
  "rotation_matrix": [
   [
    0.45804286003112793,
    -0.8889275789260864,
    -0.002122333738952875
   ],
   [
    0.8889249563217163,
    0.4580470323562622,
    -0.002316016238182783
   ],
   [
    0.0030308992136269808,
    -0.0008257606532424688,
    0.9999950528144836
   ]
  ]
 },
 {
  "rotation_euler": [
   -1.7013975381851196,
   1.4839739799499512,
   0.7716140747070312
  ],
  "euler_order": "XYZ",
  "rotation_matrix": [
   [
    0.062154896557331085,
    -0.6171962022781372,
    -0.7843503952026367
   ],
   [
    0.06046459078788757,
    -0.7820979356765747,
    0.6202151775360107
   ],
   [
    -0.9962332844734192,
    -0.08597483485937119,
    -0.011292696930468082
   ]
  ]
 },
 {
  "rotation_euler": [
   -0.0008119450067169964,
   -0.003006783314049244,
   -0.5416665077209473
  ],
  "euler_order": "XYZ",
  "rotation_matrix": [
   [
    0.856846809387207,
    0.5155665874481201,
    -0.0021577496081590652
   ],
   [
    -0.5155622959136963,
    0.8568491339683533,
    0.0022459039464592934
   ],
   [
    0.0030067788902670145,
    -0.0008119412232190371,
    0.9999951720237732
   ]
  ]
 },
 {
  "rotation_euler": [
   0.4347984194755554,
   -1.8040273189544678,
   -0.5686085224151611
  ],
  "euler_order": "XYZ",
  "rotation_matrix": [
   [
    -0.19475539028644562,
    0.14302146434783936,
    -0.9703685641288757
   ],
   [
    0.12445008754730225,
    0.9849197268486023,
    0.12018869072198868
   ],
   [
    0.9729247093200684,
    -0.09735506027936935,
    -0.2096174657344818
   ]
  ]
 },
 {
  "rotation_euler": [
   0.42897260189056396,
   1.7521135807037354,
   0.818324089050293
  ],
  "euler_order": "XYZ",
  "rotation_matrix": [
   [
    -0.12324259430170059,
    -0.3842485547065735,
    0.9149668216705322
   ],
   [
    -0.1316377967596054,
    0.9201779365539551,
    0.3687058985233307
   ],
   [
    -0.9836069941520691,
    -0.07500395178794861,
    -0.16398674249649048
   ]
  ]
 }
]