[
 {
  "rotation_euler": [
   -1.5738002061843872,
   0.8116372227668762,
   -2.098054885864258
  ],
  "euler_order": "XYZ",
  "rotation_matrix": [
   [
    -0.34633511304855347,
    0.3624067008495331,
    0.8652822375297546
   ],
   [
    -0.5948318839073181,
    0.6284048557281494,
    -0.5012807250022888
   ],
   [
    -0.725415050983429,
    -0.688308596611023,
    -0.00206760223954916
   ]
  ]
 },
 {
  "rotation_euler": [
   1.568094253540039,
   -2.488215208053589,
   -0.4648415148258209
  ],
  "euler_order": "XYZ",
  "rotation_matrix": [
   [
    -0.7097823023796082,
    -0.5421587228775024,
    -0.4497477412223816
   ],
   [
    0.3559510409832001,
    0.2749117612838745,
    -0.8931530714035034
   ],
   [
    0.6078716516494751,
    -0.7940323948860168,
    -0.002145538805052638
   ]
  ]
 },
 {
  "rotation_euler": [
   -1.5761412382125854,
   1.1616649627685547,
   -0.8852741718292236
  ],
  "euler_order": "XYZ",
  "rotation_matrix": [
   [
    0.2518460750579834,
    -0.5849564671516418,
    0.7709730863571167
   ],
   [
    -0.30794215202331543,
    0.7068066596984863,
    0.636864185333252
   ],
   [
    -0.9174667000770569,
    -0.397806853055954,
    -0.0021262625232338905
   ]
  ]
 },
 {
  "rotation_euler": [
   -1.5728389024734497,
   -0.26030537486076355,
   2.4218332767486572
  ],
  "euler_order": "XYZ",
  "rotation_matrix": [
   [
    -0.726631760597229,
    -0.19219043850898743,
    -0.6595976948738098
   ],
   [
    0.6369960904121399,
    0.17119857668876648,
    -0.7516162395477295
   ],
   [
    0.25737565755844116,
    -0.9663094282150269,
    -0.0019737628754228354
   ]
  ]
 },
 {
  "rotation_euler": [
   1.5733493566513062,
   -0.6419146656990051,
   -2.454336404800415
  ],
  "euler_order": "XYZ",
  "rotation_matrix": [
   [
    -0.6191266775131226,
    0.46119093894958496,
    -0.6355981826782227
   ],
   [
    -0.5081381797790527,
    0.3818177878856659,
    0.7720173597335815
   ],
   [
    0.5987300872802734,
    0.8009482622146606,
    -0.002044849330559373
   ]
  ]
 },
 {
  "rotation_euler": [
   -1.563586950302124,
   -1.8649510145187378,
   0.9483057856559753
  ],
  "euler_order": "XYZ",
  "rotation_matrix": [
   [
    -0.16904723644256592,
    0.5521449446678162,
    -0.8164306282997131
   ],
   [
    -0.23554827272891998,
    0.7817162871360779,
    0.5774397253990173
   ],
   [
    0.9570475816726685,
    0.28992342948913574,
    -0.0020902033429592848
   ]
  ]
 },
 {
  "rotation_euler": [
   -6.7550026869867e-06,
   -1.2585694094013888e-05,
   -2.370258331298828
  ],
  "euler_order": "XYZ",
  "rotation_matrix": [
   [
    -0.7169811725616455,
    0.6970925331115723,
    1.3732567822444253e-05
   ],
   [
    -0.6970925331115723,
    -0.7169811725616455,
    3.930183993361425e-06
   ],
   [
    1.2585694094013888e-05,
    -6.7550026869867e-06,
    1.0
   ]
  ]
 },
 {
  "rotation_euler": [
   -1.5510808229446411,
   -1.6783807277679443,
   -0.901863157749176
  ],
  "euler_order": "XYZ",
  "rotation_matrix": [
   [
    -0.06658977270126343,
    0.6319096088409424,
    0.7721761465072632
   ],
   [
    0.08423549681901932,
    -0.7675707936286926,
    0.6354050040245056
   ],
   [
    0.9942183494567871,
    0.10735611617565155,
    -0.002116854302585125
   ]
  ]
 },
 {
  "rotation_euler": [
   -1.5736806392669678,
   0.7738321423530579,
   2.1117215156555176
  ],
  "euler_order": "XYZ",
  "rotation_matrix": [
   [
    -0.36829686164855957,
    0.36234548687934875,
    -0.856191098690033
   ],
   [
    0.6131251454353333,
    -0.5976161360740662,
    -0.5166551470756531
   ],
   [
    -0.6988812685012817,
    -0.7152347564697266,
    -0.002062966115772724
   ]
  ]
 },
 {
  "rotation_euler": [
   4.562637514027301e-06,
   2.785107062663883e-05,
   1.2436413764953613
  ],
  "euler_order": "XYZ",
  "rotation_matrix": [
   [
    0.32135018706321716,
    -0.94696044921875,
    1.3270583622215781e-05
   ],
   [
    0.94696044921875,
    0.32135018706321716,
    2.4907658371375874e-05
   ],
   [
    -2.785107062663883e-05,
    4.562637514027301e-06,
    1.0
   ]
  ]
 },
 {
  "rotation_euler": [
   1.8773938791127875e-05,
   -2.7137893994222395e-05,
   -0.2629200220108032
  ],
  "euler_order": "XYZ",
  "rotation_matrix": [
   [
    0.9656351804733276,
    0.25990134477615356,
    -3.108467717538588e-05
   ],
   [
    -0.25990134477615356,
    0.9656351804733276,
    -1.107560092350468e-05
   ],
   [
    2.7137893994222395e-05,
    1.8773938791127875e-05,
    1.0
   ]
  ]
 },
 {
  "rotation_euler": [
   1.5588041543960571,
   1.746658444404602,
   0.6329907178878784
  ],
  "euler_order": "XYZ",
  "rotation_matrix": [
   [
    -0.1410611867904663,
    0.786675214767456,
    0.6010356545448303
   ],
   [
    -0.10349734872579575,
    0.5920612812042236,
    -0.7992194890975952
   ],
   [
    -0.9845760464668274,
    -0.1749444454908371,
    -0.0020980644039809704
   ]
  ]
 },
 {
  "rotation_euler": [
   -1.5728391408920288,
   0.08752744644880295,
   -0.9379446506500244
  ],
  "euler_order": "XYZ",
  "rotation_matrix": [
   [
    0.5891824960708618,
    -0.0533488392829895,
    0.8062368631362915
   ],
   [
    -0.803257405757904,
    0.06927880644798279,
    0.5915893316268921
   ],
   [
    -0.08741573244333267,
    -0.9961698651313782,
    -0.00203499267809093
   ]
  ]
 },
 {
  "rotation_euler": [
   1.573433518409729,
   -0.6592732667922974,
   -1.6392825841903687
  ],
  "euler_order": "XYZ",
  "rotation_matrix": [
   [
    -0.05409180372953415,
    0.03928681090474129,
    -0.9977627992630005
   ],
   [
    -0.7885845899581909,
    0.6112849712371826,
    0.06682088971138
   ],
   [
    0.6125425696372986,
    0.7904348373413086,
    -0.0020845329854637384
   ]
  ]
 },
 {
  "rotation_euler": [
   -1.568701982498169,
   -3.035548448562622,
   -0.09851708263158798
  ],
  "euler_order": "XYZ",
  "rotation_matrix": [
   [
    -0.9895609617233276,
    0.10553810000419617,
    0.09813698381185532
   ],
   [
    0.09780528396368027,
    -0.00832652673125267,
    0.9951707124710083
   ],
   [
    0.10584556311368942,
    0.9943804144859314,
    -0.002082577906548977
   ]
  ]
 },
 {
  "rotation_euler": [
   -1.5740020275115967,
   0.8858952522277832,
   -0.8716962933540344
  ],
  "euler_order": "XYZ",
  "rotation_matrix": [
   [
    0.40709418058395386,
    -0.5008525848388672,
    0.7638199925422668
   ],
   [
    -0.4842029809951782,
    0.5907390117645264,
    0.6454261541366577
   ],
   [
    -0.7744816541671753,
    -0.6325931549072266,
    -0.002027911366894841
   ]
  ]
 }
]