[
 {
  "rotation_euler": [
   -0.8762336373329163,
   -1.5644450187683105,
   0.8016121983528137
  ],
  "euler_order": "XYZ",
  "rotation_matrix": [
   [
    0.00441761827096343,
    0.07454142719507217,
    -0.9972081184387207
   ],
   [
    0.004563246853649616,
    0.9972059726715088,
    0.0745614767074585
   ],
   [
    0.9999798536300659,
    -0.004879890941083431,
    0.0040651243180036545
   ]
  ]
 },
 {
  "rotation_euler": [
   1.8249040842056274,
   1.5855708122253418,
   -0.7733047008514404
  ],
  "euler_order": "XYZ",
  "rotation_matrix": [
   [
    -0.01057232916355133,
    0.5169598460197449,
    -0.8559443950653076
   ],
   [
    0.010319660417735577,
    -0.8558902144432068,
    -0.517054557800293
   ],
   [
    -0.9998908638954163,
    -0.014299526810646057,
    0.0037139032501727343
   ]
  ]
 },
 {
  "rotation_euler": [
   2.0912911891937256,
   -1.5777102708816528,
   -0.24428905546665192
  ],
  "euler_order": "XYZ",
  "rotation_matrix": [
   [
    -0.006708612199872732,
    -0.9620769619941711,
    0.2726956903934479
   ],
   [
    0.0016722384607419372,
    -0.27271226048469543,
    -0.9620941877365112
   ],
   [
    0.9999760985374451,
    -0.005998304579406977,
    0.0034383428283035755
   ]
  ]
 },
 {
  "rotation_euler": [
   2.265367269515991,
   -1.5771477222442627,
   -0.5560653209686279
  ],
  "euler_order": "XYZ",
  "rotation_matrix": [
   [
    -0.00539444899186492,
    -0.9904102683067322,
    0.13805224001407623
   ],
   [
    0.0033525514882057905,
    -0.13807138800621033,
    -0.9904165863990784
   ],
   [
    0.9999798536300659,
    -0.004879924468696117,
    0.00406522024422884
   ]
  ]
 },
 {
  "rotation_euler": [
   2.265373468399048,
   -1.5771477222442627,
   0.10406222194433212
  ],
  "euler_order": "XYZ",
  "rotation_matrix": [
   [
    -0.006316994316875935,
    -0.6976667046546936,
    0.7163946032524109
   ],
   [
    -0.0006597436731681228,
    -0.7164058685302734,
    -0.6976834535598755
   ],
   [
    0.9999798536300659,
    -0.004879899322986603,
    0.004065250512212515
   ]
  ]
 },
 {
  "rotation_euler": [
   -1.3166853189468384,
   1.5560219287872314,
   1.1268656253814697
  ],
  "euler_order": "XYZ",
  "rotation_matrix": [
   [
    0.006345261819660664,
    -0.6426733136177063,
    -0.7661140561103821
   ],
   [
    0.013341836631298065,
    -0.7660068869590759,
    0.6426938772201538
   ],
   [
    -0.9998908638954163,
    -0.014299429953098297,
    0.0037139279302209616
   ]
  ]
 },
 {
  "rotation_euler": [
   -1.3166836500167847,
   1.556021809577942,
   1.2766404151916504
  ],
  "euler_order": "XYZ",
  "rotation_matrix": [
   [
    0.004283451475203037,
    -0.521179735660553,
    -0.8534361720085144
   ],
   [
    0.014139396138489246,
    -0.8533271551132202,
    0.5211841464042664
   ],
   [
    -0.9998908638954163,
    -0.014299538917839527,
    0.0037139817140996456
   ]
  ]
 },
 {
  "rotation_euler": [
   -0.8744715452194214,
   -1.564438819885254,
   -1.7744871377944946
  ],
  "euler_order": "XYZ",
  "rotation_matrix": [
   [
    -0.0012860209681093693,
    0.4729514420032501,
    0.8810875415802002
   ],
   [
    -0.00622603390365839,
    -0.8810750246047974,
    0.47293558716773987
   ],
   [
    0.9999797940254211,
    -0.004877476021647453,
    0.00407769251614809
   ]
  ]
 },
 {
  "rotation_euler": [
   1.8249047994613647,
   1.585571050643921,
   -0.36278292536735535
  ],
  "euler_order": "XYZ",
  "rotation_matrix": [
   [
    -0.013812576420605183,
    0.8155819773674011,
    -0.5784766674041748
   ],
   [
    0.005243024788796902,
    -0.5784648656845093,
    -0.8156904578208923
   ],
   [
    -0.9998908638954163,
    -0.014299754984676838,
    0.0037139735650271177
   ]
  ]
 },
 {
  "rotation_euler": [
   -1.7579965591430664,
   1.5560486316680908,
   0.710115909576416
  ],
  "euler_order": "XYZ",
  "rotation_matrix": [
   [
    0.011182569898664951,
    -0.6236290335655212,
    -0.7816404104232788
   ],
   [
    0.00961399357765913,
    -0.7815861105918884,
    0.6237232685089111
   ],
   [
    -0.9998912811279297,
    -0.014489514753222466,
    -0.0027445759624242783
   ]
  ]
 },
 {
  "rotation_euler": [
   1.824904441833496,
   1.5855706930160522,
   -0.1867227554321289
  ],
  "euler_order": "XYZ",
  "rotation_matrix": [
   [
    -0.01451702881604433,
    0.9042936563491821,
    -0.4266640841960907
   ],
   [
    0.002742607844993472,
    -0.42667144536972046,
    -0.9044025540351868
   ],
   [
    -0.9998908638954163,
    -0.014299409464001656,
    0.003713878570124507
   ]
  ]
 },
 {
  "rotation_euler": [
   -1.2007842063903809,
   -0.010849662125110626,
   -0.6319100856781006
  ],
  "euler_order": "XYZ",
  "rotation_matrix": [
   [
    0.8068532347679138,
    0.22177019715309143,
    0.547545313835144
   ],
   [
    -0.590652346611023,
    0.28582194447517395,
    0.7546095848083496
   ],
   [
    0.01084944885224104,
    -0.9322680830955505,
    0.3616054356098175
   ]
  ]
 },
 {
  "rotation_euler": [
   -1.3166987895965576,
   1.556022047996521,
   -0.48177066445350647
  ],
  "euler_order": "XYZ",
  "rotation_matrix": [
   [
    0.013092133216559887,
    -0.741154670715332,
    0.6712066531181335
   ],
   [
    -0.006845398806035519,
    0.6711820363998413,
    0.7412610054016113
   ],
   [
    -0.9998908638954163,
    -0.014299364760518074,
    0.0037137053441256285
   ]
  ]
 },
 {
  "rotation_euler": [
   1.824899435043335,
   1.5855709314346313,
   0.06418462097644806
  ],
  "euler_order": "XYZ",
  "rotation_matrix": [
   [
    -0.014743645675480366,
    0.981914222240448,
    -0.1887514740228653
   ],
   [
    -0.00094761693617329,
    -0.1887856274843216,
    -0.9820178747177124
   ],
   [
    -0.9998908638954163,
    -0.014299659058451653,
    0.0037138669285923243
   ]
  ]
 },
 {
  "rotation_euler": [
   -1.3166568279266357,
   1.556021809577942,
   0.31888291239738464
  ],
  "euler_order": "XYZ",
  "rotation_matrix": [
   [
    0.014029167592525482,
    -0.997804582118988,
    -0.06472425162792206
   ],
   [
    0.004631731193512678,
    -0.06466507166624069,
    0.9978962540626526
   ],
   [
    -0.9998908638954163,
    -0.014299439266324043,
    0.0037143651861697435
   ]
  ]
 },
 {
  "rotation_euler": [
   -0.876247227191925,
   -1.564444899559021,
   -1.9487041234970093
  ],
  "euler_order": "XYZ",
  "rotation_matrix": [
   [
    -0.002343512838706374,
    0.31138232350349426,
    0.9502818584442139
   ],
   [
    -0.005903222132474184,
    -0.9502722024917603,
    0.3113645911216736
   ],
   [
    0.9999798536300659,
    -0.0048800380900502205,
    0.004065134096890688
   ]
  ]
 }
]