[
 {
  "rotation_euler": [
   -1.2855219841003418,
   -0.8477096557617188,
   -1.8877081871032715
  ],
  "euler_order": "XYZ",
  "rotation_matrix": [
   [
    -0.20620867609977722,
    0.04319719597697258,
    0.9775540828704834
   ],
   [
    -0.6287508606910706,
    -0.7713371515274048,
    -0.09854624420404434
   ],
   [
    0.7497668266296387,
    -0.6349590420722961,
    0.18621668219566345
   ]
  ]
 },
 {
  "rotation_euler": [
   -1.285522222518921,
   0.8477105498313904,
   -2.53022837638855
  ],
  "euler_order": "XYZ",
  "rotation_matrix": [
   [
    -0.5418446063995361,
    0.7506765723228455,
    0.3780066967010498
   ],
   [
    -0.379806786775589,
    0.18251678347587585,
    -0.9068816900253296
   ],
   [
    -0.7497674226760864,
    -0.6349584460258484,
    0.186216339468956
   ]
  ]
 },
 {
  "rotation_euler": [
   -1.2855221033096313,
   -0.8477106094360352,
   -1.433326005935669
  ],
  "euler_order": "XYZ",
  "rotation_matrix": [
   [
    0.09067806601524353,
    0.377359539270401,
    0.9216166734695435
   ],
   [
    -0.6554588079452515,
    -0.6741124391555786,
    0.34050869941711426
   ],
   [
    0.7497674822807312,
    -0.6349583864212036,
    0.18621639907360077
   ]
  ]
 },
 {
  "rotation_euler": [
   -1.285524845123291,
   0.8477028608322144,
   1.1083074808120728
  ],
  "euler_order": "XYZ",
  "rotation_matrix": [
   [
    0.2952384352684021,
    -0.5728603601455688,
    -0.7646340727806091
   ],
   [
    0.5921913981437683,
    -0.5183156132698059,
    0.6169750690460205
   ],
   [
    -0.7497623562812805,
    -0.6349644660949707,
    0.1862162947654724
   ]
  ]
 },
 {
  "rotation_euler": [
   -1.2855219841003418,
   0.8477106094360352,
   -1.2988951206207275
  ],
  "euler_order": "XYZ",
  "rotation_matrix": [
   [
    0.177708700299263,
    0.07785995304584503,
    0.9809982180595398
   ],
   [
    -0.6373918056488037,
    0.768612802028656,
    0.05446076765656471
   ],
   [
    -0.7497674822807312,
    -0.6349583864212036,
    0.18621647357940674
   ]
  ]
 },
 {
  "rotation_euler": [
   -1.285522222518921,
   0.8477104902267456,
   1.6675090789794922
  ],
  "euler_order": "XYZ",
  "rotation_matrix": [
   [
    -0.06389525532722473,
    -0.2106323540210724,
    -0.9754749536514282
   ],
   [
    0.6586093306541443,
    -0.7432776689529419,
    0.11735443770885468
   ],
   [
    -0.7497674226760864,
    -0.6349585056304932,
    0.1862163543701172
   ]
  ]
 },
 {
  "rotation_euler": [
   -1.2855219841003418,
   -0.8477101922035217,
   -1.3225291967391968
  ],
  "euler_order": "XYZ",
  "rotation_matrix": [
   [
    0.16259637475013733,
    0.4495825171470642,
    0.8783154487609863
   ],
   [
    -0.6414137482643127,
    -0.6282539367675781,
    0.44032418727874756
   ],
   [
    0.7497671842575073,
    -0.6349586844444275,
    0.1862165629863739
   ]
  ]
 },
 {
  "rotation_euler": [
   -1.285522699356079,
   -0.8477101922035217,
   1.6847440004348755
  ],
  "euler_order": "XYZ",
  "rotation_matrix": [
   [
    -0.07523631304502487,
    -0.3613991141319275,
    -0.9293708801269531
   ],
   [
    0.6574105620384216,
    0.6828015446662903,
    -0.3187371492385864
   ],
   [
    0.7497671842575073,
    -0.634958803653717,
    0.18621611595153809
   ]
  ]
 },
 {
  "rotation_euler": [
   -1.285522699356079,
   -0.8477105498313904,
   -1.8591445684432983
  ],
  "euler_order": "XYZ",
  "rotation_matrix": [
   [
    -0.18816740810871124,
    0.06520789861679077,
    0.97996985912323
   ],
   [
    -0.6343830227851868,
    -0.7697892785072327,
    -0.07058774679899216
   ],
   [
    0.7497674226760864,
    -0.6349585652351379,
    0.18621604144573212
   ]
  ]
 },
 {
  "rotation_euler": [
   -1.2855231761932373,
   0.8477106094360352,
   -0.8319869041442871
  ],
  "euler_order": "XYZ",
  "rotation_matrix": [
   [
    0.4455951750278473,
    -0.27644869685173035,
    0.8514816761016846
   ],
   [
    -0.48917654156684875,
    0.7213901281356812,
    0.4902067184448242
   ],
   [
    -0.7497674822807312,
    -0.6349586248397827,
    0.18621572852134705
   ]
  ]
 },
 {
  "rotation_euler": [
   -1.2855224609375,
   -0.8477105498313904,
   -1.8069151639938354
  ],
  "euler_order": "XYZ",
  "rotation_matrix": [
   [
    -0.1547924280166626,
    0.10530657321214676,
    0.9823185801506042
   ],
   [
    -0.6433413624763489,
    -0.7653353810310364,
    -0.01933133415877819
   ],
   [
    0.7497674226760864,
    -0.6349585056304932,
    0.18621619045734406
   ]
  ]
 },
 {
  "rotation_euler": [
   -1.2855221033096313,
   0.8477105498313904,
   -1.2739472389221191
  ],
  "euler_order": "XYZ",
  "rotation_matrix": [
   [
    0.19355332851409912,
    0.05866234377026558,
    0.9793343544006348
   ],
   [
    -0.6327605247497559,
    0.7703158259391785,
    0.07891520857810974
   ],
   [
    -0.7497674226760864,
    -0.6349584460258484,
    0.18621641397476196
   ]
  ]
 },
 {
  "rotation_euler": [
   -1.2855229377746582,
   -0.847710132598877,
   -1.2392010688781738
  ],
  "euler_order": "XYZ",
  "rotation_matrix": [
   [
    0.21541818976402283,
    0.5003123879432678,
    0.8386194109916687
   ],
   [
    -0.6256549954414368,
    -0.5886549949645996,
    0.5118995308876038
   ],
   [
    0.7497671842575073,
    -0.6349589228630066,
    0.18621596693992615
   ]
  ]
 },
 {
  "rotation_euler": [
   -1.2855231761932373,
   0.8477074503898621,
   2.0093088150024414
  ],
  "euler_order": "XYZ",
  "rotation_matrix": [
   [
    -0.28095489740371704,
    0.05068643018603325,
    -0.9583815932273865
   ],
   [
    0.5990961790084839,
    -0.7708797454833984,
    -0.21639829874038696
   ],
   [
    -0.7497653961181641,
    -0.6349608898162842,
    0.18621638417243958
   ]
  ]
 },
 {
  "rotation_euler": [
   -1.2855223417282104,
   -0.8477107286453247,
   -1.5219542980194092
  ],
  "euler_order": "XYZ",
  "rotation_matrix": [
   [
    0.03230598568916321,
    0.31621095538139343,
    0.9481386542320251
   ],
   [
    -0.6609122157096863,
    -0.7048677206039429,
    0.2575976550579071
   ],
   [
    0.749767541885376,
    -0.6349583864212036,
    0.18621622025966644
   ]
  ]
 },
 {
  "rotation_euler": [
   -1.2855217456817627,
   -0.847710371017456,
   0.4182130992412567
  ],
  "euler_order": "XYZ",
  "rotation_matrix": [
   [
    0.6046735644340515,
    0.5431657433509827,
    -0.5825297236442566
   ],
   [
    0.2687356770038605,
    0.549362063407898,
    0.7911905646324158
   ],
   [
    0.7497673034667969,
    -0.6349585056304932,
    0.18621668219566345
   ]
  ]
 }
]