[
 {
  "rotation_euler": [
   0.009532120078802109,
   0.048579469323158264,
   1.9165772199630737
  ],
  "euler_order": "XYZ",
  "rotation_matrix": [
   [
    -0.33853161334991455,
    -0.9409252405166626,
    -0.007490098942071199
   ],
   [
    0.9397011399269104,
    -0.33848056197166443,
    0.04891473799943924
   ],
   [
    -0.04856036230921745,
    0.009520730003714561,
    0.9987748861312866
   ]
  ]
 },
 {
  "rotation_euler": [
   -1.415267825126648,
   -1.1933034658432007,
   -0.060161177068948746
  ],
  "euler_order": "XYZ",
  "rotation_matrix": [
   [
    0.36792418360710144,
    0.9260233044624329,
    -0.08433615416288376
   ],
   [
    -0.022161494940519333,
    0.09940502792596817,
    0.9948002099990845
   ],
   [
    0.9295916557312012,
    -0.3641420602798462,
    0.05709557607769966
   ]
  ]
 },
 {
  "rotation_euler": [
   1.7140687704086304,
   -2.2765541076660156,
   -0.3322141170501709
  ],
  "euler_order": "XYZ",
  "rotation_matrix": [
   [
    -0.6131464242935181,
    -0.7586988806724548,
    -0.2200624942779541
   ],
   [
    0.21153590083122253,
    0.1107102558016777,
    -0.9710797071456909
   ],
   [
    0.7611202597618103,
    -0.6419651508331299,
    0.09261045604944229
   ]
  ]
 },
 {
  "rotation_euler": [
   0.5467965006828308,
   0.3156845271587372,
   -0.14055490493774414
  ],
  "euler_order": "XYZ",
  "rotation_matrix": [
   [
    0.9412097930908203,
    0.27950289845466614,
    0.18974252045154572
   ],
   [
    -0.1331697702407837,
    0.82315593957901,
    -0.5519784092903137
   ],
   [
    -0.3104672431945801,
    0.4942595064640045,
    0.8119837641716003
   ]
  ]
 },
 {
  "rotation_euler": [
   1.4088054895401,
   1.3052507638931274,
   0.12283667176961899
  ],
  "euler_order": "XYZ",
  "rotation_matrix": [
   [
    0.2604583203792572,
    0.9253790974617004,
    0.2753814458847046
   ],
   [
    0.03215572610497475,
    0.2767534554004669,
    -0.96040278673172
   ],
   [
    -0.9649494886398315,
    0.2589999735355377,
    0.04232650250196457
   ]
  ]
 },
 {
  "rotation_euler": [
   1.4130845069885254,
   -1.1644337177276611,
   0.17321889102458954
  ],
  "euler_order": "XYZ",
  "rotation_matrix": [
   [
    0.3893555700778961,
    -0.9206586480140686,
    0.02810518816113472
   ],
   [
    0.06812648475170135,
    -0.0016449387185275555,
    -0.997675359249115
   ],
   [
    0.9185646772384644,
    0.3903651535511017,
    0.06208076700568199
   ]
  ]
 },
 {
  "rotation_euler": [
   -1.365222454071045,
   1.4222404956817627,
   1.2808818817138672
  ],
  "euler_order": "XYZ",
  "rotation_matrix": [
   [
    0.0423116609454155,
    -0.4723789691925049,
    -0.8803793787956238
   ],
   [
    0.1418333202600479,
    -0.8694043755531311,
    0.473306804895401
   ],
   [
    -0.9889858365058899,
    -0.14489352703094482,
    0.030213136225938797
   ]
  ]
 },
 {
  "rotation_euler": [
   1.7337621450424194,
   1.8669790029525757,
   0.5691818594932556
  ],
  "euler_order": "XYZ",
  "rotation_matrix": [
   [
    -0.245855450630188,
    0.8824309706687927,
    0.4010868966579437
   ],
   [
    -0.15730197727680206,
    0.3719801902770996,
    -0.9148151874542236
   ],
   [
    -0.9564576148986816,
    -0.288004070520401,
    0.04735477641224861
   ]
  ]
 },
 {
  "rotation_euler": [
   -0.004900158382952213,
   0.0010694710072129965,
   -1.1278904676437378
  ],
  "euler_order": "XYZ",
  "rotation_matrix": [
   [
    0.42856648564338684,
    0.903497040271759,
    0.004885659087449312
   ],
   [
    -0.9035096168518066,
    0.4285663366317749,
    0.0011337704490870237
   ],
   [
    -0.0010694707743823528,
    -0.0049001360312104225,
    0.9999874234199524
   ]
  ]
 },
 {
  "rotation_euler": [
   -1.4392868280410767,
   -0.2845379710197449,
   0.14948593080043793
  ],
  "euler_order": "XYZ",
  "rotation_matrix": [
   [
    0.9490876197814941,
    0.25565725564956665,
    -0.1840435415506363
   ],
   [
    0.14294156432151794,
    0.17111404240131378,
    0.974826991558075
   ],
   [
    0.2807140350341797,
    -0.9515037536621094,
    0.12585817277431488
   ]
  ]
 },
 {
  "rotation_euler": [
   1.4414387941360474,
   0.06474320590496063,
   -1.1231577396392822
  ],
  "euler_order": "XYZ",
  "rotation_matrix": [
   [
    0.43193116784095764,
    0.1440569907426834,
    -0.890327513217926
   ],
   [
    -0.8995830416679382,
    -0.0020012774039059877,
    -0.43674516677856445
   ],
   [
    -0.0646979883313179,
    0.9895673990249634,
    0.1287268102169037
   ]
  ]
 },
 {
  "rotation_euler": [
   0.10785719007253647,
   0.003002954414114356,
   1.1390128135681152
  ],
  "euler_order": "XYZ",
  "rotation_matrix": [
   [
    0.41848939657211304,
    -0.902807891368866,
    0.09901773184537888
   ],
   [
    0.9082167148590088,
    0.4163530468940735,
    -0.04233833774924278
   ],
   [
    -0.0030029499903321266,
    0.10764770954847336,
    0.9941845536231995
   ]
  ]
 },
 {
  "rotation_euler": [
   -0.058369576930999756,
   -0.17601682245731354,
   2.795870304107666
  ],
  "euler_order": "XYZ",
  "rotation_matrix": [
   [
    -0.9262941479682922,
    -0.347910076379776,
    0.1446988731622696
   ],
   [
    0.3336403965950012,
    -0.9357669353485107,
    -0.11412408202886581
   ],
   [
    0.17510934174060822,
    -0.05743508040904999,
    0.9828723073005676
   ]
  ]
 },
 {
  "rotation_euler": [
   -1.439143419265747,
   -0.2758081555366516,
   0.6703683137893677
  ],
  "euler_order": "XYZ",
  "rotation_matrix": [
   [
    0.753977358341217,
    0.12998847663402557,
    -0.643910825252533
   ],
   [
    0.5977938175201416,
    0.27058881521224976,
    0.7546020150184631
   ],
   [
    0.27232465147972107,
    -0.9538787603378296,
    0.1263115257024765
   ]
  ]
 },
 {
  "rotation_euler": [
   -1.4207472801208496,
   1.3256397247314453,
   -1.3102989196777344
  ],
  "euler_order": "XYZ",
  "rotation_matrix": [
   [
    0.06251222640275955,
    -0.10260921716690063,
    0.9927555322647095
   ],
   [
    -0.23451974987983704,
    0.9653395414352417,
    0.1145428940653801
   ],
   [
    -0.9700993299484253,
    -0.23998111486434937,
    0.03628163784742355
   ]
  ]
 },
 {
  "rotation_euler": [
   -1.7306898832321167,
   -1.9360805749893188,
   -0.4156869351863861
  ],
  "euler_order": "XYZ",
  "rotation_matrix": [
   [
    -0.3267940878868103,
    0.7792873978614807,
    0.5347118973731995
   ],
   [
    0.14424993097782135,
    -0.5180186629295349,
    0.8431183695793152
   ],
   [
    0.9340222477912903,
    0.3526582419872284,
    0.05687328428030014
   ]
  ]
 }
]