[
 {
  "rotation_euler": [
   -0.00022156060731504112,
   -4.8772021727927495e-06,
   -0.5484126806259155
  ],
  "euler_order": "XYZ",
  "rotation_matrix": [
   [
    0.8533531427383423,
    0.5213333368301392,
    0.00011134495434816927
   ],
   [
    -0.5213333368301392,
    0.8533530831336975,
    0.0001916120818350464
   ],
   [
    4.8772021727927495e-06,
    -0.00022156060731504112,
    1.0
   ]
  ]
 },
 {
  "rotation_euler": [
   -0.00021998149168211967,
   3.2512793950445484e-06,
   -0.7733813524246216
  ],
  "euler_order": "XYZ",
  "rotation_matrix": [
   [
    0.7155526876449585,
    0.6985587477684021,
    0.0001559964584885165
   ],
   [
    -0.6985587477684021,
    0.7155526876449585,
    0.000155137138790451
   ],
   [
    -3.2512793950445484e-06,
    -0.00021998149168211967,
    1.0
   ]
  ]
 },
 {
  "rotation_euler": [
   -0.0002207979268860072,
   2.1589219159068307e-06,
   1.8543092012405396
  ],
  "euler_order": "XYZ",
  "rotation_matrix": [
   [
    -0.2797299921512604,
    -0.9600786566734314,
    -0.00021258729975670576
   ],
   [
    0.9600787162780762,
    -0.2797299921512604,
    -5.9691068599931896e-05
   ],
   [
    -2.1589219159068307e-06,
    -0.0002207979268860072,
    1.0
   ]
  ]
 },
 {
  "rotation_euler": [
   -0.0002235549472970888,
   3.737410679605091e-06,
   1.431265115737915
  ],
  "euler_order": "XYZ",
  "rotation_matrix": [
   [
    0.13907890021800995,
    -0.9902812838554382,
    -0.00022086249373387545
   ],
   [
    0.9902812838554382,
    0.13907888531684875,
    3.4792861697496846e-05
   ],
   [
    -3.737410679605091e-06,
    -0.0002235549472970888,
    1.0
   ]
  ]
 },
 {
  "rotation_euler": [
   -0.00022047704260330647,
   1.5342369579229853e-06,
   -0.9487123489379883
  ],
  "euler_order": "XYZ",
  "rotation_matrix": [
   [
    0.5827299952507019,
    0.8126658201217651,
    0.0001800682075554505
   ],
   [
    -0.8126658201217651,
    0.5827299952507019,
    0.0001272317604161799
   ],
   [
    -1.5342369579229853e-06,
    -0.00022047704260330647,
    1.0
   ]
  ]
 },
 {
  "rotation_euler": [
   -0.00021744695550296456,
   -1.0955216566799209e-05,
   0.18539154529571533
  ],
  "euler_order": "XYZ",
  "rotation_matrix": [
   [
    0.9828641414642334,
    -0.18433137238025665,
    -5.08497869304847e-05
   ],
   [
    0.18433138728141785,
    0.9828641414642334,
    0.00021170142281334847
   ],
   [
    1.0955216566799209e-05,
    -0.00021744695550296456,
    1.0
   ]
  ]
 },
 {
  "rotation_euler": [
   -0.0002220730675617233,
   4.926701876684092e-06,
   -1.8516963720321655
  ],
  "euler_order": "XYZ",
  "rotation_matrix": [
   [
    -0.2772205173969269,
    0.9608063101768494,
    0.00021200341871008277
   ],
   [
    -0.9608063101768494,
    -0.2772205173969269,
    -6.629681593040004e-05
   ],
   [
    -4.926701876684092e-06,
    -0.0002220730675617233,
    1.0
   ]
  ]
 },
 {
  "rotation_euler": [
   -0.00022070924751460552,
   -3.7379238619905664e-06,
   -0.9889410138130188
  ],
  "euler_order": "XYZ",
  "rotation_matrix": [
   [
    0.5495749115943909,
    0.835444450378418,
    0.00018233605078421533
   ],
   [
    -0.835444450378418,
    0.5495748519897461,
    0.000124419093481265
   ],
   [
    3.7379238619905664e-06,
    -0.00022070924751460552,
    1.0
   ]
  ]
 },
 {
  "rotation_euler": [
   -0.00022000657918397337,
   -3.137203520964249e-06,
   -2.23164439201355
  ],
  "euler_order": "XYZ",
  "rotation_matrix": [
   [
    -0.6137865781784058,
    0.7894719839096069,
    0.00017561460845172405
   ],
   [
    -0.7894719839096069,
    -0.6137865781784058,
    -0.0001325603516306728
   ],
   [
    3.137203520964249e-06,
    -0.00022000657918397337,
    1.0
   ]
  ]
 },
 {
  "rotation_euler": [
   -0.0002220082824351266,
   3.1641666282666847e-06,
   0.22310471534729004
  ],
  "euler_order": "XYZ",
  "rotation_matrix": [
   [
    0.9752151966094971,
    -0.22125844657421112,
    -4.603546403814107e-05
   ],
   [
    0.22125844657421112,
    0.9752151966094971,
    0.00021720594668295234
   ],
   [
    -3.1641666282666847e-06,
    -0.0002220082824351266,
    1.0
   ]
  ]
 },
 {
  "rotation_euler": [
   -0.00022259561228565872,
   6.003894668538123e-06,
   -0.19554661214351654
  ],
  "euler_order": "XYZ",
  "rotation_matrix": [
   [
    0.9809415936470032,
    0.1943027526140213,
    4.9140409828396514e-05
   ],
   [
    -0.1943027526140213,
    0.9809415936470032,
    0.00021718672360293567
   ],
   [
    -6.003894668538123e-06,
    -0.00022259561228565872,
    1.0
   ]
  ]
 },
 {
  "rotation_euler": [
   -0.0002246212534373626,
   -2.3728131282041431e-07,
   0.026954323053359985
  ],
  "euler_order": "XYZ",
  "rotation_matrix": [
   [
    0.9996367692947388,
    -0.026951057836413383,
    -6.290975761658046e-06
   ],
   [
    0.026951059699058533,
    0.999636709690094,
    0.00022453325800597668
   ],
   [
    2.3728131282041431e-07,
    -0.0002246212534373626,
    1.0
   ]
  ]
 },
 {
  "rotation_euler": [
   -0.00022306856408249587,
   -2.5283818558818894e-06,
   1.546347737312317
  ],
  "euler_order": "XYZ",
  "rotation_matrix": [
   [
    0.0244461540132761,
    -0.9997011423110962,
    -0.0002230637037428096
   ],
   [
    0.9997011423110962,
    0.0244461540132761,
    2.925542275988846e-06
   ],
   [
    2.5283818558818894e-06,
    -0.00022306856408249587,
    1.0
   ]
  ]
 },
 {
  "rotation_euler": [
   -0.0002246620279038325,
   -1.8057269244309282e-06,
   2.1505112648010254
  ],
  "euler_order": "XYZ",
  "rotation_matrix": [
   [
    -0.5477854609489441,
    -0.8366188406944275,
    -0.00018696732877288014
   ],
   [
    0.8366188406944275,
    -0.5477854609489441,
    -0.0001245773019036278
   ],
   [
    1.8057269244309282e-06,
    -0.0002246620279038325,
    1.0
   ]
  ]
 },
 {
  "rotation_euler": [
   -0.00022247544256970286,
   3.099150490015745e-06,
   -0.24560585618019104
  ],
  "euler_order": "XYZ",
  "rotation_matrix": [
   [
    0.9699901938438416,
    0.24314403533935547,
    5.709972538170405e-05
   ],
   [
    -0.24314405024051666,
    0.9699901938438416,
    0.00021504545293282717
   ],
   [
    -3.099150490015745e-06,
    -0.00022247544256970286,
    1.0
   ]
  ]
 },
 {
  "rotation_euler": [
   0.001643329276703298,
   0.008035986684262753,
   0.2062561810016632
  ],
  "euler_order": "XYZ",
  "rotation_matrix": [
   [
    0.9787728786468506,
    -0.20478367805480957,
    0.008202113211154938
   ],
   [
    0.20479026436805725,
    0.9788058996200562,
    3.7227680877549574e-05
   ],
   [
    -0.008035900071263313,
    0.001643275492824614,
    0.9999663829803467
   ]
  ]
 }
]