[
 {
  "rotation_euler": [
   -0.025974972173571587,
   -0.0076510244980454445,
   0.2685546576976776
  ],
  "euler_order": "XYZ",
  "rotation_matrix": [
   [
    0.9641271829605103,
    -0.2650570869445801,
    -0.014265593141317368
   ],
   [
    0.26533040404319763,
    0.9638829231262207,
    0.023011690005660057
   ],
   [
    0.007650949992239475,
    -0.025971291586756706,
    0.9996334314346313
   ]
  ]
 },
 {
  "rotation_euler": [
   -0.025957131758332253,
   -0.007651770953088999,
   -2.4906773567199707
  ],
  "euler_order": "XYZ",
  "rotation_matrix": [
   [
    -0.7955062389373779,
    0.6055527329444885,
    0.021811144426465034
   ],
   [
    -0.605897068977356,
    -0.7953819036483765,
    -0.016012631356716156
   ],
   [
    0.0076516964472830296,
    -0.02595345675945282,
    0.9996338486671448
   ]
  ]
 },
 {
  "rotation_euler": [
   -0.025981010869145393,
   -0.007656291127204895,
   -2.522066831588745
  ],
  "euler_order": "XYZ",
  "rotation_matrix": [
   [
    -0.8141300082206726,
    0.5802912712097168,
    0.02131539024412632
   ],
   [
    -0.5806321501731873,
    -0.8139945864677429,
    -0.016706086695194244
   ],
   [
    0.0076562161557376385,
    -0.025977326557040215,
    0.9996331930160522
   ]
  ]
 },
 {
  "rotation_euler": [
   -0.025965536013245583,
   -0.007641474716365337,
   -2.0890021324157715
  ],
  "euler_order": "XYZ",
  "rotation_matrix": [
   [
    -0.4953078329563141,
    0.8683182001113892,
    0.026337647810578346
   ],
   [
    -0.868683934211731,
    -0.4953276813030243,
    -0.0062239463441073895
   ],
   [
    0.007641400210559368,
    -0.02596186101436615,
    0.9996337294578552
   ]
  ]
 },
 {
  "rotation_euler": [
   -0.025957586243748665,
   -0.0076517388224601746,
   -0.8781042695045471
  ],
  "euler_order": "XYZ",
  "rotation_matrix": [
   [
    0.6385924220085144,
    0.7693971991539001,
    0.01508809719234705
   ],
   [
    -0.769507110118866,
    0.6382431387901306,
    0.022461140528321266
   ],
   [
    0.007651664316654205,
    -0.025953911244869232,
    0.9996338486671448
   ]
  ]
 },
 {
  "rotation_euler": [
   -0.025964951142668724,
   -0.007641403470188379,
   -2.2924814224243164
  ],
  "euler_order": "XYZ",
  "rotation_matrix": [
   [
    -0.6606312990188599,
    0.750309407711029,
    0.024536078795790672
   ],
   [
    -0.7506716251373291,
    -0.6605768203735352,
    -0.011417469941079617
   ],
   [
    0.00764132896438241,
    -0.02596127614378929,
    0.9996337294578552
   ]
  ]
 },
 {
  "rotation_euler": [
   -0.025959838181734085,
   -0.007651732303202152,
   -2.5697569847106934
  ],
  "euler_order": "XYZ",
  "rotation_matrix": [
   [
    -0.8408843278884888,
    0.540827214717865,
    0.020479459315538406
   ],
   [
    -0.5411607623100281,
    -0.8407331109046936,
    -0.017687905579805374
   ],
   [
    0.007651657797396183,
    -0.025956163182854652,
    0.9996337890625
   ]
  ]
 },
 {
  "rotation_euler": [
   -0.025961965322494507,
   -0.007653430104255676,
   -0.8190972208976746
  ],
  "euler_order": "XYZ",
  "rotation_matrix": [
   [
    0.6828609704971313,
    0.7304190993309021,
    0.013739285059273243
   ],
   [
    -0.7305082678794861,
    0.68250572681427,
    0.02331605926156044
   ],
   [
    0.007653355598449707,
    -0.025958288460969925,
    0.9996337294578552
   ]
  ]
 },
 {
  "rotation_euler": [
   -0.025959162041544914,
   -0.007652408443391323,
   3.006216526031494
  ],
  "euler_order": "XYZ",
  "rotation_matrix": [
   [
    -0.9908215999603271,
    -0.13511434197425842,
    0.004076632205396891
   ],
   [
    0.13495905697345734,
    -0.9904900193214417,
    -0.02675119787454605
   ],
   [
    0.007652333937585354,
    -0.02595548704266548,
    0.9996337890625
   ]
  ]
 },
 {
  "rotation_euler": [
   -0.025974992662668228,
   -0.0076510910876095295,
   -2.889691114425659
  ],
  "euler_order": "XYZ",
  "rotation_matrix": [
   [
    -0.9684118628501892,
    0.2489694207906723,
    0.01388048566877842
   ],
   [
    -0.24923864006996155,
    -0.9681630730628967,
    -0.023246057331562042
   ],
   [
    0.00765101658180356,
    -0.025971312075853348,
    0.9996334314346313
   ]
  ]
 },
 {
  "rotation_euler": [
   -0.025959398597478867,
   -0.007651474792510271,
   -2.2642738819122314
  ],
  "euler_order": "XYZ",
  "rotation_matrix": [
   [
    -0.6391966938972473,
    0.7686417102813721,
    0.024850500747561455
   ],
   [
    -0.7690052390098572,
    -0.6391527652740479,
    -0.010709626600146294
   ],
   [
    0.007651400286704302,
    -0.025955723598599434,
    0.9996337890625
   ]
  ]
 },
 {
  "rotation_euler": [
   -0.025965286418795586,
   -0.007641585078090429,
   -1.8014243841171265
  ],
  "euler_order": "XYZ",
  "rotation_matrix": [
   [
    -0.22858232259750366,
    0.9731495380401611,
    0.027021139860153198
   ],
   [
    -0.9734945893287659,
    -0.22870507836341858,
    0.0015019670827314258
   ],
   [
    0.00764151057228446,
    -0.025961611419916153,
    0.9996337294578552
   ]
  ]
 },
 {
  "rotation_euler": [
   -0.025964677333831787,
   -0.00764072360470891,
   -2.2256929874420166
  ],
  "euler_order": "XYZ",
  "rotation_matrix": [
   [
    -0.6090595126152039,
    0.7927227020263672,
    0.025242730975151062
   ],
   [
    -0.7930877208709717,
    -0.6090292930603027,
    -0.009754878468811512
   ],
   [
    0.007640649098902941,
    -0.025961002334952354,
    0.9996337294578552
   ]
  ]
 },
 {
  "rotation_euler": [
   -0.025963610038161278,
   -0.0076397680677473545,
   -1.4348020553588867
  ],
  "euler_order": "XYZ",
  "rotation_matrix": [
   [
    0.13557150959968567,
    0.9904599785804749,
    0.02468559332191944
   ],
   [
    -0.9907380938529968,
    0.13533326983451843,
    0.0110862385481596
   ],
   [
    0.007639693561941385,
    -0.025959935039281845,
    0.9996337890625
   ]
  ]
 },
 {
  "rotation_euler": [
   -0.025965306907892227,
   -0.0076415748335421085,
   -3.000755786895752
  ],
  "euler_order": "XYZ",
  "rotation_matrix": [
   [
    -0.9900699853897095,
    0.1401280015707016,
    0.011207676492631435
   ],
   [
    -0.14036764204502106,
    -0.9897930026054382,
    -0.024633042514324188
   ],
   [
    0.007641500327736139,
    -0.025961631909012794,
    0.9996337294578552
   ]
  ]
 },
 {
  "rotation_euler": [
   -0.025957312434911728,
   -0.0076513588428497314,
   0.3746298551559448
  ],
  "euler_order": "XYZ",
  "rotation_matrix": [
   [
    0.9306159019470215,
    -0.3656199872493744,
    -0.01661565899848938
   ],
   [
    0.3659173846244812,
    0.9304022789001465,
    0.02135540544986725
   ],
   [
    0.007651284337043762,
    -0.025953637436032295,
    0.9996338486671448
   ]
  ]
 }
]