[
 {
  "rotation_euler": [
   -1.31168532371521,
   0.7727014422416687,
   1.128828763961792
  ],
  "euler_order": "XYZ",
  "rotation_matrix": [
   [
    0.3062584102153778,
    -0.5202129483222961,
    -0.797235369682312
   ],
   [
    0.6472257375717163,
    -0.5003411173820496,
    0.5751152634620667
   ],
   [
    -0.698072075843811,
    -0.692125141620636,
    0.1834615170955658
   ]
  ]
 },
 {
  "rotation_euler": [
   -1.4389251470565796,
   0.7661972641944885,
   2.4155070781707764
  ],
  "euler_order": "XYZ",
  "rotation_matrix": [
   [
    -0.5388142466545105,
    0.4267062246799469,
    -0.7263614535331726
   ],
   [
    0.4784092307090759,
    -0.5547091364860535,
    -0.6807513236999512
   ],
   [
    -0.6934002041816711,
    -0.7142965793609619,
    0.094744972884655
   ]
  ]
 },
 {
  "rotation_euler": [
   -1.0612419843673706,
   0.7827750444412231,
   0.0013727613259106874
  ],
  "euler_order": "XYZ",
  "rotation_matrix": [
   [
    0.7089585065841675,
    -0.6163250803947449,
    0.34281373023986816
   ],
   [
    0.000973231450188905,
    0.4869426488876343,
    0.8734334111213684
   ],
   [
    -0.705249547958374,
    -0.6188943982124329,
    0.34582194685935974
   ]
  ]
 },
 {
  "rotation_euler": [
   -1.7326602935791016,
   0.7693074345588684,
   2.0274555683135986
  ],
  "euler_order": "XYZ",
  "rotation_matrix": [
   [
    -0.31677675247192383,
    0.4473777711391449,
    -0.8363645076751709
   ],
   [
    0.6447793841362,
    -0.5451321005821228,
    -0.5358083248138428
   ],
   [
    -0.6956378817558289,
    -0.7090021967887878,
    -0.11577478051185608
   ]
  ]
 },
 {
  "rotation_euler": [
   -1.115999698638916,
   0.785681962966919,
   -1.9960252046585083
  ],
  "euler_order": "XYZ",
  "rotation_matrix": [
   [
    -0.2916194498538971,
    0.6622844934463501,
    0.6901719570159912
   ],
   [
    -0.6439520716667175,
    0.39760732650756836,
    -0.6536315083503723
   ],
   [
    -0.7073074579238892,
    -0.6350493431091309,
    0.3105294406414032
   ]
  ]
 },
 {
  "rotation_euler": [
   -0.9816651344299316,
   0.7766545414924622,
   1.9671885967254639
  ],
  "euler_order": "XYZ",
  "rotation_matrix": [
   [
    -0.2753854990005493,
    -0.2875618636608124,
    -0.917317271232605
   ],
   [
    0.6579559445381165,
    -0.7520848512649536,
    0.03824127838015556
   ],
   [
    -0.7008971571922302,
    -0.5930232405662537,
    0.3963162899017334
   ]
  ]
 },
 {
  "rotation_euler": [
   1.7542277574539185,
   2.3719940185546875,
   0.048969633877277374
  ],
  "euler_order": "XYZ",
  "rotation_matrix": [
   [
    -0.7173290848731995,
    0.6922817826271057,
    -0.07864461839199066
   ],
   [
    -0.03515544906258583,
    -0.14869551360607147,
    -0.9882579445838928
   ],
   [
    -0.6958470344543457,
    -0.7061413526535034,
    0.13100109994411469
   ]
  ]
 },
 {
  "rotation_euler": [
   -1.043502926826477,
   0.7817661166191101,
   -1.665152907371521
  ],
  "euler_order": "XYZ",
  "rotation_matrix": [
   [
    -0.06686274707317352,
    0.5583205819129944,
    0.8269265294075012
   ],
   [
    -0.706513524055481,
    0.5587208271026611,
    -0.43436118960380554
   ],
   [
    -0.7045338749885559,
    -0.6132773756980896,
    0.3571034371852875
   ]
  ]
 },
 {
  "rotation_euler": [
   -1.0361742973327637,
   -1.7452753782272339,
   -1.1542651653289795
  ],
  "euler_order": "XYZ",
  "rotation_matrix": [
   [
    -0.07023496180772781,
    0.8088000416755676,
    0.5838745832443237
   ],
   [
    0.15875238180160522,
    -0.5687974095344543,
    0.8070112466812134
   ],
   [
    0.9848170876502991,
    0.14937187731266022,
    -0.08844946324825287
   ]
  ]
 },
 {
  "rotation_euler": [
   -0.3210194706916809,
   -2.326066017150879,
   1.2554301023483276
  ],
  "euler_order": "XYZ",
  "rotation_matrix": [
   [
    -0.21261323988437653,
    -0.830860435962677,
    -0.5142630934715271
   ],
   [
    -0.6516788601875305,
    0.5127258896827698,
    -0.5589514970779419
   ],
   [
    0.7280867099761963,
    0.21629391610622406,
    -0.6504665017127991
   ]
  ]
 },
 {
  "rotation_euler": [
   -1.6095432043075562,
   0.7766888737678528,
   1.608381748199463
  ],
  "euler_order": "XYZ",
  "rotation_matrix": [
   [
    -0.02680104970932007,
    0.06502828747034073,
    -0.9975234270095825
   ],
   [
    0.712734580039978,
    -0.6984453201293945,
    -0.06468092650175095
   ],
   [
    -0.7009216547012329,
    -0.7127029299736023,
    -0.027628842741250992
   ]
  ]
 },
 {
  "rotation_euler": [
   1.853642463684082,
   2.368300437927246,
   -0.32584139704704285
  ],
  "euler_order": "XYZ",
  "rotation_matrix": [
   [
    -0.6779605150222778,
    0.5461087226867676,
    -0.49207189679145813
   ],
   [
    0.2290726602077484,
    -0.4791125953197479,
    -0.847335159778595
   ],
   [
    -0.6984949707984924,
    -0.6871799826622009,
    0.1997208446264267
   ]
  ]
 },
 {
  "rotation_euler": [
   -1.0261348485946655,
   0.7804591059684753,
   -0.2973204553127289
  ],
  "euler_order": "XYZ",
  "rotation_matrix": [
   [
    0.679413378238678,
    -0.4236014783382416,
    0.5991321206092834
   ],
   [
    -0.20817410945892334,
    0.6716973185539246,
    0.7109755277633667
   ],
   [
    -0.7036057114601135,
    -0.6077700853347778,
    0.36817729473114014
   ]
  ]
 },
 {
  "rotation_euler": [
   -1.1471784114837646,
   0.7847464680671692,
   0.142422154545784
  ],
  "euler_order": "XYZ",
  "rotation_matrix": [
   [
    0.7004033923149109,
    -0.6960079669952393,
    0.15813903510570526
   ],
   [
    0.10043294727802277,
    0.3154630959033966,
    0.9436081051826477
   ],
   [
    -0.7066457867622375,
    -0.6450239419937134,
    0.2908535599708557
   ]
  ]
 },
 {
  "rotation_euler": [
   -0.4257681369781494,
   -2.000535011291504,
   -1.1989938020706177
  ],
  "euler_order": "XYZ",
  "rotation_matrix": [
   [
    -0.15136094391345978,
    0.9849010109901428,
    0.08402307331562042
   ],
   [
    0.3881663680076599,
    -0.018951309844851494,
    0.921394407749176
   ],
   [
    0.9090746641159058,
    0.17207805812358856,
    -0.3794369697570801
   ]
  ]
 },
 {
  "rotation_euler": [
   -0.9118203520774841,
   0.7740134000778198,
   0.7512797117233276
  ],
  "euler_order": "XYZ",
  "rotation_matrix": [
   [
    0.5226145386695862,
    -0.8218322992324829,
    -0.22686058282852173
   ],
   [
    0.488116592168808,
    0.07025811821222305,
    0.8699459433555603
   ],
   [
    -0.6990109086036682,
    -0.5653808116912842,
    0.4378678798675537
   ]
  ]
 }
]