[
 {
  "rotation_euler": [
   0.0018351278267800808,
   2.678523060239968e-06,
   -1.5638611316680908
  ],
  "euler_order": "XYZ",
  "rotation_matrix": [
   [
    0.006935139652341604,
    0.999974250793457,
    -0.0018350640311837196
   ],
   [
    -0.9999759793281555,
    0.006935122888535261,
    -1.540531411592383e-05
   ],
   [
    -2.678523060239968e-06,
    0.0018351267790421844,
    0.9999983310699463
   ]
  ]
 },
 {
  "rotation_euler": [
   0.0018355484353378415,
   6.801299718972587e-07,
   -0.6792998909950256
  ],
  "euler_order": "XYZ",
  "rotation_matrix": [
   [
    0.778012752532959,
    0.6282474398612976,
    -0.001152650685980916
   ],
   [
    -0.6282485127449036,
    0.7780114412307739,
    -0.0014285065699368715
   ],
   [
    -6.801299718972587e-07,
    0.001835547387599945,
    0.9999983310699463
   ]
  ]
 },
 {
  "rotation_euler": [
   0.001837976393289864,
   -1.2519636527486e-07,
   -0.11146780103445053
  ],
  "euler_order": "XYZ",
  "rotation_matrix": [
   [
    0.9937939047813416,
    0.11123692244291306,
    -0.0002045754954451695
   ],
   [
    -0.11123710870742798,
    0.9937922358512878,
    -0.0018265547696501017
   ],
   [
    1.2519636527486e-07,
    0.0018379753455519676,
    0.9999983310699463
   ]
  ]
 },
 {
  "rotation_euler": [
   0.001835234579630196,
   1.980812385227182e-07,
   -0.7838816046714783
  ],
  "euler_order": "XYZ",
  "rotation_matrix": [
   [
    0.7081783413887024,
    0.706032395362854,
    -0.0012955962447449565
   ],
   [
    -0.7060335874557495,
    0.7081771492958069,
    -0.0012998124584555626
   ],
   [
    -1.980812385227182e-07,
    0.0018352335318922997,
    0.9999983310699463
   ]
  ]
 },
 {
  "rotation_euler": [
   0.0018357650842517614,
   2.1738655959779862e-06,
   -2.9131946563720703
  ],
  "euler_order": "XYZ",
  "rotation_matrix": [
   [
    -0.9740303754806519,
    0.22641703486442566,
    -0.00041776636498980224
   ],
   [
    -0.2264174222946167,
    -0.9740287065505981,
    0.0017875977791845798
   ],
   [
    -2.1738655959779862e-06,
    0.001835764036513865,
    0.9999983310699463
   ]
  ]
 },
 {
  "rotation_euler": [
   0.0018352735787630081,
   2.618704456835985e-06,
   2.3331243991851807
  ],
  "euler_order": "XYZ",
  "rotation_matrix": [
   [
    -0.6906070709228516,
    -0.7232289910316467,
    0.0013255160301923752
   ],
   [
    0.7232301831245422,
    -0.690605878829956,
    0.0012693461030721664
   ],
   [
    -2.618704456835985e-06,
    0.0018352725310251117,
    0.9999983310699463
   ]
  ]
 },
 {
  "rotation_euler": [
   0.0018357117660343647,
   3.3983988600994053e-07,
   0.7784615755081177
  ],
  "euler_order": "XYZ",
  "rotation_matrix": [
   [
    0.7119946479797363,
    -0.702183723449707,
    0.0012892503291368484
   ],
   [
    0.7021849155426025,
    0.7119934558868408,
    -0.001306777587160468
   ],
   [
    -3.3983988600994053e-07,
    0.0018357107182964683,
    0.9999983310699463
   ]
  ]
 },
 {
  "rotation_euler": [
   0.0018350989557802677,
   3.749079269255162e-08,
   -1.063711404800415
  ],
  "euler_order": "XYZ",
  "rotation_matrix": [
   [
    0.4856310486793518,
    0.8741623759269714,
    -0.0016041580820456147
   ],
   [
    -0.8741638660430908,
    0.48563024401664734,
    -0.0008912133052945137
   ],
   [
    -3.749079269255162e-08,
    0.0018350979080423713,
    0.9999983310699463
   ]
  ]
 },
 {
  "rotation_euler": [
   0.0018352592596784234,
   1.4347953936066915e-07,
   -0.34164896607398987
  ],
  "euler_order": "XYZ",
  "rotation_matrix": [
   [
    0.9422034621238708,
    0.3350406587123871,
    -0.0006147519452497363
   ],
   [
    -0.33504119515419006,
    0.9422019124031067,
    -0.0017292347038164735
   ],
   [
    -1.4347953936066915e-07,
    0.001835258211940527,
    0.9999983310699463
   ]
  ]
 },
 {
  "rotation_euler": [
   0.0018368525197729468,
   -2.979952284931642e-07,
   1.6785691976547241
  ],
  "euler_order": "XYZ",
  "rotation_matrix": [
   [
    -0.10756435990333557,
    -0.9941964745521545,
    0.0018262263620272279
   ],
   [
    0.9941981434822083,
    -0.10756418108940125,
    0.0001972834870684892
   ],
   [
    2.979952284931642e-07,
    0.0018368514720350504,
    0.9999983310699463
   ]
  ]
 },
 {
  "rotation_euler": [
   0.0018355646170675755,
   2.2137990072224056e-06,
   0.6272798776626587
  ],
  "euler_order": "XYZ",
  "rotation_matrix": [
   [
    0.8096270561218262,
    -0.5869436264038086,
    0.001079166540876031
   ],
   [
    0.5869446396827698,
    0.8096256852149963,
    -0.001484822598285973
   ],
   [
    -2.2137990072224056e-06,
    0.001835563569329679,
    0.9999983310699463
   ]
  ]
 },
 {
  "rotation_euler": [
   0.0018357712542638183,
   3.5385406249588414e-07,
   -1.0152244567871094
  ],
  "euler_order": "XYZ",
  "rotation_matrix": [
   [
    0.5274292230606079,
    0.8495975136756897,
    -0.0015594818396493793
   ],
   [
    -0.8495989441871643,
    0.5274283289909363,
    -0.000968539563473314
   ],
   [
    -3.5385406249588414e-07,
    0.0018357702065259218,
    0.9999983310699463
   ]
  ]
 },
 {
  "rotation_euler": [
   0.0018350885948166251,
   1.9902564929452637e-08,
   -2.2198970317840576
  ],
  "euler_order": "XYZ",
  "rotation_matrix": [
   [
    -0.6044702529907227,
    0.7966263890266418,
    -0.0014618936693295836
   ],
   [
    -0.7966277003288269,
    -0.6044692397117615,
    0.0011092399945482612
   ],
   [
    -1.9902564929452637e-08,
    0.0018350875470787287,
    0.9999983310699463
   ]
  ]
 },
 {
  "rotation_euler": [
   0.0018354355124756694,
   2.849765508017299e-07,
   -1.5152980089187622
  ],
  "euler_order": "XYZ",
  "rotation_matrix": [
   [
    0.05546983331441879,
    0.9984586834907532,
    -0.0018325927667319775
   ],
   [
    -0.9984603524208069,
    0.05546974018216133,
    -0.00010209577885689214
   ],
   [
    -2.849765508017299e-07,
    0.001835434464737773,
    0.9999983310699463
   ]
  ]
 },
 {
  "rotation_euler": [
   0.0018339847447350621,
   3.7393608636193676e-06,
   -0.15543363988399506
  ],
  "euler_order": "XYZ",
  "rotation_matrix": [
   [
    0.987944483757019,
    0.15480826795101166,
    -0.0002802220406010747
   ],
   [
    -0.15480852127075195,
    0.9879428148269653,
    -0.0018124530324712396
   ],
   [
    -3.7393608636193676e-06,
    0.0018339836969971657,
    0.9999983310699463
   ]
  ]
 },
 {
  "rotation_euler": [
   0.0018351249163970351,
   -2.270998180620154e-07,
   -1.8087079524993896
  ],
  "euler_order": "XYZ",
  "rotation_matrix": [
   [
    -0.23567359149456024,
    0.9718306064605713,
    -0.0017833791207522154
   ],
   [
    -0.971832275390625,
    -0.235673189163208,
    0.00043271094909869134
   ],
   [
    2.270998180620154e-07,
    0.0018351238686591387,
    0.9999983310699463
   ]
  ]
 }
]