[
 {
  "rotation_euler": [
   0.8894751667976379,
   -1.4585909843444824,
   -1.635772943496704
  ],
  "euler_order": "XYZ",
  "rotation_matrix": [
   [
    -0.00727031659334898,
    0.6786080598831177,
    -0.7344645857810974
   ],
   [
    -0.11173376441001892,
    0.7293332815170288,
    0.6749730110168457
   ],
   [
    0.9937115907669067,
    0.08697175979614258,
    0.07052095234394073
   ]
  ]
 },
 {
  "rotation_euler": [
   0.8409442901611328,
   -1.4535071849822998,
   -1.3235095739364624
  ],
  "euler_order": "XYZ",
  "rotation_matrix": [
   [
    0.028643570840358734,
    0.4653064012527466,
    -0.8846861124038696
   ],
   [
    -0.11346065998077393,
    0.8808428049087524,
    0.4596114456653595
   ],
   [
    0.9931294918060303,
    0.08721216022968292,
    0.07802445441484451
   ]
  ]
 },
 {
  "rotation_euler": [
   0.7070163488388062,
   -1.4349082708358765,
   -2.2110648155212402
  ],
  "euler_order": "XYZ",
  "rotation_matrix": [
   [
    -0.08093138039112091,
    0.994195818901062,
    -0.07088550925254822
   ],
   [
    -0.10863837599754333,
    0.06189623847603798,
    0.9921525120735168
   ],
   [
    0.9907814264297485,
    0.08799715340137482,
    0.10299847275018692
   ]
  ]
 },
 {
  "rotation_euler": [
   0.9293520450592041,
   -1.4621487855911255,
   1.4431899785995483
  ],
  "euler_order": "XYZ",
  "rotation_matrix": [
   [
    0.0137993348762393,
    -0.6948521137237549,
    0.7190202474594116
   ],
   [
    0.10755227506160736,
    -0.7138853073120117,
    -0.6919539570808411
   ],
   [
    0.9941036701202393,
    0.08688076585531235,
    0.06488178670406342
   ]
  ]
 },
 {
  "rotation_euler": [
   -2.42445707321167,
   -1.704963207244873,
   0.007890676148235798
  ],
  "euler_order": "XYZ",
  "rotation_matrix": [
   [
    -0.13376055657863617,
    0.657248854637146,
    0.7417088747024536
   ],
   [
    -0.0010554831242188811,
    -0.7485285997390747,
    0.6631016731262207
   ],
   [
    0.9910131096839905,
    0.08791399002075195,
    0.10081732273101807
   ]
  ]
 },
 {
  "rotation_euler": [
   0.7296893000602722,
   -1.438688039779663,
   2.3786118030548096
  ],
  "euler_order": "XYZ",
  "rotation_matrix": [
   [
    -0.09520762413740158,
    -0.03748390078544617,
    0.9947514533996582
   ],
   [
    0.09103193134069443,
    -0.9954315423965454,
    -0.028796864673495293
   ],
   [
    0.9912863969802856,
    0.08781246840953827,
    0.09818489849567413
   ]
  ]
 },
 {
  "rotation_euler": [
   0.6912077069282532,
   -1.4321123361587524,
   2.1233928203582764
  ],
  "euler_order": "XYZ",
  "rotation_matrix": [
   [
    -0.07256197184324265,
    -0.324408620595932,
    0.9431297779083252
   ],
   [
    0.11766485869884491,
    -0.9418032169342041,
    -0.3148994743824005
   ],
   [
    0.9903987646102905,
    0.08812350779771805,
    0.10651059448719025
   ]
  ]
 },
 {
  "rotation_euler": [
   0.672274649143219,
   -1.4285441637039185,
   -2.5816097259521484
  ],
  "euler_order": "XYZ",
  "rotation_matrix": [
   [
    -0.12011908739805222,
    0.9379112720489502,
    0.3254132568836212
   ],
   [
    -0.0753057524561882,
    -0.3354504406452179,
    0.9390431642532349
   ],
   [
    0.989899218082428,
    0.08829151839017868,
    0.1109241172671318
   ]
  ]
 },
 {
  "rotation_euler": [
   0.7226716876029968,
   -1.4375520944595337,
   1.0120762586593628
  ],
  "euler_order": "XYZ",
  "rotation_matrix": [
   [
    0.07042412459850311,
    -0.983482301235199,
    0.16674236953258514
   ],
   [
    0.11264833807945251,
    -0.15824708342552185,
    -0.9809526801109314
   ],
   [
    0.9911361336708069,
    0.08786598592996597,
    0.09964323043823242
   ]
  ]
 },
 {
  "rotation_euler": [
   0.7130551338195801,
   -1.43561589717865,
   0.8200384974479675
  ],
  "euler_order": "XYZ",
  "rotation_matrix": [
   [
    0.09193854033946991,
    -0.9952181577682495,
    -0.032986417412757874
   ],
   [
    0.09853940457105637,
    0.042057231068611145,
    -0.9942440390586853
   ],
   [
    0.9908770322799683,
    0.08815888315439224,
    0.10193488746881485
   ]
  ]
 },
 {
  "rotation_euler": [
   0.6389634013175964,
   -1.4216734170913696,
   -1.3587125539779663
  ],
  "euler_order": "XYZ",
  "rotation_matrix": [
   [
    0.03127377852797508,
    0.6605892777442932,
    -0.7500958442687988
   ],
   [
    -0.14524202048778534,
    0.7455008029937744,
    0.650486946105957
   ],
   [
    0.9889017939567566,
    0.08860224485397339,
    0.11925994604825974
   ]
  ]
 },
 {
  "rotation_euler": [
   -2.480902910232544,
   -1.715356469154358,
   -0.42726701498031616
  ],
  "euler_order": "XYZ",
  "rotation_matrix": [
   [
    -0.1311066746711731,
    0.22548332810401917,
    0.9653850793838501
   ],
   [
    0.05969513952732086,
    -0.9702279567718506,
    0.23472152650356293
   ],
   [
    0.989569365978241,
    0.08840235322713852,
    0.11374310404062271
   ]
  ]
 },
 {
  "rotation_euler": [
   0.7429829835891724,
   -1.4407808780670166,
   0.4639672338962555
  ],
  "euler_order": "XYZ",
  "rotation_matrix": [
   [
    0.11594346165657043,
    -0.9294289946556091,
    -0.3503125309944153
   ],
   [
    0.05801806226372719,
    0.3584262430667877,
    -0.9317534565925598
   ],
   [
    0.9915598630905151,
    0.08770627528429031,
    0.09548085182905197
   ]
  ]
 },
 {
  "rotation_euler": [
   -1.9940671920776367,
   -1.6654342412948608,
   -0.8932694792747498
  ],
  "euler_order": "XYZ",
  "rotation_matrix": [
   [
    -0.05923696607351303,
    0.24896781146526337,
    0.9666985273361206
   ],
   [
    0.07362478971481323,
    -0.9646719098091125,
    0.25295743346214294
   ],
   [
    0.9955251812934875,
    0.0861574038863182,
    0.038814038038253784
   ]
  ]
 },
 {
  "rotation_euler": [
   0.6929214000701904,
   -1.4324114322662354,
   -1.7823843955993652
  ],
  "euler_order": "XYZ",
  "rotation_matrix": [
   [
    -0.028969930484890938,
    0.8850959539413452,
    -0.4645061194896698
   ],
   [
    -0.13486729562282562,
    0.4569908678531647,
    0.8791872262954712
   ],
   [
    0.9904400706291199,
    0.08811667561531067,
    0.10613150149583817
   ]
  ]
 },
 {
  "rotation_euler": [
   0.6532338857650757,
   -1.4247076511383057,
   -1.078839659690857
  ],
  "euler_order": "XYZ",
  "rotation_matrix": [
   [
    0.06876000761985779,
    0.41593050956726074,
    -0.9067931771278381
   ],
   [
    -0.1283065378665924,
    0.9050827026367188,
    0.4054167568683624
   ],
   [
    0.9893479943275452,
    0.08847104012966156,
    0.1156000941991806
   ]
  ]
 }
]