[
 {
  "rotation_euler": [
   -1.991001009941101,
   -0.3701777756214142,
   -0.2292451113462448
  ],
  "euler_order": "XYZ",
  "rotation_matrix": [
   [
    0.9078733921051025,
    0.22896377742290497,
    0.3512001037597656
   ],
   [
    -0.21184973418712616,
    -0.47233474254608154,
    0.8555814027786255
   ],
   [
    0.36178117990493774,
    -0.8511612415313721,
    -0.3803142309188843
   ]
  ]
 },
 {
  "rotation_euler": [
   2.5744320737430826e-06,
   4.8069050535559654e-06,
   0.39529913663864136
  ],
  "euler_order": "XYZ",
  "rotation_matrix": [
   [
    0.9228814244270325,
    -0.38508427143096924,
    5.427576525107725e-06
   ],
   [
    0.38508427143096924,
    0.9228814244270325,
    -5.248319894235465e-07
   ],
   [
    -4.8069050535559654e-06,
    2.5744320737430826e-06,
    1.0
   ]
  ]
 },
 {
  "rotation_euler": [
   -4.442570116225397e-06,
   8.73944372870028e-07,
   0.4762157201766968
  ],
  "euler_order": "XYZ",
  "rotation_matrix": [
   [
    0.8887360692024231,
    -0.45841923356056213,
    -1.259853775081865e-06
   ],
   [
    0.45841923356056213,
    0.8887360692024231,
    4.348905349615961e-06
   ],
   [
    -8.73944372870028e-07,
    -4.442570116225397e-06,
    1.0
   ]
  ]
 },
 {
  "rotation_euler": [
   1.1597464435908478e-05,
   -8.185520528058987e-06,
   0.5342926979064941
  ],
  "euler_order": "XYZ",
  "rotation_matrix": [
   [
    0.8606290221214294,
    -0.5092324614524841,
    -1.1388914344934165e-06
   ],
   [
    0.5092324614524841,
    0.8606290221214294,
    -1.4149447451927699e-05
   ],
   [
    8.185520528058987e-06,
    1.1597464435908478e-05,
    1.0
   ]
  ]
 },
 {
  "rotation_euler": [
   1.4260718671721406e-05,
   1.8301165255252272e-05,
   -0.7230932712554932
  ],
  "euler_order": "XYZ",
  "rotation_matrix": [
   [
    0.7497624754905701,
    0.6617070436477661,
    4.285108843760099e-06
   ],
   [
    -0.6617070436477661,
    0.7497624754905701,
    -2.2802161765866913e-05
   ],
   [
    -1.8301165255252272e-05,
    1.4260718671721406e-05,
    1.0
   ]
  ]
 },
 {
  "rotation_euler": [
   -1.0045242309570312,
   -2.3677220344543457,
   -0.4245409369468689
  ],
  "euler_order": "XYZ",
  "rotation_matrix": [
   [
    -0.6517200469970703,
    0.758436381816864,
    0.005935674533247948
   ],
   [
    0.29459714889526367,
    0.2459186464548111,
    0.9234373569488525
   ],
   [
    0.6989087462425232,
    0.6035712957382202,
    -0.3837032914161682
   ]
  ]
 },
 {
  "rotation_euler": [
   2.7534995079040527,
   -1.1445163488388062,
   -0.618431806564331
  ],
  "euler_order": "XYZ",
  "rotation_matrix": [
   [
    0.3369041383266449,
    -0.8173856139183044,
    0.46730756759643555
   ],
   [
    -0.23972219228744507,
    -0.5544338226318359,
    -0.7969544529914856
   ],
   [
    0.910510241985321,
    0.15647326409816742,
    -0.38273653388023376
   ]
  ]
 },
 {
  "rotation_euler": [
   -7.102175004547462e-06,
   6.572879647137597e-05,
   0.10004434734582901
  ],
  "euler_order": "XYZ",
  "rotation_matrix": [
   [
    0.9949997067451477,
    -0.09987754374742508,
    6.469078653026372e-05
   ],
   [
    0.09987754374742508,
    0.9949997663497925,
    1.3631492947752122e-05
   ],
   [
    -6.572879647137597e-05,
    -7.102175004547462e-06,
    1.0
   ]
  ]
 },
 {
  "rotation_euler": [
   1.4241100871004164e-05,
   -1.8973434634972364e-05,
   -2.7148499488830566
  ],
  "euler_order": "XYZ",
  "rotation_matrix": [
   [
    -0.9103187918663025,
    0.41390782594680786,
    1.1377371265552938e-05
   ],
   [
    -0.41390782594680786,
    -0.9103187918663025,
    2.0817195036215708e-05
   ],
   [
    1.8973434634972364e-05,
    1.4241100871004164e-05,
    1.0
   ]
  ]
 },
 {
  "rotation_euler": [
   -0.002870052820071578,
   -0.00158171565271914,
   0.569926381111145
  ],
  "euler_order": "XYZ",
  "rotation_matrix": [
   [
    0.8419396281242371,
    -0.5395640134811401,
    -0.0028802971355617046
   ],
   [
    0.5395693778991699,
    0.8419396877288818,
    0.0015629683621227741
   ],
   [
    0.001581714954227209,
    -0.002870045369490981,
    0.9999946355819702
   ]
  ]
 },
 {
  "rotation_euler": [
   5.685911901309737e-07,
   -8.798710950941313e-07,
   2.3299975395202637
  ],
  "euler_order": "XYZ",
  "rotation_matrix": [
   [
    -0.6883422136306763,
    -0.7253860831260681,
    1.018100533656252e-06
   ],
   [
    0.7253860831260681,
    -0.6883422136306763,
    -2.4686090682735085e-07
   ],
   [
    8.798710950941313e-07,
    5.685911901309737e-07,
    1.0
   ]
  ]
 },
 {
  "rotation_euler": [
   -2.167663097381592,
   -0.8278566598892212,
   0.04078133404254913
  ],
  "euler_order": "XYZ",
  "rotation_matrix": [
   [
    0.6758934259414673,
    0.6315542459487915,
    0.37987804412841797
   ],
   [
    0.02757912501692772,
    -0.5367515087127686,
    0.8432894945144653
   ],
   [
    0.7364832162857056,
    -0.5594971179962158,
    -0.38020452857017517
   ]
  ]
 },
 {
  "rotation_euler": [
   -4.409117991599487e-06,
   -5.68009511425771e-07,
   -2.896047353744507
  ],
  "euler_order": "XYZ",
  "rotation_matrix": [
   [
    -0.9700049161911011,
    0.24308530986309052,
    1.6227637615884305e-06
   ],
   [
    -0.24308530986309052,
    -0.9700049161911011,
    -4.138791155128274e-06
   ],
   [
    5.68009511425771e-07,
    -4.409117991599487e-06,
    1.0
   ]
  ]
 },
 {
  "rotation_euler": [
   -0.0018445946043357253,
   0.005660694092512131,
   -1.2806785106658936
  ],
  "euler_order": "XYZ",
  "rotation_matrix": [
   [
    0.28606054186820984,
    0.9582055807113647,
    0.00338682415895164
   ],
   [
    -0.9581948518753052,
    0.2860746383666992,
    -0.004896422848105431
   ],
   [
    -0.005660663824528456,
    -0.0018445639871060848,
    0.9999822974205017
   ]
  ]
 },
 {
  "rotation_euler": [
   -3.3664147736089944e-07,
   3.879484211211093e-06,
   2.7195682525634766
  ],
  "euler_order": "XYZ",
  "rotation_matrix": [
   [
    -0.9122616052627563,
    -0.40960806608200073,
    -3.6769954476767452e-06
   ],
   [
    0.40960806608200073,
    -0.9122616052627563,
    1.2819629091609386e-06
   ],
   [
    -3.879484211211093e-06,
    -3.3664147736089944e-07,
    1.0
   ]
  ]
 },
 {
  "rotation_euler": [
   -2.1401356207206845e-06,
   5.119272827869281e-06,
   0.4083050489425659
  ],
  "euler_order": "XYZ",
  "rotation_matrix": [
   [
    0.9177951216697693,
    -0.3970542848110199,
    3.848693722829921e-06
   ],
   [
    0.3970542848110199,
    0.9177951216697693,
    3.996835403086152e-06
   ],
   [
    -5.119272827869281e-06,
    -2.1401356207206845e-06,
    1.0
   ]
  ]
 }
]