[
 {
  "rotation_euler": [
   -0.09257740527391434,
   -1.7035609483718872,
   -1.0112391710281372
  ],
  "euler_order": "XYZ",
  "rotation_matrix": [
   [
    -0.07026606798171997,
    0.8925002217292786,
    -0.445540189743042
   ],
   [
    0.11218646913766861,
    0.4508809447288513,
    0.8855058550834656
   ],
   [
    0.9911997318267822,
    0.012237430550158024,
    -0.1318080723285675
   ]
  ]
 },
 {
  "rotation_euler": [
   -0.07784779369831085,
   1.7735198736190796,
   -2.467820405960083
  ],
  "euler_order": "XYZ",
  "rotation_matrix": [
   [
    0.15734021365642548,
    0.6815786957740784,
    -0.7146289944648743
   ],
   [
    0.12562240660190582,
    -0.7315772771835327,
    -0.6700848340988159
   ],
   [
    -0.9795218706130981,
    0.015657881274819374,
    -0.20072807371616364
   ]
  ]
 },
 {
  "rotation_euler": [
   3.0490152835845947,
   -1.4380316734313965,
   0.05160989984869957
  ],
  "euler_order": "XYZ",
  "rotation_matrix": [
   [
    0.13219870626926422,
    -0.04014354944229126,
    0.9904100298881531
   ],
   [
    0.0068288263864815235,
    -0.999118983745575,
    -0.04140804708003998
   ],
   [
    0.9911997318267822,
    0.012237428687512875,
    -0.1318081021308899
   ]
  ]
 },
 {
  "rotation_euler": [
   -0.07784660905599594,
   1.7734633684158325,
   -0.15622808039188385
  ],
  "euler_order": "XYZ",
  "rotation_matrix": [
   [
    -0.19883112609386444,
    0.07987350970506668,
    0.9767734408378601
   ],
   [
    0.031318217515945435,
    0.9966821074485779,
    -0.07512638717889786
   ],
   [
    -0.9795332551002502,
    0.0156533382833004,
    -0.200672909617424
   ]
  ]
 },
 {
  "rotation_euler": [
   -0.0967736542224884,
   1.7685973644256592,
   -2.7544751167297363
  ],
  "euler_order": "XYZ",
  "rotation_matrix": [
   [
    0.18197192251682281,
    0.463482528924942,
    -0.8672198057174683
   ],
   [
    0.07418802380561829,
    -0.8859025835990906,
    -0.4579003155231476
   ],
   [
    -0.9805010557174683,
    0.018987681716680527,
    -0.19559425115585327
   ]
  ]
 },
 {
  "rotation_euler": [
   -0.0925774946808815,
   -1.7035610675811768,
   -1.9392935037612915
  ],
  "euler_order": "XYZ",
  "rotation_matrix": [
   [
    0.04768333584070206,
    0.8958679437637329,
    0.44175440073013306
   ],
   [
    0.12348867952823639,
    -0.4441518783569336,
    0.8874005079269409
   ],
   [
    0.9911996722221375,
    0.012237452901899815,
    -0.13180819153785706
   ]
  ]
 },
 {
  "rotation_euler": [
   -0.09257449954748154,
   -1.703560709953308,
   0.002091196598485112
  ],
  "euler_order": "XYZ",
  "rotation_matrix": [
   [
    -0.13237440586090088,
    0.08954637497663498,
    -0.9871466159820557
   ],
   [
    -0.0002768213162198663,
    0.9959074854850769,
    0.09037820994853973
   ],
   [
    0.9911997318267822,
    0.012237025424838066,
    -0.13180787861347198
   ]
  ]
 },
 {
  "rotation_euler": [
   -0.10136555135250092,
   -1.7041364908218384,
   0.23337480425834656
  ],
  "euler_order": "XYZ",
  "rotation_matrix": [
   [
    -0.12934143841266632,
    -0.1325000673532486,
    -0.9827077388763428
   ],
   [
    -0.030745238065719604,
    0.9910916686058044,
    -0.12958388030529022
   ],
   [
    0.991123378276825,
    0.013453016988933086,
    -0.1322629749774933
   ]
  ]
 },
 {
  "rotation_euler": [
   -0.09257732331752777,
   -1.7035609483718872,
   -0.5325406193733215
  ],
  "euler_order": "XYZ",
  "rotation_matrix": [
   [
    -0.11404364556074142,
    0.584492027759552,
    -0.8033449649810791
   ],
   [
    0.06720989942550659,
    0.8113071322441101,
    0.5807439088821411
   ],
   [
    0.9911997318267822,
    0.012237419374287128,
    -0.1318080723285675
   ]
  ]
 },
 {
  "rotation_euler": [
   3.0490150451660156,
   -1.438031792640686,
   0.13623684644699097
  ],
  "euler_order": "XYZ",
  "rotation_matrix": [
   [
    0.13114827871322632,
    0.04445137456059456,
    0.9903656840324402
   ],
   [
    0.017978595569729805,
    -0.9989365935325623,
    0.042455270886421204
   ],
   [
    0.9911997318267822,
    0.012237449176609516,
    -0.13180798292160034
   ]
  ]
 },
 {
  "rotation_euler": [
   -0.03108181431889534,
   0.011749852448701859,
   3.051621913909912
  ],
  "euler_order": "XYZ",
  "rotation_matrix": [
   [
    -0.9958866238594055,
    -0.08944234997034073,
    -0.014488640241324902
   ],
   [
    0.08984320610761642,
    -0.9955071210861206,
    -0.029895933344960213
   ],
   [
    -0.01174958236515522,
    -0.03107466548681259,
    0.9994480013847351
   ]
  ]
 },
 {
  "rotation_euler": [
   -0.11334690451622009,
   -0.5851479768753052,
   2.218205451965332
  ],
  "euler_order": "XYZ",
  "rotation_matrix": [
   [
    -0.5027806758880615,
    -0.8302077651023865,
    0.24076274037361145
   ],
   [
    0.6649444699287415,
    -0.5494224429130554,
    -0.5059484243392944
   ],
   [
    0.5523227453231812,
    -0.09428722411394119,
    0.828281044960022
   ]
  ]
 },
 {
  "rotation_euler": [
   -0.07800242304801941,
   1.7734827995300293,
   0.8241470456123352
  ],
  "euler_order": "XYZ",
  "rotation_matrix": [
   [
    -0.13672062754631042,
    -0.7835778594017029,
    0.606063723564148
   ],
   [
    -0.14774903655052185,
    0.621095597743988,
    0.7696820497512817
   ],
   [
    -0.9795293211936951,
    0.015686089172959328,
    -0.20068944990634918
   ]
  ]
 },
 {
  "rotation_euler": [
   -0.08037381619215012,
   1.7739449739456177,
   -0.04790991172194481
  ],
  "euler_order": "XYZ",
  "rotation_matrix": [
   [
    -0.20152272284030914,
    -0.030809083953499794,
    0.9789991974830627
   ],
   [
    0.009662330150604248,
    0.9993939995765686,
    0.03343985602259636
   ],
   [
    -0.9794361591339111,
    0.016198303550481796,
    -0.20110291242599487
   ]
  ]
 },
 {
  "rotation_euler": [
   -0.0779523253440857,
   1.7734822034835815,
   -0.3710373044013977
  ],
  "euler_order": "XYZ",
  "rotation_matrix": [
   [
    -0.18760277330875397,
    0.29039266705513,
    0.938337504863739
   ],
   [
    0.07298816740512848,
    0.9567791819572449,
    -0.28150731325149536
   ],
   [
    -0.9795294404029846,
    0.015675989910960197,
    -0.2006896436214447
   ]
  ]
 },
 {
  "rotation_euler": [
   3.0637710094451904,
   1.3680691719055176,
   0.03289388120174408
  ],
  "euler_order": "XYZ",
  "rotation_matrix": [
   [
    0.20123246312141418,
    0.10889824479818344,
    -0.973471462726593
   ],
   [
    0.0066217053681612015,
    -0.9939296841621399,
    -0.1098180040717125
   ],
   [
    -0.9795211553573608,
    0.015652906149625778,
    -0.2007320076227188
   ]
  ]
 }
]