[
 {
  "rotation_euler": [
   0.07380933314561844,
   -0.0664132833480835,
   2.8131580352783203
  ],
  "euler_order": "XYZ",
  "rotation_matrix": [
   [
    -0.9444617033004761,
    -0.3170512020587921,
    0.08643261343240738
   ],
   [
    0.32185059785842896,
    -0.9455498456954956,
    0.048452336341142654
   ],
   [
    0.06636447459459305,
    0.07357976585626602,
    0.9950788021087646
   ]
  ]
 },
 {
  "rotation_euler": [
   -2.467756986618042,
   -1.4426637887954712,
   -0.41855886578559875
  ],
  "euler_order": "XYZ",
  "rotation_matrix": [
   [
    0.11675149202346802,
    0.2478395253419876,
    0.9617404341697693
   ],
   [
    -0.05193633213639259,
    -0.9655143618583679,
    0.25511693954467773
   ],
   [
    0.9918022751808167,
    -0.07973455637693405,
    -0.09985336661338806
   ]
  ]
 },
 {
  "rotation_euler": [
   0.6975390911102295,
   -1.6929858922958374,
   -1.0233865976333618
  ],
  "euler_order": "XYZ",
  "rotation_matrix": [
   [
    -0.06343875080347061,
    0.3226044476032257,
    -0.9444055557250977
   ],
   [
    0.10407525300979614,
    0.9432904124259949,
    0.31523245573043823
   ],
   [
    0.9925441145896912,
    -0.07829129695892334,
    -0.09341630339622498
   ]
  ]
 },
 {
  "rotation_euler": [
   0.6837164163589478,
   -1.6958848237991333,
   0.10000383108854294
  ],
  "euler_order": "XYZ",
  "rotation_matrix": [
   [
    -0.1241391971707344,
    -0.7010084390640259,
    -0.7022653222084045
   ],
   [
    -0.012455945834517479,
    0.7087849974632263,
    -0.705314576625824
   ],
   [
    0.9921866059303284,
    -0.07880980521440506,
    -0.09671972692012787
   ]
  ]
 },
 {
  "rotation_euler": [
   0.64129239320755,
   -1.7091670036315918,
   1.3162413835525513
  ],
  "euler_order": "XYZ",
  "rotation_matrix": [
   [
    -0.03473269194364548,
    -0.9247046709060669,
    0.37909749150276184
   ],
   [
    -0.1334848254919052,
    -0.37163522839546204,
    -0.9187322854995728
   ],
   [
    0.9904420375823975,
    -0.08251380920410156,
    -0.11052615940570831
   ]
  ]
 },
 {
  "rotation_euler": [
   -2.532060146331787,
   1.6223756074905396,
   -0.5118470191955566
  ],
  "euler_order": "XYZ",
  "rotation_matrix": [
   [
    -0.044949013739824295,
    -0.9000368118286133,
    -0.4334896504878998
   ],
   [
    0.025251733139157295,
    -0.4348132312297821,
    0.9001665711402893
   ],
   [
    -0.9986701011657715,
    0.029515232890844345,
    0.04227191582322121
   ]
  ]
 },
 {
  "rotation_euler": [
   0.6415838599205017,
   -1.7091188430786133,
   0.4937417209148407
  ],
  "euler_order": "XYZ",
  "rotation_matrix": [
   [
    -0.12141402810811996,
    -0.9016381502151489,
    -0.4150991439819336
   ],
   [
    -0.06534551829099655,
    0.4245462715625763,
    -0.9030450582504272
   ],
   [
    0.9904487133026123,
    -0.08251747488975525,
    -0.11046388745307922
   ]
  ]
 },
 {
  "rotation_euler": [
   0.6291412115097046,
   -1.7116312980651855,
   0.9385029077529907
  ],
  "euler_order": "XYZ",
  "rotation_matrix": [
   [
    -0.08295807987451553,
    -0.9965518116950989,
    0.0015788277378305793
   ],
   [
    -0.11323275417089462,
    0.007852022536098957,
    -0.9935374855995178
   ],
   [
    0.9900991320610046,
    -0.08260073512792587,
    -0.11349369585514069
   ]
  ]
 },
 {
  "rotation_euler": [
   0.29789480566978455,
   -1.925967812538147,
   0.5893654227256775
  ],
  "euler_order": "XYZ",
  "rotation_matrix": [
   [
    -0.2890833020210266,
    -0.7601161003112793,
    -0.5819401741027832
   ],
   [
    -0.1932917833328247,
    0.6417208313941956,
    -0.7421810030937195
   ],
   [
    0.9375868439674377,
    -0.10206788033246994,
    -0.3324349820613861
   ]
  ]
 },
 {
  "rotation_euler": [
   0.5263785719871521,
   -1.7375129461288452,
   1.0284738540649414
  ],
  "euler_order": "XYZ",
  "rotation_matrix": [
   [
    -0.08564883470535278,
    -0.9962776303291321,
    -0.009755809791386127
   ],
   [
    -0.14213426411151886,
    0.02190958708524704,
    -0.9896048903465271
   ],
   [
    0.986134946346283,
    -0.08337187021970749,
    -0.14348171651363373
   ]
  ]
 },
 {
  "rotation_euler": [
   -2.8251519203186035,
   -1.2660162448883057,
   -0.49361100792884827
  ],
  "euler_order": "XYZ",
  "rotation_matrix": [
   [
    0.26426175236701965,
    -0.1888744980096817,
    0.9457759261131287
   ],
   [
    -0.14218218624591827,
    -0.9775511622428894,
    -0.1554926037788391
   ],
   [
    0.9539129734039307,
    -0.09338174760341644,
    -0.28518396615982056
   ]
  ]
 },
 {
  "rotation_euler": [
   0.6654549837112427,
   -1.7017797231674194,
   0.6305912137031555
  ],
  "euler_order": "XYZ",
  "rotation_matrix": [
   [
    -0.1054902970790863,
    -0.9582213163375854,
    -0.2658640146255493
   ],
   [
    -0.07701009511947632,
    0.27442485094070435,
    -0.9585199356079102
   ],
   [
    0.9914339184761047,
    -0.08064033836126328,
    -0.10274187475442886
   ]
  ]
 },
 {
  "rotation_euler": [
   0.5990240573883057,
   -1.7181949615478516,
   -0.785254180431366
  ],
  "euler_order": "XYZ",
  "rotation_matrix": [
   [
    -0.10386452823877335,
    0.18947938084602356,
    -0.9763758182525635
   ],
   [
    0.1038346216082573,
    0.978386640548706,
    0.17882393300533295
   ],
   [
    0.9891564846038818,
    -0.08280815184116364,
    -0.12129417806863785
   ]
  ]
 },
 {
  "rotation_euler": [
   -1.8895474672317505,
   -1.5103679895401,
   -0.005607220809906721
  ],
  "euler_order": "XYZ",
  "rotation_matrix": [
   [
    0.060390617698431015,
    0.9461221694946289,
    0.31812867522239685
   ],
   [
    -0.00033862708369269967,
    -0.3186909556388855,
    0.9478586316108704
   ],
   [
    0.998174786567688,
    -0.057349495589733124,
    -0.018925560638308525
   ]
  ]
 },
 {
  "rotation_euler": [
   -0.3102667033672333,
   1.6030750274658203,
   2.242748975753784
  ],
  "euler_order": "XYZ",
  "rotation_matrix": [
   [
    0.02009049616754055,
    -0.5552769899368286,
    -0.831422746181488
   ],
   [
    -0.0252571702003479,
    -0.8316071033477783,
    0.5547897815704346
   ],
   [
    -0.9994791150093079,
    0.009853383526206017,
    -0.03073212504386902
   ]
  ]
 },
 {
  "rotation_euler": [
   0.5556230545043945,
   -1.7290629148483276,
   -1.1035704612731934
  ],
  "euler_order": "XYZ",
  "rotation_matrix": [
   [
    -0.07098782062530518,
    0.5239055156707764,
    -0.8488131165504456
   ],
   [
    0.1407146006822586,
    0.8477097749710083,
    0.511456310749054
   ],
   [
    0.9875019788742065,
    -0.08313323557376862,
    -0.13389822840690613
   ]
  ]
 }
]