[
 {
  "rotation_euler": [
   1.5466142892837524,
   -0.00042371227755211294,
   0.6074880957603455
  ],
  "euler_order": "XYZ",
  "rotation_matrix": [
   [
    0.8210843205451965,
    -0.014149727299809456,
    0.5706315040588379
   ],
   [
    0.5708067417144775,
    0.019611772149801254,
    -0.8208501935005188
   ],
   [
    0.00042371227755211294,
    0.9997075200080872,
    0.024179678410291672
   ]
  ]
 },
 {
  "rotation_euler": [
   -1.957587755896384e-06,
   2.810410251186113e-07,
   2.2717795372009277
  ],
  "euler_order": "XYZ",
  "rotation_matrix": [
   [
    -0.6449694037437439,
    -0.7642084360122681,
    -1.6772678463894408e-06
   ],
   [
    0.7642084360122681,
    -0.6449694037437439,
    -1.0478102012712043e-06
   ],
   [
    -2.810410251186113e-07,
    -1.957587755896384e-06,
    1.0
   ]
  ]
 },
 {
  "rotation_euler": [
   -4.583122972690035e-06,
   -1.2886155218438944e-06,
   1.7715827226638794
  ],
  "euler_order": "XYZ",
  "rotation_matrix": [
   [
    -0.19943998754024506,
    -0.9799100160598755,
    -4.234046627971111e-06
   ],
   [
    0.9799100160598755,
    -0.19943998754024506,
    -2.1767853013443528e-06
   ],
   [
    1.2886155218438944e-06,
    -4.583122972690035e-06,
    1.0
   ]
  ]
 },
 {
  "rotation_euler": [
   2.670912863322883e-06,
   7.415578693326097e-07,
   2.9171059131622314
  ],
  "euler_order": "XYZ",
  "rotation_matrix": [
   [
    -0.9749084711074829,
    -0.22260600328445435,
    -1.2838980012475076e-07
   ],
   [
    0.22260600328445435,
    -0.9749084711074829,
    2.768970944089233e-06
   ],
   [
    -7.415578693326097e-07,
    2.670912863322883e-06,
    1.0
   ]
  ]
 },
 {
  "rotation_euler": [
   1.5466127395629883,
   -0.0004251713107805699,
   -1.7885087728500366
  ],
  "euler_order": "XYZ",
  "rotation_matrix": [
   [
    -0.2159966230392456,
    0.023702219128608704,
    -0.9761064052581787
   ],
   [
    -0.97639399766922,
    -0.00480805104598403,
    0.21594351530075073
   ],
   [
    0.0004251713107805699,
    0.9997075200080872,
    0.024181228131055832
   ]
  ]
 },
 {
  "rotation_euler": [
   7.747008567093872e-06,
   -2.1675101891105442e-07,
   0.9207587838172913
  ],
  "euler_order": "XYZ",
  "rotation_matrix": [
   [
    0.6052162647247314,
    -0.796061098575592,
    6.035910701029934e-06
   ],
   [
    0.796061098575592,
    0.6052162647247314,
    -4.861162778979633e-06
   ],
   [
    2.1675101891105442e-07,
    7.747008567093872e-06,
    1.0
   ]
  ]
 },
 {
  "rotation_euler": [
   -1.3525410622605705e-06,
   4.244420210852695e-07,
   -2.879669189453125
  ],
  "euler_order": "XYZ",
  "rotation_matrix": [
   [
    -0.9658936858177185,
    0.25893887877464294,
    -5.974039396505759e-08
   ],
   [
    -0.25893887877464294,
    -0.9658936858177185,
    -1.4163153991830768e-06
   ],
   [
    -4.244420210852695e-07,
    -1.3525410622605705e-06,
    1.0
   ]
  ]
 },
 {
  "rotation_euler": [
   -5.150612878423999e-07,
   3.060410165289795e-07,
   1.8673303127288818
  ],
  "euler_order": "XYZ",
  "rotation_matrix": [
   [
    -0.2922072410583496,
    -0.9563550353050232,
    -5.82008851779392e-07
   ],
   [
    0.9563550353050232,
    -0.2922072410583496,
    1.4217923194337345e-07
   ],
   [
    -3.060410165289795e-07,
    -5.150612878423999e-07,
    1.0
   ]
  ]
 },
 {
  "rotation_euler": [
   6.969149580982048e-06,
   -6.156296876724809e-07,
   -1.120940923690796
  ],
  "euler_order": "XYZ",
  "rotation_matrix": [
   [
    0.4348353147506714,
    0.9005100131034851,
    -6.5434865064162295e-06
   ],
   [
    -0.9005100131034851,
    0.4348353147506714,
    -2.4760518044786295e-06
   ],
   [
    6.156296876724809e-07,
    6.969149580982048e-06,
    1.0
   ]
  ]
 },
 {
  "rotation_euler": [
   -4.409836037666537e-06,
   -6.59288303950234e-08,
   1.715604305267334
  ],
  "euler_order": "XYZ",
  "rotation_matrix": [
   [
    -0.14430242776870728,
    -0.9895336627960205,
    -4.354167231213069e-06
   ],
   [
    0.9895336627960205,
    -0.14430242776870728,
    -7.015888172645646e-07
   ],
   [
    6.59288303950234e-08,
    -4.409836037666537e-06,
    1.0
   ]
  ]
 },
 {
  "rotation_euler": [
   1.5466030836105347,
   -0.0004259388952050358,
   -0.6265794038772583
  ],
  "euler_order": "XYZ",
  "rotation_matrix": [
   [
    0.8100379109382629,
    0.01384006068110466,
    -0.5862141251564026
   ],
   [
    -0.5863773226737976,
    0.019845223054289818,
    -0.8097949028015137
   ],
   [
    0.0004259388952050358,
    0.9997072815895081,
    0.024190880358219147
   ]
  ]
 },
 {
  "rotation_euler": [
   3.562216761565651e-06,
   3.005453095283883e-07,
   2.8538906574249268
  ],
  "euler_order": "XYZ",
  "rotation_matrix": [
   [
    -0.9588984847068787,
    -0.28374943137168884,
    7.225845024549926e-07
   ],
   [
    0.28374943137168884,
    -0.9588984847068787,
    3.5010837109439308e-06
   ],
   [
    -3.005453095283883e-07,
    3.562216761565651e-06,
    1.0
   ]
  ]
 },
 {
  "rotation_euler": [
   1.8636815184436273e-06,
   -1.2888373248642893e-06,
   -2.0430002212524414
  ],
  "euler_order": "XYZ",
  "rotation_matrix": [
   [
    -0.45485010743141174,
    0.8905680179595947,
    -1.073507291948772e-06
   ],
   [
    -0.8905680179595947,
    -0.45485010743141174,
    1.9954929939558497e-06
   ],
   [
    1.2888373248642893e-06,
    1.8636815184436273e-06,
    1.0
   ]
  ]
 },
 {
  "rotation_euler": [
   -1.8179907783633098e-06,
   1.7567585075539682e-07,
   1.5118714570999146
  ],
  "euler_order": "XYZ",
  "rotation_matrix": [
   [
    0.058890774846076965,
    -0.9982644319534302,
    -1.8044898979496793e-06
   ],
   [
    0.9982644319534302,
    0.058890774846076965,
    2.8243383098924824e-07
   ],
   [
    -1.7567585075539682e-07,
    -1.8179907783633098e-06,
    1.0
   ]
  ]
 },
 {
  "rotation_euler": [
   5.401324870035751e-06,
   -1.5984135188773507e-06,
   -0.28680768609046936
  ],
  "euler_order": "XYZ",
  "rotation_matrix": [
   [
    0.9591518640518188,
    0.28289175033569336,
    -3.0611115562351188e-06
   ],
   [
    -0.28289175033569336,
    0.9591518640518188,
    -4.7285125219787005e-06
   ],
   [
    1.5984135188773507e-06,
    5.401324870035751e-06,
    1.0
   ]
  ]
 },
 {
  "rotation_euler": [
   -1.1705213864843245e-06,
   -4.0257947375721415e-07,
   -2.070645809173584
  ],
  "euler_order": "XYZ",
  "rotation_matrix": [
   [
    -0.47929343581199646,
    0.8776547312736511,
    1.220267336066172e-06
   ],
   [
    -0.8776547312736511,
    -0.47929343581199646,
    -2.076974539022558e-07
   ],
   [
    4.0257947375721415e-07,
    -1.1705213864843245e-06,
    1.0
   ]
  ]
 }
]