[
 {
  "rotation_euler": [
   0.0033480257261544466,
   3.68558285117615e-05,
   2.3079609870910645
  ],
  "euler_order": "XYZ",
  "rotation_matrix": [
   [
    -0.6721913814544678,
    -0.7403733730316162,
    0.002454024041071534
   ],
   [
    0.7403774261474609,
    -0.6721875071525574,
    0.0022777968551963568
   ],
   [
    -3.68558285117615e-05,
    0.003348019439727068,
    0.9999943971633911
   ]
  ]
 },
 {
  "rotation_euler": [
   -1.0272314548492432,
   -0.00200503203086555,
   -0.4796672463417053
  ],
  "euler_order": "XYZ",
  "rotation_matrix": [
   [
    0.8871467709541321,
    0.24019744992256165,
    0.3940505385398865
   ],
   [
    -0.46148306131362915,
    0.4580327272415161,
    0.759762704372406
   ],
   [
    0.002005030633881688,
    -0.8558686971664429,
    0.5171893239021301
   ]
  ]
 },
 {
  "rotation_euler": [
   0.0033458773978054523,
   3.2307700166711584e-05,
   3.0681633949279785
  ],
  "euler_order": "XYZ",
  "rotation_matrix": [
   [
    -0.9973052740097046,
    -0.07336298376321793,
    0.00021324364934116602
   ],
   [
    0.0733632892370224,
    -0.9972996711730957,
    0.0033392251934856176
   ],
   [
    -3.2307700166711584e-05,
    0.0033458711113780737,
    0.9999943971633911
   ]
  ]
 },
 {
  "rotation_euler": [
   0.003347585676237941,
   3.5289103834657e-05,
   -1.2037782669067383
  ],
  "euler_order": "XYZ",
  "rotation_matrix": [
   [
    0.3588336706161499,
    0.9333963394165039,
    -0.003111972939223051
   ],
   [
    -0.9334015250205994,
    0.3588315546512604,
    -0.0012341629480943084
   ],
   [
    -3.5289103834657e-05,
    0.003347579389810562,
    0.9999943971633911
   ]
  ]
 },
 {
  "rotation_euler": [
   0.0033300425857305527,
   4.0835289837559685e-05,
   -2.237616539001465
  ],
  "euler_order": "XYZ",
  "rotation_matrix": [
   [
    -0.61849045753479,
    0.7857878804206848,
    -0.0026419730857014656
   ],
   [
    -0.7857922911643982,
    -0.6184871196746826,
    0.002027507871389389
   ],
   [
    -4.0835289837559685e-05,
    0.0033300365321338177,
    0.9999944567680359
   ]
  ]
 },
 {
  "rotation_euler": [
   0.003399654058739543,
   3.03639881167328e-05,
   -2.2773633003234863
  ],
  "euler_order": "XYZ",
  "rotation_matrix": [
   [
    -0.6492264866828918,
    0.7605907320976257,
    -0.00260546850040555
   ],
   [
    -0.7605951428413391,
    -0.6492227911949158,
    0.002184046432375908
   ],
   [
    -3.03639881167328e-05,
    0.0033996475394815207,
    0.9999942183494568
   ]
  ]
 },
 {
  "rotation_euler": [
   0.003349239006638527,
   3.708332951646298e-05,
   1.3417949676513672
  ],
  "euler_order": "XYZ",
  "rotation_matrix": [
   [
    0.22700506448745728,
    -0.973888099193573,
    0.0032702144235372543
   ],
   [
    0.9738935828208923,
    0.22700391709804535,
    -0.0007241778075695038
   ],
   [
    -3.708332951646298e-05,
    0.0033492327202111483,
    0.9999943971633911
   ]
  ]
 },
 {
  "rotation_euler": [
   -1.0272328853607178,
   -0.0020110716577619314,
   -1.9875355958938599
  ],
  "euler_order": "XYZ",
  "rotation_matrix": [
   [
    -0.40478014945983887,
    0.472228080034256,
    0.7830412983894348
   ],
   [
    -0.9144118428230286,
    -0.2109222114086151,
    -0.3454892635345459
   ],
   [
    0.0020110702607780695,
    -0.8558694124221802,
    0.5171880722045898
   ]
  ]
 },
 {
  "rotation_euler": [
   0.003331013023853302,
   4.0605700633022934e-05,
   2.6078827381134033
  ],
  "euler_order": "XYZ",
  "rotation_matrix": [
   [
    -0.8609256744384766,
    -0.5087280869483948,
    0.001659627421759069
   ],
   [
    0.5087307691574097,
    -0.860920786857605,
    0.0028884063940495253
   ],
   [
    -4.0605700633022934e-05,
    0.003331006970256567,
    0.9999944567680359
   ]
  ]
 },
 {
  "rotation_euler": [
   -1.0272321701049805,
   -0.0020052087493240833,
   -0.03522446006536484
  ],
  "euler_order": "XYZ",
  "rotation_matrix": [
   [
    0.9993776679039001,
    0.01992909610271454,
    0.029104921966791153
   ],
   [
    -0.035217106342315674,
    0.5168084502220154,
    0.8553763628005981
   ],
   [
    0.0020052073523402214,
    -0.8558690547943115,
    0.5171886682510376
   ]
  ]
 },
 {
  "rotation_euler": [
   0.003346475772559643,
   3.746891889022663e-05,
   -0.3712829351425171
  ],
  "euler_order": "XYZ",
  "rotation_matrix": [
   [
    0.9318626523017883,
    0.36280933022499084,
    -0.001179221086204052
   ],
   [
    -0.36281123757362366,
    0.9318574070930481,
    -0.003132044104859233
   ],
   [
    -3.746891889022663e-05,
    0.003346469486132264,
    0.9999943971633911
   ]
  ]
 },
 {
  "rotation_euler": [
   -1.0272318124771118,
   -0.002005115384235978,
   1.9133626222610474
  ],
  "euler_order": "XYZ",
  "rotation_matrix": [
   [
    -0.33590471744537354,
    -0.48771554231643677,
    -0.805792510509491
   ],
   [
    0.9418938159942627,
    -0.17211051285266876,
    -0.28846830129623413
   ],
   [
    0.002005113987252116,
    -0.8558688759803772,
    0.5171889662742615
   ]
  ]
 },
 {
  "rotation_euler": [
   -1.0272389650344849,
   -0.0020067342557013035,
   1.952891230583191
  ],
  "euler_order": "XYZ",
  "rotation_matrix": [
   [
    -0.37286436557769775,
    -0.4805278778076172,
    -0.793766438961029
   ],
   [
    0.9278836846351624,
    -0.1912461817264557,
    -0.3200886845588684
   ],
   [
    0.0020067328587174416,
    -0.8558725714683533,
    0.5171828866004944
   ]
  ]
 },
 {
  "rotation_euler": [
   0.003330668667331338,
   4.083487510797568e-05,
   -0.6733344197273254
  ],
  "euler_order": "XYZ",
  "rotation_matrix": [
   [
    0.7817466855049133,
    0.6235927939414978,
    -0.002045065863057971
   ],
   [
    -0.6235961318016052,
    0.7817422747612,
    -0.0026291985996067524
   ],
   [
    -4.083487510797568e-05,
    0.003330662613734603,
    0.9999944567680359
   ]
  ]
 },
 {
  "rotation_euler": [
   0.00333159021101892,
   4.053310112794861e-05,
   1.611167550086975
  ],
  "euler_order": "XYZ",
  "rotation_matrix": [
   [
    -0.040360257029533386,
    -0.9991796612739563,
    0.0033272334840148687
   ],
   [
    0.9991852045059204,
    -0.040359899401664734,
    0.0001749634393490851
   ],
   [
    -4.053310112794861e-05,
    0.003331584157422185,
    0.9999944567680359
   ]
  ]
 },
 {
  "rotation_euler": [
   -1.0272364616394043,
   -0.0020096246153116226,
   -0.461843878030777
  ],
  "euler_order": "XYZ",
  "rotation_matrix": [
   [
    0.8952305912971497,
    0.23199766874313354,
    0.3804461658000946
   ],
   [
    -0.44559866189956665,
    0.4622352719306946,
    0.7666683793067932
   ],
   [
    0.0020096232183277607,
    -0.8558712601661682,
    0.5171850323677063
   ]
  ]
 }
]