[
 {
  "rotation_euler": [
   2.094520092010498,
   0.6442571878433228,
   -0.4685388505458832
  ],
  "euler_order": "XYZ",
  "rotation_matrix": [
   [
    0.7133783102035522,
    0.23820914328098297,
    -0.659050703048706
   ],
   [
    -0.3610615134239197,
    -0.6810801029205322,
    -0.6369964480400085
   ],
   [
    -0.6006047129631042,
    0.6923772692680359,
    -0.39985960721969604
   ]
  ]
 },
 {
  "rotation_euler": [
   -1.1274025440216064,
   2.4063591957092285,
   1.1595659255981445
  ],
  "euler_order": "XYZ",
  "rotation_matrix": [
   [
    -0.2964749336242676,
    -0.6354413032531738,
    -0.7129634618759155
   ],
   [
    -0.6798405647277832,
    -0.38389408588409424,
    0.6248536705970764
   ],
   [
    -0.6707603335380554,
    0.6699549555778503,
    -0.3181838095188141
   ]
  ]
 },
 {
  "rotation_euler": [
   -1.3093329668045044,
   2.2845029830932617,
   -0.22321771085262299
  ],
  "euler_order": "XYZ",
  "rotation_matrix": [
   [
    -0.6383987665176392,
    -0.654908299446106,
    0.4044033885002136
   ],
   [
    0.144916832447052,
    0.4137353003025055,
    0.8987892866134644
   ],
   [
    -0.7559405565261841,
    0.6323908567428589,
    -0.16922087967395782
   ]
  ]
 },
 {
  "rotation_euler": [
   1.855079174041748,
   0.8396113514900208,
   -0.5920469760894775
  ],
  "euler_order": "XYZ",
  "rotation_matrix": [
   [
    0.5541008114814758,
    0.4363785982131958,
    -0.7089048027992249
   ],
   [
    -0.372646301984787,
    -0.6314712762832642,
    -0.6799843907356262
   ],
   [
    -0.7443836331367493,
    0.640950620174408,
    -0.18728388845920563
   ]
  ]
 },
 {
  "rotation_euler": [
   1.9040170907974243,
   1.0278217792510986,
   1.5186598300933838
  ],
  "euler_order": "XYZ",
  "rotation_matrix": [
   [
    0.026925943791866302,
    0.3688074052333832,
    0.9291157722473145
   ],
   [
    0.5159829258918762,
    0.7909356951713562,
    -0.32891085743904114
   ],
   [
    -0.8561755418777466,
    0.4882641136646271,
    -0.16900163888931274
   ]
  ]
 },
 {
  "rotation_euler": [
   2.073774814605713,
   0.6293551325798035,
   -0.5644155740737915
  ],
  "euler_order": "XYZ",
  "rotation_matrix": [
   [
    0.6830244064331055,
    0.1778826266527176,
    -0.708403468132019
   ],
   [
    -0.43243491649627686,
    -0.6831455826759338,
    -0.5884829163551331
   ],
   [
    -0.588623583316803,
    0.7082865834236145,
    -0.38968244194984436
   ]
  ]
 },
 {
  "rotation_euler": [
   -1.0406360626220703,
   2.5008857250213623,
   0.29640161991119385
  ],
  "euler_order": "XYZ",
  "rotation_matrix": [
   [
    -0.7667153477668762,
    -0.6409140229225159,
    0.03710492327809334
   ],
   [
    -0.23415327072143555,
    0.33299365639686584,
    0.9133933782577515
   ],
   [
    -0.5977623462677002,
    0.6916245222091675,
    -0.40538346767425537
   ]
  ]
 },
 {
  "rotation_euler": [
   1.8405780792236328,
   0.8750085830688477,
   -1.0103710889816284
  ],
  "euler_order": "XYZ",
  "rotation_matrix": [
   [
    0.34071609377861023,
    0.1674795001745224,
    -0.925128698348999
   ],
   [
    -0.5429374575614929,
    -0.7682886719703674,
    -0.33904486894607544
   ],
   [
    -0.7675489783287048,
    0.6178050637245178,
    -0.1708374321460724
   ]
  ]
 },
 {
  "rotation_euler": [
   -1.3190405368804932,
   2.2216720581054688,
   -0.5436892509460449
  ],
  "euler_order": "XYZ",
  "rotation_matrix": [
   [
    -0.5185186266899109,
    -0.5305160284042358,
    0.6705901622772217
   ],
   [
    0.31342148780822754,
    0.6117495894432068,
    0.7263122200965881
   ],
   [
    -0.7955535054206848,
    0.586783766746521,
    -0.15092843770980835
   ]
  ]
 },
 {
  "rotation_euler": [
   -1.2850953340530396,
   2.3056154251098633,
   -0.04863165318965912
  ],
  "euler_order": "XYZ",
  "rotation_matrix": [
   [
    -0.6696602702140808,
    -0.6973344087600708,
    0.2554991543292999
   ],
   [
    0.03259238600730896,
    0.3161029815673828,
    0.9481648802757263
   ],
   [
    -0.7419520616531372,
    0.6432756781578064,
    -0.18895381689071655
   ]
  ]
 },
 {
  "rotation_euler": [
   2.01515531539917,
   0.8541362285614014,
   -0.1979435533285141
  ],
  "euler_order": "XYZ",
  "rotation_matrix": [
   [
    0.6440433859825134,
    0.5829490423202515,
    -0.4953570067882538
   ],
   [
    -0.12917576730251312,
    -0.5553627014160156,
    -0.8215144276618958
   ],
   [
    -0.7540038228034973,
    0.5930790305137634,
    -0.282374769449234
   ]
  ]
 },
 {
  "rotation_euler": [
   -1.316737174987793,
   2.2527780532836914,
   -0.2644917666912079
  ],
  "euler_order": "XYZ",
  "rotation_matrix": [
   [
    -0.6084132194519043,
    -0.6595718264579773,
    0.4413596987724304
   ],
   [
    0.16478078067302704,
    0.43902623653411865,
    0.8832345604896545
   ],
   [
    -0.7763251066207886,
    0.6100991368293762,
    -0.15842460095882416
   ]
  ]
 },
 {
  "rotation_euler": [
   2.022878408432007,
   0.6897740960121155,
   0.9488299489021301
  ],
  "euler_order": "XYZ",
  "rotation_matrix": [
   [
    0.4494382441043854,
    0.6885539293289185,
    0.5691210627555847
   ],
   [
    0.6269350051879883,
    0.2107187807559967,
    -0.750033438205719
   ],
   [
    -0.6363629102706909,
    0.6938955783843994,
    -0.3369734585285187
   ]
  ]
 },
 {
  "rotation_euler": [
   2.1213388442993164,
   0.6185424327850342,
   1.3566782474517822
  ],
  "euler_order": "XYZ",
  "rotation_matrix": [
   [
    0.17311732470989227,
    0.6162072420120239,
    0.768322229385376
   ],
   [
    0.7961195707321167,
    0.3717237412929535,
    -0.4775092601776123
   ],
   [
    -0.5798482894897461,
    0.6943414807319641,
    -0.4262228310108185
   ]
  ]
 },
 {
  "rotation_euler": [
   -1.299745798110962,
   2.2695374488830566,
   0.10755722969770432
  ],
  "euler_order": "XYZ",
  "rotation_matrix": [
   [
    -0.6395371556282043,
    -0.7621780633926392,
    0.10038343071937561
   ],
   [
    -0.06905332952737808,
    0.18700461089611053,
    0.9799290299415588
   ],
   [
    -0.765652596950531,
    0.6197692155838013,
    -0.17222733795642853
   ]
  ]
 },
 {
  "rotation_euler": [
   -1.0395097732543945,
   2.4972662925720215,
   1.1362180709838867
  ],
  "euler_order": "XYZ",
  "rotation_matrix": [
   [
    -0.3366137444972992,
    -0.6775839328765869,
    -0.6538892984390259
   ],
   [
    -0.7251887917518616,
    -0.2564152479171753,
    0.6390246152877808
   ],
   [
    -0.6006600260734558,
    0.689297616481781,
    -0.40506336092948914
   ]
  ]
 }
]