[
 {
  "rotation_euler": [
   -0.9691674709320068,
   -1.5148119926452637,
   -0.6268484592437744
  ],
  "euler_order": "XYZ",
  "rotation_matrix": [
   [
    0.045316923409700394,
    0.9986359477043152,
    0.025935081765055656
   ],
   [
    -0.032822996377944946,
    -0.024459270760416985,
    0.9991618394851685
   ],
   [
    0.9984332919120789,
    -0.04613020643591881,
    0.03166980296373367
   ]
  ]
 },
 {
  "rotation_euler": [
   -0.9691697359085083,
   -1.5148119926452637,
   0.3401143252849579
  ],
  "euler_order": "XYZ",
  "rotation_matrix": [
   [
    0.052749793976545334,
    0.5871636271476746,
    -0.8077477216720581
   ],
   [
    0.018666332587599754,
    0.8081527948379517,
    0.5886770486831665
   ],
   [
    0.9984332919120789,
    -0.04613028094172478,
    0.031669698655605316
   ]
  ]
 },
 {
  "rotation_euler": [
   -0.969164252281189,
   -1.5148123502731323,
   0.2150081843137741
  ],
  "euler_order": "XYZ",
  "rotation_matrix": [
   [
    0.05466635897755623,
    0.6834119558334351,
    -0.727983295917511
   ],
   [
    0.0119382468983531,
    0.7285740375518799,
    0.6848630309104919
   ],
   [
    0.9984332919120789,
    -0.04612981155514717,
    0.031669750809669495
   ]
  ]
 },
 {
  "rotation_euler": [
   2.405632495880127,
   1.5860648155212402,
   -0.19459690153598785
  ],
  "euler_order": "XYZ",
  "rotation_matrix": [
   [
    -0.014979724772274494,
    0.5152280330657959,
    -0.8569222092628479
   ],
   [
    0.002952369162812829,
    -0.8569918274879456,
    -0.5153214931488037
   ],
   [
    -0.9998834133148193,
    -0.010249325074255466,
    0.011316359043121338
   ]
  ]
 },
 {
  "rotation_euler": [
   2.172423839569092,
   -1.6267807483673096,
   0.5083612203598022
  ],
  "euler_order": "XYZ",
  "rotation_matrix": [
   [
    -0.04887927696108818,
    -0.44354331493377686,
    0.8949190974235535
   ],
   [
    -0.027235981076955795,
    -0.8950650095939636,
    -0.4451032280921936
   ],
   [
    0.9984332919120789,
    -0.04613032191991806,
    0.03166979178786278
   ]
  ]
 },
 {
  "rotation_euler": [
   2.1724250316619873,
   -1.62678062915802,
   0.3558564782142639
  ],
  "euler_order": "XYZ",
  "rotation_matrix": [
   [
    -0.052449390292167664,
    -0.5743675827980042,
    0.8169155120849609
   ],
   [
    -0.019494369626045227,
    -0.8172966837882996,
    -0.5758872032165527
   ],
   [
    0.9984332919120789,
    -0.046130187809467316,
    0.03166978061199188
   ]
  ]
 },
 {
  "rotation_euler": [
   -0.9691666960716248,
   -1.5148118734359741,
   1.1005785465240479
  ],
  "euler_order": "XYZ",
  "rotation_matrix": [
   [
    0.02535221166908741,
    -0.1316191554069519,
    -0.990976095199585
   ],
   [
    0.049882374703884125,
    0.9902264475822449,
    -0.1302434504032135
   ],
   [
    0.9984332919120789,
    -0.04613028094172478,
    0.03166990727186203
   ]
  ]
 },
 {
  "rotation_euler": [
   -0.9691705107688904,
   -1.5148122310638428,
   -0.011690320447087288
  ],
  "euler_order": "XYZ",
  "rotation_matrix": [
   [
    0.05595103278756142,
    0.8296850323677063,
    -0.5554207563400269
   ],
   [
    -0.000654115283396095,
    0.5563225150108337,
    0.8309661746025085
   ],
   [
    0.9984332919120789,
    -0.04613010585308075,
    0.03166952729225159
   ]
  ]
 },
 {
  "rotation_euler": [
   -0.9691715836524963,
   -1.5148121118545532,
   0.8759620785713196
  ],
  "euler_order": "XYZ",
  "rotation_matrix": [
   [
    0.03582562878727913,
    0.0922476276755333,
    -0.9950913786888123
   ],
   [
    0.04298236593604088,
    0.9946669936180115,
    0.09375574439764023
   ],
   [
    0.9984332919120789,
    -0.046130239963531494,
    0.03166954591870308
   ]
  ]
 },
 {
  "rotation_euler": [
   -0.9691702127456665,
   -1.5148118734359741,
   2.1311159133911133
  ],
  "euler_order": "XYZ",
  "rotation_matrix": [
   [
    -0.02973778545856476,
    -0.9168919324874878,
    -0.3980262279510498
   ],
   [
    0.04739883914589882,
    0.3964608311653137,
    -0.9168272018432617
   ],
   [
    0.9984332919120789,
    -0.04613039270043373,
    0.0316697433590889
   ]
  ]
 },
 {
  "rotation_euler": [
   2.4056248664855957,
   1.5860648155212402,
   0.5787250399589539
  ],
  "euler_order": "XYZ",
  "rotation_matrix": [
   [
    -0.01278168149292469,
    0.9673188328742981,
    -0.2532407343387604
   ],
   [
    -0.008350882679224014,
    -0.25335586071014404,
    -0.9673370718955994
   ],
   [
    -0.9998834133148193,
    -0.010249410755932331,
    0.01131628081202507
   ]
  ]
 },
 {
  "rotation_euler": [
   -0.7359567284584045,
   1.555527925491333,
   -1.0408284664154053
  ],
  "euler_order": "XYZ",
  "rotation_matrix": [
   [
    0.007717962842434645,
    0.3002103865146637,
    0.9538418054580688
   ],
   [
    -0.013173420913517475,
    0.9538179636001587,
    -0.3000963032245636
   ],
   [
    -0.9998834133148193,
    -0.010249227285385132,
    0.01131632924079895
   ]
  ]
 },
 {
  "rotation_euler": [
   -0.9691710472106934,
   -1.5148119926452637,
   1.152536153793335
  ],
  "euler_order": "XYZ",
  "rotation_matrix": [
   [
    0.022727347910404205,
    -0.18286390602588654,
    -0.9828755259513855
   ],
   [
    0.05113159492611885,
    0.9820553660392761,
    -0.1815290004014969
   ],
   [
    0.9984332919120789,
    -0.04613032191991806,
    0.03166963905096054
   ]
  ]
 },
 {
  "rotation_euler": [
   -0.7359715700149536,
   1.5555280447006226,
   -0.26088759303092957
  ],
  "euler_order": "XYZ",
  "rotation_matrix": [
   [
    0.014751051552593708,
    -0.45733752846717834,
    0.8891708254814148
   ],
   [
    -0.003938120324164629,
    0.8892341256141663,
    0.45743539929389954
   ],
   [
    -0.9998834133148193,
    -0.010249314829707146,
    0.0113160889595747
   ]
  ]
 },
 {
  "rotation_euler": [
   -0.9691670536994934,
   -1.5148118734359741,
   1.349913239479065
  ],
  "euler_order": "XYZ",
  "rotation_matrix": [
   [
    0.012259302660822868,
    -0.37189629673957825,
    -0.9281933307647705
   ],
   [
    0.05459574609994888,
    0.9271273612976074,
    -0.3707481324672699
   ],
   [
    0.9984332919120789,
    -0.04613029211759567,
    0.031669892370700836
   ]
  ]
 },
 {
  "rotation_euler": [
   -0.9691711664199829,
   -1.5148122310638428,
   0.2829606533050537
  ],
  "euler_order": "XYZ",
  "rotation_matrix": [
   [
    0.05372970178723335,
    0.6323697566986084,
    -0.7728011608123779
   ],
   [
    0.015622584149241447,
    0.7732920050621033,
    0.6338575482368469
   ],
   [
    0.9984332919120789,
    -0.04613012820482254,
    0.0316694974899292
   ]
  ]
 }
]