[
 {
  "rotation_euler": [
   -9.265791049983818e-06,
   -9.622037032386288e-05,
   1.8207523822784424
  ],
  "euler_order": "XYZ",
  "rotation_matrix": [
   [
    -0.24736137688159943,
    -0.9689232707023621,
    1.4823363017058e-05
   ],
   [
    0.9689232707023621,
    -0.24736137688159943,
    -9.552215487929061e-05
   ],
   [
    9.622037032386288e-05,
    -9.265791049983818e-06,
    1.0
   ]
  ]
 },
 {
  "rotation_euler": [
   -2.0255552954040468e-05,
   -9.517051512375474e-05,
   -2.6354780197143555
  ],
  "euler_order": "XYZ",
  "rotation_matrix": [
   [
    -0.8746346831321716,
    0.4847826361656189,
    9.30589740164578e-05
   ],
   [
    -0.4847826361656189,
    -0.8746346831321716,
    2.8420805392670445e-05
   ],
   [
    9.517051512375474e-05,
    -2.0255552954040468e-05,
    1.0
   ]
  ]
 },
 {
  "rotation_euler": [
   -2.3981445337994955e-05,
   -9.543426131131127e-05,
   2.034245729446411
  ],
  "euler_order": "XYZ",
  "rotation_matrix": [
   [
    -0.4470362961292267,
    -0.8945158123970032,
    2.1210797058301978e-05
   ],
   [
    0.8945158123970032,
    -0.4470362961292267,
    -9.608803520677611e-05
   ],
   [
    9.543426131131127e-05,
    -2.3981445337994955e-05,
    1.0
   ]
  ]
 },
 {
  "rotation_euler": [
   -1.819435419747606e-05,
   -8.796807378530502e-05,
   1.228376865386963
  ],
  "euler_order": "XYZ",
  "rotation_matrix": [
   [
    0.33576706051826477,
    -0.9419450759887695,
    -4.667486427933909e-05
   ],
   [
    0.9419450163841248,
    0.33576706051826477,
    -7.675202505197376e-05
   ],
   [
    8.796807378530502e-05,
    -1.819435419747606e-05,
    1.0
   ]
  ]
 },
 {
  "rotation_euler": [
   -8.972497198556084e-06,
   -9.498147119302303e-05,
   1.8827511072158813
  ],
  "euler_order": "XYZ",
  "rotation_matrix": [
   [
    -0.306919664144516,
    -0.9517354369163513,
    2.061223676719237e-05
   ],
   [
    0.9517354369163513,
    -0.306919664144516,
    -9.315106581198052e-05
   ],
   [
    9.498147119302303e-05,
    -8.972497198556084e-06,
    1.0
   ]
  ]
 },
 {
  "rotation_euler": [
   -1.3845296962244902e-05,
   -9.53024355112575e-05,
   -0.2979690134525299
  ],
  "euler_order": "XYZ",
  "rotation_matrix": [
   [
    0.9559347033500671,
    0.2935793101787567,
    -8.703821367817e-05
   ],
   [
    -0.2935793101787567,
    0.9559347033500671,
    4.1214025259250775e-05
   ],
   [
    9.53024355112575e-05,
    -1.3845296962244902e-05,
    1.0
   ]
  ]
 },
 {
  "rotation_euler": [
   -1.4643427675764542e-05,
   -8.904065180104226e-05,
   -0.7431305646896362
  ],
  "euler_order": "XYZ",
  "rotation_matrix": [
   [
    0.7363540530204773,
    0.6765964031219482,
    -5.5657754273852333e-05
   ],
   [
    -0.6765964031219482,
    0.7363540530204773,
    7.10273307049647e-05
   ],
   [
    8.904065180104226e-05,
    -1.4643427675764542e-05,
    1.0
   ]
  ]
 },
 {
  "rotation_euler": [
   -1.1804359019151889e-05,
   -6.468803621828556e-05,
   1.8942831754684448
  ],
  "euler_order": "XYZ",
  "rotation_matrix": [
   [
    -0.3178744912147522,
    -0.9481328129768372,
    9.37057575356448e-06
   ],
   [
    0.9481328129768372,
    -0.3178744912147522,
    -6.508515070891008e-05
   ],
   [
    6.468803621828556e-05,
    -1.1804359019151889e-05,
    1.0
   ]
  ]
 },
 {
  "rotation_euler": [
   -8.57323448144598e-06,
   -9.237819904228672e-05,
   0.7104350328445435
  ],
  "euler_order": "XYZ",
  "rotation_matrix": [
   [
    0.7580782175064087,
    -0.6521636247634888,
    -7.562105020042509e-05
   ],
   [
    0.6521636247634888,
    0.7580782175064087,
    -5.374651664169505e-05
   ],
   [
    9.237819904228672e-05,
    -8.57323448144598e-06,
    1.0
   ]
  ]
 },
 {
  "rotation_euler": [
   -8.190709195332602e-06,
   -9.439207497052848e-05,
   -0.49151599407196045
  ],
  "euler_order": "XYZ",
  "rotation_matrix": [
   [
    0.8816183805465698,
    0.47196295857429504,
    -7.935207395348698e-05
   ],
   [
    -0.47196295857429504,
    0.8816183805465698,
    5.177064304007217e-05
   ],
   [
    9.439207497052848e-05,
    -8.190709195332602e-06,
    1.0
   ]
  ]
 },
 {
  "rotation_euler": [
   -4.318255378166214e-06,
   -8.799721399554983e-05,
   -1.5062906742095947
  ],
  "euler_order": "XYZ",
  "rotation_matrix": [
   [
    0.06446092575788498,
    0.9979202151298523,
    -1.3631075717057684e-06
   ],
   [
    -0.9979202151298523,
    0.06446092575788498,
    8.809255814412609e-05
   ],
   [
    8.799721399554983e-05,
    -4.318255378166214e-06,
    1.0
   ]
  ]
 },
 {
  "rotation_euler": [
   -8.445706043858081e-06,
   -9.233030141331255e-05,
   0.46554577350616455
  ],
  "euler_order": "XYZ",
  "rotation_matrix": [
   [
    0.8935766816139221,
    -0.44891056418418884,
    -8.629557123640552e-05
   ],
   [
    0.44891056418418884,
    0.8935766816139221,
    -3.3901160350069404e-05
   ],
   [
    9.233030141331255e-05,
    -8.445706043858081e-06,
    1.0
   ]
  ]
 },
 {
  "rotation_euler": [
   -8.20867353468202e-06,
   -9.635785681894049e-05,
   2.975127935409546
  ],
  "euler_order": "XYZ",
  "rotation_matrix": [
   [
    -0.9861767292022705,
    -0.16569697856903076,
    9.366572339786217e-05
   ],
   [
    0.16569697856903076,
    -0.9861767292022705,
    -2.406140811217483e-05
   ],
   [
    9.635785681894049e-05,
    -8.20867353468202e-06,
    1.0
   ]
  ]
 },
 {
  "rotation_euler": [
   -2.124166530848015e-05,
   -9.669300925452262e-05,
   2.9817423820495605
  ],
  "euler_order": "XYZ",
  "rotation_matrix": [
   [
    -0.9872511029243469,
    -0.15917038917541504,
    9.207923721987754e-05
   ],
   [
    0.15917038917541504,
    -0.9872511029243469,
    -3.636152177932672e-05
   ],
   [
    9.669300925452262e-05,
    -2.124166530848015e-05,
    1.0
   ]
  ]
 },
 {
  "rotation_euler": [
   -1.4495290997729171e-05,
   -8.97914869710803e-05,
   2.523975133895874
  ],
  "euler_order": "XYZ",
  "rotation_matrix": [
   [
    -0.8152604699134827,
    -0.5790944695472717,
    6.480930460384116e-05
   ],
   [
    0.5790944695472717,
    -0.8152604699134827,
    -6.381519051501527e-05
   ],
   [
    8.97914869710803e-05,
    -1.4495290997729171e-05,
    1.0
   ]
  ]
 },
 {
  "rotation_euler": [
   -2.17465749301482e-05,
   -9.403070725966245e-05,
   -2.358912944793701
  ],
  "euler_order": "XYZ",
  "rotation_matrix": [
   [
    -0.7090263962745667,
    0.7051819562911987,
    8.200554293580353e-05
   ],
   [
    -0.7051819562911987,
    -0.7090263962745667,
    5.088985926704481e-05
   ],
   [
    9.403070725966245e-05,
    -2.17465749301482e-05,
    1.0
   ]
  ]
 }
]