[
 {
  "rotation_euler": [
   1.5819905996322632,
   0.02817046456038952,
   -1.6283905506134033
  ],
  "euler_order": "XYZ",
  "rotation_matrix": [
   [
    -0.057539548724889755,
    -0.012796721421182156,
    -0.9982612133026123
   ],
   [
    -0.9979457855224609,
    -0.027473919093608856,
    0.05787355825304985
   ],
   [
    -0.028166739270091057,
    0.9995406270027161,
    -0.011189597658813
   ]
  ]
 },
 {
  "rotation_euler": [
   -1.5724965333938599,
   -0.024290230125188828,
   -2.858898639678955
  ],
  "euler_order": "XYZ",
  "rotation_matrix": [
   [
    -0.9600241780281067,
    -0.02379802241921425,
    0.27890369296073914
   ],
   [
    -0.27886146306991577,
    -0.005142211448401213,
    -0.9603175520896912
   ],
   [
    0.024287842214107513,
    -0.999703586101532,
    -0.001699704211205244
   ]
  ]
 },
 {
  "rotation_euler": [
   1.586130142211914,
   -0.06543983519077301,
   -1.9090628623962402
  ],
  "euler_order": "XYZ",
  "rotation_matrix": [
   [
    -0.3311420679092407,
    0.007234014570713043,
    -0.9435532093048096
   ],
   [
    -0.9413121938705444,
    0.06676851212978363,
    0.3308674693107605
   ],
   [
    0.06539314240217209,
    0.9977422952651978,
    -0.015300394967198372
   ]
  ]
 },
 {
  "rotation_euler": [
   1.58724844455719,
   -0.1265728771686554,
   -2.6579408645629883
  ],
  "euler_order": "XYZ",
  "rotation_matrix": [
   [
    -0.8782205581665039,
    0.1040910854935646,
    -0.4667908251285553
   ],
   [
    -0.4612952470779419,
    0.07325778156518936,
    0.8842171430587769
   ],
   [
    0.12623518705368042,
    0.9918661117553711,
    -0.016319770365953445
   ]
  ]
 },
 {
  "rotation_euler": [
   1.5872563123703003,
   -0.11796485632658005,
   0.5143498778343201
  ],
  "euler_order": "XYZ",
  "rotation_matrix": [
   [
    0.8645621538162231,
    -0.0943523645401001,
    0.49358877539634705
   ],
   [
    0.4885498583316803,
    -0.07222232222557068,
    -0.8695418238639832
   ],
   [
    0.11769144982099533,
    0.992915689945221,
    -0.01634485460817814
   ]
  ]
 },
 {
  "rotation_euler": [
   -1.687760591506958,
   0.004419731441885233,
   0.4088985323905945
  ],
  "euler_order": "XYZ",
  "rotation_matrix": [
   [
    0.9175503849983215,
    0.04237125441431999,
    -0.39535555243492126
   ],
   [
    0.39759501814842224,
    -0.10882238298654556,
    0.9110850095748901
   ],
   [
    -0.004419717006385326,
    -0.9931578040122986,
    -0.11669661849737167
   ]
  ]
 },
 {
  "rotation_euler": [
   1.5790280103683472,
   0.21018187701702118,
   -2.473661184310913
  ],
  "euler_order": "XYZ",
  "rotation_matrix": [
   [
    -0.7678267359733582,
    -0.16889525949954987,
    -0.617993950843811
   ],
   [
    -0.6057329773902893,
    -0.12275554239749908,
    0.7861416339874268
   ],
   [
    -0.2086377739906311,
    0.9779598712921143,
    -0.008050438016653061
   ]
  ]
 },
 {
  "rotation_euler": [
   1.5815606117248535,
   0.01798812858760357,
   1.0100839138031006
  ],
  "euler_order": "XYZ",
  "rotation_matrix": [
   [
    0.5317036509513855,
    0.018680674955248833,
    0.8467244505882263
   ],
   [
    0.8467394709587097,
    0.009507793933153152,
    -0.5319228172302246
   ],
   [
    -0.01798715814948082,
    0.9997802972793579,
    -0.010762335732579231
   ]
  ]
 },
 {
  "rotation_euler": [
   2.830728530883789,
   -1.481074333190918,
   -0.09559054672718048
  ],
  "euler_order": "XYZ",
  "rotation_matrix": [
   [
    0.08919260650873184,
    -0.3941305875778198,
    0.9147161841392517
   ],
   [
    -0.008552034385502338,
    -0.9186456799507141,
    -0.39498981833457947
   ],
   [
    0.9959776997566223,
    0.027407487854361534,
    -0.08530702441930771
   ]
  ]
 },
 {
  "rotation_euler": [
   -1.6512291431427002,
   -0.09919345378875732,
   -2.8794753551483154
  ],
  "euler_order": "XYZ",
  "rotation_matrix": [
   [
    -0.9610957503318787,
    -0.1161588653922081,
    0.2506033778190613
   ],
   [
    -0.25785234570503235,
    0.052023254334926605,
    -0.9647827744483948
   ],
   [
    0.09903086721897125,
    -0.9918673038482666,
    -0.07995116710662842
   ]
  ]
 },
 {
  "rotation_euler": [
   1.581990361213684,
   0.028039565309882164,
   1.2089722156524658
  ],
  "euler_order": "XYZ",
  "rotation_matrix": [
   [
    0.3538416922092438,
    0.020392578095197678,
    0.9350829720497131
   ],
   [
    0.9348850250244141,
    0.022256609052419662,
    -0.3542521595954895
   ],
   [
    -0.02803589217364788,
    0.9995442628860474,
    -0.011189400218427181
   ]
  ]
 },
 {
  "rotation_euler": [
   1.5872654914855957,
   -0.09100610017776489,
   0.1835446059703827
  ],
  "euler_order": "XYZ",
  "rotation_matrix": [
   [
    0.9791342616081238,
    -0.08633614331483841,
    0.18396255373954773
   ],
   [
    0.1817604899406433,
    -0.03277667984366417,
    -0.9827964305877686
   ],
   [
    0.09088052809238434,
    0.9957267642021179,
    -0.01640027016401291
   ]
  ]
 },
 {
  "rotation_euler": [
   1.587041974067688,
   -0.11917082965373993,
   -0.5541051626205444
  ],
  "euler_order": "XYZ",
  "rotation_matrix": [
   [
    0.844340443611145,
    -0.10963425785303116,
    -0.5244707465171814
   ],
   [
    -0.5224506258964539,
    0.048734813928604126,
    -0.8512756824493408
   ],
   [
    0.1188889592885971,
    0.9927765130996704,
    -0.016129717230796814
   ]
  ]
 },
 {
  "rotation_euler": [
   -0.32931098341941833,
   -1.661097764968872,
   -0.773318350315094
  ],
  "euler_order": "XYZ",
  "rotation_matrix": [
   [
    -0.06453162431716919,
    0.8914540410041809,
    -0.4484923183917999
   ],
   [
    0.06299109756946564,
    0.45217165350914,
    0.8897038102149963
   ],
   [
    0.9959256052970886,
    0.02916301041841507,
    -0.08533304184675217
   ]
  ]
 },
 {
  "rotation_euler": [
   -1.6959205865859985,
   0.006660052575170994,
   2.705523729324341
  ],
  "euler_order": "XYZ",
  "rotation_matrix": [
   [
    -0.9063989520072937,
    0.058701690286397934,
    -0.4183240830898285
   ],
   [
    0.42237016558647156,
    0.11032824963331223,
    -0.8996838927268982
   ],
   [
    -0.006660003215074539,
    -0.9921601414680481,
    -0.12479525804519653
   ]
  ]
 },
 {
  "rotation_euler": [
   -0.27155014872550964,
   -1.6598751544952393,
   0.7475913166999817
  ],
  "euler_order": "XYZ",
  "rotation_matrix": [
   [
    -0.06523769348859787,
    -0.4590439796447754,
    -0.8860150575637817
   ],
   [
    -0.06048234924674034,
    0.8880930542945862,
    -0.45566725730895996
   ],
   [
    0.996035099029541,
    0.023861590772867203,
    -0.08570120483636856
   ]
  ]
 }
]