[
 {
  "rotation_euler": [
   1.2452008724212646,
   1.1210222244262695,
   0.5751462578773499
  ],
  "euler_order": "XYZ",
  "rotation_matrix": [
   [
    0.364814430475235,
    0.5419597625732422,
    0.7570931911468506
   ],
   [
    0.2364921271800995,
    0.7325310111045837,
    -0.6383336186408997
   ],
   [
    -0.9005453586578369,
    0.41191989183425903,
    0.13906866312026978
   ]
  ]
 },
 {
  "rotation_euler": [
   -0.017762567847967148,
   2.405160903930664,
   -1.8762990236282349
  ],
  "euler_order": "XYZ",
  "rotation_matrix": [
   [
    0.22283338010311127,
    0.9571335315704346,
    -0.18504245579242706
   ],
   [
    0.7065645456314087,
    -0.2893480062484741,
    -0.645789623260498
   ],
   [
    -0.6716485619544983,
    0.013159059919416904,
    -0.7407529950141907
   ]
  ]
 },
 {
  "rotation_euler": [
   1.2452013492584229,
   1.1210222244262695,
   -1.7031044960021973
  ],
  "euler_order": "XYZ",
  "rotation_matrix": [
   [
    -0.05735490098595619,
    0.20451650023460388,
    -0.9771813750267029
   ],
   [
    -0.43096229434013367,
    -0.887972354888916,
    -0.16055075824260712
   ],
   [
    -0.9005453586578369,
    0.4119199514389038,
    0.13906846940517426
   ]
  ]
 },
 {
  "rotation_euler": [
   1.24519944190979,
   1.1210217475891113,
   -2.1845593452453613
  ],
  "euler_order": "XYZ",
  "rotation_matrix": [
   [
    -0.25040051341056824,
    -0.22992317378520966,
    -0.9404439926147461
   ],
   [
    -0.3554125130176544,
    -0.8817353248596191,
    0.3102011978626251
   ],
   [
    -0.9005451202392578,
    0.41192010045051575,
    0.13906939327716827
   ]
  ]
 },
 {
  "rotation_euler": [
   1.3172510862350464,
   1.1389460563659668,
   0.3473155200481415
  ],
  "euler_order": "XYZ",
  "rotation_matrix": [
   [
    0.39356011152267456,
    0.7412838935852051,
    0.5436990857124329
   ],
   [
    0.1424645483493805,
    0.535102903842926,
    -0.8326876759529114
   ],
   [
    -0.9081928730010986,
    0.4051705002784729,
    0.10498848557472229
   ]
  ]
 },
 {
  "rotation_euler": [
   1.2452003955841064,
   1.1210217475891113,
   0.5163487195968628
  ],
  "euler_order": "XYZ",
  "rotation_matrix": [
   [
    0.3780815303325653,
    0.5840688943862915,
    0.7182742357254028
   ],
   [
    0.21464581787586212,
    0.699417769908905,
    -0.6817198395729065
   ],
   [
    -0.9005451202392578,
    0.4119202494621277,
    0.13906900584697723
   ]
  ]
 },
 {
  "rotation_euler": [
   1.2452013492584229,
   1.1210222244262695,
   -0.1256442368030548
  ],
  "euler_order": "XYZ",
  "rotation_matrix": [
   [
    0.4313349425792694,
    0.886589765548706,
    0.1670590043067932
   ],
   [
    -0.05448174476623535,
    0.21042931079864502,
    -0.9760897755622864
   ],
   [
    -0.9005453586578369,
    0.4119199514389038,
    0.13906846940517426
   ]
  ]
 },
 {
  "rotation_euler": [
   1.2452013492584229,
   1.1210222244262695,
   -1.9095162153244019
  ],
  "euler_order": "XYZ",
  "rotation_matrix": [
   [
    -0.14446274936199188,
    0.018186001107096672,
    -0.9893431067466736
   ],
   [
    -0.41005927324295044,
    -0.9110385179519653,
    0.04312977194786072
   ],
   [
    -0.9005453586578369,
    0.4119199514389038,
    0.13906846940517426
   ]
  ]
 },
 {
  "rotation_euler": [
   1.1189721822738647,
   0.9812853932380676,
   -2.544741630554199
  ],
  "euler_order": "XYZ",
  "rotation_matrix": [
   [
    -0.45983535051345825,
    -0.37312331795692444,
    -0.8058104515075684
   ],
   [
    -0.31246909499168396,
    -0.7814174294471741,
    0.5401387214660645
   ],
   [
    -0.8312126994132996,
    0.5001657605171204,
    0.24273385107517242
   ]
  ]
 },
 {
  "rotation_euler": [
   1.245201587677002,
   1.1210222244262695,
   -2.1855897903442383
  ],
  "euler_order": "XYZ",
  "rotation_matrix": [
   [
    -0.2507663667201996,
    -0.2308337688446045,
    -0.9401233792304993
   ],
   [
    -0.3551539480686188,
    -0.8814973831176758,
    0.3111719489097595
   ],
   [
    -0.9005453586578369,
    0.4119200110435486,
    0.1390683650970459
   ]
  ]
 },
 {
  "rotation_euler": [
   1.2452008724212646,
   1.12102210521698,
   -2.000762462615967
  ],
  "euler_order": "XYZ",
  "rotation_matrix": [
   [
    -0.18122629821300507,
    -0.06490270793437958,
    -0.9812974333763123
   ],
   [
    -0.39519011974334717,
    -0.9089056849479675,
    0.1330985575914383
   ],
   [
    -0.9005452990531921,
    0.4119200110435486,
    0.13906870782375336
   ]
  ]
 },
 {
  "rotation_euler": [
   1.176218032836914,
   1.056420087814331,
   -0.7107275724411011
  ],
  "euler_order": "XYZ",
  "rotation_matrix": [
   [
    0.3728744685649872,
    0.8599047660827637,
    -0.3486092686653137
   ],
   [
    -0.32096830010414124,
    -0.232977032661438,
    -0.9179875254631042
   ],
   [
    -0.8705998063087463,
    0.4541866183280945,
    0.1891309916973114
   ]
  ]
 },
 {
  "rotation_euler": [
   1.2452014684677124,
   1.12102210521698,
   2.120664596557617
  ],
  "euler_order": "XYZ",
  "rotation_matrix": [
   [
    -0.2271958291530609,
    -0.7185983657836914,
    0.6572659015655518
   ],
   [
    0.37067538499832153,
    0.5603019595146179,
    0.7407168745994568
   ],
   [
    -0.9005452990531921,
    0.41192007064819336,
    0.13906845450401306
   ]
  ]
 },
 {
  "rotation_euler": [
   1.2452013492584229,
   1.1210222244262695,
   -1.591070532798767
  ],
  "euler_order": "XYZ",
  "rotation_matrix": [
   [
    -0.008813852444291115,
    0.3025094270706177,
    -0.953105628490448
   ],
   [
    -0.4346727728843689,
    -0.859540581703186,
    -0.2687928378582001
   ],
   [
    -0.9005453586578369,
    0.4119199514389038,
    0.13906846940517426
   ]
  ]
 },
 {
  "rotation_euler": [
   -1.7904837131500244,
   1.9978885650634766,
   -0.103790782392025
  ],
  "euler_order": "XYZ",
  "rotation_matrix": [
   [
    -0.41199687123298645,
    -0.9060962796211243,
    -0.09616739302873611
   ],
   [
    0.04291569069027901,
    -0.1247200220823288,
    0.9912633895874023
   ],
   [
    -0.9101740717887878,
    0.40427032113075256,
    0.09027000516653061
   ]
  ]
 },
 {
  "rotation_euler": [
   1.2452009916305542,
   1.1210222244262695,
   -2.150210380554199
  ],
  "euler_order": "XYZ",
  "rotation_matrix": [
   [
    -0.23804691433906555,
    -0.199508398771286,
    -0.9505419731140137
   ],
   [
    -0.3638018071651459,
    -0.8891109824180603,
    0.27772262692451477
   ],
   [
    -0.9005453586578369,
    0.4119199216365814,
    0.1390686184167862
   ]
  ]
 }
]