[
 {
  "rotation_euler": [
   -1.8052812814712524,
   0.1506654918193817,
   0.8983762264251709
  ],
  "euler_order": "XYZ",
  "rotation_matrix": [
   [
    0.6158246994018555,
    0.09083149582147598,
    -0.7826299071311951
   ],
   [
    0.773453950881958,
    -0.2589307725429535,
    0.5785531997680664
   ],
   [
    -0.1500961184501648,
    -0.9616155624389648,
    -0.2297099530696869
   ]
  ]
 },
 {
  "rotation_euler": [
   -1.804261565208435,
   0.29992377758026123,
   -1.0982741117477417
  ],
  "euler_order": "XYZ",
  "rotation_matrix": [
   [
    0.4348159432411194,
    -0.33681949973106384,
    0.8351572751998901
   ],
   [
    -0.8506737947463989,
    0.15064096450805664,
    0.503648042678833
   ],
   [
    -0.29544737935066223,
    -0.9294406771659851,
    -0.22102244198322296
   ]
  ]
 },
 {
  "rotation_euler": [
   1.7552567720413208,
   0.15881408751010895,
   1.7119296789169312
  ],
  "euler_order": "XYZ",
  "rotation_matrix": [
   [
    -0.13889509439468384,
    0.15972404181957245,
    0.9773414731025696
   ],
   [
    0.9775978326797485,
    0.1797189563512802,
    0.10956058651208878
   ],
   [
    -0.15814733505249023,
    0.970664381980896,
    -0.18110796809196472
   ]
  ]
 },
 {
  "rotation_euler": [
   -1.7681063413619995,
   -0.4481389820575714,
   2.1766419410705566
  ],
  "euler_order": "XYZ",
  "rotation_matrix": [
   [
    -0.513226330280304,
    -0.08080966770648956,
    -0.854440450668335
   ],
   [
    0.7408504486083984,
    0.46089398860931396,
    -0.4885871410369873
   ],
   [
    0.4332890212535858,
    -0.8837683796882629,
    -0.17667505145072937
   ]
  ]
 },
 {
  "rotation_euler": [
   1.7419592142105103,
   0.09939086437225342,
   2.432574510574341
  ],
  "euler_order": "XYZ",
  "rotation_matrix": [
   [
    -0.7552556991577148,
    0.036685749888420105,
    0.6544027924537659
   ],
   [
    0.6478756070137024,
    0.19294121861457825,
    0.7369062900543213
   ],
   [
    -0.09922730922698975,
    0.9805242419242859,
    -0.16948775947093964
   ]
  ]
 },
 {
  "rotation_euler": [
   1.785366177558899,
   0.24962645769119263,
   -0.978070855140686
  ],
  "euler_order": "XYZ",
  "rotation_matrix": [
   [
    0.5413089990615845,
    -0.041767485439777374,
    -0.8397856950759888
   ],
   [
    -0.8037131428718567,
    -0.3191492557525635,
    -0.5021841526031494
   ],
   [
    -0.24704201519489288,
    0.9467836022377014,
    -0.2063274383544922
   ]
  ]
 },
 {
  "rotation_euler": [
   1.7914555072784424,
   0.19803586602210999,
   2.4745728969573975
  ],
  "euler_order": "XYZ",
  "rotation_matrix": [
   [
    -0.7703129053115845,
    -0.015422576107084751,
    0.6374795436859131
   ],
   [
    0.6065557599067688,
    0.2907255291938782,
    0.7399789094924927
   ],
   [
    -0.19674396514892578,
    0.9566822052001953,
    -0.2145949751138687
   ]
  ]
 },
 {
  "rotation_euler": [
   -1.7897493839263916,
   -0.10024813562631607,
   -1.899617075920105
  ],
  "euler_order": "XYZ",
  "rotation_matrix": [
   [
    -0.32130587100982666,
    -0.2371176928281784,
    0.9168084263801575
   ],
   [
    -0.941672146320343,
    -0.02231472171843052,
    -0.3357909917831421
   ],
   [
    0.10008031129837036,
    -0.9712246060371399,
    -0.2161172777414322
   ]
  ]
 },
 {
  "rotation_euler": [
   1.7530550956726074,
   0.017976757138967514,
   0.9708870649337769
  ],
  "euler_order": "XYZ",
  "rotation_matrix": [
   [
    0.5644763708114624,
    0.1595829725265503,
    0.8098763823509216
   ],
   [
    0.8252534866333008,
    -0.08773742616176605,
    -0.5579057335853577
   ],
   [
    -0.017975788563489914,
    0.9832779169082642,
    -0.1812221109867096
   ]
  ]
 },
 {
  "rotation_euler": [
   1.8118482828140259,
   0.3150216341018677,
   0.10322921723127365
  ],
  "euler_order": "XYZ",
  "rotation_matrix": [
   [
    0.9457282423973083,
    0.3238767087459564,
    0.026494765654206276
   ],
   [
    0.09797505289316177,
    -0.20644912123680115,
    -0.9735397696495056
   ],
   [
    -0.3098370432853699,
    0.9232998490333557,
    -0.22697660326957703
   ]
  ]
 },
 {
  "rotation_euler": [
   -1.8014578819274902,
   0.37140989303588867,
   2.330817699432373
  ],
  "euler_order": "XYZ",
  "rotation_matrix": [
   [
    -0.6419628858566284,
    0.4091232717037201,
    -0.648461103439331
   ],
   [
    0.6754004955291748,
    -0.09858617186546326,
    -0.7308316826820374
   ],
   [
    -0.3629295527935028,
    -0.9071377515792847,
    -0.21303340792655945
   ]
  ]
 },
 {
  "rotation_euler": [
   1.748102068901062,
   0.031101340427994728,
   2.1854429244995117
  ],
  "euler_order": "XYZ",
  "rotation_matrix": [
   [
    -0.5763909816741943,
    0.12644580006599426,
    0.8073319792747498
   ],
   [
    0.816582202911377,
    0.1267186850309372,
    0.5631482005119324
   ],
   [
    -0.031096326187253,
    0.9838464260101318,
    -0.17629289627075195
   ]
  ]
 },
 {
  "rotation_euler": [
   1.7403641939163208,
   0.05630603805184364,
   1.2393436431884766
  ],
  "euler_order": "XYZ",
  "rotation_matrix": [
   [
    0.324901282787323,
    0.1776217222213745,
    0.9289185404777527
   ],
   [
    0.9440721273422241,
    -0.0024661971256136894,
    -0.3297298550605774
   ],
   [
    -0.056276291608810425,
    0.9840957522392273,
    -0.1684889942407608
   ]
  ]
 },
 {
  "rotation_euler": [
   1.7448090314865112,
   0.12655498087406158,
   1.7142183780670166
  ],
  "euler_order": "XYZ",
  "rotation_matrix": [
   [
    -0.14178778231143951,
    0.15359027683734894,
    0.9779091477394104
   ],
   [
    0.981817364692688,
    0.1477814018726349,
    0.11914391815662384
   ],
   [
    -0.12621742486953735,
    0.977021336555481,
    -0.1717512011528015
   ]
  ]
 },
 {
  "rotation_euler": [
   1.7771165370941162,
   0.22511547803878784,
   1.9818705320358276
  ],
  "euler_order": "XYZ",
  "rotation_matrix": [
   [
    -0.3895118534564972,
    0.10048787295818329,
    0.9155231714248657
   ],
   [
    0.8935624361038208,
    0.2821439504623413,
    0.34920045733451843
   ],
   [
    -0.22321893274784088,
    0.9540948271751404,
    -0.19969059526920319
   ]
  ]
 },
 {
  "rotation_euler": [
   1.7858601808547974,
   0.2510871887207031,
   0.2796196937561035
  ],
  "euler_order": "XYZ",
  "rotation_matrix": [
   [
    0.9310212135314941,
    0.2922047972679138,
    0.21866828203201294
   ],
   [
    0.2673358619213104,
    -0.13812904059886932,
    -0.9536518454551697
   ],
   [
    -0.24845720827579498,
    0.9463280439376831,
    -0.20671789348125458
   ]
  ]
 }
]