[
 {
  "rotation_euler": [
   -1.5729938745498657,
   2.09029483795166,
   0.910232663154602
  ],
  "euler_order": "XYZ",
  "rotation_matrix": [
   [
    -0.30459973216056824,
    -0.5308771729469299,
    -0.7908150553703308
   ],
   [
    -0.3920159637928009,
    -0.6868137717247009,
    0.6120542287826538
   ],
   [
    -0.868068277835846,
    0.4964436888694763,
    0.0010909604607149959
   ]
  ]
 },
 {
  "rotation_euler": [
   1.581117033958435,
   2.0985798835754395,
   -0.7340965270996094
  ],
  "euler_order": "XYZ",
  "rotation_matrix": [
   [
    -0.37390556931495667,
    0.6344615817070007,
    -0.676500678062439
   ],
   [
    0.3373832404613495,
    -0.5863895416259766,
    -0.736423671245575
   ],
   [
    -0.8639254570007324,
    -0.5035929083824158,
    0.005197619553655386
   ]
  ]
 },
 {
  "rotation_euler": [
   -1.5644980669021606,
   -0.21448515355587006,
   2.011143684387207
  ],
  "euler_order": "XYZ",
  "rotation_matrix": [
   [
    -0.41648659110069275,
    -0.09642130881547928,
    -0.9040142893791199
   ],
   [
    0.8838756680488586,
    0.18985137343406677,
    -0.42745792865753174
   ],
   [
    0.21284440159797668,
    -0.9770667552947998,
    0.006153901573270559
   ]
  ]
 },
 {
  "rotation_euler": [
   1.5737981796264648,
   0.004014862701296806,
   2.4751386642456055
  ],
  "euler_order": "XYZ",
  "rotation_matrix": [
   [
    -0.7860124111175537,
    -0.0012999840546399355,
    0.6182093620300293
   ],
   [
    0.6181976795196533,
    0.0048414901830255985,
    0.7860077619552612
   ],
   [
    -0.004014851991087198,
    0.9999874234199524,
    -0.0030018240213394165
   ]
  ]
 },
 {
  "rotation_euler": [
   -1.5656272172927856,
   -0.004740528296679258,
   2.9905381202697754
  ],
  "euler_order": "XYZ",
  "rotation_matrix": [
   [
    -0.988601803779602,
    -0.005464315414428711,
    -0.15045450627803802
   ],
   [
    0.1504790484905243,
    -0.004396879579871893,
    -0.988603413105011
   ],
   [
    0.004740510601550341,
    -0.9999753832817078,
    0.005169028416275978
   ]
  ]
 },
 {
  "rotation_euler": [
   -1.565574049949646,
   -0.004043670371174812,
   3.0206501483917236
  ],
  "euler_order": "XYZ",
  "rotation_matrix": [
   [
    -0.9926872253417969,
    -0.004644121043384075,
    -0.12062527239322662
   ],
   [
    0.1206468939781189,
    -0.004696254152804613,
    -0.9926843643188477
   ],
   [
    0.004043659195303917,
    -0.9999781847000122,
    0.005222210194915533
   ]
  ]
 },
 {
  "rotation_euler": [
   1.5738354921340942,
   -0.014526138082146645,
   1.2750816345214844
  ],
  "euler_order": "XYZ",
  "rotation_matrix": [
   [
    0.29139286279678345,
    -0.001325847813859582,
    0.9566025733947754
   ],
   [
    0.9564931988716125,
    -0.014780748635530472,
    -0.29138001799583435
   ],
   [
    0.01452562678605318,
    0.9998898506164551,
    -0.0030388401355594397
   ]
  ]
 },
 {
  "rotation_euler": [
   1.5738060474395752,
   0.0041081723757088184,
   1.5594499111175537
  ],
  "euler_order": "XYZ",
  "rotation_matrix": [
   [
    0.011346076615154743,
    0.003056134097278118,
    0.9999309778213501
   ],
   [
    0.9999271631240845,
    0.004073728807270527,
    -0.011358484625816345
   ],
   [
    -0.004108160734176636,
    0.999987006187439,
    -0.00300969067029655
   ]
  ]
 },
 {
  "rotation_euler": [
   -1.56047785282135,
   1.0430190563201904,
   0.8281804919242859
  ],
  "euler_order": "XYZ",
  "rotation_matrix": [
   [
    0.3405527174472809,
    -0.5917738676071167,
    -0.7306349873542786
   ],
   [
    0.3710137605667114,
    -0.629446804523468,
    0.6827484965324402
   ],
   [
    -0.8639286160469055,
    -0.5035874843597412,
    0.005196439102292061
   ]
  ]
 },
 {
  "rotation_euler": [
   1.5738049745559692,
   0.004104337189346552,
   1.7610574960708618
  ],
  "euler_order": "XYZ",
  "rotation_matrix": [
   [
    -0.1891137659549713,
    0.00217816443182528,
    0.9819527864456177
   ],
   [
    0.981946587562561,
    0.004599224776029587,
    0.1891023814678192
   ],
   [
    -0.004104325547814369,
    0.9999870657920837,
    -0.0030086177866905928
   ]
  ]
 },
 {
  "rotation_euler": [
   1.5685938596725464,
   1.0513492822647095,
   0.626022219657898
  ],
  "euler_order": "XYZ",
  "rotation_matrix": [
   [
    0.40226513147354126,
    0.7021802663803101,
    0.5874739289283752
   ],
   [
    0.2908537685871124,
    0.5104222297668457,
    -0.8092423677444458
   ],
   [
    -0.8680937886238098,
    0.4963989853858948,
    0.0010933042503893375
   ]
  ]
 },
 {
  "rotation_euler": [
   -1.5604580640792847,
   1.043159008026123,
   1.3586188554763794
  ],
  "euler_order": "XYZ",
  "rotation_matrix": [
   [
    0.1060301885008812,
    -0.19204525649547577,
    -0.9756414294242859
   ],
   [
    0.49220240116119385,
    -0.842401385307312,
    0.21930956840515137
   ],
   [
    -0.86399906873703,
    -0.5034664869308472,
    0.0052051544189453125
   ]
  ]
 },
 {
  "rotation_euler": [
   -1.560463309288025,
   1.0431337356567383,
   -1.3420170545578003
  ],
  "euler_order": "XYZ",
  "rotation_matrix": [
   [
    0.11419159919023514,
    -0.18586833775043488,
    0.9759166240692139
   ],
   [
    -0.49039560556411743,
    0.8437727689743042,
    0.21808184683322906
   ],
   [
    -0.8639863729476929,
    -0.5034883618354797,
    0.005202739033848047
   ]
  ]
 },
 {
  "rotation_euler": [
   -1.5638020038604736,
   0.5263546109199524,
   -0.621005654335022
  ],
  "euler_order": "XYZ",
  "rotation_matrix": [
   [
    0.7032096982002258,
    -0.40450671315193176,
    0.584696888923645
   ],
   [
    -0.5030961036682129,
    0.2979954779148102,
    0.8112292885780334
   ],
   [
    -0.5023847222328186,
    -0.8646230697631836,
    0.006047551520168781
   ]
  ]
 },
 {
  "rotation_euler": [
   -1.5655752420425415,
   -0.00405676057562232,
   0.8783738613128662
  ],
  "euler_order": "XYZ",
  "rotation_matrix": [
   [
    0.6383983492851257,
    -0.0014288516249507666,
    -0.7697048187255859
   ],
   [
    0.7696954011917114,
    0.006455589085817337,
    0.6383786201477051
   ],
   [
    0.004056749399751425,
    -0.9999781250953674,
    0.005221018102020025
   ]
  ]
 },
 {
  "rotation_euler": [
   -1.5648542642593384,
   -2.0986881256103516,
   0.23449496924877167
  ],
  "euler_order": "XYZ",
  "rotation_matrix": [
   [
    -0.4899275302886963,
    0.8388328552246094,
    -0.23734036087989807
   ],
   [
    -0.11703868210315704,
    0.20649783313274384,
    0.9714219570159912
   ],
   [
    0.8638709187507629,
    0.5037043690681458,
    -0.0029930779710412025
   ]
  ]
 }
]