[
 {
  "rotation_euler": [
   -3.901184442156591e-08,
   2.7179620332162813e-08,
   0.9072357416152954
  ],
  "euler_order": "XYZ",
  "rotation_matrix": [
   [
    0.6159257888793945,
    -0.7878041863441467,
    -1.3993064484907336e-08
   ],
   [
    0.7878041863441467,
    0.6159257888793945,
    4.544061837918889e-08
   ],
   [
    -2.7179620332162813e-08,
    -3.901184442156591e-08,
    1.0
   ]
  ]
 },
 {
  "rotation_euler": [
   -4.4359119044656836e-08,
   3.322954711393322e-08,
   -2.8612730503082275
  ],
  "euler_order": "XYZ",
  "rotation_matrix": [
   [
    -0.9609670639038086,
    0.27666279673576355,
    -1.965998208675046e-08
   ],
   [
    -0.27666279673576355,
    -0.9609670639038086,
    -5.182103279821604e-08
   ],
   [
    -3.322954711393322e-08,
    -4.4359119044656836e-08,
    1.0
   ]
  ]
 },
 {
  "rotation_euler": [
   -2.9306354676350566e-08,
   -9.854786497953683e-08,
   -2.358691692352295
  ],
  "euler_order": "XYZ",
  "rotation_matrix": [
   [
    -0.7088703513145447,
    0.7053387761116028,
    9.052857308233797e-08
   ],
   [
    -0.7053387761116028,
    -0.7088703513145447,
    4.8735223856510856e-08
   ],
   [
    9.854786497953683e-08,
    -2.9306354676350566e-08,
    1.0
   ]
  ]
 },
 {
  "rotation_euler": [
   -3.811710413970104e-08,
   2.5213699572645965e-08,
   3.1408209800720215
  ],
  "euler_order": "XYZ",
  "rotation_matrix": [
   [
    -0.9999997019767761,
    -0.0007716734544374049,
    -2.5243105383765396e-08
   ],
   [
    0.0007716734544374049,
    -0.9999997019767761,
    -3.8097635268741215e-08
   ],
   [
    -2.5213699572645965e-08,
    -3.811710413970104e-08,
    1.0
   ]
  ]
 },
 {
  "rotation_euler": [
   -1.3985530245008704e-07,
   5.477245323959323e-08,
   1.7566865682601929
  ],
  "euler_order": "XYZ",
  "rotation_matrix": [
   [
    -0.18482151627540588,
    -0.9827721118927002,
    -1.4756901123291755e-07
   ],
   [
    0.9827721118927002,
    -0.18482151627540588,
    2.798057074926419e-08
   ],
   [
    -5.477245323959323e-08,
    -1.3985530245008704e-07,
    1.0
   ]
  ]
 },
 {
  "rotation_euler": [
   1.852462361284779e-08,
   -7.031484727804127e-08,
   2.1680002212524414
  ],
  "euler_order": "XYZ",
  "rotation_matrix": [
   [
    -0.5623325705528259,
    -0.826911211013794,
    5.4858546150171605e-08
   ],
   [
    0.826911211013794,
    -0.5623325705528259,
    -4.7727134244723857e-08
   ],
   [
    7.031484727804127e-08,
    1.852462361284779e-08,
    1.0
   ]
  ]
 },
 {
  "rotation_euler": [
   -2.0168917558294197e-07,
   -3.2207194067268574e-07,
   -2.0649795532226562
  ],
  "euler_order": "XYZ",
  "rotation_matrix": [
   [
    -0.47431275248527527,
    0.8803564310073853,
    3.3032119972631335e-07
   ],
   [
    -0.8803564310073853,
    -0.47431275248527527,
    1.8787434896694322e-07
   ],
   [
    3.2207194067268574e-07,
    -2.0168917558294197e-07,
    1.0
   ]
  ]
 },
 {
  "rotation_euler": [
   -4.839058647121419e-07,
   2.621940176084081e-08,
   -1.1519784927368164
  ],
  "euler_order": "XYZ",
  "rotation_matrix": [
   [
    0.40668073296546936,
    0.9135703444480896,
    4.527449846136733e-07
   ],
   [
    -0.9135703444480896,
    0.40668073296546936,
    1.7284193631894595e-07
   ],
   [
    -2.621940176084081e-08,
    -4.839058647121419e-07,
    1.0
   ]
  ]
 },
 {
  "rotation_euler": [
   -6.713482889608713e-07,
   5.33477368946933e-08,
   0.5682458877563477
  ],
  "euler_order": "XYZ",
  "rotation_matrix": [
   [
    0.8428462743759155,
    -0.5381544232368469,
    -3.163251278692769e-07
   ],
   [
    0.5381544232368469,
    0.8428462743759155,
    5.945527163930819e-07
   ],
   [
    -5.33477368946933e-08,
    -6.713482889608713e-07,
    1.0
   ]
  ]
 },
 {
  "rotation_euler": [
   -5.496063337773194e-08,
   5.807190817108676e-08,
   -3.132856845855713
  ],
  "euler_order": "XYZ",
  "rotation_matrix": [
   [
    -0.9999618530273438,
    0.008735696785151958,
    -5.758957399848441e-08
   ],
   [
    -0.008735696785151958,
    -0.9999618530273438,
    -5.5465836368284727e-08
   ],
   [
    -5.807190817108676e-08,
    -5.496063337773194e-08,
    1.0
   ]
  ]
 },
 {
  "rotation_euler": [
   -1.9127055495005152e-08,
   1.1284329026750584e-08,
   2.3064887523651123
  ],
  "euler_order": "XYZ",
  "rotation_matrix": [
   [
    -0.6711006760597229,
    -0.7413662672042847,
    -2.1753074008756812e-08
   ],
   [
    0.7413662672042847,
    -0.6711006760597229,
    -4.470358749841807e-09
   ],
   [
    -1.1284329026750584e-08,
    -1.9127055495005152e-08,
    1.0
   ]
  ]
 },
 {
  "rotation_euler": [
   4.706663858655702e-08,
   4.2176964143436635e-08,
   -0.0935501754283905
  ],
  "euler_order": "XYZ",
  "rotation_matrix": [
   [
    0.9956273436546326,
    0.09341378509998322,
    3.7595867752315826e-08
   ],
   [
    -0.09341378509998322,
    0.9956273436546326,
    -5.080074316765604e-08
   ],
   [
    -4.2176964143436635e-08,
    4.706663858655702e-08,
    1.0
   ]
  ]
 },
 {
  "rotation_euler": [
   -9.099956344016391e-09,
   -8.277531993172715e-10,
   -2.848661184310913
  ],
  "euler_order": "XYZ",
  "rotation_matrix": [
   [
    -0.9574015140533447,
    0.28876006603240967,
    3.4201961263136127e-09
   ],
   [
    -0.28876006603240967,
    -0.9574015140533447,
    -8.473289625499092e-09
   ],
   [
    8.277531993172715e-10,
    -9.099956344016391e-09,
    1.0
   ]
  ]
 },
 {
  "rotation_euler": [
   -1.1239220611969358e-06,
   -8.603334578083377e-08,
   -1.618168830871582
  ],
  "euler_order": "XYZ",
  "rotation_matrix": [
   [
    -0.04735478758811951,
    0.9988781213760376,
    1.1267352419963572e-06
   ],
   [
    -0.9988781213760376,
    -0.04735478758811951,
    3.2713735720335535e-08
   ],
   [
    8.603334578083377e-08,
    -1.1239220611969358e-06,
    1.0
   ]
  ]
 },
 {
  "rotation_euler": [
   4.8478705494403584e-09,
   2.4539225762509886e-08,
   -2.9093825817108154
  ],
  "euler_order": "XYZ",
  "rotation_matrix": [
   [
    -0.9731601476669312,
    0.23012883961200714,
    -2.4996232639296068e-08
   ],
   [
    -0.23012883961200714,
    -0.9731601476669312,
    -9.294289782246778e-10
   ],
   [
    -2.4539225762509886e-08,
    4.8478705494403584e-09,
    1.0
   ]
  ]
 },
 {
  "rotation_euler": [
   8.43787351101355e-09,
   -3.172802243156525e-09,
   2.4695518016815186
  ],
  "euler_order": "XYZ",
  "rotation_matrix": [
   [
    -0.7825527191162109,
    -0.622584342956543,
    7.736172591421564e-09
   ],
   [
    0.622584342956543,
    -0.7825527191162109,
    4.62774352172346e-09
   ],
   [
    3.172802243156525e-09,
    8.43787351101355e-09,
    1.0
   ]
  ]
 }
]