[
 {
  "rotation_euler": [
   -0.014802255667746067,
   2.987422227859497,
   0.6877949237823486
  ],
  "euler_order": "XYZ",
  "rotation_matrix": [
   [
    -0.7634835839271545,
    -0.6365216374397278,
    0.10923846811056137
   ],
   [
    -0.6273053884506226,
    0.7711201310157776,
    0.10891135782003403
   ],
   [
    -0.15356041491031647,
    0.014626155607402325,
    -0.9880310297012329
   ]
  ]
 },
 {
  "rotation_euler": [
   0.0333845391869545,
   -0.0743720680475235,
   -0.387370228767395
  ],
  "euler_order": "XYZ",
  "rotation_matrix": [
   [
    0.9233461618423462,
    0.3752479553222656,
    -0.08136855065822601
   ],
   [
    -0.37671056389808655,
    0.9263266324996948,
    -0.0028523188084363937
   ],
   [
    0.0743035227060318,
    0.033286068588495255,
    0.9966800212860107
   ]
  ]
 },
 {
  "rotation_euler": [
   0.03338460996747017,
   -0.0743720680475235,
   -1.7886849641799927
  ],
  "euler_order": "XYZ",
  "rotation_matrix": [
   [
    -0.2155711054801941,
    0.9763481020927429,
    -0.016536066308617592
   ],
   [
    -0.9736570715904236,
    -0.2136267125606537,
    0.07972163707017899
   ],
   [
    0.0743035227060318,
    0.033286139369010925,
    0.9966800212860107
   ]
  ]
 },
 {
  "rotation_euler": [
   0.03338411822915077,
   -0.07437201589345932,
   2.120889663696289
  ],
  "euler_order": "XYZ",
  "rotation_matrix": [
   [
    -0.521321713924408,
    -0.8507042527198792,
    0.06727561354637146
   ],
   [
    0.8501192331314087,
    -0.5245897173881531,
    -0.0458577461540699
   ],
   [
    0.07430347055196762,
    0.03328565135598183,
    0.9966800212860107
   ]
  ]
 },
 {
  "rotation_euler": [
   0.033384598791599274,
   -0.07437209039926529,
   -0.14291547238826752
  ],
  "euler_order": "XYZ",
  "rotation_matrix": [
   [
    0.9870688319206238,
    0.1398952603340149,
    -0.07825910300016403
   ],
   [
    -0.14203573763370514,
    0.9896066784858704,
    -0.02246098592877388
   ],
   [
    0.07430354505777359,
    0.03328612819314003,
    0.9966800212860107
   ]
  ]
 },
 {
  "rotation_euler": [
   0.033384598791599274,
   -0.07437218725681305,
   -2.8772635459899902
  ],
  "euler_order": "XYZ",
  "rotation_matrix": [
   [
    -0.9625996947288513,
    0.26351016759872437,
    0.06296246498823166
   ],
   [
    -0.26053953170776367,
    -0.9640821814537048,
    0.051620982587337494
   ],
   [
    0.07430364191532135,
    0.03328612819314003,
    0.996679961681366
   ]
  ]
 },
 {
  "rotation_euler": [
   -3.1336474418640137,
   0.004963710438460112,
   -1.45954167842865
  ],
  "euler_order": "XYZ",
  "rotation_matrix": [
   [
    0.111023910343647,
    -0.9937905669212341,
    0.007344930432736874
   ],
   [
    -0.9938053488731384,
    -0.11098258197307587,
    0.005814956966787577
   ],
   [
    -0.00496368994936347,
    -0.007945029996335506,
    -0.9999561309814453
   ]
  ]
 },
 {
  "rotation_euler": [
   0.03338463231921196,
   -0.07437220960855484,
   0.30698537826538086
  ],
  "euler_order": "XYZ",
  "rotation_matrix": [
   [
    0.950613796710968,
    -0.3043821454048157,
    -0.06070391461253166
   ],
   [
    0.30135098099708557,
    0.951968252658844,
    -0.05425899475812912
   ],
   [
    0.07430366426706314,
    0.033286161720752716,
    0.996679961681366
   ]
  ]
 },
 {
  "rotation_euler": [
   3.0732951164245605,
   -0.10086185485124588,
   -1.288792371749878
  ],
  "euler_order": "XYZ",
  "rotation_matrix": [
   [
    0.27686670422554016,
    -0.9601726531982422,
    -0.03759372979402542
   ],
   [
    -0.9556182026863098,
    -0.27103206515312195,
    -0.11547926813364029
   ],
   [
    0.10069093108177185,
    0.06789761781692505,
    -0.9925982356071472
   ]
  ]
 },
 {
  "rotation_euler": [
   0.03338460624217987,
   -0.07437215000391006,
   -2.7722504138946533
  ],
  "euler_order": "XYZ",
  "rotation_matrix": [
   [
    -0.9299870729446411,
    0.3631138503551483,
    0.05720466002821922
   ],
   [
    -0.360004186630249,
    -0.9311500191688538,
    0.05793634429574013
   ],
   [
    0.07430360466241837,
    0.03328613564372063,
    0.9966800212860107
   ]
  ]
 },
 {
  "rotation_euler": [
   0.033384621143341064,
   -0.07437216490507126,
   -1.4870171546936035
  ],
  "euler_order": "XYZ",
  "rotation_matrix": [
   [
    0.08344987779855728,
    0.9957298040390015,
    -0.0394756980240345
   ],
   [
    -0.9937379360198975,
    0.08610600978136063,
    0.07120860368013382
   ],
   [
    0.07430361956357956,
    0.03328615054488182,
    0.996679961681366
   ]
  ]
 },
 {
  "rotation_euler": [
   0.03338458389043808,
   -0.07437217980623245,
   1.7138577699661255
  ],
  "euler_order": "XYZ",
  "rotation_matrix": [
   [
    -0.14217981696128845,
    -0.9888790249824524,
    0.043625254184007645
   ],
   [
    0.9870480298995972,
    -0.1449493020772934,
    -0.06874469667673111
   ],
   [
    0.07430363446474075,
    0.033286113291978836,
    0.996679961681366
   ]
  ]
 },
 {
  "rotation_euler": [
   0.0333847850561142,
   -0.07437262684106827,
   -0.5359982252120972
  ],
  "euler_order": "XYZ",
  "rotation_matrix": [
   [
    0.857382595539093,
    0.5082826018333435,
    -0.08089445531368256
   ],
   [
    -0.5092877745628357,
    0.8605468273162842,
    0.009228368289768696
   ],
   [
    0.07430408149957657,
    0.03328631445765495,
    0.996679961681366
   ]
  ]
 },
 {
  "rotation_euler": [
   0.03338456526398659,
   -0.0743725448846817,
   1.9896039962768555
  ],
  "euler_order": "XYZ",
  "rotation_matrix": [
   [
    -0.40554726123809814,
    -0.9120568037033081,
    0.06069410219788551
   ],
   [
    0.9110490083694458,
    -0.40871065855026245,
    -0.054270386695861816
   ],
   [
    0.07430399954319,
    0.033286094665527344,
    0.996679961681366
   ]
  ]
 },
 {
  "rotation_euler": [
   0.033384568989276886,
   -0.0743725597858429,
   2.056647300720215
  ],
  "euler_order": "XYZ",
  "rotation_matrix": [
   [
    -0.4656701683998108,
    -0.882627010345459,
    0.06419350206851959
   ],
   [
    0.8818334341049194,
    -0.46889397501945496,
    -0.05008238926529884
   ],
   [
    0.0743040144443512,
    0.03328609839081764,
    0.996679961681366
   ]
  ]
 },
 {
  "rotation_euler": [
   0.03338458016514778,
   -0.07437215000391006,
   -0.2986694574356079
  ],
  "euler_order": "XYZ",
  "rotation_matrix": [
   [
    0.9530869126319885,
    0.29171454906463623,
    -0.08079607784748077
   ],
   [
    -0.2934354245662689,
    0.9559260606765747,
    -0.01004911307245493
   ],
   [
    0.07430360466241837,
    0.03328610956668854,
    0.9966800212860107
   ]
  ]
 }
]