[
 {
  "rotation_euler": [
   0.6404920816421509,
   -1.7473937273025513,
   -0.42062482237815857
  ],
  "euler_order": "XYZ",
  "rotation_matrix": [
   [
    -0.16036751866340637,
    -0.20961600542068481,
    -0.9645431041717529
   ],
   [
    0.07173594832420349,
    0.9721313118934631,
    -0.22319208085536957
   ],
   [
    0.984447181224823,
    -0.10498517006635666,
    -0.14086127281188965
   ]
  ]
 },
 {
  "rotation_euler": [
   -2.1005873680114746,
   1.3618043661117554,
   0.9779003262519836
  ],
  "euler_order": "XYZ",
  "rotation_matrix": [
   [
    0.11592917144298553,
    -0.052571430802345276,
    -0.9918652772903442
   ],
   [
    0.17206349968910217,
    -0.9824377298355103,
    0.07218252122402191
   ],
   [
    -0.9782405495643616,
    -0.1790318638086319,
    -0.10484756529331207
   ]
  ]
 },
 {
  "rotation_euler": [
   0.9900712966918945,
   -1.7738540172576904,
   0.8541679978370667
  ],
  "euler_order": "XYZ",
  "rotation_matrix": [
   [
    -0.13246296346187592,
    -0.9515639543533325,
    0.2774519622325897
   ],
   [
    -0.15206049382686615,
    -0.25709593296051025,
    -0.954347550868988
   ],
   [
    0.979454517364502,
    -0.16860517859458923,
    -0.11063959449529648
   ]
  ]
 },
 {
  "rotation_euler": [
   -0.4429780840873718,
   0.035056501626968384,
   -2.9794344902038574
  ],
  "euler_order": "XYZ",
  "rotation_matrix": [
   [
    -0.986274778842926,
    0.16069146990776062,
    0.03795105963945389
   ],
   [
    -0.16134923696517944,
    -0.8892011046409607,
    -0.42812132835388184
   ],
   [
    -0.03504932299256325,
    -0.42836862802505493,
    0.9029240608215332
   ]
  ]
 },
 {
  "rotation_euler": [
   -0.43654969334602356,
   1.5419049304910004e-05,
   2.4286041259765625
  ],
  "euler_order": "XYZ",
  "rotation_matrix": [
   [
    -0.7564104795455933,
    -0.5927484035491943,
    -0.2765728831291199
   ],
   [
    0.6540972590446472,
    -0.6854754686355591,
    -0.31981274485588074
   ],
   [
    -1.5419049304910004e-05,
    -0.4228152632713318,
    0.9062159061431885
   ]
  ]
 },
 {
  "rotation_euler": [
   -2.0213003158569336,
   -1.3507081270217896,
   0.14726927876472473
  ],
  "euler_order": "XYZ",
  "rotation_matrix": [
   [
    0.215952530503273,
    0.9328954815864563,
    0.28821948170661926
   ],
   [
    0.03203510493040085,
    -0.3017953038215637,
    0.9528343677520752
   ],
   [
    0.9758781790733337,
    -0.19653385877609253,
    -0.0950588658452034
   ]
  ]
 },
 {
  "rotation_euler": [
   -2.176586389541626,
   1.3703562021255493,
   -0.032743748277425766
  ],
  "euler_order": "XYZ",
  "rotation_matrix": [
   [
    0.19899393618106842,
    -0.823803722858429,
    -0.5308001637458801
   ],
   [
    -0.0065181371755898,
    -0.5427330732345581,
    0.8398799896240234
   ],
   [
    -0.9799790382385254,
    -0.16367119550704956,
    -0.11337025463581085
   ]
  ]
 },
 {
  "rotation_euler": [
   -2.0733213424682617,
   1.3582605123519897,
   -0.24699385464191437
  ],
  "euler_order": "XYZ",
  "rotation_matrix": [
   [
    0.20453770458698273,
    -0.9484085440635681,
    -0.2422509491443634
   ],
   [
    -0.051572591066360474,
    -0.2575804591178894,
    0.96487957239151
   ],
   [
    -0.9774991273880005,
    -0.1848607361316681,
    -0.10159680247306824
   ]
  ]
 },
 {
  "rotation_euler": [
   0.8889561891555786,
   1.7643907070159912,
   0.6735361814498901
  ],
  "euler_order": "XYZ",
  "rotation_matrix": [
   [
    -0.15037398040294647,
    0.20242100954055786,
    0.9676845669746399
   ],
   [
    -0.12000235915184021,
    0.9678396582603455,
    -0.2211012989282608
   ],
   [
    -0.9813190698623657,
    -0.14937230944633484,
    -0.12124690413475037
   ]
  ]
 },
 {
  "rotation_euler": [
   -0.4365507662296295,
   -9.600581506674644e-06,
   -0.12301282584667206
  ],
  "euler_order": "XYZ",
  "rotation_matrix": [
   [
    0.9924434423446655,
    0.11119921505451202,
    0.05187210813164711
   ],
   [
    -0.12270282208919525,
    0.899367094039917,
    0.4196222722530365
   ],
   [
    9.600581506674644e-06,
    -0.4228162467479706,
    0.9062154293060303
   ]
  ]
 },
 {
  "rotation_euler": [
   1.245466947555542,
   1.814210057258606,
   1.594773292541504
  ],
  "euler_order": "XYZ",
  "rotation_matrix": [
   [
    0.005778305698186159,
    -0.3415764570236206,
    0.9398362040519714
   ],
   [
    -0.24094784259796143,
    0.9116855263710022,
    0.3328266739845276
   ],
   [
    -0.9705208539962769,
    -0.2283746898174286,
    -0.0770341083407402
   ]
  ]
 },
 {
  "rotation_euler": [
   0.7618183493614197,
   1.7561477422714233,
   -1.7111401557922363
  ],
  "euler_order": "XYZ",
  "rotation_matrix": [
   [
    0.025779414921998978,
    0.6215686202049255,
    -0.7829354405403137
   ],
   [
    0.18247997760772705,
    -0.7729626297950745,
    -0.6076428294181824
   ],
   [
    -0.9828715324401855,
    -0.12720535695552826,
    -0.13335035741329193
   ]
  ]
 },
 {
  "rotation_euler": [
   1.335482120513916,
   1.8368089199066162,
   1.351561427116394
  ],
  "euler_order": "XYZ",
  "rotation_matrix": [
   [
    -0.057173293083906174,
    -0.023517370223999023,
    0.9980872273445129
   ],
   [
    -0.2565939724445343,
    0.9664855599403381,
    0.0080743208527565
   ],
   [
    -0.9648268222808838,
    -0.25564152002334595,
    -0.06129157543182373
   ]
  ]
 },
 {
  "rotation_euler": [
   -2.496273994445801,
   -1.3940813541412354,
   0.20778606832027435
  ],
  "euler_order": "XYZ",
  "rotation_matrix": [
   [
    0.17201527953147888,
    0.7441605925559998,
    0.645473301410675
   ],
   [
    0.03626581281423569,
    -0.6595797538757324,
    0.7507591843605042
   ],
   [
    0.9844264984130859,
    -0.10573343932628632,
    -0.14044538140296936
   ]
  ]
 },
 {
  "rotation_euler": [
   1.078757643699646,
   -1.7847684621810913,
   1.2672910690307617
  ],
  "euler_order": "XYZ",
  "rotation_matrix": [
   [
    -0.06346236914396286,
    -0.70823734998703,
    0.703116238117218
   ],
   [
    -0.2026379257440567,
    -0.6807155013084412,
    -0.7039632797241211
   ],
   [
    0.977195143699646,
    -0.1871531903743744,
    -0.10031592100858688
   ]
  ]
 },
 {
  "rotation_euler": [
   -0.4365510642528534,
   9.44684688874986e-06,
   0.4092881977558136
  ],
  "euler_order": "XYZ",
  "rotation_matrix": [
   [
    0.917404294013977,
    -0.3606378734111786,
    -0.16825468838214874
   ],
   [
    0.3979564309120178,
    0.8313642740249634,
    0.3878971040248871
   ],
   [
    -9.44684688874986e-06,
    -0.42281651496887207,
    0.9062153100967407
   ]
  ]
 }
]