[
 {
  "rotation_euler": [
   -0.01074004452675581,
   -2.634133488754742e-05,
   0.021250339224934578
  ],
  "euler_order": "XYZ",
  "rotation_matrix": [
   [
    0.9997742176055908,
    -0.02124723233282566,
    -0.0002545418974477798
   ],
   [
    0.02124873921275139,
    0.999716579914093,
    0.010736853815615177
   ],
   [
    2.634133488754742e-05,
    -0.010739837773144245,
    0.9999423027038574
   ]
  ]
 },
 {
  "rotation_euler": [
   -0.010739675723016262,
   2.4937136913649738e-05,
   -2.2854385375976562
  ],
  "euler_order": "XYZ",
  "rotation_matrix": [
   [
    -0.6553472280502319,
    0.7552843689918518,
    0.00809547770768404
   ],
   [
    -0.7553277611732483,
    -0.6553092002868652,
    -0.007056915666908026
   ],
   [
    -2.4937136913649738e-05,
    -0.010739468969404697,
    0.9999423027038574
   ]
  ]
 },
 {
  "rotation_euler": [
   -0.01073392853140831,
   -1.410381719324505e-05,
   3.1370456218719482
  ],
  "euler_order": "XYZ",
  "rotation_matrix": [
   [
    -0.9999896883964539,
    -0.004546905402094126,
    -3.4703549317782745e-05
   ],
   [
    0.004547016229480505,
    -0.999932050704956,
    -0.010733675211668015
   ],
   [
    1.410381719324505e-05,
    -0.01073372270911932,
    0.9999423623085022
   ]
  ]
 },
 {
  "rotation_euler": [
   -0.010734454728662968,
   1.7798687622416764e-05,
   -2.1149580478668213
  ],
  "euler_order": "XYZ",
  "rotation_matrix": [
   [
    -0.5177010893821716,
    0.8555123805999756,
    0.009174596518278122
   ],
   [
    -0.8555615544319153,
    -0.5176711082458496,
    -0.005572359077632427
   ],
   [
    -1.7798687622416764e-05,
    -0.010734248906373978,
    0.9999423623085022
   ]
  ]
 },
 {
  "rotation_euler": [
   -0.010734173469245434,
   -1.3334079085325357e-05,
   0.4497638940811157
  ],
  "euler_order": "XYZ",
  "rotation_matrix": [
   [
    0.9005497694015503,
    -0.4347277581691742,
    -0.004678630735725164
   ],
   [
    0.4347529113292694,
    0.9004979729652405,
    0.009660675190389156
   ],
   [
    1.3334079085325357e-05,
    -0.010733967646956444,
    0.9999423623085022
   ]
  ]
 },
 {
  "rotation_euler": [
   -0.010734408162534237,
   -1.906597026390955e-05,
   -1.389383316040039
  ],
  "euler_order": "XYZ",
  "rotation_matrix": [
   [
    0.18041957914829254,
    0.9835330843925476,
    0.010554611682891846
   ],
   [
    -0.983589768409729,
    0.18040898442268372,
    0.001955412095412612
   ],
   [
    1.906597026390955e-05,
    -0.010734202340245247,
    0.9999423623085022
   ]
  ]
 },
 {
  "rotation_euler": [
   -0.010736626572906971,
   -1.4867273421259597e-05,
   1.1493818759918213
  ],
  "euler_order": "XYZ",
  "rotation_matrix": [
   [
    0.4090515673160553,
    -0.912458598613739,
    -0.009803185239434242
   ],
   [
    0.9125112891197205,
    0.40902814269065857,
    0.0043781837448477745
   ],
   [
    1.4867273421259597e-05,
    -0.010736420750617981,
    0.9999423623085022
   ]
  ]
 },
 {
  "rotation_euler": [
   -0.010735745541751385,
   1.3592372852144763e-05,
   -1.0628042221069336
  ],
  "euler_order": "XYZ",
  "rotation_matrix": [
   [
    0.48642387986183167,
    0.8736725449562073,
    0.009386498481035233
   ],
   [
    -0.8737229704856873,
    0.4863959848880768,
    0.005210147239267826
   ],
   [
    -1.3592372852144763e-05,
    -0.010735539719462395,
    0.9999423623085022
   ]
  ]
 },
 {
  "rotation_euler": [
   -0.010734624229371548,
   1.782828985597007e-05,
   -1.574928879737854
  ],
  "euler_order": "XYZ",
  "rotation_matrix": [
   [
    -0.004132541362196207,
    0.9999338388442993,
    0.010734252631664276
   ],
   [
    -0.9999914765357971,
    -0.004132111556828022,
    -6.21875369688496e-05
   ],
   [
    -1.782828985597007e-05,
    -0.010734418407082558,
    0.9999423623085022
   ]
  ]
 },
 {
  "rotation_euler": [
   -0.010735763236880302,
   -1.2954362318851054e-05,
   -1.8575257062911987
  ],
  "euler_order": "XYZ",
  "rotation_matrix": [
   [
    -0.28281664848327637,
    0.959118664264679,
    0.010300930589437485
   ],
   [
    -0.9591739773750305,
    -0.28280049562454224,
    -0.003023769473657012
   ],
   [
    1.2954362318851054e-05,
    -0.010735557414591312,
    0.9999423623085022
   ]
  ]
 },
 {
  "rotation_euler": [
   -0.0107357082888484,
   -1.3289087291923352e-05,
   -2.059828758239746
  ],
  "euler_order": "XYZ",
  "rotation_matrix": [
   [
    -0.46977195143699646,
    0.88273686170578,
    0.009483412839472294
   ],
   [
    -0.882787823677063,
    -0.469745010137558,
    -0.00503150699660182
   ],
   [
    1.3289087291923352e-05,
    -0.01073550246655941,
    0.9999423623085022
   ]
  ]
 },
 {
  "rotation_euler": [
   -0.010736022144556046,
   -1.313454322371399e-05,
   -1.8086854219436646
  ],
  "euler_order": "XYZ",
  "rotation_matrix": [
   [
    -0.23565170168876648,
    0.9717815518379211,
    0.010436564683914185
   ],
   [
    -0.97183758020401,
    -0.23563824594020844,
    -0.002517149318009615
   ],
   [
    1.313454322371399e-05,
    -0.010735816322267056,
    0.9999423623085022
   ]
  ]
 },
 {
  "rotation_euler": [
   -0.010740280151367188,
   -2.5735240342328325e-05,
   1.623293161392212
  ],
  "euler_order": "XYZ",
  "rotation_matrix": [
   [
    -0.05247272551059723,
    -0.9985647797584534,
    -0.010723927058279514
   ],
   [
    0.9986223578453064,
    -0.05246942117810249,
    -0.0005892592598684132
   ],
   [
    2.5735240342328325e-05,
    -0.010740073397755623,
    0.9999423027038574
   ]
  ]
 },
 {
  "rotation_euler": [
   -0.010734508745372295,
   -1.084679206542205e-05,
   -0.01249704696238041
  ],
  "euler_order": "XYZ",
  "rotation_matrix": [
   [
    0.9999219179153442,
    0.012496118433773518,
    0.00012329827586654574
   ],
   [
    -0.012496721930801868,
    0.9998642802238464,
    0.01073359977453947
   ],
   [
    1.084679206542205e-05,
    -0.010734302923083305,
    0.9999423623085022
   ]
  ]
 },
 {
  "rotation_euler": [
   -0.010734574869275093,
   1.6847121514729224e-05,
   1.0265249013900757
  ],
  "euler_order": "XYZ",
  "rotation_matrix": [
   [
    0.5177949070930481,
    -0.8554555773735046,
    -0.009174580685794353
   ],
   [
    0.8555047512054443,
    0.5177649259567261,
    0.0055726137943565845
   ],
   [
    -1.6847121514729224e-05,
    -0.010734369046986103,
    0.9999423623085022
   ]
  ]
 },
 {
  "rotation_euler": [
   -0.010734586045145988,
   1.5247296687448397e-05,
   -2.494295358657837
  ],
  "euler_order": "XYZ",
  "rotation_matrix": [
   [
    -0.7977165579795837,
    0.6029980182647705,
    0.006461018696427345
   ],
   [
    -0.6030325889587402,
    -0.7976704835891724,
    -0.008572186343371868
   ],
   [
    -1.5247296687448397e-05,
    -0.010734380222856998,
    0.9999423623085022
   ]
  ]
 }
]