[
 {
  "rotation_euler": [
   -4.09131689593778e-06,
   -2.943540494015906e-06,
   -1.3712095022201538
  ],
  "euler_order": "XYZ",
  "rotation_matrix": [
   [
    0.19826437532901764,
    0.9801485538482666,
    3.426499233682989e-06
   ],
   [
    -0.9801485538482666,
    0.19826437532901764,
    3.696269459396717e-06
   ],
   [
    2.943540494015906e-06,
    -4.09131689593778e-06,
    1.0
   ]
  ]
 },
 {
  "rotation_euler": [
   1.4701917171478271,
   -0.0019101332873106003,
   -2.1671690940856934
  ],
  "euler_order": "XYZ",
  "rotation_matrix": [
   [
    -0.5616440773010254,
    0.08416511863470078,
    -0.8230869770050049
   ],
   [
    -0.8273767828941345,
    -0.05483640730381012,
    0.5589638948440552
   ],
   [
    0.001910132123157382,
    0.9949418306350708,
    0.1004348024725914
   ]
  ]
 },
 {
  "rotation_euler": [
   -5.499827693711268e-06,
   3.5076525364274858e-06,
   -0.8876346349716187
  ],
  "euler_order": "XYZ",
  "rotation_matrix": [
   [
    0.6312482953071594,
    0.7755807638168335,
    6.479760486399755e-06
   ],
   [
    -0.7755807638168335,
    0.6312482953071594,
    7.512891215810669e-07
   ],
   [
    -3.5076525364274858e-06,
    -5.499827693711268e-06,
    1.0
   ]
  ]
 },
 {
  "rotation_euler": [
   4.367895144241629e-06,
   -4.84682823298499e-06,
   1.4853261709213257
  ],
  "euler_order": "XYZ",
  "rotation_matrix": [
   [
    0.0853661298751831,
    -0.9963496327400208,
    3.938195732189342e-06
   ],
   [
    0.9963496327400208,
    0.0853661298751831,
    -5.202005922910757e-06
   ],
   [
    4.84682823298499e-06,
    4.367895144241629e-06,
    1.0
   ]
  ]
 },
 {
  "rotation_euler": [
   -0.02277144230902195,
   -1.4898356199264526,
   -0.964483380317688
  ],
  "euler_order": "XYZ",
  "rotation_matrix": [
   [
    0.046084385365247726,
    0.8344740867614746,
    -0.5491167902946472
   ],
   [
    -0.06645718216896057,
    0.5510441064834595,
    0.8318256139755249
   ],
   [
    0.9967244863510132,
    -0.0018414196092635393,
    0.08085132390260696
   ]
  ]
 },
 {
  "rotation_euler": [
   -4.036281097796746e-06,
   -5.052587312093237e-06,
   0.962746262550354
  ],
  "euler_order": "XYZ",
  "rotation_matrix": [
   [
    0.5712680816650391,
    -0.8207635283470154,
    -6.19921411271207e-06
   ],
   [
    0.8207635283470154,
    0.5712680816650391,
    -1.841180619521765e-06
   ],
   [
    5.052587312093237e-06,
    -4.036281097796746e-06,
    1.0
   ]
  ]
 },
 {
  "rotation_euler": [
   5.0053881750500295e-06,
   -1.0114046062881243e-06,
   -3.0740315914154053
  ],
  "euler_order": "XYZ",
  "rotation_matrix": [
   [
    -0.9977186322212219,
    0.06750967353582382,
    6.711850915053219e-07
   ],
   [
    -0.06750967353582382,
    -0.9977186322212219,
    5.06224841956282e-06
   ],
   [
    1.0114046062881243e-06,
    5.0053881750500295e-06,
    1.0
   ]
  ]
 },
 {
  "rotation_euler": [
   0.02497943490743637,
   1.4945124387741089,
   -2.9383201599121094
  ],
  "euler_order": "XYZ",
  "rotation_matrix": [
   [
    -0.07464085519313812,
    0.17742109298706055,
    -0.981300413608551
   ],
   [
    -0.015384918078780174,
    -0.9841331839561462,
    -0.17676304280757904
   ],
   [
    -0.9970917701721191,
    0.001903482829220593,
    0.0761861503124237
   ]
  ]
 },
 {
  "rotation_euler": [
   -1.492726445198059,
   0.001800523023121059,
   0.42021897435188293
  ],
  "euler_order": "XYZ",
  "rotation_matrix": [
   [
    0.9129981398582458,
    -0.033455945551395416,
    -0.4065895676612854
   ],
   [
    0.4079597294330597,
    0.0704730823636055,
    0.9102759957313538
   ],
   [
    -0.0018005220917984843,
    -0.996952474117279,
    0.07799047231674194
   ]
  ]
 },
 {
  "rotation_euler": [
   1.470191240310669,
   -0.001911101397126913,
   -0.40787169337272644
  ],
  "euler_order": "XYZ",
  "rotation_matrix": [
   [
    0.9179654121398926,
    0.038092922419309616,
    -0.3948270380496979
   ],
   [
    -0.396655797958374,
    0.09295066446065903,
    -0.9132493138313293
   ],
   [
    0.0019111002329736948,
    0.994941771030426,
    0.1004352793097496
   ]
  ]
 },
 {
  "rotation_euler": [
   -1.2079319953918457,
   0.0016757677076384425,
   -2.9747607707977295
  ],
  "euler_order": "XYZ",
  "rotation_matrix": [
   [
    -0.9861144423484802,
    0.06048813834786415,
    0.15465939044952393
   ],
   [
    -0.16605882346630096,
    -0.3497650921344757,
    -0.9220026135444641
   ],
   [
    -0.0016757668927311897,
    -0.934882640838623,
    0.35495299100875854
   ]
  ]
 },
 {
  "rotation_euler": [
   2.289801841470762e-06,
   -4.7689663915662095e-06,
   2.3462510108947754
  ],
  "euler_order": "XYZ",
  "rotation_matrix": [
   [
    -0.7000408172607422,
    -0.7141028046607971,
    4.973624982085312e-06
   ],
   [
    0.7141028046607971,
    -0.7000408172607422,
    -1.8025774579655263e-06
   ],
   [
    4.7689663915662095e-06,
    2.289801841470762e-06,
    1.0
   ]
  ]
 },
 {
  "rotation_euler": [
   0.015564308501780033,
   -5.113021870783996e-06,
   -2.6245834827423096
  ],
  "euler_order": "XYZ",
  "rotation_matrix": [
   [
    -0.8693013787269592,
    0.49422261118888855,
    -0.007688409183174372
   ],
   [
    -0.49428242444992065,
    -0.8691960573196411,
    0.013532055541872978
   ],
   [
    5.113021870783996e-06,
    0.015563679859042168,
    0.9998788833618164
   ]
  ]
 },
 {
  "rotation_euler": [
   -1.4927338361740112,
   0.0018017538823187351,
   0.26949843764305115
  ],
  "euler_order": "XYZ",
  "rotation_matrix": [
   [
    0.96390300989151,
    -0.02249431051313877,
    -0.26530176401138306
   ],
   [
    0.26624757051467896,
    0.07469014078378677,
    0.9610065817832947
   ],
   [
    -0.0018017529509961605,
    -0.9969530701637268,
    0.07798310369253159
   ]
  ]
 },
 {
  "rotation_euler": [
   1.4701907634735107,
   -0.0018615326844155788,
   -0.8525753617286682
  ],
  "euler_order": "XYZ",
  "rotation_matrix": [
   [
    0.6580449938774109,
    0.07440723478794098,
    -0.7492932081222534
   ],
   [
    -0.7529762983322144,
    0.06748608499765396,
    -0.6545779705047607
   ],
   [
    0.0018615316366776824,
    0.9949418306350708,
    0.1004357635974884
   ]
  ]
 },
 {
  "rotation_euler": [
   4.2876395127677824e-06,
   -8.927676162784337e-07,
   -1.4470354318618774
  ],
  "euler_order": "XYZ",
  "rotation_matrix": [
   [
    0.12344519793987274,
    0.9923514127731323,
    -4.365052973298589e-06
   ],
   [
    -0.9923514127731323,
    0.12344519793987274,
    3.566506734387076e-07
   ],
   [
    8.927676162784337e-07,
    4.2876395127677824e-06,
    1.0
   ]
  ]
 }
]