[
 {
  "rotation_euler": [
   -0.00011959401308558881,
   1.3020506230532192e-05,
   -0.36337515711784363
  ],
  "euler_order": "XYZ",
  "rotation_matrix": [
   [
    0.9347025156021118,
    0.3554310202598572,
    5.4677722800988704e-05
   ],
   [
    -0.3554310202598572,
    0.9347025156021118,
    0.00010715693497331813
   ],
   [
    -1.3020506230532192e-05,
    -0.00011959401308558881,
    1.0
   ]
  ]
 },
 {
  "rotation_euler": [
   -0.0001082965754903853,
   4.180614268989302e-05,
   0.05528318136930466
  ],
  "euler_order": "XYZ",
  "rotation_matrix": [
   [
    0.998472273349762,
    -0.05525502935051918,
    3.5758344893110916e-05
   ],
   [
    0.05525502562522888,
    0.998472273349762,
    0.00011044112761737779
   ],
   [
    -4.180614268989302e-05,
    -0.0001082965754903853,
    1.0
   ]
  ]
 },
 {
  "rotation_euler": [
   -0.0001168577655334957,
   -1.9328167581988964e-06,
   -2.860499143600464
  ],
  "euler_order": "XYZ",
  "rotation_matrix": [
   [
    -0.9607526659965515,
    0.27740639448165894,
    3.4274053177796304e-05
   ],
   [
    -0.27740639448165894,
    -0.9607526659965515,
    -0.00011173523671459407
   ],
   [
    1.9328167581988964e-06,
    -0.0001168577655334957,
    1.0
   ]
  ]
 },
 {
  "rotation_euler": [
   -0.00010580374510027468,
   2.96404159598751e-05,
   -1.8161765336990356
  ],
  "euler_order": "XYZ",
  "rotation_matrix": [
   [
    -0.24292516708374023,
    0.9700450301170349,
    9.543399210087955e-05
   ],
   [
    -0.9700450301170349,
    -0.24292515218257904,
    -5.44549293408636e-05
   ],
   [
    -2.96404159598751e-05,
    -0.00010580374510027468,
    1.0
   ]
  ]
 },
 {
  "rotation_euler": [
   -0.00010862019553314894,
   3.08842136291787e-05,
   1.9621237516403198
  ],
  "euler_order": "XYZ",
  "rotation_matrix": [
   [
    -0.38141581416130066,
    -0.9244035482406616,
    -0.00011218862346140668
   ],
   [
    0.9244035482406616,
    -0.38141581416130066,
    -1.2879984751634765e-05
   ],
   [
    -3.08842136291787e-05,
    -0.00010862019553314894,
    1.0
   ]
  ]
 },
 {
  "rotation_euler": [
   -0.00011633761459961534,
   1.38257000799058e-05,
   2.815779685974121
  ],
  "euler_order": "XYZ",
  "rotation_matrix": [
   [
    -0.9473908543586731,
    -0.32007908821105957,
    -5.0335580453975126e-05
   ],
   [
    0.32007908821105957,
    -0.9473907947540283,
    -0.00010579187073744833
   ],
   [
    -1.38257000799058e-05,
    -0.00011633761459961534,
    1.0
   ]
  ]
 },
 {
  "rotation_euler": [
   -0.00010787049541249871,
   4.343381806393154e-05,
   -0.7617865204811096
  ],
  "euler_order": "XYZ",
  "rotation_matrix": [
   [
    0.7236040830612183,
    0.6902152895927429,
    0.0001058827547240071
   ],
   [
    -0.6902152895927429,
    0.7236040830612183,
    4.807684672414325e-05
   ],
   [
    -4.343381806393154e-05,
    -0.00010787049541249871,
    1.0
   ]
  ]
 },
 {
  "rotation_euler": [
   -0.00011863267718581483,
   1.1526481102919206e-05,
   0.99425208568573
  ],
  "euler_order": "XYZ",
  "rotation_matrix": [
   [
    0.5451300740242004,
    -0.8383514881134033,
    -9.31724498514086e-05
   ],
   [
    0.8383514881134033,
    0.5451300740242004,
    7.433348218910396e-05
   ],
   [
    -1.1526481102919206e-05,
    -0.00011863267718581483,
    1.0
   ]
  ]
 },
 {
  "rotation_euler": [
   -0.00011494875798234716,
   2.596585181890987e-05,
   2.649275541305542
  ],
  "euler_order": "XYZ",
  "rotation_matrix": [
   [
    -0.8812400102615356,
    -0.4726690948009491,
    -7.721487054368481e-05
   ],
   [
    0.4726690948009491,
    -0.8812400102615356,
    -8.902418630896136e-05
   ],
   [
    -2.596585181890987e-05,
    -0.00011494875798234716,
    1.0
   ]
  ]
 },
 {
  "rotation_euler": [
   -0.00011679129966069013,
   -1.6566141312068794e-06,
   0.8038422465324402
  ],
  "euler_order": "XYZ",
  "rotation_matrix": [
   [
    0.6939452886581421,
    -0.7200276851654053,
    -8.524257282260805e-05
   ],
   [
    0.7200276851654053,
    0.6939452886581421,
    7.985396950971335e-05
   ],
   [
    1.6566141312068794e-06,
    -0.00011679129966069013,
    1.0
   ]
  ]
 },
 {
  "rotation_euler": [
   -0.0001091711746994406,
   2.4446371753583662e-05,
   -1.7233129739761353
  ],
  "euler_order": "XYZ",
  "rotation_matrix": [
   [
    -0.15192604064941406,
    0.9883918762207031,
    0.00010418985766591504
   ],
   [
    -0.9883918762207031,
    -0.15192604064941406,
    -4.0748538594925776e-05
   ],
   [
    -2.4446371753583662e-05,
    -0.0001091711746994406,
    1.0
   ]
  ]
 },
 {
  "rotation_euler": [
   -0.00010885649680858478,
   2.881979162339121e-05,
   -1.4699381589889526
  ],
  "euler_order": "XYZ",
  "rotation_matrix": [
   [
    0.10068725794553757,
    0.9949181079864502,
    0.00011120508861495182
   ],
   [
    -0.9949181079864502,
    0.10068726539611816,
    -1.7712871340336278e-05
   ],
   [
    -2.881979162339121e-05,
    -0.00010885649680858478,
    1.0
   ]
  ]
 },
 {
  "rotation_euler": [
   -0.00010197250958299264,
   5.5007971241138875e-05,
   -1.8986256122589111
  ],
  "euler_order": "XYZ",
  "rotation_matrix": [
   [
    -0.32198867201805115,
    0.9467434883117676,
    7.882987119955942e-05
   ],
   [
    -0.9467434883117676,
    -0.32198867201805115,
    -8.49124335218221e-05
   ],
   [
    -5.5007971241138875e-05,
    -0.00010197250958299264,
    1.0
   ]
  ]
 },
 {
  "rotation_euler": [
   -0.00011166740296175703,
   4.321651067584753e-05,
   -2.200446128845215
  ],
  "euler_order": "XYZ",
  "rotation_matrix": [
   [
    -0.5888617634773254,
    0.8082337975502014,
    6.48048153379932e-05
   ],
   [
    -0.8082337975502014,
    -0.5888617634773254,
    -0.000100685705547221
   ],
   [
    -4.321651067584753e-05,
    -0.00011166740296175703,
    1.0
   ]
  ]
 },
 {
  "rotation_euler": [
   -0.00011035300849471241,
   4.494664608500898e-05,
   -0.347483366727829
  ],
  "euler_order": "XYZ",
  "rotation_matrix": [
   [
    0.9402326941490173,
    0.34053266048431396,
    7.983911200426519e-05
   ],
   [
    -0.34053266048431396,
    0.9402326941490173,
    8.84517066879198e-05
   ],
   [
    -4.494664608500898e-05,
    -0.00011035300849471241,
    1.0
   ]
  ]
 },
 {
  "rotation_euler": [
   -0.00010475919407326728,
   -7.481553438992705e-07,
   1.9587279558181763
  ],
  "euler_order": "XYZ",
  "rotation_matrix": [
   [
    -0.3782745599746704,
    -0.9256934523582458,
    -9.669188875705004e-05
   ],
   [
    0.9256934523582458,
    -0.3782745599746704,
    -4.032029755762778e-05
   ],
   [
    7.481553438992705e-07,
    -0.00010475919407326728,
    1.0
   ]
  ]
 }
]