[
 {
  "rotation_euler": [
   -1.5857053995132446,
   -0.0024354392662644386,
   1.513120174407959
  ],
  "euler_order": "XYZ",
  "rotation_matrix": [
   [
    0.057644009590148926,
    0.015024103224277496,
    -0.998224139213562
   ],
   [
    0.9983342289924622,
    0.0015717275673523545,
    0.05767402425408363
   ],
   [
    0.002435436937958002,
    -0.9998859167098999,
    -0.014908475801348686
   ]
  ]
 },
 {
  "rotation_euler": [
   -1.5851460695266724,
   -0.0013854849385097623,
   -0.2477017045021057
  ],
  "euler_order": "XYZ",
  "rotation_matrix": [
   [
    0.9694775342941284,
    -0.002175039378926158,
    0.2451704889535904
   ],
   [
    -0.24517622590065002,
    -0.014250942505896091,
    0.9693737626075745
   ],
   [
    0.001385484472848475,
    -0.9998961091041565,
    -0.014349236153066158
   ]
  ]
 },
 {
  "rotation_euler": [
   -1.5851491689682007,
   -0.001393874641507864,
   3.1237542629241943
  ],
  "euler_order": "XYZ",
  "rotation_matrix": [
   [
    -0.9998399019241333,
    -0.0011374996975064278,
    -0.017855608835816383
   ],
   [
    0.01783742755651474,
    0.014374926686286926,
    -0.999737560749054
   ],
   [
    0.0013938741758465767,
    -0.9998960494995117,
    -0.014352335594594479
   ]
  ]
 },
 {
  "rotation_euler": [
   -0.004891232121735811,
   0.009794741868972778,
   -0.923858642578125
  ],
  "euler_order": "XYZ",
  "rotation_matrix": [
   [
    0.6027168035507202,
    0.7978948950767517,
    0.00980643555521965
   ],
   [
    -0.797895073890686,
    0.6027767062187195,
    -0.004867175128310919
   ],
   [
    -0.009794585406780243,
    -0.004890977870672941,
    0.9999400973320007
   ]
  ]
 },
 {
  "rotation_euler": [
   -1.5851455926895142,
   -0.0013747063931077719,
   -0.002924246247857809
  ],
  "euler_order": "XYZ",
  "rotation_matrix": [
   [
    0.9999947547912598,
    0.001332599320448935,
    0.002943666186183691
   ],
   [
    -0.0029242392629384995,
    -0.01435273140668869,
    0.9998927116394043
   ],
   [
    0.0013747059274464846,
    -0.9998961091041565,
    -0.01434876024723053
   ]
  ]
 },
 {
  "rotation_euler": [
   -0.01759108155965805,
   0.007087463513016701,
   2.2348060607910156
  ],
  "euler_order": "XYZ",
  "rotation_matrix": [
   [
    -0.6162641048431396,
    -0.7873287796974182,
    -0.01821989193558693
   ],
   [
    0.7875076532363892,
    -0.6162824034690857,
    -0.005259803496301174
   ],
   [
    -0.007087404374033213,
    -0.017589733004570007,
    0.9998201727867126
   ]
  ]
 },
 {
  "rotation_euler": [
   0.036623138934373856,
   0.00987762026488781,
   2.179691791534424
  ],
  "euler_order": "XYZ",
  "rotation_matrix": [
   [
    -0.5719338655471802,
    -0.8199371099472046,
    0.024388782680034637
   ],
   [
    0.8202402591705322,
    -0.5712816119194031,
    0.029039205983281136
   ],
   [
    -0.009877460077404976,
    0.03661316633224487,
    0.9992806911468506
   ]
  ]
 },
 {
  "rotation_euler": [
   1.5447770357131958,
   0.0010565720731392503,
   0.9618529081344604
  ],
  "euler_order": "XYZ",
  "rotation_matrix": [
   [
    0.5720008015632629,
    -0.020735833793878555,
    0.8199909329414368
   ],
   [
    0.8202523589134216,
    0.01574774645268917,
    -0.5717849731445312
   ],
   [
    -0.0010565718403086066,
    0.9996609687805176,
    0.026016341522336006
   ]
  ]
 },
 {
  "rotation_euler": [
   -1.5851479768753052,
   -0.0013864270877093077,
   0.74885493516922
  ],
  "euler_order": "XYZ",
  "rotation_matrix": [
   [
    0.7324681878089905,
    0.010785684920847416,
    -0.680715799331665
   ],
   [
    0.6807998418807983,
    -0.009567993693053722,
    0.7324070334434509
   ],
   [
    0.0013864266220480204,
    -0.9998960494995117,
    -0.01435114350169897
   ]
  ]
 },
 {
  "rotation_euler": [
   1.5449402332305908,
   0.0009014330571517348,
   1.4767053127288818
  ],
  "euler_order": "XYZ",
  "rotation_matrix": [
   [
    0.09395220130681992,
    -0.02565419301390648,
    0.9952461123466492
   ],
   [
    0.9955763220787048,
    0.0033261128701269627,
    -0.09389763325452805
   ],
   [
    -0.000901432940736413,
    0.9996653199195862,
    0.025853201746940613
   ]
  ]
 },
 {
  "rotation_euler": [
   1.544877052307129,
   0.0019896705634891987,
   -1.8483296632766724
  ],
  "euler_order": "XYZ",
  "rotation_matrix": [
   [
    -0.2739836573600769,
    0.024379706010222435,
    -0.9614253044128418
   ],
   [
    -0.9617322683334351,
    -0.009013567119836807,
    0.27384260296821594
   ],
   [
    -0.0019896691665053368,
    0.9996621608734131,
    0.025916321203112602
   ]
  ]
 },
 {
  "rotation_euler": [
   1.022495985031128,
   0.006240198388695717,
   1.76639986038208
  ],
  "euler_order": "XYZ",
  "rotation_matrix": [
   [
    -0.1943548172712326,
    -0.5123327970504761,
    0.8365054130554199
   ],
   [
    0.9809114336967468,
    -0.09608311206102371,
    0.16905847191810608
   ],
   [
    -0.006240157876163721,
    0.8533950448036194,
    0.5212273001670837
   ]
  ]
 },
 {
  "rotation_euler": [
   1.5401794910430908,
   0.0013099185889586806,
   0.4560932517051697
  ],
  "euler_order": "XYZ",
  "rotation_matrix": [
   [
    0.8977792859077454,
    -0.012307429686188698,
    0.4402736723423004
   ],
   [
    0.4404436945915222,
    0.028059564530849457,
    -0.8973416090011597
   ],
   [
    -0.0013099182397127151,
    0.9995304942131042,
    0.030612027272582054
   ]
  ]
 },
 {
  "rotation_euler": [
   1.544782042503357,
   0.001515994663350284,
   -1.6326510906219482
  ],
  "euler_order": "XYZ",
  "rotation_matrix": [
   [
    -0.061815258115530014,
    0.025867925956845284,
    -0.99775230884552
   ],
   [
    -0.9980864524841309,
    -0.0031204831320792437,
    0.06175505369901657
   ],
   [
    -0.001515994081273675,
    0.9996604919433594,
    0.02601131983101368
   ]
  ]
 },
 {
  "rotation_euler": [
   1.5460509061813354,
   0.0027228649705648422,
   -1.5569099187850952
  ],
  "euler_order": "XYZ",
  "rotation_matrix": [
   [
    0.013885910622775555,
    0.02477830834686756,
    -0.9995965361595154
   ],
   [
    -0.9998998641967773,
    -0.0023781866766512394,
    -0.0139490757137537
   ],
   [
    -0.002722861710935831,
    0.9996901154518127,
    0.02474280446767807
   ]
  ]
 },
 {
  "rotation_euler": [
   1.5447896718978882,
   0.0015103023033589125,
   -0.4798019528388977
  ],
  "euler_order": "XYZ",
  "rotation_matrix": [
   [
    0.8870853185653687,
    0.013342725113034248,
    -0.46141257882118225
   ],
   [
    -0.46160298585891724,
    0.02237062342464924,
    -0.8868045210838318
   ],
   [
    -0.0015103017212823033,
    0.9996607303619385,
    0.026003694161772728
   ]
  ]
 }
]