[
 {
  "rotation_euler": [
   0.5135754346847534,
   -2.106387138366699,
   -0.6148486733436584
  ],
  "euler_order": "XYZ",
  "rotation_matrix": [
   [
    -0.41688424348831177,
    0.1572980433702469,
    -0.8952456712722778
   ],
   [
    0.29438725113868713,
    0.9551915526390076,
    0.030745040625333786
   ],
   [
    0.8599672317504883,
    -0.25073179602622986,
    -0.4445108473300934
   ]
  ]
 },
 {
  "rotation_euler": [
   -0.20856857299804688,
   -0.0010566377313807607,
   1.7404124736785889
  ],
  "euler_order": "XYZ",
  "rotation_matrix": [
   [
    -0.16880391538143158,
    -0.9643258452415466,
    -0.2039138227701187
   ],
   [
    0.9856491088867188,
    -0.16493010520935059,
    -0.03597141429781914
   ],
   [
    0.001056637498550117,
    -0.2070595920085907,
    0.978327751159668
   ]
  ]
 },
 {
  "rotation_euler": [
   -0.20856846868991852,
   -0.001053977757692337,
   -0.9753651022911072
  ],
  "euler_order": "XYZ",
  "rotation_matrix": [
   [
    0.5608655214309692,
    0.8100870251655579,
    0.17084771394729614
   ],
   [
    -0.8279062509536743,
    0.5485302209854126,
    0.11698634177446365
   ],
   [
    0.0010539775248616934,
    -0.20705948770046234,
    0.9783278107643127
   ]
  ]
 },
 {
  "rotation_euler": [
   -0.20857512950897217,
   -0.0010790012311190367,
   0.011154936626553535
  ],
  "euler_order": "XYZ",
  "rotation_matrix": [
   [
    0.9999371767044067,
    -0.010689537972211838,
    -0.003365311771631241
   ],
   [
    0.011154699139297009,
    0.978268563747406,
    0.20704145729541779
   ],
   [
    0.001079000998288393,
    -0.20706599950790405,
    0.9783263802528381
   ]
  ]
 },
 {
  "rotation_euler": [
   -0.20856842398643494,
   -0.001054332940839231,
   2.6202306747436523
  ],
  "euler_order": "XYZ",
  "rotation_matrix": [
   [
    -0.8671411275863647,
    -0.4874570965766907,
    -0.10223397612571716
   ],
   [
    0.4980613589286804,
    -0.8482404947280884,
    -0.18006370961666107
   ],
   [
    0.0010543327080085874,
    -0.20705944299697876,
    0.9783278107643127
   ]
  ]
 },
 {
  "rotation_euler": [
   -0.2085777372121811,
   -0.0010732559021562338,
   0.2174692302942276
  ],
  "euler_order": "XYZ",
  "rotation_matrix": [
   [
    0.9764460325241089,
    -0.21086587011814117,
    -0.04570222645998001
   ],
   [
    0.2157590240240097,
    0.9553314447402954,
    0.20196495950222015
   ],
   [
    0.0010732556693255901,
    -0.2070685476064682,
    0.9783258438110352
   ]
  ]
 },
 {
  "rotation_euler": [
   -0.20856961607933044,
   -0.001054649706929922,
   2.4652481079101562
  ],
  "euler_order": "XYZ",
  "rotation_matrix": [
   [
    -0.7798656225204468,
    -0.6125512719154358,
    -0.1288042664527893
   ],
   [
    0.6259461045265198,
    -0.7628281712532043,
    -0.16212548315525055
   ],
   [
    0.0010546494740992785,
    -0.20706060528755188,
    0.9783275723457336
   ]
  ]
 },
 {
  "rotation_euler": [
   -0.20856958627700806,
   -0.0010547398123890162,
   2.8761630058288574
  ],
  "euler_order": "XYZ",
  "rotation_matrix": [
   [
    -0.964979350566864,
    -0.25684958696365356,
    -0.053321223706007004
   ],
   [
    0.2623237371444702,
    -0.9440096616744995,
    -0.20008009672164917
   ],
   [
    0.0010547395795583725,
    -0.20706059038639069,
    0.9783275723457336
   ]
  ]
 },
 {
  "rotation_euler": [
   -0.20856913924217224,
   -0.001058094552718103,
   1.1617724895477295
  ],
  "euler_order": "XYZ",
  "rotation_matrix": [
   [
    0.39771366119384766,
    -0.8975382447242737,
    -0.1903914511203766
   ],
   [
    0.9175089597702026,
    0.3892957270145416,
    0.08140096813440323
   ],
   [
    0.0010580943198874593,
    -0.20706014335155487,
    0.9783276319503784
   ]
  ]
 },
 {
  "rotation_euler": [
   -0.20856595039367676,
   -0.0010565900010988116,
   0.060776326805353165
  ],
  "euler_order": "XYZ",
  "rotation_matrix": [
   [
    0.9981531500816345,
    -0.05920426547527313,
    -0.01360821072012186
   ],
   [
    0.060738883912563324,
    0.9765358567237854,
    0.20661206543445587
   ],
   [
    0.001056589768268168,
    -0.20705702900886536,
    0.978328287601471
   ]
  ]
 },
 {
  "rotation_euler": [
   -0.20856331288814545,
   -0.0010635892394930124,
   1.6951706409454346
  ],
  "euler_order": "XYZ",
  "rotation_matrix": [
   [
    -0.12405383586883545,
    -0.9707995653152466,
    -0.20532608032226562
   ],
   [
    0.9922749400138855,
    -0.12114705890417099,
    -0.02671843022108078
   ],
   [
    0.0010635890066623688,
    -0.20705445110797882,
    0.9783288240432739
   ]
  ]
 },
 {
  "rotation_euler": [
   -0.2085697054862976,
   -0.001053447718732059,
   2.086947441101074
  ],
  "euler_order": "XYZ",
  "rotation_matrix": [
   [
    -0.4935360550880432,
    -0.8509842157363892,
    -0.17957735061645508
   ],
   [
    0.869724690914154,
    -0.4826507270336151,
    -0.1030883863568306
   ],
   [
    0.0010534474859014153,
    -0.20706069469451904,
    0.9783275127410889
   ]
  ]
 },
 {
  "rotation_euler": [
   -0.20856979489326477,
   -0.0010551573941484094,
   -1.5089097023010254
  ],
  "euler_order": "XYZ",
  "rotation_matrix": [
   [
    0.06184709444642067,
    0.9764686822891235,
    0.20660066604614258
   ],
   [
    -0.998085081577301,
    0.06028871610760689,
    0.013836435973644257
   ],
   [
    0.0010551571613177657,
    -0.2070607841014862,
    0.9783275127410889
   ]
  ]
 },
 {
  "rotation_euler": [
   0.5319507718086243,
   2.118180751800537,
   1.08270263671875
  ],
  "euler_order": "XYZ",
  "rotation_matrix": [
   [
    -0.24406403303146362,
    -0.5580813884735107,
    0.7930812835693359
   ],
   [
    -0.4596811830997467,
    0.7866753339767456,
    0.4121106266975403
   ],
   [
    -0.853888750076294,
    -0.2639831602573395,
    -0.4485386610031128
   ]
  ]
 },
 {
  "rotation_euler": [
   -0.2085696905851364,
   -0.0010554819600656629,
   -1.748062014579773
  ],
  "euler_order": "XYZ",
  "rotation_matrix": [
   [
    -0.17633867263793945,
    0.9629586935043335,
    0.2039981484413147
   ],
   [
    -0.9843289852142334,
    -0.17273229360580444,
    -0.03549642115831375
   ],
   [
    0.0010554817272350192,
    -0.20706067979335785,
    0.9783275127410889
   ]
  ]
 },
 {
  "rotation_euler": [
   0.6209969520568848,
   2.409804344177246,
   0.4567281901836395
  ],
  "euler_order": "XYZ",
  "rotation_matrix": [
   [
    -0.667722761631012,
    -0.009736740961670876,
    0.7443463206291199
   ],
   [
    -0.3281058967113495,
    0.9013978242874146,
    -0.2825393080711365
   ],
   [
    -0.6682011485099792,
    -0.4328823685646057,
    -0.6050785779953003
   ]
  ]
 }
]