[
 {
  "rotation_euler": [
   1.5845911502838135,
   -0.024944426491856575,
   1.6376726627349854
  ],
  "euler_order": "XYZ",
  "rotation_matrix": [
   [
    -0.06680570542812347,
    0.015430167317390442,
    0.997646689414978
   ],
   [
    0.9974542260169983,
    -0.023961886763572693,
    0.06716343015432358
   ],
   [
    0.024941839277744293,
    0.9995937943458557,
    -0.013790094293653965
   ]
  ]
 },
 {
  "rotation_euler": [
   1.5843746662139893,
   -0.01385604776442051,
   -2.4559390544891357
  ],
  "euler_order": "XYZ",
  "rotation_matrix": [
   [
    -0.773931086063385,
    0.002126067876815796,
    -0.633266270160675
   ],
   [
    -0.6331182718276978,
    0.019281653687357903,
    0.7738149166107178
   ],
   [
    0.013855604454874992,
    0.9998118281364441,
    -0.013576618395745754
   ]
  ]
 },
 {
  "rotation_euler": [
   1.5843749046325684,
   -0.013826435431838036,
   1.8282554149627686
  ],
  "euler_order": "XYZ",
  "rotation_matrix": [
   [
    -0.2545998692512512,
    0.016650734469294548,
    0.9669031500816345
   ],
   [
    0.966947615146637,
    -0.009911729954183102,
    0.2547822892665863
   ],
   [
    0.013825994916260242,
    0.9998122453689575,
    -0.013576862402260303
   ]
  ]
 },
 {
  "rotation_euler": [
   1.5843749046325684,
   -0.013827474787831306,
   -1.4339771270751953
  ],
  "euler_order": "XYZ",
  "rotation_matrix": [
   [
    0.1363796889781952,
    -0.015337003394961357,
    -0.9905379414558411
   ],
   [
    -0.9905601143836975,
    0.011844593100249767,
    -0.1365661472082138
   ],
   [
    0.013827034272253513,
    0.9998122453689575,
    -0.013576862402260303
   ]
  ]
 },
 {
  "rotation_euler": [
   -1.5653914213180542,
   0.004861596506088972,
   -0.4800700843334198
  ],
  "euler_order": "XYZ",
  "rotation_matrix": [
   [
    0.8869521021842957,
    -0.0018157775048166513,
    0.4618578851222992
   ],
   [
    -0.4618358910083771,
    0.007039170246571302,
    0.8869374394416809
   ],
   [
    -0.0048615774139761925,
    -0.9999735951423645,
    0.005404815077781677
   ]
  ]
 },
 {
  "rotation_euler": [
   1.5843747854232788,
   -0.013828223571181297,
   0.0714239701628685
  ],
  "euler_order": "XYZ",
  "rotation_matrix": [
   [
    0.997355043888092,
    -0.012822282500565052,
    0.07154395431280136
   ],
   [
    0.07135643810033798,
    -0.014530126936733723,
    -0.9973450303077698
   ],
   [
    0.013827783055603504,
    0.9998121857643127,
    -0.013576743192970753
   ]
  ]
 },
 {
  "rotation_euler": [
   1.5843756198883057,
   -0.013853058218955994,
   -1.9046705961227417
  ],
  "euler_order": "XYZ",
  "rotation_matrix": [
   [
    -0.32767435908317566,
    -0.008289883844554424,
    -0.9447543621063232
   ],
   [
    -0.944689154624939,
    0.017536340281367302,
    0.3274978697299957
   ],
   [
    0.013852614909410477,
    0.9998118877410889,
    -0.013577573001384735
   ]
  ]
 },
 {
  "rotation_euler": [
   1.5843749046325684,
   -0.013826671056449413,
   -2.255918502807617
  ],
  "euler_order": "XYZ",
  "rotation_matrix": [
   [
    -0.6327071189880371,
    -0.0017661520978435874,
    -0.7743891477584839
   ],
   [
    -0.7742677330970764,
    0.01929706148803234,
    0.6325638890266418
   ],
   [
    0.01382623054087162,
    0.9998122453689575,
    -0.013576862402260303
   ]
  ]
 },
 {
  "rotation_euler": [
   -1.5654126405715942,
   0.005024969577789307,
   0.8663742542266846
  ],
  "euler_order": "XYZ",
  "rotation_matrix": [
   [
    0.647585391998291,
    -0.007356350310146809,
    -0.7619574069976807
   ],
   [
    0.7619763016700745,
    -0.00034246084396727383,
    0.6476048231124878
   ],
   [
    -0.005024948623031378,
    -0.9999728798866272,
    0.00538359209895134
   ]
  ]
 },
 {
  "rotation_euler": [
   -1.5654081106185913,
   0.004986286628991365,
   1.865082859992981
  ],
  "euler_order": "XYZ",
  "rotation_matrix": [
   [
    -0.29005351662635803,
    -0.0037102671340107918,
    -0.9570032358169556
   ],
   [
    0.9569974541664124,
    -0.00633471691980958,
    -0.2900272011756897
   ],
   [
    -0.004986266139894724,
    -0.9999730587005615,
    0.005388122983276844
   ]
  ]
 },
 {
  "rotation_euler": [
   1.5843756198883057,
   -0.013830889016389847,
   1.5647393465042114
  ],
  "euler_order": "XYZ",
  "rotation_matrix": [
   [
    0.00605636416003108,
    0.013494864106178284,
    0.9998906254768372
   ],
   [
    0.9998860359191895,
    -0.013911165297031403,
    -0.005868586245924234
   ],
   [
    0.013830448500812054,
    0.9998121857643127,
    -0.013577576726675034
   ]
  ]
 },
 {
  "rotation_euler": [
   -1.565407156944275,
   0.004980730824172497,
   -3.0444796085357666
  ],
  "euler_order": "XYZ",
  "rotation_matrix": [
   [
    -0.9952759146690369,
    0.00547970412299037,
    0.09693235158920288
   ],
   [
    -0.09695927053689957,
    -0.0048808264546096325,
    -0.9952763915061951
   ],
   [
    -0.004980710335075855,
    -0.9999730587005615,
    0.005389077123254538
   ]
  ]
 },
 {
  "rotation_euler": [
   1.584375023841858,
   -0.013826237060129642,
   1.615995168685913
  ],
  "euler_order": "XYZ",
  "rotation_matrix": [
   [
    -0.04517913609743118,
    0.014189052395522594,
    0.9988781213760376
   ],
   [
    0.9988832473754883,
    -0.01319688931107521,
    0.04536682739853859
   ],
   [
    0.01382579654455185,
    0.9998122453689575,
    -0.013576981611549854
   ]
  ]
 },
 {
  "rotation_euler": [
   -1.5653923749923706,
   0.004871319513767958,
   -0.7139431238174438
  ],
  "euler_order": "XYZ",
  "rotation_matrix": [
   [
    0.7557767629623413,
    -0.00014301227929536253,
    0.6548293232917786
   ],
   [
    -0.6548112630844116,
    0.007273983210325241,
    0.7557574510574341
   ],
   [
    -0.004871300421655178,
    -0.9999735355377197,
    0.005403861403465271
   ]
  ]
 },
 {
  "rotation_euler": [
   1.5843755006790161,
   -0.013830364681780338,
   -2.543752431869507
  ],
  "euler_order": "XYZ",
  "rotation_matrix": [
   [
    -0.826474130153656,
    0.0037871936801820993,
    -0.5629619359970093
   ],
   [
    -0.5628047585487366,
    0.019007138907909393,
    0.8263713121414185
   ],
   [
    0.013829924166202545,
    0.9998121857643127,
    -0.013577457517385483
   ]
  ]
 },
 {
  "rotation_euler": [
   1.5843747854232788,
   -0.013827607966959476,
   1.5248383283615112
  ],
  "euler_order": "XYZ",
  "rotation_matrix": [
   [
    0.045937430113554,
    0.012928517535328865,
    0.9988606572151184
   ],
   [
    0.9988486170768738,
    -0.014435093849897385,
    -0.04575004056096077
   ],
   [
    0.013827167451381683,
    0.9998122453689575,
    -0.013576743192970753
   ]
  ]
 }
]