[
 {
  "rotation_euler": [
   1.5940207242965698,
   -0.12288391590118408,
   -1.5641040802001953
  ],
  "euler_order": "XYZ",
  "rotation_matrix": [
   [
    0.006641732528805733,
    -0.024041863158345222,
    -0.9996888637542725
   ],
   [
    -0.9924370646476746,
    0.12238367646932602,
    -0.009536799974739552
   ],
   [
    0.12257488071918488,
    0.9921916127204895,
    -0.023047195747494698
   ]
  ]
 },
 {
  "rotation_euler": [
   1.5940208435058594,
   -0.12288404256105423,
   1.8815642595291138
  ],
  "euler_order": "XYZ",
  "rotation_matrix": [
   [
    -0.3034839928150177,
    0.05958214029669762,
    0.9509718418121338
   ],
   [
    0.9449194669723511,
    -0.10957089066505432,
    0.30841755867004395
   ],
   [
    0.12257500737905502,
    0.9921916127204895,
    -0.02304731495678425
   ]
  ]
 },
 {
  "rotation_euler": [
   1.594020962715149,
   -0.1228838860988617,
   1.6870229244232178
  ],
  "euler_order": "XYZ",
  "rotation_matrix": [
   [
    -0.11509063839912415,
    0.03727644309401512,
    0.992655336856842
   ],
   [
    0.985763430595398,
    -0.11902203410863876,
    0.11876112222671509
   ],
   [
    0.12257485091686249,
    0.9921916127204895,
    -0.02304743230342865
   ]
  ]
 },
 {
  "rotation_euler": [
   1.5940208435058594,
   -0.12288402765989304,
   -0.04186822474002838
  ],
  "euler_order": "XYZ",
  "rotation_matrix": [
   [
    0.9915894865989685,
    -0.1234065443277359,
    -0.03900071233510971
   ],
   [
    -0.041540369391441345,
    -0.018072962760925293,
    -0.9989733695983887
   ],
   [
    0.12257499247789383,
    0.9921916127204895,
    -0.02304731495678425
   ]
  ]
 },
 {
  "rotation_euler": [
   -1.5837323665618896,
   0.04294581711292267,
   0.6412904262542725
  ],
  "euler_order": "XYZ",
  "rotation_matrix": [
   [
    0.8005856275558472,
    -0.026661565527319908,
    -0.5986249446868896
   ],
   [
    0.5976784229278564,
    -0.03604710474610329,
    0.8009251952171326
   ],
   [
    -0.04293261840939522,
    -0.9989943504333496,
    -0.012923751957714558
   ]
  ]
 },
 {
  "rotation_euler": [
   1.5940208435058594,
   -0.12288405746221542,
   -0.91945880651474
  ],
  "euler_order": "XYZ",
  "rotation_matrix": [
   [
    0.6016790866851807,
    -0.09275933355093002,
    -0.7933334708213806
   ],
   [
    -0.789276659488678,
    0.08337578177452087,
    -0.6083508729934692
   ],
   [
    0.12257502228021622,
    0.9921916127204895,
    -0.02304731495678425
   ]
  ]
 },
 {
  "rotation_euler": [
   1.5940110683441162,
   -0.12287972867488861,
   -1.6909763813018799
  ],
  "euler_order": "XYZ",
  "rotation_matrix": [
   [
    -0.11898696422576904,
    -0.008354062214493752,
    -0.9928606748580933
   ],
   [
    -0.9853012561798096,
    0.12443683296442032,
    0.11703398823738098
   ],
   [
    0.12257072329521179,
    0.9921923875808716,
    -0.023037627339363098
   ]
  ]
 },
 {
  "rotation_euler": [
   1.5940202474594116,
   -0.12288711220026016,
   2.073333263397217
  ],
  "euler_order": "XYZ",
  "rotation_matrix": [
   [
    -0.478018194437027,
    0.07937461137771606,
    0.8747561573982239
   ],
   [
    0.8697546720504761,
    -0.09620915353298187,
    0.4840150475502014
   ],
   [
    0.12257805466651917,
    0.9921912550926208,
    -0.023046715185046196
   ]
  ]
 },
 {
  "rotation_euler": [
   1.5940208435058594,
   -0.12288415431976318,
   -1.6261030435562134
  ],
  "euler_order": "XYZ",
  "rotation_matrix": [
   [
    -0.054861683398485184,
    -0.016412977129220963,
    -0.9983590841293335
   ],
   [
    -0.9909417629241943,
    0.12363839149475098,
    0.05242147669196129
   ],
   [
    0.12257511913776398,
    0.9921916127204895,
    -0.02304731495678425
   ]
  ]
 },
 {
  "rotation_euler": [
   1.5940208435058594,
   -0.12288402020931244,
   -0.40214645862579346
  ],
  "euler_order": "XYZ",
  "rotation_matrix": [
   [
    0.9132838249206543,
    -0.12185503542423248,
    -0.38866952061653137
   ],
   [
    -0.3884430527687073,
    0.026592420414090157,
    -0.9210889339447021
   ],
   [
    0.12257498502731323,
    0.9921916127204895,
    -0.02304731495678425
   ]
  ]
 },
 {
  "rotation_euler": [
   1.5940208435058594,
   -0.12288390845060349,
   -1.3642122745513916
  ],
  "euler_order": "XYZ",
  "rotation_matrix": [
   [
    0.20357105135917664,
    -0.0478641651570797,
    -0.9778894782066345
   ],
   [
    -0.9713569283485413,
    0.11517291516065598,
    -0.2078484296798706
   ],
   [
    0.12257487326860428,
    0.9921916127204895,
    -0.02304731495678425
   ]
  ]
 },
 {
  "rotation_euler": [
   1.594020962715149,
   -0.12288390845060349,
   -1.5592796802520752
  ],
  "euler_order": "XYZ",
  "rotation_matrix": [
   [
    0.011429550126194954,
    -0.024632247164845467,
    -0.9996312260627747
   ],
   [
    -0.992393434047699,
    0.1222662553191185,
    -0.01435959804803133
   ],
   [
    0.12257487326860428,
    0.9921916127204895,
    -0.02304743230342865
   ]
  ]
 },
 {
  "rotation_euler": [
   1.5940207242965698,
   -0.12288393080234528,
   -1.026275873184204
  ],
  "euler_order": "XYZ",
  "rotation_matrix": [
   [
    0.5141018033027649,
    -0.08334144949913025,
    -0.8536706566810608
   ],
   [
    -0.8489256501197815,
    0.09278998523950577,
    -0.5203030705451965
   ],
   [
    0.12257489562034607,
    0.9921916127204895,
    -0.023047195747494698
   ]
  ]
 },
 {
  "rotation_euler": [
   1.5940208435058594,
   -0.12288398295640945,
   1.6615180969238281
  ],
  "euler_order": "XYZ",
  "rotation_matrix": [
   [
    -0.08991420269012451,
    0.03422890231013298,
    0.9953611493110657
   ],
   [
    0.9883778691291809,
    -0.11993405967950821,
    0.09340772777795792
   ],
   [
    0.12257494777441025,
    0.9921916127204895,
    -0.02304731495678425
   ]
  ]
 },
 {
  "rotation_euler": [
   1.5940208435058594,
   -0.12288414686918259,
   -1.38484787940979
  ],
  "euler_order": "XYZ",
  "rotation_matrix": [
   [
    0.18348458409309387,
    -0.045477524399757385,
    -0.9819700717926025
   ],
   [
    -0.975350558757782,
    0.11613626033067703,
    -0.18762627243995667
   ],
   [
    0.12257511168718338,
    0.9921916127204895,
    -0.02304731495678425
   ]
  ]
 },
 {
  "rotation_euler": [
   1.5940207242965698,
   -0.12288405001163483,
   2.033064842224121
  ],
  "euler_order": "XYZ",
  "rotation_matrix": [
   [
    -0.44261664152145386,
    0.07543618977069855,
    0.8935322761535645
   ],
   [
    0.8882938027381897,
    -0.09932365268468857,
    0.4484071135520935
   ],
   [
    0.12257501482963562,
    0.9921916127204895,
    -0.023047195747494698
   ]
  ]
 }
]