[
 {
  "rotation_euler": [
   -0.026985440403223038,
   -0.0006298323278315365,
   -0.24333339929580688
  ],
  "euler_order": "XYZ",
  "rotation_matrix": [
   [
    0.9705400466918945,
    0.24086792767047882,
    0.0058900052681565285
   ],
   [
    -0.24093911051750183,
    0.9701827764511108,
    0.02633897215127945
   ],
   [
    0.0006298322696238756,
    -0.026982160285115242,
    0.9996356964111328
   ]
  ]
 },
 {
  "rotation_euler": [
   -0.1617477536201477,
   -0.004113154020160437,
   -0.6607685089111328
  ],
  "euler_order": "XYZ",
  "rotation_matrix": [
   [
    0.7895141243934631,
    0.6062360405921936,
    0.09563113749027252
   ],
   [
    -0.613718569278717,
    0.7788089513778687,
    0.12963849306106567
   ],
   [
    0.004113142378628254,
    -0.16104203462600708,
    0.9869389533996582
   ]
  ]
 },
 {
  "rotation_euler": [
   -1.1144582033157349,
   -2.7138848304748535,
   -0.15869387984275818
  ],
  "euler_order": "XYZ",
  "rotation_matrix": [
   [
    -0.8984853625297546,
    0.4373008906841278,
    -0.038626667112112045
   ],
   [
    0.1437932401895523,
    0.3762860596179962,
    0.9152771830558777
   ],
   [
    0.4147861897945404,
    0.8168088793754578,
    -0.40096840262413025
   ]
  ]
 },
 {
  "rotation_euler": [
   -0.30839309096336365,
   -0.008769960142672062,
   1.9615716934204102
  ],
  "euler_order": "XYZ",
  "rotation_matrix": [
   [
    -0.38089078664779663,
    -0.8820070028305054,
    -0.27746328711509705
   ],
   [
    0.9245784282684326,
    -0.3604740798473358,
    -0.12334161251783371
   ],
   [
    0.008769847452640533,
    -0.3035162687301636,
    0.9527859091758728
   ]
  ]
 },
 {
  "rotation_euler": [
   0.396609365940094,
   0.0110146040096879,
   2.7643208503723145
  ],
  "euler_order": "XYZ",
  "rotation_matrix": [
   [
    -0.9296167492866516,
    -0.34374552965164185,
    0.13285987079143524
   ],
   [
    0.3683631718158722,
    -0.8559408187866211,
    0.36286890506744385
   ],
   [
    -0.011014381423592567,
    0.3862696886062622,
    0.9223201274871826
   ]
  ]
 },
 {
  "rotation_euler": [
   -0.11283252388238907,
   -0.0030727405101060867,
   1.7014652490615845
  ],
  "euler_order": "XYZ",
  "rotation_matrix": [
   [
    -0.13029678165912628,
    -0.985215425491333,
    -0.11123557388782501
   ],
   [
    0.9914702773094177,
    -0.12912583351135254,
    -0.01769777573645115
   ],
   [
    0.00307273562066257,
    -0.11259272694587708,
    0.9936364889144897
   ]
  ]
 },
 {
  "rotation_euler": [
   -0.08335237205028534,
   -0.0022366726770997047,
   1.308572769165039
  ],
  "euler_order": "XYZ",
  "rotation_matrix": [
   [
    0.25922808051109314,
    -0.962414562702179,
    -0.08098766207695007
   ],
   [
    0.9658135175704956,
    0.2585085928440094,
    0.019429607316851616
   ],
   [
    0.0022366708144545555,
    -0.08325567841529846,
    0.9965257048606873
   ]
  ]
 },
 {
  "rotation_euler": [
   -0.2480478286743164,
   -0.0070485807955265045,
   -0.08091112226247787
  ],
  "euler_order": "XYZ",
  "rotation_matrix": [
   [
    0.9967037439346313,
    0.0800740048289299,
    0.013032546266913414
   ],
   [
    -0.08082085847854614,
    0.9660822749137878,
    0.2452610582113266
   ],
   [
    0.007048522587865591,
    -0.2455059140920639,
    0.9693694710731506
   ]
  ]
 },
 {
  "rotation_euler": [
   -0.1380971521139145,
   -0.003058657282963395,
   -1.613191843032837
  ],
  "euler_order": "XYZ",
  "rotation_matrix": [
   [
    -0.0423826202750206,
    0.9895718693733215,
    0.137663334608078
   ],
   [
    -0.9990967512130737,
    -0.04239999130368233,
    -0.0028075496666133404
   ],
   [
    0.003058652626350522,
    -0.1376579850912094,
    0.9904751181602478
   ]
  ]
 },
 {
  "rotation_euler": [
   -0.33347055315971375,
   -0.009230627678334713,
   -3.0172476768493652
  ],
  "euler_order": "XYZ",
  "rotation_matrix": [
   [
    -0.992236852645874,
    0.11419448256492615,
    0.049251001328229904
   ],
   [
    -0.12401951104402542,
    -0.937991201877594,
    -0.3237153887748718
   ],
   [
    0.009230496361851692,
    -0.3273104131221771,
    0.9448717832565308
   ]
  ]
 },
 {
  "rotation_euler": [
   -0.16009625792503357,
   -0.004541262984275818,
   -2.9712445735931396
  ],
  "euler_order": "XYZ",
  "rotation_matrix": [
   [
    -0.9855156540870667,
    0.16664403676986694,
    0.031442876905202866
   ],
   [
    -0.16952365636825562,
    -0.9730455875396729,
    -0.15634584426879883
   ],
   [
    0.004541247151792049,
    -0.15941159427165985,
    0.9872017502784729
   ]
  ]
 },
 {
  "rotation_euler": [
   -0.3049257695674896,
   -0.008623474277555943,
   0.15869632363319397
  ],
  "euler_order": "XYZ",
  "rotation_matrix": [
   [
    0.9873974323272705,
    -0.14818455278873444,
    -0.055566657334566116
   ],
   [
    0.15802517533302307,
    0.9422922134399414,
    0.29514992237091064
   ],
   [
    0.008623367175459862,
    -0.30021122097969055,
    0.9538337588310242
   ]
  ]
 },
 {
  "rotation_euler": [
   -0.42692360281944275,
   -0.01180695928633213,
   2.990823268890381
  ],
  "euler_order": "XYZ",
  "rotation_matrix": [
   [
    -0.9885869026184082,
    -0.1415509432554245,
    -0.051568157970905304
   ],
   [
    0.1501883715391159,
    -0.8991836309432983,
    -0.41098934412002563
   ],
   [
    0.011806684546172619,
    -0.4140436351299286,
    0.9101804494857788
   ]
  ]
 },
 {
  "rotation_euler": [
   -0.11971407383680344,
   -0.0032174496445804834,
   2.9228739738464355
  ],
  "euler_order": "XYZ",
  "rotation_matrix": [
   [
    -0.9761711955070496,
    -0.2158011496067047,
    -0.02279512770473957
   ],
   [
    0.21697787940502167,
    -0.9691062569618225,
    -0.11727622896432877
   ],
   [
    0.0032174440566450357,
    -0.11942771077156067,
    0.99283766746521
   ]
  ]
 },
 {
  "rotation_euler": [
   -0.008809038437902927,
   -0.00011119354894617572,
   -0.19178223609924316
  ],
  "euler_order": "XYZ",
  "rotation_matrix": [
   [
    0.981666088104248,
    0.19060231745243073,
    0.0015699074137955904
   ],
   [
    -0.19060875475406647,
    0.9816278219223022,
    0.00866861641407013
   ],
   [
    0.00011119354894617572,
    -0.008808924816548824,
    0.9999611973762512
   ]
  ]
 },
 {
  "rotation_euler": [
   -0.09957855194807053,
   -0.0026965485885739326,
   -3.0168297290802
  ],
  "euler_order": "XYZ",
  "rotation_matrix": [
   [
    -0.9922235608100891,
    0.12355706095695496,
    0.015033368021249771
   ],
   [
    -0.1244390532374382,
    -0.9873452186584473,
    -0.09830744564533234
   ],
   [
    0.0026965453289449215,
    -0.09941370040178299,
    0.9950425624847412
   ]
  ]
 }
]