[
 {
  "rotation_euler": [
   -0.24384993314743042,
   1.9178307056427002,
   0.05132734775543213
  ],
  "euler_order": "XYZ",
  "rotation_matrix": [
   [
    -0.3396625816822052,
    -0.2765350639820099,
    0.8989759087562561
   ],
   [
    -0.017449304461479187,
    0.957489013671875,
    0.28794142603874207
   ],
   [
    -0.9403854608535767,
    0.08211642503738403,
    -0.330048531293869
   ]
  ]
 },
 {
  "rotation_euler": [
   -0.1885545551776886,
   2.070521831512451,
   -1.9547785520553589
  ],
  "euler_order": "XYZ",
  "rotation_matrix": [
   [
    0.17951007187366486,
    0.9723780751228333,
    -0.14918780326843262
   ],
   [
    0.44429048895835876,
    -0.2154381424188614,
    -0.8695932030677795
   ],
   [
    -0.8777141571044922,
    0.08981801569461823,
    -0.47069165110588074
   ]
  ]
 },
 {
  "rotation_euler": [
   0.09955044835805893,
   0.8590860962867737,
   -1.828364610671997
  ],
  "euler_order": "XYZ",
  "rotation_matrix": [
   [
    -0.16637162864208221,
    0.943053662776947,
    -0.2880456745624542
   ],
   [
    -0.6315845251083374,
    -0.3262456953525543,
    -0.7033240795135498
   ],
   [
    -0.7572459578514099,
    0.06491202116012573,
    0.6498960852622986
   ]
  ]
 },
 {
  "rotation_euler": [
   0.21919244527816772,
   -1.1790205240249634,
   2.580979108810425
  ],
  "euler_order": "XYZ",
  "rotation_matrix": [
   [
    -0.3233831524848938,
    -0.3487796485424042,
    0.8796454071998596
   ],
   [
    0.20302142202854156,
    -0.9335199594497681,
    -0.2955043613910675
   ],
   [
    0.9242324829101562,
    0.0830257311463356,
    0.37269434332847595
   ]
  ]
 },
 {
  "rotation_euler": [
   1.7932535409927368,
   1.4919434785842896,
   -0.29392191767692566
  ],
  "euler_order": "XYZ",
  "rotation_matrix": [
   [
    0.07539305835962296,
    0.8667119145393372,
    -0.49307847023010254
   ],
   [
    -0.022820647805929184,
    -0.49285662174224854,
    -0.8698112368583679
   ],
   [
    -0.9968927502632141,
    0.07683010399341583,
    -0.017379039898514748
   ]
  ]
 },
 {
  "rotation_euler": [
   -0.20403209328651428,
   2.01639986038208,
   -0.2799760699272156
  ],
  "euler_order": "XYZ",
  "rotation_matrix": [
   [
    -0.4142202138900757,
    0.09488622844219208,
    0.9052172303199768
   ],
   [
    0.11910007894039154,
    0.9916502237319946,
    -0.049447014927864075
   ],
   [
    -0.9023507237434387,
    0.08732949197292328,
    -0.4220625162124634
   ]
  ]
 },
 {
  "rotation_euler": [
   0.08465375006198883,
   0.05596053600311279,
   -1.987249732017517
  ],
  "euler_order": "XYZ",
  "rotation_matrix": [
   [
    -0.4038863182067871,
    0.9093413949012756,
    -0.09987020492553711
   ],
   [
    -0.9130977392196655,
    -0.4073958992958069,
    -0.01676446571946144
   ],
   [
    -0.05593133345246315,
    0.08442032337188721,
    0.9948592185974121
   ]
  ]
 },
 {
  "rotation_euler": [
   2.9433131217956543,
   1.106414794921875,
   -0.17941604554653168
  ],
  "euler_order": "XYZ",
  "rotation_matrix": [
   [
    0.44068074226379395,
    -0.0016635128995403647,
    -0.897662341594696
   ],
   [
    -0.07992463558912277,
    -0.9960994124412537,
    -0.03739069774746895
   ],
   [
    -0.8940987586975098,
    0.0882226973772049,
    -0.43909478187561035
   ]
  ]
 },
 {
  "rotation_euler": [
   0.09955359250307083,
   0.8591107726097107,
   2.6924452781677246
  ],
  "euler_order": "XYZ",
  "rotation_matrix": [
   [
    -0.5883340239524841,
    -0.4998466372489929,
    -0.6356228590011597
   ],
   [
    0.2835792899131775,
    -0.8636780381202698,
    0.4167049527168274
   ],
   [
    -0.757262110710144,
    0.06491220742464066,
    0.6498773097991943
   ]
  ]
 },
 {
  "rotation_euler": [
   -0.12902438640594482,
   2.4544286727905273,
   0.9307088255882263
  ],
  "euler_order": "XYZ",
  "rotation_matrix": [
   [
    -0.46171507239341736,
    -0.8441252708435059,
    0.27252835035324097
   ],
   [
    -0.6200182437896729,
    0.5268387794494629,
    0.5813933610916138
   ],
   [
    -0.6343473792076111,
    0.09946555644273758,
    -0.7666224837303162
   ]
  ]
 },
 {
  "rotation_euler": [
   -0.14283329248428345,
   2.3271186351776123,
   1.06743323802948
  ],
  "euler_order": "XYZ",
  "rotation_matrix": [
   [
    -0.3310298025608063,
    -0.9169895648956299,
    0.22259703278541565
   ],
   [
    -0.6011320948600769,
    0.3867654502391815,
    0.6993229985237122
   ],
   [
    -0.727364718914032,
    0.09768655151128769,
    -0.6792627573013306
   ]
  ]
 },
 {
  "rotation_euler": [
   -0.2625987231731415,
   1.8928083181381226,
   0.3178631365299225
  ],
  "euler_order": "XYZ",
  "rotation_matrix": [
   [
    -0.30062204599380493,
    -0.5357357859611511,
    0.7890586256980896
   ],
   [
    -0.09891053289175034,
    0.8403795957565308,
    0.5328966975212097
   ],
   [
    -0.9486005902290344,
    0.082154281437397,
    -0.3056265413761139
   ]
  ]
 },
 {
  "rotation_euler": [
   2.89774227142334,
   1.2237669229507446,
   0.320527583360672
  ],
  "euler_order": "XYZ",
  "rotation_matrix": [
   [
    0.3227839767932892,
    0.5212303996086121,
    -0.7900185585021973
   ],
   [
    0.10715622454881668,
    -0.849456250667572,
    -0.5166639685630798
   ],
   [
    -0.9403871893882751,
    0.08211544156074524,
    -0.3300439417362213
   ]
  ]
 },
 {
  "rotation_euler": [
   -0.19570064544677734,
   2.0440917015075684,
   -1.8161509037017822
  ],
  "euler_order": "XYZ",
  "rotation_matrix": [
   [
    0.11071927100419998,
    0.9935752153396606,
    -0.023441441357135773
   ],
   [
    0.4421705901622772,
    -0.07036945968866348,
    -0.8941662907600403
   ],
   [
    -0.8900710344314575,
    0.08863631635904312,
    -0.4471209943294525
   ]
  ]
 },
 {
  "rotation_euler": [
   -0.12090356647968292,
   2.62540864944458,
   -1.3376394510269165
  ],
  "euler_order": "XYZ",
  "rotation_matrix": [
   [
    -0.2009463608264923,
    0.9520853757858276,
    0.23055152595043182
   ],
   [
    0.8461762070655823,
    0.28728121519088745,
    -0.4488376975059509
   ],
   [
    -0.4935649335384369,
    0.10489492118358612,
    -0.8633601069450378
   ]
  ]
 },
 {
  "rotation_euler": [
   -0.11372794210910797,
   2.7676773071289062,
   0.8716372847557068
  ],
  "euler_order": "XYZ",
  "rotation_matrix": [
   [
    -0.5991060733795166,
    -0.7871161103248596,
    0.14669731259346008
   ],
   [
    -0.7124990224838257,
    0.607690691947937,
    0.35079506039619446
   ],
   [
    -0.36526304483413696,
    0.10564175993204117,
    -0.9248906373977661
   ]
  ]
 }
]