[
 {
  "rotation_euler": [
   -1.5015617609024048,
   0.14205266535282135,
   1.7131518125534058
  ],
  "euler_order": "XYZ",
  "rotation_matrix": [
   [
    -0.14044612646102905,
    -0.048441577702760696,
    -0.9889025688171387
   ],
   [
    0.9799139499664307,
    -0.14962238073349,
    -0.13184025883674622
   ],
   [
    -0.1415753960609436,
    -0.9875558614730835,
    0.06848245859146118
   ]
  ]
 },
 {
  "rotation_euler": [
   -1.4959059953689575,
   -0.046286460012197495,
   1.8282653093338013
  ],
  "euler_order": "XYZ",
  "rotation_matrix": [
   [
    -0.2543610632419586,
    -0.08410295099020004,
    -0.9634454250335693
   ],
   [
    0.9660018086433411,
    0.02556755766272545,
    -0.25726786255836487
   ],
   [
    0.04626993462443352,
    -0.9961289763450623,
    0.0747402086853981
   ]
  ]
 },
 {
  "rotation_euler": [
   -1.5004348754882812,
   0.12216020375490189,
   1.4241807460784912
  ],
  "euler_order": "XYZ",
  "rotation_matrix": [
   [
    0.14500215649604797,
    -0.08730722218751907,
    -0.9855718016624451
   ],
   [
    0.981898844242096,
    -0.10998024791479111,
    0.15420441329479218
   ],
   [
    -0.12185659259557724,
    -0.9900918006896973,
    0.06977948546409607
   ]
  ]
 },
 {
  "rotation_euler": [
   -1.5040737390518188,
   0.18356892466545105,
   -2.613755464553833
  ],
  "euler_order": "XYZ",
  "rotation_matrix": [
   [
    -0.8493836522102356,
    0.19092583656311035,
    0.4920312762260437
   ],
   [
    -0.49520373344421387,
    0.034135691821575165,
    -0.8681060075759888
   ],
   [
    -0.1825396865606308,
    -0.9810107350349426,
    0.06555288285017014
   ]
  ]
 },
 {
  "rotation_euler": [
   1.663233995437622,
   -0.685064971446991,
   1.127304196357727
  ],
  "euler_order": "XYZ",
  "rotation_matrix": [
   [
    0.33228275179862976,
    -0.18696388602256775,
    0.9244634509086609
   ],
   [
    0.6994636058807373,
    -0.6086810827255249,
    -0.3745103180408478
   ],
   [
    0.632723331451416,
    0.7710718512535095,
    -0.07147979736328125
   ]
  ]
 },
 {
  "rotation_euler": [
   -1.4958518743515015,
   0.038723502308130264,
   -2.448782205581665
  ],
  "euler_order": "XYZ",
  "rotation_matrix": [
   [
    -0.7688772082328796,
    0.07752728462219238,
    0.6346789598464966
   ],
   [
    -0.63822340965271,
    -0.032955143600702286,
    -0.7691455483436584
   ],
   [
    -0.03871382400393486,
    -0.9964454174041748,
    0.0748181864619255
   ]
  ]
 },
 {
  "rotation_euler": [
   -1.4994103908538818,
   -0.12081846594810486,
   -0.6484670639038086
  ],
  "euler_order": "XYZ",
  "rotation_matrix": [
   [
    0.7912006378173828,
    0.13889287412166595,
    0.5955756306648254
   ],
   [
    -0.5995626449584961,
    -0.01576033979654312,
    0.8001726269721985
   ],
   [
    0.12052474915981293,
    -0.9901819825172424,
    0.0708053857088089
   ]
  ]
 },
 {
  "rotation_euler": [
   1.599599003791809,
   0.3181207776069641,
   1.152723789215088
  ],
  "euler_order": "XYZ",
  "rotation_matrix": [
   [
    0.38562867045402527,
    0.1532551646232605,
    0.909837007522583
   ],
   [
    0.8680195212364197,
    0.2740324139595032,
    -0.4140632748603821
   ],
   [
    -0.3127821683883667,
    0.9494309425354004,
    -0.027353717014193535
   ]
  ]
 },
 {
  "rotation_euler": [
   -1.4935917854309082,
   0.014841750264167786,
   3.080186367034912
  ],
  "euler_order": "XYZ",
  "rotation_matrix": [
   [
    -0.9980052709579468,
    0.010035947896540165,
    -0.062327414751052856
   ],
   [
    0.06136094406247139,
    -0.0778905600309372,
    -0.9950718283653259
   ],
   [
    -0.014841205440461636,
    -0.9969114065170288,
    0.0771193727850914
   ]
  ]
 },
 {
  "rotation_euler": [
   -1.5022698640823364,
   0.15505371987819672,
   0.5500695705413818
  ],
  "euler_order": "XYZ",
  "rotation_matrix": [
   [
    0.8422610759735107,
    -0.16713739931583405,
    -0.5125049948692322
   ],
   [
    0.516475260257721,
    -0.022167645394802094,
    0.856015145778656
   ],
   [
    -0.15443317592144012,
    -0.9856843948364258,
    0.06765139102935791
   ]
  ]
 },
 {
  "rotation_euler": [
   1.5794912576675415,
   0.09944126009941101,
   0.37637579441070557
  ],
  "euler_order": "XYZ",
  "rotation_matrix": [
   [
    0.9254084229469299,
    0.09552062302827835,
    0.36673569679260254
   ],
   [
    0.36573657393455505,
    0.028402075171470642,
    -0.9302849173545837
   ],
   [
    -0.09927745163440704,
    0.995022177696228,
    -0.008651867508888245
   ]
  ]
 },
 {
  "rotation_euler": [
   -1.4922434091567993,
   -3.5232833397458307e-06,
   -0.44020313024520874
  ],
  "euler_order": "XYZ",
  "rotation_matrix": [
   [
    0.9046651124954224,
    0.03344198688864708,
    0.42480894923210144
   ],
   [
    -0.4261232316493988,
    0.07098952680826187,
    0.9018755555152893
   ],
   [
    3.5232833397458307e-06,
    -0.9969162940979004,
    0.07847215980291367
   ]
  ]
 },
 {
  "rotation_euler": [
   -1.4922442436218262,
   -2.755837340373546e-05,
   -0.260663241147995
  ],
  "euler_order": "XYZ",
  "rotation_matrix": [
   [
    0.9662192463874817,
    0.020250288769602776,
    0.2569246292114258
   ],
   [
    -0.2577214539051056,
    0.075813427567482,
    0.9632403254508972
   ],
   [
    2.755837340373546e-05,
    -0.9969163537025452,
    0.07847132533788681
   ]
  ]
 },
 {
  "rotation_euler": [
   -1.497728943824768,
   0.06956358253955841,
   2.7636890411376953
  ],
  "euler_order": "XYZ",
  "rotation_matrix": [
   [
    -0.9271922707557678,
    0.03749478608369827,
    -0.37270447611808777
   ],
   [
    0.3680804371833801,
    -0.09342929720878601,
    -0.9250879883766174
   ],
   [
    -0.06950749456882477,
    -0.9949196577072144,
    0.0728258267045021
   ]
  ]
 },
 {
  "rotation_euler": [
   -1.4933891296386719,
   -0.01375824399292469,
   3.086759567260742
  ],
  "euler_order": "XYZ",
  "rotation_matrix": [
   [
    -0.9984025359153748,
    -0.01793411187827587,
    -0.05357921123504639
   ],
   [
    0.054800424724817276,
    -0.07646194845438004,
    -0.9955654144287109
   ],
   [
    0.01375780999660492,
    -0.9969112277030945,
    0.07732260227203369
   ]
  ]
 },
 {
  "rotation_euler": [
   1.5754013061523438,
   0.18200789391994476,
   -2.221881151199341
  ],
  "euler_order": "XYZ",
  "rotation_matrix": [
   [
    -0.5960390567779541,
    -0.11335956305265427,
    -0.7949132323265076
   ],
   [
    -0.782288134098053,
    -0.14118359982967377,
    0.6067062616348267
   ],
   [
    -0.18100465834140778,
    0.9834718108177185,
    -0.00452889921143651
   ]
  ]
 }
]