[
 {
  "rotation_euler": [
   -0.013245374895632267,
   0.019875098019838333,
   -2.122847080230713
  ],
  "euler_order": "XYZ",
  "rotation_matrix": [
   [
    -0.5243308544158936,
    0.8515141606330872,
    0.0008558700792491436
   ],
   [
    -0.8512826561927795,
    -0.5241643190383911,
    -0.02386619709432125
   ],
   [
    -0.019873790442943573,
    -0.013242371380329132,
    0.9997147917747498
   ]
  ]
 },
 {
  "rotation_euler": [
   -0.0001933340827235952,
   0.0002894419012591243,
   -0.7798007130622864
  ],
  "euler_order": "XYZ",
  "rotation_matrix": [
   [
    0.7110536694526672,
    0.7031376957893372,
    0.0003417491971049458
   ],
   [
    -0.7031376957893372,
    0.711053729057312,
    -6.604660302400589e-05
   ],
   [
    -0.0002894419012591243,
    -0.00019333406817167997,
    0.9999999403953552
   ]
  ]
 },
 {
  "rotation_euler": [
   -0.013252275064587593,
   0.019879480823874474,
   -1.9307748079299927
  ],
  "euler_order": "XYZ",
  "rotation_matrix": [
   [
    -0.3521845042705536,
    0.9359149932861328,
    0.005400947295129299
   ],
   [
    -0.9357194900512695,
    -0.3519766330718994,
    -0.023270465433597565
   ],
   [
    -0.019878171384334564,
    -0.013249268755316734,
    0.9997146129608154
   ]
  ]
 },
 {
  "rotation_euler": [
   -0.0132577084004879,
   0.019885631278157234,
   -1.882519245147705
  ],
  "euler_order": "XYZ",
  "rotation_matrix": [
   [
    -0.30663833022117615,
    0.9518037438392639,
    0.006520439404994249
   ],
   [
    -0.9516183733940125,
    -0.30642110109329224,
    -0.02299037016928196
   ],
   [
    -0.019884319975972176,
    -0.013254699297249317,
    0.9997144341468811
   ]
  ]
 },
 {
  "rotation_euler": [
   -0.00019565950788091868,
   0.0003096597793046385,
   1.6485270261764526
  ],
  "euler_order": "XYZ",
  "rotation_matrix": [
   [
    -0.0776524469256401,
    -0.9969804883003235,
    -0.00021911454678047448
   ],
   [
    0.9969804286956787,
    -0.07765250653028488,
    0.0002935313095804304
   ],
   [
    -0.0003096597793046385,
    -0.00019565949332900345,
    0.9999999403953552
   ]
  ]
 },
 {
  "rotation_euler": [
   -0.00019349646754562855,
   0.0002892782795242965,
   -1.6070623397827148
  ],
  "euler_order": "XYZ",
  "rotation_matrix": [
   [
    -0.03625806048512459,
    0.9993424415588379,
    0.0001828805689001456
   ],
   [
    -0.9993424415588379,
    -0.03625800833106041,
    -0.000296103855362162
   ],
   [
    -0.0002892782795242965,
    -0.00019349645299371332,
    0.9999999403953552
   ]
  ]
 },
 {
  "rotation_euler": [
   -0.0001934051251737401,
   0.00028969449340365827,
   -2.3987693786621094
  ],
  "euler_order": "XYZ",
  "rotation_matrix": [
   [
    -0.7365618944168091,
    0.6763701438903809,
    -8.256447472376749e-05
   ],
   [
    -0.6763700842857361,
    -0.7365618944168091,
    -0.0003383955336175859
   ],
   [
    -0.00028969449340365827,
    -0.00019340511062182486,
    0.9999999403953552
   ]
  ]
 },
 {
  "rotation_euler": [
   -0.013257208280265331,
   0.019884848967194557,
   3.0351033210754395
  ],
  "euler_order": "XYZ",
  "rotation_matrix": [
   [
    -0.994138777256012,
    -0.10601674020290375,
    -0.021178212016820908
   ],
   [
    0.10626716911792755,
    -0.9942759871482849,
    -0.011068525724112988
   ],
   [
    -0.0198835376650095,
    -0.013254199177026749,
    0.9997144341468811
   ]
  ]
 },
 {
  "rotation_euler": [
   -0.00019321069703437388,
   0.00028850167291238904,
   2.7228500843048096
  ],
  "euler_order": "XYZ",
  "rotation_matrix": [
   [
    -0.9136009216308594,
    -0.40661191940307617,
    -0.0003421371802687645
   ],
   [
    0.40661197900772095,
    -0.9136009812355042,
    -5.920924013480544e-05
   ],
   [
    -0.00028850167291238904,
    -0.00019321068248245865,
    0.9999999403953552
   ]
  ]
 },
 {
  "rotation_euler": [
   -0.00019257374515291303,
   0.00028996908804401755,
   -1.1203734874725342
  ],
  "euler_order": "XYZ",
  "rotation_matrix": [
   [
    0.43534621596336365,
    0.9002630710601807,
    0.0002996039984282106
   ],
   [
    -0.9002630710601807,
    0.4353462755680084,
    -0.00017721220501698554
   ],
   [
    -0.00028996908804401755,
    -0.0001925737306009978,
    0.9999999403953552
   ]
  ]
 },
 {
  "rotation_euler": [
   -0.00019247659656684846,
   0.00028888165252283216,
   1.355718970298767
  ],
  "euler_order": "XYZ",
  "rotation_matrix": [
   [
    0.2134229987859726,
    -0.9769598841667175,
    -0.00012638792395591736
   ],
   [
    0.9769598245620728,
    0.21342293918132782,
    0.0003233047027606517
   ],
   [
    -0.00028888165252283216,
    -0.00019247658201493323,
    0.9999999403953552
   ]
  ]
 },
 {
  "rotation_euler": [
   -0.01324766781181097,
   0.019871508702635765,
   0.6216305494308472
  ],
  "euler_order": "XYZ",
  "rotation_matrix": [
   [
    0.8127694725990295,
    -0.5825243592262268,
    0.008436959236860275
   ],
   [
    0.5822464823722839,
    0.8127053380012512,
    0.02233973518013954
   ],
   [
    -0.019870201125741005,
    -0.01324466522783041,
    0.9997148513793945
   ]
  ]
 },
 {
  "rotation_euler": [
   -0.00019180207164026797,
   0.0002879488456528634,
   -2.261610984802246
  ],
  "euler_order": "XYZ",
  "rotation_matrix": [
   [
    -0.6371652483940125,
    0.7707272171974182,
    -3.5643926821649075e-05
   ],
   [
    -0.7707271575927734,
    -0.6371651887893677,
    -0.00034413961111567914
   ],
   [
    -0.0002879488456528634,
    -0.00019180205708835274,
    0.9999999403953552
   ]
  ]
 },
 {
  "rotation_euler": [
   -0.013257253915071487,
   0.01988407038152218,
   -0.16464559733867645
  ],
  "euler_order": "XYZ",
  "rotation_matrix": [
   [
    0.9862815141677856,
    0.16362830996513367,
    0.021784989163279533
   ],
   [
    -0.16387033462524414,
    0.9864330291748047,
    0.009819034487009048
   ],
   [
    -0.01988276094198227,
    -0.013254244811832905,
    0.9997144341468811
   ]
  ]
 },
 {
  "rotation_euler": [
   -0.013254520483314991,
   0.01986898109316826,
   2.841526746749878
  ],
  "euler_order": "XYZ",
  "rotation_matrix": [
   [
    -0.9551284313201904,
    -0.29530563950538635,
    -0.02289595827460289
   ],
   [
    0.29552483558654785,
    -0.9553109407424927,
    -0.006789864040911198
   ],
   [
    -0.0198676735162735,
    -0.013251516036689281,
    0.9997147917747498
   ]
  ]
 },
 {
  "rotation_euler": [
   -0.01324477232992649,
   0.019875159487128258,
   0.9601479172706604
  ],
  "euler_order": "XYZ",
  "rotation_matrix": [
   [
    0.5732855796813965,
    -0.8193554878234863,
    0.0005438309162855148
   ],
   [
    0.8191145658493042,
    0.5731328725814819,
    0.02387506328523159
   ],
   [
    -0.019873851910233498,
    -0.013241768814623356,
    0.9997147917747498
   ]
  ]
 }
]