[
 {
  "rotation_euler": [
   0.001959866611286998,
   7.398765774269123e-06,
   -1.978420615196228
  ],
  "euler_order": "XYZ",
  "rotation_matrix": [
   [
    -0.3964293897151947,
    0.9180634617805481,
    -0.0018022173317149282
   ],
   [
    -0.9180651903152466,
    -0.396428644657135,
    0.0007701556896790862
   ],
   [
    -7.398765774269123e-06,
    0.0019598654471337795,
    0.9999980926513672
   ]
  ]
 },
 {
  "rotation_euler": [
   0.0021403564605861902,
   1.830486326070968e-05,
   -3.1348202228546143
  ],
  "euler_order": "XYZ",
  "rotation_matrix": [
   [
    -0.9999770522117615,
    0.006772324442863464,
    -3.279969678260386e-05
   ],
   [
    -0.006772378925234079,
    -0.99997478723526,
    0.00214018183760345
   ],
   [
    -1.830486326070968e-05,
    0.0021403548307716846,
    0.9999977350234985
   ]
  ]
 },
 {
  "rotation_euler": [
   -1.8914226293563843,
   1.8835456371307373,
   -0.28791967034339905
  ],
  "euler_order": "XYZ",
  "rotation_matrix": [
   [
    -0.2950107753276825,
    -0.9553235769271851,
    -0.018042048439383507
   ],
   [
    0.08736703544855118,
    -0.045773278921842575,
    0.9951240420341492
   ],
   [
    -0.9514912962913513,
    0.291996031999588,
    0.09696739912033081
   ]
  ]
 },
 {
  "rotation_euler": [
   0.9240803718566895,
   -0.0327296182513237,
   2.072988986968994
  ],
  "euler_order": "XYZ",
  "rotation_matrix": [
   [
    -0.48109084367752075,
    -0.5155983567237854,
    0.7090204358100891
   ],
   [
    0.8760597705841064,
    -0.3129368722438812,
    0.36686474084854126
   ],
   [
    0.03272377327084541,
    0.7976395487785339,
    0.6022460460662842
   ]
  ]
 },
 {
  "rotation_euler": [
   0.0020091733895242214,
   -8.256208161583345e-07,
   1.3679094314575195
  ],
  "euler_order": "XYZ",
  "rotation_matrix": [
   [
    0.2014978528022766,
    -0.9794870018959045,
    0.0019677954260259867
   ],
   [
    0.9794889688491821,
    0.20149743556976318,
    -0.0004056525358464569
   ],
   [
    8.256208161583345e-07,
    0.0020091719925403595,
    0.9999979734420776
   ]
  ]
 },
 {
  "rotation_euler": [
   0.0035721741151064634,
   3.915983688784763e-05,
   0.3828231990337372
  ],
  "euler_order": "XYZ",
  "rotation_matrix": [
   [
    0.9276137351989746,
    -0.3735382854938507,
    0.0013706749305129051
   ],
   [
    0.3735407888889313,
    0.9276078939437866,
    -0.003298963187262416
   ],
   [
    -3.915983688784763e-05,
    0.003572166431695223,
    0.999993622303009
   ]
  ]
 },
 {
  "rotation_euler": [
   1.2501718997955322,
   1.2580465078353882,
   0.16754187643527985
  ],
  "euler_order": "XYZ",
  "rotation_matrix": [
   [
    0.3033680319786072,
    0.8378021717071533,
    0.4539332091808319
   ],
   [
    0.05130782723426819,
    0.4613301157951355,
    -0.8857437968254089
   ],
   [
    -0.951491117477417,
    0.29199668765068054,
    0.09696700423955917
   ]
  ]
 },
 {
  "rotation_euler": [
   0.9206965565681458,
   3.6289179661253e-06,
   -0.587487518787384
  ],
  "euler_order": "XYZ",
  "rotation_matrix": [
   [
    0.832335889339447,
    0.33548402786254883,
    -0.4412113130092621
   ],
   [
    -0.5542715191841125,
    0.5037828683853149,
    -0.6625601053237915
   ],
   [
    -3.6289179661253e-06,
    0.796023428440094,
    0.6052658557891846
   ]
  ]
 },
 {
  "rotation_euler": [
   0.9206975102424622,
   -4.247305241733557e-06,
   2.9117305278778076
  ],
  "euler_order": "XYZ",
  "rotation_matrix": [
   [
    -0.97369784116745,
    -0.13790228962898254,
    0.18137121200561523
   ],
   [
    0.2278432846069336,
    -0.5893460512161255,
    0.7750862240791321
   ],
   [
    4.247305241733557e-06,
    0.796023964881897,
    0.6052650809288025
   ]
  ]
 },
 {
  "rotation_euler": [
   0.9218774437904358,
   -0.005903575569391251,
   -2.306847095489502
  ],
  "euler_order": "XYZ",
  "rotation_matrix": [
   [
    -0.6713545918464661,
    0.4510388970375061,
    -0.5880874991416931
   ],
   [
    -0.7411127686500549,
    -0.40223774313926697,
    0.5375468730926514
   ],
   [
    0.00590354111045599,
    0.7967237234115601,
    0.6043148636817932
   ]
  ]
 },
 {
  "rotation_euler": [
   0.0023826053366065025,
   -1.8673496242627152e-06,
   -2.5321385860443115
  ],
  "euler_order": "XYZ",
  "rotation_matrix": [
   [
    -0.8199606537818909,
    0.5724182724952698,
    -0.0013623182894662023
   ],
   [
    -0.5724198818206787,
    -0.8199583292007446,
    0.0019547096453607082
   ],
   [
    1.8673496242627152e-06,
    0.002382603008300066,
    0.9999971389770508
   ]
  ]
 },
 {
  "rotation_euler": [
   0.9206991791725159,
   -4.586549493978964e-06,
   -2.8685224056243896
  ],
  "euler_order": "XYZ",
  "rotation_matrix": [
   [
    -0.962947428226471,
    0.163236603140831,
    -0.2146766632795334
   ],
   [
    -0.2696892023086548,
    -0.5828361511230469,
    0.7665309906005859
   ],
   [
    4.586549493978964e-06,
    0.7960249781608582,
    0.6052637696266174
   ]
  ]
 },
 {
  "rotation_euler": [
   -1.8914283514022827,
   1.8835452795028687,
   0.3245398700237274
  ],
  "euler_order": "XYZ",
  "rotation_matrix": [
   [
    -0.29161399602890015,
    -0.7553631663322449,
    -0.5868455767631531
   ],
   [
    -0.09810929000377655,
    -0.5866560339927673,
    0.8038714528083801
   ],
   [
    -0.9514913558959961,
    0.29199516773223877,
    0.09696895629167557
   ]
  ]
 },
 {
  "rotation_euler": [
   1.2403870820999146,
   -1.2496438026428223,
   -0.31840988993644714
  ],
  "euler_order": "XYZ",
  "rotation_matrix": [
   [
    0.2997935116291046,
    -0.7508665919303894,
    -0.5884923338890076
   ],
   [
    -0.09881961345672607,
    0.5891057848930359,
    -0.8019906878471375
   ],
   [
    0.9488722681999207,
    0.2985861897468567,
    0.1024097427725792
   ]
  ]
 },
 {
  "rotation_euler": [
   0.002047761110588908,
   4.060084677348641e-07,
   -0.6480528712272644
  ],
  "euler_order": "XYZ",
  "rotation_matrix": [
   [
    0.7972606420516968,
    0.6036339402198792,
    -0.0012357761152088642
   ],
   [
    -0.6036351919174194,
    0.7972589731216431,
    -0.0016328432830050588
   ],
   [
    -4.060084677348641e-07,
    0.0020477597136050463,
    0.9999979138374329
   ]
  ]
 },
 {
  "rotation_euler": [
   0.0010738832643255591,
   -1.289427382289432e-05,
   -2.747042655944824
  ],
  "euler_order": "XYZ",
  "rotation_matrix": [
   [
    -0.9231696128845215,
    0.3843925893306732,
    -0.0004008893156424165
   ],
   [
    -0.38439279794692993,
    -0.9231690764427185,
    0.0009963327320292592
   ],
   [
    1.289427382289432e-05,
    0.0010738830314949155,
    0.9999994039535522
   ]
  ]
 }
]