[
 {
  "rotation_euler": [
   1.5309981107711792,
   -1.6291526556015015,
   1.04995596408844
  ],
  "euler_order": "XYZ",
  "rotation_matrix": [
   [
    -0.02902217023074627,
    -0.5308807492256165,
    0.8469494581222534
   ],
   [
    -0.050589632242918015,
    -0.8454403877258301,
    -0.5316683650016785
   ],
   [
    0.9982977509498596,
    -0.058277029544115067,
    -0.0023205471225082874
   ]
  ]
 },
 {
  "rotation_euler": [
   -1.5726672410964966,
   0.31370022892951965,
   -1.064560890197754
  ],
  "euler_order": "XYZ",
  "rotation_matrix": [
   [
    0.46122491359710693,
    -0.1512630134820938,
    0.874294638633728
   ],
   [
    -0.8318952918052673,
    0.2689693868160248,
    0.48539236187934875
   ],
   [
    -0.3085803985595703,
    -0.9511966109275818,
    -0.0017796093598008156
   ]
  ]
 },
 {
  "rotation_euler": [
   -1.5702252388000488,
   0.6347516775131226,
   -0.20305995643138885
  ],
  "euler_order": "XYZ",
  "rotation_matrix": [
   [
    0.7886750102043152,
    -0.5806790590286255,
    0.2019990086555481
   ],
   [
    -0.16238638758659363,
    0.12014355510473251,
    0.9793856143951416
   ],
   [
    -0.5929775834083557,
    -0.8052188158035278,
    0.00045985085307620466
   ]
  ]
 },
 {
  "rotation_euler": [
   1.565550684928894,
   2.107841968536377,
   0.6726348400115967
  ],
  "euler_order": "XYZ",
  "rotation_matrix": [
   [
    -0.40016451478004456,
    0.6687925457954407,
    0.6265659332275391
   ],
   [
    -0.3187517523765564,
    0.5394343137741089,
    -0.7793638110160828
   ],
   [
    -0.8592239022254944,
    -0.5115927457809448,
    -0.0026836569886654615
   ]
  ]
 },
 {
  "rotation_euler": [
   -1.5543688535690308,
   1.7873516082763672,
   -1.0451864004135132
  ],
  "euler_order": "XYZ",
  "rotation_matrix": [
   [
    -0.10780733823776245,
    -0.47574618458747864,
    0.8729507923126221
   ],
   [
    0.18586352467536926,
    0.852942168712616,
    0.48779547214508057
   ],
   [
    -0.9766433835029602,
    0.21483765542507172,
    -0.0035295572597533464
   ]
  ]
 },
 {
  "rotation_euler": [
   1.570503830909729,
   1.177663803100586,
   -1.1703379154205322
  ],
  "euler_order": "XYZ",
  "rotation_matrix": [
   [
    0.1493416130542755,
    0.36037033796310425,
    -0.9207770228385925
   ],
   [
    -0.3527751564979553,
    -0.8505175113677979,
    -0.3900893032550812
   ],
   [
    -0.9237135648727417,
    0.3830838203430176,
    0.00011205044575035572
   ]
  ]
 },
 {
  "rotation_euler": [
   -1.5658572912216187,
   -1.6177648305892944,
   -0.34149131178855896
  ],
  "euler_order": "XYZ",
  "rotation_matrix": [
   [
    -0.04424009844660759,
    0.9428597092628479,
    0.3302398920059204
   ],
   [
    0.01572362519800663,
    -0.329865425825119,
    0.943897008895874
   ],
   [
    0.9988971948623657,
    0.04695066437125206,
    -0.0002318928891327232
   ]
  ]
 },
 {
  "rotation_euler": [
   1.573233723640442,
   0.48696908354759216,
   1.9207853078842163
  ],
  "euler_order": "XYZ",
  "rotation_matrix": [
   [
    -0.30302858352661133,
    -0.1581638902425766,
    0.9397647976875305
   ],
   [
    0.8301789164543152,
    0.4404151737689972,
    0.3418149948120117
   ],
   [
    -0.46794945001602173,
    0.8837525844573975,
    -0.002154060173779726
   ]
  ]
 },
 {
  "rotation_euler": [
   -1.5619277954101562,
   2.4573752880096436,
   0.08103352785110474
  ],
  "euler_order": "XYZ",
  "rotation_matrix": [
   [
    -0.7723711729049683,
    -0.6306857466697693,
    -0.07535465061664581
   ],
   [
    -0.06272531300783157,
    -0.042321234941482544,
    0.9971331357955933
   ],
   [
    -0.6320667266845703,
    0.774883508682251,
    -0.006872258614748716
   ]
  ]
 },
 {
  "rotation_euler": [
   1.5732215642929077,
   -0.25763067603111267,
   -0.7199990749359131
  ],
  "euler_order": "XYZ",
  "rotation_matrix": [
   [
    0.726993978023529,
    -0.19315144419670105,
    -0.6589174866676331
   ],
   [
    -0.6376219391822815,
    0.16618072986602783,
    -0.7522115707397461
   ],
   [
    0.25479012727737427,
    0.966993510723114,
    -0.0023451936431229115
   ]
  ]
 },
 {
  "rotation_euler": [
   -1.5772385597229004,
   0.6258707642555237,
   -0.07560256868600845
  ],
  "euler_order": "XYZ",
  "rotation_matrix": [
   [
    0.8081382513046265,
    -0.5846043229103088,
    0.07176592946052551
   ],
   [
    -0.06121399998664856,
    0.037821345031261444,
    0.997407853603363
   ],
   [
    -0.585803210735321,
    -0.810436487197876,
    -0.005221093073487282
   ]
  ]
 },
 {
  "rotation_euler": [
   1.571024775505066,
   1.1177892684936523,
   0.03762783855199814
  ],
  "euler_order": "XYZ",
  "rotation_matrix": [
   [
    0.4373614490032196,
    0.8985071778297424,
    0.03741369768977165
   ],
   [
    0.01646473817527294,
    0.03359623998403549,
    -0.9992998838424683
   ],
   [
    -0.8991350531578064,
    0.4376712441444397,
    -9.998543100664392e-05
   ]
  ]
 },
 {
  "rotation_euler": [
   -1.5697481632232666,
   -1.9702951908111572,
   -0.10757031291723251
  ],
  "euler_order": "XYZ",
  "rotation_matrix": [
   [
    -0.38670849800109863,
    0.9160431027412415,
    0.10640287399291992
   ],
   [
    0.04175955057144165,
    -0.09786663204431534,
    0.9943230152130127
   ],
   [
    0.9212560057640076,
    0.3889565169811249,
    -0.0004076901823282242
   ]
  ]
 },
 {
  "rotation_euler": [
   1.5723392963409424,
   -0.561238169670105,
   -0.016223633661866188
  ],
  "euler_order": "XYZ",
  "rotation_matrix": [
   [
    0.8464853763580322,
    -0.5321891903877258,
    -0.015401788987219334
   ],
   [
    -0.013734273612499237,
    0.007091627921909094,
    -0.9998805522918701
   ],
   [
    0.5322348475456238,
    0.8465957641601562,
    -0.001306272461079061
   ]
  ]
 },
 {
  "rotation_euler": [
   -1.5682955980300903,
   2.4538767337799072,
   0.09687920659780502
  ],
  "euler_order": "XYZ",
  "rotation_matrix": [
   [
    -0.7690746188163757,
    -0.632037341594696,
    -0.09514747560024261
   ],
   [
    -0.07474131882190704,
    -0.058911051601171494,
    0.9954612851142883
   ],
   [
    -0.6347739100456238,
    0.7726954817771912,
    -0.0019323058659210801
   ]
  ]
 },
 {
  "rotation_euler": [
   -1.5724146366119385,
   1.0313522815704346,
   -0.34684398770332336
  ],
  "euler_order": "XYZ",
  "rotation_matrix": [
   [
    0.4830707907676697,
    -0.8074500560760498,
    0.3386251628398895
   ],
   [
    -0.17460885643959045,
    0.2901369333267212,
    0.9409210085868835
   ],
   [
    -0.8579943776130676,
    -0.5136584043502808,
    -0.0008312591235153377
   ]
  ]
 }
]