[
 {
  "rotation_euler": [
   1.1238504648208618,
   -0.7036036849021912,
   -1.6939188241958618
  ],
  "euler_order": "XYZ",
  "rotation_matrix": [
   [
    -0.09364581853151321,
    0.5005921721458435,
    -0.8606032133102417
   ],
   [
    -0.7567434310913086,
    0.5259214639663696,
    0.38826024532318115
   ],
   [
    0.646969735622406,
    0.6876147985458374,
    0.3295695185661316
   ]
  ]
 },
 {
  "rotation_euler": [
   1.1238505840301514,
   -0.7036035060882568,
   -1.3262345790863037
  ],
  "euler_order": "XYZ",
  "rotation_matrix": [
   [
    0.18462881445884705,
    0.2780883312225342,
    -0.9426447153091431
   ],
   [
    -0.7398260235786438,
    0.6707105040550232,
    0.05296117812395096
   ],
   [
    0.6469696164131165,
    0.687614917755127,
    0.3295694589614868
   ]
  ]
 },
 {
  "rotation_euler": [
   1.1238502264022827,
   -0.7036037445068359,
   1.4817843437194824
  ],
  "euler_order": "XYZ",
  "rotation_matrix": [
   [
    0.06778343766927719,
    -0.482365220785141,
    0.8733437061309814
   ],
   [
    0.7594968676567078,
    -0.5426875948905945,
    -0.35868462920188904
   ],
   [
    0.6469697952270508,
    0.6876146793365479,
    0.32956963777542114
   ]
  ]
 },
 {
  "rotation_euler": [
   1.1238503456115723,
   -0.7036036849021912,
   -2.170623302459717
  ],
  "euler_order": "XYZ",
  "rotation_matrix": [
   [
    -0.430439829826355,
    0.686103105545044,
    -0.5865015387535095
   ],
   [
    -0.6294057965278625,
    0.23758886754512787,
    0.7398647665977478
   ],
   [
    0.646969735622406,
    0.6876147389411926,
    0.32956957817077637
   ]
  ]
 },
 {
  "rotation_euler": [
   1.1238503456115723,
   -0.7036036849021912,
   1.6054322719573975
  ],
  "euler_order": "XYZ",
  "rotation_matrix": [
   [
    -0.026405170559883118,
    -0.4117510914802551,
    0.9109137058258057
   ],
   [
    0.7620583176612854,
    -0.598035991191864,
    -0.24823391437530518
   ],
   [
    0.646969735622406,
    0.6876147389411926,
    0.32956957817077637
   ]
  ]
 },
 {
  "rotation_euler": [
   1.1238504648208618,
   -0.7036036849021912,
   0.37829411029815674
  ],
  "euler_order": "XYZ",
  "rotation_matrix": [
   [
    0.708602786064148,
    -0.7018006443977356,
    0.07319825142621994
   ],
   [
    0.28162428736686707,
    0.1861768215894699,
    -0.9412895441055298
   ],
   [
    0.646969735622406,
    0.6876147985458374,
    0.3295695185661316
   ]
  ]
 },
 {
  "rotation_euler": [
   1.1238503456115723,
   -0.7036036849021912,
   0.4937199354171753
  ],
  "euler_order": "XYZ",
  "rotation_matrix": [
   [
    0.671453058719635,
    -0.7185726761817932,
    0.18111911416053772
   ],
   [
    0.3613598644733429,
    0.1041119173169136,
    -0.9265958070755005
   ],
   [
    0.646969735622406,
    0.6876147389411926,
    0.32956957817077637
   ]
  ]
 },
 {
  "rotation_euler": [
   1.1238508224487305,
   -0.7036036252975464,
   -0.6725690364837646
  ],
  "euler_order": "XYZ",
  "rotation_matrix": [
   [
    0.5964578986167908,
    -0.18709634244441986,
    -0.7805337309837341
   ],
   [
    -0.47504544258117676,
    0.7015559077262878,
    -0.5311790108680725
   ],
   [
    0.6469696760177612,
    0.687614917755127,
    0.3295692801475525
   ]
  ]
 },
 {
  "rotation_euler": [
   1.1238505840301514,
   -0.7036037445068359,
   1.0227614641189575
  ],
  "euler_order": "XYZ",
  "rotation_matrix": [
   [
    0.39727893471717834,
    -0.6728832721710205,
    0.6240172386169434
   ],
   [
    0.6508452296257019,
    -0.27278932929039,
    -0.7085100412368774
   ],
   [
    0.6469697952270508,
    0.6876147985458374,
    0.32956939935684204
   ]
  ]
 },
 {
  "rotation_euler": [
   1.1238504648208618,
   -0.7036036252975464,
   -1.1496244668960571
  ],
  "euler_order": "XYZ",
  "rotation_matrix": [
   [
    0.311739444732666,
    0.15592330694198608,
    -0.9372867345809937
   ],
   [
    -0.6958798170089722,
    0.7091359496116638,
    -0.11347900331020355
   ],
   [
    0.6469696760177612,
    0.6876147985458374,
    0.3295695185661316
   ]
  ]
 },
 {
  "rotation_euler": [
   1.1238503456115723,
   -0.7036036849021912,
   -0.6205930113792419
  ],
  "euler_order": "XYZ",
  "rotation_matrix": [
   [
    0.6203322410583496,
    -0.22329102456569672,
    -0.7518836855888367
   ],
   [
    -0.4434163570404053,
    0.6908886432647705,
    -0.5710121393203735
   ],
   [
    0.646969735622406,
    0.6876147389411926,
    0.32956957817077637
   ]
  ]
 },
 {
  "rotation_euler": [
   1.1238503456115723,
   -0.7036036252975464,
   0.6356698274612427
  ],
  "euler_order": "XYZ",
  "rotation_matrix": [
   [
    0.6135767102241516,
    -0.7260743379592896,
    0.3103863298892975
   ],
   [
    0.45271825790405273,
    0.0014056756626814604,
    -0.891652524471283
   ],
   [
    0.6469696760177612,
    0.6876147985458374,
    0.32956960797309875
   ]
  ]
 },
 {
  "rotation_euler": [
   1.1238502264022827,
   -0.7036035656929016,
   0.61961430311203
  ],
  "euler_order": "XYZ",
  "rotation_matrix": [
   [
    0.6207659840583801,
    -0.7259581685066223,
    0.2960309386253357
   ],
   [
    0.4428090751171112,
    0.013062628917396069,
    -0.8965207934379578
   ],
   [
    0.6469696760177612,
    0.6876147985458374,
    0.3295696973800659
   ]
  ]
 },
 {
  "rotation_euler": [
   1.1238504648208618,
   -0.7036036252975464,
   1.23459792137146
  ],
  "euler_order": "XYZ",
  "rotation_matrix": [
   [
    0.2515544891357422,
    -0.6004865169525146,
    0.7590364217758179
   ],
   [
    0.7198267579078674,
    -0.40816888213157654,
    -0.5614691376686096
   ],
   [
    0.6469696760177612,
    0.6876147985458374,
    0.3295695185661316
   ]
  ]
 },
 {
  "rotation_euler": [
   1.1238504648208618,
   -0.7036038041114807,
   0.3006427586078644
  ],
  "euler_order": "XYZ",
  "rotation_matrix": [
   [
    0.7283139824867249,
    -0.685243546962738,
    -4.1329069063067436e-05
   ],
   [
    0.22580693662166595,
    0.24005679786205292,
    -0.9441313147544861
   ],
   [
    0.6469698548316956,
    0.6876147389411926,
    0.3295694589614868
   ]
  ]
 },
 {
  "rotation_euler": [
   1.1238508224487305,
   -0.7036036849021912,
   -2.3847908973693848
  ],
  "euler_order": "XYZ",
  "rotation_matrix": [
   [
    -0.5543760657310486,
    0.7209237217903137,
    -0.4158559739589691
   ],
   [
    -0.5235430598258972,
    0.08634091913700104,
    0.8476130962371826
   ],
   [
    0.646969735622406,
    0.687614917755127,
    0.3295692503452301
   ]
  ]
 }
]