[
 {
  "rotation_euler": [
   -0.06310278177261353,
   -1.5495665073394775,
   -2.028489589691162
  ],
  "euler_order": "XYZ",
  "rotation_matrix": [
   [
    -0.00938032753765583,
    0.8674296736717224,
    0.497471421957016
   ],
   [
    -0.019043292850255966,
    -0.497558057308197,
    0.8672215938568115
   ],
   [
    0.9997746348381042,
    -0.0013386711943894625,
    0.021185973659157753
   ]
  ]
 },
 {
  "rotation_euler": [
   -0.06649018824100494,
   -1.5495648384094238,
   1.4229085445404053
  ],
  "euler_order": "XYZ",
  "rotation_matrix": [
   [
    0.003128209849819541,
    -0.9771111011505127,
    -0.2127065360546112
   ],
   [
    0.020998159423470497,
    0.21272486448287964,
    -0.976886510848999
   ],
   [
    0.9997746348381042,
    -0.0014105397276580334,
    0.021182982251048088
   ]
  ]
 },
 {
  "rotation_euler": [
   0.170010507106781,
   1.5490491390228271,
   -2.7769978046417236
  ],
  "euler_order": "XYZ",
  "rotation_matrix": [
   [
    -0.020316107198596,
    0.19339612126350403,
    -0.9809104204177856
   ],
   [
    -0.007753801066428423,
    -0.981113851070404,
    -0.19327564537525177
   ],
   [
    -0.999763548374176,
    0.0036791753955185413,
    0.021431969478726387
   ]
  ]
 },
 {
  "rotation_euler": [
   -0.058392833918333054,
   -1.5495696067810059,
   -1.4834843873977661
  ],
  "euler_order": "XYZ",
  "rotation_matrix": [
   [
    0.0018508532084524632,
    0.9995807409286499,
    -0.028895463794469833
   ],
   [
    -0.02114427462220192,
    0.02892817184329033,
    0.9993578195571899
   ],
   [
    0.999774694442749,
    -0.0012386910384520888,
    0.021188950166106224
   ]
  ]
 },
 {
  "rotation_euler": [
   -0.04293201491236687,
   -1.549583911895752,
   -1.2663488388061523
  ],
  "euler_order": "XYZ",
  "rotation_matrix": [
   [
    0.006358286365866661,
    0.9659963846206665,
    -0.25847741961479187
   ],
   [
    -0.020235396921634674,
    0.25855401158332825,
    0.9657848477363586
   ],
   [
    0.9997750520706177,
    -0.0009103437187150121,
    0.021191280335187912
   ]
  ]
 },
 {
  "rotation_euler": [
   0.15984976291656494,
   1.549066185951233,
   2.2223758697509766
  ],
  "euler_order": "XYZ",
  "rotation_matrix": [
   [
    -0.013177056796848774,
    -0.8814946413040161,
    -0.47201007604599
   ],
   [
    0.017276858910918236,
    -0.4721812903881073,
    0.8813321590423584
   ],
   [
    -0.9997639060020447,
    0.003458511782810092,
    0.021451419219374657
   ]
  ]
 },
 {
  "rotation_euler": [
   2.1283493041992188,
   1.6088699102401733,
   0.08105986565351486
  ],
  "euler_order": "XYZ",
  "rotation_matrix": [
   [
    -0.0379393994808197,
    0.8879959583282471,
    -0.45828354358673096
   ],
   [
    -0.0030821161344647408,
    -0.458715558052063,
    -0.8885778188705444
   ],
   [
    -0.999275267124176,
    -0.032299626618623734,
    0.020140299573540688
   ]
  ]
 },
 {
  "rotation_euler": [
   -0.06597016006708145,
   -1.549565076828003,
   2.3792734146118164
  ],
  "euler_order": "XYZ",
  "rotation_matrix": [
   [
    -0.015354056842625141,
    -0.7367650866508484,
    0.675974428653717
   ],
   [
    0.014661213383078575,
    -0.6761473417282104,
    -0.7366205453872681
   ],
   [
    0.9997746348381042,
    -0.0013995080953463912,
    0.021183475852012634
   ]
  ]
 },
 {
  "rotation_euler": [
   -0.06016600504517555,
   -1.5495554208755493,
   0.14711466431617737
  ],
  "euler_order": "XYZ",
  "rotation_matrix": [
   [
    0.021009884774684906,
    -0.08685256540775299,
    -0.9959996342658997
   ],
   [
    0.0031133550219237804,
    0.9962203502655029,
    -0.08680614084005356
   ],
   [
    0.9997743964195251,
    -0.0012771135661751032,
    0.0212008785456419
   ]
  ]
 },
 {
  "rotation_euler": [
   -0.1085907518863678,
   -1.5495269298553467,
   -1.2351438999176025
  ],
  "euler_order": "XYZ",
  "rotation_matrix": [
   [
    0.00700529757887125,
    0.9743239879608154,
    -0.22504153847694397
   ],
   [
    -0.02008095756173134,
    0.22513873875141144,
    0.9741197824478149
   ],
   [
    0.9997738003730774,
    -0.002304949564859271,
    0.021142521873116493
   ]
  ]
 },
 {
  "rotation_euler": [
   0.41141021251678467,
   1.5476207733154297,
   0.5203784704208374
  ],
  "euler_order": "XYZ",
  "rotation_matrix": [
   [
    0.020106030628085136,
    -0.10884591192007065,
    0.9938552975654602
   ],
   [
    0.011522051878273487,
    0.9940154552459717,
    0.10863035917282104
   ],
   [
    -0.9997314810752869,
    0.009267127141356468,
    0.021239832043647766
   ]
  ]
 },
 {
  "rotation_euler": [
   -0.05278792977333069,
   -1.5495679378509521,
   -0.7638877630233765
  ],
  "euler_order": "XYZ",
  "rotation_matrix": [
   [
    0.015328976325690746,
    0.7288653254508972,
    -0.6844854950904846
   ],
   [
    -0.014683300629258156,
    0.6846562027931213,
    0.7287182211875916
   ],
   [
    0.999774694442749,
    -0.0011199981672689319,
    0.021197225898504257
   ]
  ]
 },
 {
  "rotation_euler": [
   -0.05104989558458328,
   -1.5495703220367432,
   -1.4479784965515137
  ],
  "euler_order": "XYZ",
  "rotation_matrix": [
   [
    0.0026001876685768366,
    0.9974243640899658,
    -0.0716787800192833
   ],
   [
    -0.021064534783363342,
    0.0717177465558052,
    0.9972025156021118
   ],
   [
    0.9997747540473938,
    -0.0010830333922058344,
    0.02119676023721695
   ]
  ]
 },
 {
  "rotation_euler": [
   0.08411949127912521,
   -1.5496594905853271,
   0.4718320369720459
  ],
  "euler_order": "XYZ",
  "rotation_matrix": [
   [
    0.018825961276888847,
    -0.5277350544929504,
    -0.8492003679275513
   ],
   [
    0.00960637629032135,
    0.8494071960449219,
    -0.5276505947113037
   ],
   [
    0.9997766017913818,
    0.0017757915193215013,
    0.021060528233647346
   ]
  ]
 },
 {
  "rotation_euler": [
   -0.04652278125286102,
   -1.5495710372924805,
   -0.7429443597793579
  ],
  "euler_order": "XYZ",
  "rotation_matrix": [
   [
    0.015630828216671944,
    0.7099704146385193,
    -0.704058051109314
   ],
   [
    -0.014356966130435467,
    0.7042308449745178,
    0.7098259329795837
   ],
   [
    0.9997747540473938,
    -0.000987029168754816,
    0.02120073139667511
   ]
  ]
 },
 {
  "rotation_euler": [
   0.13539351522922516,
   1.5491255521774292,
   0.8164576292037964
  ],
  "euler_order": "XYZ",
  "rotation_matrix": [
   [
    0.014839135110378265,
    -0.6296417713165283,
    0.7767438292503357
   ],
   [
    0.01579079031944275,
    0.7768800854682922,
    0.6294505596160889
   ],
   [
    -0.9997652173042297,
    0.0029248972423374653,
    0.021470770239830017
   ]
  ]
 }
]