[
 {
  "rotation_euler": [
   -0.010155449621379375,
   1.4869714505039155e-05,
   -2.3286972045898438
  ],
  "euler_order": "XYZ",
  "rotation_matrix": [
   [
    -0.6873984336853027,
    0.7262431979179382,
    0.007365357596427202
   ],
   [
    -0.7262805700302124,
    -0.6873628497123718,
    -0.0069915191270411015
   ],
   [
    -1.4869714505039155e-05,
    -0.010155275464057922,
    0.9999484419822693
   ]
  ]
 },
 {
  "rotation_euler": [
   -0.49267032742500305,
   1.5936449766159058,
   0.8666117191314697
  ],
  "euler_order": "XYZ",
  "rotation_matrix": [
   [
    -0.01479121670126915,
    -0.9776341915130615,
    0.20979177951812744
   ],
   [
    -0.017412347719073296,
    0.21003475785255432,
    0.9775388240814209
   ],
   [
    -0.9997389912605286,
    0.01080602128058672,
    -0.020129576325416565
   ]
  ]
 },
 {
  "rotation_euler": [
   -0.01015221793204546,
   -1.4005063349031843e-05,
   -0.5933983325958252
  ],
  "euler_order": "XYZ",
  "rotation_matrix": [
   [
    0.8290451765060425,
    0.5591529011726379,
    0.00566522590816021
   ],
   [
    -0.5591816306114197,
    0.8290023803710938,
    0.008424334228038788
   ],
   [
    1.4005063349031843e-05,
    -0.010152043774724007,
    0.9999484419822693
   ]
  ]
 },
 {
  "rotation_euler": [
   -0.0101546635851264,
   1.4391508557309862e-05,
   -0.5006519556045532
  ],
  "euler_order": "XYZ",
  "rotation_matrix": [
   [
    0.8772698044776917,
    0.4799727201461792,
    0.004886754788458347
   ],
   [
    -0.47999757528305054,
    0.8772246241569519,
    0.008901319466531277
   ],
   [
    -1.4391508557309862e-05,
    -0.010154489427804947,
    0.9999484419822693
   ]
  ]
 },
 {
  "rotation_euler": [
   -0.4926741123199463,
   1.593645453453064,
   -2.4139037132263184
  ],
  "euler_order": "XYZ",
  "rotation_matrix": [
   [
    0.01706026867032051,
    0.9391318559646606,
    -0.3431330621242523
   ],
   [
    0.01519667636603117,
    -0.3433868885040283,
    -0.9390710592269897
   ],
   [
    -0.9997389912605286,
    0.010806323029100895,
    -0.020129956305027008
   ]
  ]
 },
 {
  "rotation_euler": [
   -0.4926699697971344,
   -1.5936453342437744,
   0.9481516480445862
  ],
  "euler_order": "XYZ",
  "rotation_matrix": [
   [
    -0.013324052095413208,
    -0.43996694684028625,
    -0.8979151248931885
   ],
   [
    -0.018559524789452553,
    0.8979489803314209,
    -0.4397081136703491
   ],
   [
    0.9997389912605286,
    0.010806183330714703,
    -0.020129894837737083
   ]
  ]
 },
 {
  "rotation_euler": [
   -0.010152130387723446,
   -2.097073803497551e-07,
   -1.0350944995880127
  ],
  "euler_order": "XYZ",
  "rotation_matrix": [
   [
    0.510444700717926,
    0.8598662614822388,
    0.008729667402803898
   ],
   [
    -0.8599106073379517,
    0.5104183554649353,
    0.005182192195206881
   ],
   [
    2.097073803497551e-07,
    -0.010151956230401993,
    0.9999484419822693
   ]
  ]
 },
 {
  "rotation_euler": [
   -0.010150415822863579,
   1.8242408259538934e-05,
   -2.555539608001709
  ],
  "euler_order": "XYZ",
  "rotation_matrix": [
   [
    -0.8331301212310791,
    0.5530486702919006,
    0.0055986675433814526
   ],
   [
    -0.5530770421028137,
    -0.8330870866775513,
    -0.008466561324894428
   ],
   [
    -1.8242408259538934e-05,
    -0.010150241665542126,
    0.9999485015869141
   ]
  ]
 },
 {
  "rotation_euler": [
   -0.010396260768175125,
   0.025884926319122314,
   0.652176022529602
  ],
  "euler_order": "XYZ",
  "rotation_matrix": [
   [
    0.7944988012313843,
    -0.6070983409881592,
    0.014259468764066696
   ],
   [
    0.6067139506340027,
    0.7945587635040283,
    0.02396984025835991
   ],
   [
    -0.025882035493850708,
    -0.010392590425908566,
    0.999610960483551
   ]
  ]
 },
 {
  "rotation_euler": [
   -0.010154720395803452,
   -2.0637153284042142e-05,
   0.5707736611366272
  ],
  "euler_order": "XYZ",
  "rotation_matrix": [
   [
    0.8414832353591919,
    -0.5402551889419556,
    -0.005503695923835039
   ],
   [
    0.5402832627296448,
    0.841439962387085,
    0.00853373110294342
   ],
   [
    2.0637153284042142e-05,
    -0.010154546238481998,
    0.9999484419822693
   ]
  ]
 },
 {
  "rotation_euler": [
   -0.4926745295524597,
   -1.593644380569458,
   -1.0791698694229126
  ],
  "euler_order": "XYZ",
  "rotation_matrix": [
   [
    -0.010784721933305264,
    0.9999411702156067,
    0.0011566290631890297
   ],
   [
    0.02014032006263733,
    -0.0009392413776367903,
    0.9997967481613159
   ],
   [
    0.9997389912605286,
    0.010805823840200901,
    -0.0201290063560009
   ]
  ]
 },
 {
  "rotation_euler": [
   -0.4926796853542328,
   -1.5936452150344849,
   2.0211100578308105
  ],
  "euler_order": "XYZ",
  "rotation_matrix": [
   [
    0.009944068267941475,
    -0.9990489482879639,
    -0.04245338216423988
   ],
   [
    -0.02056930586695671,
    0.042242128401994705,
    -0.9988956451416016
   ],
   [
    0.9997389912605286,
    0.010806323029100895,
    -0.02012968622148037
   ]
  ]
 },
 {
  "rotation_euler": [
   -0.01015003677457571,
   1.9549357602954842e-05,
   1.0765202045440674
  ],
  "euler_order": "XYZ",
  "rotation_matrix": [
   [
    0.4743945300579071,
    -0.8802670836448669,
    -0.00892577599734068
   ],
   [
    0.8803123235702515,
    0.47436991333961487,
    0.004832248203456402
   ],
   [
    -1.9549357602954842e-05,
    -0.010149862617254257,
    0.9999485015869141
   ]
  ]
 },
 {
  "rotation_euler": [
   -0.010149735026061535,
   -1.8432283468428068e-05,
   -2.8587794303894043
  ],
  "euler_order": "XYZ",
  "rotation_matrix": [
   [
    -0.9602741599082947,
    0.27904367446899414,
    0.002850017510354519
   ],
   [
    -0.27905821800231934,
    -0.9602247476577759,
    -0.009741217829287052
   ],
   [
    1.8432283468428068e-05,
    -0.010149560868740082,
    0.9999485015869141
   ]
  ]
 },
 {
  "rotation_euler": [
   -0.010155376978218555,
   -1.6322230294463225e-05,
   0.31578150391578674
  ],
  "euler_order": "XYZ",
  "rotation_matrix": [
   [
    0.9505539536476135,
    -0.3105432689189911,
    -0.0031693081837147474
   ],
   [
    0.3105594217777252,
    0.9505050182342529,
    0.009647998958826065
   ],
   [
    1.6322230294463225e-05,
    -0.010155202820897102,
    0.9999484419822693
   ]
  ]
 },
 {
  "rotation_euler": [
   -0.4926767647266388,
   -1.5936450958251953,
   2.0516791343688965
  ],
  "euler_order": "XYZ",
  "rotation_matrix": [
   [
    0.010568053461611271,
    -0.9998733401298523,
    -0.011900062672793865
   ],
   [
    -0.02025565691292286,
    0.011684225872159004,
    -0.9997265338897705
   ],
   [
    0.9997389912605286,
    0.010806207545101643,
    -0.0201296117156744
   ]
  ]
 }
]