[
 {
  "rotation_euler": [
   -1.2545418739318848,
   -1.4801605939865112,
   -1.1590912342071533
  ],
  "euler_order": "XYZ",
  "rotation_matrix": [
   [
    0.03622029349207878,
    0.6637866497039795,
    0.7470444440841675
   ],
   [
    -0.08294852077960968,
    -0.7429584860801697,
    0.6641778349876404
   ],
   [
    0.9958953857421875,
    -0.08602294325828552,
    0.02814994566142559
   ]
  ]
 },
 {
  "rotation_euler": [
   1.2274103164672852,
   1.486422061920166,
   -1.0813106298446655
  ],
  "euler_order": "XYZ",
  "rotation_matrix": [
   [
    0.03962336853146553,
    0.7382914423942566,
    -0.6733169555664062
   ],
   [
    -0.07437827438116074,
    -0.6697974801063538,
    -0.7388092875480652
   ],
   [
    -0.9964426159858704,
    0.07935427129268646,
    0.02837321162223816
   ]
  ]
 },
 {
  "rotation_euler": [
   -0.015135231427848339,
   0.000933009316213429,
   -1.5380778312683105
  ],
  "euler_order": "XYZ",
  "rotation_matrix": [
   [
    0.03271264582872391,
    0.99934983253479,
    0.015157070942223072
   ],
   [
    -0.9994643330574036,
    0.03272302448749542,
    -0.00043730827746912837
   ],
   [
    -0.0009330091997981071,
    -0.01513464655727148,
    0.9998850226402283
   ]
  ]
 },
 {
  "rotation_euler": [
   -0.19801290333271027,
   1.5437308549880981,
   1.8134626150131226
  ],
  "euler_order": "XYZ",
  "rotation_matrix": [
   [
    -0.0065028127282857895,
    -0.904479444026947,
    -0.42646756768226624
   ],
   [
    0.02626926638185978,
    -0.4264839291572571,
    0.9041135907173157
   ],
   [
    -0.9996337294578552,
    -0.005323708988726139,
    0.026533357799053192
   ]
  ]
 },
 {
  "rotation_euler": [
   -0.007279090583324432,
   0.01338176615536213,
   3.0833842754364014
  ],
  "euler_order": "XYZ",
  "rotation_matrix": [
   [
    -0.998216986656189,
    -0.05807673558592796,
    -0.013781811110675335
   ],
   [
    0.05817030370235443,
    -0.9982855916023254,
    -0.006488251034170389
   ],
   [
    -0.01338136661797762,
    -0.007278374396264553,
    0.9998839497566223
   ]
  ]
 },
 {
  "rotation_euler": [
   -1.830033540725708,
   1.6808441877365112,
   -0.3998025059700012
  ],
  "euler_order": "XYZ",
  "rotation_matrix": [
   [
    -0.10116477310657501,
    -0.9847510457038879,
    0.14153122901916504
   ],
   [
    0.04274823144078255,
    0.13782697916030884,
    0.9895333647727966
   ],
   [
    -0.9939508438110352,
    0.106156125664711,
    0.028153128921985626
   ]
  ]
 },
 {
  "rotation_euler": [
   2.1435022354125977,
   1.623211145401001,
   -0.3227732181549072
  ],
  "euler_order": "XYZ",
  "rotation_matrix": [
   [
    -0.04968532919883728,
    0.6240503191947937,
    -0.7798029184341431
   ],
   [
    0.01661825180053711,
    -0.780142605304718,
    -0.6253809928894043
   ],
   [
    -0.9986266493797302,
    -0.04403122141957283,
    0.02839101478457451
   ]
  ]
 },
 {
  "rotation_euler": [
   -0.47129616141319275,
   1.5386310815811157,
   2.5938565731048584
  ],
  "euler_order": "XYZ",
  "rotation_matrix": [
   [
    -0.027454916387796402,
    -0.07656599581241608,
    -0.9966864585876465
   ],
   [
    0.016747351735830307,
    -0.9969576001167297,
    0.07612550258636475
   ],
   [
    -0.9994827508926392,
    -0.014601838774979115,
    0.028653666377067566
   ]
  ]
 },
 {
  "rotation_euler": [
   1.2613952159881592,
   -1.4781928062438965,
   -1.1833271980285645
  ],
  "euler_order": "XYZ",
  "rotation_matrix": [
   [
    0.03493991866707802,
    -0.07644668221473694,
    -0.9964612722396851
   ],
   [
    -0.08561617881059647,
    0.9931755661964417,
    -0.07919665426015854
   ],
   [
    0.9957153797149658,
    0.08808033168315887,
    0.028156399726867676
   ]
  ]
 },
 {
  "rotation_euler": [
   2.111208915710449,
   1.6229395866394043,
   0.8467714786529541
  ],
  "euler_order": "XYZ",
  "rotation_matrix": [
   [
    -0.03452431783080101,
    0.9526659846305847,
    0.30205225944519043
   ],
   [
    -0.03904519975185394,
    0.30071595311164856,
    -0.9529141783714294
   ],
   [
    -0.9986408352851868,
    -0.04469240456819534,
    0.02681502141058445
   ]
  ]
 },
 {
  "rotation_euler": [
   0.08383876830339432,
   -1.5419038534164429,
   -1.2583574056625366
  ],
  "euler_order": "XYZ",
  "rotation_matrix": [
   [
    0.008879744447767735,
    0.9225149154663086,
    -0.38585934042930603
   ],
   [
    -0.02748986892402172,
    0.3859539330005646,
    0.9221084117889404
   ],
   [
    0.9995826482772827,
    0.0024191359989345074,
    0.02878698520362377
   ]
  ]
 },
 {
  "rotation_euler": [
   -1.2443337440490723,
   1.4832638502120972,
   0.09696444123983383
  ],
  "euler_order": "XYZ",
  "rotation_matrix": [
   [
    0.08701009303331375,
    -0.9701713919639587,
    0.22626683115959167
   ],
   [
    0.008463426493108273,
    0.22783993184566498,
    0.9736618399620056
   ],
   [
    -0.9961714744567871,
    -0.08280341327190399,
    0.028035348281264305
   ]
  ]
 },
 {
  "rotation_euler": [
   -1.2905004024505615,
   -1.469287395477295,
   -0.9914470911026001
  ],
  "euler_order": "XYZ",
  "rotation_matrix": [
   [
    0.055478665977716446,
    0.7549027800559998,
    0.6534859538078308
   ],
   [
    -0.08479881286621094,
    -0.6485668420791626,
    0.7564193606376648
   ],
   [
    0.9948523640632629,
    -0.09737996757030487,
    0.028033234179019928
   ]
  ]
 },
 {
  "rotation_euler": [
   1.1748141050338745,
   1.4969478845596313,
   0.7062424421310425
  ],
  "euler_order": "XYZ",
  "rotation_matrix": [
   [
    0.056133270263671875,
    0.44969919323921204,
    0.8914144039154053
   ],
   [
    0.04788258299231529,
    0.8905823230743408,
    -0.45229461789131165
   ],
   [
    -0.9972744584083557,
    0.06807199865579605,
    0.02845853753387928
   ]
  ]
 },
 {
  "rotation_euler": [
   0.008040058426558971,
   0.011222695000469685,
   -1.0291028022766113
  ],
  "euler_order": "XYZ",
  "rotation_matrix": [
   [
    0.5155553221702576,
    0.856855571269989,
    -0.0011029670713469386
   ],
   [
    -0.8567827939987183,
    0.5154938101768494,
    -0.013760816305875778
   ],
   [
    -0.011222459375858307,
    0.008039465174078941,
    0.9999046921730042
   ]
  ]
 },
 {
  "rotation_euler": [
   2.147034168243408,
   -1.623218059539795,
   0.08513780683279037
  ],
  "euler_order": "XYZ",
  "rotation_matrix": [
   [
    -0.05220793932676315,
    -0.7880003452301025,
    0.6134572625160217
   ],
   [
    -0.004455640446394682,
    -0.6141050457954407,
    -0.7892116904258728
   ],
   [
    0.9986262917518616,
    -0.043936461210250854,
    0.02855011448264122
   ]
  ]
 }
]