[
 {
  "rotation_euler": [
   0.0022202408872544765,
   1.7742611817084253e-05,
   2.8710505962371826
  ],
  "euler_order": "XYZ",
  "rotation_matrix": [
   [
    -0.9636261463165283,
    -0.26725319027900696,
    0.000576270162127912
   ],
   [
    0.2672538161277771,
    -0.9636237621307373,
    0.0021442221477627754
   ],
   [
    -1.7742611817084253e-05,
    0.0022202390246093273,
    0.9999975562095642
   ]
  ]
 },
 {
  "rotation_euler": [
   1.5298240184783936,
   -1.4025053977966309,
   0.006298291031271219
  ],
  "euler_order": "XYZ",
  "rotation_matrix": [
   [
    0.16749434173107147,
    -0.9852835536003113,
    -0.03408840671181679
   ],
   [
    0.0010549421422183514,
    0.034755975008010864,
    -0.9993952512741089
   ],
   [
    0.9858724474906921,
    0.16735710203647614,
    0.006860846187919378
   ]
  ]
 },
 {
  "rotation_euler": [
   1.0792462825775146,
   -2.585679067124147e-05,
   2.0806503295898438
  ],
  "euler_order": "XYZ",
  "rotation_matrix": [
   [
    -0.48804983496665955,
    -0.41195178031921387,
    0.7694823741912842
   ],
   [
    0.8728157877922058,
    -0.2303759902715683,
    0.4302552044391632
   ],
   [
    2.585679067124147e-05,
    0.8816022872924805,
    0.47199296951293945
   ]
  ]
 },
 {
  "rotation_euler": [
   2.5474863052368164,
   -1.4227921962738037,
   0.26727962493896484
  ],
  "euler_order": "XYZ",
  "rotation_matrix": [
   [
    0.14222835004329681,
    -0.3151369094848633,
    0.938328206539154
   ],
   [
    0.038946617394685745,
    -0.9454495906829834,
    -0.32343199849128723
   ],
   [
    0.9890673756599426,
    0.08254590630531311,
    -0.12219621986150742
   ]
  ]
 },
 {
  "rotation_euler": [
   -0.5098934769630432,
   1.722899317741394,
   -1.5653561353683472
  ],
  "euler_order": "XYZ",
  "rotation_matrix": [
   [
    -0.0008242783951573074,
    0.8701589703559875,
    0.49277040362358093
   ],
   [
    0.151514932513237,
    0.4871901869773865,
    -0.860051691532135
   ],
   [
    -0.9884546399116516,
    0.07395315170288086,
    -0.13224366307258606
   ]
  ]
 },
 {
  "rotation_euler": [
   0.003006842453032732,
   0.013392385095357895,
   -1.190859317779541
  ],
  "euler_order": "XYZ",
  "rotation_matrix": [
   [
    0.3708287179470062,
    0.928698718547821,
    0.0021741411183029413
   ],
   [
    -0.9286047220230103,
    0.3708229064941406,
    -0.013552040793001652
   ],
   [
    -0.01339198462665081,
    0.0030065681785345078,
    0.9999058246612549
   ]
  ]
 },
 {
  "rotation_euler": [
   0.0022230343893170357,
   -2.4986511562019587e-05,
   0.000292694428935647
  ],
  "euler_order": "XYZ",
  "rotation_matrix": [
   [
    0.9999999403953552,
    -0.0002927492605522275,
    -2.4335779016837478e-05
   ],
   [
    0.000292694428935647,
    0.9999974966049194,
    -0.0022230397444218397
   ],
   [
    2.4986511562019587e-05,
    0.0022230325266718864,
    0.9999975562095642
   ]
  ]
 },
 {
  "rotation_euler": [
   -1.600653886795044,
   -1.8012535572052002,
   0.15109753608703613
  ],
  "euler_order": "XYZ",
  "rotation_matrix": [
   [
    -0.2258201539516449,
    0.9665343761444092,
    -0.12172343581914902
   ],
   [
    -0.03438292816281319,
    0.11696542054414749,
    0.9925406575202942
   ],
   [
    0.9735620617866516,
    0.2283208817243576,
    0.006819130852818489
   ]
  ]
 },
 {
  "rotation_euler": [
   1.0925395488739014,
   -0.11820586025714874,
   -0.13510435819625854
  ],
  "euler_order": "XYZ",
  "rotation_matrix": [
   [
    0.9839726686477661,
    -0.04175429046154022,
    -0.17336183786392212
   ],
   [
    -0.13375380635261536,
    0.4701405465602875,
    -0.8723977208137512
   ],
   [
    0.11793077737092972,
    0.8816033601760864,
    0.45702067017555237
   ]
  ]
 },
 {
  "rotation_euler": [
   -1.4460771083831787,
   1.7060575485229492,
   -0.4101356267929077
  ],
  "euler_order": "XYZ",
  "rotation_matrix": [
   [
    -0.12366567552089691,
    -0.8520313501358032,
    0.5086742043495178
   ],
   [
    0.05376890301704407,
    0.506102442741394,
    0.8607956767082214
   ],
   [
    -0.9908661246299744,
    0.13380172848701477,
    -0.01677471399307251
   ]
  ]
 },
 {
  "rotation_euler": [
   0.0022152336314320564,
   1.9417238945607096e-05,
   0.9168123602867126
  ],
  "euler_order": "XYZ",
  "rotation_matrix": [
   [
    0.6083531379699707,
    -0.7936644554138184,
    0.001769967726431787
   ],
   [
    0.793666422367096,
    0.6083517074584961,
    -0.0013322324957698584
   ],
   [
    -1.9417238945607096e-05,
    0.002215231768786907,
    0.9999975562095642
   ]
  ]
 },
 {
  "rotation_euler": [
   1.0812526941299438,
   -0.017716920003294945,
   0.8225302696228027
  ],
  "euler_order": "XYZ",
  "rotation_matrix": [
   [
    0.6802622675895691,
    -0.3552500307559967,
    0.6411245465278625
   ],
   [
    0.732754647731781,
    0.30846670269966125,
    -0.606563150882721
   ],
   [
    0.017715992406010628,
    0.8824090361595154,
    0.47014936804771423
   ]
  ]
 },
 {
  "rotation_euler": [
   -1.1132996082305908,
   -1.6973552703857422,
   0.11225607991218567
  ],
  "euler_order": "XYZ",
  "rotation_matrix": [
   [
    -0.12542691826820374,
    0.834904134273529,
    -0.5359134674072266
   ],
   [
    -0.014139375649392605,
    0.538620114326477,
    0.842430055141449
   ],
   [
    0.9920021295547485,
    0.11324088275432587,
    -0.055752433836460114
   ]
  ]
 },
 {
  "rotation_euler": [
   0.003714562626555562,
   -0.0705292671918869,
   -1.888762354850769
  ],
  "euler_order": "XYZ",
  "rotation_matrix": [
   [
    -0.3118579387664795,
    0.9499485492706299,
    0.01850314810872078
   ],
   [
    -0.9475117325782776,
    -0.31238439679145813,
    0.06809917837381363
   ],
   [
    0.07047080993652344,
    0.0037053190171718597,
    0.9975069761276245
   ]
  ]
 },
 {
  "rotation_euler": [
   -1.4393846988677979,
   1.70988929271698,
   0.0985642746090889
  ],
  "euler_order": "XYZ",
  "rotation_matrix": [
   [
    -0.13797198235988617,
    -0.9899324774742126,
    0.03158208727836609
   ],
   [
    -0.013643317855894566,
    0.03378362953662872,
    0.9993360638618469
   ],
   [
    -0.9903421401977539,
    0.1374494880437851,
    -0.01816715858876705
   ]
  ]
 },
 {
  "rotation_euler": [
   1.0792455673217773,
   1.8187594832852483e-05,
   -2.2347049713134766
  ],
  "euler_order": "XYZ",
  "rotation_matrix": [
   [
    -0.6161999702453613,
    0.37172743678092957,
    -0.6943459510803223
   ],
   [
    -0.7875897288322449,
    -0.2908550798892975,
    0.5432363152503967
   ],
   [
    -1.8187594832852483e-05,
    0.8816019892692566,
    0.4719935953617096
   ]
  ]
 }
]