[
 {
  "rotation_euler": [
   1.5707963705062866,
   1.1452214465634825e-07,
   2.1334972381591797
  ],
  "euler_order": "XYZ",
  "rotation_matrix": [
   [
    -0.5334725975990295,
    -2.412257771311488e-08,
    0.8458173274993896
   ],
   [
    0.8458173274993896,
    1.2018364259347436e-07,
    0.5334725975990295
   ],
   [
    -1.1452214465634825e-07,
    1.0,
    -4.371138828673793e-08
   ]
  ]
 },
 {
  "rotation_euler": [
   -1.4364911317825317,
   1.5707998275756836,
   -1.517548680305481
  ],
  "euler_order": "XYZ",
  "rotation_matrix": [
   [
    -1.8632026410614344e-07,
    0.08096881210803986,
    0.9967166185379028
   ],
   [
    3.495819100862718e-06,
    0.9967166185379028,
    -0.08096881210803986
   ],
   [
    -1.0,
    3.46925480698701e-06,
    -4.687608452513814e-07
   ]
  ]
 },
 {
  "rotation_euler": [
   -1.4774507284164429,
   1.570792317390442,
   -1.5995290279388428
  ],
  "euler_order": "XYZ",
  "rotation_matrix": [
   [
    -1.1518516629394071e-07,
    0.1217752993106842,
    0.9925577044487
   ],
   [
    -4.007749339507427e-06,
    0.9925577044487,
    -0.1217752993106842
   ],
   [
    -1.0,
    -3.991949142800877e-06,
    3.73716972035254e-07
   ]
  ]
 },
 {
  "rotation_euler": [
   -1.570797085762024,
   4.667371555910904e-08,
   -3.0323612689971924
  ],
  "euler_order": "XYZ",
  "rotation_matrix": [
   [
    -0.9940401911735535,
    -3.6342719056392525e-08,
    0.10901429504156113
   ],
   [
    -0.10901429504156113,
    7.595319289066538e-07,
    -0.9940401911735535
   ],
   [
    -4.667371555910904e-08,
    -1.0,
    -7.589671326968528e-07
   ]
  ]
 },
 {
  "rotation_euler": [
   1.5995603799819946,
   1.5708006620407104,
   -1.2870110273361206
  ],
  "euler_order": "XYZ",
  "rotation_matrix": [
   [
    -1.2138322063037776e-06,
    0.25226595997810364,
    -0.9676579236984253
   ],
   [
    4.161846845818218e-06,
    -0.9676579236984253,
    -0.25226595997810364
   ],
   [
    -1.0,
    -4.333452579885488e-06,
    1.246820460210074e-07
   ]
  ]
 },
 {
  "rotation_euler": [
   1.5722132921218872,
   0.01563781127333641,
   3.0512607097625732
  ],
  "euler_order": "XYZ",
  "rotation_matrix": [
   [
    -0.9958010911941528,
    -0.015445579774677753,
    0.09023112058639526
   ],
   [
    0.09019811451435089,
    0.002821802394464612,
    0.9959198236465454
   ],
   [
    -0.015637174248695374,
    0.9998767375946045,
    -0.0014167915796861053
   ]
  ]
 },
 {
  "rotation_euler": [
   1.5707963705062866,
   -3.764229461467039e-08,
   -2.2157561779022217
  ],
  "euler_order": "XYZ",
  "rotation_matrix": [
   [
    -0.6011663675308228,
    -1.2301535790015805e-08,
    -0.7991238832473755
   ],
   [
    -0.7991238832473755,
    5.635867594833144e-08,
    0.6011663675308228
   ],
   [
    3.764229461467039e-08,
    1.0,
    -4.371138828673793e-08
   ]
  ]
 },
 {
  "rotation_euler": [
   -1.5707963705062866,
   -1.8184790562258968e-08,
   -1.8770822286605835
  ],
  "euler_order": "XYZ",
  "rotation_matrix": [
   [
    -0.3015194833278656,
    -4.716013179972833e-08,
    0.9534600377082825
   ],
   [
    -0.9534600377082825,
    -4.158635213968864e-09,
    -0.3015194833278656
   ],
   [
    1.8184790562258968e-08,
    -1.0,
    -4.371138828673793e-08
   ]
  ]
 },
 {
  "rotation_euler": [
   1.622453212738037,
   1.570801019668579,
   1.4069101810455322
  ],
  "euler_order": "XYZ",
  "rotation_matrix": [
   [
    -7.65658796808566e-07,
    0.21387793123722076,
    0.9768604040145874
   ],
   [
    -4.62999241790385e-06,
    0.9768604040145874,
    -0.21387793123722076
   ],
   [
    -1.0,
    -4.686613920057425e-06,
    2.423114437988261e-07
   ]
  ]
 },
 {
  "rotation_euler": [
   -1.5707963705062866,
   -0.0,
   2.8176350593566895
  ],
  "euler_order": "XYZ",
  "rotation_matrix": [
   [
    -0.9479830861091614,
    1.3914243979229468e-08,
    -0.31832078099250793
   ],
   [
    0.31832078099250793,
    4.1437658637732966e-08,
    -0.9479830861091614
   ],
   [
    0.0,
    -1.0,
    -4.371138828673793e-08
   ]
  ]
 },
 {
  "rotation_euler": [
   -1.570796251296997,
   8.306451526607361e-09,
   3.043010950088501
  ],
  "euler_order": "XYZ",
  "rotation_matrix": [
   [
    -0.995144784450531,
    8.354594238646484e-10,
    -0.0984221026301384
   ],
   [
    0.0984221026301384,
    -7.59488756330029e-08,
    -0.995144784450531
   ],
   [
    -8.306451526607361e-09,
    -1.0,
    7.549790126404332e-08
   ]
  ]
 },
 {
  "rotation_euler": [
   -1.6863338947296143,
   -1.5707926750183105,
   0.40636101365089417
  ],
  "euler_order": "XYZ",
  "rotation_matrix": [
   [
    3.3543951758474577e-06,
    0.9580081105232239,
    -0.2867411971092224
   ],
   [
    1.4434351669478929e-06,
    0.2867411971092224,
    0.9580081105232239
   ],
   [
    1.0,
    -3.6274300327931996e-06,
    -4.209793189602351e-07
   ]
  ]
 },
 {
  "rotation_euler": [
   -1.5707874298095703,
   -1.4360948341618496e-07,
   2.0326504707336426
  ],
  "euler_order": "XYZ",
  "rotation_matrix": [
   [
    -0.4456087648868561,
    -8.028822776395828e-06,
    -0.8952277898788452
   ],
   [
    0.8952277898788452,
    -3.8360112739610486e-06,
    -0.4456087648868561
   ],
   [
    1.4360948341618496e-07,
    -1.0,
    8.896985491446685e-06
   ]
  ]
 },
 {
  "rotation_euler": [
   1.5707602500915527,
   -1.6258882169495337e-05,
   -1.1798185110092163
  ],
  "euler_order": "XYZ",
  "rotation_matrix": [
   [
    0.3810926377773285,
    2.715810296649579e-05,
    -0.9245368838310242
   ],
   [
    -0.9245368838310242,
    2.878050145227462e-05,
    -0.3810926377773285
   ],
   [
    1.6258882169495337e-05,
    1.0,
    3.607670441851951e-05
   ]
  ]
 },
 {
  "rotation_euler": [
   -1.570796251296997,
   -0.0,
   -1.2042603492736816
  ],
  "euler_order": "XYZ",
  "rotation_matrix": [
   [
    0.3583836555480957,
    7.048290484590325e-08,
    0.933574378490448
   ],
   [
    -0.933574378490448,
    2.705721335871658e-08,
    0.3583836555480957
   ],
   [
    0.0,
    -1.0,
    7.549790126404332e-08
   ]
  ]
 },
 {
  "rotation_euler": [
   -0.008594216778874397,
   -0.028410615399479866,
   0.6052271723747253
  ],
  "euler_order": "XYZ",
  "rotation_matrix": [
   [
    0.8220409750938416,
    -0.5687271356582642,
    -0.028249723836779594
   ],
   [
    0.5687193274497986,
    0.8224813938140869,
    -0.009093853645026684
   ],
   [
    0.028406793251633644,
    -0.008590642362833023,
    0.9995595216751099
   ]
  ]
 }
]