[
 {
  "rotation_euler": [
   -0.7141147255897522,
   1.5443991422653198,
   1.0404620170593262
  ],
  "euler_order": "XYZ",
  "rotation_matrix": [
   [
    0.013350719586014748,
    -0.983044445514679,
    -0.18288078904151917
   ],
   [
    0.022768570110201836,
    -0.18255078792572021,
    0.9829327464103699
   ],
   [
    -0.9996516108512878,
    -0.017286794260144234,
    0.019945332780480385
   ]
  ]
 },
 {
  "rotation_euler": [
   2.989955873999861e-06,
   -9.413633961230516e-06,
   2.7004635334014893
  ],
  "euler_order": "XYZ",
  "rotation_matrix": [
   [
    -0.9042701721191406,
    -0.4269607663154602,
    9.78906246018596e-06
   ],
   [
    0.4269607663154602,
    -0.9042701721191406,
    -1.3155245142115746e-06
   ],
   [
    9.413633961230516e-06,
    2.989955873999861e-06,
    1.0
   ]
  ]
 },
 {
  "rotation_euler": [
   2.2138403892313363e-06,
   -1.483216055930825e-05,
   0.6132016181945801
  ],
  "euler_order": "XYZ",
  "rotation_matrix": [
   [
    0.8178097009658813,
    -0.5754887461662292,
    -1.0855845175683498e-05
   ],
   [
    0.5754887461662292,
    0.8178097009658813,
    -1.03462416518596e-05
   ],
   [
    1.483216055930825e-05,
    2.2138403892313363e-06,
    1.0
   ]
  ]
 },
 {
  "rotation_euler": [
   -0.26900556683540344,
   1.5295907258987427,
   -0.31526750326156616
  ],
  "euler_order": "XYZ",
  "rotation_matrix": [
   [
    0.039163634181022644,
    0.04645991325378418,
    0.9981521368026733
   ],
   [
    -0.012773038819432259,
    0.9988601803779602,
    -0.04599170386791229
   ],
   [
    -0.9991511702537537,
    -0.010948233306407928,
    0.03971242904663086
   ]
  ]
 },
 {
  "rotation_euler": [
   3.232908966310788e-06,
   1.299271661991952e-05,
   -2.870144844055176
  ],
  "euler_order": "XYZ",
  "rotation_matrix": [
   [
    -0.9633837342262268,
    0.268126517534256,
    -1.338380025117658e-05
   ],
   [
    -0.268126517534256,
    -0.9633837342262268,
    -3.691599772537302e-07
   ],
   [
    -1.299271661991952e-05,
    3.232908966310788e-06,
    1.0
   ]
  ]
 },
 {
  "rotation_euler": [
   -3.3810388231358957e-06,
   -1.2957554645254277e-05,
   0.9557508826255798
  ],
  "euler_order": "XYZ",
  "rotation_matrix": [
   [
    0.5769956111907959,
    -0.81674724817276,
    -1.0237906280963216e-05
   ],
   [
    0.81674724817276,
    0.5769956111907959,
    -8.632202479930129e-06
   ],
   [
    1.2957554645254277e-05,
    -3.3810388231358957e-06,
    1.0
   ]
  ]
 },
 {
  "rotation_euler": [
   1.6703252185834572e-06,
   6.510149887617445e-06,
   2.0284337997436523
  ],
  "euler_order": "XYZ",
  "rotation_matrix": [
   [
    -0.4418299198150635,
    -0.8970988392829895,
    -1.3779322216578294e-06
   ],
   [
    0.8970988392829895,
    -0.4418299198150635,
    6.578247393917991e-06
   ],
   [
    -6.510149887617445e-06,
    1.6703252185834572e-06,
    1.0
   ]
  ]
 },
 {
  "rotation_euler": [
   -0.3253847062587738,
   1.5321910381317139,
   -1.8893636465072632
  ],
  "euler_order": "XYZ",
  "rotation_matrix": [
   [
    -0.012088416144251823,
    0.9999021887779236,
    0.007038455922156572
   ],
   [
    -0.03665376082062721,
    0.0065911319106817245,
    -0.9993062615394592
   ],
   [
    -0.9992548823356628,
    -0.01233801618218422,
    0.03657050058245659
   ]
  ]
 },
 {
  "rotation_euler": [
   -0.32875460386276245,
   1.5325734615325928,
   -0.2253686636686325
  ],
  "euler_order": "XYZ",
  "rotation_matrix": [
   [
    0.03724720701575279,
    -0.10297200083732605,
    0.9939866065979004
   ],
   [
    -0.008539420552551746,
    0.9946077466011047,
    0.10335633903741837
   ],
   [
    -0.9992696046829224,
    -0.012337804771959782,
    0.03616703674197197
   ]
  ]
 },
 {
  "rotation_euler": [
   0.826716423034668,
   1.691088318824768,
   -0.19002479314804077
  ],
  "euler_order": "XYZ",
  "rotation_matrix": [
   [
    -0.11784200370311737,
    0.845177173614502,
    0.5213337540626526
   ],
   [
    0.022666385397315025,
    0.527144193649292,
    -0.8494734764099121
   ],
   [
    -0.9927736520767212,
    -0.08828690648078918,
    -0.08127684146165848
   ]
  ]
 },
 {
  "rotation_euler": [
   0.8309860825538635,
   -1.6840683221817017,
   0.314992755651474
  ],
  "euler_order": "XYZ",
  "rotation_matrix": [
   [
    -0.10746870189905167,
    -0.9066136479377747,
    -0.4080468416213989
   ],
   [
    -0.03501775488257408,
    0.41362088918685913,
    -0.9097755551338196
   ],
   [
    0.9935916066169739,
    -0.0834835097193718,
    -0.07619887590408325
   ]
  ]
 },
 {
  "rotation_euler": [
   9.207455491377914e-07,
   5.698035693058046e-06,
   -1.1699901819229126
  ],
  "euler_order": "XYZ",
  "rotation_matrix": [
   [
    0.3901607096195221,
    0.9207467436790466,
    1.3753762004853343e-06
   ],
   [
    -0.9207467436790466,
    0.3901607096195221,
    -5.605686510534724e-06
   ],
   [
    -5.698035693058046e-06,
    9.207455491377914e-07,
    1.0
   ]
  ]
 },
 {
  "rotation_euler": [
   -2.1050311715953285e-06,
   1.441653603251325e-05,
   -2.7156426906585693
  ],
  "euler_order": "XYZ",
  "rotation_matrix": [
   [
    -0.9106466174125671,
    0.41318604350090027,
    -1.2258600690984167e-05
   ],
   [
    -0.41318604350090027,
    -0.9106466174125671,
    -7.873651156842243e-06
   ],
   [
    -1.441653603251325e-05,
    -2.1050311715953285e-06,
    1.0
   ]
  ]
 },
 {
  "rotation_euler": [
   -2.3307623863220215,
   1.4106087684631348,
   -0.9539992213249207
  ],
  "euler_order": "XYZ",
  "rotation_matrix": [
   [
    0.09226080030202866,
    -0.9758667349815369,
    0.19791945815086365
   ],
   [
    -0.13011252880096436,
    0.18524782359600067,
    0.9740400314331055
   ],
   [
    -0.9871973991394043,
    -0.11561751365661621,
    -0.10988136380910873
   ]
  ]
 },
 {
  "rotation_euler": [
   4.060126229887828e-06,
   1.2736133612634148e-05,
   2.709538459777832
  ],
  "euler_order": "XYZ",
  "rotation_matrix": [
   [
    -0.9081075191497803,
    -0.41873711347579956,
    -9.865652828011662e-06
   ],
   [
    0.41873711347579956,
    -0.9081075191497803,
    9.020122888614424e-06
   ],
   [
    -1.2736133612634148e-05,
    4.060126229887828e-06,
    1.0
   ]
  ]
 },
 {
  "rotation_euler": [
   1.9480048649711534e-06,
   -6.167796527734026e-06,
   -2.9793148040771484
  ],
  "euler_order": "XYZ",
  "rotation_matrix": [
   [
    -0.9868618249893188,
    0.16156654059886932,
    5.7720303630048875e-06
   ],
   [
    -0.16156654059886932,
    -0.9868618249893188,
    2.918921154559939e-06
   ],
   [
    6.167796527734026e-06,
    1.9480048649711534e-06,
    1.0
   ]
  ]
 }
]