[
 {
  "rotation_euler": [
   -0.37695735692977905,
   -1.5551751852035522,
   0.7095128297805786
  ],
  "euler_order": "XYZ",
  "rotation_matrix": [
   [
    0.011850954964756966,
    -0.32649362087249756,
    -0.9451251029968262
   ],
   [
    0.010176201350986958,
    0.9451819062232971,
    -0.32638564705848694
   ],
   [
    0.9998779892921448,
    -0.005749801639467478,
    0.014523773454129696
   ]
  ]
 },
 {
  "rotation_euler": [
   1.4946575164794922,
   -1.2127482891082764,
   1.640326976776123
  ],
  "euler_order": "XYZ",
  "rotation_matrix": [
   [
    -0.024347160011529922,
    -0.011001244187355042,
    0.9996430277824402
   ],
   [
    0.3495999574661255,
    -0.936897337436676,
    -0.0017959115793928504
   ],
   [
    0.9365826845169067,
    0.34943142533302307,
    0.026656823232769966
   ]
  ]
 },
 {
  "rotation_euler": [
   -1.6347569227218628,
   -1.8268532752990723,
   -0.5196042060852051
  ],
  "euler_order": "XYZ",
  "rotation_matrix": [
   [
    -0.2198406457901001,
    0.8062609434127808,
    0.5491933822631836
   ],
   [
    0.1257568597793579,
    -0.5348463654518127,
    0.8355385065078735
   ],
   [
    0.9673961400985718,
    0.2527501583099365,
    0.016188131645321846
   ]
  ]
 },
 {
  "rotation_euler": [
   1.5169756412506104,
   1.269465446472168,
   -1.1606297492980957
  ],
  "euler_order": "XYZ",
  "rotation_matrix": [
   [
    0.11834914982318878,
    0.4295760989189148,
    -0.8952417969703674
   ],
   [
    -0.27217385172843933,
    -0.8530147671699524,
    -0.4452945590019226
   ],
   [
    -0.9549423456192017,
    0.29636162519454956,
    0.01596580445766449
   ]
  ]
 },
 {
  "rotation_euler": [
   1.4994343519210815,
   -1.284425973892212,
   0.7300169467926025
  ],
  "euler_order": "XYZ",
  "rotation_matrix": [
   [
    0.21048790216445923,
    -0.7605469822883606,
    0.6142174601554871
   ],
   [
    0.18837574124336243,
    -0.584964394569397,
    -0.7888797521591187
   ],
   [
    0.959275484085083,
    0.2817533314228058,
    0.020140673965215683
   ]
  ]
 },
 {
  "rotation_euler": [
   1.5091735124588013,
   0.00027057775878347456,
   -2.327223777770996
  ],
  "euler_order": "XYZ",
  "rotation_matrix": [
   [
    -0.6863275170326233,
    0.0446041040122509,
    -0.7259235382080078
   ],
   [
    -0.727292537689209,
    -0.04246308654546738,
    0.685012698173523
   ],
   [
    -0.00027057775878347456,
    0.9981018900871277,
    0.06158381700515747
   ]
  ]
 },
 {
  "rotation_euler": [
   1.5052694082260132,
   -0.19324365258216858,
   2.050809860229492
  ],
  "euler_order": "XYZ",
  "rotation_matrix": [
   [
    -0.45319563150405884,
    0.030413469299674034,
    0.8908920884132385
   ],
   [
    0.8704786896705627,
    -0.20021265745162964,
    0.4496462345123291
   ],
   [
    0.19204317033290863,
    0.9792802929878235,
    0.06426122039556503
   ]
  ]
 },
 {
  "rotation_euler": [
   1.5169240236282349,
   1.2696349620819092,
   -0.5528804659843445
  ],
  "euler_order": "XYZ",
  "rotation_matrix": [
   [
    0.2524362802505493,
    0.8398112654685974,
    -0.48061731457710266
   ],
   [
    -0.15577222406864166,
    -0.45495396852493286,
    -0.8767849802970886
   ],
   [
    -0.9549926519393921,
    0.29619917273521423,
    0.015972385182976723
   ]
  ]
 },
 {
  "rotation_euler": [
   -1.624632716178894,
   1.8717702627182007,
   0.28405648469924927
  ],
  "euler_order": "XYZ",
  "rotation_matrix": [
   [
    -0.28457069396972656,
    -0.9003673791885376,
    -0.3291779160499573
   ],
   [
    -0.08308080583810806,
    -0.3189202845096588,
    0.9441331624984741
   ],
   [
    -0.9550482034683228,
    0.2960209846496582,
    0.01595211587846279
   ]
  ]
 },
 {
  "rotation_euler": [
   1.509175419807434,
   0.00038570433389395475,
   -1.4470164775848389
  ],
  "euler_order": "XYZ",
  "rotation_matrix": [
   [
    0.12346400320529938,
    0.06115828827023506,
    -0.9904626607894897
   ],
   [
    -0.9923489689826965,
    0.007221123669296503,
    -0.1232532486319542
   ],
   [
    -0.00038570433389395475,
    0.9981019496917725,
    0.06158191338181496
   ]
  ]
 },
 {
  "rotation_euler": [
   1.494524359703064,
   -1.2511911392211914,
   -1.1947118043899536
  ],
  "euler_order": "XYZ",
  "rotation_matrix": [
   [
    0.11539681255817413,
    -0.276795893907547,
    -0.9539746642112732
   ],
   [
    -0.29223284125328064,
    0.9084275960922241,
    -0.2989301383495331
   ],
   [
    0.9493595361709595,
    0.31327831745147705,
    0.02394079603254795
   ]
  ]
 },
 {
  "rotation_euler": [
   1.5124971866607666,
   1.1934399604797363,
   0.8357373476028442
  ],
  "euler_order": "XYZ",
  "rotation_matrix": [
   [
    0.24710343778133392,
    0.5791661739349365,
    0.7768567800521851
   ],
   [
    0.2733234465122223,
    0.7275037169456482,
    -0.629311203956604
   ],
   [
    -0.9296419620513916,
    0.36783814430236816,
    0.02146897464990616
   ]
  ]
 },
 {
  "rotation_euler": [
   1.494359016418457,
   -1.2161617279052734,
   0.3319949507713318
  ],
  "euler_order": "XYZ",
  "rotation_matrix": [
   [
    0.32828593254089355,
    -0.9088656306266785,
    0.25727730989456177
   ],
   [
    0.11317834258079529,
    -0.23256270587444305,
    -0.9659737348556519
   ],
   [
    0.9377734065055847,
    0.3462337851524353,
    0.02651684358716011
   ]
  ]
 },
 {
  "rotation_euler": [
   1.4951003789901733,
   -1.2334545850753784,
   -1.0929547548294067
  ],
  "euler_order": "XYZ",
  "rotation_matrix": [
   [
    0.15220557153224945,
    -0.3655489981174469,
    -0.9182632565498352
   ],
   [
    -0.29390662908554077,
    0.8703176379203796,
    -0.39517858624458313
   ],
   [
    0.9436378479003906,
    0.3300320506095886,
    0.02502991259098053
   ]
  ]
 },
 {
  "rotation_euler": [
   1.4950244426727295,
   -1.1214457750320435,
   -1.6827189922332764
  ],
  "euler_order": "XYZ",
  "rotation_matrix": [
   [
    -0.04851560294628143,
    0.1755387932062149,
    -0.9832763671875
   ],
   [
    -0.43166282773017883,
    0.8840705752372742,
    0.17912672460079193
   ],
   [
    0.9007294178009033,
    0.4331342875957489,
    0.03288235515356064
   ]
  ]
 },
 {
  "rotation_euler": [
   1.4949049949645996,
   -1.1746996641159058,
   1.6440290212631226
  ],
  "euler_order": "XYZ",
  "rotation_matrix": [
   [
    -0.028229402378201485,
    -0.008307375945150852,
    0.9995669722557068
   ],
   [
    0.38478603959083557,
    -0.9230002760887146,
    0.0031959544867277145
   ],
   [
    0.922573983669281,
    0.3847096562385559,
    0.02925230748951435
   ]
  ]
 }
]