[
 {
  "rotation_euler": [
   1.6033626794815063,
   -2.6118249893188477,
   0.4006354510784149
  ],
  "euler_order": "XYZ",
  "rotation_matrix": [
   [
    -0.7945923805236816,
    -0.4523717761039734,
    0.40494775772094727
   ],
   [
    -0.33654361963272095,
    -0.22695934772491455,
    -0.9139080047607422
   ],
   [
    0.505332887172699,
    -0.8624669313430786,
    0.02809733711183071
   ]
  ]
 },
 {
  "rotation_euler": [
   1.6315488815307617,
   2.223217487335205,
   0.03161412850022316
  ],
  "euler_order": "XYZ",
  "rotation_matrix": [
   [
    -0.6068087220191956,
    0.7946730852127075,
    -0.01667061820626259
   ],
   [
    -0.019190121442079544,
    -0.03561427444219589,
    -0.99918133020401
   ],
   [
    -0.7946162223815918,
    -0.6059920191764832,
    0.03686092421412468
   ]
  ]
 },
 {
  "rotation_euler": [
   -1.5218024253845215,
   -1.021737813949585,
   1.8701051473617554
  ],
  "euler_order": "XYZ",
  "rotation_matrix": [
   [
    -0.1538827270269394,
    -0.2980153262615204,
    -0.9420759081840515
   ],
   [
    0.4986816346645355,
    0.7996729612350464,
    -0.33442455530166626
   ],
   [
    0.8530162572860718,
    -0.5212581157684326,
    0.025558922439813614
   ]
  ]
 },
 {
  "rotation_euler": [
   1.6127777099609375,
   2.5685524940490723,
   0.22775007784366608
  ],
  "euler_order": "XYZ",
  "rotation_matrix": [
   [
    -0.8185584545135498,
    0.5371987223625183,
    0.2034197896718979
   ],
   [
    -0.18971839547157288,
    0.08142570406198502,
    -0.9784563183784485
   ],
   [
    -0.5421890616416931,
    -0.8395161628723145,
    0.035264771431684494
   ]
  ]
 },
 {
  "rotation_euler": [
   -1.6037694215774536,
   -2.6559600830078125,
   0.14618894457817078
  ],
  "euler_order": "XYZ",
  "rotation_matrix": [
   [
    -0.8749465346336365,
    0.4663403332233429,
    -0.1303657591342926
   ],
   [
    -0.1288265436887741,
    0.035341084003448486,
    0.9910371899604797
   ],
   [
    0.4667678773403168,
    0.8838991522789001,
    0.029155457392334938
   ]
  ]
 },
 {
  "rotation_euler": [
   1.5334171056747437,
   0.38087382912635803,
   -2.01954984664917
  ],
  "euler_order": "XYZ",
  "rotation_matrix": [
   [
    -0.40275371074676514,
    -0.1274901181459427,
    -0.9063860774040222
   ],
   [
    -0.8364238739013672,
    -0.35090509057044983,
    0.4210233986377716
   ],
   [
    -0.37173181772232056,
    0.9276916980743408,
    0.03469255194067955
   ]
  ]
 },
 {
  "rotation_euler": [
   1.5302594900131226,
   -0.8347150087356567,
   -0.12685897946357727
  ],
  "euler_order": "XYZ",
  "rotation_matrix": [
   [
    0.6659937500953674,
    -0.7294186353683472,
    -0.15620754659175873
   ],
   [
    -0.08494345098733902,
    0.1338869333267212,
    -0.9873494505882263
   ],
   [
    0.7411051988601685,
    0.6708373427391052,
    0.02720852941274643
   ]
  ]
 },
 {
  "rotation_euler": [
   -1.5254769325256348,
   0.6742449998855591,
   -1.3503473997116089
  ],
  "euler_order": "XYZ",
  "rotation_matrix": [
   [
    0.1708185225725174,
    -0.09216826409101486,
    0.9809821844100952
   ],
   [
    -0.7622735500335693,
    0.6184800863265991,
    0.1908441036939621
   ],
   [
    -0.6243076920509338,
    -0.7803764343261719,
    0.035390421748161316
   ]
  ]
 },
 {
  "rotation_euler": [
   1.5388007164001465,
   -0.13051868975162506,
   -1.599249243736267
  ],
  "euler_order": "XYZ",
  "rotation_matrix": [
   [
    -0.02820710465312004,
    0.03567790985107422,
    -0.9989652037620544
   ],
   [
    -0.9910932183265686,
    0.12911908328533173,
    0.03259630128741264
   ],
   [
    0.13014844059944153,
    0.9909870624542236,
    0.03171806037425995
   ]
  ]
 },
 {
  "rotation_euler": [
   -1.7084320783615112,
   1.8537006378173828,
   -0.6696169376373291
  ],
  "euler_order": "XYZ",
  "rotation_matrix": [
   [
    -0.21886682510375977,
    -0.8309312462806702,
    0.5115179419517517
   ],
   [
    0.17326173186302185,
    0.48280203342437744,
    0.8584186434745789
   ],
   [
    -0.9602487683296204,
    0.27650582790374756,
    0.038299236446619034
   ]
  ]
 },
 {
  "rotation_euler": [
   -1.494032382965088,
   -1.2311848402023315,
   -1.4909378290176392
  ],
  "euler_order": "XYZ",
  "rotation_matrix": [
   [
    0.026574259623885155,
    0.15143996477127075,
    0.9881091713905334
   ],
   [
    -0.3320591449737549,
    -0.9309936165809631,
    0.15161670744419098
   ],
   [
    0.9428841471672058,
    -0.332139790058136,
    0.02554655820131302
   ]
  ]
 },
 {
  "rotation_euler": [
   -1.5288206338882446,
   -0.8876376748085022,
   -0.8996202945709229
  ],
  "euler_order": "XYZ",
  "rotation_matrix": [
   [
    0.39257651567459106,
    0.5147768259048462,
    0.7621604204177856
   ],
   [
    -0.49432292580604553,
    -0.5807194113731384,
    0.6468460559844971
   ],
   [
    0.7755827307701111,
    -0.6306899189949036,
    0.02648920565843582
   ]
  ]
 },
 {
  "rotation_euler": [
   1.5369068384170532,
   0.16441363096237183,
   2.89194655418396
  ],
  "euler_order": "XYZ",
  "rotation_matrix": [
   [
    -0.9559324383735657,
    -0.16688010096549988,
    0.24154533445835114
   ],
   [
    0.24372930824756622,
    0.007581599522382021,
    0.9698136448860168
   ],
   [
    -0.16367389261722565,
    0.9859480261802673,
    0.03342607244849205
   ]
  ]
 },
 {
  "rotation_euler": [
   1.4937459230422974,
   1.0626106262207031,
   0.8957840204238892
  ],
  "euler_order": "XYZ",
  "rotation_matrix": [
   [
    0.30407536029815674,
    0.48422321677207947,
    0.8204060196876526
   ],
   [
    0.3798828125,
    0.7281194925308228,
    -0.5705533027648926
   ],
   [
    -0.8736287951469421,
    0.4851493537425995,
    0.037455104291439056
   ]
  ]
 },
 {
  "rotation_euler": [
   1.5387049913406372,
   -0.09303455799818039,
   -1.9557702541351318
  ],
  "euler_order": "XYZ",
  "rotation_matrix": [
   [
    -0.37391093373298645,
    0.06460680067539215,
    -0.9252116084098816
   ],
   [
    -0.9228001832962036,
    0.07400717586278915,
    0.37810423970222473
   ],
   [
    0.09290041029453278,
    0.9951627254486084,
    0.031947068870067596
   ]
  ]
 },
 {
  "rotation_euler": [
   -1.6279181241989136,
   2.2818493843078613,
   -0.43718111515045166
  ],
  "euler_order": "XYZ",
  "rotation_matrix": [
   [
    -0.5912511348724365,
    -0.7094666957855225,
    0.38350892066955566
   ],
   [
    0.27631616592407227,
    0.26854556798934937,
    0.9227852821350098
   ],
   [
    -0.757675051689148,
    0.6515675783157349,
    0.03725924342870712
   ]
  ]
 }
]