[
 {
  "rotation_euler": [
   3.078328745687031e-06,
   5.580854534059654e-08,
   -0.6926864385604858
  ],
  "euler_order": "XYZ",
  "rotation_matrix": [
   [
    0.7695332169532776,
    0.6386067867279053,
    -1.9228950804972555e-06
   ],
   [
    -0.6386067867279053,
    0.7695332169532776,
    -2.4045159534580307e-06
   ],
   [
    -5.580854534059654e-08,
    3.078328745687031e-06,
    1.0
   ]
  ]
 },
 {
  "rotation_euler": [
   1.564504623413086,
   -0.4558033049106598,
   -2.109657049179077
  ],
  "euler_order": "XYZ",
  "rotation_matrix": [
   [
    -0.4607689678668976,
    0.231279656291008,
    -0.8568556904792786
   ],
   [
    -0.7706686854362488,
    0.37457090616226196,
    0.5155253410339355
   ],
   [
    0.44018375873565674,
    0.8978899717330933,
    0.005649331957101822
   ]
  ]
 },
 {
  "rotation_euler": [
   4.377468942884377e-10,
   -1.3546859467528094e-10,
   -2.29887318611145
  ],
  "euler_order": "XYZ",
  "rotation_matrix": [
   [
    -0.6654353141784668,
    0.7464554905891418,
    -2.3661297920973823e-10
   ],
   [
    -0.7464554905891418,
    -0.6654353141784668,
    3.924135183464017e-10
   ],
   [
    1.3546859467528094e-10,
    4.377468942884377e-10,
    1.0
   ]
  ]
 },
 {
  "rotation_euler": [
   9.44154726312263e-06,
   2.740094259934267e-06,
   0.8545470833778381
  ],
  "euler_order": "XYZ",
  "rotation_matrix": [
   [
    0.6565601825714111,
    -0.7542736530303955,
    8.920546861190815e-06
   ],
   [
    0.7542736530303955,
    0.6565601825714111,
    -4.132163212489104e-06
   ],
   [
    -2.740094259934267e-06,
    9.44154726312263e-06,
    1.0
   ]
  ]
 },
 {
  "rotation_euler": [
   -0.816271960735321,
   0.13156040012836456,
   0.014037691988050938
  ],
  "euler_order": "XYZ",
  "rotation_matrix": [
   [
    0.9912607073783875,
    -0.10518357157707214,
    0.07961520552635193
   ],
   [
    0.013915927149355412,
    0.6835330724716187,
    0.7297868728637695
   ],
   [
    -0.13118121027946472,
    -0.722301185131073,
    0.6790232062339783
   ]
  ]
 },
 {
  "rotation_euler": [
   0.8884994983673096,
   -1.8887022733688354,
   1.2984504699707031
  ],
  "euler_order": "XYZ",
  "rotation_matrix": [
   [
    -0.08408088237047195,
    -0.8056461811065674,
    0.5863997340202332
   ],
   [
    -0.30105727910995483,
    -0.5404437184333801,
    -0.7856749296188354
   ],
   [
    0.9498920440673828,
    -0.24260014295578003,
    -0.19710467755794525
   ]
  ]
 },
 {
  "rotation_euler": [
   0.5047876834869385,
   -2.1450695991516113,
   1.6436386108398438
  ],
  "euler_order": "XYZ",
  "rotation_matrix": [
   [
    0.03953475132584572,
    -0.8434051871299744,
    0.5358215570449829
   ],
   [
    -0.5417842268943787,
    -0.4686666429042816,
    -0.6977258920669556
   ],
   [
    0.8395872712135315,
    -0.26271525025367737,
    -0.47547224164009094
   ]
  ]
 },
 {
  "rotation_euler": [
   0.19589313864707947,
   0.5768901705741882,
   1.7382127046585083
  ],
  "euler_order": "XYZ",
  "rotation_matrix": [
   [
    -0.13966761529445648,
    -0.9848505258560181,
    0.1027732715010643
   ],
   [
    0.826444149017334,
    -0.05877066031098366,
    0.559942901134491
   ],
   [
    -0.5454200506210327,
    0.16314226388931274,
    0.8221323490142822
   ]
  ]
 },
 {
  "rotation_euler": [
   2.348465955037682e-08,
   -9.226953920915548e-07,
   1.3584678173065186
  ],
  "euler_order": "XYZ",
  "rotation_matrix": [
   [
    0.2107366919517517,
    -0.9775428771972656,
    -1.7148850872672483e-07
   ],
   [
    0.9775428771972656,
    0.2107366919517517,
    -9.069233897207596e-07
   ],
   [
    9.226953920915548e-07,
    2.348465955037682e-08,
    1.0
   ]
  ]
 },
 {
  "rotation_euler": [
   0.7174515724182129,
   -0.524917721748352,
   -0.29874202609062195
  ],
  "euler_order": "XYZ",
  "rotation_matrix": [
   [
    0.8270359635353088,
    -0.09312637895345688,
    -0.5543816089630127
   ],
   [
    -0.2546927034854889,
    0.8170831203460693,
    -0.5172106027603149
   ],
   [
    0.5011417865753174,
    0.5689486861228943,
    0.6520385146141052
   ]
  ]
 },
 {
  "rotation_euler": [
   -1.8647195787480086e-08,
   9.727150427352171e-07,
   -1.9258619546890259
  ],
  "euler_order": "XYZ",
  "rotation_matrix": [
   [
    -0.3476518988609314,
    0.9376236796379089,
    -3.2068217592495785e-07
   ],
   [
    -0.9376236796379089,
    -0.3476518988609314,
    -9.185233693642658e-07
   ],
   [
    -9.727150427352171e-07,
    -1.8647195787480086e-08,
    1.0
   ]
  ]
 },
 {
  "rotation_euler": [
   0.0977465808391571,
   -1.1616092920303345,
   1.4118341207504272
  ],
  "euler_order": "XYZ",
  "rotation_matrix": [
   [
    0.06297925859689713,
    -0.9968515634536743,
    -0.04817178472876549
   ],
   [
    0.3928473889827728,
    0.0691324919462204,
    -0.9170014262199402
   ],
   [
    0.9174445867538452,
    0.03882790729403496,
    0.39596444368362427
   ]
  ]
 },
 {
  "rotation_euler": [
   -2.020451545715332,
   -0.3212437629699707,
   -1.0996586084365845
  ],
  "euler_order": "XYZ",
  "rotation_matrix": [
   [
    0.43068036437034607,
    -0.25822901725769043,
    0.8647729158401489
   ],
   [
    -0.8454692959785461,
    -0.45067042112350464,
    0.28649237751960754
   ],
   [
    0.315746933221817,
    -0.8545255661010742,
    -0.4124195873737335
   ]
  ]
 },
 {
  "rotation_euler": [
   -1.7243015766143799,
   -0.40886399149894714,
   1.043680191040039
  ],
  "euler_order": "XYZ",
  "rotation_matrix": [
   [
    0.46157872676849365,
    0.3297899663448334,
    -0.8235190510749817
   ],
   [
    0.7930229306221008,
    0.26264479756355286,
    0.549665629863739
   ],
   [
    0.3975672125816345,
    -0.9067834615707397,
    -0.14029976725578308
   ]
  ]
 },
 {
  "rotation_euler": [
   -0.6869159936904907,
   -0.5739948749542236,
   -0.052582792937755585
  ],
  "euler_order": "XYZ",
  "rotation_matrix": [
   [
    0.8385778665542603,
    0.38450345396995544,
    -0.3859330117702484
   ],
   [
    -0.044135451316833496,
    0.7540386915206909,
    0.6553454995155334
   ],
   [
    0.542991042137146,
    -0.5325248837471008,
    0.6492903828620911
   ]
  ]
 },
 {
  "rotation_euler": [
   0.42716097831726074,
   0.9971495270729065,
   -0.8193212747573853
  ],
  "euler_order": "XYZ",
  "rotation_matrix": [
   [
    0.3705097734928131,
    0.902594268321991,
    0.21919406950473785
   ],
   [
    -0.39654049277305603,
    0.3671148121356964,
    -0.8414168953895569
   ],
   [
    -0.8399274349212646,
    0.22483386099338531,
    0.49393483996391296
   ]
  ]
 }
]