[
 {
  "rotation_euler": [
   -8.32825098768808e-05,
   -2.791358042486536e-07,
   -0.42384475469589233
  ],
  "euler_order": "XYZ",
  "rotation_matrix": [
   [
    0.9115144610404968,
    0.411268025636673,
    3.399699926376343e-05
   ],
   [
    -0.411268025636673,
    0.9115144610404968,
    7.60280090617016e-05
   ],
   [
    2.791358042486536e-07,
    -8.32825098768808e-05,
    1.0
   ]
  ]
 },
 {
  "rotation_euler": [
   -8.57742052176036e-05,
   1.3521282760109443e-08,
   -2.067725658416748
  ],
  "euler_order": "XYZ",
  "rotation_matrix": [
   [
    -0.47672852873802185,
    0.8790505528450012,
    7.539342186646536e-05
   ],
   [
    -0.8790505528450012,
    -0.47672852873802185,
    -4.090289439773187e-05
   ],
   [
    -1.3521282760109443e-08,
    -8.57742052176036e-05,
    1.0
   ]
  ]
 },
 {
  "rotation_euler": [
   -8.583803719375283e-05,
   -8.96601363820082e-07,
   -3.0475082397460938
  ],
  "euler_order": "XYZ",
  "rotation_matrix": [
   [
    -0.995577335357666,
    0.09394567459821701,
    8.956748388300184e-06
   ],
   [
    -0.09394567459821701,
    -0.995577335357666,
    -8.537417306797579e-05
   ],
   [
    8.96601363820082e-07,
    -8.583803719375283e-05,
    1.0
   ]
  ]
 },
 {
  "rotation_euler": [
   -8.573119703214616e-05,
   -9.277914045924263e-07,
   -1.2007744312286377
  ],
  "euler_order": "XYZ",
  "rotation_matrix": [
   [
    0.36163583397865295,
    0.9323194026947021,
    7.959333743201569e-05
   ],
   [
    -0.9323194026947021,
    0.36163583397865295,
    3.186847243341617e-05
   ],
   [
    9.277914045924263e-07,
    -8.573119703214616e-05,
    1.0
   ]
  ]
 },
 {
  "rotation_euler": [
   -8.590167271904647e-05,
   -1.5659075813800882e-08,
   1.4732133150100708
  ],
  "euler_order": "XYZ",
  "rotation_matrix": [
   [
    0.09742821753025055,
    -0.9952425360679626,
    -8.5494524682872e-05
   ],
   [
    0.9952425360679626,
    0.09742821007966995,
    8.353661542059854e-06
   ],
   [
    1.5659075813800882e-08,
    -8.590167271904647e-05,
    1.0
   ]
  ]
 },
 {
  "rotation_euler": [
   -8.579179120715708e-05,
   -1.4449380580927595e-09,
   2.4623827934265137
  ],
  "euler_order": "XYZ",
  "rotation_matrix": [
   [
    -0.7780693173408508,
    -0.6281784176826477,
    -5.3891428251517937e-05
   ],
   [
    0.6281784176826477,
    -0.7780693173408508,
    -6.675286567769945e-05
   ],
   [
    1.4449380580927595e-09,
    -8.579179120715708e-05,
    1.0
   ]
  ]
 },
 {
  "rotation_euler": [
   -8.589825301896781e-05,
   7.478936581151174e-09,
   2.1140389442443848
  ],
  "euler_order": "XYZ",
  "rotation_matrix": [
   [
    -0.5169144868850708,
    -0.8560370206832886,
    -7.353594992309809e-05
   ],
   [
    0.8560370206832886,
    -0.5169144868850708,
    -4.4395652366802096e-05
   ],
   [
    -7.478936581151174e-09,
    -8.589825301896781e-05,
    1.0
   ]
  ]
 },
 {
  "rotation_euler": [
   -8.586295007262379e-05,
   2.0338752904081048e-09,
   -2.84352445602417
  ],
  "euler_order": "XYZ",
  "rotation_matrix": [
   [
    -0.9559056162834167,
    0.29367414116859436,
    2.521378337405622e-05
   ],
   [
    -0.29367414116859436,
    -0.9559056162834167,
    -8.207747305277735e-05
   ],
   [
    -2.0338752904081048e-09,
    -8.586295007262379e-05,
    1.0
   ]
  ]
 },
 {
  "rotation_euler": [
   -8.336929022334516e-05,
   -6.806340024922974e-08,
   -2.8921053409576416
  ],
  "euler_order": "XYZ",
  "rotation_matrix": [
   [
    -0.9690391421318054,
    0.24690717458724976,
    2.0650431906688027e-05
   ],
   [
    -0.24690717458724976,
    -0.9690391421318054,
    -8.077130041783676e-05
   ],
   [
    6.806340024922974e-08,
    -8.336929022334516e-05,
    1.0
   ]
  ]
 },
 {
  "rotation_euler": [
   -9.72807829384692e-05,
   -1.7140402519544296e-07,
   1.4700895547866821
  ],
  "euler_order": "XYZ",
  "rotation_matrix": [
   [
    0.10053662955760956,
    -0.9949333667755127,
    -9.680513176135719e-05
   ],
   [
    0.9949333667755127,
    0.10053662955760956,
    9.60974648478441e-06
   ],
   [
    1.7140402519544296e-07,
    -9.72807829384692e-05,
    1.0
   ]
  ]
 },
 {
  "rotation_euler": [
   -8.484844147460535e-05,
   2.965029644030892e-08,
   -2.6643455028533936
  ],
  "euler_order": "XYZ",
  "rotation_matrix": [
   [
    -0.8882627487182617,
    0.45933565497398376,
    3.8947579014347866e-05
   ],
   [
    -0.45933565497398376,
    -0.8882627487182617,
    -7.538132922491059e-05
   ],
   [
    -2.965029644030892e-08,
    -8.484844147460535e-05,
    1.0
   ]
  ]
 },
 {
  "rotation_euler": [
   -8.5829509771429e-05,
   1.2386328629432342e-09,
   0.22741568088531494
  ],
  "euler_order": "XYZ",
  "rotation_matrix": [
   [
    0.9742522835731506,
    -0.2254604995250702,
    -1.9349958165548742e-05
   ],
   [
    0.2254604995250702,
    0.9742522835731506,
    8.361987420357764e-05
   ],
   [
    -1.2386328629432342e-09,
    -8.5829509771429e-05,
    1.0
   ]
  ]
 },
 {
  "rotation_euler": [
   -8.575334504712373e-05,
   1.3190718739508611e-08,
   -0.492599219083786
  ],
  "euler_order": "XYZ",
  "rotation_matrix": [
   [
    0.8811066150665283,
    0.47291767597198486,
    4.056589386891574e-05
   ],
   [
    -0.47291767597198486,
    0.8811066150665283,
    7.555160118499771e-05
   ],
   [
    -1.3190718739508611e-08,
    -8.575334504712373e-05,
    1.0
   ]
  ]
 },
 {
  "rotation_euler": [
   -8.559316484024748e-05,
   6.5106986468776995e-09,
   0.31867626309394836
  ],
  "euler_order": "XYZ",
  "rotation_matrix": [
   [
    0.9496510028839111,
    -0.31330975890159607,
    -2.6810990675585344e-05
   ],
   [
    0.31330975890159607,
    0.9496510028839111,
    8.128567424137145e-05
   ],
   [
    -6.5106986468776995e-09,
    -8.559316484024748e-05,
    1.0
   ]
  ]
 },
 {
  "rotation_euler": [
   -8.580939174862579e-05,
   2.5683271065446434e-09,
   0.15767432749271393
  ],
  "euler_order": "XYZ",
  "rotation_matrix": [
   [
    0.9875951409339905,
    -0.15702180564403534,
    -1.3471409147314262e-05
   ],
   [
    0.15702180564403534,
    0.9875951409339905,
    8.474534115521237e-05
   ],
   [
    -2.5683271065446434e-09,
    -8.580939174862579e-05,
    1.0
   ]
  ]
 },
 {
  "rotation_euler": [
   -8.584890747442842e-05,
   -1.9488874158923863e-07,
   -0.997329592704773
  ],
  "euler_order": "XYZ",
  "rotation_matrix": [
   [
    0.5425474643707275,
    0.8400251269340515,
    7.20095049473457e-05
   ],
   [
    -0.8400251865386963,
    0.5425474643707275,
    4.6740817197132856e-05
   ],
   [
    1.9488874158923863e-07,
    -8.584890747442842e-05,
    1.0
   ]
  ]
 }
]