[
 {
  "rotation_euler": [
   -1.5217671394348145,
   -0.20293408632278442,
   -0.47061893343925476
  ],
  "euler_order": "XYZ",
  "rotation_matrix": [
   [
    0.8729981184005737,
    0.20164069533348083,
    0.4440893530845642
   ],
   [
    -0.4441332221031189,
    -0.04759631305932999,
    0.8946956396102905
   ],
   [
    0.20154407620429993,
    -0.9783024191856384,
    0.048003844916820526
   ]
  ]
 },
 {
  "rotation_euler": [
   -1.6117967367172241,
   0.3361620306968689,
   0.8749427795410156
  ],
  "euler_order": "XYZ",
  "rotation_matrix": [
   [
    0.6051601767539978,
    -0.17982082068920135,
    -0.7755292654037476
   ],
   [
    0.7245476245880127,
    -0.2792375087738037,
    0.6301246881484985
   ],
   [
    -0.3298663794994354,
    -0.9432342648506165,
    -0.038694676011800766
   ]
  ]
 },
 {
  "rotation_euler": [
   -1.6741887331008911,
   0.3037927448749542,
   0.952890932559967
  ],
  "euler_order": "XYZ",
  "rotation_matrix": [
   [
    0.5528009533882141,
    -0.08825144171714783,
    -0.8286270499229431
   ],
   [
    0.7777695655822754,
    -0.3023177683353424,
    0.5510702729225159
   ],
   [
    -0.29914140701293945,
    -0.9491130709648132,
    -0.09848225861787796
   ]
  ]
 },
 {
  "rotation_euler": [
   -1.4174432754516602,
   -0.2901722192764282,
   -2.215211868286133
  ],
  "euler_order": "XYZ",
  "rotation_matrix": [
   [
    -0.5756174921989441,
    -0.04774419590830803,
    0.8163240551948547
   ],
   [
    -0.7660296559333801,
    -0.3178156912326813,
    -0.5587412118911743
   ],
   [
    0.2861172556877136,
    -0.9469496607780457,
    0.14636680483818054
   ]
  ]
 },
 {
  "rotation_euler": [
   1.9965084791183472,
   -1.9440793991088867,
   -0.64432293176651
  ],
  "euler_order": "XYZ",
  "rotation_matrix": [
   [
    -0.2915595769882202,
    -0.9260559678077698,
    -0.2396109253168106
   ],
   [
    0.21904431283473969,
    0.17920145392417908,
    -0.9591175317764282
   ],
   [
    0.9311351180076599,
    -0.33212530612945557,
    0.1505993902683258
   ]
  ]
 },
 {
  "rotation_euler": [
   -1.1961106061935425,
   -0.5970826148986816,
   2.028031826019287
  ],
  "euler_order": "XYZ",
  "rotation_matrix": [
   [
    -0.36508598923683167,
    -0.5593734979629517,
    -0.7441864609718323
   ],
   [
    0.742029070854187,
    0.30790945887565613,
    -0.595470130443573
   ],
   [
    0.562232255935669,
    -0.7696057558059692,
    0.30265796184539795
   ]
  ]
 },
 {
  "rotation_euler": [
   -1.333815574645996,
   -0.5033206939697266,
   0.31169989705085754
  ],
  "euler_order": "XYZ",
  "rotation_matrix": [
   [
    0.8337751030921936,
    0.3742656409740448,
    -0.40588700771331787
   ],
   [
    0.2686447203159332,
    0.3672436773777008,
    0.8904842138290405
   ],
   [
    0.482337087392807,
    -0.8515029549598694,
    0.20565414428710938
   ]
  ]
 },
 {
  "rotation_euler": [
   1.4341535568237305,
   2.800135850906372,
   -0.4659585952758789
  ],
  "euler_order": "XYZ",
  "rotation_matrix": [
   [
    -0.841813862323761,
    0.3575725555419922,
    -0.4043405055999756
   ],
   [
    0.4233415424823761,
    -0.027347514405846596,
    -0.9055573344230652
   ],
   [
    -0.3348601460456848,
    -0.9334848523139954,
    -0.1283537894487381
   ]
  ]
 },
 {
  "rotation_euler": [
   -1.7594776153564453,
   -0.41210609674453735,
   0.6665616035461426
  ],
  "euler_order": "XYZ",
  "rotation_matrix": [
   [
    0.7201517224311829,
    0.42518654465675354,
    -0.5482680797576904
   ],
   [
    0.5665237903594971,
    0.09583745151758194,
    0.8184534311294556
   ],
   [
    0.40053999423980713,
    -0.9000175595283508,
    -0.17186078429222107
   ]
  ]
 },
 {
  "rotation_euler": [
   -1.6480880975723267,
   0.3136495053768158,
   -0.23737329244613647
  ],
  "euler_order": "XYZ",
  "rotation_matrix": [
   [
    0.9245409369468689,
    -0.31714239716529846,
    0.21129311621189117
   ],
   [
    -0.223678320646286,
    -0.002714805770665407,
    0.974659264087677
   ],
   [
    -0.30853214859962463,
    -0.9483740329742432,
    -0.0734478309750557
   ]
  ]
 },
 {
  "rotation_euler": [
   -1.510335087776184,
   -0.16388854384422302,
   2.7042057514190674
  ],
  "euler_order": "XYZ",
  "rotation_matrix": [
   [
    -0.8937233090400696,
    -0.17312078177928925,
    -0.41386932134628296
   ],
   [
    0.4178980588912964,
    0.014246124774217606,
    -0.90838223695755
   ],
   [
    0.16315586864948273,
    -0.9847975373268127,
    0.05961474031209946
   ]
  ]
 },
 {
  "rotation_euler": [
   -1.916562557220459,
   -0.5809981822967529,
   -0.3301904797554016
  ],
  "euler_order": "XYZ",
  "rotation_matrix": [
   [
    0.7907595634460449,
    0.3785957396030426,
    0.48100370168685913
   ],
   [
    -0.27102312445640564,
    -0.4880302846431732,
    0.8296824097633362
   ],
   [
    0.5488585829734802,
    -0.7864424586296082,
    -0.28330641984939575
   ]
  ]
 },
 {
  "rotation_euler": [
   -1.3941123485565186,
   0.11975129693746567,
   2.64420747756958
  ],
  "euler_order": "XYZ",
  "rotation_matrix": [
   [
    -0.8725392818450928,
    0.019492410123348236,
    -0.48815491795539856
   ],
   [
    0.47371214628219604,
    -0.21058210730552673,
    -0.8551326990127563
   ],
   [
    -0.11946529150009155,
    -0.9773818254470825,
    0.17450737953186035
   ]
  ]
 },
 {
  "rotation_euler": [
   -0.1766059398651123,
   1.2562276197058964e-06,
   -2.9508004188537598
  ],
  "euler_order": "XYZ",
  "rotation_matrix": [
   [
    -0.9818543195724487,
    0.18668735027313232,
    0.03331594914197922
   ],
   [
    -0.18963681161403656,
    -0.966582179069519,
    -0.1725015491247177
   ],
   [
    -1.2562276197058964e-06,
    -0.17568932473659515,
    0.9844456911087036
   ]
  ]
 },
 {
  "rotation_euler": [
   -1.694231390953064,
   0.14186617732048035,
   -0.39857450127601624
  ],
  "euler_order": "XYZ",
  "rotation_matrix": [
   [
    0.9123564958572388,
    -0.17710065841674805,
    0.3691083490848541
   ],
   [
    -0.38420602679252625,
    -0.059014011174440384,
    0.9213593602180481
   ],
   [
    -0.14139078557491302,
    -0.982421875,
    -0.12188495695590973
   ]
  ]
 },
 {
  "rotation_euler": [
   -1.3701071739196777,
   0.34381362795829773,
   0.45117098093032837
  ],
  "euler_order": "XYZ",
  "rotation_matrix": [
   [
    0.8472692370414734,
    -0.38418057560920715,
    -0.3667971193790436
   ],
   [
    0.41050204634666443,
    0.035374052822589874,
    0.9111732840538025
   ],
   [
    -0.3370799720287323,
    -0.9225800633430481,
    0.1876782476902008
   ]
  ]
 }
]