[
 {
  "rotation_euler": [
   -0.00012018127017654479,
   -1.5587455663990113e-06,
   1.510899305343628
  ],
  "euler_order": "XYZ",
  "rotation_matrix": [
   [
    0.059861212968826294,
    -0.9982066750526428,
    -0.00012005905591649935
   ],
   [
    0.9982067346572876,
    0.059861212968826294,
    5.638246420858195e-06
   ],
   [
    1.5587455663990113e-06,
    -0.00012018127017654479,
    1.0
   ]
  ]
 },
 {
  "rotation_euler": [
   -0.00010697878315113485,
   1.6744510844546312e-07,
   2.087024688720703
  ],
  "euler_order": "XYZ",
  "rotation_matrix": [
   [
    -0.49360349774360657,
    -0.869687020778656,
    -9.312071779277176e-05
   ],
   [
    0.8696870803833008,
    -0.49360349774360657,
    -5.265947766019963e-05
   ],
   [
    -1.6744510844546312e-07,
    -0.00010697878315113485,
    1.0
   ]
  ]
 },
 {
  "rotation_euler": [
   -0.00010612406185828149,
   1.2323849887252436e-06,
   2.123716354370117
  ],
  "euler_order": "XYZ",
  "rotation_matrix": [
   [
    -0.5251743793487549,
    -0.8509946465492249,
    -9.095822315430269e-05
   ],
   [
    0.8509946465492249,
    -0.5251743793487549,
    -5.468488598125987e-05
   ],
   [
    -1.2323849887252436e-06,
    -0.00010612406185828149,
    1.0
   ]
  ]
 },
 {
  "rotation_euler": [
   -0.00010613277845550328,
   -5.59776992758998e-07,
   1.1731348037719727
  ],
  "euler_order": "XYZ",
  "rotation_matrix": [
   [
    0.38726338744163513,
    -0.9219691157341003,
    -9.806792513700202e-05
   ],
   [
    0.9219691157341003,
    0.38726338744163513,
    4.058524427819066e-05
   ],
   [
    5.59776992758998e-07,
    -0.00010613277845550328,
    1.0
   ]
  ]
 },
 {
  "rotation_euler": [
   -0.010907118208706379,
   -0.00461035780608654,
   2.9460771083831787
  ],
  "euler_order": "XYZ",
  "rotation_matrix": [
   [
    -0.9809372425079346,
    -0.1943100541830063,
    0.002403325866907835
   ],
   [
    0.19427022337913513,
    -0.980879545211792,
    -0.011594708077609539
   ],
   [
    0.0046103415079414845,
    -0.010906785726547241,
    0.9999299049377441
   ]
  ]
 },
 {
  "rotation_euler": [
   -0.00010639402171364054,
   -2.814314825627662e-07,
   2.0804224014282227
  ],
  "euler_order": "XYZ",
  "rotation_matrix": [
   [
    -0.4878508746623993,
    -0.8729270100593567,
    -9.27369183045812e-05
   ],
   [
    0.8729270100593567,
    -0.4878508746623993,
    -5.215008422965184e-05
   ],
   [
    2.814314825627662e-07,
    -0.00010639402171364054,
    1.0
   ]
  ]
 },
 {
  "rotation_euler": [
   -0.0001062811425072141,
   -1.2064731436112197e-07,
   2.846799373626709
  ],
  "euler_order": "XYZ",
  "rotation_matrix": [
   [
    -0.956862211227417,
    -0.2905420660972595,
    -3.0763698305236176e-05
   ],
   [
    0.2905420660972595,
    -0.956862211227417,
    -0.00010173146438319236
   ],
   [
    1.2064731436112197e-07,
    -0.0001062811425072141,
    1.0
   ]
  ]
 },
 {
  "rotation_euler": [
   -0.00010617383668432012,
   7.671167736589268e-07,
   -2.204763889312744
  ],
  "euler_order": "XYZ",
  "rotation_matrix": [
   [
    -0.5923460125923157,
    0.8056836724281311,
    8.508812607033178e-05
   ],
   [
    -0.8056836724281311,
    -0.5923460125923157,
    -6.350970215862617e-05
   ],
   [
    -7.671167736589268e-07,
    -0.00010617383668432012,
    1.0
   ]
  ]
 },
 {
  "rotation_euler": [
   -0.00010643179120961577,
   -9.338448592188797e-08,
   -1.4694585800170898
  ],
  "euler_order": "XYZ",
  "rotation_matrix": [
   [
    0.10116439312696457,
    0.9948697090148926,
    0.00010587632277747616
   ],
   [
    -0.9948697090148926,
    0.10116439312696457,
    1.0860012480407022e-05
   ],
   [
    9.338448592188797e-08,
    -0.00010643179120961577,
    1.0
   ]
  ]
 },
 {
  "rotation_euler": [
   -0.00010638768435455859,
   -1.7646815564376084e-08,
   0.18041156232357025
  ],
  "euler_order": "XYZ",
  "rotation_matrix": [
   [
    0.983769953250885,
    -0.17943446338176727,
    -1.9106977561023086e-05
   ],
   [
    0.17943447828292847,
    0.9837698936462402,
    0.0001046578399837017
   ],
   [
    1.7646815564376084e-08,
    -0.00010638768435455859,
    1.0
   ]
  ]
 },
 {
  "rotation_euler": [
   -0.021700453013181686,
   -0.004151363857090473,
   2.922109603881836
  ],
  "euler_order": "XYZ",
  "rotation_matrix": [
   [
    -0.9760017395019531,
    -0.21776175498962402,
    -0.0006735550123266876
   ],
   [
    0.21772322058677673,
    -0.9757606983184814,
    -0.02208184078335762
   ],
   [
    0.004151351749897003,
    -0.021698562428355217,
    0.9997559189796448
   ]
  ]
 },
 {
  "rotation_euler": [
   -0.012781689874827862,
   0.0038811236154288054,
   0.8246093392372131
  ],
  "euler_order": "XYZ",
  "rotation_matrix": [
   [
    0.6788387894630432,
    -0.7342563271522522,
    -0.006750662345439196
   ],
   [
    0.7342771291732788,
    0.6787520051002502,
    0.011526137590408325
   ],
   [
    -0.003881113836541772,
    -0.01278124563395977,
    0.9999107718467712
   ]
  ]
 },
 {
  "rotation_euler": [
   -0.00010705426393542439,
   1.2204978361296526e-07,
   2.5530080795288086
  ],
  "euler_order": "XYZ",
  "rotation_matrix": [
   [
    -0.8317273259162903,
    -0.5551843047142029,
    -5.953636355116032e-05
   ],
   [
    0.5551843047142029,
    -0.8317273259162903,
    -8.897219959180802e-05
   ],
   [
    -1.2204978361296526e-07,
    -0.00010705426393542439,
    1.0
   ]
  ]
 },
 {
  "rotation_euler": [
   -0.00010028195538325235,
   1.5834577425266616e-05,
   0.7650789618492126
  ],
  "euler_order": "XYZ",
  "rotation_matrix": [
   [
    0.7213276624679565,
    -0.6925939321517944,
    -5.803275780635886e-05
   ],
   [
    0.6925939321517944,
    0.7213276624679565,
    8.330307900905609e-05
   ],
   [
    -1.5834577425266616e-05,
    -0.00010028195538325235,
    1.0
   ]
  ]
 },
 {
  "rotation_euler": [
   -0.00010960604413412511,
   1.6190045926123275e-06,
   -2.3942713737487793
  ],
  "euler_order": "XYZ",
  "rotation_matrix": [
   [
    -0.7335121631622314,
    0.6796762943267822,
    7.330907101277262e-05
   ],
   [
    -0.679676353931427,
    -0.7335121631622314,
    -8.14977684058249e-05
   ],
   [
    -1.6190045926123275e-06,
    -0.00010960604413412511,
    1.0
   ]
  ]
 },
 {
  "rotation_euler": [
   -0.00011434463522164151,
   9.289004083257169e-05,
   1.2711634635925293
  ],
  "euler_order": "XYZ",
  "rotation_matrix": [
   [
    0.2951694428920746,
    -0.9554449319839478,
    -8.183169848052785e-05
   ],
   [
    0.9554449319839478,
    0.2951694428920746,
    0.0001225023588631302
   ],
   [
    -9.289004083257169e-05,
    -0.00011434463522164151,
    1.0
   ]
  ]
 }
]