[
 {
  "rotation_euler": [
   -0.7656279802322388,
   1.438916563987732,
   0.07273151725530624
  ],
  "euler_order": "XYZ",
  "rotation_matrix": [
   [
    0.13115015625953674,
    -0.7375454306602478,
    0.6624397039413452
   ],
   [
    0.009555605240166187,
    0.6691207885742188,
    0.7430922389030457
   ],
   [
    -0.9913164377212524,
    -0.09112665057182312,
    0.09480299800634384
   ]
  ]
 },
 {
  "rotation_euler": [
   0.10812139511108398,
   1.3471779823303223,
   2.5517640113830566
  ],
  "euler_order": "XYZ",
  "rotation_matrix": [
   [
    -0.18428997695446014,
    -0.640415608882904,
    -0.7455904483795166
   ],
   [
    0.12334666401147842,
    -0.7676556706428528,
    0.6288802623748779
   ],
   [
    -0.9751014113426208,
    0.02393023855984211,
    0.22046437859535217
   ]
  ]
 },
 {
  "rotation_euler": [
   -2.1327567100524902,
   -1.268020510673523,
   -1.110926866531372
  ],
  "euler_order": "XYZ",
  "rotation_matrix": [
   [
    0.1323375254869461,
    -0.11899765580892563,
    0.9840357303619385
   ],
   [
    -0.26719406247138977,
    -0.960300087928772,
    -0.080193892121315
   ],
   [
    0.9545124769210815,
    -0.25231584906578064,
    -0.15887920558452606
   ]
  ]
 },
 {
  "rotation_euler": [
   0.8489741683006287,
   2.0056190490722656,
   -1.00639808177948
  ],
  "euler_order": "XYZ",
  "rotation_matrix": [
   [
    -0.22532957792282104,
    0.9224188327789307,
    -0.3136400878429413
   ],
   [
    0.355918288230896,
    -0.22173550724983215,
    -0.9078301191329956
   ],
   [
    -0.906944751739502,
    -0.3161912262439728,
    -0.2783421576023102
   ]
  ]
 },
 {
  "rotation_euler": [
   -2.339566707611084,
   -1.0586298704147339,
   1.2128210067749023
  ],
  "euler_order": "XYZ",
  "rotation_matrix": [
   [
    0.17170895636081696,
    0.8707039952278137,
    -0.4608585238456726
   ],
   [
    0.4590006172657013,
    0.34321871399879456,
    0.8194628357887268
   ],
   [
    0.8716848492622375,
    -0.35224345326423645,
    -0.34071993827819824
   ]
  ]
 },
 {
  "rotation_euler": [
   0.6189497709274292,
   2.7381067276000977,
   -1.0335338115692139
  ],
  "euler_order": "XYZ",
  "rotation_matrix": [
   [
    -0.4706886112689972,
    0.8163192272186279,
    -0.3347761929035187
   ],
   [
    0.7901243567466736,
    0.22114281356334686,
    -0.5716636776924133
   ],
   [
    -0.39262673258781433,
    -0.5335904359817505,
    -0.7490831017494202
   ]
  ]
 },
 {
  "rotation_euler": [
   0.7974185347557068,
   2.076627731323242,
   -1.3081574440002441
  ],
  "euler_order": "XYZ",
  "rotation_matrix": [
   [
    -0.12579971551895142,
    0.8371161222457886,
    -0.5323635935783386
   ],
   [
    0.46791931986808777,
    -0.42311668395996094,
    -0.7759019136428833
   ],
   [
    -0.8747719526290894,
    -0.3467114567756653,
    -0.3384748697280884
   ]
  ]
 },
 {
  "rotation_euler": [
   0.7717406153678894,
   2.1182217597961426,
   -0.42377957701683044
  ],
  "euler_order": "XYZ",
  "rotation_matrix": [
   [
    -0.47444868087768555,
    0.8375108242034912,
    0.2710610628128052
   ],
   [
    0.21403023600578308,
    0.4084359407424927,
    -0.8873393535614014
   ],
   [
    -0.8538674116134644,
    -0.3629817068576813,
    -0.3730345070362091
   ]
  ]
 },
 {
  "rotation_euler": [
   -0.206227108836174,
   1.3989965915679932,
   1.17226243019104
  ],
  "euler_order": "XYZ",
  "rotation_matrix": [
   [
    0.06634242087602615,
    -0.9803961515426636,
    0.1855318546295166
   ],
   [
    0.15755821764469147,
    0.1939018815755844,
    0.968285858631134
   ],
   [
    -0.9852786660194397,
    -0.035006362944841385,
    0.16733339428901672
   ]
  ]
 },
 {
  "rotation_euler": [
   -2.575409412384033,
   0.12295026332139969,
   1.8354450464248657
  ],
  "euler_order": "XYZ",
  "rotation_matrix": [
   [
    -0.259595662355423,
    0.8317794799804688,
    -0.49066585302352905
   ],
   [
    0.9578983783721924,
    0.15725745260715485,
    -0.24020981788635254
   ],
   [
    -0.12264072895050049,
    -0.5323654413223267,
    -0.837583601474762
   ]
  ]
 },
 {
  "rotation_euler": [
   -2.8394935131073,
   1.820928692817688,
   0.022397765889763832
  ],
  "euler_order": "XYZ",
  "rotation_matrix": [
   [
    -0.24747012555599213,
    -0.26681187748908997,
    -0.9314343333244324
   ],
   [
    -0.005543705075979233,
    -0.960930585861206,
    0.27673405408859253
   ],
   [
    -0.9688796401023865,
    0.07364700734615326,
    0.23632247745990753
   ]
  ]
 },
 {
  "rotation_euler": [
   0.7049036026000977,
   -2.2805728912353516,
   1.2200653553009033
  ],
  "euler_order": "XYZ",
  "rotation_matrix": [
   [
    -0.2239016741514206,
    -0.8841705322265625,
    0.4100128710269928
   ],
   [
    -0.6119921803474426,
    -0.19986295700073242,
    -0.7651930451393127
   ],
   [
    0.758507490158081,
    -0.42225268483161926,
    -0.4963557720184326
   ]
  ]
 },
 {
  "rotation_euler": [
   2.1666789054870605,
   1.6977182626724243,
   0.19492000341415405
  ],
  "euler_order": "XYZ",
  "rotation_matrix": [
   [
    -0.12418439239263535,
    0.9141543507575989,
    -0.38587576150894165
   ],
   [
    -0.02451731264591217,
    -0.3915942311286926,
    -0.9198113083839417
   ],
   [
    -0.9919562339782715,
    -0.10476557165384293,
    0.071042500436306
   ]
  ]
 },
 {
  "rotation_euler": [
   0.38865888118743896,
   1.3089611530303955,
   1.4427634477615356
  ],
  "euler_order": "XYZ",
  "rotation_matrix": [
   [
    0.033051300793886185,
    -0.8711073398590088,
    0.4899791479110718
   ],
   [
    0.2567348778247833,
    0.4811963438987732,
    0.8381749391555786
   ],
   [
    -0.9659165740013123,
    0.0980919674038887,
    0.23954781889915466
   ]
  ]
 },
 {
  "rotation_euler": [
   1.9266589879989624,
   1.698621392250061,
   0.22827772796154022
  ],
  "euler_order": "XYZ",
  "rotation_matrix": [
   [
    -0.12417019158601761,
    0.9844231009483337,
    -0.12447040528059006
   ],
   [
    -0.028848137706518173,
    -0.12896966934204102,
    -0.9912288188934326
   ],
   [
    -0.9918414950370789,
    -0.11949033290147781,
    0.04441296309232712
   ]
  ]
 },
 {
  "rotation_euler": [
   0.8431577086448669,
   -2.021932601928711,
   -0.84884113073349
  ],
  "euler_order": "XYZ",
  "rotation_matrix": [
   [
    -0.2881243824958801,
    0.05505596846342087,
    -0.9560089707374573
   ],
   [
    0.32721588015556335,
    0.9439126253128052,
    -0.04425779730081558
   ],
   [
    0.8999522924423218,
    -0.32557305693626404,
    -0.2899794280529022
   ]
  ]
 }
]