[
 {
  "rotation_euler": [
   -1.4605281352996826,
   0.07028069347143173,
   -0.10819984972476959
  ],
  "euler_order": "XYZ",
  "rotation_matrix": [
   [
    0.9916978478431702,
    -0.05750457942485809,
    0.11501546949148178
   ],
   [
    -0.10772226750850677,
    0.11693856865167618,
    0.9872797131538391
   ],
   [
    -0.07022284716367722,
    -0.9914729595184326,
    0.10977320373058319
   ]
  ]
 },
 {
  "rotation_euler": [
   1.5174338817596436,
   -0.10841529816389084,
   0.6754544377326965
  ],
  "euler_order": "XYZ",
  "rotation_matrix": [
   [
    0.7758408784866333,
    -0.11767307668924332,
    0.6198580265045166
   ],
   [
    0.6215810775756836,
    -0.02593235671520233,
    -0.7829204797744751
   ],
   [
    0.10820303857326508,
    0.9927137494087219,
    0.05302397161722183
   ]
  ]
 },
 {
  "rotation_euler": [
   -1.7472699880599976,
   -0.2309853434562683,
   0.6134194135665894
  ],
  "euler_order": "XYZ",
  "rotation_matrix": [
   [
    0.795967698097229,
    0.2853541970252991,
    -0.5338617563247681
   ],
   [
    0.560377836227417,
    -0.013807471841573715,
    0.8281219601631165
   ],
   [
    0.2289368063211441,
    -0.9583226442337036,
    -0.1708964705467224
   ]
  ]
 },
 {
  "rotation_euler": [
   -1.6729999780654907,
   0.004485820420086384,
   -0.9876885414123535
  ],
  "euler_order": "XYZ",
  "rotation_matrix": [
   [
    0.5506153106689453,
    -0.08762369304895401,
    0.8301475048065186
   ],
   [
    -0.8347470760345459,
    -0.05245252698659897,
    0.5481296181678772
   ],
   [
    -0.00448580551892519,
    -0.9947717189788818,
    -0.10202478617429733
   ]
  ]
 },
 {
  "rotation_euler": [
   -1.7474676370620728,
   -0.006448724772781134,
   2.3454360961914062
  ],
  "euler_order": "XYZ",
  "rotation_matrix": [
   [
    -0.6994441151618958,
    0.12116604298353195,
    -0.7043413519859314
   ],
   [
    0.7146582007408142,
    0.12746939063072205,
    -0.6877610087394714
   ],
   [
    0.006448680069297552,
    -0.9844136834144592,
    -0.1757500171661377
   ]
  ]
 },
 {
  "rotation_euler": [
   -1.5736596584320068,
   0.13549673557281494,
   1.0572118759155273
  ],
  "euler_order": "XYZ",
  "rotation_matrix": [
   [
    0.48679929971694946,
    -0.06387216597795486,
    -0.8711755275726318
   ],
   [
    0.8630058765411377,
    -0.1190616637468338,
    0.49096351861953735
   ],
   [
    -0.13508251309394836,
    -0.9908303022384644,
    -0.0028370835352689028
   ]
  ]
 },
 {
  "rotation_euler": [
   1.5328726768493652,
   -0.2272399663925171,
   2.710106372833252
  ],
  "euler_order": "XYZ",
  "rotation_matrix": [
   [
    -0.884993314743042,
    0.1886366307735443,
    0.425679475069046
   ],
   [
    0.40746966004371643,
    -0.12859255075454712,
    0.9041197299957275
   ],
   [
    0.22528930008411407,
    0.9735913872718811,
    0.036939848214387894
   ]
  ]
 },
 {
  "rotation_euler": [
   -1.5610569715499878,
   0.10893173515796661,
   0.3548094630241394
  ],
  "euler_order": "XYZ",
  "rotation_matrix": [
   [
    0.9321547150611877,
    -0.10532345622777939,
    -0.3464023768901825
   ],
   [
    0.34535253047943115,
    -0.028634995222091675,
    0.9380360841751099
   ],
   [
    -0.10871642827987671,
    -0.9940256476402283,
    0.009681475348770618
   ]
  ]
 },
 {
  "rotation_euler": [
   -1.6660692691802979,
   -0.10028886049985886,
   -1.8508135080337524
  ],
  "euler_order": "XYZ",
  "rotation_matrix": [
   [
    -0.2749834656715393,
    -0.11896879225969315,
    0.9540600180625916
   ],
   [
    -0.9562216997146606,
    -0.0694938525557518,
    -0.2842722237110138
   ],
   [
    0.10012082755565643,
    -0.9904630184173584,
    -0.09465087950229645
   ]
  ]
 },
 {
  "rotation_euler": [
   1.6526122093200684,
   -0.25822141766548157,
   -1.6242963075637817
  ],
  "euler_order": "XYZ",
  "rotation_matrix": [
   [
    -0.05170155316591263,
    -0.06799807399511337,
    -0.9963449239730835
   ],
   [
    -0.965462327003479,
    0.2585131824016571,
    0.032456133514642715
   ],
   [
    0.2553613483905792,
    0.9636115431785583,
    -0.07901511341333389
   ]
  ]
 },
 {
  "rotation_euler": [
   -1.1853079795837402,
   0.34483206272125244,
   -0.38634201884269714
  ],
  "euler_order": "XYZ",
  "rotation_matrix": [
   [
    0.8717647790908813,
    -0.14846228063106537,
    0.46688881516456604
   ],
   [
    -0.3546210527420044,
    0.46632370352745056,
    0.8104234337806702
   ],
   [
    -0.3380386233329773,
    -0.8720671534538269,
    0.3538767099380493
   ]
  ]
 },
 {
  "rotation_euler": [
   1.49092435836792,
   0.04827827960252762,
   -2.6239328384399414
  ],
  "euler_order": "XYZ",
  "rotation_matrix": [
   [
    -0.8679670691490173,
    -0.002320381347090006,
    -0.49661630392074585
   ],
   [
    -0.49427133798599243,
    -0.09313832968473434,
    0.8643038272857666
   ],
   [
    -0.04825952649116516,
    0.9956504702568054,
    0.07969410717487335
   ]
  ]
 },
 {
  "rotation_euler": [
   -1.595124363899231,
   -0.006416097283363342,
   0.13127370178699493
  ],
  "euler_order": "XYZ",
  "rotation_matrix": [
   [
    0.9913755655288696,
    0.009543119929730892,
    -0.13070352375507355
   ],
   [
    0.13089430332183838,
    -0.02327674627304077,
    0.9911230206489563
   ],
   [
    0.006416053045541048,
    -0.9996834993362427,
    -0.024325136095285416
   ]
  ]
 },
 {
  "rotation_euler": [
   -1.568846344947815,
   -0.205222949385643,
   0.9123015403747559
  ],
  "euler_order": "XYZ",
  "rotation_matrix": [
   [
    0.5990861058235168,
    0.12315931916236877,
    -0.7911558747291565
   ],
   [
    0.7743173241615295,
    0.1623697429895401,
    0.6116116046905518
   ],
   [
    0.20378543436527252,
    -0.9790137410163879,
    0.0019090613350272179
   ]
  ]
 },
 {
  "rotation_euler": [
   -0.4103620946407318,
   -0.08800958842039108,
   1.8904658555984497
  ],
  "euler_order": "XYZ",
  "rotation_matrix": [
   [
    -0.31303659081459045,
    -0.8815411925315857,
    -0.35340240597724915
   ],
   [
    0.9456650614738464,
    -0.2548735439777374,
    -0.20188386738300323
   ],
   [
    0.08789601922035217,
    -0.39739733934402466,
    0.9134274125099182
   ]
  ]
 },
 {
  "rotation_euler": [
   -1.5045830011367798,
   -0.11827565729618073,
   -2.607980966567993
  ],
  "euler_order": "XYZ",
  "rotation_matrix": [
   [
    -0.8549605011940002,
    -0.0677180215716362,
    0.5142536759376526
   ],
   [
    -0.5050926208496094,
    -0.116855189204216,
    -0.8551177382469177
   ],
   [
    0.1180000901222229,
    -0.990837574005127,
    0.06570269912481308
   ]
  ]
 }
]