[
 {
  "rotation_euler": [
   0.8345697522163391,
   1.6059610843658447,
   -0.8056197762489319
  ],
  "euler_order": "XYZ",
  "rotation_matrix": [
   [
    -0.024352354928851128,
    0.9972759485244751,
    -0.06962506473064423
   ],
   [
    0.02535770833492279,
    -0.06900711357593536,
    -0.9972938299179077
   ],
   [
    -0.9993817806243896,
    -0.02605198509991169,
    -0.023608148097991943
   ]
  ]
 },
 {
  "rotation_euler": [
   0.830132007598877,
   1.6063096523284912,
   0.10177309066057205
  ],
  "euler_order": "XYZ",
  "rotation_matrix": [
   [
    -0.03532214090228081,
    0.665182888507843,
    0.7458445429801941
   ],
   [
    -0.003607306396588683,
    0.7462205290794373,
    -0.6656890511512756
   ],
   [
    -0.9993694424629211,
    -0.026204051449894905,
    -0.023958586156368256
   ]
  ]
 },
 {
  "rotation_euler": [
   -1.4179465770721436,
   -0.4045449495315552,
   0.5967744588851929
  ],
  "euler_order": "XYZ",
  "rotation_matrix": [
   [
    0.7603861689567566,
    0.23620791733264923,
    -0.6049947738647461
   ],
   [
    0.5166154503822327,
    0.34455403685569763,
    0.7838309407234192
   ],
   [
    0.3936004936695099,
    -0.9085639119148254,
    0.1399654746055603
   ]
  ]
 },
 {
  "rotation_euler": [
   -1.4196994304656982,
   -0.13610197603702545,
   -1.58093807840487e-05
  ],
  "euler_order": "XYZ",
  "rotation_matrix": [
   [
    0.9907523989677429,
    0.13413867354393005,
    -0.020407607778906822
   ],
   [
    -1.5663181329728104e-05,
    0.15052050352096558,
    0.988606870174408
   ],
   [
    0.13568218052387238,
    -0.9794643521308899,
    0.1491306573152542
   ]
  ]
 },
 {
  "rotation_euler": [
   0.6278178691864014,
   -1.609109878540039,
   -1.9749690294265747
  ],
  "euler_order": "XYZ",
  "rotation_matrix": [
   [
    0.015063434839248657,
    0.9749259948730469,
    -0.2220190465450287
   ],
   [
    0.03521793708205223,
    0.22138914465904236,
    0.974549412727356
   ],
   [
    0.9992661476135254,
    -0.022499114274978638,
    -0.03099999949336052
   ]
  ]
 },
 {
  "rotation_euler": [
   -2.800161123275757,
   -1.5369622707366943,
   0.13257074356079102
  ],
  "euler_order": "XYZ",
  "rotation_matrix": [
   [
    0.03353077545762062,
    0.45626100897789,
    0.889214038848877
   ],
   [
    0.004471425898373127,
    -0.8897739052772522,
    0.45637965202331543
   ],
   [
    0.9994276762008667,
    -0.011326709762215614,
    -0.031874947249889374
   ]
  ]
 },
 {
  "rotation_euler": [
   -1.462092638015747,
   1.2361154556274414,
   -0.2542874813079834
  ],
  "euler_order": "XYZ",
  "rotation_matrix": [
   [
    0.31790515780448914,
    -0.8814553022384644,
    0.3492461144924164
   ],
   [
    -0.08262799680233002,
    0.3411969244480133,
    0.9363531470298767
   ],
   [
    -0.9445151686668396,
    -0.32652899622917175,
    0.03563537821173668
   ]
  ]
 },
 {
  "rotation_euler": [
   -1.4188523292541504,
   -0.22303155064582825,
   1.7840582132339478
  ],
  "euler_order": "XYZ",
  "rotation_matrix": [
   [
    -0.20640675723552704,
    -0.19420574605464935,
    -0.9589996933937073
   ],
   [
    0.9531382322311401,
    0.18165044486522675,
    -0.2419309765100479
   ],
   [
    0.22118709981441498,
    -0.9639954566955566,
    0.14761103689670563
   ]
  ]
 },
 {
  "rotation_euler": [
   0.8346918821334839,
   1.6061099767684937,
   -0.6635557413101196
  ],
  "euler_order": "XYZ",
  "rotation_matrix": [
   [
    -0.02781456522643566,
    0.9970055222511292,
    0.07215530425310135
   ],
   [
    0.02174593321979046,
    0.0727696567773819,
    -0.9971116781234741
   ],
   [
    -0.9993765354156494,
    -0.02616514265537262,
    -0.02370487153530121
   ]
  ]
 },
 {
  "rotation_euler": [
   0.8880237340927124,
   1.608404278755188,
   -1.6666674613952637
  ],
  "euler_order": "XYZ",
  "rotation_matrix": [
   [
    0.003599147778004408,
    0.5538361668586731,
    -0.8326178789138794
   ],
   [
    0.0374264270067215,
    -0.8321145176887512,
    -0.5533395409584045
   ],
   [
    -0.9992929100990295,
    -0.029170362278819084,
    -0.02372301183640957
   ]
  ]
 },
 {
  "rotation_euler": [
   0.8301110863685608,
   1.6063090562820435,
   0.9356959462165833
  ],
  "euler_order": "XYZ",
  "rotation_matrix": [
   [
    -0.02106379345059395,
    -0.10566484183073044,
    0.9941787123680115
   ],
   [
    -0.028582170605659485,
    0.9940565228462219,
    0.10504628717899323
   ],
   [
    -0.9993695020675659,
    -0.026203110814094543,
    -0.023958731442689896
   ]
  ]
 },
 {
  "rotation_euler": [
   -1.419002652168274,
   0.7639644145965576,
   -2.308385133743286
  ],
  "euler_order": "XYZ",
  "rotation_matrix": [
   [
    -0.4856155514717102,
    0.5717930793762207,
    0.6612338423728943
   ],
   [
    -0.5344200134277344,
    0.4044104814529419,
    -0.742190957069397
   ],
   [
    -0.6917895674705505,
    -0.713796079158783,
    0.10918964445590973
   ]
  ]
 },
 {
  "rotation_euler": [
   -2.067075729370117,
   -1.5179349184036255,
   0.6840440630912781
  ],
  "euler_order": "XYZ",
  "rotation_matrix": [
   [
    0.040949754416942596,
    0.9814719557762146,
    -0.18717879056930542
   ],
   [
    0.03338928148150444,
    0.18588709831237793,
    0.9820036292076111
   ],
   [
    0.9986031651496887,
    -0.04646257311105728,
    -0.025158613920211792
   ]
  ]
 },
 {
  "rotation_euler": [
   0.8301330804824829,
   1.6063097715377808,
   1.2483357191085815
  ],
  "euler_order": "XYZ",
  "rotation_matrix": [
   [
    -0.011251891031861305,
    -0.40626612305641174,
    0.9136855006217957
   ],
   [
    -0.03367595002055168,
    0.9133790135383606,
    0.40571510791778564
   ],
   [
    -0.9993694424629211,
    -0.026204165071249008,
    -0.023958638310432434
   ]
  ]
 },
 {
  "rotation_euler": [
   0.673640787601471,
   -1.6098335981369019,
   2.061363935470581
  ],
  "euler_order": "XYZ",
  "rotation_matrix": [
   [
    0.018386827781796455,
    -0.39570164680480957,
    0.9181950688362122
   ],
   [
    -0.034424688667058945,
    -0.9180563688278198,
    -0.39495253562927246
   ],
   [
    0.999238133430481,
    -0.02434665523469448,
    -0.03050204925239086
   ]
  ]
 },
 {
  "rotation_euler": [
   -1.9636067152023315,
   -1.5085248947143555,
   -0.8661069273948669
  ],
  "euler_order": "XYZ",
  "rotation_matrix": [
   [
    0.04031319543719292,
    0.3056875765323639,
    0.951278030872345
   ],
   [
    -0.04740852117538452,
    -0.9503945708274841,
    0.3074127435684204
   ],
   [
    0.9980617761611938,
    -0.0574914775788784,
    -0.02382124587893486
   ]
  ]
 }
]