[
 {
  "rotation_euler": [
   -5.610548896584078e-07,
   -7.676752034058154e-07,
   2.9186043739318848
  ],
  "euler_order": "XYZ",
  "rotation_matrix": [
   [
    -0.97524094581604,
    -0.221144899725914,
    6.245938948268304e-07
   ],
   [
    0.221144899725914,
    -0.97524094581604,
    -7.16931140232191e-07
   ],
   [
    7.676752034058154e-07,
    -5.610548896584078e-07,
    1.0
   ]
  ]
 },
 {
  "rotation_euler": [
   1.2945097296324093e-06,
   -8.175301218216191e-07,
   1.187882423400879
  ],
  "euler_order": "XYZ",
  "rotation_matrix": [
   [
    0.37362492084503174,
    -0.9275798797607422,
    8.953115298027114e-07
   ],
   [
    0.9275798797607422,
    0.37362492084503174,
    -1.2419856147971586e-06
   ],
   [
    8.175301218216191e-07,
    1.2945097296324093e-06,
    1.0
   ]
  ]
 },
 {
  "rotation_euler": [
   -1.1217423434572993e-06,
   -9.50681283029553e-07,
   2.867746114730835
  ],
  "euler_order": "XYZ",
  "rotation_matrix": [
   [
    -0.9627377986907959,
    -0.2704366445541382,
    6.118965529822162e-07
   ],
   [
    0.2704366445541382,
    -0.9627377986907959,
    -1.3370428177950089e-06
   ],
   [
    9.50681283029553e-07,
    -1.1217423434572993e-06,
    1.0
   ]
  ]
 },
 {
  "rotation_euler": [
   -1.7289103197981603e-06,
   -3.1978668175725034e-06,
   1.7930617332458496
  ],
  "euler_order": "XYZ",
  "rotation_matrix": [
   [
    -0.2204398661851883,
    -0.9754005670547485,
    -9.814427812671056e-07
   ],
   [
    0.9754005670547485,
    -0.2204398661851883,
    -3.5003217817575205e-06
   ],
   [
    3.1978668175725034e-06,
    -1.7289103197981603e-06,
    1.0
   ]
  ]
 },
 {
  "rotation_euler": [
   3.1111951102502644e-05,
   3.077112341998145e-05,
   -0.34793564677238464
  ],
  "euler_order": "XYZ",
  "rotation_matrix": [
   [
    0.9400785565376282,
    0.3409578800201416,
    1.8319409718969837e-05
   ],
   [
    -0.3409578800201416,
    0.9400785565376282,
    -3.973933417000808e-05
   ],
   [
    -3.077112341998145e-05,
    3.1111951102502644e-05,
    1.0
   ]
  ]
 },
 {
  "rotation_euler": [
   2.4442797439405695e-06,
   -1.410424033565505e-06,
   -2.128297805786133
  ],
  "euler_order": "XYZ",
  "rotation_matrix": [
   [
    -0.5290676355361938,
    0.8485796451568604,
    -1.327956283603271e-06
   ],
   [
    -0.8485796451568604,
    -0.5290676355361938,
    2.490046426828485e-06
   ],
   [
    1.410424033565505e-06,
    2.4442797439405695e-06,
    1.0
   ]
  ]
 },
 {
  "rotation_euler": [
   7.267551893619384e-08,
   -3.4357434230969375e-08,
   2.793626308441162
  ],
  "euler_order": "XYZ",
  "rotation_matrix": [
   [
    -0.9400681257247925,
    -0.3409867286682129,
    5.7079716953012394e-08
   ],
   [
    0.3409867286682129,
    -0.9400681257247925,
    5.660450952404972e-08
   ],
   [
    3.4357434230969375e-08,
    7.267551893619384e-08,
    1.0
   ]
  ]
 },
 {
  "rotation_euler": [
   -9.285563606908909e-08,
   1.266292315449391e-07,
   0.35092893242836
  ],
  "euler_order": "XYZ",
  "rotation_matrix": [
   [
    0.9390537738800049,
    -0.34377026557922363,
    8.6990652903296e-08
   ],
   [
    0.34377026557922363,
    0.9390537738800049,
    1.3072779836420523e-07
   ],
   [
    -1.266292315449391e-07,
    -9.285563606908909e-08,
    1.0
   ]
  ]
 },
 {
  "rotation_euler": [
   2.822026544890832e-06,
   9.890733281281427e-07,
   0.29572468996047974
  ],
  "euler_order": "XYZ",
  "rotation_matrix": [
   [
    0.9565911889076233,
    -0.2914331555366516,
    1.7685709963188856e-06
   ],
   [
    0.2914331555366516,
    0.9565911889076233,
    -2.4112769096973352e-06
   ],
   [
    -9.890733281281427e-07,
    2.822026544890832e-06,
    1.0
   ]
  ]
 },
 {
  "rotation_euler": [
   3.4143927223340143e-06,
   -8.320838560393895e-07,
   2.653154134750366
  ],
  "euler_order": "XYZ",
  "rotation_matrix": [
   [
    -0.8830666542053223,
    -0.46924757957458496,
    2.336980969630531e-06
   ],
   [
    0.46924757957458496,
    -0.8830666542053223,
    2.6246830202580895e-06
   ],
   [
    8.320838560393895e-07,
    3.4143927223340143e-06,
    1.0
   ]
  ]
 },
 {
  "rotation_euler": [
   -1.0723870218498632e-06,
   2.4742855657677865e-06,
   0.6410008072853088
  ],
  "euler_order": "XYZ",
  "rotation_matrix": [
   [
    0.8014976978302002,
    -0.5979979038238525,
    1.3418489288596902e-06
   ],
   [
    0.5979979038238525,
    0.8014976978302002,
    2.3391332888422767e-06
   ],
   [
    -2.4742855657677865e-06,
    -1.0723870218498632e-06,
    1.0
   ]
  ]
 },
 {
  "rotation_euler": [
   1.3995060044180718e-06,
   -2.451968612149358e-06,
   0.14489547908306122
  ],
  "euler_order": "XYZ",
  "rotation_matrix": [
   [
    0.9895210266113281,
    -0.14438900351524353,
    -2.224201125500258e-06
   ],
   [
    0.14438900351524353,
    0.9895210266113281,
    -1.7388779269822408e-06
   ],
   [
    2.451968612149358e-06,
    1.3995060044180718e-06,
    1.0
   ]
  ]
 },
 {
  "rotation_euler": [
   -4.49638349664383e-07,
   -3.6858841667708475e-07,
   0.0679054856300354
  ],
  "euler_order": "XYZ",
  "rotation_matrix": [
   [
    0.9976953268051147,
    -0.06785330921411514,
    -3.9824837472224317e-07
   ],
   [
    0.06785330921411514,
    0.9976953268051147,
    4.2359212670817215e-07
   ],
   [
    3.6858841667708475e-07,
    -4.49638349664383e-07,
    1.0
   ]
  ]
 },
 {
  "rotation_euler": [
   -1.7512800241092918e-06,
   -3.3086537314375164e-06,
   -0.7605637907981873
  ],
  "euler_order": "XYZ",
  "rotation_matrix": [
   [
    0.72444748878479,
    0.689329981803894,
    -1.1897360536750057e-06
   ],
   [
    -0.689329981803894,
    0.72444748878479,
    3.5494647363520926e-06
   ],
   [
    3.3086537314375164e-06,
    -1.7512800241092918e-06,
    1.0
   ]
  ]
 },
 {
  "rotation_euler": [
   -4.4633100060309516e-07,
   -6.043702569513698e-07,
   -1.3580920696258545
  ],
  "euler_order": "XYZ",
  "rotation_matrix": [
   [
    0.21110397577285767,
    0.9774636030197144,
    3.08687333472335e-07
   ],
   [
    -0.9774636030197144,
    0.21110397577285767,
    6.849721785329166e-07
   ],
   [
    6.043702569513698e-07,
    -4.4633100060309516e-07,
    1.0
   ]
  ]
 },
 {
  "rotation_euler": [
   1.3250877373138792e-06,
   -1.7589100025361404e-06,
   -0.5427820682525635
  ],
  "euler_order": "XYZ",
  "rotation_matrix": [
   [
    0.8562750220298767,
    0.5165202021598816,
    -2.190545274061151e-06
   ],
   [
    -0.5165202021598816,
    0.8562750220298767,
    -2.261269571590674e-07
   ],
   [
    1.7589100025361404e-06,
    1.3250877373138792e-06,
    1.0
   ]
  ]
 }
]