[
 {
  "rotation_euler": [
   3.5070613648713334e-06,
   1.221672960127762e-06,
   -1.7781683206558228
  ],
  "euler_order": "XYZ",
  "rotation_matrix": [
   [
    -0.20588891208171844,
    0.9785753488540649,
    -3.683452860059333e-06
   ],
   [
    -0.9785753488540649,
    -0.20588891208171844,
    -4.734340279810567e-07
   ],
   [
    -1.221672960127762e-06,
    3.5070613648713334e-06,
    1.0
   ]
  ]
 },
 {
  "rotation_euler": [
   2.9110483410477173e-06,
   8.636268944428593e-07,
   1.757790446281433
  ],
  "euler_order": "XYZ",
  "rotation_matrix": [
   [
    -0.18590626120567322,
    -0.9825674891471863,
    2.6997477107215673e-06
   ],
   [
    0.9825674891471863,
    -0.18590626120567322,
    1.3897538337914739e-06
   ],
   [
    -8.636268944428593e-07,
    2.9110483410477173e-06,
    1.0
   ]
  ]
 },
 {
  "rotation_euler": [
   -6.651111107203178e-06,
   1.6108925819935394e-06,
   -2.841308355331421
  ],
  "euler_order": "XYZ",
  "rotation_matrix": [
   [
    -0.9552524089813232,
    0.2957918047904968,
    4.28535031460342e-07
   ],
   [
    -0.2957918047904968,
    -0.9552524089813232,
    -6.829978701716755e-06
   ],
   [
    -1.6108925819935394e-06,
    -6.651111107203178e-06,
    1.0
   ]
  ]
 },
 {
  "rotation_euler": [
   -4.056556008436019e-06,
   3.6689192484118394e-07,
   -2.759869337081909
  ],
  "euler_order": "XYZ",
  "rotation_matrix": [
   [
    -0.9280240535736084,
    0.3725202977657318,
    1.1706649729603669e-06
   ],
   [
    -0.3725202977657318,
    -0.9280240535736084,
    -3.901256150129484e-06
   ],
   [
    -3.6689192484118394e-07,
    -4.056556008436019e-06,
    1.0
   ]
  ]
 },
 {
  "rotation_euler": [
   6.79094513955647e-09,
   -3.2016696849268556e-08,
   -3.1046578884124756
  ],
  "euler_order": "XYZ",
  "rotation_matrix": [
   [
    -0.99931800365448,
    0.03692636638879776,
    3.174409712869419e-08
   ],
   [
    -0.03692636638879776,
    -0.99931800365448,
    7.968574244898718e-09
   ],
   [
    3.2016696849268556e-08,
    6.79094513955647e-09,
    1.0
   ]
  ]
 },
 {
  "rotation_euler": [
   3.864962764055235e-06,
   1.102023361454485e-06,
   -1.4578310251235962
  ],
  "euler_order": "XYZ",
  "rotation_matrix": [
   [
    0.11272519081830978,
    0.9936261773109436,
    -3.716102582984604e-06
   ],
   [
    -0.9936261773109436,
    0.11272519081830978,
    -1.5306779914681101e-06
   ],
   [
    -1.102023361454485e-06,
    3.864962764055235e-06,
    1.0
   ]
  ]
 },
 {
  "rotation_euler": [
   4.530245860223658e-06,
   1.65105495852913e-06,
   -0.6509699821472168
  ],
  "euler_order": "XYZ",
  "rotation_matrix": [
   [
    0.79549640417099,
    0.6059582829475403,
    -1.4317317891254788e-06
   ],
   [
    -0.6059582829475403,
    0.79549640417099,
    -4.604264631780097e-06
   ],
   [
    -1.65105495852913e-06,
    4.530245860223658e-06,
    1.0
   ]
  ]
 },
 {
  "rotation_euler": [
   -1.765341877937317,
   -0.0005471620825119317,
   0.7611131072044373
  ],
  "euler_order": "XYZ",
  "rotation_matrix": [
   [
    0.7240685820579529,
    0.13372735679149628,
    -0.676639974117279
   ],
   [
    0.6897277235984802,
    -0.13960717618465424,
    0.7104825973510742
   ],
   [
    0.0005471620825119317,
    -0.9811354875564575,
    -0.1933206468820572
   ]
  ]
 },
 {
  "rotation_euler": [
   -3.890816969942534e-06,
   1.6201183825614862e-06,
   1.5200755596160889
  ],
  "euler_order": "XYZ",
  "rotation_matrix": [
   [
    0.05069902166724205,
    -0.9987139701843262,
    -3.8036748719605384e-06
   ],
   [
    0.9987139701843262,
    0.05069902166724205,
    1.8152954908146057e-06
   ],
   [
    -1.6201183825614862e-06,
    -3.890816969942534e-06,
    1.0
   ]
  ]
 },
 {
  "rotation_euler": [
   9.491857781540602e-06,
   -2.99887369692442e-06,
   -1.9980062246322632
  ],
  "euler_order": "XYZ",
  "rotation_matrix": [
   [
    -0.4143330752849579,
    0.9101253151893616,
    -7.396247383439913e-06
   ],
   [
    -0.9101253151893616,
    -0.4143330752849579,
    6.66214145894628e-06
   ],
   [
    2.99887369692442e-06,
    9.491857781540602e-06,
    1.0
   ]
  ]
 },
 {
  "rotation_euler": [
   1.8046693801879883,
   0.00048286400851793587,
   2.647268772125244
  ],
  "euler_order": "XYZ",
  "rotation_matrix": [
   [
    -0.8802895545959473,
    0.10953570157289505,
    0.4616190791130066
   ],
   [
    0.47443652153015137,
    0.20422722399234772,
    0.8562716841697693
   ],
   [
    -0.0004828639794141054,
    0.9727759957313538,
    -0.2317468374967575
   ]
  ]
 },
 {
  "rotation_euler": [
   -7.850271686038468e-06,
   -2.3976967895578127e-06,
   -0.11873321980237961
  ],
  "euler_order": "XYZ",
  "rotation_matrix": [
   [
    0.9929594993591309,
    0.11845444142818451,
    -1.450916215617326e-06
   ],
   [
    -0.11845444142818451,
    0.9929594993591309,
    8.079019607976079e-06
   ],
   [
    2.3976967895578127e-06,
    -7.850271686038468e-06,
    1.0
   ]
  ]
 },
 {
  "rotation_euler": [
   6.748985924787121e-06,
   3.0548094400728587e-06,
   0.40002238750457764
  ],
  "euler_order": "XYZ",
  "rotation_matrix": [
   [
    0.9210522770881653,
    -0.3894389569759369,
    5.441957455332158e-06
   ],
   [
    0.3894389569759369,
    0.9210522770881653,
    -5.026507096772548e-06
   ],
   [
    -3.0548094400728587e-06,
    6.748985924787121e-06,
    1.0
   ]
  ]
 },
 {
  "rotation_euler": [
   9.493301149632316e-06,
   -1.4463928437180584e-06,
   -0.05770149827003479
  ],
  "euler_order": "XYZ",
  "rotation_matrix": [
   [
    0.9983357191085815,
    0.05766948312520981,
    -1.9914593849534867e-06
   ],
   [
    -0.05766948312520981,
    0.9983357191085815,
    -9.394088920089416e-06
   ],
   [
    1.4463928437180584e-06,
    9.493301149632316e-06,
    1.0
   ]
  ]
 },
 {
  "rotation_euler": [
   -3.569437694750377e-06,
   -1.0216409691565786e-06,
   2.0352776050567627
  ],
  "euler_order": "XYZ",
  "rotation_matrix": [
   [
    -0.4479590952396393,
    -0.8940540552139282,
    -2.7336168386682402e-06
   ],
   [
    0.8940540552139282,
    -0.4479590952396393,
    -2.5123642899416154e-06
   ],
   [
    1.0216409691565786e-06,
    -3.569437694750377e-06,
    1.0
   ]
  ]
 },
 {
  "rotation_euler": [
   -3.4120289456041064e-06,
   -6.514001142932102e-07,
   2.1678247451782227
  ],
  "euler_order": "XYZ",
  "rotation_matrix": [
   [
    -0.5621874332427979,
    -0.8270098567008972,
    -2.455572484905133e-06
   ],
   [
    0.8270098567008972,
    -0.5621874332427979,
    -2.456913989590248e-06
   ],
   [
    6.514001142932102e-07,
    -3.4120289456041064e-06,
    1.0
   ]
  ]
 }
]