[
 {
  "rotation_euler": [
   -1.5863937139511108,
   0.003967003431171179,
   -0.07097889482975006
  ],
  "euler_order": "XYZ",
  "rotation_matrix": [
   [
    0.997474193572998,
    -0.005062634125351906,
    0.0708489716053009
   ],
   [
    -0.07091875374317169,
    -0.01527618058025837,
    0.9973651170730591
   ],
   [
    -0.003966993186622858,
    -0.9998704791069031,
    -0.015596631914377213
   ]
  ]
 },
 {
  "rotation_euler": [
   1.5792466402053833,
   -0.06794903427362442,
   -1.8812330961227417
  ],
  "euler_order": "XYZ",
  "rotation_matrix": [
   [
    -0.3047696352005005,
    0.012693697586655617,
    -0.9523414969444275
   ],
   [
    -0.950002908706665,
    0.06723032891750336,
    0.3049173355102539
   ],
   [
    0.0678967610001564,
    0.9976567029953003,
    -0.00843071285635233
   ]
  ]
 },
 {
  "rotation_euler": [
   -1.5625032186508179,
   -3.073267698287964,
   -0.024493388831615448
  ],
  "euler_order": "XYZ",
  "rotation_matrix": [
   [
    -0.9973675012588501,
    0.06845208257436752,
    0.02392408810555935
   ],
   [
    0.024433797225356102,
    0.006618542596697807,
    0.9996795654296875
   ],
   [
    0.06827180832624435,
    0.9976324439048767,
    -0.008273663930594921
   ]
  ]
 },
 {
  "rotation_euler": [
   1.5792466402053833,
   -0.06794922053813934,
   -1.5178531408309937
  ],
  "euler_order": "XYZ",
  "rotation_matrix": [
   [
    0.05279633775353432,
    -0.012031245976686478,
    -0.9985328316688538
   ],
   [
    -0.9962944388389587,
    0.06735222041606903,
    -0.053489506244659424
   ],
   [
    0.06789694726467133,
    0.9976567029953003,
    -0.00843071285635233
   ]
  ]
 },
 {
  "rotation_euler": [
   -1.5863938331604004,
   0.003966993652284145,
   0.3201310336589813
  ],
  "euler_order": "XYZ",
  "rotation_matrix": [
   [
    0.9491867423057556,
    0.0011432154569774866,
    -0.31471139192581177
   ],
   [
    0.31468847393989563,
    -0.01605268381536007,
    0.949059247970581
   ],
   [
    -0.003966983407735825,
    -0.9998704791069031,
    -0.015596751123666763
   ]
  ]
 },
 {
  "rotation_euler": [
   1.5792466402053833,
   -0.06794904917478561,
   1.230987310409546
  ],
  "euler_order": "XYZ",
  "rotation_matrix": [
   [
    0.3325378894805908,
    -0.014662648551166058,
    0.9429759383201599
   ],
   [
    0.9406426548957825,
    -0.06682855635881424,
    -0.3327541947364807
   ],
   [
    0.0678967759013176,
    0.9976567029953003,
    -0.00843071285635233
   ]
  ]
 },
 {
  "rotation_euler": [
   1.5792466402053833,
   -0.067949078977108,
   1.5093027353286743
  ],
  "euler_order": "XYZ",
  "rotation_matrix": [
   [
    0.061313025653362274,
    0.004261802416294813,
    0.9981094598770142
   ],
   [
    0.9958065748214722,
    -0.06828535348176956,
    -0.060879990458488464
   ],
   [
    0.06789680570363998,
    0.9976567029953003,
    -0.00843071285635233
   ]
  ]
 },
 {
  "rotation_euler": [
   1.5792466402053833,
   -0.06794902682304382,
   1.1893619298934937
  ],
  "euler_order": "XYZ",
  "rotation_matrix": [
   [
    0.3713931441307068,
    -0.017430899664759636,
    0.9283120632171631
   ],
   [
    0.9259898066520691,
    -0.06616048514842987,
    -0.37170636653900146
   ],
   [
    0.0678967535495758,
    0.9976567029953003,
    -0.00843071285635233
   ]
  ]
 },
 {
  "rotation_euler": [
   -1.5863924026489258,
   0.003962580114603043,
   -0.4901699125766754
  ],
  "euler_order": "XYZ",
  "rotation_matrix": [
   [
    0.8822459578514099,
    -0.010837520472705364,
    0.47066402435302734
   ],
   [
    -0.4707721173763275,
    -0.011893870308995247,
    0.8821746706962585
   ],
   [
    -0.003962569870054722,
    -0.9998705387115479,
    -0.015595321543514729
   ]
  ]
 },
 {
  "rotation_euler": [
   1.5792466402053833,
   -0.06794913858175278,
   1.1350706815719604
  ],
  "euler_order": "XYZ",
  "rotation_matrix": [
   [
    0.4210943579673767,
    -0.020995434373617172,
    0.9067738056182861
   ],
   [
    0.9044719934463501,
    -0.06511722505092621,
    -0.42153313755989075
   ],
   [
    0.06789686530828476,
    0.9976567029953003,
    -0.00843071285635233
   ]
  ]
 },
 {
  "rotation_euler": [
   1.5792466402053833,
   -0.06794906407594681,
   -0.29685041308403015
  ],
  "euler_order": "XYZ",
  "rotation_matrix": [
   [
    0.9540557861328125,
    -0.0673966035246849,
    -0.2919507324695587
   ],
   [
    -0.29183483123779297,
    0.011779147200286388,
    -0.956396222114563
   ],
   [
    0.06789679080247879,
    0.9976567029953003,
    -0.00843071285635233
   ]
  ]
 },
 {
  "rotation_euler": [
   -1.5863938331604004,
   0.003967148717492819,
   -1.725399136543274
  ],
  "euler_order": "XYZ",
  "rotation_matrix": [
   [
    -0.15398645401000977,
    -0.01480003073811531,
    0.9879621267318726
   ],
   [
    -0.9880650043487549,
    0.0063210707157850266,
    -0.15390779078006744
   ],
   [
    -0.003967138472944498,
    -0.9998704791069031,
    -0.015596751123666763
   ]
  ]
 },
 {
  "rotation_euler": [
   -1.5863938331604004,
   0.003966995049268007,
   0.01823597028851509
  ],
  "euler_order": "XYZ",
  "rotation_matrix": [
   [
    0.9998258352279663,
    -0.003681434318423271,
    -0.018294604495167732
   ],
   [
    0.018234815448522568,
    -0.01566660962998867,
    0.9997109770774841
   ],
   [
    -0.0039669848047196865,
    -0.9998704791069031,
    -0.015596751123666763
   ]
  ]
 },
 {
  "rotation_euler": [
   1.5792466402053833,
   -0.0679490864276886,
   -1.6217656135559082
  ],
  "euler_order": "XYZ",
  "rotation_matrix": [
   [
    -0.050829652696847916,
    -0.004980208817869425,
    -0.998694896697998
   ],
   [
    -0.9963967204093933,
    0.06823673099279404,
    0.0503724031150341
   ],
   [
    0.06789681315422058,
    0.9976567029953003,
    -0.00843071285635233
   ]
  ]
 },
 {
  "rotation_euler": [
   -1.585601806640625,
   0.002705987775698304,
   2.308715343475342
  ],
  "euler_order": "XYZ",
  "rotation_matrix": [
   [
    -0.6727472543716431,
    0.012773983180522919,
    -0.7397621273994446
   ],
   [
    0.7398674488067627,
    0.00795816071331501,
    -0.6727055907249451
   ],
   [
    -0.002705984516069293,
    -0.9998867511749268,
    -0.014804884791374207
   ]
  ]
 },
 {
  "rotation_euler": [
   -1.5863938331604004,
   0.003967005759477615,
   -1.554455280303955
  ],
  "euler_order": "XYZ",
  "rotation_matrix": [
   [
    0.016340190544724464,
    -0.015659606084227562,
    0.9997438788414001
   ],
   [
    -0.9998586177825928,
    0.0037111253477633,
    0.01640019565820694
   ],
   [
    -0.003966995514929295,
    -0.9998704791069031,
    -0.015596751123666763
   ]
  ]
 }
]