[
 {
  "rotation_euler": [
   0.00024100064183585346,
   -1.1071037988585886e-06,
   -0.5997641086578369
  ],
  "euler_order": "XYZ",
  "rotation_matrix": [
   [
    0.8254687786102295,
    0.5644477605819702,
    -0.0001369461533613503
   ],
   [
    -0.5644477605819702,
    0.8254687786102295,
    -0.00019831360259559005
   ],
   [
    1.1071037988585886e-06,
    0.00024100064183585346,
    1.0
   ]
  ]
 },
 {
  "rotation_euler": [
   0.0002402774553047493,
   5.6599933486722875e-06,
   -0.029085395857691765
  ],
  "euler_order": "XYZ",
  "rotation_matrix": [
   [
    0.9995770454406738,
    0.029081296175718307,
    -1.329980250375229e-06
   ],
   [
    -0.029081294313073158,
    0.9995770454406738,
    -0.00024034042144194245
   ],
   [
    -5.6599933486722875e-06,
    0.0002402774553047493,
    1.0
   ]
  ]
 },
 {
  "rotation_euler": [
   0.00024242597282864153,
   -1.3686255897482624e-06,
   -0.014081500470638275
  ],
  "euler_order": "XYZ",
  "rotation_matrix": [
   [
    0.9999008774757385,
    0.014081034809350967,
    -4.782098585565109e-06
   ],
   [
    -0.014081034809350967,
    0.9999008178710938,
    -0.00024238266632892191
   ],
   [
    1.3686255897482624e-06,
    0.00024242597282864153,
    1.0
   ]
  ]
 },
 {
  "rotation_euler": [
   0.00024482447770424187,
   -4.668082965508802e-06,
   -3.08744740486145
  ],
  "euler_order": "XYZ",
  "rotation_matrix": [
   [
    -0.9985345005989075,
    0.054118797183036804,
    -8.588363925809972e-06
   ],
   [
    -0.054118797183036804,
    -0.9985345005989075,
    0.0002447183069307357
   ],
   [
    4.668082965508802e-06,
    0.00024482447770424187,
    0.9999999403953552
   ]
  ]
 },
 {
  "rotation_euler": [
   0.0002472077321726829,
   -2.2422216261475114e-06,
   -0.9088043570518494
  ],
  "euler_order": "XYZ",
  "rotation_matrix": [
   [
    0.614689290523529,
    0.7887693047523499,
    -0.0001963681570487097
   ],
   [
    -0.7887693643569946,
    0.6146892309188843,
    -0.0001501873484812677
   ],
   [
    2.2422216261475114e-06,
    0.0002472077321726829,
    0.9999999403953552
   ]
  ]
 },
 {
  "rotation_euler": [
   1.5707886219024658,
   -1.5786861181259155,
   -0.0039029691834002733
  ],
  "euler_order": "XYZ",
  "rotation_matrix": [
   [
    -0.007889649830758572,
    -0.999961256980896,
    -0.00391066400334239
   ],
   [
    3.079321322729811e-05,
    0.003910542465746403,
    -0.9999923706054688
   ],
   [
    0.9999688863754272,
    -0.007889709435403347,
    -6.078936110043287e-08
   ]
  ]
 },
 {
  "rotation_euler": [
   0.00024129232042469084,
   2.7729936391551746e-06,
   -1.6631420850753784
  ],
  "euler_order": "XYZ",
  "rotation_matrix": [
   [
    -0.09221456199884415,
    0.9957391023635864,
    -0.00024051991931628436
   ],
   [
    -0.9957391619682312,
    -0.09221456199884415,
    1.9489487385726534e-05
   ],
   [
    -2.7729936391551746e-06,
    0.00024129232042469084,
    1.0
   ]
  ]
 },
 {
  "rotation_euler": [
   0.00024314782058354467,
   -1.3342501006263774e-06,
   1.3441632986068726
  ],
  "euler_order": "XYZ",
  "rotation_matrix": [
   [
    0.22469793260097504,
    -0.9744284152984619,
    0.0002366303524468094
   ],
   [
    0.9744284749031067,
    0.22469791769981384,
    -5.593494279310107e-05
   ],
   [
    1.3342501006263774e-06,
    0.00024314782058354467,
    1.0
   ]
  ]
 },
 {
  "rotation_euler": [
   0.00023973977658897638,
   -3.650172629932058e-06,
   1.6311484575271606
  ],
  "euler_order": "XYZ",
  "rotation_matrix": [
   [
    -0.06031550094485283,
    -0.9981793165206909,
    0.0002395234623691067
   ],
   [
    0.9981793761253357,
    -0.06031549721956253,
    1.0816497706400696e-05
   ],
   [
    3.650172629932058e-06,
    0.00023973977658897638,
    1.0
   ]
  ]
 },
 {
  "rotation_euler": [
   0.00023950546164996922,
   -3.74899605048995e-06,
   -1.5724316835403442
  ],
  "euler_order": "XYZ",
  "rotation_matrix": [
   [
    -0.0016353559913113713,
    0.9999986290931702,
    -0.00023949901515152305
   ],
   [
    -0.9999986886978149,
    -0.0016353550599887967,
    4.140667442698032e-06
   ],
   [
    3.74899605048995e-06,
    0.00023950546164996922,
    1.0
   ]
  ]
 },
 {
  "rotation_euler": [
   0.00024242332438006997,
   1.3209455573814921e-06,
   1.3015785217285156
  ],
  "euler_order": "XYZ",
  "rotation_matrix": [
   [
    0.26597750186920166,
    -0.963979184627533,
    0.00023404239618685097
   ],
   [
    0.9639792442321777,
    0.26597750186920166,
    -6.320578540908173e-05
   ],
   [
    -1.3209455573814921e-06,
    0.00024242332438006997,
    1.0
   ]
  ]
 },
 {
  "rotation_euler": [
   0.00024088700592983514,
   -2.8689726150332717e-06,
   1.4001227617263794
  ],
  "euler_order": "XYZ",
  "rotation_matrix": [
   [
    0.16984616219997406,
    -0.9854705333709717,
    0.0002368997666053474
   ],
   [
    0.9854705929756165,
    0.16984616219997406,
    -4.374102354631759e-05
   ],
   [
    2.8689726150332717e-06,
    0.00024088700592983514,
    1.0
   ]
  ]
 },
 {
  "rotation_euler": [
   0.00024221805506385863,
   1.694681145636423e-06,
   0.5935201048851013
  ],
  "euler_order": "XYZ",
  "rotation_matrix": [
   [
    0.828977108001709,
    -0.5592825412750244,
    0.00013687319005839527
   ],
   [
    0.5592825412750244,
    0.8289770483970642,
    -0.0001998454099521041
   ],
   [
    -1.694681145636423e-06,
    0.00024221805506385863,
    1.0
   ]
  ]
 },
 {
  "rotation_euler": [
   0.0002413301554042846,
   -2.6083428110723617e-06,
   0.1471191793680191
  ],
  "euler_order": "XYZ",
  "rotation_matrix": [
   [
    0.9891974925994873,
    -0.14658904075622559,
    3.2796189771033823e-05
   ],
   [
    0.14658904075622559,
    0.9891974329948425,
    -0.00023910553136374801
   ],
   [
    2.6083428110723617e-06,
    0.0002413301554042846,
    1.0
   ]
  ]
 },
 {
  "rotation_euler": [
   0.00024230184499174356,
   -1.4815002487011952e-06,
   1.9335335493087769
  ],
  "euler_order": "XYZ",
  "rotation_matrix": [
   [
    -0.3548346757888794,
    -0.9349290132522583,
    0.0002270607219543308
   ],
   [
    0.9349290728569031,
    -0.354834645986557,
    8.459199307253584e-05
   ],
   [
    1.4815002487011952e-06,
    0.00024230184499174356,
    1.0
   ]
  ]
 },
 {
  "rotation_euler": [
   0.0002432671026326716,
   1.1780573458963772e-06,
   -2.047252655029297
  ],
  "euler_order": "XYZ",
  "rotation_matrix": [
   [
    -0.45863306522369385,
    0.8886257410049438,
    -0.00021671369904652238
   ],
   [
    -0.8886257410049438,
    -0.45863306522369385,
    0.00011052348418161273
   ],
   [
    -1.1780573458963772e-06,
    0.0002432671026326716,
    1.0
   ]
  ]
 }
]