[
 {
  "rotation_euler": [
   -6.285901326918975e-05,
   1.8323477846138303e-08,
   -2.4945316314697266
  ],
  "euler_order": "XYZ",
  "rotation_matrix": [
   [
    -0.7978590130805969,
    0.6028441190719604,
    3.787956666201353e-05
   ],
   [
    -0.6028441190719604,
    -0.7978590130805969,
    -5.016367504140362e-05
   ],
   [
    -1.8323477846138303e-08,
    -6.285901326918975e-05,
    1.0
   ]
  ]
 },
 {
  "rotation_euler": [
   -6.299673259491101e-05,
   4.6674847453687107e-07,
   1.5846649408340454
  ],
  "euler_order": "XYZ",
  "rotation_matrix": [
   [
    -0.013868169859051704,
    -0.9999038577079773,
    -6.299714732449502e-05
   ],
   [
    0.9999038577079773,
    -0.013868169859051704,
    -4.069457872901694e-07
   ],
   [
    -4.6674847453687107e-07,
    -6.299673259491101e-05,
    1.0
   ]
  ]
 },
 {
  "rotation_euler": [
   -6.288883741945028e-05,
   5.797284874375919e-09,
   2.764382839202881
  ],
  "euler_order": "XYZ",
  "rotation_matrix": [
   [
    -0.9296959638595581,
    -0.36832788586616516,
    -2.316910286026541e-05
   ],
   [
    0.36832788586616516,
    -0.9296959638595581,
    -5.8465360780246556e-05
   ],
   [
    -5.797284874375919e-09,
    -6.288883741945028e-05,
    1.0
   ]
  ]
 },
 {
  "rotation_euler": [
   -6.27876361249946e-05,
   -3.780761517191422e-07,
   2.098196029663086
  ],
  "euler_order": "XYZ",
  "rotation_matrix": [
   [
    -0.5032880902290344,
    -0.8641186952590942,
    -5.406568743637763e-05
   ],
   [
    0.8641186952590942,
    -0.5032880902290344,
    -3.192697113263421e-05
   ],
   [
    3.780761517191422e-07,
    -6.27876361249946e-05,
    1.0
   ]
  ]
 },
 {
  "rotation_euler": [
   -6.288800068432465e-05,
   -6.127782281595273e-09,
   0.5706237554550171
  ],
  "euler_order": "XYZ",
  "rotation_matrix": [
   [
    0.8415642380714417,
    -0.5401570796966553,
    -3.397455657250248e-05
   ],
   [
    0.5401570796966553,
    0.8415642380714417,
    5.292097921483219e-05
   ],
   [
    6.127782281595273e-09,
    -6.288800068432465e-05,
    1.0
   ]
  ]
 },
 {
  "rotation_euler": [
   -6.286703137448058e-05,
   2.6741357572745983e-08,
   -1.0504112243652344
  ],
  "euler_order": "XYZ",
  "rotation_matrix": [
   [
    0.49721428751945496,
    0.867627739906311,
    5.455847713164985e-05
   ],
   [
    -0.867627739906311,
    0.49721428751945496,
    3.123518399661407e-05
   ],
   [
    -2.6741357572745983e-08,
    -6.286703137448058e-05,
    1.0
   ]
  ]
 },
 {
  "rotation_euler": [
   -6.287691212492064e-05,
   2.1610638611946342e-08,
   -1.555240511894226
  ],
  "euler_order": "XYZ",
  "rotation_matrix": [
   [
    0.015555187128484249,
    0.999879002571106,
    6.286964344326407e-05
   ],
   [
    -0.999879002571106,
    0.015555187128484249,
    9.56454186962219e-07
   ],
   [
    -2.1610638611946342e-08,
    -6.287691212492064e-05,
    1.0
   ]
  ]
 },
 {
  "rotation_euler": [
   -7.528228888986632e-05,
   -2.768432932498399e-05,
   2.441965103149414
  ],
  "euler_order": "XYZ",
  "rotation_matrix": [
   [
    -0.765082061290741,
    -0.6439327597618103,
    -2.72959496214753e-05
   ],
   [
    0.6439327597618103,
    -0.765082061290741,
    -7.542397361248732e-05
   ],
   [
    2.768432932498399e-05,
    -7.528228888986632e-05,
    1.0
   ]
  ]
 },
 {
  "rotation_euler": [
   -6.289601151365787e-05,
   3.920590074812935e-09,
   0.9791979789733887
  ],
  "euler_order": "XYZ",
  "rotation_matrix": [
   [
    0.5576884150505066,
    -0.8300503492355347,
    -5.220467210165225e-05
   ],
   [
    0.8300503492355347,
    0.5576884150505066,
    3.5079632652923465e-05
   ],
   [
    -3.920590074812935e-09,
    -6.289601151365787e-05,
    1.0
   ]
  ]
 },
 {
  "rotation_euler": [
   -6.28558118478395e-05,
   5.1993357175206256e-08,
   -2.867703437805176
  ],
  "euler_order": "XYZ",
  "rotation_matrix": [
   [
    -0.9627262353897095,
    0.2704777121543884,
    1.6951042198343202e-05
   ],
   [
    -0.2704777121543884,
    -0.9627262353897095,
    -6.052700337022543e-05
   ],
   [
    -5.1993357175206256e-08,
    -6.28558118478395e-05,
    1.0
   ]
  ]
 },
 {
  "rotation_euler": [
   -6.322919944068417e-05,
   -3.849978611469851e-07,
   -2.1102852821350098
  ],
  "euler_order": "XYZ",
  "rotation_matrix": [
   [
    -0.513697624206543,
    0.8579713106155396,
    5.444661292131059e-05
   ],
   [
    -0.8579713106155396,
    -0.513697624206543,
    -3.2150372135220096e-05
   ],
   [
    3.849978611469851e-07,
    -6.322919944068417e-05,
    1.0
   ]
  ]
 },
 {
  "rotation_euler": [
   -7.196178194135427e-05,
   -3.5153282169630984e-06,
   -0.8448193669319153
  ],
  "euler_order": "XYZ",
  "rotation_matrix": [
   [
    0.663866400718689,
    0.7478511929512024,
    5.148299896973185e-05
   ],
   [
    -0.7478511929512024,
    0.663866400718689,
    5.040195173933171e-05
   ],
   [
    3.5153282169630984e-06,
    -7.196178194135427e-05,
    1.0
   ]
  ]
 },
 {
  "rotation_euler": [
   -7.532705785706639e-05,
   -1.266350295736629e-06,
   -0.7466387748718262
  ],
  "euler_order": "XYZ",
  "rotation_matrix": [
   [
    0.733975887298584,
    0.6791755557060242,
    5.023082485422492e-05
   ],
   [
    -0.6791755557060242,
    0.733975887298584,
    5.6148317526094615e-05
   ],
   [
    1.266350295736629e-06,
    -7.532705785706639e-05,
    1.0
   ]
  ]
 },
 {
  "rotation_euler": [
   -6.448401109082624e-05,
   3.2457180623168824e-06,
   -0.3397258520126343
  ],
  "euler_order": "XYZ",
  "rotation_matrix": [
   [
    0.9428460597991943,
    0.33322861790657043,
    2.4548131477786228e-05
   ],
   [
    -0.33322861790657043,
    0.9428460597991943,
    5.971693099127151e-05
   ],
   [
    -3.2457180623168824e-06,
    -6.448401109082624e-05,
    1.0
   ]
  ]
 },
 {
  "rotation_euler": [
   -6.290979217737913e-05,
   -6.472878233410029e-09,
   2.179997444152832
  ],
  "euler_order": "XYZ",
  "rotation_matrix": [
   [
    -0.5722124576568604,
    -0.8201054334640503,
    -5.1588958740467206e-05
   ],
   [
    0.8201054334640503,
    -0.5722124576568604,
    -3.600307536544278e-05
   ],
   [
    6.472878233410029e-09,
    -6.290979217737913e-05,
    1.0
   ]
  ]
 },
 {
  "rotation_euler": [
   -6.297573418123648e-05,
   4.532142554580787e-07,
   -0.8781957030296326
  ],
  "euler_order": "XYZ",
  "rotation_matrix": [
   [
    0.6385407447814941,
    0.7695879936218262,
    4.875476588495076e-05
   ],
   [
    -0.7695879936218262,
    0.6385407447814941,
    3.986378578701988e-05
   ],
   [
    -4.532142554580787e-07,
    -6.297573418123648e-05,
    1.0
   ]
  ]
 }
]