[
 {
  "rotation_euler": [
   -1.3516675778646459e-07,
   -6.600454582894599e-08,
   -0.689544677734375
  ],
  "euler_order": "XYZ",
  "rotation_matrix": [
   [
    0.7715357542037964,
    0.6361859440803528,
    3.506632495486883e-08
   ],
   [
    -0.6361859440803528,
    0.7715357542037964,
    1.462771592741774e-07
   ],
   [
    6.600454582894599e-08,
    -1.3516675778646459e-07,
    1.0
   ]
  ]
 },
 {
  "rotation_euler": [
   -3.2672446970138935e-09,
   -1.7445106692548507e-08,
   -1.6811192035675049
  ],
  "euler_order": "XYZ",
  "rotation_matrix": [
   [
    -0.11009921878576279,
    0.993920624256134,
    5.168074412864598e-09
   ],
   [
    -0.993920624256134,
    -0.11009921878576279,
    1.6979329942046206e-08
   ],
   [
    1.7445106692548507e-08,
    -3.2672446970138935e-09,
    1.0
   ]
  ]
 },
 {
  "rotation_euler": [
   -6.542507091644723e-10,
   7.295889670189126e-09,
   -2.29203462600708
  ],
  "euler_order": "XYZ",
  "rotation_matrix": [
   [
    -0.6603151559829712,
    0.7509886622428894,
    -4.326251357156252e-09
   ],
   [
    -0.7509886622428894,
    -0.6603151559829712,
    -5.911141798264907e-09
   ],
   [
    -7.295889670189126e-09,
    -6.542507091644723e-10,
    1.0
   ]
  ]
 },
 {
  "rotation_euler": [
   5.846326978087291e-09,
   -5.108642842088784e-09,
   0.36946457624435425
  ],
  "euler_order": "XYZ",
  "rotation_matrix": [
   [
    0.9325208067893982,
    -0.3611162006855011,
    -2.6527124941111424e-09
   ],
   [
    0.3611162006855011,
    0.9325208067893982,
    -7.2966352959724645e-09
   ],
   [
    5.108642842088784e-09,
    5.846326978087291e-09,
    1.0
   ]
  ]
 },
 {
  "rotation_euler": [
   6.937674470464117e-07,
   6.045788580877343e-08,
   -0.4018838703632355
  ],
  "euler_order": "XYZ",
  "rotation_matrix": [
   [
    0.920325756072998,
    0.3911527991294861,
    -2.157281357995089e-07
   ],
   [
    -0.3911527991294861,
    0.920325756072998,
    -6.621403372264467e-07
   ],
   [
    -6.045788580877343e-08,
    6.937674470464117e-07,
    1.0
   ]
  ]
 },
 {
  "rotation_euler": [
   4.389039798269323e-09,
   -9.770033670974954e-10,
   -1.917097568511963
  ],
  "euler_order": "XYZ",
  "rotation_matrix": [
   [
    -0.33942094445228577,
    0.9406346082687378,
    -3.796867265037918e-09
   ],
   [
    -0.9406346082687378,
    -0.33942094445228577,
    2.408735211290036e-09
   ],
   [
    9.770033670974954e-10,
    4.389039798269323e-09,
    1.0
   ]
  ]
 },
 {
  "rotation_euler": [
   3.1432001446063396e-10,
   1.0686956386507518e-07,
   1.8349062204360962
  ],
  "euler_order": "XYZ",
  "rotation_matrix": [
   [
    -0.26105013489723206,
    -0.9653252363204956,
    -2.7594891705007285e-08
   ],
   [
    0.9653252363204956,
    -0.26105013489723206,
    1.0324593802124582e-07
   ],
   [
    -1.0686956386507518e-07,
    3.1432001446063396e-10,
    1.0
   ]
  ]
 },
 {
  "rotation_euler": [
   -1.227540167292318e-07,
   4.168015266259317e-09,
   -2.6133134365081787
  ],
  "euler_order": "XYZ",
  "rotation_matrix": [
   [
    -0.8636757135391235,
    0.5040478706359863,
    5.827408955383362e-08
   ],
   [
    -0.5040478706359863,
    -0.8636757135391235,
    -1.0812053830022705e-07
   ],
   [
    -4.168015266259317e-09,
    -1.227540167292318e-07,
    1.0
   ]
  ]
 },
 {
  "rotation_euler": [
   -3.6721805596329204e-09,
   -1.1221468199096307e-08,
   -0.756736159324646
  ],
  "euler_order": "XYZ",
  "rotation_matrix": [
   [
    0.7270807027816772,
    0.6865520477294922,
    -5.6377698065546156e-09
   ],
   [
    -0.6865520477294922,
    0.7270807027816772,
    1.0374093584175625e-08
   ],
   [
    1.1221468199096307e-08,
    -3.6721805596329204e-09,
    1.0
   ]
  ]
 },
 {
  "rotation_euler": [
   -1.3282930311220298e-08,
   1.0772801539715715e-09,
   -2.3783185482025146
  ],
  "euler_order": "XYZ",
  "rotation_matrix": [
   [
    -0.7225764989852905,
    0.6912909150123596,
    8.403952200808362e-09
   ],
   [
    -0.6912909150123596,
    -0.7225764989852905,
    -1.0342647627226143e-08
   ],
   [
    -1.0772801539715715e-09,
    -1.3282930311220298e-08,
    1.0
   ]
  ]
 },
 {
  "rotation_euler": [
   -3.1303923342385076e-10,
   7.535117418910886e-09,
   -1.393320083618164
  ],
  "euler_order": "XYZ",
  "rotation_matrix": [
   [
    0.17654602229595184,
    0.9842923879623413,
    1.6384171797056979e-09
   ],
   [
    -0.9842923879623413,
    0.17654602229595184,
    -7.361492748714227e-09
   ],
   [
    -7.535117418910886e-09,
    -3.1303923342385076e-10,
    1.0
   ]
  ]
 },
 {
  "rotation_euler": [
   -1.4020089622590604e-07,
   2.9352175801022895e-08,
   -2.437427043914795
  ],
  "euler_order": "XYZ",
  "rotation_matrix": [
   [
    -0.7621520161628723,
    0.6473981142044067,
    6.83949750168722e-08
   ],
   [
    -0.6473981142044067,
    -0.7621520161628723,
    -1.2585694264544145e-07
   ],
   [
    -2.9352175801022895e-08,
    -1.4020089622590604e-07,
    1.0
   ]
  ]
 },
 {
  "rotation_euler": [
   1.7189065726341823e-09,
   -4.1940224626557665e-09,
   0.6217835545539856
  ],
  "euler_order": "XYZ",
  "rotation_matrix": [
   [
    0.8128408789634705,
    -0.5824858546257019,
    -2.4078341542832504e-09
   ],
   [
    0.5824858546257019,
    0.8128408789634705,
    -3.840156193035682e-09
   ],
   [
    4.1940224626557665e-09,
    1.7189065726341823e-09,
    1.0
   ]
  ]
 },
 {
  "rotation_euler": [
   -8.005324758642018e-08,
   -3.173151741364677e-09,
   -0.872981071472168
  ],
  "euler_order": "XYZ",
  "rotation_matrix": [
   [
    0.6425451636314392,
    0.7662478089332581,
    5.9301733301708737e-08
   ],
   [
    -0.7662478089332581,
    0.6425451636314392,
    5.386924684103178e-08
   ],
   [
    3.173151741364677e-09,
    -8.005324758642018e-08,
    1.0
   ]
  ]
 },
 {
  "rotation_euler": [
   2.3724349773601716e-07,
   4.71984300531858e-08,
   -0.8241561055183411
  ],
  "euler_order": "XYZ",
  "rotation_matrix": [
   [
    0.6791766285896301,
    0.7339748740196228,
    -1.4207469689608843e-07
   ],
   [
    -0.7339748740196228,
    0.6791766285896301,
    -1.9577269938508834e-07
   ],
   [
    -4.71984300531858e-08,
    2.3724349773601716e-07,
    1.0
   ]
  ]
 },
 {
  "rotation_euler": [
   3.3635245699770167e-07,
   7.849265415416085e-08,
   -0.29624465107917786
  ],
  "euler_order": "XYZ",
  "rotation_matrix": [
   [
    0.9564395546913147,
    0.29193049669265747,
    -2.311806746035927e-08
   ],
   [
    -0.29193049669265747,
    0.9564395546913147,
    -3.446151879415993e-07
   ],
   [
    -7.849265415416085e-08,
    3.3635245699770167e-07,
    1.0
   ]
  ]
 }
]