[
 {
  "rotation_euler": [
   0.778499186038971,
   -0.5381240844726562,
   -1.1196167469024658
  ],
  "euler_order": "XYZ",
  "rotation_matrix": [
   [
    0.37440434098243713,
    0.48379695415496826,
    -0.7910511493682861
   ],
   [
    -0.772747278213501,
    0.6343253254890442,
    0.02220424823462963
   ],
   [
    0.5125260949134827,
    0.602969229221344,
    0.611346960067749
   ]
  ]
 },
 {
  "rotation_euler": [
   0.7784990668296814,
   -0.5381239652633667,
   2.892376661300659
  ],
  "euler_order": "XYZ",
  "rotation_matrix": [
   [
    -0.8321439623832703,
    0.17318004369735718,
    0.526825487613678
   ],
   [
    0.2117864340543747,
    -0.7787405252456665,
    0.5905165076255798
   ],
   [
    0.5125259757041931,
    0.602969229221344,
    0.6113470196723938
   ]
  ]
 },
 {
  "rotation_euler": [
   0.7784993052482605,
   -0.5381240248680115,
   -1.4076156616210938
  ],
  "euler_order": "XYZ",
  "rotation_matrix": [
   [
    0.13949759304523468,
    0.6440412998199463,
    -0.752164363861084
   ],
   [
    -0.8472647070884705,
    0.4707852303981781,
    0.24597516655921936
   ],
   [
    0.5125260353088379,
    0.6029693484306335,
    0.6113469004631042
   ]
  ]
 },
 {
  "rotation_euler": [
   0.7784991264343262,
   -0.5381242036819458,
   -0.021730177104473114
  ],
  "euler_order": "XYZ",
  "rotation_matrix": [
   [
    0.8584688901901245,
    -0.34434691071510315,
    -0.38007423281669617
   ],
   [
    -0.018657617270946503,
    0.7196202874183655,
    -0.6941170692443848
   ],
   [
    0.5125262141227722,
    0.6029691696166992,
    0.6113469004631042
   ]
  ]
 },
 {
  "rotation_euler": [
   0.778499186038971,
   -0.5381239652633667,
   2.8337814807891846
  ],
  "euler_order": "XYZ",
  "rotation_matrix": [
   [
    -0.8183133006095886,
    0.12727855145931244,
    0.5605029463768005
   ],
   [
    0.26015469431877136,
    -0.7875456809997559,
    0.5586513876914978
   ],
   [
    0.5125259757041931,
    0.6029692888259888,
    0.611346960067749
   ]
  ]
 },
 {
  "rotation_euler": [
   0.7784993052482605,
   -0.5381240844726562,
   -0.8804450631141663
  ],
  "euler_order": "XYZ",
  "rotation_matrix": [
   [
    0.5468090176582336,
    0.319754958152771,
    -0.7737936973571777
   ],
   [
    -0.6620550751686096,
    0.7308794260025024,
    -0.16582630574703217
   ],
   [
    0.5125260949134827,
    0.6029693484306335,
    0.6113468408584595
   ]
  ]
 },
 {
  "rotation_euler": [
   0.7784990668296814,
   -0.5381240248680115,
   2.3255059719085693
  ],
  "euler_order": "XYZ",
  "rotation_matrix": [
   [
    -0.5882563591003418,
    -0.272087424993515,
    0.7615266442298889
   ],
   [
    0.625516951084137,
    -0.7499310374259949,
    0.21524858474731445
   ],
   [
    0.5125260353088379,
    0.602969229221344,
    0.6113470196723938
   ]
  ]
 },
 {
  "rotation_euler": [
   0.7784992456436157,
   -0.5381240248680115,
   2.7775959968566895
  ],
  "euler_order": "XYZ",
  "rotation_matrix": [
   [
    -0.802412748336792,
    0.08285242319107056,
    0.5909900665283203
   ],
   [
    0.30569732189178467,
    -0.7934503555297852,
    0.5262942910194397
   ],
   [
    0.5125260353088379,
    0.6029692888259888,
    0.6113469004631042
   ]
  ]
 },
 {
  "rotation_euler": [
   0.7784992456436157,
   -0.5381240248680115,
   -0.7501104474067688
  ],
  "euler_order": "XYZ",
  "rotation_matrix": [
   [
    0.6282158493995667,
    0.22205360233783722,
    -0.7456789016723633
   ],
   [
    -0.5853732824325562,
    0.7662376761436462,
    -0.26498663425445557
   ],
   [
    0.5125260353088379,
    0.6029692888259888,
    0.6113469004631042
   ]
  ]
 },
 {
  "rotation_euler": [
   0.7784993052482605,
   -0.5381240248680115,
   -0.7438021898269653
  ],
  "euler_order": "XYZ",
  "rotation_matrix": [
   [
    0.6318960189819336,
    0.21721555292606354,
    -0.7439925074577332
   ],
   [
    -0.5813987255096436,
    0.7676231861114502,
    -0.269685298204422
   ],
   [
    0.5125260353088379,
    0.6029693484306335,
    0.6113469004631042
   ]
  ]
 },
 {
  "rotation_euler": [
   0.7784990668296814,
   -0.5381240248680115,
   1.7671610116958618
  ],
  "euler_order": "XYZ",
  "rotation_matrix": [
   [
    -0.16753128170967102,
    -0.6280672550201416,
    0.759911060333252
   ],
   [
    0.842170000076294,
    -0.4918939471244812,
    -0.22088462114334106
   ],
   [
    0.5125260353088379,
    0.602969229221344,
    0.6113470196723938
   ]
  ]
 },
 {
  "rotation_euler": [
   0.7784991264343262,
   -0.5381236672401428,
   1.5714225769042969
  ],
  "euler_order": "XYZ",
  "rotation_matrix": [
   [
    -0.0005377433262765408,
    -0.7117427587509155,
    0.7024400234222412
   ],
   [
    0.8586716651916504,
    -0.36034733057022095,
    -0.3644622266292572
   ],
   [
    0.512525737285614,
    0.6029693484306335,
    0.6113471388816833
   ]
  ]
 },
 {
  "rotation_euler": [
   0.7784990072250366,
   -0.5381239056587219,
   1.7960808277130127
  ],
  "euler_order": "XYZ",
  "rotation_matrix": [
   [
    -0.19181326031684875,
    -0.6135811805725098,
    0.7659803032875061
   ],
   [
    0.8369736075401306,
    -0.5098492503166199,
    -0.19881878793239594
   ],
   [
    0.5125259160995483,
    0.602969229221344,
    0.6113470792770386
   ]
  ]
 },
 {
  "rotation_euler": [
   0.7784993052482605,
   -0.5381240844726562,
   1.080501914024353
  ],
  "euler_order": "XYZ",
  "rotation_matrix": [
   [
    0.404336154460907,
    -0.797566831111908,
    0.447659969329834
   ],
   [
    0.7575151920318604,
    0.01775222271680832,
    -0.6525760889053345
   ],
   [
    0.5125260949134827,
    0.6029693484306335,
    0.6113468408584595
   ]
  ]
 },
 {
  "rotation_euler": [
   0.7784991264343262,
   -0.5381239652633667,
   2.233858346939087
  ],
  "euler_order": "XYZ",
  "rotation_matrix": [
   [
    -0.5285407304763794,
    -0.339578777551651,
    0.7780301570892334
   ],
   [
    0.6767287254333496,
    -0.7218824625015259,
    0.14465086162090302
   ],
   [
    0.5125259757041931,
    0.6029692888259888,
    0.6113470196723938
   ]
  ]
 },
 {
  "rotation_euler": [
   0.7784990668296814,
   -0.5381240844726562,
   -0.40211209654808044
  ],
  "euler_order": "XYZ",
  "rotation_matrix": [
   [
    0.7901809215545654,
    -0.052556782960891724,
    -0.6106159687042236
   ],
   [
    -0.33605217933654785,
    0.7960313558578491,
    -0.5033915042877197
   ],
   [
    0.5125260949134827,
    0.6029691696166992,
    0.6113470196723938
   ]
  ]
 }
]