[
 {
  "rotation_euler": [
   -1.5043901205062866,
   1.24329187656258e-06,
   -1.6061347723007202
  ],
  "euler_order": "XYZ",
  "rotation_matrix": [
   [
    -0.03533108904957771,
    0.06631602346897125,
    0.9971729516983032
   ],
   [
    -0.9993756413459778,
    -0.002343239961192012,
    -0.03525330126285553
   ],
   [
    -1.24329187656258e-06,
    -0.9977959394454956,
    0.06635741144418716
   ]
  ]
 },
 {
  "rotation_euler": [
   -7.168709998950362e-06,
   -3.834758899756707e-06,
   -0.2397240549325943
  ],
  "euler_order": "XYZ",
  "rotation_matrix": [
   [
    0.9714035391807556,
    0.23743458092212677,
    -2.022998614847893e-06
   ],
   [
    -0.23743458092212677,
    0.9714035391807556,
    7.87421413406264e-06
   ],
   [
    3.834758899756707e-06,
    -7.168709998950362e-06,
    1.0
   ]
  ]
 },
 {
  "rotation_euler": [
   -1.5043903589248657,
   8.738674637243093e-07,
   2.517774820327759
  ],
  "euler_order": "XYZ",
  "rotation_matrix": [
   [
    -0.8116542100906372,
    -0.03876104950904846,
    -0.5828507542610168
   ],
   [
    0.5841381549835205,
    -0.053859591484069824,
    -0.8098652362823486
   ],
   [
    -8.738674637243093e-07,
    -0.9977959394454956,
    0.06635717302560806
   ]
  ]
 },
 {
  "rotation_euler": [
   -3.1312947612605058e-06,
   -1.6089245491457405e-06,
   -2.9267635345458984
  ],
  "euler_order": "XYZ",
  "rotation_matrix": [
   [
    -0.9770128130912781,
    0.21318048238754272,
    2.239470859421999e-06
   ],
   [
    -0.21318048238754272,
    -0.9770128130912781,
    -2.7163239337824052e-06
   ],
   [
    1.6089245491457405e-06,
    -3.1312947612605058e-06,
    1.0
   ]
  ]
 },
 {
  "rotation_euler": [
   -2.264006980112754e-06,
   1.5962551742632058e-06,
   -0.13707396388053894
  ],
  "euler_order": "XYZ",
  "rotation_matrix": [
   [
    0.9906200766563416,
    0.13664510846138,
    1.8906479226643569e-06
   ],
   [
    -0.13664510846138,
    0.9906200766563416,
    2.0246502572263125e-06
   ],
   [
    -1.5962551742632058e-06,
    -2.264006980112754e-06,
    1.0
   ]
  ]
 },
 {
  "rotation_euler": [
   -1.5043901205062866,
   1.5730445284134476e-06,
   -2.8900012969970703
  ],
  "euler_order": "XYZ",
  "rotation_matrix": [
   [
    -0.9685174822807312,
    0.016520900651812553,
    0.24839673936367035
   ],
   [
    -0.24894553422927856,
    -0.06426791846752167,
    -0.9663828015327454
   ],
   [
    -1.5730445284134476e-06,
    -0.9977959394454956,
    0.06635741144418716
   ]
  ]
 },
 {
  "rotation_euler": [
   -2.075239535770379e-06,
   2.6733584945759503e-07,
   2.2459616661071777
  ],
  "euler_order": "XYZ",
  "rotation_matrix": [
   [
    -0.6250264048576355,
    -0.7806036472320557,
    -1.7870314650281216e-06
   ],
   [
    0.7806036472320557,
    -0.6250264048576355,
    -1.0883961749641458e-06
   ],
   [
    -2.6733584945759503e-07,
    -2.075239535770379e-06,
    1.0
   ]
  ]
 },
 {
  "rotation_euler": [
   2.3584211703564506e-06,
   -2.1721534722018987e-06,
   2.090763807296753
  ],
  "euler_order": "XYZ",
  "rotation_matrix": [
   [
    -0.49685192108154297,
    -0.8678353428840637,
    3.1259598927135812e-06
   ],
   [
    0.8678353428840637,
    -0.49685192108154297,
    -7.13285487563553e-07
   ],
   [
    2.1721534722018987e-06,
    2.3584211703564506e-06,
    1.0
   ]
  ]
 },
 {
  "rotation_euler": [
   -4.1675883721836726e-07,
   1.8588845023259637e-06,
   1.2346948385238647
  ],
  "euler_order": "XYZ",
  "rotation_matrix": [
   [
    0.3298092186450958,
    -0.9440476298332214,
    2.1963708718431008e-07
   ],
   [
    0.9440476298332214,
    0.3298092186450958,
    1.8923263951364788e-06
   ],
   [
    -1.8588845023259637e-06,
    -4.1675883721836726e-07,
    1.0
   ]
  ]
 },
 {
  "rotation_euler": [
   4.876235379924765e-06,
   -3.030250127267209e-06,
   -0.32966822385787964
  ],
  "euler_order": "XYZ",
  "rotation_matrix": [
   [
    0.9461498260498047,
    0.32372912764549255,
    -4.445650120032951e-06
   ],
   [
    -0.32372912764549255,
    0.9461498260498047,
    -3.632668949649087e-06
   ],
   [
    3.030250127267209e-06,
    4.876235379924765e-06,
    1.0
   ]
  ]
 },
 {
  "rotation_euler": [
   -1.4390528804142377e-06,
   -2.8674955956375925e-06,
   0.7646297812461853
  ],
  "euler_order": "XYZ",
  "rotation_matrix": [
   [
    0.7216386795043945,
    -0.6922698616981506,
    -3.0655087357445154e-06
   ],
   [
    0.6922698616981506,
    0.7216386795043945,
    -9.466045867156936e-07
   ],
   [
    2.8674955956375925e-06,
    -1.4390528804142377e-06,
    1.0
   ]
  ]
 },
 {
  "rotation_euler": [
   2.1654491320077796e-06,
   -2.0877193946944317e-06,
   1.562156081199646
  ],
  "euler_order": "XYZ",
  "rotation_matrix": [
   [
    0.008640138432383537,
    -0.9999626874923706,
    2.1473301785590593e-06
   ],
   [
    0.9999626874923706,
    0.008640138432383537,
    -2.106351303154952e-06
   ],
   [
    2.0877193946944317e-06,
    2.1654491320077796e-06,
    1.0
   ]
  ]
 },
 {
  "rotation_euler": [
   2.699142214623862e-06,
   -8.304928087454755e-07,
   -1.4288166761398315
  ],
  "euler_order": "XYZ",
  "rotation_matrix": [
   [
    0.14150312542915344,
    0.9899377822875977,
    -2.789500285871327e-06
   ],
   [
    -0.9899377822875977,
    0.14150312542915344,
    4.401991873237421e-07
   ],
   [
    8.304928087454755e-07,
    2.699142214623862e-06,
    1.0
   ]
  ]
 },
 {
  "rotation_euler": [
   -2.5270226160500897e-06,
   -2.0428612970135873e-06,
   -1.4449141025543213
  ],
  "euler_order": "XYZ",
  "rotation_matrix": [
   [
    0.1255500316619873,
    0.9920873045921326,
    2.250545776405488e-06
   ],
   [
    -0.9920873045921326,
    0.1255500316619873,
    2.3439645246980945e-06
   ],
   [
    2.0428612970135873e-06,
    -2.5270226160500897e-06,
    1.0
   ]
  ]
 },
 {
  "rotation_euler": [
   -1.5900110383881838e-06,
   2.0631239294743864e-06,
   1.551159381866455
  ],
  "euler_order": "XYZ",
  "rotation_matrix": [
   [
    0.019635682925581932,
    -0.9998071789741516,
    -1.5491935982936411e-06
   ],
   [
    0.9998071789741516,
    0.019635682925581932,
    2.093947159664822e-06
   ],
   [
    -2.0631239294743864e-06,
    -1.5900110383881838e-06,
    1.0
   ]
  ]
 },
 {
  "rotation_euler": [
   -1.6667792124280822e-06,
   1.7174703543787473e-06,
   1.7024723291397095
  ],
  "euler_order": "XYZ",
  "rotation_matrix": [
   [
    -0.1312958151102066,
    -0.9913432598114014,
    -1.8778470121105784e-06
   ],
   [
    0.9913432598114014,
    -0.1312958151102066,
    1.4837614799034782e-06
   ],
   [
    -1.7174703543787473e-06,
    -1.6667792124280822e-06,
    1.0
   ]
  ]
 }
]