[
 {
  "rotation_euler": [
   0.09977339953184128,
   0.010925078764557838,
   -2.792391061782837
  ],
  "euler_order": "XYZ",
  "rotation_matrix": [
   [
    -0.9395900964736938,
    0.33942359685897827,
    -0.04429508000612259
   ],
   [
    -0.34212726354599,
    -0.9353454113006592,
    0.08987689763307571
   ],
   [
    -0.010924861766397953,
    0.09960199892520905,
    0.9949674010276794
   ]
  ]
 },
 {
  "rotation_euler": [
   -0.012602364644408226,
   -0.016704514622688293,
   -2.8066859245300293
  ],
  "euler_order": "XYZ",
  "rotation_matrix": [
   [
    -0.9443091750144958,
    0.32845616340637207,
    0.019916491582989693
   ],
   [
    -0.32863521575927734,
    -0.944435179233551,
    -0.006412107963114977
   ],
   [
    0.016703737899661064,
    -0.01260027289390564,
    0.99978107213974
   ]
  ]
 },
 {
  "rotation_euler": [
   -0.04254205897450447,
   -0.023735495284199715,
   -0.8642158508300781
  ],
  "euler_order": "XYZ",
  "rotation_matrix": [
   [
    0.6490538716316223,
    0.7605535387992859,
    0.01695258542895317
   ],
   [
    -0.7603721618652344,
    0.6478816270828247,
    0.04564640298485756
   ],
   [
    0.023733267560601234,
    -0.042517248541116714,
    0.998813807964325
   ]
  ]
 },
 {
  "rotation_euler": [
   0.1823573112487793,
   0.010316859930753708,
   -2.061980724334717
  ],
  "euler_order": "XYZ",
  "rotation_matrix": [
   [
    -0.4716454744338989,
    0.8662716150283813,
    -0.16469375789165497
   ],
   [
    -0.881727933883667,
    -0.46549952030181885,
    0.07659050822257996
   ],
   [
    -0.010316676460206509,
    0.18133865296840668,
    0.9833666086196899
   ]
  ]
 },
 {
  "rotation_euler": [
   0.215182825922966,
   0.025782957673072815,
   -2.8292951583862305
  ],
  "euler_order": "XYZ",
  "rotation_matrix": [
   [
    -0.9513139128684998,
    0.2949214577674866,
    -0.08957230299711227
   ],
   [
    -0.3071436882019043,
    -0.9313743710517883,
    0.19545967876911163
   ],
   [
    -0.025780100375413895,
    0.21345506608486176,
    0.9766126871109009
   ]
  ]
 },
 {
  "rotation_euler": [
   0.20228931307792664,
   0.007842178456485271,
   0.8706448078155518
  ],
  "euler_order": "XYZ",
  "rotation_matrix": [
   [
    0.6443137526512146,
    -0.7481356263160706,
    0.15859661996364594
   ],
   [
    0.7647210359573364,
    0.6323999762535095,
    -0.12357974797487259
   ],
   [
    -0.007842098362743855,
    0.20090630650520325,
    0.9795790910720825
   ]
  ]
 },
 {
  "rotation_euler": [
   0.14614857733249664,
   0.0705094188451767,
   -1.5816370248794556
  ],
  "euler_order": "XYZ",
  "rotation_matrix": [
   [
    -0.010813550092279911,
    0.9891699552536011,
    -0.1463758796453476
   ],
   [
    -0.9974566102027893,
    -0.020984016358852386,
    -0.0681171715259552
   ],
   [
    -0.07045100629329681,
    0.14526700973510742,
    0.9868810176849365
   ]
  ]
 },
 {
  "rotation_euler": [
   0.16118960082530975,
   -0.010195652954280376,
   -0.6042426824569702
  ],
  "euler_order": "XYZ",
  "rotation_matrix": [
   [
    0.8228898048400879,
    0.5594276785850525,
    -0.09946347773075104
   ],
   [
    -0.5681095123291016,
    0.8131946325302124,
    -0.12635715305805206
   ],
   [
    0.0101954760029912,
    0.1604841649532318,
    0.9869857430458069
   ]
  ]
 },
 {
  "rotation_euler": [
   0.1375586837530136,
   -0.05583586171269417,
   -2.333275079727173
  ],
  "euler_order": "XYZ",
  "rotation_matrix": [
   [
    -0.6896395683288574,
    0.721580982208252,
    -0.0609763003885746
   ],
   [
    -0.7219991683959961,
    -0.678657591342926,
    0.13468880951404572
   ],
   [
    0.055806852877140045,
    0.1369115710258484,
    0.9890100359916687
   ]
  ]
 },
 {
  "rotation_euler": [
   0.21842198073863983,
   -0.1799030601978302,
   -0.006311066914349794
  ],
  "euler_order": "XYZ",
  "rotation_matrix": [
   [
    0.9838414788246155,
    -0.032611288130283356,
    -0.17604687809944153
   ],
   [
    -0.0062091718427836895,
    0.9764658808708191,
    -0.21558262407779694
   ],
   [
    0.17893420159816742,
    0.21319222450256348,
    0.9604851007461548
   ]
  ]
 },
 {
  "rotation_euler": [
   0.11616040021181107,
   -0.03648079186677933,
   0.1697751134634018
  ],
  "euler_order": "XYZ",
  "rotation_matrix": [
   [
    0.9849669933319092,
    -0.17198845744132996,
    -0.016123633831739426
   ],
   [
    0.16884827613830566,
    0.9782664179801941,
    -0.12035395950078964
   ],
   [
    0.03647270053625107,
    0.11582223325967789,
    0.9926000833511353
   ]
  ]
 },
 {
  "rotation_euler": [
   -0.02716192975640297,
   0.030625248327851295,
   1.822323203086853
  ],
  "euler_order": "XYZ",
  "rotation_matrix": [
   [
    -0.24876637756824493,
    -0.9679692983627319,
    -0.03392210975289345
   ],
   [
    0.9680793881416321,
    -0.2495967149734497,
    0.022886691614985466
   ],
   [
    -0.030620461329817772,
    -0.027145855128765106,
    0.9991623759269714
   ]
  ]
 },
 {
  "rotation_euler": [
   0.23049496114253998,
   -0.015645550563931465,
   -1.6789802312850952
  ],
  "euler_order": "XYZ",
  "rotation_matrix": [
   [
    -0.10795978456735611,
    0.9682477712631226,
    -0.22547926008701324
   ],
   [
    -0.9940321445465088,
    -0.10156415402889252,
    0.039809562265872955
   ],
   [
    0.01564491167664528,
    0.22843146324157715,
    0.9734342694282532
   ]
  ]
 },
 {
  "rotation_euler": [
   0.20072492957115173,
   0.01571773551404476,
   -0.3863629102706909
  ],
  "euler_order": "XYZ",
  "rotation_matrix": [
   [
    0.9261713027954102,
    0.37215888500213623,
    -0.06086445227265358
   ],
   [
    -0.3767753839492798,
    0.9065071940422058,
    -0.19048625230789185
   ],
   [
    -0.01571708917617798,
    0.1993551254272461,
    0.9798012375831604
   ]
  ]
 },
 {
  "rotation_euler": [
   0.23920679092407227,
   0.04136144369840622,
   -0.8573523759841919
  ],
  "euler_order": "XYZ",
  "rotation_matrix": [
   [
    0.6538819670677185,
    0.7409946918487549,
    -0.15285690128803253
   ],
   [
    -0.7554658055305481,
    0.6283995509147644,
    -0.18543298542499542
   ],
   [
    -0.04134965315461159,
    0.2367294430732727,
    0.9706953167915344
   ]
  ]
 },
 {
  "rotation_euler": [
   0.2682468891143799,
   0.005653292406350374,
   -2.763989210128784
  ],
  "euler_order": "XYZ",
  "rotation_matrix": [
   [
    -0.9295360445976257,
    0.35411542654037476,
    -0.10278619825839996
   ],
   [
    -0.3686879277229309,
    -0.8968598246574402,
    0.24435971677303314
   ],
   [
    -0.005653262138366699,
    0.2650372087955475,
    0.9642215967178345
   ]
  ]
 }
]