[
 {
  "rotation_euler": [
   -0.0008277655579149723,
   -0.0004433285794220865,
   -0.027535265311598778
  ],
  "euler_order": "XYZ",
  "rotation_matrix": [
   [
    0.9996208548545837,
    0.027532143518328667,
    -0.0004203704884275794
   ],
   [
    -0.027531784027814865,
    0.9996205568313599,
    0.0008396573248319328
   ],
   [
    0.0004433285794220865,
    -0.0008277653832919896,
    0.9999995827674866
   ]
  ]
 },
 {
  "rotation_euler": [
   0.009307431057095528,
   -0.013834088109433651,
   0.17000770568847656
  ],
  "euler_order": "XYZ",
  "rotation_matrix": [
   [
    0.9854891300201416,
    -0.16930951178073883,
    -0.012058922089636326
   ],
   [
    0.16917374730110168,
    0.9855189919471741,
    -0.011513530276715755
   ],
   [
    0.013833646662533283,
    0.009306405670940876,
    0.9998610019683838
   ]
  ]
 },
 {
  "rotation_euler": [
   -0.000881922198459506,
   0.001684360089711845,
   -1.6052883863449097
  ],
  "euler_order": "XYZ",
  "rotation_matrix": [
   [
    -0.03448517248034477,
    0.9994048476219177,
    0.000823312031570822
   ],
   [
    -0.9994037747383118,
    -0.03448372334241867,
    -0.0017137700924649835
   ],
   [
    -0.0016843592748045921,
    -0.000881920859683305,
    0.9999982118606567
   ]
  ]
 },
 {
  "rotation_euler": [
   -0.0010422224877402186,
   0.00077345926547423,
   0.4752349853515625
  ],
  "euler_order": "XYZ",
  "rotation_matrix": [
   [
    0.8891849517822266,
    -0.4575478732585907,
    0.00021088200446683913
   ],
   [
    0.45754727721214294,
    0.8891843557357788,
    0.0012806226732209325
   ],
   [
    -0.0007734592072665691,
    -0.0010422220220789313,
    0.9999991655349731
   ]
  ]
 },
 {
  "rotation_euler": [
   -0.0010891490383073688,
   -0.0003356767410878092,
   -1.3180031776428223
  ],
  "euler_order": "XYZ",
  "rotation_matrix": [
   [
    0.2501092851161957,
    0.968217134475708,
    0.0009705772390589118
   ],
   [
    -0.9682175517082214,
    0.2501088082790375,
    0.0005974142113700509
   ],
   [
    0.0003356767410878092,
    -0.001089148805476725,
    0.9999993443489075
   ]
  ]
 },
 {
  "rotation_euler": [
   0.0008043473935686052,
   -0.0008781086071394384,
   0.9564392566680908
  ],
  "euler_order": "XYZ",
  "rotation_matrix": [
   [
    0.5764330625534058,
    -0.8171443939208984,
    0.00015109695959836245
   ],
   [
    0.8171439170837402,
    0.5764325261116028,
    -0.0011811936274170876
   ],
   [
    0.0008781084907241166,
    0.0008043469861149788,
    0.9999992847442627
   ]
  ]
 },
 {
  "rotation_euler": [
   0.0011140904389321804,
   -0.0004044479865115136,
   0.8466606140136719
  ],
  "euler_order": "XYZ",
  "rotation_matrix": [
   [
    0.6624882221221924,
    -0.7490721344947815,
    0.0005665922071784735
   ],
   [
    0.7490721940994263,
    0.6624875068664551,
    -0.00104103225748986
   ],
   [
    0.0004044479865115136,
    0.001114090089686215,
    0.9999992847442627
   ]
  ]
 },
 {
  "rotation_euler": [
   -1.001453161239624,
   -0.022673651576042175,
   -0.27837878465652466
  ],
  "euler_order": "XYZ",
  "rotation_matrix": [
   [
    0.9612550735473633,
    0.1664976179599762,
    0.21969805657863617
   ],
   [
    -0.2747265696525574,
    0.5130782127380371,
    0.8131887912750244
   ],
   [
    0.022671708837151527,
    -0.8420387506484985,
    0.5389403700828552
   ]
  ]
 },
 {
  "rotation_euler": [
   0.8794715404510498,
   0.5626248121261597,
   -0.6349024176597595
  ],
  "euler_order": "XYZ",
  "rotation_matrix": [
   [
    0.6810252070426941,
    0.7089942097663879,
    -0.18311707675457
   ],
   [
    -0.5016774535179138,
    0.26958972215652466,
    -0.8219739198684692
   ],
   [
    -0.5334082245826721,
    0.6516506671905518,
    0.539283812046051
   ]
  ]
 },
 {
  "rotation_euler": [
   -0.00025132219889201224,
   0.0008499153191223741,
   0.3396041989326477
  ],
  "euler_order": "XYZ",
  "rotation_matrix": [
   [
    0.942886233329773,
    -0.3331141173839569,
    0.0007176547078415751
   ],
   [
    0.33311378955841064,
    0.942886471748352,
    0.0005200869054533541
   ],
   [
    -0.0008499152027070522,
    -0.00025132211158052087,
    0.9999995827674866
   ]
  ]
 },
 {
  "rotation_euler": [
   0.00010008690151153132,
   0.001132108154706657,
   -1.3696422576904297
  ],
  "euler_order": "XYZ",
  "rotation_matrix": [
   [
    0.19980013370513916,
    0.979836642742157,
    0.00012812664499506354
   ],
   [
    -0.9798360466957092,
    0.19980014860630035,
    -0.001129278214648366
   ],
   [
    -0.0011321079218760133,
    0.0001000868360279128,
    0.9999993443489075
   ]
  ]
 },
 {
  "rotation_euler": [
   0.0005124627496115863,
   0.001437123864889145,
   -2.9484527111053467
  ],
  "euler_order": "XYZ",
  "rotation_matrix": [
   [
    -0.9814053773880005,
    0.19194065034389496,
    -0.0015087646897882223
   ],
   [
    -0.19194120168685913,
    -0.9814063906669617,
    0.00022709077165927738
   ],
   [
    -0.0014371233992278576,
    0.0005124622257426381,
    0.9999988079071045
   ]
  ]
 },
 {
  "rotation_euler": [
   0.0002857284271158278,
   2.5178003852488473e-05,
   2.9897031784057617
  ],
  "euler_order": "XYZ",
  "rotation_matrix": [
   [
    -0.9884869456291199,
    -0.1513061225414276,
    1.8344333511777222e-05
   ],
   [
    0.1513061225414276,
    -0.9884868860244751,
    0.0002862483961507678
   ],
   [
    -2.5178003852488473e-05,
    0.0002857284271158278,
    0.9999999403953552
   ]
  ]
 },
 {
  "rotation_euler": [
   -8.947319656726904e-06,
   0.0007403474883176386,
   2.011817216873169
  ],
  "euler_order": "XYZ",
  "rotation_matrix": [
   [
    -0.42686277627944946,
    -0.9043163657188416,
    -0.0003241180384065956
   ],
   [
    0.9043161273002625,
    -0.426862895488739,
    0.0006656890036538243
   ],
   [
    -0.0007403474301099777,
    -8.947316928242799e-06,
    0.9999997019767761
   ]
  ]
 },
 {
  "rotation_euler": [
   0.00027282602968625724,
   -0.000650140515062958,
   2.137178659439087
  ],
  "euler_order": "XYZ",
  "rotation_matrix": [
   [
    -0.5365827083587646,
    -0.8438475728034973,
    0.0005790778086520731
   ],
   [
    0.8438475131988525,
    -0.5365829467773438,
    -0.00040222573443315923
   ],
   [
    0.0006501404568552971,
    0.00027282597147859633,
    0.9999997615814209
   ]
  ]
 },
 {
  "rotation_euler": [
   0.0012521357275545597,
   -4.067499321536161e-05,
   -1.474402666091919
  ],
  "euler_order": "XYZ",
  "rotation_matrix": [
   [
    0.0962444543838501,
    0.9953569173812866,
    -0.0012502373429015279
   ],
   [
    -0.9953577518463135,
    0.09624442458152771,
    -8.002494723768905e-05
   ],
   [
    4.067499321536161e-05,
    0.0012521353783085942,
    0.9999992251396179
   ]
  ]
 }
]