[
 {
  "rotation_euler": [
   1.0300657749176025,
   -0.1942140758037567,
   -1.5303622484207153
  ],
  "euler_order": "XYZ",
  "rotation_matrix": [
   [
    0.03966309502720833,
    0.5076532363891602,
    -0.8606480360031128
   ],
   [
    -0.9803977012634277,
    0.18613436818122864,
    0.0646095871925354
   ],
   [
    0.19299544394016266,
    0.8412147164344788,
    0.505084753036499
   ]
  ]
 },
 {
  "rotation_euler": [
   0.503206193447113,
   -0.9824654459953308,
   -2.7307779788970947
  ],
  "euler_order": "XYZ",
  "rotation_matrix": [
   [
    -0.5087971687316895,
    0.7176319360733032,
    0.47553110122680664
   ],
   [
    -0.22163212299346924,
    -0.6429458856582642,
    0.7331438064575195
   ],
   [
    0.8318681716918945,
    0.26762855052948,
    0.48617932200431824
   ]
  ]
 },
 {
  "rotation_euler": [
   1.0014082193374634,
   0.5942621827125549,
   1.9564098119735718
  ],
  "euler_order": "XYZ",
  "rotation_matrix": [
   [
    -0.3116450011730194,
    -0.6768962144851685,
    0.6668499708175659
   ],
   [
    0.7677187323570251,
    0.2341584861278534,
    0.5964710712432861
   ],
   [
    -0.5598976016044617,
    0.6978404521942139,
    0.4466916024684906
   ]
  ]
 },
 {
  "rotation_euler": [
   1.0491482019424438,
   -0.08611857146024704,
   -2.8789422512054443
  ],
  "euler_order": "XYZ",
  "rotation_matrix": [
   [
    -0.9621263742446899,
    0.201396644115448,
    -0.18371768295764923
   ],
   [
    -0.25867876410484314,
    -0.46185824275016785,
    0.8483939170837402
   ],
   [
    0.08601216226816177,
    0.8637860417366028,
    0.49646303057670593
   ]
  ]
 },
 {
  "rotation_euler": [
   1.0248521566390991,
   -0.2146693766117096,
   -0.6305172443389893
  ],
  "euler_order": "XYZ",
  "rotation_matrix": [
   [
    0.7891829013824463,
    0.159062922000885,
    -0.5932025909423828
   ],
   [
    -0.5760303139686584,
    0.5267249941825867,
    -0.6250998973846436
   ],
   [
    0.21302440762519836,
    0.8350208401679993,
    0.5073074102401733
   ]
  ]
 },
 {
  "rotation_euler": [
   1.0444930791854858,
   -0.1364540308713913,
   -1.3162730932235718
  ],
  "euler_order": "XYZ",
  "rotation_matrix": [
   [
    0.24944359064102173,
    0.4565413296222687,
    -0.8540186882019043
   ],
   [
    -0.9587875008583069,
    0.2403137981891632,
    -0.15157774090766907
   ],
   [
    0.13603097200393677,
    0.8566325306892395,
    0.49767085909843445
   ]
  ]
 },
 {
  "rotation_euler": [
   1.0438497066497803,
   -0.13904866576194763,
   0.9329351782798767
  ],
  "euler_order": "XYZ",
  "rotation_matrix": [
   [
    0.5897311568260193,
    -0.4753505289554596,
    0.6528851985931396
   ],
   [
    0.7956173419952393,
    0.20322072505950928,
    -0.5706964135169983
   ],
   [
    0.13860101997852325,
    0.8560042381286621,
    0.4980427026748657
   ]
  ]
 },
 {
  "rotation_euler": [
   0.9186940789222717,
   -0.5778411030769348,
   0.7536314129829407
  ],
  "euler_order": "XYZ",
  "rotation_matrix": [
   [
    0.6108171939849854,
    -0.7318456768989563,
    0.3021659553050995
   ],
   [
    0.5731924176216125,
    0.1454494297504425,
    -0.8064086437225342
   ],
   [
    0.5462168455123901,
    0.6657674908638,
    0.5083313584327698
   ]
  ]
 },
 {
  "rotation_euler": [
   1.0482823848724365,
   -0.12112362682819366,
   -1.4417575597763062
  ],
  "euler_order": "XYZ",
  "rotation_matrix": [
   [
    0.12773817777633667,
    0.48143747448921204,
    -0.867122232913971
   ],
   [
    -0.9844204783439636,
    0.16805434226989746,
    -0.051711760461330414
   ],
   [
    0.12082767486572266,
    0.8602184057235718,
    0.49540385603904724
   ]
  ]
 },
 {
  "rotation_euler": [
   0.881263792514801,
   0.860982358455658,
   -0.7317425012588501
  ],
  "euler_order": "XYZ",
  "rotation_matrix": [
   [
    0.4848666787147522,
    0.8604696393013,
    -0.1565128117799759
   ],
   [
    -0.4354395866394043,
    0.08230933547019958,
    -0.8964471817016602
   ],
   [
    -0.7584831118583679,
    0.5028092265129089,
    0.41459161043167114
   ]
  ]
 },
 {
  "rotation_euler": [
   1.0576095581054688,
   0.36111029982566833,
   1.5667486190795898
  ],
  "euler_order": "XYZ",
  "rotation_matrix": [
   [
    0.003786640940234065,
    -0.4897060990333557,
    0.8718793392181396
   ],
   [
    0.9354974627494812,
    0.3097856044769287,
    0.1699334979057312
   ],
   [
    -0.353313148021698,
    0.8149974346160889,
    0.45929184556007385
   ]
  ]
 },
 {
  "rotation_euler": [
   0.9135116934776306,
   -0.592451274394989,
   1.840895414352417
  ],
  "euler_order": "XYZ",
  "rotation_matrix": [
   [
    -0.22135278582572937,
    -0.47086581587791443,
    0.8539838194847107
   ],
   [
    0.7994977235794067,
    -0.5890527963638306,
    -0.11755934357643127
   ],
   [
    0.5583962202072144,
    0.6567360162734985,
    0.5068446397781372
   ]
  ]
 },
 {
  "rotation_euler": [
   0.9466162323951721,
   0.7697944641113281,
   -0.37554675340652466
  ],
  "euler_order": "XYZ",
  "rotation_matrix": [
   [
    0.6680105924606323,
    0.7397534847259521,
    0.08078760653734207
   ],
   [
    -0.2633686363697052,
    0.33656027913093567,
    -0.9040819406509399
   ],
   [
    -0.6959876418113708,
    0.5826593637466431,
    0.41965368390083313
   ]
  ]
 },
 {
  "rotation_euler": [
   0.9135028719902039,
   -0.5924990773200989,
   2.0185070037841797
  ],
  "euler_order": "XYZ",
  "rotation_matrix": [
   [
    -0.3591136634349823,
    -0.35937899351119995,
    0.8613269329071045
   ],
   [
    0.7477878928184509,
    -0.6630069017410278,
    0.03514356538653374
   ],
   [
    0.55843585729599,
    0.6567103862762451,
    0.506834089756012
   ]
  ]
 },
 {
  "rotation_euler": [
   1.0482839345932007,
   -0.12112079560756683,
   -0.8528035879135132
  ],
  "euler_order": "XYZ",
  "rotation_matrix": [
   [
    0.6530545949935913,
    0.3069736957550049,
    -0.6923054456710815
   ],
   [
    -0.7476102113723755,
    0.40717270970344543,
    -0.5246801972389221
   ],
   [
    0.12082486599683762,
    0.8602194786071777,
    0.4954026937484741
   ]
  ]
 },
 {
  "rotation_euler": [
   0.9210318922996521,
   -0.5711479783058167,
   -1.9892102479934692
  ],
  "euler_order": "XYZ",
  "rotation_matrix": [
   [
    -0.3418222963809967,
    0.7277005314826965,
    -0.5946506857872009
   ],
   [
    -0.7687074542045593,
    0.14748840034008026,
    0.622363269329071
   ],
   [
    0.5405981540679932,
    0.6698500514030457,
    0.508974015712738
   ]
  ]
 }
]