[
 {
  "rotation_euler": [
   1.2491169343320507e-07,
   -1.869886148142541e-07,
   0.3381112515926361
  ],
  "euler_order": "XYZ",
  "rotation_matrix": [
   [
    0.9433828592300415,
    -0.33170586824417114,
    -1.3496790529643476e-07
   ],
   [
    0.33170586824417114,
    0.9433828592300415,
    -1.798647701889422e-07
   ],
   [
    1.869886148142541e-07,
    1.2491169343320507e-07,
    1.0
   ]
  ]
 },
 {
  "rotation_euler": [
   3.6781118524231715e-06,
   3.0149567464832217e-06,
   -2.01017427444458
  ],
  "euler_order": "XYZ",
  "rotation_matrix": [
   [
    -0.4253765940666199,
    0.9050164222717285,
    -4.611243639374152e-06
   ],
   [
    -0.9050164222717285,
    -0.4253765940666199,
    -1.1640028105830424e-06
   ],
   [
    -3.0149567464832217e-06,
    3.6781118524231715e-06,
    1.0
   ]
  ]
 },
 {
  "rotation_euler": [
   -1.8496527331990364e-07,
   -1.3981090773995675e-07,
   0.5310834646224976
  ],
  "euler_order": "XYZ",
  "rotation_matrix": [
   [
    0.8622588515281677,
    -0.506467878818512,
    -2.1423215912363958e-07
   ],
   [
    0.506467878818512,
    0.8622588515281677,
    8.867820611158095e-08
   ],
   [
    1.3981090773995675e-07,
    -1.8496527331990364e-07,
    1.0
   ]
  ]
 },
 {
  "rotation_euler": [
   1.059453467178173e-07,
   -2.0401548894710686e-08,
   -2.5318379402160645
  ],
  "euler_order": "XYZ",
  "rotation_matrix": [
   [
    -0.8197885155677795,
    0.5726664066314697,
    -4.394638608573587e-08
   ],
   [
    -0.5726664066314697,
    -0.8197885155677795,
    9.853606286469585e-08
   ],
   [
    2.0401548894710686e-08,
    1.059453467178173e-07,
    1.0
   ]
  ]
 },
 {
  "rotation_euler": [
   -3.921823861219309e-07,
   -1.0302304787046523e-07,
   -2.444972515106201
  ],
  "euler_order": "XYZ",
  "rotation_matrix": [
   [
    -0.7670151591300964,
    0.6416289806365967,
    3.306558085114375e-07
   ],
   [
    -0.6416289806365967,
    -0.7670151591300964,
    -2.3470727228414034e-07
   ],
   [
    1.0302304787046523e-07,
    -3.921823861219309e-07,
    1.0
   ]
  ]
 },
 {
  "rotation_euler": [
   -9.054982541556456e-08,
   5.4223765033611926e-08,
   3.0896685123443604
  ],
  "euler_order": "XYZ",
  "rotation_matrix": [
   [
    -0.9986522197723389,
    -0.05190081149339676,
    -5.8850293527257236e-08
   ],
   [
    0.05190081149339676,
    -0.9986522197723389,
    -8.761352887631801e-08
   ],
   [
    -5.4223765033611926e-08,
    -9.054982541556456e-08,
    1.0
   ]
  ]
 },
 {
  "rotation_euler": [
   -1.458326721603953e-07,
   1.270900042982248e-07,
   -0.49168986082077026
  ],
  "euler_order": "XYZ",
  "rotation_matrix": [
   [
    0.8815363049507141,
    0.47211623191833496,
    1.8088442743646738e-07
   ],
   [
    -0.47211623191833496,
    0.8815363049507141,
    6.855554346429926e-08
   ],
   [
    -1.270900042982248e-07,
    -1.458326721603953e-07,
    1.0
   ]
  ]
 },
 {
  "rotation_euler": [
   4.246918905437269e-08,
   1.0730718713602982e-07,
   3.0091981887817383
  ],
  "euler_order": "XYZ",
  "rotation_matrix": [
   [
    -0.9912486672401428,
    -0.13200803101062775,
    -1.00761830879037e-07
   ],
   [
    0.13200803101062775,
    -0.9912486672401428,
    5.626293742011512e-08
   ],
   [
    -1.0730718713602982e-07,
    4.246918905437269e-08,
    1.0
   ]
  ]
 },
 {
  "rotation_euler": [
   -3.343199139749231e-08,
   -5.911451808060519e-07,
   0.8841143846511841
  ],
  "euler_order": "XYZ",
  "rotation_matrix": [
   [
    0.6339746713638306,
    -0.7733538150787354,
    -4.0062582229438704e-07
   ],
   [
    0.7733538150787354,
    0.6339746713638306,
    -4.3596935483947163e-07
   ],
   [
    5.911451808060519e-07,
    -3.343199139749231e-08,
    1.0
   ]
  ]
 },
 {
  "rotation_euler": [
   7.221541977742163e-07,
   -6.897699478258801e-08,
   2.9390859603881836
  ],
  "euler_order": "XYZ",
  "rotation_matrix": [
   [
    -0.9795655012130737,
    -0.20112542808055878,
    2.1281105944126466e-07
   ],
   [
    0.20112542808055878,
    -0.9795655012130737,
    6.93524327743944e-07
   ],
   [
    6.897699478258801e-08,
    7.221541977742163e-07,
    1.0
   ]
  ]
 },
 {
  "rotation_euler": [
   -5.406138825492235e-08,
   7.269150614774844e-08,
   -1.39777672290802
  ],
  "euler_order": "XYZ",
  "rotation_matrix": [
   [
    0.1721576452255249,
    0.9850693941116333,
    6.576861721896421e-08
   ],
   [
    -0.9850693941116333,
    0.1721576452255249,
    -6.229910098909386e-08
   ],
   [
    -7.269150614774844e-08,
    -5.406138825492235e-08,
    1.0
   ]
  ]
 },
 {
  "rotation_euler": [
   2.0889973484372604e-07,
   -2.695349508030631e-07,
   2.345076560974121
  ],
  "euler_order": "XYZ",
  "rotation_matrix": [
   [
    -0.6992017030715942,
    -0.7149244546890259,
    3.3780682429096487e-07
   ],
   [
    0.7149244546890259,
    -0.6992017030715942,
    -4.66340885907357e-08
   ],
   [
    2.695349508030631e-07,
    2.0889973484372604e-07,
    1.0
   ]
  ]
 },
 {
  "rotation_euler": [
   1.750477451878396e-07,
   -1.4539091353071854e-07,
   -1.0248351097106934
  ],
  "euler_order": "XYZ",
  "rotation_matrix": [
   [
    0.5192398428916931,
    0.8546285629272461,
    -2.250935580150326e-07
   ],
   [
    -0.8546285629272461,
    0.5192398428916931,
    3.3363470208769286e-08
   ],
   [
    1.4539091353071854e-07,
    1.750477451878396e-07,
    1.0
   ]
  ]
 },
 {
  "rotation_euler": [
   6.871218971582493e-08,
   1.9655528760154084e-08,
   1.7492047548294067
  ],
  "euler_order": "XYZ",
  "rotation_matrix": [
   [
    -0.17746348679065704,
    -0.984127402305603,
    6.41334096940227e-08
   ],
   [
    0.984127402305603,
    -0.17746348679065704,
    3.153744998485308e-08
   ],
   [
    -1.9655528760154084e-08,
    6.871218971582493e-08,
    1.0
   ]
  ]
 },
 {
  "rotation_euler": [
   -1.8404038826247415e-07,
   1.3000426690723543e-07,
   -2.775977611541748
  ],
  "euler_order": "XYZ",
  "rotation_matrix": [
   [
    -0.9339040517807007,
    0.35752373933792114,
    -5.561270199905266e-08
   ],
   [
    -0.35752373933792114,
    -0.9339040517807007,
    -2.183556802037856e-07
   ],
   [
    -1.3000426690723543e-07,
    -1.8404038826247415e-07,
    1.0
   ]
  ]
 },
 {
  "rotation_euler": [
   8.876053669837347e-08,
   2.4146816102188495e-08,
   0.21703897416591644
  ],
  "euler_order": "XYZ",
  "rotation_matrix": [
   [
    0.9765393733978271,
    -0.21533901989459991,
    4.2693923063552575e-08
   ],
   [
    0.21533901989459991,
    0.9765393733978271,
    -8.147840446781629e-08
   ],
   [
    -2.4146816102188495e-08,
    8.876053669837347e-08,
    1.0
   ]
  ]
 }
]