[
 {
  "rotation_euler": [
   -0.08287186920642853,
   -0.012436039745807648,
   -2.4034247398376465
  ],
  "euler_order": "XYZ",
  "rotation_matrix": [
   [
    -0.7396454811096191,
    0.6698629260063171,
    0.06487064063549042
   ],
   [
    -0.6728817820549011,
    -0.7378568053245544,
    -0.052890703082084656
   ],
   [
    0.01243571937084198,
    -0.08277064561843872,
    0.996491014957428
   ]
  ]
 },
 {
  "rotation_euler": [
   0.004598552826792002,
   -0.0178093109279871,
   -1.6003152132034302
  ],
  "euler_order": "XYZ",
  "rotation_matrix": [
   [
    -0.02950991876423359,
    0.9995561838150024,
    -0.004070932045578957
   ],
   [
    -0.9994058609008789,
    -0.029432430863380432,
    0.01793614774942398
   ],
   [
    0.017808370292186737,
    0.004597807303071022,
    0.9998308420181274
   ]
  ]
 },
 {
  "rotation_euler": [
   -0.11503275483846664,
   0.022618727758526802,
   1.9838765859603882
  ],
  "euler_order": "XYZ",
  "rotation_matrix": [
   [
    -0.40132972598075867,
    -0.9087934494018555,
    -0.11414410173892975
   ],
   [
    0.9156543612480164,
    -0.4011569321155548,
    -0.025498531758785248
   ],
   [
    -0.022616799920797348,
    -0.11474986374378204,
    0.9931369423866272
   ]
  ]
 },
 {
  "rotation_euler": [
   0.005465657450258732,
   0.001204784493893385,
   -2.8551244735717773
  ],
  "euler_order": "XYZ",
  "rotation_matrix": [
   [
    -0.9592471122741699,
    0.28255558013916016,
    -0.0027000713162124157
   ],
   [
    -0.2825658917427063,
    -0.9592353701591492,
    0.00490246806293726
   ],
   [
    -0.0012047841446474195,
    0.005465626250952482,
    0.9999843239784241
   ]
  ]
 },
 {
  "rotation_euler": [
   -0.11689901351928711,
   -1.8250582218170166,
   -0.6098299622535706
  ],
  "euler_order": "XYZ",
  "rotation_matrix": [
   [
    -0.20619146525859833,
    0.661354660987854,
    -0.7211761474609375
   ],
   [
    0.1440589278936386,
    0.7494993805885315,
    0.6461405754089355
   ],
   [
    0.9678491950035095,
    0.02933681383728981,
    -0.24981442093849182
   ]
  ]
 },
 {
  "rotation_euler": [
   -2.52388334274292,
   -1.259189248085022,
   -0.052634719759225845
  ],
  "euler_order": "XYZ",
  "rotation_matrix": [
   [
    0.30616411566734314,
    0.5076258778572083,
    0.8053443431854248
   ],
   [
    -0.016129761934280396,
    -0.8430812954902649,
    0.5375442504882812
   ],
   [
    0.9518420696258545,
    -0.1775667667388916,
    -0.2499333620071411
   ]
  ]
 },
 {
  "rotation_euler": [
   1.2960067987442017,
   -2.742814302444458,
   -0.5154818892478943
  ],
  "euler_order": "XYZ",
  "rotation_matrix": [
   [
    -0.8017873167991638,
    -0.19140106439590454,
    -0.5661296248435974
   ],
   [
    0.4542750418186188,
    0.42031389474868774,
    -0.7854746580123901
   ],
   [
    0.3882928490638733,
    -0.8869621753692627,
    -0.25005361437797546
   ]
  ]
 },
 {
  "rotation_euler": [
   0.012443282641470432,
   0.014360283501446247,
   -0.23256725072860718
  ],
  "euler_order": "XYZ",
  "rotation_matrix": [
   [
    0.9729775786399841,
    0.23063243925571442,
    0.011104303412139416
   ],
   [
    -0.23045265674591064,
    0.97296142578125,
    -0.015417307615280151
   ],
   [
    -0.014359789900481701,
    0.012441678903996944,
    0.9998194575309753
   ]
  ]
 },
 {
  "rotation_euler": [
   1.951884150505066,
   -0.8376713991165161,
   1.1652684211730957
  ],
  "euler_order": "XYZ",
  "rotation_matrix": [
   [
    0.2640000283718109,
    0.06964457035064697,
    0.9620050191879272
   ],
   [
    0.6149194240570068,
    -0.7805612683296204,
    -0.11224151402711868
   ],
   [
    0.7430868744850159,
    0.6211873292922974,
    -0.24889400601387024
   ]
  ]
 },
 {
  "rotation_euler": [
   -1.8765878677368164,
   0.591090738773346,
   -0.823540210723877
  ],
  "euler_order": "XYZ",
  "rotation_matrix": [
   [
    0.5643182396888733,
    -0.5820004343986511,
    0.5855087041854858
   ],
   [
    -0.609096348285675,
    0.18522191047668457,
    0.7711643576622009
   ],
   [
    -0.5572670102119446,
    -0.791813313961029,
    -0.24997027218341827
   ]
  ]
 },
 {
  "rotation_euler": [
   2.056152820587158,
   -1.0075011253356934,
   0.08928636461496353
  ],
  "euler_order": "XYZ",
  "rotation_matrix": [
   [
    0.531848132610321,
    -0.7032743692398071,
    0.4717443287372589
   ],
   [
    0.04761338233947754,
    -0.5313497185707092,
    -0.845813512802124
   ],
   [
    0.8455001711845398,
    0.47230568528175354,
    -0.2491120845079422
   ]
  ]
 },
 {
  "rotation_euler": [
   1.8416757583618164,
   -0.36700519919395447,
   0.2964903712272644
  ],
  "euler_order": "XYZ",
  "rotation_matrix": [
   [
    0.8926795125007629,
    -0.25247496366500854,
    0.3733358383178711
   ],
   [
    0.27270907163619995,
    -0.3569164276123047,
    -0.8934429883956909
   ],
   [
    0.35882169008255005,
    0.8993703722953796,
    -0.24975979328155518
   ]
  ]
 },
 {
  "rotation_euler": [
   -1.8868260383605957,
   -0.6393318176269531,
   -0.4801633954048157
  ],
  "euler_order": "XYZ",
  "rotation_matrix": [
   [
    0.7117480635643005,
    0.3594178259372711,
    0.6035175919532776
   ],
   [
    -0.37069159746170044,
    -0.5376126170158386,
    0.7573376893997192
   ],
   [
    0.5966593623161316,
    -0.7627525329589844,
    -0.24941159784793854
   ]
  ]
 },
 {
  "rotation_euler": [
   1.9308300018310547,
   -0.7830407023429871,
   1.6343090534210205
  ],
  "euler_order": "XYZ",
  "rotation_matrix": [
   [
    -0.04498577117919922,
    0.39349886775016785,
    0.9182237982749939
   ],
   [
    0.7073427438735962,
    -0.6365166306495667,
    0.30742937326431274
   ],
   [
    0.7054378390312195,
    0.6633288860321045,
    -0.24970437586307526
   ]
  ]
 },
 {
  "rotation_euler": [
   -0.0011280522448942065,
   0.002303772373124957,
   2.4709982872009277
  ],
  "euler_order": "XYZ",
  "rotation_matrix": [
   [
    -0.7834503650665283,
    -0.62144935131073,
    -0.0025059231556952
   ],
   [
    0.6214501261711121,
    -0.7834535241127014,
    0.0005479060928337276
   ],
   [
    -0.002303770277649164,
    -0.0011280489852651954,
    0.9999967217445374
   ]
  ]
 },
 {
  "rotation_euler": [
   1.9556975364685059,
   0.8469406962394714,
   -1.812306523323059
  ],
  "euler_order": "XYZ",
  "rotation_matrix": [
   [
    -0.1583966463804245,
    -0.5306591391563416,
    -0.8326532244682312
   ],
   [
    -0.6430577039718628,
    -0.5844843983650208,
    0.4948280155658722
   ],
   [
    -0.7492578029632568,
    0.6138231754302979,
    -0.24866408109664917
   ]
  ]
 }
]