[
 {
  "rotation_euler": [
   0.3700011074542999,
   -0.4604904055595398,
   3.1164467334747314
  ],
  "euler_order": "XYZ",
  "rotation_matrix": [
   [
    -0.8955514430999756,
    0.13720527291297913,
    0.4232756495475769
   ],
   [
    0.022524213418364525,
    -0.9360726475715637,
    0.3510849177837372
   ],
   [
    0.4443874955177307,
    0.32394856214523315,
    0.8352108001708984
   ]
  ]
 },
 {
  "rotation_euler": [
   -0.36223846673965454,
   -0.4670393466949463,
   -2.195162296295166
  ],
  "euler_order": "XYZ",
  "rotation_matrix": [
   [
    -0.5219771862030029,
    0.6654115319252014,
    0.5336359739303589
   ],
   [
    -0.7244442701339722,
    -0.6760973334312439,
    0.13443537056446075
   ],
   [
    0.450244665145874,
    -0.3164173364639282,
    0.8349609375
   ]
  ]
 },
 {
  "rotation_euler": [
   0.3700011372566223,
   -0.4604904055595398,
   1.6901694536209106
  ],
  "euler_order": "XYZ",
  "rotation_matrix": [
   [
    -0.10668478906154633,
    -0.9065545201301575,
    0.40838366746902466
   ],
   [
    0.8894594311714172,
    -0.2705848813056946,
    -0.3683010935783386
   ],
   [
    0.4443874955177307,
    0.32394859194755554,
    0.8352108001708984
   ]
  ]
 },
 {
  "rotation_euler": [
   0.37000134587287903,
   -0.46049052476882935,
   -0.44422709941864014
  ],
  "euler_order": "XYZ",
  "rotation_matrix": [
   [
    0.8088876605033875,
    0.2555757761001587,
    -0.5295108556747437
   ],
   [
    -0.3849940001964569,
    0.9108996987342834,
    -0.1484634429216385
   ],
   [
    0.4443875849246979,
    0.3239487409591675,
    0.8352106809616089
   ]
  ]
 },
 {
  "rotation_euler": [
   0.3700006306171417,
   -0.46049070358276367,
   -1.3004497289657593
  ],
  "euler_order": "XYZ",
  "rotation_matrix": [
   [
    0.23924647271633148,
    0.8555466532707214,
    -0.4591307044029236
   ],
   [
    -0.863296389579773,
    0.40385329723358154,
    0.3026910126209259
   ],
   [
    0.4443877637386322,
    0.32394811511039734,
    0.8352108597755432
   ]
  ]
 },
 {
  "rotation_euler": [
   -0.36223867535591125,
   -0.4670393466949463,
   1.7191095352172852
  ],
  "euler_order": "XYZ",
  "rotation_matrix": [
   [
    -0.1319446712732315,
    -0.9484171271324158,
    -0.2882630527019501
   ],
   [
    0.8831026554107666,
    0.019620273262262344,
    -0.468769371509552
   ],
   [
    0.450244665145874,
    -0.31641748547554016,
    0.8349608778953552
   ]
  ]
 },
 {
  "rotation_euler": [
   -0.36223867535591125,
   -0.46703940629959106,
   -1.3531397581100464
  ],
  "euler_order": "XYZ",
  "rotation_matrix": [
   [
    0.19281579554080963,
    0.9474972486495972,
    0.25509026646614075
   ],
   [
    -0.8718381524085999,
    0.04614059627056122,
    0.4876159429550171
   ],
   [
    0.4502447247505188,
    -0.31641748547554016,
    0.8349608778953552
   ]
  ]
 },
 {
  "rotation_euler": [
   -0.36223849654197693,
   -0.46703940629959106,
   1.3890092372894287
  ],
  "euler_order": "XYZ",
  "rotation_matrix": [
   [
    0.1614260971546173,
    -0.8908523321151733,
    -0.42464545369148254
   ],
   [
    0.8781920671463013,
    0.3259788751602173,
    -0.3500235378742218
   ],
   [
    0.4502447247505188,
    -0.3164173364639282,
    0.8349609375
   ]
  ]
 },
 {
  "rotation_euler": [
   -0.3622385263442993,
   -0.46703940629959106,
   -2.6479597091674805
  ],
  "euler_order": "XYZ",
  "rotation_matrix": [
   [
    -0.7863077521324158,
    0.30257490277290344,
    0.5386729836463928
   ],
   [
    -0.42308369278907776,
    -0.8990709185600281,
    -0.11256866902112961
   ],
   [
    0.4502447247505188,
    -0.3164173662662506,
    0.8349609375
   ]
  ]
 },
 {
  "rotation_euler": [
   0.37000134587287903,
   -0.46049049496650696,
   -0.6582878232002258
  ],
  "euler_order": "XYZ",
  "rotation_matrix": [
   [
    0.708641767501831,
    0.4432447552680969,
    -0.5489634871482849
   ],
   [
    -0.5480387806892395,
    0.8358177542686462,
    -0.032591164112091064
   ],
   [
    0.4443875551223755,
    0.3239487409591675,
    0.8352106809616089
   ]
  ]
 },
 {
  "rotation_euler": [
   -0.36223864555358887,
   -0.4670393466949463,
   -1.1798837184906006
  ],
  "euler_order": "XYZ",
  "rotation_matrix": [
   [
    0.3402257561683655,
    0.9253577589988708,
    0.16721084713935852
   ],
   [
    -0.8255459666252136,
    0.2087894082069397,
    0.5242908000946045
   ],
   [
    0.450244665145874,
    -0.31641748547554016,
    0.8349608778953552
   ]
  ]
 },
 {
  "rotation_euler": [
   0.37000101804733276,
   -0.46049049496650696,
   -1.4929710626602173
  ],
  "euler_order": "XYZ",
  "rotation_matrix": [
   [
    0.06964821368455887,
    0.9170112013816833,
    -0.3927334249019623
   ],
   [
    -0.8931230902671814,
    0.2326967865228653,
    0.38494595885276794
   ],
   [
    0.4443875551223755,
    0.323948472738266,
    0.8352108001708984
   ]
  ]
 },
 {
  "rotation_euler": [
   -0.36223870515823364,
   -0.4670393466949463,
   1.5096074342727661
  ],
  "euler_order": "XYZ",
  "rotation_matrix": [
   [
    0.054601795971393585,
    -0.9235990643501282,
    -0.3794514238834381
   ],
   [
    0.8912341594696045,
    0.21643635630607605,
    -0.39856860041618347
   ],
   [
    0.450244665145874,
    -0.31641751527786255,
    0.8349608778953552
   ]
  ]
 },
 {
  "rotation_euler": [
   0.3700009882450104,
   -0.4604905843734741,
   0.23570241034030914
  ],
  "euler_order": "XYZ",
  "rotation_matrix": [
   [
    0.8710652589797974,
    -0.3739772439002991,
    -0.318412184715271
   ],
   [
    0.2092006951570511,
    0.8690215349197388,
    -0.44837111234664917
   ],
   [
    0.44438764452934265,
    0.3239484429359436,
    0.8352108001708984
   ]
  ]
 },
 {
  "rotation_euler": [
   0.3700011074542999,
   -0.4604904055595398,
   -2.6817002296447754
  ],
  "euler_order": "XYZ",
  "rotation_matrix": [
   [
    -0.8027576804161072,
    0.5578162670135498,
    0.21076317131519318
   ],
   [
    -0.39761775732040405,
    -0.7641323804855347,
    0.5079387426376343
   ],
   [
    0.4443874955177307,
    0.32394856214523315,
    0.8352108001708984
   ]
  ]
 },
 {
  "rotation_euler": [
   -0.3622382879257202,
   -0.4670395851135254,
   0.9228666424751282
  ],
  "euler_order": "XYZ",
  "rotation_matrix": [
   [
    0.5389012694358826,
    -0.6492969393730164,
    -0.5366553068161011
   ],
   [
    0.7119445204734802,
    0.6915878057479858,
    -0.12182504683732986
   ],
   [
    0.4502449035644531,
    -0.3164171278476715,
    0.8349609375
   ]
  ]
 }
]