[
 {
  "rotation_euler": [
   -2.322800355614163e-06,
   -1.5433723774549435e-06,
   0.3666514456272125
  ],
  "euler_order": "XYZ",
  "rotation_matrix": [
   [
    0.9335330128669739,
    -0.358491450548172,
    -2.273493237225921e-06
   ],
   [
    0.358491450548172,
    0.9335330128669739,
    1.6151250292750774e-06
   ],
   [
    1.5433723774549435e-06,
    -2.322800355614163e-06,
    1.0
   ]
  ]
 },
 {
  "rotation_euler": [
   -1.8352982351643732e-06,
   -1.3818003026244696e-06,
   1.0182100534439087
  ],
  "euler_order": "XYZ",
  "rotation_matrix": [
   [
    0.5248903632164001,
    -0.8511698842048645,
    -2.2874442038300913e-06
   ],
   [
    0.8511698842048645,
    0.5248903632164001,
    -2.1281645956605644e-07
   ],
   [
    1.3818003026244696e-06,
    -1.8352982351643732e-06,
    1.0
   ]
  ]
 },
 {
  "rotation_euler": [
   4.065098835326353e-07,
   -1.1824021157735842e-06,
   -1.925533652305603
  ],
  "euler_order": "XYZ",
  "rotation_matrix": [
   [
    -0.3473440706729889,
    0.937737762928009,
    2.9500681009153595e-08
   ],
   [
    -0.937737762928009,
    -0.3473440706729889,
    1.2499818922151462e-06
   ],
   [
    1.1824021157735842e-06,
    4.065098835326353e-07,
    1.0
   ]
  ]
 },
 {
  "rotation_euler": [
   3.19054095143656e-07,
   1.2812804470740957e-06,
   -0.046969179064035416
  ],
  "euler_order": "XYZ",
  "rotation_matrix": [
   [
    0.998897135257721,
    0.046951912343502045,
    1.2648871461351519e-06
   ],
   [
    -0.046951912343502045,
    0.998897135257721,
    -3.788607898513874e-07
   ],
   [
    -1.2812804470740957e-06,
    3.19054095143656e-07,
    1.0
   ]
  ]
 },
 {
  "rotation_euler": [
   -2.2593185349251144e-06,
   -1.5419833516716608e-06,
   -0.23901775479316711
  ],
  "euler_order": "XYZ",
  "rotation_matrix": [
   [
    0.9715709686279297,
    0.23674842715263367,
    -9.63256184149941e-07
   ],
   [
    -0.23674842715263367,
    0.9715709686279297,
    2.5601505058148177e-06
   ],
   [
    1.5419833516716608e-06,
    -2.2593185349251144e-06,
    1.0
   ]
  ]
 },
 {
  "rotation_euler": [
   -2.2089711819717195e-06,
   -1.3937025187260588e-06,
   -0.6858248114585876
  ],
  "euler_order": "XYZ",
  "rotation_matrix": [
   [
    0.7738969326019287,
    0.6333115696907043,
    3.2038482800089696e-07
   ],
   [
    -0.6333115696907043,
    0.7738969326019287,
    2.5921640371961985e-06
   ],
   [
    1.3937025187260588e-06,
    -2.2089711819717195e-06,
    1.0
   ]
  ]
 },
 {
  "rotation_euler": [
   1.5707978010177612,
   -1.695290446281433,
   -0.44958770275115967
  ],
  "euler_order": "XYZ",
  "rotation_matrix": [
   [
    -0.11183328181505203,
    -0.8936567306518555,
    -0.43459293246269226
   ],
   [
    0.053964778780937195,
    0.4312294125556946,
    -0.9006270170211792
   ],
   [
    0.9922606348991394,
    -0.12417278438806534,
    1.8305836135823483e-07
   ]
  ]
 },
 {
  "rotation_euler": [
   1.570801019668579,
   -1.6952896118164062,
   0.19383828341960907
  ],
  "euler_order": "XYZ",
  "rotation_matrix": [
   [
    -0.12184647470712662,
    -0.973676860332489,
    0.19263127446174622
   ],
   [
    -0.023918835446238518,
    -0.19114051759243011,
    -0.9812712073326111
   ],
   [
    0.9922606945037842,
    -0.12417195737361908,
    5.827233167110535e-07
   ]
  ]
 },
 {
  "rotation_euler": [
   -1.4667444929727935e-06,
   1.5498173979722196e-06,
   2.3388712406158447
  ],
  "euler_order": "XYZ",
  "rotation_matrix": [
   [
    -0.6947519183158875,
    -0.7192494869232178,
    -2.131693690898828e-06
   ],
   [
    0.7192494869232178,
    -0.6947519183158875,
    9.56817842734381e-08
   ],
   [
    -1.5498173979722196e-06,
    -1.4667444929727935e-06,
    1.0
   ]
  ]
 },
 {
  "rotation_euler": [
   1.7649763606186752e-07,
   1.9155863810738083e-06,
   -2.3512210845947266
  ],
  "euler_order": "XYZ",
  "rotation_matrix": [
   [
    -0.7035813331604004,
    0.7106147408485413,
    -1.4731925830346881e-06
   ],
   [
    -0.7106147408485413,
    -0.7035813331604004,
    -1.2370635431580013e-06
   ],
   [
    -1.9155863810738083e-06,
    1.7649763606186752e-07,
    1.0
   ]
  ]
 },
 {
  "rotation_euler": [
   -0.00011305249790893868,
   -7.719751738477498e-05,
   -0.9703750014305115
  ],
  "euler_order": "XYZ",
  "rotation_matrix": [
   [
    0.5649901628494263,
    0.8250976204872131,
    4.9663511163089424e-05
   ],
   [
    -0.8250976204872131,
    0.5649901628494263,
    0.00012756904470734298
   ],
   [
    7.719751738477498e-05,
    -0.00011305249790893868,
    1.0
   ]
  ]
 },
 {
  "rotation_euler": [
   -2.0952586510247784e-06,
   -1.438871890968585e-06,
   -2.2328577041625977
  ],
  "euler_order": "XYZ",
  "rotation_matrix": [
   [
    -0.6147440075874329,
    0.7887266874313354,
    2.5371243737026816e-06
   ],
   [
    -0.7887266874313354,
    -0.6147440075874329,
    -1.531710580593426e-07
   ],
   [
    1.438871890968585e-06,
    -2.0952586510247784e-06,
    1.0
   ]
  ]
 },
 {
  "rotation_euler": [
   -0.00011739304318325594,
   -0.00010949616989819333,
   -0.5822470784187317
  ],
  "euler_order": "XYZ",
  "rotation_matrix": [
   [
    0.8352290987968445,
    0.5499021410942078,
    -2.689969915081747e-05
   ],
   [
    -0.5499021410942078,
    0.8352290987968445,
    0.00015826226444914937
   ],
   [
    0.00010949616989819333,
    -0.00011739304318325594,
    1.0
   ]
  ]
 },
 {
  "rotation_euler": [
   -1.7512988392809348e-07,
   2.0375077838252764e-06,
   1.9415045976638794
  ],
  "euler_order": "XYZ",
  "rotation_matrix": [
   [
    -0.3622756898403168,
    -0.9320709705352783,
    -9.013730277729337e-07
   ],
   [
    0.9320709705352783,
    -0.3622756898403168,
    1.8356565760768717e-06
   ],
   [
    -2.0375077838252764e-06,
    -1.7512988392809348e-07,
    1.0
   ]
  ]
 },
 {
  "rotation_euler": [
   -1.3830876923748292e-06,
   -1.416268787579611e-06,
   1.97759211063385
  ],
  "euler_order": "XYZ",
  "rotation_matrix": [
   [
    -0.395668625831604,
    -0.9183933138847351,
    -7.098453806975158e-07
   ],
   [
    0.9183933138847351,
    -0.395668625831604,
    -1.8479362324796966e-06
   ],
   [
    1.416268787579611e-06,
    -1.3830876923748292e-06,
    1.0
   ]
  ]
 },
 {
  "rotation_euler": [
   -2.500235495972447e-06,
   -1.5772988035678281e-06,
   1.7818769216537476
  ],
  "euler_order": "XYZ",
  "rotation_matrix": [
   [
    -0.20951662957668304,
    -0.9778050780296326,
    -2.114272547260043e-06
   ],
   [
    0.9778050780296326,
    -0.20951662957668304,
    -2.0661316284531495e-06
   ],
   [
    1.5772988035678281e-06,
    -2.500235495972447e-06,
    1.0
   ]
  ]
 }
]