[
 {
  "rotation_euler": [
   -5.78416911594104e-05,
   6.691736780339852e-05,
   -0.8014428019523621
  ],
  "euler_order": "XYZ",
  "rotation_matrix": [
   [
    0.6956709623336792,
    0.7183605432510376,
    8.810366125544533e-05
   ],
   [
    -0.7183605432510376,
    0.6956709623336792,
    -7.832010851416271e-06
   ],
   [
    -6.691736780339852e-05,
    -5.78416911594104e-05,
    1.0
   ]
  ]
 },
 {
  "rotation_euler": [
   -1.6617246728856117e-05,
   -6.1005343923170585e-06,
   2.1507110595703125
  ],
  "euler_order": "XYZ",
  "rotation_matrix": [
   [
    -0.5479525923728943,
    -0.8365093469619751,
    -1.0557679161138367e-05
   ],
   [
    0.8365093469619751,
    -0.5479525923728943,
    -1.4208618267730344e-05
   ],
   [
    6.1005343923170585e-06,
    -1.6617246728856117e-05,
    1.0
   ]
  ]
 },
 {
  "rotation_euler": [
   -1.4873819054628257e-05,
   6.028818461345509e-05,
   -2.6574959754943848
  ],
  "euler_order": "XYZ",
  "rotation_matrix": [
   [
    -0.8850957155227661,
    0.4654090106487274,
    -4.643840657081455e-05
   ],
   [
    -0.4654090106487274,
    -0.8850957155227661,
    -4.1223418520530686e-05
   ],
   [
    -6.028818461345509e-05,
    -1.4873819054628257e-05,
    1.0
   ]
  ]
 },
 {
  "rotation_euler": [
   -2.2071752027841285e-05,
   -4.83721487398725e-05,
   1.817920207977295
  ],
  "euler_order": "XYZ",
  "rotation_matrix": [
   [
    -0.24461622536182404,
    -0.9696199893951416,
    -9.568599125486799e-06
   ],
   [
    0.9696199893951416,
    -0.24461622536182404,
    -5.2301711548352614e-05
   ],
   [
    4.83721487398725e-05,
    -2.2071752027841285e-05,
    1.0
   ]
  ]
 },
 {
  "rotation_euler": [
   4.706768595497124e-05,
   -1.2186953426862601e-05,
   2.2050623893737793
  ],
  "euler_order": "XYZ",
  "rotation_matrix": [
   [
    -0.5925864577293396,
    -0.8055068254470825,
    4.513516614679247e-05
   ],
   [
    0.8055068254470825,
    -0.5925864577293396,
    1.8074999388772994e-05
   ],
   [
    1.2186953426862601e-05,
    4.706768595497124e-05,
    1.0
   ]
  ]
 },
 {
  "rotation_euler": [
   -5.663969932356849e-05,
   -5.6876368034863845e-05,
   -2.8641200065612793
  ],
  "euler_order": "XYZ",
  "rotation_matrix": [
   [
    -0.9617508053779602,
    0.2739258408546448,
    7.021597411949188e-05
   ],
   [
    -0.2739258408546448,
    -0.9617508053779602,
    -3.889336949214339e-05
   ],
   [
    5.6876368034863845e-05,
    -5.663969932356849e-05,
    1.0
   ]
  ]
 },
 {
  "rotation_euler": [
   -3.34541909978725e-05,
   4.391816764837131e-05,
   2.725978374481201
  ],
  "euler_order": "XYZ",
  "rotation_matrix": [
   [
    -0.9148684740066528,
    -0.40375199913978577,
    -5.3686544561060145e-05
   ],
   [
    0.40375199913978577,
    -0.9148684740066528,
    -1.2874136700702365e-05
   ],
   [
    -4.391816764837131e-05,
    -3.34541909978725e-05,
    1.0
   ]
  ]
 },
 {
  "rotation_euler": [
   -4.569789598463103e-05,
   5.941875861026347e-05,
   -1.3434869050979614
  ],
  "euler_order": "XYZ",
  "rotation_matrix": [
   [
    0.22535698115825653,
    0.9742762446403503,
    5.791280636913143e-05
   ],
   [
    -0.9742762446403503,
    0.22535698115825653,
    -4.759194780490361e-05
   ],
   [
    -5.941875861026347e-05,
    -4.569789598463103e-05,
    1.0
   ]
  ]
 },
 {
  "rotation_euler": [
   -5.7216500863432884e-05,
   2.6175575840170495e-05,
   -0.678931474685669
  ],
  "euler_order": "XYZ",
  "rotation_matrix": [
   [
    0.778244137763977,
    0.6279618144035339,
    5.6300767028005794e-05
   ],
   [
    -0.6279618144035339,
    0.778244137763977,
    2.8091146305087022e-05
   ],
   [
    -2.6175575840170495e-05,
    -5.7216500863432884e-05,
    1.0
   ]
  ]
 },
 {
  "rotation_euler": [
   6.8156241468386725e-06,
   -5.669195161317475e-05,
   2.783238410949707
  ],
  "euler_order": "XYZ",
  "rotation_matrix": [
   [
    -0.9364753365516663,
    -0.3507334887981415,
    5.548107947106473e-05
   ],
   [
    0.3507334887981415,
    -0.9364753365516663,
    -1.3501102330337744e-05
   ],
   [
    5.669195161317475e-05,
    6.8156241468386725e-06,
    1.0
   ]
  ]
 },
 {
  "rotation_euler": [
   -5.033748675487004e-05,
   0.00011325589730404317,
   -0.08665892481803894
  ],
  "euler_order": "XYZ",
  "rotation_matrix": [
   [
    0.9962474703788757,
    0.08655049651861191,
    0.00011718763562384993
   ],
   [
    -0.08655049651861191,
    0.9962474703788757,
    4.034623998450115e-05
   ],
   [
    -0.00011325589730404317,
    -5.033748675487004e-05,
    1.0
   ]
  ]
 },
 {
  "rotation_euler": [
   8.285450348921586e-06,
   4.328948853071779e-05,
   2.040421485900879
  ],
  "euler_order": "XYZ",
  "rotation_matrix": [
   [
    -0.45255205035209656,
    -0.8917379975318909,
    -1.220229660248151e-05
   ],
   [
    0.8917379975318909,
    -0.45255205035209656,
    4.235247979522683e-05
   ],
   [
    -4.328948853071779e-05,
    8.285450348921586e-06,
    1.0
   ]
  ]
 },
 {
  "rotation_euler": [
   4.8097444960149005e-05,
   -6.313091580523178e-05,
   2.709484100341797
  ],
  "euler_order": "XYZ",
  "rotation_matrix": [
   [
    -0.9080847501754761,
    -0.4187864661216736,
    7.747078052489087e-05
   ],
   [
    0.4187864661216736,
    -0.9080847501754761,
    1.723818240861874e-05
   ],
   [
    6.313091580523178e-05,
    4.8097444960149005e-05,
    1.0
   ]
  ]
 },
 {
  "rotation_euler": [
   2.5151868612738326e-05,
   4.457358045328874e-06,
   -0.11459185928106308
  ],
  "euler_order": "XYZ",
  "rotation_matrix": [
   [
    0.9934415221214294,
    0.11434123665094376,
    1.5522289231739705e-06
   ],
   [
    -0.11434123665094376,
    0.9934415221214294,
    -2.5496570742689073e-05
   ],
   [
    -4.457358045328874e-06,
    2.5151868612738326e-05,
    1.0
   ]
  ]
 },
 {
  "rotation_euler": [
   6.315846985671669e-05,
   -9.902496458380483e-06,
   -1.2115839719772339
  ],
  "euler_order": "XYZ",
  "rotation_matrix": [
   [
    0.35153695940971375,
    0.9361739754676819,
    -6.260840746108443e-05
   ],
   [
    -0.9361739754676819,
    0.35153695940971375,
    -1.2932076970173512e-05
   ],
   [
    9.902496458380483e-06,
    6.315846985671669e-05,
    1.0
   ]
  ]
 },
 {
  "rotation_euler": [
   -0.0005357888876460493,
   -0.00021641660714522004,
   -1.6871752738952637
  ],
  "euler_order": "XYZ",
  "rotation_matrix": [
   [
    -0.11611641198396683,
    0.9932354688644409,
    0.0005572941154241562
   ],
   [
    -0.9932355880737305,
    -0.11611651629209518,
    0.0001527387648820877
   ],
   [
    0.00021641660714522004,
    -0.0005357888294383883,
    0.9999998211860657
   ]
  ]
 }
]