[
 {
  "rotation_euler": [
   0.39486774802207947,
   0.9798685908317566,
   1.1080458164215088
  ],
  "euler_order": "XYZ",
  "rotation_matrix": [
   [
    0.24870972335338593,
    -0.6833615303039551,
    0.6864113211631775
   ],
   [
    0.4985370337963104,
    0.6979137659072876,
    0.5141762495040894
   ],
   [
    -0.8304241895675659,
    0.2143208235502243,
    0.5142589807510376
   ]
  ]
 },
 {
  "rotation_euler": [
   0.3949003517627716,
   0.9798640608787537,
   -3.1129813194274902
  ],
  "euler_order": "XYZ",
  "rotation_matrix": [
   [
    -0.5569074153900146,
    -0.29294025897979736,
    -0.7772001624107361
   ],
   [
    -0.01593821309506893,
    -0.9317965507507324,
    0.3626309335231781
   ],
   [
    -0.8304216265678406,
    0.21433903276920319,
    0.5142554640769958
   ]
  ]
 },
 {
  "rotation_euler": [
   0.39755740761756897,
   0.9797955751419067,
   -2.301797389984131
  ],
  "euler_order": "XYZ",
  "rotation_matrix": [
   [
    -0.3719900846481323,
    0.4718053936958313,
    -0.7993891835212708
   ],
   [
    -0.41483327746391296,
    -0.8549044728279114,
    -0.3115312159061432
   ],
   [
    -0.8303834795951843,
    0.21572670340538025,
    0.5137365460395813
   ]
  ]
 },
 {
  "rotation_euler": [
   0.4025243818759918,
   0.979651927947998,
   -0.6452773213386536
  ],
  "euler_order": "XYZ",
  "rotation_matrix": [
   [
    0.4452546238899231,
    0.8132163882255554,
    0.3747364282608032
   ],
   [
    -0.33517834544181824,
    0.5394574999809265,
    -0.7724254727363586
   ],
   [
    -0.830303430557251,
    0.21832247078418732,
    0.5127684473991394
   ]
  ]
 },
 {
  "rotation_euler": [
   0.013368410058319569,
   0.9772548675537109,
   2.4376800060272217
  ],
  "euler_order": "XYZ",
  "rotation_matrix": [
   [
    -0.42636340856552124,
    -0.6555951833724976,
    -0.6232248544692993
   ],
   [
    0.3619821071624756,
    -0.7550755739212036,
    0.5466533303260803
   ],
   [
    -0.8289651274681091,
    0.007476732600480318,
    0.5592502951622009
   ]
  ]
 },
 {
  "rotation_euler": [
   0.39489951729774475,
   0.9798639416694641,
   3.084756851196289
  ],
  "euler_order": "XYZ",
  "rotation_matrix": [
   [
    -0.5562359094619751,
    -0.3713933527469635,
    -0.7434168457984924
   ],
   [
    0.03164820000529289,
    -0.9033969044685364,
    0.42763590812683105
   ],
   [
    -0.8304215669631958,
    0.21433864533901215,
    0.514255702495575
   ]
  ]
 },
 {
  "rotation_euler": [
   0.39491569995880127,
   0.9798506498336792,
   2.732254981994629
  ],
  "euler_order": "XYZ",
  "rotation_matrix": [
   [
    -0.511117696762085,
    -0.6604583263397217,
    -0.5500485897064209
   ],
   [
    0.2217453420162201,
    -0.7196167707443237,
    0.6580126881599426
   ],
   [
    -0.8304141759872437,
    0.21435120701789856,
    0.5142624378204346
   ]
  ]
 },
 {
  "rotation_euler": [
   0.3578580915927887,
   0.9524989128112793,
   1.5703455209732056
  ],
  "euler_order": "XYZ",
  "rotation_matrix": [
   [
    0.0002613089745864272,
    -0.9365204572677612,
    0.3506128489971161
   ],
   [
    0.5796485543251038,
    0.2858445644378662,
    0.7630861401557922
   ],
   [
    -0.8148665428161621,
    0.20303283631801605,
    0.5429274439811707
   ]
  ]
 },
 {
  "rotation_euler": [
   0.3948964774608612,
   0.9798608422279358,
   1.9742690324783325
  ],
  "euler_order": "XYZ",
  "rotation_matrix": [
   [
    -0.2187405377626419,
    -0.9743492007255554,
    0.05287930369377136
   ],
   [
    0.5124016404151917,
    -0.06857720762491226,
    0.8560033440589905
   ],
   [
    -0.8304198384284973,
    0.21433806419372559,
    0.5142587423324585
   ]
  ]
 },
 {
  "rotation_euler": [
   0.3948837220668793,
   0.9798725843429565,
   -1.8262943029403687
  ],
  "euler_order": "XYZ",
  "rotation_matrix": [
   [
    -0.14080151915550232,
    0.8123394250869751,
    -0.5659325122833252
   ],
   [
    -0.539042592048645,
    -0.5423728227615356,
    -0.6444104313850403
   ],
   [
    -0.8304263949394226,
    0.21432776749134064,
    0.5142524838447571
   ]
  ]
 },
 {
  "rotation_euler": [
   0.3729710876941681,
   0.9817681312561035,
   -1.8800487518310547
  ],
  "euler_order": "XYZ",
  "rotation_matrix": [
   [
    -0.16908074915409088,
    0.7948612570762634,
    -0.5827583074569702
   ],
   [
    -0.5291985273361206,
    -0.5720278024673462,
    -0.6266841888427734
   ],
   [
    -0.8314809799194336,
    0.20243462920188904,
    0.5173583030700684
   ]
  ]
 },
 {
  "rotation_euler": [
   0.3795772194862366,
   0.9876136779785156,
   1.750057339668274
  ],
  "euler_order": "XYZ",
  "rotation_matrix": [
   [
    -0.09818819910287857,
    -0.9690839648246765,
    0.22635239362716675
   ],
   [
    0.5418590307235718,
    0.1387176364660263,
    0.8289428353309631
   ],
   [
    -0.8347142338752747,
    0.20404349267482758,
    0.5114864110946655
   ]
  ]
 },
 {
  "rotation_euler": [
   0.36889204382896423,
   0.9982761144638062,
   1.7099090814590454
  ],
  "euler_order": "XYZ",
  "rotation_matrix": [
   [
    -0.07512178272008896,
    -0.9657436013221741,
    0.24838678538799286
   ],
   [
    0.5365184545516968,
    0.17081904411315918,
    0.8264192342758179
   ],
   [
    -0.8405383229255676,
    0.1953461766242981,
    0.5053070187568665
   ]
  ]
 },
 {
  "rotation_euler": [
   0.2899686098098755,
   1.0364494323730469,
   -0.9786615371704102
  ],
  "euler_order": "XYZ",
  "rotation_matrix": [
   [
    0.2842457890510559,
    0.9324485063552856,
    0.22303396463394165
   ],
   [
    -0.42257487773895264,
    0.3306604325771332,
    -0.843856692314148
   ],
   [
    -0.8606014251708984,
    0.1456141620874405,
    0.48801812529563904
   ]
  ]
 },
 {
  "rotation_euler": [
   0.3957894444465637,
   0.9673123955726624,
   0.7623016238212585
  ],
  "euler_order": "XYZ",
  "rotation_matrix": [
   [
    0.4104539453983307,
    -0.4076145887374878,
    0.8157069683074951
   ],
   [
    0.3919186294078827,
    0.886553943157196,
    0.24580857157707214
   ],
   [
    -0.8233634233474731,
    0.21879766881465912,
    0.5236413478851318
   ]
  ]
 },
 {
  "rotation_euler": [
   0.38791730999946594,
   0.9827618598937988,
   -1.4322203397750854
  ],
  "euler_order": "XYZ",
  "rotation_matrix": [
   [
    0.0766260027885437,
    0.9602988362312317,
    -0.26824361085891724
   ],
   [
    -0.5494089126586914,
    -0.18383921682834625,
    -0.8150784969329834
   ],
   [
    -0.8320326209068298,
    0.20983164012432098,
    0.5135098695755005
   ]
  ]
 }
]