[
 {
  "rotation_euler": [
   -1.4481980800628662,
   0.015769630670547485,
   -0.1397661566734314
  ],
  "euler_order": "XYZ",
  "rotation_matrix": [
   [
    0.9901254773139954,
    0.001538596348837018,
    0.14017552137374878
   ],
   [
    -0.13929423689842224,
    0.1232791617512703,
    0.982547402381897
   ],
   [
    -0.015768976882100105,
    -0.9923708438873291,
    0.12227615714073181
   ]
  ]
 },
 {
  "rotation_euler": [
   1.4035122394561768,
   0.00927888322621584,
   -0.09606579691171646
  ],
  "euler_order": "XYZ",
  "rotation_matrix": [
   [
    0.9953463673591614,
    0.025077881291508675,
    -0.0930413156747818
   ],
   [
    -0.09591397643089294,
    0.16485966742038727,
    -0.9816424250602722
   ],
   [
    -0.00927875004708767,
    0.9859981536865234,
    0.16649779677391052
   ]
  ]
 },
 {
  "rotation_euler": [
   -1.5237433910369873,
   0.23416320979595184,
   -2.529601573944092
  ],
  "euler_order": "XYZ",
  "rotation_matrix": [
   [
    -0.79616779088974,
    0.2167288362979889,
    0.5649296045303345
   ],
   [
    -0.558819591999054,
    0.0946539118885994,
    -0.8238697052001953
   ],
   [
    -0.23202911019325256,
    -0.9716322422027588,
    0.04575192183256149
   ]
  ]
 },
 {
  "rotation_euler": [
   0.012194418348371983,
   -0.006889727432280779,
   0.7478204965591431
  ],
  "euler_order": "XYZ",
  "rotation_matrix": [
   [
    0.733155369758606,
    -0.6800534725189209,
    0.0032415713649243116
   ],
   [
    0.6800262928009033,
    0.7330611348152161,
    -0.013625315390527248
   ],
   [
    0.006889672949910164,
    0.012193826958537102,
    0.9999018907546997
   ]
  ]
 },
 {
  "rotation_euler": [
   -1.4390480518341064,
   -0.011164204217493534,
   -2.9296278953552246
  ],
  "euler_order": "XYZ",
  "rotation_matrix": [
   [
    -0.9775585532188416,
    0.016817698255181313,
    0.20999163389205933
   ],
   [
    -0.21036797761917114,
    -0.1307557225227356,
    -0.968838632106781
   ],
   [
    0.011163972318172455,
    -0.99127197265625,
    0.1313592791557312
   ]
  ]
 },
 {
  "rotation_euler": [
   0.012140614911913872,
   -0.0069143506698310375,
   0.5599846839904785
  ],
  "euler_order": "XYZ",
  "rotation_matrix": [
   [
    0.8472430109977722,
    -0.5312051773071289,
    0.0005908143357373774
   ],
   [
    0.5311605334281921,
    0.8471562266349792,
    -0.01395846251398325
   ],
   [
    0.006914295721799135,
    0.012140026316046715,
    0.9999024271965027
   ]
  ]
 },
 {
  "rotation_euler": [
   1.403508186340332,
   0.009254439733922482,
   1.4691495895385742
  ],
  "euler_order": "XYZ",
  "rotation_matrix": [
   [
    0.10146744549274445,
    -0.16472357511520386,
    0.9811067581176758
   ],
   [
    0.9947957992553711,
    0.025973979383707047,
    -0.09852226823568344
   ],
   [
    -0.009254307486116886,
    0.98599773645401,
    0.16650183498859406
   ]
  ]
 },
 {
  "rotation_euler": [
   1.40351402759552,
   0.009277304634451866,
   -1.538267970085144
  ],
  "euler_order": "XYZ",
  "rotation_matrix": [
   [
    0.03252122178673744,
    0.16671262681484222,
    -0.9854690432548523
   ],
   [
    -0.9994279742240906,
    -0.0037277110386639833,
    -0.03361249715089798
   ],
   [
    -0.009277171455323696,
    0.9859984517097473,
    0.16649603843688965
   ]
  ]
 },
 {
  "rotation_euler": [
   1.4035134315490723,
   0.009277193807065487,
   2.620659351348877
  ],
  "euler_order": "XYZ",
  "rotation_matrix": [
   [
    -0.8673177361488342,
    -0.0908014327287674,
    0.48940274119377136
   ],
   [
    0.49766844511032104,
    -0.13986526429653168,
    0.8560162782669067
   ],
   [
    -0.009277060627937317,
    0.9859983921051025,
    0.1664966195821762
   ]
  ]
 },
 {
  "rotation_euler": [
   -1.5528490543365479,
   0.31298890709877014,
   2.194794178009033
  ],
  "euler_order": "XYZ",
  "rotation_matrix": [
   [
    -0.5558983087539673,
    0.16531001031398773,
    -0.8146469593048096
   ],
   [
    0.7721220254898071,
    -0.26032447814941406,
    -0.5797057747840881
   ],
   [
    -0.3079037070274353,
    -0.9512643218040466,
    0.017074432224035263
   ]
  ]
 },
 {
  "rotation_euler": [
   0.012142387218773365,
   -0.006914836820214987,
   0.059848152101039886
  ],
  "euler_order": "XYZ",
  "rotation_matrix": [
   [
    0.9981857538223267,
    -0.05989183112978935,
    -0.006175645161420107
   ],
   [
    0.059810999780893326,
    0.9981310367584229,
    -0.012533909641206264
   ],
   [
    0.0069147818721830845,
    0.012141798622906208,
    0.9999023675918579
   ]
  ]
 },
 {
  "rotation_euler": [
   -1.5515828132629395,
   0.3099665641784668,
   0.4917232096195221
  ],
  "euler_order": "XYZ",
  "rotation_matrix": [
   [
    0.8395106196403503,
    -0.2779087722301483,
    -0.4668925404548645
   ],
   [
    0.44964495301246643,
    -0.12705442309379578,
    0.884124755859375
   ],
   [
    -0.3050267994403839,
    -0.9521679878234863,
    0.0182967446744442
   ]
  ]
 },
 {
  "rotation_euler": [
   1.4035089015960693,
   0.009266125038266182,
   -0.07705724984407425
  ],
  "euler_order": "XYZ",
  "rotation_matrix": [
   [
    0.9969897270202637,
    0.021927502006292343,
    -0.07436807453632355
   ],
   [
    -0.07697770744562149,
    0.165310800075531,
    -0.9832327961921692
   ],
   [
    -0.009265992790460587,
    0.98599773645401,
    0.16650110483169556
   ]
  ]
 },
 {
  "rotation_euler": [
   1.40351402759552,
   0.009277492761611938,
   0.9769330024719238
  ],
  "euler_order": "XYZ",
  "rotation_matrix": [
   [
    0.5595429539680481,
    -0.13287653028964996,
    0.8180803656578064
   ],
   [
    0.828749418258667,
    0.10075131058692932,
    -0.5504757761955261
   ],
   [
    -0.009277359582483768,
    0.9859984517097473,
    0.16649603843688965
   ]
  ]
 },
 {
  "rotation_euler": [
   1.4035089015960693,
   0.00926437322050333,
   -2.7948784828186035
  ],
  "euler_order": "XYZ",
  "rotation_matrix": [
   [
    -0.9404540061950684,
    0.047989729791879654,
    -0.336516410112381
   ],
   [
    -0.33979475498199463,
    -0.15970420837402344,
    0.9268409013748169
   ],
   [
    -0.009264240972697735,
    0.98599773645401,
    0.16650110483169556
   ]
  ]
 },
 {
  "rotation_euler": [
   1.403511881828308,
   0.009279566816985607,
   2.8138530254364014
  ],
  "euler_order": "XYZ",
  "rotation_matrix": [
   [
    -0.9467316269874573,
    -0.062261566519737244,
    0.31594735383987427
   ],
   [
    0.3218899369239807,
    -0.1546972543001175,
    0.934053361415863
   ],
   [
    -0.009279433637857437,
    0.9859980940818787,
    0.16649815440177917
   ]
  ]
 }
]