[
 {
  "rotation_euler": [
   -0.00010203133570030332,
   -3.200264870883984e-07,
   -1.1899161338806152
  ],
  "euler_order": "XYZ",
  "rotation_matrix": [
   [
    0.3717377185821533,
    0.928337812423706,
    9.460058208787814e-05
   ],
   [
    -0.928337812423706,
    0.3717377185821533,
    3.822598955594003e-05
   ],
   [
    3.200264870883984e-07,
    -0.00010203133570030332,
    1.0
   ]
  ]
 },
 {
  "rotation_euler": [
   0.011997726745903492,
   0.0036791975144296885,
   1.4602652788162231
  ],
  "euler_order": "XYZ",
  "rotation_matrix": [
   [
    0.11030537635087967,
    -0.9938212633132935,
    0.012330034747719765
   ],
   [
    0.9938909411430359,
    0.11034205555915833,
    0.0023330834228545427
   ],
   [
    -0.003679189132526517,
    0.011997357942163944,
    0.9999212622642517
   ]
  ]
 },
 {
  "rotation_euler": [
   -9.399857663083822e-05,
   -6.295161614211509e-10,
   1.4136723279953003
  ],
  "euler_order": "XYZ",
  "rotation_matrix": [
   [
    0.15647828578948975,
    -0.9876813888549805,
    -9.284074621973559e-05
   ],
   [
    0.9876813888549805,
    0.15647828578948975,
    1.470811457693344e-05
   ],
   [
    6.295161614211509e-10,
    -9.399857663083822e-05,
    1.0
   ]
  ]
 },
 {
  "rotation_euler": [
   -9.400220733368769e-05,
   5.179976891867e-09,
   -2.5904805660247803
  ],
  "euler_order": "XYZ",
  "rotation_matrix": [
   [
    -0.8519427180290222,
    0.5236349701881409,
    4.92184299218934e-05
   ],
   [
    -0.5236349701881409,
    -0.8519427180290222,
    -8.008720760699362e-05
   ],
   [
    -5.179976891867e-09,
    -9.400220733368769e-05,
    1.0
   ]
  ]
 },
 {
  "rotation_euler": [
   -9.40747995628044e-05,
   7.511816590977105e-08,
   2.638604164123535
  ],
  "euler_order": "XYZ",
  "rotation_matrix": [
   [
    -0.8761458992958069,
    -0.4820460379123688,
    -4.5414199121296406e-05
   ],
   [
    0.4820460379123688,
    -0.8761458992958069,
    -8.23870359454304e-05
   ],
   [
    -7.511816590977105e-08,
    -9.40747995628044e-05,
    1.0
   ]
  ]
 },
 {
  "rotation_euler": [
   -8.83197135408409e-05,
   -7.78991943661822e-06,
   0.6850060224533081
  ],
  "euler_order": "XYZ",
  "rotation_matrix": [
   [
    0.7744152545928955,
    -0.6326776742935181,
    -6.191054126247764e-05
   ],
   [
    0.6326776742935181,
    0.7744152545928955,
    6.346762529574335e-05
   ],
   [
    7.78991943661822e-06,
    -8.83197135408409e-05,
    1.0
   ]
  ]
 },
 {
  "rotation_euler": [
   -9.398972906637937e-05,
   -7.93865595483112e-09,
   -1.1018259525299072
  ],
  "euler_order": "XYZ",
  "rotation_matrix": [
   [
    0.45196807384490967,
    0.892034113407135,
    8.383845852222294e-05
   ],
   [
    -0.892034113407135,
    0.45196807384490967,
    4.248743789503351e-05
   ],
   [
    7.93865595483112e-09,
    -9.398972906637937e-05,
    1.0
   ]
  ]
 },
 {
  "rotation_euler": [
   -9.23881380003877e-05,
   -1.2452185274014482e-06,
   -1.9440339803695679
  ],
  "euler_order": "XYZ",
  "rotation_matrix": [
   [
    -0.3646320700645447,
    0.9311516880989075,
    8.6481413745787e-05
   ],
   [
    -0.9311516880989075,
    -0.3646320700645447,
    -3.25281907862518e-05
   ],
   [
    1.2452185274014482e-06,
    -9.23881380003877e-05,
    1.0
   ]
  ]
 },
 {
  "rotation_euler": [
   -9.477404091740027e-05,
   7.328351614432904e-08,
   0.3651317358016968
  ],
  "euler_order": "XYZ",
  "rotation_matrix": [
   [
    0.934076726436615,
    -0.3570723533630371,
    -3.377273606020026e-05
   ],
   [
    0.3570723533630371,
    0.934076726436615,
    8.855239138938487e-05
   ],
   [
    -7.328351614432904e-08,
    -9.477404091740027e-05,
    1.0
   ]
  ]
 },
 {
  "rotation_euler": [
   -9.399170085089281e-05,
   4.10435641029494e-09,
   -0.2558576166629791
  ],
  "euler_order": "XYZ",
  "rotation_matrix": [
   [
    0.9674466252326965,
    0.2530752122402191,
    2.379093893978279e-05
   ],
   [
    -0.2530752122402191,
    0.9674466252326965,
    9.093091648537666e-05
   ],
   [
    -4.10435641029494e-09,
    -9.399170085089281e-05,
    1.0
   ]
  ]
 },
 {
  "rotation_euler": [
   -9.400981070939451e-05,
   -3.151424010638948e-08,
   -2.1110894680023193
  ],
  "euler_order": "XYZ",
  "rotation_matrix": [
   [
    -0.5143874287605286,
    0.8575579524040222,
    8.06350726634264e-05
   ],
   [
    -0.8575579524040222,
    -0.5143873691558838,
    -4.833043567487039e-05
   ],
   [
    3.151424010638948e-08,
    -9.400981070939451e-05,
    1.0
   ]
  ]
 },
 {
  "rotation_euler": [
   -9.443396265851334e-05,
   5.637747690911965e-08,
   -1.5782651901245117
  ],
  "euler_order": "XYZ",
  "rotation_matrix": [
   [
    -0.007468794006854296,
    0.9999721050262451,
    9.443090675631538e-05
   ],
   [
    -0.9999721050262451,
    -0.007468794006854296,
    -7.616836796842108e-07
   ],
   [
    -5.637747690911965e-08,
    -9.443396265851334e-05,
    1.0
   ]
  ]
 },
 {
  "rotation_euler": [
   -9.350116306450218e-05,
   2.6191510187345557e-06,
   2.523002862930298
  ],
  "euler_order": "XYZ",
  "rotation_matrix": [
   [
    -0.8146970272064209,
    -0.5798868536949158,
    -5.635391062241979e-05
   ],
   [
    0.5798868536949158,
    -0.8146970272064209,
    -7.465630915248767e-05
   ],
   [
    -2.6191510187345557e-06,
    -9.350116306450218e-05,
    1.0
   ]
  ]
 },
 {
  "rotation_euler": [
   -9.398402471560985e-05,
   -8.53374526599282e-09,
   -2.1465210914611816
  ],
  "euler_order": "XYZ",
  "rotation_matrix": [
   [
    -0.544442892074585,
    0.838797926902771,
    7.883825310273096e-05
   ],
   [
    -0.838797926902771,
    -0.544442892074585,
    -5.116177271702327e-05
   ],
   [
    8.53374526599282e-09,
    -9.398402471560985e-05,
    1.0
   ]
  ]
 },
 {
  "rotation_euler": [
   -9.367887832922861e-05,
   9.56583221523033e-07,
   -0.10706842690706253
  ],
  "euler_order": "XYZ",
  "rotation_matrix": [
   [
    0.9942736625671387,
    0.10686397552490234,
    1.0962003216263838e-05
   ],
   [
    -0.10686397552490234,
    0.9942736625671387,
    9.304021659772843e-05
   ],
   [
    -9.56583221523033e-07,
    -9.367887832922861e-05,
    1.0
   ]
  ]
 },
 {
  "rotation_euler": [
   -9.390589548274875e-05,
   -5.229872499512567e-07,
   -1.074237585067749
  ],
  "euler_order": "XYZ",
  "rotation_matrix": [
   [
    0.47640272974967957,
    0.8792271614074707,
    8.231546235037968e-05
   ],
   [
    -0.8792271614074707,
    0.47640272974967957,
    4.519684807746671e-05
   ],
   [
    5.229872499512567e-07,
    -9.390589548274875e-05,
    1.0
   ]
  ]
 }
]