[
 {
  "rotation_euler": [
   0.6824812889099121,
   -0.7442818284034729,
   -1.1181564331054688
  ],
  "euler_order": "XYZ",
  "rotation_matrix": [
   [
    0.3216969966888428,
    0.5109965205192566,
    -0.7971158027648926
   ],
   [
    -0.6614990830421448,
    0.7236300706863403,
    0.19692261517047882
   ],
   [
    0.6774437427520752,
    0.4639419615268707,
    0.5708133578300476
   ]
  ]
 },
 {
  "rotation_euler": [
   0.9528306126594543,
   -0.09591004252433777,
   2.034008502960205
  ],
  "euler_order": "XYZ",
  "rotation_matrix": [
   [
    -0.44477054476737976,
    -0.48344871401786804,
    0.7539605498313904
   ],
   [
    0.8905103206634521,
    -0.32870766520500183,
    0.31455156207084656
   ],
   [
    0.09576306492090225,
    0.8113128542900085,
    0.5767155885696411
   ]
  ]
 },
 {
  "rotation_euler": [
   -0.7449295520782471,
   -0.6555355787277222,
   2.570469856262207
  ],
  "euler_order": "XYZ",
  "rotation_matrix": [
   [
    -0.666912317276001,
    -0.7450616359710693,
    0.010538716800510883
   ],
   [
    0.42852702736854553,
    -0.3950726389884949,
    -0.812577486038208
   ],
   [
    0.6095839142799377,
    -0.5374017953872681,
    0.5827578902244568
   ]
  ]
 },
 {
  "rotation_euler": [
   -0.46535494923591614,
   0.8585183024406433,
   3.0029385089874268
  ],
  "euler_order": "XYZ",
  "rotation_matrix": [
   [
    -0.6472873687744141,
    0.21286721527576447,
    -0.7319198250770569
   ],
   [
    0.09032867848873138,
    -0.9320275187492371,
    -0.3509492576122284
   ],
   [
    -0.7568750381469727,
    -0.29327836632728577,
    0.5840616226196289
   ]
  ]
 },
 {
  "rotation_euler": [
   0.6824808120727539,
   -0.7442831993103027,
   -0.7756040096282959
  ],
  "euler_order": "XYZ",
  "rotation_matrix": [
   [
    0.5251983404159546,
    0.23824596405029297,
    -0.8169489502906799
   ],
   [
    -0.5150100588798523,
    0.8532276749610901,
    -0.08226262778043747
   ],
   [
    0.6774446964263916,
    0.4639410972595215,
    0.5708128213882446
   ]
  ]
 },
 {
  "rotation_euler": [
   0.5721913576126099,
   0.8346644043922424,
   -1.0714573860168457
  ],
  "euler_order": "XYZ",
  "rotation_matrix": [
   [
    0.32150939106941223,
    0.93021160364151,
    -0.17702575027942657
   ],
   [
    -0.5894447565078735,
    0.05029667541384697,
    -0.8062413334846497
   ],
   [
    -0.7410712242126465,
    0.36356106400489807,
    0.5644792318344116
   ]
  ]
 },
 {
  "rotation_euler": [
   0.5773418545722961,
   0.8292675018310547,
   1.739393949508667
  ],
  "euler_order": "XYZ",
  "rotation_matrix": [
   [
    -0.11333483457565308,
    -0.8935738205909729,
    0.4343743324279785
   ],
   [
    0.665839433670044,
    0.2561826705932617,
    0.7007341384887695
   ],
   [
    -0.737436830997467,
    0.3686411380767822,
    0.5659422278404236
   ]
  ]
 },
 {
  "rotation_euler": [
   0.6824792623519897,
   -0.7442840337753296,
   -2.908057451248169
  ],
  "euler_order": "XYZ",
  "rotation_matrix": [
   [
    -0.7156054973602295,
    0.5952619910240173,
    0.3654748499393463
   ],
   [
    -0.17022500932216644,
    -0.6560662388801575,
    0.7352554202079773
   ],
   [
    0.6774453520774841,
    0.4639398753643036,
    0.5708131194114685
   ]
  ]
 },
 {
  "rotation_euler": [
   -0.2967439293861389,
   0.8912224769592285,
   -2.7296054363250732
  ],
  "euler_order": "XYZ",
  "rotation_matrix": [
   [
    -0.5758762955665588,
    0.5913453102111816,
    -0.5645150542259216
   ],
   [
    -0.25165554881095886,
    -0.785200834274292,
    -0.5657995939254761
   ],
   [
    -0.7778406143188477,
    -0.1837671995162964,
    0.6009938716888428
   ]
  ]
 },
 {
  "rotation_euler": [
   0.6824783682823181,
   -0.7442848682403564,
   -0.8471879363059998
  ],
  "euler_order": "XYZ",
  "rotation_matrix": [
   [
    0.48701757192611694,
    0.29866254329681396,
    -0.820740282535553
   ],
   [
    -0.5512539148330688,
    0.8340031504631042,
    -0.02361871488392353
   ],
   [
    0.6774459481239319,
    0.46393901109695435,
    0.5708131194114685
   ]
  ]
 },
 {
  "rotation_euler": [
   -0.5528259873390198,
   0.8348373770713806,
   2.614035129547119
  ],
  "euler_order": "XYZ",
  "rotation_matrix": [
   [
    -0.5800279974937439,
    -0.09215807914733887,
    -0.8093666434288025
   ],
   [
    0.33794793486595154,
    -0.9312648773193359,
    -0.136150524020195
   ],
   [
    -0.741187334060669,
    -0.3524949252605438,
    0.5713043212890625
   ]
  ]
 },
 {
  "rotation_euler": [
   -0.554897129535675,
   0.8342035412788391,
   0.07712829113006592
  ],
  "euler_order": "XYZ",
  "rotation_matrix": [
   [
    0.6697707772254944,
    -0.45460498332977295,
    0.5871468782424927
   ],
   [
    0.0517609529197216,
    0.8173564076423645,
    0.5738024711608887
   ],
   [
    -0.7407616972923279,
    -0.35392484068870544,
    0.570972204208374
   ]
  ]
 },
 {
  "rotation_euler": [
   -0.5223921537399292,
   0.8442299962043762,
   -1.4215627908706665
  ],
  "euler_order": "XYZ",
  "rotation_matrix": [
   [
    0.09876932203769684,
    0.8015457391738892,
    0.5897194743156433
   ],
   [
    -0.6569234728813171,
    0.4976538419723511,
    -0.5663852095603943
   ],
   [
    -0.7474598288536072,
    -0.331459105014801,
    0.5757071375846863
   ]
  ]
 },
 {
  "rotation_euler": [
   -0.6074910759925842,
   0.7849141359329224,
   -1.6921852827072144
  ],
  "euler_order": "XYZ",
  "rotation_matrix": [
   [
    -0.0856657400727272,
    0.8638921976089478,
    0.49633827805519104
   ],
   [
    -0.7022431492805481,
    0.30103322863578796,
    -0.6451616883277893
   ],
   [
    -0.7067644596099854,
    -0.40381839871406555,
    0.5808740854263306
   ]
  ]
 },
 {
  "rotation_euler": [
   0.6878256797790527,
   -0.7355393767356873,
   -0.8758825659751892
  ],
  "euler_order": "XYZ",
  "rotation_matrix": [
   [
    0.4747768044471741,
    0.3206981420516968,
    -0.8195973038673401
   ],
   [
    -0.5695289373397827,
    0.8219293355941772,
    -0.008306419476866722
   ],
   [
    0.6709871888160706,
    0.4707280397415161,
    0.5728798508644104
   ]
  ]
 },
 {
  "rotation_euler": [
   0.963809609413147,
   -0.06312252581119537,
   -2.3179383277893066
  ],
  "euler_order": "XYZ",
  "rotation_matrix": [
   [
    -0.6781914830207825,
    0.4536701440811157,
    -0.5781347155570984
   ],
   [
    -0.7321729063987732,
    -0.3495975434780121,
    0.5845548510551453
   ],
   [
    0.06308061629533768,
    0.8197346925735474,
    0.5692590475082397
   ]
  ]
 }
]