[
 {
  "rotation_euler": [
   -1.394612193107605,
   -0.04565079137682915,
   -0.8299590349197388
  ],
  "euler_order": "XYZ",
  "rotation_matrix": [
   [
    0.6742028594017029,
    0.15965789556503296,
    0.7210824489593506
   ],
   [
    -0.7371349930763245,
    0.08514061570167542,
    0.6703604459762573
   ],
   [
    0.04563493654131889,
    -0.983493983745575,
    0.1750914603471756
   ]
  ]
 },
 {
  "rotation_euler": [
   -1.309783697128296,
   -0.05560901015996933,
   2.0680203437805176
  ],
  "euler_order": "XYZ",
  "rotation_matrix": [
   [
    -0.47625023126602173,
    -0.25242385268211365,
    -0.8422991633415222
   ],
   [
    0.8775514364242554,
    -0.07589539885520935,
    -0.4734377861022949
   ],
   [
    0.05558035522699356,
    -0.9646357297897339,
    0.2576601207256317
   ]
  ]
 },
 {
  "rotation_euler": [
   -1.306810736656189,
   0.09759357571601868,
   1.5705103874206543
  ],
  "euler_order": "XYZ",
  "rotation_matrix": [
   [
    0.00028457873850129545,
    -0.2609570324420929,
    -0.9653503894805908
   ],
   [
    0.9952414631843567,
    -0.09398861229419708,
    0.025700733065605164
   ],
   [
    -0.09743873029947281,
    -0.9607640504837036,
    0.25968849658966064
   ]
  ]
 },
 {
  "rotation_euler": [
   -1.7326422929763794,
   -0.022664718329906464,
   1.5068910121917725
  ],
  "euler_order": "XYZ",
  "rotation_matrix": [
   [
    0.0638454258441925,
    0.16223976016044617,
    -0.9846836924552917
   ],
   [
    0.997702419757843,
    0.012030238285660744,
    0.06667168438434601
   ],
   [
    0.022662777453660965,
    -0.9866780042648315,
    -0.16109894216060638
   ]
  ]
 },
 {
  "rotation_euler": [
   -1.3377100229263306,
   -0.2856348156929016,
   2.7224714756011963
  ],
  "euler_order": "XYZ",
  "rotation_matrix": [
   [
    -0.8764367699623108,
    -0.34441855549812317,
    -0.33650320768356323
   ],
   [
    0.39046913385391235,
    -0.09942299127578735,
    -0.9152316451072693
   ],
   [
    0.2817665934562683,
    -0.9335367679595947,
    0.2216227799654007
   ]
  ]
 },
 {
  "rotation_euler": [
   -1.3089003562927246,
   -0.01306924782693386,
   -0.05741984397172928
  ],
  "euler_order": "XYZ",
  "rotation_matrix": [
   [
    0.9982666969299316,
    0.027460971847176552,
    0.052053287625312805
   ],
   [
    -0.05738339573144913,
    0.2577612102031708,
    0.9645031690597534
   ],
   [
    0.01306887622922659,
    -0.9658183455467224,
    0.25889021158218384
   ]
  ]
 },
 {
  "rotation_euler": [
   0.0006424144376069307,
   -0.00018709654978010803,
   -2.066596508026123
  ],
  "euler_order": "XYZ",
  "rotation_matrix": [
   [
    -0.4757356345653534,
    0.8795881867408752,
    -0.00047605170402675867
   ],
   [
    -0.8795883059501648,
    -0.4757354259490967,
    0.0004701873112935573
   ],
   [
    0.00018709654978010803,
    0.0006424143793992698,
    0.9999997615814209
   ]
  ]
 },
 {
  "rotation_euler": [
   1.3944908380508423,
   0.31990155577659607,
   1.8971989154815674
  ],
  "euler_order": "XYZ",
  "rotation_matrix": [
   [
    -0.3043705224990845,
    -0.2654019594192505,
    0.9148335456848145
   ],
   [
    0.8991469740867615,
    0.23701432347297668,
    0.3679116368293762
   ],
   [
    -0.31447312235832214,
    0.9345512390136719,
    0.1664951890707016
   ]
  ]
 },
 {
  "rotation_euler": [
   -1.3103513717651367,
   0.11451125144958496,
   -1.2340062856674194
  ],
  "euler_order": "XYZ",
  "rotation_matrix": [
   [
    0.32829490303993225,
    0.20655840635299683,
    0.921713650226593
   ],
   [
    -0.9376389980316162,
    0.18930178880691528,
    0.2915441393852234
   ],
   [
    -0.11426115781068802,
    -0.9599471092224121,
    0.2558240294456482
   ]
  ]
 },
 {
  "rotation_euler": [
   -1.2945711612701416,
   0.04899678751826286,
   0.3070676326751709
  ],
  "euler_order": "XYZ",
  "rotation_matrix": [
   [
    0.9520800709724426,
    -0.12735185027122498,
    -0.27807387709617615
   ],
   [
    0.30190199613571167,
    0.24572595953941345,
    0.9211264252662659
   ],
   [
    -0.04897718504071236,
    -0.9609372019767761,
    0.27239856123924255
   ]
  ]
 },
 {
  "rotation_euler": [
   -1.3154804706573486,
   0.14838621020317078,
   1.7273494005203247
  ],
  "euler_order": "XYZ",
  "rotation_matrix": [
   [
    -0.15420101583003998,
    -0.22715897858142853,
    -0.9615720510482788
   ],
   [
    0.9769158959388733,
    -0.18067666888237,
    -0.11397907882928848
   ],
   [
    -0.14784227311611176,
    -0.9569507241249084,
    0.2497757375240326
   ]
  ]
 },
 {
  "rotation_euler": [
   -1.3204224109649658,
   0.17878258228302002,
   -2.64461350440979
  ],
  "euler_order": "XYZ",
  "rotation_matrix": [
   [
    -0.8650159239768982,
    0.2695728540420532,
    0.42317596077919006
   ],
   [
    -0.46917298436164856,
    -0.13565155863761902,
    -0.8726255297660828
   ],
   [
    -0.17783169448375702,
    -0.9533777236938477,
    0.2438170611858368
   ]
  ]
 },
 {
  "rotation_euler": [
   1.352224588394165,
   0.05511980131268501,
   -2.087493419647217
  ],
  "euler_order": "XYZ",
  "rotation_matrix": [
   [
    -0.49326086044311523,
    0.1619604080915451,
    -0.8546710014343262
   ],
   [
    -0.8681351542472839,
    -0.15387950837612152,
    0.4718712568283081
   ],
   [
    -0.055091895163059235,
    0.9747255444526672,
    0.2165062576532364
   ]
  ]
 },
 {
  "rotation_euler": [
   -1.3152599334716797,
   0.14610593020915985,
   2.5113301277160645
  ],
  "euler_order": "XYZ",
  "rotation_matrix": [
   [
    -0.7992653250694275,
    -0.03517216444015503,
    -0.5999482274055481
   ],
   [
    0.5830775499343872,
    -0.2872178256511688,
    -0.759951651096344
   ],
   [
    -0.14558666944503784,
    -0.9572193026542664,
    0.25007134675979614
   ]
  ]
 },
 {
  "rotation_euler": [
   -1.0526039600372314,
   -0.00022503647778648883,
   -1.9432823657989502
  ],
  "euler_order": "XYZ",
  "rotation_matrix": [
   [
    -0.3639321029186249,
    0.46127378940582275,
    0.809184730052948
   ],
   [
    -0.9314254522323608,
    -0.18044152855873108,
    -0.31604981422424316
   ],
   [
    0.00022503647778648883,
    -0.8687159419059753,
    0.49531060457229614
   ]
  ]
 },
 {
  "rotation_euler": [
   1.4749664068222046,
   0.7432919144630432,
   -2.1462016105651855
  ],
  "euler_order": "XYZ",
  "rotation_matrix": [
   [
    -0.4006459414958954,
    -0.28628620505332947,
    -0.8703579902648926
   ],
   [
    -0.6176887154579163,
    -0.6172085404396057,
    0.4873543679714203
   ],
   [
    -0.6767152547836304,
    0.7328668236732483,
    0.07044634968042374
   ]
  ]
 }
]