[
 {
  "rotation_euler": [
   1.5963131189346313,
   -5.760682597610867e-07,
   -1.9208269119262695
  ],
  "euler_order": "XYZ",
  "rotation_matrix": [
   [
    -0.3429265320301056,
    -0.02396671287715435,
    -0.9390564560890198
   ],
   [
    -0.9393622279167175,
    0.008749976754188538,
    0.3428148925304413
   ],
   [
    5.760682597610867e-07,
    0.9996744394302368,
    -0.0255140233784914
   ]
  ]
 },
 {
  "rotation_euler": [
   -1.5965923070907593,
   -2.8011751851408917e-07,
   1.8560326099395752
  ],
  "euler_order": "XYZ",
  "rotation_matrix": [
   [
    -0.2813841998577118,
    0.024750875309109688,
    -0.9592759609222412
   ],
   [
    0.9595952033996582,
    0.007258045021444559,
    -0.28129056096076965
   ],
   [
    2.8011751851408917e-07,
    -0.9996672868728638,
    -0.02579312026500702
   ]
  ]
 },
 {
  "rotation_euler": [
   -1.5965921878814697,
   -3.584964858305284e-08,
   -1.5089759826660156
  ],
  "euler_order": "XYZ",
  "rotation_matrix": [
   [
    0.06178097426891327,
    -0.025743726640939713,
    0.9977576732635498
   ],
   [
    -0.9980897307395935,
    -0.0015935524133965373,
    0.061760418117046356
   ],
   [
    3.584964858305284e-08,
    -0.9996672868728638,
    -0.025793001055717468
   ]
  ]
 },
 {
  "rotation_euler": [
   0.0016930074198171496,
   -0.013269112445414066,
   -2.8657522201538086
  ],
  "euler_order": "XYZ",
  "rotation_matrix": [
   [
    -0.9621119499206543,
    0.2723769247531891,
    0.012306002900004387
   ],
   [
    -0.27233171463012695,
    -0.9621891379356384,
    0.005242812447249889
   ],
   [
    0.013268723152577877,
    0.0016928575932979584,
    0.9999105334281921
   ]
  ]
 },
 {
  "rotation_euler": [
   -1.5940531492233276,
   0.002484931843355298,
   -0.5885656476020813
  ],
  "euler_order": "XYZ",
  "rotation_matrix": [
   [
    0.8317352533340454,
    -0.014976544305682182,
    0.554970383644104
   ],
   [
    -0.5551669001579285,
    -0.017962653189897537,
    0.8315449953079224
   ],
   [
    -0.002484929282218218,
    -0.9997264742851257,
    -0.023254653438925743
   ]
  ]
 },
 {
  "rotation_euler": [
   -1.5965921878814697,
   -2.151322853194415e-08,
   -2.35135555267334
  ],
  "euler_order": "XYZ",
  "rotation_matrix": [
   [
    -0.7036768794059753,
    -0.01832646131515503,
    0.7102837562561035
   ],
   [
    -0.7105201482772827,
    0.01814992167055607,
    -0.7034427523612976
   ],
   [
    2.151322853194415e-08,
    -0.9996672868728638,
    -0.025793001055717468
   ]
  ]
 },
 {
  "rotation_euler": [
   1.5963131189346313,
   -1.4850917295916588e-07,
   2.4788427352905273
  ],
  "euler_order": "XYZ",
  "rotation_matrix": [
   [
    -0.7883031964302063,
    0.015698563307523727,
    0.6150866150856018
   ],
   [
    0.6152869462966919,
    0.020112695172429085,
    0.7880465984344482
   ],
   [
    1.4850917295916588e-07,
    0.9996744394302368,
    -0.0255140233784914
   ]
  ]
 },
 {
  "rotation_euler": [
   0.02186274528503418,
   -1.7463742551626638e-05,
   -2.09865403175354
  ],
  "euler_order": "XYZ",
  "rotation_matrix": [
   [
    -0.5036838054656982,
    0.8636818528175354,
    -0.018876666203141212
   ],
   [
    -0.8638880848884583,
    -0.5035631060600281,
    0.011026116088032722
   ],
   [
    1.7463742551626638e-05,
    0.02186100371181965,
    0.9997610449790955
   ]
  ]
 },
 {
  "rotation_euler": [
   -1.5965921878814697,
   2.5514033552553883e-08,
   2.429151773452759
  ],
  "euler_order": "XYZ",
  "rotation_matrix": [
   [
    -0.7567685842514038,
    0.016860462725162506,
    -0.6534654498100281
   ],
   [
    0.6536828875541687,
    0.019519316032528877,
    -0.7565168142318726
   ],
   [
    -2.5514033552553883e-08,
    -0.9996672868728638,
    -0.025793001055717468
   ]
  ]
 },
 {
  "rotation_euler": [
   1.5963128805160522,
   9.707814569992479e-07,
   0.6715142726898193
  ],
  "euler_order": "XYZ",
  "rotation_matrix": [
   [
    0.782880425453186,
    0.015874726697802544,
    0.6219696402549744
   ],
   [
    0.6221721768379211,
    -0.019973639398813248,
    -0.7826256155967712
   ],
   [
    -9.707814569992479e-07,
    0.9996744990348816,
    -0.0255137849599123
   ]
  ]
 },
 {
  "rotation_euler": [
   -1.5965920686721802,
   5.990193585603265e-07,
   -2.959268569946289
  ],
  "euler_order": "XYZ",
  "rotation_matrix": [
   [
    -0.983424961566925,
    -0.004676063545048237,
    0.1812553107738495
   ],
   [
    -0.181315615773201,
    0.025365471839904785,
    -0.9830977916717529
   ],
   [
    -5.990193585603265e-07,
    -0.9996672868728638,
    -0.025792881846427917
   ]
  ]
 },
 {
  "rotation_euler": [
   -1.5965921878814697,
   2.1340337497122164e-08,
   -1.1858274936676025
  ],
  "euler_order": "XYZ",
  "rotation_matrix": [
   [
    0.3755302429199219,
    -0.02390522137284279,
    0.9265018105506897
   ],
   [
    -0.9268101453781128,
    -0.009686032310128212,
    0.37540531158447266
   ],
   [
    -2.1340337497122164e-08,
    -0.9996672868728638,
    -0.025793001055717468
   ]
  ]
 },
 {
  "rotation_euler": [
   0.2932056486606598,
   -9.718063665786758e-05,
   2.701990842819214
  ],
  "euler_order": "XYZ",
  "rotation_matrix": [
   [
    -0.9049211740493774,
    -0.4073910117149353,
    0.12308616191148758
   ],
   [
    0.42557916045188904,
    -0.8663131594657898,
    0.26150304079055786
   ],
   [
    9.718063665786758e-05,
    0.2890225350856781,
    0.9573222994804382
   ]
  ]
 },
 {
  "rotation_euler": [
   0.08017931878566742,
   0.0037243138067424297,
   -0.8240917325019836
  ],
  "euler_order": "XYZ",
  "rotation_matrix": [
   [
    0.679219126701355,
    0.7317759394645691,
    -0.056261561810970306
   ],
   [
    -0.7339260578155518,
    0.67682284116745,
    -0.05712597444653511
   ],
   [
    -0.0037243051920086145,
    0.0800928846001625,
    0.9967804551124573
   ]
  ]
 },
 {
  "rotation_euler": [
   1.5963131189346313,
   2.398441267814633e-07,
   2.142728090286255
  ],
  "euler_order": "XYZ",
  "rotation_matrix": [
   [
    -0.541257381439209,
    0.02145351469516754,
    0.8405832648277283
   ],
   [
    0.8408569693565369,
    0.013809855096042156,
    0.5410811901092529
   ],
   [
    -2.398441267814633e-07,
    0.9996744394302368,
    -0.0255140233784914
   ]
  ]
 },
 {
  "rotation_euler": [
   1.5915831327438354,
   -0.024827904999256134,
   0.8812170624732971
  ],
  "euler_order": "XYZ",
  "rotation_matrix": [
   [
    0.6360165476799011,
    0.00024535998818464577,
    0.7716753482818604
   ],
   [
    0.7712759971618652,
    -0.032372839748859406,
    -0.6356770992279053
   ],
   [
    0.024825355038046837,
    0.9994758367538452,
    -0.020778903737664223
   ]
  ]
 }
]