[
 {
  "rotation_euler": [
   0.9542766213417053,
   -0.9314976334571838,
   -0.7722222208976746
  ],
  "euler_order": "XYZ",
  "rotation_matrix": [
   [
    0.4274049997329712,
    -0.0656246766448021,
    -0.901675283908844
   ],
   [
    -0.41628792881965637,
    0.8710504174232483,
    -0.26072126626968384
   ],
   [
    0.802514374256134,
    0.48679012060165405,
    0.34497255086898804
   ]
  ]
 },
 {
  "rotation_euler": [
   0.9835901856422424,
   -0.8831350207328796,
   2.354844331741333
  ],
  "euler_order": "XYZ",
  "rotation_matrix": [
   [
    -0.4482167363166809,
    0.06197052821516991,
    0.8917742967605591
   ],
   [
    0.4494286775588989,
    -0.8467252254486084,
    0.28472837805747986
   ],
   [
    0.7727325558662415,
    0.5284090042114258,
    0.35166507959365845
   ]
  ]
 },
 {
  "rotation_euler": [
   2.2848541736602783,
   -2.0040130615234375,
   -0.05444705858826637
  ],
  "euler_order": "XYZ",
  "rotation_matrix": [
   [
    -0.41917046904563904,
    -0.7205217480659485,
    0.5523988604545593
   ],
   [
    0.022845176979899406,
    -0.6166085600852966,
    -0.7869383692741394
   ],
   [
    0.9076200723648071,
    -0.3172416687011719,
    0.27492454648017883
   ]
  ]
 },
 {
  "rotation_euler": [
   0.8287888765335083,
   -1.0575662851333618,
   -0.41829967498779297
  ],
  "euler_order": "XYZ",
  "rotation_matrix": [
   [
    0.448660671710968,
    -0.31227853894233704,
    -0.8373683094978333
   ],
   [
    -0.1994452327489853,
    0.878349244594574,
    -0.43442395329475403
   ],
   [
    0.8711631298065186,
    0.36191806197166443,
    0.3317983150482178
   ]
  ]
 },
 {
  "rotation_euler": [
   -1.1461777687072754,
   -0.9029618501663208,
   0.9648027420043945
  ],
  "euler_order": "XYZ",
  "rotation_matrix": [
   [
    0.35273295640945435,
    0.06888304650783539,
    -0.9331851601600647
   ],
   [
    0.5090147852897644,
    0.8226966261863708,
    0.25312888622283936
   ],
   [
    0.7851645946502686,
    -0.5642919540405273,
    0.25512972474098206
   ]
  ]
 },
 {
  "rotation_euler": [
   1.1712305545806885,
   -0.2582136392593384,
   1.9911397695541382
  ],
  "euler_order": "XYZ",
  "rotation_matrix": [
   [
    -0.39454540610313416,
    -0.2591587007045746,
    0.8815728425979614
   ],
   [
    0.8826824426651001,
    -0.3735100030899048,
    0.28524014353752136
   ],
   [
    0.25535380840301514,
    0.8906890749931335,
    0.37612149119377136
   ]
  ]
 },
 {
  "rotation_euler": [
   1.2010749578475952,
   0.458653062582016,
   1.5515908002853394
  ],
  "euler_order": "XYZ",
  "rotation_matrix": [
   [
    0.01721956953406334,
    -0.35336098074913025,
    0.9353285431861877
   ],
   [
    0.8964843153953552,
    0.4196873903274536,
    0.14205069839954376
   ],
   [
    -0.4427407681941986,
    0.8360612988471985,
    0.32400941848754883
   ]
  ]
 },
 {
  "rotation_euler": [
   -0.9737696647644043,
   -1.0823935270309448,
   -2.3883614540100098
  ],
  "euler_order": "XYZ",
  "rotation_matrix": [
   [
    -0.3422848880290985,
    -0.1482204794883728,
    0.927831768989563
   ],
   [
    -0.3209435045719147,
    -0.9096429944038391,
    -0.2637135982513428
   ],
   [
    0.8830834031105042,
    -0.3880467414855957,
    0.2637866735458374
   ]
  ]
 },
 {
  "rotation_euler": [
   -1.0744118690490723,
   -1.0040611028671265,
   -2.6184189319610596
  ],
  "euler_order": "XYZ",
  "rotation_matrix": [
   [
    -0.46506625413894653,
    -0.40465816855430603,
    0.7873786687850952
   ],
   [
    -0.26824262738227844,
    -0.7831908464431763,
    -0.5609437823295593
   ],
   [
    0.8436582684516907,
    -0.47208455204963684,
    0.2556890845298767
   ]
  ]
 },
 {
  "rotation_euler": [
   -1.0710201263427734,
   -1.0069983005523682,
   -2.0784387588500977
  ],
  "euler_order": "XYZ",
  "rotation_matrix": [
   [
    -0.25978177785873413,
    0.058167532086372375,
    0.9639138579368591
   ],
   [
    -0.46700865030288696,
    -0.8812605738639832,
    -0.07268240302801132
   ],
   [
    0.8452315330505371,
    -0.4690376818180084,
    0.2561001777648926
   ]
  ]
 },
 {
  "rotation_euler": [
   1.051928162574768,
   -0.7542481422424316,
   -0.5266106128692627
  ],
  "euler_order": "XYZ",
  "rotation_matrix": [
   [
    0.6300473213195801,
    -0.2648136615753174,
    -0.7300096154212952
   ],
   [
    -0.3662925362586975,
    0.7275688052177429,
    -0.5800632834434509
   ],
   [
    0.6847409009933472,
    0.6328644156455994,
    0.3614034950733185
   ]
  ]
 },
 {
  "rotation_euler": [
   0.7078631520271301,
   -1.1222385168075562,
   0.2767261266708374
  ],
  "euler_order": "XYZ",
  "rotation_matrix": [
   [
    0.41716763377189636,
    -0.7711689472198486,
    -0.48090502619743347
   ],
   [
    0.11848106235265732,
    0.5707789063453674,
    -0.8125107288360596
   ],
   [
    0.9010734558105469,
    0.28197503089904785,
    0.3294793963432312
   ]
  ]
 },
 {
  "rotation_euler": [
   1.19038987159729,
   -0.09512234479188919,
   -0.2116834968328476
  ],
  "euler_order": "XYZ",
  "rotation_matrix": [
   [
    0.9732587933540344,
    -0.008208807557821274,
    -0.22956474125385284
   ],
   [
    -0.20915628969669342,
    0.38153910636901855,
    -0.9003785848617554
   ],
   [
    0.09497895836830139,
    0.9243162274360657,
    0.36961936950683594
   ]
  ]
 },
 {
  "rotation_euler": [
   0.0007663082797080278,
   -1.25959312915802,
   1.0917474031448364
  ],
  "euler_order": "XYZ",
  "rotation_matrix": [
   [
    0.14114037156105042,
    -0.8877696990966797,
    -0.43811455368995667
   ],
   [
    0.2717359960079193,
    0.46028783917427063,
    -0.8451595306396484
   ],
   [
    0.9519658088684082,
    0.00023464683908969164,
    0.3062041699886322
   ]
  ]
 },
 {
  "rotation_euler": [
   0.6494454145431519,
   -1.1465787887573242,
   2.785832166671753
  ],
  "euler_order": "XYZ",
  "rotation_matrix": [
   [
    -0.3858337104320526,
    0.23923398554325104,
    0.8910103440284729
   ],
   [
    0.14336436986923218,
    -0.9385132193565369,
    0.31406936049461365
   ],
   [
    0.9113610982894897,
    0.24891768395900726,
    0.32781240344047546
   ]
  ]
 },
 {
  "rotation_euler": [
   -1.1669597625732422,
   -0.8650333881378174,
   -1.7707451581954956
  ],
  "euler_order": "XYZ",
  "rotation_matrix": [
   [
    -0.1288273185491562,
    0.24610820412635803,
    0.9606426358222961
   ],
   [
    -0.6356921792030334,
    -0.7639959454536438,
    0.11047932505607605
   ],
   [
    0.7611169219017029,
    -0.5964402556419373,
    0.2548726201057434
   ]
  ]
 }
]