[
 {
  "rotation_euler": [
   0.537168025970459,
   -1.1662490367889404,
   1.5886424779891968
  ],
  "euler_order": "XYZ",
  "rotation_matrix": [
   [
    -0.007023919373750687,
    -0.8506300449371338,
    0.5257177948951721
   ],
   [
    0.3935399651527405,
    -0.4856574535369873,
    -0.7805531024932861
   ],
   [
    0.9192807078361511,
    0.20140840113162994,
    0.3381681442260742
   ]
  ]
 },
 {
  "rotation_euler": [
   -0.6333516836166382,
   -1.3597882986068726,
   2.196573257446289
  ],
  "euler_order": "XYZ",
  "rotation_matrix": [
   [
    -0.12267801910638809,
    -0.9922824501991272,
    -0.018046265468001366
   ],
   [
    0.16975745558738708,
    -0.0030649087857455015,
    -0.9854810833930969
   ],
   [
    0.9778202772140503,
    -0.12396036088466644,
    0.16882334649562836
   ]
  ]
 },
 {
  "rotation_euler": [
   0.038391437381505966,
   0.011865563690662384,
   -2.5527100563049316
  ],
  "euler_order": "XYZ",
  "rotation_matrix": [
   [
    -0.8315032720565796,
    0.5546442270278931,
    -0.031178049743175507
   ],
   [
    -0.5553930997848511,
    -0.8312020301818848,
    0.02533150650560856
   ],
   [
    -0.011865285225212574,
    0.038379304111003876,
    0.9991927742958069
   ]
  ]
 },
 {
  "rotation_euler": [
   0.5371677279472351,
   -1.1662492752075195,
   -0.31220850348472595
  ],
  "euler_order": "XYZ",
  "rotation_matrix": [
   [
    0.3745746910572052,
    -0.1837589591741562,
    -0.9088049530982971
   ],
   [
    -0.12089935690164566,
    0.9621161222457886,
    -0.24436849355697632
   ],
   [
    0.9192807674407959,
    0.20140819251537323,
    0.3381679952144623
   ]
  ]
 },
 {
  "rotation_euler": [
   0.4975164234638214,
   -1.1800611019134521,
   -1.4311411380767822
  ],
  "euler_order": "XYZ",
  "rotation_matrix": [
   [
    0.053017508238554,
    0.8087887763977051,
    -0.5857046246528625
   ],
   [
    -0.3771602213382721,
    0.5593043565750122,
    0.7381929159164429
   ],
   [
    0.924629271030426,
    0.1817673295736313,
    0.33469587564468384
   ]
  ]
 },
 {
  "rotation_euler": [
   0.2543684244155884,
   -1.2391879558563232,
   0.9941829442977905
  ],
  "euler_order": "XYZ",
  "rotation_matrix": [
   [
    0.17749370634555817,
    -0.9410528540611267,
    -0.2879506051540375
   ],
   [
    0.2729249596595764,
    0.32818925380706787,
    -0.9043250679969788
   ],
   [
    0.9455199241638184,
    0.08192308992147446,
    0.31508833169937134
   ]
  ]
 },
 {
  "rotation_euler": [
   0.04502851888537407,
   -1.2659832239151,
   -1.9963945150375366
  ],
  "euler_order": "XYZ",
  "rotation_matrix": [
   [
    -0.12390714138746262,
    0.9275965094566345,
    0.352436900138855
   ],
   [
    -0.27334222197532654,
    -0.37333932518959045,
    0.8865110278129578
   ],
   [
    0.953903079032898,
    0.01350916363298893,
    0.2998107075691223
   ]
  ]
 },
 {
  "rotation_euler": [
   0.5371676087379456,
   -1.1662496328353882,
   0.949544370174408
  ],
  "euler_order": "XYZ",
  "rotation_matrix": [
   [
    0.22909753024578094,
    -0.972425639629364,
    -0.04361945763230324
   ],
   [
    0.3200576901435852,
    0.11757192760705948,
    -0.9400744438171387
   ],
   [
    0.9192808866500854,
    0.20140798389911652,
    0.3381677567958832
   ]
  ]
 },
 {
  "rotation_euler": [
   0.5371679067611694,
   -1.16624915599823,
   1.925906777381897
  ],
  "euler_order": "XYZ",
  "rotation_matrix": [
   [
    -0.1368532031774521,
    -0.6420012712478638,
    0.7543908953666687
   ],
   [
    0.3690448999404907,
    -0.7397763729095459,
    -0.5626159906387329
   ],
   [
    0.9192807078361511,
    0.20140831172466278,
    0.33816805481910706
   ]
  ]
 },
 {
  "rotation_euler": [
   0.016144493594765663,
   -1.2695331573486328,
   2.0984933376312256
  ],
  "euler_order": "XYZ",
  "rotation_matrix": [
   [
    -0.1494152545928955,
    -0.8560934066772461,
    0.49475160241127014
   ],
   [
    0.2563627064228058,
    -0.5167989134788513,
    -0.8168213367462158
   ],
   [
    0.954962432384491,
    0.004790294449776411,
    0.296688050031662
   ]
  ]
 },
 {
  "rotation_euler": [
   0.4833517372608185,
   -1.1846503019332886,
   1.4594966173171997
  ],
  "euler_order": "XYZ",
  "rotation_matrix": [
   [
    0.04183132201433182,
    -0.927782416343689,
    0.37076932191848755
   ],
   [
    0.37429070472717285,
    -0.3295188546180725,
    -0.8667893409729004
   ],
   [
    0.9263674020767212,
    0.17503444850444794,
    0.33347612619400024
   ]
  ]
 },
 {
  "rotation_euler": [
   0.537166178226471,
   -1.1662521362304688,
   -0.8079766631126404
  ],
  "euler_order": "XYZ",
  "rotation_matrix": [
   [
    0.2719627022743225,
    0.2960518002510071,
    -0.9156361818313599
   ],
   [
    -0.28452959656715393,
    0.9336963295936584,
    0.21738004684448242
   ],
   [
    0.9192818999290466,
    0.201406329870224,
    0.3381660580635071
   ]
  ]
 },
 {
  "rotation_euler": [
   0.5371679663658142,
   -1.1662489175796509,
   1.5185513496398926
  ],
  "euler_order": "XYZ",
  "rotation_matrix": [
   [
    0.02055441215634346,
    -0.8825538754463196,
    0.46976181864738464
   ],
   [
    0.3930656909942627,
    -0.4248920977115631,
    -0.8154545426368713
   ],
   [
    0.9192806482315063,
    0.20140844583511353,
    0.3381682336330414
   ]
  ]
 },
 {
  "rotation_euler": [
   0.11610520631074905,
   1.206493616104126,
   0.12830615043640137
  ],
  "euler_order": "XYZ",
  "rotation_matrix": [
   [
    0.3533691167831421,
    -0.019740743562579155,
    0.935275673866272
   ],
   [
    0.045589879155159,
    0.9989528059959412,
    0.0038598414976149797
   ],
   [
    -0.9343724250793457,
    0.041275154799222946,
    0.3538990318775177
   ]
  ]
 },
 {
  "rotation_euler": [
   0.5371664762496948,
   -1.1662503480911255,
   -1.9671125411987305
  ],
  "euler_order": "XYZ",
  "rotation_matrix": [
   [
    -0.15193909406661987,
    0.974152684211731,
    -0.1671558916568756
   ],
   [
    -0.3630931079387665,
    0.10228241235017776,
    0.9261218905448914
   ],
   [
    0.9192811846733093,
    0.2014072686433792,
    0.3381673991680145
   ]
  ]
 },
 {
  "rotation_euler": [
   0.49720898270606995,
   -1.180249571800232,
   -3.0292718410491943
  ],
  "euler_order": "XYZ",
  "rotation_matrix": [
   [
    -0.3782951831817627,
    0.5367926359176636,
    0.754152774810791
   ],
   [
    -0.04267001152038574,
    -0.8239428997039795,
    0.5650640726089478
   ],
   [
    0.9247010350227356,
    0.1815812885761261,
    0.334598571062088
   ]
  ]
 }
]