[
 {
  "rotation_euler": [
   -1.5715765953063965,
   1.0471620559692383,
   -2.0077624320983887
  ],
  "euler_order": "XYZ",
  "rotation_matrix": [
   [
    -0.21160930395126343,
    0.36578094959259033,
    0.9063254594802856
   ],
   [
    -0.4530477225780487,
    0.784967303276062,
    -0.4225802421569824
   ],
   [
    -0.8660076260566711,
    -0.5000305771827698,
    -0.00039015820948407054
   ]
  ]
 },
 {
  "rotation_euler": [
   -1.5715763568878174,
   1.0471543073654175,
   0.5992025136947632
  ],
  "euler_order": "XYZ",
  "rotation_matrix": [
   [
    0.41292375326156616,
    -0.7146933674812317,
    -0.564541757106781
   ],
   [
    0.2820131778717041,
    -0.4890563488006592,
    0.8254044055938721
   ],
   [
    -0.8660037517547607,
    -0.5000373125076294,
    -0.0003900442097801715
   ]
  ]
 },
 {
  "rotation_euler": [
   1.5700057744979858,
   -0.5947941541671753,
   1.5784640312194824
  ],
  "euler_order": "XYZ",
  "rotation_matrix": [
   [
    -0.006350820418447256,
    0.0035059358924627304,
    0.999973714351654
   ],
   [
    0.8282395005226135,
    -0.5603277087211609,
    0.007224663160741329
   ],
   [
    0.5603382587432861,
    0.8282635807991028,
    0.0006547858356498182
   ]
  ]
 },
 {
  "rotation_euler": [
   1.5700006484985352,
   -1.0471657514572144,
   1.0242369174957275
  ],
  "euler_order": "XYZ",
  "rotation_matrix": [
   [
    0.25988978147506714,
    -0.4507888853549957,
    0.8539594411849976
   ],
   [
    0.4271824359893799,
    -0.7394335865974426,
    -0.5203394889831543
   ],
   [
    0.8660094738006592,
    0.5000273585319519,
    0.0003978610329795629
   ]
  ]
 },
 {
  "rotation_euler": [
   1.5700137615203857,
   2.094432830810547,
   -0.8115754723548889
  ],
  "euler_order": "XYZ",
  "rotation_matrix": [
   [
    -0.3442007303237915,
    0.5966886878013611,
    -0.7249058485031128
   ],
   [
    0.36270996928215027,
    -0.6276385188102722,
    -0.6888478398323059
   ],
   [
    -0.8660065531730652,
    -0.5000325441360474,
    -0.000391308160033077
   ]
  ]
 },
 {
  "rotation_euler": [
   1.5684233903884888,
   -0.16119274497032166,
   -0.41408824920654297
  ],
  "euler_order": "XYZ",
  "rotation_matrix": [
   [
    0.9036157131195068,
    -0.14597590267658234,
    -0.4027029275894165
   ],
   [
    -0.3971394896507263,
    0.0667484775185585,
    -0.9153277277946472
   ],
   [
    0.1604956090450287,
    0.9870337843894958,
    0.0023421726655215025
   ]
  ]
 },
 {
  "rotation_euler": [
   1.5697605609893799,
   -1.048858642578125,
   -1.3290749788284302
  ],
  "euler_order": "XYZ",
  "rotation_matrix": [
   [
    0.1193426251411438,
    -0.2064969688653946,
    -0.9711417555809021
   ],
   [
    -0.48406627774238586,
    0.8419004678726196,
    -0.2385023981332779
   ],
   [
    0.866854727268219,
    0.49856048822402954,
    0.0005163921159692109
   ]
  ]
 },
 {
  "rotation_euler": [
   -1.5715910196304321,
   -0.19601039588451385,
   0.333647221326828
  ],
  "euler_order": "XYZ",
  "rotation_matrix": [
   [
    0.9267615675926208,
    0.18427781760692596,
    -0.32734495401382446
   ],
   [
    0.3212202787399292,
    0.06303055584430695,
    0.9449045658111572
   ],
   [
    0.19475768506526947,
    -0.9808510541915894,
    -0.0007794754928909242
   ]
  ]
 },
 {
  "rotation_euler": [
   -1.571587085723877,
   -1.0471447706222534,
   -0.3586660921573639
  ],
  "euler_order": "XYZ",
  "rotation_matrix": [
   [
    0.46822574734687805,
    0.8106141090393066,
    0.3516666293144226
   ],
   [
    -0.17552880942821503,
    -0.30472809076309204,
    0.9361252188682556
   ],
   [
    0.8659989833831787,
    -0.5000455379486084,
    -0.00039541555452160537
   ]
  ]
 },
 {
  "rotation_euler": [
   -1.5717713832855225,
   -2.1941051483154297,
   0.7723727822303772
  ],
  "euler_order": "XYZ",
  "rotation_matrix": [
   [
    -0.41809701919555664,
    0.582245945930481,
    -0.6972693204879761
   ],
   [
    -0.4073446989059448,
    0.5659108757972717,
    0.7168090343475342
   ],
   [
    0.8119514584541321,
    0.5837246775627136,
    0.0005691646947525442
   ]
  ]
 },
 {
  "rotation_euler": [
   -1.5715856552124023,
   5.8618970797397196e-05,
   1.9199239015579224
  ],
  "euler_order": "XYZ",
  "rotation_matrix": [
   [
    -0.34207814931869507,
    0.000761761621106416,
    -0.9396712183952332
   ],
   [
    0.939671516418457,
    0.00021492941596079618,
    -0.3420780897140503
   ],
   [
    -5.8618970797397196e-05,
    -0.9999997019767761,
    -0.0007893283618614078
   ]
  ]
 },
 {
  "rotation_euler": [
   1.5700076818466187,
   -1.047027349472046,
   1.234783411026001
  ],
  "euler_order": "XYZ",
  "rotation_matrix": [
   [
    0.1649114042520523,
    -0.28626713156700134,
    0.9438513517379761
   ],
   [
    0.47217756509780884,
    -0.817253828048706,
    -0.3303702473640442
   ],
   [
    0.865940272808075,
    0.5001472234725952,
    0.0003944386844523251
   ]
  ]
 },
 {
  "rotation_euler": [
   -1.5715787410736084,
   -1.0471745729446411,
   1.4379397630691528
  ],
  "euler_order": "XYZ",
  "rotation_matrix": [
   [
    0.06623566895723343,
    0.11549293994903564,
    -0.9910975098609924
   ],
   [
    0.4956134855747223,
    0.8582782745361328,
    0.13313764333724976
   ],
   [
    0.8660139441490173,
    -0.5000197291374207,
    -0.0003912226820830256
   ]
  ]
 },
 {
  "rotation_euler": [
   1.5700074434280396,
   8.270227169759892e-08,
   -2.4532010555267334
  ],
  "euler_order": "XYZ",
  "rotation_matrix": [
   [
    -0.7722688317298889,
    0.0005011104512959719,
    -0.6352956891059875
   ],
   [
    -0.6352958679199219,
    -0.0006092825205996633,
    0.7722685933113098
   ],
   [
    -8.270227169759892e-08,
    0.9999997019767761,
    0.0007888833060860634
   ]
  ]
 },
 {
  "rotation_euler": [
   1.570016622543335,
   -2.0950746536254883,
   0.1312991976737976
  ],
  "euler_order": "XYZ",
  "rotation_matrix": [
   [
    -0.49627965688705444,
    -0.8583359718322754,
    0.13025306165218353
   ],
   [
    -0.06553816795349121,
    -0.11256447434425354,
    -0.9914807081222534
   ],
   [
    0.8656854033470154,
    -0.5005882382392883,
    -0.0003903108590748161
   ]
  ]
 },
 {
  "rotation_euler": [
   -1.5715813636779785,
   1.0471304655075073,
   -1.9197036027908325
  ],
  "euler_order": "XYZ",
  "rotation_matrix": [
   [
    -0.17095541954040527,
    0.2953197956085205,
    0.9399789571762085
   ],
   [
    -0.4699280261993408,
    0.8140812516212463,
    -0.34123215079307556
   ],
   [
    -0.8659918308258057,
    -0.5000579357147217,
    -0.0003925640194211155
   ]
  ]
 }
]