[
 {
  "rotation_euler": [
   -1.3298922567628324e-05,
   5.374924876377918e-05,
   -2.452521800994873
  ],
  "euler_order": "XYZ",
  "rotation_matrix": [
   [
    -0.7718371152877808,
    0.6358203291893005,
    -3.302994082332589e-05
   ],
   [
    -0.6358203291893005,
    -0.7718371152877808,
    -4.44394645455759e-05
   ],
   [
    -5.374924876377918e-05,
    -1.3298922567628324e-05,
    1.0
   ]
  ]
 },
 {
  "rotation_euler": [
   -0.0001722895394777879,
   -7.107650162652135e-05,
   -2.2181692123413086
  ],
  "euler_order": "XYZ",
  "rotation_matrix": [
   [
    -0.6030929088592529,
    0.7976709008216858,
    0.00018029609054792672
   ],
   [
    -0.7976709604263306,
    -0.6030929088592529,
    -4.7210942284436896e-05
   ],
   [
    7.107650162652135e-05,
    -0.0001722895394777879,
    1.0
   ]
  ]
 },
 {
  "rotation_euler": [
   -1.0429059329908341e-05,
   3.594046802390949e-06,
   2.1285581588745117
  ],
  "euler_order": "XYZ",
  "rotation_matrix": [
   [
    -0.5292885899543762,
    -0.8484418988227844,
    -1.0750738510978408e-05
   ],
   [
    0.8484418988227844,
    -0.5292885899543762,
    -2.470642129992484e-06
   ],
   [
    -3.594046802390949e-06,
    -1.0429059329908341e-05,
    1.0
   ]
  ]
 },
 {
  "rotation_euler": [
   -1.054428685165476e-05,
   2.4169810330931796e-07,
   -2.7789080142974854
  ],
  "euler_order": "XYZ",
  "rotation_matrix": [
   [
    -0.9349477291107178,
    0.3547855019569397,
    3.5149851100868545e-06
   ],
   [
    -0.3547855019569397,
    -0.9349477291107178,
    -9.944107659975998e-06
   ],
   [
    -2.4169810330931796e-07,
    -1.054428685165476e-05,
    1.0
   ]
  ]
 },
 {
  "rotation_euler": [
   1.7268209830945125e-06,
   5.993178092467133e-06,
   -0.14089904725551605
  ],
  "euler_order": "XYZ",
  "rotation_matrix": [
   [
    0.9900901317596436,
    0.14043331146240234,
    5.6912831496447325e-06
   ],
   [
    -0.14043331146240234,
    0.9900901317596436,
    -2.551350235080463e-06
   ],
   [
    -5.993178092467133e-06,
    1.7268209830945125e-06,
    1.0
   ]
  ]
 },
 {
  "rotation_euler": [
   -7.085088145686314e-05,
   -6.980721082072705e-05,
   -0.07610803842544556
  ],
  "euler_order": "XYZ",
  "rotation_matrix": [
   [
    0.9971051812171936,
    0.07603459060192108,
    -6.421801663236693e-05
   ],
   [
    -0.07603458315134048,
    0.9971051812171936,
    7.595353963552043e-05
   ],
   [
    6.980721082072705e-05,
    -7.085088145686314e-05,
    1.0
   ]
  ]
 },
 {
  "rotation_euler": [
   -9.508676157565787e-06,
   -1.6443962522316724e-05,
   -1.1204167604446411
  ],
  "euler_order": "XYZ",
  "rotation_matrix": [
   [
    0.4353072941303253,
    0.9002819657325745,
    1.4023128187545808e-06
   ],
   [
    -0.9002819657325745,
    0.4353072941303253,
    1.894339766295161e-05
   ],
   [
    1.6443962522316724e-05,
    -9.508676157565787e-06,
    1.0
   ]
  ]
 },
 {
  "rotation_euler": [
   4.9589825721341185e-06,
   -3.5136425140080974e-05,
   -2.334585666656494
  ],
  "euler_order": "XYZ",
  "rotation_matrix": [
   [
    -0.6916631460189819,
    0.722220242023468,
    2.072109236905817e-05
   ],
   [
    -0.722220242023468,
    -0.6916631460189819,
    2.8806183763663284e-05
   ],
   [
    3.5136425140080974e-05,
    4.9589825721341185e-06,
    1.0
   ]
  ]
 },
 {
  "rotation_euler": [
   -1.1142137736896984e-05,
   -7.068958893796662e-06,
   0.05740634351968765
  ],
  "euler_order": "XYZ",
  "rotation_matrix": [
   [
    0.9983527064323425,
    -0.05737482011318207,
    -7.696592547290493e-06
   ],
   [
    0.05737482011318207,
    0.9983527064323425,
    1.0718203157011885e-05
   ],
   [
    7.068958893796662e-06,
    -1.1142137736896984e-05,
    1.0
   ]
  ]
 },
 {
  "rotation_euler": [
   -7.978590292623267e-05,
   -0.00013086300168652087,
   2.215778350830078
  ],
  "euler_order": "XYZ",
  "rotation_matrix": [
   [
    -0.601184070110321,
    -0.7991105914115906,
    1.491499369876692e-05
   ],
   [
    0.7991105914115906,
    -0.601184070110321,
    -0.00015254001482389867
   ],
   [
    0.00013086300168652087,
    -7.978590292623267e-05,
    1.0
   ]
  ]
 },
 {
  "rotation_euler": [
   -1.7166797988465987e-05,
   3.8763846532674506e-07,
   -0.9237042665481567
  ],
  "euler_order": "XYZ",
  "rotation_matrix": [
   [
    0.602868914604187,
    0.7978402972221375,
    1.3930058230471332e-05
   ],
   [
    -0.7978402972221375,
    0.602868914604187,
    1.0040054803539533e-05
   ],
   [
    -3.8763846532674506e-07,
    -1.7166797988465987e-05,
    1.0
   ]
  ]
 },
 {
  "rotation_euler": [
   0.0003120597102679312,
   0.00011434033513069153,
   -2.5927059650421143
  ],
  "euler_order": "XYZ",
  "rotation_matrix": [
   [
    -0.853105902671814,
    0.5217376947402954,
    -0.00026035774499177933
   ],
   [
    -0.5217377543449402,
    -0.853105902671814,
    0.0002065643056994304
   ],
   [
    -0.00011434033513069153,
    0.0003120597102679312,
    0.9999999403953552
   ]
  ]
 },
 {
  "rotation_euler": [
   -0.0002232444821856916,
   0.00028258361271582544,
   0.5663117170333862
  ],
  "euler_order": "XYZ",
  "rotation_matrix": [
   [
    0.8438855409622192,
    -0.5365232825279236,
    0.0001186923764180392
   ],
   [
    0.5365232229232788,
    0.8438854813575745,
    0.00034000547020696104
   ],
   [
    -0.00028258361271582544,
    -0.00022324446763377637,
    0.9999999403953552
   ]
  ]
 },
 {
  "rotation_euler": [
   0.019866248592734337,
   0.018658051267266273,
   -0.5874865055084229
  ],
  "euler_order": "XYZ",
  "rotation_matrix": [
   [
    0.8321915864944458,
    0.5544698238372803,
    0.004515255801379681
   ],
   [
    -0.5541742444038391,
    0.8319668173789978,
    -0.026873286813497543
   ],
   [
    -0.01865696907043457,
    0.019861483946442604,
    0.9996286630630493
   ]
  ]
 },
 {
  "rotation_euler": [
   0.041512999683618546,
   -0.000737404334358871,
   -0.8111864924430847
  ],
  "euler_order": "XYZ",
  "rotation_matrix": [
   [
    0.6886383891105652,
    0.7244589924812317,
    -0.03059999644756317
   ],
   [
    -0.725104570388794,
    0.6880674958229065,
    -0.028045007959008217
   ],
   [
    0.0007374042761512101,
    0.04150106757879257,
    0.9991381764411926
   ]
  ]
 },
 {
  "rotation_euler": [
   -3.7224679090286372e-06,
   2.0061668237758568e-06,
   0.6397827863693237
  ],
  "euler_order": "XYZ",
  "rotation_matrix": [
   [
    0.8022254705429077,
    -0.597021222114563,
    -6.129941425569996e-07
   ],
   [
    0.597021222114563,
    0.8022254705429077,
    4.183982582617318e-06
   ],
   [
    -2.0061668237758568e-06,
    -3.7224679090286372e-06,
    1.0
   ]
  ]
 }
]