[
 {
  "rotation_euler": [
   -5.179978325031698e-05,
   0.037343692034482956,
   1.897004246711731
  ],
  "euler_order": "XYZ",
  "rotation_matrix": [
   [
    -0.32022982835769653,
    -0.9472637176513672,
    -0.012013194151222706
   ],
   [
    0.9466038942337036,
    -0.32045507431030273,
    0.0353495255112648
   ],
   [
    -0.03733501210808754,
    -5.176366903469898e-05,
    0.9993028044700623
   ]
  ]
 },
 {
  "rotation_euler": [
   -0.0003217560879420489,
   0.22353021800518036,
   1.8346208333969116
  ],
  "euler_order": "XYZ",
  "rotation_matrix": [
   [
    -0.2542867958545685,
    -0.9653810858726501,
    -0.05811741575598717
   ],
   [
    0.9413815140724182,
    -0.2608434855937958,
    0.2139195054769516
   ],
   [
    -0.221673384308815,
    -0.00031375110847875476,
    0.9751209020614624
   ]
  ]
 },
 {
  "rotation_euler": [
   -9.148371464107186e-05,
   0.06429114937782288,
   1.6541852951049805
  ],
  "euler_order": "XYZ",
  "rotation_matrix": [
   [
    -0.08312027901411057,
    -0.9965246319770813,
    -0.005442439112812281
   ],
   [
    0.9944663643836975,
    -0.0832982137799263,
    0.06401599943637848
   ],
   [
    -0.06424687057733536,
    -9.129471436608583e-05,
    0.9979340434074402
   ]
  ]
 },
 {
  "rotation_euler": [
   -0.0003366552118677646,
   0.21790637075901031,
   -0.7220578789710999
  ],
  "euler_order": "XYZ",
  "rotation_matrix": [
   [
    0.732700765132904,
    0.6608757376670837,
    0.1624586582183838
   ],
   [
    -0.6453008651733398,
    0.7504952549934387,
    -0.14263123273849487
   ],
   [
    -0.21618597209453583,
    -0.0003286940627731383,
    0.9763521552085876
   ]
  ]
 },
 {
  "rotation_euler": [
   0.00011565625027287751,
   -0.06627943366765976,
   -0.8550894260406494
  ],
  "euler_order": "XYZ",
  "rotation_matrix": [
   [
    0.6547103524208069,
    0.7546245455741882,
    -0.04354476183652878
   ],
   [
    -0.7529726624488831,
    0.6561567783355713,
    0.04990392178297043
   ],
   [
    0.06623091548681259,
    0.00011540230480022728,
    0.9978043437004089
   ]
  ]
 },
 {
  "rotation_euler": [
   6.0157479310873896e-05,
   -0.06037643179297447,
   -1.133731722831726
  ],
  "euler_order": "XYZ",
  "rotation_matrix": [
   [
    0.42251056432724,
    0.9059965014457703,
    -0.025595225393772125
   ],
   [
    -0.9043472409248352,
    0.4232851266860962,
    0.05464223772287369
   ],
   [
    0.060339756309986115,
    6.004786700941622e-05,
    0.9981778860092163
   ]
  ]
 },
 {
  "rotation_euler": [
   -0.0004985707346349955,
   0.32751551270484924,
   -2.0772719383239746
  ],
  "euler_order": "XYZ",
  "rotation_matrix": [
   [
    -0.45931267738342285,
    0.8745372891426086,
    -0.15561605989933014
   ],
   [
    -0.8279772996902466,
    -0.4849580228328705,
    -0.2815481424331665
   ],
   [
    -0.3216916024684906,
    -0.00047206893214024603,
    0.9468443989753723
   ]
  ]
 },
 {
  "rotation_euler": [
   -0.0005036696675233543,
   0.3426102101802826,
   -2.446363687515259
  ],
  "euler_order": "XYZ",
  "rotation_matrix": [
   [
    -0.7232770323753357,
    0.6406911611557007,
    -0.25765320658683777
   ],
   [
    -0.6033324599266052,
    -0.7677985429763794,
    -0.21558122336864471
   ],
   [
    -0.3359467387199402,
    -0.0004743968602269888,
    0.9418808817863464
   ]
  ]
 },
 {
  "rotation_euler": [
   -0.00026851033908315003,
   0.1923215240240097,
   2.3055081367492676
  ],
  "euler_order": "XYZ",
  "rotation_matrix": [
   [
    -0.6580137610435486,
    -0.7419895529747009,
    -0.12833313643932343
   ],
   [
    0.7283433675765991,
    -0.6704114079475403,
    0.141649067401886
   ],
   [
    -0.1911381334066391,
    -0.000263559864833951,
    0.9815630912780762
   ]
  ]
 },
 {
  "rotation_euler": [
   0.0007750248769298196,
   0.18130634725093842,
   -0.745916485786438
  ],
  "euler_order": "XYZ",
  "rotation_matrix": [
   [
    0.7224276065826416,
    0.6787476539611816,
    0.13190902769565582
   ],
   [
    -0.6675215363502502,
    0.7343711853027344,
    -0.12293887883424759
   ],
   [
    -0.18031466007232666,
    0.0007623213459737599,
    0.9836086630821228
   ]
  ]
 },
 {
  "rotation_euler": [
   1.149597324001661e-06,
   -1.2391557902446948e-05,
   2.2410173416137695
  ],
  "euler_order": "XYZ",
  "rotation_matrix": [
   [
    -0.6211591958999634,
    -0.7836843729019165,
    8.598051863373257e-06
   ],
   [
    0.7836843729019165,
    -0.6211591958999634,
    -8.996988071885426e-06
   ],
   [
    1.2391557902446948e-05,
    1.149597324001661e-06,
    1.0
   ]
  ]
 },
 {
  "rotation_euler": [
   -0.00018004408048000187,
   0.12759757041931152,
   -0.8043695092201233
  ],
  "euler_order": "XYZ",
  "rotation_matrix": [
   [
    0.6879271864891052,
    0.7203776240348816,
    0.08838704228401184
   ],
   [
    -0.7145370244979858,
    0.6935820579528809,
    -0.09154636412858963
   ],
   [
    -0.12725161015987396,
    -0.00017858040519058704,
    0.9918704628944397
   ]
  ]
 },
 {
  "rotation_euler": [
   -1.5826621790893114e-07,
   -0.012692517600953579,
   -1.3132059574127197
  ],
  "euler_order": "XYZ",
  "rotation_matrix": [
   [
    0.2547306418418884,
    0.9670066237449646,
    -0.0032331938855350018
   ],
   [
    -0.9669287204742432,
    0.25475117564201355,
    0.012273459695279598
   ],
   [
    0.01269217673689127,
    -1.582534707722516e-07,
    0.9999194741249084
   ]
  ]
 },
 {
  "rotation_euler": [
   -0.012724878266453743,
   0.2461211234331131,
   -0.8408533334732056
  ],
  "euler_order": "XYZ",
  "rotation_matrix": [
   [
    0.6467321515083313,
    0.743084728717804,
    0.17193764448165894
   ],
   [
    -0.7227552533149719,
    0.6690835356712341,
    -0.1730666309595108
   ],
   [
    -0.24364382028579712,
    -0.012341078370809555,
    0.9697862863540649
   ]
  ]
 },
 {
  "rotation_euler": [
   0.00012233662710059434,
   0.05105399340391159,
   0.8268771171569824
  ],
  "euler_order": "XYZ",
  "rotation_matrix": [
   [
    0.6762946248054504,
    -0.7358160018920898,
    0.034647587686777115
   ],
   [
    0.7348614931106567,
    0.6771815419197083,
    0.03746739774942398
   ],
   [
    -0.05103181675076485,
    0.0001221772254211828,
    0.99869704246521
   ]
  ]
 },
 {
  "rotation_euler": [
   4.139090742683038e-05,
   -0.027988282963633537,
   -2.667576313018799
  ],
  "euler_order": "XYZ",
  "rotation_matrix": [
   [
    -0.88939368724823,
    0.4564644992351532,
    0.02488020993769169
   ],
   [
    -0.45628470182418823,
    -0.8897415995597839,
    0.012810788117349148
   ],
   [
    0.027984628453850746,
    4.137469659326598e-05,
    0.9996083378791809
   ]
  ]
 }
]