[
 {
  "rotation_euler": [
   -0.07396291196346283,
   -0.11623857915401459,
   3.0424041748046875
  ],
  "euler_order": "XYZ",
  "rotation_matrix": [
   [
    -0.9883699417114258,
    -0.10728323459625244,
    0.10777386277914047
   ],
   [
    0.0983576774597168,
    -0.9915156364440918,
    -0.08498561382293701
   ],
   [
    0.11597699671983719,
    -0.07339683920145035,
    0.9905363321304321
   ]
  ]
 },
 {
  "rotation_euler": [
   0.32932209968566895,
   0.32159924507141113,
   -3.1222193241119385
  ],
  "euler_order": "XYZ",
  "rotation_matrix": [
   [
    -0.9485530853271484,
    -0.08387187123298645,
    -0.3053072690963745
   ],
   [
    -0.018378932029008865,
    -0.9480645060539246,
    0.3175467848777771
   ],
   [
    -0.31608420610427856,
    0.30682119727134705,
    0.8977480530738831
   ]
  ]
 },
 {
  "rotation_euler": [
   -0.04848574846982956,
   -0.14523525536060333,
   2.863508939743042
  ],
  "euler_order": "XYZ",
  "rotation_matrix": [
   [
    -0.9514595866203308,
    -0.28093576431274414,
    0.12569701671600342
   ],
   [
    0.2716233730316162,
    -0.958527684211731,
    -0.08628714829683304
   ],
   [
    0.14472521841526031,
    -0.04795648902654648,
    0.9883090257644653
   ]
  ]
 },
 {
  "rotation_euler": [
   0.11889541149139404,
   0.06539565324783325,
   -1.3689723014831543
  ],
  "euler_order": "XYZ",
  "rotation_matrix": [
   [
    0.2000281810760498,
    0.9743399620056152,
    -0.10320072621107101
   ],
   [
    -0.9776084423065186,
    0.1914474219083786,
    -0.08734791725873947
   ],
   [
    -0.0653490498661995,
    0.1183619424700737,
    0.9908178448677063
   ]
  ]
 },
 {
  "rotation_euler": [
   -0.1311037242412567,
   -0.31563541293144226,
   2.9684958457946777
  ],
  "euler_order": "XYZ",
  "rotation_matrix": [
   [
    -0.936393678188324,
    -0.21073000133037567,
    0.28064167499542236
   ],
   [
    0.16372524201869965,
    -0.9696131944656372,
    -0.18178093433380127
   ],
   [
    0.31042054295539856,
    -0.12427040189504623,
    0.942441463470459
   ]
  ]
 },
 {
  "rotation_euler": [
   -0.40063291788101196,
   -0.37180885672569275,
   1.6507450342178345
  ],
  "euler_order": "XYZ",
  "rotation_matrix": [
   [
    -0.07440662384033203,
    -0.9291887879371643,
    -0.3620384931564331
   ],
   [
    0.928695797920227,
    0.06769584864377975,
    -0.36461135745048523
   ],
   [
    0.36330127716064453,
    -0.36335310339927673,
    0.8578966856002808
   ]
  ]
 },
 {
  "rotation_euler": [
   0.23579110205173492,
   -0.15975940227508545,
   1.2238987684249878
  ],
  "euler_order": "XYZ",
  "rotation_matrix": [
   [
    0.33565235137939453,
    -0.9270449280738831,
    0.1671084463596344
   ],
   [
    0.92845618724823,
    0.2956250011920929,
    -0.2248889058828354
   ],
   [
    0.15908068418502808,
    0.2306373566389084,
    0.9599477648735046
   ]
  ]
 },
 {
  "rotation_euler": [
   0.10598306357860565,
   0.35730263590812683,
   -0.6799348592758179
  ],
  "euler_order": "XYZ",
  "rotation_matrix": [
   [
    0.7285023927688599,
    0.6539847254753113,
    0.20393185317516327
   ],
   [
    -0.589033305644989,
    0.7499882578849792,
    -0.3009275197982788
   ],
   [
    -0.34974849224090576,
    0.09910378605127335,
    0.9315870404243469
   ]
  ]
 },
 {
  "rotation_euler": [
   -0.29534950852394104,
   -0.1815408617258072,
   -2.2096571922302246
  ],
  "euler_order": "XYZ",
  "rotation_matrix": [
   [
    -0.5864824652671814,
    0.7366799116134644,
    0.3366616368293762
   ],
   [
    -0.7895832657814026,
    -0.6126502156257629,
    -0.034900493919849396
   ],
   [
    0.18054533004760742,
    -0.2862909138202667,
    0.9409787058830261
   ]
  ]
 },
 {
  "rotation_euler": [
   0.33557233214378357,
   -0.2989135980606079,
   -2.3526816368103027
  ],
  "euler_order": "XYZ",
  "rotation_matrix": [
   [
    -0.6733735203742981,
    0.7383379936218262,
    -0.037749867886304855
   ],
   [
    -0.6781211495399475,
    -0.5965035557746887,
    0.42934277653694153
   ],
   [
    0.29448214173316956,
    0.31470704078674316,
    0.9023523330688477
   ]
  ]
 },
 {
  "rotation_euler": [
   0.1185711920261383,
   -0.3338547945022583,
   3.0646984577178955
  ],
  "euler_order": "XYZ",
  "rotation_matrix": [
   [
    -0.9419944286346436,
    -0.03763030841946602,
    0.33351224660873413
   ],
   [
    0.07257700711488724,
    -0.9930222630500793,
    0.092948317527771
   ],
   [
    0.32768741250038147,
    0.11176211386919022,
    0.938152551651001
   ]
  ]
 },
 {
  "rotation_euler": [
   0.0522562600672245,
   0.5753248333930969,
   -0.8707183599472046
  ],
  "euler_order": "XYZ",
  "rotation_matrix": [
   [
    0.5405586957931519,
    0.7820584177970886,
    0.3101305365562439
   ],
   [
    -0.6416723728179932,
    0.6216623783111572,
    -0.44921308755874634
   ],
   [
    -0.5441073775291443,
    0.04382386431097984,
    0.8378702998161316
   ]
  ]
 },
 {
  "rotation_euler": [
   -0.3626854419708252,
   0.37183642387390137,
   -1.0658079385757446
  ],
  "euler_order": "XYZ",
  "rotation_matrix": [
   [
    0.4507353901863098,
    0.7558842897415161,
    0.47484374046325684
   ],
   [
    -0.8153717517852783,
    0.5651387572288513,
    -0.125646710395813
   ],
   [
    -0.3633269667625427,
    -0.3305407762527466,
    0.8710547089576721
   ]
  ]
 },
 {
  "rotation_euler": [
   0.3224731385707855,
   -0.07692347466945648,
   -1.4360605478286743
  ],
  "euler_order": "XYZ",
  "rotation_matrix": [
   [
    0.1339312642812729,
    0.9365871548652649,
    -0.3238316774368286
   ],
   [
    -0.9880065321922302,
    0.15153777599334717,
    0.029655437916517258
   ],
   [
    0.0768476352095604,
    0.31597602367401123,
    0.9456498026847839
   ]
  ]
 },
 {
  "rotation_euler": [
   -0.45853209495544434,
   -0.1919279247522354,
   2.038288116455078
  ],
  "euler_order": "XYZ",
  "rotation_matrix": [
   [
    -0.44237396121025085,
    -0.8385378122329712,
    -0.3180560767650604
   ],
   [
    0.8763099312782288,
    -0.3287246823310852,
    -0.35216617584228516
   ],
   [
    0.19075177609920502,
    -0.43450483679771423,
    0.8802382349967957
   ]
  ]
 },
 {
  "rotation_euler": [
   -0.13021649420261383,
   0.1836744099855423,
   3.123295545578003
  ],
  "euler_order": "XYZ",
  "rotation_matrix": [
   [
    -0.9830146431922913,
    0.00557086942717433,
    -0.18344251811504364
   ],
   [
    0.017988333478569984,
    -0.9918017387390137,
    -0.12651370465755463
   ],
   [
    -0.18264339864253998,
    -0.12766465544700623,
    0.9748554229736328
   ]
  ]
 }
]