[
 {
  "rotation_euler": [
   0.5642621517181396,
   -2.232361078262329,
   -0.6337412595748901
  ],
  "euler_order": "XYZ",
  "rotation_matrix": [
   [
    -0.4950559139251709,
    0.16033892333507538,
    -0.8539385795593262
   ],
   [
    0.36379706859588623,
    0.9307769536972046,
    -0.03613857179880142
   ],
   [
    0.7890318632125854,
    -0.32855096459388733,
    -0.5191174745559692
   ]
  ]
 },
 {
  "rotation_euler": [
   0.5652562975883484,
   -1.6617900133132935,
   -1.059722900390625
  ],
  "euler_order": "XYZ",
  "rotation_matrix": [
   [
    -0.04444487392902374,
    0.475646048784256,
    -0.8785132169723511
   ],
   [
    0.07925703376531601,
    0.8782891631126404,
    0.47151505947113037
   ],
   [
    0.9958629012107849,
    -0.04867192357778549,
    -0.07673374563455582
   ]
  ]
 },
 {
  "rotation_euler": [
   -2.6697540283203125,
   -1.1281813383102417,
   0.6014834046363831
  ],
  "euler_order": "XYZ",
  "rotation_matrix": [
   [
    0.353135347366333,
    0.8426773548126221,
    0.40643611550331116
   ],
   [
    0.24236269295215607,
    -0.5019926428794861,
    0.8302190899848938
   ],
   [
    0.9036347270011902,
    -0.19467474520206451,
    -0.3815048933029175
   ]
  ]
 },
 {
  "rotation_euler": [
   0.3815385401248932,
   -1.9096368551254272,
   0.6801857948303223
  ],
  "euler_order": "XYZ",
  "rotation_matrix": [
   [
    -0.25842148065567017,
    -0.8567372560501099,
    -0.4463402330875397
   ],
   [
    -0.20905490219593048,
    0.5006826519966125,
    -0.8400076627731323
   ],
   [
    0.9431406855583191,
    -0.12376642972230911,
    -0.3084922730922699
   ]
  ]
 },
 {
  "rotation_euler": [
   0.5512703657150269,
   -1.6625877618789673,
   0.014678427018225193
  ],
  "euler_order": "XYZ",
  "rotation_matrix": [
   [
    -0.09165271371603012,
    -0.5340121388435364,
    -0.8404943943023682
   ],
   [
    -0.001345414319075644,
    0.8441125750541687,
    -0.5361642837524414
   ],
   [
    0.9957901239395142,
    -0.048010099679231644,
    -0.07808367908000946
   ]
  ]
 },
 {
  "rotation_euler": [
   1.0565056800842285,
   -1.515524983406067,
   0.2158346325159073
  ],
  "euler_order": "XYZ",
  "rotation_matrix": [
   [
    0.05396145209670067,
    -0.9544929265975952,
    -0.29331105947494507
   ],
   [
    0.011831037700176239,
    0.29432955384254456,
    -0.9556307792663574
   ],
   [
    0.9984729290008545,
    0.048097047954797745,
    0.027175093069672585
   ]
  ]
 },
 {
  "rotation_euler": [
   0.9719820022583008,
   -1.4431861639022827,
   1.5159744024276733
  ],
  "euler_order": "XYZ",
  "rotation_matrix": [
   [
    0.00697336858138442,
    -0.6077091097831726,
    0.7941290736198425
   ],
   [
    0.12707291543483734,
    -0.7871716618537903,
    -0.6035008430480957
   ],
   [
    0.9918688535690308,
    0.10512072592973709,
    0.07173413038253784
   ]
  ]
 },
 {
  "rotation_euler": [
   0.7931900024414062,
   -1.6127713918685913,
   0.22176748514175415
  ],
  "euler_order": "XYZ",
  "rotation_matrix": [
   [
    -0.040935080498456955,
    -0.8488458395004272,
    -0.5270532369613647
   ],
   [
    -0.009229879826307297,
    0.5277941226959229,
    -0.8493221998214722
   ],
   [
    0.9991191625595093,
    -0.029902435839176178,
    -0.02944003976881504
   ]
  ]
 },
 {
  "rotation_euler": [
   0.9893828630447388,
   -1.4266357421875,
   -0.6844258904457092
  ],
  "euler_order": "XYZ",
  "rotation_matrix": [
   [
    0.1113065779209137,
    -0.2935357689857483,
    -0.9494459629058838
   ],
   [
    -0.09082704037427902,
    0.9483792781829834,
    -0.30385392904281616
   ],
   [
    0.9896268248558044,
    0.12005630135536194,
    0.07889986038208008
   ]
  ]
 },
 {
  "rotation_euler": [
   1.173159122467041,
   -1.4060676097869873,
   1.8268972635269165
  ],
  "euler_order": "XYZ",
  "rotation_matrix": [
   [
    -0.04153906926512718,
    -0.14422574639320374,
    0.9886725544929504
   ],
   [
    0.15863636136054993,
    -0.9779265522956848,
    -0.13599303364753723
   ],
   [
    0.9864628911018372,
    0.1511904001235962,
    0.06350160390138626
   ]
  ]
 },
 {
  "rotation_euler": [
   -1.2653502225875854,
   -1.6395472288131714,
   0.48397067189216614
  ],
  "euler_order": "XYZ",
  "rotation_matrix": [
   [
    -0.060807231813669205,
    0.702265202999115,
    -0.7093138098716736
   ],
   [
    -0.03196442872285843,
    0.7088943123817444,
    0.7045900225639343
   ],
   [
    0.9976375699043274,
    0.06551697850227356,
    -0.020658396184444427
   ]
  ]
 },
 {
  "rotation_euler": [
   -2.133589029312134,
   -1.7000879049301147,
   0.15750063955783844
  ],
  "euler_order": "XYZ",
  "rotation_matrix": [
   [
    -0.1273358017206192,
    0.912015438079834,
    0.3898890018463135
   ],
   [
    -0.020222967490553856,
    -0.3953944146633148,
    0.9182887673377991
   ],
   [
    0.9916535019874573,
    0.1090463250875473,
    0.06879152357578278
   ]
  ]
 },
 {
  "rotation_euler": [
   0.0001272655645152554,
   0.00014578609261661768,
   0.5957719087600708
  ],
  "euler_order": "XYZ",
  "rotation_matrix": [
   [
    0.8277155756950378,
    -0.5611478090286255,
    0.00019208421872463077
   ],
   [
    0.5611478090286255,
    0.8277155756950378,
    -2.35321404034039e-05
   ],
   [
    -0.00014578609261661768,
    0.0001272655645152554,
    1.0
   ]
  ]
 },
 {
  "rotation_euler": [
   0.9956184029579163,
   -1.4532839059829712,
   -0.5731363892555237
  ],
  "euler_order": "XYZ",
  "rotation_matrix": [
   [
    0.098507359623909,
    -0.4051632881164551,
    -0.9089218974113464
   ],
   [
    -0.06357689201831818,
    0.9089359641075134,
    -0.4120599031448364
   ],
   [
    0.9931033849716187,
    0.09837736189365387,
    0.0637778639793396
   ]
  ]
 },
 {
  "rotation_euler": [
   1.2510871887207031,
   -1.5500688552856445,
   -0.8751124143600464
  ],
  "euler_order": "XYZ",
  "rotation_matrix": [
   [
    0.0132835041731596,
    -0.3670486807823181,
    -0.9301068782806396
   ],
   [
    -0.0159095898270607,
    0.9299936294555664,
    -0.36723122000694275
   ],
   [
    0.9997851848602295,
    0.019675737246870995,
    0.006513979751616716
   ]
  ]
 },
 {
  "rotation_euler": [
   0.7351731657981873,
   -1.624450445175171,
   2.213672161102295
  ],
  "euler_order": "XYZ",
  "rotation_matrix": [
   [
    0.03215019404888153,
    -0.19213469326496124,
    0.9808418154716492
   ],
   [
    -0.042922813445329666,
    -0.9807091355323792,
    -0.19070178270339966
   ],
   [
    0.9985609650611877,
    -0.03596939146518707,
    -0.03977695107460022
   ]
  ]
 }
]