[
 {
  "rotation_euler": [
   -0.18580253422260284,
   -0.07595677673816681,
   -3.0428030490875244
  ],
  "euler_order": "XYZ",
  "rotation_matrix": [
   [
    -0.9922550320625305,
    0.08298136293888092,
    0.09243430942296982
   ],
   [
    -0.09834461659193039,
    -0.9793791174888611,
    -0.17647907137870789
   ],
   [
    0.07588376104831696,
    -0.1842026561498642,
    0.9799546003341675
   ]
  ]
 },
 {
  "rotation_euler": [
   -0.18580269813537598,
   -0.07595697045326233,
   1.7778986692428589
  ],
  "euler_order": "XYZ",
  "rotation_matrix": [
   [
    -0.2050321400165558,
    -0.9646694660186768,
    -0.1654527634382248
   ],
   [
    0.9758090972900391,
    -0.18836697936058044,
    -0.11097043007612228
   ],
   [
    0.07588395476341248,
    -0.18420282006263733,
    0.9799545407295227
   ]
  ]
 },
 {
  "rotation_euler": [
   -0.18580232560634613,
   0.07595852762460709,
   -0.628971517086029
  ],
  "euler_order": "XYZ",
  "rotation_matrix": [
   [
    0.8063013553619385,
    0.5668515563011169,
    0.16898949444293976
   ],
   [
    -0.5866170525550842,
    0.8029624819755554,
    0.10550685226917267
   ],
   [
    -0.07588550448417664,
    -0.1842024326324463,
    0.9799545407295227
   ]
  ]
 },
 {
  "rotation_euler": [
   -0.18580204248428345,
   0.07595890760421753,
   0.5016680955886841
  ],
  "euler_order": "XYZ",
  "rotation_matrix": [
   [
    0.8742533922195435,
    -0.4849033057689667,
    -0.023446734994649887
   ],
   [
    0.4795021116733551,
    0.8549493551254272,
    0.19783668220043182
   ],
   [
    -0.07588588446378708,
    -0.1842021495103836,
    0.9799545407295227
   ]
  ]
 },
 {
  "rotation_euler": [
   -0.1858024001121521,
   -0.07595858722925186,
   2.2834510803222656
  ],
  "euler_order": "XYZ",
  "rotation_matrix": [
   [
    -0.6519594192504883,
    -0.7527719736099243,
    -0.09101256728172302
   ],
   [
    0.7544470429420471,
    -0.6319839954376221,
    -0.17721708118915558
   ],
   [
    0.07588556408882141,
    -0.18420250713825226,
    0.9799544811248779
   ]
  ]
 },
 {
  "rotation_euler": [
   -0.18580245971679688,
   -0.07595699280500412,
   -1.108724594116211
  ],
  "euler_order": "XYZ",
  "rotation_matrix": [
   [
    0.444518119096756,
    0.8859736323356628,
    0.13211512565612793
   ],
   [
    -0.8925498723983765,
    0.4255821704864502,
    0.14911258220672607
   ],
   [
    0.07588397711515427,
    -0.18420258164405823,
    0.9799546003341675
   ]
  ]
 },
 {
  "rotation_euler": [
   -0.18580259382724762,
   0.07595684379339218,
   0.32647567987442017
  ],
  "euler_order": "XYZ",
  "rotation_matrix": [
   [
    0.9444474577903748,
    -0.32846489548683167,
    0.01139252632856369
   ],
   [
    0.31978216767311096,
    0.9263801574707031,
    0.19889496266841888
   ],
   [
    -0.07588382810354233,
    -0.18420271575450897,
    0.9799546003341675
   ]
  ]
 },
 {
  "rotation_euler": [
   -0.1858024001121521,
   0.07595865428447723,
   1.211798906326294
  ],
  "euler_order": "XYZ",
  "rotation_matrix": [
   [
    0.3503226637840271,
    -0.9250603914260864,
    -0.14675578474998474
   ],
   [
    0.9335498809814453,
    0.33216363191604614,
    0.13472910225391388
   ],
   [
    -0.07588563114404678,
    -0.18420250713825226,
    0.9799544811248779
   ]
  ]
 },
 {
  "rotation_euler": [
   -0.18580254912376404,
   0.07595555484294891,
   0.6746127605438232
  ],
  "euler_order": "XYZ",
  "rotation_matrix": [
   [
    0.7786971926689148,
    -0.6247920989990234,
    -0.05714434012770653
   ],
   [
    0.6227940917015076,
    0.7587517499923706,
    0.1908489316701889
   ],
   [
    -0.07588253915309906,
    -0.18420268595218658,
    0.979954719543457
   ]
  ]
 },
 {
  "rotation_euler": [
   -0.18580274283885956,
   -0.07595854997634888,
   -1.5963220596313477
  ],
  "euler_order": "XYZ",
  "rotation_matrix": [
   [
    -0.025449367240071297,
    0.982110321521759,
    0.18657882511615753
   ],
   [
    -0.9967917203903198,
    -0.039097853004932404,
    0.06984011083841324
   ],
   [
    0.07588552683591843,
    -0.18420283496379852,
    0.9799544215202332
   ]
  ]
 },
 {
  "rotation_euler": [
   -0.1858026087284088,
   0.07595720887184143,
   -0.36514943838119507
  ],
  "euler_order": "XYZ",
  "rotation_matrix": [
   [
    0.9313771724700928,
    0.3378485143184662,
    0.13562814891338348
   ],
   [
    -0.3560592532157898,
    0.9229993224143982,
    0.14592485129833221
   ],
   [
    -0.07588419318199158,
    -0.18420273065567017,
    0.9799545407295227
   ]
  ]
 },
 {
  "rotation_euler": [
   -0.1858024150133133,
   -0.07595830410718918,
   2.8980789184570312
  ],
  "euler_order": "XYZ",
  "rotation_matrix": [
   [
    -0.9676983952522278,
    -0.25056928396224976,
    0.027836568653583527
   ],
   [
    0.240418940782547,
    -0.9504128098487854,
    -0.19726701080799103
   ],
   [
    0.07588528096675873,
    -0.18420252203941345,
    0.9799545407295227
   ]
  ]
 },
 {
  "rotation_euler": [
   -0.18580274283885956,
   -0.07595831900835037,
   -1.9546295404434204
  ],
  "euler_order": "XYZ",
  "rotation_matrix": [
   [
    -0.37339770793914795,
    0.9060269594192505,
    0.1992216557264328
   ],
   [
    -0.9245623350143433,
    -0.38103073835372925,
    -2.6795374651555903e-05
   ],
   [
    0.07588529586791992,
    -0.18420284986495972,
    0.9799544811248779
   ]
  ]
 },
 {
  "rotation_euler": [
   -0.1858024001121521,
   -0.07595856487751007,
   -0.7904132604598999
  ],
  "euler_order": "XYZ",
  "rotation_matrix": [
   [
    0.7015230059623718,
    0.7082756161689758,
    0.07881048321723938
   ],
   [
    -0.7085949778556824,
    0.6814800500869751,
    0.18297018110752106
   ],
   [
    0.07588554173707962,
    -0.18420250713825226,
    0.9799544811248779
   ]
  ]
 },
 {
  "rotation_euler": [
   -0.18580262362957,
   0.07595781981945038,
   0.7553985714912415
  ],
  "euler_order": "XYZ",
  "rotation_matrix": [
   [
    0.7258992195129395,
    -0.6839843988418579,
    -0.07235752791166306
   ],
   [
    0.6836020946502686,
    0.7058573961257935,
    0.1856166422367096
   ],
   [
    -0.07588479667901993,
    -0.18420273065567017,
    0.9799545407295227
   ]
  ]
 },
 {
  "rotation_euler": [
   -0.18580268323421478,
   0.0759589821100235,
   1.252441644668579
  ],
  "euler_order": "XYZ",
  "rotation_matrix": [
   [
    0.3121017813682556,
    -0.9377927780151367,
    -0.15210901200771332
   ],
   [
    0.9470130801200867,
    0.2943025827407837,
    0.1286553293466568
   ],
   [
    -0.07588595896959305,
    -0.18420277535915375,
    0.9799544215202332
   ]
  ]
 }
]