[
 {
  "rotation_euler": [
   -5.510624419002852e-07,
   1.4594358610509062e-08,
   2.242401361465454
  ],
  "euler_order": "XYZ",
  "rotation_matrix": [
   [
    -0.6222432255744934,
    -0.7828239798545837,
    -4.4046612401871243e-07
   ],
   [
    0.7828239798545837,
    -0.6222432255744934,
    -3.3147006206490914e-07
   ],
   [
    -1.4594358610509062e-08,
    -5.510624419002852e-07,
    1.0
   ]
  ]
 },
 {
  "rotation_euler": [
   3.7262583418851136e-07,
   -1.39325936743262e-06,
   -1.7610447406768799
  ],
  "euler_order": "XYZ",
  "rotation_matrix": [
   [
    -0.18910282850265503,
    0.9819573163986206,
    -1.0243336134863057e-07
   ],
   [
    -0.9819573163986206,
    -0.18910282850265503,
    1.4385857411980396e-06
   ],
   [
    1.39325936743262e-06,
    3.7262583418851136e-07,
    1.0
   ]
  ]
 },
 {
  "rotation_euler": [
   -2.6135350594813644e-07,
   7.413023439539757e-08,
   -1.6797419786453247
  ],
  "euler_order": "XYZ",
  "rotation_matrix": [
   [
    -0.1087302640080452,
    0.9940713047981262,
    2.517438133509131e-07
   ],
   [
    -0.9940713047981262,
    -0.1087302640080452,
    -1.0210777645625058e-07
   ],
   [
    -7.413023439539757e-08,
    -2.6135350594813644e-07,
    1.0
   ]
  ]
 },
 {
  "rotation_euler": [
   -1.5171688971804542e-07,
   1.2127769650760456e-06,
   -1.51091730594635
  ],
  "euler_order": "XYZ",
  "rotation_matrix": [
   [
    0.05984324589371681,
    0.9982078075408936,
    2.2402149113531777e-07
   ],
   [
    -0.9982078075408936,
    0.05984324589371681,
    -1.2015241281915223e-06
   ],
   [
    -1.2127769650760456e-06,
    -1.5171688971804542e-07,
    1.0
   ]
  ]
 },
 {
  "rotation_euler": [
   5.209103051129205e-07,
   -1.6175539485629997e-06,
   2.884162425994873
  ],
  "euler_order": "XYZ",
  "rotation_matrix": [
   [
    -0.9670474529266357,
    -0.2545962929725647,
    1.6968732552413712e-06
   ],
   [
    0.2545962929725647,
    -0.9670474529266357,
    9.192171290806073e-08
   ],
   [
    1.6175539485629997e-06,
    5.209103051129205e-07,
    1.0
   ]
  ]
 },
 {
  "rotation_euler": [
   4.029054991860903e-07,
   1.2600826266861986e-06,
   -2.446458578109741
  ],
  "euler_order": "XYZ",
  "rotation_matrix": [
   [
    -0.7679678201675415,
    0.6404883861541748,
    -1.22575920613599e-06
   ],
   [
    -0.6404883861541748,
    -0.7679678201675415,
    -4.976498644282401e-07
   ],
   [
    -1.2600826266861986e-06,
    4.029054991860903e-07,
    1.0
   ]
  ]
 },
 {
  "rotation_euler": [
   1.9414804341977288e-07,
   -1.5699856703577098e-06,
   1.8648395538330078
  ],
  "euler_order": "XYZ",
  "rotation_matrix": [
   [
    -0.2898242771625519,
    -0.9570798873901367,
    6.408351396203216e-07
   ],
   [
    0.9570798873901367,
    -0.2898242771625519,
    -1.4463329307545791e-06
   ],
   [
    1.5699856703577098e-06,
    1.9414804341977288e-07,
    1.0
   ]
  ]
 },
 {
  "rotation_euler": [
   -1.79771895147951e-08,
   -2.055775212284061e-06,
   -2.7012643814086914
  ],
  "euler_order": "XYZ",
  "rotation_matrix": [
   [
    -0.9046117663383484,
    0.42623645067214966,
    1.8673409840630484e-06
   ],
   [
    -0.42623645067214966,
    -0.9046117663383484,
    8.599839702583267e-07
   ],
   [
    2.055775212284061e-06,
    -1.79771895147951e-08,
    1.0
   ]
  ]
 },
 {
  "rotation_euler": [
   -6.69021957833138e-08,
   -8.581669419527316e-08,
   -1.973441481590271
  ],
  "euler_order": "XYZ",
  "rotation_matrix": [
   [
    -0.39185333251953125,
    0.9200276732444763,
    9.51794305592557e-08
   ],
   [
    -0.9200276732444763,
    -0.39185333251953125,
    5.273788872273144e-08
   ],
   [
    8.581669419527316e-08,
    -6.69021957833138e-08,
    1.0
   ]
  ]
 },
 {
  "rotation_euler": [
   -1.4611928236263338e-06,
   -2.655603452694777e-07,
   0.9013002514839172
  ],
  "euler_order": "XYZ",
  "rotation_matrix": [
   [
    0.6205909252166748,
    -0.7841345071792603,
    -1.3105760672260658e-06
   ],
   [
    0.7841345071792603,
    0.6205909252166748,
    6.985679874560446e-07
   ],
   [
    2.655603452694777e-07,
    -1.4611928236263338e-06,
    1.0
   ]
  ]
 },
 {
  "rotation_euler": [
   -4.7615318976568233e-07,
   -4.720657216239488e-07,
   -2.864837646484375
  ],
  "euler_order": "XYZ",
  "rotation_matrix": [
   [
    -0.9619471430778503,
    0.27323558926582336,
    5.842042583026341e-07
   ],
   [
    -0.27323558926582336,
    -0.9619471430778503,
    -3.2904904401220847e-07
   ],
   [
    4.720657216239488e-07,
    -4.7615318976568233e-07,
    1.0
   ]
  ]
 },
 {
  "rotation_euler": [
   2.493609940756869e-07,
   9.277459298573376e-07,
   -0.745771586894989
  ],
  "euler_order": "XYZ",
  "rotation_matrix": [
   [
    0.7345645427703857,
    0.6785387992858887,
    5.122881816532754e-07
   ],
   [
    -0.6785387992858887,
    0.7345645427703857,
    -8.126833677124523e-07
   ],
   [
    -9.277459298573376e-07,
    2.493609940756869e-07,
    1.0
   ]
  ]
 },
 {
  "rotation_euler": [
   -4.82709253901703e-07,
   1.1492539897517418e-06,
   -2.092679023742676
  ],
  "euler_order": "XYZ",
  "rotation_matrix": [
   [
    -0.4985131025314331,
    0.8668821454048157,
    -1.544661216712484e-07
   ],
   [
    -0.8668821454048157,
    -0.4985131025314331,
    -1.2369047226457042e-06
   ],
   [
    -1.1492539897517418e-06,
    -4.82709253901703e-07,
    1.0
   ]
  ]
 },
 {
  "rotation_euler": [
   3.8893531950634497e-07,
   -6.41142491986102e-07,
   1.5921088457107544
  ],
  "euler_order": "XYZ",
  "rotation_matrix": [
   [
    -0.021310904994606972,
    -0.9997729063034058,
    4.0251032373816997e-07
   ],
   [
    0.9997729063034058,
    -0.021310904994606972,
    -6.327083497126296e-07
   ],
   [
    6.41142491986102e-07,
    3.8893531950634497e-07,
    1.0
   ]
  ]
 },
 {
  "rotation_euler": [
   -1.2795482689398341e-05,
   -1.1793216799560469e-05,
   -0.7767884135246277
  ],
  "euler_order": "XYZ",
  "rotation_matrix": [
   [
    0.7131685018539429,
    0.7009926438331604,
    5.589882903223042e-07
   ],
   [
    -0.7009926438331604,
    0.7131685018539429,
    1.7392292647855356e-05
   ],
   [
    1.1793216799560469e-05,
    -1.2795482689398341e-05,
    1.0
   ]
  ]
 },
 {
  "rotation_euler": [
   -3.8530612300746725e-07,
   1.556809138492099e-06,
   -2.9308934211730957
  ],
  "euler_order": "XYZ",
  "rotation_matrix": [
   [
    -0.9778848886489868,
    0.2091437131166458,
    -1.4417958027479472e-06
   ],
   [
    -0.2091437131166458,
    -0.9778848886489868,
    -7.023818966445106e-07
   ],
   [
    -1.556809138492099e-06,
    -3.8530612300746725e-07,
    1.0
   ]
  ]
 }
]