[
 {
  "rotation_euler": [
   0.03885173797607422,
   0.030834564939141273,
   0.645470142364502
  ],
  "euler_order": "XYZ",
  "rotation_matrix": [
   [
    0.7984372973442078,
    -0.6001635193824768,
    0.04797500744462013
   ],
   [
    0.6012880802154541,
    0.7989345788955688,
    -0.012495283037424088
   ],
   [
    -0.03082967922091484,
    0.03882350027561188,
    0.9987703561782837
   ]
  ]
 },
 {
  "rotation_euler": [
   -0.04518980160355568,
   -0.1854495108127594,
   0.06268811970949173
  ],
  "euler_order": "XYZ",
  "rotation_matrix": [
   [
    0.9809228777885437,
    -0.05426983907818794,
    -0.18666835129261017
   ],
   [
    0.06157289072871208,
    0.997538685798645,
    0.0335460901260376
   ],
   [
    0.18438835442066193,
    -0.04439983889460564,
    0.9818500876426697
   ]
  ]
 },
 {
  "rotation_euler": [
   -0.01077631302177906,
   0.040936022996902466,
   1.0245790481567383
  ],
  "euler_order": "XYZ",
  "rotation_matrix": [
   [
    0.5190234780311584,
    -0.8546750545501709,
    0.012049264274537563
   ],
   [
    0.8537797331809998,
    0.5190516114234924,
    0.04056559130549431
   ],
   [
    -0.040924590080976486,
    -0.010767077095806599,
    0.9991042017936707
   ]
  ]
 },
 {
  "rotation_euler": [
   0.016357341781258583,
   -0.07796842604875565,
   -1.4407310485839844
  ],
  "euler_order": "XYZ",
  "rotation_matrix": [
   [
    0.12930484116077423,
    0.991255521774292,
    -0.02631927840411663
   ],
   [
    -0.9885410666465759,
    0.13094475865364075,
    0.07509978860616684
   ],
   [
    0.07788945734500885,
    0.01630692183971405,
    0.9968286156654358
   ]
  ]
 },
 {
  "rotation_euler": [
   -0.08925741910934448,
   -0.08952074497938156,
   -1.8946170806884766
  ],
  "euler_order": "XYZ",
  "rotation_matrix": [
   [
    -0.31691691279411316,
    0.9417170286178589,
    0.11283952742815018
   ],
   [
    -0.9442304372787476,
    -0.324479341506958,
    0.05605413019657135
   ],
   [
    0.08940122276544571,
    -0.08878201246261597,
    0.9920308589935303
   ]
  ]
 },
 {
  "rotation_euler": [
   -0.019595442339777946,
   0.0908447653055191,
   -1.5393401384353638
  ],
  "euler_order": "XYZ",
  "rotation_matrix": [
   [
    0.03132130950689316,
    0.999257504940033,
    0.02243717759847641
   ],
   [
    -0.9953837990760803,
    0.033221665769815445,
    -0.09004131704568863
   ],
   [
    -0.09071986377239227,
    -0.019513390958309174,
    0.9956852793693542
   ]
  ]
 },
 {
  "rotation_euler": [
   0.05012683942914009,
   0.025406183674931526,
   2.2947998046875
  ],
  "euler_order": "XYZ",
  "rotation_matrix": [
   [
    -0.6621754765510559,
    -0.7490620017051697,
    0.020731456577777863
   ],
   [
    0.7489181160926819,
    -0.6606036424636841,
    0.052196916192770004
   ],
   [
    -0.025403451174497604,
    0.05008967965841293,
    0.9984216094017029
   ]
  ]
 },
 {
  "rotation_euler": [
   -0.24458536505699158,
   -0.07974188774824142,
   1.8126194477081299
  ],
  "euler_order": "XYZ",
  "rotation_matrix": [
   [
    -0.2387121170759201,
    -0.9466260671615601,
    -0.21660003066062927
   ],
   [
    0.9678177833557129,
    -0.21361775696277618,
    -0.13302719593048096
   ],
   [
    0.0796574056148529,
    -0.24138455092906952,
    0.9671546816825867
   ]
  ]
 },
 {
  "rotation_euler": [
   -0.08569705486297607,
   -0.06239050626754761,
   -0.9685203433036804
  ],
  "euler_order": "XYZ",
  "rotation_matrix": [
   [
    0.5654172301292419,
    0.8240476250648499,
    0.03533922880887985
   ],
   [
    -0.8224450349807739,
    0.5600427985191345,
    0.09968054294586182
   ],
   [
    0.062350038439035416,
    -0.08542566746473312,
    0.9943917393684387
   ]
  ]
 },
 {
  "rotation_euler": [
   -0.20772475004196167,
   -0.08713962882757187,
   1.69475519657135
  ],
  "euler_order": "XYZ",
  "rotation_matrix": [
   [
    -0.12317252904176712,
    -0.9732137322425842,
    -0.19412250816822052
   ],
   [
    0.9885618090629578,
    -0.10317298769950867,
    -0.11000419408082962
   ],
   [
    0.08702939003705978,
    -0.2054515928030014,
    0.9747899770736694
   ]
  ]
 },
 {
  "rotation_euler": [
   0.027347497642040253,
   0.03617355227470398,
   -2.6042962074279785
  ],
  "euler_order": "XYZ",
  "rotation_matrix": [
   [
    -0.858533501625061,
    0.5107743144035339,
    -0.04505326598882675
   ],
   [
    -0.511480450630188,
    -0.8592804670333862,
    0.004987967666238546
   ],
   [
    -0.03616566210985184,
    0.027326200157403946,
    0.9989721179008484
   ]
  ]
 },
 {
  "rotation_euler": [
   0.04668121784925461,
   -0.07881006598472595,
   -2.1157374382019043
  ],
  "euler_order": "XYZ",
  "rotation_matrix": [
   [
    -0.5167587399482727,
    0.8561305999755859,
    0.0008605498005636036
   ],
   [
    -0.8525034785270691,
    -0.5146613717079163,
    0.09144120663404465
   ],
   [
    0.07872851192951202,
    0.04651942476630211,
    0.9958100914955139
   ]
  ]
 },
 {
  "rotation_euler": [
   -0.018251994624733925,
   0.12073278427124023,
   0.34745150804519653
  ],
  "euler_order": "XYZ",
  "rotation_matrix": [
   [
    0.9333991408348083,
    -0.3425127863883972,
    0.10700926929712296
   ],
   [
    0.3380240797996521,
    0.9393384456634521,
    0.05816357582807541
   ],
   [
    -0.12043969333171844,
    -0.018118126317858696,
    0.9925553202629089
   ]
  ]
 },
 {
  "rotation_euler": [
   0.13891088962554932,
   0.12101221084594727,
   -0.2592136859893799
  ],
  "euler_order": "XYZ",
  "rotation_matrix": [
   [
    0.95952308177948,
    0.2700081765651703,
    0.08006884902715683
   ],
   [
    -0.2544460892677307,
    0.9529966115951538,
    -0.1644829511642456
   ],
   [
    -0.12071707844734192,
    0.13745197653770447,
    0.9831247925758362
   ]
  ]
 },
 {
  "rotation_euler": [
   -0.09534960985183716,
   -0.049341149628162384,
   1.6549652814865112
  ],
  "euler_order": "XYZ",
  "rotation_matrix": [
   [
    -0.08396729081869125,
    -0.992328405380249,
    -0.09074058383703232
   ],
   [
    0.9952471852302551,
    -0.07900872826576233,
    -0.0569271519780159
   ],
   [
    0.04932112991809845,
    -0.09508933126926422,
    0.9942461848258972
   ]
  ]
 },
 {
  "rotation_euler": [
   0.0967269241809845,
   -0.1412072330713272,
   -3.0465126037597656
  ],
  "euler_order": "XYZ",
  "rotation_matrix": [
   [
    -0.9855750799179077,
    0.10802367329597473,
    0.13027922809123993
   ],
   [
    -0.09399193525314331,
    -0.989539623260498,
    0.10943876951932907
   ],
   [
    0.14073842763900757,
    0.09561492502689362,
    0.9854189157485962
   ]
  ]
 }
]