[
 {
  "rotation_euler": [
   0.0015021659201011062,
   -0.0003328761085867882,
   -2.735823154449463
  ],
  "euler_order": "XYZ",
  "rotation_matrix": [
   [
    -0.9187988638877869,
    0.3947259187698364,
    -0.0002870977041311562
   ],
   [
    -0.39472585916519165,
    -0.9187976717948914,
    0.001511582639068365
   ],
   [
    0.0003328761085867882,
    0.0015021652216091752,
    0.9999988079071045
   ]
  ]
 },
 {
  "rotation_euler": [
   -2.518767833709717,
   1.5002816915512085,
   -0.08298832923173904
  ],
  "euler_order": "XYZ",
  "rotation_matrix": [
   [
    0.07021373510360718,
    -0.6472082734107971,
    -0.7590727806091309
   ],
   [
    -0.0058403341099619865,
    -0.7612045407295227,
    0.6484856009483337
   ],
   [
    -0.9975148439407349,
    -0.04109935835003853,
    -0.05722692236304283
   ]
  ]
 },
 {
  "rotation_euler": [
   0.0014848473947495222,
   -0.0003355072403792292,
   0.5936235785484314
  ],
  "euler_order": "XYZ",
  "rotation_matrix": [
   [
    0.8289191722869873,
    -0.5593681335449219,
    0.0005524682346731424
   ],
   [
    0.5593683123588562,
    0.8289180397987366,
    -0.0014184899628162384
   ],
   [
    0.0003355072403792292,
    0.001484846812672913,
    0.9999988675117493
   ]
  ]
 },
 {
  "rotation_euler": [
   0.6295595169067383,
   -1.6343287229537964,
   -1.6397114992141724
  ],
  "euler_order": "XYZ",
  "rotation_matrix": [
   [
    0.00437193876132369,
    0.8468308448791504,
    -0.5318443179130554
   ],
   [
    0.06333895772695541,
    0.5305469632148743,
    0.8452858328819275
   ],
   [
    0.9979825019836426,
    -0.03738200291991234,
    -0.05131786689162254
   ]
  ]
 },
 {
  "rotation_euler": [
   0.628835141658783,
   1.6357604265213013,
   1.7074507474899292
  ],
  "euler_order": "XYZ",
  "rotation_matrix": [
   [
    0.008843802846968174,
    -0.8811354041099548,
    0.47278130054473877
   ],
   [
    -0.06431320309638977,
    0.47131967544555664,
    0.8796144127845764
   ],
   [
    -0.9978905916213989,
    -0.03818521276116371,
    -0.05250038206577301
   ]
  ]
 },
 {
  "rotation_euler": [
   0.6719943284988403,
   -1.6211050748825073,
   -1.142055630683899
  ],
  "euler_order": "XYZ",
  "rotation_matrix": [
   [
    -0.02090582437813282,
    0.4532683789730072,
    -0.8911288976669312
   ],
   [
    0.045736003667116165,
    0.8908241391181946,
    0.452040433883667
   ],
   [
    0.9987347722053528,
    -0.031306397169828415,
    -0.039354097098112106
   ]
  ]
 },
 {
  "rotation_euler": [
   0.6424903869628906,
   1.6241689920425415,
   2.1573760509490967
  ],
  "euler_order": "XYZ",
  "rotation_matrix": [
   [
    0.029528586193919182,
    -0.9979650974273682,
    0.05651257187128067
   ],
   [
    -0.0444297231733799,
    0.055170927196741104,
    0.9974879026412964
   ],
   [
    -0.9985760450363159,
    -0.03196524456143379,
    -0.04271019250154495
   ]
  ]
 },
 {
  "rotation_euler": [
   0.0014910430181771517,
   -0.00031884934287518263,
   0.7576012015342712
  ],
  "euler_order": "XYZ",
  "rotation_matrix": [
   [
    0.7264864444732666,
    -0.6871803402900696,
    0.0007929761777631938
   ],
   [
    0.6871806979179382,
    0.7264853715896606,
    -0.0013023291248828173
   ],
   [
    0.00031884934287518263,
    0.0014910424361005425,
    0.9999988079071045
   ]
  ]
 },
 {
  "rotation_euler": [
   0.6304627656936646,
   -1.633495807647705,
   -2.1329545974731445
  ],
  "euler_order": "XYZ",
  "rotation_matrix": [
   [
    0.03339778259396553,
    0.9970507025718689,
    -0.06909739971160889
   ],
   [
    0.05301569774746895,
    0.06727127730846405,
    0.9963251948356628
   ],
   [
    0.9980350136756897,
    -0.036938298493623734,
    -0.05061262845993042
   ]
  ]
 },
 {
  "rotation_euler": [
   0.001479779602959752,
   -0.0003711205208674073,
   2.372326612472534
  ],
  "euler_order": "XYZ",
  "rotation_matrix": [
   [
    -0.7184213399887085,
    -0.6956070065498352,
    0.0012959670275449753
   ],
   [
    0.6956080794334412,
    -0.7184209823608398,
    0.0008049507741816342
   ],
   [
    0.0003711205208674073,
    0.0014797789044678211,
    0.9999988079071045
   ]
  ]
 },
 {
  "rotation_euler": [
   0.001502910628914833,
   -0.00032159953843802214,
   -2.1377811431884766
  ],
  "euler_order": "XYZ",
  "rotation_matrix": [
   [
    -0.537091076374054,
    0.8435235619544983,
    -0.0010950129944831133
   ],
   [
    -0.8435242176055908,
    -0.5370901226997375,
    0.001078476314432919
   ],
   [
    0.00032159953843802214,
    0.001502909930422902,
    0.9999988079071045
   ]
  ]
 },
 {
  "rotation_euler": [
   0.6245282292366028,
   -1.6471061706542969,
   -1.9087201356887817
  ],
  "euler_order": "XYZ",
  "rotation_matrix": [
   [
    0.025274382904171944,
    0.9586451649665833,
    -0.2834794819355011
   ],
   [
    0.07192429155111313,
    0.2810913920402527,
    0.9569819569587708
   ],
   [
    0.9970898032188416,
    -0.044576190412044525,
    -0.06184546276926994
   ]
  ]
 },
 {
  "rotation_euler": [
   0.0015042276354506612,
   -0.0003334111243020743,
   -0.06528756022453308
  ],
  "euler_order": "XYZ",
  "rotation_matrix": [
   [
    0.9978694915771484,
    0.06524061411619186,
    -0.00043083797208964825
   ],
   [
    -0.06524118781089783,
    0.9978684186935425,
    -0.0014792702859267592
   ],
   [
    0.0003334111243020743,
    0.0015042269369587302,
    0.9999988079071045
   ]
  ]
 },
 {
  "rotation_euler": [
   0.0014798687770962715,
   -0.0003690565936267376,
   0.5146186351776123
  ],
  "euler_order": "XYZ",
  "rotation_matrix": [
   [
    0.8704804182052612,
    -0.49220284819602966,
    0.0004071392468176782
   ],
   [
    0.49220287799835205,
    0.8704792857170105,
    -0.0014698469312861562
   ],
   [
    0.0003690565936267376,
    0.0014798680786043406,
    0.9999988079071045
   ]
  ]
 },
 {
  "rotation_euler": [
   0.0014981969725340605,
   -0.00033619574969634414,
   2.271050214767456
  ],
  "euler_order": "XYZ",
  "rotation_matrix": [
   [
    -0.6444118022918701,
    -0.7646774053573608,
    0.0013622869737446308
   ],
   [
    0.7646785378456116,
    -0.6444115042686462,
    0.0007083741365931928
   ],
   [
    0.00033619574969634414,
    0.0014981962740421295,
    0.9999988079071045
   ]
  ]
 },
 {
  "rotation_euler": [
   0.0014907709555700421,
   -0.00032642410951666534,
   -0.770191490650177
  ],
  "euler_order": "XYZ",
  "rotation_matrix": [
   [
    0.7177773118019104,
    0.6962715983390808,
    -0.0012722823303192854
   ],
   [
    -0.6962726712226868,
    0.717776894569397,
    -0.0008427613065578043
   ],
   [
    0.00032642410951666534,
    0.001490770373493433,
    0.9999988079071045
   ]
  ]
 }
]