[
 {
  "rotation_euler": [
   -0.37782546877861023,
   2.8772644996643066,
   0.026608074083924294
  ],
  "euler_order": "XYZ",
  "rotation_matrix": [
   [
    -0.964926540851593,
    -0.12107350677251816,
    0.23293331265449524
   ],
   [
    -0.025680897757411003,
    0.9265758395195007,
    0.37523019313812256
   ],
   [
    -0.2612608075141907,
    0.3560876250267029,
    -0.8971869349479675
   ]
  ]
 },
 {
  "rotation_euler": [
   -0.00827074609696865,
   -0.010790107771754265,
   -1.3507626056671143
  ],
  "euler_order": "XYZ",
  "rotation_matrix": [
   [
    0.2182498276233673,
    0.9758762121200562,
    0.005716297309845686
   ],
   [
    -0.9758332967758179,
    0.2181679755449295,
    0.012334568426012993
   ],
   [
    0.010789898224174976,
    -0.008270170539617538,
    0.9999076128005981
   ]
  ]
 },
 {
  "rotation_euler": [
   0.021891528740525246,
   4.1697189772094134e-06,
   -1.767492651939392
  ],
  "euler_order": "XYZ",
  "rotation_matrix": [
   [
    -0.1954304277896881,
    0.9804825782775879,
    -0.0214685071259737
   ],
   [
    -0.9807175397872925,
    -0.1953836977481842,
    0.004273840691894293
   ],
   [
    -4.1697189772094134e-06,
    0.021889779716730118,
    0.9997603893280029
   ]
  ]
 },
 {
  "rotation_euler": [
   0.02190251089632511,
   -1.001180066850793e-06,
   2.3860621452331543
  ],
  "euler_order": "XYZ",
  "rotation_matrix": [
   [
    -0.7279078960418701,
    -0.6855104565620422,
    0.015017530880868435
   ],
   [
    0.6856749057769775,
    -0.727733314037323,
    0.01594104990363121
   ],
   [
    1.001180066850793e-06,
    0.021900760009884834,
    0.9997601509094238
   ]
  ]
 },
 {
  "rotation_euler": [
   -0.4126993417739868,
   0.04504779353737831,
   2.261261463165283
  ],
  "euler_order": "XYZ",
  "rotation_matrix": [
   [
    -0.6362497210502625,
    -0.6947185397148132,
    -0.33548828959465027
   ],
   [
    0.7701677680015564,
    -0.5973477959632874,
    -0.22364541888237
   ],
   [
    -0.0450325608253479,
    -0.4006766080856323,
    0.9151121973991394
   ]
  ]
 },
 {
  "rotation_euler": [
   0.02190316841006279,
   2.195003162341891e-06,
   2.878486156463623
  ],
  "euler_order": "XYZ",
  "rotation_matrix": [
   [
    -0.9655867218971252,
    -0.26001906394958496,
    0.005694032181054354
   ],
   [
    0.26008138060569763,
    -0.9653550982475281,
    0.021148288622498512
   ],
   [
    -2.195003162341891e-06,
    0.021901417523622513,
    0.9997601509094238
   ]
  ]
 },
 {
  "rotation_euler": [
   0.021870223805308342,
   -1.4356538713400369e-06,
   -0.2289036214351654
  ],
  "euler_order": "XYZ",
  "rotation_matrix": [
   [
    0.9739157557487488,
    0.2268555909395218,
    -0.004963572137057781
   ],
   [
    -0.22690987586975098,
    0.9736828804016113,
    -0.02129773236811161
   ],
   [
    1.4356538713400369e-06,
    0.021868480369448662,
    0.9997608661651611
   ]
  ]
 },
 {
  "rotation_euler": [
   -0.07733765989542007,
   0.0028134805615991354,
   3.020199775695801
  ],
  "euler_order": "XYZ",
  "rotation_matrix": [
   [
    -0.9926369786262512,
    -0.12051721662282944,
    -0.01214029174298048
   ],
   [
    0.1210944727063179,
    -0.989700198173523,
    -0.07635234296321869
   ],
   [
    -0.002813476836308837,
    -0.07726028561592102,
    0.9970070123672485
   ]
  ]
 },
 {
  "rotation_euler": [
   0.01380152814090252,
   -0.0005542094586417079,
   3.029536008834839
  ],
  "euler_order": "XYZ",
  "rotation_matrix": [
   [
    -0.9937280416488647,
    -0.11180403083562851,
    0.00209395051933825
   ],
   [
    0.11182226240634918,
    -0.9936344623565674,
    0.013652565889060497
   ],
   [
    0.0005542094586417079,
    0.013801087625324726,
    0.9999046325683594
   ]
  ]
 },
 {
  "rotation_euler": [
   -0.05879645794630051,
   -0.0002466998703312129,
   -0.8291265368461609
  ],
  "euler_order": "XYZ",
  "rotation_matrix": [
   [
    0.6755200624465942,
    0.7360772490501404,
    0.04316173866391182
   ],
   [
    -0.737341582775116,
    0.6743420362472534,
    0.039876893162727356
   ],
   [
    0.0002466998703312129,
    -0.05876258388161659,
    0.9982719421386719
   ]
  ]
 },
 {
  "rotation_euler": [
   0.021891677752137184,
   3.7737418097094633e-06,
   3.094655752182007
  ],
  "euler_order": "XYZ",
  "rotation_matrix": [
   [
    -0.9988986849784851,
    -0.046908508986234665,
    0.0010232995264232159
   ],
   [
    0.04691966995596886,
    -0.9986593127250671,
    0.021865997463464737
   ],
   [
    -3.7737418097094633e-06,
    0.021889928728342056,
    0.9997603893280029
   ]
  ]
 },
 {
  "rotation_euler": [
   0.021905751898884773,
   -1.824262994887249e-06,
   -0.7140887975692749
  ],
  "euler_order": "XYZ",
  "rotation_matrix": [
   [
    0.755690336227417,
    0.6547719240188599,
    -0.014346945099532604
   ],
   [
    -0.6549291014671326,
    0.7555090188980103,
    -0.016551446169614792
   ],
   [
    1.824262994887249e-06,
    0.021903999149799347,
    0.999760091304779
   ]
  ]
 },
 {
  "rotation_euler": [
   0.021895773708820343,
   2.504147460058448e-06,
   -1.4655852317810059
  ],
  "euler_order": "XYZ",
  "rotation_matrix": [
   [
    0.10501709580421448,
    0.9942320585250854,
    -0.02177269570529461
   ],
   [
    -0.9944704174995422,
    0.1049918681383133,
    -0.0023017365019768476
   ],
   [
    -2.504147460058448e-06,
    0.021894024685025215,
    0.9997602701187134
   ]
  ]
 },
 {
  "rotation_euler": [
   0.021888388320803642,
   4.197804628347512e-06,
   -3.1408872604370117
  ],
  "euler_order": "XYZ",
  "rotation_matrix": [
   [
    -0.9999997615814209,
    0.0007051322609186172,
    -1.963548311323393e-05
   ],
   [
    -0.0007053930894471705,
    -0.9997602105140686,
    0.021886631846427917
   ],
   [
    -4.197804628347512e-06,
    0.021886641159653664,
    0.9997604489326477
   ]
  ]
 },
 {
  "rotation_euler": [
   -0.05964028462767601,
   -0.0009497813298366964,
   -0.31272515654563904
  ],
  "euler_order": "XYZ",
  "rotation_matrix": [
   [
    0.95149827003479,
    0.3071596324443817,
    0.01743551343679428
   ],
   [
    -0.30765262246131897,
    0.9497895836830139,
    0.05700569972395897
   ],
   [
    0.0009497812134213746,
    -0.059604909271001816,
    0.9982215762138367
   ]
  ]
 },
 {
  "rotation_euler": [
   0.09559657424688339,
   -0.0002950524212792516,
   -0.3933654725551605
  ],
  "euler_order": "XYZ",
  "rotation_matrix": [
   [
    0.9236242771148682,
    0.38152289390563965,
    -0.03685756027698517
   ],
   [
    -0.38329899311065674,
    0.9194179773330688,
    -0.08804832398891449
   ],
   [
    0.0002950524212792516,
    0.09545103460550308,
    0.9954341053962708
   ]
  ]
 }
]