[
 {
  "rotation_euler": [
   -1.5723977088928223,
   -0.004025080241262913,
   1.3915520906448364
  ],
  "euler_order": "XYZ",
  "rotation_matrix": [
   [
    0.17828452587127686,
    0.0022933376021683216,
    -0.9839763045310974
   ],
   [
    0.9839707612991333,
    0.003675073618069291,
    0.17829208076000214
   ],
   [
    0.004025069531053305,
    -0.9999906420707703,
    -0.0016013684216886759
   ]
  ]
 },
 {
  "rotation_euler": [
   1.567670226097107,
   -0.08968299627304077,
   1.3938974142074585
  ],
  "euler_order": "XYZ",
  "rotation_matrix": [
   [
    0.17527051270008087,
    -0.018838295713067055,
    0.9843400716781616
   ],
   [
    0.9804380536079407,
    -0.08761456608772278,
    -0.17625248432159424
   ],
   [
    0.08956282585859299,
    0.9959763288497925,
    0.0031135324388742447
   ]
  ]
 },
 {
  "rotation_euler": [
   -1.5714327096939087,
   0.024910621345043182,
   -2.2518234252929688
  ],
  "euler_order": "XYZ",
  "rotation_matrix": [
   [
    -0.6293960213661194,
    0.015187463723123074,
    0.7769362926483154
   ],
   [
    -0.7766854166984558,
    0.01975237764418125,
    -0.6295788884162903
   ],
   [
    -0.024908045306801796,
    -0.999689519405365,
    -0.0006361854029819369
   ]
  ]
 },
 {
  "rotation_euler": [
   -1.572023630142212,
   0.014707105234265327,
   -1.6783441305160522
  ],
  "euler_order": "XYZ",
  "rotation_matrix": [
   [
    -0.10732898861169815,
    0.00035839929478242993,
    0.9942234754562378
   ],
   [
    -0.9941147565841675,
    0.014753333292901516,
    -0.1073225736618042
   ],
   [
    -0.014706575311720371,
    -0.9998911023139954,
    -0.0012271703453734517
   ]
  ]
 },
 {
  "rotation_euler": [
   -1.5721415281295776,
   0.013151902705430984,
   0.15019463002681732
  ],
  "euler_order": "XYZ",
  "rotation_matrix": [
   [
    0.9886564612388611,
    -0.012802168726921082,
    -0.14964793622493744
   ],
   [
    0.14961762726306915,
    -0.0032979247625917196,
    0.9887384176254272
   ],
   [
    -0.013151523657143116,
    -0.9999126195907593,
    -0.0013450846308842301
   ]
  ]
 },
 {
  "rotation_euler": [
   1.5651344060897827,
   0.0002980814897455275,
   0.595723032951355
  ],
  "euler_order": "XYZ",
  "rotation_matrix": [
   [
    0.8277429938316345,
    -0.0029301976319402456,
    0.5610997676849365
   ],
   [
    0.561107337474823,
    0.004853843245655298,
    -0.827728807926178
   ],
   [
    -0.0002980814897455275,
    0.9999839067459106,
    0.005661890376359224
   ]
  ]
 },
 {
  "rotation_euler": [
   -1.5727568864822388,
   -0.0123833566904068,
   1.1652499437332153
  ],
  "euler_order": "XYZ",
  "rotation_matrix": [
   [
    0.39449062943458557,
    0.006686890032142401,
    -0.9188756346702576
   ],
   [
    0.9188165068626404,
    0.01060511078685522,
    0.3945424258708954
   ],
   [
    0.01238304004073143,
    -0.9999213814735413,
    -0.0019604081753641367
   ]
  ]
 },
 {
  "rotation_euler": [
   -1.5729668140411377,
   -0.06362699717283249,
   2.593046188354492
  ],
  "euler_order": "XYZ",
  "rotation_matrix": [
   [
    -0.8515567183494568,
    -0.05312331020832062,
    -0.5215640068054199
   ],
   [
    0.5203923583030701,
    0.035007718950510025,
    -0.853209376335144
   ],
   [
    0.06358407437801361,
    -0.997974157333374,
    -0.002166093559935689
   ]
  ]
 },
 {
  "rotation_euler": [
   1.5651485919952393,
   0.0006943923071958125,
   -0.07790639251470566
  ],
  "euler_order": "XYZ",
  "rotation_matrix": [
   [
    0.9969666004180908,
    0.0011318223550915718,
    -0.07782245427370071
   ],
   [
    -0.077827587723732,
    0.005576532334089279,
    -0.9969512224197388
   ],
   [
    -0.0006943922489881516,
    0.9999837875366211,
    0.005647703539580107
   ]
  ]
 },
 {
  "rotation_euler": [
   -1.572016716003418,
   0.019862689077854156,
   0.7498722672462463
  ],
  "euler_order": "XYZ",
  "rotation_matrix": [
   [
    0.7316315770149231,
    -0.013702320866286755,
    -0.6815625429153442
   ],
   [
    0.6814108490943909,
    -0.01442947331815958,
    0.7317588925361633
   ],
   [
    -0.019861383363604546,
    -0.9998019933700562,
    -0.001220148173160851
   ]
  ]
 },
 {
  "rotation_euler": [
   -1.5704423189163208,
   -0.18497948348522186,
   -1.9987066984176636
  ],
  "euler_order": "XYZ",
  "rotation_matrix": [
   [
    -0.40789109468460083,
    -0.07600191980600357,
    0.9098618030548096
   ],
   [
    -0.8943130970001221,
    -0.16748951375484467,
    -0.4149112403392792
   ],
   [
    0.18392637372016907,
    -0.9829399585723877,
    0.00034796851105056703
   ]
  ]
 },
 {
  "rotation_euler": [
   -1.5720305442810059,
   0.014647477306425571,
   2.431847095489502
  ],
  "euler_order": "XYZ",
  "rotation_matrix": [
   [
    -0.7584463357925415,
    0.01191437803208828,
    -0.6516265869140625
   ],
   [
    0.6515709161758423,
    -0.008608357049524784,
    -0.7585389018058777
   ],
   [
    -0.014646953903138638,
    -0.9998919367790222,
    -0.0012340848334133625
   ]
  ]
 },
 {
  "rotation_euler": [
   -1.571911334991455,
   0.017814509570598602,
   1.2009812593460083
  ],
  "euler_order": "XYZ",
  "rotation_matrix": [
   [
    0.36138564348220825,
    -0.005398958455771208,
    -0.9324008226394653
   ],
   [
    0.9322462677955627,
    -0.01701226830482483,
    0.3614242672920227
   ],
   [
    -0.01781356707215309,
    -0.9998406767845154,
    -0.0011148310732096434
   ]
  ]
 },
 {
  "rotation_euler": [
   -1.5718753337860107,
   0.028684847056865692,
   -1.719038724899292
  ],
  "euler_order": "XYZ",
  "rotation_matrix": [
   [
    -0.14763927459716797,
    0.003168997121974826,
    0.9890362024307251
   ],
   [
    -0.9886253476142883,
    0.02852570079267025,
    -0.14766934514045715
   ],
   [
    -0.028680913150310516,
    -0.9995880126953125,
    -0.0010785629274323583
   ]
  ]
 },
 {
  "rotation_euler": [
   1.570090651512146,
   3.0572288036346436,
   -0.019588738679885864
  ],
  "euler_order": "XYZ",
  "rotation_matrix": [
   [
    -0.9962522983551025,
    0.0842614471912384,
    -0.01952802948653698
   ],
   [
    0.019517822191119194,
    -0.0009449759963899851,
    -0.9998090863227844
   ],
   [
    -0.08426380902528763,
    -0.9964432120323181,
    -0.0007031654822640121
   ]
  ]
 },
 {
  "rotation_euler": [
   1.5657488107681274,
   -0.021741703152656555,
   0.401182621717453
  ],
  "euler_order": "XYZ",
  "rotation_matrix": [
   [
    0.9203822612762451,
    -0.021984659135341644,
    0.39040133357048035
   ],
   [
    0.3904150426387787,
    -0.0038427950348705053,
    -0.920630931854248
   ],
   [
    0.021739989519119263,
    0.9997509121894836,
    0.005046301521360874
   ]
  ]
 }
]