[
 {
  "rotation_euler": [
   -1.5025451183319092,
   -0.0058809625916182995,
   -0.4477922320365906
  ],
  "euler_order": "XYZ",
  "rotation_matrix": [
   [
    0.9013895988464355,
    0.034816987812519073,
    0.4316069185733795
   ],
   [
    -0.43296900391578674,
    0.058933865278959274,
    0.8994802236557007
   ],
   [
    0.005880928598344326,
    -0.9976545572280884,
    0.06819705665111542
   ]
  ]
 },
 {
  "rotation_euler": [
   -1.5029948949813843,
   -0.012805843725800514,
   0.9200593829154968
  ],
  "euler_order": "XYZ",
  "rotation_matrix": [
   [
    0.6057232618331909,
    -0.04616464674472809,
    -0.7943350672721863
   ],
   [
    0.7955723404884338,
    0.05120593309402466,
    0.6036908030509949
   ],
   [
    0.012805493548512459,
    -0.9976205825805664,
    0.0677439421415329
   ]
  ]
 },
 {
  "rotation_euler": [
   -1.5029723644256592,
   -0.012502976693212986,
   0.9774803519248962
  ],
  "euler_order": "XYZ",
  "rotation_matrix": [
   [
    0.5590696334838867,
    -0.04921482503414154,
    -0.8276587724685669
   ],
   [
    0.829026460647583,
    0.04823422059416771,
    0.5571253299713135
   ],
   [
    0.01250265073031187,
    -0.9976228475570679,
    0.06776668131351471
   ]
  ]
 },
 {
  "rotation_euler": [
   -1.5024189949035645,
   -0.0035395475570112467,
   -0.06217343732714653
  ],
  "euler_order": "XYZ",
  "rotation_matrix": [
   [
    0.9980615973472595,
    0.007769651710987091,
    0.06174682825803757
   ],
   [
    -0.062132999300956726,
    0.06797263771295547,
    0.9957506060600281
   ],
   [
    0.0035395401064306498,
    -0.9976569414138794,
    0.06832363456487656
   ]
  ]
 },
 {
  "rotation_euler": [
   -1.5036319494247437,
   -0.019748399034142494,
   -0.5006406307220459
  ],
  "euler_order": "XYZ",
  "rotation_matrix": [
   [
    0.8771041631698608,
    0.049498435109853745,
    0.4777427613735199
   ],
   [
    -0.4798940420150757,
    0.04942035675048828,
    0.8759334087371826
   ],
   [
    0.019747115671634674,
    -0.9975507855415344,
    0.06710080802440643
   ]
  ]
 },
 {
  "rotation_euler": [
   -1.5030829906463623,
   -0.013795207254588604,
   -3.0462372303009033
  ],
  "euler_order": "XYZ",
  "rotation_matrix": [
   [
    -0.995362401008606,
    -0.007258504629135132,
    0.09592192620038986
   ],
   [
    -0.09520192444324493,
    -0.06866462528705597,
    -0.9930869936943054
   ],
   [
    0.013794769532978535,
    -0.9976133704185486,
    0.06765516102313995
   ]
  ]
 },
 {
  "rotation_euler": [
   1.6602500677108765,
   0.07342606782913208,
   -2.182302236557007
  ],
  "euler_order": "XYZ",
  "rotation_matrix": [
   [
    -0.5725542306900024,
    -0.1150934100151062,
    -0.811748206615448
   ],
   [
    -0.816578209400177,
    -0.008538918569684029,
    0.5771716833114624
   ],
   [
    -0.07336010783910751,
    0.9933179616928101,
    -0.08909377455711365
   ]
  ]
 },
 {
  "rotation_euler": [
   1.6602600812911987,
   0.07337857782840729,
   0.29920637607574463
  ],
  "euler_order": "XYZ",
  "rotation_matrix": [
   [
    0.9529992938041687,
    0.09611069411039352,
    0.28732404112815857
   ],
   [
    0.29396873712539673,
    -0.06385156512260437,
    -0.9536799192428589
   ],
   [
    -0.07331274449825287,
    0.9933205246925354,
    -0.08910403400659561
   ]
  ]
 },
 {
  "rotation_euler": [
   -1.5031275749206543,
   -0.01509444322437048,
   1.4236093759536743
  ],
  "euler_order": "XYZ",
  "rotation_matrix": [
   [
    0.1466393768787384,
    -0.06467746943235397,
    -0.9870733022689819
   ],
   [
    0.9890748262405396,
    0.024812959134578705,
    0.14531086385250092
   ],
   [
    0.015093870460987091,
    -0.9975976943969727,
    0.06760941445827484
   ]
  ]
 },
 {
  "rotation_euler": [
   -1.5028443336486816,
   -0.011335929855704308,
   0.953443706035614
  ],
  "euler_order": "XYZ",
  "rotation_matrix": [
   [
    0.5788412690162659,
    -0.04881952330470085,
    -0.8139775395393372
   ],
   [
    0.8153614401817322,
    0.04852762445807457,
    0.57691490650177
   ],
   [
    0.011335686780512333,
    -0.9976280331611633,
    0.06789534538984299
   ]
  ]
 },
 {
  "rotation_euler": [
   -1.5034641027450562,
   -0.018001753836870193,
   3.035576581954956
  ],
  "euler_order": "XYZ",
  "rotation_matrix": [
   [
    -0.9942244291305542,
    -0.02497870847582817,
    -0.1043734923005104
   ],
   [
    0.10580044239759445,
    -0.06500312685966492,
    -0.9922604560852051
   ],
   [
    0.018000781536102295,
    -0.9975723624229431,
    0.06727045774459839
   ]
  ]
 },
 {
  "rotation_euler": [
   -1.504310131072998,
   0.059817444533109665,
   -3.0066885948181152
  ],
  "euler_order": "XYZ",
  "rotation_matrix": [
   [
    -0.9891419410705566,
    0.06804322451353073,
    0.13026243448257446
   ],
   [
    -0.13425469398498535,
    -0.05781099200248718,
    -0.9892591238021851
   ],
   [
    -0.05978177860379219,
    -0.9960060119628906,
    0.06631840020418167
   ]
  ]
 },
 {
  "rotation_euler": [
   -1.5028244256973267,
   -0.011132718995213509,
   0.11500465869903564
  ],
  "euler_order": "XYZ",
  "rotation_matrix": [
   [
    0.9933326840400696,
    0.0032395529560744762,
    -0.11523745208978653
   ],
   [
    0.11474420875310898,
    0.0687454342842102,
    0.9910135269165039
   ],
   [
    0.011132488958537579,
    -0.9976289868354797,
    0.06791536509990692
   ]
  ]
 },
 {
  "rotation_euler": [
   1.660249948501587,
   0.0734277069568634,
   -0.24178265035152435
  ],
  "euler_order": "XYZ",
  "rotation_matrix": [
   [
    0.968296468257904,
    0.049553386867046356,
    -0.24483956396579742
   ],
   [
    -0.23878861963748932,
    -0.10423092544078827,
    -0.9654614925384521
   ],
   [
    -0.07336173951625824,
    0.9933178424835205,
    -0.0890936478972435
   ]
  ]
 },
 {
  "rotation_euler": [
   -1.5031214952468872,
   -0.015095734968781471,
   0.1466740071773529
  ],
  "euler_order": "XYZ",
  "rotation_matrix": [
   [
    0.9891499280929565,
    0.005015857983380556,
    -0.1468239426612854
   ],
   [
    0.14613200724124908,
    0.06909818202257156,
    0.9868489503860474
   ],
   [
    0.015095161274075508,
    -0.9975972771644592,
    0.06761547923088074
   ]
  ]
 },
 {
  "rotation_euler": [
   -1.5029455423355103,
   -0.012061557732522488,
   -0.08339975029230118
  ],
  "euler_order": "XYZ",
  "rotation_matrix": [
   [
    0.9964517951011658,
    0.017639532685279846,
    0.08229652792215347
   ],
   [
    -0.08329704403877258,
    0.06656065583229065,
    0.9942994117736816
   ],
   [
    0.012061265297234058,
    -0.9976264238357544,
    0.06779380142688751
   ]
  ]
 }
]