[
 {
  "rotation_euler": [
   6.732800102327019e-05,
   -0.007822168059647083,
   -0.851571261882782
  ],
  "euler_order": "XYZ",
  "rotation_matrix": [
   [
    0.6587817072868347,
    0.7523161172866821,
    -0.005203858483582735
   ],
   [
    -0.7522934675216675,
    0.6588022708892822,
    0.005840329919010401
   ],
   [
    0.007822087965905666,
    6.732594192726538e-05,
    0.9999694228172302
   ]
  ]
 },
 {
  "rotation_euler": [
   6.351523916237056e-05,
   -0.007827282883226871,
   -0.27174806594848633
  ],
  "euler_order": "XYZ",
  "rotation_matrix": [
   [
    0.9632736444473267,
    0.26841527223587036,
    -0.007557017728686333
   ],
   [
    -0.26840755343437195,
    0.96330326795578,
    0.0020397601183503866
   ],
   [
    0.007827202789485455,
    6.351329648168758e-05,
    0.9999693632125854
   ]
  ]
 },
 {
  "rotation_euler": [
   6.546143413288519e-05,
   -0.0078417444601655,
   -2.1675515174865723
  ],
  "euler_order": "XYZ",
  "rotation_matrix": [
   [
    -0.5619441866874695,
    0.8271636962890625,
    0.004352565389126539
   ],
   [
    -0.8271380066871643,
    -0.5619609951972961,
    0.006523124407976866
   ],
   [
    0.007841664366424084,
    6.545941869262606e-05,
    0.9999692440032959
   ]
  ]
 },
 {
  "rotation_euler": [
   6.27615227131173e-05,
   -0.007827133871614933,
   -0.5194993019104004
  ],
  "euler_order": "XYZ",
  "rotation_matrix": [
   [
    0.8680412769317627,
    0.4964451193809509,
    -0.006825571414083242
   ],
   [
    -0.496430367231369,
    0.8680680990219116,
    0.0038312249816954136
   ],
   [
    0.007827053777873516,
    6.275960186030716e-05,
    0.9999693632125854
   ]
  ]
 },
 {
  "rotation_euler": [
   6.51826849207282e-05,
   -0.007823597639799118,
   -0.8059729933738708
  ],
  "euler_order": "XYZ",
  "rotation_matrix": [
   [
    0.6923883557319641,
    0.7215043306350708,
    -0.005464108195155859
   ],
   [
    -0.7214826345443726,
    0.6924099326133728,
    0.005599571857601404
   ],
   [
    0.007823517546057701,
    6.518069130834192e-05,
    0.9999694228172302
   ]
  ]
 },
 {
  "rotation_euler": [
   6.952410330995917e-05,
   -0.007823704741895199,
   -0.3799002170562744
  ],
  "euler_order": "XYZ",
  "rotation_matrix": [
   [
    0.9286732077598572,
    0.3708272874355316,
    -0.007291594985872507
   ],
   [
    -0.3708164393901825,
    0.9287018179893494,
    0.0028366504702717066
   ],
   [
    0.007823624648153782,
    6.952197873033583e-05,
    0.9999693632125854
   ]
  ]
 },
 {
  "rotation_euler": [
   6.820770067861304e-05,
   -0.007821813225746155,
   2.988858699798584
  ],
  "euler_order": "XYZ",
  "rotation_matrix": [
   [
    -0.9883285760879517,
    -0.1521403044462204,
    0.007741056382656097
   ],
   [
    0.1521361768245697,
    -0.9883589148521423,
    -0.0011225913185626268
   ],
   [
    0.007821733132004738,
    6.820561247877777e-05,
    0.9999694228172302
   ]
  ]
 },
 {
  "rotation_euler": [
   6.332856719382107e-05,
   -0.007827624678611755,
   0.8088812232017517
  ],
  "euler_order": "XYZ",
  "rotation_matrix": [
   [
    0.690287172794342,
    -0.7235156893730164,
    -0.005357599817216396
   ],
   [
    0.7234931588172913,
    0.6903079748153687,
    -0.005707064643502235
   ],
   [
    0.007827544584870338,
    6.332662451313809e-05,
    0.9999693632125854
   ]
  ]
 },
 {
  "rotation_euler": [
   6.946015491848812e-05,
   -0.007823856547474861,
   -1.5277926921844482
  ],
  "euler_order": "XYZ",
  "rotation_matrix": [
   [
    0.04298906400799751,
    0.9990754723548889,
    -0.0004057430778630078
   ],
   [
    -0.9990448951721191,
    0.042990922927856445,
    0.007813557051122189
   ],
   [
    0.007823776453733444,
    6.945803033886477e-05,
    0.9999693632125854
   ]
  ]
 },
 {
  "rotation_euler": [
   6.43789317109622e-05,
   -0.007840131409466267,
   2.2958669662475586
  ],
  "euler_order": "XYZ",
  "rotation_matrix": [
   [
    -0.6631679534912109,
    -0.7484522461891174,
    0.005247614812105894
   ],
   [
    0.7484295964241028,
    -0.6631886959075928,
    -0.00582521129399538
   ],
   [
    0.00784005131572485,
    6.437695265049115e-05,
    0.9999692440032959
   ]
  ]
 },
 {
  "rotation_euler": [
   6.95935741532594e-05,
   -0.00782355573028326,
   2.5286529064178467
  ],
  "euler_order": "XYZ",
  "rotation_matrix": [
   [
    -0.8179353475570679,
    -0.5752741098403931,
    0.006439328659325838
   ],
   [
    0.5752569437026978,
    -0.8179606795310974,
    -0.00444372184574604
   ],
   [
    0.007823475636541843,
    6.959144229767844e-05,
    0.9999694228172302
   ]
  ]
 },
 {
  "rotation_euler": [
   6.558383029187098e-05,
   -0.007828437723219395,
   0.39922091364860535
  ],
  "euler_order": "XYZ",
  "rotation_matrix": [
   [
    0.9213358759880066,
    -0.38870111107826233,
    -0.007187275215983391
   ],
   [
    0.38868871331214905,
    0.921363890171051,
    -0.0031033142004162073
   ],
   [
    0.007828357629477978,
    6.558182212756947e-05,
    0.9999693632125854
   ]
  ]
 },
 {
  "rotation_euler": [
   6.711597961839288e-05,
   -0.007823166437447071,
   -2.3276326656341553
  ],
  "euler_order": "XYZ",
  "rotation_matrix": [
   [
    -0.686603844165802,
    0.7270122766494751,
    0.00532273156568408
   ],
   [
    -0.7269896268844604,
    -0.6866244673728943,
    0.0057335603050887585
   ],
   [
    0.007823086343705654,
    6.711392779834569e-05,
    0.9999694228172302
   ]
  ]
 },
 {
  "rotation_euler": [
   5.816312113893218e-05,
   -0.007832588627934456,
   -1.2647055387496948
  ],
  "euler_order": "XYZ",
  "rotation_matrix": [
   [
    0.30132418870925903,
    0.9535186886787415,
    -0.0024156563449651003
   ],
   [
    -0.9534896016120911,
    0.30133387446403503,
    0.007450917735695839
   ],
   [
    0.007832508534193039,
    5.816133852931671e-05,
    0.9999693036079407
   ]
  ]
 },
 {
  "rotation_euler": [
   7.039152114884928e-05,
   -0.00783322099596262,
   -2.0816149711608887
  ],
  "euler_order": "XYZ",
  "rotation_matrix": [
   [
    -0.4888765513896942,
    0.8723448514938354,
    0.003768150694668293
   ],
   [
    -0.8723177909851074,
    -0.488891065120697,
    0.006867611780762672
   ],
   [
    0.007833140902221203,
    7.038936018943787e-05,
    0.9999693036079407
   ]
  ]
 },
 {
  "rotation_euler": [
   7.019401527941227e-05,
   -0.007832621224224567,
   -2.0670909881591797
  ],
  "euler_order": "XYZ",
  "rotation_matrix": [
   [
    -0.4761559069156647,
    0.8793532252311707,
    0.0036678998731076717
   ],
   [
    -0.8793259859085083,
    -0.47617003321647644,
    0.006920992396771908
   ],
   [
    0.00783254113048315,
    7.019186159595847e-05,
    0.9999693036079407
   ]
  ]
 }
]