[
 {
  "rotation_euler": [
   -1.4481858015060425,
   0.4412398934364319,
   1.7566784620285034
  ],
  "euler_order": "XYZ",
  "rotation_matrix": [
   [
    -0.16711263358592987,
    -0.04186257719993591,
    -0.9850486516952515
   ],
   [
    0.8886463642120361,
    -0.43915674090385437,
    -0.13209478557109833
   ],
   [
    -0.42706093192100525,
    -0.8974345922470093,
    0.1105896607041359
   ]
  ]
 },
 {
  "rotation_euler": [
   -1.4482258558273315,
   0.44123581051826477,
   -1.1869215965270996
  ],
  "euler_order": "XYZ",
  "rotation_matrix": [
   [
    0.3386465907096863,
    -0.04537435248494148,
    0.9398189783096313
   ],
   [
    -0.8384155631065369,
    0.43879520893096924,
    0.32329270243644714
   ],
   [
    -0.4270572364330292,
    -0.8974407911300659,
    0.11055392771959305
   ]
  ]
 },
 {
  "rotation_euler": [
   -1.4481861591339111,
   0.4412367343902588,
   1.0272687673568726
  ],
  "euler_order": "XYZ",
  "rotation_matrix": [
   [
    0.4676271378993988,
    -0.3238767087459564,
    -0.8224529027938843
   ],
   [
    0.7739161849021912,
    -0.29952049255371094,
    0.5579795837402344
   ],
   [
    -0.42705807089805603,
    -0.8974359631538391,
    0.11058950424194336
   ]
  ]
 },
 {
  "rotation_euler": [
   -1.4482238292694092,
   0.44123581051826477,
   -0.44089800119400024
  ],
  "euler_order": "XYZ",
  "rotation_matrix": [
   [
    0.8177525401115417,
    -0.33114245533943176,
    0.4707711637020111
   ],
   [
    -0.38587942719459534,
    0.29145348072052,
    0.8753010630607605
   ],
   [
    -0.4270572364330292,
    -0.8974405527114868,
    0.1105557456612587
   ]
  ]
 },
 {
  "rotation_euler": [
   1.4469164609909058,
   0.4615108370780945,
   -0.44717884063720703
  ],
  "euler_order": "XYZ",
  "rotation_matrix": [
   [
    0.807338535785675,
    0.4518699049949646,
    -0.3794971704483032
   ],
   [
    -0.38718366622924805,
    -0.07966978847980499,
    -0.9185540676116943
   ],
   [
    -0.4453013837337494,
    0.8885191679000854,
    0.1106361672282219
   ]
  ]
 },
 {
  "rotation_euler": [
   1.4468927383422852,
   0.46151071786880493,
   1.0689483880996704
  ],
  "euler_order": "XYZ",
  "rotation_matrix": [
   [
    0.4307197332382202,
    0.10422046482563019,
    0.8964477777481079
   ],
   [
    0.7849759459495544,
    0.44685161113739014,
    -0.42911115288734436
   ],
   [
    -0.4453012943267822,
    0.8885166049003601,
    0.11065725237131119
   ]
  ]
 },
 {
  "rotation_euler": [
   1.6934044361114502,
   2.700350522994995,
   0.00655086524784565
  ],
  "euler_order": "XYZ",
  "rotation_matrix": [
   [
    -0.9042025208473206,
    0.42464908957481384,
    -0.045727528631687164
   ],
   [
    -0.005923393182456493,
    -0.11952191591262817,
    -0.9928138852119446
   ],
   [
    -0.4270629584789276,
    -0.8974339365959167,
    0.11058738082647324
   ]
  ]
 },
 {
  "rotation_euler": [
   1.4470021724700928,
   0.4615054428577423,
   1.5862212181091309
  ],
  "euler_order": "XYZ",
  "rotation_matrix": [
   [
    -0.013810640200972557,
    -0.1302793323993683,
    0.9913811087608337
   ],
   [
    0.8952766060829163,
    0.4399316906929016,
    0.07028412073850632
   ],
   [
    -0.4452965557575226,
    0.8885310292243958,
    0.11056030541658401
   ]
  ]
 },
 {
  "rotation_euler": [
   -1.448190450668335,
   0.4412393569946289,
   -1.2873562574386597
  ],
  "euler_order": "XYZ",
  "rotation_matrix": [
   [
    0.25287511944770813,
    -0.001116138999350369,
    0.9674983024597168
   ],
   [
    -0.8681437373161316,
    0.44114458560943604,
    0.22741572558879852
   ],
   [
    -0.42706045508384705,
    -0.8974353671073914,
    0.110585518181324
   ]
  ]
 },
 {
  "rotation_euler": [
   1.446914553642273,
   0.46151068806648254,
   0.3222820460796356
  ],
  "euler_order": "XYZ",
  "rotation_matrix": [
   [
    0.8492822051048279,
    0.380001038312912,
    0.3664954900741577
   ],
   [
    0.2835957109928131,
    0.2571636736392975,
    -0.9238183498382568
   ],
   [
    -0.44530126452445984,
    0.8885190486907959,
    0.11063786596059799
   ]
  ]
 },
 {
  "rotation_euler": [
   1.4469116926193237,
   0.46151164174079895,
   -0.7683862447738647
  ],
  "euler_order": "XYZ",
  "rotation_matrix": [
   [
    0.6438081860542297,
    0.40360984206199646,
    -0.6500847339630127
   ],
   [
    -0.6222677230834961,
    -0.21825292706489563,
    -0.751763641834259
   ],
   [
    -0.4453020989894867,
    0.8885182738304138,
    0.11064035445451736
   ]
  ]
 },
 {
  "rotation_euler": [
   -1.4482250213623047,
   0.44123363494873047,
   0.6098222732543945
  ],
  "euler_order": "XYZ",
  "rotation_matrix": [
   [
    0.7412387132644653,
    -0.4174756407737732,
    -0.5256227254867554
   ],
   [
    0.5178696513175964,
    -0.14252246916294098,
    0.8435036540031433
   ],
   [
    -0.4270552694797516,
    -0.8974416255950928,
    0.11055479198694229
   ]
  ]
 },
 {
  "rotation_euler": [
   0.8929944038391113,
   0.570499062538147,
   0.9355632662773132
  ],
  "euler_order": "XYZ",
  "rotation_matrix": [
   [
    0.49939480423927307,
    -0.25514551997184753,
    0.8279526233673096
   ],
   [
    0.6774573922157288,
    0.7107043266296387,
    -0.18960705399513245
   ],
   [
    -0.5400521159172058,
    0.6555914282798767,
    0.5277723073959351
   ]
  ]
 },
 {
  "rotation_euler": [
   1.4469095468521118,
   0.46151140332221985,
   -0.9928800463676453
  ],
  "euler_order": "XYZ",
  "rotation_matrix": [
   [
    0.4891282618045807,
    0.34489771723747253,
    -0.8011236190795898
   ],
   [
    -0.7499731779098511,
    -0.30262359976768494,
    -0.5881829857826233
   ],
   [
    -0.44530189037323,
    0.8885181546211243,
    0.11064227670431137
   ]
  ]
 },
 {
  "rotation_euler": [
   0.003014783840626478,
   0.5859297513961792,
   0.09035633504390717
  ],
  "euler_order": "XYZ",
  "rotation_matrix": [
   [
    0.8297994136810303,
    -0.08857273310422897,
    0.5509880185127258
   ],
   [
    0.07518234848976135,
    0.9960665702819824,
    0.04689406231045723
   ],
   [
    -0.552974283695221,
    0.0025119089987128973,
    0.8331945538520813
   ]
  ]
 },
 {
  "rotation_euler": [
   1.4470016956329346,
   0.46150633692741394,
   -0.13081292808055878
  ],
  "euler_order": "XYZ",
  "rotation_matrix": [
   [
    0.887732744216919,
    0.4542207419872284,
    -0.07492698729038239
   ],
   [
    -0.11679387837648392,
    0.06478354334831238,
    -0.9910410046577454
   ],
   [
    -0.44529736042022705,
    0.8885306119918823,
    0.11056067794561386
   ]
  ]
 }
]