[
 {
  "rotation_euler": [
   0.001768536283634603,
   0.0004140843520872295,
   2.073718547821045
  ],
  "euler_order": "XYZ",
  "rotation_matrix": [
   [
    -0.48198792338371277,
    -0.8761768341064453,
    0.0013499681372195482
   ],
   [
    0.8761777281761169,
    -0.4819865822792053,
    0.0012152236886322498
   ],
   [
    -0.0004140843520872295,
    0.0017685352358967066,
    0.9999983310699463
   ]
  ]
 },
 {
  "rotation_euler": [
   0.0017649654764682055,
   0.0004142756515648216,
   2.5694499015808105
  ],
  "euler_order": "XYZ",
  "rotation_matrix": [
   [
    -0.8407426476478577,
    -0.5414345860481262,
    0.0006073145195841789
   ],
   [
    0.5414347648620605,
    -0.8407410383224487,
    0.0017081840196624398
   ],
   [
    -0.0004142756515648216,
    0.001764964428730309,
    0.9999983310699463
   ]
  ]
 },
 {
  "rotation_euler": [
   0.0017649860819801688,
   0.00041428860276937485,
   -0.9532840847969055
  ],
  "euler_order": "XYZ",
  "rotation_matrix": [
   [
    0.5790085792541504,
    0.8153205513954163,
    -0.0011991539504379034
   ],
   [
    -0.8153213262557983,
    0.5790071487426758,
    -0.0013597194338217378
   ],
   [
    -0.00041428860276937485,
    0.0017649850342422724,
    0.9999983310699463
   ]
  ]
 },
 {
  "rotation_euler": [
   0.0017655056435614824,
   0.00041432835860177875,
   -1.589118480682373
  ],
  "euler_order": "XYZ",
  "rotation_matrix": [
   [
    -0.018321126699447632,
    0.9998306035995483,
    -0.0017727992963045835
   ],
   [
    -0.9998320937156677,
    -0.01832183077931404,
    -0.00038191210478544235
   ],
   [
    -0.00041432835860177875,
    0.001765504595823586,
    0.9999983310699463
   ]
  ]
 },
 {
  "rotation_euler": [
   0.0017649824731051922,
   0.0004142709367442876,
   -0.22011612355709076
  ],
  "euler_order": "XYZ",
  "rotation_matrix": [
   [
    0.9758720397949219,
    0.2183433175086975,
    1.8903534510172904e-05
   ],
   [
    -0.21834293007850647,
    0.9758704304695129,
    -0.0018128493102267385
   ],
   [
    -0.0004142709367442876,
    0.0017649814253672957,
    0.9999983310699463
   ]
  ]
 },
 {
  "rotation_euler": [
   0.001764983986504376,
   0.0004142813559155911,
   -0.28887102007865906
  ],
  "euler_order": "XYZ",
  "rotation_matrix": [
   [
    0.9585660099983215,
    0.2848704755306244,
    -0.0001056756591424346
   ],
   [
    -0.2848701775074005,
    0.9585644006729126,
    -0.0018098691944032907
   ],
   [
    -0.0004142813559155911,
    0.0017649829387664795,
    0.9999983310699463
   ]
  ]
 },
 {
  "rotation_euler": [
   0.001764979213476181,
   0.0004142861580476165,
   2.9556326866149902
  ],
  "euler_order": "XYZ",
  "rotation_matrix": [
   [
    -0.9827591180801392,
    -0.18489046394824982,
    -8.081599662546068e-05
   ],
   [
    0.184890016913414,
    -0.982757568359375,
    0.0018111459212377667
   ],
   [
    -0.0004142861580476165,
    0.0017649781657382846,
    0.9999983310699463
   ]
  ]
 },
 {
  "rotation_euler": [
   0.0017649660585448146,
   0.0004142769321333617,
   -1.8486994504928589
  ],
  "euler_order": "XYZ",
  "rotation_matrix": [
   [
    -0.27433979511260986,
    0.9616311192512512,
    -0.001810900866985321
   ],
   [
    -0.9616327285766602,
    -0.27434009313583374,
    8.581857400713488e-05
   ],
   [
    -0.0004142769321333617,
    0.0017649650108069181,
    0.9999983310699463
   ]
  ]
 },
 {
  "rotation_euler": [
   0.0017649703659117222,
   0.00041426855023019016,
   2.630850315093994
  ],
  "euler_order": "XYZ",
  "rotation_matrix": [
   [
    -0.8723818063735962,
    -0.48882487416267395,
    0.0005013613845221698
   ],
   [
    0.4888249337673187,
    -0.8723801374435425,
    0.0017422318924218416
   ],
   [
    -0.00041426855023019016,
    0.0017649693181738257,
    0.9999983310699463
   ]
  ]
 },
 {
  "rotation_euler": [
   0.0017649681540206075,
   0.0004142735560890287,
   0.03571850433945656
  ],
  "euler_order": "XYZ",
  "rotation_matrix": [
   [
    0.999362051486969,
    -0.03571012243628502,
    0.00047703724703751504
   ],
   [
    0.035710908472537994,
    0.9993606209754944,
    -0.0017490474274381995
   ],
   [
    -0.0004142735560890287,
    0.001764967106282711,
    0.9999983310699463
   ]
  ]
 },
 {
  "rotation_euler": [
   0.0017649672226980329,
   0.00041428112308494747,
   -0.5382533669471741
  ],
  "euler_order": "XYZ",
  "rotation_matrix": [
   [
    0.8586053252220154,
    0.5126369595527649,
    -0.0005490838084369898
   ],
   [
    -0.5126370787620544,
    0.8586036562919617,
    -0.0017277851002290845
   ],
   [
    -0.00041428112308494747,
    0.0017649661749601364,
    0.9999983310699463
   ]
  ]
 },
 {
  "rotation_euler": [
   0.0017649647779762745,
   0.0004142792895436287,
   -2.172762155532837
  ],
  "euler_order": "XYZ",
  "rotation_matrix": [
   [
    -0.5662637948989868,
    0.8242223262786865,
    -0.0016893165884539485
   ],
   [
    -0.8242239356040955,
    -0.5662635564804077,
    0.0006579768378287554
   ],
   [
    -0.0004142792895436287,
    0.001764963730238378,
    0.9999983310699463
   ]
  ]
 },
 {
  "rotation_euler": [
   0.0017649817746132612,
   0.000414265290601179,
   -1.5976197719573975
  ],
  "euler_order": "XYZ",
  "rotation_matrix": [
   [
    -0.0268202256411314,
    0.9996386766433716,
    -0.0017754565924406052
   ],
   [
    -0.999640166759491,
    -0.026820918545126915,
    -0.00036677843309007585
   ],
   [
    -0.000414265290601179,
    0.0017649807268753648,
    0.9999983310699463
   ]
  ]
 },
 {
  "rotation_euler": [
   0.0017649667570367455,
   0.0004142753896303475,
   0.4915001690387726
  ],
  "euler_order": "XYZ",
  "rotation_matrix": [
   [
    0.881625771522522,
    -0.47194764018058777,
    0.0011982092401012778
   ],
   [
    0.4719489514827728,
    0.8816248178482056,
    -0.0013605229323729873
   ],
   [
    -0.0004142753896303475,
    0.001764965709298849,
    0.9999983310699463
   ]
  ]
 },
 {
  "rotation_euler": [
   0.0017649707151576877,
   0.00041428065742366016,
   -2.565168857574463
  ],
  "euler_order": "XYZ",
  "rotation_matrix": [
   [
    -0.8384170532226562,
    0.5450276136398315,
    -0.0013092992594465613
   ],
   [
    -0.5450290441513062,
    -0.8384162187576294,
    0.0012539862655103207
   ],
   [
    -0.00041428065742366016,
    0.0017649696674197912,
    0.9999983310699463
   ]
  ]
 },
 {
  "rotation_euler": [
   0.0017650629160925746,
   0.00041434293962083757,
   -2.3895554542541504
  ],
  "euler_order": "XYZ",
  "rotation_matrix": [
   [
    -0.730298638343811,
    0.6831263303756714,
    -0.0015083567705005407
   ],
   [
    -0.6831278800964355,
    -0.7302981019020081,
    0.0010059736669063568
   ],
   [
    -0.00041434293962083757,
    0.0017650618683546782,
    0.9999983310699463
   ]
  ]
 }
]