[
 {
  "rotation_euler": [
   0.3365679681301117,
   -2.100687026977539,
   -0.3831237256526947
  ],
  "euler_order": "XYZ",
  "rotation_matrix": [
   [
    -0.46879544854164124,
    0.08854516595602036,
    -0.8788575530052185
   ],
   [
    0.18894299864768982,
    0.9819863438606262,
    -0.0018495263066142797
   ],
   [
    0.8628623485565186,
    -0.16692101955413818,
    -0.47708070278167725
   ]
  ]
 },
 {
  "rotation_euler": [
   0.4613358974456787,
   2.0398001670837402,
   1.9895120859146118
  ],
  "euler_order": "XYZ",
  "rotation_matrix": [
   [
    0.18377669155597687,
    -0.9795483946800232,
    0.08192120492458344
   ],
   [
    -0.41295066475868225,
    -0.0013075069291517138,
    0.9107524752616882
   ],
   [
    -0.8920189738273621,
    -0.20120449364185333,
    -0.4047454297542572
   ]
  ]
 },
 {
  "rotation_euler": [
   -2.6802570819854736,
   1.1017922163009644,
   0.4421885013580322
  ],
  "euler_order": "XYZ",
  "rotation_matrix": [
   [
    0.4085237681865692,
    0.02429806813597679,
    -0.9124242067337036
   ],
   [
    0.19341836869716644,
    -0.9792478680610657,
    0.060522474348545074
   ],
   [
    -0.8920188546180725,
    -0.20120447874069214,
    -0.4047457277774811
   ]
  ]
 },
 {
  "rotation_euler": [
   0.46133607625961304,
   2.0398001670837402,
   -2.1037192344665527
  ],
  "euler_order": "XYZ",
  "rotation_matrix": [
   [
    0.229638934135437,
    0.5695449709892273,
    -0.7892303466796875
   ],
   [
    0.38931745290756226,
    -0.7969537377357483,
    -0.46184051036834717
   ],
   [
    -0.8920189738273621,
    -0.2012045681476593,
    -0.4047453999519348
   ]
  ]
 },
 {
  "rotation_euler": [
   0.3294990062713623,
   -2.080568552017212,
   1.085766077041626
  ],
  "euler_order": "XYZ",
  "rotation_matrix": [
   [
    -0.2275126874446869,
    -0.9687485098838806,
    -0.09881474822759628
   ],
   [
    -0.43169543147087097,
    0.19129987061023712,
    -0.8815006613731384
   ],
   [
    0.8728556632995605,
    -0.15789471566677094,
    -0.46172744035720825
   ]
  ]
 },
 {
  "rotation_euler": [
   0.37819284200668335,
   2.0139684677124023,
   0.5966413021087646
  ],
  "euler_order": "XYZ",
  "rotation_matrix": [
   [
    -0.35472115874290466,
    -0.2462226003408432,
    0.9019685983657837
   ],
   [
    -0.24093277752399445,
    0.9561929106712341,
    0.16627226769924164
   ],
   [
    -0.90339595079422,
    -0.15833351016044617,
    -0.39850497245788574
   ]
  ]
 },
 {
  "rotation_euler": [
   0.46133533120155334,
   2.0398006439208984,
   -0.6408952474594116
  ],
  "euler_order": "XYZ",
  "rotation_matrix": [
   [
    -0.362304151058197,
    0.85368812084198,
    0.3741019666194916
   ],
   [
    0.27025580406188965,
    0.4803471267223358,
    -0.8344030380249023
   ],
   [
    -0.8920187950134277,
    -0.20120446383953094,
    -0.4047459363937378
   ]
  ]
 },
 {
  "rotation_euler": [
   0.3289588391780853,
   -2.0804080963134766,
   1.8493739366531372
  ],
  "euler_order": "XYZ",
  "rotation_matrix": [
   [
    0.13414987921714783,
    -0.8323450088500977,
    0.537778377532959
   ],
   [
    -0.4690310060977936,
    -0.5313793420791626,
    -0.7054402232170105
   ],
   [
    0.8729339838027954,
    -0.1576000303030014,
    -0.4616801142692566
   ]
  ]
 },
 {
  "rotation_euler": [
   0.32895904779434204,
   -2.0804080963134766,
   0.2922755777835846
  ],
  "euler_order": "XYZ",
  "rotation_matrix": [
   [
    -0.4671494960784912,
    -0.5427307486534119,
    -0.6980076432228088
   ],
   [
    -0.14056186378002167,
    0.8249881863594055,
    -0.5473909378051758
   ],
   [
    0.8729339838027954,
    -0.15760011970996857,
    -0.4616800844669342
   ]
  ]
 },
 {
  "rotation_euler": [
   0.32897382974624634,
   -2.0804123878479004,
   -1.5267056226730347
  ],
  "euler_order": "XYZ",
  "rotation_matrix": [
   [
    -0.021502334624528885,
    0.9330242276191711,
    -0.359170526266098
   ],
   [
    0.48736801743507385,
    0.32345861196517944,
    0.8110776543617249
   ],
   [
    0.8729318976402283,
    -0.15760816633701324,
    -0.4616812765598297
   ]
  ]
 },
 {
  "rotation_euler": [
   0.4613359868526459,
   2.039799690246582,
   -0.7445523142814636
  ],
  "euler_order": "XYZ",
  "rotation_matrix": [
   [
    -0.3323950469493866,
    0.898808479309082,
    0.2857566773891449
   ],
   [
    0.3062927722930908,
    0.38943567872047424,
    -0.8686337471008301
   ],
   [
    -0.8920192122459412,
    -0.2012043446302414,
    -0.40474504232406616
   ]
  ]
 },
 {
  "rotation_euler": [
   0.32895904779434204,
   -2.0804080963134766,
   -0.5299054384231567
  ],
  "euler_order": "XYZ",
  "rotation_matrix": [
   [
    -0.42093372344970703,
    0.23501670360565186,
    -0.8761175274848938
   ],
   [
    0.24657876789569855,
    0.9591294527053833,
    0.13881485164165497
   ],
   [
    0.8729339838027954,
    -0.15760011970996857,
    -0.4616800844669342
   ]
  ]
 },
 {
  "rotation_euler": [
   0.3289591670036316,
   -2.0804080963134766,
   -1.9449013471603394
  ],
  "euler_order": "XYZ",
  "rotation_matrix": [
   [
    0.178275465965271,
    0.9839798808097839,
    0.0011854434851557016
   ],
   [
    0.45409706234931946,
    -0.08334103971719742,
    0.8870457410812378
   ],
   [
    0.8729339838027954,
    -0.15760017931461334,
    -0.4616800546646118
   ]
  ]
 },
 {
  "rotation_euler": [
   0.328959196805954,
   -2.0804080963134766,
   -2.2294745445251465
  ],
  "euler_order": "XYZ",
  "rotation_matrix": [
   [
    0.2985922694206238,
    0.9210079908370972,
    0.2501738965511322
   ],
   [
    0.3857835531234741,
    -0.3562394082546234,
    0.851037323474884
   ],
   [
    0.8729339838027954,
    -0.15760019421577454,
    -0.4616800546646118
   ]
  ]
 },
 {
  "rotation_euler": [
   0.46133580803871155,
   2.039799690246582,
   0.9699382185935974
  ],
  "euler_order": "XYZ",
  "rotation_matrix": [
   [
    -0.2555370032787323,
    -0.5141317844390869,
    0.818760871887207
   ],
   [
    -0.37283048033714294,
    0.8337777853012085,
    0.40720027685165405
   ],
   [
    -0.8920192122459412,
    -0.20120427012443542,
    -0.40474507212638855
   ]
  ]
 },
 {
  "rotation_euler": [
   0.4613359570503235,
   2.0398001670837402,
   -0.5337786078453064
  ],
  "euler_order": "XYZ",
  "rotation_matrix": [
   [
    -0.38912081718444824,
    0.797440767288208,
    0.46116510033607483
   ],
   [
    0.2299719899892807,
    0.5688629150390625,
    -0.7896251678466797
   ],
   [
    -0.8920189738273621,
    -0.20120452344417572,
    -0.4047454297542572
   ]
  ]
 }
]