[
 {
  "rotation_euler": [
   -0.0022584472317248583,
   1.0637807008606615e-06,
   2.3578710556030273
  ],
  "euler_order": "XYZ",
  "rotation_matrix": [
   [
    -0.7082912921905518,
    -0.7059184908866882,
    -0.001595035777427256
   ],
   [
    0.7059202790260315,
    -0.7082895040512085,
    -0.001598886214196682
   ],
   [
    -1.0637807008606615e-06,
    -0.002258445369079709,
    0.9999974370002747
   ]
  ]
 },
 {
  "rotation_euler": [
   0.022629449144005775,
   1.4182878732681274,
   1.8341783285140991
  ],
  "euler_order": "XYZ",
  "rotation_matrix": [
   [
    -0.039551444351673126,
    -0.9710904359817505,
    -0.23541249334812164
   ],
   [
    0.14667905867099762,
    -0.23868711292743683,
    0.9599550366401672
   ],
   [
    -0.9883931279182434,
    0.0034375260584056377,
    0.15187904238700867
   ]
  ]
 },
 {
  "rotation_euler": [
   0.0226272102445364,
   1.4182883501052856,
   2.5877866744995117
  ],
  "euler_order": "XYZ",
  "rotation_matrix": [
   [
    -0.1292102187871933,
    -0.5448135733604431,
    -0.8285425901412964
   ],
   [
    0.0798976719379425,
    -0.8385501503944397,
    0.5389341711997986
   ],
   [
    -0.9883931875228882,
    0.003437175415456295,
    0.15187858045101166
   ]
  ]
 },
 {
  "rotation_euler": [
   0.0225815586745739,
   1.418288230895996,
   0.18762928247451782
  ],
  "euler_order": "XYZ",
  "rotation_matrix": [
   [
    0.1492513120174408,
    -0.16455689072608948,
    0.9750102758407593
   ],
   [
    0.028337236493825912,
    0.9863616228103638,
    0.16213493049144745
   ],
   [
    -0.9883931875228882,
    0.0034302445128560066,
    0.15187886357307434
   ]
  ]
 },
 {
  "rotation_euler": [
   -0.0022580898366868496,
   2.0890304313070374e-06,
   -2.501945734024048
  ],
  "euler_order": "XYZ",
  "rotation_matrix": [
   [
    -0.802306592464447,
    0.5969106554985046,
    0.0013462041970342398
   ],
   [
    -0.5969122052192688,
    -0.8023045063018799,
    -0.001812925678677857
   ],
   [
    -2.0890304313070374e-06,
    -0.0022580879740417004,
    0.9999974370002747
   ]
  ]
 },
 {
  "rotation_euler": [
   0.018781283870339394,
   -0.004860969260334969,
   2.4400744438171387
  ],
  "euler_order": "XYZ",
  "rotation_matrix": [
   [
    -0.7638542056083679,
    -0.6451945900917053,
    0.01583276316523552
   ],
   [
    0.6453704833984375,
    -0.7637874484062195,
    0.011208891868591309
   ],
   [
    0.004860950168222189,
    0.01877995766699314,
    0.9998118281364441
   ]
  ]
 },
 {
  "rotation_euler": [
   0.06976450234651566,
   -1.4179134368896484,
   0.4751278758049011
  ],
  "euler_order": "XYZ",
  "rotation_matrix": [
   [
    0.13541972637176514,
    -0.5176030397415161,
    -0.844836413860321
   ],
   [
    0.06966448575258255,
    0.85555499792099,
    -0.513003408908844
   ],
   [
    0.9883361458778381,
    0.010615682229399681,
    0.15191757678985596
   ]
  ]
 },
 {
  "rotation_euler": [
   -0.0022578430362045765,
   -1.6997257262119092e-05,
   2.5212349891662598
  ],
  "euler_order": "XYZ",
  "rotation_matrix": [
   [
    -0.8136705756187439,
    -0.5813247561454773,
    -0.0012987121008336544
   ],
   [
    0.5813262462615967,
    -0.8136684894561768,
    -0.0018470198847353458
   ],
   [
    1.6997257262119092e-05,
    -0.0022578411735594273,
    0.9999974370002747
   ]
  ]
 },
 {
  "rotation_euler": [
   0.02263396792113781,
   1.4182860851287842,
   -1.203312635421753
  ],
  "euler_order": "XYZ",
  "rotation_matrix": [
   [
    0.05457993224263191,
    0.9410318732261658,
    0.3338862359523773
   ],
   [
    -0.1417766958475113,
    0.3383004069328308,
    -0.9302968382835388
   ],
   [
    -0.9883928298950195,
    0.003438252257183194,
    0.15188080072402954
   ]
  ]
 },
 {
  "rotation_euler": [
   0.04454878717660904,
   0.0001859672920545563,
   2.1422109603881836
  ],
  "euler_order": "XYZ",
  "rotation_matrix": [
   [
    -0.5408225059509277,
    -0.8403066992759705,
    0.03735875338315964
   ],
   [
    0.8411367535591125,
    -0.540278971195221,
    0.024241287261247635
   ],
   [
    -0.0001859672920545563,
    0.04453405365347862,
    0.9990078210830688
   ]
  ]
 },
 {
  "rotation_euler": [
   0.022628892213106155,
   1.4182863235473633,
   -1.4071770906448364
  ],
  "euler_order": "XYZ",
  "rotation_matrix": [
   [
    0.024746188893914223,
    0.9900345206260681,
    0.13863350450992584
   ],
   [
    -0.1498904675245285,
    0.14078283309936523,
    -0.9786281585693359
   ],
   [
    -0.9883928894996643,
    0.003437475999817252,
    0.15188057720661163
   ]
  ]
 },
 {
  "rotation_euler": [
   -0.0022573110181838274,
   -1.6631983612569456e-07,
   -0.035073503851890564
  ],
  "euler_order": "XYZ",
  "rotation_matrix": [
   [
    0.9993849992752075,
    0.03506622463464737,
    7.89892947068438e-05
   ],
   [
    -0.03506631404161453,
    0.9993824362754822,
    0.0022559266071766615
   ],
   [
    1.6631983612569456e-07,
    -0.002257309155538678,
    0.9999974370002747
   ]
  ]
 },
 {
  "rotation_euler": [
   0.03133237361907959,
   1.4173023700714111,
   -0.9301100969314575
  ],
  "euler_order": "XYZ",
  "rotation_matrix": [
   [
    0.09139049798250198,
    0.8197978138923645,
    0.565313458442688
   ],
   [
    -0.12257128953933716,
    0.5726330280303955,
    -0.8105971217155457
   ],
   [
    -0.9882429242134094,
    0.004789683502167463,
    0.15281689167022705
   ]
  ]
 },
 {
  "rotation_euler": [
   -0.0022611666936427355,
   -1.9931325368816033e-05,
   -0.6581640839576721
  ],
  "euler_order": "XYZ",
  "rotation_matrix": [
   [
    0.7911165356636047,
    0.6116639375686646,
    0.0013673084322363138
   ],
   [
    -0.6116654872894287,
    0.7911145091056824,
    0.0018010360654443502
   ],
   [
    1.9931325368816033e-05,
    -0.0022611648309975863,
    0.9999974370002747
   ]
  ]
 },
 {
  "rotation_euler": [
   -0.002276430372148752,
   -0.00047534986515529454,
   -0.5902628302574158
  ],
  "euler_order": "XYZ",
  "rotation_matrix": [
   [
    0.8307943344116211,
    0.5565788745880127,
    0.0008720961632207036
   ],
   [
    -0.5565793514251709,
    0.8307916522026062,
    0.002155813155695796
   ],
   [
    0.0004753498360514641,
    -0.0022764280438423157,
    0.9999973177909851
   ]
  ]
 },
 {
  "rotation_euler": [
   -0.0022545643150806427,
   4.971363523509353e-06,
   -0.7241966128349304
  ],
  "euler_order": "XYZ",
  "rotation_matrix": [
   [
    0.7490319609642029,
    0.6625322103500366,
    0.0014974477235227823
   ],
   [
    -0.6625338792800903,
    0.7490300536155701,
    0.0016854455461725593
   ],
   [
    -4.971363523509353e-06,
    -0.0022545624524354935,
    0.9999974370002747
   ]
  ]
 }
]