[
 {
  "rotation_euler": [
   -1.2626210832422657e-07,
   -7.000344481866705e-08,
   -1.1084195375442505
  ],
  "euler_order": "XYZ",
  "rotation_matrix": [
   [
    0.44607657194137573,
    0.8949947953224182,
    8.177703136880154e-08
   ],
   [
    -0.8949947953224182,
    0.44607657194137573,
    1.1897528651161338e-07
   ],
   [
    7.000344481866705e-08,
    -1.2626210832422657e-07,
    1.0
   ]
  ]
 },
 {
  "rotation_euler": [
   2.2287058527581394e-05,
   -1.3561877494794317e-05,
   -1.322526454925537
  ],
  "euler_order": "XYZ",
  "rotation_matrix": [
   [
    0.24572724103927612,
    0.9693390130996704,
    -2.4936238332884386e-05
   ],
   [
    -0.9693390130996704,
    0.24572724103927612,
    7.669519618502818e-06
   ],
   [
    1.3561877494794317e-05,
    2.2287058527581394e-05,
    1.0
   ]
  ]
 },
 {
  "rotation_euler": [
   7.966598900566169e-07,
   1.0361107882772558e-07,
   2.479273557662964
  ],
  "euler_order": "XYZ",
  "rotation_matrix": [
   [
    -0.7885682582855225,
    -0.6149472594261169,
    4.0819941204972565e-07
   ],
   [
    0.6149472594261169,
    -0.7885682582855225,
    6.919360089341353e-07
   ],
   [
    -1.0361107882772558e-07,
    7.966598900566169e-07,
    1.0
   ]
  ]
 },
 {
  "rotation_euler": [
   1.6966565397069644e-07,
   1.7466978974312042e-08,
   1.9448118209838867
  ],
  "euler_order": "XYZ",
  "rotation_matrix": [
   [
    -0.3653562664985657,
    -0.9308677911758423,
    1.5155461596805253e-07
   ],
   [
    0.9308677911758423,
    -0.3653562664985657,
    7.824785797083678e-08
   ],
   [
    -1.7466978974312042e-08,
    1.6966565397069644e-07,
    1.0
   ]
  ]
 },
 {
  "rotation_euler": [
   -4.8186663548221986e-08,
   4.995701630150506e-09,
   1.2280309200286865
  ],
  "euler_order": "XYZ",
  "rotation_matrix": [
   [
    0.33609291911125183,
    -0.9418288469314575,
    -4.370457062918831e-08
   ],
   [
    0.9418288469314575,
    0.33609291911125183,
    2.0900291275438576e-08
   ],
   [
    -4.995701630150506e-09,
    -4.8186663548221986e-08,
    1.0
   ]
  ]
 },
 {
  "rotation_euler": [
   5.510577949507933e-08,
   6.2958915858502e-11,
   -2.60886549949646
  ],
  "euler_order": "XYZ",
  "rotation_matrix": [
   [
    -0.8614252209663391,
    0.5078844428062439,
    -2.8041604593909142e-08
   ],
   [
    -0.5078844428062439,
    -0.8614252209663391,
    4.7437531236482755e-08
   ],
   [
    -6.2958915858502e-11,
    5.510577949507933e-08,
    1.0
   ]
  ]
 },
 {
  "rotation_euler": [
   -3.0490325571008725e-06,
   4.786544195667375e-06,
   -2.981671094894409
  ],
  "euler_order": "XYZ",
  "rotation_matrix": [
   [
    -0.9872397780418396,
    0.15924076735973358,
    -4.239936515659792e-06
   ],
   [
    -0.15924076735973358,
    -0.9872397780418396,
    -3.772339141505654e-06
   ],
   [
    -4.786544195667375e-06,
    -3.0490325571008725e-06,
    1.0
   ]
  ]
 },
 {
  "rotation_euler": [
   -7.899653553522512e-08,
   -2.5278593440702934e-08,
   -1.9981905221939087
  ],
  "euler_order": "XYZ",
  "rotation_matrix": [
   [
    -0.41450080275535583,
    0.9100489616394043,
    8.23687145157237e-08
   ],
   [
    -0.9100489616394043,
    -0.41450080275535583,
    -9.739370199213226e-09
   ],
   [
    2.5278593440702934e-08,
    -7.899653553522512e-08,
    1.0
   ]
  ]
 },
 {
  "rotation_euler": [
   3.7498227811738616e-07,
   -1.0093560653956501e-08,
   2.953845262527466
  ],
  "euler_order": "XYZ",
  "rotation_matrix": [
   [
    -0.982427179813385,
    -0.18664634227752686,
    7.990526285084343e-08
   ],
   [
    0.18664634227752686,
    -0.982427179813385,
    3.6650885704148095e-07
   ],
   [
    1.0093560653956501e-08,
    3.7498227811738616e-07,
    1.0
   ]
  ]
 },
 {
  "rotation_euler": [
   6.701168331346707e-07,
   -1.6419886605945067e-07,
   0.06231948733329773
  ],
  "euler_order": "XYZ",
  "rotation_matrix": [
   [
    0.9980587959289551,
    -0.06227915734052658,
    -1.2214580635827588e-07
   ],
   [
    0.06227915734052658,
    0.9980587959289551,
    -6.790421593905194e-07
   ],
   [
    1.6419886605945067e-07,
    6.701168331346707e-07,
    1.0
   ]
  ]
 },
 {
  "rotation_euler": [
   -7.48173931697238e-07,
   1.2323154408022674e-07,
   1.5915359258651733
  ],
  "euler_order": "XYZ",
  "rotation_matrix": [
   [
    -0.020738111808896065,
    -0.9997849464416504,
    -7.505686312470061e-07
   ],
   [
    0.9997849464416504,
    -0.020738111808896065,
    1.0768932412474896e-07
   ],
   [
    -1.2323154408022674e-07,
    -7.48173931697238e-07,
    1.0
   ]
  ]
 },
 {
  "rotation_euler": [
   -7.518602842537803e-07,
   1.287288000639819e-07,
   -1.145184874534607
  ],
  "euler_order": "XYZ",
  "rotation_matrix": [
   [
    0.41287776827812195,
    0.9107864499092102,
    7.379334192592069e-07
   ],
   [
    -0.9107864499092102,
    0.41287776827812195,
    1.931819468836693e-07
   ],
   [
    -1.287288000639819e-07,
    -7.518602842537803e-07,
    1.0
   ]
  ]
 },
 {
  "rotation_euler": [
   4.2009556722177877e-08,
   5.692872395712811e-09,
   0.8063108921051025
  ],
  "euler_order": "XYZ",
  "rotation_matrix": [
   [
    0.692165732383728,
    -0.7217386364936829,
    3.42603314607004e-08
   ],
   [
    0.7217386364936829,
    0.692165732383728,
    -2.4968809242409407e-08
   ],
   [
    -5.692872395712811e-09,
    4.2009556722177877e-08,
    1.0
   ]
  ]
 },
 {
  "rotation_euler": [
   -1.3193979384595877e-06,
   1.4513398127746768e-07,
   -1.2714791297912598
  ],
  "euler_order": "XYZ",
  "rotation_matrix": [
   [
    0.2948678433895111,
    0.9555380344390869,
    1.3035303254582686e-06
   ],
   [
    -0.9555380344390869,
    0.2948678433895111,
    2.5036698048097605e-07
   ],
   [
    -1.4513398127746768e-07,
    -1.3193979384595877e-06,
    1.0
   ]
  ]
 },
 {
  "rotation_euler": [
   3.3619705845922e-06,
   -3.51503572915135e-08,
   0.9866710901260376
  ],
  "euler_order": "XYZ",
  "rotation_matrix": [
   [
    0.5514698624610901,
    -0.8341948390007019,
    2.7851540380652295e-06
   ],
   [
    0.8341948390007019,
    0.5514698624610901,
    -1.8833477497537388e-06
   ],
   [
    3.51503572915135e-08,
    3.3619705845922e-06,
    1.0
   ]
  ]
 },
 {
  "rotation_euler": [
   5.807473257846141e-07,
   7.179130534495926e-08,
   0.447818785905838
  ],
  "euler_order": "XYZ",
  "rotation_matrix": [
   [
    0.901393711566925,
    -0.43300044536590576,
    3.1617608442502387e-07
   ],
   [
    0.43300044536590576,
    0.901393711566925,
    -4.923963388137054e-07
   ],
   [
    -7.179130534495926e-08,
    5.807473257846141e-07,
    1.0
   ]
  ]
 }
]