[
 {
  "rotation_euler": [
   0.3034558594226837,
   -0.03275132179260254,
   2.1028835773468018
  ],
  "euler_order": "XYZ",
  "rotation_matrix": [
   [
    -0.5070610642433167,
    -0.8174119591712952,
    0.2733618915081024
   ],
   [
    0.8612878918647766,
    -0.49258506298065186,
    0.12467216700315475
   ],
   [
    0.03274546563625336,
    0.29865968227386475,
    0.9537977576255798
   ]
  ]
 },
 {
  "rotation_euler": [
   0.08704670518636703,
   -0.027160905301570892,
   -2.881180763244629
  ],
  "euler_order": "XYZ",
  "rotation_matrix": [
   [
    -0.9659276008605957,
    0.25878509879112244,
    0.0037581967189908028
   ],
   [
    -0.2573836147785187,
    -0.9620175957679749,
    0.0909716784954071
   ],
   [
    0.02715756557881832,
    0.08690475672483444,
    0.9958463907241821
   ]
  ]
 },
 {
  "rotation_euler": [
   0.10925952345132828,
   -0.04179695248603821,
   1.8366539478302002
  ],
  "euler_order": "XYZ",
  "rotation_matrix": [
   [
    -0.2625073790550232,
    -0.9579170346260071,
    0.11612428724765778
   ],
   [
    0.9640248417854309,
    -0.2655664086341858,
    -0.011426953598856926
   ],
   [
    0.04178478196263313,
    0.1089470386505127,
    0.9931689500808716
   ]
  ]
 },
 {
  "rotation_euler": [
   -2.584218740463257,
   0.5794726014137268,
   -1.290614128112793
  ],
  "euler_order": "XYZ",
  "rotation_matrix": [
   [
    0.23138754069805145,
    -0.8956510424613953,
    0.3798275887966156
   ],
   [
    -0.8041225075721741,
    0.043677154928445816,
    0.5928569436073303
   ],
   [
    -0.5475826859474182,
    -0.4426076114177704,
    -0.7101067900657654
   ]
  ]
 },
 {
  "rotation_euler": [
   0.09555936604738235,
   -0.01452864520251751,
   2.9296352863311768
  ],
  "euler_order": "XYZ",
  "rotation_matrix": [
   [
    -0.97751784324646,
    -0.2080589085817337,
    0.034210823476314545
   ],
   [
    0.21035166084766388,
    -0.9734523892402649,
    0.09023633599281311
   ],
   [
    0.014528133906424046,
    0.09540392458438873,
    0.9953325986862183
   ]
  ]
 },
 {
  "rotation_euler": [
   0.6591026186943054,
   0.09642979502677917,
   1.0936354398727417
  ],
  "euler_order": "XYZ",
  "rotation_matrix": [
   [
    0.4571254253387451,
    -0.6751612424850464,
    0.5789591073989868
   ],
   [
    0.8841755390167236,
    0.41544046998023987,
    -0.21364176273345947
   ],
   [
    -0.09628041833639145,
    0.6095625758171082,
    0.786869466304779
   ]
  ]
 },
 {
  "rotation_euler": [
   0.062340568751096725,
   0.29958418011665344,
   -1.6487736701965332
  ],
  "euler_order": "XYZ",
  "rotation_matrix": [
   [
    -0.07442869991064072,
    0.993592381477356,
    -0.08505581319332123
   ],
   [
    -0.9525559544563293,
    -0.09607736766338348,
    -0.28880152106285095
   ],
   [
    -0.2951229214668274,
    0.05952530354261398,
    0.9536032676696777
   ]
  ]
 },
 {
  "rotation_euler": [
   -0.8136270642280579,
   0.2565854489803314,
   0.45147547125816345
  ],
  "euler_order": "XYZ",
  "rotation_matrix": [
   [
    0.8703466653823853,
    -0.46563783288002014,
    -0.1602437049150467
   ],
   [
    0.4220103323459625,
    0.5375747084617615,
    0.7300142049789429
   ],
   [
    -0.25377926230430603,
    -0.702989935874939,
    0.6643803119659424
   ]
  ]
 },
 {
  "rotation_euler": [
   0.09616075456142426,
   -0.015467284247279167,
   -0.7839402556419373
  ],
  "euler_order": "XYZ",
  "rotation_matrix": [
   [
    0.7080522179603577,
    0.7017615437507629,
    -0.07869404554367065
   ],
   [
    -0.7059906721115112,
    0.7059139609336853,
    -0.057119909673929214
   ],
   [
    0.015466667711734772,
    0.09600114077329636,
    0.9952610731124878
   ]
  ]
 },
 {
  "rotation_euler": [
   0.3106120824813843,
   0.006009872071444988,
   1.9606305360794067
  ],
  "euler_order": "XYZ",
  "rotation_matrix": [
   [
    -0.38002821803092957,
    -0.8814071416854858,
    0.28053519129753113
   ],
   [
    0.9249553680419922,
    -0.3601500988006592,
    0.12144739925861359
   ],
   [
    -0.006009835749864578,
    0.3056359589099884,
    0.9521294832229614
   ]
  ]
 },
 {
  "rotation_euler": [
   0.08649629354476929,
   -0.005858495365828276,
   2.176377773284912
  ],
  "euler_order": "XYZ",
  "rotation_matrix": [
   [
    -0.5692304372787476,
    -0.8188095092773438,
    0.07434853166341782
   ],
   [
    0.8221571445465088,
    -0.567528247833252,
    0.04437714442610741
   ],
   [
    0.0058584618382155895,
    0.08638699352741241,
    0.9962444305419922
   ]
  ]
 },
 {
  "rotation_euler": [
   0.14166958630084991,
   -0.05610344186425209,
   0.41072723269462585
  ],
  "euler_order": "XYZ",
  "rotation_matrix": [
   [
    0.9153881669044495,
    -0.4025350511074066,
    0.005480937659740448
   ],
   [
    0.3986479640007019,
    0.9044843316078186,
    -0.15161770582199097
   ],
   [
    0.05607401579618454,
    0.1409740149974823,
    0.9884240031242371
   ]
  ]
 },
 {
  "rotation_euler": [
   2.050751209259033,
   0.08779895305633545,
   -0.44835641980171204
  ],
  "euler_order": "XYZ",
  "rotation_matrix": [
   [
    0.8976896405220032,
    -0.13006557524204254,
    -0.4209943413734436
   ],
   [
    -0.4318152666091919,
    -0.4498172700405121,
    -0.7817928194999695
   ],
   [
    -0.0876861959695816,
    0.8835991024971008,
    -0.45996060967445374
   ]
  ]
 },
 {
  "rotation_euler": [
   0.17586484551429749,
   -0.07872587442398071,
   1.0627813339233398
  ],
  "euler_order": "XYZ",
  "rotation_matrix": [
   [
    0.48493722081184387,
    -0.8669286370277405,
    0.11519826948642731
   ],
   [
    0.8710057139396667,
    0.46691882610321045,
    -0.15276092290878296
   ],
   [
    0.07864458113908768,
    0.17441780865192413,
    0.9815260767936707
   ]
  ]
 },
 {
  "rotation_euler": [
   0.12879647314548492,
   -0.03345264121890068,
   -1.7340776920318604
  ],
  "euler_order": "XYZ",
  "rotation_matrix": [
   [
    -0.16246584057807922,
    0.9792248606681824,
    -0.12134040892124176
   ],
   [
    -0.9861471652984619,
    -0.15697163343429565,
    0.05360709875822067
   ],
   [
    0.03344640135765076,
    0.1283688098192215,
    0.9911623597145081
   ]
  ]
 },
 {
  "rotation_euler": [
   0.15898726880550385,
   -0.03658738359808922,
   -1.2327475547790527
  ],
  "euler_order": "XYZ",
  "rotation_matrix": [
   [
    0.3314249813556671,
    0.9295848608016968,
    -0.16133646667003632
   ],
   [
    -0.9427722096443176,
    0.3329276442527771,
    -0.018432041630148888
   ],
   [
    0.03657922148704529,
    0.15821237862110138,
    0.9867272973060608
   ]
  ]
 }
]