[
 {
  "rotation_euler": [
   -1.5661160945892334,
   1.8103679418563843,
   -0.9753326773643494
  ],
  "euler_order": "XYZ",
  "rotation_matrix": [
   [
    -0.1330922544002533,
    -0.5409927368164062,
    0.8304296135902405
   ],
   [
    0.19644677639007568,
    0.806860089302063,
    0.5571224689483643
   ],
   [
    -0.9714397192001343,
    0.23728390038013458,
    -0.001110551878809929
   ]
  ]
 },
 {
  "rotation_euler": [
   -1.5733366012573242,
   -0.6571552157402039,
   1.5156303644180298
  ],
  "euler_order": "XYZ",
  "rotation_matrix": [
   [
    0.04365457594394684,
    0.036218274384737015,
    -0.9983899593353271
   ],
   [
    0.7905287742614746,
    0.6097956895828247,
    0.05668721720576286
   ],
   [
    0.6108670234680176,
    -0.7917306423187256,
    -0.0020112174097448587
   ]
  ]
 },
 {
  "rotation_euler": [
   1.5878649950027466,
   -1.672369360923767,
   0.5008869171142578
  ],
  "euler_order": "XYZ",
  "rotation_matrix": [
   [
    -0.08894237875938416,
    -0.8643128871917725,
    0.4950277507305145
   ],
   [
    -0.04869191721081734,
    -0.4926302433013916,
    -0.8688754439353943
   ],
   [
    0.9948458671569824,
    -0.10138370096683502,
    0.0017306527588516474
   ]
  ]
 },
 {
  "rotation_euler": [
   -1.5728098154067993,
   -0.7919641733169556,
   0.9356595277786255
  ],
  "euler_order": "XYZ",
  "rotation_matrix": [
   [
    0.4167541265487671,
    0.42388319969177246,
    -0.8041386604309082
   ],
   [
    0.5654645562171936,
    0.5717437267303467,
    0.5944400429725647
   ],
   [
    0.7117343544960022,
    -0.7024472951889038,
    -0.001414371537975967
   ]
  ]
 },
 {
  "rotation_euler": [
   0.006156615912914276,
   0.09671890735626221,
   2.4314229488372803
  ],
  "euler_order": "XYZ",
  "rotation_matrix": [
   [
    -0.7547074556350708,
    -0.6524009108543396,
    -0.06920769810676575
   ],
   [
    0.6489154100418091,
    -0.7578492760658264,
    0.06762587279081345
   ],
   [
    -0.09656818211078644,
    0.006127803586423397,
    0.9953075051307678
   ]
  ]
 },
 {
  "rotation_euler": [
   -0.024685565382242203,
   -0.08748708665370941,
   -2.298992395401001
  ],
  "euler_order": "XYZ",
  "rotation_matrix": [
   [
    -0.6629789471626282,
    0.7447134256362915,
    0.07655566930770874
   ],
   [
    -0.7435216307640076,
    -0.6669312715530396,
    0.04876796528697014
   ],
   [
    0.08737552165985107,
    -0.024588657543063164,
    0.9958719611167908
   ]
  ]
 },
 {
  "rotation_euler": [
   1.5679203271865845,
   0.5519418716430664,
   1.9314601421356201
  ],
  "euler_order": "XYZ",
  "rotation_matrix": [
   [
    -0.3004932403564453,
    -0.18772798776626587,
    0.9351267218589783
   ],
   [
    0.796724259853363,
    0.4895900785923004,
    0.3543049395084381
   ],
   [
    -0.5243417620658875,
    0.851504385471344,
    0.0024489329662173986
   ]
  ]
 },
 {
  "rotation_euler": [
   -1.5721192359924316,
   2.183556079864502,
   0.548602283000946
  ],
  "euler_order": "XYZ",
  "rotation_matrix": [
   [
    -0.49072980880737305,
    -0.6973260045051575,
    -0.5224180817604065
   ],
   [
    -0.29992610216140747,
    -0.4277447462081909,
    0.8526891469955444
   ],
   [
    -0.8180639147758484,
    0.5751268267631531,
    0.0007608409505337477
   ]
  ]
 },
 {
  "rotation_euler": [
   1.5661044120788574,
   -0.2163313925266266,
   2.3822741508483887
  ],
  "euler_order": "XYZ",
  "rotation_matrix": [
   [
    -0.7083995342254639,
    0.15245358645915985,
    0.6891502141952515
   ],
   [
    0.6723811030387878,
    -0.15117096900939941,
    0.7246040105819702
   ],
   [
    0.21464797854423523,
    0.9766807556152344,
    0.004582536406815052
   ]
  ]
 },
 {
  "rotation_euler": [
   -1.5770941972732544,
   0.7645214200019836,
   -0.12727074325084686
  ],
  "euler_order": "XYZ",
  "rotation_matrix": [
   [
    0.7158765196800232,
    -0.687379002571106,
    0.12260087579488754
   ],
   [
    -0.09160526841878891,
    0.08160948008298874,
    0.9924456477165222
   ],
   [
    -0.6921916604042053,
    -0.7216994166374207,
    -0.004545229487121105
   ]
  ]
 },
 {
  "rotation_euler": [
   1.5677653551101685,
   0.49879515171051025,
   1.6459765434265137
  ],
  "euler_order": "XYZ",
  "rotation_matrix": [
   [
    -0.06595805287361145,
    -0.038952168077230453,
    0.9970617890357971
   ],
   [
    0.8756790161132812,
    0.476786732673645,
    0.07655489444732666
   ],
   [
    -0.4783678352832794,
    0.878155529499054,
    0.002661672653630376
   ]
  ]
 },
 {
  "rotation_euler": [
   1.5585073232650757,
   -1.3063600063323975,
   -0.5494471788406372
  ],
  "euler_order": "XYZ",
  "rotation_matrix": [
   [
    0.2228957563638687,
    -0.8166900277137756,
    -0.5322921276092529
   ],
   [
    -0.13648906350135803,
    0.5145055055618286,
    -0.8465546369552612
   ],
   [
    0.9652400016784668,
    0.2613454759120941,
    0.003211837261915207
   ]
  ]
 },
 {
  "rotation_euler": [
   0.018040642142295837,
   -0.023452285677194595,
   0.2814556956291199
  ],
  "euler_order": "XYZ",
  "rotation_matrix": [
   [
    0.9603879451751709,
    -0.27811554074287415,
    -0.017513161525130272
   ],
   [
    0.277677983045578,
    0.9603782892227173,
    -0.023842159658670425
   ],
   [
    0.023450136184692383,
    0.01803470216691494,
    0.9995623230934143
   ]
  ]
 },
 {
  "rotation_euler": [
   -1.575440526008606,
   0.1953957974910736,
   1.884591817855835
  ],
  "euler_order": "XYZ",
  "rotation_matrix": [
   [
    -0.30279725790023804,
    0.06434671580791473,
    -0.9508802890777588
   ],
   [
    0.9330689907073975,
    -0.18323850631713867,
    -0.30952534079551697
   ],
   [
    -0.19415481388568878,
    -0.9809603095054626,
    -0.004555807914584875
   ]
  ]
 },
 {
  "rotation_euler": [
   -0.004353241063654423,
   0.002270448487251997,
   -1.679136037826538
  ],
  "euler_order": "XYZ",
  "rotation_matrix": [
   [
    -0.10812761634588242,
    0.9941286444664001,
    0.0040822080336511135
   ],
   [
    -0.9941344261169434,
    -0.10811704397201538,
    -0.0027278189081698656
   ],
   [
    -0.0022704466246068478,
    -0.004353215917944908,
    0.9999879598617554
   ]
  ]
 },
 {
  "rotation_euler": [
   -1.5712358951568604,
   -1.0496952533721924,
   0.0700623095035553
  ],
  "euler_order": "XYZ",
  "rotation_matrix": [
   [
    0.496614009141922,
    0.8651745319366455,
    -0.06962470710277557
   ],
   [
    0.034850966185331345,
    0.06027485430240631,
    0.9975732564926147
   ],
   [
    0.8672715425491333,
    -0.49783530831336975,
    -0.00021883267618250102
   ]
  ]
 }
]