[
 {
  "rotation_euler": [
   0.00540275638923049,
   0.0002464600547682494,
   -1.2505563497543335
  ],
  "euler_order": "XYZ",
  "rotation_matrix": [
   [
    0.3147943317890167,
    0.9491464495658875,
    -0.005050471518188715
   ],
   [
    -0.9491598606109619,
    0.31478849053382874,
    -0.0019346754997968674
   ],
   [
    -0.0002464600547682494,
    0.005402729846537113,
    0.99998539686203
   ]
  ]
 },
 {
  "rotation_euler": [
   0.0054078660905361176,
   0.00023840150970499963,
   3.1357619762420654
  ],
  "euler_order": "XYZ",
  "rotation_matrix": [
   [
    -0.9999829530715942,
    -0.005831848364323378,
    -0.00020686278003267944
   ],
   [
    0.0058306441642344,
    -0.9999683499336243,
    0.005409137811511755
   ],
   [
    -0.00023840150970499963,
    0.005407839547842741,
    0.9999853372573853
   ]
  ]
 },
 {
  "rotation_euler": [
   0.005413660313934088,
   0.0002365043037571013,
   -2.4952640533447266
  ],
  "euler_order": "XYZ",
  "rotation_matrix": [
   [
    -0.7983002662658691,
    0.6022497415542603,
    -0.003449211595579982
   ],
   [
    -0.6022595763206482,
    -0.7982893586158752,
    0.004179270472377539
   ],
   [
    -0.0002365043037571013,
    0.005413633771240711,
    0.9999853372573853
   ]
  ]
 },
 {
  "rotation_euler": [
   0.0020137038081884384,
   -1.465162754058838,
   -2.2075555324554443
  ],
  "euler_order": "XYZ",
  "rotation_matrix": [
   [
    -0.06269222497940063,
    0.8052159547805786,
    0.5896583199501038
   ],
   [
    -0.08477437496185303,
    -0.5929816365242004,
    0.8007409572601318
   ],
   [
    0.9944259524345398,
    0.00021231920982245356,
    0.1054370179772377
   ]
  ]
 },
 {
  "rotation_euler": [
   0.005399955902248621,
   0.00024390596081502736,
   -1.2982947826385498
  ],
  "euler_order": "XYZ",
  "rotation_matrix": [
   [
    0.2691414952278137,
    0.9630869626998901,
    -0.005135031417012215
   ],
   [
    -0.9631006121635437,
    0.26913630962371826,
    -0.0016882477793842554
   ],
   [
    -0.00024390596081502736,
    0.0053999293595552444,
    0.99998539686203
   ]
  ]
 },
 {
  "rotation_euler": [
   -0.4160759449005127,
   1.4661508798599243,
   -1.4062063694000244
  ],
  "euler_order": "XYZ",
  "rotation_matrix": [
   [
    0.017114654183387756,
    0.8364598155021667,
    0.5477609634399414
   ],
   [
    -0.10304292291402817,
    0.546399712562561,
    -0.8311615586280823
   ],
   [
    -0.994529664516449,
    -0.04221785068511963,
    0.09554270654916763
   ]
  ]
 },
 {
  "rotation_euler": [
   0.005413282196968794,
   0.00023235233675222844,
   1.949851155281067
  ],
  "euler_order": "XYZ",
  "rotation_matrix": [
   [
    -0.3700425326824188,
    -0.9290016293525696,
    0.004943015519529581
   ],
   [
    0.9290148019790649,
    -0.37003597617149353,
    0.0022189905866980553
   ],
   [
    -0.00023235233675222844,
    0.005413255654275417,
    0.9999853372573853
   ]
  ]
 },
 {
  "rotation_euler": [
   0.00540705444291234,
   0.00024174293503165245,
   0.6458104848861694
  ],
  "euler_order": "XYZ",
  "rotation_matrix": [
   [
    0.7986122369766235,
    -0.601836085319519,
    0.0034472537226974964
   ],
   [
    0.6018458604812622,
    0.7986013293266296,
    -0.004172628745436668
   ],
   [
    -0.00024174293503165245,
    0.005407027900218964,
    0.9999853372573853
   ]
  ]
 },
 {
  "rotation_euler": [
   0.005399170331656933,
   0.0002529966877773404,
   -0.6284059882164001
  ],
  "euler_order": "XYZ",
  "rotation_matrix": [
   [
    0.8089655637741089,
    0.5878485441207886,
    -0.002969256602227688
   ],
   [
    -0.5878559947013855,
    0.8089529871940613,
    -0.004516445100307465
   ],
   [
    -0.0002529966877773404,
    0.005399143788963556,
    0.99998539686203
   ]
  ]
 },
 {
  "rotation_euler": [
   0.0020132081117480993,
   -1.4651719331741333,
   1.6444787979125977
  ],
  "euler_order": "XYZ",
  "rotation_matrix": [
   [
    -0.007761176209896803,
    -0.9971372485160828,
    0.07521314918994904
   ],
   [
    0.10514204204082489,
    -0.07561222463846207,
    -0.9915785193443298
   ],
   [
    0.9944269061088562,
    0.00021224857482593507,
    0.10542789101600647
   ]
  ]
 },
 {
  "rotation_euler": [
   0.005402768962085247,
   0.0002456180809531361,
   -2.0449037551879883
  ],
  "euler_order": "XYZ",
  "rotation_matrix": [
   [
    -0.4565444886684418,
    0.8896870017051697,
    -0.004918957129120827
   ],
   [
    -0.8897005319595337,
    -0.4565390348434448,
    0.0022480690386146307
   ],
   [
    -0.0002456180809531361,
    0.0054027424193918705,
    0.99998539686203
   ]
  ]
 },
 {
  "rotation_euler": [
   -0.4160754382610321,
   1.466151237487793,
   0.636772096157074
  ],
  "euler_order": "XYZ",
  "rotation_matrix": [
   [
    0.08398319780826569,
    -0.8670589327812195,
    0.4910760223865509
   ],
   [
    0.06210881099104881,
    0.4964136481285095,
    0.8658614158630371
   ],
   [
    -0.9945297241210938,
    -0.04221765697002411,
    0.09554240107536316
   ]
  ]
 },
 {
  "rotation_euler": [
   0.0017620574217289686,
   -1.4651654958724976,
   -0.5226497650146484
  ],
  "euler_order": "XYZ",
  "rotation_matrix": [
   [
    0.09135894477367401,
    0.4976588189601898,
    -0.8625481128692627
   ],
   [
    -0.052630577236413956,
    0.8673728704452515,
    0.4948680102825165
   ],
   [
    0.9944262504577637,
    0.00018578155140858144,
    0.1054343432188034
   ]
  ]
 },
 {
  "rotation_euler": [
   0.0054086423479020596,
   0.00023524720745626837,
   1.0067265033721924
  ],
  "euler_order": "XYZ",
  "rotation_matrix": [
   [
    0.5346299409866333,
    -0.8450732231140137,
    0.004696515388786793
   ],
   [
    0.8450862169265747,
    0.5346232056617737,
    -0.002692807000130415
   ],
   [
    -0.00023524720745626837,
    0.005408615805208683,
    0.9999853372573853
   ]
  ]
 },
 {
  "rotation_euler": [
   0.00540813198313117,
   0.0002415437193121761,
   -0.6680989265441895
  ],
  "euler_order": "XYZ",
  "rotation_matrix": [
   [
    0.785000741481781,
    0.6194867491722107,
    -0.0031606839038431644
   ],
   [
    -0.6194947361946106,
    0.784988522529602,
    -0.004395000170916319
   ],
   [
    -0.0002415437193121761,
    0.005408105440437794,
    0.9999853372573853
   ]
  ]
 },
 {
  "rotation_euler": [
   0.0054120467975735664,
   0.00023332101409323514,
   2.9894566535949707
  ],
  "euler_order": "XYZ",
  "rotation_matrix": [
   [
    -0.9884495735168457,
    -0.151548832654953,
    0.0005895679350942373
   ],
   [
    0.1515498012304306,
    -0.9884349703788757,
    0.0053848689422011375
   ],
   [
    -0.00023332101409323514,
    0.00541202025488019,
    0.9999853372573853
   ]
  ]
 }
]