[
 {
  "rotation_euler": [
   -0.0012079578591510653,
   0.0007781949243508279,
   -0.8641366958618164
  ],
  "euler_order": "XYZ",
  "rotation_matrix": [
   [
    0.649296760559082,
    0.76053386926651,
    0.001423973124474287
   ],
   [
    -0.7605347633361816,
    0.6492971777915955,
    0.00019247914315201342
   ],
   [
    -0.000778194866143167,
    -0.0012079571606591344,
    0.9999989867210388
   ]
  ]
 },
 {
  "rotation_euler": [
   0.0016255017835646868,
   -0.00048696802696213126,
   -0.9832967519760132
  ],
  "euler_order": "XYZ",
  "rotation_matrix": [
   [
    0.5542815327644348,
    0.832327663898468,
    -0.0016228690510615706
   ],
   [
    -0.8323290944099426,
    0.5542815327644348,
    -0.0004956681514158845
   ],
   [
    0.0004869679978583008,
    0.0016255008522421122,
    0.9999985694885254
   ]
  ]
 },
 {
  "rotation_euler": [
   0.00041654708911664784,
   0.0016545853577554226,
   0.8013030290603638
  ],
  "euler_order": "XYZ",
  "rotation_matrix": [
   [
    0.6957704424858093,
    -0.718262791633606,
    0.0014504030114039779
   ],
   [
    0.7182623147964478,
    0.6957718133926392,
    0.0008986057946458459
   ],
   [
    -0.0016545846592634916,
    0.0004165465070400387,
    0.9999985694885254
   ]
  ]
 },
 {
  "rotation_euler": [
   0.04062237590551376,
   0.05741487070918083,
   -1.7135688066482544
  ],
  "euler_order": "XYZ",
  "rotation_matrix": [
   [
    -0.14205347001552582,
    0.9886771440505981,
    -0.04835621640086174
   ],
   [
    -0.9881942868232727,
    -0.1444772332906723,
    -0.050974130630493164
   ],
   [
    -0.05738333240151405,
    0.040544286370277405,
    0.997528612613678
   ]
  ]
 },
 {
  "rotation_euler": [
   -0.0011219950392842293,
   -0.0009704336989670992,
   1.3288747072219849
  ],
  "euler_order": "XYZ",
  "rotation_matrix": [
   [
    0.23956862092018127,
    -0.970878541469574,
    -0.001321807038038969
   ],
   [
    0.9708789587020874,
    0.23956963419914246,
    -0.000673378468491137
   ],
   [
    0.0009704335243441164,
    -0.0011219942243769765,
    0.999998927116394
   ]
  ]
 },
 {
  "rotation_euler": [
   -0.00020836801559198648,
   0.00030576108838431537,
   -1.5776578187942505
  ],
  "euler_order": "XYZ",
  "rotation_matrix": [
   [
    -0.006861438043415546,
    0.9999764561653137,
    0.00020626514742616564
   ],
   [
    -0.999976396560669,
    -0.006861374247819185,
    -0.00030718359630554914
   ],
   [
    -0.00030576108838431537,
    -0.00020836800104007125,
    0.9999999403953552
   ]
  ]
 },
 {
  "rotation_euler": [
   -0.0002907452580984682,
   -1.983839501917828e-05,
   -3.1072170734405518
  ],
  "euler_order": "XYZ",
  "rotation_matrix": [
   [
    -0.9994091987609863,
    0.03436880186200142,
    2.9819242627127096e-05
   ],
   [
    -0.034368809312582016,
    -0.9994091987609863,
    -0.00028989167185500264
   ],
   [
    1.983839501917828e-05,
    -0.0002907452580984682,
    0.9999999403953552
   ]
  ]
 },
 {
  "rotation_euler": [
   -0.00044040477951057255,
   -0.0010666896123439074,
   0.7630451321601868
  ],
  "euler_order": "XYZ",
  "rotation_matrix": [
   [
    0.7227343916893005,
    -0.6911250352859497,
    -0.0010753084206953645
   ],
   [
    0.6911250948905945,
    0.7227350473403931,
    -0.0004189203027635813
   ],
   [
    0.0010666893795132637,
    -0.00044040451757609844,
    0.9999993443489075
   ]
  ]
 },
 {
  "rotation_euler": [
   -0.000393900612834841,
   -0.0007398019661195576,
   -0.8319825530052185
  ],
  "euler_order": "XYZ",
  "rotation_matrix": [
   [
    0.6734112501144409,
    0.7392680644989014,
    -0.0002069929614663124
   ],
   [
    -0.7392677068710327,
    0.6734111905097961,
    0.0008121689315885305
   ],
   [
    0.0007398019079118967,
    -0.0003939004964195192,
    0.9999996423721313
   ]
  ]
 },
 {
  "rotation_euler": [
   7.747632480459288e-05,
   -0.0016198648372665048,
   2.2939088344573975
  ],
  "euler_order": "XYZ",
  "rotation_matrix": [
   [
    -0.6617206335067749,
    -0.7497496604919434,
    0.0011299867182970047
   ],
   [
    0.7497487664222717,
    -0.6617215871810913,
    -0.0011632249224931002
   ],
   [
    0.0016198641387745738,
    7.747622294118628e-05,
    0.9999986886978149
   ]
  ]
 },
 {
  "rotation_euler": [
   -0.00023060257080942392,
   5.2656989282695577e-05,
   -1.1945133209228516
  ],
  "euler_order": "XYZ",
  "rotation_matrix": [
   [
    0.3674660623073578,
    0.9300369024276733,
    0.00023381855862680823
   ],
   [
    -0.9300369024276733,
    0.3674660623073578,
    3.576567905838601e-05
   ],
   [
    -5.2656989282695577e-05,
    -0.00023060257080942392,
    1.0
   ]
  ]
 },
 {
  "rotation_euler": [
   -0.001091655227355659,
   0.0002970945497509092,
   -0.8579444289207458
  ],
  "euler_order": "XYZ",
  "rotation_matrix": [
   [
    0.6539938449859619,
    0.756499171257019,
    0.0010201347758993506
   ],
   [
    -0.7564998269081116,
    0.6539937257766724,
    0.0004891838761977851
   ],
   [
    -0.0002970945497509092,
    -0.0010916549945250154,
    0.9999993443489075
   ]
  ]
 },
 {
  "rotation_euler": [
   -0.00033745693508535624,
   0.001563752070069313,
   -0.9981464743614197
  ],
  "euler_order": "XYZ",
  "rotation_matrix": [
   [
    0.5418604016304016,
    0.8404677510261536,
    0.0011309577384963632
   ],
   [
    -0.8404670357704163,
    0.5418614745140076,
    -0.0011314282892271876
   ],
   [
    -0.001563751487992704,
    -0.00033745652763172984,
    0.9999987483024597
   ]
  ]
 },
 {
  "rotation_euler": [
   -0.006403179839253426,
   0.04292880743741989,
   -0.8273232579231262
  ],
  "euler_order": "XYZ",
  "rotation_matrix": [
   [
    0.6762250065803528,
    0.7359212040901184,
    0.033760275691747665
   ],
   [
    -0.7354440689086914,
    0.6770370006561279,
    -0.027256544679403305
   ],
   [
    -0.042915623635053635,
    -0.006397237069904804,
    0.9990582466125488
   ]
  ]
 },
 {
  "rotation_euler": [
   -0.0014624780742451549,
   -0.0008517738897353411,
   2.864354133605957
  ],
  "euler_order": "XYZ",
  "rotation_matrix": [
   [
    -0.9618145823478699,
    -0.27370157837867737,
    0.0004189667815808207
   ],
   [
    0.2737005650997162,
    -0.9618135690689087,
    -0.001639763591811061
   ],
   [
    0.0008517737733200192,
    -0.0014624770265072584,
    0.9999985694885254
   ]
  ]
 },
 {
  "rotation_euler": [
   -0.000992561224848032,
   0.001020129886455834,
   0.9623112082481384
  ],
  "euler_order": "XYZ",
  "rotation_matrix": [
   [
    0.5716248154640198,
    -0.8205150961875916,
    -0.00023127964232116938
   ],
   [
    0.8205145001411438,
    0.5716240406036377,
    0.0014044040581211448
   ],
   [
    -0.0010201296536251903,
    -0.000992560526356101,
    0.9999989867210388
   ]
  ]
 }
]