[
 {
  "rotation_euler": [
   1.9494389295578003,
   -0.4169434905052185,
   -0.19714190065860748
  ],
  "euler_order": "XYZ",
  "rotation_matrix": [
   [
    0.8966207504272461,
    -0.4413985311985016,
    -0.035193029791116714
   ],
   [
    -0.17908762395381927,
    -0.28879788517951965,
    -0.9404910206794739
   ],
   [
    0.40496769547462463,
    0.8495664596557617,
    -0.33799120783805847
   ]
  ]
 },
 {
  "rotation_euler": [
   2.065174102783203,
   0.7736039757728577,
   -0.43969637155532837
  ],
  "euler_order": "XYZ",
  "rotation_matrix": [
   [
    0.6473492383956909,
    0.35458171367645264,
    -0.6746930480003357
   ],
   [
    -0.3045193552970886,
    -0.6911593675613403,
    -0.6554133892059326
   ],
   [
    -0.6987180709838867,
    0.629738450050354,
    -0.33944451808929443
   ]
  ]
 },
 {
  "rotation_euler": [
   -0.05256444960832596,
   -0.06530585885047913,
   2.8761699199676514
  ],
  "euler_order": "XYZ",
  "rotation_matrix": [
   [
    -0.9629246592521667,
    -0.2652635872364044,
    0.04910498112440109
   ],
   [
    0.26175805926322937,
    -0.9627494812011719,
    -0.06779541075229645
   ],
   [
    0.06525944918394089,
    -0.05242824926972389,
    0.9964900612831116
   ]
  ]
 },
 {
  "rotation_euler": [
   -2.2768516540527344,
   -1.023284912109375,
   0.7411626577377319
  ],
  "euler_order": "XYZ",
  "rotation_matrix": [
   [
    0.38401180505752563,
    0.9173309206962585,
    -0.10506600141525269
   ],
   [
    0.35145673155784607,
    -0.03999660536646843,
    0.9353493452072144
   ],
   [
    0.853822648525238,
    -0.3961113393306732,
    -0.3377613127231598
   ]
  ]
 },
 {
  "rotation_euler": [
   0.01335835363715887,
   -0.10033581405878067,
   -1.7340259552001953
  ],
  "euler_order": "XYZ",
  "rotation_matrix": [
   [
    -0.161688432097435,
    0.9868370294570923,
    0.003095952793955803
   ],
   [
    -0.9817450046539307,
    -0.16117100417613983,
    0.10099800676107407
   ],
   [
    0.10016755014657974,
    0.013290774077177048,
    0.994881808757782
   ]
  ]
 },
 {
  "rotation_euler": [
   -1.92931067943573,
   0.2397589534521103,
   2.1161868572235107
  ],
  "euler_order": "XYZ",
  "rotation_matrix": [
   [
    -0.5039132237434387,
    0.4153338372707367,
    -0.7573435306549072
   ],
   [
    0.8304698467254639,
    -0.00808816496282816,
    -0.5570048689842224
   ],
   [
    -0.23746848106384277,
    -0.9096331000328064,
    -0.3408465087413788
   ]
  ]
 },
 {
  "rotation_euler": [
   3.129120349884033,
   1.2226487398147583,
   -0.2794566750526428
  ],
  "euler_order": "XYZ",
  "rotation_matrix": [
   [
    0.3279220759868622,
    -0.2645430564880371,
    -0.9069091081619263
   ],
   [
    -0.09410253912210464,
    -0.9643644690513611,
    0.24727687239646912
   ],
   [
    -0.9400063157081604,
    0.004254905041307211,
    -0.3411305844783783
   ]
  ]
 },
 {
  "rotation_euler": [
   -1.9183876514434814,
   -0.014539580792188644,
   0.5940846800804138
  ],
  "euler_order": "XYZ",
  "rotation_matrix": [
   [
    0.8285735845565796,
    0.20199759304523468,
    -0.5221711993217468
   ],
   [
    0.559691309928894,
    -0.2746187746524811,
    0.7818760275840759
   ],
   [
    0.014539068564772606,
    -0.9400965571403503,
    -0.3405981659889221
   ]
  ]
 },
 {
  "rotation_euler": [
   -2.121629476547241,
   0.870291531085968,
   1.2764580249786377
  ],
  "euler_order": "XYZ",
  "rotation_matrix": [
   [
    0.18700383603572845,
    0.31190225481987,
    -0.93152916431427
   ],
   [
    0.6168820858001709,
    -0.7752618193626404,
    -0.13574090600013733
   ],
   [
    -0.7645168900489807,
    -0.5492595434188843,
    -0.33738383650779724
   ]
  ]
 },
 {
  "rotation_euler": [
   1.918845295906067,
   -0.005153467878699303,
   -0.3009290099143982
  ],
  "euler_order": "XYZ",
  "rotation_matrix": [
   [
    0.9550488591194153,
    -0.10572082549333572,
    -0.27695631980895996
   ],
   [
    -0.2964036464691162,
    -0.3243015706539154,
    -0.8983169794082642
   ],
   [
    0.005153445061296225,
    0.9400274753570557,
    -0.3410598933696747
   ]
  ]
 },
 {
  "rotation_euler": [
   1.0802422761917114,
   2.3835091590881348,
   -0.7447627782821655
  ],
  "euler_order": "XYZ",
  "rotation_matrix": [
   [
    -0.5339045524597168,
    0.7652132511138916,
    -0.35971465706825256
   ],
   [
    0.4921859800815582,
    -0.0646650418639183,
    -0.8680849075317383
   ],
   [
    -0.687531054019928,
    -0.6405209898948669,
    -0.3421022891998291
   ]
  ]
 },
 {
  "rotation_euler": [
   2.355828046798706,
   -1.0727460384368896,
   -0.7415716052055359
  ],
  "euler_order": "XYZ",
  "rotation_matrix": [
   [
    0.3522697985172272,
    -0.9356874227523804,
    -0.01987547241151333
   ],
   [
    -0.32267051935195923,
    -0.10149028152227402,
    -0.9410544633865356
   ],
   [
    0.8785156607627869,
    0.3379182815551758,
    -0.3376707136631012
   ]
  ]
 },
 {
  "rotation_euler": [
   2.2090964317321777,
   -0.9609540104866028,
   -0.10922489315271378
  ],
  "euler_order": "XYZ",
  "rotation_matrix": [
   [
    0.5693252086639404,
    -0.7193670272827148,
    0.3979697525501251
   ],
   [
    -0.06243295967578888,
    -0.5205162763595581,
    -0.8515661954879761
   ],
   [
    0.8197383284568787,
    0.4599716365337372,
    -0.341255247592926
   ]
  ]
 },
 {
  "rotation_euler": [
   -0.9393187165260315,
   2.1862847805023193,
   -1.2043559551239014
  ],
  "euler_order": "XYZ",
  "rotation_matrix": [
   [
    -0.20686392486095428,
    0.3150157630443573,
    0.9262679815292358
   ],
   [
    0.5390259027481079,
    0.8267966508865356,
    -0.16080547869205475
   ],
   [
    -0.8164915442466736,
    0.46601754426956177,
    -0.3408360481262207
   ]
  ]
 },
 {
  "rotation_euler": [
   -1.1368274688720703,
   -2.5017640590667725,
   0.6791608929634094
  ],
  "euler_order": "XYZ",
  "rotation_matrix": [
   [
    -0.6241903901100159,
    0.15738967061042786,
    -0.7652547359466553
   ],
   [
    -0.5038930177688599,
    0.6674435138702393,
    0.5482800006866455
   ],
   [
    0.5970579385757446,
    0.7278376221656799,
    -0.3373042941093445
   ]
  ]
 },
 {
  "rotation_euler": [
   1.9188615083694458,
   -0.1441904753446579,
   -1.4936250448226929
  ],
  "euler_order": "XYZ",
  "rotation_matrix": [
   [
    0.0762946605682373,
    -0.35047808289527893,
    -0.9334582090377808
   ],
   [
    -0.9866772294044495,
    0.1083773672580719,
    -0.12133600562810898
   ],
   [
    0.14369134604930878,
    0.9302792549133301,
    -0.3375401198863983
   ]
  ]
 }
]