[
 {
  "rotation_euler": [
   -0.6958593726158142,
   2.408210515975952,
   0.7032762765884399
  ],
  "euler_order": "XYZ",
  "rotation_matrix": [
   [
    -0.5666414499282837,
    -0.823651134967804,
    -0.022721095010638237
   ],
   [
    -0.4804578423500061,
    0.30788370966911316,
    0.8211990594863892
   ],
   [
    -0.669386088848114,
    0.47624194622039795,
    -0.5701892971992493
   ]
  ]
 },
 {
  "rotation_euler": [
   -0.00020099467656109482,
   -3.963932249462232e-05,
   2.2714765071868896
  ],
  "euler_order": "XYZ",
  "rotation_matrix": [
   [
    -0.6447377800941467,
    -0.7644038200378418,
    -0.00012808412429876626
   ],
   [
    0.7644038200378418,
    -0.644737720489502,
    -0.00015988931409083307
   ],
   [
    3.963932249462232e-05,
    -0.00020099467656109482,
    1.0
   ]
  ]
 },
 {
  "rotation_euler": [
   -0.00020440641674213111,
   -5.789354872831609e-06,
   1.7953444719314575
  ],
  "euler_order": "XYZ",
  "rotation_matrix": [
   [
    -0.22266587615013123,
    -0.9748948216438293,
    -0.00019798566063400358
   ],
   [
    0.9748948216438293,
    -0.22266586124897003,
    -5.115834574098699e-05
   ],
   [
    5.789354872831609e-06,
    -0.00020440641674213111,
    1.0
   ]
  ]
 },
 {
  "rotation_euler": [
   -0.00020024784316774458,
   -3.968765304307453e-05,
   1.3957500457763672
  ],
  "euler_order": "XYZ",
  "rotation_matrix": [
   [
    0.17415371537208557,
    -0.9847184419631958,
    -0.00020409950229804963
   ],
   [
    0.9847185015678406,
    0.17415371537208557,
    -4.207259735267144e-06
   ],
   [
    3.968765304307453e-05,
    -0.00020024784316774458,
    1.0
   ]
  ]
 },
 {
  "rotation_euler": [
   -0.00020148002658970654,
   -3.200523860868998e-05,
   1.0300698280334473
  ],
  "euler_order": "XYZ",
  "rotation_matrix": [
   [
    0.5147590041160583,
    -0.8573349118232727,
    -0.00018921084119938314
   ],
   [
    0.8573349118232727,
    0.5147590041160583,
    7.627444574609399e-05
   ],
   [
    3.200523860868998e-05,
    -0.00020148002658970654,
    1.0
   ]
  ]
 },
 {
  "rotation_euler": [
   -0.00020567627507261932,
   -2.4874323571566492e-05,
   -0.4752327799797058
  ],
  "euler_order": "XYZ",
  "rotation_matrix": [
   [
    0.8891862630844116,
    0.4575454294681549,
    7.198833918664604e-05
   ],
   [
    -0.4575454294681549,
    0.8891862034797668,
    0.00019426563812885433
   ],
   [
    2.4874323571566492e-05,
    -0.00020567627507261932,
    1.0
   ]
  ]
 },
 {
  "rotation_euler": [
   -0.18854321539402008,
   2.419499635696411,
   -1.7435802221298218
  ],
  "euler_order": "XYZ",
  "rotation_matrix": [
   [
    0.12901698052883148,
    0.9889506101608276,
    0.07301583141088486
   ],
   [
    0.739250123500824,
    -0.04684136435389519,
    -0.671799898147583
   ],
   [
    -0.6609567403793335,
    0.14065055549144745,
    -0.7371252179145813
   ]
  ]
 },
 {
  "rotation_euler": [
   -0.0002047625312115997,
   -7.390196515189018e-06,
   0.4995260238647461
  ],
  "euler_order": "XYZ",
  "rotation_matrix": [
   [
    0.8778097033500671,
    -0.4790095090866089,
    -0.00010457039024913684
   ],
   [
    0.4790095388889313,
    0.8778097033500671,
    0.000176202564034611
   ],
   [
    7.390196515189018e-06,
    -0.0002047625312115997,
    1.0
   ]
  ]
 },
 {
  "rotation_euler": [
   -0.00019994017202407122,
   -4.002250716439448e-05,
   -1.3363761901855469
  ],
  "euler_order": "XYZ",
  "rotation_matrix": [
   [
    0.23227901756763458,
    0.9726491570472717,
    0.00018517526041250676
   ],
   [
    -0.9726492166519165,
    0.2322790026664734,
    8.53697638376616e-05
   ],
   [
    4.002250716439448e-05,
    -0.00019994017202407122,
    1.0
   ]
  ]
 },
 {
  "rotation_euler": [
   -0.0002078147226711735,
   1.7581518477527425e-05,
   1.6549099683761597
  ],
  "euler_order": "XYZ",
  "rotation_matrix": [
   [
    -0.08401449024677277,
    -0.9964644908905029,
    -0.00020855710317846388
   ],
   [
    0.9964645504951477,
    -0.08401449024677277,
    5.991115870074282e-08
   ],
   [
    -1.7581518477527425e-05,
    -0.0002078147226711735,
    1.0
   ]
  ]
 },
 {
  "rotation_euler": [
   -0.00020468636648729444,
   -2.810397018038202e-05,
   -0.45197537541389465
  ],
  "euler_order": "XYZ",
  "rotation_matrix": [
   [
    0.8995861411094666,
    0.4367434084415436,
    6.411347567336634e-05
   ],
   [
    -0.4367434084415436,
    0.8995860815048218,
    0.00019640724349301308
   ],
   [
    2.810397018038202e-05,
    -0.00020468636648729444,
    1.0
   ]
  ]
 },
 {
  "rotation_euler": [
   1.2205750942230225,
   -2.6402523517608643,
   0.2025527060031891
  ],
  "euler_order": "XYZ",
  "rotation_matrix": [
   [
    -0.8590112924575806,
    -0.511221170425415,
    0.027432912960648537
   ],
   [
    -0.17641429603099823,
    0.24527738988399506,
    -0.9532665014266968
   ],
   [
    0.48060134053230286,
    -0.8237062096595764,
    -0.3008827567100525
   ]
  ]
 },
 {
  "rotation_euler": [
   -0.00020664639305323362,
   -9.351105290988926e-06,
   -1.15802001953125
  ],
  "euler_order": "XYZ",
  "rotation_matrix": [
   [
    0.4011540114879608,
    0.9160106182098389,
    0.00018553905829321593
   ],
   [
    -0.9160106182098389,
    0.4011539816856384,
    9.146273805527017e-05
   ],
   [
    9.351105290988926e-06,
    -0.00020664639305323362,
    1.0
   ]
  ]
 },
 {
  "rotation_euler": [
   -0.00020230784139130265,
   -3.270074012107216e-05,
   -1.0041768550872803
  ],
  "euler_order": "XYZ",
  "rotation_matrix": [
   [
    0.5367829203605652,
    0.8437203764915466,
    0.00015313805488403887
   ],
   [
    -0.8437203764915466,
    0.5367828607559204,
    0.00013618567027151585
   ],
   [
    3.270074012107216e-05,
    -0.00020230784139130265,
    1.0
   ]
  ]
 },
 {
  "rotation_euler": [
   -0.00020464324916247278,
   -2.2159279069455806e-06,
   -0.4757769703865051
  ],
  "euler_order": "XYZ",
  "rotation_matrix": [
   [
    0.8889371156692505,
    0.45802924036979675,
    9.176277671940625e-05
   ],
   [
    -0.45802927017211914,
    0.8889371156692505,
    0.00018292994354851544
   ],
   [
    2.2159279069455806e-06,
    -0.00020464324916247278,
    1.0
   ]
  ]
 },
 {
  "rotation_euler": [
   -0.00020099300309084356,
   -3.0822240660199896e-05,
   -0.9772732853889465
  ],
  "euler_order": "XYZ",
  "rotation_matrix": [
   [
    0.5592849850654602,
    0.8289754390716553,
    0.00014937984815333039
   ],
   [
    -0.8289754390716553,
    0.5592849850654602,
    0.00013796324492432177
   ],
   [
    3.0822240660199896e-05,
    -0.00020099300309084356,
    1.0
   ]
  ]
 }
]