[
 {
  "rotation_euler": [
   0.12035127729177475,
   1.5650988817214966,
   1.3946006298065186
  ],
  "euler_order": "XYZ",
  "rotation_matrix": [
   [
    0.0009986738441511989,
    -0.9563515782356262,
    0.29221683740615845
   ],
   [
    0.005609204992651939,
    0.2922177314758301,
    0.9563353657722473
   ],
   [
    -0.9999837875366211,
    0.0006840369896963239,
    0.00565620232373476
   ]
  ]
 },
 {
  "rotation_euler": [
   0.12039364129304886,
   1.5650960206985474,
   -1.9537476301193237
  ],
  "euler_order": "XYZ",
  "rotation_matrix": [
   [
    -0.002129962667822838,
    0.875974714756012,
    -0.48235228657722473
   ],
   [
    -0.005287380889058113,
    -0.4823565185070038,
    -0.875959038734436
   ],
   [
    -0.9999837279319763,
    0.0006846202304586768,
    0.005659013520926237
   ]
  ]
 },
 {
  "rotation_euler": [
   0.12036404013633728,
   1.5650947093963623,
   0.42090171575546265
  ],
  "euler_order": "XYZ",
  "rotation_matrix": [
   [
    0.005203957203775644,
    -0.29603561758995056,
    0.9551627039909363
   ],
   [
    0.0023295748978853226,
    0.9551766514778137,
    0.2960272431373596
   ],
   [
    -0.9999837279319763,
    0.0006846101605333388,
    0.005660335533320904
   ]
  ]
 },
 {
  "rotation_euler": [
   -0.4023774564266205,
   -1.5689870119094849,
   -2.075132131576538
  ],
  "euler_order": "XYZ",
  "rotation_matrix": [
   [
    -0.0008743075886741281,
    0.6163376569747925,
    0.7874815464019775
   ],
   [
    -0.0015840464038774371,
    -0.7874817252159119,
    0.6163359880447388
   ],
   [
    0.9999983906745911,
    -0.0007085400284267962,
    0.0016648086020722985
   ]
  ]
 },
 {
  "rotation_euler": [
   0.12046816200017929,
   1.5650981664657593,
   2.8218657970428467
  ],
  "euler_order": "XYZ",
  "rotation_matrix": [
   [
    -0.005409355740994215,
    -0.4261140525341034,
    -0.9046532511711121
   ],
   [
    0.0017909635789692402,
    -0.9046691656112671,
    0.4261108338832855
   ],
   [
    -0.9999837875366211,
    0.0006847840268164873,
    0.005656832363456488
   ]
  ]
 },
 {
  "rotation_euler": [
   0.12026762962341309,
   1.5650982856750488,
   1.690985918045044
  ],
  "euler_order": "XYZ",
  "rotation_matrix": [
   [
    -0.0006831939099356532,
    -0.9999997615814209,
    7.9970748629421e-05
   ],
   [
    0.00565690454095602,
    7.610472675878555e-05,
    0.9999840259552002
   ],
   [
    -0.9999837875366211,
    0.000683635356836021,
    0.00565685098990798
   ]
  ]
 },
 {
  "rotation_euler": [
   -0.3963073194026947,
   -1.568976879119873,
   -1.6328999996185303
  ],
  "euler_order": "XYZ",
  "rotation_matrix": [
   [
    -0.0001129216980189085,
    0.8967568278312683,
    0.44252362847328186
   ],
   [
    -0.0018159390892833471,
    -0.4425230622291565,
    0.8967552781105042
   ],
   [
    0.9999983310699463,
    -0.000702332821674645,
    0.0016784262843430042
   ]
  ]
 },
 {
  "rotation_euler": [
   0.127145916223526,
   1.5651029348373413,
   -1.6688817739486694
  ],
  "euler_order": "XYZ",
  "rotation_matrix": [
   [
    -0.0005575408576987684,
    0.9747426509857178,
    -0.2233303189277649
   ],
   [
    -0.005665996111929417,
    -0.2233298420906067,
    -0.9747264385223389
   ],
   [
    -0.9999837875366211,
    0.0007219387916848063,
    0.0056474036537110806
   ]
  ]
 },
 {
  "rotation_euler": [
   0.12043880671262741,
   1.5650981664657593,
   2.963449239730835
  ],
  "euler_order": "XYZ",
  "rotation_matrix": [
   [
    -0.005607953295111656,
    -0.2941635251045227,
    -0.9557386636734009
   ],
   [
    0.0010097237536683679,
    -0.9557548761367798,
    0.2941626012325287
   ],
   [
    -0.9999837875366211,
    0.0006846180185675621,
    0.005656852386891842
   ]
  ]
 },
 {
  "rotation_euler": [
   -0.4100806415081024,
   -1.568983554840088,
   2.594435691833496
  ],
  "euler_order": "XYZ",
  "rotation_matrix": [
   [
    -0.001548119238577783,
    -0.817603588104248,
    0.5757794380187988
   ],
   [
    0.0009431146900169551,
    -0.5757810473442078,
    -0.817603349685669
   ],
   [
    0.9999983310699463,
    -0.0007227215101011097,
    0.0016624716809019446
   ]
  ]
 },
 {
  "rotation_euler": [
   0.1104028970003128,
   1.5650782585144043,
   3.007702112197876
  ],
  "euler_order": "XYZ",
  "rotation_matrix": [
   [
    -0.005666860844939947,
    -0.2418690174818039,
    -0.9702923893928528
   ],
   [
    0.0007633056957274675,
    -0.9703087210655212,
    0.24186863005161285
   ],
   [
    -0.9999836683273315,
    0.0006300061941146851,
    0.005683224648237228
   ]
  ]
 },
 {
  "rotation_euler": [
   0.11874265968799591,
   1.5650995969772339,
   -0.3724484145641327
  ],
  "euler_order": "XYZ",
  "rotation_matrix": [
   [
    0.005306128412485123,
    0.47167468070983887,
    0.8817566633224487
   ],
   [
    -0.0020730120595544577,
    0.8817723989486694,
    -0.47167062759399414
   ],
   [
    -0.9999837875366211,
    0.0006748526939190924,
    0.005656585097312927
   ]
  ]
 },
 {
  "rotation_euler": [
   -0.4012035131454468,
   -1.5689865350723267,
   -0.7973522543907166
  ],
  "euler_order": "XYZ",
  "rotation_matrix": [
   [
    0.0012643263908103108,
    0.931514322757721,
    -0.3637024164199829
   ],
   [
    -0.0012949213851243258,
    0.3637039065361023,
    0.9315137267112732
   ],
   [
    0.9999983906745911,
    -0.0007067713886499405,
    0.001666078227572143
   ]
  ]
 },
 {
  "rotation_euler": [
   0.12099754810333252,
   1.5650981664657593,
   1.5366976261138916
  ],
  "euler_order": "XYZ",
  "rotation_matrix": [
   [
    0.000194261156138964,
    -0.9879967570304871,
    0.1544746458530426
   ],
   [
    0.0056948172859847546,
    0.1544732302427292,
    0.9879805445671082
   ],
   [
    -0.9999837875366211,
    0.0006877785781398416,
    0.0056564686819911
   ]
  ]
 },
 {
  "rotation_euler": [
   0.12027528882026672,
   1.5650984048843384,
   2.8673489093780518
  ],
  "euler_order": "XYZ",
  "rotation_matrix": [
   [
    -0.005484962370246649,
    -0.3843623399734497,
    -0.923166036605835
   ],
   [
    0.0015430973144248128,
    -0.9231820702552795,
    0.38435983657836914
   ],
   [
    -0.9999837875366211,
    0.0006836644024588168,
    0.005656727589666843
   ]
  ]
 },
 {
  "rotation_euler": [
   -0.4001203179359436,
   -1.5689886808395386,
   -1.074103593826294
  ],
  "euler_order": "XYZ",
  "rotation_matrix": [
   [
    0.0008613799000158906,
    0.9953402280807495,
    -0.09642165899276733
   ],
   [
    -0.001589215244166553,
    0.09642293304204941,
    0.9953391551971436
   ],
   [
    0.9999983906745911,
    -0.0007041304488666356,
    0.0016648665769025683
   ]
  ]
 }
]