[
 {
  "rotation_euler": [
   -0.27183741331100464,
   0.20107504725456238,
   -0.27887073159217834
  ],
  "euler_order": "XYZ",
  "rotation_matrix": [
   [
    0.9419977068901062,
    0.2136078178882599,
    0.2588668167591095
   ],
   [
    -0.26972416043281555,
    0.9408263564109802,
    0.20516985654830933
   ],
   [
    -0.19972282648086548,
    -0.26309216022491455,
    0.9438714385032654
   ]
  ]
 },
 {
  "rotation_euler": [
   -0.27087947726249695,
   0.19584928452968597,
   -1.8138757944107056
  ],
  "euler_order": "XYZ",
  "rotation_matrix": [
   [
    -0.23609131574630737,
    0.9477423429489136,
    0.2145817130804062
   ],
   [
    -0.9520461559295654,
    -0.18137609958648682,
    -0.24639570713043213
   ],
   [
    -0.19459965825080872,
    -0.2624635696411133,
    0.9451158046722412
   ]
  ]
 },
 {
  "rotation_euler": [
   -0.23592647910118103,
   4.383397026685998e-06,
   -0.26464924216270447
  ],
  "euler_order": "XYZ",
  "rotation_matrix": [
   [
    0.9651843309402466,
    0.2543237805366516,
    0.06114467978477478
   ],
   [
    -0.2615707516670227,
    0.9384472370147705,
    0.2256048321723938
   ],
   [
    -4.383397026685998e-06,
    -0.23374390602111816,
    0.9722982048988342
   ]
  ]
 },
 {
  "rotation_euler": [
   -0.28397977352142334,
   0.26623043417930603,
   -1.1318100690841675
  ],
  "euler_order": "XYZ",
  "rotation_matrix": [
   [
    0.41004833579063416,
    0.8375985622406006,
    0.36095571517944336
   ],
   [
    -0.8732929229736328,
    0.4747236669063568,
    -0.10953018814325333
   ],
   [
    -0.26309654116630554,
    -0.27030742168426514,
    0.9261285662651062
   ]
  ]
 },
 {
  "rotation_euler": [
   -0.2689818739891052,
   0.18547002971172333,
   -1.8477927446365356
  ],
  "euler_order": "XYZ",
  "rotation_matrix": [
   [
    -0.2687777280807495,
    0.9406955242156982,
    0.20700353384017944
   ],
   [
    -0.9453845620155334,
    -0.21649593114852905,
    -0.24367496371269226
   ],
   [
    -0.1844085156917572,
    -0.26119235157966614,
    0.9475083351135254
   ]
  ]
 },
 {
  "rotation_euler": [
   -0.25385594367980957,
   -0.10410566627979279,
   -0.19018283486366272
  ],
  "euler_order": "XYZ",
  "rotation_matrix": [
   [
    0.9766532182693481,
    0.20860715210437775,
    -0.051298897713422775
   ],
   [
    -0.18801496922969818,
    0.9455653429031372,
    0.2656249403953552
   ],
   [
    0.10391771793365479,
    -0.24977849423885345,
    0.9627106785774231
   ]
  ]
 },
 {
  "rotation_euler": [
   -0.28336432576179504,
   0.2629709243774414,
   1.616184949874878
  ],
  "euler_order": "XYZ",
  "rotation_matrix": [
   [
    -0.043813202530145645,
    -0.9558337926864624,
    -0.29062381386756897
   ],
   [
    0.9646274447441101,
    -0.1161675974726677,
    0.23664094507694244
   ],
   [
    -0.2599504888057709,
    -0.2699757218360901,
    0.9271131753921509
   ]
  ]
 },
 {
  "rotation_euler": [
   -0.2776332199573517,
   0.23242487013339996,
   1.1589196920394897
  ],
  "euler_order": "XYZ",
  "rotation_matrix": [
   [
    0.3895651400089264,
    -0.9065536260604858,
    -0.1624792218208313
   ],
   [
    0.8917306065559387,
    0.32714834809303284,
    0.31271472573280334
   ],
   [
    -0.23033785820007324,
    -0.26671046018600464,
    0.9358472228050232
   ]
  ]
 },
 {
  "rotation_euler": [
   -0.24471798539161682,
   -0.049676746129989624,
   1.08400297164917
  ],
  "euler_order": "XYZ",
  "rotation_matrix": [
   [
    0.4672170579433441,
    -0.8518761396408081,
    -0.23667538166046143
   ],
   [
    0.8827471137046814,
    0.4644898772239685,
    0.07075794041156769
   ],
   [
    0.04965631663799286,
    -0.2419838309288025,
    0.9690088033676147
   ]
  ]
 },
 {
  "rotation_euler": [
   -0.28740814328193665,
   0.2842240631580353,
   -1.8791064023971558
  ],
  "euler_order": "XYZ",
  "rotation_matrix": [
   [
    -0.2912743091583252,
    0.9378841519355774,
    0.18850085139274597
   ],
   [
    -0.9146190285682678,
    -0.2152620106935501,
    -0.3422488868236542
   ],
   [
    -0.2804127335548401,
    -0.2720947861671448,
    0.92050701379776
   ]
  ]
 },
 {
  "rotation_euler": [
   -0.29509487748146057,
   0.3238876461982727,
   -3.0755677223205566
  ],
  "euler_order": "XYZ",
  "rotation_matrix": [
   [
    -0.9459397792816162,
    0.15548156201839447,
    -0.2846461832523346
   ],
   [
    -0.06254652142524719,
    -0.94858318567276,
    -0.3102867901325226
   ],
   [
    -0.3182544708251953,
    -0.27570897340774536,
    0.9070273637771606
   ]
  ]
 },
 {
  "rotation_euler": [
   -0.25921058654785156,
   -0.13203400373458862,
   -1.1318860054016113
  ],
  "euler_order": "XYZ",
  "rotation_matrix": [
   [
    0.42125460505485535,
    0.8893141746520996,
    0.17794618010520935
   ],
   [
    -0.8973364233970642,
    0.380210816860199,
    0.22411401569843292
   ],
   [
    0.13165071606636047,
    -0.2540866434574127,
    0.9581795334815979
   ]
  ]
 },
 {
  "rotation_euler": [
   -0.24090975522994995,
   -0.04202239215373993,
   1.145686149597168
  ],
  "euler_order": "XYZ",
  "rotation_matrix": [
   [
    0.4120570719242096,
    -0.8805513381958008,
    -0.234175905585289
   ],
   [
    0.9101890921592712,
    0.4096418619155884,
    0.06123235821723938
   ],
   [
    0.042010024189949036,
    -0.23837557435035706,
    0.9702640175819397
   ]
  ]
 },
 {
  "rotation_euler": [
   -0.2650880217552185,
   -0.16419820487499237,
   -0.34939560294151306
  ],
  "euler_order": "XYZ",
  "rotation_matrix": [
   [
    0.9269421696662903,
    0.3706105947494507,
    -0.05853171646595001
   ],
   [
    -0.33772554993629456,
    0.892099142074585,
    0.3001675605773926
   ],
   [
    0.163461372256279,
    -0.2584703266620636,
    0.9520890116691589
   ]
  ]
 },
 {
  "rotation_euler": [
   -0.2640135884284973,
   0.1581030637025833,
   -2.95281720161438
  ],
  "euler_order": "XYZ",
  "rotation_matrix": [
   [
    -0.9699840545654297,
    0.22151057422161102,
    -0.10031942278146744
   ],
   [
    -0.18531574308872223,
    -0.9404906034469604,
    -0.2848430275917053
   ],
   [
    -0.15744520723819733,
    -0.25770244002342224,
    0.9533102512359619
   ]
  ]
 },
 {
  "rotation_euler": [
   -0.2662612795829773,
   -0.17067763209342957,
   -1.3577035665512085
  ],
  "euler_order": "XYZ",
  "rotation_matrix": [
   [
    0.2084108293056488,
    0.9523916244506836,
    0.22252003848552704
   ],
   [
    -0.9631800651550293,
    0.16035014390945435,
    0.21580544114112854
   ],
   [
    0.1698501706123352,
    -0.2593030631542206,
    0.9507433176040649
   ]
  ]
 }
]