[
 {
  "rotation_euler": [
   1.032502293586731,
   0.017364468425512314,
   -2.8860011100769043
  ],
  "euler_order": "XYZ",
  "rotation_matrix": [
   [
    -0.9673680663108826,
    0.11518879234790802,
    -0.22567808628082275
   ],
   [
    -0.25277966260910034,
    -0.4997863471508026,
    0.8284419178962708
   ],
   [
    -0.017363596707582474,
    0.8584551215171814,
    0.5125947594642639
   ]
  ]
 },
 {
  "rotation_euler": [
   1.0325021743774414,
   0.01736448146402836,
   -1.3402435779571533
  ],
  "euler_order": "XYZ",
  "rotation_matrix": [
   [
    0.2284812331199646,
    0.5025137066841125,
    -0.833832323551178
   ],
   [
    -0.973393440246582,
    0.10263995826244354,
    -0.20486631989479065
   ],
   [
    -0.01736360974609852,
    0.8584550023078918,
    0.5125948190689087
   ]
  ]
 },
 {
  "rotation_euler": [
   1.032502293586731,
   0.017364460974931717,
   -1.7865372896194458
  ],
  "euler_order": "XYZ",
  "rotation_matrix": [
   [
    -0.21403899788856506,
    0.497595876455307,
    -0.8405864834785461
   ],
   [
    -0.9766708016395569,
    -0.12431085854768753,
    0.1751028150320053
   ],
   [
    -0.017363589257001877,
    0.8584551215171814,
    0.5125947594642639
   ]
  ]
 },
 {
  "rotation_euler": [
   1.0325021743774414,
   0.017364459112286568,
   2.996486186981201
  ],
  "euler_order": "XYZ",
  "rotation_matrix": [
   [
    -0.9893413186073303,
    -0.088882677257061,
    0.11534113436937332
   ],
   [
    0.14457598328590393,
    -0.5051285028457642,
    0.850848376750946
   ],
   [
    -0.017363587394356728,
    0.8584550023078918,
    0.5125948190689087
   ]
  ]
 },
 {
  "rotation_euler": [
   1.0325024127960205,
   0.017364488914608955,
   -0.19959650933742523
  ],
  "euler_order": "XYZ",
  "rotation_matrix": [
   [
    0.9799988865852356,
    0.11626160144805908,
    -0.16150978207588196
   ],
   [
    -0.19824397563934326,
    0.49953776597976685,
    -0.8433037996292114
   ],
   [
    -0.017363617196679115,
    0.8584551811218262,
    0.5125946402549744
   ]
  ]
 },
 {
  "rotation_euler": [
   1.032502293586731,
   0.01736440882086754,
   1.4641079902648926
  ],
  "euler_order": "XYZ",
  "rotation_matrix": [
   [
    0.1064700037240982,
    -0.5081695914268494,
    0.8546506762504578
   ],
   [
    0.9941642880439758,
    0.06941571831703186,
    -0.08257609605789185
   ],
   [
    -0.0173635371029377,
    0.8584551215171814,
    0.5125947594642639
   ]
  ]
 },
 {
  "rotation_euler": [
   1.032502293586731,
   0.017364462837576866,
   2.4750239849090576
  ],
  "euler_order": "XYZ",
  "rotation_matrix": [
   [
    -0.7858293652534485,
    -0.32869839668273926,
    0.5238602757453918
   ],
   [
    0.6181995868682861,
    -0.39371588826179504,
    0.680306613445282
   ],
   [
    -0.017363591119647026,
    0.8584551215171814,
    0.5125947594642639
   ]
  ]
 },
 {
  "rotation_euler": [
   1.03250253200531,
   0.0173646230250597,
   -1.2777050733566284
  ],
  "euler_order": "XYZ",
  "rotation_matrix": [
   [
    0.2888694703578949,
    0.49511629343032837,
    -0.8193987607955933
   ],
   [
    -0.9572110176086426,
    0.13384507596492767,
    -0.25657859444618225
   ],
   [
    -0.01736375130712986,
    0.858455240726471,
    0.5125945210456848
   ]
  ]
 },
 {
  "rotation_euler": [
   1.0325021743774414,
   0.01736442744731903,
   -1.0817621946334839
  ],
  "euler_order": "XYZ",
  "rotation_matrix": [
   [
    0.4697026312351227,
    0.45958369970321655,
    -0.7537654042243958
   ],
   [
    -0.8826539516448975,
    0.2276790887117386,
    -0.41119858622550964
   ],
   [
    -0.01736355572938919,
    0.8584550619125366,
    0.5125948190689087
   ]
  ]
 },
 {
  "rotation_euler": [
   1.032502293586731,
   0.01736452244222164,
   -1.2973519563674927
  ],
  "euler_order": "XYZ",
  "rotation_matrix": [
   [
    0.27000871300697327,
    0.4976503849029541,
    -0.8242811560630798
   ],
   [
    -0.9627013206481934,
    0.12409251928329468,
    -0.24043138325214386
   ],
   [
    -0.0173636507242918,
    0.8584551215171814,
    0.5125947594642639
   ]
  ]
 },
 {
  "rotation_euler": [
   1.0325021743774414,
   0.017364419996738434,
   2.4042601585388184
  ],
  "euler_order": "XYZ",
  "rotation_matrix": [
   [
    -0.7401530146598816,
    -0.3557133972644806,
    0.5706501007080078
   ],
   [
    0.6722142696380615,
    -0.3694900870323181,
    0.6415644884109497
   ],
   [
    -0.017363548278808594,
    0.8584550619125366,
    0.5125948190689087
   ]
  ]
 },
 {
  "rotation_euler": [
   1.032502293586731,
   0.01736442558467388,
   2.6325063705444336
  ],
  "euler_order": "XYZ",
  "rotation_matrix": [
   [
    -0.873058557510376,
    -0.2628834843635559,
    0.41068360209465027
   ],
   [
    0.4873061180114746,
    -0.4403942823410034,
    0.7540461421012878
   ],
   [
    -0.01736355386674404,
    0.8584551215171814,
    0.5125947594642639
   ]
  ]
 },
 {
  "rotation_euler": [
   1.0325021743774414,
   0.01736447960138321,
   1.2968146800994873
  ],
  "euler_order": "XYZ",
  "rotation_matrix": [
   [
    0.27052590250968933,
    -0.4895164370536804,
    0.82896888256073
   ],
   [
    0.9625560641288757,
    0.1530640721321106,
    -0.2237345576286316
   ],
   [
    -0.01736360788345337,
    0.8584550023078918,
    0.5125948190689087
   ]
  ]
 },
 {
  "rotation_euler": [
   1.0325026512145996,
   0.01736466772854328,
   -1.1937637329101562
  ],
  "euler_order": "XYZ",
  "rotation_matrix": [
   [
    0.3681076169013977,
    0.48215097188949585,
    -0.7950013875961304
   ],
   [
    -0.9296210408210754,
    0.17488566040992737,
    -0.3243758976459503
   ],
   [
    -0.017363794147968292,
    0.8584553003311157,
    0.5125944018363953
   ]
  ]
 },
 {
  "rotation_euler": [
   1.0325021743774414,
   0.017364470288157463,
   1.2369532585144043
  ],
  "euler_order": "XYZ",
  "rotation_matrix": [
   [
    0.32762694358825684,
    -0.4794824719429016,
    0.8140989542007446
   ],
   [
    0.9446476101875305,
    0.18207556009292603,
    -0.2729274332523346
   ],
   [
    -0.017363598570227623,
    0.8584550023078918,
    0.5125948190689087
   ]
  ]
 },
 {
  "rotation_euler": [
   1.032502293586731,
   0.017364365980029106,
   -2.0599918365478516
  ],
  "euler_order": "XYZ",
  "rotation_matrix": [
   [
    -0.4698450565338135,
    0.445535808801651,
    -0.7620652318000793
   ],
   [
    -0.8825781345367432,
    -0.2540722191333771,
    0.39560481905937195
   ],
   [
    -0.017363494262099266,
    0.8584551215171814,
    0.5125947594642639
   ]
  ]
 }
]