[
 {
  "rotation_euler": [
   -1.3479516506195068,
   -1.5475159883499146,
   -0.9849877953529358
  ],
  "euler_order": "XYZ",
  "rotation_matrix": [
   [
    0.01286991499364376,
    0.7232118248939514,
    0.6905063986778259
   ],
   [
    -0.019396947696805,
    -0.6902530789375305,
    0.7233080267906189
   ],
   [
    0.9997290372848511,
    -0.02270262874662876,
    0.005144603084772825
   ]
  ]
 },
 {
  "rotation_euler": [
   -1.4050512313842773,
   -1.4995871782302856,
   -0.961871862411499
  ],
  "euler_order": "XYZ",
  "rotation_matrix": [
   [
    0.040696192532777786,
    0.6980502605438232,
    0.7148913741111755
   ],
   [
    -0.05836092680692673,
    -0.712601900100708,
    0.6991369724273682
   ],
   [
    0.9974656701087952,
    -0.07017393410205841,
    0.011738675646483898
   ]
  ]
 },
 {
  "rotation_euler": [
   -1.3503276109695435,
   -1.5468941926956177,
   1.5446220636367798
  ],
  "euler_order": "XYZ",
  "rotation_matrix": [
   [
    0.0006254897452890873,
    -0.19308160245418549,
    -0.9811825156211853
   ],
   [
    0.023891672492027283,
    0.9809055328369141,
    -0.19301186501979828
   ],
   [
    0.9997143745422363,
    -0.02332136407494545,
    0.005226588808000088
   ]
  ]
 },
 {
  "rotation_euler": [
   0.01200884860008955,
   0.005405363626778126,
   1.3625695705413818
  ],
  "euler_order": "XYZ",
  "rotation_matrix": [
   [
    0.20672225952148438,
    -0.9783150553703308,
    0.01286650262773037
   ],
   [
    0.9783847332000732,
    0.20677389204502106,
    0.002805722411721945
   ],
   [
    -0.005405337084084749,
    0.012008384801447392,
    0.9999132752418518
   ]
  ]
 },
 {
  "rotation_euler": [
   1.4377005100250244,
   0.050927989184856415,
   -3.0716028213500977
  ],
  "euler_order": "XYZ",
  "rotation_matrix": [
   [
    -0.9962583184242249,
    -0.04105193167924881,
    -0.07605305314064026
   ],
   [
    -0.06984203308820724,
    -0.13590681552886963,
    0.9882567524909973
   ],
   [
    -0.0509059764444828,
    0.9898707270622253,
    0.13253115117549896
   ]
  ]
 },
 {
  "rotation_euler": [
   1.7912650108337402,
   1.5946985483169556,
   0.8529548645019531
  ],
  "euler_order": "XYZ",
  "rotation_matrix": [
   [
    -0.015720436349511147,
    0.8063769340515137,
    0.591192901134491
   ],
   [
    -0.018002090975642204,
    0.5909419059753418,
    -0.806513249874115
   ],
   [
    -0.9997143745422363,
    -0.023321449756622314,
    0.005226606968790293
   ]
  ]
 },
 {
  "rotation_euler": [
   -1.3503228425979614,
   -1.5468941926956177,
   1.6503369808197021
  ],
  "euler_order": "XYZ",
  "rotation_matrix": [
   [
    -0.0018990064272657037,
    -0.2955115735530853,
    -0.9553372859954834
   ],
   [
    0.02382429502904415,
    0.9550544619560242,
    -0.2954714298248291
   ],
   [
    0.9997143745422363,
    -0.02332133799791336,
    0.005226700101047754
   ]
  ]
 },
 {
  "rotation_euler": [
   1.7912636995315552,
   1.5946986675262451,
   -0.6625643968582153
  ],
  "euler_order": "XYZ",
  "rotation_matrix": [
   [
    -0.01884322613477707,
    0.6345917582511902,
    -0.772617757320404
   ],
   [
    0.01470190193504095,
    -0.7724955677986145,
    -0.6348499655723572
   ],
   [
    -0.9997143745422363,
    -0.023321572691202164,
    0.005226602777838707
   ]
  ]
 },
 {
  "rotation_euler": [
   -1.3503140211105347,
   1.5468941926956177,
   0.934711754322052
  ],
  "euler_order": "XYZ",
  "rotation_matrix": [
   [
    0.014197718352079391,
    -0.7554326057434082,
    -0.6550725102424622
   ],
   [
    0.01922571286559105,
    -0.6548111438751221,
    0.7555479407310486
   ],
   [
    -0.9997143745422363,
    -0.02332129329442978,
    0.005226905457675457
   ]
  ]
 },
 {
  "rotation_euler": [
   -1.3503271341323853,
   -1.5468940734863281,
   0.04052909091114998
  ],
  "euler_order": "XYZ",
  "rotation_matrix": [
   [
    0.023880351334810257,
    0.9658543467521667,
    -0.2579827308654785
   ],
   [
    0.0009683792013674974,
    0.2580338716506958,
    0.9661353826522827
   ],
   [
    0.9997143745422363,
    -0.023321477696299553,
    0.005226626060903072
   ]
  ]
 },
 {
  "rotation_euler": [
   1.4376182556152344,
   -0.05858081206679344,
   -0.177816703915596
  ],
  "euler_order": "XYZ",
  "rotation_matrix": [
   [
    0.9825438857078552,
    -0.03362676873803139,
    -0.1829664409160614
   ],
   [
    -0.17657771706581116,
    0.14095522463321686,
    -0.9741416573524475
   ],
   [
    0.05854731425642967,
    0.9894447326660156,
    0.1325569599866867
   ]
  ]
 },
 {
  "rotation_euler": [
   1.3793113231658936,
   -1.3319813013076782,
   -1.986485481262207
  ],
  "euler_order": "XYZ",
  "rotation_matrix": [
   [
    -0.09552432596683502,
    0.5592976212501526,
    -0.8234447836875916
   ],
   [
    -0.21640631556510925,
    0.7957740426063538,
    0.5656076073646545
   ],
   [
    0.9716189503669739,
    0.23222792148590088,
    0.04501975327730179
   ]
  ]
 },
 {
  "rotation_euler": [
   -1.3503222465515137,
   1.5468941926956177,
   1.4334352016448975
  ],
  "euler_order": "XYZ",
  "rotation_matrix": [
   [
    0.0032725974451750517,
    -0.35020920634269714,
    -0.9366657733917236
   ],
   [
    0.0236747395247221,
    -0.9363811016082764,
    0.3501855134963989
   ],
   [
    -0.9997143745422363,
    -0.02332133613526821,
    0.005226713605225086
   ]
  ]
 },
 {
  "rotation_euler": [
   1.4366720914840698,
   0.11773242801427841,
   1.0458731651306152
  ],
  "euler_order": "XYZ",
  "rotation_matrix": [
   [
    0.49767735600471497,
    -0.05738208815455437,
    0.865462064743042
   ],
   [
    0.8593720197677612,
    0.16774767637252808,
    -0.4830532670021057
   ],
   [
    -0.11746063828468323,
    0.9841585159301758,
    0.1327967792749405
   ]
  ]
 },
 {
  "rotation_euler": [
   -1.3503209352493286,
   1.5468943119049072,
   -0.2924874424934387
  ],
  "euler_order": "XYZ",
  "rotation_matrix": [
   [
    0.022884707897901535,
    -0.871027410030365,
    0.4907010793685913
   ],
   [
    -0.006891129072755575,
    0.4906805455684662,
    0.8713123202323914
   ],
   [
    -0.9997143745422363,
    -0.023321213200688362,
    0.005226718261837959
   ]
  ]
 },
 {
  "rotation_euler": [
   1.4345622062683105,
   0.20483091473579407,
   1.9575769901275635
  ],
  "euler_order": "XYZ",
  "rotation_matrix": [
   [
    -0.3693234622478485,
    -0.2017943412065506,
    0.9071269035339355
   ],
   [
    0.9067678451538086,
    0.1354006677865982,
    0.3992977440357208
   ],
   [
    -0.2034016102552414,
    0.9700235724449158,
    0.13297398388385773
   ]
  ]
 }
]