[
 {
  "rotation_euler": [
   -0.001016777940094471,
   1.4349091088661226e-06,
   3.110776662826538
  ],
  "euler_order": "XYZ",
  "rotation_matrix": [
   [
    -0.999525249004364,
    -0.030811095610260963,
    -3.276228380855173e-05
   ],
   [
    0.030811114236712456,
    -0.999524712562561,
    -0.0010162508115172386
   ],
   [
    -1.4349091088661226e-06,
    -0.0010167777072638273,
    0.999999463558197
   ]
  ]
 },
 {
  "rotation_euler": [
   -0.0010169821325689554,
   -2.5959904448313864e-08,
   2.316988706588745
  ],
  "euler_order": "XYZ",
  "rotation_matrix": [
   [
    -0.6788478493690491,
    -0.7342786192893982,
    -0.000746730831451714
   ],
   [
    0.7342789769172668,
    -0.6788474917411804,
    -0.0006903950707055628
   ],
   [
    2.5959904448313864e-08,
    -0.0010169818997383118,
    0.999999463558197
   ]
  ]
 },
 {
  "rotation_euler": [
   -0.0010164377745240927,
   2.5969674766201933e-07,
   -2.97465181350708
  ],
  "euler_order": "XYZ",
  "rotation_matrix": [
   [
    -0.9860976934432983,
    0.16616640985012054,
    0.00016864179633557796
   ],
   [
    -0.1661664992570877,
    -0.9860972166061401,
    -0.001002349890768528
   ],
   [
    -2.5969674766201933e-07,
    -0.001016437541693449,
    0.999999463558197
   ]
  ]
 },
 {
  "rotation_euler": [
   -0.0010169056477025151,
   3.222901767685471e-08,
   -1.5312950611114502
  ],
  "euler_order": "XYZ",
  "rotation_matrix": [
   [
    0.039490994065999985,
    0.9992194175720215,
    0.0010161134414374828
   ],
   [
    -0.9992199540138245,
    0.039490971714258194,
    4.0126404201146215e-05
   ],
   [
    -3.222901767685471e-08,
    -0.0010169054148718715,
    0.999999463558197
   ]
  ]
 },
 {
  "rotation_euler": [
   -0.0010159036610275507,
   -2.453958245496324e-07,
   -1.3910799026489258
  ],
  "euler_order": "XYZ",
  "rotation_matrix": [
   [
    0.17875057458877563,
    0.9838939309120178,
    0.0009994979482144117
   ],
   [
    -0.983894407749176,
    0.17875048518180847,
    0.00018183476640842855
   ],
   [
    2.453958245496324e-07,
    -0.001015903428196907,
    0.999999463558197
   ]
  ]
 },
 {
  "rotation_euler": [
   -0.001016449648886919,
   -1.4623116157963523e-06,
   -0.12586432695388794
  ],
  "euler_order": "XYZ",
  "rotation_matrix": [
   [
    0.9920895099639893,
    0.12553220987319946,
    0.00012614646402653307
   ],
   [
    -0.12553226947784424,
    0.992089033126831,
    0.0010085924295708537
   ],
   [
    1.4623116157963523e-06,
    -0.0010164494160562754,
    0.999999463558197
   ]
  ]
 },
 {
  "rotation_euler": [
   -0.0010169342858716846,
   2.5086670518703613e-08,
   2.546614170074463
  ],
  "euler_order": "XYZ",
  "rotation_matrix": [
   [
    -0.8281605839729309,
    -0.5604906678199768,
    -0.0005700031179003417
   ],
   [
    0.5604909062385559,
    -0.8281601071357727,
    -0.0008421706734225154
   ],
   [
    -2.5086670518703613e-08,
    -0.001016934053041041,
    0.999999463558197
   ]
  ]
 },
 {
  "rotation_euler": [
   -0.0010163800325244665,
   -5.16724185217754e-07,
   2.0838680267333984
  ],
  "euler_order": "XYZ",
  "rotation_matrix": [
   [
    -0.49085575342178345,
    -0.8712404370307922,
    -0.0008852580212987959
   ],
   [
    0.8712408542633057,
    -0.49085548520088196,
    -0.0004993460606783628
   ],
   [
    5.16724185217754e-07,
    -0.0010163797996938229,
    0.999999463558197
   ]
  ]
 },
 {
  "rotation_euler": [
   -0.001016541849821806,
   -1.420580474587041e-06,
   0.8501063585281372
  ],
  "euler_order": "XYZ",
  "rotation_matrix": [
   [
    0.6599032282829285,
    -0.7513502240180969,
    -0.00076471664942801
   ],
   [
    0.7513505816459656,
    0.6599028706550598,
    0.0006697517819702625
   ],
   [
    1.420580474587041e-06,
    -0.0010165416169911623,
    0.999999463558197
   ]
  ]
 },
 {
  "rotation_euler": [
   -0.0010169286979362369,
   2.2762594653613633e-07,
   -0.026306262239813805
  ],
  "euler_order": "XYZ",
  "rotation_matrix": [
   [
    0.9996539950370789,
    0.026303214952349663,
    2.6976049412041903e-05
   ],
   [
    -0.026303227990865707,
    0.9996535181999207,
    0.001016570720821619
   ],
   [
    -2.2762594653613633e-07,
    -0.0010169284651055932,
    0.999999463558197
   ]
  ]
 },
 {
  "rotation_euler": [
   -0.001017244067043066,
   3.4384703440082376e-07,
   2.761054754257202
  ],
  "euler_order": "XYZ",
  "rotation_matrix": [
   [
    -0.9284650087356567,
    -0.371419757604599,
    -0.0003781439154408872
   ],
   [
    0.3714199364185333,
    -0.9284645318984985,
    -0.0009443476446904242
   ],
   [
    -3.4384703440082376e-07,
    -0.0010172438342124224,
    0.999999463558197
   ]
  ]
 },
 {
  "rotation_euler": [
   -0.0010156409116461873,
   4.759100136197958e-07,
   -1.7983789443969727
  ],
  "euler_order": "XYZ",
  "rotation_matrix": [
   [
    -0.22562313079833984,
    0.9742141366004944,
    0.0009893446695059538
   ],
   [
    -0.9742146730422974,
    -0.2256230115890503,
    -0.00022961568902246654
   ],
   [
    -4.759100136197958e-07,
    -0.0010156407952308655,
    0.999999463558197
   ]
  ]
 },
 {
  "rotation_euler": [
   -0.0010154835181310773,
   3.0084524382800737e-07,
   -0.25529056787490845
  ],
  "euler_order": "XYZ",
  "rotation_matrix": [
   [
    0.9675899744033813,
    0.2525264322757721,
    0.00025672762421891093
   ],
   [
    -0.25252658128738403,
    0.9675894379615784,
    0.000982495490461588
   ],
   [
    -3.0084524382800737e-07,
    -0.0010154834017157555,
    0.999999463558197
   ]
  ]
 },
 {
  "rotation_euler": [
   -0.0010169430170208216,
   3.877748611103016e-08,
   1.9872342348098755
  ],
  "euler_order": "XYZ",
  "rotation_matrix": [
   [
    -0.4045053720474243,
    -0.9145351648330688,
    -0.0009300461388193071
   ],
   [
    0.914535641670227,
    -0.4045051634311676,
    -0.00041132335900329053
   ],
   [
    -3.877748611103016e-08,
    -0.001016942784190178,
    0.999999463558197
   ]
  ]
 },
 {
  "rotation_euler": [
   -0.0010167800355702639,
   -5.87009878927347e-07,
   0.3903470039367676
  ],
  "euler_order": "XYZ",
  "rotation_matrix": [
   [
    0.924777090549469,
    -0.3805091381072998,
    -0.0003874370886478573
   ],
   [
    0.3805093467235565,
    0.9247766137123108,
    0.0009400713606737554
   ],
   [
    5.87009878927347e-07,
    -0.0010167798027396202,
    0.999999463558197
   ]
  ]
 },
 {
  "rotation_euler": [
   -0.0010170101886615157,
   -3.422372429895404e-08,
   -0.8923799991607666
  ],
  "euler_order": "XYZ",
  "rotation_matrix": [
   [
    0.6275607943534851,
    0.7785671353340149,
    0.000791789498180151
   ],
   [
    -0.7785675525665283,
    0.6275604963302612,
    0.0006382622523233294
   ],
   [
    3.422372429895404e-08,
    -0.001017009955830872,
    0.999999463558197
   ]
  ]
 }
]