[
 {
  "rotation_euler": [
   1.4180787957229768e-06,
   9.482670861871156e-07,
   1.4907604455947876
  ],
  "euler_order": "XYZ",
  "rotation_matrix": [
   [
    0.07995045930147171,
    -0.9967988133430481,
    1.4893537354510045e-06
   ],
   [
    0.9967988133430481,
    0.07995045930147171,
    8.318554591824068e-07
   ],
   [
    -9.482670861871156e-07,
    1.4180787957229768e-06,
    1.0
   ]
  ]
 },
 {
  "rotation_euler": [
   1.1042854566767346e-05,
   -1.8711062921283883e-07,
   0.4244142174720764
  ],
  "euler_order": "XYZ",
  "rotation_matrix": [
   [
    0.91128009557724,
    -0.4117870330810547,
    4.376794095151126e-06
   ],
   [
    0.4117870330810547,
    0.91128009557724,
    -1.014018380374182e-05
   ],
   [
    1.8711062921283883e-07,
    1.1042854566767346e-05,
    1.0
   ]
  ]
 },
 {
  "rotation_euler": [
   2.4444711925752927e-06,
   -1.2254458852112293e-06,
   -1.9753402471542358
  ],
  "euler_order": "XYZ",
  "rotation_matrix": [
   [
    -0.3935995399951935,
    0.9192820191383362,
    -1.7648234234002302e-06
   ],
   [
    -0.9192820191383362,
    -0.3935995399951935,
    2.0886729998892406e-06
   ],
   [
    1.2254458852112293e-06,
    2.4444711925752927e-06,
    1.0
   ]
  ]
 },
 {
  "rotation_euler": [
   -3.5749151265918044e-06,
   -2.073202232111271e-08,
   -0.8486759662628174
  ],
  "euler_order": "XYZ",
  "rotation_matrix": [
   [
    0.660977303981781,
    0.7504059076309204,
    2.6689340302255005e-06
   ],
   [
    -0.7504059076309204,
    0.660977303981781,
    2.3784950826666318e-06
   ],
   [
    2.073202232111271e-08,
    -3.5749151265918044e-06,
    1.0
   ]
  ]
 },
 {
  "rotation_euler": [
   -1.6633481436656439e-06,
   -5.525999995370512e-07,
   -1.2116845846176147
  ],
  "euler_order": "XYZ",
  "rotation_matrix": [
   [
    0.35144278407096863,
    0.9362093806266785,
    1.3630348121296265e-06
   ],
   [
    -0.9362093806266785,
    0.35144278407096863,
    1.1019209296136978e-06
   ],
   [
    5.525999995370512e-07,
    -1.6633481436656439e-06,
    1.0
   ]
  ]
 },
 {
  "rotation_euler": [
   -2.958955747089931e-06,
   1.4580853857637521e-08,
   -1.5941585302352905
  ],
  "euler_order": "XYZ",
  "rotation_matrix": [
   [
    -0.023360079154372215,
    0.9997271299362183,
    2.957807737402618e-06
   ],
   [
    -0.9997271299362183,
    -0.023360079154372215,
    -8.369831050458743e-08
   ],
   [
    -1.4580853857637521e-08,
    -2.958955747089931e-06,
    1.0
   ]
  ]
 },
 {
  "rotation_euler": [
   -5.730434622819303e-06,
   -1.2182771342850174e-06,
   1.6918262243270874
  ],
  "euler_order": "XYZ",
  "rotation_matrix": [
   [
    -0.12073463201522827,
    -0.9926848411560059,
    -5.54142707187566e-06
   ],
   [
    0.9926848411560059,
    -0.12073463201522827,
    -1.9012271650353796e-06
   ],
   [
    1.2182771342850174e-06,
    -5.730434622819303e-06,
    1.0
   ]
  ]
 },
 {
  "rotation_euler": [
   7.4269796641601715e-06,
   1.6646919220875134e-06,
   -1.346652865409851
  ],
  "euler_order": "XYZ",
  "rotation_matrix": [
   [
    0.22227133810520172,
    0.9749848246574402,
    -6.871179266454419e-06
   ],
   [
    -0.9749848246574402,
    0.22227133810520172,
    -3.2738539630372543e-06
   ],
   [
    -1.6646919220875134e-06,
    7.4269796641601715e-06,
    1.0
   ]
  ]
 },
 {
  "rotation_euler": [
   3.6269796055421466e-06,
   -1.7286971569774323e-06,
   -2.898560047149658
  ],
  "euler_order": "XYZ",
  "rotation_matrix": [
   [
    -0.970612645149231,
    0.24064721167087555,
    8.050727728914353e-07
   ],
   [
    -0.24064721167087555,
    -0.970612645149231,
    3.936398570658639e-06
   ],
   [
    1.7286971569774323e-06,
    3.6269796055421466e-06,
    1.0
   ]
  ]
 },
 {
  "rotation_euler": [
   -2.942161017926992e-06,
   -1.2688607284871978e-06,
   -0.3561995327472687
  ],
  "euler_order": "XYZ",
  "rotation_matrix": [
   [
    0.9372288584709167,
    0.3487148582935333,
    -1.6323765805736912e-07
   ],
   [
    -0.3487148582935333,
    0.9372288584709167,
    3.199948878318537e-06
   ],
   [
    1.2688607284871978e-06,
    -2.942161017926992e-06,
    1.0
   ]
  ]
 },
 {
  "rotation_euler": [
   -8.862151616995106e-07,
   6.812921924392867e-07,
   0.4582294225692749
  ],
  "euler_order": "XYZ",
  "rotation_matrix": [
   [
    0.8968371152877808,
    -0.44236087799072266,
    2.1898121360663936e-07
   ],
   [
    0.44236087799072266,
    0.8968371152877808,
    1.0961676935039577e-06
   ],
   [
    -6.812921924392867e-07,
    -8.862151616995106e-07,
    1.0
   ]
  ]
 },
 {
  "rotation_euler": [
   -1.6263460338450386e-06,
   -5.268630047794431e-07,
   -1.397667407989502
  ],
  "euler_order": "XYZ",
  "rotation_matrix": [
   [
    0.17226533591747284,
    0.9850505590438843,
    1.5112728988242452e-06
   ],
   [
    -0.9850505590438843,
    0.17226533591747284,
    7.99149745489558e-07
   ],
   [
    5.268630047794431e-07,
    -1.6263460338450386e-06,
    1.0
   ]
  ]
 },
 {
  "rotation_euler": [
   -6.661810857622186e-06,
   1.107124830923567e-06,
   -1.37418794631958
  ],
  "euler_order": "XYZ",
  "rotation_matrix": [
   [
    0.19534417986869812,
    0.9807347655296326,
    6.749739895894891e-06
   ],
   [
    -0.9807347655296326,
    0.19534417986869812,
    2.1555020168761985e-07
   ],
   [
    -1.107124830923567e-06,
    -6.661810857622186e-06,
    1.0
   ]
  ]
 },
 {
  "rotation_euler": [
   1.5119085311889648,
   2.4553017616271973,
   0.3946189880371094
  ],
  "euler_order": "XYZ",
  "rotation_matrix": [
   [
    -0.7141450643539429,
    0.5613294243812561,
    0.4182177782058716
   ],
   [
    -0.29741618037223816,
    0.297527551651001,
    -0.9072050452232361
   ],
   [
    -0.6336721777915955,
    -0.7722607254981995,
    -0.04552937299013138
   ]
  ]
 },
 {
  "rotation_euler": [
   1.429548547093873e-06,
   -8.88446834323986e-07,
   1.9405053853988647
  ],
  "euler_order": "XYZ",
  "rotation_matrix": [
   [
    -0.3613441586494446,
    -0.9324325323104858,
    1.6539926264158566e-06
   ],
   [
    0.9324325323104858,
    -0.3613441586494446,
    -3.118576898941683e-07
   ],
   [
    8.88446834323986e-07,
    1.429548547093873e-06,
    1.0
   ]
  ]
 },
 {
  "rotation_euler": [
   3.2471621125296224e-06,
   -1.5622570117557188e-06,
   -0.9075865745544434
  ],
  "euler_order": "XYZ",
  "rotation_matrix": [
   [
    0.6156493425369263,
    0.7880201935768127,
    -3.5206319353164872e-06
   ],
   [
    -0.7880201935768127,
    0.6156493425369263,
    -7.680231988160813e-07
   ],
   [
    1.5622570117557188e-06,
    3.2471621125296224e-06,
    1.0
   ]
  ]
 }
]