[
 {
  "rotation_euler": [
   5.102792215438967e-07,
   -0.01938147097826004,
   -1.4625282287597656
  ],
  "euler_order": "XYZ",
  "rotation_matrix": [
   [
    0.10803640633821487,
    0.9941447377204895,
    -0.0020946739241480827
   ],
   [
    -0.9939579963684082,
    0.10805670917034149,
    0.019266726449131966
   ],
   [
    0.01938025839626789,
    5.101833835396974e-07,
    0.9998121857643127
   ]
  ]
 },
 {
  "rotation_euler": [
   -6.298800144577399e-06,
   5.414715928964142e-07,
   -1.4381394386291504
  ],
  "euler_order": "XYZ",
  "rotation_matrix": [
   [
    0.13226814568042755,
    0.9912139773368835,
    6.315078280749731e-06
   ],
   [
    -0.9912139773368835,
    0.13226814568042755,
    2.9641643095601466e-07
   ],
   [
    -5.414715928964142e-07,
    -6.298800144577399e-06,
    1.0
   ]
  ]
 },
 {
  "rotation_euler": [
   5.163496552995639e-06,
   4.467259259399725e-06,
   -2.968451976776123
  ],
  "euler_order": "XYZ",
  "rotation_matrix": [
   [
    -0.9850485324859619,
    0.17227691411972046,
    -5.290018634696025e-06
   ],
   [
    -0.17227691411972046,
    -0.9850485324859619,
    4.316689228289761e-06
   ],
   [
    -4.467259259399725e-06,
    5.163496552995639e-06,
    1.0
   ]
  ]
 },
 {
  "rotation_euler": [
   4.910194917329136e-09,
   0.10559597611427307,
   -1.704543948173523
  ],
  "euler_order": "XYZ",
  "rotation_matrix": [
   [
    -0.13260646164417267,
    0.9910691380500793,
    -0.014054992236196995
   ],
   [
    -0.9855487942695618,
    -0.1333492249250412,
    -0.1044585257768631
   ],
   [
    -0.10539984703063965,
    4.8828447951621e-09,
    0.9944299459457397
   ]
  ]
 },
 {
  "rotation_euler": [
   -2.4739307491472573e-07,
   -0.0006799052353017032,
   -1.6759648323059082
  ],
  "euler_order": "XYZ",
  "rotation_matrix": [
   [
    -0.10497471690177917,
    0.9944748878479004,
    7.161890243878588e-05
   ],
   [
    -0.9944746494293213,
    -0.10497474670410156,
    0.0006761226686649024
   ],
   [
    0.0006799051770940423,
    -2.4739301807130687e-07,
    0.9999997615814209
   ]
  ]
 },
 {
  "rotation_euler": [
   -4.015555987280095e-06,
   3.067868874495616e-06,
   0.2862113118171692
  ],
  "euler_order": "XYZ",
  "rotation_matrix": [
   [
    0.9593203663825989,
    -0.28231969475746155,
    1.8093985545419855e-06
   ],
   [
    0.28231969475746155,
    0.9593203663825989,
    4.71832436232944e-06
   ],
   [
    -3.067868874495616e-06,
    -4.015555987280095e-06,
    1.0
   ]
  ]
 },
 {
  "rotation_euler": [
   6.435140221583424e-06,
   -9.242706369150255e-07,
   -1.1594723463058472
  ],
  "euler_order": "XYZ",
  "rotation_matrix": [
   [
    0.39982321858406067,
    0.9165922403335571,
    -6.2679446273250505e-06
   ],
   [
    -0.9165922403335571,
    0.39982321858406067,
    -1.7257392528335913e-06
   ],
   [
    9.242706369150255e-07,
    6.435140221583424e-06,
    1.0
   ]
  ]
 },
 {
  "rotation_euler": [
   3.170675654473598e-06,
   2.8214187750563724e-06,
   2.575533390045166
  ],
  "euler_order": "XYZ",
  "rotation_matrix": [
   [
    -0.8440209627151489,
    -0.5363101363182068,
    -6.808710963923659e-07
   ],
   [
    0.5363101363182068,
    -0.8440209627151489,
    4.18927220380283e-06
   ],
   [
    -2.8214187750563724e-06,
    3.170675654473598e-06,
    1.0
   ]
  ]
 },
 {
  "rotation_euler": [
   -1.7551950216293335,
   -1.4650274351879489e-05,
   1.0935921669006348
  ],
  "euler_order": "XYZ",
  "rotation_matrix": [
   [
    0.4592974781990051,
    0.16287806630134583,
    -0.8732219338417053
   ],
   [
    0.8882825374603271,
    -0.08420190215110779,
    0.45151326060295105
   ],
   [
    1.4650274351879489e-05,
    -0.9830467104911804,
    -0.183355450630188
   ]
  ]
 },
 {
  "rotation_euler": [
   2.8206061415403383e-06,
   2.854767444659956e-06,
   1.7362498044967651
  ],
  "euler_order": "XYZ",
  "rotation_matrix": [
   [
    -0.16469962894916534,
    -0.9863437414169312,
    2.3119082470657304e-06
   ],
   [
    0.9863437414169312,
    -0.16469962894916534,
    3.2803347949084127e-06
   ],
   [
    -2.854767444659956e-06,
    2.8206061415403383e-06,
    1.0
   ]
  ]
 },
 {
  "rotation_euler": [
   0.12179859727621078,
   4.800297119800234e-07,
   1.6957465410232544
  ],
  "euler_order": "XYZ",
  "rotation_matrix": [
   [
    -0.12462533265352249,
    -0.9848533272743225,
    0.12055040150880814
   ],
   [
    0.9922038912773132,
    -0.1237020194530487,
    0.015142161399126053
   ],
   [
    -4.800297119800234e-07,
    0.12149767577648163,
    0.9925917387008667
   ]
  ]
 },
 {
  "rotation_euler": [
   0.00012141974730184302,
   -0.08995162695646286,
   -1.8955341577529907
  ],
  "euler_order": "XYZ",
  "rotation_matrix": [
   [
    -0.317770391702652,
    0.9477378726005554,
    0.028546234592795372
   ],
   [
    -0.9439027905464172,
    -0.31904998421669006,
    0.0851740762591362
   ],
   [
    0.08983036875724792,
    0.00012092885299352929,
    0.99595707654953
   ]
  ]
 },
 {
  "rotation_euler": [
   0.0016684397123754025,
   0.04580351337790489,
   -1.3947522640228271
  ],
  "euler_order": "XYZ",
  "rotation_matrix": [
   [
    0.17495247721672058,
    0.984556257724762,
    0.006376383826136589
   ],
   [
    -0.9835116267204285,
    0.1750607043504715,
    -0.04537196084856987
   ],
   [
    -0.045787498354911804,
    0.001666689058765769,
    0.9989498257637024
   ]
  ]
 },
 {
  "rotation_euler": [
   6.119665158621501e-06,
   7.622466569046082e-07,
   0.6045586466789246
  ],
  "euler_order": "XYZ",
  "rotation_matrix": [
   [
    0.8227530717849731,
    -0.5683990120887756,
    4.10555230700993e-06
   ],
   [
    0.5683990120887756,
    0.8227530717849731,
    -4.601713044394273e-06
   ],
   [
    -7.622466569046082e-07,
    6.119665158621501e-06,
    1.0
   ]
  ]
 },
 {
  "rotation_euler": [
   -6.035806563886581e-06,
   1.647544991101313e-06,
   -1.9070042371749878
  ],
  "euler_order": "XYZ",
  "rotation_matrix": [
   [
    -0.32990968227386475,
    0.9440125226974487,
    5.154335667612031e-06
   ],
   [
    -0.9440125226974487,
    -0.32990968227386475,
    -3.5465741348161828e-06
   ],
   [
    -1.647544991101313e-06,
    -6.035806563886581e-06,
    1.0
   ]
  ]
 },
 {
  "rotation_euler": [
   9.039246833708603e-06,
   -1.6810954548418522e-06,
   -2.168762683868408
  ],
  "euler_order": "XYZ",
  "rotation_matrix": [
   [
    -0.5629628896713257,
    0.8264821767807007,
    -6.524382115458138e-06
   ],
   [
    -0.8264821767807007,
    -0.5629628896713257,
    6.4781556829984765e-06
   ],
   [
    1.6810954548418522e-06,
    9.039246833708603e-06,
    1.0
   ]
  ]
 }
]