[
 {
  "rotation_euler": [
   -0.0020482714753597975,
   -1.6625251770019531,
   -2.0467922687530518
  ],
  "euler_order": "XYZ",
  "rotation_matrix": [
   [
    0.041973430663347244,
    0.8879002928733826,
    0.4581170976161957
   ],
   [
    0.08141768723726273,
    -0.46003586053848267,
    0.8841595649719238
   ],
   [
    0.9957958459854126,
    0.00018762207764666528,
    -0.09160007536411285
   ]
  ]
 },
 {
  "rotation_euler": [
   -0.0014914022758603096,
   -1.6625431776046753,
   -1.389349102973938
  ],
  "euler_order": "XYZ",
  "rotation_matrix": [
   [
    -0.01653279922902584,
    0.9838504791259766,
    -0.17822715640068054
   ],
   [
    0.09011414647102356,
    0.17899227142333984,
    0.9797148704528809
   ],
   [
    0.9957942366600037,
    0.00013663952995557338,
    -0.09161809086799622
   ]
  ]
 },
 {
  "rotation_euler": [
   -0.000985459191724658,
   1.6893233060836792,
   0.17044225335121155
  ],
  "euler_order": "XYZ",
  "rotation_matrix": [
   [
    -0.11653619259595871,
    -0.17058248817920685,
    0.9784277677536011
   ],
   [
    -0.02005729451775551,
    0.9853433966636658,
    0.16939924657344818
   ],
   [
    -0.992983877658844,
    0.00011653018736978993,
    -0.11824959516525269
   ]
  ]
 },
 {
  "rotation_euler": [
   -0.0014373549493029714,
   -1.6625927686691284,
   0.4557695984840393
  ],
  "euler_order": "XYZ",
  "rotation_matrix": [
   [
    -0.08231038600206375,
    -0.43886783719062805,
    -0.8947737216949463
   ],
   [
    -0.04034780338406563,
    0.8985516428947449,
    -0.43700921535491943
   ],
   [
    0.995789647102356,
    0.0001317588030360639,
    -0.09166748076677322
   ]
  ]
 },
 {
  "rotation_euler": [
   -0.1973564624786377,
   1.6562954187393188,
   -0.6405642628669739
  ],
  "euler_order": "XYZ",
  "rotation_matrix": [
   [
    -0.06846614927053452,
    0.4294137954711914,
    0.9005088806152344
   ],
   [
    0.05103612318634987,
    0.9029526114463806,
    -0.42669880390167236
   ],
   [
    -0.996347188949585,
    0.016744056716561317,
    -0.08373730629682541
   ]
  ]
 },
 {
  "rotation_euler": [
   -0.000681932142470032,
   1.6893740892410278,
   1.6729278564453125
  ],
  "euler_order": "XYZ",
  "rotation_matrix": [
   [
    0.012061174027621746,
    -0.9947198629379272,
    -0.10191649198532104
   ],
   [
    -0.11768362671136856,
    -0.10262765735387802,
    0.9877338409423828
   ],
   [
    -0.9929779171943665,
    8.067261660471559e-05,
    -0.11830005049705505
   ]
  ]
 },
 {
  "rotation_euler": [
   -0.0019039128674194217,
   -1.6625335216522217,
   -1.338085412979126
  ],
  "euler_order": "XYZ",
  "rotation_matrix": [
   [
    -0.02112642303109169,
    0.973480224609375,
    -0.22779348492622375
   ],
   [
    0.08913924545049667,
    0.22877098619937897,
    0.9693905711174011
   ],
   [
    0.9957950711250305,
    0.0001744146429700777,
    -0.09160841256380081
   ]
  ]
 },
 {
  "rotation_euler": [
   -0.002324407221749425,
   -1.6625324487686157,
   0.4324645400047302
  ],
  "euler_order": "XYZ",
  "rotation_matrix": [
   [
    -0.0831737145781517,
    -0.41700705885887146,
    -0.9050896167755127
   ],
   [
    -0.038393598049879074,
    0.9089032411575317,
    -0.4152359068393707
   ],
   [
    0.9957951903343201,
    0.0002129329659510404,
    -0.09160725772380829
   ]
  ]
 },
 {
  "rotation_euler": [
   -0.0023213785607367754,
   -1.6625325679779053,
   2.08804988861084
  ],
  "euler_order": "XYZ",
  "rotation_matrix": [
   [
    0.04529950022697449,
    -0.8703212738037109,
    0.49039655923843384
   ],
   [
    -0.07962356507778168,
    -0.49248430132865906,
    -0.8666713833808899
   ],
   [
    0.9957951903343201,
    0.00021265579562168568,
    -0.09160737693309784
   ]
  ]
 },
 {
  "rotation_euler": [
   -0.0009858720004558563,
   1.6893230676651,
   2.172590732574463
  ],
  "euler_order": "XYZ",
  "rotation_matrix": [
   [
    0.06694366037845612,
    -0.8237664699554443,
    -0.5629630088806152
   ],
   [
    -0.09747548401355743,
    -0.5669292211532593,
    0.817979097366333
   ],
   [
    -0.9929839372634888,
    0.00011657876893877983,
    -0.11824935674667358
   ]
  ]
 },
 {
  "rotation_euler": [
   -0.0013605438871309161,
   1.6892856359481812,
   -0.16958580911159515
  ],
  "euler_order": "XYZ",
  "rotation_matrix": [
   [
    -0.11651646345853806,
    0.16744233667850494,
    0.9789724349975586
   ],
   [
    0.019951166585087776,
    0.9858818650245667,
    -0.16624954342842102
   ],
   [
    -0.9929883480072021,
    0.00016083290392998606,
    -0.11821213364601135
   ]
  ]
 },
 {
  "rotation_euler": [
   -0.001203156658448279,
   1.6892675161361694,
   2.4897613525390625
  ],
  "euler_order": "XYZ",
  "rotation_matrix": [
   [
    0.09396138042211533,
    -0.6056930422782898,
    -0.790131151676178
   ],
   [
    -0.07170174270868301,
    -0.7956984043121338,
    0.601434051990509
   ],
   [
    -0.9929904937744141,
    0.00014220616139937192,
    -0.11819416284561157
   ]
  ]
 },
 {
  "rotation_euler": [
   -0.0016666529700160027,
   -1.6625605821609497,
   0.5087670087814331
  ],
  "euler_order": "XYZ",
  "rotation_matrix": [
   [
    -0.08002949506044388,
    -0.4856506884098053,
    -0.8704819083213806
   ],
   [
    -0.04463573545217514,
    0.8741529583930969,
    -0.4835951328277588
   ],
   [
    0.9957926273345947,
    0.0001527245476609096,
    -0.09163539856672287
   ]
  ]
 },
 {
  "rotation_euler": [
   -0.0016595398774370551,
   1.6892682313919067,
   0.3399432599544525
  ],
  "euler_order": "XYZ",
  "rotation_matrix": [
   [
    -0.11143108457326889,
    -0.33498674631118774,
    0.9356104731559753
   ],
   [
    -0.039410170167684555,
    0.9422228336334229,
    0.3326604664325714
   ],
   [
    -0.9929904341697693,
    0.000196149165276438,
    -0.11819479614496231
   ]
  ]
 },
 {
  "rotation_euler": [
   -0.0029473670292645693,
   1.6890047788619995,
   -1.6102491617202759
  ],
  "euler_order": "XYZ",
  "rotation_matrix": [
   [
    0.0046515981666743755,
    0.9993329644203186,
    -0.03622211143374443
   ],
   [
    0.11784157902002335,
    -0.0365179106593132,
    -0.9923607110977173
   ],
   [
    -0.9930214881896973,
    0.0003475923731457442,
    -0.11793284118175507
   ]
  ]
 },
 {
  "rotation_euler": [
   -0.001473172102123499,
   -1.6625893115997314,
   -0.7344880700111389
  ],
  "euler_order": "XYZ",
  "rotation_matrix": [
   [
    -0.06803072988986969,
    0.6712953448295593,
    -0.738061249256134
   ],
   [
    0.06143397092819214,
    0.7411899566650391,
    0.6684783697128296
   ],
   [
    0.9957900047302246,
    0.00013503700029104948,
    -0.09166403114795685
   ]
  ]
 }
]