[
 {
  "rotation_euler": [
   -1.3815803527832031,
   -8.19811329932918e-09,
   -1.8553677797317505
  ],
  "euler_order": "XYZ",
  "rotation_matrix": [
   [
    -0.2807461619377136,
    0.18052436411380768,
    0.9426518678665161
   ],
   [
    -0.959782063961029,
    -0.052805252373218536,
    -0.27573540806770325
   ],
   [
    8.19811329932918e-09,
    -0.982151985168457,
    0.18808892369270325
   ]
  ]
 },
 {
  "rotation_euler": [
   0.035632189363241196,
   -1.2721059322357178,
   1.9669259786605835
  ],
  "euler_order": "XYZ",
  "rotation_matrix": [
   [
    -0.1135438084602356,
    -0.9088385105133057,
    0.40139803290367126
   ],
   [
    0.2714810371398926,
    -0.4170163869857788,
    -0.8674072623252869
   ],
   [
    0.9557226896286011,
    0.01048322394490242,
    0.29408204555511475
   ]
  ]
 },
 {
  "rotation_euler": [
   9.641746146371588e-06,
   1.2743951082229614,
   2.6242847442626953
  ],
  "euler_order": "XYZ",
  "rotation_matrix": [
   [
    -0.2538626194000244,
    -0.49455010890960693,
    -0.8312484622001648
   ],
   [
    0.1444459855556488,
    -0.8691491484642029,
    0.4729853868484497
   ],
   [
    -0.956393837928772,
    2.8161637146695284e-06,
    0.29208025336265564
   ]
  ]
 },
 {
  "rotation_euler": [
   -0.17089875042438507,
   -0.048494257032871246,
   -3.0469536781311035
  ],
  "euler_order": "XYZ",
  "rotation_matrix": [
   [
    -0.9943547248840332,
    0.0849139541387558,
    0.06362637132406235
   ],
   [
    -0.09438667446374893,
    -0.9818016290664673,
    -0.1647929549217224
   ],
   [
    0.048475250601768494,
    -0.16986814141273499,
    0.9842738509178162
   ]
  ]
 },
 {
  "rotation_euler": [
   -1.3815804719924927,
   -1.2371492275065066e-08,
   -0.4485868215560913
  ],
  "euler_order": "XYZ",
  "rotation_matrix": [
   [
    0.9010608792304993,
    0.08157273381948471,
    0.42595207691192627
   ],
   [
    -0.43369260430336,
    0.16947945952415466,
    0.8849787712097168
   ],
   [
    1.2371492275065066e-08,
    -0.9821520447731018,
    0.1880888044834137
   ]
  ]
 },
 {
  "rotation_euler": [
   1.406105399131775,
   1.7273123376071453e-05,
   1.1347075700759888
  ],
  "euler_order": "XYZ",
  "rotation_matrix": [
   [
    0.42239752411842346,
    -0.14859652519226074,
    0.8941473364830017
   ],
   [
    0.9064106941223145,
    0.0692664384841919,
    -0.4166795015335083
   ],
   [
    -1.7273123376071453e-05,
    0.9864690899848938,
    0.1639474481344223
   ]
  ]
 },
 {
  "rotation_euler": [
   3.3823341709648957e-06,
   -1.27439546585083,
   -1.579479455947876
  ],
  "euler_order": "XYZ",
  "rotation_matrix": [
   [
    -0.0025361357256770134,
    0.999962329864502,
    0.008301005698740482
   ],
   [
    -0.2920688986778259,
    -0.008679785765707493,
    0.9563578963279724
   ],
   [
    0.9563938975334167,
    9.879119033939787e-07,
    0.2920799255371094
   ]
  ]
 },
 {
  "rotation_euler": [
   -1.3815802335739136,
   2.2225741247439146e-09,
   -0.9214279651641846
  ],
  "euler_order": "XYZ",
  "rotation_matrix": [
   [
    0.6046834588050842,
    0.14980649948120117,
    0.7822505831718445
   ],
   [
    -0.7964658737182617,
    0.11373432725667953,
    0.5938910245895386
   ],
   [
    -2.2225741247439146e-09,
    -0.982151985168457,
    0.1880890429019928
   ]
  ]
 },
 {
  "rotation_euler": [
   -0.002555910963565111,
   -1.274807095527649,
   -1.3615047931671143
  ],
  "euler_order": "XYZ",
  "rotation_matrix": [
   [
    0.06060275062918663,
    0.9786831140518188,
    -0.19623121619224548
   ],
   [
    -0.2853211462497711,
    0.2053748518228531,
    0.9361693263053894
   ],
   [
    0.9565140604972839,
    -0.0007455231389030814,
    0.2916852533817291
   ]
  ]
 },
 {
  "rotation_euler": [
   -1.3815802335739136,
   8.311879184930149e-09,
   -1.79151451587677
  ],
  "euler_order": "XYZ",
  "rotation_matrix": [
   [
    -0.2189304530620575,
    0.18352608382701874,
    0.9583254456520081
   ],
   [
    -0.9757404923439026,
    -0.04117840901017189,
    -0.2150229662656784
   ],
   [
    -8.311879184930149e-09,
    -0.982151985168457,
    0.1880890429019928
   ]
  ]
 },
 {
  "rotation_euler": [
   1.516229872322583e-06,
   -1.2743955850601196,
   -2.7066473960876465
  ],
  "euler_order": "XYZ",
  "rotation_matrix": [
   [
    -0.26488515734672546,
    0.4213620722293854,
    0.867346465587616
   ],
   [
    -0.12307096272706985,
    -0.9068924784660339,
    0.4029882550239563
   ],
   [
    0.9563939571380615,
    4.428601130257448e-07,
    0.2920798063278198
   ]
  ]
 },
 {
  "rotation_euler": [
   3.773533990170108e-06,
   1.2743961811065674,
   0.029402848333120346
  ],
  "euler_order": "XYZ",
  "rotation_matrix": [
   [
    0.2919529676437378,
    -0.029395004734396935,
    0.9559808373451233
   ],
   [
    0.008586724288761616,
    0.9995678663253784,
    0.02811288833618164
   ],
   [
    -0.9563941359519958,
    1.1021709269698476e-06,
    0.29207924008369446
   ]
  ]
 },
 {
  "rotation_euler": [
   -1.3816187381744385,
   3.156552338623442e-05,
   -0.8467857241630554
  ],
  "euler_order": "XYZ",
  "rotation_matrix": [
   [
    0.6623945832252502,
    0.14085900783538818,
    0.7357935905456543
   ],
   [
    -0.7491551637649536,
    0.12458732724189758,
    0.6505724787712097
   ],
   [
    -3.156552338623442e-05,
    -0.9821591973304749,
    0.1880512237548828
   ]
  ]
 },
 {
  "rotation_euler": [
   1.4061051607131958,
   1.7473692423664033e-05,
   0.7066408395767212
  ],
  "euler_order": "XYZ",
  "rotation_matrix": [
   [
    0.7605472207069397,
    -0.10643527656793594,
    0.6404994130134583
   ],
   [
    0.6492826342582703,
    0.12470114231109619,
    -0.7502543926239014
   ],
   [
    -1.7473692423664033e-05,
    0.986469030380249,
    0.1639476865530014
   ]
  ]
 },
 {
  "rotation_euler": [
   -1.3815802335739136,
   -3.602474407671252e-08,
   -1.8635934591293335
  ],
  "euler_order": "XYZ",
  "rotation_matrix": [
   [
    -0.2886314392089844,
    0.1800840049982071,
    0.9403518438339233
   ],
   [
    -0.9574402570724487,
    -0.05428844317793846,
    -0.2834799289703369
   ],
   [
    3.602474407671252e-08,
    -0.982151985168457,
    0.1880890429019928
   ]
  ]
 },
 {
  "rotation_euler": [
   -1.3815802335739136,
   -8.031530995822322e-09,
   0.202152818441391
  ],
  "euler_order": "XYZ",
  "rotation_matrix": [
   [
    0.9796366095542908,
    -0.037764277309179306,
    -0.19719527661800385
   ],
   [
    0.2007787674665451,
    0.18425890803337097,
    0.9621520638465881
   ],
   [
    8.031530995822322e-09,
    -0.982151985168457,
    0.1880890429019928
   ]
  ]
 }
]