[
 {
  "rotation_euler": [
   1.5740623474121094,
   0.48156166076660156,
   2.3074872493743896
  ],
  "euler_order": "XYZ",
  "rotation_matrix": [
   [
    -0.5954339504241943,
    -0.3087514340877533,
    0.7417080998420715
   ],
   [
    0.6564584374427795,
    0.34525588154792786,
    0.6707165241241455
   ],
   [
    -0.4631637930870056,
    0.8862679600715637,
    -0.002894579665735364
   ]
  ]
 },
 {
  "rotation_euler": [
   -1.573974847793579,
   -0.35225334763526917,
   -0.5810041427612305
  ],
  "euler_order": "XYZ",
  "rotation_matrix": [
   [
    0.7845849990844727,
    0.2866550087928772,
    0.5497775077819824
   ],
   [
    -0.5151620507240295,
    -0.192021444439888,
    0.8353058099746704
   ],
   [
    0.34501367807388306,
    -0.9385929107666016,
    -0.0029833472799509764
   ]
  ]
 },
 {
  "rotation_euler": [
   1.5676074028015137,
   -2.71915340423584,
   0.1186431348323822
  ],
  "euler_order": "XYZ",
  "rotation_matrix": [
   [
    -0.9056797623634338,
    -0.40747973322868347,
    0.1170661672949791
   ],
   [
    -0.10795971006155014,
    -0.04536129906773567,
    -0.9931198358535767
   ],
   [
    0.4099864959716797,
    -0.9120869636535645,
    -0.002908585825935006
   ]
  ]
 },
 {
  "rotation_euler": [
   1.5753005743026733,
   -0.881157636642456,
   1.8985952138900757
  ],
  "euler_order": "XYZ",
  "rotation_matrix": [
   [
    -0.2048497200012207,
    0.25264620780944824,
    0.9456249475479126
   ],
   [
    0.6023797988891602,
    -0.7289398312568665,
    0.32524651288986206
   ],
   [
    0.7714759707450867,
    0.6362520456314087,
    -0.002865856047719717
   ]
  ]
 },
 {
  "rotation_euler": [
   0.017200324684381485,
   0.020365213975310326,
   0.5862669348716736
  ],
  "euler_order": "XYZ",
  "rotation_matrix": [
   [
    0.8328390717506409,
    -0.5528815984725952,
    0.026476481929421425
   ],
   [
    0.5531404614448547,
    0.833082377910614,
    -0.003062652191147208
   ],
   [
    -0.020363805815577507,
    0.017195910215377808,
    0.9996447563171387
   ]
  ]
 },
 {
  "rotation_euler": [
   1.5654230117797852,
   2.1133437156677246,
   -0.49848344922065735
  ],
  "euler_order": "XYZ",
  "rotation_matrix": [
   [
    -0.4534876346588135,
    0.7547382712364197,
    -0.4740455150604248
   ],
   [
    0.2468491792678833,
    -0.40471264719963074,
    -0.8804959654808044
   ],
   [
    -0.8563961982727051,
    -0.516311764717102,
    -0.0027743326500058174
   ]
  ]
 },
 {
  "rotation_euler": [
   -1.5748876333236694,
   -0.6488862037658691,
   0.7782349586486816
  ],
  "euler_order": "XYZ",
  "rotation_matrix": [
   [
    0.5674137473106384,
    0.43322262167930603,
    -0.7002569437026978
   ],
   [
    0.5593424439430237,
    0.42131519317626953,
    0.7138834595680237
   ],
   [
    0.6042993664741516,
    -0.7967506647109985,
    -0.003259769408032298
   ]
  ]
 },
 {
  "rotation_euler": [
   -1.5759623050689697,
   0.978083610534668,
   0.28950923681259155
  ],
  "euler_order": "XYZ",
  "rotation_matrix": [
   [
    0.535365879535675,
    -0.7934255599975586,
    -0.28958457708358765
   ],
   [
    0.1594739407300949,
    -0.2417346090078354,
    0.9571480751037598
   ],
   [
    -0.8294283747673035,
    -0.5586056113243103,
    -0.002885770285502076
   ]
  ]
 },
 {
  "rotation_euler": [
   5.126010364620015e-05,
   -0.00016777610289864242,
   -1.047249436378479
  ],
  "euler_order": "XYZ",
  "rotation_matrix": [
   [
    0.49995505809783936,
    0.8660513162612915,
    -0.00012827439059037715
   ],
   [
    -0.8660513162612915,
    0.49995505809783936,
    0.00011967497266596183
   ],
   [
    0.00016777610289864242,
    5.126010364620015e-05,
    1.0
   ]
  ]
 },
 {
  "rotation_euler": [
   -1.5734837055206299,
   0.2752189636230469,
   2.3902320861816406
  ],
  "euler_order": "XYZ",
  "rotation_matrix": [
   [
    -0.7032591104507446,
    0.20042361319065094,
    -0.6820974946022034
   ],
   [
    0.6569432020187378,
    -0.18354642391204834,
    -0.7312566637992859
   ],
   [
    -0.27175766229629517,
    -0.9623622298240662,
    -0.0025862380862236023
   ]
  ]
 },
 {
  "rotation_euler": [
   3.599853880587034e-05,
   1.1456074844318209e-07,
   0.24467967450618744
  ],
  "euler_order": "XYZ",
  "rotation_matrix": [
   [
    0.9702149629592896,
    -0.24224555492401123,
    8.831634659145493e-06
   ],
   [
    0.24224555492401123,
    0.9702149629592896,
    -3.489857044769451e-05
   ],
   [
    -1.1456074844318209e-07,
    3.599853880587034e-05,
    1.0
   ]
  ]
 },
 {
  "rotation_euler": [
   -1.5737578868865967,
   0.09662695974111557,
   0.9680497646331787
  ],
  "euler_order": "XYZ",
  "rotation_matrix": [
   [
    0.5642626881599426,
    -0.052253399044275284,
    -0.8239400386810303
   ],
   [
    0.8199389576911926,
    -0.08115428686141968,
    0.5666693449020386
   ],
   [
    -0.09647666662931442,
    -0.9953308701515198,
    -0.0029477407224476337
   ]
  ]
 },
 {
  "rotation_euler": [
   -5.3316827688831836e-05,
   5.711446192435687e-06,
   2.0675973892211914
  ],
  "euler_order": "XYZ",
  "rotation_matrix": [
   [
    -0.4766157567501068,
    -0.8791117072105408,
    -4.959361467626877e-05
   ],
   [
    0.8791117072105408,
    -0.4766157567501068,
    -2.03906402020948e-05
   ],
   [
    -5.711446192435687e-06,
    -5.3316827688831836e-05,
    1.0
   ]
  ]
 },
 {
  "rotation_euler": [
   -1.8775006083160406e-06,
   8.726241503609344e-06,
   0.11057040095329285
  ],
  "euler_order": "XYZ",
  "rotation_matrix": [
   [
    0.9938933253288269,
    -0.11034523695707321,
    8.465779501420911e-06
   ],
   [
    0.11034523695707321,
    0.9938933253288269,
    2.828934384524473e-06
   ],
   [
    -8.726241503609344e-06,
    -1.8775006083160406e-06,
    1.0
   ]
  ]
 },
 {
  "rotation_euler": [
   -0.004987803287804127,
   0.0640522688627243,
   -0.16065269708633423
  ],
  "euler_order": "XYZ",
  "rotation_matrix": [
   [
    0.9850988388061523,
    0.15964539349079132,
    0.0639813244342804
   ],
   [
    -0.15963450074195862,
    0.9871618747711182,
    -0.005315275862812996
   ],
   [
    -0.06400848180055618,
    -0.004977554548531771,
    0.9979369640350342
   ]
  ]
 },
 {
  "rotation_euler": [
   1.5675182342529297,
   -2.6512701511383057,
   -0.013531159609556198
  ],
  "euler_order": "XYZ",
  "rotation_matrix": [
   [
    -0.8821002840995789,
    -0.47082042694091797,
    -0.015074217692017555
   ],
   [
    0.011936567723751068,
    0.009649521671235561,
    -0.9998822212219238
   ],
   [
    0.4709104299545288,
    -0.8821762800216675,
    -0.0028918657917529345
   ]
  ]
 }
]