[
 {
  "rotation_euler": [
   1.9708698987960815,
   -1.7163208723068237,
   -0.9342363476753235
  ],
  "euler_order": "XYZ",
  "rotation_matrix": [
   [
    -0.08619954437017441,
    -0.8549081683158875,
    -0.5115678310394287
   ],
   [
    0.11661028861999512,
    0.5012919902801514,
    -0.8573846220970154
   ],
   [
    0.9894299507141113,
    -0.13356024026870728,
    0.05647994577884674
   ]
  ]
 },
 {
  "rotation_euler": [
   -1.1707216501235962,
   -1.425271987915039,
   -2.10305118560791
  ],
  "euler_order": "XYZ",
  "rotation_matrix": [
   [
    -0.07358995079994202,
    -0.12685516476631165,
    0.9891877174377441
   ],
   [
    -0.12495110929012299,
    -0.9828883409500122,
    -0.13534298539161682
   ],
   [
    0.9894300103187561,
    -0.13355998694896698,
    0.05648001283407211
   ]
  ]
 },
 {
  "rotation_euler": [
   1.9708735942840576,
   -1.7163206338882446,
   0.9883964657783508
  ],
  "euler_order": "XYZ",
  "rotation_matrix": [
   [
    -0.07976048439741135,
    -0.17595946788787842,
    0.9811608195304871
   ],
   [
    -0.12110540270805359,
    -0.975294828414917,
    -0.18475235998630524
   ],
   [
    0.9894300103187561,
    -0.13355980813503265,
    0.056480348110198975
   ]
  ]
 },
 {
  "rotation_euler": [
   0.11994431912899017,
   1.3786745071411133,
   2.556615114212036
  ],
  "euler_order": "XYZ",
  "rotation_matrix": [
   [
    -0.15919311344623566,
    -0.6461388468742371,
    -0.7464329600334167
   ],
   [
    0.10543453693389893,
    -0.7628778219223022,
    0.6378878951072693
   ],
   [
    -0.9816012978553772,
    0.022847546264529228,
    0.18957024812698364
   ]
  ]
 },
 {
  "rotation_euler": [
   -1.170718789100647,
   -1.425271987915039,
   -1.737007975578308
  ],
  "euler_order": "XYZ",
  "rotation_matrix": [
   [
    -0.02399173378944397,
    0.23335057497024536,
    0.9720966815948486
   ],
   [
    -0.14301279187202454,
    -0.9631766676902771,
    0.22767972946166992
   ],
   [
    0.9894300103187561,
    -0.13355982303619385,
    0.056480396538972855
   ]
  ]
 },
 {
  "rotation_euler": [
   -1.1707212924957275,
   -1.425271987915039,
   1.170656442642212
  ],
  "euler_order": "XYZ",
  "rotation_matrix": [
   [
    0.05648872256278992,
    -0.003727508708834648,
    -0.9983962774276733
   ],
   [
    0.1335563063621521,
    0.9910337328910828,
    0.003856522962450981
   ],
   [
    0.9894300103187561,
    -0.1335599720478058,
    0.05648006126284599
   ]
  ]
 },
 {
  "rotation_euler": [
   0.1199447363615036,
   1.3786746263504028,
   2.865295171737671
  ],
  "euler_order": "XYZ",
  "rotation_matrix": [
   [
    -0.18369995057582855,
    -0.38383641839027405,
    -0.9049441814422607
   ],
   [
    0.05208810418844223,
    -0.9231184124946594,
    0.38097143173217773
   ],
   [
    -0.9816012978553772,
    0.022847609594464302,
    0.1895701140165329
   ]
  ]
 },
 {
  "rotation_euler": [
   -1.1707203388214111,
   -1.4252721071243286,
   1.908386468887329
  ],
  "euler_order": "XYZ",
  "rotation_matrix": [
   [
    -0.04802974686026573,
    -0.6693381071090698,
    -0.7414038181304932
   ],
   [
    0.1368260532617569,
    0.7308544516563416,
    -0.6686781048774719
   ],
   [
    0.9894300103187561,
    -0.13355980813503265,
    0.05648014321923256
   ]
  ]
 },
 {
  "rotation_euler": [
   1.9708718061447144,
   -1.716320514678955,
   -0.6681567430496216
  ],
  "euler_order": "XYZ",
  "rotation_matrix": [
   [
    -0.1138286292552948,
    -0.9566390514373779,
    -0.26811331510543823
   ],
   [
    0.08984019607305527,
    0.2588503360748291,
    -0.9617303609848022
   ],
   [
    0.9894300103187561,
    -0.13355980813503265,
    0.05648006126284599
   ]
  ]
 },
 {
  "rotation_euler": [
   0.11994335800409317,
   1.3786733150482178,
   1.814140796661377
  ],
  "euler_order": "XYZ",
  "rotation_matrix": [
   [
    -0.04600776359438896,
    -0.9918652772903442,
    -0.11868679523468018
   ],
   [
    0.18531762063503265,
    -0.12522484362125397,
    0.9746671915054321
   ],
   [
    -0.9816010594367981,
    0.022847503423690796,
    0.18957142531871796
   ]
  ]
 },
 {
  "rotation_euler": [
   -1.1707205772399902,
   -1.4252723455429077,
   0.04464727267622948
  ],
  "euler_order": "XYZ",
  "rotation_matrix": [
   [
    0.14486639201641083,
    0.893004298210144,
    -0.4260950982570648
   ],
   [
    0.006472189910709858,
    0.42977336049079895,
    0.9029136300086975
   ],
   [
    0.9894300699234009,
    -0.13355959951877594,
    0.05648002028465271
   ]
  ]
 },
 {
  "rotation_euler": [
   -1.1707204580307007,
   -1.4252722263336182,
   -0.5173457264900208
  ],
  "euler_order": "XYZ",
  "rotation_matrix": [
   [
    0.12603414058685303,
    0.9846705198287964,
    0.12057937681674957
   ],
   [
    -0.07171881198883057,
    -0.11218643933534622,
    0.9910956621170044
   ],
   [
    0.9894300699234009,
    -0.1335597038269043,
    0.056480079889297485
   ]
  ]
 },
 {
  "rotation_euler": [
   1.97616708278656,
   -1.7155972719192505,
   -0.7306326627731323
  ],
  "euler_order": "XYZ",
  "rotation_matrix": [
   [
    -0.10746438056230545,
    -0.9404046535491943,
    -0.3226306438446045
   ],
   [
    0.09629426896572113,
    0.31313902139663696,
    -0.9448128938674927
   ],
   [
    0.9895346760749817,
    -0.13260121643543243,
    0.05690428614616394
   ]
  ]
 },
 {
  "rotation_euler": [
   -1.1707212924957275,
   -1.4252721071243286,
   -0.7160789370536804
  ],
  "euler_order": "XYZ",
  "rotation_matrix": [
   [
    0.10939428210258484,
    0.9431407451629639,
    0.31387653946876526
   ],
   [
    -0.0951899066567421,
    -0.30438026785850525,
    0.9477824568748474
   ],
   [
    0.9894300103187561,
    -0.13355985283851624,
    0.05648001655936241
   ]
  ]
 },
 {
  "rotation_euler": [
   -1.1707209348678589,
   -1.4252721071243286,
   -0.5287371873855591
  ],
  "euler_order": "XYZ",
  "rotation_matrix": [
   [
    0.12520910799503326,
    0.9833285808563232,
    0.13186180591583252
   ],
   [
    -0.0731499046087265,
    -0.12339621782302856,
    0.9896577596664429
   ],
   [
    0.9894300103187561,
    -0.13355983793735504,
    0.05648006126284599
   ]
  ]
 },
 {
  "rotation_euler": [
   -1.1707202196121216,
   -1.425271987915039,
   1.90744948387146
  ],
  "euler_order": "XYZ",
  "rotation_matrix": [
   [
    -0.047901563346385956,
    -0.668653130531311,
    -0.7420299649238586
   ],
   [
    0.1368711143732071,
    0.7314811944961548,
    -0.6679831743240356
   ],
   [
    0.9894300103187561,
    -0.13355989754199982,
    0.056480202823877335
   ]
  ]
 }
]