[
 {
  "rotation_euler": [
   0.9317224621772766,
   2.4579823730164208e-05,
   2.521946430206299
  ],
  "euler_order": "XYZ",
  "rotation_matrix": [
   [
    -0.8140839338302612,
    -0.3464040756225586,
    0.46612393856048584
   ],
   [
    0.5807471871376038,
    -0.48555082082748413,
    0.65343177318573
   ],
   [
    -2.4579823730164208e-05,
    0.8026484847068787,
    0.5964523553848267
   ]
  ]
 },
 {
  "rotation_euler": [
   -0.5295392870903015,
   -1.4647916555404663,
   -2.53633713722229
  ],
  "euler_order": "XYZ",
  "rotation_matrix": [
   [
    -0.08701048791408539,
    0.07797565311193466,
    0.9931510090827942
   ],
   [
    -0.06020081788301468,
    -0.995521605014801,
    0.07288754731416702
   ],
   [
    0.9943867921829224,
    -0.05344652384519577,
    0.09131501615047455
   ]
  ]
 },
 {
  "rotation_euler": [
   -1.1587575674057007,
   -1.4779884815216064,
   1.882083535194397
  ],
  "euler_order": "XYZ",
  "rotation_matrix": [
   [
    -0.028384791687130928,
    -0.6606737375259399,
    -0.7501363754272461
   ],
   [
    0.0882207378745079,
    0.7458546161651611,
    -0.6602408289909363
   ],
   [
    0.9956964254379272,
    -0.08491837978363037,
    0.03711419552564621
   ]
  ]
 },
 {
  "rotation_euler": [
   0.9403185248374939,
   0.06487073004245758,
   2.707740545272827
  ],
  "euler_order": "XYZ",
  "rotation_matrix": [
   [
    -0.9054446816444397,
    -0.2953316569328308,
    0.30487561225891113
   ],
   [
    0.419484943151474,
    -0.5129011273384094,
    0.7489758729934692
   ],
   [
    -0.06482524424791336,
    0.8060469627380371,
    0.5882907509803772
   ]
  ]
 },
 {
  "rotation_euler": [
   0.4915962815284729,
   1.3687984943389893,
   1.2642148733139038
  ],
  "euler_order": "XYZ",
  "rotation_matrix": [
   [
    0.06054946407675743,
    -0.7009093165397644,
    0.7106756567955017
   ],
   [
    0.19127188622951508,
    0.7069352865219116,
    0.6809239983558655
   ],
   [
    -0.9796677231788635,
    0.09470268338918686,
    0.17686879634857178
   ]
  ]
 },
 {
  "rotation_euler": [
   1.2465111017227173,
   -1.7033772468566895,
   1.1978061199188232
  ],
  "euler_order": "XYZ",
  "rotation_matrix": [
   [
    -0.04817129299044609,
    -0.6391001343727112,
    0.7676135301589966
   ],
   [
    -0.12310351431369781,
    -0.7588479518890381,
    -0.6395273804664612
   ],
   [
    0.9912239909172058,
    -0.12530279159545898,
    -0.042120784521102905
   ]
  ]
 },
 {
  "rotation_euler": [
   0.23358285427093506,
   1.408656120300293,
   -2.8581976890563965
  ],
  "euler_order": "XYZ",
  "rotation_matrix": [
   [
    -0.1549915075302124,
    0.052706293761730194,
    -0.986508846282959
   ],
   [
    -0.04513873904943466,
    -0.997910737991333,
    -0.04622367024421692
   ],
   [
    -0.9868840575218201,
    0.03736548870801926,
    0.15704679489135742
   ]
  ]
 },
 {
  "rotation_euler": [
   0.4080451726913452,
   -1.386218786239624,
   2.1571602821350098
  ],
  "euler_order": "XYZ",
  "rotation_matrix": [
   [
    -0.10155446082353592,
    -0.5487281084060669,
    0.8298097252845764
   ],
   [
    0.15287385880947113,
    -0.8328226208686829,
    -0.5320112705230713
   ],
   [
    0.9830138683319092,
    0.07282809913158417,
    0.16846303641796112
   ]
  ]
 },
 {
  "rotation_euler": [
   0.5863638520240784,
   1.3424032926559448,
   -2.6301064491271973
  ],
  "euler_order": "XYZ",
  "rotation_matrix": [
   [
    -0.19743585586547852,
    -0.062277402728796005,
    -0.9783356189727783
   ],
   [
    -0.11082302033901215,
    -0.990164577960968,
    0.08539535105228424
   ],
   [
    -0.9740315079689026,
    0.12528221309185028,
    0.18859221041202545
   ]
  ]
 },
 {
  "rotation_euler": [
   2.250210762023926,
   1.6641534566879272,
   -0.2790539860725403
  ],
  "euler_order": "XYZ",
  "rotation_matrix": [
   [
    -0.08961543440818787,
    0.5715174078941345,
    -0.8156818747520447
   ],
   [
    0.025677543133497238,
    -0.8173791170120239,
    -0.5755276083946228
   ],
   [
    -0.9956454038619995,
    -0.07252086699008942,
    0.0585746243596077
   ]
  ]
 },
 {
  "rotation_euler": [
   -0.7050197124481201,
   -1.4731768369674683,
   -0.36848071217536926
  ],
  "euler_order": "XYZ",
  "rotation_matrix": [
   [
    0.0909222811460495,
    0.8759974837303162,
    -0.4736681282520294
   ],
   [
    -0.03510657697916031,
    0.4781620502471924,
    0.8775696754455566
   ],
   [
    0.9952390193939209,
    -0.06316176801919937,
    0.07422886043787003
   ]
  ]
 },
 {
  "rotation_euler": [
   -1.7851403951644897,
   1.4494471549987793,
   -0.9122564792633057
  ],
  "euler_order": "XYZ",
  "rotation_matrix": [
   [
    0.07407904416322708,
    -0.7617881298065186,
    0.6435768604278564
   ],
   [
    -0.09573806822299957,
    0.6369367241859436,
    0.764948308467865
   ],
   [
    -0.9926462173461914,
    -0.11828143894672394,
    -0.025748461484909058
   ]
  ]
 },
 {
  "rotation_euler": [
   0.10666763782501221,
   1.4026942253112793,
   2.180265426635742
  ],
  "euler_order": "XYZ",
  "rotation_matrix": [
   [
    -0.09577450156211853,
    -0.8753769397735596,
    -0.4738590717315674
   ],
   [
    0.1371874064207077,
    -0.4831126928329468,
    0.8647437691688538
   ],
   [
    -0.9859040975570679,
    0.017812898382544518,
    0.16636057198047638
   ]
  ]
 },
 {
  "rotation_euler": [
   -0.9669511318206787,
   -1.4782609939575195,
   -1.343350887298584
  ],
  "euler_order": "XYZ",
  "rotation_matrix": [
   [
    0.020835980772972107,
    0.738007664680481,
    0.6744706034660339
   ],
   [
    -0.09002353996038437,
    -0.6704917550086975,
    0.736435055732727
   ],
   [
    0.9957216382026672,
    -0.07606257498264313,
    0.0524677075445652
   ]
  ]
 },
 {
  "rotation_euler": [
   -0.02704698219895363,
   1.430362343788147,
   -2.260463237762451
  ],
  "euler_order": "XYZ",
  "rotation_matrix": [
   [
    -0.08906195312738419,
    0.7882137894630432,
    -0.6089227795600891
   ],
   [
    -0.10798316448926926,
    -0.615389883518219,
    -0.7807912230491638
   ],
   [
    -0.9901553392410278,
    -0.0037853813264518976,
    0.1399216502904892
   ]
  ]
 },
 {
  "rotation_euler": [
   -0.00019909349794033915,
   1.782821345841512e-05,
   2.2259159088134766
  ],
  "euler_order": "XYZ",
  "rotation_matrix": [
   [
    -0.6092540621757507,
    -0.7929750680923462,
    -0.00016873808635864407
   ],
   [
    0.7929750680923462,
    -0.6092540621757507,
    -0.00010716119868448004
   ],
   [
    -1.782821345841512e-05,
    -0.00019909349794033915,
    1.0
   ]
  ]
 }
]