[
 {
  "rotation_euler": [
   -0.03603941947221756,
   -0.02577255852520466,
   -3.0492732524871826
  ],
  "euler_order": "XYZ",
  "rotation_matrix": [
   [
    -0.9954109191894531,
    0.09120388329029083,
    0.028965000063180923
   ],
   [
    -0.09215770661830902,
    -0.995180606842041,
    -0.03350405767560005
   ],
   [
    0.025769704952836037,
    -0.03601965308189392,
    0.9990187883377075
   ]
  ]
 },
 {
  "rotation_euler": [
   -0.03407808765769005,
   -0.026117082685232162,
   -1.4180588722229004
  ],
  "euler_order": "XYZ",
  "rotation_matrix": [
   [
    0.15209239721298218,
    0.987919807434082,
    0.029704036191105843
   ],
   [
    -0.9880212545394897,
    0.1511765569448471,
    0.030978897586464882
   ],
   [
    0.02611411362886429,
    -0.03405987098813057,
    0.9990785717964172
   ]
  ]
 },
 {
  "rotation_euler": [
   0.044878896325826645,
   -0.024233995005488396,
   -2.139686107635498
  ],
  "euler_order": "XYZ",
  "rotation_matrix": [
   [
    -0.5385388731956482,
    0.8422368764877319,
    -0.024757400155067444
   ],
   [
    -0.8422521948814392,
    -0.5372387170791626,
    0.04456258937716484
   ],
   [
    0.024231623858213425,
    0.044850658625364304,
    0.9986997842788696
   ]
  ]
 },
 {
  "rotation_euler": [
   0.07319016754627228,
   -0.023271894082427025,
   -2.7593889236450195
  ],
  "euler_order": "XYZ",
  "rotation_matrix": [
   [
    -0.9275937080383301,
    0.37354642152786255,
    -0.005740127991884947
   ],
   [
    -0.37286511063575745,
    -0.9247263073921204,
    0.07650412619113922
   ],
   [
    0.023269793018698692,
    0.07310503721237183,
    0.9970527291297913
   ]
  ]
 },
 {
  "rotation_euler": [
   -0.03407789766788483,
   -0.026117093861103058,
   -0.5684072375297546
  ],
  "euler_order": "XYZ",
  "rotation_matrix": [
   [
    0.8424720168113708,
    0.5387277007102966,
    -0.0036548913922160864
   ],
   [
    -0.5381068587303162,
    0.8417911529541016,
    0.04276273399591446
   ],
   [
    0.026114124804735184,
    -0.03405968099832535,
    0.9990785717964172
   ]
  ]
 },
 {
  "rotation_euler": [
   0.06947001069784164,
   -0.02330276556313038,
   0.14425982534885406
  ],
  "euler_order": "XYZ",
  "rotation_matrix": [
   [
    0.9893438816070557,
    -0.14501382410526276,
    -0.013024027459323406
   ],
   [
    0.14372095465660095,
    0.9869930744171143,
    -0.07203473150730133
   ],
   [
    0.02330065704882145,
    0.06939530372619629,
    0.9973170757293701
   ]
  ]
 },
 {
  "rotation_euler": [
   0.033994823694229126,
   -0.026115525513887405,
   -2.4857308864593506
  ],
  "euler_order": "XYZ",
  "rotation_matrix": [
   [
    -0.7922524213790894,
    0.6101934909820557,
    -4.465648453333415e-05
   ],
   [
    -0.609634518623352,
    -0.7915235161781311,
    0.042851824313402176
   ],
   [
    0.02611255645751953,
    0.033976685255765915,
    0.9990814328193665
   ]
  ]
 },
 {
  "rotation_euler": [
   0.14262008666992188,
   -0.018996896222233772,
   -1.348820447921753
  ],
  "euler_order": "XYZ",
  "rotation_matrix": [
   [
    0.2201177328824997,
    0.9649659991264343,
    -0.14278925955295563
   ],
   [
    -0.9752883315086365,
    0.22055594623088837,
    -0.012950990349054337
   ],
   [
    0.018995754420757294,
    0.14211143553256989,
    0.9896683692932129
   ]
  ]
 },
 {
  "rotation_euler": [
   -0.05169638618826866,
   -0.02418586052954197,
   1.5965821743011475
  ],
  "euler_order": "XYZ",
  "rotation_matrix": [
   [
    -0.025775449350476265,
    -0.998364269733429,
    -0.051033493131399155
   ],
   [
    0.9993752241134644,
    -0.02449931763112545,
    -0.025475459173321724
   ],
   [
    0.024183502420783043,
    -0.05165825039148331,
    0.998371958732605
   ]
  ]
 },
 {
  "rotation_euler": [
   -0.07072650641202927,
   -0.02071632258594036,
   -1.1788902282714844
  ],
  "euler_order": "XYZ",
  "rotation_matrix": [
   [
    0.38186872005462646,
    0.9224312901496887,
    0.05741746723651886
   ],
   [
    -0.9239844083786011,
    0.37964290380477905,
    0.04608795791864395
   ],
   [
    0.020714839920401573,
    -0.07065239548683167,
    0.9972859025001526
   ]
  ]
 },
 {
  "rotation_euler": [
   -0.06890871375799179,
   -0.02288644202053547,
   -2.3389792442321777
  ],
  "euler_order": "XYZ",
  "rotation_matrix": [
   [
    -0.6946476101875305,
    0.7163727879524231,
    0.06538122892379761
   ],
   [
    -0.7189860939979553,
    -0.6943137645721436,
    -0.03142308071255684
   ],
   [
    0.022884443402290344,
    -0.06883616000413895,
    0.9973654747009277
   ]
  ]
 },
 {
  "rotation_euler": [
   -0.03408017009496689,
   -0.026116345077753067,
   -0.31540778279304504
  ],
  "euler_order": "XYZ",
  "rotation_matrix": [
   [
    0.9503457546234131,
    0.3108699321746826,
    -0.014241022989153862
   ],
   [
    -0.3100983798503876,
    0.9498419165611267,
    0.04048849642276764
   ],
   [
    0.026113376021385193,
    -0.03406195342540741,
    0.9990785121917725
   ]
  ]
 },
 {
  "rotation_euler": [
   0.15899288654327393,
   -0.016204824671149254,
   0.06609921157360077
  ],
  "euler_order": "XYZ",
  "rotation_matrix": [
   [
    0.9976852536201477,
    -0.06777790188789368,
    -0.005507332738488913
   ],
   [
    0.06604241579771042,
    0.9850615859031677,
    -0.15903493762016296
   ],
   [
    0.016204115003347397,
    0.15830308198928833,
    0.9872575998306274
   ]
  ]
 },
 {
  "rotation_euler": [
   -0.06794486194849014,
   -0.022153794765472412,
   3.029001235961914
  ],
  "euler_order": "XYZ",
  "rotation_matrix": [
   [
    -0.9934244751930237,
    -0.11358887702226639,
    0.014332950115203857
   ],
   [
    0.11232611536979675,
    -0.9912065267562866,
    -0.06994583457708359
   ],
   [
    0.02215198241174221,
    -0.067875936627388,
    0.9974477887153625
   ]
  ]
 },
 {
  "rotation_euler": [
   -0.12302207946777344,
   -0.022559305652976036,
   1.5228415727615356
  ],
  "euler_order": "XYZ",
  "rotation_matrix": [
   [
    0.04792417958378792,
    -0.991168737411499,
    -0.12364407628774643
   ],
   [
    0.9985962510108948,
    0.05033896863460541,
    -0.016478806734085083
   ],
   [
    0.022557392716407776,
    -0.12268077582120895,
    0.9921898245811462
   ]
  ]
 },
 {
  "rotation_euler": [
   0.034077953547239304,
   -0.026117106899619102,
   -3.0993869304656982
  ],
  "euler_order": "XYZ",
  "rotation_matrix": [
   [
    -0.9987687468528748,
    0.0430576466023922,
    0.024638155475258827
   ],
   [
    -0.04217880591750145,
    -0.9984918236732483,
    0.035142216831445694
   ],
   [
    0.02611413784325123,
    0.034059736877679825,
    0.9990785717964172
   ]
  ]
 }
]