[
 {
  "rotation_euler": [
   2.9562941108451923e-06,
   2.2249257369821862e-07,
   1.9672801494598389
  ],
  "euler_order": "XYZ",
  "rotation_matrix": [
   [
    -0.38617733120918274,
    -0.9224245548248291,
    2.6410366444906686e-06
   ],
   [
    0.9224245548248291,
    -0.38617733120918274,
    1.346886392639135e-06
   ],
   [
    -2.2249257369821862e-07,
    2.9562941108451923e-06,
    1.0
   ]
  ]
 },
 {
  "rotation_euler": [
   2.938728869139595e-07,
   -4.4518227326761917e-08,
   2.005462169647217
  ],
  "euler_order": "XYZ",
  "rotation_matrix": [
   [
    -0.42110735177993774,
    -0.9070107936859131,
    2.8529282758427144e-07
   ],
   [
    0.9070107936859131,
    -0.42110735177993774,
    8.337351431464413e-08
   ],
   [
    4.4518227326761917e-08,
    2.938728869139595e-07,
    1.0
   ]
  ]
 },
 {
  "rotation_euler": [
   2.933141695393715e-05,
   -8.683761734573636e-06,
   2.9737720489501953
  ],
  "euler_order": "XYZ",
  "rotation_matrix": [
   [
    -0.9859511256217957,
    -0.16703397035598755,
    1.3461108210321981e-05
   ],
   [
    0.16703397035598755,
    -0.9859511256217957,
    2.7468860935186967e-05
   ],
   [
    8.683761734573636e-06,
    2.933141695393715e-05,
    1.0
   ]
  ]
 },
 {
  "rotation_euler": [
   -1.411671632922662e-07,
   -2.1708469688519472e-08,
   -0.9705539345741272
  ],
  "euler_order": "XYZ",
  "rotation_matrix": [
   [
    0.5648425221443176,
    0.8251987099647522,
    1.04229094688435e-07
   ],
   [
    -0.8251987099647522,
    0.5648425221443176,
    9.765101793846043e-08
   ],
   [
    2.1708469688519472e-08,
    -1.411671632922662e-07,
    1.0
   ]
  ]
 },
 {
  "rotation_euler": [
   4.1584524979043636e-07,
   -3.624649735911589e-08,
   0.8523979187011719
  ],
  "euler_order": "XYZ",
  "rotation_matrix": [
   [
    0.658179759979248,
    -0.7528608441352844,
    2.892168993184896e-07
   ],
   [
    0.7528608441352844,
    0.658179759979248,
    -3.0098948400336667e-07
   ],
   [
    3.624649735911589e-08,
    4.1584524979043636e-07,
    1.0
   ]
  ]
 },
 {
  "rotation_euler": [
   3.960666674629465e-07,
   9.376360132762329e-09,
   -1.7984895706176758
  ],
  "euler_order": "XYZ",
  "rotation_matrix": [
   [
    -0.22573091089725494,
    0.9741896986961365,
    -3.8796059698142926e-07
   ],
   [
    -0.9741896986961365,
    -0.22573091089725494,
    8.02701336510836e-08
   ],
   [
    -9.376360132762329e-09,
    3.960666674629465e-07,
    1.0
   ]
  ]
 },
 {
  "rotation_euler": [
   2.892860720749013e-06,
   7.112371491757585e-08,
   -0.938716471195221
  ],
  "euler_order": "XYZ",
  "rotation_matrix": [
   [
    0.5908240675926208,
    0.8068004250526428,
    -2.2919396087672794e-06
   ],
   [
    -0.8068004250526428,
    0.5908240675926208,
    -1.7665544191913796e-06
   ],
   [
    -7.112371491757585e-08,
    2.892860720749013e-06,
    1.0
   ]
  ]
 },
 {
  "rotation_euler": [
   -5.072801059213816e-07,
   -1.0819498896808e-07,
   -1.0378904342651367
  ],
  "euler_order": "XYZ",
  "rotation_matrix": [
   [
    0.5080384016036987,
    0.8613343834877014,
    3.819706080321339e-07
   ],
   [
    -0.8613343834877014,
    0.5080384016036987,
    3.509098576159886e-07
   ],
   [
    1.0819498896808e-07,
    -5.072801059213816e-07,
    1.0
   ]
  ]
 },
 {
  "rotation_euler": [
   1.50391095132818e-08,
   3.849909546715935e-08,
   1.0400282144546509
  ],
  "euler_order": "XYZ",
  "rotation_matrix": [
   [
    0.5061959028244019,
    -0.862418532371521,
    3.245809310215009e-08
   ],
   [
    0.862418532371521,
    0.5061959028244019,
    2.558959621978829e-08
   ],
   [
    -3.849909546715935e-08,
    1.50391095132818e-08,
    1.0
   ]
  ]
 },
 {
  "rotation_euler": [
   5.493120625033043e-07,
   6.777904015820013e-09,
   0.18400193750858307
  ],
  "euler_order": "XYZ",
  "rotation_matrix": [
   [
    0.9831193685531616,
    -0.18296541273593903,
    1.0716859577541982e-07
   ],
   [
    0.18296541273593903,
    0.9831193685531616,
    -5.387992132455111e-07
   ],
   [
    -6.777904015820013e-09,
    5.493120625033043e-07,
    1.0
   ]
  ]
 },
 {
  "rotation_euler": [
   7.467542673111893e-08,
   6.3490359636375615e-09,
   -0.029495518654584885
  ],
  "euler_order": "XYZ",
  "rotation_matrix": [
   [
    0.999565064907074,
    0.02949124202132225,
    4.144003362682724e-09
   ],
   [
    -0.02949124202132225,
    0.999565064907074,
    -7.483019004439484e-08
   ],
   [
    -6.3490359636375615e-09,
    7.467542673111893e-08,
    1.0
   ]
  ]
 },
 {
  "rotation_euler": [
   4.6687478771900714e-08,
   -5.175973782911569e-08,
   1.525622010231018
  ],
  "euler_order": "XYZ",
  "rotation_matrix": [
   [
    0.045158952474594116,
    -0.9989798069000244,
    4.4302431945197895e-08
   ],
   [
    0.9989798069000244,
    0.045158952474594116,
    -5.381529177839184e-08
   ],
   [
    5.175973782911569e-08,
    4.6687478771900714e-08,
    1.0
   ]
  ]
 },
 {
  "rotation_euler": [
   1.0312327276551514e-06,
   -5.339796516068418e-08,
   -1.339953064918518
  ],
  "euler_order": "XYZ",
  "rotation_matrix": [
   [
    0.2287984937429428,
    0.9734737873077393,
    -1.016095438899356e-06
   ],
   [
    -0.9734737873077393,
    0.2287984937429428,
    -1.8396298173684045e-07
   ],
   [
    5.339796516068418e-08,
    1.0312327276551514e-06,
    1.0
   ]
  ]
 },
 {
  "rotation_euler": [
   -8.552592589694541e-07,
   3.6674617120979747e-08,
   -1.1361569166183472
  ],
  "euler_order": "XYZ",
  "rotation_matrix": [
   [
    0.42108336091041565,
    0.9070219397544861,
    7.911820034678385e-07
   ],
   [
    -0.9070219397544861,
    0.42108336091041565,
    3.268707757797529e-07
   ],
   [
    -3.6674617120979747e-08,
    -8.552592589694541e-07,
    1.0
   ]
  ]
 },
 {
  "rotation_euler": [
   -2.7344187401467934e-05,
   1.980733941309154e-05,
   -2.3393309116363525
  ],
  "euler_order": "XYZ",
  "rotation_matrix": [
   [
    -0.695082426071167,
    0.7189300060272217,
    5.890823103982257e-06
   ],
   [
    -0.7189300060272217,
    -0.695082426071167,
    -3.324655699543655e-05
   ],
   [
    -1.980733941309154e-05,
    -2.7344187401467934e-05,
    1.0
   ]
  ]
 },
 {
  "rotation_euler": [
   1.0147191886744622e-07,
   2.6760076821119583e-08,
   -1.2701680660247803
  ],
  "euler_order": "XYZ",
  "rotation_matrix": [
   [
    0.2961203455924988,
    0.9551506638526917,
    -8.899676373630427e-08
   ],
   [
    -0.9551506638526917,
    0.2961203455924988,
    -5.5607802806889595e-08
   ],
   [
    -2.6760076821119583e-08,
    1.0147191886744622e-07,
    1.0
   ]
  ]
 }
]