[
 {
  "rotation_euler": [
   -0.4022766351699829,
   1.3697080612182617,
   1.8587132692337036
  ],
  "euler_order": "XYZ",
  "rotation_matrix": [
   [
    -0.056716080754995346,
    -0.773362934589386,
    -0.6314214468002319
   ],
   [
    0.19151414930820465,
    -0.6291220784187317,
    0.7533443570137024
   ],
   [
    -0.9798498153686523,
    -0.07819940894842148,
    0.18379127979278564
   ]
  ]
 },
 {
  "rotation_euler": [
   -0.029375337064266205,
   -0.11709768325090408,
   -2.045462131500244
  ],
  "euler_order": "XYZ",
  "rotation_matrix": [
   [
    -0.45391136407852173,
    0.8874934911727905,
    0.07949721068143845
   ],
   [
    -0.8833544850349426,
    -0.45989611744880676,
    0.09044551104307175
   ],
   [
    0.1168302595615387,
    -0.029169976711273193,
    0.9927234053611755
   ]
  ]
 },
 {
  "rotation_euler": [
   -0.029233504086732864,
   -0.1310776174068451,
   1.5920606851577759
  ],
  "euler_order": "XYZ",
  "rotation_matrix": [
   [
    -0.02108035609126091,
    -0.9994279742240906,
    -0.026444822549819946
   ],
   [
    0.9911974668502808,
    -0.01743418350815773,
    -0.13123869895935059
   ],
   [
    0.13070258498191833,
    -0.02897859923541546,
    0.9909980297088623
   ]
  ]
 },
 {
  "rotation_euler": [
   -3.0301413536071777,
   0.7071165442466736,
   0.7873430848121643
  ],
  "euler_order": "XYZ",
  "rotation_matrix": [
   [
    0.5365231037139893,
    0.6530933380126953,
    -0.5344268679618835
   ],
   [
    0.5386141538619995,
    -0.7525421380996704,
    -0.37891310453414917
   ],
   [
    -0.6496443748474121,
    -0.08455424010753632,
    -0.7555215358734131
   ]
  ]
 },
 {
  "rotation_euler": [
   -0.017556414008140564,
   -0.32559195160865784,
   -0.2130320966243744
  ],
  "euler_order": "XYZ",
  "rotation_matrix": [
   [
    0.9260435700416565,
    0.21688036620616913,
    -0.30887898802757263
   ],
   [
    -0.20031650364398956,
    0.9760564565658569,
    0.08477649837732315
   ],
   [
    0.3198696970939636,
    -0.0166331734508276,
    0.947315514087677
   ]
  ]
 },
 {
  "rotation_euler": [
   -0.38732248544692993,
   1.362924337387085,
   0.5135087966918945
  ],
  "euler_order": "XYZ",
  "rotation_matrix": [
   [
    0.17976079881191254,
    -0.7767608761787415,
    0.6035964488983154
   ],
   [
    0.10138048976659775,
    0.6249529719352722,
    0.7740515470504761
   ],
   [
    -0.9784722924232483,
    -0.07795122265815735,
    0.1910904347896576
   ]
  ]
 },
 {
  "rotation_euler": [
   -0.025306392461061478,
   -0.19654910266399384,
   -0.7708900570869446
  ],
  "euler_order": "XYZ",
  "rotation_matrix": [
   [
    0.7034803032875061,
    0.7000952959060669,
    -0.12240107357501984
   ],
   [
    -0.6833584904670715,
    0.7136180400848389,
    0.1541767716407776
   ],
   [
    0.19528605043888092,
    -0.024816501885652542,
    0.9804323315620422
   ]
  ]
 },
 {
  "rotation_euler": [
   -0.031410060822963715,
   -0.0895506888628006,
   1.6968711614608765
  ],
  "euler_order": "XYZ",
  "rotation_matrix": [
   [
    -0.12523727118968964,
    -0.991926908493042,
    -0.019916025921702385
   ],
   [
    0.9880878925323486,
    -0.12289280444383621,
    -0.09262636303901672
   ],
   [
    0.0894310474395752,
    -0.031279057264328,
    0.9955017566680908
   ]
  ]
 },
 {
  "rotation_euler": [
   0.20518267154693604,
   2.0284976959228516,
   0.6757851839065552
  ],
  "euler_order": "XYZ",
  "rotation_matrix": [
   [
    -0.3447675108909607,
    -0.4697856605052948,
    0.8126726150512695
   ],
   [
    -0.2764049470424652,
    0.8781774044036865,
    0.3903905153274536
   ],
   [
    -0.897070586681366,
    -0.09003275632858276,
    -0.432618111371994
   ]
  ]
 },
 {
  "rotation_euler": [
   -0.07997850328683853,
   0.6074496507644653,
   2.29109787940979
  ],
  "euler_order": "XYZ",
  "rotation_matrix": [
   [
    -0.5416110754013062,
    -0.7191252708435059,
    -0.4353346526622772
   ],
   [
    0.6171491742134094,
    -0.6917769312858582,
    0.374928742647171
   ],
   [
    -0.5707752108573914,
    -0.06560087203979492,
    0.8184816241264343
   ]
  ]
 },
 {
  "rotation_euler": [
   -0.1391456425189972,
   1.0058879852294922,
   -2.4791951179504395
  ],
  "euler_order": "XYZ",
  "rotation_matrix": [
   [
    -0.42212504148483276,
    0.7014391422271729,
    -0.5742766261100769
   ],
   [
    -0.32923799753189087,
    -0.7088512778282166,
    -0.6238046288490295
   ],
   [
    -0.8446376919746399,
    -0.07424986362457275,
    0.5301643013954163
   ]
  ]
 },
 {
  "rotation_euler": [
   -0.23375125229358673,
   1.2358996868133545,
   1.7349185943603516
  ],
  "euler_order": "XYZ",
  "rotation_matrix": [
   [
    -0.05370048061013222,
    -0.923989474773407,
    -0.3786286413669586
   ],
   [
    0.3242549002170563,
    -0.37476348876953125,
    0.8685684204101562
   ],
   [
    -0.9444442987442017,
    -0.07612966001033783,
    0.3197331130504608
   ]
  ]
 },
 {
  "rotation_euler": [
   -2.8667075634002686,
   1.2333954572677612,
   0.2926539480686188
  ],
  "euler_order": "XYZ",
  "rotation_matrix": [
   [
    0.31696051359176636,
    0.03242127224802971,
    -0.9478844404220581
   ],
   [
    0.09550190716981888,
    -0.9954270124435425,
    -0.002112786052748561
   ],
   [
    -0.9436182379722595,
    -0.08985509723424911,
    -0.318607360124588
   ]
  ]
 },
 {
  "rotation_euler": [
   0.08632085472345352,
   2.6542789936065674,
   -0.7588557600975037
  ],
  "euler_order": "XYZ",
  "rotation_matrix": [
   [
    -0.641156792640686,
    0.7148229479789734,
    0.27918821573257446
   ],
   [
    0.6079935431480408,
    0.6951438784599304,
    -0.3835606575012207
   ],
   [
    -0.4682539403438568,
    -0.07617789506912231,
    -0.8803040385246277
   ]
  ]
 },
 {
  "rotation_euler": [
   -0.06030113622546196,
   0.3506001830101013,
   2.269106388092041
  ],
  "euler_order": "XYZ",
  "rotation_matrix": [
   [
    -0.6038130521774292,
    -0.7512300610542297,
    -0.2665768563747406
   ],
   [
    0.7193357944488525,
    -0.6576093435287476,
    0.22384370863437653
   ],
   [
    -0.3434615433216095,
    -0.05659850686788559,
    0.9374597668647766
   ]
  ]
 },
 {
  "rotation_euler": [
   -3.028254508972168,
   0.7251478433609009,
   -0.5071737766265869
  ],
  "euler_order": "XYZ",
  "rotation_matrix": [
   [
    0.6541931629180908,
    -0.5481604933738708,
    -0.521105945110321
   ],
   [
    -0.363505095243454,
    -0.832079291343689,
    0.4189368188381195
   ],
   [
    -0.6632460951805115,
    -0.08464094251394272,
    -0.7435997128486633
   ]
  ]
 }
]