[
 {
  "rotation_euler": [
   1.8957284688949585,
   -1.5904346704483032,
   -1.1988731622695923
  ],
  "euler_order": "XYZ",
  "rotation_matrix": [
   [
    -0.007136268075555563,
    -0.6417428851127625,
    -0.7668866515159607
   ],
   [
    0.018294498324394226,
    0.7666940093040466,
    -0.6417519450187683
   ],
   [
    0.9998071789741516,
    -0.01860952004790306,
    0.0062690298072993755
   ]
  ]
 },
 {
  "rotation_euler": [
   -1.2459907531738281,
   -1.551139235496521,
   1.3381026983261108
  ],
  "euler_order": "XYZ",
  "rotation_matrix": [
   [
    0.004532621242105961,
    -0.09202396869659424,
    -0.9957464933395386
   ],
   [
    0.019126076251268387,
    0.9955825209617615,
    -0.09192175418138504
   ],
   [
    0.999806821346283,
    -0.01862807758152485,
    0.006272655911743641
   ]
  ]
 },
 {
  "rotation_euler": [
   -1.2940678596496582,
   -0.28769633173942566,
   1.264504075050354
  ],
  "euler_order": "XYZ",
  "rotation_matrix": [
   [
    0.28913286328315735,
    -0.17819331586360931,
    -0.9405580163002014
   ],
   [
    0.9142710566520691,
    0.3426250219345093,
    0.21614010632038116
   ],
   [
    0.2837439775466919,
    -0.9224181175231934,
    0.26198112964630127
   ]
  ]
 },
 {
  "rotation_euler": [
   -1.245815396308899,
   -1.5511521100997925,
   -0.5542179942131042
  ],
  "euler_order": "XYZ",
  "rotation_matrix": [
   [
    0.016702644526958466,
    0.973684549331665,
    0.22728699445724487
   ],
   [
    -0.010337663814425468,
    -0.22713838517665863,
    0.9738076329231262
   ],
   [
    0.9998070597648621,
    -0.01861477829515934,
    0.006271812599152327
   ]
  ]
 },
 {
  "rotation_euler": [
   1.8733748197555542,
   1.5539439916610718,
   1.2458455562591553
  ],
  "euler_order": "XYZ",
  "rotation_matrix": [
   [
    0.005380057729780674,
    0.5871032476425171,
    0.8094941973686218
   ],
   [
    0.015969635918736458,
    0.8093522191047668,
    -0.587106466293335
   ],
   [
    -0.999858021736145,
    0.016085993498563766,
    -0.005021464079618454
   ]
  ]
 },
 {
  "rotation_euler": [
   1.8733841180801392,
   1.5539449453353882,
   0.1423291116952896
  ],
  "euler_order": "XYZ",
  "rotation_matrix": [
   [
    0.016680195927619934,
    0.9870519042015076,
    -0.15953169763088226
   ],
   [
    0.0023902393877506256,
    -0.15959280729293823,
    -0.9871800541877747
   ],
   [
    -0.999858021736145,
    0.01608503796160221,
    -0.005021329503506422
   ]
  ]
 },
 {
  "rotation_euler": [
   -1.2462847232818604,
   -1.5513942241668701,
   0.5089355707168579
  ],
  "euler_order": "XYZ",
  "rotation_matrix": [
   [
    0.016942087560892105,
    0.6721721887588501,
    -0.7402009963989258
   ],
   [
    0.009453042410314083,
    0.7401664853096008,
    0.6723572015762329
   ],
   [
    0.9998117685317993,
    -0.018388286232948303,
    0.006185892969369888
   ]
  ]
 },
 {
  "rotation_euler": [
   -1.2680556774139404,
   1.5876384973526,
   1.8432986736297607
  ],
  "euler_order": "XYZ",
  "rotation_matrix": [
   [
    0.004532726015895605,
    -0.030270129442214966,
    -0.9995314478874207
   ],
   [
    -0.016219934448599815,
    -0.999412477016449,
    0.030192971229553223
   ],
   [
    -0.9998582005500793,
    0.016075478866696358,
    -0.0050210426561534405
   ]
  ]
 },
 {
  "rotation_euler": [
   1.8957289457321167,
   -1.5904313325881958,
   0.5490756630897522
  ],
  "euler_order": "XYZ",
  "rotation_matrix": [
   [
    -0.016747726127505302,
    -0.6416019201278687,
    0.7668549418449402
   ],
   [
    -0.010246830992400646,
    -0.7668120861053467,
    -0.6417898535728455
   ],
   [
    0.9998072385787964,
    -0.01860635355114937,
    0.006267973221838474
   ]
  ]
 },
 {
  "rotation_euler": [
   -1.2457923889160156,
   -1.5511537790298462,
   0.8632870316505432
  ],
  "euler_order": "XYZ",
  "rotation_matrix": [
   [
    0.012765713036060333,
    0.37312713265419006,
    -0.9276924133300781
   ],
   [
    0.014927043579518795,
    0.9275935292243958,
    0.3732927441596985
   ],
   [
    0.9998071193695068,
    -0.018613053485751152,
    0.00627170829102397
   ]
  ]
 },
 {
  "rotation_euler": [
   -1.268180251121521,
   1.5876562595367432,
   0.04683106392621994
  ],
  "euler_order": "XYZ",
  "rotation_matrix": [
   [
    -0.016840649768710136,
    -0.9673294425010681,
    0.2529626488685608
   ],
   [
    -0.0007892426219768822,
    0.2530113160610199,
    0.9674630165100098
   ],
   [
    -0.9998579025268555,
    0.01609305664896965,
    -0.00502433255314827
   ]
  ]
 },
 {
  "rotation_euler": [
   -1.2458494901657104,
   -1.5511760711669922,
   1.6829001903533936
  ],
  "euler_order": "XYZ",
  "rotation_matrix": [
   [
    -0.0021947615314275026,
    -0.423248827457428,
    -0.9060108065605164
   ],
   [
    0.019495846703648567,
    0.9058226943016052,
    -0.42320817708969116
   ],
   [
    0.9998075366020203,
    -0.018592288717627525,
    0.0062635294161736965
   ]
  ]
 },
 {
  "rotation_euler": [
   1.8944505453109741,
   -1.5902729034423828,
   -0.03249608725309372
  ],
  "euler_order": "XYZ",
  "rotation_matrix": [
   [
    -0.019465062767267227,
    -0.9577323198318481,
    0.28700152039527893
   ],
   [
    0.0006327611627057195,
    -0.2870676517486572,
    -0.9579101204872131
   ],
   [
    0.9998103380203247,
    -0.01846417784690857,
    0.006193805951625109
   ]
  ]
 },
 {
  "rotation_euler": [
   1.899380087852478,
   -1.5893874168395996,
   0.6195673942565918
  ],
  "euler_order": "XYZ",
  "rotation_matrix": [
   [
    -0.015134687535464764,
    -0.5830528140068054,
    0.812293291091919
   ],
   [
    -0.010794908739626408,
    -0.8122437000274658,
    -0.5832183361053467
   ],
   [
    0.9998272061347961,
    -0.017595458775758743,
    0.00599905289709568
   ]
  ]
 },
 {
  "rotation_euler": [
   -1.2458865642547607,
   -1.5511592626571655,
   0.06128089502453804
  ],
  "euler_order": "XYZ",
  "rotation_matrix": [
   [
    0.0195989441126585,
    0.9261682629585266,
    -0.3766009509563446
   ],
   [
    0.001202546525746584,
    0.37665116786956787,
    0.9263544082641602
   ],
   [
    0.9998071789741516,
    -0.018608447164297104,
    0.0062682051211595535
   ]
  ]
 },
 {
  "rotation_euler": [
   1.8736441135406494,
   1.5539382696151733,
   0.8112440705299377
  ],
  "euler_order": "XYZ",
  "rotation_matrix": [
   [
    0.011607854627072811,
    0.8734328746795654,
    0.48680615425109863
   ],
   [
    0.012223946861922741,
    0.4866786301136017,
    -0.8734955787658691
   ],
   [
    -0.9998579025268555,
    0.01609010249376297,
    -0.0050275023095309734
   ]
  ]
 }
]