[
 {
  "rotation_euler": [
   0.008727701380848885,
   1.1936266730572243e-07,
   -0.7602207064628601
  ],
  "euler_order": "XYZ",
  "rotation_matrix": [
   [
    0.724683940410614,
    0.6890551447868347,
    -0.006013934034854174
   ],
   [
    -0.6890814304351807,
    0.724656343460083,
    -0.006324827205389738
   ],
   [
    -1.1936266730572243e-07,
    0.008727590553462505,
    0.9999619126319885
   ]
  ]
 },
 {
  "rotation_euler": [
   -1.038792610168457,
   -8.964705102698645e-07,
   -3.0270066261291504
  ],
  "euler_order": "XYZ",
  "rotation_matrix": [
   [
    -0.993442177772522,
    0.05799715965986252,
    0.09853386133909225
   ],
   [
    -0.11433544009923935,
    -0.5039347410202026,
    -0.8561408519744873
   ],
   [
    8.964705102698645e-07,
    -0.8617923855781555,
    0.5072611570358276
   ]
  ]
 },
 {
  "rotation_euler": [
   0.008724750019609928,
   2.7533255320122407e-07,
   2.2735812664031982
  ],
  "euler_order": "XYZ",
  "rotation_matrix": [
   [
    -0.6463451981544495,
    -0.7630161046981812,
    0.006657115649431944
   ],
   [
    0.7630451321601868,
    -0.646320641040802,
    0.005639338865876198
   ],
   [
    -2.7533255320122407e-07,
    0.008724639192223549,
    0.9999619126319885
   ]
  ]
 },
 {
  "rotation_euler": [
   -1.038787603378296,
   -0.01317953784018755,
   1.3415143489837646
  ],
  "euler_order": "XYZ",
  "rotation_matrix": [
   [
    0.2272586077451706,
    -0.4914088845252991,
    -0.8407561182975769
   ],
   [
    0.9737452864646912,
    0.12635089457035065,
    0.18935580551624298
   ],
   [
    0.013179155997931957,
    -0.8617150187492371,
    0.5072214007377625
   ]
  ]
 },
 {
  "rotation_euler": [
   -1.0388065576553345,
   -0.013194316066801548,
   0.2544899880886078
  ],
  "euler_order": "XYZ",
  "rotation_matrix": [
   [
    0.9677075743675232,
    -0.11669661104679108,
    -0.22343666851520538
   ],
   [
    0.25172993540763855,
    0.4937741160392761,
    0.8323575854301453
   ],
   [
    0.013193933293223381,
    -0.8617244362831116,
    0.5072049498558044
   ]
  ]
 },
 {
  "rotation_euler": [
   -1.0387916564941406,
   -0.013176234439015388,
   -0.7518685460090637
  ],
  "euler_order": "XYZ",
  "rotation_matrix": [
   [
    0.7303504943847656,
    0.35475608706474304,
    0.583726167678833
   ],
   [
    -0.6829454898834229,
    0.36275577545166016,
    0.634029746055603
   ],
   [
    0.01317585352808237,
    -0.8617171049118042,
    0.5072179436683655
   ]
  ]
 },
 {
  "rotation_euler": [
   0.008740541525185108,
   2.82248521443762e-07,
   -2.1702818870544434
  ],
  "euler_order": "XYZ",
  "rotation_matrix": [
   [
    -0.5642178058624268,
    0.825594425201416,
    -0.007216485682874918
   ],
   [
    -0.8256259560585022,
    -0.5641962885856628,
    0.004931273404508829
   ],
   [
    -2.82248521443762e-07,
    0.008740430697798729,
    0.999961793422699
   ]
  ]
 },
 {
  "rotation_euler": [
   -1.0387835502624512,
   -0.013177040964365005,
   0.7717885971069336
  ],
  "euler_order": "XYZ",
  "rotation_matrix": [
   [
    0.7166022062301636,
    -0.34564051032066345,
    -0.6058167219161987
   ],
   [
    0.6973576545715332,
    0.3714611232280731,
    0.6129510402679443
   ],
   [
    0.013176660053431988,
    -0.8617129921913147,
    0.5072249174118042
   ]
  ]
 },
 {
  "rotation_euler": [
   0.008728035725653172,
   -8.091372478702397e-07,
   1.7494837045669556
  ],
  "euler_order": "XYZ",
  "rotation_matrix": [
   [
    -0.1777380108833313,
    -0.984040379524231,
    0.008589101023972034
   ],
   [
    0.9840778708457947,
    -0.1777312457561493,
    0.001550487708300352
   ],
   [
    8.091372478702397e-07,
    0.008727924898266792,
    0.9999619126319885
   ]
  ]
 },
 {
  "rotation_euler": [
   -1.0387914180755615,
   -0.013175162486732006,
   -1.667290210723877
  ],
  "euler_order": "XYZ",
  "rotation_matrix": [
   [
    -0.09633585065603256,
    0.5038085579872131,
    0.8584266901016235
   ],
   [
    -0.9952616691589355,
    -0.060172874480485916,
    -0.07637666910886765
   ],
   [
    0.013174781575798988,
    -0.8617169857025146,
    0.5072181224822998
   ]
  ]
 },
 {
  "rotation_euler": [
   0.008727586828172207,
   -7.90436800457428e-08,
   2.2915568351745605
  ],
  "euler_order": "XYZ",
  "rotation_matrix": [
   [
    -0.6599562168121338,
    -0.7512754201889038,
    0.006557040382176638
   ],
   [
    0.751304030418396,
    -0.6599311232566833,
    0.0057596927508711815
   ],
   [
    7.90436800457428e-08,
    0.008727476000785828,
    0.9999619126319885
   ]
  ]
 },
 {
  "rotation_euler": [
   0.00873023271560669,
   1.0701436394811026e-06,
   1.3018864393234253
  ],
  "euler_order": "XYZ",
  "rotation_matrix": [
   [
    0.2656806707382202,
    -0.9640243649482727,
    0.008416655473411083
   ],
   [
    0.9640610814094543,
    0.2656705379486084,
    -0.002318392973393202
   ],
   [
    -1.0701436394811026e-06,
    0.00873012188822031,
    0.9999619126319885
   ]
  ]
 },
 {
  "rotation_euler": [
   0.008725296705961227,
   -5.107793299430341e-08,
   0.4270082116127014
  ],
  "euler_order": "XYZ",
  "rotation_matrix": [
   [
    0.9102088809013367,
    -0.414133757352829,
    0.003613485023379326
   ],
   [
    0.4141494929790497,
    0.9101742506027222,
    -0.007941762916743755
   ],
   [
    5.107793299430341e-08,
    0.008725185878574848,
    0.9999619126319885
   ]
  ]
 },
 {
  "rotation_euler": [
   0.008727345615625381,
   -1.7708238431168866e-07,
   -1.1601107120513916
  ],
  "euler_order": "XYZ",
  "rotation_matrix": [
   [
    0.3992380201816559,
    0.9168124198913574,
    -0.00800161249935627
   ],
   [
    -0.916847288608551,
    0.39922282099723816,
    -0.0034840817097574472
   ],
   [
    1.7708238431168866e-07,
    0.008727234788239002,
    0.9999619126319885
   ]
  ]
 },
 {
  "rotation_euler": [
   0.008727151900529861,
   1.119496246815288e-07,
   -2.9187450408935547
  ],
  "euler_order": "XYZ",
  "rotation_matrix": [
   [
    -0.9752720594406128,
    0.22099930047988892,
    -0.001928852521814406
   ],
   [
    -0.22100771963596344,
    -0.9752349257469177,
    0.008511214517056942
   ],
   [
    -1.119496246815288e-07,
    0.008727041073143482,
    0.9999619126319885
   ]
  ]
 },
 {
  "rotation_euler": [
   0.008729505352675915,
   1.229103077093896e-06,
   0.8195294141769409
  ],
  "euler_order": "XYZ",
  "rotation_matrix": [
   [
    0.6825652122497559,
    -0.7307968735694885,
    0.006380496080964804
   ],
   [
    0.7308247089385986,
    0.6825392246246338,
    -0.005957482848316431
   ],
   [
    -1.229103077093896e-06,
    0.008729394525289536,
    0.9999619126319885
   ]
  ]
 }
]