[
 {
  "rotation_euler": [
   -0.09503346681594849,
   -1.6949539184570312,
   2.182816982269287
  ],
  "euler_order": "XYZ",
  "rotation_matrix": [
   [
    0.07114820927381516,
    -0.8688926100730896,
    0.48986080288887024
   ],
   [
    -0.10136070847511292,
    -0.4948611557483673,
    -0.8630402088165283
   ],
   [
    0.9923023581504822,
    0.011751128360629082,
    -0.12328005582094193
   ]
  ]
 },
 {
  "rotation_euler": [
   -0.09503410756587982,
   -1.6949541568756104,
   0.849798858165741
  ],
  "euler_order": "XYZ",
  "rotation_matrix": [
   [
    -0.08175042271614075,
    -0.6855995059013367,
    -0.7233741879463196
   ],
   [
    -0.0930214375257492,
    0.72788405418396,
    -0.6793613433837891
   ],
   [
    0.9923022985458374,
    0.011751229874789715,
    -0.12328028678894043
   ]
  ]
 },
 {
  "rotation_euler": [
   -0.095033660531044,
   -1.6949542760849,
   0.41459786891937256
  ],
  "euler_order": "XYZ",
  "rotation_matrix": [
   [
    -0.11334735155105591,
    -0.31482142210006714,
    -0.942358672618866
   ],
   [
    -0.04988514631986618,
    0.9490782022476196,
    -0.31106606125831604
   ],
   [
    0.9923022985458374,
    0.011751186102628708,
    -0.12328040599822998
   ]
  ]
 },
 {
  "rotation_euler": [
   -0.09503355622291565,
   -1.6949540376663208,
   -0.2338920533657074
  ],
  "euler_order": "XYZ",
  "rotation_matrix": [
   [
    -0.12046705186367035,
    0.32231587171554565,
    -0.9389356374740601
   ],
   [
    0.028701582923531532,
    0.9465592503547668,
    0.32125040888786316
   ],
   [
    0.9923022985458374,
    0.011751150712370872,
    -0.12328017503023148
   ]
  ]
 },
 {
  "rotation_euler": [
   -0.8678746223449707,
   1.591462254524231,
   -0.2418236881494522
  ],
  "euler_order": "XYZ",
  "rotation_matrix": [
   [
    -0.020063180476427078,
    -0.5857910513877869,
    0.8102137446403503
   ],
   [
    0.004948592744767666,
    0.8103087544441223,
    0.5859822630882263
   ],
   [
    -0.9997864961624146,
    0.0157660860568285,
    -0.013358529657125473
   ]
  ]
 },
 {
  "rotation_euler": [
   -0.09503334015607834,
   -1.6949541568756104,
   -2.0955944061279297
  ],
  "euler_order": "XYZ",
  "rotation_matrix": [
   [
    0.06204812228679657,
    0.8143423795700073,
    0.5770584940910339
   ],
   [
    0.10717345774173737,
    -0.5802658200263977,
    0.8073446750640869
   ],
   [
    0.9923022985458374,
    0.011751135811209679,
    -0.12328029423952103
   ]
  ]
 },
 {
  "rotation_euler": [
   -0.09503329545259476,
   -1.6949540376663208,
   -2.128108024597168
  ],
  "euler_order": "XYZ",
  "rotation_matrix": [
   [
    0.06549925357103348,
    0.7950487732887268,
    0.6029985547065735
   ],
   [
    0.10509966313838959,
    -0.6064316630363464,
    0.7881590723991394
   ],
   [
    0.9923022985458374,
    0.011751119047403336,
    -0.12328017503023148
   ]
  ]
 },
 {
  "rotation_euler": [
   3.0465590953826904,
   -1.4466384649276733,
   -0.16311462223529816
  ],
  "euler_order": "XYZ",
  "rotation_matrix": [
   [
    0.12219531834125519,
    -0.25456979870796204,
    0.9593031406402588
   ],
   [
    -0.020110515877604485,
    -0.9669830203056335,
    -0.25404614210128784
   ],
   [
    0.9923022985458374,
    0.011751165613532066,
    -0.12328032404184341
   ]
  ]
 },
 {
  "rotation_euler": [
   -0.8679429888725281,
   1.5914579629898071,
   0.48312661051750183
  ],
  "euler_order": "XYZ",
  "rotation_matrix": [
   [
    -0.018295543268322945,
    -0.9758128523826599,
    0.2178407460451126
   ],
   [
    -0.009597684256732464,
    0.21803858876228333,
    0.975892961025238
   ],
   [
    -0.9997865557670593,
    0.015763726085424423,
    -0.013354677706956863
   ]
  ]
 },
 {
  "rotation_euler": [
   -0.09503389149904251,
   -1.6949540376663208,
   0.2338406890630722
  ],
  "euler_order": "XYZ",
  "rotation_matrix": [
   [
    -0.12046852707862854,
    -0.13907204568386078,
    -0.9829274415969849
   ],
   [
    -0.028695395216345787,
    0.9902125597000122,
    -0.13658586144447327
   ],
   [
    0.9923022985458374,
    0.01175119262188673,
    -0.12328016757965088
   ]
  ]
 },
 {
  "rotation_euler": [
   -0.8678678274154663,
   1.59146249294281,
   -0.9506893157958984
  ],
  "euler_order": "XYZ",
  "rotation_matrix": [
   [
    -0.012008714489638805,
    0.08282151073217392,
    0.9964920282363892
   ],
   [
    0.01681726612150669,
    0.9964396953582764,
    -0.08261449635028839
   ],
   [
    -0.9997864365577698,
    0.01576617732644081,
    -0.013358790427446365
   ]
  ]
 },
 {
  "rotation_euler": [
   -0.09503373503684998,
   -1.6949540376663208,
   -2.8790130615234375
  ],
  "euler_order": "XYZ",
  "rotation_matrix": [
   [
    0.11959421634674072,
    0.16746847331523895,
    0.9785966873168945
   ],
   [
    0.03214520215988159,
    -0.9858074188232422,
    0.16477398574352264
   ],
   [
    0.9923022985458374,
    0.011751173064112663,
    -0.12328017503023148
   ]
  ]
 },
 {
  "rotation_euler": [
   -0.09503407776355743,
   -1.6949540376663208,
   1.2750186920166016
  ],
  "euler_order": "XYZ",
  "rotation_matrix": [
   [
    -0.036097053438425064,
    -0.9248130917549133,
    -0.3787054419517517
   ],
   [
    -0.11846135556697845,
    0.3802403211593628,
    -0.9172699451446533
   ],
   [
    0.9923022985458374,
    0.011751214973628521,
    -0.12328016757965088
   ]
  ]
 },
 {
  "rotation_euler": [
   -0.09503381699323654,
   -1.6949540376663208,
   0.18829573690891266
  ],
  "euler_order": "XYZ",
  "rotation_matrix": [
   [
    -0.1216500774025917,
    -0.09384430944919586,
    -0.9881267547607422
   ],
   [
    -0.023180801421403885,
    0.9955175518989563,
    -0.09169239550828934
   ],
   [
    0.9923022985458374,
    0.011751183308660984,
    -0.12328017503023148
   ]
  ]
 },
 {
  "rotation_euler": [
   -0.8678779602050781,
   1.591462254524231,
   1.774540662765503
  ],
  "euler_order": "XYZ",
  "rotation_matrix": [
   [
    0.004181197378784418,
    -0.47873347997665405,
    -0.8779503107070923
   ],
   [
    -0.0202370285987854,
    -0.8778187036514282,
    0.4785653352737427
   ],
   [
    -0.9997864961624146,
    0.01576613076031208,
    -0.01335847657173872
   ]
  ]
 },
 {
  "rotation_euler": [
   -0.095033660531044,
   -1.6949540376663208,
   2.8722004890441895
  ],
  "euler_order": "XYZ",
  "rotation_matrix": [
   [
    0.11937244981527328,
    -0.3557087779045105,
    0.926941990852356
   ],
   [
    -0.032959192991256714,
    -0.9345229864120483,
    -0.35437342524528503
   ],
   [
    0.9923022985458374,
    0.011751163750886917,
    -0.12328017503023148
   ]
  ]
 }
]