[
 {
  "rotation_euler": [
   -1.0144585371017456,
   1.2849485874176025,
   1.9319535493850708
  ],
  "euler_order": "XYZ",
  "rotation_matrix": [
   [
    -0.09963639825582504,
    -0.2061195820569992,
    -0.973440945148468
   ],
   [
    0.26378053426742554,
    -0.9487777948379517,
    0.1738981008529663
   ],
   [
    -0.9594229459762573,
    -0.2394482046365738,
    0.14890313148498535
   ]
  ]
 },
 {
  "rotation_euler": [
   -2.5974979400634766,
   0.8206567764282227,
   -0.054837416857481
  ],
  "euler_order": "XYZ",
  "rotation_matrix": [
   [
    0.6807160973548889,
    -0.42503082752227783,
    -0.5966359376907349
   ],
   [
    -0.037366174161434174,
    -0.8335533142089844,
    0.5511738657951355
   ],
   [
    -0.7315937280654907,
    -0.35289889574050903,
    -0.5832949280738831
   ]
  ]
 },
 {
  "rotation_euler": [
   -1.6399039030075073,
   -1.5157583951950073,
   1.4890483617782593
  ],
  "euler_order": "XYZ",
  "rotation_matrix": [
   [
    0.004491960629820824,
    0.15016065537929535,
    -0.9886513948440552
   ],
   [
    0.054826442152261734,
    0.9871373176574707,
    0.15017980337142944
   ],
   [
    0.998485803604126,
    -0.0548788420855999,
    -0.003798592835664749
   ]
  ]
 },
 {
  "rotation_euler": [
   -1.0144578218460083,
   1.284947156906128,
   2.4072775840759277
  ],
  "euler_order": "XYZ",
  "rotation_matrix": [
   [
    -0.20930516719818115,
    0.25091490149497986,
    -0.9451100826263428
   ],
   [
    0.18894366919994354,
    -0.9379262924194336,
    -0.2908513844013214
   ],
   [
    -0.9594225287437439,
    -0.23944926261901855,
    0.14890404045581818
   ]
  ]
 },
 {
  "rotation_euler": [
   -1.0144599676132202,
   1.2849489450454712,
   -0.25865620374679565
  ],
  "euler_order": "XYZ",
  "rotation_matrix": [
   [
    0.27259066700935364,
    -0.6525623202323914,
    0.707005500793457
   ],
   [
    -0.07212290167808533,
    0.718906819820404,
    0.6913546323776245
   ],
   [
    -0.9594230651855469,
    -0.23944811522960663,
    0.14890260994434357
   ]
  ]
 },
 {
  "rotation_euler": [
   2.127133369445801,
   1.8566440343856812,
   0.6859399676322937
  ],
  "euler_order": "XYZ",
  "rotation_matrix": [
   [
    -0.2181958258152008,
    0.9649490118026733,
    0.14582182466983795
   ],
   [
    -0.17860053479671478,
    0.10741480439901352,
    -0.978040874004364
   ],
   [
    -0.9594229459762573,
    -0.23944827914237976,
    0.14890293776988983
   ]
  ]
 },
 {
  "rotation_euler": [
   -1.014458417892456,
   1.284948468208313,
   -0.5100043416023254
  ],
  "euler_order": "XYZ",
  "rotation_matrix": [
   [
    0.24608805775642395,
    -0.4532567858695984,
    0.8567373752593994
   ],
   [
    -0.1376529037952423,
    0.858616828918457,
    0.49379029870033264
   ],
   [
    -0.9594229459762573,
    -0.23944827914237976,
    0.14890322089195251
   ]
  ]
 },
 {
  "rotation_euler": [
   1.5016740560531616,
   -1.6258339881896973,
   1.5679224729537964
  ],
  "euler_order": "XYZ",
  "rotation_matrix": [
   [
    -0.00015809012984391302,
    -0.07192960381507874,
    0.9974097013473511
   ],
   [
    -0.05500965192914009,
    -0.9958988428115845,
    -0.07182936370372772
   ],
   [
    0.998485803604126,
    -0.05487851798534393,
    -0.00379938050173223
   ]
  ]
 },
 {
  "rotation_euler": [
   2.1157991886138916,
   1.8457844257354736,
   -0.2253897339105606
  ],
  "euler_order": "XYZ",
  "rotation_matrix": [
   [
    -0.2646675705909729,
    0.686321496963501,
    -0.6774318218231201
   ],
   [
    0.0606844499707222,
    -0.6892367601394653,
    -0.7219903469085693
   ],
   [
    -0.9624284505844116,
    -0.23219700157642365,
    0.1407695710659027
   ]
  ]
 },
 {
  "rotation_euler": [
   -1.0144591331481934,
   1.2849485874176025,
   -0.7376262545585632
  ],
  "euler_order": "XYZ",
  "rotation_matrix": [
   [
    0.20867736637592316,
    -0.24780939519405365,
    0.9460678100585938
   ],
   [
    -0.1896347552537918,
    0.9387518167495728,
    0.2877214550971985
   ],
   [
    -0.9594229459762573,
    -0.23944829404354095,
    0.1489029973745346
   ]
  ]
 },
 {
  "rotation_euler": [
   -1.0138640403747559,
   1.283783197402954,
   0.49207034707069397
  ],
  "euler_order": "XYZ",
  "rotation_matrix": [
   [
    0.24950218200683594,
    -0.9672924876213074,
    0.04575939103960991
   ],
   [
    0.13374575972557068,
    0.08122214674949646,
    0.9876816272735596
   ],
   [
    -0.9590936899185181,
    -0.24030861258506775,
    0.149636372923851
   ]
  ]
 },
 {
  "rotation_euler": [
   1.5017056465148926,
   -1.625834345817566,
   0.5309045314788818
  ],
  "euler_order": "XYZ",
  "rotation_matrix": [
   [
    -0.04743804782629013,
    -0.8939431309700012,
    0.44566282629966736
   ],
   [
    -0.027852429077029228,
    -0.44480785727500916,
    -0.8951928615570068
   ],
   [
    0.998485803604126,
    -0.05487899109721184,
    -0.003797671524807811
   ]
  ]
 },
 {
  "rotation_euler": [
   1.5018121004104614,
   -1.6258330345153809,
   0.8971367478370667
  ],
  "euler_order": "XYZ",
  "rotation_matrix": [
   [
    -0.03431733325123787,
    -0.6752955913543701,
    0.7367483973503113
   ],
   [
    -0.042991891503334045,
    -0.7355027198791504,
    -0.6761563420295715
   ],
   [
    0.9984858632087708,
    -0.05487808957695961,
    -0.003791739232838154
   ]
  ]
 },
 {
  "rotation_euler": [
   -1.0164052248001099,
   1.2908713817596436,
   -0.6955690383911133
  ],
  "euler_order": "XYZ",
  "rotation_matrix": [
   [
    0.2120998650789261,
    -0.28995439410209656,
    0.9332417249679565
   ],
   [
    -0.1770486682653427,
    0.9277647733688354,
    0.3284909725189209
   ],
   [
    -0.9610762000083923,
    -0.23490208387374878,
    0.14544273912906647
   ]
  ]
 },
 {
  "rotation_euler": [
   -1.0144460201263428,
   1.2849372625350952,
   -0.7015199661254883
  ],
  "euler_order": "XYZ",
  "rotation_matrix": [
   [
    0.21539518237113953,
    -0.2815210223197937,
    0.9350672960281372
   ],
   [
    -0.18198524415493011,
    0.9291969537734985,
    0.3216744065284729
   ],
   [
    -0.9594197869300842,
    -0.23945556581020355,
    0.14891187846660614
   ]
  ]
 },
 {
  "rotation_euler": [
   -1.0144585371017456,
   1.2849485874176025,
   -0.2683302164077759
  ],
  "euler_order": "XYZ",
  "rotation_matrix": [
   [
    0.27188053727149963,
    -0.6455760598182678,
    0.7136613726615906
   ],
   [
    -0.07475662231445312,
    0.7251869440078735,
    0.6844817996025085
   ],
   [
    -0.9594229459762573,
    -0.2394482046365738,
    0.14890313148498535
   ]
  ]
 }
]