[
 {
  "rotation_euler": [
   -1.5358184576034546,
   2.5171289443969727,
   -0.3306884169578552
  ],
  "euler_order": "XYZ",
  "rotation_matrix": [
   [
    -0.7673210501670837,
    -0.5412916541099548,
    0.34383389353752136
   ],
   [
    0.2634168863296509,
    0.22279633581638336,
    0.9386017918586731
   ],
   [
    -0.5846622586250305,
    0.8107805848121643,
    -0.028370946645736694
   ]
  ]
 },
 {
  "rotation_euler": [
   -0.674950361251831,
   -1.606743574142456,
   -1.6814948320388794
  ],
  "euler_order": "XYZ",
  "rotation_matrix": [
   [
    0.003970329184085131,
    0.7069740891456604,
    0.7072283029556274
   ],
   [
    0.03571952506899834,
    -0.7068828344345093,
    0.7064281702041626
   ],
   [
    0.9993539452552795,
    0.02245710790157318,
    -0.02805933728814125
   ]
  ]
 },
 {
  "rotation_euler": [
   -1.630586862564087,
   -1.0805025100708008,
   0.13534340262413025
  ],
  "euler_order": "XYZ",
  "rotation_matrix": [
   [
    0.4665789008140564,
    0.8806276917457581,
    -0.0824560895562172
   ],
   [
    0.06353680044412613,
    0.05961385369300842,
    0.9961974024772644
   ],
   [
    0.8821945190429688,
    -0.47004368901252747,
    -0.028137700632214546
   ]
  ]
 },
 {
  "rotation_euler": [
   1.6638725996017456,
   -1.2629426717758179,
   -0.663965106010437
  ],
  "euler_order": "XYZ",
  "rotation_matrix": [
   [
    0.23864009976387024,
    -0.8045552372932434,
    -0.543821394443512
   ],
   [
    -0.18673062324523926,
    0.5115334987640381,
    -0.8387283086776733
   ],
   [
    0.9529861211776733,
    0.3017023205757141,
    -0.028162699192762375
   ]
  ]
 },
 {
  "rotation_euler": [
   -1.27621328830719,
   -1.6676857471466064,
   -0.21942278742790222
  ],
  "euler_order": "XYZ",
  "rotation_matrix": [
   [
    -0.09441843628883362,
    0.9927963614463806,
    -0.07376042753458023
   ],
   [
    0.021056579425930977,
    0.07606641203165054,
    0.9968804121017456
   ],
   [
    0.9953098893165588,
    0.09257075190544128,
    -0.028086965903639793
   ]
  ]
 },
 {
  "rotation_euler": [
   1.4774136543273926,
   0.41932860016822815,
   -1.001579999923706
  ],
  "euler_order": "XYZ",
  "rotation_matrix": [
   [
    0.4922769069671631,
    0.2970291078090668,
    -0.818191409111023
   ],
   [
    -0.7693468332290649,
    -0.2911980152130127,
    -0.5686028599739075
   ],
   [
    -0.4071473181247711,
    0.9093829989433289,
    0.08516832441091537
   ]
  ]
 },
 {
  "rotation_euler": [
   -1.6047556400299072,
   0.5872169733047485,
   1.051167368888855
  ],
  "euler_order": "XYZ",
  "rotation_matrix": [
   [
    0.413377583026886,
    -0.24548643827438354,
    -0.8768439888954163
   ],
   [
    0.7226005792617798,
    -0.4974963963031769,
    0.4799434244632721
   ],
   [
    -0.5540463328361511,
    -0.8320058584213257,
    -0.0282652135938406
   ]
  ]
 },
 {
  "rotation_euler": [
   -1.5988929271697998,
   -0.06310790777206421,
   1.8768908977508545
  ],
  "euler_order": "XYZ",
  "rotation_matrix": [
   [
    -0.300737202167511,
    0.0077904509380459785,
    -0.9536752104759216
   ],
   [
    0.951619565486908,
    0.06857626885175705,
    -0.29952874779701233
   ],
   [
    0.0630660280585289,
    -0.9976154565811157,
    -0.02803698182106018
   ]
  ]
 },
 {
  "rotation_euler": [
   1.5188699960708618,
   2.1463561058044434,
   -0.824567973613739
  ],
  "euler_order": "XYZ",
  "rotation_matrix": [
   [
    -0.3695142865180969,
    0.6068416833877563,
    -0.7037061452865601
   ],
   [
    0.3996580243110657,
    -0.5798913240432739,
    -0.7099292278289795
   ],
   [
    -0.8388877511024475,
    -0.5435708165168762,
    -0.028251033276319504
   ]
  ]
 },
 {
  "rotation_euler": [
   1.6711087226867676,
   1.2857308387756348,
   1.1967642307281494
  ],
  "euler_order": "XYZ",
  "rotation_matrix": [
   [
    0.10274994373321533,
    0.44208431243896484,
    0.8910689949989319
   ],
   [
    0.26177719235420227,
    0.8522146344184875,
    -0.45299333333969116
   ],
   [
    -0.9596432447433472,
    0.27980658411979675,
    -0.028162594884634018
   ]
  ]
 },
 {
  "rotation_euler": [
   0.5436174869537354,
   1.6021981239318848,
   -0.13042189180850983
  ],
  "euler_order": "XYZ",
  "rotation_matrix": [
   [
    -0.0311299879103899,
    0.623894214630127,
    0.780888557434082
   ],
   [
    0.0040832101367414,
    0.7813400626182556,
    -0.6240922212600708
   ],
   [
    -0.9995070099830627,
    -0.016239451244473457,
    -0.026870597153902054
   ]
  ]
 },
 {
  "rotation_euler": [
   -1.6095588207244873,
   0.7650291919708252,
   2.194155693054199
  ],
  "euler_order": "XYZ",
  "rotation_matrix": [
   [
    -0.4211066961288452,
    0.435452401638031,
    -0.7956446409225464
   ],
   [
    0.5856897830963135,
    -0.5392581224441528,
    -0.6051182746887207
   ],
   [
    -0.6925580501556396,
    -0.7208202481269836,
    -0.027954794466495514
   ]
  ]
 },
 {
  "rotation_euler": [
   -1.604058861732483,
   -0.546460747718811,
   0.6451029181480408
  ],
  "euler_order": "XYZ",
  "rotation_matrix": [
   [
    0.6826732754707336,
    0.43500009179115295,
    -0.5871388912200928
   ],
   [
    0.5137156248092651,
    0.28571954369544983,
    0.8089873790740967
   ],
   [
    0.5196666717529297,
    -0.8538964986801147,
    -0.02841324172914028
   ]
  ]
 },
 {
  "rotation_euler": [
   -1.599097490310669,
   0.1071881577372551,
   -0.30084875226020813
  ],
  "euler_order": "XYZ",
  "rotation_matrix": [
   [
    0.9496039152145386,
    -0.11052238941192627,
    0.2933209240436554
   ],
   [
    -0.2946302592754364,
    0.00466326717287302,
    0.9555999636650085
   ],
   [
    -0.10698302090167999,
    -0.9938626885414124,
    -0.028134983032941818
   ]
  ]
 },
 {
  "rotation_euler": [
   -1.5988495349884033,
   -0.010136266238987446,
   -2.081249237060547
  ],
  "euler_order": "XYZ",
  "rotation_matrix": [
   [
    -0.4885473847389221,
    -0.029424134641885757,
    0.8720411062240601
   ],
   [
    -0.8724784851074219,
    0.004863730166107416,
    -0.4886282980442047
   ],
   [
    0.010136093012988567,
    -0.9995551705360413,
    -0.028048086911439896
   ]
  ]
 },
 {
  "rotation_euler": [
   -1.528407335281372,
   2.301934003829956,
   0.40470337867736816
  ],
  "euler_order": "XYZ",
  "rotation_matrix": [
   [
    -0.613778293132782,
    -0.7003516554832458,
    -0.3643951416015625
   ],
   [
    -0.26291096210479736,
    -0.25389420986175537,
    0.9308144450187683
   ],
   [
    -0.7444152235984802,
    0.667117178440094,
    -0.028295373544096947
   ]
  ]
 }
]