[
 {
  "rotation_euler": [
   0.6661416888237,
   -0.030755620449781418,
   -2.9152772426605225
  ],
  "euler_order": "XYZ",
  "rotation_matrix": [
   [
    -0.9740389585494995,
    0.1949349045753479,
    -0.11510232090950012
   ],
   [
    -0.22428230941295624,
    -0.7618992328643799,
    0.6076240539550781
   ],
   [
    0.03075077198445797,
    0.6176648736000061,
    0.7858399748802185
   ]
  ]
 },
 {
  "rotation_euler": [
   -0.005304887890815735,
   -0.0010484735248610377,
   -2.834367036819458
  ],
  "euler_order": "XYZ",
  "rotation_matrix": [
   [
    -0.9531757235527039,
    0.30240577459335327,
    0.0026036377530544996
   ],
   [
    -0.3024151623249054,
    -0.9531645178794861,
    -0.004739399533718824
   ],
   [
    0.001048473292030394,
    -0.005304859951138496,
    0.99998539686203
   ]
  ]
 },
 {
  "rotation_euler": [
   -0.005323546007275581,
   -0.00107042514719069,
   -0.035806186497211456
  ],
  "euler_order": "XYZ",
  "rotation_matrix": [
   [
    0.9993584752082825,
    0.03580372408032417,
    -0.0008791494183242321
   ],
   [
    -0.03579851612448692,
    0.9993446469306946,
    0.0053584277629852295
   ],
   [
    0.0010704249143600464,
    -0.005323517601937056,
    0.9999852776527405
   ]
  ]
 },
 {
  "rotation_euler": [
   0.6661357283592224,
   -0.03077821061015129,
   -3.080897331237793
  ],
  "euler_order": "XYZ",
  "rotation_matrix": [
   [
    -0.9976858496665955,
    0.06667175889015198,
    -0.013333866372704506
   ],
   [
    -0.060629334300756454,
    -0.7836142182350159,
    0.6182821393013
   ],
   [
    0.030773350968956947,
    0.6176598072052002,
    0.7858431339263916
   ]
  ]
 },
 {
  "rotation_euler": [
   -3.0365524291992188,
   -0.00475098192691803,
   0.6276216506958008
  ],
  "euler_order": "XYZ",
  "rotation_matrix": [
   [
    0.8094173073768616,
    0.5843879580497742,
    -0.05774413421750069
   ],
   [
    0.5872147083282471,
    -0.8046725988388062,
    0.08764056116342545
   ],
   [
    0.004750964231789112,
    -0.10484598577022552,
    -0.9944770932197571
   ]
  ]
 },
 {
  "rotation_euler": [
   -0.005307172890752554,
   -0.0010513851884752512,
   -0.4300997853279114
  ],
  "euler_order": "XYZ",
  "rotation_matrix": [
   [
    0.9089236259460449,
    0.4169607162475586,
    0.0012572606792673469
   ],
   [
    -0.41696128249168396,
    0.908909022808075,
    0.005262176040560007
   ],
   [
    0.0010513849556446075,
    -0.0053071449510753155,
    0.9999853372573853
   ]
  ]
 },
 {
  "rotation_euler": [
   -0.03972754627466202,
   -0.9339510202407837,
   0.80738365650177
  ],
  "euler_order": "XYZ",
  "rotation_matrix": [
   [
    0.41114404797554016,
    -0.6998334527015686,
    -0.5841178894042969
   ],
   [
    0.42963191866874695,
    0.7139154672622681,
    -0.5529386401176453
   ],
   [
    0.8039757609367371,
    -0.02361825294792652,
    0.5941929221153259
   ]
  ]
 },
 {
  "rotation_euler": [
   -3.0801401138305664,
   0.8362358808517456,
   0.4438280165195465
  ],
  "euler_order": "XYZ",
  "rotation_matrix": [
   [
    0.6053224802017212,
    0.3874281346797943,
    -0.6953302621841431
   ],
   [
    0.28780990839004517,
    -0.9209804534912109,
    -0.26260319352149963
   ],
   [
    -0.7421254515647888,
    -0.04116332158446312,
    -0.6689957976341248
   ]
  ]
 },
 {
  "rotation_euler": [
   -0.005318299401551485,
   -0.0010594030609354377,
   1.968714714050293
  ],
  "euler_order": "XYZ",
  "rotation_matrix": [
   [
    -0.38749998807907104,
    -0.9218587875366211,
    -0.004492242354899645
   ],
   [
    0.9218690991401672,
    -0.38748952746391296,
    -0.0030374499037861824
   ],
   [
    0.001059402828104794,
    -0.005318271461874247,
    0.9999852776527405
   ]
  ]
 },
 {
  "rotation_euler": [
   -0.0053053079172968864,
   -0.0010530855506658554,
   -1.8372441530227661
  ],
  "euler_order": "XYZ",
  "rotation_matrix": [
   [
    -0.2633061408996582,
    0.9646972417831421,
    0.005395351909101009
   ],
   [
    -0.9647117257118225,
    -0.26330795884132385,
    -0.000381004239898175
   ],
   [
    0.0010530853178352118,
    -0.005305279977619648,
    0.99998539686203
   ]
  ]
 },
 {
  "rotation_euler": [
   0.6661407351493835,
   -0.030739454552531242,
   1.3001831769943237
  ],
  "euler_order": "XYZ",
  "rotation_matrix": [
   [
    0.26719602942466736,
    -0.762677013874054,
    0.5890076756477356
   ],
   [
    0.9631519317626953,
    0.19187065958976746,
    -0.18847808241844177
   ],
   [
    0.03073461353778839,
    0.6176644563674927,
    0.7858409285545349
   ]
  ]
 },
 {
  "rotation_euler": [
   -0.005305083468556404,
   -0.0010526221012696624,
   -2.288205146789551
  ],
  "euler_order": "XYZ",
  "rotation_matrix": [
   [
    -0.6574340462684631,
    0.7534975409507751,
    0.004689444322139025
   ],
   [
    -0.753511369228363,
    -0.6574293375015259,
    -0.002694576047360897
   ],
   [
    0.0010526218684390187,
    -0.005305055528879166,
    0.99998539686203
   ]
  ]
 },
 {
  "rotation_euler": [
   0.7051343321800232,
   -0.17491400241851807,
   3.082261323928833
  ],
  "euler_order": "XYZ",
  "rotation_matrix": [
   [
    -0.9830087423324585,
    0.06743666529655457,
    0.17072215676307678
   ],
   [
    0.0583917498588562,
    -0.7668726444244385,
    0.6391375064849854
   ],
   [
    0.17402344942092896,
    0.6382465362548828,
    0.7499047517776489
   ]
  ]
 },
 {
  "rotation_euler": [
   -0.005304005462676287,
   -0.0010474927257746458,
   0.4039060175418854
  ],
  "euler_order": "XYZ",
  "rotation_matrix": [
   [
    0.9195324182510376,
    -0.3930024206638336,
    -0.003047723788768053
   ],
   [
    0.3930128216743469,
    0.9195221662521362,
    0.004465512000024319
   ],
   [
    0.0010474924929440022,
    -0.005303977522999048,
    0.99998539686203
   ]
  ]
 },
 {
  "rotation_euler": [
   -0.4209849238395691,
   1.9354372024536133,
   -1.8188014030456543
  ],
  "euler_order": "XYZ",
  "rotation_matrix": [
   [
    0.08753819018602371,
    0.9784808158874512,
    0.18684855103492737
   ],
   [
    0.3457028567790985,
    0.14607195556163788,
    -0.9269047975540161
   ],
   [
    -0.9342519044876099,
    0.14573365449905396,
    -0.325476735830307
   ]
  ]
 },
 {
  "rotation_euler": [
   0.13047806918621063,
   -3.1016123294830322,
   0.4928186535835266
  ],
  "euler_order": "XYZ",
  "rotation_matrix": [
   [
    -0.8802987933158875,
    -0.473671019077301,
    0.02664152905344963
   ],
   [
    -0.47273293137550354,
    0.8710537552833557,
    -0.13337501883506775
   ],
   [
    0.03996967524290085,
    -0.13000419735908508,
    -0.990707516670227
   ]
  ]
 }
]