[
 {
  "rotation_euler": [
   1.569016456604004,
   0.005425084847956896,
   0.9257076978683472
  ],
  "euler_order": "XYZ",
  "rotation_matrix": [
   [
    0.6012604236602783,
    0.001839717268012464,
    0.79905104637146
   ],
   [
    0.7990347146987915,
    0.005405047442764044,
    -0.6012606024742126
   ],
   [
    -0.005425058305263519,
    0.9999837279319763,
    0.0017798430053517222
   ]
  ]
 },
 {
  "rotation_euler": [
   -1.5690206289291382,
   0.005415450315922499,
   3.1317641735076904
  ],
  "euler_order": "XYZ",
  "rotation_matrix": [
   [
    -0.9999370574951172,
    0.005397701635956764,
    -0.00983792170882225
   ],
   [
    0.009828177280724049,
    -0.001828835578635335,
    -0.9999500513076782
   ],
   [
    -0.005415423773229122,
    -0.9999837875366211,
    0.0017756709130480886
   ]
  ]
 },
 {
  "rotation_euler": [
   1.5659902095794678,
   0.012685277499258518,
   2.5583457946777344
  ],
  "euler_order": "XYZ",
  "rotation_matrix": [
   [
    -0.834611713886261,
    -0.013234622776508331,
    0.5506796836853027
   ],
   [
    0.550692617893219,
    0.0029744335915893316,
    0.8347028493881226
   ],
   [
    -0.012684937566518784,
    0.9999079704284668,
    0.004805712029337883
   ]
  ]
 },
 {
  "rotation_euler": [
   1.569089651107788,
   0.005259837489575148,
   0.4368175268173218
  ],
  "euler_order": "XYZ",
  "rotation_matrix": [
   [
    0.9060900807380676,
    0.004043901339173317,
    0.4230654835700989
   ],
   [
    0.4230521023273468,
    0.0037716252263635397,
    -0.9060975313186646
   ],
   [
    -0.005259813275188208,
    0.9999846816062927,
    0.0017066512955352664
   ]
  ]
 },
 {
  "rotation_euler": [
   -1.5702364444732666,
   0.0021741839591413736,
   -0.9280753135681152
  ],
  "euler_order": "XYZ",
  "rotation_matrix": [
   [
    0.5993743538856506,
    -0.0008549841586500406,
    0.8004684448242188
   ],
   [
    -0.8004659414291382,
    0.0020759424660354853,
    0.5993746519088745
   ],
   [
    -0.002174182329326868,
    -0.9999974966049194,
    0.0005598809802904725
   ]
  ]
 },
 {
  "rotation_euler": [
   1.569094181060791,
   0.005246319342404604,
   -2.2376868724823
  ],
  "euler_order": "XYZ",
  "rotation_matrix": [
   [
    -0.6185372471809387,
    -0.0019076105672866106,
    -0.7857531905174255
   ],
   [
    -0.7857379913330078,
    -0.005175118800252676,
    0.6185378432273865
   ],
   [
    -0.005246295128017664,
    0.9999848008155823,
    0.0017021214589476585
   ]
  ]
 },
 {
  "rotation_euler": [
   1.5690537691116333,
   0.005302696954458952,
   -2.0478405952453613
  ],
  "euler_order": "XYZ",
  "rotation_matrix": [
   [
    -0.45914897322654724,
    -0.0008867363794706762,
    -0.8883588314056396
   ],
   [
    -0.8883434534072876,
    -0.005510757677257061,
    0.45914652943611145
   ],
   [
    -0.005302672274410725,
    0.9999844431877136,
    0.001742532360367477
   ]
  ]
 },
 {
  "rotation_euler": [
   -1.5690611600875854,
   0.005354918539524078,
   2.201549768447876
  ],
  "euler_order": "XYZ",
  "rotation_matrix": [
   [
    -0.5897449254989624,
    0.0017567704198881984,
    -0.8075876832008362
   ],
   [
    0.8075718283653259,
    -0.005347835831344128,
    -0.5897449851036072
   ],
   [
    -0.0053548929281532764,
    -0.9999841451644897,
    0.0017351409187540412
   ]
  ]
 },
 {
  "rotation_euler": [
   1.569093942642212,
   0.005246346816420555,
   0.040087707340717316
  ],
  "euler_order": "XYZ",
  "rotation_matrix": [
   [
    0.9991828203201294,
    0.005173874087631702,
    0.04008583724498749
   ],
   [
    0.040076419711112976,
    0.0019112720619887114,
    -0.9991948008537292
   ],
   [
    -0.005246322602033615,
    0.9999848008155823,
    0.00170235987752676
   ]
  ]
 },
 {
  "rotation_euler": [
   1.568950891494751,
   0.0056966617703437805,
   -2.32010555267334
  ],
  "euler_order": "XYZ",
  "rotation_matrix": [
   [
    -0.6811221241950989,
    -0.0025290052872151136,
    -0.7321654558181763
   ],
   [
    -0.7321476936340332,
    -0.005427822005003691,
    0.6811243295669556
   ],
   [
    -0.005696631036698818,
    0.9999820590019226,
    0.0018454042728990316
   ]
  ]
 },
 {
  "rotation_euler": [
   1.5690940618515015,
   0.005246372427791357,
   -2.4189226627349854
  ],
  "euler_order": "XYZ",
  "rotation_matrix": [
   [
    -0.7500321865081787,
    -0.002809118712320924,
    -0.6613953709602356
   ],
   [
    -0.6613805294036865,
    -0.00474664568901062,
    0.7500355243682861
   ],
   [
    -0.005246348213404417,
    0.9999848008155823,
    0.0017022406682372093
   ]
  ]
 },
 {
  "rotation_euler": [
   1.5690126419067383,
   0.005439098924398422,
   1.1470942497253418
  ],
  "euler_order": "XYZ",
  "rotation_matrix": [
   [
    0.411131888628006,
    0.0006102471961639822,
    0.9115756750106812
   ],
   [
    0.9115596413612366,
    0.005691444501280785,
    -0.4111284911632538
   ],
   [
    -0.005439071916043758,
    0.9999836087226868,
    0.0017836575862020254
   ]
  ]
 },
 {
  "rotation_euler": [
   1.5690540075302124,
   0.005302534904330969,
   1.2920314073562622
  ],
  "euler_order": "XYZ",
  "rotation_matrix": [
   [
    0.27516457438468933,
    -0.00021597667364403605,
    0.961397111415863
   ],
   [
    0.9613825082778931,
    0.005577235482633114,
    -0.27515915036201477
   ],
   [
    -0.0053025102242827415,
    0.9999844431877136,
    0.0017422939417883754
   ]
  ]
 },
 {
  "rotation_euler": [
   -1.5665268898010254,
   0.010992658324539661,
   -0.8218600153923035
  ],
  "euler_order": "XYZ",
  "rotation_matrix": [
   [
    0.6808189749717712,
    -0.0043572597205638885,
    0.7324388027191162
   ],
   [
    -0.7323692440986633,
    0.010957816615700722,
    0.6808195114135742
   ],
   [
    -0.010992436669766903,
    -0.9999304413795471,
    0.0042691659182310104
   ]
  ]
 },
 {
  "rotation_euler": [
   -1.5689780712127686,
   0.005551457405090332,
   1.8196552991867065
  ],
  "euler_order": "XYZ",
  "rotation_matrix": [
   [
    -0.24629445374011993,
    -0.0003949366800952703,
    -0.9691949486732483
   ],
   [
    0.9691791534423828,
    -0.0058282362297177315,
    -0.24628804624080658
   ],
   [
    -0.005551428999751806,
    -0.9999829530715942,
    0.0018182265339419246
   ]
  ]
 },
 {
  "rotation_euler": [
   -1.5689822435379028,
   0.0055393194779753685,
   -0.6290354132652283
  ],
  "euler_order": "XYZ",
  "rotation_matrix": [
   [
    0.8085830211639404,
    -0.00341169536113739,
    0.5883722305297852
   ],
   [
    -0.5883560180664062,
    0.004725978709757328,
    0.8085881471633911
   ],
   [
    -0.005539291072636843,
    -0.999983012676239,
    0.0018140544416382909
   ]
  ]
 }
]