[
 {
  "rotation_euler": [
   -0.3370271325111389,
   -2.2412867546081543,
   -1.4281563758850098
  ],
  "euler_order": "XYZ",
  "rotation_matrix": [
   [
    -0.08833198249340057,
    0.9709896445274353,
    0.22220849990844727
   ],
   [
    0.6150597929954529,
    -0.12230509519577026,
    0.778937041759491
   ],
   [
    0.7835170030593872,
    0.2054765671491623,
    -0.5864132046699524
   ]
  ]
 },
 {
  "rotation_euler": [
   -0.3370175063610077,
   -2.2412919998168945,
   -0.21290980279445648
  ],
  "euler_order": "XYZ",
  "rotation_matrix": [
   [
    -0.6073439121246338,
    0.4526553153991699,
    -0.6528679132461548
   ],
   [
    0.1312994509935379,
    0.8676890730857849,
    0.47945401072502136
   ],
   [
    0.7835137844085693,
    0.20547227561473846,
    -0.5864190459251404
   ]
  ]
 },
 {
  "rotation_euler": [
   -0.33702176809310913,
   -2.2412891387939453,
   0.5423930883407593
  ],
  "euler_order": "XYZ",
  "rotation_matrix": [
   [
    -0.5321902632713318,
    -0.26524290442466736,
    -0.8040022850036621
   ],
   [
    -0.3207443058490753,
    0.9420332312583923,
    -0.09847065061330795
   ],
   [
    0.7835155129432678,
    0.20547403395175934,
    -0.5864160656929016
   ]
  ]
 },
 {
  "rotation_euler": [
   -0.3370293974876404,
   -2.2412917613983154,
   -1.4051295518875122
  ],
  "euler_order": "XYZ",
  "rotation_matrix": [
   [
    -0.10247083753347397,
    0.973547637462616,
    0.20421741902828217
   ],
   [
    0.6128667593002319,
    -0.09991659969091415,
    0.7838437557220459
   ],
   [
    0.7835139036178589,
    0.2054791897535324,
    -0.5864164233207703
   ]
  ]
 },
 {
  "rotation_euler": [
   -0.3370212912559509,
   -2.2412896156311035,
   1.9054641723632812
  ],
  "euler_order": "XYZ",
  "rotation_matrix": [
   [
    0.20409321784973145,
    -0.9764842391014099,
    -0.06945891678333282
   ],
   [
    -0.5868985056877136,
    -0.06526151299476624,
    -0.8070260882377625
   ],
   [
    0.7835152745246887,
    0.2054738849401474,
    -0.5864165425300598
   ]
  ]
 },
 {
  "rotation_euler": [
   -0.337018758058548,
   -2.241291046142578,
   1.652583122253418
  ],
  "euler_order": "XYZ",
  "rotation_matrix": [
   [
    0.05076352506875992,
    -0.9617564678192139,
    -0.2691608667373657
   ],
   [
    -0.6192966103553772,
    0.18112275004386902,
    -0.763980507850647
   ],
   [
    0.7835143804550171,
    0.20547276735305786,
    -0.586418092250824
   ]
  ]
 },
 {
  "rotation_euler": [
   0.15838684141635895,
   -1.1379342079162598,
   2.4257564544677734
  ],
  "euler_order": "XYZ",
  "rotation_matrix": [
   [
    -0.3165093958377838,
    -0.5399999618530273,
    0.7798858284950256
   ],
   [
    0.2752770185470581,
    -0.8390606641769409,
    -0.4692544937133789
   ],
   [
    0.9077689051628113,
    0.06616120040416718,
    0.4142201542854309
   ]
  ]
 },
 {
  "rotation_euler": [
   -0.33702245354652405,
   -2.241291046142578,
   1.5613503456115723
  ],
  "euler_order": "XYZ",
  "rotation_matrix": [
   [
    -0.005869396962225437,
    -0.9412540197372437,
    -0.3376483619213104
   ],
   [
    -0.6213459372520447,
    0.2679942548274994,
    -0.7362800240516663
   ],
   [
    0.7835143804550171,
    0.20547492802143097,
    -0.5864173769950867
   ]
  ]
 },
 {
  "rotation_euler": [
   -0.3370187282562256,
   -2.2412912845611572,
   -1.7214032411575317
  ],
  "euler_order": "XYZ",
  "rotation_matrix": [
   [
    0.09322982281446457,
    0.8941885232925415,
    0.4378756880760193
   ],
   [
    0.61434006690979,
    -0.39775350689888,
    0.6814532279968262
   ],
   [
    0.7835142016410828,
    0.20547281205654144,
    -0.5864182710647583
   ]
  ]
 },
 {
  "rotation_euler": [
   -0.33701851963996887,
   -2.24129056930542,
   -0.8158466815948486
  ],
  "euler_order": "XYZ",
  "rotation_matrix": [
   [
    -0.42579731345176697,
    0.8648759722709656,
    -0.26586878299713135
   ],
   [
    0.45254993438720703,
    0.45800721645355225,
    0.7651326060295105
   ],
   [
    0.783514678478241,
    0.20547249913215637,
    -0.5864177942276001
   ]
  ]
 },
 {
  "rotation_euler": [
   -0.3370189666748047,
   -2.2412912845611572,
   -1.164820671081543
  ],
  "euler_order": "XYZ",
  "rotation_matrix": [
   [
    -0.24539004266262054,
    0.9693528413772583,
    0.01178202498704195
   ],
   [
    0.5708670616149902,
    0.13466981053352356,
    0.8099227547645569
   ],
   [
    0.7835142016410828,
    0.2054729461669922,
    -0.5864182114601135
   ]
  ]
 },
 {
  "rotation_euler": [
   2.8045718669891357,
   -0.9003035426139832,
   0.31916025280952454
  ],
  "euler_order": "XYZ",
  "rotation_matrix": [
   [
    0.5899924039840698,
    0.05011166259646416,
    0.8058522343635559
   ],
   [
    0.19496752321720123,
    -0.9773789048194885,
    -0.08196450769901276
   ],
   [
    0.7835155725479126,
    0.20547345280647278,
    -0.5864162445068359
   ]
  ]
 },
 {
  "rotation_euler": [
   2.804574728012085,
   -0.9003008604049683,
   -0.8216304779052734
  ],
  "euler_order": "XYZ",
  "rotation_matrix": [
   [
    0.4231733977794647,
    -0.867510199546814,
    0.2614390254020691
   ],
   [
    -0.45500579476356506,
    -0.45299795269966125,
    -0.766656756401062
   ],
   [
    0.7835139036178589,
    0.20547246932983398,
    -0.5864188075065613
   ]
  ]
 },
 {
  "rotation_euler": [
   -2.8768277168273926,
   -0.8762342929840088,
   -0.5750952363014221
  ],
  "euler_order": "XYZ",
  "rotation_matrix": [
   [
    0.5370910167694092,
    -0.356244295835495,
    0.7646065950393677
   ],
   [
    -0.34813207387924194,
    -0.9192590713500977,
    -0.1837574988603592
   ],
   [
    0.7683340907096863,
    -0.16748955845832825,
    -0.6177458763122559
   ]
  ]
 },
 {
  "rotation_euler": [
   2.8045711517333984,
   -0.900303304195404,
   -0.348949134349823
  ],
  "euler_order": "XYZ",
  "rotation_matrix": [
   [
    0.5839238166809082,
    -0.5661521553993225,
    0.5818116068840027
   ],
   [
    -0.2124537080526352,
    -0.7982807755470276,
    -0.5635700225830078
   ],
   [
    0.7835153937339783,
    0.20547392964363098,
    -0.5864163041114807
   ]
  ]
 },
 {
  "rotation_euler": [
   -0.3370214104652405,
   -2.2412896156311035,
   -1.782524585723877
  ],
  "euler_order": "XYZ",
  "rotation_matrix": [
   [
    0.13058136403560638,
    0.8682212829589844,
    0.47868597507476807
   ],
   [
    0.6074967980384827,
    -0.4516328275203705,
    0.6534335613250732
   ],
   [
    0.7835152745246887,
    0.20547394454479218,
    -0.586416482925415
   ]
  ]
 }
]