[
 {
  "rotation_euler": [
   1.585449457168579,
   0.004663474392145872,
   2.6290507316589355
  ],
  "euler_order": "XYZ",
  "rotation_matrix": [
   [
    -0.8714913129806519,
    0.003121781162917614,
    0.490401029586792
   ],
   [
    0.49038878083229065,
    0.015056444332003593,
    0.87137371301651
   ],
   [
    -0.004663457628339529,
    0.9998817443847656,
    -0.01465244684368372
   ]
  ]
 },
 {
  "rotation_euler": [
   -1.5927611589431763,
   0.0021631934214383364,
   -0.18879862129688263
  ],
  "euler_order": "XYZ",
  "rotation_matrix": [
   [
    0.9822281002998352,
    -0.00624624639749527,
    0.18758706748485565
   ],
   [
    -0.18767856061458588,
    -0.021166903898119926,
    0.9820023775100708
   ],
   [
    -0.002163191791623831,
    -0.9997564554214478,
    -0.02196301519870758
   ]
  ]
 },
 {
  "rotation_euler": [
   -1.592756748199463,
   0.0021821758709847927,
   -0.34326690435409546
  ],
  "euler_order": "XYZ",
  "rotation_matrix": [
   [
    0.9416579008102417,
    -0.009444890543818474,
    0.336438924074173
   ],
   [
    -0.33656439185142517,
    -0.019943324849009514,
    0.9414492249488831
   ],
   [
    -0.002182174241170287,
    -0.9997565150260925,
    -0.0219586044549942
   ]
  ]
 },
 {
  "rotation_euler": [
   1.584340214729309,
   0.03165159001946449,
   -0.18445073068141937
  ],
  "euler_order": "XYZ",
  "rotation_matrix": [
   [
    0.9825447797775269,
    0.02862267754971981,
    -0.18381111323833466
   ],
   [
    -0.1833147406578064,
    -0.01911734789609909,
    -0.9828683733940125
   ],
   [
    -0.031646303832530975,
    0.9994074702262878,
    -0.01353669073432684
   ]
  ]
 },
 {
  "rotation_euler": [
   1.585188627243042,
   -0.014028253965079784,
   0.5488284826278687
  ],
  "euler_order": "XYZ",
  "rotation_matrix": [
   [
    0.8530523180961609,
    -0.004458347335457802,
    0.5218062996864319
   ],
   [
    0.5216367840766907,
    -0.019595544785261154,
    -0.8529425859451294
   ],
   [
    0.014027793891727924,
    0.999798059463501,
    -0.014390387572348118
   ]
  ]
 },
 {
  "rotation_euler": [
   1.5856962203979492,
   -0.012663082219660282,
   -0.16532543301582336
  ],
  "euler_order": "XYZ",
  "rotation_matrix": [
   [
    0.9862857460975647,
    -0.014940733090043068,
    -0.16436897218227386
   ],
   [
    -0.16456013917922974,
    -0.01261246856302023,
    -0.9862864017486572
   ],
   [
    0.012662744149565697,
    0.9998088479042053,
    -0.0148981474339962
   ]
  ]
 },
 {
  "rotation_euler": [
   -1.5927597284317017,
   0.0021562697365880013,
   1.0252058506011963
  ],
  "euler_order": "XYZ",
  "rotation_matrix": [
   [
    0.5189217329025269,
    0.017654601484537125,
    -0.8546394109725952
   ],
   [
    0.8548190593719482,
    -0.013239175081253052,
    0.5187572836875916
   ],
   [
    -0.0021562681067734957,
    -0.9997565150260925,
    -0.02196158468723297
   ]
  ]
 },
 {
  "rotation_euler": [
   1.5832808017730713,
   0.0500427670776844,
   2.657384157180786
  ],
  "euler_order": "XYZ",
  "rotation_matrix": [
   [
    -0.8839356899261475,
    -0.03845662996172905,
    0.46602439880371094
   ],
   [
    0.46492522954940796,
    0.03433278948068619,
    0.8846840262413025
   ],
   [
    -0.050021883100271225,
    0.9986702799797058,
    -0.012468522414565086
   ]
  ]
 },
 {
  "rotation_euler": [
   1.5846986770629883,
   -0.030460936948657036,
   -0.44760987162590027
  ],
  "euler_order": "XYZ",
  "rotation_matrix": [
   [
    0.9010659456253052,
    -0.03347006440162659,
    -0.4323886036872864
   ],
   [
    -0.4326113164424896,
    0.0006482050521299243,
    -0.901580274105072
   ],
   [
    0.03045622631907463,
    0.999439537525177,
    -0.013895452953875065
   ]
  ]
 },
 {
  "rotation_euler": [
   1.5853742361068726,
   -0.008361556567251682,
   -1.6975396871566772
  ],
  "euler_order": "XYZ",
  "rotation_matrix": [
   [
    -0.12639988958835602,
    -0.013403653167188168,
    -0.9918888211250305
   ],
   [
    -0.9919441342353821,
    0.010136154480278492,
    0.12626996636390686
   ],
   [
    0.008361458778381348,
    0.9998587965965271,
    -0.014576883055269718
   ]
  ]
 },
 {
  "rotation_euler": [
   -1.5927566289901733,
   0.0021822690032422543,
   2.7293481826782227
  ],
  "euler_order": "XYZ",
  "rotation_matrix": [
   [
    -0.9162216782569885,
    0.010797019116580486,
    -0.4005262553691864
   ],
   [
    0.400665819644928,
    0.019244784489274025,
    -0.9160221219062805
   ],
   [
    -0.0021822673734277487,
    -0.9997565150260925,
    -0.02195848524570465
   ]
  ]
 },
 {
  "rotation_euler": [
   1.585453748703003,
   -0.0017804891103878617,
   -0.3155880570411682
  ],
  "euler_order": "XYZ",
  "rotation_matrix": [
   [
    0.9506125450134277,
    -0.00624151760712266,
    -0.31031739711761475
   ],
   [
    -0.31037503480911255,
    -0.01338049117475748,
    -0.9505200386047363
   ],
   [
    0.0017804881790652871,
    0.9998909831047058,
    -0.014656873419880867
   ]
  ]
 },
 {
  "rotation_euler": [
   1.5855146646499634,
   0.00986288208514452,
   -0.9602257609367371
  ],
  "euler_order": "XYZ",
  "rotation_matrix": [
   [
    0.5733071565628052,
    -0.006404576823115349,
    -0.819315493106842
   ],
   [
    -0.8192811608314514,
    -0.016518093645572662,
    -0.5731539726257324
   ],
   [
    -0.009862721897661686,
    0.9998430609703064,
    -0.014717090874910355
   ]
  ]
 },
 {
  "rotation_euler": [
   1.5853389501571655,
   0.02111651934683323,
   2.823539972305298
  ],
  "euler_order": "XYZ",
  "rotation_matrix": [
   [
    -0.9496344327926636,
    -0.0155062610283494,
    0.31297609210014343
   ],
   [
    0.3126477897167206,
    0.020415084436535835,
    0.9496496915817261
   ],
   [
    -0.021114949136972427,
    0.9996713399887085,
    -0.014538868330419064
   ]
  ]
 },
 {
  "rotation_euler": [
   -1.5927581787109375,
   0.0021639959886670113,
   -0.6706522703170776
  ],
  "euler_order": "XYZ",
  "rotation_matrix": [
   [
    0.7834146022796631,
    -0.015343029983341694,
    0.6213099956512451
   ],
   [
    -0.6214956641197205,
    -0.015859300270676613,
    0.7832570672035217
   ],
   [
    -0.0021639943588525057,
    -0.9997565150260925,
    -0.02196003496646881
   ]
  ]
 },
 {
  "rotation_euler": [
   -1.592760682106018,
   0.002172380220144987,
   2.7645771503448486
  ],
  "euler_order": "XYZ",
  "rotation_matrix": [
   [
    -0.9297653436660767,
    0.010104785673320293,
    -0.36801406741142273
   ],
   [
    0.3681463599205017,
    0.019620539620518684,
    -0.9295607805252075
   ],
   [
    -0.0021723785903304815,
    -0.9997564554214478,
    -0.021962538361549377
   ]
  ]
 }
]