[
 {
  "rotation_euler": [
   1.3966906070709229,
   1.5330562591552734,
   0.015472323633730412
  ],
  "euler_order": "XYZ",
  "rotation_matrix": [
   [
    0.037726592272520065,
    0.9813826084136963,
    0.18832117319107056
   ],
   [
    0.0005837646313011646,
    0.1884336620569229,
    -0.9820857644081116
   ],
   [
    -0.9992879033088684,
    0.037160683423280716,
    0.006536063738167286
   ]
  ]
 },
 {
  "rotation_euler": [
   -1.7704435586929321,
   1.6087696552276611,
   -0.7715383172035217
  ],
  "euler_order": "XYZ",
  "rotation_matrix": [
   [
    -0.02721421979367733,
    -0.8403725028038025,
    0.5413256883621216
   ],
   [
    0.026470115408301353,
    0.5407305359840393,
    0.8407793045043945
   ],
   [
    -0.9992790818214417,
    0.03721010312438011,
    0.007529196795076132
   ]
  ]
 },
 {
  "rotation_euler": [
   -1.7765661478042603,
   1.6088266372680664,
   0.8027349710464478
  ],
  "euler_order": "XYZ",
  "rotation_matrix": [
   [
    -0.026414891704916954,
    -0.5326345562934875,
    -0.8459330201148987
   ],
   [
    -0.02734704501926899,
    -0.8455265760421753,
    0.533232569694519
   ],
   [
    -0.9992769360542297,
    0.03721904754638672,
    0.0077685103751719
   ]
  ]
 },
 {
  "rotation_euler": [
   1.490375280380249,
   1.5337424278259277,
   -1.6064618825912476
  ],
  "euler_order": "XYZ",
  "rotation_matrix": [
   [
    -0.0013209654716774821,
    0.04476494714617729,
    -0.9989966750144958
   ],
   [
    -0.03702186048030853,
    -0.9983148574829102,
    -0.04468544200062752
   ],
   [
    -0.9993135929107666,
    0.03692568838596344,
    0.0029760210309177637
   ]
  ]
 },
 {
  "rotation_euler": [
   1.2322665452957153,
   1.5309593677520752,
   1.212169885635376
  ],
  "euler_order": "XYZ",
  "rotation_matrix": [
   [
    0.01397861260920763,
    0.019832642748951912,
    0.9997056126594543
   ],
   [
    0.037292659282684326,
    0.9990973472595215,
    -0.0203420277684927
   ],
   [
    -0.9992066025733948,
    0.03756603226065636,
    0.013226382434368134
   ]
  ]
 },
 {
  "rotation_euler": [
   1.3833647966384888,
   1.5329519510269165,
   0.7518598437309265
  ],
  "euler_order": "XYZ",
  "rotation_matrix": [
   [
    0.027635686099529266,
    0.5898463129997253,
    0.8070424795150757
   ],
   [
    0.025841478258371353,
    0.806659460067749,
    -0.5904512405395508
   ],
   [
    -0.9992839694023132,
    0.037172697484493256,
    0.007050087675452232
   ]
  ]
 },
 {
  "rotation_euler": [
   1.337293028831482,
   1.5324532985687256,
   -0.7419243454933167
  ],
  "euler_order": "XYZ",
  "rotation_matrix": [
   [
    0.028258390724658966,
    0.8729870915412903,
    -0.4869239926338196
   ],
   [
    -0.025902332738041878,
    -0.48631545901298523,
    -0.8733993172645569
   ],
   [
    -0.9992650151252747,
    0.03729332610964775,
    0.00886991061270237
   ]
  ]
 },
 {
  "rotation_euler": [
   1.5085880756378174,
   1.533827543258667,
   1.4461209774017334
  ],
  "euler_order": "XYZ",
  "rotation_matrix": [
   [
    0.004596117418259382,
    0.06234167888760567,
    0.9980443120002747
   ],
   [
    0.03667347878217697,
    0.9973729252815247,
    -0.06246862933039665
   ],
   [
    -0.9993167519569397,
    0.03688887134194374,
    0.0022977569606155157
   ]
  ]
 },
 {
  "rotation_euler": [
   -1.6475183963775635,
   1.6078205108642578,
   -0.6055108308792114
  ],
  "euler_order": "XYZ",
  "rotation_matrix": [
   [
    -0.030434753745794296,
    -0.862856924533844,
    0.5045310854911804
   ],
   [
    0.021068690344691277,
    0.5040990114212036,
    0.8633888363838196
   ],
   [
    -0.9993146657943726,
    0.03690683841705322,
    0.002837137784808874
   ]
  ]
 },
 {
  "rotation_euler": [
   1.3153200149536133,
   1.5321789979934692,
   1.1515976190567017
  ],
  "euler_order": "XYZ",
  "rotation_matrix": [
   [
    0.015714453533291817,
    0.16269832849502563,
    0.9865506887435913
   ],
   [
    0.03526489436626434,
    0.9859684705734253,
    -0.16316403448581696
   ],
   [
    -0.9992544651031494,
    0.037354640662670135,
    0.009756416082382202
   ]
  ]
 },
 {
  "rotation_euler": [
   1.0917912721633911,
   -1.563447117805481,
   -0.8935191631317139
  ],
  "euler_order": "XYZ",
  "rotation_matrix": [
   [
    0.0046055130660533905,
    -0.19696056842803955,
    -0.9804006218910217
   ],
   [
    -0.005727054085582495,
    0.9803897142410278,
    -0.19698528945446014
   ],
   [
    0.9999729990959167,
    0.006522025913000107,
    0.003387193661183119
   ]
  ]
 },
 {
  "rotation_euler": [
   1.0913389921188354,
   -1.563445806503296,
   -1.1077160835266113
  ],
  "euler_order": "XYZ",
  "rotation_matrix": [
   [
    0.003283492289483547,
    0.01638706587255001,
    -0.9998603463172913
   ],
   [
    -0.006576309911906719,
    0.9998444318771362,
    0.016365209594368935
   ],
   [
    0.9999729990959167,
    0.006521656643599272,
    0.003390748053789139
   ]
  ]
 },
 {
  "rotation_euler": [
   -1.8098310232162476,
   1.6092134714126587,
   -0.776922881603241
  ],
  "euler_order": "XYZ",
  "rotation_matrix": [
   [
    -0.02738753892481327,
    -0.8582813739776611,
    0.5124480724334717
   ],
   [
    0.026927195489406586,
    0.511820912361145,
    0.8586700558662415
   ],
   [
    -0.9992621541023254,
    0.037315648049116135,
    0.009093593806028366
   ]
  ]
 },
 {
  "rotation_euler": [
   1.4719510078430176,
   1.5336370468139648,
   -1.0070184469223022
  ],
  "euler_order": "XYZ",
  "rotation_matrix": [
   [
    0.01985272578895092,
    0.6148199439048767,
    -0.7884175777435303
   ],
   [
    -0.0314013697206974,
    -0.7878005504608154,
    -0.6151294708251953
   ],
   [
    -0.9993096590042114,
    0.0369693897664547,
    0.0036661988124251366
   ]
  ]
 },
 {
  "rotation_euler": [
   1.5411555767059326,
   1.5339653491973877,
   -0.056482139974832535
  ],
  "euler_order": "XYZ",
  "rotation_matrix": [
   [
    0.03676392883062363,
    0.9989629983901978,
    -0.026858234778046608
   ],
   [
    -0.0020787164103239775,
    -0.026799898594617844,
    -0.9996386766433716
   ],
   [
    -0.9993218183517456,
    0.03680647537112236,
    0.0010912911966443062
   ]
  ]
 },
 {
  "rotation_euler": [
   1.3096084594726562,
   1.5321091413497925,
   1.792419195175171
  ],
  "euler_order": "XYZ",
  "rotation_matrix": [
   [
    -0.008501828648149967,
    -0.4641115665435791,
    0.8857359290122986
   ],
   [
    0.037731561809778214,
    0.8849883079528809,
    0.4640819728374481
   ],
   [
    -0.9992517232894897,
    0.03736574575304985,
    0.009987634606659412
   ]
  ]
 }
]