[
 {
  "rotation_euler": [
   -8.776511094765738e-06,
   -1.0083978850161657e-05,
   1.727501630783081
  ],
  "euler_order": "XYZ",
  "rotation_matrix": [
   [
    -0.1560647338628769,
    -0.9877468347549438,
    -7.095217370078899e-06
   ],
   [
    0.9877468347549438,
    -0.1560647338628769,
    -1.1330122106301133e-05
   ],
   [
    1.0083978850161657e-05,
    -8.776511094765738e-06,
    1.0
   ]
  ]
 },
 {
  "rotation_euler": [
   -4.0559506864212835e-09,
   -8.786459559928517e-09,
   0.1719759702682495
  ],
  "euler_order": "XYZ",
  "rotation_matrix": [
   [
    0.9852485656738281,
    -0.171129509806633,
    -9.350939578212092e-09
   ],
   [
    0.171129509806633,
    0.9852485656738281,
    2.4924970976059058e-09
   ],
   [
    8.786459559928517e-09,
    -4.0559506864212835e-09,
    1.0
   ]
  ]
 },
 {
  "rotation_euler": [
   1.5266464004071167e-07,
   -2.420079958653787e-08,
   -0.048975806683301926
  ],
  "euler_order": "XYZ",
  "rotation_matrix": [
   [
    0.9988009333610535,
    0.04895623028278351,
    -3.1645665643509346e-08
   ],
   [
    -0.04895623028278351,
    0.9988009333610535,
    -1.5129680264180934e-07
   ],
   [
    2.420079958653787e-08,
    1.5266464004071167e-07,
    1.0
   ]
  ]
 },
 {
  "rotation_euler": [
   -2.7034303684558836e-08,
   1.4803844816668743e-09,
   1.891461730003357
  ],
  "euler_order": "XYZ",
  "rotation_matrix": [
   [
    -0.3151981234550476,
    -0.9490258693695068,
    -2.6122869201117283e-08
   ],
   [
    0.9490258693695068,
    -0.3151981234550476,
    -7.116238265325592e-09
   ],
   [
    -1.4803844816668743e-09,
    -2.7034303684558836e-08,
    1.0
   ]
  ]
 },
 {
  "rotation_euler": [
   -1.823454098826005e-08,
   -1.0705014652501177e-08,
   0.6523118019104004
  ],
  "euler_order": "XYZ",
  "rotation_matrix": [
   [
    0.7946826219558716,
    -0.607025146484375,
    -1.9575914222969004e-08
   ],
   [
    0.607025146484375,
    0.7946826219558716,
    7.992459138961294e-09
   ],
   [
    1.0705014652501177e-08,
    -1.823454098826005e-08,
    1.0
   ]
  ]
 },
 {
  "rotation_euler": [
   -3.70714658970428e-08,
   -2.860690173633884e-08,
   2.98860764503479
  ],
  "euler_order": "XYZ",
  "rotation_matrix": [
   [
    -0.9883205890655518,
    -0.15238894522190094,
    2.2623508399988168e-08
   ],
   [
    0.15238894522190094,
    -0.9883205890655518,
    -4.099786821143425e-08
   ],
   [
    2.860690173633884e-08,
    -3.70714658970428e-08,
    1.0
   ]
  ]
 },
 {
  "rotation_euler": [
   1.1918383279407863e-05,
   6.018314252287382e-06,
   0.7472472190856934
  ],
  "euler_order": "XYZ",
  "rotation_matrix": [
   [
    0.7335624694824219,
    -0.6796219944953918,
    1.2514805348473601e-05
   ],
   [
    0.6796219944953918,
    0.7335624694824219,
    -4.6527002268703654e-06
   ],
   [
    -6.018314252287382e-06,
    1.1918383279407863e-05,
    1.0
   ]
  ]
 },
 {
  "rotation_euler": [
   -1.6758402807681705e-06,
   5.830503635451123e-09,
   2.7957029342651367
  ],
  "euler_order": "XYZ",
  "rotation_matrix": [
   [
    -0.9407742023468018,
    -0.339033842086792,
    -5.73651732338476e-07
   ],
   [
    0.339033842086792,
    -0.9407742023468018,
    -1.5746105646030628e-06
   ],
   [
    -5.830503635451123e-09,
    -1.6758402807681705e-06,
    1.0
   ]
  ]
 },
 {
  "rotation_euler": [
   4.60093531273742e-07,
   4.899597172425274e-08,
   0.5089637041091919
  ],
  "euler_order": "XYZ",
  "rotation_matrix": [
   [
    0.8732499480247498,
    -0.48727256059646606,
    2.66976684315523e-07
   ],
   [
    0.48727256059646606,
    0.8732499480247498,
    -3.77902267700847e-07
   ],
   [
    -4.899597172425274e-08,
    4.60093531273742e-07,
    1.0
   ]
  ]
 },
 {
  "rotation_euler": [
   -9.979402193494025e-08,
   7.911625132805966e-09,
   0.920691967010498
  ],
  "euler_order": "XYZ",
  "rotation_matrix": [
   [
    0.6052694916725159,
    -0.7960206270217896,
    -7.464943507784483e-08
   ],
   [
    0.7960206270217896,
    0.6052694916725159,
    6.670009611298156e-08
   ],
   [
    -7.911625132805966e-09,
    -9.979402193494025e-08,
    1.0
   ]
  ]
 },
 {
  "rotation_euler": [
   -1.9389821659387962e-07,
   -2.069007543070711e-08,
   0.1449110060930252
  ],
  "euler_order": "XYZ",
  "rotation_matrix": [
   [
    0.9895187616348267,
    -0.1444043666124344,
    -4.847296608545548e-08
   ],
   [
    0.1444043666124344,
    0.9895187616348267,
    1.8887818953317037e-07
   ],
   [
    2.069007543070711e-08,
    -1.9389821659387962e-07,
    1.0
   ]
  ]
 },
 {
  "rotation_euler": [
   -1.2786502168182778e-07,
   -1.0310687770243021e-07,
   0.5000646114349365
  ],
  "euler_order": "XYZ",
  "rotation_matrix": [
   [
    0.8775515556335449,
    -0.4794822335243225,
    -1.517906156323079e-07
   ],
   [
    0.4794822335243225,
    0.8775515556335449,
    6.277023345546695e-08
   ],
   [
    1.0310687770243021e-07,
    -1.2786502168182778e-07,
    1.0
   ]
  ]
 },
 {
  "rotation_euler": [
   9.702850745085811e-10,
   -5.024348714854909e-10,
   -0.5731936693191528
  ],
  "euler_order": "XYZ",
  "rotation_matrix": [
   [
    0.8401733040809631,
    0.5423180460929871,
    -9.483354102002295e-10
   ],
   [
    -0.5423180460929871,
    0.8401733040809631,
    -5.427280846959093e-10
   ],
   [
    5.024348714854909e-10,
    9.702850745085811e-10,
    1.0
   ]
  ]
 },
 {
  "rotation_euler": [
   -9.738122344060685e-07,
   -9.129055733581026e-09,
   2.932239294052124
  ],
  "euler_order": "XYZ",
  "rotation_matrix": [
   [
    -0.9781655073165894,
    -0.20782741904258728,
    -1.9345516477642377e-07
   ],
   [
    0.20782741904258728,
    -0.9781655073165894,
    -9.544468184685684e-07
   ],
   [
    9.129055733581026e-09,
    -9.738122344060685e-07,
    1.0
   ]
  ]
 },
 {
  "rotation_euler": [
   -3.632262348673976e-07,
   4.428482114349208e-08,
   1.8486381769180298
  ],
  "euler_order": "XYZ",
  "rotation_matrix": [
   [
    -0.2742809057235718,
    -0.9616495966911316,
    -3.61442857865768e-07
   ],
   [
    0.9616495966911316,
    -0.2742809057235718,
    -5.703953931401884e-08
   ],
   [
    -4.428482114349208e-08,
    -3.632262348673976e-07,
    1.0
   ]
  ]
 },
 {
  "rotation_euler": [
   1.5654475760129571e-07,
   -3.819867799847998e-08,
   -3.0563642978668213
  ],
  "euler_order": "XYZ",
  "rotation_matrix": [
   [
    -0.996370255947113,
    0.08512521535158157,
    2.4734120529501524e-08
   ],
   [
    -0.08512521535158157,
    -0.996370255947113,
    1.5922820750802202e-07
   ],
   [
    3.819867799847998e-08,
    1.5654475760129571e-07,
    1.0
   ]
  ]
 }
]