[
 {
  "rotation_euler": [
   -0.010962367989122868,
   -2.407594138276181e-06,
   2.7457547187805176
  ],
  "euler_order": "XYZ",
  "rotation_matrix": [
   [
    -0.9226738214492798,
    -0.3855583071708679,
    -0.004224579781293869
   ],
   [
    0.38558146357536316,
    -0.9226183295249939,
    -0.010115415789186954
   ],
   [
    2.407594138276181e-06,
    -0.010962148196995258,
    0.9999399185180664
   ]
  ]
 },
 {
  "rotation_euler": [
   -0.010959291830658913,
   -1.9508790956024313e-06,
   -0.733420729637146
  ],
  "euler_order": "XYZ",
  "rotation_matrix": [
   [
    0.742888867855072,
    0.6693745851516724,
    0.007334715686738491
   ],
   [
    -0.669414758682251,
    0.7428442239761353,
    0.008142678998410702
   ],
   [
    1.9508790956024313e-06,
    -0.010959072038531303,
    0.9999399185180664
   ]
  ]
 },
 {
  "rotation_euler": [
   -0.010963153094053268,
   -1.6735448298277333e-06,
   -2.730285406112671
  ],
  "euler_order": "XYZ",
  "rotation_matrix": [
   [
    -0.9165989756584167,
    0.3997838497161865,
    0.0043846010230481625
   ],
   [
    -0.3998079001903534,
    -0.9165439009666443,
    -0.010047944262623787
   ],
   [
    1.6735448298277333e-06,
    -0.01096293330192566,
    0.9999399185180664
   ]
  ]
 },
 {
  "rotation_euler": [
   -0.010958601720631123,
   -2.3605475689691957e-06,
   2.223365306854248
  ],
  "euler_order": "XYZ",
  "rotation_matrix": [
   [
    -0.6072295308113098,
    -0.7944787740707397,
    -0.008705291897058487
   ],
   [
    0.7945264577865601,
    -0.6071930527687073,
    -0.006656128913164139
   ],
   [
    2.3605475689691957e-06,
    -0.010958381928503513,
    0.9999399781227112
   ]
  ]
 },
 {
  "rotation_euler": [
   -0.010956495068967342,
   -2.588886900412035e-06,
   -0.14559386670589447
  ],
  "euler_order": "XYZ",
  "rotation_matrix": [
   [
    0.9894199371337891,
    0.1450713574886322,
    0.0015869755297899246
   ],
   [
    -0.14508004486560822,
    0.989360511302948,
    0.010840733535587788
   ],
   [
    2.588886900412035e-06,
    -0.010956276208162308,
    0.9999399781227112
   ]
  ]
 },
 {
  "rotation_euler": [
   -0.010962934233248234,
   -1.8910332073573954e-06,
   -2.6991002559661865
  ],
  "euler_order": "XYZ",
  "rotation_matrix": [
   [
    -0.9036872386932373,
    0.4281674027442932,
    0.004695868119597435
   ],
   [
    -0.4281931519508362,
    -0.9036329388618469,
    -0.00990605540573597
   ],
   [
    1.8910332073573954e-06,
    -0.010962714441120625,
    0.9999399185180664
   ]
  ]
 },
 {
  "rotation_euler": [
   -0.010970101691782475,
   -1.4902151406204212e-06,
   2.2366976737976074
  ],
  "euler_order": "XYZ",
  "rotation_matrix": [
   [
    -0.6177681684494019,
    -0.786312997341156,
    -0.00862535834312439
   ],
   [
    0.7863602638244629,
    -0.617730975151062,
    -0.006778015289455652
   ],
   [
    1.4902151406204212e-06,
    -0.010969881899654865,
    0.9999397993087769
   ]
  ]
 },
 {
  "rotation_euler": [
   -0.010962613858282566,
   -1.802092810976319e-06,
   -0.09845399856567383
  ],
  "euler_order": "XYZ",
  "rotation_matrix": [
   [
    0.9951573014259338,
    0.0982891321182251,
    0.00107575545553118
   ],
   [
    -0.09829501807689667,
    0.9950975179672241,
    0.010909483768045902
   ],
   [
    1.802092810976319e-06,
    -0.010962394066154957,
    0.9999399185180664
   ]
  ]
 },
 {
  "rotation_euler": [
   -0.010959439910948277,
   -2.6290501864423277e-06,
   2.550814390182495
  ],
  "euler_order": "XYZ",
  "rotation_matrix": [
   [
    -0.8305074572563171,
    -0.5569741129875183,
    -0.006102185230702162
   ],
   [
    0.5570075511932373,
    -0.8304575681686401,
    -0.009103178046643734
   ],
   [
    2.6290501864423277e-06,
    -0.010959220118820667,
    0.9999399185180664
   ]
  ]
 },
 {
  "rotation_euler": [
   -0.010963440872728825,
   -1.916288965730928e-06,
   0.13830894231796265
  ],
  "euler_order": "XYZ",
  "rotation_matrix": [
   [
    0.9904505610466003,
    -0.13786010444164276,
    -0.0015133797423914075
   ],
   [
    0.13786840438842773,
    0.9903910160064697,
    0.01085826475173235
   ],
   [
    1.916288965730928e-06,
    -0.010963221080601215,
    0.9999399185180664
   ]
  ]
 },
 {
  "rotation_euler": [
   -0.01095647644251585,
   -2.3185243662737776e-06,
   -2.677393674850464
  ],
  "euler_order": "XYZ",
  "rotation_matrix": [
   [
    -0.8941804766654968,
    0.4476797878742218,
    0.00490726251155138
   ],
   [
    -0.4477066993713379,
    -0.894126832485199,
    -0.009795833379030228
   ],
   [
    2.3185243662737776e-06,
    -0.010956257581710815,
    0.9999399781227112
   ]
  ]
 },
 {
  "rotation_euler": [
   -0.010962084867060184,
   -2.5696908778627403e-06,
   -1.4618408679962158
  ],
  "euler_order": "XYZ",
  "rotation_matrix": [
   [
    0.10874000936746597,
    0.9940105080604553,
    0.010896584950387478
   ],
   [
    -0.9940702319145203,
    0.10873345285654068,
    0.0011945476289838552
   ],
   [
    2.5696908778627403e-06,
    -0.010961865074932575,
    0.9999399185180664
   ]
  ]
 },
 {
  "rotation_euler": [
   -0.010958186350762844,
   -2.1313574052328477e-06,
   2.9907233715057373
  ],
  "euler_order": "XYZ",
  "rotation_matrix": [
   [
    -0.9886407852172852,
    -0.15028859674930573,
    -0.0016448490787297487
   ],
   [
    0.1502975970506668,
    -0.9885814189910889,
    -0.010833813808858395
   ],
   [
    2.1313574052328477e-06,
    -0.01095796748995781,
    0.9999399781227112
   ]
  ]
 },
 {
  "rotation_euler": [
   -0.010962646454572678,
   -2.8229048893990694e-06,
   0.016660669818520546
  ],
  "euler_order": "XYZ",
  "rotation_matrix": [
   [
    0.9998612403869629,
    -0.01665886677801609,
    -0.000185455268365331
   ],
   [
    0.016659898683428764,
    0.9998011589050293,
    0.010960858315229416
   ],
   [
    2.8229048893990694e-06,
    -0.010962426662445068,
    0.9999399185180664
   ]
  ]
 },
 {
  "rotation_euler": [
   -0.01096046157181263,
   -2.1943765204923693e-06,
   -2.652778387069702
  ],
  "euler_order": "XYZ",
  "rotation_matrix": [
   [
    -0.8828902840614319,
    0.46955111622810364,
    0.005148640833795071
   ],
   [
    -0.4695793390274048,
    -0.8828372359275818,
    -0.009675661101937294
   ],
   [
    2.1943765204923693e-06,
    -0.01096024177968502,
    0.9999399185180664
   ]
  ]
 },
 {
  "rotation_euler": [
   -0.010959467850625515,
   -2.23928668674489e-06,
   -0.5010315179824829
  ],
  "euler_order": "XYZ",
  "rotation_matrix": [
   [
    0.8770875334739685,
    0.48030170798301697,
    0.005262097809463739
   ],
   [
    -0.48033052682876587,
    0.8770349025726318,
    0.009613296017050743
   ],
   [
    2.23928668674489e-06,
    -0.010959248058497906,
    0.9999399185180664
   ]
  ]
 }
]