[
 {
  "rotation_euler": [
   0.013179117813706398,
   0.01177867129445076,
   -1.4139783382415771
  ],
  "euler_order": "XYZ",
  "rotation_matrix": [
   [
    0.1561651974916458,
    0.9876676797866821,
    -0.011177679523825645
   ],
   [
    -0.9876607060432434,
    0.15600915253162384,
    -0.013691061176359653
   ],
   [
    -0.011778399348258972,
    0.013177822344005108,
    0.9998437762260437
   ]
  ]
 },
 {
  "rotation_euler": [
   0.013166646473109722,
   0.01179411169141531,
   -0.463151216506958
  ],
  "euler_order": "XYZ",
  "rotation_matrix": [
   [
    0.8945868611335754,
    0.44686976075172424,
    0.004668144974857569
   ],
   [
    -0.44673848152160645,
    0.8945021629333496,
    -0.017047859728336334
   ],
   [
    -0.011793837882578373,
    0.013165350072085857,
    0.9998437762260437
   ]
  ]
 },
 {
  "rotation_euler": [
   0.013154259882867336,
   0.011805999092757702,
   1.5674651861190796
  ],
  "euler_order": "XYZ",
  "rotation_matrix": [
   [
    0.0033309024292975664,
    -0.9999074339866638,
    0.013193130493164062
   ],
   [
    0.9999247789382935,
    0.0034861364401876926,
    0.011760820634663105
   ],
   [
    -0.011805725283920765,
    0.013152963481843472,
    0.9998437762260437
   ]
  ]
 },
 {
  "rotation_euler": [
   0.013160228729248047,
   0.011812095530331135,
   -2.404240846633911
  ],
  "euler_order": "XYZ",
  "rotation_matrix": [
   [
    -0.7401999831199646,
    0.6721566319465637,
    -0.01759072206914425
   ],
   [
    -0.6722830533981323,
    -0.7402920126914978,
    0.0018008461920544505
   ],
   [
    -0.011811820790171623,
    0.013158930465579033,
    0.9998436570167542
   ]
  ]
 },
 {
  "rotation_euler": [
   -0.5900186896324158,
   -2.18546199798584,
   1.3964468240737915
  ],
  "euler_order": "XYZ",
  "rotation_matrix": [
   [
    -0.10003620386123657,
    -0.739484965801239,
    -0.6656987071037292
   ],
   [
    -0.5679426193237305,
    0.5917893052101135,
    -0.5720372200012207
   ],
   [
    0.8169662952423096,
    0.3208542466163635,
    -0.4791853725910187
   ]
  ]
 },
 {
  "rotation_euler": [
   0.01312794629484415,
   0.011779258027672768,
   0.6860247850418091
  ],
  "euler_order": "XYZ",
  "rotation_matrix": [
   [
    0.7737166285514832,
    -0.6332920789718628,
    0.01742931641638279
   ],
   [
    0.6334223747253418,
    0.7738015651702881,
    -0.002696775598451495
   ],
   [
    -0.01177898608148098,
    0.013126658275723457,
    0.9998444318771362
   ]
  ]
 },
 {
  "rotation_euler": [
   0.8357113003730774,
   -2.3251442909240723,
   0.5531960129737854
  ],
  "euler_order": "XYZ",
  "rotation_matrix": [
   [
    -0.5826734900474548,
    -0.8122875094413757,
    -0.026088256388902664
   ],
   [
    -0.35980743169784546,
    0.2866156995296478,
    -0.8879133462905884
   ],
   [
    0.7287182211875916,
    -0.507976770401001,
    -0.4592704474925995
   ]
  ]
 },
 {
  "rotation_euler": [
   0.01317530870437622,
   0.011778533458709717,
   2.141559600830078
  ],
  "euler_order": "XYZ",
  "rotation_matrix": [
   [
    -0.5402370095252991,
    -0.8414996266365051,
    0.004723612684756517
   ],
   [
    0.8414304852485657,
    -0.5400969982147217,
    0.01702849194407463
   ],
   [
    -0.011778261512517929,
    0.01317401323467493,
    0.9998438358306885
   ]
  ]
 },
 {
  "rotation_euler": [
   0.013157668523490429,
   0.011813395656645298,
   1.7826372385025024
  ],
  "euler_order": "XYZ",
  "rotation_matrix": [
   [
    -0.21024534106254578,
    -0.9775935411453247,
    0.010379551909863949
   ],
   [
    0.977577269077301,
    -0.21008986234664917,
    0.014314496889710426
   ],
   [
    -0.011813120916485786,
    0.01315637119114399,
    0.9998436570167542
   ]
  ]
 },
 {
  "rotation_euler": [
   0.013157711364328861,
   0.011813310906291008,
   1.0929419994354248
  ],
  "euler_order": "XYZ",
  "rotation_matrix": [
   [
    0.45984283089637756,
    -0.8878353834152222,
    0.01711554452776909
   ],
   [
    0.8879217505455017,
    0.45997312664985657,
    0.004438148811459541
   ],
   [
    -0.011813036166131496,
    0.013156414031982422,
    0.9998436570167542
   ]
  ]
 },
 {
  "rotation_euler": [
   0.01314921397715807,
   0.0118043702095747,
   0.9902544021606445
  ],
  "euler_order": "XYZ",
  "rotation_matrix": [
   [
    0.5484389662742615,
    -0.8360081315040588,
    0.017468320205807686
   ],
   [
    0.8361072540283203,
    0.5485595464706421,
    0.002657489385455847
   ],
   [
    -0.011804096400737762,
    0.01314791850745678,
    0.9998438954353333
   ]
  ]
 },
 {
  "rotation_euler": [
   0.013157579116523266,
   0.011813310906291008,
   1.5813502073287964
  ],
  "euler_order": "XYZ",
  "rotation_matrix": [
   [
    -0.010552948340773582,
    -0.9998593926429749,
    0.01303180679678917
   ],
   [
    0.9998745322227478,
    -0.010397353209555149,
    0.01195021253079176
   ],
   [
    -0.011813036166131496,
    0.013156281784176826,
    0.9998436570167542
   ]
  ]
 },
 {
  "rotation_euler": [
   0.013157672248780727,
   0.01181337796151638,
   -1.0560144186019897
  ],
  "euler_order": "XYZ",
  "rotation_matrix": [
   [
    0.49231067299842834,
    0.8704013228416443,
    -0.005636489950120449
   ],
   [
    -0.8703393936157227,
    0.4921671450138092,
    -0.01675916463136673
   ],
   [
    -0.011813103221356869,
    0.013156374916434288,
    0.9998436570167542
   ]
  ]
 },
 {
  "rotation_euler": [
   0.013156695291399956,
   0.011813908815383911,
   0.04049178212881088
  ],
  "euler_order": "XYZ",
  "rotation_matrix": [
   [
    0.9991105794906616,
    -0.040321916341781616,
    0.01233550626784563
   ],
   [
    0.04047789424657822,
    0.9991001486778259,
    -0.012667348608374596
   ],
   [
    -0.0118136340752244,
    0.013155397959053516,
    0.9998436570167542
   ]
  ]
 },
 {
  "rotation_euler": [
   0.01314859464764595,
   0.011761297471821308,
   -2.104252576828003
  ],
  "euler_order": "XYZ",
  "rotation_matrix": [
   [
    -0.5084772109985352,
    0.8609015941619873,
    -0.017301443964242935
   ],
   [
    -0.8609951138496399,
    -0.5086016058921814,
    -0.003439980559051037
   ],
   [
    -0.011761026456952095,
    0.013147306628525257,
    0.9998443722724915
   ]
  ]
 },
 {
  "rotation_euler": [
   -2.0304715633392334,
   -0.4242853820323944,
   0.6619870662689209
  ],
  "euler_order": "XYZ",
  "rotation_matrix": [
   [
    0.718834400177002,
    0.5637167692184448,
    -0.4068174958229065
   ],
   [
    0.5601831674575806,
    -0.12316429615020752,
    0.8191613554954529
   ],
   [
    0.41166964173316956,
    -0.816733717918396,
    -0.4043194055557251
   ]
  ]
 }
]