[
 {
  "rotation_euler": [
   -4.1093338950304314e-05,
   9.822509809964686e-07,
   1.8578768968582153
  ],
  "euler_order": "XYZ",
  "rotation_matrix": [
   [
    -0.2831534743309021,
    -0.9590746164321899,
    -3.968970486312173e-05
   ],
   [
    0.9590746164321899,
    -0.2831534743309021,
    -1.0693670446926262e-05
   ],
   [
    -9.822509809964686e-07,
    -4.1093338950304314e-05,
    1.0
   ]
  ]
 },
 {
  "rotation_euler": [
   -4.105507832719013e-05,
   9.582605571267777e-07,
   2.454240322113037
  ],
  "euler_order": "XYZ",
  "rotation_matrix": [
   [
    -0.7729286551475525,
    -0.6344929337501526,
    -2.6789824914885685e-05
   ],
   [
    0.6344929337501526,
    -0.7729286551475525,
    -3.112463673460297e-05
   ],
   [
    -9.582605571267777e-07,
    -4.105507832719013e-05,
    1.0
   ]
  ]
 },
 {
  "rotation_euler": [
   -4.1232011426473036e-05,
   -1.3341897329155472e-06,
   2.3080594539642334
  ],
  "euler_order": "XYZ",
  "rotation_matrix": [
   [
    -0.6722642779350281,
    -0.7403112053871155,
    -2.9627593903569505e-05
   ],
   [
    0.7403112053871155,
    -0.6722642779350281,
    -2.8706524972221814e-05
   ],
   [
    1.3341897329155472e-06,
    -4.1232011426473036e-05,
    1.0
   ]
  ]
 },
 {
  "rotation_euler": [
   -4.259771230863407e-05,
   -2.425514821879915e-06,
   1.3862099647521973
  ],
  "euler_order": "XYZ",
  "rotation_matrix": [
   [
    0.18353994190692902,
    -0.9830122590065002,
    -4.231925049680285e-05
   ],
   [
    0.9830122590065002,
    0.18353994190692902,
    5.434070772025734e-06
   ],
   [
    2.425514821879915e-06,
    -4.259771230863407e-05,
    1.0
   ]
  ]
 },
 {
  "rotation_euler": [
   -4.15137255913578e-05,
   -8.417869139520917e-07,
   -0.2668558955192566
  ],
  "euler_order": "XYZ",
  "rotation_matrix": [
   [
    0.9646047353744507,
    0.2636999189853668,
    1.0135174306924455e-05
   ],
   [
    -0.2636999189853668,
    0.9646047353744507,
    4.0266317228088155e-05
   ],
   [
    8.417869139520917e-07,
    -4.15137255913578e-05,
    1.0
   ]
  ]
 },
 {
  "rotation_euler": [
   -4.0764138248050585e-05,
   1.9205870103178313e-06,
   -2.0841004848480225
  ],
  "euler_order": "XYZ",
  "rotation_matrix": [
   [
    -0.49105826020240784,
    0.8711267113685608,
    3.456760896369815e-05
   ],
   [
    -0.8711267113685608,
    -0.49105826020240784,
    -2.1690641005989164e-05
   ],
   [
    -1.9205870103178313e-06,
    -4.0764138248050585e-05,
    1.0
   ]
  ]
 },
 {
  "rotation_euler": [
   -4.045315654366277e-05,
   -9.319741366198286e-06,
   -2.789120674133301
  ],
  "euler_order": "XYZ",
  "rotation_matrix": [
   [
    -0.938522219657898,
    0.34521886706352234,
    2.271197627123911e-05
   ],
   [
    -0.34521886706352234,
    -0.938522219657898,
    -3.474883487797342e-05
   ],
   [
    9.319741366198286e-06,
    -4.045315654366277e-05,
    1.0
   ]
  ]
 },
 {
  "rotation_euler": [
   -4.092929884791374e-05,
   1.3673995908902725e-06,
   0.7238033413887024
  ],
  "euler_order": "XYZ",
  "rotation_matrix": [
   [
    0.7492924332618713,
    -0.6622392535209656,
    -2.6080406314576976e-05
   ],
   [
    0.6622392535209656,
    0.7492924332618713,
    3.157355968141928e-05
   ],
   [
    -1.3673995908902725e-06,
    -4.092929884791374e-05,
    1.0
   ]
  ]
 },
 {
  "rotation_euler": [
   -4.080055805388838e-05,
   -1.8676740864975727e-06,
   -2.630946636199951
  ],
  "euler_order": "XYZ",
  "rotation_matrix": [
   [
    -0.8724289536476135,
    0.4887409508228302,
    2.157031667593401e-05
   ],
   [
    -0.4887409508228302,
    -0.8724289536476135,
    -3.468278009677306e-05
   ],
   [
    1.8676740864975727e-06,
    -4.080055805388838e-05,
    1.0
   ]
  ]
 },
 {
  "rotation_euler": [
   -4.106770211365074e-05,
   7.870345370974974e-07,
   0.747104287147522
  ],
  "euler_order": "XYZ",
  "rotation_matrix": [
   [
    0.7336596250534058,
    -0.6795171499252319,
    -2.7328791475156322e-05
   ],
   [
    0.6795171499252319,
    0.7336596250534058,
    3.066451972699724e-05
   ],
   [
    -7.870345370974974e-07,
    -4.106770211365074e-05,
    1.0
   ]
  ]
 },
 {
  "rotation_euler": [
   -4.1316085116704926e-05,
   -1.2304061556278612e-06,
   -2.9811148643493652
  ],
  "euler_order": "XYZ",
  "rotation_matrix": [
   [
    -0.987151026725769,
    0.15978987514972687,
    7.816488505341113e-06
   ],
   [
    -0.15978987514972687,
    -0.987151026725769,
    -4.058860940858722e-05
   ],
   [
    1.2304061556278612e-06,
    -4.1316085116704926e-05,
    1.0
   ]
  ]
 },
 {
  "rotation_euler": [
   -4.0901239117374644e-05,
   1.4670642940473044e-06,
   1.0019011497497559
  ],
  "euler_order": "XYZ",
  "rotation_matrix": [
   [
    0.538701593875885,
    -0.8424966335296631,
    -3.366884629940614e-05
   ],
   [
    0.8424966335296631,
    0.538701593875885,
    2.3269558369065635e-05
   ],
   [
    -1.4670642940473044e-06,
    -4.0901239117374644e-05,
    1.0
   ]
  ]
 },
 {
  "rotation_euler": [
   -4.0874620026443154e-05,
   1.7552920326124877e-06,
   2.385467290878296
  ],
  "euler_order": "XYZ",
  "rotation_matrix": [
   [
    -0.7274999022483826,
    -0.6861078143119812,
    -2.9321370675461367e-05
   ],
   [
    0.6861078143119812,
    -0.7274999022483826,
    -2.853196201613173e-05
   ],
   [
    -1.7552920326124877e-06,
    -4.0874620026443154e-05,
    1.0
   ]
  ]
 },
 {
  "rotation_euler": [
   -4.143444311921485e-05,
   1.9665167201310396e-06,
   -0.2553657293319702
  ],
  "euler_order": "XYZ",
  "rotation_matrix": [
   [
    0.967570960521698,
    0.25259929895401,
    1.2369055184535682e-05
   ],
   [
    -0.25259929895401,
    0.967570960521698,
    3.9594022382516414e-05
   ],
   [
    -1.9665167201310396e-06,
    -4.143444311921485e-05,
    1.0
   ]
  ]
 },
 {
  "rotation_euler": [
   -4.1484483517706394e-05,
   3.5397956565930144e-08,
   0.41615793108940125
  ],
  "euler_order": "XYZ",
  "rotation_matrix": [
   [
    0.9146488308906555,
    -0.40424931049346924,
    -1.6737696569180116e-05
   ],
   [
    0.40424931049346924,
    0.9146488308906555,
    3.795804514084011e-05
   ],
   [
    -3.5397956565930144e-08,
    -4.1484483517706394e-05,
    1.0
   ]
  ]
 },
 {
  "rotation_euler": [
   -2.9741473554167897e-05,
   1.1132254257972818e-05,
   -1.007071614265442
  ],
  "euler_order": "XYZ",
  "rotation_matrix": [
   [
    0.5343382954597473,
    0.8452706933021545,
    3.108798773610033e-05
   ],
   [
    -0.8452706933021545,
    0.5343382954597473,
    6.482239314209437e-06
   ],
   [
    -1.1132254257972818e-05,
    -2.9741473554167897e-05,
    1.0
   ]
  ]
 }
]