[
 {
  "rotation_euler": [
   -2.6022489070892334,
   -0.4662373661994934,
   1.3801535367965698
  ],
  "euler_order": "XYZ",
  "rotation_matrix": [
   [
    0.1692650467157364,
    0.8862470984458923,
    -0.4311790466308594
   ],
   [
    0.8770824074745178,
    0.06409180909395218,
    0.4760448634624481
   ],
   [
    0.44952845573425293,
    -0.45875731110572815,
    -0.7664632201194763
   ]
  ]
 },
 {
  "rotation_euler": [
   -2.5896215438842773,
   -0.44032469391822815,
   -0.3656499683856964
  ],
  "euler_order": "XYZ",
  "rotation_matrix": [
   [
    0.8448107242584229,
    -0.0957295298576355,
    0.5264320373535156
   ],
   [
    -0.3234502673149109,
    -0.8751164674758911,
    0.3599320650100708
   ],
   [
    0.4262332022190094,
    -0.4743490517139435,
    -0.7702715396881104
   ]
  ]
 },
 {
  "rotation_euler": [
   -2.5744404792785645,
   -0.40817511081695557,
   -0.19943736493587494
  ],
  "euler_order": "XYZ",
  "rotation_matrix": [
   [
    0.8996533155441284,
    0.04191995784640312,
    0.43458783626556396
   ],
   [
    -0.18184185028076172,
    -0.8689638376235962,
    0.4602557420730591
   ],
   [
    0.39693501591682434,
    -0.49309688806533813,
    -0.7741434574127197
   ]
  ]
 },
 {
  "rotation_euler": [
   0.7059373259544373,
   -3.099073648452759,
   0.30376192927360535
  ],
  "euler_order": "XYZ",
  "rotation_matrix": [
   [
    -0.953355610370636,
    -0.2539386749267578,
    0.16318170726299286
   ],
   [
    -0.2988416850566864,
    0.7179152965545654,
    -0.6287219524383545
   ],
   [
    0.04250619560480118,
    -0.6481611132621765,
    -0.760316014289856
   ]
  ]
 },
 {
  "rotation_euler": [
   0.722975492477417,
   3.1154048442840576,
   0.1859714537858963
  ],
  "euler_order": "XYZ",
  "rotation_matrix": [
   [
    -0.9824201464653015,
    -0.12162084132432938,
    0.14163005352020264
   ],
   [
    -0.1848379224538803,
    0.7401142716407776,
    -0.6465801000595093
   ],
   [
    -0.026184815913438797,
    -0.6613919138908386,
    -0.7495833039283752
   ]
  ]
 },
 {
  "rotation_euler": [
   -2.450817584991455,
   -0.09097316861152649,
   0.05455018952488899
  ],
  "euler_order": "XYZ",
  "rotation_matrix": [
   [
    0.9943834543228149,
    0.09981999546289444,
    0.03517837077379227
   ],
   [
    0.05429767444729805,
    -0.7664499878883362,
    0.6400048136711121
   ],
   [
    0.09084773808717728,
    -0.6345000863075256,
    -0.7675651907920837
   ]
  ]
 },
 {
  "rotation_euler": [
   -2.5080223083496094,
   -0.2582785189151764,
   1.4874093532562256
  ],
  "euler_order": "XYZ",
  "rotation_matrix": [
   [
    0.08052772283554077,
    0.8157132267951965,
    -0.5728239417076111
   ],
   [
    0.9634716510772705,
    0.08356251567602158,
    0.2544398307800293
   ],
   [
    0.25541654229164124,
    -0.5723890662193298,
    -0.7791875004768372
   ]
  ]
 },
 {
  "rotation_euler": [
   -2.549649238586426,
   -0.35370519757270813,
   -1.5832923650741577
  ],
  "euler_order": "XYZ",
  "rotation_matrix": [
   [
    -0.011722175404429436,
    -0.8322080969810486,
    0.5543394684791565
   ],
   [
    -0.9380224943161011,
    -0.1828843355178833,
    -0.2943927049636841
   ],
   [
    0.3463760018348694,
    -0.5234338045120239,
    -0.7784861326217651
   ]
  ]
 },
 {
  "rotation_euler": [
   0.5553820729255676,
   -2.7083840370178223,
   -1.16581130027771
  ],
  "euler_order": "XYZ",
  "rotation_matrix": [
   [
    -0.35760819911956787,
    0.693756639957428,
    -0.625154435634613
   ],
   [
    0.8342042565345764,
    0.5382204651832581,
    0.12009149044752121
   ],
   [
    0.41978517174720764,
    -0.47856080532073975,
    -0.771206796169281
   ]
  ]
 },
 {
  "rotation_euler": [
   -2.4192662239074707,
   0.015462934970855713,
   -0.1278865933418274
  ],
  "euler_order": "XYZ",
  "rotation_matrix": [
   [
    0.9917150735855103,
    -0.10582725703716278,
    0.07281345874071121
   ],
   [
    -0.1275230348110199,
    -0.7428389191627502,
    0.6572124361991882
   ],
   [
    -0.015462318435311317,
    -0.6610528826713562,
    -0.7501800060272217
   ]
  ]
 },
 {
  "rotation_euler": [
   -2.611776351928711,
   -0.4853099286556244,
   1.3036595582962036
  ],
  "euler_order": "XYZ",
  "rotation_matrix": [
   [
    0.2334902435541153,
    0.8945241570472717,
    -0.38119393587112427
   ],
   [
    0.8531566858291626,
    -0.00039374016341753304,
    0.5216545462608337
   ],
   [
    0.4664825201034546,
    -0.44701942801475525,
    -0.7632611989974976
   ]
  ]
 },
 {
  "rotation_euler": [
   0.6668304204940796,
   -2.975839853286743,
   0.20792457461357117
  ],
  "euler_order": "XYZ",
  "rotation_matrix": [
   [
    -0.9650510549545288,
    -0.26206058263778687,
    0.0008182461024262011
   ],
   [
    -0.20360039174556732,
    0.7477953433990479,
    -0.6319406628608704
   ],
   [
    0.16499486565589905,
    -0.6100215911865234,
    -0.7750163674354553
   ]
  ]
 },
 {
  "rotation_euler": [
   -2.353006362915039,
   0.1998981237411499,
   1.085924744606018
  ],
  "euler_order": "XYZ",
  "rotation_matrix": [
   [
    0.4568133056163788,
    0.5579516887664795,
    -0.6928285956382751
   ],
   [
    0.8671169281005859,
    -0.4531472325325012,
    0.20679903030395508
   ],
   [
    -0.19856949150562286,
    -0.6952319741249084,
    -0.6908130645751953
   ]
  ]
 },
 {
  "rotation_euler": [
   0.031368084251880646,
   -0.06396932154893875,
   -2.351233959197998
  ],
  "euler_order": "XYZ",
  "rotation_matrix": [
   [
    -0.7021514177322388,
    0.7116667628288269,
    0.022668704390525818
   ],
   [
    -0.7091522812843323,
    -0.701819658279419,
    0.06747028976678848
   ],
   [
    0.06392570585012436,
    0.031298793852329254,
    0.9974637031555176
   ]
  ]
 },
 {
  "rotation_euler": [
   0.03124944679439068,
   -0.06366842240095139,
   -2.018549919128418
  ],
  "euler_order": "XYZ",
  "rotation_matrix": [
   [
    -0.4320644736289978,
    0.901842474937439,
    -0.0006317075458355248
   ],
   [
    -0.8995954990386963,
    -0.43093833327293396,
    0.07085233181715012
   ],
   [
    0.06362541764974594,
    0.031181056052446365,
    0.9974865913391113
   ]
  ]
 },
 {
  "rotation_euler": [
   0.887820839881897,
   2.545332908630371,
   -0.47949397563934326
  ],
  "euler_order": "XYZ",
  "rotation_matrix": [
   [
    -0.7341299057006836,
    0.6776192784309387,
    -0.0434216670691967
   ],
   [
    0.38172394037246704,
    0.35898035764694214,
    -0.8517158627510071
   ],
   [
    -0.561551570892334,
    -0.641845166683197,
    -0.5222017168998718
   ]
  ]
 }
]