[
 {
  "rotation_euler": [
   -1.7089686821236683e-07,
   -5.411094150531426e-08,
   -0.3137841820716858
  ],
  "euler_order": "XYZ",
  "rotation_matrix": [
   [
    0.9511723518371582,
    0.30866023898124695,
    1.2802378046572471e-09
   ],
   [
    -0.30866023898124695,
    0.9511723518371582,
    1.7925427187037712e-07
   ],
   [
    5.411094150531426e-08,
    -1.7089686821236683e-07,
    1.0
   ]
  ]
 },
 {
  "rotation_euler": [
   1.728615984575299e-06,
   -1.9387712200114038e-06,
   -1.5864959955215454
  ],
  "euler_order": "XYZ",
  "rotation_matrix": [
   [
    -0.015699023380875587,
    0.9998767375946045,
    -1.6979661268123891e-06
   ],
   [
    -0.9998767375946045,
    -0.015699023380875587,
    1.965669980563689e-06
   ],
   [
    1.9387712200114038e-06,
    1.728615984575299e-06,
    1.0
   ]
  ]
 },
 {
  "rotation_euler": [
   6.3932230887076e-07,
   -3.044841889732197e-07,
   -2.120225191116333
  ],
  "euler_order": "XYZ",
  "rotation_matrix": [
   [
    -0.5222002267837524,
    0.8528228998184204,
    -3.8622698639301234e-07
   ],
   [
    -0.8528228998184204,
    -0.5222002267837524,
    5.935253284405917e-07
   ],
   [
    3.044841889732197e-07,
    6.3932230887076e-07,
    1.0
   ]
  ]
 },
 {
  "rotation_euler": [
   -4.989680491007675e-08,
   -3.6601882413833664e-08,
   -2.0928735733032227
  ],
  "euler_order": "XYZ",
  "rotation_matrix": [
   [
    -0.4986817240715027,
    0.8667851686477661,
    6.15024973171785e-08
   ],
   [
    -0.8667851686477661,
    -0.4986817240715027,
    6.843343225426679e-09
   ],
   [
    3.6601882413833664e-08,
    -4.989680491007675e-08,
    1.0
   ]
  ]
 },
 {
  "rotation_euler": [
   4.672238719649613e-05,
   0.00020515569485723972,
   1.3590610027313232
  ],
  "euler_order": "XYZ",
  "rotation_matrix": [
   [
    0.21015678346157074,
    -0.9776676893234253,
    8.879382949089631e-05
   ],
   [
    0.9776676893234253,
    0.21015679836273193,
    0.00019075506133958697
   ],
   [
    -0.00020515569485723972,
    4.672238719649613e-05,
    1.0
   ]
  ]
 },
 {
  "rotation_euler": [
   2.2133963284431957e-06,
   -1.2510292890510755e-07,
   1.968745231628418
  ],
  "euler_order": "XYZ",
  "rotation_matrix": [
   [
    -0.38752833008766174,
    -0.9218577742576599,
    2.0889176539640175e-06
   ],
   [
    0.9218577742576599,
    -0.38752833008766174,
    7.424267209898971e-07
   ],
   [
    1.2510292890510755e-07,
    2.2133963284431957e-06,
    1.0
   ]
  ]
 },
 {
  "rotation_euler": [
   2.6674160835682414e-07,
   -1.973301237967462e-07,
   -2.556459665298462
  ],
  "euler_order": "XYZ",
  "rotation_matrix": [
   [
    -0.8336386680603027,
    0.5523102283477783,
    1.7177891109554366e-08
   ],
   [
    -0.5523102283477783,
    -0.8336386680603027,
    3.313535614779539e-07
   ],
   [
    1.973301237967462e-07,
    2.6674160835682414e-07,
    1.0
   ]
  ]
 },
 {
  "rotation_euler": [
   -6.098673566157231e-06,
   -1.2548284757940564e-05,
   -2.824004888534546
  ],
  "euler_order": "XYZ",
  "rotation_matrix": [
   [
    -0.9499914646148682,
    0.31227585673332214,
    1.3825231690134387e-05
   ],
   [
    -0.31227585673332214,
    -0.9499914646148682,
    -1.875161274256243e-06
   ],
   [
    1.2548284757940564e-05,
    -6.098673566157231e-06,
    1.0
   ]
  ]
 },
 {
  "rotation_euler": [
   1.1290059376278805e-07,
   -1.0807263350898211e-07,
   -2.63077974319458
  ],
  "euler_order": "XYZ",
  "rotation_matrix": [
   [
    -0.872347354888916,
    0.4888865351676941,
    3.908129642127278e-08
   ],
   [
    -0.4888865351676941,
    -0.872347354888916,
    1.513237890549135e-07
   ],
   [
    1.0807263350898211e-07,
    1.1290059376278805e-07,
    1.0
   ]
  ]
 },
 {
  "rotation_euler": [
   1.0161372188122186e-07,
   -5.673362011293648e-07,
   2.877694845199585
  ],
  "euler_order": "XYZ",
  "rotation_matrix": [
   [
    -0.9653806090354919,
    -0.2608453929424286,
    5.742008397646714e-07
   ],
   [
    0.2608453929424286,
    -0.9653806090354919,
    -4.989112056819067e-08
   ],
   [
    5.673362011293648e-07,
    1.0161372188122186e-07,
    1.0
   ]
  ]
 },
 {
  "rotation_euler": [
   0.00012483376485761255,
   -0.0001543840189697221,
   2.940882444381714
  ],
  "euler_order": "XYZ",
  "rotation_matrix": [
   [
    -0.9799252152442932,
    -0.19936531782150269,
    0.00017617232515476644
   ],
   [
    0.19936533272266388,
    -0.9799252152442932,
    9.15489363251254e-05
   ],
   [
    0.0001543840189697221,
    0.00012483376485761255,
    1.0
   ]
  ]
 },
 {
  "rotation_euler": [
   8.788547489757548e-08,
   3.147744678244635e-07,
   1.5764461755752563
  ],
  "euler_order": "XYZ",
  "rotation_matrix": [
   [
    -0.0056498185731470585,
    -0.9999840259552002,
    8.610565060962472e-08
   ],
   [
    0.9999840259552002,
    -0.0056498185731470585,
    3.152659928673529e-07
   ],
   [
    -3.147744678244635e-07,
    8.788547489757548e-08,
    1.0
   ]
  ]
 },
 {
  "rotation_euler": [
   -7.89958676250535e-08,
   -1.6643880940137024e-07,
   -0.325872540473938
  ],
  "euler_order": "XYZ",
  "rotation_matrix": [
   [
    0.947371780872345,
    0.32013553380966187,
    -1.323900420402424e-07
   ],
   [
    -0.32013553380966187,
    0.947371780872345,
    1.2812142813345417e-07
   ],
   [
    1.6643880940137024e-07,
    -7.89958676250535e-08,
    1.0
   ]
  ]
 },
 {
  "rotation_euler": [
   -5.414624979493965e-07,
   9.190075900278316e-08,
   2.174736261367798
  ],
  "euler_order": "XYZ",
  "rotation_matrix": [
   [
    -0.5678898692131042,
    -0.8231045603752136,
    -4.978697347723937e-07
   ],
   [
    0.8231045603752136,
    -0.5678898692131042,
    -2.3184712460988521e-07
   ],
   [
    -9.190075900278316e-08,
    -5.414624979493965e-07,
    1.0
   ]
  ]
 },
 {
  "rotation_euler": [
   1.3470265969317552e-07,
   6.61254034639569e-07,
   -0.9592247009277344
  ],
  "euler_order": "XYZ",
  "rotation_matrix": [
   [
    0.5741549134254456,
    0.8187466859817505,
    2.693749081572605e-07
   ],
   [
    -0.8187466859817505,
    0.5741549134254456,
    -6.187397616486123e-07
   ],
   [
    -6.61254034639569e-07,
    1.3470265969317552e-07,
    1.0
   ]
  ]
 },
 {
  "rotation_euler": [
   1.9935214368160814e-07,
   -1.0488536190678133e-06,
   1.2242035865783691
  ],
  "euler_order": "XYZ",
  "rotation_matrix": [
   [
    0.33969512581825256,
    -0.9405356049537659,
    -1.6879268116554158e-07
   ],
   [
    0.9405356049537659,
    0.33969512581825256,
    -1.054203153216804e-06
   ],
   [
    1.0488536190678133e-06,
    1.9935214368160814e-07,
    1.0
   ]
  ]
 }
]