[
 {
  "rotation_euler": [
   -0.004004920367151499,
   -0.018284767866134644,
   2.060441017150879
  ],
  "euler_order": "XYZ",
  "rotation_matrix": [
   [
    -0.4702337384223938,
    -0.8825274109840393,
    0.005064671393483877
   ],
   [
    0.8823524713516235,
    -0.4702439606189728,
    -0.01801883801817894
   ],
   [
    0.018283748999238014,
    -0.004004240036010742,
    0.9998248219490051
   ]
  ]
 },
 {
  "rotation_euler": [
   0.12977473437786102,
   0.0011447527213022113,
   0.2882065773010254
  ],
  "euler_order": "XYZ",
  "rotation_matrix": [
   [
    0.9587545394897461,
    -0.28170108795166016,
    0.03787115216255188
   ],
   [
    0.284233033657074,
    0.9507351517677307,
    -0.12375060468912125
   ],
   [
    -0.0011447524884715676,
    0.12941068410873413,
    0.9915904402732849
   ]
  ]
 },
 {
  "rotation_euler": [
   1.5707980394363403,
   -0.00269496813416481,
   -0.21145035326480865
  ],
  "euler_order": "XYZ",
  "rotation_matrix": [
   [
    0.977724015712738,
    -0.0026353008579462767,
    -0.20987816154956818
   ],
   [
    -0.2098774015903473,
    0.0005639398004859686,
    -0.9777275323867798
   ],
   [
    0.002694964874535799,
    0.9999963641166687,
    -1.712635253170447e-06
   ]
  ]
 },
 {
  "rotation_euler": [
   0.012782971374690533,
   0.012224536389112473,
   1.7884563207626343
  ],
  "euler_order": "XYZ",
  "rotation_matrix": [
   [
    -0.2159292846918106,
    -0.9763594269752502,
    0.009841471910476685
   ],
   [
    0.9763324856758118,
    -0.21577520668506622,
    0.01469518058001995
   ],
   [
    -0.012224231846630573,
    0.012781668454408646,
    0.9998435974121094
   ]
  ]
 },
 {
  "rotation_euler": [
   1.5707786083221436,
   1.0444108247756958,
   1.4061627388000488
  ],
  "euler_order": "XYZ",
  "rotation_matrix": [
   [
    0.08234065026044846,
    0.141687273979187,
    0.9864810109138489
   ],
   [
    0.49561807513237,
    0.8529404997825623,
    -0.1638757735490799
   ],
   [
    -0.8646286725997925,
    0.502411425113678,
    8.901963155949488e-06
   ]
  ]
 },
 {
  "rotation_euler": [
   -0.014635373838245869,
   -0.011143351905047894,
   0.3671203553676605
  ],
  "euler_order": "XYZ",
  "rotation_matrix": [
   [
    0.933306872844696,
    -0.358738511800766,
    -0.015652358531951904
   ],
   [
    0.35890689492225647,
    0.9333233833312988,
    0.009660492651164532
   ],
   [
    0.011143120937049389,
    -0.014633942395448685,
    0.9998308420181274
   ]
  ]
 },
 {
  "rotation_euler": [
   -1.570924997329712,
   -1.2532305717468262,
   1.2470972537994385
  ],
  "euler_order": "XYZ",
  "rotation_matrix": [
   [
    0.09932070970535278,
    0.3022933602333069,
    -0.9480264186859131
   ],
   [
    0.29603809118270874,
    0.9006195664405823,
    0.3181915879249573
   ],
   [
    0.9499983191490173,
    -0.31225496530532837,
    -4.017801256850362e-05
   ]
  ]
 },
 {
  "rotation_euler": [
   -1.5709078311920166,
   -1.6147125959396362,
   -0.026735365390777588
  ],
  "euler_order": "XYZ",
  "rotation_matrix": [
   [
    -0.0438864640891552,
    0.9986758232116699,
    0.026843536645174026
   ],
   [
    0.001173600321635604,
    -0.026817871257662773,
    0.999639630317688
   ],
   [
    0.9990358352661133,
    0.04390215501189232,
    4.895283382211346e-06
   ]
  ]
 },
 {
  "rotation_euler": [
   -0.015376701951026917,
   -0.06485311686992645,
   0.18862175941467285
  ],
  "euler_order": "XYZ",
  "rotation_matrix": [
   [
    0.9801986813545227,
    -0.1865042895078659,
    -0.06653378158807755
   ],
   [
    0.18711109459400177,
    0.982334315776825,
    0.0029530366882681847
   ],
   [
    0.06480766832828522,
    -0.015343772247433662,
    0.9977797865867615
   ]
  ]
 },
 {
  "rotation_euler": [
   1.5707879066467285,
   0.25420907139778137,
   -0.5154638290405273
  ],
  "euler_order": "XYZ",
  "rotation_matrix": [
   [
    0.8421024680137634,
    0.2188078761100769,
    -0.4929366111755371
   ],
   [
    -0.47709664702415466,
    -0.1239568293094635,
    -0.8700652122497559
   ],
   [
    -0.25147998332977295,
    0.9678624868392944,
    8.149545465130359e-06
   ]
  ]
 },
 {
  "rotation_euler": [
   1.5708024501800537,
   -0.7914189696311951,
   -0.8773958683013916
  ],
  "euler_order": "XYZ",
  "rotation_matrix": [
   [
    0.4492223262786865,
    -0.45466920733451843,
    -0.7690742611885071
   ],
   [
    -0.5405355095863342,
    0.5470800399780273,
    -0.6391594409942627
   ],
   [
    0.7113512754440308,
    0.7028366327285767,
    -4.303739387978567e-06
   ]
  ]
 },
 {
  "rotation_euler": [
   -1.5708061456680298,
   -0.1878843605518341,
   -1.9744218587875366
  ],
  "euler_order": "XYZ",
  "rotation_matrix": [
   [
    -0.3858432471752167,
    -0.07336818426847458,
    0.9196423888206482
   ],
   [
    -0.903458833694458,
    -0.171767920255661,
    -0.39275678992271423
   ],
   [
    0.1867808997631073,
    -0.9824016094207764,
    -9.646076250646729e-06
   ]
  ]
 },
 {
  "rotation_euler": [
   -1.5707941055297852,
   -0.5387932062149048,
   -0.04839899390935898
  ],
  "euler_order": "XYZ",
  "rotation_matrix": [
   [
    0.857323408126831,
    0.5124998092651367,
    0.04837896302342415
   ],
   [
    -0.04152601957321167,
    -0.024821637198328972,
    0.9988290667533875
   ],
   [
    0.5131005644798279,
    -0.8583285212516785,
    1.9065752212554798e-06
   ]
  ]
 },
 {
  "rotation_euler": [
   -0.006097343750298023,
   -0.1814010590314865,
   -0.3928041458129883
  ],
  "euler_order": "XYZ",
  "rotation_matrix": [
   [
    0.9086808562278748,
    0.383789598941803,
    -0.16433081030845642
   ],
   [
    -0.37649980187416077,
    0.9234011173248291,
    0.07468824088573456
   ],
   [
    0.1804078221321106,
    -0.005997260566800833,
    0.9835736155509949
   ]
  ]
 },
 {
  "rotation_euler": [
   -1.5709666013717651,
   1.6361522674560547,
   -0.04461736977100372
  ],
  "euler_order": "XYZ",
  "rotation_matrix": [
   [
    -0.06524442881345749,
    -0.9968795776367188,
    0.04443282634019852
   ],
   [
    0.0029129679314792156,
    0.04433723911643028,
    0.9990123510360718
   ],
   [
    -0.9978650808334351,
    0.06530942022800446,
    1.1120534509245772e-05
   ]
  ]
 },
 {
  "rotation_euler": [
   -1.5707776546478271,
   -0.4540184736251831,
   -2.063415765762329
  ],
  "euler_order": "XYZ",
  "rotation_matrix": [
   [
    -0.42502331733703613,
    -0.20740379393100739,
    0.8811009526252747
   ],
   [
    -0.791834831237793,
    -0.3864407539367676,
    -0.4729282855987549
   ],
   [
    0.4385804235935211,
    -0.8986919522285461,
    1.678050830378197e-05
   ]
  ]
 }
]