[
 {
  "rotation_euler": [
   1.5707966089248657,
   0.5227554440498352,
   0.04525198042392731
  ],
  "euler_order": "XYZ",
  "rotation_matrix": [
   [
    0.8655597567558289,
    0.49875837564468384,
    0.04523639753460884
   ],
   [
    0.03919505327939987,
    0.0225849412381649,
    -0.9989762902259827
   ],
   [
    -0.4992694854736328,
    0.8664467334747314,
    -2.4445060375910543e-07
   ]
  ]
 },
 {
  "rotation_euler": [
   1.571460485458374,
   0.5241093635559082,
   -0.32901161909103394
  ],
  "euler_order": "XYZ",
  "rotation_matrix": [
   [
    0.8193319439888,
    0.4733847975730896,
    -0.32342228293418884
   ],
   [
    -0.27973705530166626,
    -0.16232526302337646,
    -0.946254551410675
   ],
   [
    -0.5004420876502991,
    0.8657698035240173,
    -0.0005750086274929345
   ]
  ]
 },
 {
  "rotation_euler": [
   1.1076044756919146e-05,
   8.964799235400278e-06,
   0.9432204961776733
  ],
  "euler_order": "XYZ",
  "rotation_matrix": [
   [
    0.5871842503547668,
    -0.8094533085823059,
    1.4229530279408209e-05
   ],
   [
    0.8094533085823059,
    0.5871842503547668,
    7.529076242462907e-07
   ],
   [
    -8.964799235400278e-06,
    1.1076044756919146e-05,
    1.0
   ]
  ]
 },
 {
  "rotation_euler": [
   -0.0001371003600070253,
   9.917653369484469e-05,
   -0.5048743486404419
  ],
  "euler_order": "XYZ",
  "rotation_matrix": [
   [
    0.8752352595329285,
    0.48369744420051575,
    0.00015311790048144758
   ],
   [
    -0.48369747400283813,
    0.8752352595329285,
    7.202362758107483e-05
   ],
   [
    -9.917653369484469e-05,
    -0.0001371003600070253,
    1.0
   ]
  ]
 },
 {
  "rotation_euler": [
   -7.566980912088184e-06,
   2.0266602405172307e-06,
   -2.7138214111328125
  ],
  "euler_order": "XYZ",
  "rotation_matrix": [
   [
    -0.9098926186561584,
    0.41484391689300537,
    1.2950727068528067e-06
   ],
   [
    -0.41484391689300537,
    -0.9098926186561584,
    -7.725887371634599e-06
   ],
   [
    -2.0266602405172307e-06,
    -7.566980912088184e-06,
    1.0
   ]
  ]
 },
 {
  "rotation_euler": [
   0.08256862312555313,
   0.6314019560813904,
   -1.9050853252410889
  ],
  "euler_order": "XYZ",
  "rotation_matrix": [
   [
    -0.26484063267707825,
    0.9254527688026428,
    -0.27091801166534424
   ],
   [
    -0.7625172138214111,
    -0.372967928647995,
    -0.5286420583724976
   ],
   [
    -0.5902770161628723,
    0.06657374650239944,
    0.8044507503509521
   ]
  ]
 },
 {
  "rotation_euler": [
   1.3336863958102185e-05,
   2.1820731490151957e-05,
   -0.9822590351104736
  ],
  "euler_order": "XYZ",
  "rotation_matrix": [
   [
    0.5551450252532959,
    0.8317536115646362,
    1.020685658659204e-06
   ],
   [
    -0.8317536115646362,
    0.5551450252532959,
    -2.5553365048835985e-05
   ],
   [
    -2.1820731490151957e-05,
    1.3336863958102185e-05,
    1.0
   ]
  ]
 },
 {
  "rotation_euler": [
   1.5682084560394287,
   0.45017775893211365,
   -0.4177122414112091
  ],
  "euler_order": "XYZ",
  "rotation_matrix": [
   [
    0.8229554295539856,
    0.39876171946525574,
    -0.40463986992836
   ],
   [
    -0.36525341868400574,
    -0.17415164411067963,
    -0.9144731760025024
   ],
   [
    -0.43512558937072754,
    0.9003667831420898,
    0.00233003799803555
   ]
  ]
 },
 {
  "rotation_euler": [
   1.5707964897155762,
   0.5227549076080322,
   -1.9068362712860107
  ],
  "euler_order": "XYZ",
  "rotation_matrix": [
   [
    -0.2857118844985962,
    -0.16463467478752136,
    -0.9440678954124451
   ],
   [
    -0.8179848194122314,
    -0.4713437855243683,
    0.329751193523407
   ],
   [
    -0.4992690086364746,
    0.8664470314979553,
    -1.4116213264969701e-07
   ]
  ]
 },
 {
  "rotation_euler": [
   7.564076440758072e-06,
   3.921213192370487e-06,
   -1.8999334573745728
  ],
  "euler_order": "XYZ",
  "rotation_matrix": [
   [
    -0.32322660088539124,
    0.9463216066360474,
    -8.42548888613237e-06
   ],
   [
    -0.9463216066360474,
    -0.32322660088539124,
    -1.2658180139624164e-06
   ],
   [
    -3.921213192370487e-06,
    7.564076440758072e-06,
    1.0
   ]
  ]
 },
 {
  "rotation_euler": [
   -1.570454478263855,
   0.4439428746700287,
   0.5183662176132202
  ],
  "euler_order": "XYZ",
  "rotation_matrix": [
   [
    0.7844293713569641,
    -0.3732488751411438,
    -0.49533408880233765
   ],
   [
    0.4474341869354248,
    -0.2125055491924286,
    0.8687025308609009
   ],
   [
    -0.429503470659256,
    -0.9030651450157166,
    0.0003087115183006972
   ]
  ]
 },
 {
  "rotation_euler": [
   -0.1061922162771225,
   0.37602105736732483,
   -1.2821481227874756
  ],
  "euler_order": "XYZ",
  "rotation_matrix": [
   [
    0.2647685408592224,
    0.942149817943573,
    0.20555123686790466
   ],
   [
    -0.8916531205177307,
    0.3203657567501068,
    -0.31987571716308594
   ],
   [
    -0.3672224283218384,
    -0.09858736395835876,
    0.9248936176300049
   ]
  ]
 },
 {
  "rotation_euler": [
   1.571500301361084,
   2.6752028465270996,
   0.3116050958633423
  ],
  "euler_order": "XYZ",
  "rotation_matrix": [
   [
    -0.8501834869384766,
    0.42822569608688354,
    0.30628544092178345
   ],
   [
    -0.27384257316589355,
    0.13719114661216736,
    -0.9519395232200623
   ],
   [
    -0.4496645927429199,
    -0.893197238445282,
    0.0006287882570177317
   ]
  ]
 },
 {
  "rotation_euler": [
   -1.5715198516845703,
   0.4182722568511963,
   1.2105085849761963
  ],
  "euler_order": "XYZ",
  "rotation_matrix": [
   [
    0.3221514821052551,
    -0.14251981675624847,
    -0.9358987808227539
   ],
   [
    0.855122447013855,
    -0.38035848736763,
    0.35226839780807495
   ],
   [
    -0.40618225932121277,
    -0.913791835308075,
    -0.0006611512508243322
   ]
  ]
 },
 {
  "rotation_euler": [
   -1.5707964897155762,
   0.5134896636009216,
   -0.23636512458324432
  ],
  "euler_order": "XYZ",
  "rotation_matrix": [
   [
    0.8468169569969177,
    -0.4775618016719818,
    0.23417028784751892
   ],
   [
    -0.20397073030471802,
    0.115028977394104,
    0.972195565700531
   ],
   [
    -0.4912198483943939,
    -0.871035635471344,
    -1.4190970887284493e-07
   ]
  ]
 },
 {
  "rotation_euler": [
   1.2303227777010761e-05,
   8.141490980051458e-06,
   2.795766830444336
  ],
  "euler_order": "XYZ",
  "rotation_matrix": [
   [
    -0.9407958388328552,
    -0.338973730802536,
    -3.4890099414042197e-06
   ],
   [
    0.338973730802536,
    -0.9407958388328552,
    1.4334576917462982e-05
   ],
   [
    -8.141490980051458e-06,
    1.2303227777010761e-05,
    1.0
   ]
  ]
 }
]