[
 {
  "rotation_euler": [
   1.3542819023132324,
   0.08706379681825638,
   -3.1314873695373535
  ],
  "euler_order": "XYZ",
  "rotation_matrix": [
   [
    -0.9961614608764648,
    -0.08274848014116287,
    -0.028548236936330795
   ],
   [
    -0.010066837072372437,
    -0.21567393839359283,
    0.9764135479927063
   ],
   [
    -0.08695384860038757,
    0.9729529619216919,
    0.21401305496692657
   ]
  ]
 },
 {
  "rotation_euler": [
   1.8531073331832886,
   -2.302866220474243,
   -0.21560709178447723
  ],
  "euler_order": "XYZ",
  "rotation_matrix": [
   [
    -0.652934730052948,
    -0.7574079632759094,
    -0.0030662633944302797
   ],
   [
    0.14300011098384857,
    -0.1192978098988533,
    -0.982506513595581
   ],
   [
    0.7437924742698669,
    -0.6419510841369629,
    0.18620310723781586
   ]
  ]
 },
 {
  "rotation_euler": [
   -0.3144606947898865,
   1.3444050550460815,
   -1.8585044145584106
  ],
  "euler_order": "XYZ",
  "rotation_matrix": [
   [
    -0.0636923760175705,
    0.9974026083946228,
    0.033635009080171585
   ],
   [
    -0.21523621678352356,
    0.019181251525878906,
    -0.9763736128807068
   ],
   [
    -0.9744827747344971,
    -0.06942702829837799,
    0.213455468416214
   ]
  ]
 },
 {
  "rotation_euler": [
   -1.856113314628601,
   2.460066318511963,
   0.30560776591300964
  ],
  "euler_order": "XYZ",
  "rotation_matrix": [
   [
    -0.7406271696090698,
    -0.49181604385375977,
    -0.4578082263469696
   ],
   [
    -0.2336614727973938,
    -0.4503007233142853,
    0.8617607355117798
   ],
   [
    -0.629979133605957,
    0.7452155947685242,
    0.2185865044593811
   ]
  ]
 },
 {
  "rotation_euler": [
   -1.8574596643447876,
   2.454965114593506,
   0.20073887705802917
  ],
  "euler_order": "XYZ",
  "rotation_matrix": [
   [
    -0.7578583359718323,
    -0.5394741296768188,
    -0.3669038712978363
   ],
   [
    -0.15420854091644287,
    -0.3983193337917328,
    0.9041910171508789
   ],
   [
    -0.6339325904846191,
    0.7418283820152283,
    0.21867810189723969
   ]
  ]
 },
 {
  "rotation_euler": [
   1.2908941507339478,
   0.6622796654701233,
   1.8431791067123413
  ],
  "euler_order": "XYZ",
  "rotation_matrix": [
   [
    -0.21215277910232544,
    -0.42506763339042664,
    0.8799481391906738
   ],
   [
    0.759519100189209,
    0.4948751926422119,
    0.42217206954956055
   ],
   [
    -0.6149161458015442,
    0.7579023838043213,
    0.21785785257816315
   ]
  ]
 },
 {
  "rotation_euler": [
   0.8482103943824768,
   -1.273817539215088,
   0.8960559964179993
  ],
  "euler_order": "XYZ",
  "rotation_matrix": [
   [
    0.18280598521232605,
    -0.9644795656204224,
    0.19068601727485657
   ],
   [
    0.22850777208805084,
    -0.14696107804775238,
    -0.962385892868042
   ],
   [
    0.9562249779701233,
    0.21950314939022064,
    0.19352571666240692
   ]
  ]
 },
 {
  "rotation_euler": [
   -0.6661953926086426,
   -1.32680082321167,
   -1.6606677770614624
  ],
  "euler_order": "XYZ",
  "rotation_matrix": [
   [
    -0.02168208360671997,
    0.7291828989982605,
    0.6839752793312073
   ],
   [
    -0.24060674011707306,
    -0.6678342819213867,
    0.7043477892875671
   ],
   [
    0.9703804850578308,
    -0.1492973417043686,
    0.1899263709783554
   ]
  ]
 },
 {
  "rotation_euler": [
   -0.4087870121002197,
   1.336812138557434,
   -1.1769148111343384
  ],
  "euler_order": "XYZ",
  "rotation_matrix": [
   [
    0.0889802798628807,
    0.6989468932151794,
    0.7096166610717773
   ],
   [
    -0.21410100162029266,
    0.7092105150222778,
    -0.6717002391815186
   ],
   [
    -0.9727503657341003,
    -0.09216155856847763,
    0.21275097131729126
   ]
  ]
 },
 {
  "rotation_euler": [
   1.2729923725128174,
   0.7267950773239136,
   -0.34817197918891907
  ],
  "euler_order": "XYZ",
  "rotation_matrix": [
   [
    0.7024678587913513,
    0.6972242593765259,
    -0.14288894832134247
   ],
   [
    -0.25496652722358704,
    0.05908792465925217,
    -0.9651428461074829
   ],
   [
    -0.6644780039787292,
    0.7144137024879456,
    0.21927620470523834
   ]
  ]
 },
 {
  "rotation_euler": [
   0.29628291726112366,
   1.343738317489624,
   1.51166832447052
  ],
  "euler_order": "XYZ",
  "rotation_matrix": [
   [
    0.013302669860422611,
    -0.9379464387893677,
    0.3465249538421631
   ],
   [
    0.2247186303138733,
    0.3404947817325592,
    0.9129977226257324
   ],
   [
    -0.974332869052887,
    0.06572530418634415,
    0.21530352532863617
   ]
  ]
 },
 {
  "rotation_euler": [
   0.6666848659515381,
   1.2907099723815918,
   -2.412646532058716
  ],
  "euler_order": "XYZ",
  "rotation_matrix": [
   [
    -0.20618917047977448,
    0.08019477128982544,
    -0.9752203822135925
   ],
   [
    -0.18413133919239044,
    -0.9820114374160767,
    -0.0418226458132267
   ],
   [
    -0.9610315561294556,
    0.17094525694847107,
    0.21724648773670197
   ]
  ]
 },
 {
  "rotation_euler": [
   -1.311722755432129,
   -0.7540187239646912,
   -1.9342604875564575
  ],
  "euler_order": "XYZ",
  "rotation_matrix": [
   [
    -0.25914981961250305,
    0.004195118322968483,
    0.965828001499176
   ],
   [
    -0.6813223958015442,
    -0.7095752954483032,
    -0.17972953617572784
   ],
   [
    0.6845737099647522,
    -0.7046171426773071,
    0.1867445409297943
   ]
  ]
 },
 {
  "rotation_euler": [
   1.3163831233978271,
   0.5226085186004639,
   -1.4094529151916504
  ],
  "euler_order": "XYZ",
  "rotation_matrix": [
   [
    0.13920152187347412,
    0.32601216435432434,
    -0.935060977935791
   ],
   [
    -0.8552660346031189,
    -0.4363707900047302,
    -0.2794646918773651
   ],
   [
    -0.4991421699523926,
    0.838627815246582,
    0.21808364987373352
   ]
  ]
 },
 {
  "rotation_euler": [
   1.3291442394256592,
   0.43201977014541626,
   1.3585968017578125
  ],
  "euler_order": "XYZ",
  "rotation_matrix": [
   [
    0.19126009941101074,
    -0.14831776916980743,
    0.970268726348877
   ],
   [
    0.8877527713775635,
    0.44782182574272156,
    -0.1065392941236496
   ],
   [
    -0.41870585083961487,
    0.8817354440689087,
    0.21731996536254883
   ]
  ]
 },
 {
  "rotation_euler": [
   1.1889476776123047,
   0.9395689368247986,
   1.827846646308899
  ],
  "euler_order": "XYZ",
  "rotation_matrix": [
   [
    -0.15002964437007904,
    -0.5508513450622559,
    0.8210078477859497
   ],
   [
    0.5707466006278992,
    0.6298103332519531,
    0.526865541934967
   ],
   [
    -0.807303786277771,
    0.5476329326629639,
    0.2199063003063202
   ]
  ]
 }
]