[
 {
  "rotation_euler": [
   -0.5034403800964355,
   -0.6023756861686707,
   -0.325291246175766
  ],
  "euler_order": "XYZ",
  "rotation_matrix": [
   [
    0.7807798385620117,
    0.5389503836631775,
    -0.31609389185905457
   ],
   [
    -0.263335257768631,
    0.742633044719696,
    0.6157521605491638
   ],
   [
    0.5666016340255737,
    -0.39752820134162903,
    0.7217575311660767
   ]
  ]
 },
 {
  "rotation_euler": [
   -0.6408385634422302,
   -0.19544854760169983,
   -2.530907392501831
  ],
  "euler_order": "XYZ",
  "rotation_matrix": [
   [
    -0.8036571741104126,
    0.36453402042388916,
    0.4703722894191742
   ],
   [
    -0.5625112652778625,
    -0.7232913970947266,
    -0.4005378484725952
   ],
   [
    0.19420656561851501,
    -0.5864848494529724,
    0.7863328456878662
   ]
  ]
 },
 {
  "rotation_euler": [
   -1.143328070640564,
   0.8822594881057739,
   1.1142336130142212
  ],
  "euler_order": "XYZ",
  "rotation_matrix": [
   [
    0.28012949228286743,
    -0.6818991899490356,
    -0.6756781935691833
   ],
   [
    0.5703251957893372,
    -0.44795113801956177,
    0.6885266304016113
   ],
   [
    -0.7721765637397766,
    -0.5782328844070435,
    0.2634199559688568
   ]
  ]
 },
 {
  "rotation_euler": [
   -0.748968243598938,
   -0.25205764174461365,
   -2.3306314945220947
  ],
  "euler_order": "XYZ",
  "rotation_matrix": [
   [
    -0.6670367121696472,
    0.4139813780784607,
    0.6194202303886414
   ],
   [
    -0.7020421028137207,
    -0.6275768280029297,
    -0.3365772068500519
   ],
   [
    0.24939711391925812,
    -0.6593684554100037,
    0.7092491388320923
   ]
  ]
 },
 {
  "rotation_euler": [
   -1.1954102516174316,
   -0.32719671726226807,
   2.6071438789367676
  ],
  "euler_order": "XYZ",
  "rotation_matrix": [
   [
    -0.8148947954177856,
    -0.4440630376338959,
    -0.3724975883960724
   ],
   [
    0.48234331607818604,
    -0.16319896280765533,
    -0.8606457114219666
   ],
   [
    0.32138973474502563,
    -0.8810074329376221,
    0.3471808433532715
   ]
  ]
 },
 {
  "rotation_euler": [
   -1.1684551239013672,
   -0.32497191429138184,
   -2.42972731590271
  ],
  "euler_order": "XYZ",
  "rotation_matrix": [
   [
    -0.7175154685974121,
    0.03335556760430336,
    0.6957434415817261
   ],
   [
    -0.6190561056137085,
    -0.488393098115921,
    -0.615013599395752
   ],
   [
    0.3192821741104126,
    -0.8719859719276428,
    0.37107858061790466
   ]
  ]
 },
 {
  "rotation_euler": [
   -0.704393744468689,
   -0.4508555829524994,
   -0.3339120149612427
  ],
  "euler_order": "XYZ",
  "rotation_matrix": [
   [
    0.8503612279891968,
    0.5163257122039795,
    -0.10145733505487442
   ],
   [
    -0.29499179124832153,
    0.627437949180603,
    0.7206257581710815
   ],
   [
    0.4357357919216156,
    -0.5828630924224854,
    0.6858606934547424
   ]
  ]
 },
 {
  "rotation_euler": [
   -0.5962908267974854,
   -0.4340095818042755,
   -2.0427889823913574
  ],
  "euler_order": "XYZ",
  "rotation_matrix": [
   [
    -0.41250887513160706,
    0.6295886635780334,
    0.6583726406097412
   ],
   [
    -0.8080878853797913,
    -0.5865286588668823,
    0.054571472108364105
   ],
   [
    0.42051202058792114,
    -0.5095117688179016,
    0.7507112622261047
   ]
  ]
 },
 {
  "rotation_euler": [
   1.7987560033798218,
   2.5422370433807373,
   -0.22448743879795074
  ],
  "euler_order": "XYZ",
  "rotation_matrix": [
   [
    -0.8049811124801636,
    0.48542141914367676,
    -0.3411325514316559
   ],
   [
    0.1838061809539795,
    -0.342646062374115,
    -0.9213082790374756
   ],
   [
    -0.564110517501831,
    -0.8043380379676819,
    0.18660016357898712
   ]
  ]
 },
 {
  "rotation_euler": [
   -0.9884013533592224,
   -0.6093777418136597,
   1.1420304775238037
  ],
  "euler_order": "XYZ",
  "rotation_matrix": [
   [
    0.340915709733963,
    -0.30150800943374634,
    -0.8904321193695068
   ],
   [
    0.7457771897315979,
    0.6634063124656677,
    0.06089721992611885
   ],
   [
    0.5723572969436646,
    -0.6848247647285461,
    0.4510234296321869
   ]
  ]
 },
 {
  "rotation_euler": [
   -0.5086989998817444,
   -0.3260977268218994,
   -1.7861803770065308
  ],
  "euler_order": "XYZ",
  "rotation_matrix": [
   [
    -0.20245936512947083,
    0.8198532462120056,
    0.535584568977356
   ],
   [
    -0.9254117012023926,
    -0.33907896280288696,
    0.16922953724861145
   ],
   [
    0.320348858833313,
    -0.4613741338253021,
    0.8273515105247498
   ]
  ]
 },
 {
  "rotation_euler": [
   -1.1410861015319824,
   -0.435851126909256,
   2.394705057144165
  ],
  "euler_order": "XYZ",
  "rotation_matrix": [
   [
    -0.6652039885520935,
    -0.5646607279777527,
    -0.48853030800819397
   ],
   [
    0.6158456802368164,
    -0.044971659779548645,
    -0.7865822911262512
   ],
   [
    0.4221821129322052,
    -0.8240969777107239,
    0.3776592016220093
   ]
  ]
 },
 {
  "rotation_euler": [
   -0.908336877822876,
   -0.5232741832733154,
   -2.2485897541046143
  ],
  "euler_order": "XYZ",
  "rotation_matrix": [
   [
    -0.5431652665138245,
    0.23202456533908844,
    0.8069300651550293
   ],
   [
    -0.6747240424156189,
    -0.6926125288009644,
    -0.2550203204154968
   ],
   [
    0.49971887469291687,
    -0.682973325252533,
    0.5327556133270264
   ]
  ]
 },
 {
  "rotation_euler": [
   -0.7809466123580933,
   0.8828520774841309,
   1.659252405166626
  ],
  "euler_order": "XYZ",
  "rotation_matrix": [
   [
    -0.056092001497745514,
    -0.6594274044036865,
    -0.7496727705001831
   ],
   [
    0.6324678659439087,
    -0.6044577956199646,
    0.4843708574771881
   ],
   [
    -0.7725529670715332,
    -0.44697460532188416,
    0.45097190141677856
   ]
  ]
 },
 {
  "rotation_euler": [
   -1.1825222969055176,
   -0.6176996231079102,
   -1.9163326025009155
  ],
  "euler_order": "XYZ",
  "rotation_matrix": [
   [
    -0.2761136591434479,
    0.1746533066034317,
    0.945123016834259
   ],
   [
    -0.7670288681983948,
    -0.6325964331626892,
    -0.107184037566185
   ],
   [
    0.5791614055633545,
    -0.7545316219329834,
    0.30863267183303833
   ]
  ]
 },
 {
  "rotation_euler": [
   1.5877362489700317,
   2.3599562644958496,
   -0.6222288608551025
  ],
  "euler_order": "XYZ",
  "rotation_matrix": [
   [
    -0.5767391920089722,
    0.562461256980896,
    -0.5924603343009949
   ],
   [
    0.4136830270290375,
    -0.4242878258228302,
    -0.8055099248886108
   ],
   [
    -0.7044417858123779,
    -0.7096599340438843,
    0.012022733688354492
   ]
  ]
 }
]