[
 {
  "rotation_euler": [
   -0.04555704444646835,
   0.4055849611759186,
   1.4796708822250366
  ],
  "euler_order": "XYZ",
  "rotation_matrix": [
   [
    0.08361676335334778,
    -0.9964528679847717,
    -0.009485204704105854
   ],
   [
    0.9150593280792236,
    0.07301091402769089,
    0.3966558575630188
   ],
   [
    -0.39455634355545044,
    -0.04184660315513611,
    0.9179183840751648
   ]
  ]
 },
 {
  "rotation_euler": [
   2.100687026977539,
   0.7593446969985962,
   0.3101184070110321
  ],
  "euler_order": "XYZ",
  "rotation_matrix": [
   [
    0.6906892657279968,
    0.7199429273605347,
    -0.06804779171943665
   ],
   [
    0.2213369458913803,
    -0.30004599690437317,
    -0.9278913736343384
   ],
   [
    -0.6884462833404541,
    0.6258230805397034,
    -0.3665885031223297
   ]
  ]
 },
 {
  "rotation_euler": [
   0.16718755662441254,
   0.5282670855522156,
   -2.039592742919922
  ],
  "euler_order": "XYZ",
  "rotation_matrix": [
   [
    -0.39022257924079895,
    0.8417771458625793,
    -0.3730115592479706
   ],
   [
    -0.7705015540122986,
    -0.520340621471405,
    -0.3682023882865906
   ],
   [
    -0.5040374398231506,
    0.14372509717941284,
    0.8516392111778259
   ]
  ]
 },
 {
  "rotation_euler": [
   2.722740411758423,
   1.0782374143600464,
   0.22950105369091034
  ],
  "euler_order": "XYZ",
  "rotation_matrix": [
   [
    0.460483193397522,
    0.5567947030067444,
    -0.6913283467292786
   ],
   [
    0.10757675766944885,
    -0.8080779910087585,
    -0.5791694521903992
   ],
   [
    -0.8811256885528564,
    0.19232693314552307,
    -0.43200451135635376
   ]
  ]
 },
 {
  "rotation_euler": [
   2.2521207332611084,
   1.0680232048034668,
   -1.186102271080017
  ],
  "euler_order": "XYZ",
  "rotation_matrix": [
   [
    0.18082928657531738,
    -0.328371524810791,
    -0.92707759141922
   ],
   [
    -0.4466399550437927,
    -0.8672303557395935,
    0.22005510330200195
   ],
   [
    -0.8762496709823608,
    0.3742775022983551,
    -0.3034844994544983
   ]
  ]
 },
 {
  "rotation_euler": [
   -0.14260491728782654,
   0.2022588849067688,
   0.17150795459747314
  ],
  "euler_order": "XYZ",
  "rotation_matrix": [
   [
    0.9652429223060608,
    -0.19706693291664124,
    0.17167048156261444
   ],
   [
    0.1671893447637558,
    0.9704540371894836,
    0.1739732325077057
   ],
   [
    -0.2008826732635498,
    -0.13922496140003204,
    0.969671368598938
   ]
  ]
 },
 {
  "rotation_euler": [
   2.053825616836548,
   0.6487054824829102,
   -1.5960208177566528
  ],
  "euler_order": "XYZ",
  "rotation_matrix": [
   [
    -0.020098421722650528,
    -0.4778108298778534,
    -0.8782328367233276
   ],
   [
    -0.7966130375862122,
    -0.5231503248214722,
    0.30285540223121643
   ],
   [
    -0.6041553616523743,
    0.7056986689567566,
    -0.37011584639549255
   ]
  ]
 },
 {
  "rotation_euler": [
   2.1848456859588623,
   0.9824224710464478,
   -0.4537511169910431
  ],
  "euler_order": "XYZ",
  "rotation_matrix": [
   [
    0.49884721636772156,
    0.35852259397506714,
    -0.789058268070221
   ],
   [
    -0.243282750248909,
    -0.815898060798645,
    -0.5245224833488464
   ],
   [
    -0.8318443298339844,
    0.45362088084220886,
    -0.3197861313819885
   ]
  ]
 },
 {
  "rotation_euler": [
   2.0567448139190674,
   0.7779447436332703,
   -1.2746844291687012
  ],
  "euler_order": "XYZ",
  "rotation_matrix": [
   [
    0.20786842703819275,
    -0.26563629508018494,
    -0.9413968920707703
   ],
   [
    -0.6813544034957886,
    -0.7298469543457031,
    0.05549386888742447
   ],
   [
    -0.7018167972564697,
    0.6298894882202148,
    -0.3327046036720276
   ]
  ]
 },
 {
  "rotation_euler": [
   1.8315999507904053,
   -0.08085957914590836,
   1.3047024011611938
  ],
  "euler_order": "XYZ",
  "rotation_matrix": [
   [
    0.26210564374923706,
    0.2282601147890091,
    0.9376555681228638
   ],
   [
    0.9616530537605286,
    -0.1431008130311966,
    -0.23397770524024963
   ],
   [
    0.08077149093151093,
    0.963026225566864,
    -0.25701457262039185
   ]
  ]
 },
 {
  "rotation_euler": [
   -0.16759172081947327,
   -0.1289907544851303,
   -2.343379259109497
  ],
  "euler_order": "XYZ",
  "rotation_matrix": [
   [
    -0.6921885013580322,
    0.6911002397537231,
    0.20797961950302124
   ],
   [
    -0.7101609110832214,
    -0.7035736441612244,
    -0.025605008006095886
   ],
   [
    0.12863335013389587,
    -0.1654224842786789,
    0.9777979850769043
   ]
  ]
 },
 {
  "rotation_euler": [
   -1.3122280836105347,
   -2.76257061958313,
   -0.19237540662288666
  ],
  "euler_order": "XYZ",
  "rotation_matrix": [
   [
    -0.9118890166282654,
    0.3999999463558197,
    0.09196971356868744
   ],
   [
    0.17762160301208496,
    0.18258848786354065,
    0.9670118689537048
   ],
   [
    0.370012104511261,
    0.8981433510780334,
    -0.2375490814447403
   ]
  ]
 },
 {
  "rotation_euler": [
   1.8341913223266602,
   -0.06520308554172516,
   -1.2108173370361328
  ],
  "euler_order": "XYZ",
  "rotation_matrix": [
   [
    0.3515060544013977,
    -0.26583221554756165,
    -0.8976506590843201
   ],
   [
    -0.9339154362678528,
    -0.032835494726896286,
    -0.35598278045654297
   ],
   [
    0.06515689194202423,
    0.9634599685668945,
    -0.25980669260025024
   ]
  ]
 },
 {
  "rotation_euler": [
   2.036804676055908,
   0.5988375544548035,
   1.7068731784820557
  ],
  "euler_order": "XYZ",
  "rotation_matrix": [
   [
    -0.11205175518989563,
    0.37685638666152954,
    0.9194692373275757
   ],
   [
    0.8183557987213135,
    0.55987548828125,
    -0.12974274158477783
   ],
   [
    -0.5636826753616333,
    0.7379150986671448,
    -0.3711376488208771
   ]
  ]
 },
 {
  "rotation_euler": [
   1.837304949760437,
   -0.021567964926362038,
   0.16246342658996582
  ],
  "euler_order": "XYZ",
  "rotation_matrix": [
   [
    0.9866023063659668,
    0.022068234160542488,
    0.1616443246603012
   ],
   [
    0.16171206533908844,
    -0.2632620930671692,
    -0.9510743021965027
   ],
   [
    0.021566292271018028,
    0.9644719362258911,
    -0.2633036673069
   ]
  ]
 },
 {
  "rotation_euler": [
   -0.9113704562187195,
   2.086761951446533,
   0.25362733006477356
  ],
  "euler_order": "XYZ",
  "rotation_matrix": [
   [
    -0.47759124636650085,
    -0.8191894292831421,
    0.31754565238952637
   ],
   [
    -0.12379612028598785,
    0.4205693006515503,
    0.8987746834754944
   ],
   [
    -0.8698167204856873,
    0.38993602991104126,
    -0.3022727072238922
   ]
  ]
 }
]