[
 {
  "rotation_euler": [
   -1.9769920110702515,
   -0.9620181322097778,
   -0.9472543597221375
  ],
  "euler_order": "XYZ",
  "rotation_matrix": [
   [
    0.3339204490184784,
    0.11927314847707748,
    0.935024619102478
   ],
   [
    -0.46424925327301025,
    -0.8424956202507019,
    0.27326491475105286
   ],
   [
    0.8203473091125488,
    -0.5253332257270813,
    -0.2259540557861328
   ]
  ]
 },
 {
  "rotation_euler": [
   -1.9769917726516724,
   -0.9620180130004883,
   0.14671984314918518
  ],
  "euler_order": "XYZ",
  "rotation_matrix": [
   [
    0.5657215118408203,
    0.8032633066177368,
    0.18635250627994537
   ],
   [
    0.08360333740711212,
    -0.28070080280303955,
    0.9561472535133362
   ],
   [
    0.820347249507904,
    -0.5253334045410156,
    -0.22595398128032684
   ]
  ]
 },
 {
  "rotation_euler": [
   -1.976991891860962,
   -0.9620181918144226,
   -1.4382507801055908
  ],
  "euler_order": "XYZ",
  "rotation_matrix": [
   [
    0.07557648420333862,
    -0.2920580208301544,
    0.9534098505973816
   ],
   [
    -0.5668495297431946,
    -0.7992040514945984,
    -0.19988618791103363
   ],
   [
    0.8203473687171936,
    -0.5253332257270813,
    -0.22595398128032684
   ]
  ]
 },
 {
  "rotation_euler": [
   1.1646007299423218,
   -2.179574489593506,
   0.5606974959373474
  ],
  "euler_order": "XYZ",
  "rotation_matrix": [
   [
    -0.4843040108680725,
    -0.8483232259750366,
    0.2140030860900879
   ],
   [
    -0.3041049540042877,
    -0.06612643599510193,
    -0.9503406882286072
   ],
   [
    0.8203473687171936,
    -0.5253332257270813,
    -0.22595401108264923
   ]
  ]
 },
 {
  "rotation_euler": [
   1.1646008491516113,
   2.179574489593506,
   1.0190883874893188
  ],
  "euler_order": "XYZ",
  "rotation_matrix": [
   [
    -0.2997390627861023,
    0.05849792808294296,
    0.9522260427474976
   ],
   [
    -0.4870181977748871,
    0.8488833904266357,
    -0.20545151829719543
   ],
   [
    -0.8203473687171936,
    -0.5253332853317261,
    -0.22595393657684326
   ]
  ]
 },
 {
  "rotation_euler": [
   1.1646006107330322,
   -2.179574489593506,
   0.6924386620521545
  ],
  "euler_order": "XYZ",
  "rotation_matrix": [
   [
    -0.44016000628471375,
    -0.8322858810424805,
    0.3369857370853424
   ],
   [
    -0.36508816480636597,
    -0.17698940634727478,
    -0.9139941930770874
   ],
   [
    0.8203473687171936,
    -0.5253332257270813,
    -0.225954070687294
   ]
  ]
 },
 {
  "rotation_euler": [
   -1.976992130279541,
   -0.9620183110237122,
   0.8063283562660217
  ],
  "euler_order": "XYZ",
  "rotation_matrix": [
   [
    0.39581844210624695,
    0.8067803382873535,
    -0.43867212533950806
   ],
   [
    0.41274428367614746,
    0.27042677998542786,
    0.869776725769043
   ],
   [
    0.8203474283218384,
    -0.525333046913147,
    -0.225954070687294
   ]
  ]
 },
 {
  "rotation_euler": [
   -1.9769920110702515,
   0.9620182514190674,
   0.8526739478111267
  ],
  "euler_order": "XYZ",
  "rotation_matrix": [
   [
    0.37627142667770386,
    -0.1983049511909485,
    -0.9050386548042297
   ],
   [
    0.43063899874687195,
    -0.8274661302566528,
    0.36034679412841797
   ],
   [
    -0.8203474283218384,
    -0.5253331661224365,
    -0.22595402598381042
   ]
  ]
 },
 {
  "rotation_euler": [
   -1.976991891860962,
   0.9620182514190674,
   -0.06843932718038559
  ],
  "euler_order": "XYZ",
  "rotation_matrix": [
   [
    0.5705267190933228,
    -0.7788525223731995,
    -0.2605532705783844
   ],
   [
    -0.0391075424849987,
    -0.3426569700241089,
    0.9386462569236755
   ],
   [
    -0.8203474283218384,
    -0.5253331661224365,
    -0.22595396637916565
   ]
  ]
 },
 {
  "rotation_euler": [
   -1.976991891860962,
   0.9620182514190674,
   0.5136585235595703
  ],
  "euler_order": "XYZ",
  "rotation_matrix": [
   [
    0.4980677664279938,
    -0.4621990919113159,
    -0.7336896657943726
   ],
   [
    0.28099578619003296,
    -0.7144207954406738,
    0.6408153772354126
   ],
   [
    -0.8203474283218384,
    -0.5253331661224365,
    -0.22595396637916565
   ]
  ]
 },
 {
  "rotation_euler": [
   -1.9769920110702515,
   0.9620181918144226,
   0.8328917026519775
  ],
  "euler_order": "XYZ",
  "rotation_matrix": [
   [
    0.384716272354126,
    -0.21463419497013092,
    -0.8977335691452026
   ],
   [
    0.42311176657676697,
    -0.8233815431594849,
    0.37817883491516113
   ],
   [
    -0.8203473687171936,
    -0.5253331661224365,
    -0.22595404088497162
   ]
  ]
 },
 {
  "rotation_euler": [
   -1.9769914150238037,
   -0.9620183706283569,
   -1.424164056777954
  ],
  "euler_order": "XYZ",
  "rotation_matrix": [
   [
    0.0835537537932396,
    -0.28077077865600586,
    0.9561310410499573
   ],
   [
    -0.5657285451889038,
    -0.8032389283180237,
    -0.18643604218959808
   ],
   [
    0.8203474879264832,
    -0.5253331661224365,
    -0.22595366835594177
   ]
  ]
 },
 {
  "rotation_euler": [
   1.1646009683609009,
   2.179574489593506,
   -1.2423778772354126
  ],
  "euler_order": "XYZ",
  "rotation_matrix": [
   [
    -0.18445318937301636,
    0.6170693635940552,
    -0.7649852633476257
   ],
   [
    0.541301429271698,
    -0.5858757495880127,
    -0.6031106114387512
   ],
   [
    -0.8203473687171936,
    -0.5253332853317261,
    -0.2259538769721985
   ]
  ]
 },
 {
  "rotation_euler": [
   1.1646002531051636,
   -2.179574489593506,
   -1.1134371757507324
  ],
  "euler_order": "XYZ",
  "rotation_matrix": [
   [
    -0.2525245249271393,
    0.021735163405537605,
    -0.9673463702201843
   ],
   [
    0.5130902528762817,
    0.8506190180778503,
    -0.11482910811901093
   ],
   [
    0.8203473687171936,
    -0.5253331065177917,
    -0.22595424950122833
   ]
  ]
 },
 {
  "rotation_euler": [
   -1.9769922494888306,
   0.9620182514190674,
   -0.5483289361000061
  ],
  "euler_order": "XYZ",
  "rotation_matrix": [
   [
    0.4880281686782837,
    -0.8490763306617737,
    0.20223237574100494
   ],
   [
    -0.29809167981147766,
    0.05562882125377655,
    0.9529148936271667
   ],
   [
    -0.8203474283218384,
    -0.5253331065177917,
    -0.22595414519309998
   ]
  ]
 },
 {
  "rotation_euler": [
   1.1646006107330322,
   2.179574489593506,
   1.065346121788025
  ],
  "euler_order": "XYZ",
  "rotation_matrix": [
   [
    -0.2768981158733368,
    0.01918170601129532,
    0.9607078433036804
   ],
   [
    -0.5003575086593628,
    0.8506803512573242,
    -0.1611994355916977
   ],
   [
    -0.8203473687171936,
    -0.5253332257270813,
    -0.225954070687294
   ]
  ]
 }
]