[
 {
  "rotation_euler": [
   0.21436993777751923,
   -0.010515183210372925,
   2.714097738265991
  ],
  "euler_order": "XYZ",
  "rotation_matrix": [
   [
    -0.9099568724632263,
    -0.40306711196899414,
    0.09754670411348343
   ],
   [
    0.41456952691078186,
    -0.8901050686836243,
    0.18932785093784332
   ],
   [
    0.010514989495277405,
    0.21272006630897522,
    0.977056622505188
   ]
  ]
 },
 {
  "rotation_euler": [
   0.21437007188796997,
   -0.01051506120711565,
   -0.7907256484031677
  ],
  "euler_order": "XYZ",
  "rotation_matrix": [
   [
    0.7032907605171204,
    0.6930193305015564,
    -0.15844960510730743
   ],
   [
    -0.7108245491981506,
    0.6888209581375122,
    -0.14231714606285095
   ],
   [
    0.01051486749202013,
    0.21272020041942596,
    0.9770565629005432
   ]
  ]
 },
 {
  "rotation_euler": [
   0.21437020599842072,
   -0.010515235364437103,
   1.914415955543518
  ],
  "euler_order": "XYZ",
  "rotation_matrix": [
   [
    -0.3368786871433258,
    -0.919236421585083,
    0.20375747978687286
   ],
   [
    0.9414893388748169,
    -0.331292062997818,
    0.061995137482881546
   ],
   [
    0.010515041649341583,
    0.2127203345298767,
    0.9770565629005432
   ]
  ]
 },
 {
  "rotation_euler": [
   0.21436774730682373,
   -0.010513093322515488,
   0.15973345935344696
  ],
  "euler_order": "XYZ",
  "rotation_matrix": [
   [
    0.9872151613235474,
    -0.15762239694595337,
    0.0236942321062088
   ],
   [
    0.15904627740383148,
    0.9643164873123169,
    -0.21165543794631958
   ],
   [
    0.010512899607419968,
    0.2127179354429245,
    0.9770570993423462
   ]
  ]
 },
 {
  "rotation_euler": [
   0.21436813473701477,
   -0.01051453035324812,
   -2.053032636642456
  ],
  "euler_order": "XYZ",
  "rotation_matrix": [
   [
    -0.463735967874527,
    0.866718590259552,
    -0.18370580673217773
   ],
   [
    -0.8859110474586487,
    -0.45116493105888367,
    0.10775810480117798
   ],
   [
    0.0105143366381526,
    0.21271830797195435,
    0.9770569801330566
   ]
  ]
 },
 {
  "rotation_euler": [
   0.2143692970275879,
   -0.010516653768718243,
   -2.312309741973877
  ],
  "euler_order": "XYZ",
  "rotation_matrix": [
   [
    -0.6753674149513245,
    0.7220786213874817,
    -0.14993774890899658
   ],
   [
    -0.7374064326286316,
    -0.6582954525947571,
    0.1512574851512909
   ],
   [
    0.010516460053622723,
    0.21271944046020508,
    0.9770567417144775
   ]
  ]
 },
 {
  "rotation_euler": [
   0.2143697738647461,
   -0.010516280308365822,
   0.6408944725990295
  ],
  "euler_order": "XYZ",
  "rotation_matrix": [
   [
    0.8015169501304626,
    -0.5860199928283691,
    0.11895860731601715
   ],
   [
    0.5978795886039734,
    0.7818764448165894,
    -0.17666125297546387
   ],
   [
    0.010516086593270302,
    0.2127199023962021,
    0.977056622505188
   ]
  ]
 },
 {
  "rotation_euler": [
   0.21437008678913116,
   -0.01051491592079401,
   1.8543076515197754
  ],
  "euler_order": "XYZ",
  "rotation_matrix": [
   [
    -0.27971306443214417,
    -0.9374777674674988,
    0.20711347460746765
   ],
   [
    0.9600260853767395,
    -0.2754732072353363,
    0.04964330047369003
   ],
   [
    0.01051472220569849,
    0.21272021532058716,
    0.9770565629005432
   ]
  ]
 },
 {
  "rotation_euler": [
   0.21436914801597595,
   -0.010516084730625153,
   1.220725417137146
  ],
  "euler_order": "XYZ",
  "rotation_matrix": [
   [
    0.3429454565048218,
    -0.9186146855354309,
    0.1963045597076416
   ],
   [
    0.9392964839935303,
    0.3330128490924835,
    -0.08261116594076157
   ],
   [
    0.010515891015529633,
    0.21271929144859314,
    0.9770567417144775
   ]
  ]
 },
 {
  "rotation_euler": [
   0.21437016129493713,
   -0.010516279377043247,
   2.3646621704101562
  ],
  "euler_order": "XYZ",
  "rotation_matrix": [
   [
    -0.7130295038223267,
    -0.6834511160850525,
    0.15647220611572266
   ],
   [
    0.7010551691055298,
    -0.6983156204223633,
    0.1444886028766632
   ],
   [
    0.010516085661947727,
    0.21272028982639313,
    0.9770565629005432
   ]
  ]
 },
 {
  "rotation_euler": [
   0.21436910331249237,
   -0.010515767149627209,
   0.5273069143295288
  ],
  "euler_order": "XYZ",
  "rotation_matrix": [
   [
    0.8641176223754883,
    -0.4936229884624481,
    0.09816873073577881
   ],
   [
    0.5031800866127014,
    0.8432596325874329,
    -0.18900518119335175
   ],
   [
    0.010515573434531689,
    0.21271924674510956,
    0.9770568013191223
   ]
  ]
 },
 {
  "rotation_euler": [
   0.21437035501003265,
   -0.010515308007597923,
   -1.0829086303710938
  ],
  "euler_order": "XYZ",
  "rotation_matrix": [
   [
    0.4687351584434509,
    0.8620575666427612,
    -0.1927279531955719
   ],
   [
    -0.8832761645317078,
    0.46000730991363525,
    -0.09064493328332901
   ],
   [
    0.010515114292502403,
    0.21272048354148865,
    0.9770565032958984
   ]
  ]
 },
 {
  "rotation_euler": [
   0.21436971426010132,
   -0.01051615085452795,
   -2.731252908706665
  ],
  "euler_order": "XYZ",
  "rotation_matrix": [
   [
    -0.9169346690177917,
    0.39184123277664185,
    -0.07544082403182983
   ],
   [
    -0.3988988399505615,
    -0.8951037526130676,
    0.199170783162117
   ],
   [
    0.01051595713943243,
    0.2127198427915573,
    0.977056622505188
   ]
  ]
 },
 {
  "rotation_euler": [
   0.21436956524848938,
   -0.010515057481825352,
   -2.759269952774048
  ],
  "euler_order": "XYZ",
  "rotation_matrix": [
   [
    -0.9277492761611938,
    0.36661237478256226,
    -0.0698327124118805
   ],
   [
    -0.3730558454990387,
    -0.905729353427887,
    0.20120543241500854
   ],
   [
    0.010514863766729832,
    0.21271970868110657,
    0.9770566821098328
   ]
  ]
 },
 {
  "rotation_euler": [
   0.21436943113803864,
   -0.010516439564526081,
   -1.674282431602478
  ],
  "euler_order": "XYZ",
  "rotation_matrix": [
   [
    -0.10329578071832657,
    0.9721143841743469,
    -0.21053175628185272
   ],
   [
    -0.9945951104164124,
    -0.09871182590723038,
    0.03219602629542351
   ],
   [
    0.010516245849430561,
    0.21271957457065582,
    0.9770566821098328
   ]
  ]
 },
 {
  "rotation_euler": [
   0.21437004208564758,
   -0.01051659882068634,
   0.49942392110824585
  ],
  "euler_order": "XYZ",
  "rotation_matrix": [
   [
    0.8778100609779358,
    -0.46992164850234985,
    0.09286095201969147
   ],
   [
    0.4788934290409088,
    0.8566935062408447,
    -0.1916697919368744
   ],
   [
    0.01051640510559082,
    0.21272017061710358,
    0.9770565629005432
   ]
  ]
 }
]