[
 {
  "rotation_euler": [
   0.16373372077941895,
   -1.6837608814239502,
   -2.4594814777374268
  ],
  "euler_order": "XYZ",
  "rotation_matrix": [
   [
    0.08750162273645401,
    0.7477251887321472,
    0.65821772813797
   ],
   [
    0.07106523960828781,
    -0.6637540459632874,
    0.7445671558380127
   ],
   [
    0.9936262965202332,
    -0.01837443746626377,
    -0.11121682077646255
   ]
  ]
 },
 {
  "rotation_euler": [
   -0.23056042194366455,
   -1.6074687242507935,
   -1.4661155939102173
  ],
  "euler_order": "XYZ",
  "rotation_matrix": [
   [
    -0.0038310273084789515,
    0.9920715689659119,
    0.1256159096956253
   ],
   [
    0.036463476717472076,
    -0.12539470195770264,
    0.9914366006851196
   ],
   [
    0.9993276596069336,
    0.008378613740205765,
    -0.03569398820400238
   ]
  ]
 },
 {
  "rotation_euler": [
   0.13102202117443085,
   -1.4351590871810913,
   -0.5056846141815186
  ],
  "euler_order": "XYZ",
  "rotation_matrix": [
   [
    0.11829778552055359,
    0.3670083284378052,
    -0.9226648807525635
   ],
   [
    -0.06550227850675583,
    0.9300498962402344,
    0.361547589302063
   ],
   [
    0.9908153414726257,
    0.017666377127170563,
    0.134062722325325
   ]
  ]
 },
 {
  "rotation_euler": [
   0.5297970771789551,
   -1.5412262678146362,
   -0.16313643753528595
  ],
  "euler_order": "XYZ",
  "rotation_matrix": [
   [
    0.029173197224736214,
    -0.35828205943107605,
    -0.9331575036048889
   ],
   [
    -0.004801885690540075,
    0.9334938526153564,
    -0.35856130719184875
   ],
   [
    0.9995628595352173,
    0.014941295608878136,
    0.025512570515275
   ]
  ]
 },
 {
  "rotation_euler": [
   0.016465531662106514,
   -1.380702018737793,
   0.24610325694084167
  ],
  "euler_order": "XYZ",
  "rotation_matrix": [
   [
    0.18325823545455933,
    -0.25927451252937317,
    -0.9482579827308655
   ],
   [
    0.0460335910320282,
    0.9657986760139465,
    -0.2551741600036621
   ],
   [
    0.981986403465271,
    0.0031110465060919523,
    0.18892589211463928
   ]
  ]
 },
 {
  "rotation_euler": [
   0.153524711728096,
   -1.6805661916732788,
   -1.812881588935852
  ],
  "euler_order": "XYZ",
  "rotation_matrix": [
   [
    0.026262052357196808,
    0.9958604574203491,
    0.08701896667480469
   ],
   [
    0.10635510832071304,
    -0.08933838456869125,
    0.9903066158294678
   ],
   [
    0.9939813613891602,
    -0.0167525727301836,
    -0.10826105624437332
   ]
  ]
 },
 {
  "rotation_euler": [
   0.08412976562976837,
   -1.6642922163009644,
   -2.13913631439209
  ],
  "euler_order": "XYZ",
  "rotation_matrix": [
   [
    0.050249356776475906,
    0.8848453164100647,
    0.46316707134246826
   ],
   [
    0.07868317514657974,
    -0.4658188223838806,
    0.8813749551773071
   ],
   [
    0.9956324696540833,
    -0.007845070213079453,
    -0.09302953630685806
   ]
  ]
 },
 {
  "rotation_euler": [
   0.08403979986906052,
   -1.6642311811447144,
   -2.806318521499634
  ],
  "euler_order": "XYZ",
  "rotation_matrix": [
   [
    0.08810409158468246,
    0.406788170337677,
    0.9092640280723572
   ],
   [
    0.030697977170348167,
    -0.9134889245033264,
    0.4057038128376007
   ],
   [
    0.9956381320953369,
    -0.007831600494682789,
    -0.09296968579292297
   ]
  ]
 },
 {
  "rotation_euler": [
   0.2989911139011383,
   -1.5115901231765747,
   1.8105686902999878
  ],
  "euler_order": "XYZ",
  "rotation_matrix": [
   [
    -0.014052165672183037,
    -0.8584663271903992,
    0.5126773715019226
   ],
   [
    0.05747884139418602,
    -0.5125736594200134,
    -0.8567172288894653
   ],
   [
    0.9982478022575378,
    0.017429368570446968,
    0.056546419858932495
   ]
  ]
 },
 {
  "rotation_euler": [
   -0.21168409287929535,
   -1.609559416770935,
   0.18401575088500977
  ],
  "euler_order": "XYZ",
  "rotation_matrix": [
   [
    -0.038099102675914764,
    0.027509646490216255,
    -0.9988952279090881
   ],
   [
    -0.007091055158525705,
    0.9995883703231812,
    0.027799196541309357
   ],
   [
    0.9992488026618958,
    0.00814234558492899,
    -0.03788834810256958
   ]
  ]
 },
 {
  "rotation_euler": [
   -0.11254531890153885,
   -1.6265497207641602,
   2.5535037517547607
  ],
  "euler_order": "XYZ",
  "rotation_matrix": [
   [
    0.04636292904615402,
    -0.6445574760437012,
    0.763148844242096
   ],
   [
    -0.03091439977288246,
    -0.7645302414894104,
    -0.6438460946083069
   ],
   [
    0.9984461665153503,
    0.00625830190256238,
    -0.0553719699382782
   ]
  ]
 },
 {
  "rotation_euler": [
   -0.0224805548787117,
   1.3954628705978394,
   -0.6663333177566528
  ],
  "euler_order": "XYZ",
  "rotation_matrix": [
   [
    0.13712336122989655,
    0.6005522012710571,
    0.7877399325370789
   ],
   [
    -0.1078205555677414,
    0.799575924873352,
    -0.5908071398735046
   ],
   [
    -0.9846684336662292,
    -0.003921099007129669,
    0.17439241707324982
   ]
  ]
 },
 {
  "rotation_euler": [
   0.3088511526584625,
   -1.5103708505630493,
   -1.778733730316162
  ],
  "euler_order": "XYZ",
  "rotation_matrix": [
   [
    -0.012466777116060257,
    0.9947980046272278,
    -0.10110150277614594
   ],
   [
    -0.05908786505460739,
    0.10019975155591965,
    0.9932112693786621
   ],
   [
    0.9981749653816223,
    0.018356015905737877,
    0.05753132328391075
   ]
  ]
 },
 {
  "rotation_euler": [
   0.27780672907829285,
   -1.7566592693328857,
   1.988607406616211
  ],
  "euler_order": "XYZ",
  "rotation_matrix": [
   [
    0.07498243451118469,
    -0.7695744633674622,
    0.6341394186019897
   ],
   [
    -0.16889852285385132,
    -0.636542797088623,
    -0.7525201439857483
   ],
   [
    0.9827771782875061,
    -0.05067941173911095,
    -0.17770951986312866
   ]
  ]
 },
 {
  "rotation_euler": [
   -0.12065432965755463,
   -1.6246013641357422,
   -1.471848964691162
  ],
  "euler_order": "XYZ",
  "rotation_matrix": [
   [
    -0.005312619265168905,
    0.9997472167015076,
    0.021847181022167206
   ],
   [
    0.05351603031158447,
    -0.021531933918595314,
    0.9983348250389099
   ],
   [
    0.9985528588294983,
    0.00647294707596302,
    -0.05338811129331589
   ]
  ]
 },
 {
  "rotation_euler": [
   0.018862975761294365,
   1.3781261444091797,
   2.2697970867156982
  ],
  "euler_order": "XYZ",
  "rotation_matrix": [
   [
    -0.12320862710475922,
    -0.77726149559021,
    -0.6169961094856262
   ],
   [
    0.1465754359960556,
    -0.6291673183441162,
    0.7633243799209595
   ],
   [
    -0.9814964532852173,
    0.0036116749979555607,
    0.19144628942012787
   ]
  ]
 }
]