[
 {
  "rotation_euler": [
   -0.41238442063331604,
   -1.6490639448165894,
   -1.9667422771453857
  ],
  "euler_order": "XYZ",
  "rotation_matrix": [
   [
    0.03015553392469883,
    0.6911799907684326,
    0.7220532298088074
   ],
   [
    0.07213851809501648,
    -0.7220029234886169,
    0.6881190538406372
   ],
   [
    0.9969386458396912,
    0.031337253749370575,
    -0.07163307815790176
   ]
  ]
 },
 {
  "rotation_euler": [
   0.15258565545082092,
   -1.9107762575149536,
   2.591261386871338
  ],
  "euler_order": "XYZ",
  "rotation_matrix": [
   [
    0.2842320501804352,
    -0.39475634694099426,
    0.8737159371376038
   ],
   [
    -0.17439371347427368,
    -0.9173867702484131,
    -0.357754647731781
   ],
   [
    0.9427613615989685,
    -0.05068524554371834,
    -0.3295937180519104
   ]
  ]
 },
 {
  "rotation_euler": [
   0.0015789646422490478,
   -0.0018469644710421562,
   2.518524646759033
  ],
  "euler_order": "XYZ",
  "rotation_matrix": [
   [
    -0.8120906352996826,
    -0.5835263133049011,
    0.0024212743155658245
   ],
   [
    0.5835283994674683,
    -0.8120927214622498,
    0.00020450791635084897
   ],
   [
    0.0018469634233042598,
    0.0015789612662047148,
    0.9999970197677612
   ]
  ]
 },
 {
  "rotation_euler": [
   0.0179700069129467,
   -1.4896291494369507,
   1.3428164720535278
  ],
  "euler_order": "XYZ",
  "rotation_matrix": [
   [
    0.018324466422200203,
    -0.9780154824256897,
    -0.20772556960582733
   ],
   [
    0.07898018509149551,
    0.20852716267108917,
    -0.9748223423957825
   ],
   [
    0.9967077374458313,
    0.0014568952610716224,
    0.08106499165296555
   ]
  ]
 },
 {
  "rotation_euler": [
   0.001578248804435134,
   -0.0018363192211836576,
   -2.7217931747436523
  ],
  "euler_order": "XYZ",
  "rotation_matrix": [
   [
    -0.9131691455841064,
    0.4075794816017151,
    0.0010336115956306458
   ],
   [
    -0.40757665038108826,
    -0.9131683707237244,
    0.0021896506659686565
   ],
   [
    0.0018363181734457612,
    0.0015782455448061228,
    0.999997079372406
   ]
  ]
 },
 {
  "rotation_euler": [
   0.0015704385004937649,
   -0.0017856847262009978,
   -2.3502891063690186
  ],
  "euler_order": "XYZ",
  "rotation_matrix": [
   [
    -0.7029176354408264,
    0.7112712860107422,
    0.00013818344450555742
   ],
   [
    -0.7112690210342407,
    -0.7029159069061279,
    0.002373992232605815
   ],
   [
    0.0017856837948784232,
    0.0015704353572800756,
    0.9999971985816956
   ]
  ]
 },
 {
  "rotation_euler": [
   0.0015699404757469893,
   -0.001796077354811132,
   2.1440165042877197
  ],
  "euler_order": "XYZ",
  "rotation_matrix": [
   [
    -0.5423394441604614,
    -0.8401563167572021,
    0.002293082419782877
   ],
   [
    0.8401575684547424,
    -0.5423420071601868,
    -0.0006575460429303348
   ],
   [
    0.0017960764234885573,
    0.0015699373325333,
    0.9999971389770508
   ]
  ]
 },
 {
  "rotation_euler": [
   0.07378186285495758,
   -1.8538349866867065,
   1.1036373376846313
  ],
  "euler_order": "XYZ",
  "rotation_matrix": [
   [
    -0.12577177584171295,
    -0.9222989678382874,
    -0.36543959379196167
   ],
   [
    -0.24935078620910645,
    0.38592854142189026,
    -0.8881910443305969
   ],
   [
    0.9602112770080566,
    -0.020586716011166573,
    -0.27851489186286926
   ]
  ]
 },
 {
  "rotation_euler": [
   -2.131439685821533,
   -1.6155991554260254,
   0.8588944673538208
  ],
  "euler_order": "XYZ",
  "rotation_matrix": [
   [
    -0.02925877273082733,
    0.9552966952323914,
    -0.29419755935668945
   ],
   [
    -0.03390980511903763,
    0.29320552945137024,
    0.9554478526115417
   ],
   [
    0.9989964962005615,
    0.0379314124584198,
    0.0238150916993618
   ]
  ]
 },
 {
  "rotation_euler": [
   0.6330046057701111,
   -1.52371346950531,
   1.7124452590942383
  ],
  "euler_order": "XYZ",
  "rotation_matrix": [
   [
    -0.006644500885158777,
    -0.7147559523582458,
    0.6993423700332642
   ],
   [
    0.046594083309173584,
    -0.6988195180892944,
    -0.7137788534164429
   ],
   [
    0.9988918304443359,
    0.027842512354254723,
    0.037946704775094986
   ]
  ]
 },
 {
  "rotation_euler": [
   -2.788510322570801,
   -0.7414693236351013,
   1.1572424173355103
  ],
  "euler_order": "XYZ",
  "rotation_matrix": [
   [
    0.2963670492172241,
    0.9530612230300903,
    -0.06197447329759598
   ],
   [
    0.6753065586090088,
    -0.16322514414787292,
    0.7192486524581909
   ],
   [
    0.6753722429275513,
    -0.2550133764743805,
    -0.6919830441474915
   ]
  ]
 },
 {
  "rotation_euler": [
   1.3621041774749756,
   -1.5340451002120972,
   -1.4150525331497192
  ],
  "euler_order": "XYZ",
  "rotation_matrix": [
   [
    0.00569938076660037,
    0.05302608758211136,
    -0.9985768795013428
   ],
   [
    -0.0362982340157032,
    0.9979459643363953,
    0.05278541147708893
   ],
   [
    0.9993247389793396,
    0.03594573214650154,
    0.007612427230924368
   ]
  ]
 },
 {
  "rotation_euler": [
   0.001575398026034236,
   -0.0018404622096568346,
   0.3942808210849762
  ],
  "euler_order": "XYZ",
  "rotation_matrix": [
   [
    0.9232715368270874,
    -0.38414648175239563,
    -0.0010940661886706948
   ],
   [
    0.3841436505317688,
    0.9232708215713501,
    -0.0021615237928926945
   ],
   [
    0.0018404611619189382,
    0.001575394649989903,
    0.999997079372406
   ]
  ]
 },
 {
  "rotation_euler": [
   -0.03456055372953415,
   -1.7993721961975098,
   -0.8291710615158081
  ],
  "euler_order": "XYZ",
  "rotation_matrix": [
   [
    -0.15305909514427185,
    0.7596648335456848,
    -0.632046103477478
   ],
   [
    0.1670815348625183,
    0.6502676606178284,
    0.7411044239997864
   ],
   [
    0.9739900827407837,
    0.00782954040914774,
    -0.22645536065101624
   ]
  ]
 },
 {
  "rotation_euler": [
   0.0015763387782499194,
   -0.001811700640246272,
   -0.6787708401679993
  ],
  "euler_order": "XYZ",
  "rotation_matrix": [
   [
    0.7783437371253967,
    0.6278337836265564,
    -0.0023998087272047997
   ],
   [
    -0.627835750579834,
    0.7783458232879639,
    -8.948465256253257e-05
   ],
   [
    0.0018116995925083756,
    0.0015763355186209083,
    0.9999971389770508
   ]
  ]
 },
 {
  "rotation_euler": [
   1.5200774669647217,
   -1.5281317234039307,
   -0.1776847094297409
  ],
  "euler_order": "XYZ",
  "rotation_matrix": [
   [
    0.041980136185884476,
    -0.9731345772743225,
    -0.2263774275779724
   ],
   [
    -0.00753873260691762,
    0.22626221179962158,
    -0.974037230014801
   ],
   [
    0.9990900158882141,
    0.042596813291311264,
    0.0021623163484036922
   ]
  ]
 }
]