[
 {
  "rotation_euler": [
   -1.4495829343795776,
   0.2472991943359375,
   -0.25003984570503235
  ],
  "euler_order": "XYZ",
  "rotation_matrix": [
   [
    0.9394257068634033,
    -0.20551380515098572,
    0.2743053138256073
   ],
   [
    -0.2399146407842636,
    0.1772826910018921,
    0.9544693827629089
   ],
   [
    -0.24478621780872345,
    -0.9624629616737366,
    0.11723814159631729
   ]
  ]
 },
 {
  "rotation_euler": [
   1.4280258417129517,
   0.5180327892303467,
   1.9836180210113525
  ],
  "euler_order": "XYZ",
  "rotation_matrix": [
   [
    -0.3485566973686218,
    -0.32697242498397827,
    0.8784061074256897
   ],
   [
    0.7958096265792847,
    0.3918744623661041,
    0.4616508185863495
   ],
   [
    -0.49517199397087097,
    0.8599554896354675,
    0.12361732125282288
   ]
  ]
 },
 {
  "rotation_euler": [
   0.00033203334896825254,
   -0.00972524844110012,
   -0.33827486634254456
  ],
  "euler_order": "XYZ",
  "rotation_matrix": [
   [
    0.9432839751243591,
    0.3318571448326111,
    -0.00928414799273014
   ],
   [
    -0.3318445384502411,
    0.9433295726776123,
    0.002914155600592494
   ],
   [
    0.009725094772875309,
    0.0003320176328998059,
    0.9999526739120483
   ]
  ]
 },
 {
  "rotation_euler": [
   1.4460022449493408,
   0.3430231213569641,
   2.168652296066284
  ],
  "euler_order": "XYZ",
  "rotation_matrix": [
   [
    -0.5300799608230591,
    -0.2907218635082245,
    0.7965525984764099
   ],
   [
    0.7783916592597961,
    0.20577354729175568,
    0.5930966734886169
   ],
   [
    -0.3363356292247772,
    0.9344185590744019,
    0.11721904575824738
   ]
  ]
 },
 {
  "rotation_euler": [
   -0.035758547484874725,
   0.7811027765274048,
   1.0540128946304321
  ],
  "euler_order": "XYZ",
  "rotation_matrix": [
   [
    0.35086914896965027,
    -0.8812937140464783,
    0.31656306982040405
   ],
   [
    0.6174027919769287,
    0.47188639640808105,
    0.6293941736221313
   ],
   [
    -0.7040629982948303,
    -0.025388075038790703,
    0.7096835970878601
   ]
  ]
 },
 {
  "rotation_euler": [
   -1.5223109722137451,
   0.30555978417396545,
   2.876286268234253
  ],
  "euler_order": "XYZ",
  "rotation_matrix": [
   [
    -0.9203115701675415,
    0.27725252509117126,
    -0.27596667408943176
   ],
   [
    0.2500592768192291,
    -0.12555627524852753,
    -0.9600551724433899
   ],
   [
    -0.3008270859718323,
    -0.9525579810142517,
    0.04622133448719978
   ]
  ]
 },
 {
  "rotation_euler": [
   1.4238077402114868,
   0.5550485849380493,
   -1.7516001462936401
  ],
  "euler_order": "XYZ",
  "rotation_matrix": [
   [
    -0.1528247892856598,
    0.05033179372549057,
    -0.9869707822799683
   ],
   [
    -0.8360214233398438,
    -0.5391408801078796,
    0.1019572988152504
   ],
   [
    -0.5269845724105835,
    0.8407102823257446,
    0.12447255104780197
   ]
  ]
 },
 {
  "rotation_euler": [
   -0.035754673182964325,
   0.7810968160629272,
   -1.2549803256988525
  ],
  "euler_order": "XYZ",
  "rotation_matrix": [
   [
    0.22056449949741364,
    0.942118763923645,
    0.252514511346817
   ],
   [
    -0.6750204563140869,
    0.33431699872016907,
    -0.6577078104019165
   ],
   [
    -0.7040587663650513,
    -0.025385476648807526,
    0.7096878886222839
   ]
  ]
 },
 {
  "rotation_euler": [
   0.00036121084121987224,
   -0.009726782329380512,
   1.067444086074829
  ],
  "euler_order": "XYZ",
  "rotation_matrix": [
   [
    0.4823418855667114,
    -0.8759720921516418,
    -0.00437537208199501
   ],
   [
    0.875929057598114,
    0.4823615849018097,
    -0.008694474585354328
   ],
   [
    0.0097266286611557,
    0.00036119375727139413,
    0.9999526143074036
   ]
  ]
 },
 {
  "rotation_euler": [
   -1.4295614957809448,
   0.48324617743492126,
   1.9649121761322021
  ],
  "euler_order": "XYZ",
  "rotation_matrix": [
   [
    -0.3400215208530426,
    0.04667346924543381,
    -0.9392586946487427
   ],
   [
    0.8176063299179077,
    -0.47881489992141724,
    -0.319775253534317
   ],
   [
    -0.4646560847759247,
    -0.8766743540763855,
    0.12464684247970581
   ]
  ]
 },
 {
  "rotation_euler": [
   0.0003351709165144712,
   -0.0097265699878335,
   -2.2910234928131104
  ],
  "euler_order": "XYZ",
  "rotation_matrix": [
   [
    -0.6595242619514465,
    0.751658022403717,
    0.0061631775461137295
   ],
   [
    -0.751620352268219,
    -0.6595529317855835,
    0.007531981915235519
   ],
   [
    0.009726416319608688,
    0.00033515505492687225,
    0.9999526143074036
   ]
  ]
 },
 {
  "rotation_euler": [
   0.0003330244799144566,
   -0.00972661841660738,
   0.2910240888595581
  ],
  "euler_order": "XYZ",
  "rotation_matrix": [
   [
    0.9579052329063416,
    -0.286936491727829,
    -0.00922191608697176
   ],
   [
    0.28691983222961426,
    0.9579495787620544,
    -0.0031098686158657074
   ],
   [
    0.009726464748382568,
    0.0003330087347421795,
    0.9999526143074036
   ]
  ]
 },
 {
  "rotation_euler": [
   1.423809289932251,
   0.5550472736358643,
   0.7139284610748291
  ],
  "euler_order": "XYZ",
  "rotation_matrix": [
   [
    0.6423319578170776,
    0.2980947196483612,
    0.7060801386833191
   ],
   [
    0.5565052628517151,
    0.4520445168018341,
    -0.697106659412384
   ],
   [
    -0.5269834995269775,
    0.8407111763954163,
    0.12447135150432587
   ]
  ]
 },
 {
  "rotation_euler": [
   0.00037774565862491727,
   -0.009721660055220127,
   0.11825595051050186
  ],
  "euler_order": "XYZ",
  "rotation_matrix": [
   [
    0.9929689764976501,
    -0.11798415333032608,
    -0.009609043598175049
   ],
   [
    0.11797494441270828,
    0.9930154085159302,
    -0.0015220558270812035
   ],
   [
    0.00972150731831789,
    0.00037772778887301683,
    0.9999526739120483
   ]
  ]
 },
 {
  "rotation_euler": [
   -1.429561734199524,
   0.48324617743492126,
   1.8000003099441528
  ],
  "euler_order": "XYZ",
  "rotation_matrix": [
   [
    -0.20118573307991028,
    -0.03256435692310333,
    -0.9790116548538208
   ],
   [
    0.8623334765434265,
    -0.47998085618019104,
    -0.16124314069747925
   ],
   [
    -0.4646560847759247,
    -0.8766743540763855,
    0.1246466338634491
   ]
  ]
 },
 {
  "rotation_euler": [
   0.000331677874783054,
   -0.00972463097423315,
   0.5218782424926758
  ],
  "euler_order": "XYZ",
  "rotation_matrix": [
   [
    0.8668434023857117,
    -0.49851199984550476,
    -0.008264653384685516
   ],
   [
    0.49848565459251404,
    0.8668827414512634,
    -0.005135267972946167
   ],
   [
    0.009724477306008339,
    0.0003316621878184378,
    0.9999526739120483
   ]
  ]
 }
]