[
 {
  "rotation_euler": [
   -0.11568454653024673,
   -0.0021205716766417027,
   1.331191897392273
  ],
  "euler_order": "XYZ",
  "rotation_matrix": [
   [
    0.23731784522533417,
    -0.9648807644844055,
    -0.11262905597686768
   ],
   [
    0.9714297652244568,
    0.2359699159860611,
    0.025346653535962105
   ],
   [
    0.002120570046827197,
    -0.1154264286160469,
    0.9933137893676758
   ]
  ]
 },
 {
  "rotation_euler": [
   -0.11568451672792435,
   -0.0021206762176007032,
   -0.647746741771698
  ],
  "euler_order": "XYZ",
  "rotation_matrix": [
   [
    0.7974436283111572,
    0.5995532274246216,
    0.06796759366989136
   ],
   [
    -0.6033897399902344,
    0.7919675707817078,
    0.09331750124692917
   ],
   [
    0.0021206745877861977,
    -0.11542639881372452,
    0.9933137893676758
   ]
  ]
 },
 {
  "rotation_euler": [
   -0.11568453162908554,
   -0.0021206822711974382,
   2.5613045692443848
  ],
  "euler_order": "XYZ",
  "rotation_matrix": [
   [
    -0.8363028764724731,
    -0.5448049902915955,
    -0.0615227110683918
   ],
   [
    0.548263669013977,
    -0.8305806517601013,
    -0.09768679738044739
   ],
   [
    0.0021206806413829327,
    -0.11542641371488571,
    0.9933137893676758
   ]
  ]
 },
 {
  "rotation_euler": [
   -0.11568453162908554,
   -0.002120676916092634,
   1.637976050376892
  ],
  "euler_order": "XYZ",
  "rotation_matrix": [
   [
    -0.06712905317544937,
    -0.991091787815094,
    -0.11502489447593689
   ],
   [
    0.9977420568466187,
    -0.0664362832903862,
    -0.009850249625742435
   ],
   [
    0.0021206752862781286,
    -0.11542641371488571,
    0.9933137893676758
   ]
  ]
 },
 {
  "rotation_euler": [
   -0.11568453907966614,
   -0.002120682504028082,
   -0.756409764289856
  ],
  "euler_order": "XYZ",
  "rotation_matrix": [
   [
    0.7273030877113342,
    0.6819053888320923,
    0.07768695056438446
   ],
   [
    -0.6863131523132324,
    0.72227543592453,
    0.08539609611034393
   ],
   [
    0.0021206808742135763,
    -0.11542642116546631,
    0.9933137893676758
   ]
  ]
 },
 {
  "rotation_euler": [
   -0.11568452417850494,
   -0.002120677614584565,
   -1.8332170248031616
  ],
  "euler_order": "XYZ",
  "rotation_matrix": [
   [
    -0.2594185471534729,
    0.9592461585998535,
    0.11202148348093033
   ],
   [
    -0.9657626748085022,
    -0.25792157649993896,
    -0.027909500524401665
   ],
   [
    0.0021206759847700596,
    -0.11542640626430511,
    0.9933137893676758
   ]
  ]
 },
 {
  "rotation_euler": [
   -0.11568455398082733,
   -0.002120682504028082,
   -0.5852580666542053
  ],
  "euler_order": "XYZ",
  "rotation_matrix": [
   [
    0.8335676789283752,
    0.5489262342453003,
    0.06200746074318886
   ],
   [
    -0.552413284778595,
    0.8278627395629883,
    0.09737984091043472
   ],
   [
    0.0021206808742135763,
    -0.1154264360666275,
    0.9933137893676758
   ]
  ]
 },
 {
  "rotation_euler": [
   -0.11568453907966614,
   -0.0021206785459071398,
   -2.072389841079712
  ],
  "euler_order": "XYZ",
  "rotation_matrix": [
   [
    -0.48082229495048523,
    0.8708391189575195,
    0.10222098231315613
   ],
   [
    -0.8768154978752136,
    -0.4778241813182831,
    -0.05365282669663429
   ],
   [
    0.002120676916092634,
    -0.11542642116546631,
    0.9933137893676758
   ]
  ]
 },
 {
  "rotation_euler": [
   -0.11568451672792435,
   -0.002120679011568427,
   2.8080809116363525
  ],
  "euler_order": "XYZ",
  "rotation_matrix": [
   [
    -0.9448964595794678,
    -0.3254064917564392,
    -0.035796016454696655
   ],
   [
    0.3273625373840332,
    -0.9385027289390564,
    -0.10975607484579086
   ],
   [
    0.0021206773817539215,
    -0.11542639881372452,
    0.9933137893676758
   ]
  ]
 },
 {
  "rotation_euler": [
   -0.11568452417850494,
   -0.002120677614584565,
   2.384891986846924
  ],
  "euler_order": "XYZ",
  "rotation_matrix": [
   [
    -0.7271034121513367,
    -0.6821154952049255,
    -0.07771178334951401
   ],
   [
    0.6865246891975403,
    -0.7220770120620728,
    -0.08537347614765167
   ],
   [
    0.0021206759847700596,
    -0.11542640626430511,
    0.9933137893676758
   ]
  ]
 },
 {
  "rotation_euler": [
   -0.11568452417850494,
   -0.002120680408552289,
   1.6277486085891724
  ],
  "euler_order": "XYZ",
  "rotation_matrix": [
   [
    -0.05692137032747269,
    -0.9917194247245789,
    -0.11511961370706558
   ],
   [
    0.9983764290809631,
    -0.05629665032029152,
    -0.008673347532749176
   ],
   [
    0.0021206787787377834,
    -0.11542640626430511,
    0.9933137893676758
   ]
  ]
 },
 {
  "rotation_euler": [
   -0.11568451672792435,
   -0.0021206766832619905,
   1.8417918682098389
  ],
  "euler_order": "XYZ",
  "rotation_matrix": [
   [
    -0.26769018173217773,
    -0.9571303129196167,
    -0.11065025627613068
   ],
   [
    0.9635027050971985,
    -0.2656656801700592,
    -0.03292827680706978
   ],
   [
    0.002120675053447485,
    -0.11542639881372452,
    0.9933137893676758
   ]
  ]
 },
 {
  "rotation_euler": [
   -0.11568453907966614,
   -0.0021206906531006098,
   2.116380214691162
  ],
  "euler_order": "XYZ",
  "rotation_matrix": [
   [
    -0.518916130065918,
    -0.8492377996444702,
    -0.09757643938064575
   ],
   [
    0.8548225164413452,
    -0.5152395963668823,
    -0.06169760227203369
   ],
   [
    0.002120689023286104,
    -0.11542642116546631,
    0.9933137893676758
   ]
  ]
 },
 {
  "rotation_euler": [
   -0.11568453162908554,
   -0.002120734890922904,
   -0.6540609002113342
  ],
  "euler_order": "XYZ",
  "rotation_matrix": [
   [
    0.793617844581604,
    0.6045418381690979,
    0.06855542212724686
   ],
   [
    -0.6084128618240356,
    0.7881661653518677,
    0.0928865298628807
   ],
   [
    0.0021207332611083984,
    -0.11542641371488571,
    0.9933137893676758
   ]
  ]
 },
 {
  "rotation_euler": [
   -0.11568452417850494,
   -0.002120677614584565,
   -2.7897491455078125
  ],
  "euler_order": "XYZ",
  "rotation_matrix": [
   [
    -0.9387368559837341,
    0.34209567308425903,
    0.041756827384233475
   ],
   [
    -0.3446281850337982,
    -0.9325488209724426,
    -0.10762954503297806
   ],
   [
    0.0021206759847700596,
    -0.11542640626430511,
    0.9933137893676758
   ]
  ]
 },
 {
  "rotation_euler": [
   -0.11568451672792435,
   -0.002120679011568427,
   -0.7591152787208557
  ],
  "euler_order": "XYZ",
  "rotation_matrix": [
   [
    0.7254436016082764,
    0.6838570237159729,
    0.07791769504547119
   ],
   [
    -0.6882783770561218,
    0.7204278707504272,
    0.08518557995557785
   ],
   [
    0.0021206773817539215,
    -0.11542639881372452,
    0.9933137893676758
   ]
  ]
 }
]