[
 {
  "rotation_euler": [
   0.38873589038848877,
   1.506457805633545,
   -0.38304227590560913
  ],
  "euler_order": "XYZ",
  "rotation_matrix": [
   [
    0.059634868055582047,
    0.6966833472251892,
    0.7148957848548889
   ],
   [
    -0.024029551073908806,
    0.7169647812843323,
    -0.69669508934021
   ],
   [
    -0.9979310035705566,
    0.02436869777739048,
    0.05949708819389343
   ]
  ]
 },
 {
  "rotation_euler": [
   -2.7528693675994873,
   1.6351300477981567,
   -0.2734559178352356
  ],
  "euler_order": "XYZ",
  "rotation_matrix": [
   [
    -0.06190057471394539,
    -0.6140820384025574,
    -0.7868109941482544
   ],
   [
    0.017362017184495926,
    -0.7888659834861755,
    0.6143199801445007
   ],
   [
    -0.9979313015937805,
    0.02436613105237484,
    0.05949296057224274
   ]
  ]
 },
 {
  "rotation_euler": [
   0.0011050347238779068,
   1.913932828756515e-05,
   -0.9774436950683594
  ],
  "euler_order": "XYZ",
  "rotation_matrix": [
   [
    0.5591437220573425,
    0.8290702700614929,
    -0.000905450142454356
   ],
   [
    -0.8290707468986511,
    0.5591433644294739,
    -0.0006337409722618759
   ],
   [
    -1.913932828756515e-05,
    0.0011050344910472631,
    0.9999994039535522
   ]
  ]
 },
 {
  "rotation_euler": [
   0.38872307538986206,
   1.5064624547958374,
   -1.0921417474746704
  ],
  "euler_order": "XYZ",
  "rotation_matrix": [
   [
    0.029610805213451385,
    0.995597779750824,
    0.08892859518527985
   ],
   [
    -0.05706435441970825,
    0.09050627052783966,
    -0.9942596554756165
   ],
   [
    -0.9979313015937805,
    0.02436617575585842,
    0.05949310585856438
   ]
  ]
 },
 {
  "rotation_euler": [
   0.3887217938899994,
   1.506462574005127,
   2.6291229724884033
  ],
  "euler_order": "XYZ",
  "rotation_matrix": [
   [
    -0.056030526757240295,
    -0.7833836674690247,
    -0.6190077662467957
   ],
   [
    0.03152308985590935,
    -0.6210606694221497,
    0.7831283211708069
   ],
   [
    -0.9979313015937805,
    0.02436605468392372,
    0.05949302762746811
   ]
  ]
 },
 {
  "rotation_euler": [
   0.3887234628200531,
   -1.5064624547958374,
   1.2026612758636475
  ],
  "euler_order": "XYZ",
  "rotation_matrix": [
   [
    0.023136252537369728,
    -0.999505877494812,
    0.021275892853736877
   ],
   [
    0.05998211354017258,
    -0.019855432212352753,
    -0.9980019330978394
   ],
   [
    0.9979313015937805,
    0.02436619997024536,
    0.05949309840798378
   ]
  ]
 },
 {
  "rotation_euler": [
   0.3887209892272949,
   1.5064624547958374,
   -1.8826534748077393
  ],
  "euler_order": "XYZ",
  "rotation_matrix": [
   [
    -0.01972573809325695,
    0.7647101879119873,
    -0.6440723538398743
   ],
   [
    -0.06118852272629738,
    -0.6439135074615479,
    -0.7626475691795349
   ],
   [
    -0.9979313015937805,
    0.024366050958633423,
    0.059493158012628555
   ]
  ]
 },
 {
  "rotation_euler": [
   0.0011679092422127724,
   -0.0001513766765128821,
   -2.495155096054077
  ],
  "euler_order": "XYZ",
  "rotation_matrix": [
   [
    -0.7982347011566162,
    0.6023463010787964,
    -0.0005826519336551428
   ],
   [
    -0.6023465394973755,
    -0.7982340455055237,
    0.0010234465589746833
   ],
   [
    0.0001513766765128821,
    0.0011679090093821287,
    0.9999992847442627
   ]
  ]
 },
 {
  "rotation_euler": [
   0.38872256875038147,
   -1.506462574005127,
   1.4332878589630127
  ],
  "euler_order": "XYZ",
  "rotation_matrix": [
   [
    0.008812501095235348,
    -0.9685038328170776,
    0.24884255230426788
   ],
   [
    0.06368253380060196,
    -0.2478034794330597,
    -0.9667150378227234
   ],
   [
    0.9979313015937805,
    0.024366101250052452,
    0.05949300900101662
   ]
  ]
 },
 {
  "rotation_euler": [
   0.38872241973876953,
   1.506462574005127,
   2.256315231323242
  ],
  "euler_order": "XYZ",
  "rotation_matrix": [
   [
    -0.04069998860359192,
    -0.9557819366455078,
    -0.29124632477760315
   ],
   [
    0.04976581037044525,
    -0.2930651903152466,
    0.9547963738441467
   ],
   [
    -0.9979313015937805,
    0.024366091936826706,
    0.059493012726306915
   ]
  ]
 },
 {
  "rotation_euler": [
   0.38871029019355774,
   1.5064632892608643,
   -1.3219677209854126
  ],
  "euler_order": "XYZ",
  "rotation_matrix": [
   [
    0.015832293778657913,
    0.9900394082069397,
    -0.1398973912000656
   ],
   [
    -0.06230868026614189,
    -0.1386660933494568,
    -0.9883771538734436
   ],
   [
    -0.9979313611984253,
    0.024365099146962166,
    0.059492647647857666
   ]
  ]
 },
 {
  "rotation_euler": [
   0.3887283504009247,
   -1.506462574005127,
   -1.8151248693466187
  ],
  "euler_order": "XYZ",
  "rotation_matrix": [
   [
    -0.01555191446095705,
    0.9894027709960938,
    -0.14436160027980804
   ],
   [
    -0.06237998604774475,
    0.14313773810863495,
    0.9877349734306335
   ],
   [
    0.9979313015937805,
    0.02436644397675991,
    0.059492867439985275
   ]
  ]
 },
 {
  "rotation_euler": [
   0.0010930653661489487,
   6.10462375334464e-05,
   -2.6004786491394043
  ],
  "euler_order": "XYZ",
  "rotation_matrix": [
   [
    -0.8571354150772095,
    0.515090823173523,
    -0.0006153530557639897
   ],
   [
    -0.5150911808013916,
    -0.8571349382400513,
    0.0009054604452103376
   ],
   [
    -6.10462375334464e-05,
    0.001093065133318305,
    0.9999994039535522
   ]
  ]
 },
 {
  "rotation_euler": [
   0.0011044550919905305,
   1.396716743329307e-05,
   0.9035989046096802
  ],
  "euler_order": "XYZ",
  "rotation_matrix": [
   [
    0.6187868118286133,
    -0.7855584621429443,
    0.0008762570796534419
   ],
   [
    0.7855589389801025,
    0.6187864542007446,
    -0.0006724501145072281
   ],
   [
    -1.396716743329307e-05,
    0.0011044548591598868,
    0.9999994039535522
   ]
  ]
 },
 {
  "rotation_euler": [
   0.39105403423309326,
   -1.5055769681930542,
   -0.7843202948570251
  ],
  "euler_order": "XYZ",
  "rotation_matrix": [
   [
    0.04613400995731354,
    0.3837810158729553,
    -0.9222710132598877
   ],
   [
    -0.046034663915634155,
    0.9230899214744568,
    0.3818190395832062
   ],
   [
    0.9978739619255066,
    0.024841591715812683,
    0.060253068804740906
   ]
  ]
 },
 {
  "rotation_euler": [
   0.38872385025024414,
   1.506462574005127,
   0.863789439201355
  ],
  "euler_order": "XYZ",
  "rotation_matrix": [
   [
    0.04175987467169762,
    -0.4579060673713684,
    0.8880192041397095
   ],
   [
    0.04887982830405235,
    0.888666570186615,
    0.45594125986099243
   ],
   [
    -0.9979313015937805,
    0.02436617761850357,
    0.05949297547340393
   ]
  ]
 }
]