[
 {
  "rotation_euler": [
   1.6794151067733765,
   -0.15047764778137207,
   1.825904130935669
  ],
  "euler_order": "XYZ",
  "rotation_matrix": [
   [
    -0.24949806928634644,
    0.14250381290912628,
    0.9578326344490051
   ],
   [
    0.956701397895813,
    -0.11684779822826385,
    0.2665877044200897
   ],
   [
    0.14991040527820587,
    0.9828729629516602,
    -0.10718029737472534
   ]
  ]
 },
 {
  "rotation_euler": [
   1.6868647336959839,
   -0.28612732887268066,
   0.9049688577651978
  ],
  "euler_order": "XYZ",
  "rotation_matrix": [
   [
    0.5925965309143066,
    -0.08209683746099472,
    0.8013048768043518
   ],
   [
    0.7544338703155518,
    -0.29199686646461487,
    -0.5878497958183289
   ],
   [
    0.2822391390800476,
    0.9528892636299133,
    -0.11109969019889832
   ]
  ]
 },
 {
  "rotation_euler": [
   1.6802412271499634,
   -0.1677791178226471,
   -1.7892515659332275
  ],
  "euler_order": "XYZ",
  "rotation_matrix": [
   [
    -0.21367864310741425,
    -0.07065608352422714,
    -0.9743455052375793
   ],
   [
    -0.9625251889228821,
    0.18572059273719788,
    0.19761858880519867
   ],
   [
    0.16699306666851044,
    0.9800589680671692,
    -0.10769278556108475
   ]
  ]
 },
 {
  "rotation_euler": [
   1.6783262491226196,
   -0.12683191895484924,
   -0.7005497217178345
  ],
  "euler_order": "XYZ",
  "rotation_matrix": [
   [
    0.7583472728729248,
    -0.16532756388187408,
    -0.6305364370346069
   ],
   [
    -0.639460027217865,
    -0.0009763155248947442,
    -0.7688236832618713
   ],
   [
    0.12649214267730713,
    0.9862382411956787,
    -0.10646075755357742
   ]
  ]
 },
 {
  "rotation_euler": [
   1.680775761604309,
   -0.1789395660161972,
   -1.8474913835525513
  ],
  "euler_order": "XYZ",
  "rotation_matrix": [
   [
    -0.2688160836696625,
    -0.05725492537021637,
    -0.9614883065223694
   ],
   [
    -0.9466038346290588,
    0.20016519725322723,
    0.2527351379394531
   ],
   [
    0.17798617482185364,
    0.9780877828598022,
    -0.1080053523182869
   ]
  ]
 },
 {
  "rotation_euler": [
   1.679091215133667,
   -0.14345905184745789,
   2.2076964378356934
  ],
  "euler_order": "XYZ",
  "rotation_matrix": [
   [
    -0.5885969996452332,
    0.17141841351985931,
    0.7900438904762268
   ],
   [
    0.7956845164299011,
    -0.0499865747988224,
    0.6036451458930969
   ],
   [
    0.14296747744083405,
    0.9839293956756592,
    -0.10697303712368011
   ]
  ]
 },
 {
  "rotation_euler": [
   1.6821403503417969,
   -0.20811547338962555,
   1.2498106956481934
  ],
  "euler_order": "XYZ",
  "rotation_matrix": [
   [
    0.30869412422180176,
    0.04065471515059471,
    0.9502921104431152
   ],
   [
    0.9284490346908569,
    -0.2299060821533203,
    -0.2917628884315491
   ],
   [
    0.20661640167236328,
    0.972363293170929,
    -0.10871648788452148
   ]
  ]
 },
 {
  "rotation_euler": [
   1.6797648668289185,
   -0.1577392965555191,
   1.6860100030899048
  ],
  "euler_order": "XYZ",
  "rotation_matrix": [
   [
    -0.11353173106908798,
    0.1259833425283432,
    0.9855144619941711
   ],
   [
    0.9810374975204468,
    -0.142616868019104,
    0.131247416138649
   ],
   [
    0.15708597004413605,
    0.9817273616790771,
    -0.10740283876657486
   ]
  ]
 },
 {
  "rotation_euler": [
   1.6820924282073975,
   -0.20626601576805115,
   -1.7603493928909302
  ],
  "euler_order": "XYZ",
  "rotation_matrix": [
   [
    -0.184425950050354,
    -0.07072623074054718,
    -0.9802983403205872
   ],
   [
    -0.9612706899642944,
    0.220820814371109,
    0.16491451859474182
   ],
   [
    0.20480650663375854,
    0.9727466106414795,
    -0.10871214419603348
   ]
  ]
 },
 {
  "rotation_euler": [
   1.6817203760147095,
   -0.2012755572795868,
   2.776076316833496
  ],
  "euler_order": "XYZ",
  "rotation_matrix": [
   [
    -0.9150853157043457,
    0.22513151168823242,
    0.3345664143562317
   ],
   [
    0.350215882062912,
    0.03236570954322815,
    0.9361096620559692
   ],
   [
    0.19991929829120636,
    0.9737906455993652,
    -0.10846201330423355
   ]
  ]
 },
 {
  "rotation_euler": [
   1.6821115016937256,
   -0.20667852461338043,
   -1.2372232675552368
  ],
  "euler_order": "XYZ",
  "rotation_matrix": [
   [
    0.320453017950058,
    -0.17173656821250916,
    -0.9315666556358337
   ],
   [
    -0.9247695207595825,
    0.15632694959640503,
    -0.34693408012390137
   ],
   [
    0.20521025359630585,
    0.972660481929779,
    -0.1087213009595871
   ]
  ]
 },
 {
  "rotation_euler": [
   1.6794477701187134,
   -0.15106582641601562,
   -2.6296627521514893
  ],
  "euler_order": "XYZ",
  "rotation_matrix": [
   [
    -0.8618720173835754,
    0.07730589807033539,
    -0.5011990070343018
   ],
   [
    -0.4842817485332489,
    0.1678214967250824,
    0.8586658835411072
   ],
   [
    0.15049190819263458,
    0.9827816486358643,
    -0.10720282047986984
   ]
  ]
 },
 {
  "rotation_euler": [
   1.684531807899475,
   -0.24489954113960266,
   0.11153281480073929
  ],
  "euler_order": "XYZ",
  "rotation_matrix": [
   [
    0.9641337394714355,
    -0.22676393389701843,
    0.13792839646339417
   ],
   [
    0.10798066854476929,
    -0.13959701359272003,
    -0.9843032360076904
   ],
   [
    0.24245886504650116,
    0.9638935327529907,
    -0.11010406911373138
   ]
  ]
 },
 {
  "rotation_euler": [
   1.6779444217681885,
   -0.10909684002399445,
   -1.0235817432403564
  ],
  "euler_order": "XYZ",
  "rotation_matrix": [
   [
    0.517217218875885,
    -0.14765384793281555,
    -0.8430211544036865
   ],
   [
    -0.8489000797271729,
    0.03680459409952164,
    -0.5272703766822815
   ],
   [
    0.10888055711984634,
    0.9883540868759155,
    -0.10630739480257034
   ]
  ]
 },
 {
  "rotation_euler": [
   1.6762174367904663,
   -0.023405497893691063,
   2.3208796977996826
  ],
  "euler_order": "XYZ",
  "rotation_matrix": [
   [
    -0.6815130710601807,
    0.0928521677851677,
    0.7258914709091187
   ],
   [
    0.7314316630363464,
    0.05470491573214531,
    0.679716944694519
   ],
   [
    0.023403361439704895,
    0.9941759705543518,
    -0.10519713163375854
   ]
  ]
 },
 {
  "rotation_euler": [
   -1.4634239673614502,
   -3.022291898727417,
   0.11075454205274582
  ],
  "euler_order": "XYZ",
  "rotation_matrix": [
   [
    -0.9868086576461792,
    0.10576263815164566,
    -0.122568279504776
   ],
   [
    -0.10974262654781342,
    0.11958864331245422,
    0.9867396354675293
   ],
   [
    0.11901795864105225,
    0.9871741533279419,
    -0.10640443861484528
   ]
  ]
 }
]