[
 {
  "rotation_euler": [
   -2.5979104042053223,
   0.6812809705734253,
   -0.8254525065422058
  ],
  "euler_order": "XYZ",
  "rotation_matrix": [
   [
    0.5268221497535706,
    -0.8498504161834717,
    0.014584733173251152
   ],
   [
    -0.5708106160163879,
    -0.34102731943130493,
    0.7469106912612915
   ],
   [
    -0.6297885775566101,
    -0.40181422233581543,
    -0.664764404296875
   ]
  ]
 },
 {
  "rotation_euler": [
   -2.387641191482544,
   -0.5157610774040222,
   0.7274680137634277
  ],
  "euler_order": "XYZ",
  "rotation_matrix": [
   [
    0.6497071385383606,
    0.7369083762168884,
    -0.18667279183864594
   ],
   [
    0.5784784555435181,
    -0.31995242834091187,
    0.7503286600112915
   ],
   [
    0.4931970536708832,
    -0.5954800844192505,
    -0.6341609954833984
   ]
  ]
 },
 {
  "rotation_euler": [
   -2.4441142082214355,
   -0.545019268989563,
   -0.5897887945175171
  ],
  "euler_order": "XYZ",
  "rotation_matrix": [
   [
    0.710652232170105,
    -0.1495673656463623,
    0.6874613165855408
   ],
   [
    -0.475603848695755,
    -0.8221771121025085,
    0.31277117133140564
   ],
   [
    0.5184345841407776,
    -0.5492307543754578,
    -0.6554167866706848
   ]
  ]
 },
 {
  "rotation_euler": [
   -1.2557982206344604,
   1.0417301654815674,
   -1.1906063556671143
  ],
  "euler_order": "XYZ",
  "rotation_matrix": [
   [
    0.18730276823043823,
    -0.0169052854180336,
    0.9821567535400391
   ],
   [
    -0.46868690848350525,
    0.8771640062332153,
    0.10447931289672852
   ],
   [
    -0.8632788062095642,
    -0.4798932671546936,
    0.15637195110321045
   ]
  ]
 },
 {
  "rotation_euler": [
   1.1302883625030518,
   -2.818459987640381,
   0.2824901044368744
  ],
  "euler_order": "XYZ",
  "rotation_matrix": [
   [
    -0.910660982131958,
    -0.3946983516216278,
    0.12210574001073837
   ],
   [
    -0.2643214166164398,
    0.3294350206851959,
    -0.9064252376556396
   ],
   [
    0.31753864884376526,
    -0.8577212691307068,
    -0.404330849647522
   ]
  ]
 },
 {
  "rotation_euler": [
   3.084444046020508,
   0.6350652575492859,
   -0.9310150146484375
  ],
  "euler_order": "XYZ",
  "rotation_matrix": [
   [
    0.480620801448822,
    -0.7806873321533203,
    -0.39941319823265076
   ],
   [
    -0.6458186507225037,
    -0.6232278347015381,
    0.44102755188941956
   ],
   [
    -0.5932300686836243,
    0.045981474220752716,
    -0.8037187457084656
   ]
  ]
 },
 {
  "rotation_euler": [
   -2.6437978744506836,
   0.5505122542381287,
   -1.0937095880508423
  ],
  "euler_order": "XYZ",
  "rotation_matrix": [
   [
    0.3913504481315613,
    -0.8952258825302124,
    0.2131091058254242
   ],
   [
    -0.7570906281471252,
    -0.18157045543193817,
    0.6275714635848999
   ],
   [
    -0.5231238603591919,
    -0.40694326162338257,
    -0.7488247752189636
   ]
  ]
 },
 {
  "rotation_euler": [
   -0.6807482242584229,
   -2.5669667720794678,
   -0.2826105058193207
  ],
  "euler_order": "XYZ",
  "rotation_matrix": [
   [
    -0.8060975074768066,
    0.5452136397361755,
    -0.23010630905628204
   ],
   [
    0.2340768575668335,
    0.650881826877594,
    0.7221917510032654
   ],
   [
    0.5435208082199097,
    0.5282943844795227,
    -0.6522961258888245
   ]
  ]
 },
 {
  "rotation_euler": [
   -1.1918398141860962,
   -0.44958698749542236,
   -2.0128588676452637
  ],
  "euler_order": "XYZ",
  "rotation_matrix": [
   [
    -0.38529226183891296,
    0.16165798902511597,
    0.9085243940353394
   ],
   [
    -0.814050555229187,
    -0.5232136249542236,
    -0.2521294057369232
   ],
   [
    0.4345935881137848,
    -0.8367282748222351,
    0.33318793773651123
   ]
  ]
 },
 {
  "rotation_euler": [
   -0.14100883901119232,
   -0.003151572309434414,
   -0.406432181596756
  ],
  "euler_order": "XYZ",
  "rotation_matrix": [
   [
    0.9185326099395752,
    0.39181771874427795,
    0.052695032209157944
   ],
   [
    -0.3953327238559723,
    0.9092453122138977,
    0.13032661378383636
   ],
   [
    0.0031515671871602535,
    -0.14054131507873535,
    0.9900698065757751
   ]
  ]
 },
 {
  "rotation_euler": [
   -2.3625853061676025,
   -0.20293673872947693,
   -1.5890443325042725
  ],
  "euler_order": "XYZ",
  "rotation_matrix": [
   [
    -0.01787254400551319,
    -0.7140766382217407,
    0.6998393535614014
   ],
   [
    -0.9793158173561096,
    -0.12859298288822174,
    -0.15621885657310486
   ],
   [
    0.20154666900634766,
    -0.6881558299064636,
    -0.6970082521438599
   ]
  ]
 },
 {
  "rotation_euler": [
   2.576083183288574,
   0.14034518599510193,
   1.2184861898422241
  ],
  "euler_order": "XYZ",
  "rotation_matrix": [
   [
    0.34167417883872986,
    0.8183212876319885,
    0.462178498506546
   ],
   [
    0.9293497204780579,
    -0.22099268436431885,
    -0.29575544595718384
   ],
   [
    -0.13988491892814636,
    0.5305774807929993,
    -0.8360142111778259
   ]
  ]
 },
 {
  "rotation_euler": [
   -0.11959269642829895,
   0.000579126994125545,
   -2.795408248901367
  ],
  "euler_order": "XYZ",
  "rotation_matrix": [
   [
    -0.9406740665435791,
    0.33695244789123535,
    0.03994158282876015
   ],
   [
    -0.33931100368499756,
    -0.933931827545166,
    -0.11242489516735077
   ],
   [
    -0.0005791269359178841,
    -0.11930780112743378,
    0.9928571581840515
   ]
  ]
 },
 {
  "rotation_euler": [
   -2.591779947280884,
   -0.08790042251348495,
   -1.1803454160690308
  ],
  "euler_order": "XYZ",
  "rotation_matrix": [
   [
    0.37913599610328674,
    -0.7709931135177612,
    0.5116889476776123
   ],
   [
    -0.9211673736572266,
    -0.36693158745765686,
    0.12966077029705048
   ],
   [
    0.08778727054595947,
    -0.520510196685791,
    -0.8493306636810303
   ]
  ]
 },
 {
  "rotation_euler": [
   -2.3648293018341064,
   -0.3834434747695923,
   0.5813401341438293
  ],
  "euler_order": "XYZ",
  "rotation_matrix": [
   [
    0.7750385403633118,
    0.6108083128929138,
    -0.16195225715637207
   ],
   [
    0.5092665553092957,
    -0.45201829075813293,
    0.7323434948921204
   ],
   [
    0.37411609292030334,
    -0.6500712633132935,
    -0.6613958477973938
   ]
  ]
 },
 {
  "rotation_euler": [
   -2.4145545959472656,
   -0.5792934894561768,
   0.8267542719841003
  ],
  "euler_order": "XYZ",
  "rotation_matrix": [
   [
    0.5667709112167358,
    0.7961313128471375,
    -0.21200387179851532
   ],
   [
    0.6157012581825256,
    -0.238315150141716,
    0.7510777711868286
   ],
   [
    0.5474328398704529,
    -0.5562201142311096,
    -0.6252491474151611
   ]
  ]
 }
]