[
 {
  "rotation_euler": [
   -0.017561955377459526,
   0.0008067236631177366,
   0.9625599980354309
  ],
  "euler_order": "XYZ",
  "rotation_matrix": [
   [
    0.5714207887649536,
    -0.8205386400222778,
    -0.013950694352388382
   ],
   [
    0.8206568360328674,
    0.5713212490081787,
    0.010696695186197758
   ],
   [
    -0.0008067235467024148,
    -0.0175610464066267,
    0.9998454451560974
   ]
  ]
 },
 {
  "rotation_euler": [
   -0.017581770196557045,
   0.0008102545980364084,
   -2.977617025375366
  ],
  "euler_order": "XYZ",
  "rotation_matrix": [
   [
    -0.986585795879364,
    0.16323061287403107,
    0.0020706693176180124
   ],
   [
    -0.16324172914028168,
    -0.9864313006401062,
    -0.017477283254265785
   ],
   [
    -0.0008102544816210866,
    -0.01758085936307907,
    0.9998450875282288
   ]
  ]
 },
 {
  "rotation_euler": [
   -0.017553361132740974,
   0.0008129563648253679,
   -2.1040868759155273
  ],
  "euler_order": "XYZ",
  "rotation_matrix": [
   [
    -0.5083695650100708,
    0.8610135316848755,
    0.014701887965202332
   ],
   [
    -0.861138641834259,
    -0.5082790851593018,
    -0.009623099118471146
   ],
   [
    -0.0008129562484100461,
    -0.0175524540245533,
    0.9998456239700317
   ]
  ]
 },
 {
  "rotation_euler": [
   -0.017581824213266373,
   0.0008102837018668652,
   0.4932527542114258
  ],
  "euler_order": "XYZ",
  "rotation_matrix": [
   [
    0.8807970881462097,
    -0.4734327793121338,
    -0.0076108635403215885
   ],
   [
    0.4734932482242584,
    0.880654513835907,
    0.015868831425905228
   ],
   [
    -0.0008102835854515433,
    -0.0175809133797884,
    0.9998450875282288
   ]
  ]
 },
 {
  "rotation_euler": [
   -0.017553605139255524,
   0.0008129678899422288,
   -1.1487692594528198
  ],
  "euler_order": "XYZ",
  "rotation_matrix": [
   [
    0.4096103608608246,
    0.912114143371582,
    0.016345586627721786
   ],
   [
    -0.9122602343559265,
    0.4095604121685028,
    0.006448247469961643
   ],
   [
    -0.000812967773526907,
    -0.017552698031067848,
    0.9998456239700317
   ]
  ]
 },
 {
  "rotation_euler": [
   -0.01758171245455742,
   0.0008102590218186378,
   1.1652708053588867
  ],
  "euler_order": "XYZ",
  "rotation_matrix": [
   [
    0.39450159668922424,
    -0.9187588095664978,
    -0.015835320577025414
   ],
   [
    0.91889488697052,
    0.39442765712738037,
    0.0076800864189863205
   ],
   [
    -0.000810258905403316,
    -0.017580801621079445,
    0.9998451471328735
   ]
  ]
 },
 {
  "rotation_euler": [
   -0.01755358837544918,
   0.0008129275520332158,
   -0.5347250699996948
  ],
  "euler_order": "XYZ",
  "rotation_matrix": [
   [
    0.8604084849357605,
    0.5095137357711792,
    0.00964427087455988
   ],
   [
    -0.5096043348312378,
    0.8602834939956665,
    0.014688277617096901
   ],
   [
    -0.0008129274356178939,
    -0.017552681267261505,
    0.9998456239700317
   ]
  ]
 },
 {
  "rotation_euler": [
   -0.017553357407450676,
   0.0008129501948133111,
   -1.2848303318023682
  ],
  "euler_order": "XYZ",
  "rotation_matrix": [
   [
    0.28208425641059875,
    0.9592377543449402,
    0.017068929970264435
   ],
   [
    -0.9593892693519592,
    0.2820545732975006,
    0.004171457607299089
   ],
   [
    -0.0008129500783979893,
    -0.017552450299263,
    0.9998456239700317
   ]
  ]
 },
 {
  "rotation_euler": [
   -0.017581768333911896,
   0.0008102652500383556,
   2.429111957550049
  ],
  "euler_order": "XYZ",
  "rotation_matrix": [
   [
    -0.7567422986030579,
    -0.6536012291908264,
    -0.012105906382203102
   ],
   [
    0.653712809085846,
    -0.7566348910331726,
    -0.012774587608873844
   ],
   [
    -0.0008102651336230338,
    -0.017580857500433922,
    0.9998450875282288
   ]
  ]
 },
 {
  "rotation_euler": [
   -0.017553387209773064,
   0.0008129470515996218,
   -2.808122158050537
  ],
  "euler_order": "XYZ",
  "rotation_matrix": [
   [
    -0.9449117183685303,
    0.32728737592697144,
    0.004977310076355934
   ],
   [
    -0.3273242115974426,
    -0.9447618126869202,
    -0.01685161143541336
   ],
   [
    -0.0008129469351843,
    -0.017552480101585388,
    0.9998456239700317
   ]
  ]
 },
 {
  "rotation_euler": [
   -0.017564352601766586,
   0.0008054866921156645,
   0.9708307981491089
  ],
  "euler_order": "XYZ",
  "rotation_matrix": [
   [
    0.5646138191223145,
    -0.8252357840538025,
    -0.014041363261640072
   ],
   [
    0.825354814529419,
    0.564515233039856,
    0.01058128010481596
   ],
   [
    -0.0008054866339080036,
    -0.01756344363093376,
    0.9998454451560974
   ]
  ]
 },
 {
  "rotation_euler": [
   -0.01757197082042694,
   0.0008024851558730006,
   0.5517916679382324
  ],
  "euler_order": "XYZ",
  "rotation_matrix": [
   [
    0.8515864014625549,
    -0.5241448879241943,
    -0.008527715690433979
   ],
   [
    0.5242136716842651,
    0.8514478206634521,
    0.015383894555270672
   ],
   [
    -0.0008024850976653397,
    -0.017571059986948967,
    0.9998452663421631
   ]
  ]
 },
 {
  "rotation_euler": [
   -0.017553512006998062,
   0.0008130169590003788,
   -1.757635474205017
  ],
  "euler_order": "XYZ",
  "rotation_matrix": [
   [
    -0.1857539266347885,
    0.9824475646018982,
    0.017096132040023804
   ],
   [
    -0.9825959801673889,
    -0.1857113540172577,
    -0.004059211816638708
   ],
   [
    -0.000813016842585057,
    -0.017552604898810387,
    0.9998456239700317
   ]
  ]
 },
 {
  "rotation_euler": [
   -0.017582224681973457,
   0.0008103732252493501,
   -0.6384287476539612
  ],
  "euler_order": "XYZ",
  "rotation_matrix": [
   [
    0.8030328750610352,
    0.5958308577537537,
    0.011127968318760395
   ],
   [
    -0.5959342122077942,
    0.80291748046875,
    0.013635526411235332
   ],
   [
    -0.0008103731088340282,
    -0.017581313848495483,
    0.9998450875282288
   ]
  ]
 },
 {
  "rotation_euler": [
   -0.017582109197974205,
   0.0008104097796604037,
   -0.9914644360542297
  ],
  "euler_order": "XYZ",
  "rotation_matrix": [
   [
    0.5474647879600525,
    0.8366914391517639,
    0.015156055800616741
   ],
   [
    -0.836828351020813,
    0.5473922491073608,
    0.008947024121880531
   ],
   [
    -0.0008104096632450819,
    -0.01758119836449623,
    0.9998450875282288
   ]
  ]
 },
 {
  "rotation_euler": [
   -0.01756192557513714,
   0.0008067221497185528,
   -2.5359413623809814
  ],
  "euler_order": "XYZ",
  "rotation_matrix": [
   [
    -0.8221312165260315,
    0.5692214965820312,
    0.009334319271147251
   ],
   [
    -0.5692974328994751,
    -0.8219966292381287,
    -0.014896663837134838
   ],
   [
    -0.000806722033303231,
    -0.017561016604304314,
    0.9998454451560974
   ]
  ]
 }
]