[
 {
  "rotation_euler": [
   3.3430265222733624e-09,
   9.62939381565775e-08,
   -1.9510120153427124
  ],
  "euler_order": "XYZ",
  "rotation_matrix": [
   [
    -0.37112075090408325,
    0.928584635257721,
    -3.8840962446329286e-08
   ],
   [
    -0.928584635257721,
    -0.37112075090408325,
    -8.817639951530509e-08
   ],
   [
    -9.62939381565775e-08,
    3.3430265222733624e-09,
    1.0
   ]
  ]
 },
 {
  "rotation_euler": [
   -1.4301874351474453e-08,
   7.896958464925774e-08,
   1.7812635898590088
  ],
  "euler_order": "XYZ",
  "rotation_matrix": [
   [
    -0.20891687273979187,
    -0.977933406829834,
    -3.048435814889672e-08
   ],
   [
    0.977933406829834,
    -0.20891687273979187,
    7.423908954251601e-08
   ],
   [
    -7.896958464925774e-08,
    -1.4301874351474453e-08,
    1.0
   ]
  ]
 },
 {
  "rotation_euler": [
   -1.6457367024713676e-08,
   4.780870099807544e-08,
   2.9084384441375732
  ],
  "euler_order": "XYZ",
  "rotation_matrix": [
   [
    -0.9729424715042114,
    -0.23104752600193024,
    -5.031754923834342e-08
   ],
   [
    0.23104752600193024,
    -0.9729424715042114,
    -4.965988953387068e-09
   ],
   [
    -4.780870099807544e-08,
    -1.6457367024713676e-08,
    1.0
   ]
  ]
 },
 {
  "rotation_euler": [
   -9.620853447245281e-09,
   -2.1168881403355044e-07,
   -0.9396671652793884
  ],
  "euler_order": "XYZ",
  "rotation_matrix": [
   [
    0.5900567770004272,
    0.8073617815971375,
    -1.1714090675241096e-07
   ],
   [
    -0.8073617815971375,
    0.5900567770004272,
    1.7658629758443567e-07
   ],
   [
    2.1168881403355044e-07,
    -9.620853447245281e-09,
    1.0
   ]
  ]
 },
 {
  "rotation_euler": [
   9.390982436130457e-11,
   -1.5968860680004582e-05,
   0.6584212779998779
  ],
  "euler_order": "XYZ",
  "rotation_matrix": [
   [
    0.7909591794013977,
    -0.6118689179420471,
    -1.2630659512069542e-05
   ],
   [
    0.6118689179420471,
    0.7909591794013977,
    -9.7709234978538e-06
   ],
   [
    1.5968860680004582e-05,
    9.390982436130457e-11,
    1.0
   ]
  ]
 },
 {
  "rotation_euler": [
   -1.5166831124346913e-09,
   2.5322371755009954e-08,
   2.7448389530181885
  ],
  "euler_order": "XYZ",
  "rotation_matrix": [
   [
    -0.9223203063011169,
    -0.38642627000808716,
    -2.3941423066276002e-08
   ],
   [
    0.38642627000808716,
    -0.9223203063011169,
    8.386361827206201e-09
   ],
   [
    -2.5322371755009954e-08,
    -1.5166831124346913e-09,
    1.0
   ]
  ]
 },
 {
  "rotation_euler": [
   2.7003700608929648e-08,
   1.711907344770225e-07,
   1.1755809783935547
  ],
  "euler_order": "XYZ",
  "rotation_matrix": [
   [
    0.38500693440437317,
    -0.922913670539856,
    9.083170482426794e-08
   ],
   [
    0.922913670539856,
    0.38500693440437317,
    1.475976603160234e-07
   ],
   [
    -1.711907344770225e-07,
    2.7003700608929648e-08,
    1.0
   ]
  ]
 },
 {
  "rotation_euler": [
   8.487242908472581e-09,
   5.5446591318286664e-08,
   0.2888849377632141
  ],
  "euler_order": "XYZ",
  "rotation_matrix": [
   [
    0.9585621356964111,
    -0.2848835587501526,
    5.556687909802349e-08
   ],
   [
    0.2848835587501526,
    0.9585621356964111,
    7.66027152820925e-09
   ],
   [
    -5.5446591318286664e-08,
    8.487242908472581e-09,
    1.0
   ]
  ]
 },
 {
  "rotation_euler": [
   -6.806099554523826e-05,
   -0.00011416611960157752,
   0.6059617400169373
  ],
  "euler_order": "XYZ",
  "rotation_matrix": [
   [
    0.8219547271728516,
    -0.5695528388023376,
    -0.00013260371633805335
   ],
   [
    0.5695528388023376,
    0.8219547271728516,
    -9.080581548914779e-06
   ],
   [
    0.00011416611960157752,
    -6.806099554523826e-05,
    1.0
   ]
  ]
 },
 {
  "rotation_euler": [
   -9.817102686326962e-09,
   3.788623459399787e-08,
   -1.8028392791748047
  ],
  "euler_order": "XYZ",
  "rotation_matrix": [
   [
    -0.2299661934375763,
    0.9731985926628113,
    8.414373087184401e-10
   ],
   [
    -0.9731985926628113,
    -0.2299661934375763,
    -3.912843382636311e-08
   ],
   [
    -3.788623459399787e-08,
    -9.817102686326962e-09,
    1.0
   ]
  ]
 },
 {
  "rotation_euler": [
   -2.453181657813275e-09,
   -8.886221536386074e-09,
   -2.006289482116699
  ],
  "euler_order": "XYZ",
  "rotation_matrix": [
   [
    -0.4218575656414032,
    0.906662106513977,
    5.972926597763717e-09
   ],
   [
    -0.906662106513977,
    -0.4218575656414032,
    7.021907055815291e-09
   ],
   [
    8.886221536386074e-09,
    -2.453181657813275e-09,
    1.0
   ]
  ]
 },
 {
  "rotation_euler": [
   -2.7789568424196887e-09,
   -9.222404173669929e-08,
   -3.1152231693267822
  ],
  "euler_order": "XYZ",
  "rotation_matrix": [
   [
    -0.9996523261070251,
    0.026366427540779114,
    9.226525321537338e-08
   ],
   [
    -0.026366427540779114,
    -0.9996523261070251,
    -3.463721254259866e-10
   ],
   [
    9.222404173669929e-08,
    -2.7789568424196887e-09,
    1.0
   ]
  ]
 },
 {
  "rotation_euler": [
   2.7303443062010047e-08,
   -8.600256506952064e-09,
   3.1346452236175537
  ],
  "euler_order": "XYZ",
  "rotation_matrix": [
   [
    -0.999975860118866,
    -0.0069473739713430405,
    8.78973605011879e-09
   ],
   [
    0.0069473739713430405,
    -0.999975860118866,
    2.7243034494972562e-08
   ],
   [
    8.600256506952064e-09,
    2.7303443062010047e-08,
    1.0
   ]
  ]
 },
 {
  "rotation_euler": [
   8.205661039539791e-09,
   -1.129355098328233e-07,
   -1.2669119834899902
  ],
  "euler_order": "XYZ",
  "rotation_matrix": [
   [
    0.29922881722450256,
    0.9541813731193542,
    -4.1623248847599825e-08
   ],
   [
    -0.9541813731193542,
    0.29922881722450256,
    1.0530558824939362e-07
   ],
   [
    1.129355098328233e-07,
    8.205661039539791e-09,
    1.0
   ]
  ]
 },
 {
  "rotation_euler": [
   1.6480644404737177e-08,
   -3.2040500741459255e-07,
   -1.4229388236999512
  ],
  "euler_order": "XYZ",
  "rotation_matrix": [
   [
    0.14731934666633606,
    0.9890889525413513,
    -6.350268222377053e-08
   ],
   [
    -0.9890889525413513,
    0.14731934666633606,
    3.1448115578314173e-07
   ],
   [
    3.2040500741459255e-07,
    1.6480644404737177e-08,
    1.0
   ]
  ]
 },
 {
  "rotation_euler": [
   -1.209117250766667e-08,
   -1.6050411488777172e-07,
   2.2783164978027344
  ],
  "euler_order": "XYZ",
  "rotation_matrix": [
   [
    -0.649951159954071,
    -0.7599759697914124,
    9.513083654155707e-08
   ],
   [
    0.7599759697914124,
    -0.649951159954071,
    -1.298379430636487e-07
   ],
   [
    1.6050411488777172e-07,
    -1.209117250766667e-08,
    1.0
   ]
  ]
 }
]