[
 {
  "rotation_euler": [
   0.34522321820259094,
   -1.1146132946014404,
   2.122042179107666
  ],
  "euler_order": "XYZ",
  "rotation_matrix": [
   [
    -0.23072433471679688,
    -0.6424964666366577,
    0.730728805065155
   ],
   [
    0.37527093291282654,
    -0.7516478300094604,
    -0.542399525642395
   ],
   [
    0.8977404832839966,
    0.14907652139663696,
    0.41453370451927185
   ]
  ]
 },
 {
  "rotation_euler": [
   0.5930485725402832,
   -0.8140367865562439,
   2.493165969848633
  ],
  "euler_order": "XYZ",
  "rotation_matrix": [
   [
    -0.5472195148468018,
    -0.17693056166172028,
    0.8180748224258423
   ],
   [
    0.414641797542572,
    -0.9063422679901123,
    0.08133785426616669
   ],
   [
    0.7270646095275879,
    0.38371768593788147,
    0.5693309903144836
   ]
  ]
 },
 {
  "rotation_euler": [
   0.6421882510185242,
   -0.7391161918640137,
   -1.4603408575057983
  ],
  "euler_order": "XYZ",
  "rotation_matrix": [
   [
    0.08146779239177704,
    0.7514317631721497,
    -0.6547620296478271
   ],
   [
    -0.7345603704452515,
    0.4892859160900116,
    0.47012802958488464
   ],
   [
    0.6736350059509277,
    0.44266191124916077,
    0.5918330550193787
   ]
  ]
 },
 {
  "rotation_euler": [
   -0.07689273357391357,
   -0.04466013237833977,
   -1.8444594144821167
  ],
  "euler_order": "XYZ",
  "rotation_matrix": [
   [
    -0.2699905335903168,
    0.9590156674385071,
    0.0859886035323143
   ],
   [
    -0.9618273973464966,
    -0.27276334166526794,
    0.02209635078907013
   ],
   [
    0.0446452870965004,
    -0.07674039155244827,
    0.9960510730743408
   ]
  ]
 },
 {
  "rotation_euler": [
   0.336111843585968,
   0.06207272782921791,
   -0.136509969830513
  ],
  "euler_order": "XYZ",
  "rotation_matrix": [
   [
    0.9887890219688416,
    0.14874084293842316,
    0.0131330955773592
   ],
   [
    -0.1358242928981781,
    0.9324774146080017,
    -0.3347201347351074
   ],
   [
    -0.062032874673604965,
    0.32918381690979004,
    0.9422260522842407
   ]
  ]
 },
 {
  "rotation_euler": [
   0.7577555179595947,
   -0.7904108166694641,
   -0.17295728623867035
  ],
  "euler_order": "XYZ",
  "rotation_matrix": [
   [
    0.6930565237998962,
    -0.3561248779296875,
    -0.6267756819725037
   ],
   [
    -0.12107891589403152,
    0.7995980978012085,
    -0.5882030129432678
   ],
   [
    0.7106423377990723,
    0.48354724049568176,
    0.5110474824905396
   ]
  ]
 },
 {
  "rotation_euler": [
   0.0897635817527771,
   0.10045673698186874,
   2.0027613639831543
  ],
  "euler_order": "XYZ",
  "rotation_matrix": [
   [
    -0.41654548048973083,
    -0.9082523584365845,
    0.03959181159734726
   ],
   [
    0.9035663604736328,
    -0.40880629420280457,
    0.12823885679244995
   ],
   [
    -0.10028786212205887,
    0.08919114619493484,
    0.990952730178833
   ]
  ]
 },
 {
  "rotation_euler": [
   0.2081080675125122,
   0.37363240122795105,
   2.007831573486328
  ],
  "euler_order": "XYZ",
  "rotation_matrix": [
   [
    -0.3940538763999939,
    -0.918380618095398,
    0.03603536635637283
   ],
   [
    0.8435027003288269,
    -0.3457985818386078,
    0.41100671887397766
   ],
   [
    -0.3649996221065521,
    0.1923547089099884,
    0.9109198451042175
   ]
  ]
 },
 {
  "rotation_euler": [
   -0.055075034499168396,
   -0.07463636249303818,
   1.6378246545791626
  ],
  "euler_order": "XYZ",
  "rotation_matrix": [
   [
    -0.06679168343544006,
    -0.9965165257453918,
    -0.04993679001927376
   ],
   [
    0.9949766993522644,
    -0.06278110295534134,
    -0.07797379046678543
   ],
   [
    0.07456708699464798,
    -0.054893944412469864,
    0.9957039952278137
   ]
  ]
 },
 {
  "rotation_euler": [
   0.5762061476707458,
   0.08465350419282913,
   -0.22398284077644348
  ],
  "euler_order": "XYZ",
  "rotation_matrix": [
   [
    0.9715290069580078,
    0.2311684787273407,
    -0.05188926309347153
   ],
   [
    -0.22131934762001038,
    0.8073571920394897,
    -0.5469846129417419
   ],
   [
    -0.08455242961645126,
    0.542895495891571,
    0.8355329632759094
   ]
  ]
 },
 {
  "rotation_euler": [
   -0.22753600776195526,
   0.07820841670036316,
   -1.2518370151519775
  ],
  "euler_order": "XYZ",
  "rotation_matrix": [
   [
    0.31262001395225525,
    0.9195609092712402,
    0.2380681186914444
   ],
   [
    -0.9466597437858582,
    0.3222312927246094,
    -0.0015395608497783542
   ],
   [
    -0.07812871038913727,
    -0.22488820552825928,
    0.9712472558021545
   ]
  ]
 },
 {
  "rotation_euler": [
   -0.018362954258918762,
   -1.0357040166854858,
   -1.7651582956314087
  ],
  "euler_order": "XYZ",
  "rotation_matrix": [
   [
    -0.09848631918430328,
    0.9779549837112427,
    0.18413184583187103
   ],
   [
    -0.5003191828727722,
    -0.20860590040683746,
    0.8403357863426208
   ],
   [
    0.8602215647697449,
    -0.00936311949044466,
    0.5098344683647156
   ]
  ]
 },
 {
  "rotation_euler": [
   0.6479585766792297,
   -0.18832404911518097,
   -0.7480389475822449
  ],
  "euler_order": "XYZ",
  "rotation_matrix": [
   [
    0.7200638651847839,
    0.4595099985599518,
    -0.5199601650238037
   ],
   [
    -0.6681761741638184,
    0.6613119840621948,
    -0.3408915400505066
   ],
   [
    0.18721283972263336,
    0.5928887128829956,
    0.7832205295562744
   ]
  ]
 },
 {
  "rotation_euler": [
   0.391812801361084,
   -0.11227057129144669,
   0.596888542175293
  ],
  "euler_order": "XYZ",
  "rotation_matrix": [
   [
    0.8218813538551331,
    -0.5548616051673889,
    0.12899461388587952
   ],
   [
    0.5585330724716187,
    0.7403637170791626,
    -0.3740352392196655
   ],
   [
    0.1120348647236824,
    0.3794603645801544,
    0.9183996915817261
   ]
  ]
 },
 {
  "rotation_euler": [
   0.8820710182189941,
   -0.44086989760398865,
   1.147312879562378
  ],
  "euler_order": "XYZ",
  "rotation_matrix": [
   [
    0.3716450333595276,
    -0.7147972583770752,
    0.5924059748649597
   ],
   [
    0.824490487575531,
    -0.03918018564581871,
    -0.5645177960395813
   ],
   [
    0.4267263412475586,
    0.6982333064079285,
    0.5747824311256409
   ]
  ]
 },
 {
  "rotation_euler": [
   0.5466800928115845,
   -0.8632644414901733,
   0.8259910941123962
  ],
  "euler_order": "XYZ",
  "rotation_matrix": [
   [
    0.44056153297424316,
    -0.8958569169044495,
    -0.057843923568725586
   ],
   [
    0.477863609790802,
    0.288573294878006,
    -0.8296817541122437
   ],
   [
    0.7599683403968811,
    0.3378843665122986,
    0.5552316904067993
   ]
  ]
 }
]