[
 {
  "rotation_euler": [
   1.611851692199707,
   1.6755110025405884,
   0.19261528551578522
  ],
  "euler_order": "XYZ",
  "rotation_matrix": [
   [
    -0.10259045660495758,
    0.9831650257110596,
    0.1512010097503662
   ],
   [
    -0.020008547231554985,
    0.14993268251419067,
    -0.9884937405586243
   ],
   [
    -0.9945224523544312,
    -0.10443533211946487,
    0.004290041513741016
   ]
  ]
 },
 {
  "rotation_euler": [
   1.6111335754394531,
   -1.6754812002182007,
   -0.9793168306350708
  ],
  "euler_order": "XYZ",
  "rotation_matrix": [
   [
    -0.05826466158032417,
    -0.5875617265701294,
    -0.8070789575576782
   ],
   [
    0.08674202114343643,
    0.802415132522583,
    -0.5904285311698914
   ],
   [
    0.9945255517959595,
    -0.10440877079963684,
    0.004213848151266575
   ]
  ]
 },
 {
  "rotation_euler": [
   1.6118501424789429,
   1.6755110025405884,
   1.408176302909851
  ],
  "euler_order": "XYZ",
  "rotation_matrix": [
   [
    -0.016922781243920326,
    0.20138248801231384,
    0.9793664813041687
   ],
   [
    -0.10314437747001648,
    0.9739293456077576,
    -0.202046737074852
   ],
   [
    -0.9945224523544312,
    -0.10443533957004547,
    0.004289879463613033
   ]
  ]
 },
 {
  "rotation_euler": [
   -1.5304592847824097,
   -1.466111421585083,
   -0.9791080355644226
  ],
  "euler_order": "XYZ",
  "rotation_matrix": [
   [
    0.05828278884291649,
    0.5877290964126587,
    0.8069557547569275
   ],
   [
    -0.08672987669706345,
    -0.80229252576828,
    0.5905968546867371
   ],
   [
    0.9945255517959595,
    -0.10440880805253983,
    0.004213828127831221
   ]
  ]
 },
 {
  "rotation_euler": [
   -0.3543951213359833,
   -3.67017782991752e-05,
   2.8751938343048096
  ],
  "euler_order": "XYZ",
  "rotation_matrix": [
   [
    -0.9647251963615417,
    -0.24691146612167358,
    -0.09132375568151474
   ],
   [
    0.26325899362564087,
    -0.9047704935073853,
    -0.33479103446006775
   ],
   [
    3.67017782991752e-05,
    -0.3470231294631958,
    0.9378565549850464
   ]
  ]
 },
 {
  "rotation_euler": [
   -1.5304609537124634,
   -1.466111421585083,
   -1.623968243598938
  ],
  "euler_order": "XYZ",
  "rotation_matrix": [
   [
    -0.005553517956286669,
    -0.012545477598905563,
    0.9999058842658997
   ],
   [
    -0.1043461263179779,
    -0.9944553375244141,
    -0.013056633993983269
   ],
   [
    0.9945255517959595,
    -0.10440881550312042,
    0.0042136539705097675
   ]
  ]
 },
 {
  "rotation_euler": [
   1.6118465662002563,
   1.6755112409591675,
   0.8278443217277527
  ],
  "euler_order": "XYZ",
  "rotation_matrix": [
   [
    -0.07070658355951309,
    0.702416718006134,
    0.7082452178001404
   ],
   [
    -0.07697904109954834,
    0.7040624618530273,
    -0.7059534788131714
   ],
   [
    -0.9945223927497864,
    -0.10443559288978577,
    0.004289515782147646
   ]
  ]
 },
 {
  "rotation_euler": [
   -1.5304592847824097,
   -1.466111421585083,
   -1.584112524986267
  ],
  "euler_order": "XYZ",
  "rotation_matrix": [
   [
    -0.0013914190931245685,
    0.027090393006801605,
    0.9996320009231567
   ],
   [
    -0.10448454320430756,
    -0.9941654205322266,
    0.026796812191605568
   ],
   [
    0.9945255517959595,
    -0.10440880805253983,
    0.004213828127831221
   ]
  ]
 },
 {
  "rotation_euler": [
   -1.52974271774292,
   1.4660816192626953,
   1.281998634338379
  ],
  "euler_order": "XYZ",
  "rotation_matrix": [
   [
    0.029768267646431923,
    -0.322343647480011,
    -0.9461545348167419
   ],
   [
    0.10019481182098389,
    -0.9408441781997681,
    0.3236868381500244
   ],
   [
    -0.9945224523544312,
    -0.10443537682294846,
    0.004289859440177679
   ]
  ]
 },
 {
  "rotation_euler": [
   -1.5304603576660156,
   -1.466111421585083,
   0.7297430634498596
  ],
  "euler_order": "XYZ",
  "rotation_matrix": [
   [
    0.0778840109705925,
    0.7137786149978638,
    -0.6960274577140808
   ],
   [
    0.06966373324394226,
    0.6925452351570129,
    0.7180027961730957
   ],
   [
    0.9945255517959595,
    -0.10440880805253983,
    0.0042137159034609795
   ]
  ]
 },
 {
  "rotation_euler": [
   -1.5304590463638306,
   -1.466111421585083,
   -1.4145773649215698
  ],
  "euler_order": "XYZ",
  "rotation_matrix": [
   [
    0.016257598996162415,
    0.1944420039653778,
    0.9807792901992798
   ],
   [
    -0.1032213419675827,
    -0.9753415584564209,
    0.19507497549057007
   ],
   [
    0.9945255517959595,
    -0.10440880805253983,
    0.004213852807879448
   ]
  ]
 },
 {
  "rotation_euler": [
   -0.35439532995224,
   -3.629359707701951e-05,
   -2.898380994796753
  ],
  "euler_order": "XYZ",
  "rotation_matrix": [
   [
    -0.9705695509910583,
    0.22584331035614014,
    0.08360354602336884
   ],
   [
    -0.2408210039138794,
    -0.9102579951286316,
    -0.33680209517478943
   ],
   [
    3.629359707701951e-05,
    -0.3470233380794525,
    0.9378564953804016
   ]
  ]
 },
 {
  "rotation_euler": [
   -1.5304609537124634,
   -1.466111421585083,
   -1.169118881225586
  ],
  "euler_order": "XYZ",
  "rotation_matrix": [
   [
    0.040853191167116165,
    0.4256211221218109,
    0.9039788246154785
   ],
   [
    -0.09617677330970764,
    -0.898857831954956,
    0.42755651473999023
   ],
   [
    0.9945255517959595,
    -0.10440881550312042,
    0.0042136539705097675
   ]
  ]
 },
 {
  "rotation_euler": [
   -1.5304596424102783,
   -1.466111421585083,
   -1.4098410606384277
  ],
  "euler_order": "XYZ",
  "rotation_matrix": [
   [
    0.01674630306661129,
    0.19905872642993927,
    0.9798444509506226
   ],
   [
    -0.10314318537712097,
    -0.9744097590446472,
    0.1997174471616745
   ],
   [
    0.9945255517959595,
    -0.10440880805253983,
    0.004213790874928236
   ]
  ]
 },
 {
  "rotation_euler": [
   1.6111319065093994,
   -1.6754812002182007,
   0.20362921059131622
  ],
  "euler_order": "XYZ",
  "rotation_matrix": [
   [
    -0.10233484208583832,
    -0.9650309085845947,
    0.2413357049226761
   ],
   [
    -0.02113124169409275,
    -0.24044573307037354,
    -0.9704325199127197
   ],
   [
    0.9945255517959595,
    -0.10440877825021744,
    0.004213673993945122
   ]
  ]
 },
 {
  "rotation_euler": [
   1.6111345291137695,
   -1.6754812002182007,
   -0.42143547534942627
  ],
  "euler_order": "XYZ",
  "rotation_matrix": [
   [
    -0.09535084664821625,
    -0.9232656955718994,
    -0.37214070558547974
   ],
   [
    0.04274534434080124,
    0.369701623916626,
    -0.9281667470932007
   ],
   [
    0.9945255517959595,
    -0.10440877079963684,
    0.004213947802782059
   ]
  ]
 }
]