[
 {
  "rotation_euler": [
   -0.07487156242132187,
   -0.6665189266204834,
   3.098453998565674
  ],
  "euler_order": "XYZ",
  "rotation_matrix": [
   [
    -0.7852473855018616,
    -0.08920782059431076,
    0.6127222180366516
   ],
   [
    0.033895544707775116,
    -0.9942763447761536,
    -0.10131970793008804
   ],
   [
    0.6182537078857422,
    -0.05879248306155205,
    0.7837766408920288
   ]
  ]
 },
 {
  "rotation_euler": [
   -1.8065184354782104,
   -0.4561226963996887,
   2.1743011474609375
  ],
  "euler_order": "XYZ",
  "rotation_matrix": [
   [
    -0.5095112323760986,
    -0.05077817291021347,
    -0.8589644432067871
   ],
   [
    0.739177942276001,
    0.48517730832099915,
    -0.4671391248703003
   ],
   [
    0.44047051668167114,
    -0.872940182685852,
    -0.20966917276382446
   ]
  ]
 },
 {
  "rotation_euler": [
   -1.9708620309829712,
   -0.4208807051181793,
   -2.0399885177612305
  ],
  "euler_order": "XYZ",
  "rotation_matrix": [
   [
    -0.4127051532268524,
    -0.517540454864502,
    0.7495507597923279
   ],
   [
    -0.8140943050384521,
    -0.1595277190208435,
    -0.5583917498588562
   ],
   [
    0.4085644483566284,
    -0.8406561613082886,
    -0.3554888367652893
   ]
  ]
 },
 {
  "rotation_euler": [
   -1.7737948894500732,
   0.21327833831310272,
   -0.6796491742134094
  ],
  "euler_order": "XYZ",
  "rotation_matrix": [
   [
    0.7601702213287354,
    -0.28796541690826416,
    0.5824235081672668
   ],
   [
    -0.6142793297767639,
    -0.026504656299948692,
    0.7886433601379395
   ],
   [
    -0.2116650938987732,
    -0.9572739601135254,
    -0.19703926146030426
   ]
  ]
 },
 {
  "rotation_euler": [
   -1.895011305809021,
   0.20316511392593384,
   -1.9744629859924316
  ],
  "euler_order": "XYZ",
  "rotation_matrix": [
   [
    -0.3847143054008484,
    -0.21783581376075745,
    0.8969628810882568
   ],
   [
    -0.9007128477096558,
    0.30101630091667175,
    -0.31321805715560913
   ],
   [
    -0.2017703503370285,
    -0.9284054636955261,
    -0.31201279163360596
   ]
  ]
 },
 {
  "rotation_euler": [
   -1.970860481262207,
   -0.4208815097808838,
   -0.47402486205101013
  ],
  "euler_order": "XYZ",
  "rotation_matrix": [
   [
    0.8120900392532349,
    0.1570262312889099,
    0.5620076060295105
   ],
   [
    -0.4166344404220581,
    -0.5183045268058777,
    0.7468441724777222
   ],
   [
    0.4085651934146881,
    -0.8406563997268677,
    -0.3554874062538147
   ]
  ]
 },
 {
  "rotation_euler": [
   -1.9708547592163086,
   -0.4208822548389435,
   -1.8438897132873535
  ],
  "euler_order": "XYZ",
  "rotation_matrix": [
   [
    -0.2461734414100647,
    -0.4765324890613556,
    0.8439878225326538
   ],
   [
    -0.8789041638374329,
    -0.2573142647743225,
    -0.4016426205635071
   ],
   [
    0.408565878868103,
    -0.8406581878662109,
    -0.35548245906829834
   ]
  ]
 },
 {
  "rotation_euler": [
   -1.634482741355896,
   0.4211575984954834,
   0.3366842269897461
  ],
  "euler_order": "XYZ",
  "rotation_matrix": [
   [
    0.8613777160644531,
    -0.364056795835495,
    -0.3542472720146179
   ],
   [
    0.30149129033088684,
    -0.19485288858413696,
    0.9333463311195374
   ],
   [
    -0.4088171720504761,
    -0.9107661843299866,
    -0.0580819770693779
   ]
  ]
 },
 {
  "rotation_euler": [
   -1.6595957279205322,
   0.5110033750534058,
   0.13204070925712585
  ],
  "euler_order": "XYZ",
  "rotation_matrix": [
   [
    0.8646615147590637,
    -0.4712097644805908,
    -0.1741316318511963
   ],
   [
    0.11483868956565857,
    -0.15204447507858276,
    0.9816794395446777
   ],
   [
    -0.4890526831150055,
    -0.8688175082206726,
    -0.07735390216112137
   ]
  ]
 },
 {
  "rotation_euler": [
   -0.5682822465896606,
   -0.7062093019485474,
   1.6613866090774536
  ],
  "euler_order": "XYZ",
  "rotation_matrix": [
   [
    -0.06882932782173157,
    -0.8709667921066284,
    -0.48649710416793823
   ],
   [
    0.7577075362205505,
    0.271577924489975,
    -0.5934009552001953
   ],
   [
    0.6489543914794922,
    -0.4094659090042114,
    0.6412456035614014
   ]
  ]
 },
 {
  "rotation_euler": [
   -1.975669264793396,
   -0.41641366481781006,
   0.3872445225715637
  ],
  "euler_order": "XYZ",
  "rotation_matrix": [
   [
    0.8468261957168579,
    0.4930049777030945,
    -0.1995781809091568
   ],
   [
    0.3453674912452698,
    -0.224335715174675,
    0.9112600088119507
   ],
   [
    0.40448319911956787,
    -0.840606689453125,
    -0.36024126410484314
   ]
  ]
 },
 {
  "rotation_euler": [
   -1.8911057710647583,
   -0.44414404034614563,
   0.8397580981254578
  ],
  "euler_order": "XYZ",
  "rotation_matrix": [
   [
    0.6028674244880676,
    0.5066928267478943,
    -0.6162899136543274
   ],
   [
    0.6722511053085327,
    0.09340807050466537,
    0.7344068288803101
   ],
   [
    0.429685115814209,
    -0.8570514917373657,
    -0.2843121588230133
   ]
  ]
 },
 {
  "rotation_euler": [
   -1.9344055652618408,
   -0.4318651258945465,
   -1.4346717596054077
  ],
  "euler_order": "XYZ",
  "rotation_matrix": [
   [
    0.12324506789445877,
    -0.2992722690105438,
    0.9461748003959656
   ],
   [
    -0.8997853398323059,
    -0.4358437657356262,
    -0.020653530955314636
   ],
   [
    0.41856542229652405,
    -0.848808765411377,
    -0.3229964077472687
   ]
  ]
 },
 {
  "rotation_euler": [
   1.171737790107727,
   -2.720402240753174,
   -0.029620064422488213
  ],
  "euler_order": "XYZ",
  "rotation_matrix": [
   [
    -0.9122025966644287,
    -0.36505037546157837,
    -0.1860770285129547
   ],
   [
    0.027027403935790062,
    0.39953750371932983,
    -0.9163183569908142
   ],
   [
    0.4088471233844757,
    -0.8408971428871155,
    -0.35459280014038086
   ]
  ]
 },
 {
  "rotation_euler": [
   -1.8254492282867432,
   -0.2676444947719574,
   2.6067230701446533
  ],
  "euler_order": "XYZ",
  "rotation_matrix": [
   [
    -0.8297041654586792,
    -0.09178164601325989,
    -0.5506061315536499
   ],
   [
    0.4915807247161865,
    0.3471824824810028,
    -0.7986317873001099
   ],
   [
    0.2644605338573456,
    -0.933295488357544,
    -0.24294066429138184
   ]
  ]
 },
 {
  "rotation_euler": [
   -1.677629828453064,
   -0.46536147594451904,
   -0.6326557993888855
  ],
  "euler_order": "XYZ",
  "rotation_matrix": [
   [
    0.7207005620002747,
    0.2967830002307892,
    0.6265066266059875
   ],
   [
    -0.5284106731414795,
    -0.34981870651245117,
    0.7735690474510193
   ],
   [
    0.44874587655067444,
    -0.88856440782547,
    -0.09529125690460205
   ]
  ]
 }
]