[
 {
  "rotation_euler": [
   -1.9293693433262288e-13,
   -6.086430730072034e-13,
   0.4179575443267822
  ],
  "euler_order": "XYZ",
  "rotation_matrix": [
   [
    0.9139198660850525,
    -0.4058946669101715,
    -6.345630943448144e-13
   ],
   [
    0.4058946669101715,
    0.9139198660850525,
    -7.07160770370939e-14
   ],
   [
    6.086430730072034e-13,
    -1.9293693433262288e-13,
    1.0
   ]
  ]
 },
 {
  "rotation_euler": [
   -1.6270091052206226e-08,
   -3.1708053960244342e-09,
   -0.6637653112411499
  ],
  "euler_order": "XYZ",
  "rotation_matrix": [
   [
    0.787678062915802,
    0.6160870790481567,
    7.52621875932391e-09
   ],
   [
    -0.6160870790481567,
    0.787678062915802,
    1.4769086398302989e-08
   ],
   [
    3.1708053960244342e-09,
    -1.6270091052206226e-08,
    1.0
   ]
  ]
 },
 {
  "rotation_euler": [
   1.59564551722724e-05,
   4.456934402696788e-05,
   0.993354320526123
  ],
  "euler_order": "XYZ",
  "rotation_matrix": [
   [
    0.5458824634552002,
    -0.8378617763519287,
    3.76989264623262e-05
   ],
   [
    0.8378617763519287,
    0.5458824634552002,
    2.8632599423872307e-05
   ],
   [
    -4.456934402696788e-05,
    1.59564551722724e-05,
    1.0
   ]
  ]
 },
 {
  "rotation_euler": [
   5.6332440934170336e-09,
   -2.0852199966725493e-08,
   2.950439929962158
  ],
  "euler_order": "XYZ",
  "rotation_matrix": [
   [
    -0.9817858934402466,
    -0.18999074399471283,
    2.1542659212059334e-08
   ],
   [
    0.18999074399471283,
    -0.9817858934402466,
    1.5689144428066015e-09
   ],
   [
    2.0852199966725493e-08,
    5.6332440934170336e-09,
    1.0
   ]
  ]
 },
 {
  "rotation_euler": [
   -2.3911917423902196e-07,
   1.596167749084998e-07,
   -0.43775951862335205
  ],
  "euler_order": "XYZ",
  "rotation_matrix": [
   [
    0.9057037234306335,
    0.42391133308410645,
    2.459308348079503e-07
   ],
   [
    -0.42391133308410645,
    0.9057037234306335,
    1.4890775901221787e-07
   ],
   [
    -1.596167749084998e-07,
    -2.3911917423902196e-07,
    1.0
   ]
  ]
 },
 {
  "rotation_euler": [
   -1.540117200438118e-10,
   -8.375294902052133e-11,
   2.167738199234009
  ],
  "euler_order": "XYZ",
  "rotation_matrix": [
   [
    -0.5621158480644226,
    -0.8270584940910339,
    -8.029784476226709e-11
   ],
   [
    0.8270584940910339,
    -0.5621158480644226,
    -1.5584102064369887e-10
   ],
   [
    8.375294902052133e-11,
    -1.540117200438118e-10,
    1.0
   ]
  ]
 },
 {
  "rotation_euler": [
   2.592423165026503e-09,
   6.101088523280396e-10,
   0.33841681480407715
  ],
  "euler_order": "XYZ",
  "rotation_matrix": [
   [
    0.9432814717292786,
    -0.33199411630630493,
    1.4361736244694612e-09
   ],
   [
    0.33199411630630493,
    0.9432814717292786,
    -2.242832142229645e-09
   ],
   [
    -6.101088523280396e-10,
    2.592423165026503e-09,
    1.0
   ]
  ]
 },
 {
  "rotation_euler": [
   -1.9111839719698764e-06,
   4.584005637298105e-06,
   1.3611339330673218
  ],
  "euler_order": "XYZ",
  "rotation_matrix": [
   [
    0.20812970399856567,
    -0.9781012535095215,
    -9.152636835096928e-07
   ],
   [
    0.9781012535095215,
    0.20812970399856567,
    4.8813958528626245e-06
   ],
   [
    -4.584005637298105e-06,
    -1.9111839719698764e-06,
    1.0
   ]
  ]
 },
 {
  "rotation_euler": [
   -1.1847107998619322e-05,
   5.103063358546933e-06,
   -1.0038747787475586
  ],
  "euler_order": "XYZ",
  "rotation_matrix": [
   [
    0.53703773021698,
    0.8435581922531128,
    1.2734262782032602e-05
   ],
   [
    -0.8435581922531128,
    0.53703773021698,
    2.0576130737026688e-06
   ],
   [
    -5.103063358546933e-06,
    -1.1847107998619322e-05,
    1.0
   ]
  ]
 },
 {
  "rotation_euler": [
   -7.3014128076920315e-09,
   1.365978707923432e-08,
   1.0132004022598267
  ],
  "euler_order": "XYZ",
  "rotation_matrix": [
   [
    0.5291478037834167,
    -0.8485296964645386,
    1.0325807986433233e-09
   ],
   [
    0.8485296964645386,
    0.5291478037834167,
    1.5454261870218033e-08
   ],
   [
    -1.365978707923432e-08,
    -7.3014128076920315e-09,
    1.0
   ]
  ]
 },
 {
  "rotation_euler": [
   -4.174648907812051e-12,
   -3.4710723878506045e-12,
   -0.1148403212428093
  ],
  "euler_order": "XYZ",
  "rotation_matrix": [
   [
    0.9934130907058716,
    0.11458805948495865,
    -2.9698437719466453e-12
   ],
   [
    -0.11458805948495865,
    0.9934130907058716,
    4.544894408736733e-12
   ],
   [
    3.4710723878506045e-12,
    -4.174648907812051e-12,
    1.0
   ]
  ]
 },
 {
  "rotation_euler": [
   -2.5261266500820057e-07,
   -2.0677137513303023e-07,
   0.6674230694770813
  ],
  "euler_order": "XYZ",
  "rotation_matrix": [
   [
    0.7854192852973938,
    -0.6189640760421753,
    -3.187603851984022e-07
   ],
   [
    0.6189640760421753,
    0.7854192852973938,
    7.042280714131266e-08
   ],
   [
    2.0677137513303023e-07,
    -2.5261266500820057e-07,
    1.0
   ]
  ]
 },
 {
  "rotation_euler": [
   -1.0456913514644839e-05,
   -3.31347509927582e-05,
   -2.401428461074829
  ],
  "euler_order": "XYZ",
  "rotation_matrix": [
   [
    -0.7383578419685364,
    0.6744091510772705,
    3.1517542083747685e-05
   ],
   [
    -0.6744091510772705,
    -0.7383578419685364,
    1.4625435142079368e-05
   ],
   [
    3.31347509927582e-05,
    -1.0456913514644839e-05,
    1.0
   ]
  ]
 },
 {
  "rotation_euler": [
   -1.0180708720497478e-08,
   4.2167900282663595e-09,
   -0.5455349087715149
  ],
  "euler_order": "XYZ",
  "rotation_matrix": [
   [
    0.8548498749732971,
    0.5188754200935364,
    8.88724205339031e-09
   ],
   [
    -0.5188754200935364,
    0.8548498749732971,
    6.514988548644851e-09
   ],
   [
    -4.2167900282663595e-09,
    -1.0180708720497478e-08,
    1.0
   ]
  ]
 },
 {
  "rotation_euler": [
   1.8397200429731697e-10,
   4.305112932811994e-10,
   1.130760908126831
  ],
  "euler_order": "XYZ",
  "rotation_matrix": [
   [
    0.42597150802612305,
    -0.9047365784645081,
    3.498317469041723e-10
   ],
   [
    0.9047365784645081,
    0.42597150802612305,
    3.111324808902083e-10
   ],
   [
    -4.305112932811994e-10,
    1.8397200429731697e-10,
    1.0
   ]
  ]
 },
 {
  "rotation_euler": [
   8.449307031810349e-09,
   -2.6781983297752276e-09,
   -0.14992354810237885
  ],
  "euler_order": "XYZ",
  "rotation_matrix": [
   [
    0.988782525062561,
    0.14936253428459167,
    -3.910165524700915e-09
   ],
   [
    -0.14936253428459167,
    0.988782525062561,
    -7.954504610552249e-09
   ],
   [
    2.6781983297752276e-09,
    8.449307031810349e-09,
    1.0
   ]
  ]
 }
]