[
 {
  "rotation_euler": [
   -5.398617940954864e-05,
   -1.3146696231647326e-10,
   -0.45195144414901733
  ],
  "euler_order": "XYZ",
  "rotation_matrix": [
   [
    0.8995965719223022,
    0.43672189116477966,
    2.357682751608081e-05
   ],
   [
    -0.43672189116477966,
    0.8995965719223022,
    4.856583836954087e-05
   ],
   [
    1.3146696231647326e-10,
    -5.398617940954864e-05,
    1.0
   ]
  ]
 },
 {
  "rotation_euler": [
   -5.230659371591173e-05,
   7.430131176988652e-07,
   1.1986830234527588
  ],
  "euler_order": "XYZ",
  "rotation_matrix": [
   [
    0.3635849058628082,
    -0.9315610527992249,
    -4.84566371596884e-05
   ],
   [
    0.9315610527992249,
    0.3635849058628082,
    1.971005076484289e-05
   ],
   [
    -7.430131176988652e-07,
    -5.230659371591173e-05,
    1.0
   ]
  ]
 },
 {
  "rotation_euler": [
   -5.020456592319533e-05,
   -2.489943540240347e-07,
   1.7722042798995972
  ],
  "euler_order": "XYZ",
  "rotation_matrix": [
   [
    -0.20004902780056,
    -0.9797858595848083,
    -4.913991506327875e-05
   ],
   [
    0.9797859191894531,
    -0.20004902780056,
    -1.0287335499015171e-05
   ],
   [
    2.489943540240347e-07,
    -5.020456592319533e-05,
    1.0
   ]
  ]
 },
 {
  "rotation_euler": [
   -5.3702329751104116e-05,
   -4.635026016330812e-07,
   -1.9219740629196167
  ],
  "euler_order": "XYZ",
  "rotation_matrix": [
   [
    -0.34400391578674316,
    0.9389682412147522,
    5.058422902948223e-05
   ],
   [
    -0.9389682412147522,
    -0.34400391578674316,
    -1.803859595383983e-05
   ],
   [
    4.635026016330812e-07,
    -5.3702329751104116e-05,
    1.0
   ]
  ]
 },
 {
  "rotation_euler": [
   -5.3979856602381915e-05,
   1.3734612058780016e-10,
   -0.92788165807724
  ],
  "euler_order": "XYZ",
  "rotation_matrix": [
   [
    0.5995307564735413,
    0.8003517389297485,
    4.320295556681231e-05
   ],
   [
    -0.8003517389297485,
    0.5995307564735413,
    3.2362473575631157e-05
   ],
   [
    -1.3734612058780016e-10,
    -5.3979856602381915e-05,
    1.0
   ]
  ]
 },
 {
  "rotation_euler": [
   -5.100648195366375e-05,
   4.034597509416926e-07,
   -2.641791343688965
  ],
  "euler_order": "XYZ",
  "rotation_matrix": [
   [
    -0.8776777982711792,
    0.4792511761188507,
    2.4090808437904343e-05
   ],
   [
    -0.4792511761188507,
    -0.8776777982711792,
    -4.496061592362821e-05
   ],
   [
    -4.034597509416926e-07,
    -5.100648195366375e-05,
    1.0
   ]
  ]
 },
 {
  "rotation_euler": [
   -5.3540563385467976e-05,
   -4.416883427893481e-07,
   0.5414835214614868
  ],
  "euler_order": "XYZ",
  "rotation_matrix": [
   [
    0.8569449782371521,
    -0.5154078602790833,
    -2.7973728720098734e-05
   ],
   [
    0.5154078602790833,
    0.8569449782371521,
    4.565366907627322e-05
   ],
   [
    4.416883427893481e-07,
    -5.3540563385467976e-05,
    1.0
   ]
  ]
 },
 {
  "rotation_euler": [
   -5.102288560010493e-05,
   5.28693021806248e-07,
   -1.9989176988601685
  ],
  "euler_order": "XYZ",
  "rotation_matrix": [
   [
    -0.41516247391700745,
    0.909747302532196,
    4.6198438212741166e-05
   ],
   [
    -0.909747302532196,
    -0.41516244411468506,
    -2.166376361856237e-05
   ],
   [
    -5.28693021806248e-07,
    -5.102288560010493e-05,
    1.0
   ]
  ]
 },
 {
  "rotation_euler": [
   -5.484060602611862e-05,
   2.5943134307482296e-09,
   2.672685384750366
  ],
  "euler_order": "XYZ",
  "rotation_matrix": [
   [
    -0.8920626640319824,
    -0.4519117772579193,
    -2.4785429559415206e-05
   ],
   [
    0.4519117772579193,
    -0.8920626640319824,
    -4.892008291790262e-05
   ],
   [
    -2.5943134307482296e-09,
    -5.484060602611862e-05,
    1.0
   ]
  ]
 },
 {
  "rotation_euler": [
   -5.1177499699406326e-05,
   5.709740094061999e-07,
   -2.7536306381225586
  ],
  "euler_order": "XYZ",
  "rotation_matrix": [
   [
    -0.9256819486618042,
    0.378302663564682,
    1.8832044588634744e-05
   ],
   [
    -0.378302663564682,
    -0.9256819486618042,
    -4.759008879773319e-05
   ],
   [
    -5.709740094061999e-07,
    -5.1177499699406326e-05,
    1.0
   ]
  ]
 },
 {
  "rotation_euler": [
   -5.3991825552657247e-05,
   4.650597240640764e-09,
   2.4234044551849365
  ],
  "euler_order": "XYZ",
  "rotation_matrix": [
   [
    -0.7529991865158081,
    -0.6580214500427246,
    -3.553128044586629e-05
   ],
   [
    0.6580214500427246,
    -0.7529991865158081,
    -4.065273969899863e-05
   ],
   [
    -4.650597240640764e-09,
    -5.3991825552657247e-05,
    1.0
   ]
  ]
 },
 {
  "rotation_euler": [
   -5.3823958296561614e-05,
   2.5958236449241667e-08,
   -1.9319931268692017
  ],
  "euler_order": "XYZ",
  "rotation_matrix": [
   [
    -0.3533940613269806,
    0.9354745745658875,
    5.034176865592599e-05
   ],
   [
    -0.9354745745658875,
    -0.3533940613269806,
    -1.9045350200030953e-05
   ],
   [
    -2.5958236449241667e-08,
    -5.3823958296561614e-05,
    1.0
   ]
  ]
 },
 {
  "rotation_euler": [
   -5.139477798365988e-05,
   4.070921733045907e-08,
   -1.3947995901107788
  ],
  "euler_order": "XYZ",
  "rotation_matrix": [
   [
    0.17508956789970398,
    0.9845525026321411,
    5.060798503109254e-05
   ],
   [
    -0.9845525026321411,
    0.17508956789970398,
    8.958609214460012e-06
   ],
   [
    -4.070921733045907e-08,
    -5.139477798365988e-05,
    1.0
   ]
  ]
 },
 {
  "rotation_euler": [
   -5.397879795054905e-05,
   -2.522954622996565e-10,
   -0.16570091247558594
  ],
  "euler_order": "XYZ",
  "rotation_matrix": [
   [
    0.9863029718399048,
    0.16494368016719818,
    8.903212801669724e-06
   ],
   [
    -0.16494368016719818,
    0.9863029718399048,
    5.323949153535068e-05
   ],
   [
    2.522954622996565e-10,
    -5.397879795054905e-05,
    1.0
   ]
  ]
 },
 {
  "rotation_euler": [
   -5.432616308098659e-05,
   2.2671946098284934e-08,
   -0.7887551188468933
  ],
  "euler_order": "XYZ",
  "rotation_matrix": [
   [
    0.7047290802001953,
    0.7094765305519104,
    3.855911563732661e-05
   ],
   [
    -0.7094765305519104,
    0.7047290802001953,
    3.8269143260549754e-05
   ],
   [
    -2.2671946098284934e-08,
    -5.432616308098659e-05,
    1.0
   ]
  ]
 },
 {
  "rotation_euler": [
   -5.361741204978898e-05,
   -9.688425279819057e-07,
   1.506043791770935
  ],
  "euler_order": "XYZ",
  "rotation_matrix": [
   [
    0.06470729410648346,
    -0.9979043006896973,
    -5.3567735449178144e-05
   ],
   [
    0.9979043006896973,
    0.06470729410648346,
    2.5026256480487064e-06
   ],
   [
    9.688425279819057e-07,
    -5.361741204978898e-05,
    1.0
   ]
  ]
 }
]