[
 {
  "rotation_euler": [
   -1.3087323904037476,
   0.828728437423706,
   0.5932360887527466
  ],
  "euler_order": "XYZ",
  "rotation_matrix": [
   [
    0.5603412389755249,
    -0.7351025342941284,
    -0.38163062930107117
   ],
   [
    0.37781161069869995,
    -0.1831815093755722,
    0.9075807929039001
   ],
   [
    -0.7370726466178894,
    -0.6527394652366638,
    0.1750860959291458
   ]
  ]
 },
 {
  "rotation_euler": [
   -1.4087915420532227,
   -0.2002224326133728,
   1.200031042098999
  ],
  "euler_order": "XYZ",
  "rotation_matrix": [
   [
    0.35509034991264343,
    -0.07921797037124634,
    -0.9314694404602051
   ],
   [
    0.9134301543235779,
    0.24138827621936798,
    0.32768434286117554
   ],
   [
    0.19888731837272644,
    -0.9671898484230042,
    0.1580747365951538
   ]
  ]
 },
 {
  "rotation_euler": [
   -1.4242571592330933,
   -0.13975821435451508,
   2.5768446922302246
  ],
  "euler_order": "XYZ",
  "rotation_matrix": [
   [
    -0.8364872336387634,
    -0.1945597231388092,
    -0.5122847557067871
   ],
   [
    0.5299845337867737,
    -0.04958585649728775,
    -0.8465563058853149
   ],
   [
    0.13930368423461914,
    -0.979636549949646,
    0.1445915848016739
   ]
  ]
 },
 {
  "rotation_euler": [
   1.062593698501587,
   1.2178294658660889,
   -1.937227725982666
  ],
  "euler_order": "XYZ",
  "rotation_matrix": [
   [
    -0.12385348975658417,
    0.16059322655200958,
    -0.9792191386222839
   ],
   [
    -0.3227340281009674,
    -0.9396851658821106,
    -0.11328959465026855
   ],
   [
    -0.9383512735366821,
    0.30199602246284485,
    0.1682121902704239
   ]
  ]
 },
 {
  "rotation_euler": [
   -0.14933136105537415,
   -0.45748740434646606,
   -3.112895965576172
  ],
  "euler_order": "XYZ",
  "rotation_matrix": [
   [
    -0.8967957496643066,
    -0.037313610315322876,
    0.4408685564994812
   ],
   [
    -0.02574213407933712,
    -0.9903491735458374,
    -0.13618330657482147
   ],
   [
    0.44169530272483826,
    -0.13347750902175903,
    0.8871803879737854
   ]
  ]
 },
 {
  "rotation_euler": [
   1.446305513381958,
   0.1450631022453308,
   1.473345398902893
  ],
  "euler_order": "XYZ",
  "rotation_matrix": [
   [
    0.09627483040094376,
    -0.10962449759244919,
    0.9892995357513428
   ],
   [
    0.9848020076751709,
    0.15483690798282623,
    -0.0786796361207962
   ],
   [
    -0.14455486834049225,
    0.981839120388031,
    0.12286532670259476
   ]
  ]
 },
 {
  "rotation_euler": [
   1.6138215065002441,
   0.6437276005744934,
   -1.487483024597168
  ],
  "euler_order": "XYZ",
  "rotation_matrix": [
   [
    0.06656225025653839,
    0.007036310620605946,
    -0.9977574348449707
   ],
   [
    -0.797089695930481,
    -0.6011252403259277,
    -0.057414546608924866
   ],
   [
    -0.6001811623573303,
    0.7991238832473755,
    -0.03440367802977562
   ]
  ]
 },
 {
  "rotation_euler": [
   -1.408790946006775,
   -0.20022651553153992,
   1.4954285621643066
  ],
  "euler_order": "XYZ",
  "rotation_matrix": [
   [
    0.07379212975502014,
    -0.146060049533844,
    -0.9865197539329529
   ],
   [
    0.9772394895553589,
    0.20787492394447327,
    0.0423208549618721
   ],
   [
    0.19889132678508759,
    -0.9671889543533325,
    0.15807516872882843
   ]
  ]
 },
 {
  "rotation_euler": [
   1.4490833282470703,
   0.204252690076828,
   1.5758602619171143
  ],
  "euler_order": "XYZ",
  "rotation_matrix": [
   [
    -0.004958649165928364,
    -0.1224306970834732,
    0.9924646615982056
   ],
   [
    0.9792003035545349,
    0.2007174789905548,
    0.02965293638408184
   ],
   [
    -0.20283544063568115,
    0.9719687104225159,
    0.11888888478279114
   ]
  ]
 },
 {
  "rotation_euler": [
   -0.46579205989837646,
   -0.9684944152832031,
   0.2632530927658081
  ],
  "euler_order": "XYZ",
  "rotation_matrix": [
   [
    0.5470227003097534,
    0.12484794110059738,
    -0.8277555108070374
   ],
   [
    0.14742691814899445,
    0.9589930772781372,
    0.2420692890882492
   ],
   [
    0.8240336775779724,
    -0.25445082783699036,
    0.5061850547790527
   ]
  ]
 },
 {
  "rotation_euler": [
   1.3783040046691895,
   -0.8018717765808105,
   -1.2111763954162598
  ],
  "euler_order": "XYZ",
  "rotation_matrix": [
   [
    0.2447110265493393,
    -0.06917018443346024,
    -0.967125654220581
   ],
   [
    -0.6508808732032776,
    0.7275866270065308,
    -0.21672987937927246
   ],
   [
    0.7186589241027832,
    0.6825197339057922,
    0.13302691280841827
   ]
  ]
 },
 {
  "rotation_euler": [
   -0.021860964596271515,
   0.023289550095796585,
   1.9518053531646729
  ],
  "euler_order": "XYZ",
  "rotation_matrix": [
   [
    -0.37175649404525757,
    -0.9278787970542908,
    -0.028949234634637833
   ],
   [
    0.9280381798744202,
    -0.3722410202026367,
    0.013483822345733643
   ],
   [
    -0.023287445306777954,
    -0.02185329608619213,
    0.999489963054657
   ]
  ]
 },
 {
  "rotation_euler": [
   -1.4087908267974854,
   -0.2002255618572235,
   2.002579689025879
  ],
  "euler_order": "XYZ",
  "rotation_matrix": [
   [
    -0.41013044118881226,
    -0.22863799333572388,
    -0.882902979850769
   ],
   [
    0.890076220035553,
    0.11076942086219788,
    -0.4421475827693939
   ],
   [
    0.19889038801193237,
    -0.9671891331672668,
    0.15807531774044037
   ]
  ]
 },
 {
  "rotation_euler": [
   -1.4087910652160645,
   -0.20022475719451904,
   2.4685165882110596
  ],
  "euler_order": "XYZ",
  "rotation_matrix": [
   [
    -0.7662867307662964,
    -0.25402894616127014,
    -0.5901473760604858
   ],
   [
    0.6109399199485779,
    -0.003756685880944133,
    -0.7916680574417114
   ],
   [
    0.1988895982503891,
    -0.9671893119812012,
    0.15807510912418365
   ]
  ]
 },
 {
  "rotation_euler": [
   -1.3087314367294312,
   0.8287328481674194,
   1.5642300844192505
  ],
  "euler_order": "XYZ",
  "rotation_matrix": [
   [
    0.004437502473592758,
    -0.26374444365501404,
    -0.9645823836326599
   ],
   [
    0.6757957339286804,
    -0.7101932168006897,
    0.1972961127758026
   ],
   [
    -0.7370756268501282,
    -0.6527361273765564,
    0.1750858873128891
   ]
  ]
 },
 {
  "rotation_euler": [
   -0.0012901084264740348,
   -0.003990442957729101,
   -2.3673741817474365
  ],
  "euler_order": "XYZ",
  "rotation_matrix": [
   [
    -0.7149619460105896,
    0.6991532444953918,
    0.0037550164852291346
   ],
   [
    -0.6991519331932068,
    -0.7149706482887268,
    0.001867552986368537
   ],
   [
    0.003990432247519493,
    -0.0012900978326797485,
    0.9999911785125732
   ]
  ]
 }
]