[
 {
  "rotation_euler": [
   0.0001407328381901607,
   1.0027573580373428e-06,
   -1.9334096908569336
  ],
  "euler_order": "XYZ",
  "rotation_matrix": [
   [
    -0.3547188639640808,
    0.9349730014801025,
    -0.0001319371076533571
   ],
   [
    -0.9349730014801025,
    -0.3547188639640808,
    4.898304177913815e-05
   ],
   [
    -1.0027573580373428e-06,
    0.0001407328381901607,
    1.0
   ]
  ]
 },
 {
  "rotation_euler": [
   0.0001407390518579632,
   9.417022965862998e-07,
   -0.13136690855026245
  ],
  "euler_order": "XYZ",
  "rotation_matrix": [
   [
    0.9913837909698486,
    0.13098938763141632,
    -1.75017357832985e-05
   ],
   [
    -0.13098940253257751,
    0.9913837313652039,
    -0.0001396497682435438
   ],
   [
    -9.417022965862998e-07,
    0.0001407390518579632,
    1.0
   ]
  ]
 },
 {
  "rotation_euler": [
   0.00014074327191337943,
   1.118306727221352e-06,
   -1.4626185894012451
  ],
  "euler_order": "XYZ",
  "rotation_matrix": [
   [
    0.10796687006950378,
    0.9941544532775879,
    -0.0001397998130414635
   ],
   [
    -0.9941545128822327,
    0.10796687006950378,
    -1.6307380064972676e-05
   ],
   [
    -1.118306727221352e-06,
    0.00014074327191337943,
    1.0
   ]
  ]
 },
 {
  "rotation_euler": [
   0.0001407390955137089,
   9.95165464701131e-07,
   -2.403156042098999
  ],
  "euler_order": "XYZ",
  "rotation_matrix": [
   [
    -0.7395218014717102,
    0.6731325387954712,
    -9.547201625537127e-05
   ],
   [
    -0.673132598400116,
    -0.7395218014717102,
    0.00010340975131839514
   ],
   [
    -9.95165464701131e-07,
    0.0001407390955137089,
    1.0
   ]
  ]
 },
 {
  "rotation_euler": [
   0.00014101741544436663,
   -5.073009106126847e-07,
   1.106346607208252
  ],
  "euler_order": "XYZ",
  "rotation_matrix": [
   [
    0.44793087244033813,
    -0.89406818151474,
    0.00012585194781422615
   ],
   [
    0.89406818151474,
    0.44793087244033813,
    -6.361962005030364e-05
   ],
   [
    5.073009106126847e-07,
    0.00014101741544436663,
    1.0
   ]
  ]
 },
 {
  "rotation_euler": [
   0.0001407651143381372,
   7.724710826551018e-07,
   -2.920628786087036
  ],
  "euler_order": "XYZ",
  "rotation_matrix": [
   [
    -0.9756866693496704,
    0.21917015314102173,
    -3.160520282108337e-05
   ],
   [
    -0.21917015314102173,
    -0.9756866693496704,
    0.00013717333786189556
   ],
   [
    -7.724710826551018e-07,
    0.0001407651143381372,
    1.0
   ]
  ]
 },
 {
  "rotation_euler": [
   0.0001405494986101985,
   6.871842970213038e-07,
   -1.7209835052490234
  ],
  "euler_order": "XYZ",
  "rotation_matrix": [
   [
    -0.14962320029735565,
    0.9887430667877197,
    -0.00013907016545999795
   ],
   [
    -0.9887430667877197,
    -0.14962320029735565,
    2.0350018530734815e-05
   ],
   [
    -6.871842970213038e-07,
    0.0001405494986101985,
    1.0
   ]
  ]
 },
 {
  "rotation_euler": [
   0.0001406936498824507,
   1.0547718147790874e-06,
   -2.660212755203247
  ],
  "euler_order": "XYZ",
  "rotation_matrix": [
   [
    -0.8863568902015686,
    0.46300268173217773,
    -6.607644172618166e-05
   ],
   [
    -0.4630027115345001,
    -0.8863568902015686,
    0.00012421641440596431
   ],
   [
    -1.0547718147790874e-06,
    0.0001406936498824507,
    1.0
   ]
  ]
 },
 {
  "rotation_euler": [
   -3.369521436979994e-05,
   -0.00025437891599722207,
   1.895483136177063
  ],
  "euler_order": "XYZ",
  "rotation_matrix": [
   [
    -0.31901195645332336,
    -0.9477506875991821,
    4.921525760437362e-05
   ],
   [
    0.9477506279945374,
    -0.31901195645332336,
    -0.0002518369583413005
   ],
   [
    0.00025437891599722207,
    -3.369521436979994e-05,
    0.9999999403953552
   ]
  ]
 },
 {
  "rotation_euler": [
   0.00014073497732169926,
   1.3124658835295122e-06,
   -1.992773175239563
  ],
  "euler_order": "XYZ",
  "rotation_matrix": [
   [
    -0.40956470370292664,
    0.9122810959815979,
    -0.00012892739323433489
   ],
   [
    -0.9122810959815979,
    -0.40956470370292664,
    5.644273915095255e-05
   ],
   [
    -1.3124658835295122e-06,
    0.00014073497732169926,
    1.0
   ]
  ]
 },
 {
  "rotation_euler": [
   0.00014077006198931485,
   8.138903808685427e-07,
   2.270634889602661
  ],
  "euler_order": "XYZ",
  "rotation_matrix": [
   [
    -0.6440942287445068,
    -0.7649461627006531,
    0.00010715729877119884
   ],
   [
    0.7649461627006531,
    -0.6440941691398621,
    9.129176032729447e-05
   ],
   [
    -8.138903808685427e-07,
    0.00014077006198931485,
    1.0
   ]
  ]
 },
 {
  "rotation_euler": [
   0.0001407834788551554,
   1.0568375046204892e-06,
   1.156815767288208
  ],
  "euler_order": "XYZ",
  "rotation_matrix": [
   [
    0.4022568166255951,
    -0.9155268669128418,
    0.00012931617675349116
   ],
   [
    0.9155268669128418,
    0.4022568166255951,
    -5.566354957409203e-05
   ],
   [
    -1.0568375046204892e-06,
    0.0001407834788551554,
    1.0
   ]
  ]
 },
 {
  "rotation_euler": [
   0.0001407376112183556,
   9.873975841401261e-07,
   -3.017028331756592
  ],
  "euler_order": "XYZ",
  "rotation_matrix": [
   [
    -0.9922518730163574,
    0.12424243986606598,
    -1.846533086791169e-05
   ],
   [
    -0.12424243986606598,
    -0.9922518730163574,
    0.0001395244908053428
   ],
   [
    -9.873975841401261e-07,
    0.0001407376112183556,
    1.0
   ]
  ]
 },
 {
  "rotation_euler": [
   0.00014072906924411654,
   9.150109576694376e-07,
   1.7054657936096191
  ],
  "euler_order": "XYZ",
  "rotation_matrix": [
   [
    -0.1342627853155136,
    -0.9909457564353943,
    0.0001393320271745324
   ],
   [
    0.9909457564353943,
    -0.13426277041435242,
    1.9801402231678367e-05
   ],
   [
    -9.150109576694376e-07,
    0.00014072906924411654,
    1.0
   ]
  ]
 },
 {
  "rotation_euler": [
   0.00014074020145926625,
   9.549102060191217e-07,
   -0.7563803195953369
  ],
  "euler_order": "XYZ",
  "rotation_matrix": [
   [
    0.727324903011322,
    0.6862932443618774,
    -9.589452383806929e-05
   ],
   [
    -0.6862932443618774,
    0.727324903011322,
    -0.00010301920701749623
   ],
   [
    -9.549102060191217e-07,
    0.00014074020145926625,
    1.0
   ]
  ]
 },
 {
  "rotation_euler": [
   0.00013984802353661507,
   -3.7954321214783704e-06,
   2.8363871574401855
  ],
  "euler_order": "XYZ",
  "rotation_matrix": [
   [
    -0.953785240650177,
    -0.3004891872406006,
    4.564284608932212e-05
   ],
   [
    0.3004891872406006,
    -0.953785240650177,
    0.00013224448775872588
   ],
   [
    3.7954321214783704e-06,
    0.00013984802353661507,
    1.0
   ]
  ]
 }
]