[
 {
  "rotation_euler": [
   -8.796384463494178e-06,
   1.0423121921121492e-06,
   -0.7294950485229492
  ],
  "euler_order": "XYZ",
  "rotation_matrix": [
   [
    0.7455110549926758,
    0.66649329662323,
    6.6397865339240525e-06
   ],
   [
    -0.66649329662323,
    0.7455110549926758,
    5.863107617187779e-06
   ],
   [
    -1.0423121921121492e-06,
    -8.796384463494178e-06,
    1.0
   ]
  ]
 },
 {
  "rotation_euler": [
   -0.005545543972402811,
   0.003865267150104046,
   2.3449435234069824
  ],
  "euler_order": "XYZ",
  "rotation_matrix": [
   [
    -0.6991013288497925,
    -0.7149915099143982,
    -0.006667326204478741
   ],
   [
    0.7150121331214905,
    -0.6991111636161804,
    -0.0011132220970466733
   ],
   [
    -0.003865257604047656,
    -0.005545474123209715,
    0.999977171421051
   ]
  ]
 },
 {
  "rotation_euler": [
   -5.672831321135163e-06,
   3.922340056305984e-06,
   0.011150424368679523
  ],
  "euler_order": "XYZ",
  "rotation_matrix": [
   [
    0.9999378323554993,
    -0.011150193400681019,
    3.858843228954356e-06
   ],
   [
    0.011150193400681019,
    0.9999378323554993,
    5.71621330891503e-06
   ],
   [
    -3.922340056305984e-06,
    -5.672831321135163e-06,
    1.0
   ]
  ]
 },
 {
  "rotation_euler": [
   -1.098148732125992e-05,
   -1.0510133279240108e-06,
   -1.6275615692138672
  ],
  "euler_order": "XYZ",
  "rotation_matrix": [
   [
    -0.05673476308584213,
    0.9983893036842346,
    1.1023428669432178e-05
   ],
   [
    -0.9983893036842346,
    -0.05673476308584213,
    4.2628838059499685e-07
   ],
   [
    1.0510133279240108e-06,
    -1.098148732125992e-05,
    1.0
   ]
  ]
 },
 {
  "rotation_euler": [
   -8.243993761425372e-06,
   -5.213629265199415e-06,
   0.5206481218338013
  ],
  "euler_order": "XYZ",
  "rotation_matrix": [
   [
    0.8674969673156738,
    -0.49744248390197754,
    -8.623720532341395e-06
   ],
   [
    0.49744248390197754,
    0.8674969673156738,
    4.5581587073684204e-06
   ],
   [
    5.213629265199415e-06,
    -8.243993761425372e-06,
    1.0
   ]
  ]
 },
 {
  "rotation_euler": [
   0.031060146167874336,
   -0.006428402848541737,
   -1.0637803077697754
  ],
  "euler_order": "XYZ",
  "rotation_matrix": [
   [
    0.485560804605484,
    0.8736787438392639,
    -0.030268248170614243
   ],
   [
    -0.8741792440414429,
    0.4855111539363861,
    -0.009462532587349415
   ],
   [
    0.006428358610719442,
    0.031054509803652763,
    0.9994969964027405
   ]
  ]
 },
 {
  "rotation_euler": [
   7.110982551239431e-06,
   3.632953166743391e-06,
   -1.5342516899108887
  ],
  "euler_order": "XYZ",
  "rotation_matrix": [
   [
    0.036536503583192825,
    0.9993323087692261,
    -6.973499239393277e-06
   ],
   [
    -0.9993323087692261,
    0.036536503583192825,
    -3.890338120982051e-06
   ],
   [
    -3.632953166743391e-06,
    7.110982551239431e-06,
    1.0
   ]
  ]
 },
 {
  "rotation_euler": [
   1.2386497473926283e-05,
   -1.0520788237045053e-05,
   1.5813769102096558
  ],
  "euler_order": "XYZ",
  "rotation_matrix": [
   [
    -0.010580386035144329,
    -0.9999440312385559,
    1.2497118405008223e-05
   ],
   [
    0.9999440312385559,
    -0.010580386035144329,
    -1.0389145245426334e-05
   ],
   [
    1.0520788237045053e-05,
    1.2386497473926283e-05,
    1.0
   ]
  ]
 },
 {
  "rotation_euler": [
   -0.021694611757993698,
   -0.1163022518157959,
   -1.3876919746398926
  ],
  "euler_order": "XYZ",
  "rotation_matrix": [
   [
    0.18085284531116486,
    0.9835101366043091,
    0.00020630168728530407
   ],
   [
    -0.9766406416893005,
    0.17956487834453583,
    0.11802347749471664
   ],
   [
    0.11604023724794388,
    -0.021546363830566406,
    0.9930107593536377
   ]
  ]
 },
 {
  "rotation_euler": [
   -6.511269930342678e-06,
   2.818997700160253e-06,
   -1.473726511001587
  ],
  "euler_order": "XYZ",
  "rotation_matrix": [
   [
    0.09691745042800903,
    0.9952924251556396,
    6.753827619832009e-06
   ],
   [
    -0.9952924251556396,
    0.09691745042800903,
    -2.174671408283757e-06
   ],
   [
    -2.818997700160253e-06,
    -6.511269930342678e-06,
    1.0
   ]
  ]
 },
 {
  "rotation_euler": [
   -1.0265634045936167e-05,
   2.1428363652375992e-06,
   1.8376866579055786
  ],
  "euler_order": "XYZ",
  "rotation_matrix": [
   [
    -0.2637331485748291,
    -0.9645956754684448,
    -1.0467323591001332e-05
   ],
   [
    0.9645956754684448,
    -0.2637331485748291,
    -6.404172268048569e-07
   ],
   [
    -2.1428363652375992e-06,
    -1.0265634045936167e-05,
    1.0
   ]
  ]
 },
 {
  "rotation_euler": [
   4.586374870996224e-06,
   -5.3471298997465055e-06,
   -2.486624240875244
  ],
  "euler_order": "XYZ",
  "rotation_matrix": [
   [
    -0.7930671572685242,
    0.6091341972351074,
    1.4469154621110647e-06
   ],
   [
    -0.6091341972351074,
    -0.7930671572685242,
    6.894422767800279e-06
   ],
   [
    5.3471298997465055e-06,
    4.586374870996224e-06,
    1.0
   ]
  ]
 },
 {
  "rotation_euler": [
   -1.4676507817057427e-05,
   3.166403257637285e-05,
   0.43107298016548157
  ],
  "euler_order": "XYZ",
  "rotation_matrix": [
   [
    0.9085179567337036,
    -0.41784587502479553,
    2.2634823835687712e-05
   ],
   [
    0.41784587502479553,
    0.9085179567337036,
    2.6564555810182355e-05
   ],
   [
    -3.166403257637285e-05,
    -1.4676507817057427e-05,
    1.0
   ]
  ]
 },
 {
  "rotation_euler": [
   0.002909925766289234,
   0.024094803258776665,
   -0.3243088722229004
  ],
  "euler_order": "XYZ",
  "rotation_matrix": [
   [
    0.9475960731506348,
    0.3187188506126404,
    0.021909205242991447
   ],
   [
    -0.31856125593185425,
    0.9478448033332825,
    -0.010435354895889759
   ],
   [
    -0.024092471227049828,
    0.002909077098593116,
    0.9997054934501648
   ]
  ]
 },
 {
  "rotation_euler": [
   -0.04861855134367943,
   -0.009577839635312557,
   3.0933499336242676
  ],
  "euler_order": "XYZ",
  "rotation_matrix": [
   [
    -0.9987907409667969,
    -0.048631954938173294,
    0.007211587857455015
   ],
   [
    0.04822179675102234,
    -0.9976338148117065,
    -0.04900418594479561
   ],
   [
    0.009577693417668343,
    -0.048597171902656555,
    0.9987725615501404
   ]
  ]
 },
 {
  "rotation_euler": [
   -1.2975470781384502e-05,
   3.7062284263811307e-06,
   2.2631235122680664
  ],
  "euler_order": "XYZ",
  "rotation_matrix": [
   [
    -0.6383302807807922,
    -0.7697625756263733,
    -1.2353830243228003e-05
   ],
   [
    0.7697625756263733,
    -0.6383302807807922,
    -5.429720204119803e-06
   ],
   [
    -3.7062284263811307e-06,
    -1.2975470781384502e-05,
    1.0
   ]
  ]
 }
]