[
 {
  "rotation_euler": [
   -2.6338062752984115e-07,
   -1.915283860398631e-07,
   0.02109919674694538
  ],
  "euler_order": "XYZ",
  "rotation_matrix": [
   [
    0.9997774362564087,
    -0.021097632125020027,
    -1.9704246767560107e-07
   ],
   [
    0.021097632125020027,
    0.9997774362564087,
    2.5928122227014683e-07
   ],
   [
    1.915283860398631e-07,
    -2.6338062752984115e-07,
    1.0
   ]
  ]
 },
 {
  "rotation_euler": [
   3.917476760761929e-07,
   -1.5721759893949638e-07,
   -0.6325370073318481
  ],
  "euler_order": "XYZ",
  "rotation_matrix": [
   [
    0.806530237197876,
    0.5911928415298462,
    -3.5839917700286605e-07
   ],
   [
    -0.5911928415298462,
    0.806530237197876,
    -2.230104314548953e-07
   ],
   [
    1.5721759893949638e-07,
    3.917476760761929e-07,
    1.0
   ]
  ]
 },
 {
  "rotation_euler": [
   -4.828355599784118e-07,
   -7.49562047985819e-08,
   1.2848267555236816
  ],
  "euler_order": "XYZ",
  "rotation_matrix": [
   [
    0.2820877730846405,
    -0.9593886137008667,
    -4.843711849389365e-07
   ],
   [
    0.9593886137008667,
    0.2820877730846405,
    6.428988541529179e-08
   ],
   [
    7.49562047985819e-08,
    -4.828355599784118e-07,
    1.0
   ]
  ]
 },
 {
  "rotation_euler": [
   4.483555358092417e-07,
   -1.241332086010516e-07,
   -2.0820865631103516
  ],
  "euler_order": "XYZ",
  "rotation_matrix": [
   [
    -0.4893028736114502,
    0.8721139430999756,
    -3.3027836821020173e-07
   ],
   [
    -0.8721139430999756,
    -0.4893028736114502,
    3.276399525020679e-07
   ],
   [
    1.241332086010516e-07,
    4.483555358092417e-07,
    1.0
   ]
  ]
 },
 {
  "rotation_euler": [
   9.451796927351097e-07,
   2.5023137339985624e-08,
   2.799532413482666
  ],
  "euler_order": "XYZ",
  "rotation_matrix": [
   [
    -0.9420655965805054,
    -0.3354286849498749,
    2.9346693963816506e-07
   ],
   [
    0.3354286849498749,
    -0.9420655965805054,
    8.988147328636842e-07
   ],
   [
    -2.5023137339985624e-08,
    9.451796927351097e-07,
    1.0
   ]
  ]
 },
 {
  "rotation_euler": [
   -8.632322874291276e-07,
   1.3973847856618704e-08,
   -1.699388027191162
  ],
  "euler_order": "XYZ",
  "rotation_matrix": [
   [
    -0.12823760509490967,
    0.9917434453964233,
    8.543129865756782e-07
   ],
   [
    -0.9917434453964233,
    -0.12823760509490967,
    -1.2455730313831737e-07
   ],
   [
    -1.3973847856618704e-08,
    -8.632322874291276e-07,
    1.0
   ]
  ]
 },
 {
  "rotation_euler": [
   8.030502272049489e-07,
   1.5455229984695507e-08,
   0.4910949170589447
  ],
  "euler_order": "XYZ",
  "rotation_matrix": [
   [
    0.8818170428276062,
    -0.47159168124198914,
    3.9234049609149224e-07
   ],
   [
    0.47159168124198914,
    0.8818170428276062,
    -7.00854798196815e-07
   ],
   [
    -1.5455229984695507e-08,
    8.030502272049489e-07,
    1.0
   ]
  ]
 },
 {
  "rotation_euler": [
   6.969427772673953e-07,
   -5.157485247764271e-07,
   1.7815966606140137
  ],
  "euler_order": "XYZ",
  "rotation_matrix": [
   [
    -0.209242582321167,
    -0.9778637886047363,
    7.894316240708577e-07
   ],
   [
    0.9778637886047363,
    -0.209242582321167,
    -3.585016941087815e-07
   ],
   [
    5.157485247764271e-07,
    6.969427772673953e-07,
    1.0
   ]
  ]
 },
 {
  "rotation_euler": [
   -1.1055448823071856e-07,
   8.22405013423122e-07,
   -3.012713670730591
  ],
  "euler_order": "XYZ",
  "rotation_matrix": [
   [
    -0.9917066097259521,
    0.12852250039577484,
    -8.013757337721472e-07
   ],
   [
    -0.12852250039577484,
    -0.9917066097259521,
    -2.153351630340694e-07
   ],
   [
    -8.22405013423122e-07,
    -1.1055448823071856e-07,
    1.0
   ]
  ]
 },
 {
  "rotation_euler": [
   -1.9818325824871863e-07,
   1.1807202326963306e-06,
   -1.5864044427871704
  ],
  "euler_order": "XYZ",
  "rotation_matrix": [
   [
    -0.015607481822371483,
    0.9998781681060791,
    1.7973104604607215e-07
   ],
   [
    -0.9998781681060791,
    -0.015607481822371483,
    -1.1836696103273425e-06
   ],
   [
    -1.1807202326963306e-06,
    -1.9818325824871863e-07,
    1.0
   ]
  ]
 },
 {
  "rotation_euler": [
   8.686018304615573e-08,
   2.7229350507695926e-07,
   2.876715660095215
  ],
  "euler_order": "XYZ",
  "rotation_matrix": [
   [
    -0.9651247262954712,
    -0.26179054379463196,
    -2.400580285666365e-07
   ],
   [
    0.26179054379463196,
    -0.9651247262954712,
    1.551147761347238e-07
   ],
   [
    -2.7229350507695926e-07,
    8.686018304615573e-08,
    1.0
   ]
  ]
 },
 {
  "rotation_euler": [
   -7.157369168453442e-07,
   -5.831732892147556e-07,
   -1.1912223100662231
  ],
  "euler_order": "XYZ",
  "rotation_matrix": [
   [
    0.3705248534679413,
    0.9288225769996643,
    4.4871239879284985e-07
   ],
   [
    -0.9288225769996643,
    0.3705248534679413,
    8.06862828994781e-07
   ],
   [
    5.831732892147556e-07,
    -7.157369168453442e-07,
    1.0
   ]
  ]
 },
 {
  "rotation_euler": [
   2.448190912218706e-07,
   1.942348148986639e-07,
   0.7529050707817078
  ],
  "euler_order": "XYZ",
  "rotation_matrix": [
   [
    0.7297055721282959,
    -0.683761477470398,
    3.091321048032114e-07
   ],
   [
    0.683761477470398,
    0.7297055721282959,
    -4.5835570006147464e-08
   ],
   [
    -1.942348148986639e-07,
    2.448190912218706e-07,
    1.0
   ]
  ]
 },
 {
  "rotation_euler": [
   -5.04518880006799e-07,
   -3.8115112488412706e-07,
   0.6424373984336853
  ],
  "euler_order": "XYZ",
  "rotation_matrix": [
   [
    0.8006377816200256,
    -0.599148690700531,
    -6.074458269722527e-07
   ],
   [
    0.599148690700531,
    0.8006377816200256,
    1.755706762196496e-07
   ],
   [
    3.8115112488412706e-07,
    -5.04518880006799e-07,
    1.0
   ]
  ]
 },
 {
  "rotation_euler": [
   -3.684168703443902e-08,
   -1.4761303646082524e-07,
   -2.4615437984466553
  ],
  "euler_order": "XYZ",
  "rotation_matrix": [
   [
    -0.777541995048523,
    0.6288310289382935,
    1.3794253561627556e-07
   ],
   [
    -0.6288310289382935,
    -0.777541995048523,
    6.417769782274263e-08
   ],
   [
    1.4761303646082524e-07,
    -3.684168703443902e-08,
    1.0
   ]
  ]
 },
 {
  "rotation_euler": [
   4.4271612864577037e-07,
   -1.2838677321269643e-07,
   2.9932446479797363
  ],
  "euler_order": "XYZ",
  "rotation_matrix": [
   [
    -0.989016592502594,
    -0.14780448377132416,
    1.9241207382947323e-07
   ],
   [
    0.14780448377132416,
    -0.989016592502594,
    4.1887744828272844e-07
   ],
   [
    1.2838677321269643e-07,
    4.4271612864577037e-07,
    1.0
   ]
  ]
 }
]