[
 {
  "rotation_euler": [
   -1.9569604396820068,
   0.6885082721710205,
   -1.7403761148452759
  ],
  "euler_order": "XYZ",
  "rotation_matrix": [
   [
    -0.13032189011573792,
    -0.2718988358974457,
    0.9534606337547302
   ],
   [
    -0.7611181735992432,
    0.6437180638313293,
    0.07953745126724243
   ],
   [
    -0.6353859901428223,
    -0.7153307795524597,
    -0.29083770513534546
   ]
  ]
 },
 {
  "rotation_euler": [
   1.2706879377365112,
   2.156961441040039,
   -0.9494377970695496
  ],
  "euler_order": "XYZ",
  "rotation_matrix": [
   [
    -0.32202276587486267,
    0.7036551237106323,
    -0.6333804726600647
   ],
   [
    0.44977638125419617,
    -0.4749886095523834,
    -0.7563643455505371
   ],
   [
    -0.8330681324005127,
    -0.5284461379051208,
    -0.16353030502796173
   ]
  ]
 },
 {
  "rotation_euler": [
   1.1207846403121948,
   -2.6701788902282715,
   0.6497321128845215
  ],
  "euler_order": "XYZ",
  "rotation_matrix": [
   [
    -0.7093970775604248,
    -0.5887596011161804,
    0.38745060563087463
   ],
   [
    -0.5389869809150696,
    0.09895478188991547,
    -0.8364813327789307
   ],
   [
    0.45414629578590393,
    -0.8022282123565674,
    -0.38753196597099304
   ]
  ]
 },
 {
  "rotation_euler": [
   1.1317899227142334,
   -1.7421121810912155e-05,
   -1.0047634840011597
  ],
  "euler_order": "XYZ",
  "rotation_matrix": [
   [
    0.5362878441810608,
    0.35874050855636597,
    -0.7640029788017273
   ],
   [
    -0.8440351486206055,
    0.22795726358890533,
    -0.4854277968406677
   ],
   [
    1.7421121810912155e-05,
    0.9051744341850281,
    0.4250403046607971
   ]
  ]
 },
 {
  "rotation_euler": [
   0.014754028059542179,
   0.011232671327888966,
   1.1734213829040527
  ],
  "euler_order": "XYZ",
  "rotation_matrix": [
   [
    0.3869747519493103,
    -0.921915590763092,
    0.01795037090778351
   ],
   [
    0.9220218658447266,
    0.3871098458766937,
    0.00464648799970746
   ],
   [
    -0.011232434771955013,
    0.014752562157809734,
    0.9998281002044678
   ]
  ]
 },
 {
  "rotation_euler": [
   -1.3365473747253418,
   1.0660630464553833,
   2.2372512817382812
  ],
  "euler_order": "XYZ",
  "rotation_matrix": [
   [
    -0.2989470958709717,
    0.34389251470565796,
    -0.8901508450508118
   ],
   [
    0.3800979554653168,
    -0.8127070665359497,
    -0.44162517786026
   ],
   [
    -0.8753035068511963,
    -0.47036707401275635,
    0.11224357783794403
   ]
  ]
 },
 {
  "rotation_euler": [
   -2.078895092010498,
   0.3363600969314575,
   1.95768141746521
  ],
  "euler_order": "XYZ",
  "rotation_matrix": [
   [
    -0.3561622202396393,
    0.5593571066856384,
    -0.7485105991363525
   ],
   [
    0.8741928935050964,
    -0.08347958326339722,
    -0.47834914922714233
   ],
   [
    -0.3300533592700958,
    -0.8247125148773193,
    -0.4592537581920624
   ]
  ]
 },
 {
  "rotation_euler": [
   -1.9759726524353027,
   -0.6113308668136597,
   1.1273784637451172
  ],
  "euler_order": "XYZ",
  "rotation_matrix": [
   [
    0.3513256013393402,
    0.5823668241500854,
    -0.7330888509750366
   ],
   [
    0.7396910190582275,
    0.30735811591148376,
    0.5986553430557251
   ],
   [
    0.5739578008651733,
    -0.7525821328163147,
    -0.32278871536254883
   ]
  ]
 },
 {
  "rotation_euler": [
   1.1360602378845215,
   0.035254426300525665,
   -1.172343373298645
  ],
  "euler_order": "XYZ",
  "rotation_matrix": [
   [
    0.38775187730789185,
    0.400581032037735,
    -0.8301706314086914
   ],
   [
    -0.9210896492004395,
    0.1339472532272339,
    -0.36558446288108826
   ],
   [
    -0.03524712473154068,
    0.9064176678657532,
    0.4209093451499939
   ]
  ]
 },
 {
  "rotation_euler": [
   1.1317899227142334,
   2.188541657233145e-05,
   -2.144988536834717
  ],
  "euler_order": "XYZ",
  "rotation_matrix": [
   [
    -0.5431567430496216,
    0.35686638951301575,
    -0.7600178718566895
   ],
   [
    -0.8396313190460205,
    -0.23088012635707855,
    0.4916437566280365
   ],
   [
    -2.188541657233145e-05,
    0.9051744341850281,
    0.4250403046607971
   ]
  ]
 },
 {
  "rotation_euler": [
   0.016429055482149124,
   0.003334016539156437,
   -1.8355766534805298
  ],
  "euler_order": "XYZ",
  "rotation_matrix": [
   [
    -0.2616958022117615,
    0.9650053977966309,
    -0.016728173941373825
   ],
   [
    -0.9651446342468262,
    -0.2617148160934448,
    0.0010818594601005316
   ],
   [
    -0.0033340102527290583,
    0.016428224742412567,
    0.9998595118522644
   ]
  ]
 },
 {
  "rotation_euler": [
   1.1486928462982178,
   -0.1386309415102005,
   1.030563235282898
  ],
  "euler_order": "XYZ",
  "rotation_matrix": [
   [
    0.5094014406204224,
    -0.4161735773086548,
    0.7531996369361877
   ],
   [
    0.8493611812591553,
    0.1026068776845932,
    -0.5177425742149353
   ],
   [
    0.13818731904029846,
    0.9034773707389832,
    0.4057497978210449
   ]
  ]
 },
 {
  "rotation_euler": [
   -2.0421488285064697,
   -0.26232245564460754,
   0.3432483971118927
  ],
  "euler_order": "XYZ",
  "rotation_matrix": [
   [
    0.9094522595405579,
    0.3703920245170593,
    -0.18896108865737915
   ],
   [
    0.32503458857536316,
    -0.3498448133468628,
    0.8786131739616394
   ],
   [
    0.25932425260543823,
    -0.8604756593704224,
    -0.43855738639831543
   ]
  ]
 },
 {
  "rotation_euler": [
   1.0662845373153687,
   2.986419439315796,
   -0.09451164305210114
  ],
  "euler_order": "XYZ",
  "rotation_matrix": [
   [
    -0.9835755228996277,
    0.18030904233455658,
    -0.008239789865911007
   ],
   [
    0.09323711693286896,
    0.46845483779907227,
    -0.8785538673400879
   ],
   [
    -0.15455123782157898,
    -0.864892303943634,
    -0.4775722026824951
   ]
  ]
 },
 {
  "rotation_euler": [
   1.1050307750701904,
   -2.6513171195983887,
   -0.5962529182434082
  ],
  "euler_order": "XYZ",
  "rotation_matrix": [
   [
    -0.7299751043319702,
    -0.0959213599562645,
    -0.6767092943191528
   ],
   [
    0.49539756774902344,
    0.6078601479530334,
    -0.6205540299415588
   ],
   [
    0.4708689749240875,
    -0.7882291078567505,
    -0.39620354771614075
   ]
  ]
 },
 {
  "rotation_euler": [
   1.2350430488586426,
   -2.283658504486084,
   1.0699905157089233
  ],
  "euler_order": "XYZ",
  "rotation_matrix": [
   [
    -0.3140074908733368,
    -0.6319547295570374,
    0.70854252576828
   ],
   [
    -0.5736876130104065,
    -0.46834495663642883,
    -0.6719639301300049
   ],
   [
    0.756493091583252,
    -0.6174837946891785,
    -0.21548078954219818
   ]
  ]
 }
]