[
 {
  "rotation_euler": [
   -0.20028752088546753,
   -1.5862919092178345,
   -2.399251937866211
  ],
  "euler_order": "XYZ",
  "rotation_matrix": [
   [
    0.011418054811656475,
    0.5159135460853577,
    0.8565645813941956
   ],
   [
    0.010474820621311665,
    -0.8566350936889648,
    0.5158163905143738
   ],
   [
    0.9998799562454224,
    0.0030827398877590895,
    -0.01518520899116993
   ]
  ]
 },
 {
  "rotation_euler": [
   -2.860769510269165,
   1.5836671590805054,
   -0.0560273602604866
  ],
  "euler_order": "XYZ",
  "rotation_matrix": [
   [
    -0.012850281782448292,
    -0.33049333095550537,
    -0.943720817565918
   ],
   [
    0.0007207216694951057,
    -0.9438015818595886,
    0.33051177859306335
   ],
   [
    -0.9999171495437622,
    0.0035670094657689333,
    0.012366309762001038
   ]
  ]
 },
 {
  "rotation_euler": [
   0.28061896562576294,
   1.5579274892807007,
   -1.5498976707458496
  ],
  "euler_order": "XYZ",
  "rotation_matrix": [
   [
    0.0002689144166652113,
    0.9664613604545593,
    -0.2568119168281555
   ],
   [
    -0.012865671887993813,
    -0.25678732991218567,
    -0.9663823246955872
   ],
   [
    -0.999917209148407,
    0.00356393214315176,
    0.012365121394395828
   ]
  ]
 },
 {
  "rotation_euler": [
   0.28055036067962646,
   1.557925820350647,
   -0.16482695937156677
  ],
  "euler_order": "XYZ",
  "rotation_matrix": [
   [
    0.012695718556642532,
    0.43077579140663147,
    0.9023696780204773
   ],
   [
    -0.002111755544319749,
    0.9024519324302673,
    -0.4307853579521179
   ],
   [
    -0.9999171495437622,
    0.0035635458771139383,
    0.012366969138383865
   ]
  ]
 },
 {
  "rotation_euler": [
   0.2674827575683594,
   1.5579578876495361,
   1.5914825201034546
  ],
  "euler_order": "XYZ",
  "rotation_matrix": [
   [
    -0.00026555219665169716,
    -0.9696995615959167,
    0.2443004846572876
   ],
   [
    0.012835339643061161,
    0.24427707493305206,
    0.9696205258369446
   ],
   [
    -0.9999175667762756,
    0.0033931646030396223,
    0.012381554581224918
   ]
  ]
 },
 {
  "rotation_euler": [
   0.2808261215686798,
   1.5579254627227783,
   -0.522247850894928
  ],
  "euler_order": "XYZ",
  "rotation_matrix": [
   [
    0.011154870502650738,
    0.7194744348526001,
    0.694429337978363
   ],
   [
    -0.006420190911740065,
    0.694509744644165,
    -0.7194546461105347
   ],
   [
    -0.9999171495437622,
    0.0035670551005750895,
    0.01236633025109768
   ]
  ]
 },
 {
  "rotation_euler": [
   -1.28917396068573,
   0.009714776650071144,
   2.024961471557617
  ],
  "euler_order": "XYZ",
  "rotation_matrix": [
   [
    -0.43869152665138245,
    -0.2456475794315338,
    -0.8644113540649414
   ],
   [
    0.8985852003097534,
    -0.13031040132045746,
    -0.4190033972263336
   ],
   [
    -0.009714623913168907,
    -0.9605605006217957,
    0.2779013514518738
   ]
  ]
 },
 {
  "rotation_euler": [
   0.2807173728942871,
   -1.5836668014526367,
   -1.291259765625
  ],
  "euler_order": "XYZ",
  "rotation_matrix": [
   [
    -0.003550997469574213,
    0.8471265435218811,
    -0.5313793420791626
   ],
   [
    0.012370545417070389,
    0.5313792824745178,
    0.8470436930656433
   ],
   [
    0.9999171495437622,
    -0.003565602470189333,
    -0.012366343289613724
   ]
  ]
 },
 {
  "rotation_euler": [
   0.28060993552207947,
   -1.5836683511734009,
   0.0189179927110672
  ],
  "euler_order": "XYZ",
  "rotation_matrix": [
   [
    -0.012869365513324738,
    -0.29504624009132385,
    -0.955396294593811
   ],
   [
    -0.00024349160958081484,
    0.9554763436317444,
    -0.2950676679611206
   ],
   [
    0.9999171495437622,
    -0.0035647028125822544,
    -0.0123682152479887
   ]
  ]
 },
 {
  "rotation_euler": [
   0.28095632791519165,
   -1.5836673974990845,
   -0.8854459524154663
  ],
  "euler_order": "XYZ",
  "rotation_matrix": [
   [
    -0.008146446198225021,
    0.5683567523956299,
    -0.8227419257164001
   ],
   [
    0.0099644735455513,
    0.8227744698524475,
    0.5682805776596069
   ],
   [
    0.9999171495437622,
    -0.0035687226336449385,
    -0.012366063892841339
   ]
  ]
 },
 {
  "rotation_euler": [
   0.28055283427238464,
   1.557926058769226,
   0.07622987776994705
  ],
  "euler_order": "XYZ",
  "rotation_matrix": [
   [
    0.012832537293434143,
    0.20288138091564178,
    0.9791192412376404
   ],
   [
    0.0009801220148801804,
    0.9791968464851379,
    -0.20291030406951904
   ],
   [
    -0.9999171495437622,
    0.003563510486856103,
    0.012366731651127338
   ]
  ]
 },
 {
  "rotation_euler": [
   0.28082475066185,
   1.5579255819320679,
   -0.13977746665477753
  ],
  "euler_order": "XYZ",
  "rotation_matrix": [
   [
    0.012744865380227566,
    0.40828752517700195,
    0.9127644300460815
   ],
   [
    -0.0017931381007656455,
    0.9128463864326477,
    -0.40829917788505554
   ],
   [
    -0.9999171495437622,
    0.003567005041986704,
    0.012366220355033875
   ]
  ]
 },
 {
  "rotation_euler": [
   0.22358959913253784,
   1.5581330060958862,
   -2.695078134536743
  ],
  "euler_order": "XYZ",
  "rotation_matrix": [
   [
    -0.011421474628150463,
    0.2210991382598877,
    -0.975184440612793
   ],
   [
    -0.005468184594064951,
    -0.975247323513031,
    -0.22104935348033905
   ],
   [
    -0.9999198317527771,
    0.0028077794704586267,
    0.012347772717475891
   ]
  ]
 },
 {
  "rotation_euler": [
   -2.860708713531494,
   -1.5579253435134888,
   -0.04502154514193535
  ],
  "euler_order": "XYZ",
  "rotation_matrix": [
   [
    0.012857586145401001,
    0.23365865647792816,
    0.9722336530685425
   ],
   [
    -0.0005792598240077496,
    -0.9723121523857117,
    0.23368516564369202
   ],
   [
    0.9999171495437622,
    -0.0035678031854331493,
    -0.012366238050162792
   ]
  ]
 },
 {
  "rotation_euler": [
   0.280588299036026,
   1.5579257011413574,
   -1.532223105430603
  ],
  "euler_order": "XYZ",
  "rotation_matrix": [
   [
    0.0004963246756233275,
    0.9708561301231384,
    -0.2396625280380249
   ],
   [
    -0.012860696762800217,
    -0.23963654041290283,
    -0.9707775115966797
   ],
   [
    -0.9999171495437622,
    0.0035640480928122997,
    0.012366948649287224
   ]
  ]
 },
 {
  "rotation_euler": [
   -2.8608624935150146,
   -1.5579222440719604,
   0.16900864243507385
  ],
  "euler_order": "XYZ",
  "rotation_matrix": [
   [
    0.012690301984548569,
    0.4347077012062073,
    0.900482177734375
   ],
   [
    0.0021654278971254826,
    -0.9005645513534546,
    0.43471693992614746
   ],
   [
    0.9999171495437622,
    -0.00356676010414958,
    -0.012369764037430286
   ]
  ]
 }
]