[
 {
  "rotation_euler": [
   -1.7934685945510864,
   -1.527312159538269,
   0.5152626037597656
  ],
  "euler_order": "XYZ",
  "rotation_matrix": [
   [
    0.037826403975486755,
    0.9566977024078369,
    -0.28861507773399353
   ],
   [
    0.02142065204679966,
    0.2879791259765625,
    0.9573971033096313
   ],
   [
    0.9990547299385071,
    -0.042397212237119675,
    -0.009599873796105385
   ]
  ]
 },
 {
  "rotation_euler": [
   0.007185462862253189,
   1.548226237297058,
   2.2046656608581543
  ],
  "euler_order": "XYZ",
  "rotation_matrix": [
   [
    -0.013366381637752056,
    -0.8099756836891174,
    -0.5863111615180969
   ],
   [
    0.018184121698141098,
    -0.586463451385498,
    0.8097715377807617
   ],
   [
    -0.9997453093528748,
    0.00016216137737501413,
    0.022567590698599815
   ]
  ]
 },
 {
  "rotation_euler": [
   -1.541496992111206,
   0.8306065797805786,
   -0.539470911026001
  ],
  "euler_order": "XYZ",
  "rotation_matrix": [
   [
    0.5786461234092712,
    -0.6181616187095642,
    0.5320196151733398
   ],
   [
    -0.3464416265487671,
    0.40424424409866333,
    0.8465015292167664
   ],
   [
    -0.7383406162261963,
    -0.6741385459899902,
    0.0197574645280838
   ]
  ]
 },
 {
  "rotation_euler": [
   -0.003490394214168191,
   1.5482269525527954,
   0.08916014432907104
  ],
  "euler_order": "XYZ",
  "rotation_matrix": [
   [
    0.02247781679034233,
    -0.09251715242862701,
    0.9954573512077332
   ],
   [
    0.0020094530191272497,
    0.995711088180542,
    0.09249536693096161
   ],
   [
    -0.9997453093528748,
    -7.876916788518429e-05,
    0.022567320615053177
   ]
  ]
 },
 {
  "rotation_euler": [
   1.5498627424240112,
   0.726651668548584,
   -0.8016126751899719
  ],
  "euler_order": "XYZ",
  "rotation_matrix": [
   [
    0.5198554396629333,
    0.4770404100418091,
    -0.7086485624313354
   ],
   [
    -0.5369932651519775,
    -0.4626724421977997,
    -0.7053881883621216
   ],
   [
    -0.6643708348274231,
    0.747239351272583,
    0.015644684433937073
   ]
  ]
 },
 {
  "rotation_euler": [
   1.2392840385437012,
   1.497751235961914,
   -0.8155528903007507
  ],
  "euler_order": "XYZ",
  "rotation_matrix": [
   [
    0.05002540722489357,
    0.8833934664726257,
    -0.4659543037414551
   ],
   [
    -0.05313719063997269,
    -0.4635235369205475,
    -0.884489893913269
   ],
   [
    -0.9973334074020386,
    0.06900647282600403,
    0.02375309355556965
   ]
  ]
 },
 {
  "rotation_euler": [
   1.7036988735198975,
   1.7600446939468384,
   0.33848634362220764
  ],
  "euler_order": "XYZ",
  "rotation_matrix": [
   [
    -0.17744645476341248,
    0.9622494578361511,
    0.20637032389640808
   ],
   [
    -0.062467314302921295,
    0.19826234877109528,
    -0.9781563878059387
   ],
   [
    -0.9821459054946899,
    -0.18646177649497986,
    0.02492818795144558
   ]
  ]
 },
 {
  "rotation_euler": [
   -1.5538572072982788,
   0.6057203412055969,
   0.39815905690193176
  ],
  "euler_order": "XYZ",
  "rotation_matrix": [
   [
    0.7577851414680481,
    -0.5313094854354858,
    -0.3787769079208374
   ],
   [
    0.3187432885169983,
    -0.20510625839233398,
    0.9253832697868347
   ],
   [
    -0.5693544149398804,
    -0.8219742178916931,
    0.013924852013587952
   ]
  ]
 },
 {
  "rotation_euler": [
   -1.5561424493789673,
   0.5845974087715149,
   -2.442206621170044
  ],
  "euler_order": "XYZ",
  "rotation_matrix": [
   [
    -0.6381579041481018,
    0.43169456720352173,
    0.6374906301498413
   ],
   [
    -0.5368435382843018,
    0.3440096974372864,
    -0.7703611850738525
   ],
   [
    -0.5518636703491211,
    -0.833844780921936,
    0.012219933792948723
   ]
  ]
 },
 {
  "rotation_euler": [
   -1.5786871910095215,
   -0.5277220010757446,
   0.5805419683456421
  ],
  "euler_order": "XYZ",
  "rotation_matrix": [
   [
    0.7224105596542358,
    0.42537978291511536,
    -0.5451375842094421
   ],
   [
    0.47386041283607483,
    0.2695881724357605,
    0.8383188843727112
   ],
   [
    0.503566563129425,
    -0.8639295101165771,
    -0.006817291956394911
   ]
  ]
 },
 {
  "rotation_euler": [
   -1.5722752809524536,
   0.315115362405777,
   1.289571762084961
  ],
  "euler_order": "XYZ",
  "rotation_matrix": [
   [
    0.2638668119907379,
    -0.08459357172250748,
    -0.960842490196228
   ],
   [
    0.9134112596511841,
    -0.29816123843193054,
    0.2770916521549225
   ],
   [
    -0.3099261522293091,
    -0.9507595896720886,
    -0.0014061308465898037
   ]
  ]
 },
 {
  "rotation_euler": [
   -1.5723308324813843,
   0.3103671967983246,
   1.8722888231277466
  ],
  "euler_order": "XYZ",
  "rotation_matrix": [
   [
    -0.28275808691978455,
    0.09215487539768219,
    -0.9547540545463562
   ],
   [
    0.9092709422111511,
    -0.2911766767501831,
    -0.297392874956131
   ],
   [
    -0.3054082989692688,
    -0.9522203803062439,
    -0.0014611887745559216
   ]
  ]
 },
 {
  "rotation_euler": [
   -1.557212471961975,
   0.5657061338424683,
   -1.0554847717285156
  ],
  "euler_order": "XYZ",
  "rotation_matrix": [
   [
    0.4160318970680237,
    -0.25230610370635986,
    0.8736470341682434
   ],
   [
    -0.7345805168151855,
    0.4730561077594757,
    0.48642513155937195
   ],
   [
    -0.5360120534896851,
    -0.8441324234008789,
    0.011467278003692627
   ]
  ]
 },
 {
  "rotation_euler": [
   -1.5666131973266602,
   0.39564773440361023,
   0.8860957622528076
  ],
  "euler_order": "XYZ",
  "rotation_matrix": [
   [
    0.5835831761360168,
    -0.24698472023010254,
    -0.7735820412635803
   ],
   [
    0.7147676944732666,
    -0.29589053988456726,
    0.6336843967437744
   ],
   [
    -0.385405957698822,
    -0.9227390289306641,
    0.0038599593099206686
   ]
  ]
 },
 {
  "rotation_euler": [
   -1.4956982135772705,
   1.230224609375,
   0.14148899912834167
  ],
  "euler_order": "XYZ",
  "rotation_matrix": [
   [
    0.33068814873695374,
    -0.9410949945449829,
    -0.07060835510492325
   ],
   [
    0.047103479504585266,
    -0.058265458792448044,
    0.9971892237663269
   ],
   [
    -0.9425638318061829,
    -0.3330845534801483,
    0.02506115287542343
   ]
  ]
 },
 {
  "rotation_euler": [
   1.6121246814727783,
   2.144164800643921,
   -0.8297764658927917
  ],
  "euler_order": "XYZ",
  "rotation_matrix": [
   [
    -0.36618587374687195,
    0.5361203551292419,
    -0.7605805993080139
   ],
   [
    0.40022003650665283,
    -0.6471546292304993,
    -0.648856520652771
   ],
   [
    -0.8400784730911255,
    -0.5420017242431641,
    0.022412801161408424
   ]
  ]
 }
]