[
 {
  "rotation_euler": [
   9.827081157709472e-07,
   -5.2425234571273904e-06,
   -2.2483291625976562
  ],
  "euler_order": "XYZ",
  "rotation_matrix": [
   [
    -0.626872718334198,
    0.7791216969490051,
    2.520745738365804e-06
   ],
   [
    -0.7791216969490051,
    -0.626872718334198,
    4.700596491602482e-06
   ],
   [
    5.2425234571273904e-06,
    9.827081157709472e-07,
    1.0
   ]
  ]
 },
 {
  "rotation_euler": [
   5.179065283300588e-06,
   3.787800778809469e-06,
   -2.2131316661834717
  ],
  "euler_order": "XYZ",
  "rotation_matrix": [
   [
    -0.599066972732544,
    0.8006989359855652,
    -6.416018550225999e-06
   ],
   [
    -0.8006989359855652,
    -0.599066972732544,
    6.971900035068757e-08
   ],
   [
    -3.787800778809469e-06,
    5.179065283300588e-06,
    1.0
   ]
  ]
 },
 {
  "rotation_euler": [
   2.7414130272518378e-06,
   2.066716660920065e-06,
   -0.7458851337432861
  ],
  "euler_order": "XYZ",
  "rotation_matrix": [
   [
    0.7344875335693359,
    0.6786221861839294,
    -3.4240613899783057e-07
   ],
   [
    -0.6786221861839294,
    0.7344875335693359,
    -3.4160534596594516e-06
   ],
   [
    -2.066716660920065e-06,
    2.7414130272518378e-06,
    1.0
   ]
  ]
 },
 {
  "rotation_euler": [
   8.084436444733001e-07,
   -1.8054889778795769e-06,
   2.78262996673584
  ],
  "euler_order": "XYZ",
  "rotation_matrix": [
   [
    -0.9362617135047913,
    -0.35130321979522705,
    1.974419092221069e-06
   ],
   [
    0.35130321979522705,
    -0.9362617135047913,
    1.2264075621715165e-07
   ],
   [
    1.8054889778795769e-06,
    8.084436444733001e-07,
    1.0
   ]
  ]
 },
 {
  "rotation_euler": [
   -2.905710061895661e-06,
   -1.476079887652304e-06,
   1.1347408294677734
  ],
  "euler_order": "XYZ",
  "rotation_matrix": [
   [
    0.4223673641681671,
    -0.9064247608184814,
    -3.257255457356223e-06
   ],
   [
    0.9064247608184814,
    0.4223673641681671,
    -1.1067822214272383e-07
   ],
   [
    1.476079887652304e-06,
    -2.905710061895661e-06,
    1.0
   ]
  ]
 },
 {
  "rotation_euler": [
   -5.006982974009588e-06,
   4.7004637053760234e-06,
   -0.686373770236969
  ],
  "euler_order": "XYZ",
  "rotation_matrix": [
   [
    0.7735491394996643,
    0.6337363123893738,
    6.809146725572646e-06
   ],
   [
    -0.6337363123893738,
    0.7735491394996643,
    8.942931231104012e-07
   ],
   [
    -4.7004637053760234e-06,
    -5.006982974009588e-06,
    1.0
   ]
  ]
 },
 {
  "rotation_euler": [
   1.426914877811214e-06,
   -2.4504834073013626e-06,
   0.5445103049278259
  ],
  "euler_order": "XYZ",
  "rotation_matrix": [
   [
    0.8553810715675354,
    -0.5179992914199829,
    -1.3569562042903272e-06
   ],
   [
    0.5179992914199829,
    0.8553810715675354,
    -2.4899045456550084e-06
   ],
   [
    2.4504834073013626e-06,
    1.426914877811214e-06,
    1.0
   ]
  ]
 },
 {
  "rotation_euler": [
   1.4435394177780836e-06,
   -4.807236564374762e-06,
   0.4009650647640228
  ],
  "euler_order": "XYZ",
  "rotation_matrix": [
   [
    0.9206847548484802,
    -0.3903070390224457,
    -3.862525773001835e-06
   ],
   [
    0.3903070390224457,
    0.9206847548484802,
    -3.2053430913947523e-06
   ],
   [
    4.807236564374762e-06,
    1.4435394177780836e-06,
    1.0
   ]
  ]
 },
 {
  "rotation_euler": [
   -2.7741930352931377e-06,
   3.0236462862376356e-06,
   2.628602981567383
  ],
  "euler_order": "XYZ",
  "rotation_matrix": [
   [
    -0.8712811470031738,
    -0.49078428745269775,
    -3.995976385340327e-06
   ],
   [
    0.49078428745269775,
    -0.8712811470031738,
    -9.331439514426165e-07
   ],
   [
    -3.0236462862376356e-06,
    -2.7741930352931377e-06,
    1.0
   ]
  ]
 },
 {
  "rotation_euler": [
   5.742439839195868e-07,
   -3.8689031498506665e-06,
   -2.2877378463745117
  ],
  "euler_order": "XYZ",
  "rotation_matrix": [
   [
    -0.657082200050354,
    0.753818929195404,
    2.1093114810355473e-06
   ],
   [
    -0.753818929195404,
    -0.657082200050354,
    3.293777808721643e-06
   ],
   [
    3.8689031498506665e-06,
    5.742439839195868e-07,
    1.0
   ]
  ]
 },
 {
  "rotation_euler": [
   -9.885870895232074e-07,
   4.725174221675843e-06,
   2.5531177520751953
  ],
  "euler_order": "XYZ",
  "rotation_matrix": [
   [
    -0.8317882418632507,
    -0.5550931096076965,
    -4.479102244658861e-06
   ],
   [
    0.5550931096076965,
    -0.8317882418632507,
    1.8006165873885038e-06
   ],
   [
    -4.725174221675843e-06,
    -9.885870895232074e-07,
    1.0
   ]
  ]
 },
 {
  "rotation_euler": [
   2.19188109440438e-06,
   1.5502222368013463e-06,
   2.6700491905212402
  ],
  "euler_order": "XYZ",
  "rotation_matrix": [
   [
    -0.8908681869506836,
    -0.454261839389801,
    -3.8535574731213273e-07
   ],
   [
    0.454261839389801,
    -0.8908681869506836,
    2.6568839075480355e-06
   ],
   [
    -1.5502222368013463e-06,
    2.19188109440438e-06,
    1.0
   ]
  ]
 },
 {
  "rotation_euler": [
   3.901181116816588e-06,
   2.7305832190904766e-06,
   -2.2116830348968506
  ],
  "euler_order": "XYZ",
  "rotation_matrix": [
   [
    -0.5979064106941223,
    0.8015658855438232,
    -4.75968681712402e-06
   ],
   [
    -0.8015658855438232,
    -0.5979064106941223,
    1.4379887147697445e-07
   ],
   [
    -2.7305832190904766e-06,
    3.901181116816588e-06,
    1.0
   ]
  ]
 },
 {
  "rotation_euler": [
   4.424649887369014e-06,
   4.080231519765221e-06,
   -0.09636190533638
  ],
  "euler_order": "XYZ",
  "rotation_matrix": [
   [
    0.995360791683197,
    0.09621284157037735,
    3.6355943393573398e-06
   ],
   [
    -0.09621284157037735,
    0.995360791683197,
    -4.79669370179181e-06
   ],
   [
    -4.080231519765221e-06,
    4.424649887369014e-06,
    1.0
   ]
  ]
 },
 {
  "rotation_euler": [
   1.0861864438993507e-06,
   -4.577258550853003e-06,
   2.8982980251312256
  ],
  "euler_order": "XYZ",
  "rotation_matrix": [
   [
    -0.9705495834350586,
    -0.24090152978897095,
    4.7041203288245015e-06
   ],
   [
    0.24090152978897095,
    -0.9705495834350586,
    -4.847080248282509e-08
   ],
   [
    4.577258550853003e-06,
    1.0861864438993507e-06,
    1.0
   ]
  ]
 },
 {
  "rotation_euler": [
   2.818366283463547e-06,
   -1.4630169289375772e-06,
   0.11756114661693573
  ],
  "euler_order": "XYZ",
  "rotation_matrix": [
   [
    0.9930976629257202,
    -0.11729054152965546,
    -1.122350909099623e-06
   ],
   [
    0.11729054152965546,
    0.9930976629257202,
    -2.970510877275956e-06
   ],
   [
    1.4630169289375772e-06,
    2.818366283463547e-06,
    1.0
   ]
  ]
 }
]