[
 {
  "rotation_euler": [
   0.0029154601506888866,
   -1.0725034371716902e-05,
   -2.1774163246154785
  ],
  "euler_order": "XYZ",
  "rotation_matrix": [
   [
    -0.5700938105583191,
    0.8215761780738831,
    -0.0023891651071608067
   ],
   [
    -0.82157963514328,
    -0.5700913071632385,
    0.0016708947950974107
   ],
   [
    1.0725034371716902e-05,
    0.002915455959737301,
    0.999995768070221
   ]
  ]
 },
 {
  "rotation_euler": [
   0.0029152242932468653,
   -9.127673365583178e-06,
   3.0815439224243164
  ],
  "euler_order": "XYZ",
  "rotation_matrix": [
   [
    -0.998197615146637,
    -0.060012366622686386,
    0.0001840612676460296
   ],
   [
    0.06001264974474907,
    -0.9981933832168579,
    0.002909417962655425
   ],
   [
    9.127673365583178e-06,
    0.0029152201022952795,
    0.999995768070221
   ]
  ]
 },
 {
  "rotation_euler": [
   0.002917428035289049,
   -1.400079872837523e-05,
   0.3197685778141022
  ],
  "euler_order": "XYZ",
  "rotation_matrix": [
   [
    0.9493082165718079,
    -0.3143455684185028,
    0.0009037920972332358
   ],
   [
    0.31434687972068787,
    0.9493041634559631,
    -0.002773935440927744
   ],
   [
    1.400079872837523e-05,
    0.0029174238443374634,
    0.999995768070221
   ]
  ]
 },
 {
  "rotation_euler": [
   0.0029159747064113617,
   -6.360931365634315e-06,
   -0.7360532879829407
  ],
  "euler_order": "XYZ",
  "rotation_matrix": [
   [
    0.7411240339279175,
    0.6713652610778809,
    -0.0019624039996415377
   ],
   [
    -0.6713681221008301,
    0.7411208748817444,
    -0.0021568252705037594
   ],
   [
    6.360931365634315e-06,
    0.002915970515459776,
    0.999995768070221
   ]
  ]
 },
 {
  "rotation_euler": [
   0.002918197773396969,
   -1.638701905903872e-05,
   -2.0656604766845703
  ],
  "euler_order": "XYZ",
  "rotation_matrix": [
   [
    -0.4749121069908142,
    0.8800294995307922,
    -0.0025603249669075012
   ],
   [
    -0.8800332546234131,
    -0.47491005063056946,
    0.0014003065880388021
   ],
   [
    1.638701905903872e-05,
    0.002918193582445383,
    0.999995768070221
   ]
  ]
 },
 {
  "rotation_euler": [
   0.0029031846206635237,
   -1.1748553333745804e-05,
   1.4630048274993896
  ],
  "euler_order": "XYZ",
  "rotation_matrix": [
   [
    0.10758288204669952,
    -0.9941919445991516,
    0.002885066904127598
   ],
   [
    0.9941961169242859,
    0.10758239775896072,
    -0.00032401285716332495
   ],
   [
    1.1748553333745804e-05,
    0.002903180429711938,
    0.999995768070221
   ]
  ]
 },
 {
  "rotation_euler": [
   0.0028514449950307608,
   -2.5539615307934582e-05,
   -1.0879077911376953
  ],
  "euler_order": "XYZ",
  "rotation_matrix": [
   [
    0.46433937549591064,
    0.8856537342071533,
    -0.0025372589007019997
   ],
   [
    -0.8856573700904846,
    0.4643375277519226,
    -0.001301417127251625
   ],
   [
    2.5539615307934582e-05,
    0.0028514410369098186,
    0.9999959468841553
   ]
  ]
 },
 {
  "rotation_euler": [
   0.002913423115387559,
   -1.0476531315362081e-05,
   -0.03518597036600113
  ],
  "euler_order": "XYZ",
  "rotation_matrix": [
   [
    0.9993810653686523,
    0.0351785309612751,
    -0.0001129603260778822
   ],
   [
    -0.03517870977520943,
    0.9993767738342285,
    -0.00291124708019197
   ],
   [
    1.0476531315362081e-05,
    0.002913418924435973,
    0.999995768070221
   ]
  ]
 },
 {
  "rotation_euler": [
   0.002924811327829957,
   1.0337619642086793e-05,
   2.813728094100952
  ],
  "euler_order": "XYZ",
  "rotation_matrix": [
   [
    -0.9467321634292603,
    -0.3220207393169403,
    0.000932065537199378
   ],
   [
    0.32202208042144775,
    -0.9467281103134155,
    0.0027723379898816347
   ],
   [
    -1.0337619642086793e-05,
    0.0029248071368783712,
    0.9999957084655762
   ]
  ]
 },
 {
  "rotation_euler": [
   0.0029138147365301847,
   -8.799174793239217e-06,
   -3.101238965988159
  ],
  "euler_order": "XYZ",
  "rotation_matrix": [
   [
    -0.9991859197616577,
    0.04034259170293808,
    -0.00010875912266783416
   ],
   [
    -0.04034273698925972,
    -0.9991816282272339,
    0.0029117935337126255
   ],
   [
    8.799174793239217e-06,
    0.002913810545578599,
    0.999995768070221
   ]
  ]
 },
 {
  "rotation_euler": [
   0.0029147258028388023,
   -9.615617273084354e-06,
   1.3357480764389038
  ],
  "euler_order": "XYZ",
  "rotation_matrix": [
   [
    0.23288990557193756,
    -0.9724989533424377,
    0.0028323365841060877
   ],
   [
    0.972503125667572,
    0.23288889229297638,
    -0.0006881604203954339
   ],
   [
    9.615617273084354e-06,
    0.0029147216118872166,
    0.999995768070221
   ]
  ]
 },
 {
  "rotation_euler": [
   0.0029141679406166077,
   -5.9111348491569515e-06,
   0.17995238304138184
  ],
  "euler_order": "XYZ",
  "rotation_matrix": [
   [
    0.983852207660675,
    -0.1789819896221161,
    0.0005157693522050977
   ],
   [
    0.1789827197790146,
    0.9838480353355408,
    -0.002868164563551545
   ],
   [
    5.9111348491569515e-06,
    0.002914163749665022,
    0.999995768070221
   ]
  ]
 },
 {
  "rotation_euler": [
   0.0029202504083514214,
   6.918020289958804e-07,
   0.3677898645401001
  ],
  "euler_order": "XYZ",
  "rotation_matrix": [
   [
    0.933124303817749,
    -0.35955244302749634,
    0.0010506317485123873
   ],
   [
    0.3595539927482605,
    0.9331203103065491,
    -0.0027247038669884205
   ],
   [
    -6.918020289958804e-07,
    0.0029202462173998356,
    0.9999957084655762
   ]
  ]
 },
 {
  "rotation_euler": [
   0.0029178468976169825,
   -2.0596131435013376e-05,
   -0.7562753558158875
  ],
  "euler_order": "XYZ",
  "rotation_matrix": [
   [
    0.7273969650268555,
    0.6862139701843262,
    -0.00201725447550416
   ],
   [
    -0.6862168908119202,
    0.7273939251899719,
    -0.002108296612277627
   ],
   [
    2.0596131435013376e-05,
    0.0029178427066653967,
    0.999995768070221
   ]
  ]
 },
 {
  "rotation_euler": [
   0.0029224378522485495,
   -2.9123962121957447e-06,
   -2.24763822555542
  ],
  "euler_order": "XYZ",
  "rotation_matrix": [
   [
    -0.6263342499732971,
    0.7795513272285461,
    -0.002276372630149126
   ],
   [
    -0.7795546054840088,
    -0.6263315677642822,
    0.001832690672017634
   ],
   [
    2.9123962121957447e-06,
    0.0029224336612969637,
    0.9999957084655762
   ]
  ]
 },
 {
  "rotation_euler": [
   0.0029181118588894606,
   -7.895587259554304e-06,
   -0.8529106378555298
  ],
  "euler_order": "XYZ",
  "rotation_matrix": [
   [
    0.6577936410903931,
    0.7531949877738953,
    -0.002203107113018632
   ],
   [
    -0.7531982064247131,
    0.6577908396720886,
    -0.0019135657930746675
   ],
   [
    7.895587259554304e-06,
    0.002918107667937875,
    0.999995768070221
   ]
  ]
 }
]