[
 {
  "rotation_euler": [
   -0.7898389101028442,
   2.0371828079223633,
   0.3682824373245239
  ],
  "euler_order": "XYZ",
  "rotation_matrix": [
   [
    -0.41951051354408264,
    -0.8452832102775574,
    0.3309188485145569
   ],
   [
    -0.16188429296016693,
    0.42836976051330566,
    0.8889841437339783
   ],
   [
    -0.8931989669799805,
    0.3193676173686981,
    -0.31654369831085205
   ]
  ]
 },
 {
  "rotation_euler": [
   -2.1301465034484863,
   -0.053959816694259644,
   0.2019680291414261
  ],
  "euler_order": "XYZ",
  "rotation_matrix": [
   [
    0.9782478213310242,
    0.15122924745082855,
    -0.14198929071426392
   ],
   [
    0.20030577480793,
    -0.5106794834136963,
    0.8361124396324158
   ],
   [
    0.05393363535404205,
    -0.8463664650917053,
    -0.529863178730011
   ]
  ]
 },
 {
  "rotation_euler": [
   0.09698968380689621,
   1.9876227378845215,
   -1.9995362758636475
  ],
  "euler_order": "XYZ",
  "rotation_matrix": [
   [
    0.16831074655056,
    0.8684049248695374,
    -0.46641647815704346
   ],
   [
    0.3682168126106262,
    -0.49430328607559204,
    -0.787451982498169
   ],
   [
    -0.9143784046173096,
    -0.03920577093958855,
    -0.40295785665512085
   ]
  ]
 },
 {
  "rotation_euler": [
   2.2220346927642822,
   1.0855262279510498,
   -1.3480217456817627
  ],
  "euler_order": "XYZ",
  "rotation_matrix": [
   [
    0.10305522382259369,
    -0.4357607960700989,
    -0.8941432237625122
   ],
   [
    -0.45492053031921387,
    -0.8200520873069763,
    0.34722021222114563
   ],
   [
    -0.8845490217208862,
    0.37098127603530884,
    -0.28274717926979065
   ]
  ]
 },
 {
  "rotation_euler": [
   3.033837080001831,
   1.166469693183899,
   0.035884372889995575
  ],
  "euler_order": "XYZ",
  "rotation_matrix": [
   [
    0.3931465148925781,
    0.1344802975654602,
    -0.9095882773399353
   ],
   [
    0.014113875105977058,
    -0.9900126457214355,
    -0.14027047157287598
   ],
   [
    -0.9193674921989441,
    0.04230903089046478,
    -0.39111804962158203
   ]
  ]
 },
 {
  "rotation_euler": [
   -0.6041868925094604,
   2.0024564266204834,
   -1.6953259706497192
  ],
  "euler_order": "XYZ",
  "rotation_matrix": [
   [
    0.05196605622768402,
    0.8806806802749634,
    0.47085142135620117
   ],
   [
    0.4151393473148346,
    0.40976887941360474,
    -0.8122492432594299
   ],
   [
    -0.9082724452018738,
    0.23767833411693573,
    -0.3443111479282379
   ]
  ]
 },
 {
  "rotation_euler": [
   -2.131312370300293,
   -0.13354283571243286,
   -0.9493236541748047
  ],
  "euler_order": "XYZ",
  "rotation_matrix": [
   [
    0.5770491361618042,
    -0.366561621427536,
    0.7298265695571899
   ],
   [
    -0.8057830929756165,
    -0.4012151062488556,
    0.4355916380882263
   ],
   [
    0.1331462562084198,
    -0.8394396901130676,
    -0.526889979839325
   ]
  ]
 },
 {
  "rotation_euler": [
   0.06896227598190308,
   1.9871740341186523,
   -1.7264573574066162
  ],
  "euler_order": "XYZ",
  "rotation_matrix": [
   [
    0.0627032145857811,
    0.9757908582687378,
    -0.20952460169792175
   ],
   [
    0.39956021308898926,
    -0.21692286431789398,
    -0.8906717300415039
   ],
   [
    -0.9145599603652954,
    -0.027869710698723793,
    -0.40348896384239197
   ]
  ]
 },
 {
  "rotation_euler": [
   1.0205620527267456,
   -2.717182159423828,
   0.40862834453582764
  ],
  "euler_order": "XYZ",
  "rotation_matrix": [
   [
    -0.8362528085708618,
    -0.5298754572868347,
    0.14111419022083282
   ],
   [
    -0.36209866404533386,
    0.34036368131637573,
    -0.8677771091461182
   ],
   [
    0.4117836356163025,
    -0.7767783403396606,
    -0.47649726271629333
   ]
  ]
 },
 {
  "rotation_euler": [
   2.310561418533325,
   1.094851016998291,
   0.730462908744812
  ],
  "euler_order": "XYZ",
  "rotation_matrix": [
   [
    0.3412817120552063,
    0.9388099908828735,
    0.04650408774614334
   ],
   [
    0.30570361018180847,
    -0.06407435238361359,
    -0.9499682784080505
   ],
   [
    -0.8888599872589111,
    0.3384232819080353,
    -0.3088650107383728
   ]
  ]
 },
 {
  "rotation_euler": [
   -0.8561897277832031,
   2.0532541275024414,
   -0.13333450257778168
  ],
  "euler_order": "XYZ",
  "rotation_matrix": [
   [
    -0.459839791059494,
    -0.5760759711265564,
    0.6757838726043701
   ],
   [
    0.0616784542798996,
    0.7384582161903381,
    0.671472430229187
   ],
   [
    -0.8858572840690613,
    0.3504510521888733,
    -0.3040409982204437
   ]
  ]
 },
 {
  "rotation_euler": [
   -0.8843814730644226,
   2.0544052124023438,
   0.3899203836917877
  ],
  "euler_order": "XYZ",
  "rotation_matrix": [
   [
    -0.4300757348537445,
    -0.8743192553520203,
    0.22494591772556305
   ],
   [
    -0.1767447143793106,
    0.3258877396583557,
    0.9287402629852295
   ],
   [
    -0.885322630405426,
    0.35967063903808594,
    -0.2946877181529999
   ]
  ]
 },
 {
  "rotation_euler": [
   -0.8141191601753235,
   2.0426056385040283,
   -0.9739742279052734
  ],
  "euler_order": "XYZ",
  "rotation_matrix": [
   [
    -0.25543588399887085,
    0.20382165908813477,
    0.9450974464416504
   ],
   [
    0.375927597284317,
    0.9215435981750488,
    -0.09713829308748245
   ],
   [
    -0.8907474279403687,
    0.3304755985736847,
    -0.3120175004005432
   ]
  ]
 },
 {
  "rotation_euler": [
   -0.5949438810348511,
   2.001121997833252,
   2.087327480316162
  ],
  "euler_order": "XYZ",
  "rotation_matrix": [
   [
    0.20602484047412872,
    -0.4685751497745514,
    -0.8590641021728516
   ],
   [
    -0.36274221539497375,
    -0.8519225120544434,
    0.37768521904945374
   ],
   [
    -0.908829927444458,
    0.23380625247955322,
    -0.34548917412757874
   ]
  ]
 },
 {
  "rotation_euler": [
   -0.3198937177658081,
   1.9562127590179443,
   0.31713438034057617
  ],
  "euler_order": "XYZ",
  "rotation_matrix": [
   [
    -0.3571977913379669,
    -0.5728908181190491,
    0.7377030849456787
   ],
   [
    -0.11723662912845612,
    0.8110608458518982,
    0.5730932354927063
   ],
   [
    -0.9266419410705566,
    0.11822181195020676,
    -0.35687291622161865
   ]
  ]
 },
 {
  "rotation_euler": [
   -0.2876577377319336,
   1.9752085208892822,
   2.390944004058838
  ],
  "euler_order": "XYZ",
  "rotation_matrix": [
   [
    0.28772976994514465,
    -0.46336111426353455,
    -0.8381575345993042
   ],
   [
    -0.26839685440063477,
    -0.8791101574897766,
    0.3938635289669037
   ],
   [
    -0.919333815574646,
    0.1116325780749321,
    -0.3773108124732971
   ]
  ]
 }
]