[
 {
  "rotation_euler": [
   -0.029925454407930374,
   0.03346727043390274,
   -1.4007296562194824
  ],
  "euler_order": "XYZ",
  "rotation_matrix": [
   [
    0.16915328800678253,
    0.9849627614021301,
    0.035150010138750076
   ],
   [
    -0.9850215911865234,
    0.17015902698040009,
    -0.02789946272969246
   ],
   [
    -0.03346102312207222,
    -0.029904233291745186,
    0.9989925622940063
   ]
  ]
 },
 {
  "rotation_euler": [
   -0.029925640672445297,
   0.03346693515777588,
   2.7763073444366455
  ],
  "euler_order": "XYZ",
  "rotation_matrix": [
   [
    -0.9334988594055176,
    -0.3561207354068756,
    -0.041927337646484375
   ],
   [
    0.3570157587528229,
    -0.9339613318443298,
    -0.015999697148799896
   ],
   [
    -0.03346068784594536,
    -0.02990441955626011,
    0.9989925622940063
   ]
  ]
 },
 {
  "rotation_euler": [
   -0.029925113543868065,
   0.03347403556108475,
   -2.2243666648864746
  ],
  "euler_order": "XYZ",
  "rotation_matrix": [
   [
    -0.6076841950416565,
    0.7941713929176331,
    0.003414407605305314
   ],
   [
    -0.7934732437133789,
    -0.6069576144218445,
    -0.04475127533078194
   ],
   [
    -0.03346778452396393,
    -0.02990388497710228,
    0.9989923238754272
   ]
  ]
 },
 {
  "rotation_euler": [
   -0.02991926111280918,
   0.03347419202327728,
   -1.2345123291015625
  ],
  "euler_order": "XYZ",
  "rotation_matrix": [
   [
    0.3297966718673706,
    0.9432345628738403,
    0.0392780527472496
   ],
   [
    -0.9434585571289062,
    0.33077895641326904,
    -0.021707843989133835
   ],
   [
    -0.033467940986156464,
    -0.029898038133978844,
    0.9989925026893616
   ]
  ]
 },
 {
  "rotation_euler": [
   -0.0299251526594162,
   0.03347569704055786,
   0.04046206921339035
  ],
  "euler_order": "XYZ",
  "rotation_matrix": [
   [
    0.9986217021942139,
    -0.04143352806568146,
    0.03221675753593445
   ],
   [
    0.040428366512060165,
    0.9986936450004578,
    0.03124946355819702
   ],
   [
    -0.03346944600343704,
    -0.029903922230005264,
    0.9989922642707825
   ]
  ]
 },
 {
  "rotation_euler": [
   -0.029923662543296814,
   0.03347545862197876,
   2.2926743030548096
  ],
  "euler_order": "XYZ",
  "rotation_matrix": [
   [
    -0.6604251861572266,
    -0.7495684027671814,
    -0.04456273093819618
   ],
   [
    0.7501456141471863,
    -0.6612511277198792,
    0.005339138675481081
   ],
   [
    -0.03346920758485794,
    -0.02990243397653103,
    0.9989923238754272
   ]
  ]
 },
 {
  "rotation_euler": [
   -0.029923636466264725,
   0.033473141491413116,
   1.846562385559082
  ],
  "euler_order": "XYZ",
  "rotation_matrix": [
   [
    -0.2721315920352936,
    -0.9615135192871094,
    -0.037897154688835144
   ],
   [
    0.9616779088973999,
    -0.27312570810317993,
    0.024041475728154182
   ],
   [
    -0.0334668904542923,
    -0.029902411624789238,
    0.998992383480072
   ]
  ]
 },
 {
  "rotation_euler": [
   -0.029924781993031502,
   0.03347392380237579,
   -3.0734026432037354
  ],
  "euler_order": "XYZ",
  "rotation_matrix": [
   [
    -0.9971170425415039,
    0.06910570710897446,
    -0.031336259096860886
   ],
   [
    -0.0680990070104599,
    -0.9971610307693481,
    -0.032130151987075806
   ],
   [
    -0.033467672765254974,
    -0.029903555288910866,
    0.9989923238754272
   ]
  ]
 },
 {
  "rotation_euler": [
   -0.02992420643568039,
   0.03347302973270416,
   -1.6936758756637573
  ],
  "euler_order": "XYZ",
  "rotation_matrix": [
   [
    -0.12250188738107681,
    0.9921382069587708,
    0.025593934580683708
   ],
   [
    -0.9919038414955139,
    -0.12152190506458282,
    -0.036866843700408936
   ],
   [
    -0.033466778695583344,
    -0.029902979731559753,
    0.998992383480072
   ]
  ]
 },
 {
  "rotation_euler": [
   -0.029918748885393143,
   0.03347514569759369,
   2.677614212036133
  ],
  "euler_order": "XYZ",
  "rotation_matrix": [
   [
    -0.8937782049179077,
    -0.4464138448238373,
    -0.043304067105054855
   ],
   [
    0.44725877046585083,
    -0.8943270444869995,
    -0.011780778877437115
   ],
   [
    -0.03346889466047287,
    -0.029897525906562805,
    0.9989925026893616
   ]
  ]
 },
 {
  "rotation_euler": [
   -0.02992508001625538,
   0.033466923981904984,
   2.158505439758301
  ],
  "euler_order": "XYZ",
  "rotation_matrix": [
   [
    -0.5541455149650574,
    -0.8312853574752808,
    -0.04344449192285538
   ],
   [
    0.8317470550537109,
    -0.5550408959388733,
    0.011244282126426697
   ],
   [
    -0.03346067667007446,
    -0.02990385890007019,
    0.9989925622940063
   ]
  ]
 },
 {
  "rotation_euler": [
   -0.029923390597105026,
   0.0334743857383728,
   0.5286911725997925
  ],
  "euler_order": "XYZ",
  "rotation_matrix": [
   [
    0.8629842400550842,
    -0.5050424337387085,
    0.013794510625302792
   ],
   [
    0.5041210651397705,
    0.8625763654708862,
    0.04270792752504349
   ],
   [
    -0.033468134701251984,
    -0.02990216389298439,
    0.998992383480072
   ]
  ]
 },
 {
  "rotation_euler": [
   -0.029925445094704628,
   0.03346852958202362,
   -0.12343771010637283
  ],
  "euler_order": "XYZ",
  "rotation_matrix": [
   [
    0.9918354749679565,
    0.12207575142383575,
    0.03687681257724762
   ],
   [
    -0.12305553257465363,
    0.992070198059082,
    0.02557513490319252
   ],
   [
    -0.0334622822701931,
    -0.02990422211587429,
    0.9989925026893616
   ]
  ]
 },
 {
  "rotation_euler": [
   -0.029923394322395325,
   0.033472999930381775,
   -0.3543013036251068
  ],
  "euler_order": "XYZ",
  "rotation_matrix": [
   [
    0.9373637437820435,
    0.3458407521247864,
    0.04175397753715515
   ],
   [
    -0.34674081206321716,
    0.9378166198730469,
    0.016455043107271194
   ],
   [
    -0.033466748893260956,
    -0.029902169480919838,
    0.998992383480072
   ]
  ]
 },
 {
  "rotation_euler": [
   -0.029919253662228584,
   0.03347473591566086,
   2.6891448497772217
  ],
  "euler_order": "XYZ",
  "rotation_matrix": [
   [
    -0.8988758325576782,
    -0.4360722303390503,
    -0.04316520318388939
   ],
   [
    0.43692344427108765,
    -0.8994148969650269,
    -0.012279940769076347
   ],
   [
    -0.03346848487854004,
    -0.029898030683398247,
    0.9989925026893616
   ]
  ]
 },
 {
  "rotation_euler": [
   -0.029924629256129265,
   0.03347235545516014,
   0.45440006256103516
  ],
  "euler_order": "XYZ",
  "rotation_matrix": [
   [
    0.8980212211608887,
    -0.4396265149116516,
    0.016923995688557625
   ],
   [
    0.43867745995521545,
    0.8976827263832092,
    0.041566479951143265
   ],
   [
    -0.03346610441803932,
    -0.029903404414653778,
    0.998992383480072
   ]
  ]
 }
]