[
 {
  "rotation_euler": [
   -0.0004194749053567648,
   0.00301725952886045,
   -3.0387752056121826
  ],
  "euler_order": "XYZ",
  "rotation_matrix": [
   [
    -0.9947144389152527,
    0.1026376411318779,
    -0.002958266995847225
   ],
   [
    -0.10263592004776001,
    -0.9947187304496765,
    -0.0007269397610798478
   ],
   [
    -0.0030172548722475767,
    -0.00041947298450395465,
    0.9999953508377075
   ]
  ]
 },
 {
  "rotation_euler": [
   -2.816784217429813e-05,
   -4.24221288994886e-05,
   -0.05585745349526405
  ],
  "euler_order": "XYZ",
  "rotation_matrix": [
   [
    0.9984403848648071,
    0.055828411132097244,
    -4.0783401345834136e-05
   ],
   [
    -0.055828411132097244,
    0.9984403848648071,
    3.0492270525428466e-05
   ],
   [
    4.24221288994886e-05,
    -2.816784217429813e-05,
    1.0
   ]
  ]
 },
 {
  "rotation_euler": [
   -2.7805903300759383e-05,
   -1.0224136531178374e-05,
   1.8842790126800537
  ],
  "euler_order": "XYZ",
  "rotation_matrix": [
   [
    -0.30837345123291016,
    -0.9512653946876526,
    -2.329794006072916e-05
   ],
   [
    0.9512653946876526,
    -0.30837345123291016,
    -1.8300470401300117e-05
   ],
   [
    1.0224136531178374e-05,
    -2.7805903300759383e-05,
    1.0
   ]
  ]
 },
 {
  "rotation_euler": [
   0.001853892463259399,
   0.0010893384460359812,
   -1.5105799436569214
  ],
  "euler_order": "XYZ",
  "rotation_matrix": [
   [
    0.06017996370792389,
    0.998185932636261,
    -0.0017849750583991408
   ],
   [
    -0.9981869459152222,
    0.06017788127064705,
    -0.0011989291524514556
   ],
   [
    -0.0010893382132053375,
    0.0018538902513682842,
    0.9999976754188538
   ]
  ]
 },
 {
  "rotation_euler": [
   -1.6150460243225098,
   1.020755410194397,
   -1.6259126663208008
  ],
  "euler_order": "XYZ",
  "rotation_matrix": [
   [
    -0.028795944526791573,
    0.002749009756371379,
    0.999581515789032
   ],
   [
    -0.5219283699989319,
    0.8528122305870056,
    -0.017381083220243454
   ],
   [
    -0.8525031208992004,
    -0.522210419178009,
    -0.023122748360037804
   ]
  ]
 },
 {
  "rotation_euler": [
   1.6051231622695923,
   0.8309885263442993,
   0.7431033253669739
  ],
  "euler_order": "XYZ",
  "rotation_matrix": [
   [
    0.49642252922058105,
    0.56678307056427,
    0.6575116515159607
   ],
   [
    0.45611122250556946,
    0.47415128350257874,
    -0.7530890107154846
   ],
   [
    -0.7385981678962708,
    0.6737488508224487,
    -0.02313675358891487
   ]
  ]
 },
 {
  "rotation_euler": [
   1.6711589097976685,
   -1.3380777835845947,
   -0.21978534758090973
  ],
  "euler_order": "XYZ",
  "rotation_matrix": [
   [
    0.22507581114768982,
    -0.9667014479637146,
    -0.1217750608921051
   ],
   [
    -0.05028059706091881,
    0.11329151690006256,
    -0.9922887086868286
   ],
   [
    0.9730430245399475,
    0.2294631153345108,
    -0.023107146844267845
   ]
  ]
 },
 {
  "rotation_euler": [
   -1.5989316701889038,
   -0.6051203012466431,
   0.9076923727989197
  ],
  "euler_order": "XYZ",
  "rotation_matrix": [
   [
    0.5062621831893921,
    0.3722030520439148,
    -0.7779225707054138
   ],
   [
    0.6481479406356812,
    0.43081673979759216,
    0.6279340982437134
   ],
   [
    0.5688610076904297,
    -0.8221081495285034,
    -0.023136401548981667
   ]
  ]
 },
 {
  "rotation_euler": [
   1.628777265548706,
   1.1626195907592773,
   -0.5450107455253601
  ],
  "euler_order": "XYZ",
  "rotation_matrix": [
   [
    0.33942902088165283,
    0.7535091042518616,
    -0.5630381107330322
   ],
   [
    -0.2057827115058899,
    -0.5245898365974426,
    -0.8261107802391052
   ],
   [
    -0.9178460836410522,
    0.3962695002555847,
    -0.023001858964562416
   ]
  ]
 },
 {
  "rotation_euler": [
   -0.004555482417345047,
   0.0014797793701291084,
   -2.141401529312134
  ],
  "euler_order": "XYZ",
  "rotation_matrix": [
   [
    -0.5401408672332764,
    0.8415691256523132,
    0.003034481778740883
   ],
   [
    -0.8415732979774475,
    -0.5401301980018616,
    -0.0037059271708130836
   ],
   [
    -0.0014797787880524993,
    -0.004555461462587118,
    0.9999885559082031
   ]
  ]
 },
 {
  "rotation_euler": [
   9.969701204681769e-05,
   -0.00010427678353153169,
   2.6572725772857666
  ],
  "euler_order": "XYZ",
  "rotation_matrix": [
   [
    -0.8849917054176331,
    -0.4656067192554474,
    0.00013870369002688676
   ],
   [
    0.4656067490577698,
    -0.8849917054176331,
    3.9679056499153376e-05
   ],
   [
    0.00010427678353153169,
    9.969701204681769e-05,
    1.0
   ]
  ]
 },
 {
  "rotation_euler": [
   -1.1024543709936552e-05,
   2.0640900402213447e-05,
   -2.9685251712799072
  ],
  "euler_order": "XYZ",
  "rotation_matrix": [
   [
    -0.9850611686706543,
    0.17220480740070343,
    -1.843406971602235e-05
   ],
   [
    -0.17220480740070343,
    -0.9850611686706543,
    -1.4414312317967415e-05
   ],
   [
    -2.0640900402213447e-05,
    -1.1024543709936552e-05,
    1.0
   ]
  ]
 },
 {
  "rotation_euler": [
   -0.00017203720926772803,
   5.276056981529109e-06,
   1.7972506284713745
  ],
  "euler_order": "XYZ",
  "rotation_matrix": [
   [
    -0.22452376782894135,
    -0.9744685888290405,
    -0.00016882945783436298
   ],
   [
    0.9744685888290405,
    -0.22452376782894135,
    -3.348509198985994e-05
   ],
   [
    -5.276056981529109e-06,
    -0.00017203720926772803,
    1.0
   ]
  ]
 },
 {
  "rotation_euler": [
   8.099008846329525e-05,
   1.9984401660622098e-05,
   2.044100046157837
  ],
  "euler_order": "XYZ",
  "rotation_matrix": [
   [
    -0.45582929253578186,
    -0.8900672197341919,
    6.297714571701363e-05
   ],
   [
    0.8900672197341919,
    -0.45582929253578186,
    5.4705116781406105e-05
   ],
   [
    -1.9984401660622098e-05,
    8.099008846329525e-05,
    1.0
   ]
  ]
 },
 {
  "rotation_euler": [
   0.011425099335610867,
   -0.006982309743762016,
   1.2219022512435913
  ],
  "euler_order": "XYZ",
  "rotation_matrix": [
   [
    0.3418503999710083,
    -0.9397172927856445,
    0.008349730633199215
   ],
   [
    0.9397284388542175,
    0.34176144003868103,
    -0.010466838255524635
   ],
   [
    0.006982252933084965,
    0.011424572207033634,
    0.9999103546142578
   ]
  ]
 },
 {
  "rotation_euler": [
   -0.02130296267569065,
   0.03296007961034775,
   -1.4684693813323975
  ],
  "euler_order": "XYZ",
  "rotation_matrix": [
   [
    0.10209298133850098,
    0.9944717288017273,
    0.024555375799536705
   ],
   [
    -0.9942288994789124,
    0.10282358527183533,
    -0.030598396435379982
   ],
   [
    -0.03295411169528961,
    -0.021289782598614693,
    0.9992300868034363
   ]
  ]
 }
]