[
 {
  "rotation_euler": [
   -0.009314349852502346,
   0.01697840541601181,
   -1.676355242729187
  ],
  "euler_order": "XYZ",
  "rotation_matrix": [
   [
    -0.10534780472517014,
    0.9944073557853699,
    0.0074736387468874454
   ],
   [
    -0.9942905306816101,
    -0.10520116984844208,
    -0.01786372996866703
   ],
   [
    -0.016977589577436447,
    -0.009312872774899006,
    0.9998124837875366
   ]
  ]
 },
 {
  "rotation_euler": [
   -0.009314383380115032,
   0.016978386789560318,
   2.3463213443756104
  ],
  "euler_order": "XYZ",
  "rotation_matrix": [
   [
    -0.6999901533126831,
    -0.7139118909835815,
    -0.018536202609539032
   ],
   [
    0.7139506340026855,
    -0.7001736164093018,
    0.005601547192782164
   ],
   [
    -0.016977570950984955,
    -0.009312906302511692,
    0.9998124837875366
   ]
  ]
 },
 {
  "rotation_euler": [
   -0.009274437092244625,
   0.016987217590212822,
   1.503861904144287
  ],
  "euler_order": "XYZ",
  "rotation_matrix": [
   [
    0.06687480211257935,
    -0.9977283477783203,
    -0.008117458783090115
   ],
   [
    0.9976167678833008,
    0.06672438979148865,
    0.017567941918969154
   ],
   [
    -0.01698639988899231,
    -0.009272965602576733,
    0.9998127222061157
   ]
  ]
 },
 {
  "rotation_euler": [
   -0.0093147624284029,
   0.016977448016405106,
   3.109602928161621
  ],
  "euler_order": "XYZ",
  "rotation_matrix": [
   [
    -0.9993443489074707,
    -0.031824830919504166,
    -0.017265131697058678
   ],
   [
    0.03197966143488884,
    -0.9994500875473022,
    -0.00876690074801445
   ],
   [
    -0.016976632177829742,
    -0.00931328535079956,
    0.9998124837875366
   ]
  ]
 },
 {
  "rotation_euler": [
   -0.009314257651567459,
   0.016978267580270767,
   2.938480854034424
  ],
  "euler_order": "XYZ",
  "rotation_matrix": [
   [
    -0.9793024659156799,
    -0.20155450701713562,
    -0.01850656233727932
   ],
   [
    0.20168906450271606,
    -0.979433000087738,
    -0.005698146764189005
   ],
   [
    -0.016977451741695404,
    -0.009312780573964119,
    0.9998124837875366
   ]
  ]
 },
 {
  "rotation_euler": [
   -0.009241558611392975,
   0.01701604202389717,
   -0.6304930448532104
  ],
  "euler_order": "XYZ",
  "rotation_matrix": [
   [
    0.8076199889183044,
    0.5893908739089966,
    0.019191455096006393
   ],
   [
    -0.5894577503204346,
    0.8077951669692993,
    -0.002566135488450527
   ],
   [
    -0.01701522059738636,
    -0.009240088984370232,
    0.9998125433921814
   ]
  ]
 },
 {
  "rotation_euler": [
   -0.009363343939185143,
   0.01697503589093685,
   -1.1158790588378906
  ],
  "euler_order": "XYZ",
  "rotation_matrix": [
   [
    0.4393247067928314,
    0.8981881737709045,
    0.015868885442614555
   ],
   [
    -0.8981679677963257,
    0.4395115077495575,
    -0.011133148334920406
   ],
   [
    -0.01697422005236149,
    -0.00936185847967863,
    0.999812126159668
   ]
  ]
 },
 {
  "rotation_euler": [
   -0.009314760565757751,
   0.016977449879050255,
   -2.290424108505249
  ],
  "euler_order": "XYZ",
  "rotation_matrix": [
   [
    -0.6590098142623901,
    0.752122700214386,
    -0.00418382091447711
   ],
   [
    -0.7519427537918091,
    -0.658957302570343,
    -0.018906056880950928
   ],
   [
    -0.01697663404047489,
    -0.009313283488154411,
    0.9998124837875366
   ]
  ]
 },
 {
  "rotation_euler": [
   -0.009314289316534996,
   0.016978172585368156,
   -1.4667738676071167
  ],
  "euler_order": "XYZ",
  "rotation_matrix": [
   [
    0.10381999611854553,
    0.994534969329834,
    0.011026574298739433
   ],
   [
    -0.9944511651992798,
    0.10398773103952408,
    -0.015917718410491943
   ],
   [
    -0.016977356746792793,
    -0.009312812238931656,
    0.9998124837875366
   ]
  ]
 },
 {
  "rotation_euler": [
   -0.009241635911166668,
   0.01701601780951023,
   -2.474539279937744
  ],
  "euler_order": "XYZ",
  "rotation_matrix": [
   [
    -0.7855343222618103,
    0.6187707781791687,
    -0.007649910170584917
   ],
   [
    -0.6185840964317322,
    -0.7855172157287598,
    -0.01778697408735752
   ],
   [
    -0.01701519638299942,
    -0.009240166284143925,
    0.9998125433921814
   ]
  ]
 },
 {
  "rotation_euler": [
   -0.009314194321632385,
   0.016978349536657333,
   -0.23179945349693298
  ],
  "euler_order": "XYZ",
  "rotation_matrix": [
   [
    0.9731143116950989,
    0.2295653522014618,
    0.018662458285689354
   ],
   [
    -0.2296961098909378,
    0.9732487201690674,
    0.005164884962141514
   ],
   [
    -0.01697753369808197,
    -0.009312717244029045,
    0.9998124837875366
   ]
  ]
 },
 {
  "rotation_euler": [
   -0.009241675026714802,
   0.017016014084219933,
   -1.616131067276001
  ],
  "euler_order": "XYZ",
  "rotation_matrix": [
   [
    -0.04531265050172806,
    0.9989370107650757,
    0.008460965938866138
   ],
   [
    -0.9988279342651367,
    -0.045160192996263504,
    -0.017415804788470268
   ],
   [
    -0.01701519265770912,
    -0.009240205399692059,
    0.9998125433921814
   ]
  ]
 },
 {
  "rotation_euler": [
   -0.00931425392627716,
   0.016977999359369278,
   -0.3607558608055115
  ],
  "euler_order": "XYZ",
  "rotation_matrix": [
   [
    0.9354954361915588,
    0.3528182804584503,
    0.019171390682458878
   ],
   [
    -0.3529306650161743,
    0.9356455206871033,
    0.0027221995405852795
   ],
   [
    -0.016977183520793915,
    -0.00931277684867382,
    0.9998124837875366
   ]
  ]
 },
 {
  "rotation_euler": [
   -0.009426879696547985,
   0.016936784610152245,
   0.10734865069389343
  ],
  "euler_order": "XYZ",
  "rotation_matrix": [
   [
    0.9941010475158691,
    -0.10729656368494034,
    0.015827732160687447
   ],
   [
    0.10712722688913345,
    0.9941824078559875,
    0.011186960153281689
   ],
   [
    -0.01693597435951233,
    -0.009425387717783451,
    0.999812126159668
   ]
  ]
 },
 {
  "rotation_euler": [
   -0.009314090944826603,
   0.016978412866592407,
   1.340833306312561
  ],
  "euler_order": "XYZ",
  "rotation_matrix": [
   [
    0.2279086709022522,
    -0.97366863489151,
    -0.005199033301323652
   ],
   [
    0.9735344648361206,
    0.2277776598930359,
    0.018652979284524918
   ],
   [
    -0.016977597028017044,
    -0.009312613867223263,
    0.9998124837875366
   ]
  ]
 },
 {
  "rotation_euler": [
   -0.009241713210940361,
   0.017015986144542694,
   2.869513750076294
  ],
  "euler_order": "XYZ",
  "rotation_matrix": [
   [
    -0.9630748629570007,
    -0.26857149600982666,
    -0.018872082233428955
   ],
   [
    0.26869553327560425,
    -0.9632154107093811,
    -0.004329258110374212
   ],
   [
    -0.017015164718031883,
    -0.009240243583917618,
    0.9998125433921814
   ]
  ]
 }
]