[
 {
  "rotation_euler": [
   -1.5466265678405762,
   1.177701473236084,
   0.11466313898563385
  ],
  "euler_order": "XYZ",
  "rotation_matrix": [
   [
    0.38053372502326965,
    -0.9201592803001404,
    -0.0922011137008667
   ],
   [
    0.0438254252076149,
    -0.08164603263139725,
    0.9956973791122437
   ],
   [
    -0.9237279891967773,
    -0.38293716311454773,
    0.009257301688194275
   ]
  ]
 },
 {
  "rotation_euler": [
   1.5605800151824951,
   0.4171493947505951,
   2.430243730545044
  ],
  "euler_order": "XYZ",
  "rotation_matrix": [
   [
    -0.6925260424613953,
    -0.31355196237564087,
    0.6496867537498474
   ],
   [
    0.5968721508979797,
    0.2567562162876129,
    0.7601446509361267
   ],
   [
    -0.4051559567451477,
    0.9141998887062073,
    0.00934007577598095
   ]
  ]
 },
 {
  "rotation_euler": [
   -1.5606900453567505,
   -0.2539517283439636,
   0.002900641644373536
  ],
  "euler_order": "XYZ",
  "rotation_matrix": [
   [
    0.967923104763031,
    0.25118768215179443,
    -0.0054394458420574665
   ],
   [
    0.0028076060116291046,
    0.01083475910127163,
    0.9999373555183411
   ],
   [
    0.2512308955192566,
    -0.9678777456283569,
    0.009781978093087673
   ]
  ]
 },
 {
  "rotation_euler": [
   2.1516618728637695,
   1.1637752056121826,
   -0.658165454864502
  ],
  "euler_order": "XYZ",
  "rotation_matrix": [
   [
    0.31318336725234985,
    0.2716819643974304,
    -0.9100027680397034
   ],
   [
    -0.24214383959770203,
    -0.9036939740180969,
    -0.3531338572502136
   ],
   [
    -0.9183041453361511,
    0.33094722032546997,
    -0.21723581850528717
   ]
  ]
 },
 {
  "rotation_euler": [
   1.5925039052963257,
   -2.025235414505005,
   1.035823941230774
  ],
  "euler_order": "XYZ",
  "rotation_matrix": [
   [
    -0.2237885743379593,
    -0.4392934739589691,
    0.8700229525566101
   ],
   [
    -0.3776283264160156,
    -0.7838543057441711,
    -0.4929191768169403
   ],
   [
    0.8985074162483215,
    -0.43885499238967896,
    0.00952797569334507
   ]
  ]
 },
 {
  "rotation_euler": [
   -1.6521490812301636,
   -1.1766245365142822,
   -0.6627713441848755
  ],
  "euler_order": "XYZ",
  "rotation_matrix": [
   [
    0.3027377724647522,
    0.6754313111305237,
    0.6724153161048889
   ],
   [
    -0.23630350828170776,
    -0.6302991509437561,
    0.7395158410072327
   ],
   [
    0.9233149290084839,
    -0.3827734589576721,
    -0.03120855614542961
   ]
  ]
 },
 {
  "rotation_euler": [
   -2.1180906295776367,
   -1.1388715505599976,
   -0.025842925533652306
  ],
  "euler_order": "XYZ",
  "rotation_matrix": [
   [
    0.4184798002243042,
    0.761806070804596,
    0.49449586868286133
   ],
   [
    -0.010817150585353374,
    -0.5402441620826721,
    0.8414387702941895
   ],
   [
    0.9081616997718811,
    -0.3574741780757904,
    -0.21784068644046783
   ]
  ]
 },
 {
  "rotation_euler": [
   1.4613999128341675,
   2.8749916553497314,
   0.10848989337682724
  ],
  "euler_order": "XYZ",
  "rotation_matrix": [
   [
    -0.9590004086494446,
    0.2485179752111435,
    0.13622429966926575
   ],
   [
    -0.1044519767165184,
    0.13689199090003967,
    -0.9850636124610901
   ],
   [
    -0.26345404982566833,
    -0.9589053392410278,
    -0.10532128810882568
   ]
  ]
 },
 {
  "rotation_euler": [
   0.0027132430113852024,
   -0.009129107929766178,
   0.2124447524547577
  ],
  "euler_order": "XYZ",
  "rotation_matrix": [
   [
    0.9774776101112366,
    -0.21087375283241272,
    -0.008351626805961132
   ],
   [
    0.21084153652191162,
    0.9775095582008362,
    -0.004577083047479391
   ],
   [
    0.00912898126989603,
    0.0027131265960633755,
    0.9999546408653259
   ]
  ]
 },
 {
  "rotation_euler": [
   -1.315111517906189,
   -0.3812326192855835,
   -0.10764647275209427
  ],
  "euler_order": "XYZ",
  "rotation_matrix": [
   [
    0.9228339791297913,
    0.385057657957077,
    0.010392378084361553
   ],
   [
    -0.09972532093524933,
    0.2127694934606552,
    0.972000002861023
   ],
   [
    0.37206488847732544,
    -0.8980310559272766,
    0.2347509264945984
   ]
  ]
 },
 {
  "rotation_euler": [
   1.5607844591140747,
   0.392978310585022,
   1.6810685396194458
  ],
  "euler_order": "XYZ",
  "rotation_matrix": [
   [
    -0.10166013240814209,
    -0.05209104344248772,
    0.9934544563293457
   ],
   [
    0.9181618094444275,
    0.3794946074485779,
    0.11385395377874374
   ],
   [
    -0.3829413950443268,
    0.9237263202667236,
    0.00924853514879942
   ]
  ]
 },
 {
  "rotation_euler": [
   -0.04189730063080788,
   -0.017611252143979073,
   2.4288418292999268
  ],
  "euler_order": "XYZ",
  "rotation_matrix": [
   [
    -0.7564486265182495,
    -0.6539016366004944,
    -0.014077667146921158
   ],
   [
    0.6538160443305969,
    -0.7554196715354919,
    -0.043194402009248734
   ],
   [
    0.0176103413105011,
    -0.04187854751944542,
    0.9989674687385559
   ]
  ]
 },
 {
  "rotation_euler": [
   1.8093823194503784,
   -0.4220466613769531,
   1.6326160430908203
  ],
  "euler_order": "XYZ",
  "rotation_matrix": [
   [
    -0.05635927617549896,
    0.2604675889015198,
    0.9638362526893616
   ],
   [
    0.9105098843574524,
    -0.3826640844345093,
    0.15665240585803986
   ],
   [
    0.40962839126586914,
    0.886411190032959,
    -0.2155916392803192
   ]
  ]
 },
 {
  "rotation_euler": [
   0.07340309768915176,
   0.10604589432477951,
   -2.0958642959594727
  ],
  "euler_order": "XYZ",
  "rotation_matrix": [
   [
    -0.49845588207244873,
    0.8590686917304993,
    -0.11637330055236816
   ],
   [
    -0.860429048538208,
    -0.5066388249397278,
    -0.054580047726631165
   ],
   [
    -0.10584724694490433,
    0.07292521744966507,
    0.9917047023773193
   ]
  ]
 },
 {
  "rotation_euler": [
   1.5596147775650024,
   0.392076700925827,
   -1.0181280374526978
  ],
  "euler_order": "XYZ",
  "rotation_matrix": [
   [
    0.4851248860359192,
    0.2100958377122879,
    -0.8488306999206543
   ],
   [
    -0.786541223526001,
    -0.3193325996398926,
    -0.5285637378692627
   ],
   [
    -0.3821083605289459,
    0.9240597486495972,
    0.010332850739359856
   ]
  ]
 },
 {
  "rotation_euler": [
   1.0328326225280762,
   2.020564079284668,
   -1.6283104419708252
  ],
  "euler_order": "XYZ",
  "rotation_matrix": [
   [
    0.02499084547162056,
    0.46708717942237854,
    -0.8838580250740051
   ],
   [
    0.43403753638267517,
    -0.801523745059967,
    -0.41130417585372925
   ],
   [
    -0.9005481004714966,
    -0.3733487129211426,
    -0.22276411950588226
   ]
  ]
 }
]