[
 {
  "rotation_euler": [
   -1.4910854588379152e-05,
   2.1358753201639047e-06,
   -2.321340322494507
  ],
  "euler_order": "XYZ",
  "rotation_matrix": [
   [
    -0.6820366978645325,
    0.731317937374115,
    9.447830052522477e-06
   ],
   [
    -0.731317937374115,
    -0.6820366978645325,
    -1.1731754057109356e-05
   ],
   [
    -2.1358753201639047e-06,
    -1.4910854588379152e-05,
    1.0
   ]
  ]
 },
 {
  "rotation_euler": [
   0.031136851757764816,
   2.014023969820755e-08,
   0.25993043184280396
  ],
  "euler_order": "XYZ",
  "rotation_matrix": [
   [
    0.966407835483551,
    -0.256888747215271,
    0.008001311682164669
   ],
   [
    0.25701332092285156,
    0.9659394025802612,
    -0.030086031183600426
   ],
   [
    -2.014023969820755e-08,
    0.031131820753216743,
    0.9995152950286865
   ]
  ]
 },
 {
  "rotation_euler": [
   0.013601381331682205,
   -7.041483485181743e-08,
   2.2951273918151855
  ],
  "euler_order": "XYZ",
  "rotation_matrix": [
   [
    -0.6626346111297607,
    -0.7488735914230347,
    0.010186390019953251
   ],
   [
    0.7489428520202637,
    -0.6625732779502869,
    0.009012415073812008
   ],
   [
    7.041483485181743e-08,
    0.013600962236523628,
    0.9999074935913086
   ]
  ]
 },
 {
  "rotation_euler": [
   -0.0019161307718604803,
   -2.7835494620376267e-06,
   0.2814183235168457
  ],
  "euler_order": "XYZ",
  "rotation_matrix": [
   [
    0.9606624841690063,
    -0.2777179479598999,
    -0.0005348186241462827
   ],
   [
    0.2777184545993805,
    0.9606607556343079,
    0.0018399808323010802
   ],
   [
    2.7835494620376267e-06,
    -0.001916129607707262,
    0.999998152256012
   ]
  ]
 },
 {
  "rotation_euler": [
   -1.7322832345962524,
   3.16721634590067e-05,
   2.3878774642944336
  ],
  "euler_order": "XYZ",
  "rotation_matrix": [
   [
    -0.7291514277458191,
    0.1100570410490036,
    -0.6754447817802429
   ],
   [
    0.6843523979187012,
    0.11721590906381607,
    -0.7196681499481201
   ],
   [
    -3.16721634590067e-05,
    -0.9869893193244934,
    -0.16078594326972961
   ]
  ]
 },
 {
  "rotation_euler": [
   1.657820939726662e-05,
   3.0665569283883087e-07,
   -2.538160800933838
  ],
  "euler_order": "XYZ",
  "rotation_matrix": [
   [
    -0.8233929872512817,
    0.5674715638160706,
    -9.660160685598385e-06
   ],
   [
    -0.5674715638160706,
    -0.8233929872512817,
    1.3476363164954819e-05
   ],
   [
    -3.0665569283883087e-07,
    1.657820939726662e-05,
    1.0
   ]
  ]
 },
 {
  "rotation_euler": [
   -1.3802744433633052e-05,
   -2.569728110302094e-07,
   1.925786018371582
  ],
  "euler_order": "XYZ",
  "rotation_matrix": [
   [
    -0.3475807011127472,
    -0.9376500844955444,
    -1.2852825420850422e-05
   ],
   [
    0.9376500844955444,
    -0.3475807011127472,
    -5.038518338551512e-06
   ],
   [
    2.569728110302094e-07,
    -1.3802744433633052e-05,
    1.0
   ]
  ]
 },
 {
  "rotation_euler": [
   -1.732283353805542,
   3.180004205205478e-05,
   -2.0698657035827637
  ],
  "euler_order": "XYZ",
  "rotation_matrix": [
   [
    -0.478608638048172,
    -0.14115969836711884,
    0.8666070103645325
   ],
   [
    -0.8780283331871033,
    0.07698115706443787,
    -0.47237709164619446
   ],
   [
    -3.180004205205478e-05,
    -0.9869892597198486,
    -0.16078606247901917
   ]
  ]
 },
 {
  "rotation_euler": [
   -4.896450718661072e-06,
   2.939521550615609e-07,
   2.075993061065674
  ],
  "euler_order": "XYZ",
  "rotation_matrix": [
   [
    -0.48397961258888245,
    -0.8750792741775513,
    -4.427049589139642e-06
   ],
   [
    0.8750792741775513,
    -0.48397961258888245,
    -2.112550873789587e-06
   ],
   [
    -2.939521550615609e-07,
    -4.896450718661072e-06,
    1.0
   ]
  ]
 },
 {
  "rotation_euler": [
   1.8349188394495286e-05,
   -2.032067413892946e-06,
   0.04225923866033554
  ],
  "euler_order": "XYZ",
  "rotation_matrix": [
   [
    0.9991071820259094,
    -0.04224666208028793,
    -1.2550613064377103e-06
   ],
   [
    0.04224666208028793,
    0.9991071820259094,
    -1.84186537808273e-05
   ],
   [
    2.032067413892946e-06,
    1.8349188394495286e-05,
    1.0
   ]
  ]
 },
 {
  "rotation_euler": [
   -0.09424987435340881,
   -2.989590086599492e-07,
   -0.40172064304351807
  ],
  "euler_order": "XYZ",
  "rotation_matrix": [
   [
    0.9203895926475525,
    0.389267235994339,
    0.036797136068344116
   ],
   [
    -0.3910025954246521,
    0.9163046479225159,
    0.0866183489561081
   ],
   [
    2.989590086599492e-07,
    -0.0941103994846344,
    0.9955617785453796
   ]
  ]
 },
 {
  "rotation_euler": [
   1.8822965621948242,
   1.0598876087897224e-06,
   1.1815390586853027
  ],
  "euler_order": "XYZ",
  "rotation_matrix": [
   [
    0.3795013427734375,
    0.2835594713687897,
    0.8806660771369934
   ],
   [
    0.9251911640167236,
    -0.11631130427122116,
    -0.3612380921840668
   ],
   [
    -1.0598876087897224e-06,
    0.951874852180481,
    -0.3064870238304138
   ]
  ]
 },
 {
  "rotation_euler": [
   0.07492603361606598,
   2.7905075583589678e-08,
   1.8844250440597534
  ],
  "euler_order": "XYZ",
  "rotation_matrix": [
   [
    -0.3085123598575592,
    -0.9485515356063843,
    0.07120449095964432
   ],
   [
    0.9512203335762024,
    -0.307646781206131,
    0.023094013333320618
   ],
   [
    -2.7905075583589678e-08,
    0.07485594600439072,
    0.9971943497657776
   ]
  ]
 },
 {
  "rotation_euler": [
   1.8822920322418213,
   4.517546585702803e-06,
   1.1200140714645386
  ],
  "euler_order": "XYZ",
  "rotation_matrix": [
   [
    0.43566977977752686,
    0.2758689820766449,
    0.8567894697189331
   ],
   [
    0.9001065492630005,
    -0.13352137804031372,
    -0.41470494866371155
   ],
   [
    -4.517546585702803e-06,
    0.9518762230873108,
    -0.3064827024936676
   ]
  ]
 },
 {
  "rotation_euler": [
   1.0684433618735056e-05,
   -1.0353026027587475e-06,
   0.6331816911697388
  ],
  "euler_order": "XYZ",
  "rotation_matrix": [
   [
    0.8061489462852478,
    -0.5917126536369324,
    5.48750676898635e-06
   ],
   [
    0.5917126536369324,
    0.8061489462852478,
    -9.225846952176653e-06
   ],
   [
    1.0353026027587475e-06,
    1.0684433618735056e-05,
    1.0
   ]
  ]
 },
 {
  "rotation_euler": [
   -0.08467298001050949,
   1.7916070191859035e-06,
   2.965024471282959
  ],
  "euler_order": "XYZ",
  "rotation_matrix": [
   [
    -0.9844523072242737,
    -0.17502270638942719,
    -0.014856982976198196
   ],
   [
    0.1756521463394165,
    -0.9809253811836243,
    -0.08325662463903427
   ],
   [
    -1.7916070191859035e-06,
    -0.08457183837890625,
    0.9964174032211304
   ]
  ]
 }
]