[
 {
  "rotation_euler": [
   2.2796177864074707,
   -1.7488847970962524,
   0.25382041931152344
  ],
  "euler_order": "XYZ",
  "rotation_matrix": [
   [
    -0.17147278785705566,
    -0.5597321391105652,
    0.8107385635375977
   ],
   [
    -0.04448268562555313,
    -0.817689061164856,
    -0.5739389657974243
   ],
   [
    0.9841840863227844,
    -0.13447873294353485,
    0.11531303077936172
   ]
  ]
 },
 {
  "rotation_euler": [
   0.02909715287387371,
   -1.3573569059371948,
   -0.3607993721961975
  ],
  "euler_order": "XYZ",
  "rotation_matrix": [
   [
    0.1981843113899231,
    0.32627061009407043,
    -0.9242675304412842
   ],
   [
    -0.07477806508541107,
    0.9452563524246216,
    0.3176455795764923
   ],
   [
    0.9773081541061401,
    0.006162562407553196,
    0.2117328643798828
   ]
  ]
 },
 {
  "rotation_euler": [
   -0.005910624749958515,
   1.119157786888536e-05,
   -1.7208694219589233
  ],
  "euler_order": "XYZ",
  "rotation_matrix": [
   [
    -0.14951041340827942,
    0.9887428879737854,
    0.005842483136802912
   ],
   [
    -0.9887601733207703,
    -0.14950773119926453,
    -0.0008947603637352586
   ],
   [
    -1.119157786888536e-05,
    -0.005910590291023254,
    0.9999825358390808
   ]
  ]
 },
 {
  "rotation_euler": [
   0.7805812954902649,
   -1.23835289478302,
   -1.588388204574585
  ],
  "euler_order": "XYZ",
  "rotation_matrix": [
   [
    -0.005740877240896225,
    0.7220955491065979,
    -0.691769540309906
   ],
   [
    -0.3263031542301178,
    0.6525623798370361,
    0.6838775873184204
   ],
   [
    0.9452477693557739,
    0.22965262830257416,
    0.23187577724456787
   ]
  ]
 },
 {
  "rotation_euler": [
   -0.005915488116443157,
   5.459723979583941e-06,
   -0.3197597861289978
  ],
  "euler_order": "XYZ",
  "rotation_matrix": [
   [
    0.9493109583854675,
    0.3143329918384552,
    0.0018646379467099905
   ],
   [
    -0.3143385350704193,
    0.9492943286895752,
    0.005613888613879681
   ],
   [
    -5.459723979583941e-06,
    -0.005915453657507896,
    0.999982476234436
   ]
  ]
 },
 {
  "rotation_euler": [
   -2.3557310104370117,
   1.9275315999984741,
   0.2249361276626587
  ],
  "euler_order": "XYZ",
  "rotation_matrix": [
   [
    -0.34041956067085266,
    -0.48855340480804443,
    -0.8033866286277771
   ],
   [
    -0.07789076864719391,
    -0.8368290066719055,
    0.5418950319290161
   ],
   [
    -0.9370419383049011,
    0.24704806506633759,
    0.2468191683292389
   ]
  ]
 },
 {
  "rotation_euler": [
   0.7901654839515686,
   -1.1701433658599854,
   1.8066208362579346
  ],
  "euler_order": "XYZ",
  "rotation_matrix": [
   [
    -0.09112605452537537,
    -0.5313984155654907,
    0.8422064781188965
   ],
   [
    0.3792247176170349,
    -0.8005204200744629,
    -0.4640643298625946
   ],
   [
    0.9208065271377563,
    0.2770971655845642,
    0.27446767687797546
   ]
  ]
 },
 {
  "rotation_euler": [
   0.6140404343605042,
   1.5114039342734031e-05,
   -2.9352283477783203
  ],
  "euler_order": "XYZ",
  "rotation_matrix": [
   [
    -0.9787823557853699,
    0.16746392846107483,
    -0.11807180941104889
   ],
   [
    -0.20490270853042603,
    -0.799986720085144,
    0.5639469027519226
   ],
   [
    -1.5114039342734031e-05,
    0.5761744976043701,
    0.8173267245292664
   ]
  ]
 },
 {
  "rotation_euler": [
   -2.3512752056121826,
   -1.9296694993972778,
   0.10588615387678146
  ],
  "euler_order": "XYZ",
  "rotation_matrix": [
   [
    -0.3492523431777954,
    0.7359463572502136,
    0.5800049901008606
   ],
   [
    -0.03711981698870659,
    -0.6293636560440063,
    0.77622389793396
   ],
   [
    0.9362931847572327,
    0.24956832826137543,
    0.24712492525577545
   ]
  ]
 },
 {
  "rotation_euler": [
   -2.367734909057617,
   -1.9013891220092773,
   0.06302782893180847
  ],
  "euler_order": "XYZ",
  "rotation_matrix": [
   [
    -0.32395926117897034,
    0.7047905325889587,
    0.6311265230178833
   ],
   [
    -0.020445529371500015,
    -0.6721624732017517,
    0.7401213645935059
   ],
   [
    0.9458500742912292,
    0.22686544060707092,
    0.23216305673122406
   ]
  ]
 },
 {
  "rotation_euler": [
   -1.2664250135421753,
   1.3539890050888062,
   0.8768531084060669
  ],
  "euler_order": "XYZ",
  "rotation_matrix": [
   [
    0.13758042454719543,
    -0.8262744545936584,
    -0.546207070350647
   ],
   [
    0.16536365449428558,
    -0.5245504379272461,
    0.8351656794548035
   ],
   [
    -0.9765892028808594,
    -0.20522524416446686,
    0.0644678920507431
   ]
  ]
 },
 {
  "rotation_euler": [
   0.6140398979187012,
   -1.4048312550585251e-05,
   2.9903438091278076
  ],
  "euler_order": "XYZ",
  "rotation_matrix": [
   [
    -0.9885836839675903,
    -0.12314097583293915,
    0.08682513236999512
   ],
   [
    0.15067283809185028,
    -0.8079973459243774,
    0.5695945620536804
   ],
   [
    1.4048312550585251e-05,
    0.5761740803718567,
    0.8173270225524902
   ]
  ]
 },
 {
  "rotation_euler": [
   -0.9616942405700684,
   -1.387170433998108,
   1.7559386491775513
  ],
  "euler_order": "XYZ",
  "rotation_matrix": [
   [
    -0.03361339122056961,
    -0.7107959985733032,
    -0.7025946378707886
   ],
   [
    0.17947515845298767,
    0.6872711181640625,
    -0.7038800120353699
   ],
   [
    0.9831880927085876,
    -0.14975807070732117,
    0.10446871072053909
   ]
  ]
 },
 {
  "rotation_euler": [
   0.02911321073770523,
   1.3573546409606934,
   -2.2219176292419434
  ],
  "euler_order": "XYZ",
  "rotation_matrix": [
   [
    -0.12838245928287506,
    0.7778255939483643,
    -0.6152278780937195
   ],
   [
    -0.16848638653755188,
    -0.6284499764442444,
    -0.7593833208084106
   ],
   [
    -0.9773076772689819,
    0.0061660269275307655,
    0.21173496544361115
   ]
  ]
 },
 {
  "rotation_euler": [
   0.6140407919883728,
   -1.675003659329377e-05,
   -0.6520953178405762
  ],
  "euler_order": "XYZ",
  "rotation_matrix": [
   [
    0.7948139905929565,
    0.49598947167396545,
    -0.3496643602848053
   ],
   [
    -0.6068531274795532,
    0.6496284008026123,
    -0.45794349908828735
   ],
   [
    1.675003659329377e-05,
    0.576174795627594,
    0.8173264861106873
   ]
  ]
 },
 {
  "rotation_euler": [
   0.7534266710281372,
   -1.24674391746521,
   0.44413694739341736
  ],
  "euler_order": "XYZ",
  "rotation_matrix": [
   [
    0.28751903772354126,
    -0.8990004658699036,
    -0.3303498327732086
   ],
   [
    0.13681428134441376,
    0.37992730736732483,
    -0.9148426651954651
   ],
   [
    0.9479528665542603,
    0.2178381085395813,
    0.23223243653774261
   ]
  ]
 }
]