[
 {
  "rotation_euler": [
   -1.5421361923217773,
   -0.005449122283607721,
   1.9508064985275269
  ],
  "euler_order": "XYZ",
  "rotation_matrix": [
   [
    -0.3709244132041931,
    -0.028632303699851036,
    -0.928221583366394
   ],
   [
    0.9286471009254456,
    -0.005571162328124046,
    -0.37092259526252747
   ],
   [
    0.0054490952752530575,
    -0.9995744824409485,
    0.02865578606724739
   ]
  ]
 },
 {
  "rotation_euler": [
   -1.542160153388977,
   -0.004607459995895624,
   1.6659842729568481
  ],
  "euler_order": "XYZ",
  "rotation_matrix": [
   [
    -0.09504325687885284,
    -0.02894037403166294,
    -0.9950523972511292
   ],
   [
    0.9954624772071838,
    0.0018633734434843063,
    -0.0951366201043129
   ],
   [
    0.004607443697750568,
    -0.9995794296264648,
    0.02863195538520813
   ]
  ]
 },
 {
  "rotation_euler": [
   1.5899760723114014,
   -0.15406829118728638,
   -2.9168038368225098
  ],
  "euler_order": "XYZ",
  "rotation_matrix": [
   [
    -0.9632941484451294,
    0.14529621601104736,
    -0.2257285863161087
   ],
   [
    -0.22026023268699646,
    0.05289596691727638,
    0.9740058779716492
   ],
   [
    0.15345948934555054,
    0.9879732131958008,
    -0.018951397389173508
   ]
  ]
 },
 {
  "rotation_euler": [
   1.589976191520691,
   -0.15406903624534607,
   2.369351625442505
  ],
  "euler_order": "XYZ",
  "rotation_matrix": [
   [
    -0.7078635096549988,
    0.12329261749982834,
    0.695505678653717
   ],
   [
    0.6894774436950684,
    -0.09331737458705902,
    0.7182705998420715
   ],
   [
    0.15346023440361023,
    0.9879730939865112,
    -0.01895151473581791
   ]
  ]
 },
 {
  "rotation_euler": [
   -1.542156457901001,
   -0.004258033353835344,
   0.4339410662651062
  ],
  "euler_order": "XYZ",
  "rotation_matrix": [
   [
    0.9073075652122498,
    -0.008178197778761387,
    -0.42038804292678833
   ],
   [
    0.4204460382461548,
    0.027771402150392532,
    0.9068924188613892
   ],
   [
    0.0042580203153193,
    -0.9995808601379395,
    0.028635693714022636
   ]
  ]
 },
 {
  "rotation_euler": [
   -1.542144536972046,
   -0.0045730299316346645,
   1.4804039001464844
  ],
  "euler_order": "XYZ",
  "rotation_matrix": [
   [
    0.09026843309402466,
    -0.028118278831243515,
    -0.9955204725265503
   ],
   [
    0.9959069490432739,
    0.007138500455766916,
    0.09010186046361923
   ],
   [
    0.004573014099150896,
    -0.999579131603241,
    0.028647569939494133
   ]
  ]
 },
 {
  "rotation_euler": [
   1.5899760723114014,
   -0.15406829118728638,
   -0.7464996576309204
  ],
  "euler_order": "XYZ",
  "rotation_matrix": [
   [
    0.725375235080719,
    -0.1256529986858368,
    -0.6767880320549011
   ],
   [
    -0.6710297465324402,
    0.09011267870664597,
    -0.7359339594841003
   ],
   [
    0.15345948934555054,
    0.9879732131958008,
    -0.018951397389173508
   ]
  ]
 },
 {
  "rotation_euler": [
   1.5899760723114014,
   -0.15406829118728638,
   -2.8830454349517822
  ],
  "euler_order": "XYZ",
  "rotation_matrix": [
   [
    -0.9553110599517822,
    0.14342808723449707,
    -0.2584746181964874
   ],
   [
    -0.2526478171348572,
    0.05776986479759216,
    0.9658321142196655
   ],
   [
    0.15345948934555054,
    0.9879732131958008,
    -0.018951397389173508
   ]
  ]
 },
 {
  "rotation_euler": [
   -1.5421497821807861,
   -0.0052942014299333096,
   0.9085950255393982
  ],
  "euler_order": "XYZ",
  "rotation_matrix": [
   [
    0.6148457527160645,
    -0.019334927201271057,
    -0.7884103059768677
   ],
   [
    0.7886295914649963,
    0.02178453467786312,
    0.6144825220108032
   ],
   [
    0.005294176749885082,
    -0.9995757341384888,
    0.02864222601056099
   ]
  ]
 },
 {
  "rotation_euler": [
   -1.542210578918457,
   -0.0030018892139196396,
   0.9011812210083008
  ],
  "euler_order": "XYZ",
  "rotation_matrix": [
   [
    0.6206814646720886,
    -0.020547445863485336,
    -0.783793568611145
   ],
   [
    0.784057080745697,
    0.020093005150556564,
    0.6203634142875671
   ],
   [
    0.00300188479013741,
    -0.9995869398117065,
    0.02858172543346882
   ]
  ]
 },
 {
  "rotation_euler": [
   -1.5421619415283203,
   -0.004465230740606785,
   0.7502745389938354
  ],
  "euler_order": "XYZ",
  "rotation_matrix": [
   [
    0.7314944267272949,
    -0.016256416216492653,
    -0.681653618812561
   ],
   [
    0.6818327903747559,
    0.02398655191063881,
    0.7311146855354309
   ],
   [
    0.004465215839445591,
    -0.9995800852775574,
    0.02863018773496151
   ]
  ]
 },
 {
  "rotation_euler": [
   -1.5421500205993652,
   -0.004621234256774187,
   -0.6888896226882935
  ],
  "euler_order": "XYZ",
  "rotation_matrix": [
   [
    0.7719441056251526,
    0.02177330106496811,
    0.6353174448013306
   ],
   [
    -0.6356736421585083,
    0.01917414553463459,
    0.771719753742218
   ],
   [
    0.004621217958629131,
    -0.9995790719985962,
    0.0286420825868845
   ]
  ]
 },
 {
  "rotation_euler": [
   -1.5421779155731201,
   -0.003576628863811493,
   2.784996509552002
  ],
  "euler_order": "XYZ",
  "rotation_matrix": [
   [
    -0.9370844960212708,
    -0.01333918422460556,
    -0.3488476872444153
   ],
   [
    0.3490843176841736,
    -0.025566341355443,
    -0.9367424845695496
   ],
   [
    0.0035766211804002523,
    -0.9995841383934021,
    0.02861432172358036
   ]
  ]
 },
 {
  "rotation_euler": [
   -1.542161226272583,
   -0.0045976052060723305,
   -2.829913377761841
  ],
  "euler_order": "XYZ",
  "rotation_matrix": [
   [
    -0.9518098831176758,
    0.004405683372169733,
    0.30665701627731323
   ],
   [
    -0.3066541850566864,
    -0.02866104245185852,
    -0.9513893723487854
   ],
   [
    0.004597588907927275,
    -0.9995794892311096,
    0.028630884364247322
   ]
  ]
 },
 {
  "rotation_euler": [
   -1.5420331954956055,
   -0.006123444531112909,
   1.4917399883270264
  ],
  "euler_order": "XYZ",
  "rotation_matrix": [
   [
    0.07897253334522247,
    -0.028185950592160225,
    -0.996478259563446
   ],
   [
    0.9968580007553101,
    0.00837298296391964,
    0.07876579463481903
   ],
   [
    0.00612340634688735,
    -0.9995676279067993,
    0.02875862643122673
   ]
  ]
 },
 {
  "rotation_euler": [
   1.5899760723114014,
   -0.15406827628612518,
   1.4233959913253784
  ],
  "euler_order": "XYZ",
  "rotation_matrix": [
   [
    0.14512750506401062,
    -0.0035634106025099754,
    0.9894065260887146
   ],
   [
    0.9774395823478699,
    -0.15458418428897858,
    -0.14392893016338348
   ],
   [
    0.15345947444438934,
    0.9879732131958008,
    -0.018951399251818657
   ]
  ]
 }
]