[
 {
  "rotation_euler": [
   1.7535487017994456e-07,
   2.2395278165276977e-07,
   3.0141491889953613
  ],
  "euler_order": "XYZ",
  "rotation_matrix": [
   [
    -0.9918900728225708,
    -0.12709875404834747,
    -1.9984915411441762e-07
   ],
   [
    0.12709875404834747,
    -0.9918900728225708,
    2.0239687614775903e-07
   ],
   [
    -2.2395278165276977e-07,
    1.7535487017994456e-07,
    1.0
   ]
  ]
 },
 {
  "rotation_euler": [
   2.5243670620511693e-07,
   -1.3494150152837392e-07,
   1.9092243909835815
  ],
  "euler_order": "XYZ",
  "rotation_matrix": [
   [
    -0.33200472593307495,
    -0.9432777166366577,
    2.829191316777724e-07
   ],
   [
    0.9432777166366577,
    -0.33200472593307495,
    -4.347713300489886e-08
   ],
   [
    1.3494150152837392e-07,
    2.5243670620511693e-07,
    1.0
   ]
  ]
 },
 {
  "rotation_euler": [
   -1.332763162054107e-07,
   -3.136647208634713e-08,
   1.9170583486557007
  ],
  "euler_order": "XYZ",
  "rotation_matrix": [
   [
    -0.3393840789794922,
    -0.9406479001045227,
    -1.1472080529983941e-07
   ],
   [
    0.9406479001045227,
    -0.3393840789794922,
    -7.473666130408674e-08
   ],
   [
    3.136647208634713e-08,
    -1.332763162054107e-07,
    1.0
   ]
  ]
 },
 {
  "rotation_euler": [
   -4.3291200313433364e-07,
   -1.3405481240624795e-06,
   -3.018986225128174
  ],
  "euler_order": "XYZ",
  "rotation_matrix": [
   [
    -0.9924932718276978,
    0.12229948490858078,
    1.3834298897563713e-06
   ],
   [
    -0.12229948490858078,
    -0.9924932718276978,
    -2.6571390776553017e-07
   ],
   [
    1.3405481240624795e-06,
    -4.3291200313433364e-07,
    1.0
   ]
  ]
 },
 {
  "rotation_euler": [
   9.226787938132475e-07,
   -1.6217069287449704e-07,
   -2.8410589694976807
  ],
  "euler_order": "XYZ",
  "rotation_matrix": [
   [
    -0.9551786184310913,
    0.2960300147533417,
    -1.1823863133031409e-07
   ],
   [
    -0.2960300147533417,
    -0.9551786184310913,
    9.293304401580826e-07
   ],
   [
    1.6217069287449704e-07,
    9.226787938132475e-07,
    1.0
   ]
  ]
 },
 {
  "rotation_euler": [
   2.225583557446953e-07,
   5.356338306228281e-07,
   -1.9731144905090332
  ],
  "euler_order": "XYZ",
  "rotation_matrix": [
   [
    -0.39155247807502747,
    0.9201557636260986,
    -4.145171033087536e-07
   ],
   [
    -0.9201557636260986,
    -0.39155247807502747,
    -4.057232843024394e-07
   ],
   [
    -5.356338306228281e-07,
    2.225583557446953e-07,
    1.0
   ]
  ]
 },
 {
  "rotation_euler": [
   4.429802515915071e-07,
   -1.6029908067594079e-07,
   -2.1483871936798096
  ],
  "euler_order": "XYZ",
  "rotation_matrix": [
   [
    -0.5460072159767151,
    0.8377804756164551,
    -2.83595767314182e-07
   ],
   [
    -0.8377804756164551,
    -0.5460072159767151,
    3.7616584336319647e-07
   ],
   [
    1.6029908067594079e-07,
    4.429802515915071e-07,
    1.0
   ]
  ]
 },
 {
  "rotation_euler": [
   4.1225041513826e-07,
   1.5540880440312321e-06,
   2.1831841468811035
  ],
  "euler_order": "XYZ",
  "rotation_matrix": [
   [
    -0.5748230218887329,
    -0.8182777762413025,
    -5.559901978813286e-07
   ],
   [
    0.8182777762413025,
    -0.5748230218887329,
    1.5086467328728759e-06
   ],
   [
    -1.5540880440312321e-06,
    4.1225041513826e-07,
    1.0
   ]
  ]
 },
 {
  "rotation_euler": [
   -2.9833950065949466e-07,
   -1.2918764014102635e-06,
   1.5176899433135986
  ],
  "euler_order": "XYZ",
  "rotation_matrix": [
   [
    0.05308142304420471,
    -0.9985901713371277,
    -3.6649353774009796e-07
   ],
   [
    0.9985901713371277,
    0.05308142304420471,
    -1.2742187891490175e-06
   ],
   [
    1.2918764014102635e-06,
    -2.9833950065949466e-07,
    1.0
   ]
  ]
 },
 {
  "rotation_euler": [
   1.8050906192002003e-07,
   -1.1719153008016292e-06,
   0.26840248703956604
  ],
  "euler_order": "XYZ",
  "rotation_matrix": [
   [
    0.9641957879066467,
    -0.2651914656162262,
    -1.0820863280969206e-06
   ],
   [
    0.2651914656162262,
    0.9641957879066467,
    -4.84827978652902e-07
   ],
   [
    1.1719153008016292e-06,
    1.8050906192002003e-07,
    1.0
   ]
  ]
 },
 {
  "rotation_euler": [
   1.8464754703018116e-07,
   -2.5630365030338e-07,
   2.523319721221924
  ],
  "euler_order": "XYZ",
  "rotation_matrix": [
   [
    -0.8148807287216187,
    -0.5796286463737488,
    3.158839092520793e-07
   ],
   [
    0.5796286463737488,
    -0.8148807287216187,
    1.904783442086e-09
   ],
   [
    2.5630365030338e-07,
    1.8464754703018116e-07,
    1.0
   ]
  ]
 },
 {
  "rotation_euler": [
   2.2350894823830458e-07,
   -4.022565747163753e-07,
   2.362240791320801
  ],
  "euler_order": "XYZ",
  "rotation_matrix": [
   [
    -0.7113692164421082,
    -0.7028185129165649,
    4.432391733644181e-07
   ],
   [
    0.7028185129165649,
    -0.7113692164421082,
    -1.2371597790661326e-07
   ],
   [
    4.022565747163753e-07,
    2.2350894823830458e-07,
    1.0
   ]
  ]
 },
 {
  "rotation_euler": [
   2.9472928986251645e-07,
   2.7173092576049385e-07,
   2.326962471008301
  ],
  "euler_order": "XYZ",
  "rotation_matrix": [
   [
    -0.6861374974250793,
    -0.7274718880653381,
    2.7962506976564327e-08
   ],
   [
    0.7274718880653381,
    -0.6861374974250793,
    3.999014097644249e-07
   ],
   [
    -2.7173092576049385e-07,
    2.9472928986251645e-07,
    1.0
   ]
  ]
 },
 {
  "rotation_euler": [
   -6.417858458007686e-07,
   -1.7633207960443542e-07,
   0.09288091212511063
  ],
  "euler_order": "XYZ",
  "rotation_matrix": [
   [
    0.9956896901130676,
    -0.09274742752313614,
    -2.350960102148747e-07
   ],
   [
    0.09274742752313614,
    0.9956896901130676,
    6.226651976248831e-07
   ],
   [
    1.7633207960443542e-07,
    -6.417858458007686e-07,
    1.0
   ]
  ]
 },
 {
  "rotation_euler": [
   2.255971338627205e-07,
   -5.308058916853042e-07,
   -2.329623222351074
  ],
  "euler_order": "XYZ",
  "rotation_matrix": [
   [
    -0.6880706548690796,
    0.7256436944007874,
    2.0152882029833563e-07
   ],
   [
    -0.7256436944007874,
    -0.6880706548690796,
    5.404027092481556e-07
   ],
   [
    5.308058916853042e-07,
    2.255971338627205e-07,
    1.0
   ]
  ]
 },
 {
  "rotation_euler": [
   8.644539661872841e-07,
   1.0066631261906878e-07,
   -2.3645315170288086
  ],
  "euler_order": "XYZ",
  "rotation_matrix": [
   [
    -0.7129772901535034,
    0.7011871337890625,
    -6.779167733839131e-07
   ],
   [
    -0.7011871337890625,
    -0.7129772901535034,
    5.457501401906484e-07
   ],
   [
    -1.0066631261906878e-07,
    8.644539661872841e-07,
    1.0
   ]
  ]
 }
]