[
 {
  "rotation_euler": [
   -2.106916666030884,
   -0.46960800886154175,
   -1.8734954595565796
  ],
  "euler_order": "XYZ",
  "rotation_matrix": [
   [
    -0.26582735776901245,
    -0.6035542488098145,
    0.7517034411430359
   ],
   [
    -0.8512028455734253,
    -0.21908703446388245,
    -0.4769219756126404
   ],
   [
    0.45253676176071167,
    -0.7666310667991638,
    -0.455507755279541
   ]
  ]
 },
 {
  "rotation_euler": [
   -1.8287605047225952,
   1.032436490058899,
   1.2648749351501465
  ],
  "euler_order": "XYZ",
  "rotation_matrix": [
   [
    0.1544194221496582,
    -0.0067478991113603115,
    -0.9879823327064514
   ],
   [
    0.48892244696617126,
    -0.8684316277503967,
    0.08234886080026627
   ],
   [
    -0.8585507869720459,
    -0.49576303362846375,
    -0.13080351054668427
   ]
  ]
 },
 {
  "rotation_euler": [
   0.003065739292651415,
   -0.003793301060795784,
   1.4458805322647095
  ],
  "euler_order": "XYZ",
  "rotation_matrix": [
   [
    0.12459028512239456,
    -0.9922049641609192,
    0.0025692381896078587
   ],
   [
    0.992201030254364,
    0.124579057097435,
    -0.0041456809267401695
   ],
   [
    0.0037932919804006815,
    0.0030657125171273947,
    0.9999880790710449
   ]
  ]
 },
 {
  "rotation_euler": [
   0.0030649518594145775,
   -0.0037915047723799944,
   -0.6070700883865356
  ],
  "euler_order": "XYZ",
  "rotation_matrix": [
   [
    0.8213170170783997,
    0.5704512596130371,
    -0.004862468224018812
   ],
   [
    -0.5704594254493713,
    0.8213257193565369,
    -0.00035441157524473965
   ],
   [
    0.003791495691984892,
    0.0030649250838905573,
    0.9999881386756897
   ]
  ]
 },
 {
  "rotation_euler": [
   1.3650143146514893,
   -2.070596218109131,
   0.6872979402542114
  ],
  "euler_order": "XYZ",
  "rotation_matrix": [
   [
    -0.37044253945350647,
    -0.7937387228012085,
    0.4824429452419281
   ],
   [
    -0.30406054854393005,
    -0.38715365529060364,
    -0.8704362511634827
   ],
   [
    0.8776784539222717,
    -0.4691384732723236,
    -0.09792644530534744
   ]
  ]
 },
 {
  "rotation_euler": [
   0.0030691386200487614,
   -0.0037984915543347597,
   2.883718490600586
  ],
  "euler_order": "XYZ",
  "rotation_matrix": [
   [
    -0.9669273495674133,
    -0.255013108253479,
    0.00445557339116931
   ],
   [
    0.2550237476825714,
    -0.9669327139854431,
    0.001998945139348507
   ],
   [
    0.003798482473939657,
    0.0030691116116940975,
    0.9999880790710449
   ]
  ]
 },
 {
  "rotation_euler": [
   1.3030189275741577,
   2.117703437805176,
   0.8007354736328125
  ],
  "euler_order": "XYZ",
  "rotation_matrix": [
   [
    -0.3620464503765106,
    0.38350048661231995,
    0.8496174216270447
   ],
   [
    -0.3733259439468384,
    0.775506854057312,
    -0.5091333985328674
   ],
   [
    -0.8541370630264282,
    -0.5015141367912292,
    -0.13759881258010864
   ]
  ]
 },
 {
  "rotation_euler": [
   0.0029614772647619247,
   -0.0034420699812471867,
   2.0605220794677734
  ],
  "euler_order": "XYZ",
  "rotation_matrix": [
   [
    -0.47038111090660095,
    -0.882453203201294,
    0.004232470877468586
   ],
   [
    0.8824566602706909,
    -0.47039082646369934,
    -0.0016444470966234803
   ],
   [
    0.0034420632291585207,
    0.0029614553786814213,
    0.9999896883964539
   ]
  ]
 },
 {
  "rotation_euler": [
   0.0030610631220042706,
   -0.0037871228996664286,
   1.099302887916565
  ],
  "euler_order": "XYZ",
  "rotation_matrix": [
   [
    0.45421403646469116,
    -0.8908920288085938,
    0.0010069046402350068
   ],
   [
    0.890884518623352,
    0.45420482754707336,
    -0.004764275159686804
   ],
   [
    0.003787113819271326,
    0.0030610363464802504,
    0.9999881386756897
   ]
  ]
 },
 {
  "rotation_euler": [
   -1.2183902263641357,
   -1.2445324659347534,
   -0.8212504386901855
  ],
  "euler_order": "XYZ",
  "rotation_matrix": [
   [
    0.218362957239151,
    0.8583585023880005,
    0.4642610549926758
   ],
   [
    -0.23461002111434937,
    -0.41561320424079895,
    0.8787626624107361
   ],
   [
    0.9472464323043823,
    -0.30080950260162354,
    0.11062498390674591
   ]
  ]
 },
 {
  "rotation_euler": [
   0.0030614419374614954,
   -0.0037671010941267014,
   0.08151967078447342
  ],
  "euler_order": "XYZ",
  "rotation_matrix": [
   [
    0.9966720342636108,
    -0.0814405232667923,
    -0.003505273489281535
   ],
   [
    0.08142883330583572,
    0.9966735243797302,
    -0.0033580211456865072
   ],
   [
    0.0037670922465622425,
    0.003061415394768119,
    0.9999881982803345
   ]
  ]
 },
 {
  "rotation_euler": [
   -2.0906448364257812,
   -0.5625439882278442,
   -1.0752737522125244
  ],
  "euler_order": "XYZ",
  "rotation_matrix": [
   [
    0.40221869945526123,
    -0.21690313518047333,
    0.8894791603088379
   ],
   [
    -0.7441563606262207,
    -0.6434071063995361,
    0.17960689961910248
   ],
   [
    0.5333398580551147,
    -0.7341527938842773,
    -0.4202001988887787
   ]
  ]
 },
 {
  "rotation_euler": [
   1.3921995162963867,
   -2.054544448852539,
   -0.09557982534170151
  ],
  "euler_order": "XYZ",
  "rotation_matrix": [
   [
    -0.46297764778137207,
    -0.8502468466758728,
    -0.2504636347293854
   ],
   [
    0.044386569410562515,
    0.2599782645702362,
    -0.964593768119812
   ],
   [
    0.8852578997612,
    -0.4577025771141052,
    -0.08262457698583603
   ]
  ]
 },
 {
  "rotation_euler": [
   -2.0783894062042236,
   -0.6264176964759827,
   -0.7894084453582764
  ],
  "euler_order": "XYZ",
  "rotation_matrix": [
   [
    0.5705485343933105,
    0.015734096989035606,
    0.8211131691932678
   ],
   [
    -0.5751430988311768,
    -0.7060483694076538,
    0.41316601634025574
   ],
   [
    0.5862463712692261,
    -0.7079887986183167,
    -0.3937854766845703
   ]
  ]
 },
 {
  "rotation_euler": [
   0.003064315067604184,
   -0.003787809517234564,
   -1.4758366346359253
  ],
  "euler_order": "XYZ",
  "rotation_matrix": [
   [
    0.09481636434793472,
    0.9954889416694641,
    -0.003409651108086109
   ],
   [
    -0.9954875707626343,
    0.09482815116643906,
    0.0034801687579602003
   ],
   [
    0.0037878004368394613,
    0.003064288292080164,
    0.9999881386756897
   ]
  ]
 },
 {
  "rotation_euler": [
   1.0381172895431519,
   -2.6516828536987305,
   -0.7550274729728699
  ],
  "euler_order": "XYZ",
  "rotation_matrix": [
   [
    -0.642592191696167,
    0.05283057689666748,
    -0.7643848657608032
   ],
   [
    0.604699432849884,
    0.6476292610168457,
    -0.4635891616344452
   ],
   [
    0.47054630517959595,
    -0.7601218819618225,
    -0.44810813665390015
   ]
  ]
 }
]