[
 {
  "rotation_euler": [
   -1.5707918405532837,
   1.5949279069900513,
   -1.1588032245635986
  ],
  "euler_order": "XYZ",
  "rotation_matrix": [
   [
    -0.009662226773798466,
    -0.4003157615661621,
    0.9163263440132141
   ],
   [
    0.022110212594270706,
    0.9160595536231995,
    0.4004323482513428
   ],
   [
    -0.9997088313102722,
    0.024129237979650497,
    -1.0824959417732316e-07
   ]
  ]
 },
 {
  "rotation_euler": [
   0.7144970297813416,
   -1.5386544466018677,
   1.7329415082931519
  ],
  "euler_order": "XYZ",
  "rotation_matrix": [
   [
    -0.005187951028347015,
    -0.6397901773452759,
    0.7685321569442749
   ],
   [
    0.031714823096990585,
    -0.7682611346244812,
    -0.6393504738807678
   ],
   [
    0.9994834661483765,
    0.021056940779089928,
    0.024276532232761383
   ]
  ]
 },
 {
  "rotation_euler": [
   -1.5723477602005005,
   1.5949229001998901,
   1.338901162147522
  ],
  "euler_order": "XYZ",
  "rotation_matrix": [
   [
    -0.005544288549572229,
    -0.2282453030347824,
    -0.9735878705978394
   ],
   [
    -0.023478489369153976,
    -0.9733047485351562,
    0.2283126264810562
   ],
   [
    -0.9997089505195618,
    0.024124203249812126,
    3.742712578969076e-05
   ]
  ]
 },
 {
  "rotation_euler": [
   -1.570797324180603,
   1.5949279069900513,
   -0.38740232586860657
  ],
  "euler_order": "XYZ",
  "rotation_matrix": [
   [
    -0.022341106086969376,
    -0.9256243705749512,
    0.3777835965156555
   ],
   [
    0.009115653112530708,
    0.37767359614372253,
    0.9258939027786255
   ],
   [
    -0.9997088313102722,
    0.024129237979650497,
    2.4066157067181848e-08
   ]
  ]
 },
 {
  "rotation_euler": [
   0.7144976854324341,
   -1.5386546850204468,
   0.09690693020820618
  ],
  "euler_order": "XYZ",
  "rotation_matrix": [
   [
    0.0319853313267231,
    -0.7249181270599365,
    -0.688092052936554
   ],
   [
    0.003109339624643326,
    0.6885131597518921,
    -0.7252171635627747
   ],
   [
    0.9994835257530212,
    0.021056801080703735,
    0.024276338517665863
   ]
  ]
 },
 {
  "rotation_euler": [
   1.5707952976226807,
   1.5466649532318115,
   0.716737687587738
  ],
  "euler_order": "XYZ",
  "rotation_matrix": [
   [
    0.018192151561379433,
    0.7537326812744141,
    0.6569293141365051
   ],
   [
    0.01585104875266552,
    0.6567380428314209,
    -0.753952145576477
   ],
   [
    -0.9997088313102722,
    0.024129031226038933,
    2.4832928602336324e-08
   ]
  ]
 },
 {
  "rotation_euler": [
   0.7144854068756104,
   -1.5386542081832886,
   1.9905742406845093
  ],
  "euler_order": "XYZ",
  "rotation_matrix": [
   [
    -0.013097510673105717,
    -0.4229380786418915,
    0.9060639142990112
   ],
   [
    0.029346469789743423,
    -0.9059138894081116,
    -0.42244383692741394
   ],
   [
    0.9994834661483765,
    0.02105681411921978,
    0.024276956915855408
   ]
  ]
 },
 {
  "rotation_euler": [
   0.714486837387085,
   -1.5386543273925781,
   1.1669951677322388
  ],
  "euler_order": "XYZ",
  "rotation_matrix": [
   [
    0.012626951560378075,
    -0.9519912004470825,
    0.3058648705482483
   ],
   [
    0.029551861807703972,
    -0.3054003417491913,
    -0.9517653584480286
   ],
   [
    0.9994834661483765,
    0.021056771278381348,
    0.024276835843920708
   ]
  ]
 },
 {
  "rotation_euler": [
   0.7144929766654968,
   -1.5386544466018677,
   1.796739101409912
  ],
  "euler_order": "XYZ",
  "rotation_matrix": [
   [
    -0.007199353538453579,
    -0.5895118713378906,
    0.8077276349067688
   ],
   [
    0.031319547444581985,
    -0.8074852228164673,
    -0.5890558362007141
   ],
   [
    0.9994834661483765,
    0.02105684205889702,
    0.024276617914438248
   ]
  ]
 },
 {
  "rotation_euler": [
   0.714495837688446,
   -1.5386544466018677,
   -2.388969659805298
  ],
  "euler_order": "XYZ",
  "rotation_matrix": [
   [
    -0.02345626801252365,
    0.9943832755088806,
    0.103207066655159
   ],
   [
    -0.021966980770230293,
    -0.1037231981754303,
    0.9943636059761047
   ],
   [
    0.9994834661483765,
    0.02105691097676754,
    0.024276556447148323
   ]
  ]
 },
 {
  "rotation_euler": [
   -1.5707933902740479,
   1.5949279069900513,
   -0.7980429530143738
  ],
  "euler_order": "XYZ",
  "rotation_matrix": [
   [
    -0.016844844445586205,
    -0.6979039311408997,
    0.7159932851791382
   ],
   [
    0.017276322469115257,
    0.7157847881317139,
    0.6981071829795837
   ],
   [
    -0.9997088313102722,
    0.024129237979650497,
    -7.085601083645088e-08
   ]
  ]
 },
 {
  "rotation_euler": [
   0.7144968509674072,
   -1.5386544466018677,
   1.7338191270828247
  ],
  "euler_order": "XYZ",
  "rotation_matrix": [
   [
    -0.005215782672166824,
    -0.6391158103942871,
    0.7690927982330322
   ],
   [
    0.03171025589108467,
    -0.768822193145752,
    -0.6386758685112
   ],
   [
    0.9994834661483765,
    0.02105693705379963,
    0.02427653595805168
   ]
  ]
 },
 {
  "rotation_euler": [
   -1.570789098739624,
   1.5949277877807617,
   1.2026069164276123
  ],
  "euler_order": "XYZ",
  "rotation_matrix": [
   [
    -0.008684716187417507,
    -0.35982874035835266,
    -0.9329779744148254
   ],
   [
    -0.022511998191475868,
    -0.9327062964439392,
    0.3599335253238678
   ],
   [
    -0.9997088313102722,
    0.024129118770360947,
    -1.7440660826650856e-07
   ]
  ]
 },
 {
  "rotation_euler": [
   -1.5707964897155762,
   1.5949279069900513,
   1.4819917678833008
  ],
  "euler_order": "XYZ",
  "rotation_matrix": [
   [
    -0.002139971125870943,
    -0.08866190165281296,
    -0.9960594773292542
   ],
   [
    -0.024034155532717705,
    -0.9957695007324219,
    0.0886877179145813
   ],
   [
    -0.9997088313102722,
    0.024129237979650497,
    3.931151848490799e-09
   ]
  ]
 },
 {
  "rotation_euler": [
   0.714531660079956,
   -1.53865647315979,
   -1.7735556364059448
  ],
  "euler_order": "XYZ",
  "rotation_matrix": [
   [
    -0.00647098058834672,
    0.8718097805976868,
    -0.4898018538951874
   ],
   [
    -0.031476039439439774,
    0.4893918037414551,
    0.87149578332901
   ],
   [
    0.999483585357666,
    0.02105645462870598,
    0.024274272844195366
   ]
  ]
 },
 {
  "rotation_euler": [
   0.7144906520843506,
   -1.5386543273925781,
   1.5786458253860474
  ],
  "euler_order": "XYZ",
  "rotation_matrix": [
   [
    -0.00025225256104022264,
    -0.7502632737159729,
    0.6611391305923462
   ],
   [
    0.03213547542691231,
    -0.6608037948608398,
    -0.7498704195022583
   ],
   [
    0.9994834661483765,
    0.02105686441063881,
    0.02427675575017929
   ]
  ]
 }
]