[
 {
  "rotation_euler": [
   0.09490405768156052,
   0.00013524825044441968,
   -0.05889439582824707
  ],
  "euler_order": "XYZ",
  "rotation_matrix": [
   [
    0.9982662200927734,
    0.058608278632164,
    -0.005443298723548651
   ],
   [
    -0.058860354125499725,
    0.9937732815742493,
    -0.09460528939962387
   ],
   [
    -0.00013524825044441968,
    0.09476165473461151,
    0.9954999685287476
   ]
  ]
 },
 {
  "rotation_euler": [
   0.13783538341522217,
   -0.00013855169527232647,
   0.06546314805746078
  ],
  "euler_order": "XYZ",
  "rotation_matrix": [
   [
    0.9978580474853516,
    -0.0648149698972702,
    0.008851227350533009
   ],
   [
    0.06541640311479568,
    0.9883928298950195,
    -0.1371140331029892
   ],
   [
    0.00013855169527232647,
    0.1373993456363678,
    0.9905157089233398
   ]
  ]
 },
 {
  "rotation_euler": [
   0.07128400355577469,
   0.0002498505637049675,
   1.2676689624786377
  ],
  "euler_order": "XYZ",
  "rotation_matrix": [
   [
    0.2985064387321472,
    -0.9519784450531006,
    0.06805078685283661
   ],
   [
    0.9544075727462769,
    0.2977653443813324,
    -0.021022863686084747
   ],
   [
    -0.0002498505637049675,
    0.07122364640235901,
    0.9974603652954102
   ]
  ]
 },
 {
  "rotation_euler": [
   0.07199235260486603,
   0.00011605366307776421,
   -2.701812505722046
  ],
  "euler_order": "XYZ",
  "rotation_matrix": [
   [
    -0.9048452973365784,
    0.42463019490242004,
    -0.030728332698345184
   ],
   [
    -0.4257405400276184,
    -0.9025049805641174,
    0.06503640115261078
   ],
   [
    -0.00011605366307776421,
    0.0719301775097847,
    0.9974096417427063
   ]
  ]
 },
 {
  "rotation_euler": [
   0.0931927040219307,
   0.000130689368234016,
   -2.967271327972412
  ],
  "euler_order": "XYZ",
  "rotation_matrix": [
   [
    -0.984844446182251,
    0.1726752072572708,
    -0.016268087550997734
   ],
   [
    -0.17343978583812714,
    -0.9805730581283569,
    0.09162496030330658
   ],
   [
    -0.000130689368234016,
    0.09305787086486816,
    0.9956607222557068
   ]
  ]
 },
 {
  "rotation_euler": [
   0.08020558208227158,
   0.00027330778539180756,
   -3.0364818572998047
  ],
  "euler_order": "XYZ",
  "rotation_matrix": [
   [
    -0.9944809079170227,
    0.1045582965016365,
    -0.008676864206790924
   ],
   [
    -0.10491734743118286,
    -0.9912862181663513,
    0.07964885234832764
   ],
   [
    -0.00027330778539180756,
    0.08011961728334427,
    0.9967852234840393
   ]
  ]
 },
 {
  "rotation_euler": [
   0.09227526932954788,
   0.00018617736350279301,
   2.5852108001708984
  ],
  "euler_order": "XYZ",
  "rotation_matrix": [
   [
    -0.8491714596748352,
    -0.5258849859237671,
    0.04850560799241066
   ],
   [
    0.5281172394752502,
    -0.8455497622489929,
    0.07834427803754807
   ],
   [
    -0.00018617736350279301,
    0.09214437007904053,
    0.9957456588745117
   ]
  ]
 },
 {
  "rotation_euler": [
   0.10111028701066971,
   0.00022557620832230896,
   -0.8106698989868164
  ],
  "euler_order": "XYZ",
  "rotation_matrix": [
   [
    0.6890130639076233,
    0.7210630774497986,
    -0.07300014048814774
   ],
   [
    -0.7247489094734192,
    0.685477614402771,
    -0.06971032172441483
   ],
   [
    -0.00022557620832230896,
    0.1009380891919136,
    0.9948926568031311
   ]
  ]
 },
 {
  "rotation_euler": [
   0.09357539564371109,
   0.00014131079660728574,
   -0.11176338791847229
  ],
  "euler_order": "XYZ",
  "rotation_matrix": [
   [
    0.9937609434127808,
    0.11105603724718094,
    -0.010281505063176155
   ],
   [
    -0.1115308552980423,
    0.9894118309020996,
    -0.09287161380052567
   ],
   [
    -0.00014131079660728574,
    0.09343889355659485,
    0.9956250190734863
   ]
  ]
 },
 {
  "rotation_euler": [
   0.08191004395484924,
   0.00041421837522648275,
   -1.3305171728134155
  ],
  "euler_order": "XYZ",
  "rotation_matrix": [
   [
    0.23797374963760376,
    0.9680232405662537,
    -0.07936972379684448
   ],
   [
    -0.9712715148925781,
    0.23714298009872437,
    -0.019871622323989868
   ],
   [
    -0.00041421837522648275,
    0.08181847631931305,
    0.9966471791267395
   ]
  ]
 },
 {
  "rotation_euler": [
   0.13850612938404083,
   0.00019243964925408363,
   -2.545758008956909
  ],
  "euler_order": "XYZ",
  "rotation_matrix": [
   [
    -0.8276803493499756,
    0.5558033585548401,
    -0.07763907313346863
   ],
   [
    -0.5611997842788696,
    -0.8197689056396484,
    0.11416565626859665
   ],
   [
    -0.00019243964925408363,
    0.1380636990070343,
    0.990423321723938
   ]
  ]
 },
 {
  "rotation_euler": [
   0.09821402281522751,
   0.00013795559061691165,
   2.165353536605835
  ],
  "euler_order": "XYZ",
  "rotation_matrix": [
   [
    -0.5601419806480408,
    -0.8244120478630066,
    0.0811525210738182
   ],
   [
    0.8283966183662415,
    -0.5574313998222351,
    0.05503913015127182
   ],
   [
    -0.00013795559061691165,
    0.09805620461702347,
    0.9951808452606201
   ]
  ]
 },
 {
  "rotation_euler": [
   0.10577862709760666,
   0.00028901902260258794,
   -2.655287504196167
  ],
  "euler_order": "XYZ",
  "rotation_matrix": [
   [
    -0.8840656876564026,
    0.4647233784198761,
    -0.04959891736507416
   ],
   [
    -0.46736258268356323,
    -0.8791386485099792,
    0.09320664405822754
   ],
   [
    -0.00028901902260258794,
    0.10558146983385086,
    0.9944106340408325
   ]
  ]
 },
 {
  "rotation_euler": [
   0.16594193875789642,
   -0.0014482956612482667,
   0.44130024313926697
  ],
  "euler_order": "XYZ",
  "rotation_matrix": [
   [
    0.9041961431503296,
    -0.42146462202072144,
    0.06925998628139496
   ],
   [
    0.4271150529384613,
    0.8916741013526917,
    -0.14996662735939026
   ],
   [
    0.0014482951955869794,
    0.1651812344789505,
    0.9862621426582336
   ]
  ]
 },
 {
  "rotation_euler": [
   0.27699989080429077,
   0.0030817941296845675,
   -0.417498379945755
  ],
  "euler_order": "XYZ",
  "rotation_matrix": [
   [
    0.914101779460907,
    0.390788733959198,
    -0.10817600786685944
   ],
   [
    -0.4054730534553528,
    0.8789188861846924,
    -0.2511835992336273
   ],
   [
    -0.0030817892402410507,
    0.27346983551979065,
    0.9618756175041199
   ]
  ]
 },
 {
  "rotation_euler": [
   0.12175019085407257,
   0.0001917152403621003,
   2.2714810371398926
  ],
  "euler_order": "XYZ",
  "rotation_matrix": [
   [
    -0.6447412371635437,
    -0.7587575316429138,
    0.09271351248025894
   ],
   [
    0.7644008994102478,
    -0.6399508118629456,
    0.07844904810190201
   ],
   [
    -0.0001917152403621003,
    0.12144962698221207,
    0.9925975799560547
   ]
  ]
 }
]