[
 {
  "rotation_euler": [
   0.031386055052280426,
   -0.06150341033935547,
   -2.7123825550079346
  ],
  "euler_order": "XYZ",
  "rotation_matrix": [
   [
    -0.9075754880905151,
    0.4177015721797943,
    0.042802706360816956
   ],
   [
    -0.4153658449649811,
    -0.9080442190170288,
    0.05410056933760643
   ],
   [
    0.061464644968509674,
    0.03132157027721405,
    0.9976176619529724
   ]
  ]
 },
 {
  "rotation_euler": [
   0.00044310628436505795,
   -0.000402321747969836,
   0.38465550541877747
  ],
  "euler_order": "XYZ",
  "rotation_matrix": [
   [
    0.9269276857376099,
    -0.3752399682998657,
    -0.000206652024644427
   ],
   [
    0.3752398192882538,
    0.9269276261329651,
    -0.0005616946145892143
   ],
   [
    0.000402321747969836,
    0.00044310622615739703,
    0.9999998211860657
   ]
  ]
 },
 {
  "rotation_euler": [
   -0.9718856811523438,
   -2.5778586864471436,
   -1.0671957731246948
  ],
  "euler_order": "XYZ",
  "rotation_matrix": [
   [
    -0.40791022777557373,
    0.7067391276359558,
    0.5780389308929443
   ],
   [
    0.7403265833854675,
    -0.11449845135211945,
    0.6624248027801514
   ],
   [
    0.5343461036682129,
    0.6981474757194519,
    -0.47651270031929016
   ]
  ]
 },
 {
  "rotation_euler": [
   0.0001537978241685778,
   -0.00021116343850735575,
   -3.1078667640686035
  ],
  "euler_order": "XYZ",
  "rotation_matrix": [
   [
    -0.999431312084198,
    0.03371952846646309,
    0.00020585737365763634
   ],
   [
    -0.0337194949388504,
    -0.999431312084198,
    0.00016083069203887135
   ],
   [
    0.00021116343850735575,
    0.0001537978241685778,
    0.9999999403953552
   ]
  ]
 },
 {
  "rotation_euler": [
   -0.9718856811523438,
   -2.5778586864471436,
   -0.7032562494277954
  ],
  "euler_order": "XYZ",
  "rotation_matrix": [
   [
    -0.64471834897995,
    0.7012056708335876,
    0.30438268184661865
   ],
   [
    0.5466374158859253,
    0.14457078278064728,
    0.8247950077056885
   ],
   [
    0.5343461036682129,
    0.6981474757194519,
    -0.47651270031929016
   ]
  ]
 },
 {
  "rotation_euler": [
   -0.015961645171046257,
   -0.03574628755450249,
   -2.6832518577575684
  ],
  "euler_order": "XYZ",
  "rotation_matrix": [
   [
    -0.8962149620056152,
    0.4418928623199463,
    0.0391080304980278
   ],
   [
    -0.4421781003475189,
    -0.8969260454177856,
    0.0014973452780395746
   ],
   [
    0.03573867678642273,
    -0.015950771048665047,
    0.9992338418960571
   ]
  ]
 },
 {
  "rotation_euler": [
   0.000744381919503212,
   -0.0007166804862208664,
   0.9911237955093384
  ],
  "euler_order": "XYZ",
  "rotation_matrix": [
   [
    0.5477498769760132,
    -0.8366421461105347,
    0.00023021957895252854
   ],
   [
    0.8366418480873108,
    0.547749400138855,
    -0.0010073400335386395
   ],
   [
    0.0007166804280132055,
    0.0007443816866725683,
    0.999999463558197
   ]
  ]
 },
 {
  "rotation_euler": [
   -0.9718853831291199,
   -2.5778589248657227,
   0.880157470703125
  ],
  "euler_order": "XYZ",
  "rotation_matrix": [
   [
    -0.5384595394134521,
    -0.1534067839384079,
    -0.8285696506500244
   ],
   [
    -0.6515641212463379,
    0.6993257999420166,
    0.2939518392086029
   ],
   [
    0.5343459248542786,
    0.6981474161148071,
    -0.47651299834251404
   ]
  ]
 },
 {
  "rotation_euler": [
   2.1697070598602295,
   -0.5637338757514954,
   1.3777575492858887
  ],
  "euler_order": "XYZ",
  "rotation_matrix": [
   [
    0.1621575802564621,
    0.46860384941101074,
    0.868398129940033
   ],
   [
    0.829565703868866,
    -0.5412952899932861,
    0.1371867060661316
   ],
   [
    0.5343460440635681,
    0.6981474757194519,
    -0.4765127897262573
   ]
  ]
 },
 {
  "rotation_euler": [
   -7.234600343508646e-05,
   -4.1942974348785356e-05,
   -2.816175937652588
  ],
  "euler_order": "XYZ",
  "rotation_matrix": [
   [
    -0.9475175738334656,
    0.3197036683559418,
    6.287098949542269e-05
   ],
   [
    -0.3197036683559418,
    -0.9475175738334656,
    -5.513978612725623e-05
   ],
   [
    4.1942974348785356e-05,
    -7.234600343508646e-05,
    1.0
   ]
  ]
 },
 {
  "rotation_euler": [
   0.00019032090494874865,
   -5.061507908976637e-05,
   0.025769175961613655
  ],
  "euler_order": "XYZ",
  "rotation_matrix": [
   [
    0.9996680021286011,
    -0.02576633356511593,
    -4.5694403524976224e-05
   ],
   [
    0.025766324251890182,
    0.9996680021286011,
    -0.00019156187772750854
   ],
   [
    5.061507908976637e-05,
    0.00019032090494874865,
    1.0
   ]
  ]
 },
 {
  "rotation_euler": [
   0.0012859698617830873,
   -0.02052782103419304,
   1.8061941862106323
  ],
  "euler_order": "XYZ",
  "rotation_matrix": [
   [
    -0.23318074643611908,
    -0.9724146723747253,
    0.00603786576539278
   ],
   [
    0.9722167253494263,
    -0.23325537145137787,
    -0.019660351797938347
   ],
   [
    0.020526379346847534,
    0.0012856986140832305,
    0.9997884631156921
   ]
  ]
 },
 {
  "rotation_euler": [
   0.008231031708419323,
   -0.029319867491722107,
   2.340074300765991
  ],
  "euler_order": "XYZ",
  "rotation_matrix": [
   [
    -0.6953177452087402,
    -0.7182209491729736,
    0.02630499191582203
   ],
   [
    0.718104362487793,
    -0.6957665085792542,
    -0.01533446740359068
   ],
   [
    0.02931566722691059,
    0.008227401413023472,
    0.9995363354682922
   ]
  ]
 },
 {
  "rotation_euler": [
   0.021716464310884476,
   -0.004182895645499229,
   -1.3948661088943481
  ],
  "euler_order": "XYZ",
  "rotation_matrix": [
   [
    0.17502254247665405,
    0.9843161106109619,
    -0.022111505270004272
   ],
   [
    -0.9845555424690247,
    0.17507223784923553,
    0.00031674077035859227
   ],
   [
    0.004182883538305759,
    0.02171456813812256,
    0.9997554421424866
   ]
  ]
 },
 {
  "rotation_euler": [
   -0.9718857407569885,
   -2.5778589248657227,
   0.16888459026813507
  ],
  "euler_order": "XYZ",
  "rotation_matrix": [
   [
    -0.8332402110099792,
    0.3403085172176361,
    -0.4357762038707733
   ],
   [
    -0.14207474887371063,
    0.6299048066139221,
    0.7635670900344849
   ],
   [
    0.5343459248542786,
    0.6981475949287415,
    -0.47651273012161255
   ]
  ]
 },
 {
  "rotation_euler": [
   0.012902584858238697,
   -0.007415538188070059,
   -2.792224407196045
  ],
  "euler_order": "XYZ",
  "rotation_matrix": [
   [
    -0.9395633339881897,
    0.34236568212509155,
    0.0025504278019070625
   ],
   [
    -0.3422948718070984,
    -0.9394782185554504,
    0.014660928398370743
   ],
   [
    0.007415470201522112,
    0.012901872396469116,
    0.9998892545700073
   ]
  ]
 }
]