[
 {
  "rotation_euler": [
   -1.5669537782669067,
   0.5823811292648315,
   -1.181504487991333
  ],
  "euler_order": "XYZ",
  "rotation_matrix": [
   [
    0.3169693052768707,
    -0.20519211888313293,
    0.9259733557701111
   ],
   [
    -0.772667407989502,
    0.5103155970573425,
    0.37757521867752075
   ],
   [
    -0.550014078617096,
    -0.8351491689682007,
    0.0032091171015053988
   ]
  ]
 },
 {
  "rotation_euler": [
   -1.5674879550933838,
   -0.2570236623287201,
   1.4048341512680054
  ],
  "euler_order": "XYZ",
  "rotation_matrix": [
   [
    0.15977464616298676,
    0.038731563836336136,
    -0.986393392086029
   ],
   [
    0.9538620710372925,
    0.25125551223754883,
    0.16437101364135742
   ],
   [
    0.25420311093330383,
    -0.967145562171936,
    0.0031996886245906353
   ]
  ]
 },
 {
  "rotation_euler": [
   1.5545697212219238,
   1.3747175931930542,
   -1.0788967609405518
  ],
  "euler_order": "XYZ",
  "rotation_matrix": [
   [
    0.09201592206954956,
    0.47749200463294983,
    -0.8738045692443848
   ],
   [
    -0.17172576487064362,
    -0.8567699193954468,
    -0.48626697063446045
   ],
   [
    -0.9808380603790283,
    0.19479906558990479,
    0.003161204978823662
   ]
  ]
 },
 {
  "rotation_euler": [
   1.5720750093460083,
   -0.1595752239227295,
   -0.37476909160614014
  ],
  "euler_order": "XYZ",
  "rotation_matrix": [
   [
    0.9187688827514648,
    -0.1483379751443863,
    -0.3658682703971863
   ],
   [
    -0.3614068329334259,
    0.056976158171892166,
    -0.9306657910346985
   ],
   [
    0.15889884531497955,
    0.98729407787323,
    -0.0012624363880604506
   ]
  ]
 },
 {
  "rotation_euler": [
   1.5709943771362305,
   -0.4213647246360779,
   0.18043170869350433
  ],
  "euler_order": "XYZ",
  "rotation_matrix": [
   [
    0.8977178335189819,
    -0.4023309648036957,
    0.1795339733362198
   ],
   [
    0.16375771164894104,
    -0.07359275221824646,
    -0.9837517738342285
   ],
   [
    0.40900617837905884,
    0.9125316143035889,
    -0.0001807271910365671
   ]
  ]
 },
 {
  "rotation_euler": [
   1.5677341222763062,
   -0.7998918294906616,
   -1.6794850826263428
  ],
  "euler_order": "XYZ",
  "rotation_matrix": [
   [
    -0.07558359950780869,
    0.08085071295499802,
    -0.9938562512397766
   ],
   [
    -0.6926727294921875,
    0.7127126455307007,
    0.11065787822008133
   ],
   [
    0.7172807455062866,
    0.6967810392379761,
    0.002133692614734173
   ]
  ]
 },
 {
  "rotation_euler": [
   1.5665123462677002,
   0.9238938093185425,
   0.6325058937072754
  ],
  "euler_order": "XYZ",
  "rotation_matrix": [
   [
    0.4861210882663727,
    0.6410506963729858,
    0.5939194560050964
   ],
   [
    0.3563072383403778,
    0.4751758873462677,
    -0.8045203685760498
   ],
   [
    -0.7979545593261719,
    0.602712094783783,
    0.002582022687420249
   ]
  ]
 },
 {
  "rotation_euler": [
   1.5720548629760742,
   -0.16709552705287933,
   -1.904152274131775
  ],
  "euler_order": "XYZ",
  "rotation_matrix": [
   [
    -0.32265859842300415,
    0.053232964128255844,
    -0.9450172781944275
   ],
   [
    -0.9317882657051086,
    0.15757478773593903,
    0.32701802253723145
   ],
   [
    0.16631904244422913,
    0.9860712289810181,
    -0.0012410070048645139
   ]
  ]
 },
 {
  "rotation_euler": [
   -1.567521572113037,
   -0.1635032594203949,
   0.29249539971351624
  ],
  "euler_order": "XYZ",
  "rotation_matrix": [
   [
    0.9447568655014038,
    0.1549171358346939,
    -0.28885141015052795
   ],
   [
    0.284496933221817,
    0.05007057636976242,
    0.9573684930801392
   ],
   [
    0.16277574002742767,
    -0.9866577982902527,
    0.0032310737296938896
   ]
  ]
 },
 {
  "rotation_euler": [
   -1.5675245523452759,
   0.22034506499767303,
   -0.5826016068458557
  ],
  "euler_order": "XYZ",
  "rotation_matrix": [
   [
    0.8148446679115295,
    -0.18070925772190094,
    0.550792396068573
   ],
   [
    -0.5368955731391907,
    0.12298621982336044,
    0.8346361517906189
   ],
   [
    -0.21856635808944702,
    -0.9758168458938599,
    0.003192664124071598
   ]
  ]
 },
 {
  "rotation_euler": [
   1.3307998180389404,
   -1.5571764707565308,
   -0.08257141709327698
  ],
  "euler_order": "XYZ",
  "rotation_matrix": [
   [
    0.013573032803833485,
    -0.9483346939086914,
    -0.31698110699653625
   ],
   [
    -0.0011232985416427255,
    0.31699565052986145,
    -0.9484263062477112
   ],
   [
    0.9999072551727295,
    0.013229086063802242,
    0.003237329190596938
   ]
  ]
 },
 {
  "rotation_euler": [
   1.5590448379516602,
   -1.2937160730361938,
   -0.8137779235839844
  ],
  "euler_order": "XYZ",
  "rotation_matrix": [
   [
    0.187861368060112,
    -0.651975691318512,
    -0.7345991134643555
   ],
   [
    -0.19883877038955688,
    0.7071840763092041,
    -0.6784937977790833
   ],
   [
    0.9618582129478455,
    0.2735295593738556,
    0.0032145273871719837
   ]
  ]
 },
 {
  "rotation_euler": [
   -1.5763208866119385,
   -2.177457809448242,
   -0.7159402966499329
  ],
  "euler_order": "XYZ",
  "rotation_matrix": [
   [
    -0.43014803528785706,
    0.6162092685699463,
    0.6597414612770081
   ],
   [
    0.37419039011001587,
    -0.5433693528175354,
    0.75148606300354
   ],
   [
    0.8215559720993042,
    0.5701191425323486,
    0.003149689408019185
   ]
  ]
 },
 {
  "rotation_euler": [
   1.5741480588912964,
   -2.8635544776916504,
   0.16623704135417938
  ],
  "euler_order": "XYZ",
  "rotation_matrix": [
   [
    -0.948339581489563,
    -0.27012982964515686,
    0.16637878119945526
   ],
   [
    -0.15911759436130524,
    -0.048722438514232635,
    -0.9860566258430481
   ],
   [
    0.2744697034358978,
    -0.9615903496742249,
    0.0032230052165687084
   ]
  ]
 },
 {
  "rotation_euler": [
   -1.5092477798461914,
   -1.5183175802230835,
   1.1427175998687744
  ],
  "euler_order": "XYZ",
  "rotation_matrix": [
   [
    0.021775171160697937,
    0.35780784487724304,
    -0.9335412979125977
   ],
   [
    0.047721415758132935,
    0.9323263764381409,
    0.3584553003311157
   ],
   [
    0.9986233115196228,
    -0.052355337888002396,
    0.0032264702022075653
   ]
  ]
 },
 {
  "rotation_euler": [
   1.569083571434021,
   0.7642557621002197,
   -0.15378031134605408
  ],
  "euler_order": "XYZ",
  "rotation_matrix": [
   [
    0.7133785486221313,
    0.684095025062561,
    -0.1520034521818161
   ],
   [
    -0.11057659983634949,
    -0.10430433601140976,
    -0.988379180431366
   ],
   [
    -0.6919999122619629,
    0.7218965291976929,
    0.0012364332797005773
   ]
  ]
 }
]