[
 {
  "rotation_euler": [
   5.796192635898478e-05,
   1.6212582067964831e-06,
   2.810192584991455
  ],
  "euler_order": "XYZ",
  "rotation_matrix": [
   [
    -0.9455877542495728,
    -0.3253672420978546,
    1.7325870430795476e-05
   ],
   [
    0.3253672420978546,
    -0.9455877542495728,
    5.533558942261152e-05
   ],
   [
    -1.6212582067964831e-06,
    5.796192635898478e-05,
    1.0
   ]
  ]
 },
 {
  "rotation_euler": [
   4.7566438297508284e-05,
   9.68260646914132e-05,
   2.9879214763641357
  ],
  "euler_order": "XYZ",
  "rotation_matrix": [
   [
    -0.9882158041000366,
    -0.15306708216667175,
    -8.840419468469918e-05
   ],
   [
    0.15306706726551056,
    -0.9882158041000366,
    6.182678771438077e-05
   ],
   [
    -9.68260646914132e-05,
    4.7566438297508284e-05,
    1.0
   ]
  ]
 },
 {
  "rotation_euler": [
   7.2282641667698044e-06,
   4.525754775386304e-06,
   0.8303197026252747
  ],
  "euler_order": "XYZ",
  "rotation_matrix": [
   [
    0.6746398210525513,
    -0.7381470799446106,
    8.388776223000605e-06
   ],
   [
    0.7381470799446106,
    0.6746398210525513,
    -1.535801970931061e-06
   ],
   [
    -4.525754775386304e-06,
    7.2282641667698044e-06,
    1.0
   ]
  ]
 },
 {
  "rotation_euler": [
   4.074110165674938e-06,
   1.9983901438536122e-05,
   1.3655027151107788
  ],
  "euler_order": "XYZ",
  "rotation_matrix": [
   [
    0.20385462045669556,
    -0.9790011644363403,
    8.062369488470722e-06
   ],
   [
    0.9790011644363403,
    0.20385462045669556,
    1.873373730632011e-05
   ],
   [
    -1.9983901438536122e-05,
    4.074110165674938e-06,
    1.0
   ]
  ]
 },
 {
  "rotation_euler": [
   1.2522918950708117e-05,
   4.960193109582178e-06,
   -2.5771424770355225
  ],
  "euler_order": "XYZ",
  "rotation_matrix": [
   [
    -0.8448828458786011,
    0.534951388835907,
    -1.0889934856095351e-05
   ],
   [
    -0.534951388835907,
    -0.8448828458786011,
    7.926937541924417e-06
   ],
   [
    -4.960193109582178e-06,
    1.2522918950708117e-05,
    1.0
   ]
  ]
 },
 {
  "rotation_euler": [
   2.1913216187385842e-05,
   2.0474379198276438e-05,
   -2.6302623748779297
  ],
  "euler_order": "XYZ",
  "rotation_matrix": [
   [
    -0.8720943331718445,
    0.4893378019332886,
    -2.8578555429703556e-05
   ],
   [
    -0.4893378019332886,
    -0.8720943331718445,
    9.09150367078837e-06
   ],
   [
    -2.0474379198276438e-05,
    2.1913216187385842e-05,
    1.0
   ]
  ]
 },
 {
  "rotation_euler": [
   5.840040830662474e-05,
   7.997956345207058e-06,
   1.7921102046966553
  ],
  "euler_order": "XYZ",
  "rotation_matrix": [
   [
    -0.21951164305210114,
    -0.9756098985671997,
    5.522037099581212e-05
   ],
   [
    0.9756098985671997,
    -0.21951164305210114,
    2.0622454030672088e-05
   ],
   [
    -7.997956345207058e-06,
    5.840040830662474e-05,
    1.0
   ]
  ]
 },
 {
  "rotation_euler": [
   4.072647243447136e-06,
   2.0040961317135952e-05,
   -1.693137764930725
  ],
  "euler_order": "XYZ",
  "rotation_matrix": [
   [
    -0.12203647941350937,
    0.9925256371498108,
    -6.48793502477929e-06
   ],
   [
    -0.9925256371498108,
    -0.12203647941350937,
    -1.93941559700761e-05
   ],
   [
    -2.0040961317135952e-05,
    4.072647243447136e-06,
    1.0
   ]
  ]
 },
 {
  "rotation_euler": [
   5.753017831011675e-05,
   2.6905847789748805e-06,
   -0.6978614330291748
  ],
  "euler_order": "XYZ",
  "rotation_matrix": [
   [
    0.7662181258201599,
    0.6425805687904358,
    -3.490619928925298e-05
   ],
   [
    -0.6425805687904358,
    0.7662181258201599,
    -4.580958193400875e-05
   ],
   [
    -2.6905847789748805e-06,
    5.753017831011675e-05,
    1.0
   ]
  ]
 },
 {
  "rotation_euler": [
   5.8678077039076015e-05,
   8.69414634507848e-06,
   2.062328577041626
  ],
  "euler_order": "XYZ",
  "rotation_matrix": [
   [
    -0.4719772934913635,
    -0.8816106915473938,
    4.7627781896153465e-05
   ],
   [
    0.8816106915473938,
    -0.4719772934913635,
    3.5359571484150365e-05
   ],
   [
    -8.69414634507848e-06,
    5.8678077039076015e-05,
    1.0
   ]
  ]
 },
 {
  "rotation_euler": [
   4.1154544305754825e-05,
   5.510612754733302e-05,
   2.709850549697876
  ],
  "euler_order": "XYZ",
  "rotation_matrix": [
   [
    -0.9082381129264832,
    -0.4184536933898926,
    -3.282821489847265e-05
   ],
   [
    0.4184536933898926,
    -0.9082381129264832,
    6.043748726369813e-05
   ],
   [
    -5.510612754733302e-05,
    4.1154544305754825e-05,
    1.0
   ]
  ]
 },
 {
  "rotation_euler": [
   5.8358298701932654e-05,
   1.0089147508551832e-06,
   1.7032915353775024
  ],
  "euler_order": "XYZ",
  "rotation_matrix": [
   [
    -0.13210788369178772,
    -0.9912353157997131,
    5.7713521528057754e-05
   ],
   [
    0.9912353157997131,
    -0.13210788369178772,
    8.709663234185427e-06
   ],
   [
    -1.0089147508551832e-06,
    5.8358298701932654e-05,
    1.0
   ]
  ]
 },
 {
  "rotation_euler": [
   5.8750869357027113e-05,
   5.628162398352288e-06,
   1.6744780540466309
  ],
  "euler_order": "XYZ",
  "rotation_matrix": [
   [
    -0.10349606722593307,
    -0.9946298599243164,
    5.785287794424221e-05
   ],
   [
    0.9946298599243164,
    -0.10349606722593307,
    1.1678422197292093e-05
   ],
   [
    -5.628162398352288e-06,
    5.8750869357027113e-05,
    1.0
   ]
  ]
 },
 {
  "rotation_euler": [
   1.259541568288114e-05,
   5.149339813215192e-06,
   0.33850741386413574
  ],
  "euler_order": "XYZ",
  "rotation_matrix": [
   [
    0.943251371383667,
    -0.33207958936691284,
    9.039802534971386e-06
   ],
   [
    0.33207958936691284,
    0.943251371383667,
    -1.0170652785745915e-05
   ],
   [
    -5.149339813215192e-06,
    1.259541568288114e-05,
    1.0
   ]
  ]
 },
 {
  "rotation_euler": [
   5.102243449073285e-05,
   9.790808690013364e-05,
   -2.2280430793762207
  ],
  "euler_order": "XYZ",
  "rotation_matrix": [
   [
    -0.6109395027160645,
    0.7916772961616516,
    -0.00010020921763498336
   ],
   [
    -0.7916772961616516,
    -0.6109395027160645,
    -4.63399883301463e-05
   ],
   [
    -9.790808690013364e-05,
    5.102243449073285e-05,
    1.0
   ]
  ]
 },
 {
  "rotation_euler": [
   5.775978206656873e-05,
   1.3214419141149847e-06,
   1.6144434213638306
  ],
  "euler_order": "XYZ",
  "rotation_matrix": [
   [
    -0.04363323748111725,
    -0.9990476369857788,
    5.76471138629131e-05
   ],
   [
    0.9990476369857788,
    -0.04363323748111725,
    3.8404295992222615e-06
   ],
   [
    -1.3214419141149847e-06,
    5.775978206656873e-05,
    1.0
   ]
  ]
 }
]