[
 {
  "rotation_euler": [
   -0.40104228258132935,
   0.08214490860700607,
   0.6929599046707153
  ],
  "euler_order": "XYZ",
  "rotation_matrix": [
   [
    0.7667642831802368,
    -0.6127737164497375,
    -0.19126133620738983
   ],
   [
    0.6366631388664246,
    0.6878511905670166,
    0.34859833121299744
   ],
   [
    -0.0820525586605072,
    -0.3890617787837982,
    0.9175501465797424
   ]
  ]
 },
 {
  "rotation_euler": [
   -0.41102805733680725,
   -0.11898571252822876,
   -1.8551546335220337
  ],
  "euler_order": "XYZ",
  "rotation_matrix": [
   [
    -0.27855801582336426,
    0.8665913939476013,
    0.41403475403785706
   ],
   [
    -0.9530553817749023,
    -0.30269965529441833,
    -0.007642615586519241
   ],
   [
    0.118705153465271,
    -0.39672696590423584,
    0.910228967666626
   ]
  ]
 },
 {
  "rotation_euler": [
   -0.40453824400901794,
   0.09524907171726227,
   -1.8213433027267456
  ],
  "euler_order": "XYZ",
  "rotation_matrix": [
   [
    -0.24681006371974945,
    0.8998622298240662,
    0.3596285879611969
   ],
   [
    -0.9643856883049011,
    -0.1916576623916626,
    -0.18228422105312347
   ],
   [
    -0.0951051115989685,
    -0.39181023836135864,
    0.9151173233985901
   ]
  ]
 },
 {
  "rotation_euler": [
   -0.40813174843788147,
   0.10848655551671982,
   -2.3233704566955566
  ],
  "euler_order": "XYZ",
  "rotation_matrix": [
   [
    -0.6795015931129456,
    0.6993512511253357,
    0.2217777669429779
   ],
   [
    -0.7256406545639038,
    -0.596010684967041,
    -0.34382691979408264
   ],
   [
    -0.10827387869358063,
    -0.39456191658973694,
    0.912467896938324
   ]
  ]
 },
 {
  "rotation_euler": [
   -0.5106242895126343,
   0.44017213582992554,
   -0.7999071478843689
  ],
  "euler_order": "XYZ",
  "rotation_matrix": [
   [
    0.630355715751648,
    0.4806958734989166,
    0.6095762252807617
   ],
   [
    -0.6489179730415344,
    0.7572628855705261,
    0.0738808810710907
   ],
   [
    -0.426095187664032,
    -0.4421361982822418,
    0.789277195930481
   ]
  ]
 },
 {
  "rotation_euler": [
   -0.40360888838768005,
   0.09175091981887817,
   -3.0958876609802246
  ],
  "euler_order": "XYZ",
  "rotation_matrix": [
   [
    -0.9947539567947388,
    0.07796407490968704,
    -0.06622844934463501
   ],
   [
    -0.04549690708518028,
    -0.9170451760292053,
    -0.3961794376373291
   ],
   [
    -0.0916222408413887,
    -0.3910878896713257,
    0.9157814383506775
   ]
  ]
 },
 {
  "rotation_euler": [
   -0.41204947233200073,
   -0.12269099056720734,
   -1.7016595602035522
  ],
  "euler_order": "XYZ",
  "rotation_matrix": [
   [
    -0.12950913608074188,
    0.9020715355873108,
    0.4116969406604767
   ],
   [
    -0.9839968085289001,
    -0.1681623011827469,
    0.058921605348587036
   ],
   [
    0.12238340824842453,
    -0.3974775969982147,
    0.9094139933586121
   ]
  ]
 },
 {
  "rotation_euler": [
   -0.406971275806427,
   -0.10426830500364304,
   2.4418752193450928
  ],
  "euler_order": "XYZ",
  "rotation_matrix": [
   [
    -0.7608693242073059,
    -0.6229192614555359,
    -0.18179500102996826
   ],
   [
    0.6405039429664612,
    -0.6760085821151733,
    -0.364372193813324
   ],
   [
    0.1040794774889946,
    -0.39368003606796265,
    0.913336455821991
   ]
  ]
 },
 {
  "rotation_euler": [
   -0.3987570106983185,
   0.07355907559394836,
   -2.7374212741851807
  ],
  "euler_order": "XYZ",
  "rotation_matrix": [
   [
    -0.9169422388076782,
    0.3886399269104004,
    0.0904211699962616
   ],
   [
    -0.39219358563423157,
    -0.8360725045204163,
    -0.38362351059913635
   ],
   [
    -0.07349275797605515,
    -0.38722318410873413,
    0.919052243232727
   ]
  ]
 },
 {
  "rotation_euler": [
   -0.4068063795566559,
   -0.10361919552087784,
   -1.8056005239486694
  ],
  "euler_order": "XYZ",
  "rotation_matrix": [
   [
    -0.23140469193458557,
    0.8836668133735657,
    0.4069211781024933
   ],
   [
    -0.9673434495925903,
    -0.2534691095352173,
    0.00033035562955774367
   ],
   [
    0.10343386977910995,
    -0.3935560882091522,
    0.9134632349014282
   ]
  ]
 },
 {
  "rotation_euler": [
   -0.4068632125854492,
   -0.10386458039283752,
   2.0536794662475586
  ],
  "euler_order": "XYZ",
  "rotation_matrix": [
   [
    -0.4618322551250458,
    -0.8324114680290222,
    -0.30627134442329407
   ],
   [
    0.880886971950531,
    -0.39009207487106323,
    -0.26807892322540283
   ],
   [
    0.10367793589830399,
    -0.39359793066978455,
    0.9134175181388855
   ]
  ]
 },
 {
  "rotation_euler": [
   -0.4095681607723236,
   0.11371108889579773,
   1.2490413188934326
  ],
  "euler_order": "XYZ",
  "rotation_matrix": [
   [
    0.31418973207473755,
    -0.8845076560974121,
    -0.3448637127876282
   ],
   [
    0.9425551891326904,
    0.24721235036849976,
    0.2246682196855545
   ],
   [
    -0.11346619576215744,
    -0.3956415355205536,
    0.9113688468933105
   ]
  ]
 },
 {
  "rotation_euler": [
   -0.510547399520874,
   -0.44021075963974,
   -0.49486401677131653
  ],
  "euler_order": "XYZ",
  "rotation_matrix": [
   [
    0.7961325645446777,
    0.5975996851921082,
    -0.0951184555888176
   ],
   [
    -0.42963477969169617,
    0.668917715549469,
    0.6065995693206787
   ],
   [
    0.42613014578819275,
    -0.4420674741268158,
    0.7892968058586121
   ]
  ]
 },
 {
  "rotation_euler": [
   -0.40930816531181335,
   -0.11275293678045273,
   -2.8137588500976562
  ],
  "euler_order": "XYZ",
  "rotation_matrix": [
   [
    -0.9407303929328918,
    0.2530021369457245,
    0.2258678674697876
   ],
   [
    -0.31994834542274475,
    -0.8829558491706848,
    -0.34354329109191895
   ],
   [
    0.1125141829252243,
    -0.39544764161109924,
    0.9115710258483887
   ]
  ]
 },
 {
  "rotation_euler": [
   -0.4096941649913788,
   -0.11415073275566101,
   -2.56410551071167
  ],
  "euler_order": "XYZ",
  "rotation_matrix": [
   [
    -0.8323843479156494,
    0.46272802352905273,
    0.3049902319908142
   ],
   [
    -0.5423673987388611,
    -0.7932688593864441,
    -0.2766987383365631
   ],
   [
    0.1139029860496521,
    -0.3957364559173584,
    0.911273181438446
   ]
  ]
 },
 {
  "rotation_euler": [
   -0.3792528510093689,
   -1.614426878404629e-06,
   2.6330206394195557
  ],
  "euler_order": "XYZ",
  "rotation_matrix": [
   [
    -0.8734407424926758,
    -0.45233047008514404,
    -0.18027326464653015
   ],
   [
    0.4869304895401001,
    -0.811375081539154,
    -0.32337164878845215
   ],
   [
    1.614426878404629e-06,
    -0.37022650241851807,
    0.9289414882659912
   ]
  ]
 }
]