[
 {
  "rotation_euler": [
   2.0369839668273926,
   0.8336551785469055,
   -0.7323795557022095
  ],
  "euler_order": "XYZ",
  "rotation_matrix": [
   [
    0.4998188018798828,
    0.19125258922576904,
    -0.8447506427764893
   ],
   [
    -0.4494430422782898,
    -0.7764586210250854,
    -0.44171592593193054
   ],
   [
    -0.7403932213783264,
    0.6004452109336853,
    -0.3021314740180969
   ]
  ]
 },
 {
  "rotation_euler": [
   -1.543230414390564,
   1.4482334852218628,
   0.9797036647796631
  ],
  "euler_order": "XYZ",
  "rotation_matrix": [
   [
    0.06812955439090729,
    -0.5757641792297363,
    -0.814772367477417
   ],
   [
    0.10151328891515732,
    -0.8084308505058289,
    0.5797712206840515
   ],
   [
    -0.9924985766410828,
    -0.12220977246761322,
    0.0033696775790303946
   ]
  ]
 },
 {
  "rotation_euler": [
   2.034947633743286,
   0.8001826405525208,
   0.6553094387054443
  ],
  "euler_order": "XYZ",
  "rotation_matrix": [
   [
    0.5522865653038025,
    0.781487226486206,
    0.29027101397514343
   ],
   [
    0.42449644207954407,
    0.03604404628276825,
    -0.904711902141571
   ],
   [
    -0.7174833416938782,
    0.6228792667388916,
    -0.31183189153671265
   ]
  ]
 },
 {
  "rotation_euler": [
   -1.136535406112671,
   -1.961204171180725,
   0.032465610653162
  ],
  "euler_order": "XYZ",
  "rotation_matrix": [
   [
    -0.3803650736808777,
    0.8248201608657837,
    -0.41832298040390015
   ],
   [
    -0.012353124096989632,
    0.4477495849132538,
    0.8940736651420593
   ],
   [
    0.9247539043426514,
    0.3452419936656952,
    -0.1601191908121109
   ]
  ]
 },
 {
  "rotation_euler": [
   2.035813331604004,
   0.8146554231643677,
   -1.8247281312942505
  ],
  "euler_order": "XYZ",
  "rotation_matrix": [
   [
    -0.1723610907793045,
    -0.5974054336547852,
    -0.7831975817680359
   ],
   [
    -0.6641167998313904,
    -0.5167353749275208,
    0.5403086543083191
   ],
   [
    -0.7274892330169678,
    0.6132628321647644,
    -0.3076818883419037
   ]
  ]
 },
 {
  "rotation_euler": [
   -1.407559871673584,
   1.410429835319519,
   1.251011610031128
  ],
  "euler_order": "XYZ",
  "rotation_matrix": [
   [
    0.050197359174489975,
    -0.460476815700531,
    -0.8862512707710266
   ],
   [
    0.15158472955226898,
    -0.8735769987106323,
    0.46247732639312744
   ],
   [
    -0.9871688485145569,
    -0.15755729377269745,
    0.0259499941021204
   ]
  ]
 },
 {
  "rotation_euler": [
   2.0720138549804688,
   1.190753698348999,
   -0.7688252925872803
  ],
  "euler_order": "XYZ",
  "rotation_matrix": [
   [
    0.26661935448646545,
    0.25126567482948303,
    -0.9304728507995605
   ],
   [
    -0.2579253315925598,
    -0.9116057753562927,
    -0.32007721066474915
   ],
   [
    -0.928648829460144,
    0.32533130049705505,
    -0.178243950009346
   ]
  ]
 },
 {
  "rotation_euler": [
   -0.915073812007904,
   1.7847050428390503,
   0.1595263034105301
  ],
  "euler_order": "XYZ",
  "rotation_matrix": [
   [
    -0.20958572626113892,
    -0.861564576625824,
    0.46236374974250793
   ],
   [
    -0.03372097387909889,
    0.4789535105228424,
    0.8771923780441284
   ],
   [
    -0.9772086143493652,
    0.16825564205646515,
    -0.12943461537361145
   ]
  ]
 },
 {
  "rotation_euler": [
   -1.1805446147918701,
   -0.7772039175033569,
   1.3958077430725098
  ],
  "euler_order": "XYZ",
  "rotation_matrix": [
   [
    0.12410970777273178,
    -0.2616991102695465,
    -0.9571365118026733
   ],
   [
    0.7019904851913452,
    0.7048869729042053,
    -0.10170384496450424
   ],
   [
    0.7012888789176941,
    -0.6592783331871033,
    0.27119359374046326
   ]
  ]
 },
 {
  "rotation_euler": [
   -2.516392946243286,
   1.523144006729126,
   0.39272865653038025
  ],
  "euler_order": "XYZ",
  "rotation_matrix": [
   [
    0.0440078042447567,
    -0.2297690212726593,
    -0.9722496867179871
   ],
   [
    0.018230155110359192,
    -0.9728457927703857,
    0.23073506355285645
   ],
   [
    -0.9988648295402527,
    -0.027878405526280403,
    -0.03862408548593521
   ]
  ]
 },
 {
  "rotation_euler": [
   -0.9864712953567505,
   1.8544907569885254,
   -1.291990041732788
  ],
  "euler_order": "XYZ",
  "rotation_matrix": [
   [
    -0.07703197002410889,
    0.3099634051322937,
    0.9476227164268494
   ],
   [
    0.26909568905830383,
    0.9216383695602417,
    -0.27958935499191284
   ],
   [
    -0.9600279331207275,
    0.23346386849880219,
    -0.15440544486045837
   ]
  ]
 },
 {
  "rotation_euler": [
   1.6820509433746338,
   1.7103403806686401,
   0.9491005539894104
  ],
  "euler_order": "XYZ",
  "rotation_matrix": [
   [
    -0.08100897073745728,
    0.6634389162063599,
    0.7438321709632874
   ],
   [
    -0.11306645721197128,
    0.7353507876396179,
    -0.6681879758834839
   ],
   [
    -0.990279495716095,
    -0.13823169469833374,
    0.01544268149882555
   ]
  ]
 },
 {
  "rotation_euler": [
   -1.1089118719100952,
   -1.003251075744629,
   1.3848578929901123
  ],
  "euler_order": "XYZ",
  "rotation_matrix": [
   [
    0.0993788093328476,
    -0.29840344190597534,
    -0.9492519497871399
   ],
   [
    0.5282979011535645,
    0.824238121509552,
    -0.2037961333990097
   ],
   [
    0.8432230949401855,
    -0.4812347888946533,
    0.23955771327018738
   ]
  ]
 },
 {
  "rotation_euler": [
   -1.3930052518844604,
   1.4105159044265747,
   -1.7843135595321655
  ],
  "euler_order": "XYZ",
  "rotation_matrix": [
   [
    -0.03381796181201935,
    0.37872496247291565,
    0.9248912334442139
   ],
   [
    -0.15597090125083923,
    0.9120819568634033,
    -0.3791827857494354
   ],
   [
    -0.9871825575828552,
    -0.1570793092250824,
    0.028225325047969818
   ]
  ]
 },
 {
  "rotation_euler": [
   -1.0016837120056152,
   1.8950715065002441,
   -1.5410330295562744
  ],
  "euler_order": "XYZ",
  "rotation_matrix": [
   [
    -0.00948183611035347,
    0.5148842930793762,
    0.8572072386741638
   ],
   [
    0.3184807002544403,
    0.8141592741012573,
    -0.4855045974254608
   ],
   [
    -0.9478819370269775,
    0.26840049028396606,
    -0.17170044779777527
   ]
  ]
 },
 {
  "rotation_euler": [
   -0.9624778628349304,
   1.8180769681930542,
   1.73111093044281
  ],
  "euler_order": "XYZ",
  "rotation_matrix": [
   [
    0.039072055369615555,
    -0.43715184926986694,
    -0.8985385894775391
   ],
   [
    -0.24162958562374115,
    -0.8766720294952393,
    0.4160064160823822
   ],
   [
    -0.9695816040039062,
    0.20085929334163666,
    -0.1398821920156479
   ]
  ]
 }
]