[
 {
  "rotation_euler": [
   1.4302634000778198,
   -1.4096983671188354,
   1.3843588829040527
  ],
  "euler_order": "XYZ",
  "rotation_matrix": [
   [
    0.029732003808021545,
    -0.3187989592552185,
    0.9473559260368347
   ],
   [
    0.15762241184711456,
    -0.9344213008880615,
    -0.3193931579589844
   ],
   [
    0.987051784992218,
    0.1588207185268402,
    0.02246764488518238
   ]
  ]
 },
 {
  "rotation_euler": [
   1.1908886432647705,
   -0.01982537843286991,
   -0.8100762963294983
  ],
  "euler_order": "XYZ",
  "rotation_matrix": [
   [
    0.689307689666748,
    0.2559172809123993,
    -0.677761971950531
   ],
   [
    -0.7241974472999573,
    0.2690050005912781,
    -0.6349601149559021
   ],
   [
    0.019824080169200897,
    0.9285163879394531,
    0.3707618713378906
   ]
  ]
 },
 {
  "rotation_euler": [
   1.704445719718933,
   1.4687981605529785,
   1.381528377532959
  ],
  "euler_order": "XYZ",
  "rotation_matrix": [
   [
    0.019156673923134804,
    0.3163653612136841,
    0.9484439492225647
   ],
   [
    0.10000309348106384,
    0.9432547092437744,
    -0.3166542649269104
   ],
   [
    -0.994802713394165,
    0.10091337561607361,
    -0.013567891903221607
   ]
  ]
 },
 {
  "rotation_euler": [
   1.1910669803619385,
   -0.022969229146838188,
   -0.8681216239929199
  ],
  "euler_order": "XYZ",
  "rotation_matrix": [
   [
    0.6460906267166138,
    0.26907816529273987,
    -0.714257538318634
   ],
   [
    -0.7629150748252869,
    0.2558271586894989,
    -0.5937281250953674
   ],
   [
    0.022967210039496422,
    0.9285200238227844,
    0.3705713450908661
   ]
  ]
 },
 {
  "rotation_euler": [
   -1.5654830932617188,
   -1.674007534980774,
   0.019375959411263466
  ],
  "euler_order": "XYZ",
  "rotation_matrix": [
   [
    -0.10300872474908829,
    0.9943747520446777,
    -0.024658415466547012
   ],
   [
    -0.0019961425568908453,
    0.02458358183503151,
    0.9996957778930664
   ],
   [
    0.9946784377098083,
    0.1030266061425209,
    -0.0005474095814861357
   ]
  ]
 },
 {
  "rotation_euler": [
   0.5122034549713135,
   1.7320923805236816,
   0.7363584637641907
  ],
  "euler_order": "XYZ",
  "rotation_matrix": [
   [
    -0.11898981034755707,
    -0.22699594497680664,
    0.9665993452072144
   ],
   [
    -0.10785641521215439,
    0.9707099199295044,
    0.21468399465084076
   ],
   [
    -0.987019956111908,
    -0.07870873063802719,
    -0.13998755812644958
   ]
  ]
 },
 {
  "rotation_euler": [
   1.1926475763320923,
   0.007557488977909088,
   -1.1004648208618164
  ],
  "euler_order": "XYZ",
  "rotation_matrix": [
   [
    0.4531688690185547,
    0.3322950601577759,
    -0.8271746635437012
   ],
   [
    -0.8913926482200623,
    0.16105416417121887,
    -0.42365163564682007
   ],
   [
    -0.007557417266070843,
    0.9293231964111328,
    0.3691900968551636
   ]
  ]
 },
 {
  "rotation_euler": [
   1.1943318843841553,
   0.0335034616291523,
   -2.8297104835510254
  ],
  "euler_order": "XYZ",
  "rotation_matrix": [
   [
    -0.951223611831665,
    0.08316036313772202,
    -0.2970825135707855
   ],
   [
    -0.3066783547401428,
    -0.3594580888748169,
    0.8813275694847107
   ],
   [
    -0.033497195690870285,
    0.9294483661651611,
    0.3674285113811493
   ]
  ]
 },
 {
  "rotation_euler": [
   -1.4673230648040771,
   1.6785098314285278,
   1.4512113332748413
  ],
  "euler_order": "XYZ",
  "rotation_matrix": [
   [
    -0.012825406156480312,
    -0.22052544355392456,
    -0.9752969145774841
   ],
   [
    -0.10673756152391434,
    -0.9695021510124207,
    0.2206188142299652
   ],
   [
    -0.9942045211791992,
    0.10693033784627914,
    -0.01110408827662468
   ]
  ]
 },
 {
  "rotation_euler": [
   1.1908791065216064,
   -0.01975465565919876,
   1.772879719734192
  ],
  "euler_order": "XYZ",
  "rotation_matrix": [
   [
    -0.20067159831523895,
    -0.35961511731147766,
    0.9112671613693237
   ],
   [
    0.9794594049453735,
    -0.09240385890007019,
    0.17922280728816986
   ],
   [
    0.01975337043404579,
    0.9285141229629517,
    0.37077122926712036
   ]
  ]
 },
 {
  "rotation_euler": [
   1.3616056442260742,
   1.3046432733535767,
   1.9275099039077759
  ],
  "euler_order": "XYZ",
  "rotation_matrix": [
   [
    -0.09184634685516357,
    -0.5241521000862122,
    0.8466574549674988
   ],
   [
    0.2464645355939865,
    0.8118297457695007,
    0.5293275713920593
   ],
   [
    -0.964789867401123,
    0.2572878301143646,
    0.05462130904197693
   ]
  ]
 },
 {
  "rotation_euler": [
   1.192259430885315,
   -0.041504234075546265,
   0.1440552920103073
  ],
  "euler_order": "XYZ",
  "rotation_matrix": [
   [
    0.9887897372245789,
    -0.09120889753103256,
    0.11821947991847992
   ],
   [
    0.14343394339084625,
    0.3601985573768616,
    -0.921782910823822
   ],
   [
    0.04149232059717178,
    0.9284061193466187,
    0.3692430853843689
   ]
  ]
 },
 {
  "rotation_euler": [
   0.5817899703979492,
   1.7738584280014038,
   0.8589760661125183
  ],
  "euler_order": "XYZ",
  "rotation_matrix": [
   [
    -0.13173313438892365,
    -0.2810254395008087,
    0.950616180896759
   ],
   [
    -0.15269888937473297,
    0.9532802700996399,
    0.2606525421142578
   ],
   [
    -0.9794536232948303,
    -0.11082146316766739,
    -0.16849087178707123
   ]
  ]
 },
 {
  "rotation_euler": [
   1.1908776760101318,
   -0.019795766100287437,
   2.4027585983276367
  ],
  "euler_order": "XYZ",
  "rotation_matrix": [
   [
    -0.7391093969345093,
    -0.23614704608917236,
    0.6308342814445496
   ],
   [
    0.6732944846153259,
    -0.2865282893180847,
    0.6815981864929199
   ],
   [
    0.01979447342455387,
    0.9285128712654114,
    0.37077227234840393
   ]
  ]
 },
 {
  "rotation_euler": [
   1.1908791065216064,
   -0.01975642330944538,
   0.7692244052886963
  ],
  "euler_order": "XYZ",
  "rotation_matrix": [
   [
    0.7183101773262024,
    -0.2711317837238312,
    0.6407168507575989
   ],
   [
    0.6954424977302551,
    0.2536712884902954,
    -0.672317385673523
   ],
   [
    0.019755138084292412,
    0.9285141229629517,
    0.37077122926712036
   ]
  ]
 },
 {
  "rotation_euler": [
   1.8742852210998535,
   1.4911537170410156,
   -1.3029698133468628
  ],
  "euler_order": "XYZ",
  "rotation_matrix": [
   [
    0.021054033190011978,
    -0.03645532950758934,
    -0.9991135001182556
   ],
   [
    -0.07672205567359924,
    -0.9964470863342285,
    0.034741297364234924
   ],
   [
    -0.9968302249908447,
    0.07592259347438812,
    -0.023776156827807426
   ]
  ]
 }
]