[
 {
  "rotation_euler": [
   0.020752720534801483,
   0.00788802932947874,
   1.9425135850906372
  ],
  "euler_order": "XYZ",
  "rotation_matrix": [
   [
    -0.3632046580314636,
    -0.9315637946128845,
    0.016469614580273628
   ],
   [
    0.9316759705543518,
    -0.362985223531723,
    0.014884835109114647
   ],
   [
    -0.007887947373092175,
    0.020750585943460464,
    0.9997535943984985
   ]
  ]
 },
 {
  "rotation_euler": [
   0.020753908902406693,
   0.007889213971793652,
   -0.881162166595459
  ],
  "euler_order": "XYZ",
  "rotation_matrix": [
   [
    0.6362351775169373,
    0.7714168429374695,
    -0.01099163293838501
   ],
   [
    -0.7714548110961914,
    0.635991632938385,
    -0.019288817420601845
   ],
   [
    -0.007889132015407085,
    0.020751772448420525,
    0.9997535347938538
   ]
  ]
 },
 {
  "rotation_euler": [
   0.020754804834723473,
   0.007889807224273682,
   -2.7060093879699707
  ],
  "euler_order": "XYZ",
  "rotation_matrix": [
   [
    -0.9065958857536316,
    0.4216999411582947,
    -0.01590811274945736
   ],
   [
    -0.4219261407852173,
    -0.9064978957176208,
    0.015487187542021275
   ],
   [
    -0.007889725267887115,
    0.020752668380737305,
    0.9997535347938538
   ]
  ]
 },
 {
  "rotation_euler": [
   0.020754652097821236,
   0.007889718748629093,
   -0.6381496787071228
  ],
  "euler_order": "XYZ",
  "rotation_matrix": [
   [
    0.8031743764877319,
    0.5957134962081909,
    -0.006027285475283861
   ],
   [
    -0.5956917405128479,
    0.8029288649559021,
    -0.02136785350739956
   ],
   [
    -0.007889636792242527,
    0.020752515643835068,
    0.9997535347938538
   ]
  ]
 },
 {
  "rotation_euler": [
   0.02075258269906044,
   0.007887914776802063,
   -2.0640532970428467
  ],
  "euler_order": "XYZ",
  "rotation_matrix": [
   [
    -0.4734824001789093,
    0.8805282115936279,
    -0.0220115277916193
   ],
   [
    -0.8807679414749146,
    -0.4735393226146698,
    0.002879512030631304
   ],
   [
    -0.007887832820415497,
    0.02075044810771942,
    0.9997535943984985
   ]
  ]
 },
 {
  "rotation_euler": [
   0.02075287327170372,
   0.007887976244091988,
   -1.8730262517929077
  ],
  "euler_order": "XYZ",
  "rotation_matrix": [
   [
    -0.29764053225517273,
    0.954420804977417,
    -0.022158155217766762
   ],
   [
    -0.9546454548835754,
    -0.29774197936058044,
    -0.0013521099463105202
   ],
   [
    -0.007887894287705421,
    0.0207507386803627,
    0.9997535347938538
   ]
  ]
 },
 {
  "rotation_euler": [
   0.020752914249897003,
   0.007887491956353188,
   2.9815335273742676
  ],
  "euler_order": "XYZ",
  "rotation_matrix": [
   [
    -0.9871871471405029,
    -0.15950384736061096,
    -0.00447762431576848
   ],
   [
    0.15937161445617676,
    -0.9869791865348816,
    0.02174297533929348
   ],
   [
    -0.007887409999966621,
    0.020750779658555984,
    0.9997535943984985
   ]
  ]
 },
 {
  "rotation_euler": [
   0.02075248584151268,
   0.007887708954513073,
   -0.5739782452583313
  ],
  "euler_order": "XYZ",
  "rotation_matrix": [
   [
    0.8397213816642761,
    0.5429975986480713,
    -0.004645125940442085
   ],
   [
    -0.5429601669311523,
    0.8394778370857239,
    -0.021707477048039436
   ],
   [
    -0.007887626998126507,
    0.02075035125017166,
    0.9997535943984985
   ]
  ]
 },
 {
  "rotation_euler": [
   0.02075331285595894,
   0.007888438180088997,
   -2.9083893299102783
  ],
  "euler_order": "XYZ",
  "rotation_matrix": [
   [
    -0.9729008674621582,
    0.2308862805366516,
    -0.012468824163079262
   ],
   [
    -0.23108813166618347,
    -0.9727594256401062,
    0.018367525190114975
   ],
   [
    -0.00788835622370243,
    0.02075117826461792,
    0.9997535347938538
   ]
  ]
 },
 {
  "rotation_euler": [
   0.02075425162911415,
   0.007889272645115852,
   -1.4706953763961792
  ],
  "euler_order": "XYZ",
  "rotation_matrix": [
   [
    0.09993075579404831,
    0.9947961568832397,
    -0.0198606476187706
   ],
   [
    -0.9949631094932556,
    0.09974943846464157,
    -0.009921911172568798
   ],
   [
    -0.007889190688729286,
    0.020752115175127983,
    0.9997535347938538
   ]
  ]
 },
 {
  "rotation_euler": [
   0.020752621814608574,
   0.007888133637607098,
   -0.561437726020813
  ],
  "euler_order": "XYZ",
  "rotation_matrix": [
   [
    0.846464216709137,
    0.5324276685714722,
    -0.004372257739305496
   ],
   [
    -0.5323871970176697,
    0.8462210893630981,
    -0.0217643603682518
   ],
   [
    -0.007888051681220531,
    0.020750487223267555,
    0.9997535943984985
   ]
  ]
 },
 {
  "rotation_euler": [
   0.020752698183059692,
   0.007887834683060646,
   -1.0356810092926025
  ],
  "euler_order": "XYZ",
  "rotation_matrix": [
   [
    0.5099243521690369,
    0.8601080775260925,
    -0.013828977011144161
   ],
   [
    -0.86018306016922,
    0.5096896290779114,
    -0.017365537583827972
   ],
   [
    -0.00788775272667408,
    0.020750563591718674,
    0.9997535943984985
   ]
  ]
 },
 {
  "rotation_euler": [
   0.020752577111124992,
   0.007887649349868298,
   -1.3845757246017456
  ],
  "euler_order": "XYZ",
  "rotation_matrix": [
   [
    0.18514041602611542,
    0.9825296998023987,
    -0.0189322829246521
   ],
   [
    -0.9826804399490356,
    0.1849454641342163,
    -0.011591514572501183
   ],
   [
    -0.007887567393481731,
    0.020750442519783974,
    0.9997535943984985
   ]
  ]
 },
 {
  "rotation_euler": [
   0.020754368975758553,
   0.007889457046985626,
   1.2615365982055664
  ],
  "euler_order": "XYZ",
  "rotation_matrix": [
   [
    0.3043440878391266,
    -0.9523041844367981,
    0.02216898649930954
   ],
   [
    0.9525294899940491,
    0.30444398522377014,
    0.0011972651118412614
   ],
   [
    -0.00788937509059906,
    0.020752232521772385,
    0.9997535347938538
   ]
  ]
 },
 {
  "rotation_euler": [
   0.020754361525177956,
   0.007889456115663052,
   2.538691997528076
  ],
  "euler_order": "XYZ",
  "rotation_matrix": [
   [
    -0.8236686587333679,
    -0.5670468807220459,
    0.005270552821457386
   ],
   [
    0.5670164823532104,
    -0.8234241008758545,
    0.02156660333275795
   ],
   [
    -0.007889374159276485,
    0.020752225071191788,
    0.9997535347938538
   ]
  ]
 },
 {
  "rotation_euler": [
   0.020753968507051468,
   0.007889009080827236,
   2.3109853267669678
  ],
  "euler_order": "XYZ",
  "rotation_matrix": [
   [
    -0.6744064688682556,
    -0.7382925152778625,
    0.010003044269979
   ],
   [
    0.738318145275116,
    -0.6741613745689392,
    0.019819507375359535
   ],
   [
    -0.00788892712444067,
    0.0207518320530653,
    0.9997535347938538
   ]
  ]
 }
]