[
 {
  "rotation_euler": [
   -0.26627233624458313,
   -0.02323632873594761,
   -3.012148141860962
  ],
  "euler_order": "XYZ",
  "rotation_matrix": [
   [
    -0.9913660287857056,
    0.11847159266471863,
    0.0561944916844368
   ],
   [
    -0.12904848158359528,
    -0.9574762582778931,
    -0.25804203748703003
   ],
   [
    0.023234236985445023,
    -0.2630659341812134,
    0.9644980430603027
   ]
  ]
 },
 {
  "rotation_euler": [
   -0.2662723660469055,
   -0.023236334323883057,
   0.3758454918861389
  ],
  "euler_order": "XYZ",
  "rotation_matrix": [
   [
    0.9299464821815491,
    -0.3484363853931427,
    -0.11743762344121933
   ],
   [
    0.3669600486755371,
    0.8996601700782776,
    0.23654162883758545
   ],
   [
    0.02323424257338047,
    -0.26306596398353577,
    0.9644980430603027
   ]
  ]
 },
 {
  "rotation_euler": [
   -0.2662721872329712,
   -0.02323656529188156,
   3.1030116081237793
  ],
  "euler_order": "XYZ",
  "rotation_matrix": [
   [
    -0.9989860653877258,
    -0.043321456760168076,
    0.012249400839209557
   ],
   [
    0.03856106102466583,
    -0.9638047814369202,
    -0.263805627822876
   ],
   [
    0.023234473541378975,
    -0.26306578516960144,
    0.9644981026649475
   ]
  ]
 },
 {
  "rotation_euler": [
   -0.26627233624458313,
   -0.023236317560076714,
   -1.9760388135910034
  ],
  "euler_order": "XYZ",
  "rotation_matrix": [
   [
    -0.3941352069377899,
    0.8842093348503113,
    0.2506617605686188
   ],
   [
    -0.918758749961853,
    -0.38596656918525696,
    -0.08313962817192078
   ],
   [
    0.023234225809574127,
    -0.2630659341812134,
    0.9644980430603027
   ]
  ]
 },
 {
  "rotation_euler": [
   -0.2662722170352936,
   -0.023236291483044624,
   0.09429684281349182
  ],
  "euler_order": "XYZ",
  "rotation_matrix": [
   [
    0.995288610458374,
    -0.08475230634212494,
    -0.047092027962207794
   ],
   [
    0.09413173794746399,
    0.9610480666160583,
    0.25985726714134216
   ],
   [
    0.023234199732542038,
    -0.26306581497192383,
    0.9644981026649475
   ]
  ]
 },
 {
  "rotation_euler": [
   -0.26627224683761597,
   -0.02323651872575283,
   0.3795150816440582
  ],
  "euler_order": "XYZ",
  "rotation_matrix": [
   [
    0.928593635559082,
    -0.351735383272171,
    -0.11830496788024902
   ],
   [
    0.370370090007782,
    0.8983755111694336,
    0.2361089140176773
   ],
   [
    0.023234426975250244,
    -0.2630658447742462,
    0.9644980430603027
   ]
  ]
 },
 {
  "rotation_euler": [
   -0.26627230644226074,
   -0.023236341774463654,
   -1.963952660560608
  ],
  "euler_order": "XYZ",
  "rotation_matrix": [
   [
    -0.3830024302005768,
    0.8888095021247864,
    0.2516482472419739
   ],
   [
    -0.9234551191329956,
    -0.3752519488334656,
    -0.08010406047105789
   ],
   [
    0.023234250023961067,
    -0.263065904378891,
    0.9644980430603027
   ]
  ]
 },
 {
  "rotation_euler": [
   -0.26627224683761597,
   -0.023236284032464027,
   0.8026266694068909
  ],
  "euler_order": "XYZ",
  "rotation_matrix": [
   [
    0.6946324706077576,
    -0.689590573310852,
    -0.20481839776039124
   ],
   [
    0.7189894914627075,
    0.6747304797172546,
    0.16671201586723328
   ],
   [
    0.02323419228196144,
    -0.2630658447742462,
    0.9644980430603027
   ]
  ]
 },
 {
  "rotation_euler": [
   -0.26627233624458313,
   -0.023236364126205444,
   -1.434831142425537
  ],
  "euler_order": "XYZ",
  "rotation_matrix": [
   [
    0.13551005721092224,
    0.9566833972930908,
    0.257670134305954
   ],
   [
    -0.9905034899711609,
    0.12471240758895874,
    0.057875923812389374
   ],
   [
    0.023234272375702858,
    -0.2630659341812134,
    0.9644980430603027
   ]
  ]
 },
 {
  "rotation_euler": [
   -0.2662722170352936,
   -0.02323615737259388,
   0.8511060476303101
  ],
  "euler_order": "XYZ",
  "rotation_matrix": [
   [
    0.6589738726615906,
    -0.7214781045913696,
    -0.21265658736228943
   ],
   [
    0.751806914806366,
    0.640519917011261,
    0.15659064054489136
   ],
   [
    0.023234065622091293,
    -0.2630658447742462,
    0.9644981026649475
   ]
  ]
 },
 {
  "rotation_euler": [
   -0.26627227663993835,
   -0.02323632687330246,
   3.077441930770874
  ],
  "euler_order": "XYZ",
  "rotation_matrix": [
   [
    -0.9976736307144165,
    -0.06794872134923935,
    0.005500471219420433
   ],
   [
    0.06408942490816116,
    -0.9623820781707764,
    -0.26403263211250305
   ],
   [
    0.023234235122799873,
    -0.2630658745765686,
    0.9644980430603027
   ]
  ]
 },
 {
  "rotation_euler": [
   -0.2662722170352936,
   -0.023236053064465523,
   2.806276559829712
  ],
  "euler_order": "XYZ",
  "rotation_matrix": [
   [
    -0.9440514445304871,
    -0.3232440650463104,
    -0.06542305648326874
   ],
   [
    0.32897883653640747,
    -0.9090157747268677,
    -0.255857914686203
   ],
   [
    0.023233961313962936,
    -0.2630658447742462,
    0.9644981026649475
   ]
  ]
 },
 {
  "rotation_euler": [
   -0.26627230644226074,
   -0.023236345499753952,
   -1.7335333824157715
  ],
  "euler_order": "XYZ",
  "rotation_matrix": [
   [
    -0.16197596490383148,
    0.9510210752487183,
    0.26329201459884644
   ],
   [
    -0.9865211248397827,
    -0.1623428910970688,
    -0.02051408961415291
   ],
   [
    0.023234253749251366,
    -0.263065904378891,
    0.9644980430603027
   ]
  ]
 },
 {
  "rotation_euler": [
   -0.2662722170352936,
   -0.0232362300157547,
   -3.137049913406372
  ],
  "euler_order": "XYZ",
  "rotation_matrix": [
   [
    -0.9997197389602661,
    -0.0017310632392764091,
    0.02361045964062214
   ],
   [
    -0.004541498143225908,
    -0.964776337146759,
    -0.26303231716156006
   ],
   [
    0.023234138265252113,
    -0.26306581497192383,
    0.9644981026649475
   ]
  ]
 },
 {
  "rotation_euler": [
   -0.26627233624458313,
   -0.023236330598592758,
   0.10480174422264099
  ],
  "euler_order": "XYZ",
  "rotation_matrix": [
   [
    0.9942448735237122,
    -0.09484314173460007,
    -0.049819204956293106
   ],
   [
    0.10458176583051682,
    0.9601047039031982,
    0.2593483626842499
   ],
   [
    0.023234238848090172,
    -0.2630659341812134,
    0.9644980430603027
   ]
  ]
 },
 {
  "rotation_euler": [
   -0.26627230644226074,
   -0.02323625609278679,
   1.9196809530258179
  ],
  "euler_order": "XYZ",
  "rotation_matrix": [
   [
    -0.34175756573677063,
    -0.9087262153625488,
    -0.23962147533893585
   ],
   [
    0.9395009279251099,
    -0.32405710220336914,
    -0.11101826280355453
   ],
   [
    0.023234164342284203,
    -0.263065904378891,
    0.9644980430603027
   ]
  ]
 }
]