[
 {
  "rotation_euler": [
   0.08411287516355515,
   0.0008077954989857972,
   0.8946834206581116
  ],
  "euler_order": "XYZ",
  "rotation_matrix": [
   [
    0.6257655620574951,
    -0.7772108912467957,
    0.06603533774614334
   ],
   [
    0.7800107598304749,
    0.6236063838005066,
    -0.05194505304098129
   ],
   [
    -0.0008077953825704753,
    0.08401370048522949,
    0.9964642524719238
   ]
  ]
 },
 {
  "rotation_euler": [
   0.08411267399787903,
   0.0008077459642663598,
   1.4735547304153442
  ],
  "euler_order": "XYZ",
  "rotation_matrix": [
   [
    0.09708838909864426,
    -0.9917504787445068,
    0.08369477093219757
   ],
   [
    0.9952754378318787,
    0.09681271016597748,
    -0.007355652749538422
   ],
   [
    -0.000807745847851038,
    0.08401349931955338,
    0.9964643120765686
   ]
  ]
 },
 {
  "rotation_euler": [
   0.08411271125078201,
   0.000807806383818388,
   2.17222261428833
  ],
  "euler_order": "XYZ",
  "rotation_matrix": [
   [
    -0.5658189058303833,
    -0.8216528296470642,
    0.06881619989871979
   ],
   [
    0.8245291709899902,
    -0.5637627243995667,
    0.04820018261671066
   ],
   [
    -0.0008078062674030662,
    0.08401353657245636,
    0.9964643120765686
   ]
  ]
 },
 {
  "rotation_euler": [
   0.08411253243684769,
   0.0008077080128714442,
   -1.3454530239105225
  ],
  "euler_order": "XYZ",
  "rotation_matrix": [
   [
    0.22344093024730682,
    0.9712866544723511,
    -0.08170947432518005
   ],
   [
    -0.9747171401977539,
    0.22258490324020386,
    -0.01955653913319111
   ],
   [
    -0.0008077078964561224,
    0.08401335775852203,
    0.9964643120765686
   ]
  ]
 },
 {
  "rotation_euler": [
   0.0841129720211029,
   0.0008074523648247123,
   -0.6024755835533142
  ],
  "euler_order": "XYZ",
  "rotation_matrix": [
   [
    0.8239349722862244,
    0.5647363662719727,
    -0.04694634675979614
   ],
   [
    -0.5666837692260742,
    0.82098388671875,
    -0.06967790424823761
   ],
   [
    -0.0008074522484093904,
    0.08401379734277725,
    0.9964642524719238
   ]
  ]
 },
 {
  "rotation_euler": [
   0.08411300927400589,
   0.0008079625549726188,
   -2.6355810165405273
  ],
  "euler_order": "XYZ",
  "rotation_matrix": [
   [
    -0.8746842741966248,
    0.4829196035861969,
    -0.041425105184316635
   ],
   [
    -0.48469239473342896,
    -0.8716251254081726,
    0.07309540361166
   ],
   [
    -0.000807962438557297,
    0.08401383459568024,
    0.9964642524719238
   ]
  ]
 },
 {
  "rotation_euler": [
   0.08411289751529694,
   0.0008077910752035677,
   0.24743810296058655
  ],
  "euler_order": "XYZ",
  "rotation_matrix": [
   [
    0.9695427417755127,
    -0.24398919939994812,
    0.021357141435146332
   ],
   [
    0.24492081999778748,
    0.9661319851875305,
    -0.08125780522823334
   ],
   [
    -0.0008077909587882459,
    0.08401372283697128,
    0.9964642524719238
   ]
  ]
 },
 {
  "rotation_euler": [
   0.08411300182342529,
   0.0008079865365289152,
   0.10842304676771164
  ],
  "euler_order": "XYZ",
  "rotation_matrix": [
   [
    0.994127631187439,
    -0.10776069015264511,
    0.009891604073345661
   ],
   [
    0.10821070522069931,
    0.9906206727027893,
    -0.08343339711427689
   ],
   [
    -0.0008079864201135933,
    0.08401382714509964,
    0.9964642524719238
   ]
  ]
 },
 {
  "rotation_euler": [
   0.08411253243684769,
   0.0008077411912381649,
   2.037625312805176
  ],
  "euler_order": "XYZ",
  "rotation_matrix": [
   [
    -0.45005670189857483,
    -0.8898733854293823,
    0.07466170191764832
   ],
   [
    0.8929996490478516,
    -0.44840511679649353,
    0.03852955996990204
   ],
   [
    -0.0008077410748228431,
    0.08401335775852203,
    0.9964643120765686
   ]
  ]
 },
 {
  "rotation_euler": [
   0.08411295711994171,
   0.0008074376382865012,
   -1.8922866582870483
  ],
  "euler_order": "XYZ",
  "rotation_matrix": [
   [
    -0.31598079204559326,
    0.9453898668289185,
    -0.07996363937854767
   ],
   [
    -0.948765218257904,
    -0.3149281144142151,
    0.025783397257328033
   ],
   [
    -0.0008074375218711793,
    0.08401378244161606,
    0.9964642524719238
   ]
  ]
 },
 {
  "rotation_euler": [
   0.08411317318677902,
   0.0008073446806520224,
   -0.24656976759433746
  ],
  "euler_order": "XYZ",
  "rotation_matrix": [
   [
    0.9697550535202026,
    0.2432817667722702,
    -0.019725892692804337
   ],
   [
    -0.2440788298845291,
    0.9663103222846985,
    -0.0816694125533104
   ],
   [
    -0.0008073445642367005,
    0.08401399850845337,
    0.9964642524719238
   ]
  ]
 },
 {
  "rotation_euler": [
   0.08411288261413574,
   0.0008076473604887724,
   0.22827933728694916
  ],
  "euler_order": "XYZ",
  "rotation_matrix": [
   [
    0.9740568995475769,
    -0.22543567419052124,
    0.019796375185251236
   ],
   [
    0.22630175948143005,
    0.9706289172172546,
    -0.08165206015110016
   ],
   [
    -0.0008076472440734506,
    0.08401370793581009,
    0.9964642524719238
   ]
  ]
 },
 {
  "rotation_euler": [
   0.0841129794716835,
   0.0008074173820205033,
   -2.008589267730713
  ],
  "euler_order": "XYZ",
  "rotation_matrix": [
   [
    -0.4239414632320404,
    0.9024587869644165,
    -0.07643153518438339
   ],
   [
    -0.9056892395019531,
    -0.4225042164325714,
    0.03488827496767044
   ],
   [
    -0.0008074172656051815,
    0.08401380479335785,
    0.9964642524719238
   ]
  ]
 },
 {
  "rotation_euler": [
   0.08411279320716858,
   0.000807933509349823,
   -1.7325408458709717
  ],
  "euler_order": "XYZ",
  "rotation_matrix": [
   [
    -0.16104014217853546,
    0.9834476709365845,
    -0.08304673433303833
   ],
   [
    -0.9869475364685059,
    -0.16053785383701324,
    0.012735005468130112
   ],
   [
    -0.0008079333929345012,
    0.08401361852884293,
    0.9964642524719238
   ]
  ]
 },
 {
  "rotation_euler": [
   0.08411262184381485,
   0.0008077091770246625,
   -0.6337631344795227
  ],
  "euler_order": "XYZ",
  "rotation_matrix": [
   [
    0.8058044910430908,
    0.5901423692703247,
    -0.049102652817964554
   ],
   [
    -0.5921810865402222,
    0.8029157519340515,
    -0.06817507743835449
   ],
   [
    -0.0008077090606093407,
    0.0840134471654892,
    0.9964643120765686
   ]
  ]
 },
 {
  "rotation_euler": [
   0.08411294966936111,
   0.0008079771650955081,
   -0.572279155254364
  ],
  "euler_order": "XYZ",
  "rotation_matrix": [
   [
    0.8406686186790466,
    0.5396919250488281,
    -0.044820789247751236
   ],
   [
    -0.5415492653846741,
    0.837660014629364,
    -0.0710638016462326
   ],
   [
    -0.0008079770486801863,
    0.08401377499103546,
    0.9964642524719238
   ]
  ]
 }
]