[
 {
  "rotation_euler": [
   0.026848427951335907,
   -1.538195013999939,
   -3.003150701522827
  ],
  "euler_order": "XYZ",
  "rotation_matrix": [
   [
    -0.03228367120027542,
    0.1645246297121048,
    0.9858444929122925
   ],
   [
    -0.004498188849538565,
    -0.9863725900650024,
    0.16446545720100403
   ],
   [
    0.9994686245918274,
    0.0008750338456593454,
    0.03258379176259041
   ]
  ]
 },
 {
  "rotation_euler": [
   -0.03904149681329727,
   1.5405911207199097,
   1.1984466314315796
  ],
  "euler_order": "XYZ",
  "rotation_matrix": [
   [
    0.01098713744431734,
    -0.9449586868286133,
    0.3270051181316376
   ],
   [
    0.028131118044257164,
    0.32718753814697266,
    0.9445406198501587
   ],
   [
    -0.9995438456535339,
    -0.0011787776602432132,
    0.03017760068178177
   ]
  ]
 },
 {
  "rotation_euler": [
   -0.038565825670957565,
   1.540590763092041,
   1.919999599456787
  ],
  "euler_order": "XYZ",
  "rotation_matrix": [
   [
    -0.010333240032196045,
    -0.9257609248161316,
    -0.3779681324958801
   ],
   [
    0.028378209099173546,
    -0.37810757756233215,
    0.9253266453742981
   ],
   [
    -0.9995438456535339,
    -0.0011644366895779967,
    0.030178513377904892
   ]
  ]
 },
 {
  "rotation_euler": [
   -0.038661837577819824,
   1.5405910015106201,
   0.4733206629753113
  ],
  "euler_order": "XYZ",
  "rotation_matrix": [
   [
    0.026880448684096336,
    -0.48989081382751465,
    0.8713693022727966
   ],
   [
    0.013766834512352943,
    0.8717830181121826,
    0.48969873785972595
   ],
   [
    -0.9995438456535339,
    -0.001167324953712523,
    0.030178165063261986
   ]
  ]
 },
 {
  "rotation_euler": [
   -0.03851582482457161,
   1.540588617324829,
   -1.9712156057357788
  ],
  "euler_order": "XYZ",
  "rotation_matrix": [
   [
    -0.011773309670388699,
    0.9352177381515503,
    -0.35387733578681946
   ],
   [
    -0.027813978493213654,
    -0.3540711998939514,
    -0.9348047971725464
   ],
   [
    -0.9995437860488892,
    -0.0011630102526396513,
    0.030180715024471283
   ]
  ]
 },
 {
  "rotation_euler": [
   -0.03881801664829254,
   1.5405901670455933,
   3.082374095916748
  ],
  "euler_order": "XYZ",
  "rotation_matrix": [
   [
    -0.030148625373840332,
    -0.020416798070073128,
    -0.9993368983268738
   ],
   [
    0.0017874480690807104,
    -0.9997908473014832,
    0.020372148603200912
   ],
   [
    -0.9995438456535339,
    -0.0011720705078914762,
    0.030178815126419067
   ]
  ]
 },
 {
  "rotation_euler": [
   0.026753513142466545,
   -1.5381948947906494,
   2.7614336013793945
  ],
  "euler_order": "XYZ",
  "rotation_matrix": [
   [
    -0.030268510803580284,
    -0.346108078956604,
    0.9377062320709229
   ],
   [
    0.012095211073756218,
    -0.938194215297699,
    -0.34589776396751404
   ],
   [
    0.9994686245918274,
    0.0008719442994333804,
    0.032583992928266525
   ]
  ]
 },
 {
  "rotation_euler": [
   -0.03848164528608322,
   1.5405889749526978,
   1.8310215473175049
  ],
  "euler_order": "XYZ",
  "rotation_matrix": [
   [
    -0.007771115284413099,
    -0.9557223320007324,
    -0.29416728019714355
   ],
   [
    0.029185893014073372,
    -0.2942676246166229,
    0.9552773237228394
   ],
   [
    -0.9995437860488892,
    -0.0011619649594649673,
    0.030180398374795914
   ]
  ]
 },
 {
  "rotation_euler": [
   0.027031198143959045,
   -1.538195252418518,
   2.919294834136963
  ],
  "euler_order": "XYZ",
  "rotation_matrix": [
   [
    -0.03179324045777321,
    -0.19404210150241852,
    0.9804778695106506
   ],
   [
    0.007186334114521742,
    -0.9809927940368652,
    -0.19391098618507385
   ],
   [
    0.9994686245918274,
    0.0008809827268123627,
    0.03258339315652847
   ]
  ]
 },
 {
  "rotation_euler": [
   0.027092916890978813,
   -1.5381925106048584,
   2.6462793350219727
  ],
  "euler_order": "XYZ",
  "rotation_matrix": [
   [
    -0.028680402785539627,
    -0.4513115882873535,
    0.8919054269790649
   ],
   [
    0.0154940877109766,
    -0.8923659920692444,
    -0.4510464370250702
   ],
   [
    0.9994685649871826,
    0.0008830679580569267,
    0.032586075365543365
   ]
  ]
 },
 {
  "rotation_euler": [
   -0.038435012102127075,
   1.540590763092041,
   1.3278981447219849
  ],
  "euler_order": "XYZ",
  "rotation_matrix": [
   [
    0.007263838779181242,
    -0.9791659116744995,
    0.20293191075325012
   ],
   [
    0.029314421117305756,
    0.20305855572223663,
    0.9787276983261108
   ],
   [
    -0.9995438456535339,
    -0.0011604889295995235,
    0.03017866611480713
   ]
  ]
 },
 {
  "rotation_euler": [
   -0.03905409947037697,
   1.540590763092041,
   -1.501939296722412
  ],
  "euler_order": "XYZ",
  "rotation_matrix": [
   [
    0.002077906159684062,
    0.9941844940185547,
    0.10767045617103577
   ],
   [
    -0.03012940287590027,
    0.10768404603004456,
    -0.993728518486023
   ],
   [
    -0.9995438456535339,
    -0.001179171958938241,
    0.030177941545844078
   ]
  ]
 },
 {
  "rotation_euler": [
   0.02727339044213295,
   -1.5381947755813599,
   -2.2437925338745117
  ],
  "euler_order": "XYZ",
  "rotation_matrix": [
   [
    -0.020317981019616127,
    0.7986559867858887,
    0.6014447808265686
   ],
   [
    -0.025488512590527534,
    -0.6017872095108032,
    0.7982496619224548
   ],
   [
    0.9994686245918274,
    0.0008888871525414288,
    0.032583653926849365
   ]
  ]
 },
 {
  "rotation_euler": [
   0.8714258670806885,
   -1.5138397216796875,
   -1.791879653930664
  ],
  "euler_order": "XYZ",
  "rotation_matrix": [
   [
    -0.012483074329793453,
    0.7956043481826782,
    -0.6056879758834839
   ],
   [
    -0.05554026737809181,
    0.6042483448982239,
    0.7948579788208008
   ],
   [
    0.9983783960342407,
    0.04356234148144722,
    0.03664520010352135
   ]
  ]
 },
 {
  "rotation_euler": [
   0.0272452924400568,
   -1.5381948947906494,
   -2.345094680786133
  ],
  "euler_order": "XYZ",
  "rotation_matrix": [
   [
    -0.022791359573602676,
    0.7336843013763428,
    0.6791081428527832
   ],
   [
    -0.023303020745515823,
    -0.6794899106025696,
    0.7333146929740906
   ],
   [
    0.9994686245918274,
    0.0008879683446139097,
    0.032583560794591904
   ]
  ]
 },
 {
  "rotation_euler": [
   0.02686571329832077,
   -1.5381948947906494,
   -2.0757827758789062
  ],
  "euler_order": "XYZ",
  "rotation_matrix": [
   [
    -0.015769634395837784,
    0.887854278087616,
    0.45985448360443115
   ],
   [
    -0.02852710150182247,
    -0.4601239562034607,
    0.8873962759971619
   ],
   [
    0.9994686245918274,
    0.0008756002644076943,
    0.032583896070718765
   ]
  ]
 }
]