[
 {
  "rotation_euler": [
   0.0009432561928406358,
   -6.191324791871011e-05,
   3.136526584625244
  ],
  "euler_order": "XYZ",
  "rotation_matrix": [
   [
    -0.9999871850013733,
    -0.005065986420959234,
    6.669100548606366e-05
   ],
   [
    0.0050660474225878716,
    -0.9999867081642151,
    0.0009429302881471813
   ],
   [
    6.191324791871011e-05,
    0.000943256076425314,
    0.9999995827674866
   ]
  ]
 },
 {
  "rotation_euler": [
   0.0009349030442535877,
   -6.204227247508243e-05,
   1.056896686553955
  ],
  "euler_order": "XYZ",
  "rotation_matrix": [
   [
    0.4915769100189209,
    -0.8708338141441345,
    0.000783646828494966
   ],
   [
    0.8708341717720032,
    0.4915766417980194,
    -0.000513605191372335
   ],
   [
    6.204227247508243e-05,
    0.0009349029278382659,
    0.9999995827674866
   ]
  ]
 },
 {
  "rotation_euler": [
   0.0009687482961453497,
   -6.218147609615698e-05,
   -1.1063202619552612
  ],
  "euler_order": "XYZ",
  "rotation_matrix": [
   [
    0.4479544460773468,
    0.894055962562561,
    -0.0008939699037000537
   ],
   [
    -0.8940563797950745,
    0.4479542672634125,
    -0.000378361321054399
   ],
   [
    6.218147609615698e-05,
    0.000968748121522367,
    0.9999995231628418
   ]
  ]
 },
 {
  "rotation_euler": [
   0.0009338352247141302,
   -6.210989522514865e-05,
   2.8813345432281494
  ],
  "euler_order": "XYZ",
  "rotation_matrix": [
   [
    -0.9663236141204834,
    -0.2573298215866089,
    0.00030032198992557824
   ],
   [
    0.2573299705982208,
    -0.96632319688797,
    0.0008864041301421821
   ],
   [
    6.210989522514865e-05,
    0.0009338351082988083,
    0.9999995827674866
   ]
  ]
 },
 {
  "rotation_euler": [
   0.0009462469024583697,
   -6.199840572662652e-05,
   1.6811258792877197
  ],
  "euler_order": "XYZ",
  "rotation_matrix": [
   [
    -0.11010585725307465,
    -0.9939194321632385,
    0.0009473198442719877
   ],
   [
    0.993919849395752,
    -0.11010586470365524,
    4.256589090800844e-05
   ],
   [
    6.199840572662652e-05,
    0.0009462467860430479,
    0.9999995231628418
   ]
  ]
 },
 {
  "rotation_euler": [
   0.0009585120715200901,
   -5.319055344443768e-05,
   0.994411289691925
  ],
  "euler_order": "XYZ",
  "rotation_matrix": [
   [
    0.5449965596199036,
    -0.8384379148483276,
    0.0007746643968857825
   ],
   [
    0.8384382724761963,
    0.5449962615966797,
    -0.0005669827223755419
   ],
   [
    5.319055344443768e-05,
    0.0009585118968971074,
    0.9999995231628418
   ]
  ]
 },
 {
  "rotation_euler": [
   0.0009437043918296695,
   -6.183874938869849e-05,
   0.5494416356086731
  ],
  "euler_order": "XYZ",
  "rotation_matrix": [
   [
    0.8528162240982056,
    -0.522210955619812,
    0.00044007578981108963
   ],
   [
    0.5222111344337463,
    0.8528158068656921,
    -0.0008370991563424468
   ],
   [
    6.183874938869849e-05,
    0.0009437042754143476,
    0.9999995231628418
   ]
  ]
 },
 {
  "rotation_euler": [
   0.0011097514070570469,
   -0.00010131948511116207,
   -0.45819804072380066
  ],
  "euler_order": "XYZ",
  "rotation_matrix": [
   [
    0.8968510031700134,
    0.44233235716819763,
    -0.0005817476776428521
   ],
   [
    -0.44233274459838867,
    0.8968505263328552,
    -0.0009504645713604987
   ],
   [
    0.00010131948511116207,
    0.0011097511742264032,
    0.9999994039535522
   ]
  ]
 },
 {
  "rotation_euler": [
   0.0009438578854314983,
   -6.236775516299531e-05,
   0.35974276065826416
  ],
  "euler_order": "XYZ",
  "rotation_matrix": [
   [
    0.9359874129295349,
    -0.3520333766937256,
    0.0002738941111601889
   ],
   [
    0.35203346610069275,
    0.9359869956970215,
    -0.0009053944959305227
   ],
   [
    6.236775516299531e-05,
    0.0009438577690161765,
    0.9999995231628418
   ]
  ]
 },
 {
  "rotation_euler": [
   0.0009577348246239126,
   -6.192845467012376e-05,
   2.953639507293701
  ],
  "euler_order": "XYZ",
  "rotation_matrix": [
   [
    -0.9823887348175049,
    -0.18684834241867065,
    0.00023978906392585486
   ],
   [
    0.1868484765291214,
    -0.9823883175849915,
    0.0009292965405620635
   ],
   [
    6.192845467012376e-05,
    0.0009577346500009298,
    0.9999995231628418
   ]
  ]
 },
 {
  "rotation_euler": [
   0.0009696623310446739,
   -6.260912050493062e-05,
   -1.532076358795166
  ],
  "euler_order": "XYZ",
  "rotation_matrix": [
   [
    0.03871029242873192,
    0.9992499947547913,
    -0.0009713590261526406
   ],
   [
    -0.9992504715919495,
    0.0387103371322155,
    2.5026256480487064e-05
   ],
   [
    6.260912050493062e-05,
    0.0009696621564216912,
    0.9999995231628418
   ]
  ]
 },
 {
  "rotation_euler": [
   0.0009484133333899081,
   -6.170889537315816e-05,
   0.4554077088832855
  ],
  "euler_order": "XYZ",
  "rotation_matrix": [
   [
    0.8980817794799805,
    -0.43982836604118347,
    0.0003617195470724255
   ],
   [
    0.4398285150527954,
    0.898081362247467,
    -0.0008788939449004829
   ],
   [
    6.170889537315816e-05,
    0.0009484132169745862,
    0.9999995231628418
   ]
  ]
 },
 {
  "rotation_euler": [
   0.0009594497969374061,
   -6.228224810911343e-05,
   0.2607671618461609
  ],
  "euler_order": "XYZ",
  "rotation_matrix": [
   [
    0.9661924839019775,
    -0.25782179832458496,
    0.00018719048239290714
   ],
   [
    0.25782185792922974,
    0.9661920070648193,
    -0.0009430707432329655
   ],
   [
    6.228224810911343e-05,
    0.0009594496223144233,
    0.9999995231628418
   ]
  ]
 },
 {
  "rotation_euler": [
   0.0009479249129071832,
   -6.209239654708654e-05,
   -1.1554412841796875
  ],
  "euler_order": "XYZ",
  "rotation_matrix": [
   [
    0.4035148024559021,
    0.9149726629257202,
    -0.0008923808927647769
   ],
   [
    -0.9149731397628784,
    0.40351468324661255,
    -0.0003256888303440064
   ],
   [
    6.209239654708654e-05,
    0.0009479247964918613,
    0.9999995231628418
   ]
  ]
 },
 {
  "rotation_euler": [
   0.0009475257247686386,
   -6.199889321578667e-05,
   -1.8730400800704956
  ],
  "euler_order": "XYZ",
  "rotation_matrix": [
   [
    -0.29766300320625305,
    0.9546706080436707,
    -0.0008861204260028899
   ],
   [
    -0.9546710252761841,
    -0.2976628243923187,
    0.0003412318183109164
   ],
   [
    6.199889321578667e-05,
    0.0009475256083533168,
    0.9999995231628418
   ]
  ]
 },
 {
  "rotation_euler": [
   0.0009346629376523197,
   -6.218910857569426e-05,
   0.6377729177474976
  ],
  "euler_order": "XYZ",
  "rotation_matrix": [
   [
    0.8034237623214722,
    -0.5954074263572693,
    0.0005065411678515375
   ],
   [
    0.5954076051712036,
    0.8034234046936035,
    -0.0007879581535235047
   ],
   [
    6.218910857569426e-05,
    0.0009346628212369978,
    0.9999995827674866
   ]
  ]
 }
]