[
 {
  "rotation_euler": [
   -0.00015072087990120053,
   -3.3520396414132847e-07,
   2.5410749912261963
  ],
  "euler_order": "XYZ",
  "rotation_matrix": [
   [
    -0.8250432014465332,
    -0.5650696158409119,
    -8.489123865729198e-05
   ],
   [
    0.5650696158409119,
    -0.8250432014465332,
    -0.00012454064562916756
   ],
   [
    3.3520396414132847e-07,
    -0.00015072087990120053,
    1.0
   ]
  ]
 },
 {
  "rotation_euler": [
   -1.569218397140503,
   0.5122837424278259,
   -2.450751781463623
  ],
  "euler_order": "XYZ",
  "rotation_matrix": [
   [
    -0.6717723608016968,
    0.3787834346294403,
    0.6365885734558105
   ],
   [
    -0.5553882718086243,
    0.31111210584640503,
    -0.7712023854255676
   ],
   [
    -0.49016910791397095,
    -0.8716262578964233,
    0.0013753661187365651
   ]
  ]
 },
 {
  "rotation_euler": [
   -0.00015078186697792262,
   -2.0945475398548297e-07,
   2.4177463054656982
  ],
  "euler_order": "XYZ",
  "rotation_matrix": [
   [
    -0.7492639422416687,
    -0.6622714996337891,
    -9.970159590011463e-05
   ],
   [
    0.6622714996337891,
    -0.7492639422416687,
    -0.00011311413254588842
   ],
   [
    2.0945475398548297e-07,
    -0.00015078186697792262,
    1.0
   ]
  ]
 },
 {
  "rotation_euler": [
   1.5707964897155762,
   0.5143022537231445,
   2.1873631477355957
  ],
  "euler_order": "XYZ",
  "rotation_matrix": [
   [
    -0.5034345388412476,
    -0.28445079922676086,
    0.8158684968948364
   ],
   [
    0.7103245854377747,
    0.40134820342063904,
    0.5782374739646912
   ],
   [
    -0.49192747473716736,
    0.8706361651420593,
    -1.4184463736910402e-07
   ]
  ]
 },
 {
  "rotation_euler": [
   -0.00015233243175316602,
   2.9420396003843052e-06,
   1.7857043743133545
  ],
  "euler_order": "XYZ",
  "rotation_matrix": [
   [
    -0.2132575958967209,
    -0.9769960045814514,
    -0.00014945559087209404
   ],
   [
    0.9769960045814514,
    -0.2132575958967209,
    -2.9611686841235496e-05
   ],
   [
    -2.9420396003843052e-06,
    -0.00015233243175316602,
    1.0
   ]
  ]
 },
 {
  "rotation_euler": [
   -0.00015427979815285653,
   8.360203764823382e-07,
   -1.570725440979004
  ],
  "euler_order": "XYZ",
  "rotation_matrix": [
   [
    7.088581332936883e-05,
    1.0,
    0.00015427985636051744
   ],
   [
    -1.0,
    7.088594429660589e-05,
    -8.250841005974507e-07
   ],
   [
    -8.360203764823382e-07,
    -0.00015427979815285653,
    1.0
   ]
  ]
 },
 {
  "rotation_euler": [
   -0.00015167240053415298,
   1.4583768006559694e-06,
   2.084712505340576
  ],
  "euler_order": "XYZ",
  "rotation_matrix": [
   [
    -0.49159130454063416,
    -0.870826005935669,
    -0.0001327971986029297
   ],
   [
    0.870826005935669,
    -0.49159130454063416,
    -7.329084473894909e-05
   ],
   [
    -1.4583768006559694e-06,
    -0.00015167240053415298,
    1.0
   ]
  ]
 },
 {
  "rotation_euler": [
   -1.570793867111206,
   0.5142969489097595,
   0.5926984548568726
  ],
  "euler_order": "XYZ",
  "rotation_matrix": [
   [
    0.7221394181251526,
    -0.4080200791358948,
    -0.5586002469062805
   ],
   [
    0.4863399267196655,
    -0.27478668093681335,
    0.8294370174407959
   ],
   [
    -0.49192285537719727,
    -0.8706387877464294,
    2.1414959974208614e-06
   ]
  ]
 },
 {
  "rotation_euler": [
   -0.00015201073256321251,
   2.008755018323427e-06,
   2.575131893157959
  ],
  "euler_order": "XYZ",
  "rotation_matrix": [
   [
    -0.8438056111335754,
    -0.5366489887237549,
    -8.327140676556155e-05
   ],
   [
    0.5366489887237549,
    -0.8438055515289307,
    -0.00012718950165435672
   ],
   [
    -2.008755018323427e-06,
    -0.00015201073256321251,
    1.0
   ]
  ]
 },
 {
  "rotation_euler": [
   0.005617430899292231,
   0.000635990989394486,
   -1.0187709331512451
  ],
  "euler_order": "XYZ",
  "rotation_matrix": [
   [
    0.5244127511978149,
    0.8514525890350342,
    -0.0044494993053376675
   ],
   [
    -0.8514639735221863,
    0.5244015455245972,
    -0.003487352514639497
   ],
   [
    -0.000635990931186825,
    0.005617400165647268,
    0.9999840259552002
   ]
  ]
 },
 {
  "rotation_euler": [
   -0.00015054088726174086,
   -7.139353783713887e-07,
   -0.8673651218414307
  ],
  "euler_order": "XYZ",
  "rotation_matrix": [
   [
    0.6468382477760315,
    0.7626272439956665,
    0.0001143447807407938
   ],
   [
    -0.7626272439956665,
    0.6468381881713867,
    9.792006312636659e-05
   ],
   [
    7.139353783713887e-07,
    -0.00015054088726174086,
    1.0
   ]
  ]
 },
 {
  "rotation_euler": [
   -8.565669122617692e-05,
   0.0008122608996927738,
   2.7505035400390625
  ],
  "euler_order": "XYZ",
  "rotation_matrix": [
   [
    -0.9244941473007202,
    -0.38119545578956604,
    -0.0007835825672373176
   ],
   [
    0.38119539618492126,
    -0.9244944453239441,
    0.00023044104455038905
   ],
   [
    -0.000812260783277452,
    -8.565666212234646e-05,
    0.9999996423721313
   ]
  ]
 },
 {
  "rotation_euler": [
   -0.00015047290071379393,
   3.0940248052502284e-06,
   0.31537842750549316
  ],
  "euler_order": "XYZ",
  "rotation_matrix": [
   [
    0.9506790637969971,
    -0.3101762533187866,
    -4.373169576865621e-05
   ],
   [
    0.3101762533187866,
    0.9506790637969971,
    0.00014401112275663763
   ],
   [
    -3.0940248052502284e-06,
    -0.00015047290071379393,
    1.0
   ]
  ]
 },
 {
  "rotation_euler": [
   -1.5707964897155762,
   0.5143018364906311,
   0.9751812815666199
  ],
  "euler_order": "XYZ",
  "rotation_matrix": [
   [
    0.48844268918037415,
    -0.2759798467159271,
    -0.8278036713600159
   ],
   [
    0.7207159399986267,
    -0.40721914172172546,
    0.5610179305076599
   ],
   [
    -0.4919271171092987,
    -0.8706364035606384,
    -1.4184466579081345e-07
   ]
  ]
 },
 {
  "rotation_euler": [
   -0.0001457201869925484,
   3.128649404970929e-05,
   -1.4372098445892334
  ],
  "euler_order": "XYZ",
  "rotation_matrix": [
   [
    0.13318951427936554,
    0.9910905957221985,
    0.00014858893700875342
   ],
   [
    -0.9910905957221985,
    0.13318952918052673,
    -1.159934799943585e-05
   ],
   [
    -3.128649404970929e-05,
    -0.0001457201869925484,
    1.0
   ]
  ]
 },
 {
  "rotation_euler": [
   1.5707963705062866,
   2.627291202545166,
   -0.03104659542441368
  ],
  "euler_order": "XYZ",
  "rotation_matrix": [
   [
    -0.8702170252799988,
    0.4916897118091583,
    -0.03104162961244583
   ],
   [
    0.02702595852315426,
    -0.015270242467522621,
    -0.999518096446991
   ],
   [
    -0.49192678928375244,
    -0.8706365823745728,
    3.8056732876157184e-08
   ]
  ]
 }
]