[
 {
  "rotation_euler": [
   -1.4243838787078857,
   1.528650164604187,
   -0.1559007316827774
  ],
  "euler_order": "XYZ",
  "rotation_matrix": [
   [
    0.04162269085645676,
    -0.9537824988365173,
    0.29760128259658813
   ],
   [
    -0.00654209591448307,
    0.2975928783416748,
    0.9546704292297363
   ],
   [
    -0.9991120100021362,
    -0.0416828915476799,
    0.006146879866719246
   ]
  ]
 },
 {
  "rotation_euler": [
   0.05584786832332611,
   0.026135800406336784,
   2.226139545440674
  ],
  "euler_order": "XYZ",
  "rotation_matrix": [
   [
    -0.6092232465744019,
    -0.7924916744232178,
    0.028354009613394737
   ],
   [
    0.792568027973175,
    -0.6073247194290161,
    0.05470456928014755
   ],
   [
    -0.026132825762033463,
    0.055799778550863266,
    0.9980999231338501
   ]
  ]
 },
 {
  "rotation_euler": [
   1.7177518606185913,
   1.731082558631897,
   -0.6855869293212891
  ],
  "euler_order": "XYZ",
  "rotation_matrix": [
   [
    -0.12353859096765518,
    0.6631823182106018,
    -0.7381919622421265
   ],
   [
    0.10104762762784958,
    -0.7316166758537292,
    -0.6741857528686523
   ],
   [
    -0.9871816635131836,
    -0.1578805148601532,
    0.023369889706373215
   ]
  ]
 },
 {
  "rotation_euler": [
   -1.4915424585342407,
   1.3193025588989258,
   -0.9466238617897034
  ],
  "euler_order": "XYZ",
  "rotation_matrix": [
   [
    0.14543499052524567,
    -0.5000211596488953,
    0.8537139296531677
   ],
   [
    -0.20192942023277283,
    0.8297229409217834,
    0.5203694701194763
   ],
   [
    -0.9685418009757996,
    -0.2480698823928833,
    0.019701765850186348
   ]
  ]
 },
 {
  "rotation_euler": [
   -1.1813117265701294,
   1.4938085079193115,
   -1.0252180099487305
  ],
  "euler_order": "XYZ",
  "rotation_matrix": [
   [
    0.039910491555929184,
    -0.154038667678833,
    0.9872584342956543
   ],
   [
    -0.06574629992246628,
    0.9854996204376221,
    0.15642207860946655
   ],
   [
    -0.9970378875732422,
    -0.07115147262811661,
    0.02920430339872837
   ]
  ]
 },
 {
  "rotation_euler": [
   0.002704136073589325,
   -0.03011847287416458,
   -1.5178598165512085
  ],
  "euler_order": "XYZ",
  "rotation_matrix": [
   [
    0.05288779363036156,
    0.9985912442207336,
    -0.0042937202379107475
   ],
   [
    -0.9981462955474854,
    0.052992913872003555,
    0.02992854453623295
   ],
   [
    0.03011391870677471,
    0.002702906494960189,
    0.9995428323745728
   ]
  ]
 },
 {
  "rotation_euler": [
   -1.1750553846359253,
   1.4954404830932617,
   1.1667107343673706
  ],
  "euler_order": "XYZ",
  "rotation_matrix": [
   [
    0.0296002384275198,
    -0.7162056565284729,
    -0.6972612738609314
   ],
   [
    0.06922130286693573,
    -0.6944234371185303,
    0.7162293195724487
   ],
   [
    -0.9971621036529541,
    -0.06946589052677155,
    0.02902158722281456
   ]
  ]
 },
 {
  "rotation_euler": [
   1.847083330154419,
   -1.3649183511734009,
   -0.621660590171814
  ],
  "euler_order": "XYZ",
  "rotation_matrix": [
   [
    0.16618099808692932,
    -0.9244329333305359,
    -0.3432311713695526
   ],
   [
    -0.11905520409345627,
    0.32671576738357544,
    -0.9375940561294556
   ],
   [
    0.9788818955421448,
    0.19667378067970276,
    -0.05576460435986519
   ]
  ]
 },
 {
  "rotation_euler": [
   -1.1809290647506714,
   1.4939095973968506,
   -1.0098624229431152
  ],
  "euler_order": "XYZ",
  "rotation_matrix": [
   [
    0.04086169973015785,
    -0.16877982020378113,
    0.9848064184188843
   ],
   [
    -0.06504037976264954,
    0.9830898642539978,
    0.17118428647518158
   ],
   [
    -0.9970456957817078,
    -0.07104706019163132,
    0.029193220660090446
   ]
  ]
 },
 {
  "rotation_euler": [
   0.040560781955718994,
   0.011658401228487492,
   2.764177083969116
  ],
  "euler_order": "XYZ",
  "rotation_matrix": [
   [
    -0.9295569658279419,
    -0.3686555325984955,
    0.004114601761102676
   ],
   [
    0.3684941232204437,
    -0.9286813735961914,
    0.041988495737314224
   ],
   [
    -0.0116581367328763,
    0.040546905249357224,
    0.9991096258163452
   ]
  ]
 },
 {
  "rotation_euler": [
   1.9600187540054321,
   1.6478852033615112,
   -0.5916786789894104
  ],
  "euler_order": "XYZ",
  "rotation_matrix": [
   [
    -0.06392084062099457,
    0.553993284702301,
    -0.8300635814666748
   ],
   [
    0.04295414313673973,
    -0.8294664025306702,
    -0.5569025278091431
   ],
   [
    -0.9970301389694214,
    -0.07125234603881836,
    0.029223883524537086
   ]
  ]
 },
 {
  "rotation_euler": [
   1.9726722240447998,
   1.6446198225021362,
   0.792352557182312
  ],
  "euler_order": "XYZ",
  "rotation_matrix": [
   [
    -0.05178973823785782,
    0.9229676127433777,
    0.38137730956077576
   ],
   [
    -0.05251512676477432,
    0.3788444399833679,
    -0.9239692091941833
   ],
   [
    -0.9972763061523438,
    -0.06788019835948944,
    0.02884950488805771
   ]
  ]
 },
 {
  "rotation_euler": [
   0.009182075969874859,
   -0.017247265204787254,
   -1.9477936029434204
  ],
  "euler_order": "XYZ",
  "rotation_matrix": [
   [
    -0.36807551980018616,
    0.9297932982444763,
    -0.0021884795278310776
   ],
   [
    -0.9296359419822693,
    -0.36796751618385315,
    0.019414743408560753
   ],
   [
    0.017246410250663757,
    0.009180581197142601,
    0.9998091459274292
   ]
  ]
 },
 {
  "rotation_euler": [
   0.0001712414959911257,
   -0.048374637961387634,
   -0.7700413465499878
  ],
  "euler_order": "XYZ",
  "rotation_matrix": [
   [
    0.717042088508606,
    0.6961589455604553,
    -0.034832946956157684
   ],
   [
    -0.6953505277633667,
    0.7178876399993896,
    0.03354066237807274
   ],
   [
    0.04835577309131622,
    0.000171041174326092,
    0.9988301396369934
   ]
  ]
 },
 {
  "rotation_euler": [
   -1.174149513244629,
   1.4956797361373901,
   0.4930318295955658
  ],
  "euler_order": "XYZ",
  "rotation_matrix": [
   [
    0.06610813736915588,
    -0.9930673241615295,
    -0.09719551354646683
   ],
   [
    0.03551916778087616,
    -0.09500480443239212,
    0.9948429465293884
   ],
   [
    -0.9971801042556763,
    -0.06921952217817307,
    0.028992334380745888
   ]
  ]
 },
 {
  "rotation_euler": [
   0.00041738341678865254,
   -0.04284995049238205,
   -0.4640507996082306
  ],
  "euler_order": "XYZ",
  "rotation_matrix": [
   [
    0.8934259414672852,
    0.4475581645965576,
    -0.03849351406097412
   ],
   [
    -0.44716334342956543,
    0.894254744052887,
    0.018799418583512306
   ],
   [
    0.042836837470531464,
    0.0004170002939645201,
    0.9990819692611694
   ]
  ]
 }
]