[
 {
  "rotation_euler": [
   0.00024711378500796854,
   0.00023236517154145986,
   -2.093189239501953
  ],
  "euler_order": "XYZ",
  "rotation_matrix": [
   [
    -0.49895530939102173,
    0.8666276335716248,
    -0.0003300954995211214
   ],
   [
    -0.8666276931762695,
    -0.4989553689956665,
    -7.807534711901098e-05
   ],
   [
    -0.00023236517154145986,
    0.00024711378500796854,
    0.9999999403953552
   ]
  ]
 },
 {
  "rotation_euler": [
   0.00020497328659985214,
   0.0002345026150578633,
   0.8208497762680054
  ],
  "euler_order": "XYZ",
  "rotation_matrix": [
   [
    0.6815996170043945,
    -0.73172527551651,
    0.00030982104362919927
   ],
   [
    0.73172527551651,
    0.6815996766090393,
    3.18817728839349e-05
   ],
   [
    -0.0002345026150578633,
    0.00020497328659985214,
    0.9999999403953552
   ]
  ]
 },
 {
  "rotation_euler": [
   -0.00910180900245905,
   -0.008140314370393753,
   2.514840841293335
  ],
  "euler_order": "XYZ",
  "rotation_matrix": [
   [
    -0.8099100589752197,
    -0.5865527391433716,
    0.0012545028002932668
   ],
   [
    0.5864976048469543,
    -0.8098598718643188,
    -0.01214597187936306
   ],
   [
    0.008140224032104015,
    -0.0091013815253973,
    0.999925434589386
   ]
  ]
 },
 {
  "rotation_euler": [
   2.463268518447876,
   1.3715097904205322,
   -0.2476319521665573
  ],
  "euler_order": "XYZ",
  "rotation_matrix": [
   [
    0.19193106889724731,
    0.4054594933986664,
    -0.8937366008758545
   ],
   [
    -0.04852420464158058,
    -0.9056329131126404,
    -0.42127713561058044
   ],
   [
    -0.9802080988883972,
    0.12422402948141098,
    -0.1541444957256317
   ]
  ]
 },
 {
  "rotation_euler": [
   0.0002472640189807862,
   0.00023193794186227024,
   2.5379390716552734
  ],
  "euler_order": "XYZ",
  "rotation_matrix": [
   [
    -0.8232671022415161,
    -0.5676541328430176,
    -5.058644092059694e-05
   ],
   [
    0.5676541328430176,
    -0.8232671022415161,
    0.00033522487501613796
   ],
   [
    -0.00023193794186227024,
    0.0002472640189807862,
    0.9999999403953552
   ]
  ]
 },
 {
  "rotation_euler": [
   -0.4876348376274109,
   -1.710983395576477,
   0.38639751076698303
  ],
  "euler_order": "XYZ",
  "rotation_matrix": [
   [
    -0.12942655384540558,
    0.09680695086717606,
    -0.9868521690368652
   ],
   [
    -0.05265718698501587,
    0.9931476712226868,
    0.10433056205511093
   ],
   [
    0.9901898503303528,
    0.06546799838542938,
    -0.12344210594892502
   ]
  ]
 },
 {
  "rotation_euler": [
   -0.6176446080207825,
   1.697468638420105,
   1.8647751808166504
  ],
  "euler_order": "XYZ",
  "rotation_matrix": [
   [
    0.03660682588815689,
    -0.613807737827301,
    -0.7886064052581787
   ],
   [
    -0.12091391533613205,
    -0.7860581278800964,
    0.6062115430831909
   ],
   [
    -0.9919877648353577,
    0.0731620043516159,
    -0.10299298912286758
   ]
  ]
 },
 {
  "rotation_euler": [
   0.0002405241539236158,
   0.00023255593259818852,
   3.0822699069976807
  ],
  "euler_order": "XYZ",
  "rotation_matrix": [
   [
    -0.9982408881187439,
    -0.059288013726472855,
    -0.0002178866561735049
   ],
   [
    0.05928795784711838,
    -0.9982408881187439,
    0.00025388880749233067
   ],
   [
    -0.00023255593259818852,
    0.00024052413937170058,
    0.9999999403953552
   ]
  ]
 },
 {
  "rotation_euler": [
   -1.3431510925292969,
   0.7616770267486572,
   0.20615975558757782
  ],
  "euler_order": "XYZ",
  "rotation_matrix": [
   [
    0.708355188369751,
    -0.7042918801307678,
    -0.04696670174598694
   ],
   [
    0.14813902974128723,
    0.08327729254961014,
    0.9854540824890137
   ],
   [
    -0.6901360154151917,
    -0.7050091028213501,
    0.16332301497459412
   ]
  ]
 },
 {
  "rotation_euler": [
   0.00021798445959575474,
   0.0002356196055188775,
   2.518860340118408
  ],
  "euler_order": "XYZ",
  "rotation_matrix": [
   [
    -0.8122878074645996,
    -0.5832567811012268,
    -6.425003084586933e-05
   ],
   [
    0.583256721496582,
    -0.8122878074645996,
    0.0003144928487017751
   ],
   [
    -0.0002356196055188775,
    0.00021798444504383951,
    0.9999999403953552
   ]
  ]
 },
 {
  "rotation_euler": [
   0.002356758341193199,
   -0.0019915939774364233,
   -0.7624292373657227
  ],
  "euler_order": "XYZ",
  "rotation_matrix": [
   [
    0.7231588959693909,
    0.690674901008606,
    -0.0030680017080157995
   ],
   [
    -0.6906788349151611,
    0.7231615781784058,
    -0.0003287627187091857
   ],
   [
    0.0019915925804525614,
    0.002356751589104533,
    0.999995231628418
   ]
  ]
 },
 {
  "rotation_euler": [
   0.00022129720309749246,
   0.00023081825929693878,
   2.3406612873077393
  ],
  "euler_order": "XYZ",
  "rotation_matrix": [
   [
    -0.6960382461547852,
    -0.7180047035217285,
    -1.7659165223449236e-06
   ],
   [
    0.7180046439170837,
    -0.6960382461547852,
    0.00031975991441868246
   ],
   [
    -0.00023081825929693878,
    0.00022129718854557723,
    0.9999999403953552
   ]
  ]
 },
 {
  "rotation_euler": [
   0.0002408070140518248,
   0.00023346260422840714,
   -3.05466365814209
  ],
  "euler_order": "XYZ",
  "rotation_matrix": [
   [
    -0.996224045753479,
    0.08681949973106384,
    -0.0002534878149162978
   ],
   [
    -0.08681955188512802,
    -0.996224045753479,
    0.000219628622289747
   ],
   [
    -0.00023346260422840714,
    0.00024080699949990958,
    0.9999999403953552
   ]
  ]
 },
 {
  "rotation_euler": [
   0.00022605122649110854,
   0.00023008121934253722,
   2.19690203666687
  ],
  "euler_order": "XYZ",
  "rotation_matrix": [
   [
    -0.5859935879707336,
    -0.8103156685829163,
    4.834673381992616e-05
   ],
   [
    0.8103156685829163,
    -0.5859935283660889,
    0.0003189029812347144
   ],
   [
    -0.00023008121934253722,
    0.0002260512119391933,
    0.9999999403953552
   ]
  ]
 },
 {
  "rotation_euler": [
   0.00021925030159763992,
   0.00023264021729119122,
   -2.5934653282165527
  ],
  "euler_order": "XYZ",
  "rotation_matrix": [
   [
    -0.8535018563270569,
    0.5210897326469421,
    -0.0003128079406451434
   ],
   [
    -0.5210897922515869,
    -0.8535018563270569,
    6.59040961181745e-05
   ],
   [
    -0.00023264021729119122,
    0.0002192502870457247,
    0.9999999403953552
   ]
  ]
 },
 {
  "rotation_euler": [
   0.00022092292783781886,
   0.00022761558648198843,
   0.5384583473205566
  ],
  "euler_order": "XYZ",
  "rotation_matrix": [
   [
    0.8585002422332764,
    -0.5128130316734314,
    0.00030870019691064954
   ],
   [
    0.5128130912780762,
    0.8585003018379211,
    -7.293814269360155e-05
   ],
   [
    -0.00022761558648198843,
    0.00022092291328590363,
    0.9999999403953552
   ]
  ]
 }
]