[
 {
  "rotation_euler": [
   -1.0172052383422852,
   -1.4149000644683838,
   -0.8349419832229614
  ],
  "euler_order": "XYZ",
  "rotation_matrix": [
   [
    0.10421745479106903,
    0.9537569880485535,
    0.2819332778453827
   ],
   [
    -0.11509177088737488,
    -0.27000692486763,
    0.9559550881385803
   ],
   [
    0.9878727793693542,
    -0.13207539916038513,
    0.08163014054298401
   ]
  ]
 },
 {
  "rotation_euler": [
   2.194344997406006,
   1.7110499143600464,
   0.4778003692626953
  ],
  "euler_order": "XYZ",
  "rotation_matrix": [
   [
    -0.12413845211267471,
    0.9823186993598938,
    -0.14014121890068054
   ],
   [
    -0.0642811581492424,
    -0.14889836311340332,
    -0.9867609739303589
   ],
   [
    -0.9901805520057678,
    -0.11348654329776764,
    0.08162859827280045
   ]
  ]
 },
 {
  "rotation_euler": [
   -0.947245717048645,
   1.4305421113967896,
   -2.2459819316864014
  ],
  "euler_order": "XYZ",
  "rotation_matrix": [
   [
    -0.08737767487764359,
    0.9582367539405823,
    0.27230021357536316
   ],
   [
    -0.10912258923053741,
    0.2624937891960144,
    -0.9587435722351074
   ],
   [
    -0.990180492401123,
    -0.1134868934750557,
    0.081629179418087
   ]
  ]
 },
 {
  "rotation_euler": [
   2.1243863105773926,
   -1.7266929149627686,
   0.0962766706943512
  ],
  "euler_order": "XYZ",
  "rotation_matrix": [
   [
    -0.1545468419790268,
    -0.7858963012695312,
    0.5987339019775391
   ],
   [
    -0.014925398863852024,
    -0.6040886044502258,
    -0.7967773675918579
   ],
   [
    0.9878727197647095,
    -0.13207577168941498,
    0.0816301628947258
   ]
  ]
 },
 {
  "rotation_euler": [
   2.124387264251709,
   -1.7266931533813477,
   0.03104216605424881
  ],
  "euler_order": "XYZ",
  "rotation_matrix": [
   [
    -0.1551913022994995,
    -0.8236035704612732,
    0.5455206632614136
   ],
   [
    -0.004819022491574287,
    -0.5515732765197754,
    -0.8341125249862671
   ],
   [
    0.9878726601600647,
    -0.13207589089870453,
    0.0816304162144661
   ]
  ]
 },
 {
  "rotation_euler": [
   -0.9472458958625793,
   1.430542230606079,
   -2.2926974296569824
  ],
  "euler_order": "XYZ",
  "rotation_matrix": [
   [
    -0.09237813204526901,
    0.9694494009017944,
    0.22723142802715302
   ],
   [
    -0.10492303967475891,
    0.21745938062667847,
    -0.9704136252403259
   ],
   [
    -0.990180492401123,
    -0.11348681151866913,
    0.08162909001111984
   ]
  ]
 },
 {
  "rotation_euler": [
   -1.4743597507476807,
   -1.468034267425537,
   -1.6251181364059448
  ],
  "euler_order": "XYZ",
  "rotation_matrix": [
   [
    -0.0055696615017950535,
    0.04238741472363472,
    0.9990857243537903
   ],
   [
    -0.10242997854948044,
    -0.993870198726654,
    0.04159511625766754
   ],
   [
    0.9947246313095093,
    -0.10210465639829636,
    0.009877262637019157
   ]
  ]
 },
 {
  "rotation_euler": [
   -0.9472458958625793,
   1.4305419921875,
   1.1716171503067017
  ],
  "euler_order": "XYZ",
  "rotation_matrix": [
   [
    0.05433301255106926,
    -0.850435197353363,
    -0.523266613483429
   ],
   [
    0.12880432605743408,
    -0.5136932134628296,
    0.8482503890991211
   ],
   [
    -0.990180492401123,
    -0.11348699778318405,
    0.08162922412157059
   ]
  ]
 },
 {
  "rotation_euler": [
   -0.9472458362579346,
   1.4305423498153687,
   1.3111858367919922
  ],
  "euler_order": "XYZ",
  "rotation_matrix": [
   [
    0.035885848104953766,
    -0.7707027196884155,
    -0.6361835598945618
   ],
   [
    0.13511009514331818,
    -0.627007246017456,
    0.7672073841094971
   ],
   [
    -0.9901805520057678,
    -0.11348670721054077,
    0.08162902295589447
   ]
  ]
 },
 {
  "rotation_euler": [
   -1.0172070264816284,
   -1.4148998260498047,
   2.20949125289917
  ],
  "euler_order": "XYZ",
  "rotation_matrix": [
   [
    -0.09256140887737274,
    -0.9230656623840332,
    -0.3733392357826233
   ],
   [
    0.12465893477201462,
    0.36125585436820984,
    -0.9240965247154236
   ],
   [
    0.9878727197647095,
    -0.13207575678825378,
    0.08163002878427505
   ]
  ]
 },
 {
  "rotation_euler": [
   -0.5580026507377625,
   0.004994803573936224,
   -0.5908887386322021
  ],
  "euler_order": "XYZ",
  "rotation_matrix": [
   [
    0.8304355144500732,
    0.47039905190467834,
    0.29849883913993835
   ],
   [
    -0.5570923686027527,
    0.7059525847434998,
    0.4373546838760376
   ],
   [
    -0.004994782619178295,
    -0.5294862985610962,
    0.8483037948608398
   ]
  ]
 },
 {
  "rotation_euler": [
   2.1943488121032715,
   1.7110505104064941,
   0.5586209297180176
  ],
  "euler_order": "XYZ",
  "rotation_matrix": [
   [
    -0.11854416131973267,
    0.991132915019989,
    -0.060023725032806396
   ],
   [
    -0.07409366220235825,
    -0.06911100447177887,
    -0.994853675365448
   ],
   [
    -0.990180492401123,
    -0.11348671466112137,
    0.08162937313318253
   ]
  ]
 },
 {
  "rotation_euler": [
   -0.9472452402114868,
   1.4305427074432373,
   0.8487696647644043
  ],
  "euler_order": "XYZ",
  "rotation_matrix": [
   [
    0.0923909917473793,
    -0.9694768786430359,
    -0.2271089106798172
   ],
   [
    0.10491108894348145,
    -0.21733707189559937,
    0.9704422950744629
   ],
   [
    -0.9901805520057678,
    -0.11348637193441391,
    0.08162888884544373
   ]
  ]
 },
 {
  "rotation_euler": [
   -0.5580016374588013,
   0.004993479698896408,
   2.9020144939422607
  ],
  "euler_order": "XYZ",
  "rotation_matrix": [
   [
    -0.9714260697364807,
    -0.19873058795928955,
    -0.12975971400737762
   ],
   [
    0.2372898906469345,
    -0.824712872505188,
    -0.5133635997772217
   ],
   [
    -0.004993458744138479,
    -0.5294854044914246,
    0.8483043313026428
   ]
  ]
 },
 {
  "rotation_euler": [
   2.1243879795074463,
   -1.7266929149627686,
   -0.4829256534576416
  ],
  "euler_order": "XYZ",
  "rotation_matrix": [
   [
    -0.13750968873500824,
    -0.9883679747581482,
    0.06496047228574753
   ],
   [
    0.0721011608839035,
    -0.07539764791727066,
    -0.9945434331893921
   ],
   [
    0.9878727197647095,
    -0.13207563757896423,
    0.08163038641214371
   ]
  ]
 },
 {
  "rotation_euler": [
   -0.9472474455833435,
   1.4305429458618164,
   1.6188558340072632
  ],
  "euler_order": "XYZ",
  "rotation_matrix": [
   [
    -0.006715845316648483,
    -0.544628381729126,
    -0.8386505842208862
   ],
   [
    0.13963259756565094,
    -0.8309637904167175,
    0.5385183095932007
   ],
   [
    -0.9901806116104126,
    -0.11348635703325272,
    0.08162850141525269
   ]
  ]
 }
]