[
 {
  "rotation_euler": [
   0.057433128356933594,
   0.005251331254839897,
   -1.1360290050506592
  ],
  "euler_order": "XYZ",
  "rotation_matrix": [
   [
    0.42119356989860535,
    0.9055995941162109,
    -0.04985317960381508
   ],
   [
    -0.9069555401802063,
    0.42023149132728577,
    -0.028932416811585426
   ],
   [
    -0.005251307040452957,
    0.057400766760110855,
    0.9983373880386353
   ]
  ]
 },
 {
  "rotation_euler": [
   -0.027755126357078552,
   0.028069959953427315,
   3.0401012897491455
  ],
  "euler_order": "XYZ",
  "rotation_matrix": [
   [
    -0.994462251663208,
    -0.10050331801176071,
    -0.030722806230187416
   ],
   [
    0.10127730667591095,
    -0.9945499300956726,
    -0.024766257032752037
   ],
   [
    -0.028066273778676987,
    -0.027740631252527237,
    0.9992210865020752
   ]
  ]
 },
 {
  "rotation_euler": [
   1.8078633546829224,
   1.023856282234192,
   1.1338567733764648
  ],
  "euler_order": "XYZ",
  "rotation_matrix": [
   [
    0.22007983922958374,
    0.5641161799430847,
    0.7958252429962158
   ],
   [
    0.47121545672416687,
    0.6528493762016296,
    -0.5930798053741455
   ],
   [
    -0.8541199564933777,
    0.505530059337616,
    -0.1221412792801857
   ]
  ]
 },
 {
  "rotation_euler": [
   1.4486618041992188,
   0.8892163634300232,
   -0.059346672147512436
  ],
  "euler_order": "XYZ",
  "rotation_matrix": [
   [
    0.6289116144180298,
    0.7766624689102173,
    0.03557480871677399
   ],
   [
    -0.037367694079875946,
    0.07589944452047348,
    -0.9964150190353394
   ],
   [
    -0.7765783071517944,
    0.6253276467323303,
    0.07675612717866898
   ]
  ]
 },
 {
  "rotation_euler": [
   -1.7011302709579468,
   1.228090763092041,
   -0.5486024618148804
  ],
  "euler_order": "XYZ",
  "rotation_matrix": [
   [
    0.28672459721565247,
    -0.8645967841148376,
    0.4126273989677429
   ],
   [
    -0.17524147033691406,
    0.3761105537414551,
    0.9098523259162903
   ],
   [
    -0.9418489336967468,
    -0.33318647742271423,
    -0.0436730794608593
   ]
  ]
 },
 {
  "rotation_euler": [
   -0.0008353804587386549,
   0.022690581157803535,
   -2.35847806930542
  ],
  "euler_order": "XYZ",
  "rotation_matrix": [
   [
    -0.708537220954895,
    0.7055034041404724,
    -0.015490522608160973
   ],
   [
    -0.7053086161613464,
    -0.7087060809135437,
    -0.01659865491092205
   ],
   [
    -0.02268863469362259,
    -0.0008351653232239187,
    0.9997422099113464
   ]
  ]
 },
 {
  "rotation_euler": [
   -2.103592872619629,
   0.9547902345657349,
   1.016680121421814
  ],
  "euler_order": "XYZ",
  "rotation_matrix": [
   [
    0.3040231764316559,
    0.06199386715888977,
    -0.950645387172699
   ],
   [
    0.4913243353366852,
    -0.8651344180107117,
    0.10071153938770294
   ],
   [
    -0.8161925673484802,
    -0.49769386649131775,
    -0.2934800088405609
   ]
  ]
 },
 {
  "rotation_euler": [
   -1.4233537912368774,
   -2.3405065536499023,
   -0.4816898703575134
  ],
  "euler_order": "XYZ",
  "rotation_matrix": [
   [
    -0.6167399287223816,
    0.6975553631782532,
    0.3647579550743103
   ],
   [
    0.3224073350429535,
    -0.19888299703598022,
    0.9254723191261292
   ],
   [
    0.7181123495101929,
    0.6883763670921326,
    -0.10223789513111115
   ]
  ]
 },
 {
  "rotation_euler": [
   -2.124617099761963,
   1.073235273361206,
   -0.5114251375198364
  ],
  "euler_order": "XYZ",
  "rotation_matrix": [
   [
    0.4162142872810364,
    -0.9091703295707703,
    0.013228176161646843
   ],
   [
    -0.2335924655199051,
    -0.09285508841276169,
    0.967890739440918
   ],
   [
    -0.8787492513656616,
    -0.4059399664402008,
    -0.25102293491363525
   ]
  ]
 },
 {
  "rotation_euler": [
   -1.5771769285202026,
   2.9088361263275146,
   -0.08331021666526794
  ],
  "euler_order": "XYZ",
  "rotation_matrix": [
   [
    -0.9696595072746277,
    -0.2303868681192398,
    0.08174555003643036
   ],
   [
    0.08096995949745178,
    0.01283534336835146,
    0.9966338872909546
   ],
   [
    -0.2306605875492096,
    0.9730144739151001,
    0.006208502221852541
   ]
  ]
 },
 {
  "rotation_euler": [
   1.494568943977356,
   -0.18343117833137512,
   -0.7125990986824036
  ],
  "euler_order": "XYZ",
  "rotation_matrix": [
   [
    0.743971049785614,
    -0.08782873302698135,
    -0.6624146699905396
   ],
   [
    -0.6428341865539551,
    0.1765328347682953,
    -0.7453860640525818
   ],
   [
    0.18240424990653992,
    0.980368435382843,
    0.07487600296735764
   ]
  ]
 },
 {
  "rotation_euler": [
   1.5306675434112549,
   0.1956956535577774,
   -0.4803209602832794
  ],
  "euler_order": "XYZ",
  "rotation_matrix": [
   [
    0.8699191212654114,
    0.19084466993808746,
    -0.4547736346721649
   ],
   [
    -0.45324426889419556,
    -0.05419697239995003,
    -0.8897372484207153
   ],
   [
    -0.19444896280765533,
    0.9801229238510132,
    0.03935226798057556
   ]
  ]
 },
 {
  "rotation_euler": [
   -1.530443549156189,
   1.4476393461227417,
   -0.32862329483032227
  ],
  "euler_order": "XYZ",
  "rotation_matrix": [
   [
    0.11627209931612015,
    -0.9255340099334717,
    0.3603714108467102
   ],
   [
    -0.03964731842279434,
    0.35821807384490967,
    0.9327957630157471
   ],
   [
    -0.9924257397651672,
    -0.12274587899446487,
    0.004955827258527279
   ]
  ]
 },
 {
  "rotation_euler": [
   0.021663911640644073,
   0.11679226160049438,
   0.8760656118392944
  ],
  "euler_order": "XYZ",
  "rotation_matrix": [
   [
    0.6358174085617065,
    -0.7664299011230469,
    0.09122201800346375
   ],
   [
    0.7629926204681396,
    0.6419675350189209,
    0.07563033699989319
   ],
   [
    -0.11652692407369614,
    0.021514644846320152,
    0.9929544925689697
   ]
  ]
 },
 {
  "rotation_euler": [
   1.2385425567626953,
   0.5914668440818787,
   -2.035130023956299
  ],
  "euler_order": "XYZ",
  "rotation_matrix": [
   [
    -0.37175193428993225,
    0.05559607222676277,
    -0.9266658425331116
   ],
   [
    -0.7422302961349487,
    -0.6173471212387085,
    0.26072341203689575
   ],
   [
    -0.5575792789459229,
    0.7847239375114441,
    0.2707650661468506
   ]
  ]
 },
 {
  "rotation_euler": [
   -1.7231513261795044,
   1.2460209131240845,
   -0.2660883665084839
  ],
  "euler_order": "XYZ",
  "rotation_matrix": [
   [
    0.3078659772872925,
    -0.9436858296394348,
    0.12114308029413223
   ],
   [
    -0.08390931040048599,
    0.09990068525075912,
    0.9914529919624329
   ],
   [
    -0.9477224349975586,
    -0.3153996765613556,
    -0.0484280027449131
   ]
  ]
 }
]