[
 {
  "rotation_euler": [
   -0.0022377455607056618,
   -9.349753781862091e-06,
   0.8712005019187927
  ],
  "euler_order": "XYZ",
  "rotation_matrix": [
   [
    0.6439085006713867,
    -0.7651005983352661,
    -0.0017181236762553453
   ],
   [
    0.7651025056838989,
    0.6439068913459778,
    0.0014337486354634166
   ],
   [
    9.349753781862091e-06,
    -0.0022377436980605125,
    0.9999974966049194
   ]
  ]
 },
 {
  "rotation_euler": [
   -0.002236227737739682,
   1.394864284520736e-05,
   0.197856143116951
  ],
  "euler_order": "XYZ",
  "rotation_matrix": [
   [
    0.9804902672767639,
    -0.19656729698181152,
    -0.0004258934350218624
   ],
   [
    0.19656775891780853,
    0.9804877638816833,
    0.0021953394170850515
   ],
   [
    -1.394864284520736e-05,
    -0.002236225875094533,
    0.9999974966049194
   ]
  ]
 },
 {
  "rotation_euler": [
   -0.002237874548882246,
   -8.50014930620091e-06,
   1.047945499420166
  ],
  "euler_order": "XYZ",
  "rotation_matrix": [
   [
    0.4993521273136139,
    -0.866396963596344,
    -0.0019431355176493526
   ],
   [
    0.8663991093635559,
    0.4993508756160736,
    0.001110121957026422
   ],
   [
    8.50014930620091e-06,
    -0.002237872686237097,
    0.9999974966049194
   ]
  ]
 },
 {
  "rotation_euler": [
   -0.0011200516019016504,
   -0.002665681065991521,
   -1.8406552076339722
  ],
  "euler_order": "XYZ",
  "rotation_matrix": [
   [
    -0.26659446954727173,
    0.9638071060180664,
    0.0017901721876114607
   ],
   [
    -0.963805079460144,
    -0.2665981352329254,
    0.0022706009913235903
   ],
   [
    0.0026656778063625097,
    -0.0011200474109500647,
    0.9999958276748657
   ]
  ]
 },
 {
  "rotation_euler": [
   -0.0022368966601788998,
   1.328407961409539e-05,
   1.763987421989441
  ],
  "euler_order": "XYZ",
  "rotation_matrix": [
   [
    -0.19199159741401672,
    -0.9813941121101379,
    -0.002197831403464079
   ],
   [
    0.9813965559005737,
    -0.1919911503791809,
    -0.00041642808355391026
   ],
   [
    -1.328407961409539e-05,
    -0.0022368947975337505,
    0.9999974966049194
   ]
  ]
 },
 {
  "rotation_euler": [
   -0.008828453719615936,
   0.035369060933589935,
   0.5072214603424072
  ],
  "euler_order": "XYZ",
  "rotation_matrix": [
   [
    0.8735508918762207,
    -0.4860043525695801,
    0.026619991287589073
   ],
   [
    0.48544660210609436,
    0.8739118576049805,
    0.02489311434328556
   ],
   [
    -0.03536168858408928,
    -0.008822817355394363,
    0.9993356466293335
   ]
  ]
 },
 {
  "rotation_euler": [
   -0.0022380149457603693,
   1.0604119779600296e-05,
   0.9732289910316467
  ],
  "euler_order": "XYZ",
  "rotation_matrix": [
   [
    0.5626330375671387,
    -0.8267046809196472,
    -0.0018442142754793167
   ],
   [
    0.8267067670822144,
    0.5626316070556641,
    0.001267946558073163
   ],
   [
    -1.0604119779600296e-05,
    -0.00223801308311522,
    0.9999974966049194
   ]
  ]
 },
 {
  "rotation_euler": [
   -0.002237396314740181,
   8.94891309144441e-06,
   2.490966558456421
  ],
  "euler_order": "XYZ",
  "rotation_matrix": [
   [
    -0.79570472240448,
    -0.6056832075119019,
    -0.0013622762635350227
   ],
   [
    0.6056846976280212,
    -0.7957027554512024,
    -0.0017748851096257567
   ],
   [
    -8.94891309144441e-06,
    -0.0022373944520950317,
    0.9999974966049194
   ]
  ]
 },
 {
  "rotation_euler": [
   -0.002238486660644412,
   -2.1542982722166926e-05,
   0.06025327742099762
  ],
  "euler_order": "XYZ",
  "rotation_matrix": [
   [
    0.9981853365898132,
    -0.06021662801504135,
    -0.00015629827976226807
   ],
   [
    0.06021682545542717,
    0.9981828331947327,
    0.002233125502243638
   ],
   [
    2.1542982722166926e-05,
    -0.002238484797999263,
    0.9999974966049194
   ]
  ]
 },
 {
  "rotation_euler": [
   -0.00224032299593091,
   1.3205399227445014e-05,
   -1.2682883739471436
  ],
  "euler_order": "XYZ",
  "rotation_matrix": [
   [
    0.2979152202606201,
    0.9545899033546448,
    0.002142527373507619
   ],
   [
    -0.9545923471450806,
    0.2979145050048828,
    0.0006548200035467744
   ],
   [
    -1.3205399227445014e-05,
    -0.002240321133285761,
    0.9999974966049194
   ]
  ]
 },
 {
  "rotation_euler": [
   -0.0022355231922119856,
   1.7733844288159162e-05,
   -2.0946531295776367
  ],
  "euler_order": "XYZ",
  "rotation_matrix": [
   [
    -0.5002234578132629,
    0.8658941984176636,
    0.0019268589094281197
   ],
   [
    -0.8658963441848755,
    -0.5002221465110779,
    -0.0011336158495396376
   ],
   [
    -1.7733844288159162e-05,
    -0.0022355213295668364,
    0.9999974966049194
   ]
  ]
 },
 {
  "rotation_euler": [
   -0.002238563494756818,
   -2.187910649809055e-05,
   1.6041591167449951
  ],
  "euler_order": "XYZ",
  "rotation_matrix": [
   [
    -0.033356599509716034,
    -0.9994410276412964,
    -0.0022365860641002655
   ],
   [
    0.999443531036377,
    -0.03335646912455559,
    -9.653768211137503e-05
   ],
   [
    2.187910649809055e-05,
    -0.0022385616321116686,
    0.9999974966049194
   ]
  ]
 },
 {
  "rotation_euler": [
   -0.0022374021355062723,
   5.194342520553619e-06,
   1.3936617374420166
  ],
  "euler_order": "XYZ",
  "rotation_matrix": [
   [
    0.1762097328901291,
    -0.9843502044677734,
    -0.0022014756686985493
   ],
   [
    0.9843526482582092,
    0.17620927095413208,
    0.00039936474058777094
   ],
   [
    -5.194342520553619e-06,
    -0.002237400272861123,
    0.9999974966049194
   ]
  ]
 },
 {
  "rotation_euler": [
   -0.002239228691905737,
   8.416426680923905e-06,
   1.5711109638214111
  ],
  "euler_order": "XYZ",
  "rotation_matrix": [
   [
    -0.00031463702907785773,
    -0.9999974370002747,
    -0.002239229390397668
   ],
   [
    0.9999999403953552,
    -0.0003146550734527409,
    7.711861144343857e-06
   ],
   [
    -8.416426680923905e-06,
    -0.0022392268292605877,
    0.9999974966049194
   ]
  ]
 },
 {
  "rotation_euler": [
   -0.002238570712506771,
   -9.831135685089976e-06,
   0.43764951825141907
  ],
  "euler_order": "XYZ",
  "rotation_matrix": [
   [
    0.9057503342628479,
    -0.42381060123443604,
    -0.0009576361626386642
   ],
   [
    0.423811674118042,
    0.9057480692863464,
    0.002023417968302965
   ],
   [
    9.831135685089976e-06,
    -0.002238568849861622,
    0.9999974966049194
   ]
  ]
 },
 {
  "rotation_euler": [
   -0.3993755578994751,
   1.0636796951293945,
   -2.0762319564819336
  ],
  "euler_order": "XYZ",
  "rotation_matrix": [
   [
    -0.23515047132968903,
    0.9706863760948181,
    -0.049720872193574905
   ],
   [
    -0.4249337613582611,
    -0.1486790031194687,
    -0.8929310441017151
   ],
   [
    -0.8741484880447388,
    -0.18884506821632385,
    0.44743937253952026
   ]
  ]
 }
]