[
 {
  "rotation_euler": [
   1.091766421268403e-06,
   2.5976526103477227e-06,
   -3.0871384143829346
  ],
  "euler_order": "XYZ",
  "rotation_matrix": [
   [
    -0.9985177516937256,
    0.05442733317613602,
    -2.6532241008681012e-06
   ],
   [
    -0.05442733317613602,
    -0.9985177516937256,
    9.487648071626609e-07
   ],
   [
    -2.5976526103477227e-06,
    1.091766421268403e-06,
    1.0
   ]
  ]
 },
 {
  "rotation_euler": [
   -4.9005905111698667e-08,
   4.852522295095696e-08,
   1.3446273803710938
  ],
  "euler_order": "XYZ",
  "rotation_matrix": [
   [
    0.22424569725990295,
    -0.9745326638221741,
    -3.687628336024318e-08
   ],
   [
    0.9745326638221741,
    0.22424569725990295,
    5.827877558317596e-08
   ],
   [
    -4.852522295095696e-08,
    -4.9005905111698667e-08,
    1.0
   ]
  ]
 },
 {
  "rotation_euler": [
   -2.2514335284995468e-07,
   -1.7430737671020324e-06,
   0.19293741881847382
  ],
  "euler_order": "XYZ",
  "rotation_matrix": [
   [
    0.9814452528953552,
    -0.19174262881278992,
    -1.7539010741529637e-06
   ],
   [
    0.19174262881278992,
    0.9814452528953552,
    -1.132556803895568e-07
   ],
   [
    1.7430737671020324e-06,
    -2.2514335284995468e-07,
    1.0
   ]
  ]
 },
 {
  "rotation_euler": [
   2.8383935841702623e-06,
   1.4278177218329802e-07,
   0.8640148639678955
  ],
  "euler_order": "XYZ",
  "rotation_matrix": [
   [
    0.6493895649909973,
    -0.7604559063911438,
    2.251194018754177e-06
   ],
   [
    0.7604559063911438,
    0.6493895649909973,
    -1.7346440017718123e-06
   ],
   [
    -1.4278177218329802e-07,
    2.8383935841702623e-06,
    1.0
   ]
  ]
 },
 {
  "rotation_euler": [
   -3.676211008496466e-06,
   1.6670461491230526e-06,
   -0.35105133056640625
  ],
  "euler_order": "XYZ",
  "rotation_matrix": [
   [
    0.9390116930007935,
    0.343885213136673,
    2.8295703486946877e-06
   ],
   [
    -0.343885213136673,
    0.9390116930007935,
    2.8787326300516725e-06
   ],
   [
    -1.6670461491230526e-06,
    -3.676211008496466e-06,
    1.0
   ]
  ]
 },
 {
  "rotation_euler": [
   4.9743078989195055e-08,
   -9.836086434233948e-08,
   -2.318336009979248
  ],
  "euler_order": "XYZ",
  "rotation_matrix": [
   [
    -0.6798365116119385,
    0.733363687992096,
    3.038953977352321e-08
   ],
   [
    -0.733363687992096,
    -0.6798365116119385,
    1.0595145027991748e-07
   ],
   [
    9.836086434233948e-08,
    4.9743078989195055e-08,
    1.0
   ]
  ]
 },
 {
  "rotation_euler": [
   -1.7809442169891554e-06,
   9.373699185744044e-07,
   1.785897135734558
  ],
  "euler_order": "XYZ",
  "rotation_matrix": [
   [
    -0.21344591677188873,
    -0.9769548773765564,
    -1.93997993847006e-06
   ],
   [
    0.9769548773765564,
    -0.21344591677188873,
    5.356328642847075e-07
   ],
   [
    -9.373699185744044e-07,
    -1.7809442169891554e-06,
    1.0
   ]
  ]
 },
 {
  "rotation_euler": [
   -1.916953806357924e-06,
   -2.3565968376715318e-07,
   -2.685866117477417
  ],
  "euler_order": "XYZ",
  "rotation_matrix": [
   [
    -0.897941529750824,
    0.440114825963974,
    1.0552884077696945e-06
   ],
   [
    -0.440114825963974,
    -0.897941529750824,
    -1.617595103198255e-06
   ],
   [
    2.3565968376715318e-07,
    -1.916953806357924e-06,
    1.0
   ]
  ]
 },
 {
  "rotation_euler": [
   1.738742639645352e-06,
   9.712398423289414e-07,
   -2.1204757690429688
  ],
  "euler_order": "XYZ",
  "rotation_matrix": [
   [
    -0.5224139094352722,
    0.8526920080184937,
    -1.9900012375728693e-06
   ],
   [
    -0.8526920080184937,
    -0.5224139094352722,
    8.017488539735496e-08
   ],
   [
    -9.712398423289414e-07,
    1.738742639645352e-06,
    1.0
   ]
  ]
 },
 {
  "rotation_euler": [
   -1.805339877591905e-07,
   1.7132776974904118e-07,
   1.637611746788025
  ],
  "euler_order": "XYZ",
  "rotation_matrix": [
   [
    -0.06676571816205978,
    -0.9977687001228333,
    -1.915699812116145e-07
   ],
   [
    0.9977687001228333,
    -0.06676571816205978,
    1.5889200710716977e-07
   ],
   [
    -1.7132776974904118e-07,
    -1.805339877591905e-07,
    1.0
   ]
  ]
 },
 {
  "rotation_euler": [
   2.792099621728994e-06,
   1.323550236520532e-06,
   2.0449371337890625
  ],
  "euler_order": "XYZ",
  "rotation_matrix": [
   [
    -0.4565742015838623,
    -0.889685332775116,
    1.8797911707224557e-06
   ],
   [
    0.889685332775116,
    -0.4565742015838623,
    2.4523440060875146e-06
   ],
   [
    -1.323550236520532e-06,
    2.792099621728994e-06,
    1.0
   ]
  ]
 },
 {
  "rotation_euler": [
   -1.5279482568075764e-07,
   1.5843363598833093e-07,
   2.970233678817749
  ],
  "euler_order": "XYZ",
  "rotation_matrix": [
   [
    -0.985353946685791,
    -0.1705215722322464,
    -1.82168022888618e-07
   ],
   [
    0.1705215722322464,
    -0.985353946685791,
    -1.2354063017028238e-07
   ],
   [
    -1.5843363598833093e-07,
    -1.5279482568075764e-07,
    1.0
   ]
  ]
 },
 {
  "rotation_euler": [
   1.0820480156326084e-06,
   2.2545657429873245e-06,
   -0.9203575253486633
  ],
  "euler_order": "XYZ",
  "rotation_matrix": [
   [
    0.6055356860160828,
    0.7958181500434875,
    5.041065378463827e-07
   ],
   [
    -0.7958181500434875,
    0.6055356860160828,
    -2.4494429453625344e-06
   ],
   [
    -2.2545657429873245e-06,
    1.0820480156326084e-06,
    1.0
   ]
  ]
 },
 {
  "rotation_euler": [
   -9.369638576117723e-08,
   8.591315037165259e-08,
   -1.2030320167541504
  ],
  "euler_order": "XYZ",
  "rotation_matrix": [
   [
    0.35953012108802795,
    0.9331334829330444,
    1.1831959767505396e-07
   ],
   [
    -0.9331334829330444,
    0.35953012108802795,
    -4.648176243904345e-08
   ],
   [
    -8.591315037165259e-08,
    -9.369638576117723e-08,
    1.0
   ]
  ]
 },
 {
  "rotation_euler": [
   -1.7445242406211037e-07,
   2.0109696663439536e-07,
   0.13255463540554047
  ],
  "euler_order": "XYZ",
  "rotation_matrix": [
   [
    0.9912275075912476,
    -0.1321668028831482,
    1.7627601778258395e-07
   ],
   [
    0.1321668028831482,
    0.9912275075912476,
    1.995003771071424e-07
   ],
   [
    -2.0109696663439536e-07,
    -1.7445242406211037e-07,
    1.0
   ]
  ]
 },
 {
  "rotation_euler": [
   1.1699016511101945e-07,
   1.075376374615189e-07,
   -2.6592774391174316
  ],
  "euler_order": "XYZ",
  "rotation_matrix": [
   [
    -0.885923445224762,
    0.46383151412010193,
    -1.495338324275508e-07
   ],
   [
    -0.46383151412010193,
    -0.885923445224762,
    5.3764981799986344e-08
   ],
   [
    -1.075376374615189e-07,
    1.1699016511101945e-07,
    1.0
   ]
  ]
 }
]