[
 {
  "rotation_euler": [
   -1.4780608415603638,
   0.5555801391601562,
   1.685083031654358
  ],
  "euler_order": "XYZ",
  "rotation_matrix": [
   [
    -0.09688613563776016,
    -0.03210914880037308,
    -0.9947773814201355
   ],
   [
    0.8440521359443665,
    -0.5323041677474976,
    -0.0650247111916542
   ],
   [
    -0.5274362564086914,
    -0.8459439873695374,
    0.07867468893527985
   ]
  ]
 },
 {
  "rotation_euler": [
   -1.6678227186203003,
   2.9437708854675293,
   0.02841254696249962
  ],
  "euler_order": "XYZ",
  "rotation_matrix": [
   [
    -0.9801012873649597,
    -0.19277864694595337,
    -0.04730650782585144
   ],
   [
    -0.027854669839143753,
    -0.10239215195178986,
    0.9943540692329407
   ],
   [
    -0.19653405249118805,
    0.9758853316307068,
    0.09498488903045654
   ]
  ]
 },
 {
  "rotation_euler": [
   1.7393935918807983,
   2.237333059310913,
   0.2540845572948456
  ],
  "euler_order": "XYZ",
  "rotation_matrix": [
   [
    -0.5984174609184265,
    0.79212486743927,
    0.12014468759298325
   ],
   [
    -0.15540742874145508,
    0.032346948981285095,
    -0.9873207211494446
   ],
   [
    -0.7859675884246826,
    -0.6095013618469238,
    0.10374511033296585
   ]
  ]
 },
 {
  "rotation_euler": [
   -1.4876718521118164,
   0.34324127435684204,
   -1.461364984512329
  ],
  "euler_order": "XYZ",
  "rotation_matrix": [
   [
    0.1028425320982933,
    0.045904360711574554,
    0.9936378598213196
   ],
   [
    -0.9360360503196716,
    0.34244075417518616,
    0.0810605138540268
   ],
   [
    -0.3365410566329956,
    -0.938417375087738,
    0.07818561047315598
   ]
  ]
 },
 {
  "rotation_euler": [
   -1.4689056873321533,
   0.6611192226409912,
   -0.06427428871393204
  ],
  "euler_order": "XYZ",
  "rotation_matrix": [
   [
    0.787675678730011,
    -0.6030218005180359,
    0.1262206882238388
   ],
   [
    -0.05069712921977043,
    0.1407371610403061,
    0.9887481331825256
   ],
   [
    -0.6140006184577942,
    -0.7852119207382202,
    0.0802837610244751
   ]
  ]
 },
 {
  "rotation_euler": [
   -1.483173131942749,
   0.4675230383872986,
   -2.289313793182373
  ],
  "euler_order": "XYZ",
  "rotation_matrix": [
   [
    -0.5876287221908569,
    0.36140522360801697,
    0.7239328026771545
   ],
   [
    -0.6719993948936462,
    0.28035393357276917,
    -0.6854330897331238
   ],
   [
    -0.4506765305995941,
    -0.8892625570297241,
    0.07812006026506424
   ]
  ]
 },
 {
  "rotation_euler": [
   -1.4588395357131958,
   0.74185711145401,
   0.15955577790737152
  ],
  "euler_order": "XYZ",
  "rotation_matrix": [
   [
    0.7278509140014648,
    -0.6806501150131226,
    -0.08335720002651215
   ],
   [
    0.11712846159934998,
    0.0036276818718761206,
    0.9931101202964783
   ],
   [
    -0.6756581664085388,
    -0.7325996160507202,
    0.08236391842365265
   ]
  ]
 },
 {
  "rotation_euler": [
   -1.4292373657226562,
   0.8524170517921448,
   -0.35555949807167053
  ],
  "euler_order": "XYZ",
  "rotation_matrix": [
   [
    0.6169983148574829,
    -0.6496084332466125,
    0.4442093074321747
   ],
   [
    -0.22911716997623444,
    0.3917268216609955,
    0.8910978436470032
   ],
   [
    -0.752873420715332,
    -0.651581883430481,
    0.09285834431648254
   ]
  ]
 },
 {
  "rotation_euler": [
   -1.467779278755188,
   0.6883727312088013,
   0.8792180418968201
  ],
  "euler_order": "XYZ",
  "rotation_matrix": [
   [
    0.4925248920917511,
    -0.482212632894516,
    -0.7244930863380432
   ],
   [
    0.5948418974876404,
    -0.4211418330669403,
    0.6846916675567627
   ],
   [
    -0.6352813243865967,
    -0.7681865096092224,
    0.07941744476556778
   ]
  ]
 },
 {
  "rotation_euler": [
   -1.4216105937957764,
   0.8604296445846558,
   1.7294552326202393
  ],
  "euler_order": "XYZ",
  "rotation_matrix": [
   [
    -0.10302981734275818,
    -0.028317660093307495,
    -0.9942750930786133
   ],
   [
    0.6439213156700134,
    -0.7637688517570496,
    -0.044972412288188934
   ],
   [
    -0.7581228017807007,
    -0.6448684334754944,
    0.09692531079053879
   ]
  ]
 },
 {
  "rotation_euler": [
   -1.4843562841415405,
   0.43615490198135376,
   1.48505437374115
  ],
  "euler_order": "XYZ",
  "rotation_matrix": [
   [
    0.07761984318494797,
    -0.12205817550420761,
    -0.9894831776618958
   ],
   [
    0.9030530452728271,
    -0.4119407832622528,
    0.12165500223636627
   ],
   [
    -0.4224574565887451,
    -0.902998685836792,
    0.0782502293586731
   ]
  ]
 },
 {
  "rotation_euler": [
   1.473770260810852,
   0.1978168934583664,
   2.272034168243408
  ],
  "euler_order": "XYZ",
  "rotation_matrix": [
   [
    -0.6325819492340088,
    -0.20021317899227142,
    0.7481676340103149
   ],
   [
    0.7491437196731567,
    0.08695125579833984,
    0.6566758155822754
   ],
   [
    -0.19652926921844482,
    0.975886344909668,
    0.09498466551303864
   ]
  ]
 },
 {
  "rotation_euler": [
   -1.4734890460968018,
   0.614202618598938,
   2.1007790565490723
  ],
  "euler_order": "XYZ",
  "rotation_matrix": [
   [
    -0.41312646865844727,
    0.20612983405590057,
    -0.8870383501052856
   ],
   [
    0.7051217555999756,
    -0.5440075993537903,
    -0.45481762290000916
   ],
   [
    -0.5763070583343506,
    -0.8133672475814819,
    0.0793973058462143
   ]
  ]
 },
 {
  "rotation_euler": [
   -1.4061623811721802,
   0.8955142498016357,
   1.3137412071228027
  ],
  "euler_order": "XYZ",
  "rotation_matrix": [
   [
    0.1589258313179016,
    -0.354260116815567,
    -0.9215434789657593
   ],
   [
    0.6045779585838318,
    -0.7030107378959656,
    0.3745148777961731
   ],
   [
    -0.7805306315422058,
    -0.6166649460792542,
    0.10245127975940704
   ]
  ]
 },
 {
  "rotation_euler": [
   1.4761340618133545,
   0.14224490523338318,
   -2.358686923980713
  ],
  "euler_order": "XYZ",
  "rotation_matrix": [
   [
    -0.7017076015472412,
    -0.03337349370121956,
    -0.7116829752922058
   ],
   [
    -0.6982184052467346,
    -0.16654843091964722,
    0.6962418556213379
   ],
   [
    -0.14176569879055023,
    0.985468327999115,
    0.09356631338596344
   ]
  ]
 },
 {
  "rotation_euler": [
   -1.4260623455047607,
   0.852410078048706,
   2.2298309803009033
  ],
  "euler_order": "XYZ",
  "rotation_matrix": [
   [
    -0.4030333459377289,
    0.3421766459941864,
    -0.8488104939460754
   ],
   [
    0.5203389525413513,
    -0.6773018836975098,
    -0.5201053023338318
   ],
   [
    -0.7528688311576843,
    -0.6512889862060547,
    0.09492741525173187
   ]
  ]
 }
]