[
 {
  "rotation_euler": [
   8.792275366431568e-06,
   -6.764304544049082e-06,
   -2.318356990814209
  ],
  "euler_order": "XYZ",
  "rotation_matrix": [
   [
    -0.6798518896102905,
    0.7333494424819946,
    -1.8490849242880358e-06
   ],
   [
    -0.7333494424819946,
    -0.6798518896102905,
    1.0938044397335034e-05
   ],
   [
    6.764304544049082e-06,
    8.792275366431568e-06,
    1.0
   ]
  ]
 },
 {
  "rotation_euler": [
   -9.465959919907618e-06,
   1.6276303540507797e-06,
   1.8472857475280762
  ],
  "euler_order": "XYZ",
  "rotation_matrix": [
   [
    -0.27298009395599365,
    -0.962019681930542,
    -9.550750291964505e-06
   ],
   [
    0.962019681930542,
    -0.27298009395599365,
    -1.0182061487284955e-06
   ],
   [
    -1.6276303540507797e-06,
    -9.465959919907618e-06,
    1.0
   ]
  ]
 },
 {
  "rotation_euler": [
   -8.661539141030516e-06,
   -1.970900484593585e-06,
   -0.3298312723636627
  ],
  "euler_order": "XYZ",
  "rotation_matrix": [
   [
    0.9460970163345337,
    0.32388341426849365,
    9.406656999999541e-07
   ],
   [
    -0.32388341426849365,
    0.9460970163345337,
    8.83299799170345e-06
   ],
   [
    1.970900484593585e-06,
    -8.661539141030516e-06,
    1.0
   ]
  ]
 },
 {
  "rotation_euler": [
   0.0024522736202925444,
   0.0005232417024672031,
   0.08450126647949219
  ],
  "euler_order": "XYZ",
  "rotation_matrix": [
   [
    0.9964317679405212,
    -0.08439920842647552,
    0.0007283466402441263
   ],
   [
    0.0844007283449173,
    0.9964290261268616,
    -0.0023993593640625477
   ],
   [
    -0.0005232417024672031,
    0.0024522708263248205,
    0.9999968409538269
   ]
  ]
 },
 {
  "rotation_euler": [
   3.5310076782479882e-06,
   2.4155724531738088e-06,
   -2.764376163482666
  ],
  "euler_order": "XYZ",
  "rotation_matrix": [
   [
    -0.9296935200691223,
    0.3683340847492218,
    -3.5463324365991866e-06
   ],
   [
    -0.3683340847492218,
    -0.9296935200691223,
    2.3930172119435156e-06
   ],
   [
    -2.4155724531738088e-06,
    3.5310076782479882e-06,
    1.0
   ]
  ]
 },
 {
  "rotation_euler": [
   7.062712484184885e-06,
   -7.260762231453555e-07,
   -1.4937201738357544
  ],
  "euler_order": "XYZ",
  "rotation_matrix": [
   [
    0.07699985802173615,
    0.9970310926437378,
    -7.097651632648194e-06
   ],
   [
    -0.9970310926437378,
    0.07699985802173615,
    1.8009269808771933e-07
   ],
   [
    7.260762231453555e-07,
    7.062712484184885e-06,
    1.0
   ]
  ]
 },
 {
  "rotation_euler": [
   4.995894869352924e-06,
   -4.523691131907981e-06,
   -1.20531165599823
  ],
  "euler_order": "XYZ",
  "rotation_matrix": [
   [
    0.3574019968509674,
    0.933950662612915,
    -6.282695267145755e-06
   ],
   [
    -0.933950662612915,
    0.3574019968509674,
    2.439361423967057e-06
   ],
   [
    4.523691131907981e-06,
    4.995894869352924e-06,
    1.0
   ]
  ]
 },
 {
  "rotation_euler": [
   4.954092673870036e-06,
   -4.285564045858337e-06,
   -1.8309552669525146
  ],
  "euler_order": "XYZ",
  "rotation_matrix": [
   [
    -0.2572341561317444,
    0.9663491249084473,
    -3.684989678731654e-06
   ],
   [
    -0.9663491249084473,
    -0.2572341561317444,
    5.415712621470448e-06
   ],
   [
    4.285564045858337e-06,
    4.954092673870036e-06,
    1.0
   ]
  ]
 },
 {
  "rotation_euler": [
   -3.6635833566833753e-06,
   1.8271222188559477e-06,
   -0.12432592362165451
  ],
  "euler_order": "XYZ",
  "rotation_matrix": [
   [
    0.9922814965248108,
    0.12400589138269424,
    2.2673254989058478e-06
   ],
   [
    -0.12400589138269424,
    0.9922814965248108,
    3.4087320273101795e-06
   ],
   [
    -1.8271222188559477e-06,
    -3.6635833566833753e-06,
    1.0
   ]
  ]
 },
 {
  "rotation_euler": [
   -2.9657035156560596e-06,
   1.7725642464938574e-06,
   1.717640995979309
  ],
  "euler_order": "XYZ",
  "rotation_matrix": [
   [
    -0.1463174968957901,
    -0.9892376661300659,
    -3.1931429020914948e-06
   ],
   [
    0.9892376661300659,
    -0.1463174968957901,
    1.31955300730624e-06
   ],
   [
    -1.7725642464938574e-06,
    -2.9657035156560596e-06,
    1.0
   ]
  ]
 },
 {
  "rotation_euler": [
   5.269071607472142e-06,
   6.179509455250809e-06,
   -2.283989906311035
  ],
  "euler_order": "XYZ",
  "rotation_matrix": [
   [
    -0.6542523503303528,
    0.7562763094902039,
    -8.027832336665597e-06
   ],
   [
    -0.7562763094902039,
    -0.6542523503303528,
    -1.2261143638170324e-06
   ],
   [
    -6.179509455250809e-06,
    5.269071607472142e-06,
    1.0
   ]
  ]
 },
 {
  "rotation_euler": [
   7.162718702602433e-06,
   -3.900765022990527e-06,
   2.3350274562835693
  ],
  "euler_order": "XYZ",
  "rotation_matrix": [
   [
    -0.6919821500778198,
    -0.7219145894050598,
    7.870131412346382e-06
   ],
   [
    0.7219145894050598,
    -0.6919821500778198,
    2.1404541712399805e-06
   ],
   [
    3.900765022990527e-06,
    7.162718702602433e-06,
    1.0
   ]
  ]
 },
 {
  "rotation_euler": [
   -5.208888069319073e-06,
   -6.621062311751302e-07,
   0.24099068343639374
  ],
  "euler_order": "XYZ",
  "rotation_matrix": [
   [
    0.9711019992828369,
    -0.23866479098796844,
    -1.8861509261114406e-06
   ],
   [
    0.23866479098796844,
    0.9711019992828369,
    4.900340172753204e-06
   ],
   [
    6.621062311751302e-07,
    -5.208888069319073e-06,
    1.0
   ]
  ]
 },
 {
  "rotation_euler": [
   -5.186420366953826e-06,
   -4.211669875076041e-06,
   -0.7186245918273926
  ],
  "euler_order": "XYZ",
  "rotation_matrix": [
   [
    0.7527119517326355,
    0.6583499908447266,
    2.443056814627198e-07
   ],
   [
    -0.6583499908447266,
    0.7527119517326355,
    6.67663334752433e-06
   ],
   [
    4.211669875076041e-06,
    -5.186420366953826e-06,
    1.0
   ]
  ]
 },
 {
  "rotation_euler": [
   6.468692299677059e-05,
   4.9190533900400624e-05,
   1.5954878330230713
  ],
  "euler_order": "XYZ",
  "rotation_matrix": [
   [
    -0.024688998237252235,
    -0.9996951818466187,
    6.345273868646473e-05
   ],
   [
    0.9996951818466187,
    -0.024688994511961937,
    5.0772596296155825e-05
   ],
   [
    -4.9190533900400624e-05,
    6.468692299677059e-05,
    1.0
   ]
  ]
 },
 {
  "rotation_euler": [
   -0.00758645124733448,
   -0.8000645637512207,
   1.8248854875564575
  ],
  "euler_order": "XYZ",
  "rotation_matrix": [
   [
    -0.17511528730392456,
    -0.9692328572273254,
    0.17298075556755066
   ],
   [
    0.6742924451828003,
    -0.24608895182609558,
    -0.6962541937828064
   ],
   [
    0.7174010872840881,
    -0.00528512941673398,
    0.6966403722763062
   ]
  ]
 }
]