[
 {
  "rotation_euler": [
   1.1010980606079102,
   0.5859257578849792,
   0.06427796930074692
  ],
  "euler_order": "XYZ",
  "rotation_matrix": [
   [
    0.8314798474311829,
    0.46299535036087036,
    0.3070448338985443
   ],
   [
    0.05351956561207771,
    0.4833553433418274,
    -0.8737867474555969
   ],
   [
    -0.5529709458351135,
    0.7429689764976501,
    0.3771209418773651
   ]
  ]
 },
 {
  "rotation_euler": [
   1.4761927127838135,
   2.053417682647705,
   0.06267420947551727
  ],
  "euler_order": "XYZ",
  "rotation_matrix": [
   [
    -0.46319150924682617,
    0.8741726875305176,
    0.14586201310157776
   ],
   [
    -0.0290682315826416,
    0.14950832724571228,
    -0.9883331060409546
   ],
   [
    -0.8857814073562622,
    -0.4620274305343628,
    -0.043840330094099045
   ]
  ]
 },
 {
  "rotation_euler": [
   1.0791126489639282,
   -0.1273987591266632,
   0.6967467665672302
  ],
  "euler_order": "XYZ",
  "rotation_matrix": [
   [
    0.7607185244560242,
    -0.38886505365371704,
    0.5197031497955322
   ],
   [
    0.6365253925323486,
    0.29020223021507263,
    -0.714575469493866
   ],
   [
    0.12705440819263458,
    0.8743950128555298,
    0.4682846665382385
   ]
  ]
 },
 {
  "rotation_euler": [
   1.0799185037612915,
   0.03654904663562775,
   -2.236668586730957
  ],
  "euler_order": "XYZ",
  "rotation_matrix": [
   [
    -0.6173327565193176,
    0.3507913649082184,
    -0.704163134098053
   ],
   [
    -0.7858530879020691,
    -0.3165472149848938,
    0.5312559008598328
   ],
   [
    -0.036540910601615906,
    0.8813304305076599,
    0.47108542919158936
   ]
  ]
 },
 {
  "rotation_euler": [
   1.0977360010147095,
   -0.7911199927330017,
   2.4582390785217285
  ],
  "euler_order": "XYZ",
  "rotation_matrix": [
   [
    -0.5451863408088684,
    0.2032262235879898,
    0.8133086562156677
   ],
   [
    0.4439032971858978,
    -0.7530103325843811,
    0.4857214689254761
   ],
   [
    0.7111411094665527,
    0.625839114189148,
    0.3203181326389313
   ]
  ]
 },
 {
  "rotation_euler": [
   1.0785191059112549,
   -0.19119641184806824,
   -2.9324822425842285
  ],
  "euler_order": "XYZ",
  "rotation_matrix": [
   [
    -0.9603905081748962,
    0.26193466782569885,
    -0.09508053958415985
   ],
   [
    -0.20380698144435883,
    -0.42757323384284973,
    0.8807064294815063
   ],
   [
    0.19003364443778992,
    0.8652001619338989,
    0.46402138471603394
   ]
  ]
 },
 {
  "rotation_euler": [
   1.1128138303756714,
   0.7050050497055054,
   0.3617478907108307
  ],
  "euler_order": "XYZ",
  "rotation_matrix": [
   [
    0.7123167514801025,
    0.3871586322784424,
    0.5854169726371765
   ],
   [
    0.2695404291152954,
    0.6192356944084167,
    -0.7374924421310425
   ],
   [
    -0.6480376720428467,
    0.6831217408180237,
    0.3367370367050171
   ]
  ]
 },
 {
  "rotation_euler": [
   1.3684366941452026,
   0.840330183506012,
   0.5348212122917175
  ],
  "euler_order": "XYZ",
  "rotation_matrix": [
   [
    0.5740466117858887,
    0.5253363847732544,
    0.6280860900878906
   ],
   [
    0.3400719463825226,
    0.5448169708251953,
    -0.7665021419525146
   ],
   [
    -0.7448634505271912,
    0.6536024212837219,
    0.13409817218780518
   ]
  ]
 },
 {
  "rotation_euler": [
   0.9515064358711243,
   1.3272820711135864,
   -0.8845782279968262
  ],
  "euler_order": "XYZ",
  "rotation_matrix": [
   [
    0.15277408063411713,
    0.9497947692871094,
    -0.27303847670555115
   ],
   [
    -0.18653784692287445,
    -0.24360115826129913,
    -0.9517678618431091
   ],
   [
    -0.970496654510498,
    0.1963374763727188,
    0.13995672762393951
   ]
  ]
 },
 {
  "rotation_euler": [
   1.0981464385986328,
   0.5333852171897888,
   -0.07742241024971008
  ],
  "euler_order": "XYZ",
  "rotation_matrix": [
   [
    0.8585112690925598,
    0.48656222224235535,
    0.16191226243972778
   ],
   [
    -0.06660114228725433,
    0.4188688099384308,
    -0.9056010246276855
   ],
   [
    -0.5084512233734131,
    0.7666851282119751,
    0.3920091986656189
   ]
  ]
 },
 {
  "rotation_euler": [
   1.1333272457122803,
   0.7743269801139832,
   2.028205156326294
  ],
  "euler_order": "XYZ",
  "rotation_matrix": [
   [
    -0.31571394205093384,
    -0.6598160266876221,
    0.6818852424621582
   ],
   [
    0.6414008140563965,
    0.38118013739585876,
    0.6658128499984741
   ],
   [
    -0.6992350816726685,
    0.6475681066513062,
    0.30286264419555664
   ]
  ]
 },
 {
  "rotation_euler": [
   1.1247406005859375,
   0.7592141032218933,
   2.8034820556640625
  ],
  "euler_order": "XYZ",
  "rotation_matrix": [
   [
    -0.6843085885047913,
    -0.728942334651947,
    0.019100738689303398
   ],
   [
    0.24061143398284912,
    -0.20099633932113647,
    0.9495823383331299
   ],
   [
    -0.688351571559906,
    0.6544032096862793,
    0.31293538212776184
   ]
  ]
 },
 {
  "rotation_euler": [
   1.1613712310791016,
   1.111167311668396,
   0.4717255234718323
  ],
  "euler_order": "XYZ",
  "rotation_matrix": [
   [
    0.39516639709472656,
    0.5514565110206604,
    0.7346695065498352
   ],
   [
    0.20158961415290833,
    0.7282079458236694,
    -0.6550379991531372
   ],
   [
    -0.8962171077728271,
    0.4069507420063019,
    0.17659540474414825
   ]
  ]
 },
 {
  "rotation_euler": [
   1.1662782430648804,
   -0.9076001048088074,
   1.9029054641723633
  ],
  "euler_order": "XYZ",
  "rotation_matrix": [
   [
    -0.2007213979959488,
    -0.13587859272956848,
    0.9701793193817139
   ],
   [
    0.5819982290267944,
    -0.8131638765335083,
    0.006522433832287788
   ],
   [
    0.7880285382270813,
    0.5659518241882324,
    0.24230048060417175
   ]
  ]
 },
 {
  "rotation_euler": [
   1.1089216470718384,
   0.6631215810775757,
   1.0339504480361938
  ],
  "euler_order": "XYZ",
  "rotation_matrix": [
   [
    0.4030434489250183,
    -0.10110192000865936,
    0.9095792174339294
   ],
   [
    0.6772129535675049,
    0.70146244764328,
    -0.22211045026779175
   ],
   [
    -0.6155799031257629,
    0.705498993396759,
    0.3511873781681061
   ]
  ]
 },
 {
  "rotation_euler": [
   1.1844338178634644,
   0.8775416016578674,
   1.0619908571243286
  ],
  "euler_order": "XYZ",
  "rotation_matrix": [
   [
    0.3113003075122833,
    0.017980894073843956,
    0.9501414895057678
   ],
   [
    0.5580943822860718,
    0.8057833313941956,
    -0.19810067117214203
   ],
   [
    -0.7691701650619507,
    0.5919374227523804,
    0.24080555140972137
   ]
  ]
 }
]