[
 {
  "rotation_euler": [
   -0.2205142080783844,
   -0.016192076727747917,
   -1.4519692659378052
  ],
  "euler_order": "XYZ",
  "rotation_matrix": [
   [
    0.11853208392858505,
    0.9693240523338318,
    0.2153160274028778
   ],
   [
    -0.9928181767463684,
    0.11216041445732117,
    0.041617974638938904
   ],
   [
    0.01619136892259121,
    -0.21870273351669312,
    0.9756571650505066
   ]
  ]
 },
 {
  "rotation_euler": [
   -0.2227260172367096,
   -2.0936731743859127e-06,
   2.1920342445373535
  ],
  "euler_order": "XYZ",
  "rotation_matrix": [
   [
    -0.5820422172546387,
    -0.7930729389190674,
    -0.17961668968200684
   ],
   [
    0.8131585717201233,
    -0.5676648020744324,
    -0.12856845557689667
   ],
   [
    2.0936731743859127e-06,
    -0.2208891212940216,
    0.9752989411354065
   ]
  ]
 },
 {
  "rotation_euler": [
   -0.22272546589374542,
   -1.0964299690385815e-06,
   -1.1304800510406494
  ],
  "euler_order": "XYZ",
  "rotation_matrix": [
   [
    0.42622560262680054,
    0.8822721242904663,
    0.19981908798217773
   ],
   [
    -0.9046168923377991,
    0.4156971871852875,
    0.09414933621883392
   ],
   [
    1.0964299690385815e-06,
    -0.22088858485221863,
    0.975299060344696
   ]
  ]
 },
 {
  "rotation_euler": [
   -0.2272804081439972,
   -0.022906316444277763,
   -1.7327022552490234
  ],
  "euler_order": "XYZ",
  "rotation_matrix": [
   [
    -0.16115720570087433,
    0.9607090353965759,
    0.2259790301322937
   ],
   [
    -0.9866629242897034,
    -0.1621474027633667,
    -0.014299439266324043
   ],
   [
    0.02290431410074234,
    -0.2252696007490158,
    0.9740272164344788
   ]
  ]
 },
 {
  "rotation_euler": [
   -0.22339396178722382,
   0.037652354687452316,
   3.0002312660217285
  ],
  "euler_order": "XYZ",
  "rotation_matrix": [
   [
    -0.9893234372138977,
    -0.12913371622562408,
    -0.06755498051643372
   ],
   [
    0.14079119265079498,
    -0.9665991067886353,
    -0.214158833026886
   ],
   [
    -0.03764345869421959,
    -0.2213834971189499,
    0.9744600057601929
   ]
  ]
 },
 {
  "rotation_euler": [
   -0.22175924479961395,
   -0.013768255710601807,
   2.04374361038208
  ],
  "euler_order": "XYZ",
  "rotation_matrix": [
   [
    -0.4554688334465027,
    -0.869809091091156,
    -0.18968473374843597
   ],
   [
    0.8901452422142029,
    -0.44166168570518494,
    -0.11214449256658554
   ],
   [
    0.013767820782959461,
    -0.21992528438568115,
    0.9754195809364319
   ]
  ]
 },
 {
  "rotation_euler": [
   -0.23316240310668945,
   0.04143513739109039,
   1.290004849433899
  ],
  "euler_order": "XYZ",
  "rotation_matrix": [
   [
    0.27687835693359375,
    -0.9374890327453613,
    -0.21083809435367584
   ],
   [
    0.9600117206573486,
    0.26042136549949646,
    0.10275322943925858
   ],
   [
    -0.04142328351736069,
    -0.23085719347000122,
    0.9721055030822754
   ]
  ]
 },
 {
  "rotation_euler": [
   -0.2587810456752777,
   0.1422104835510254,
   -1.967053771018982
  ],
  "euler_order": "XYZ",
  "rotation_matrix": [
   [
    -0.38207218050956726,
    0.9057936072349548,
    0.18319055438041687
   ],
   [
    -0.9131993055343628,
    -0.3396577537059784,
    -0.22516576945781708
   ],
   [
    -0.1417316347360611,
    -0.2533190846443176,
    0.9569438695907593
   ]
  ]
 },
 {
  "rotation_euler": [
   -0.22205713391304016,
   0.01841752789914608,
   2.622016668319702
  ],
  "euler_order": "XYZ",
  "rotation_matrix": [
   [
    -0.8678825497627258,
    -0.4808002710342407,
    -0.12494374066591263
   ],
   [
    0.4964279234409332,
    -0.8487304449081421,
    -0.18225254118442535
   ],
   [
    -0.01841648668050766,
    -0.2201993614435196,
    0.9752810001373291
   ]
  ]
 },
 {
  "rotation_euler": [
   -0.22249160706996918,
   0.017568107694387436,
   -2.9822025299072266
  ],
  "euler_order": "XYZ",
  "rotation_matrix": [
   [
    -0.9871718883514404,
    0.1586311012506485,
    0.01810537464916706
   ],
   [
    -0.15869159996509552,
    -0.9623721241950989,
    -0.22058293223381042
   ],
   [
    -0.01756720431149006,
    -0.22062644362449646,
    0.9752001762390137
   ]
  ]
 },
 {
  "rotation_euler": [
   -0.22272750735282898,
   9.991871593229007e-06,
   1.8202979564666748
  ],
  "euler_order": "XYZ",
  "rotation_matrix": [
   [
    -0.24692104756832123,
    -0.9450985193252563,
    -0.21405324339866638
   ],
   [
    0.9690356254577637,
    -0.240823894739151,
    -0.05453309044241905
   ],
   [
    -9.991871593229007e-06,
    -0.2208905816078186,
    0.9752985835075378
   ]
  ]
 },
 {
  "rotation_euler": [
   -0.25926098227500916,
   0.1440630406141281,
   2.2727205753326416
  ],
  "euler_order": "XYZ",
  "rotation_matrix": [
   [
    -0.6389994621276855,
    -0.7143166065216064,
    -0.28536197543144226
   ],
   [
    0.75569087266922,
    -0.6522136926651001,
    -0.05956988036632538
   ],
   [
    -0.14356523752212524,
    -0.2537105679512024,
    0.9565667510032654
   ]
  ]
 },
 {
  "rotation_euler": [
   -0.23557539284229279,
   -0.06456216424703598,
   0.9592748880386353
  ],
  "euler_order": "XYZ",
  "rotation_matrix": [
   [
    0.5729176998138428,
    -0.7875157594680786,
    -0.227121502161026
   ],
   [
    0.8170696496963501,
    0.5705864429473877,
    0.08263344317674637
   ],
   [
    0.0645173192024231,
    -0.23291625082492828,
    0.9703543186187744
   ]
  ]
 },
 {
  "rotation_euler": [
   -0.23816920816898346,
   -0.07754412293434143,
   1.9539223909378052
  ],
  "euler_order": "XYZ",
  "rotation_matrix": [
   [
    -0.3726983666419983,
    -0.9081506729125977,
    -0.19067838788032532
   ],
   [
    0.9247134327888489,
    -0.3463181257247925,
    -0.1580154299736023
   ],
   [
    0.0774664357304573,
    -0.2352149486541748,
    0.9688513278961182
   ]
  ]
 },
 {
  "rotation_euler": [
   -0.2652525305747986,
   0.1672927737236023,
   -0.5907458066940308
  ],
  "euler_order": "XYZ",
  "rotation_matrix": [
   [
    0.8189306855201721,
    0.5012468099594116,
    0.279471218585968
   ],
   [
    -0.5492047071456909,
    0.8257923126220703,
    0.12822355329990387
   ],
   [
    -0.16651353240013123,
    -0.2584930956363678,
    0.9515537619590759
   ]
  ]
 },
 {
  "rotation_euler": [
   -0.2366226464509964,
   -0.06980559229850769,
   -2.8423678874969482
  ],
  "euler_order": "XYZ",
  "rotation_matrix": [
   [
    -0.9532380700111389,
    0.27094149589538574,
    0.1338948905467987
   ],
   [
    -0.2940616011619568,
    -0.9337584972381592,
    -0.20401667058467865
   ],
   [
    0.06974891573190689,
    -0.23384980857372284,
    0.969767689704895
   ]
  ]
 }
]