[
 {
  "rotation_euler": [
   0.00012148274981882423,
   0.011716821230947971,
   1.4460084438323975
  ],
  "euler_order": "XYZ",
  "rotation_matrix": [
   [
    0.12445572763681412,
    -0.9922239184379578,
    0.0015788302989676595
   ],
   [
    0.9921559691429138,
    0.12446568161249161,
    0.01161032635718584
   ],
   [
    -0.011716553010046482,
    0.00012147441157139838,
    0.9999313354492188
   ]
  ]
 },
 {
  "rotation_euler": [
   0.00012283939577173442,
   0.011719672940671444,
   1.748968243598938
  ],
  "euler_order": "XYZ",
  "rotation_matrix": [
   [
    -0.17721855640411377,
    -0.984169602394104,
    -0.001956143882125616
   ],
   [
    0.9841017127037048,
    -0.17722931504249573,
    0.01155564934015274
   ],
   [
    -0.011719404719769955,
    0.00012283095566090196,
    0.9999313354492188
   ]
  ]
 },
 {
  "rotation_euler": [
   0.00012308353325352073,
   0.011718014255166054,
   -1.4645309448242188
  ],
  "euler_order": "XYZ",
  "rotation_matrix": [
   [
    0.10605821758508682,
    0.9943593144416809,
    0.0011204592883586884
   ],
   [
    -0.9942908883094788,
    0.10606406629085541,
    -0.01166470255702734
   ],
   [
    -0.011717746034264565,
    0.00012307507859077305,
    0.9999313354492188
   ]
  ]
 },
 {
  "rotation_euler": [
   0.0001236866373801604,
   0.011716721579432487,
   1.4173177480697632
  ],
  "euler_order": "XYZ",
  "rotation_matrix": [
   [
    0.15286624431610107,
    -0.9882450103759766,
    0.001913405954837799
   ],
   [
    0.9881774187088013,
    0.15287816524505615,
    0.011559820733964443
   ],
   [
    -0.011716453358530998,
    0.00012367815361358225,
    0.9999313354492188
   ]
  ]
 },
 {
  "rotation_euler": [
   0.00012367356976028532,
   0.011718690395355225,
   1.5463488101959229
  ],
  "euler_order": "XYZ",
  "rotation_matrix": [
   [
    0.024443402886390686,
    -0.9997011423110962,
    0.00041009439155459404
   ],
   [
    0.9996325373649597,
    0.024446530267596245,
    0.01171189732849598
   ],
   [
    -0.011718422174453735,
    0.00012366507144179195,
    0.9999313354492188
   ]
  ]
 },
 {
  "rotation_euler": [
   0.00012328187585808337,
   0.011717303656041622,
   0.052718259394168854
  ],
  "euler_order": "XYZ",
  "rotation_matrix": [
   [
    0.9985421895980835,
    -0.05269240215420723,
    0.011707253754138947
   ],
   [
    0.05269022658467293,
    0.99861079454422,
    0.0004943050444126129
   ],
   [
    -0.011717035435140133,
    0.00012327340664342046,
    0.9999313354492188
   ]
  ]
 },
 {
  "rotation_euler": [
   0.0001230282650794834,
   0.011718055233359337,
   0.030694905668497086
  ],
  "euler_order": "XYZ",
  "rotation_matrix": [
   [
    0.9994603395462036,
    -0.03068864531815052,
    0.011716042645275593
   ],
   [
    0.030687978491187096,
    0.9995290040969849,
    0.00023664957552682608
   ],
   [
    -0.011717787012457848,
    0.00012301982496865094,
    0.9999313354492188
   ]
  ]
 },
 {
  "rotation_euler": [
   0.00012367608724161983,
   0.011717087589204311,
   0.2107287496328354
  ],
  "euler_order": "XYZ",
  "rotation_matrix": [
   [
    0.9778116345405579,
    -0.20917116105556488,
    0.01148349791765213
   ],
   [
    0.20915822684764862,
    0.9778790473937988,
    0.0023298971354961395
   ],
   [
    -0.011716819368302822,
    0.0001236676034750417,
    0.9999313354492188
   ]
  ]
 },
 {
  "rotation_euler": [
   0.0001232740469276905,
   0.01171708945184946,
   -2.5725185871124268
  ],
  "euler_order": "XYZ",
  "rotation_matrix": [
   [
    -0.8423424363136292,
    0.5388510227203369,
    -0.00993668008595705
   ],
   [
    -0.5388152599334717,
    -0.8424010276794434,
    -0.006209789775311947
   ],
   [
    -0.011716821230947971,
    0.0001232655777130276,
    0.9999313354492188
   ]
  ]
 },
 {
  "rotation_euler": [
   0.00012352963676676154,
   0.011717225424945354,
   -2.1464390754699707
  ],
  "euler_order": "XYZ",
  "rotation_matrix": [
   [
    -0.5443366765975952,
    0.8388417959213257,
    -0.006482029799371958
   ],
   [
    -0.8387849926948547,
    -0.5443753004074097,
    -0.00976143591105938
   ],
   [
    -0.011716957204043865,
    0.0001235211530001834,
    0.9999313354492188
   ]
  ]
 },
 {
  "rotation_euler": [
   0.000123079982586205,
   0.01171798538416624,
   1.449903964996338
  ],
  "euler_order": "XYZ",
  "rotation_matrix": [
   [
    0.12058982253074646,
    -0.9927012324333191,
    0.0015353161143139005
   ],
   [
    0.9926332831382751,
    0.12059953808784485,
    0.011617351323366165
   ],
   [
    -0.011717717163264751,
    0.00012307152792345732,
    0.9999313354492188
   ]
  ]
 },
 {
  "rotation_euler": [
   0.00011103587894467637,
   0.011716770008206367,
   1.5373905897140503
  ],
  "euler_order": "XYZ",
  "rotation_matrix": [
   [
    0.03339723125100136,
    -0.9994420409202576,
    0.0005022995173931122
   ],
   [
    0.9993734955787659,
    0.033400826156139374,
    0.011706256307661533
   ],
   [
    -0.011716501787304878,
    0.0001110282537410967,
    0.9999313354492188
   ]
  ]
 },
 {
  "rotation_euler": [
   0.00012255522597115487,
   0.011717240326106548,
   0.7075706720352173
  ],
  "euler_order": "XYZ",
  "rotation_matrix": [
   [
    0.7598909735679626,
    -0.6499884724617004,
    0.008983892388641834
   ],
   [
    0.6499449014663696,
    0.7599440813064575,
    0.0075227743946015835
   ],
   [
    -0.011716972105205059,
    0.00012254681496415287,
    0.9999313354492188
   ]
  ]
 },
 {
  "rotation_euler": [
   0.00012307899305596948,
   0.011717608198523521,
   -1.577184796333313
  ],
  "euler_order": "XYZ",
  "rotation_matrix": [
   [
    -0.006387987639755011,
    0.999979555606842,
    -0.00019793184765148908
   ],
   [
    -0.9999109506607056,
    -0.006389867980033159,
    -0.01171631459146738
   ],
   [
    -0.011717339977622032,
    0.0001230705383932218,
    0.9999313354492188
   ]
  ]
 },
 {
  "rotation_euler": [
   0.00012140249600633979,
   0.011717095971107483,
   -1.8493369817733765
  ],
  "euler_order": "XYZ",
  "rotation_matrix": [
   [
    -0.27493396401405334,
    0.9614573121070862,
    -0.0033382985275238752
   ],
   [
    -0.9613916873931885,
    -0.2749541997909546,
    -0.011231854557991028
   ],
   [
    -0.011716827750205994,
    0.00012139416503487155,
    0.9999313354492188
   ]
  ]
 },
 {
  "rotation_euler": [
   0.00012221891665831208,
   0.011716756969690323,
   1.4871729612350464
  ],
  "euler_order": "XYZ",
  "rotation_matrix": [
   [
    0.08352020382881165,
    -0.9965054988861084,
    0.0011004225816577673
   ],
   [
    0.9964371919631958,
    0.08352736383676529,
    0.011665338650345802
   ],
   [
    -0.011716488748788834,
    0.00012221052020322531,
    0.9999313354492188
   ]
  ]
 }
]