[
 {
  "rotation_euler": [
   -0.5667757391929626,
   9.316175919593661e-07,
   -0.8225001096725464
  ],
  "euler_order": "XYZ",
  "rotation_matrix": [
   [
    0.6803911328315735,
    0.618257999420166,
    0.39347806572914124
   ],
   [
    -0.7328491806983948,
    0.5740031599998474,
    0.3653114438056946
   ],
   [
    -9.316175919593661e-07,
    -0.5369147658348083,
    0.8436365127563477
   ]
  ]
 },
 {
  "rotation_euler": [
   -0.5667755007743835,
   1.1786958111770218e-06,
   0.5419157147407532
  ],
  "euler_order": "XYZ",
  "rotation_matrix": [
   [
    0.8567221760749817,
    -0.43512991070747375,
    -0.2769279479980469
   ],
   [
    0.5157781839370728,
    0.722761869430542,
    0.4599871039390564
   ],
   [
    -1.1786958111770218e-06,
    -0.5369145274162292,
    0.8436366319656372
   ]
  ]
 },
 {
  "rotation_euler": [
   0.9419026374816895,
   3.1415913105010986,
   0.5177328586578369
  ],
  "euler_order": "XYZ",
  "rotation_matrix": [
   [
    -0.868943452835083,
    -0.291130930185318,
    0.40022504329681396
   ],
   [
    -0.49491140246391296,
    0.5111569166183472,
    -0.7026957273483276
   ],
   [
    -1.3430886838250444e-06,
    -0.8086788058280945,
    -0.588250458240509
   ]
  ]
 },
 {
  "rotation_euler": [
   -0.5667730569839478,
   -1.276145781048399e-06,
   -0.1278344839811325
  ],
  "euler_order": "XYZ",
  "rotation_matrix": [
   [
    0.9918403029441833,
    0.10755321383476257,
    0.06844807416200638
   ],
   [
    -0.12748660147190094,
    0.8367540240287781,
    0.5325315594673157
   ],
   [
    1.276145781048399e-06,
    -0.5369125008583069,
    0.8436379432678223
   ]
  ]
 },
 {
  "rotation_euler": [
   -0.5667749643325806,
   5.019500690650602e-07,
   2.3072452545166016
  ],
  "euler_order": "XYZ",
  "rotation_matrix": [
   [
    -0.6716613173484802,
    -0.6250152587890625,
    -0.3977775573730469
   ],
   [
    0.7408583164215088,
    -0.5666384696960449,
    -0.3606241047382355
   ],
   [
    -5.019500690650602e-07,
    -0.5369141101837158,
    0.8436369299888611
   ]
  ]
 },
 {
  "rotation_euler": [
   -0.5667749047279358,
   6.777725616302632e-07,
   -3.0932374000549316
  ],
  "euler_order": "XYZ",
  "rotation_matrix": [
   [
    -0.9988310933113098,
    0.0407787449657917,
    0.0259519275277853
   ],
   [
    -0.04833641275763512,
    -0.842650830745697,
    -0.536286473274231
   ],
   [
    -6.777725616302632e-07,
    -0.536914050579071,
    0.8436369299888611
   ]
  ]
 },
 {
  "rotation_euler": [
   0.9419018626213074,
   -3.1415908336639404,
   0.0511886328458786
  ],
  "euler_order": "XYZ",
  "rotation_matrix": [
   [
    -0.998690128326416,
    -0.03010009042918682,
    0.04137599468231201
   ],
   [
    -0.05116628110408783,
    0.5874804854393005,
    -0.8076191544532776
   ],
   [
    1.8199258420281694e-06,
    -0.8086783289909363,
    -0.5882511138916016
   ]
  ]
 },
 {
  "rotation_euler": [
   -0.5667757987976074,
   -1.293365585297579e-06,
   1.6366387605667114
  ],
  "euler_order": "XYZ",
  "rotation_matrix": [
   [
    -0.06579487025737762,
    -0.8418084979057312,
    -0.5357513427734375
   ],
   [
    0.9978331923484802,
    -0.05550625920295715,
    -0.035327326506376266
   ],
   [
    1.293365585297579e-06,
    -0.5369147658348083,
    0.8436364531517029
   ]
  ]
 },
 {
  "rotation_euler": [
   -0.6008090972900391,
   -5.605393766927591e-07,
   1.068127989768982
  ],
  "euler_order": "XYZ",
  "rotation_matrix": [
   [
    0.4817655086517334,
    -0.7228410243988037,
    -0.49538153409957886
   ],
   [
    0.8763001561164856,
    0.39739829301834106,
    0.27234649658203125
   ],
   [
    5.605393766927591e-07,
    -0.5653100609779358,
    0.8248785138130188
   ]
  ]
 },
 {
  "rotation_euler": [
   -0.5667757391929626,
   8.972021987574408e-07,
   -0.8009989261627197
  ],
  "euler_order": "XYZ",
  "rotation_matrix": [
   [
    0.6959897875785828,
    0.6057742834091187,
    0.38553306460380554
   ],
   [
    -0.7180516719818115,
    0.5871627330780029,
    0.37368661165237427
   ],
   [
    -8.972021987574408e-07,
    -0.5369147658348083,
    0.8436365127563477
   ]
  ]
 },
 {
  "rotation_euler": [
   -0.5667754411697388,
   -8.66971674895467e-07,
   -2.6633381843566895
  ],
  "euler_order": "XYZ",
  "rotation_matrix": [
   [
    -0.8877996206283569,
    0.3882666528224945,
    0.24710491299629211
   ],
   [
    -0.4602302014827728,
    -0.7489805221557617,
    -0.47667214274406433
   ],
   [
    8.66971674895467e-07,
    -0.5369144678115845,
    0.843636691570282
   ]
  ]
 },
 {
  "rotation_euler": [
   -0.5667755007743835,
   1.5842329048609827e-06,
   3.119636297225952
  ],
  "euler_order": "XYZ",
  "rotation_matrix": [
   [
    -0.9997589588165283,
    -0.01852084882557392,
    -0.011789076030254364
   ],
   [
    0.021954592317342758,
    -0.8434333205223083,
    -0.5367851257324219
   ],
   [
    -1.5842329048609827e-06,
    -0.5369145274162292,
    0.8436366319656372
   ]
  ]
 },
 {
  "rotation_euler": [
   -0.5667755603790283,
   -6.64479841816501e-07,
   -1.6188541650772095
  ],
  "euler_order": "XYZ",
  "rotation_matrix": [
   [
    -0.04803934320807457,
    0.8426625728607178,
    0.53629469871521
   ],
   [
    -0.9988454580307007,
    -0.040528103709220886,
    -0.02579246275126934
   ],
   [
    6.64479841816501e-07,
    -0.536914587020874,
    0.8436366319656372
   ]
  ]
 },
 {
  "rotation_euler": [
   -0.5667760372161865,
   -1.9030770204153669e-07,
   -2.792454719543457
  ],
  "euler_order": "XYZ",
  "rotation_matrix": [
   [
    -0.9396679401397705,
    0.2885976731777191,
    0.18367226421833038
   ],
   [
    -0.34208786487579346,
    -0.7927380800247192,
    -0.5045217871665955
   ],
   [
    1.9030770204153669e-07,
    -0.5369150042533875,
    0.8436363339424133
   ]
  ]
 },
 {
  "rotation_euler": [
   -1.5038317441940308,
   -0.003962928894907236,
   0.11929170787334442
  ],
  "euler_order": "XYZ",
  "rotation_matrix": [
   [
    0.992885410785675,
    -0.004037496168166399,
    -0.11900553852319717
   ],
   [
    0.11900804191827774,
    0.066909559071064,
    0.9906362295150757
   ],
   [
    0.003962918650358915,
    -0.9977508783340454,
    0.06691402196884155
   ]
  ]
 },
 {
  "rotation_euler": [
   -0.5717746615409851,
   0.0012012585066258907,
   -3.052581787109375
  ],
  "euler_order": "XYZ",
  "rotation_matrix": [
   [
    -0.996040403842926,
    0.07540162652730942,
    0.047096263617277145
   ],
   [
    -0.08889330923557281,
    -0.8375550508499146,
    -0.5390728712081909
   ],
   [
    -0.001201258273795247,
    -0.5411248803138733,
    0.8409413695335388
   ]
  ]
 }
]