[
 {
  "rotation_euler": [
   0.2713793218135834,
   1.4510207176208496,
   -2.477363109588623
  ],
  "euler_order": "XYZ",
  "rotation_matrix": [
   [
    -0.09408501535654068,
    0.3843352794647217,
    -0.9183868765830994
   ],
   [
    -0.07365957647562027,
    -0.9226377606391907,
    -0.3785681128501892
   ],
   [
    -0.9928354620933533,
    0.03203039988875389,
    0.11511636525392532
   ]
  ]
 },
 {
  "rotation_euler": [
   0.2721952795982361,
   -1.4645909070968628,
   -1.358457326889038
  ],
  "euler_order": "XYZ",
  "rotation_matrix": [
   [
    0.02234041318297386,
    0.8852112293243408,
    -0.46465256810188293
   ],
   [
    -0.10362505167722702,
    0.4643155038356781,
    0.8795868158340454
   ],
   [
    0.9943655133247375,
    0.028499312698841095,
    0.10210305452346802
   ]
  ]
 },
 {
  "rotation_euler": [
   0.27137771248817444,
   1.45102059841156,
   1.6574490070343018
  ],
  "euler_order": "XYZ",
  "rotation_matrix": [
   [
    -0.01034113671630621,
    -0.9828205704689026,
    0.1842736154794693
   ],
   [
    0.11904121935367584,
    0.1817629337310791,
    0.9761103391647339
   ],
   [
    -0.9928354620933533,
    0.032030247151851654,
    0.11511652916669846
   ]
  ]
 },
 {
  "rotation_euler": [
   0.271378755569458,
   1.4510208368301392,
   2.0600996017456055
  ],
  "euler_order": "XYZ",
  "rotation_matrix": [
   [
    -0.056161291897296906,
    -0.9754456281661987,
    -0.21295954287052155
   ],
   [
    0.1054684966802597,
    -0.21789886057376862,
    0.9702559113502502
   ],
   [
    -0.9928354620933533,
    0.03203030303120613,
    0.11511626839637756
   ]
  ]
 },
 {
  "rotation_euler": [
   0.2713802456855774,
   1.4510207176208496,
   1.0359781980514526
  ],
  "euler_order": "XYZ",
  "rotation_matrix": [
   [
    0.06090191751718521,
    -0.6932258009910583,
    0.7181427478790283
   ],
   [
    0.10280408710241318,
    0.720008373260498,
    0.6863084435462952
   ],
   [
    -0.9928354620933533,
    0.03203050419688225,
    0.11511633545160294
   ]
  ]
 },
 {
  "rotation_euler": [
   0.2713797092437744,
   1.4510207176208496,
   2.4618430137634277
  ],
  "euler_order": "XYZ",
  "rotation_matrix": [
   [
    -0.09293052554130554,
    -0.8125782608985901,
    -0.575395941734314
   ],
   [
    0.07511085271835327,
    -0.5819713473320007,
    0.8097331523895264
   ],
   [
    -0.9928354620933533,
    0.03203044459223747,
    0.11511635035276413
   ]
  ]
 },
 {
  "rotation_euler": [
   0.2713806629180908,
   1.4510208368301392,
   -2.287942886352539
  ],
  "euler_order": "XYZ",
  "rotation_matrix": [
   [
    -0.07853276282548904,
    0.5511828064918518,
    -0.8306805491447449
   ],
   [
    -0.09005720168352127,
    -0.8337695002555847,
    -0.5447183847427368
   ],
   [
    -0.9928354620933533,
    0.03203052282333374,
    0.11511620134115219
   ]
  ]
 },
 {
  "rotation_euler": [
   0.5083425045013428,
   0.26775696873664856,
   0.6476455926895142
  ],
  "euler_order": "XYZ",
  "rotation_matrix": [
   [
    0.7690886855125427,
    -0.42432546615600586,
    0.4779649078845978
   ],
   [
    0.5818125009536743,
    0.7743542194366455,
    -0.24873629212379456
   ],
   [
    -0.2645689845085144,
    0.4693862497806549,
    0.8424249291419983
   ]
  ]
 },
 {
  "rotation_euler": [
   0.2713789939880371,
   1.4510208368301392,
   1.5120480060577393
  ],
  "euler_order": "XYZ",
  "rotation_matrix": [
   [
    0.007015759125351906,
    -0.9461138248443604,
    0.32375821471214294
   ],
   [
    0.11928316950798035,
    0.322246253490448,
    0.9391106963157654
   ],
   [
    -0.9928354620933533,
    0.03203032910823822,
    0.11511626094579697
   ]
  ]
 },
 {
  "rotation_euler": [
   0.2637268006801605,
   -1.4616801738739014,
   -0.9461578726768494
  ],
  "euler_order": "XYZ",
  "rotation_matrix": [
   [
    0.06368501484394073,
    0.6315881609916687,
    -0.7726840376853943
   ],
   [
    -0.08833671361207962,
    0.7747842073440552,
    0.6260240077972412
   ],
   [
    0.9940527081489563,
    0.028388019651174545,
    0.10513456165790558
   ]
  ]
 },
 {
  "rotation_euler": [
   0.2503756880760193,
   -1.4561598300933838,
   -0.018035313114523888
  ],
  "euler_order": "XYZ",
  "rotation_matrix": [
   [
    0.11436697840690613,
    -0.22862966358661652,
    -0.9667723178863525
   ],
   [
    -0.0020628678612411022,
    0.9731008410453796,
    -0.23037031292915344
   ],
   [
    0.9934364557266235,
    0.028341080993413925,
    0.11081896722316742
   ]
  ]
 },
 {
  "rotation_euler": [
   0.26691675186157227,
   -1.4629449844360352,
   2.0915334224700928
  ],
  "euler_order": "XYZ",
  "rotation_matrix": [
   [
    -0.05355419963598251,
    -0.7062724232673645,
    0.7059116363525391
   ],
   [
    0.09337466955184937,
    -0.7073705792427063,
    -0.7006482481956482
   ],
   [
    0.9941896796226501,
    0.028391605243086815,
    0.10383062064647675
   ]
  ]
 },
 {
  "rotation_euler": [
   0.23776961863040924,
   -1.4503693580627441,
   -0.7493264079093933
  ],
  "euler_order": "XYZ",
  "rotation_matrix": [
   [
    0.08795738220214844,
    0.49078428745269775,
    -0.8668299913406372
   ],
   [
    -0.08183018863201141,
    0.8708215355873108,
    0.48474088311195374
   ],
   [
    0.9927574396133423,
    0.028296325355768204,
    0.11675615608692169
   ]
  ]
 },
 {
  "rotation_euler": [
   0.27137842774391174,
   1.4510204792022705,
   2.9598257541656494
  ],
  "euler_order": "XYZ",
  "rotation_matrix": [
   [
    -0.11752117425203323,
    -0.43590667843818665,
    -0.8922858834266663
   ],
   [
    0.021599864587187767,
    -0.8994216918945312,
    0.4365478456020355
   ],
   [
    -0.9928354620933533,
    0.03203035891056061,
    0.11511661857366562
   ]
  ]
 },
 {
  "rotation_euler": [
   0.26422449946403503,
   -1.461875319480896,
   2.7005977630615234
  ],
  "euler_order": "XYZ",
  "rotation_matrix": [
   [
    -0.0983056053519249,
    -0.17725078761577606,
    0.9792436957359314
   ],
   [
    0.04639990255236626,
    -0.9837561845779419,
    -0.17340953648090363
   ],
   [
    0.9940739870071411,
    0.02838968113064766,
    0.10493316501379013
   ]
  ]
 },
 {
  "rotation_euler": [
   0.1935034692287445,
   -1.44612455368042,
   -0.29267576336860657
  ],
  "euler_order": "XYZ",
  "rotation_matrix": [
   [
    0.11906115710735321,
    0.10043885558843613,
    -0.9877937436103821
   ],
   [
    -0.035876598209142685,
    0.9946558475494385,
    0.09681230038404465
   ],
   [
    0.9922385215759277,
    0.02391209453344345,
    0.12202827632427216
   ]
  ]
 }
]