[
 {
  "rotation_euler": [
   1.362859052278509e-06,
   -0.0002674849529284984,
   0.8283717632293701
  ],
  "euler_order": "XYZ",
  "rotation_matrix": [
   [
    0.676076352596283,
    -0.736831545829773,
    -0.00017983606085181236
   ],
   [
    0.7368314862251282,
    0.6760764122009277,
    -0.00019801274174824357
   ],
   [
    0.0002674849529284984,
    1.362859052278509e-06,
    0.9999999403953552
   ]
  ]
 },
 {
  "rotation_euler": [
   5.6702833717281464e-06,
   -0.0002641890023369342,
   -0.4832707643508911
  ],
  "euler_order": "XYZ",
  "rotation_matrix": [
   [
    0.8854798078536987,
    0.4646778404712677,
    -0.0002365688851568848
   ],
   [
    -0.4646778404712677,
    0.8854798078536987,
    0.0001177418525912799
   ],
   [
    0.0002641890023369342,
    5.6702833717281464e-06,
    0.9999999403953552
   ]
  ]
 },
 {
  "rotation_euler": [
   2.690061080556916e-07,
   -0.0002646853681653738,
   2.421354055404663
  ],
  "euler_order": "XYZ",
  "rotation_matrix": [
   [
    -0.7516483664512634,
    -0.6595640182495117,
    0.00019912775314878672
   ],
   [
    0.6595640182495117,
    -0.7516483664512634,
    -0.0001743747416185215
   ],
   [
    0.0002646853681653738,
    2.690061080556916e-07,
    0.9999999403953552
   ]
  ]
 },
 {
  "rotation_euler": [
   -7.408409601339372e-06,
   -0.00026289126253686845,
   1.5796730518341064
  ],
  "euler_order": "XYZ",
  "rotation_matrix": [
   [
    -0.00887660775333643,
    -0.9999606013298035,
    -5.074534783489071e-06
   ],
   [
    0.9999605417251587,
    -0.008876606822013855,
    -0.0002629466762300581
   ],
   [
    0.00026289126253686845,
    -7.408409146592021e-06,
    0.9999999403953552
   ]
  ]
 },
 {
  "rotation_euler": [
   3.563770789583032e-08,
   -0.0002729059779085219,
   1.2212053537368774
  ],
  "euler_order": "XYZ",
  "rotation_matrix": [
   [
    0.3425135314464569,
    -0.9395129084587097,
    -9.344051068183035e-05
   ],
   [
    0.9395128488540649,
    0.3425135612487793,
    -0.0002564108872320503
   ],
   [
    0.0002729059779085219,
    3.563770789583032e-08,
    0.9999999403953552
   ]
  ]
 },
 {
  "rotation_euler": [
   1.1133823818454402e-06,
   -0.0002689327229745686,
   -0.7054042816162109
  ],
  "euler_order": "XYZ",
  "rotation_matrix": [
   [
    0.7613494992256165,
    0.6483416557312012,
    -0.0002054736396530643
   ],
   [
    -0.6483416557312012,
    0.7613494992256165,
    0.00017351261340081692
   ],
   [
    0.0002689327229745686,
    1.1133823818454402e-06,
    0.9999999403953552
   ]
  ]
 },
 {
  "rotation_euler": [
   -3.510029273456894e-06,
   -0.00027186490478925407,
   0.6285814046859741
  ],
  "euler_order": "XYZ",
  "rotation_matrix": [
   [
    0.8088624477386475,
    -0.5879979133605957,
    -0.0002219651942141354
   ],
   [
    0.5879978537559509,
    0.8088624477386475,
    -0.00015701686788816005
   ],
   [
    0.00027186490478925407,
    -3.5100290460832184e-06,
    0.9999999403953552
   ]
  ]
 },
 {
  "rotation_euler": [
   -3.2828395433170954e-06,
   -0.00027209712425246835,
   -0.5672369003295898
  ],
  "euler_order": "XYZ",
  "rotation_matrix": [
   [
    0.8433887958526611,
    0.5373037457466125,
    -0.00022771979274693877
   ],
   [
    -0.5373036861419678,
    0.8433887958526611,
    0.00014896750508341938
   ],
   [
    0.00027209712425246835,
    -3.28283931594342e-06,
    0.9999999403953552
   ]
  ]
 },
 {
  "rotation_euler": [
   -6.227247467904817e-06,
   -0.00027591639081947505,
   -0.19606713950634003
  ],
  "euler_order": "XYZ",
  "rotation_matrix": [
   [
    0.9808403253555298,
    0.1948133409023285,
    -0.000269416777882725
   ],
   [
    -0.1948133260011673,
    0.9808403253555298,
    5.9860129113076255e-05
   ],
   [
    0.00027591639081947505,
    -6.2272470131574664e-06,
    0.9999999403953552
   ]
  ]
 },
 {
  "rotation_euler": [
   -8.570865247747861e-06,
   -0.0002748549450188875,
   2.4562981128692627
  ],
  "euler_order": "XYZ",
  "rotation_matrix": [
   [
    -0.7742326259613037,
    -0.6329010725021362,
    0.00020737716113217175
   ],
   [
    0.6329010725021362,
    -0.7742326855659485,
    -0.00018059182912111282
   ],
   [
    0.0002748549450188875,
    -8.570865247747861e-06,
    0.9999999403953552
   ]
  ]
 },
 {
  "rotation_euler": [
   -4.5030774344922975e-05,
   -0.00023223357857204974,
   -2.856308937072754
  ],
  "euler_order": "XYZ",
  "rotation_matrix": [
   [
    -0.9595817923545837,
    0.2814297080039978,
    0.0002355201286263764
   ],
   [
    -0.2814297080039978,
    -0.9595818519592285,
    2.2146714400150813e-05
   ],
   [
    0.00023223357857204974,
    -4.5030774344922975e-05,
    1.0
   ]
  ]
 },
 {
  "rotation_euler": [
   -4.147336312598782e-06,
   -0.0002732071152422577,
   -1.5140918493270874
  ],
  "euler_order": "XYZ",
  "rotation_matrix": [
   [
    0.05667409300804138,
    0.9983927607536316,
    -1.1343095138727222e-05
   ],
   [
    -0.9983927011489868,
    0.05667409300804138,
    0.0002730030391830951
   ],
   [
    0.0002732071152422577,
    -4.147336312598782e-06,
    0.9999999403953552
   ]
  ]
 },
 {
  "rotation_euler": [
   -4.998350505047711e-06,
   -0.0002686979714781046,
   -0.12474340200424194
  ],
  "euler_order": "XYZ",
  "rotation_matrix": [
   [
    0.9922295808792114,
    0.12442013621330261,
    -0.0002659882011357695
   ],
   [
    -0.12442012876272202,
    0.9922296404838562,
    3.83909500669688e-05
   ],
   [
    0.0002686979714781046,
    -4.998350505047711e-06,
    0.9999999403953552
   ]
  ]
 },
 {
  "rotation_euler": [
   3.7124344487438066e-08,
   -0.000267935887677595,
   -2.0534586906433105
  ],
  "euler_order": "XYZ",
  "rotation_matrix": [
   [
    -0.46413901448249817,
    0.8857623338699341,
    0.00012432661605998874
   ],
   [
    -0.8857623338699341,
    -0.46413904428482056,
    0.00023734474962111562
   ],
   [
    0.000267935887677595,
    3.7124344487438066e-08,
    0.9999999403953552
   ]
  ]
 },
 {
  "rotation_euler": [
   -3.2740172173362225e-06,
   -0.0002727448591031134,
   -0.8555178642272949
  ],
  "euler_order": "XYZ",
  "rotation_matrix": [
   [
    0.6558276414871216,
    0.7549106478691101,
    -0.0001764020271366462
   ],
   [
    -0.7549106478691101,
    0.6558276414871216,
    0.00020804518135264516
   ],
   [
    0.0002727448591031134,
    -3.274016989962547e-06,
    0.9999999403953552
   ]
  ]
 },
 {
  "rotation_euler": [
   -5.106804110255325e-06,
   -0.00027284695534035563,
   2.676401376724243
  ],
  "euler_order": "XYZ",
  "rotation_matrix": [
   [
    -0.8937357664108276,
    -0.44859376549720764,
    0.00024156220024451613
   ],
   [
    0.44859373569488525,
    -0.8937357664108276,
    -0.0001269615750061348
   ],
   [
    0.00027284695534035563,
    -5.106804110255325e-06,
    0.9999999403953552
   ]
  ]
 }
]