[
 {
  "rotation_euler": [
   -1.6940571069717407,
   6.693866794194037e-09,
   -1.881884217262268
  ],
  "euler_order": "XYZ",
  "rotation_matrix": [
   [
    -0.3060944974422455,
    -0.11704748868942261,
    0.944778323173523
   ],
   [
    -0.95200115442276,
    0.0376339852809906,
    -0.3037721514701843
   ],
   [
    -6.693866794194037e-09,
    -0.9924129843711853,
    -0.12294889241456985
   ]
  ]
 },
 {
  "rotation_euler": [
   -1.6940571069717407,
   1.6143479442121134e-08,
   -0.45426440238952637
  ],
  "euler_order": "XYZ",
  "rotation_matrix": [
   [
    0.8985840678215027,
    -0.05395016819238663,
    0.4354722499847412
   ],
   [
    -0.43880143761634827,
    -0.1104799136519432,
    0.8917664885520935
   ],
   [
    -1.6143479442121134e-08,
    -0.9924129843711853,
    -0.12294889241456985
   ]
  ]
 },
 {
  "rotation_euler": [
   -1.3837016820907593,
   -3.1415927410125732,
   -0.06290092319250107
  ],
  "euler_order": "XYZ",
  "rotation_matrix": [
   [
    -0.9980223774909973,
    0.011692089028656483,
    0.0617624968290329
   ],
   [
    0.06285945326089859,
    0.1856371909379959,
    0.9806057214736938
   ],
   [
    -8.742277657347586e-08,
    0.9825487732887268,
    -0.18600502610206604
   ]
  ]
 },
 {
  "rotation_euler": [
   -1.5727393474662676e-05,
   5.312638313625939e-05,
   0.608010470867157
  ],
  "euler_order": "XYZ",
  "rotation_matrix": [
   [
    0.8207861185073853,
    -0.5712355971336365,
    3.4621352824615315e-05
   ],
   [
    0.5712355971336365,
    0.8207861185073853,
    4.3256510252831504e-05
   ],
   [
    -5.312638313625939e-05,
    -1.5727393474662676e-05,
    1.0
   ]
  ]
 },
 {
  "rotation_euler": [
   -1.6940571069717407,
   -3.4887243316461536e-08,
   -2.684011697769165
  ],
  "euler_order": "XYZ",
  "rotation_matrix": [
   [
    -0.8971238136291504,
    -0.05431629717350006,
    0.4384274482727051
   ],
   [
    -0.441779226064682,
    0.11030036956071854,
    -0.8903173208236694
   ],
   [
    3.4887243316461536e-08,
    -0.9924129843711853,
    -0.12294889241456985
   ]
  ]
 },
 {
  "rotation_euler": [
   -1.6940571069717407,
   9.065109551897876e-09,
   2.7727441787719727
  ],
  "euler_order": "XYZ",
  "rotation_matrix": [
   [
    -0.9327431321144104,
    0.044328197836875916,
    -0.35780617594718933
   ],
   [
    0.36054158210754395,
    0.1146797388792038,
    -0.9256663918495178
   ],
   [
    -9.065109551897876e-09,
    -0.9924129843711853,
    -0.12294889241456985
   ]
  ]
 },
 {
  "rotation_euler": [
   -1.3503959053196013e-05,
   1.2395346857374534e-05,
   -1.3842556476593018
  ],
  "euler_order": "XYZ",
  "rotation_matrix": [
   [
    0.18546070158481598,
    0.9826517105102539,
    1.556853749207221e-05
   ],
   [
    -0.9826517105102539,
    0.18546070158481598,
    -9.675854926172178e-06
   ],
   [
    -1.2395346857374534e-05,
    -1.3503959053196013e-05,
    1.0
   ]
  ]
 },
 {
  "rotation_euler": [
   0.00944016594439745,
   -0.45678699016571045,
   1.1061859130859375
  ],
  "euler_order": "XYZ",
  "rotation_matrix": [
   [
    0.40213537216186523,
    -0.8958219885826111,
    -0.18918265402317047
   ],
   [
    0.8023386001586914,
    0.4443322718143463,
    -0.39852431416511536
   ],
   [
    0.44106680154800415,
    0.008472179993987083,
    0.8974342942237854
   ]
  ]
 },
 {
  "rotation_euler": [
   -1.6940572261810303,
   2.7600574270536526e-08,
   0.7193502187728882
  ],
  "euler_order": "XYZ",
  "rotation_matrix": [
   [
    0.7522340416908264,
    0.0810105949640274,
    -0.6538969874382019
   ],
   [
    0.6588960289955139,
    -0.09248644858598709,
    0.746526837348938
   ],
   [
    -2.7600574270536526e-08,
    -0.9924129843711853,
    -0.1229490116238594
   ]
  ]
 },
 {
  "rotation_euler": [
   1.757891058921814,
   -1.2912235725082155e-09,
   -0.11557692289352417
  ],
  "euler_order": "XYZ",
  "rotation_matrix": [
   [
    0.9933283925056458,
    -0.021450070664286613,
    -0.11330731213092804
   ],
   [
    -0.11531978100538254,
    -0.18476416170597076,
    -0.9759936332702637
   ],
   [
    1.2912235725082155e-09,
    0.9825487732887268,
    -0.1860051155090332
   ]
  ]
 },
 {
  "rotation_euler": [
   5.242431871010922e-05,
   -0.459365576505661,
   1.6126257181167603
  ],
  "euler_order": "XYZ",
  "rotation_matrix": [
   [
    -0.03748217225074768,
    -0.99912428855896,
    0.01859326660633087
   ],
   [
    0.8955499529838562,
    -0.04184041917324066,
    -0.4429895281791687
   ],
   [
    0.44337955117225647,
    4.6989698603283614e-05,
    0.8963339924812317
   ]
  ]
 },
 {
  "rotation_euler": [
   3.130230470560491e-05,
   -0.45938175916671753,
   2.1608879566192627
  ],
  "euler_order": "XYZ",
  "rotation_matrix": [
   [
    -0.4987495243549347,
    -0.8308819532394409,
    0.24674692749977112
   ],
   [
    0.7447487115859985,
    -0.5564486980438232,
    -0.368394136428833
   ],
   [
    0.4433940351009369,
    2.8057094823452644e-05,
    0.8963267803192139
   ]
  ]
 },
 {
  "rotation_euler": [
   9.843216503213625e-06,
   -7.2034226832329296e-06,
   0.16165700554847717
  ],
  "euler_order": "XYZ",
  "rotation_matrix": [
   [
    0.9869619607925415,
    -0.1609538346529007,
    -5.525200776901329e-06
   ],
   [
    0.1609538346529007,
    0.9869619607925415,
    -1.0874298823182471e-05
   ],
   [
    7.2034226832329296e-06,
    9.843216503213625e-06,
    1.0
   ]
  ]
 },
 {
  "rotation_euler": [
   1.757891058921814,
   3.6859046370629756e-10,
   -1.5362467765808105
  ],
  "euler_order": "XYZ",
  "rotation_matrix": [
   [
    0.03454267606139183,
    -0.18589411675930023,
    -0.9819624423980713
   ],
   [
    -0.9994032382965088,
    -0.006425115279853344,
    -0.03393986448645592
   ],
   [
    -3.6859046370629756e-10,
    0.9825487732887268,
    -0.1860051155090332
   ]
  ]
 },
 {
  "rotation_euler": [
   1.757891058921814,
   -1.79656343135548e-08,
   -0.5227935314178467
  ],
  "euler_order": "XYZ",
  "rotation_matrix": [
   [
    0.8664277195930481,
    -0.09287282824516296,
    -0.4905890226364136
   ],
   [
    -0.499302476644516,
    -0.16115999221801758,
    -0.8513075113296509
   ],
   [
    1.79656343135548e-08,
    0.9825487732887268,
    -0.1860051155090332
   ]
  ]
 },
 {
  "rotation_euler": [
   -1.6940572261810303,
   1.2689169714974469e-09,
   0.018523382022976875
  ],
  "euler_order": "XYZ",
  "rotation_matrix": [
   [
    0.9998284578323364,
    0.0022772999946027994,
    -0.018381793051958084
   ],
   [
    0.018522322177886963,
    -0.12292791903018951,
    0.9922427535057068
   ],
   [
    -1.2689169714974469e-09,
    -0.9924129843711853,
    -0.1229490116238594
   ]
  ]
 }
]