[
 {
  "rotation_euler": [
   -1.0994774103164673,
   2.466991662979126,
   -0.6450800895690918
  ],
  "euler_order": "XYZ",
  "rotation_matrix": [
   [
    -0.6240243315696716,
    -0.17165176570415497,
    0.7623183727264404
   ],
   [
    0.4695596396923065,
    0.6974137425422668,
    0.5414128303527832
   ],
   [
    -0.624585747718811,
    0.6958087086677551,
    -0.3546023964881897
   ]
  ]
 },
 {
  "rotation_euler": [
   -2.0040082931518555,
   -0.7296343445777893,
   -0.45937368273735046
  ],
  "euler_order": "XYZ",
  "rotation_matrix": [
   [
    0.6681409478187561,
    0.3561677038669586,
    0.6532474160194397
   ],
   [
    -0.33050858974456787,
    -0.6445260643959045,
    0.6894564628601074
   ],
   [
    0.6665971279144287,
    -0.6765580177307129,
    -0.3129177689552307
   ]
  ]
 },
 {
  "rotation_euler": [
   2.3354861736297607,
   -1.046127438545227,
   0.5463064312934875
  ],
  "euler_order": "XYZ",
  "rotation_matrix": [
   [
    0.4280162453651428,
    -0.1739526391029358,
    0.8868723511695862
   ],
   [
    0.26024872064590454,
    -0.9160141944885254,
    -0.3052680492401123
   ],
   [
    0.8654898405075073,
    0.3614670932292938,
    -0.34679800271987915
   ]
  ]
 },
 {
  "rotation_euler": [
   -2.5052175521850586,
   1.1552587747573853,
   0.994156002998352
  ],
  "euler_order": "XYZ",
  "rotation_matrix": [
   [
    0.22009159624576569,
    0.37776994705200195,
    -0.8993606567382812
   ],
   [
    0.3384060859680176,
    -0.894280195236206,
    -0.29282116889953613
   ],
   [
    -0.914899468421936,
    -0.23990163207054138,
    -0.3246631920337677
   ]
  ]
 },
 {
  "rotation_euler": [
   -1.9951080083847046,
   0.6972374320030212,
   -1.8603867292404175
  ],
  "euler_order": "XYZ",
  "rotation_matrix": [
   [
    -0.21891549229621887,
    -0.2274523228406906,
    0.9488632678985596
   ],
   [
    -0.7346976399421692,
    0.6783596277236938,
    -0.006894793827086687
   ],
   [
    -0.6421023011207581,
    -0.6986369490623474,
    -0.3156121075153351
   ]
  ]
 },
 {
  "rotation_euler": [
   1.9819360971450806,
   -0.25408944487571716,
   0.39008381962776184
  ],
  "euler_order": "XYZ",
  "rotation_matrix": [
   [
    0.8951817750930786,
    -0.06113246828317642,
    0.4414888620376587
   ],
   [
    0.3680565655231476,
    -0.4572509527206421,
    -0.8096023201942444
   ],
   [
    0.25136420130729675,
    0.8872341513633728,
    -0.38682249188423157
   ]
  ]
 },
 {
  "rotation_euler": [
   1.9498223066329956,
   0.05772889032959938,
   -0.026739297434687614
  ],
  "euler_order": "XYZ",
  "rotation_matrix": [
   [
    0.9979772567749023,
    0.04368988052010536,
    -0.0461796335875988
   ],
   [
    -0.02669157274067402,
    -0.3713165819644928,
    -0.9281225800514221
   ],
   [
    -0.05769683048129082,
    0.9274778366088867,
    -0.36939936876296997
   ]
  ]
 },
 {
  "rotation_euler": [
   -2.0680735111236572,
   -0.8321768641471863,
   -0.8391552567481995
  ],
  "euler_order": "XYZ",
  "rotation_matrix": [
   [
    0.4498045742511749,
    0.07920563220977783,
    0.8896079659461975
   ],
   [
    -0.5009644627571106,
    -0.8022395372390747,
    0.32472503185272217
   ],
   [
    0.739398717880249,
    -0.5917247533798218,
    -0.3211718201637268
   ]
  ]
 },
 {
  "rotation_euler": [
   -0.6255254745483398,
   1.9982887506484985,
   0.1812666654586792
  ],
  "euler_order": "XYZ",
  "rotation_matrix": [
   [
    -0.40779760479927063,
    -0.6702426671981812,
    0.6200612187385559
   ],
   [
    -0.07474050670862198,
    0.7013174295425415,
    0.7089201211929321
   ],
   [
    -0.9100082516670227,
    0.24275223910808563,
    -0.3360898494720459
   ]
  ]
 },
 {
  "rotation_euler": [
   -2.1109366416931152,
   -0.8874296545982361,
   0.10363069921731949
  ],
  "euler_order": "XYZ",
  "rotation_matrix": [
   [
    0.6280198693275452,
    0.7146849036216736,
    0.307922899723053
   ],
   [
    0.06531612575054169,
    -0.4427005648612976,
    0.8942874073982239
   ],
   [
    0.7754513621330261,
    -0.541517972946167,
    -0.32470518350601196
   ]
  ]
 },
 {
  "rotation_euler": [
   -1.1383674144744873,
   -2.9404799938201904,
   0.5245517492294312
  ],
  "euler_order": "XYZ",
  "rotation_matrix": [
   [
    -0.8481033444404602,
    -0.052898261696100235,
    -0.5271835923194885
   ],
   [
    -0.4907309114933014,
    0.45356738567352295,
    0.743948757648468
   ],
   [
    0.19975969195365906,
    0.8896507024765015,
    -0.41063082218170166
   ]
  ]
 },
 {
  "rotation_euler": [
   2.893810272216797,
   -1.2552484273910522,
   0.5239261984825134
  ],
  "euler_order": "XYZ",
  "rotation_matrix": [
   [
    0.2687092125415802,
    0.283132404088974,
    0.9206690192222595
   ],
   [
    0.15525667369365692,
    -0.9560559988021851,
    0.24870122969150543
   ],
   [
    0.9506264925003052,
    0.07611168920993805,
    -0.3008592426776886
   ]
  ]
 },
 {
  "rotation_euler": [
   -0.9026601314544678,
   2.1765151023864746,
   -1.27901291847229
  ],
  "euler_order": "XYZ",
  "rotation_matrix": [
   [
    -0.16378052532672882,
    0.4077036380767822,
    0.8983060121536255
   ],
   [
    0.5452879071235657,
    0.7962611317634583,
    -0.26197198033332825
   ],
   [
    -0.8220930695533752,
    0.4469295144081116,
    -0.3527279496192932
   ]
  ]
 },
 {
  "rotation_euler": [
   1.1414084434509277,
   -2.4219865798950195,
   0.4472823143005371
  ],
  "euler_order": "XYZ",
  "rotation_matrix": [
   [
    -0.6780816316604614,
    -0.720368504524231,
    0.14585795998573303
   ],
   [
    -0.32528093457221985,
    0.11617109179496765,
    -0.9384543895721436
   ],
   [
    0.6590884923934937,
    -0.6837934851646423,
    -0.3130955994129181
   ]
  ]
 },
 {
  "rotation_euler": [
   2.9303340911865234,
   -1.2162386178970337,
   -0.5414553284645081
  ],
  "euler_order": "XYZ",
  "rotation_matrix": [
   [
    0.2975154519081116,
    -0.6724448800086975,
    0.6777185797691345
   ],
   [
    -0.1789286583662033,
    -0.7365583181381226,
    -0.6522778868675232
   ],
   [
    0.9378001093864441,
    0.07279948145151138,
    -0.33945712447166443
   ]
  ]
 },
 {
  "rotation_euler": [
   2.5145456790924072,
   1.1427422761917114,
   -0.9198893904685974
  ],
  "euler_order": "XYZ",
  "rotation_matrix": [
   [
    0.25151321291923523,
    -0.32075151801109314,
    -0.9131591320037842
   ],
   [
    -0.3302273750305176,
    -0.9153116941452026,
    0.23055244982242584
   ],
   [
    -0.9097752571105957,
    0.24356316030025482,
    -0.3361338973045349
   ]
  ]
 }
]