[
 {
  "rotation_euler": [
   -1.2723484132948215e-07,
   -3.5067816384071193e-07,
   -0.3963363766670227
  ],
  "euler_order": "XYZ",
  "rotation_matrix": [
   [
    0.9224814772605896,
    0.3860413134098053,
    -2.7437621952230984e-07
   ],
   [
    -0.3860413134098053,
    0.9224814772605896,
    2.527480376102176e-07
   ],
   [
    3.5067816384071193e-07,
    -1.2723484132948215e-07,
    1.0
   ]
  ]
 },
 {
  "rotation_euler": [
   -8.15773617546256e-08,
   2.5279859983129427e-08,
   -2.8094797134399414
  ],
  "euler_order": "XYZ",
  "rotation_matrix": [
   [
    -0.9453555345535278,
    0.32604122161865234,
    2.6991278101462512e-09
   ],
   [
    -0.32604122161865234,
    -0.9453555345535278,
    -8.536189000096783e-08
   ],
   [
    -2.5279859983129427e-08,
    -8.15773617546256e-08,
    1.0
   ]
  ]
 },
 {
  "rotation_euler": [
   -7.88531693274308e-08,
   6.981467208788672e-07,
   -0.1216110959649086
  ],
  "euler_order": "XYZ",
  "rotation_matrix": [
   [
    0.9926145076751709,
    0.12131156027317047,
    7.025563490969944e-07
   ],
   [
    -0.12131156027317047,
    0.9926145076751709,
    -6.422470999467578e-09
   ],
   [
    -6.981467208788672e-07,
    -7.88531693274308e-08,
    1.0
   ]
  ]
 },
 {
  "rotation_euler": [
   1.1420573997611427e-07,
   -1.5507757780142128e-06,
   -3.127236843109131
  ],
  "euler_order": "XYZ",
  "rotation_matrix": [
   [
    -0.9998969435691833,
    0.014355317689478397,
    1.5489765701204306e-06
   ],
   [
    -0.014355317689478397,
    -0.9998969435691833,
    1.3645585283939e-07
   ],
   [
    1.5507757780142128e-06,
    1.1420573997611427e-07,
    1.0
   ]
  ]
 },
 {
  "rotation_euler": [
   7.678823266132895e-08,
   1.2204538961668732e-06,
   2.8792567253112793
  ],
  "euler_order": "XYZ",
  "rotation_matrix": [
   [
    -0.9657868146896362,
    -0.25933727622032166,
    -1.1587842436711071e-06
   ],
   [
    0.25933727622032166,
    -0.9657868146896362,
    3.906702374933957e-07
   ],
   [
    -1.2204538961668732e-06,
    7.678823266132895e-08,
    1.0
   ]
  ]
 },
 {
  "rotation_euler": [
   4.155976540687334e-08,
   -1.0629022426655865e-06,
   0.6013510823249817
  ],
  "euler_order": "XYZ",
  "rotation_matrix": [
   [
    0.824571967124939,
    -0.5657570362091064,
    -8.529266892765008e-07
   ],
   [
    0.5657570362091064,
    0.824571967124939,
    -6.356134463203489e-07
   ],
   [
    1.0629022426655865e-06,
    4.155976540687334e-08,
    1.0
   ]
  ]
 },
 {
  "rotation_euler": [
   -6.213901997398352e-07,
   -1.1715677601387142e-06,
   2.601907968521118
  ],
  "euler_order": "XYZ",
  "rotation_matrix": [
   [
    -0.8578707575798035,
    -0.5138655304908752,
    6.857427479189937e-07
   ],
   [
    0.5138655304908752,
    -0.8578707575798035,
    -1.1351007742632646e-06
   ],
   [
    1.1715677601387142e-06,
    -6.213901997398352e-07,
    1.0
   ]
  ]
 },
 {
  "rotation_euler": [
   -5.130043518875027e-07,
   -1.172534098259348e-06,
   -0.27932143211364746
  ],
  "euler_order": "XYZ",
  "rotation_matrix": [
   [
    0.9612427353858948,
    0.27570343017578125,
    -9.856528322416125e-07
   ],
   [
    -0.27570343017578125,
    0.9612427353858948,
    8.163934239746595e-07
   ],
   [
    1.172534098259348e-06,
    -5.130043518875027e-07,
    1.0
   ]
  ]
 },
 {
  "rotation_euler": [
   -1.3701766476970079e-07,
   -1.7679204802334425e-06,
   0.44283556938171387
  ],
  "euler_order": "XYZ",
  "rotation_matrix": [
   [
    0.9035402536392212,
    -0.42850324511528015,
    -1.6560998119530268e-06
   ],
   [
    0.42850324511528015,
    0.9035402536392212,
    -6.337586455629207e-07
   ],
   [
    1.7679204802334425e-06,
    -1.3701766476970079e-07,
    1.0
   ]
  ]
 },
 {
  "rotation_euler": [
   1.9066581558035978e-07,
   -2.5228555387002416e-06,
   0.05131674185395241
  ],
  "euler_order": "XYZ",
  "rotation_matrix": [
   [
    0.9986835718154907,
    -0.051294222474098206,
    -2.5097542675212026e-06
   ],
   [
    0.051294222474098206,
    0.9986835718154907,
    -3.1982273185349186e-07
   ],
   [
    2.5228555387002416e-06,
    1.9066581558035978e-07,
    1.0
   ]
  ]
 },
 {
  "rotation_euler": [
   9.969271275167557e-08,
   2.2150711629365105e-06,
   -1.7893991470336914
  ],
  "euler_order": "XYZ",
  "rotation_matrix": [
   [
    -0.2168659120798111,
    0.9762014150619507,
    -5.776935836365737e-07
   ],
   [
    -0.9762014150619507,
    -0.2168659120798111,
    -2.1407356598501792e-06
   ],
   [
    -2.2150711629365105e-06,
    9.969271275167557e-08,
    1.0
   ]
  ]
 },
 {
  "rotation_euler": [
   -3.115841877843195e-07,
   5.415752184489975e-07,
   -1.9952538013458252
  ],
  "euler_order": "XYZ",
  "rotation_matrix": [
   [
    -0.4118264615535736,
    0.9112622737884521,
    6.089991444468978e-08
   ],
   [
    -0.9112622737884521,
    -0.4118264615535736,
    -6.218356816134474e-07
   ],
   [
    -5.415752184489975e-07,
    -3.115841877843195e-07,
    1.0
   ]
  ]
 },
 {
  "rotation_euler": [
   -2.0169035508388333e-07,
   5.567095513470122e-07,
   1.6716514825820923
  ],
  "euler_order": "XYZ",
  "rotation_matrix": [
   [
    -0.1006842628121376,
    -0.9949184060096741,
    -2.567173282841395e-07
   ],
   [
    0.9949184060096741,
    -0.1006842628121376,
    5.335735409062181e-07
   ],
   [
    -5.567095513470122e-07,
    -2.0169035508388333e-07,
    1.0
   ]
  ]
 },
 {
  "rotation_euler": [
   1.289337916432487e-07,
   -7.267414616762835e-07,
   0.35478121042251587
  ],
  "euler_order": "XYZ",
  "rotation_matrix": [
   [
    0.9377225041389465,
    -0.3473851978778839,
    -6.366921638800704e-07
   ],
   [
    0.3473851978778839,
    0.9377225041389465,
    -3.733633491265209e-07
   ],
   [
    7.267414616762835e-07,
    1.289337916432487e-07,
    1.0
   ]
  ]
 },
 {
  "rotation_euler": [
   3.715700245265907e-07,
   1.7468192936576088e-06,
   -0.9057432413101196
  ],
  "euler_order": "XYZ",
  "rotation_matrix": [
   [
    0.6171008944511414,
    0.7868840098381042,
    7.85581278250902e-07
   ],
   [
    -0.7868840098381042,
    0.6171008944511414,
    -1.603840360075992e-06
   ],
   [
    -1.7468192936576088e-06,
    3.715700245265907e-07,
    1.0
   ]
  ]
 },
 {
  "rotation_euler": [
   -4.4151752831567137e-07,
   7.943160085233103e-07,
   1.3103891611099243
  ],
  "euler_order": "XYZ",
  "rotation_matrix": [
   [
    0.25747400522232056,
    -0.966285228729248,
    -2.2211612815681292e-07
   ],
   [
    0.966285228729248,
    0.25747400522232056,
    8.812151008896763e-07
   ],
   [
    -7.943160085233103e-07,
    -4.4151752831567137e-07,
    1.0
   ]
  ]
 }
]