[
 {
  "rotation_euler": [
   -2.6377945232525235e-06,
   0.00018475638353265822,
   1.4502121210098267
  ],
  "euler_order": "XYZ",
  "rotation_matrix": [
   [
    0.12029218673706055,
    -0.9927385449409485,
    1.9606110072345473e-05
   ],
   [
    0.9927384853363037,
    0.12029219418764114,
    0.0001837320887716487
   ],
   [
    -0.00018475638353265822,
    -2.6377945232525235e-06,
    1.0
   ]
  ]
 },
 {
  "rotation_euler": [
   -1.6029699736463954e-06,
   0.00018586147052701563,
   -0.9785476922988892
  ],
  "euler_order": "XYZ",
  "rotation_matrix": [
   [
    0.558228075504303,
    0.8296875357627869,
    0.00010508306149858981
   ],
   [
    -0.8296875357627869,
    0.558228075504303,
    -0.0001533121248940006
   ],
   [
    -0.00018586147052701563,
    -1.6029699736463954e-06,
    1.0
   ]
  ]
 },
 {
  "rotation_euler": [
   -4.620236268237932e-06,
   0.00018395933147985488,
   -1.4565942287445068
  ],
  "euler_order": "XYZ",
  "rotation_matrix": [
   [
    0.11395401507616043,
    0.9934860467910767,
    2.555304490670096e-05
   ],
   [
    -0.9934859871864319,
    0.11395402252674103,
    -0.00018223453662358224
   ],
   [
    -0.00018395933147985488,
    -4.620236268237932e-06,
    1.0
   ]
  ]
 },
 {
  "rotation_euler": [
   -2.7189071261091158e-06,
   0.0001854716392699629,
   1.0406824350357056
  ],
  "euler_order": "XYZ",
  "rotation_matrix": [
   [
    0.5056315660476685,
    -0.8627495169639587,
    9.143458737526089e-05
   ],
   [
    0.862749457359314,
    0.5056316256523132,
    0.00016139032959472388
   ],
   [
    -0.0001854716392699629,
    -2.7189071261091158e-06,
    1.0
   ]
  ]
 },
 {
  "rotation_euler": [
   -3.1285730983654503e-06,
   0.00018348553567193449,
   -2.4640743732452393
  ],
  "euler_order": "XYZ",
  "rotation_matrix": [
   [
    -0.7791308164596558,
    0.6268613934516907,
    -0.00014099804684519768
   ],
   [
    -0.6268613338470459,
    -0.7791308164596558,
    -0.0001174575590994209
   ],
   [
    -0.00018348553567193449,
    -3.1285730983654503e-06,
    1.0
   ]
  ]
 },
 {
  "rotation_euler": [
   -2.333252041353262e-06,
   0.0001859590847743675,
   -2.8845627307891846
  ],
  "euler_order": "XYZ",
  "rotation_matrix": [
   [
    -0.9671492576599121,
    0.25420916080474854,
    -0.00017925705469679087
   ],
   [
    -0.25420916080474854,
    -0.9671492576599121,
    -4.952910603606142e-05
   ],
   [
    -0.0001859590847743675,
    -2.333252041353262e-06,
    1.0
   ]
  ]
 },
 {
  "rotation_euler": [
   2.2992721824266482e-06,
   0.00018450144852977246,
   2.63063645362854
  ],
  "euler_order": "XYZ",
  "rotation_matrix": [
   [
    -0.8722773194313049,
    -0.4890115559101105,
    -0.00015981205797288567
   ],
   [
    0.4890115261077881,
    -0.8722773194313049,
    9.222894004778937e-05
   ],
   [
    -0.00018450144852977246,
    2.2992721824266482e-06,
    1.0
   ]
  ]
 },
 {
  "rotation_euler": [
   -9.135633831647283e-07,
   0.00018445261230226606,
   0.19501875340938568
  ],
  "euler_order": "XYZ",
  "rotation_matrix": [
   [
    0.9810439944267273,
    -0.1937849372625351,
    0.00018077909771818668
   ],
   [
    0.1937849223613739,
    0.9810440540313721,
    3.664038376882672e-05
   ],
   [
    -0.00018445261230226606,
    -9.135633831647283e-07,
    1.0
   ]
  ]
 },
 {
  "rotation_euler": [
   -0.00094130594516173,
   0.04860205575823784,
   -1.5891308784484863
  ],
  "euler_order": "XYZ",
  "rotation_matrix": [
   [
    -0.0183118749409914,
    0.9998323321342468,
    5.045177385909483e-05
   ],
   [
    -0.9986512660980225,
    -0.018287792801856995,
    -0.04859199374914169
   ],
   [
    -0.04858292266726494,
    -0.0009401942952536047,
    0.9988186955451965
   ]
  ]
 },
 {
  "rotation_euler": [
   1.0354680171076325e-06,
   0.00018588892999105155,
   -0.5926175117492676
  ],
  "euler_order": "XYZ",
  "rotation_matrix": [
   [
    0.8294815421104431,
    0.5585340857505798,
    0.00015361308760475367
   ],
   [
    -0.5585340857505798,
    0.8294815421104431,
    -0.0001046842080540955
   ],
   [
    -0.00018588892999105155,
    1.0354680171076325e-06,
    1.0
   ]
  ]
 },
 {
  "rotation_euler": [
   -3.5827099509333493e-07,
   0.00018505651678424329,
   0.5820997357368469
  ],
  "euler_order": "XYZ",
  "rotation_matrix": [
   [
    0.8353101015090942,
    -0.5497790575027466,
    0.00015438260743394494
   ],
   [
    0.5497790575027466,
    0.8353101015090942,
    0.00010203947022091597
   ],
   [
    -0.00018505651678424329,
    -3.5827099509333493e-07,
    1.0
   ]
  ]
 },
 {
  "rotation_euler": [
   -3.408819964079157e-07,
   0.00018502231978345662,
   -1.484087347984314
  ],
  "euler_order": "XYZ",
  "rotation_matrix": [
   [
    0.08660036325454712,
    0.9962431192398071,
    1.6362602764274925e-05
   ],
   [
    -0.9962431192398071,
    0.08660036325454712,
    -0.00018429769261274487
   ],
   [
    -0.00018502231978345662,
    -3.408819964079157e-07,
    1.0
   ]
  ]
 },
 {
  "rotation_euler": [
   -3.8897258036740823e-07,
   0.0001850435510277748,
   -2.3157496452331543
  ],
  "euler_order": "XYZ",
  "rotation_matrix": [
   [
    -0.6779375076293945,
    0.7351195216178894,
    -0.00012516201240941882
   ],
   [
    -0.7351195216178894,
    -0.6779375076293945,
    -0.00013629283057525754
   ],
   [
    -0.0001850435510277748,
    -3.8897258036740823e-07,
    1.0
   ]
  ]
 },
 {
  "rotation_euler": [
   -3.5522617736205575e-07,
   0.00018501580052543432,
   1.3565312623977661
  ],
  "euler_order": "XYZ",
  "rotation_matrix": [
   [
    0.21262934803962708,
    -0.9771329164505005,
    3.8992686313576996e-05
   ],
   [
    0.9771329164505005,
    0.21262936294078827,
    0.00018086055933963507
   ],
   [
    -0.00018501580052543432,
    -3.5522617736205575e-07,
    1.0
   ]
  ]
 },
 {
  "rotation_euler": [
   -2.114655671903165e-06,
   0.00018384066061116755,
   -1.6953120231628418
  ],
  "euler_order": "XYZ",
  "rotation_matrix": [
   [
    -0.1241941899061203,
    0.9922579526901245,
    -2.0733657947857864e-05
   ],
   [
    -0.9922578930854797,
    -0.1241941899061203,
    -0.00018267998530063778
   ],
   [
    -0.00018384066061116755,
    -2.114655671903165e-06,
    1.0
   ]
  ]
 },
 {
  "rotation_euler": [
   1.588686131981376e-06,
   0.00018362421542406082,
   2.9872000217437744
  ],
  "euler_order": "XYZ",
  "rotation_matrix": [
   [
    -0.9881051182746887,
    -0.1537799835205078,
    -0.00018119571905117482
   ],
   [
    0.1537799835205078,
    -0.9881051182746887,
    2.980751742143184e-05
   ],
   [
    -0.00018362421542406082,
    1.588686131981376e-06,
    1.0
   ]
  ]
 }
]