[
 {
  "rotation_euler": [
   -0.5541987419128418,
   -0.1322786957025528,
   1.126625657081604
  ],
  "euler_order": "XYZ",
  "rotation_matrix": [
   [
    0.425955206155777,
    -0.7379870414733887,
    -0.5233901739120483
   ],
   [
    0.8950789570808411,
    0.4280666708946228,
    0.12487025558948517
   ],
   [
    0.13189327716827393,
    -0.5216646790504456,
    0.8428938984870911
   ]
  ]
 },
 {
  "rotation_euler": [
   -0.15383780002593994,
   0.7171231508255005,
   -2.5144500732421875
  ],
  "euler_order": "XYZ",
  "rotation_matrix": [
   [
    -0.6102762818336487,
    0.661446213722229,
    -0.4359492361545563
   ],
   [
    -0.4422961473464966,
    -0.7410470843315125,
    -0.5051963329315186
   ],
   [
    -0.6572191119194031,
    -0.11549068987369537,
    0.7447986006736755
   ]
  ]
 },
 {
  "rotation_euler": [
   1.0464377403259277,
   0.5096784234046936,
   -1.0475486516952515
  ],
  "euler_order": "XYZ",
  "rotation_matrix": [
   [
    0.4361852705478668,
    0.6447145342826843,
    -0.6277623176574707
   ],
   [
    -0.7561080455780029,
    -0.11565922945737839,
    -0.644145667552948
   ],
   [
    -0.48789656162261963,
    0.7556229829788208,
    0.4370249807834625
   ]
  ]
 },
 {
  "rotation_euler": [
   -0.5665972828865051,
   -0.19396857917308807,
   1.087999701499939
  ],
  "euler_order": "XYZ",
  "rotation_matrix": [
   [
    0.45555174350738525,
    -0.699259877204895,
    -0.5509158372879028
   ],
   [
    0.8690904974937439,
    0.4833472669124603,
    0.10515277087688446
   ],
   [
    0.19275455176830292,
    -0.5266982316970825,
    0.8279098272323608
   ]
  ]
 },
 {
  "rotation_euler": [
   -1.7498968839645386,
   -2.7593700885772705,
   0.2027144879102707
  ],
  "euler_order": "XYZ",
  "rotation_matrix": [
   [
    -0.908839225769043,
    0.39536795020103455,
    -0.13302412629127502
   ],
   [
    -0.18680065870285034,
    -0.10060559958219528,
    0.977232813835144
   ],
   [
    0.37298357486724854,
    0.9129965305328369,
    0.16528931260108948
   ]
  ]
 },
 {
  "rotation_euler": [
   1.3050224781036377,
   -0.15491190552711487,
   -3.0766170024871826
  ],
  "euler_order": "XYZ",
  "rotation_matrix": [
   [
    -0.9859402179718018,
    0.16561584174633026,
    -0.022209735587239265
   ],
   [
    -0.06415241211652756,
    -0.25243526697158813,
    0.9654847979545593
   ],
   [
    0.15429306030273438,
    0.9533351063728333,
    0.25951075553894043
   ]
  ]
 },
 {
  "rotation_euler": [
   -1.3458571434020996,
   1.0933657884597778,
   -1.5700305700302124
  ],
  "euler_order": "XYZ",
  "rotation_matrix": [
   [
    0.0003518640878610313,
    0.2223840206861496,
    0.9749590754508972
   ],
   [
    -0.45949840545654297,
    0.8659737706184387,
    -0.197359099984169
   ],
   [
    -0.8881785273551941,
    -0.4479227066040039,
    0.10248980671167374
   ]
  ]
 },
 {
  "rotation_euler": [
   0.8719146847724915,
   0.7636711001396179,
   -2.8045763969421387
  ],
  "euler_order": "XYZ",
  "rotation_matrix": [
   [
    -0.681669294834137,
    -0.28691986203193665,
    -0.6730557084083557
   ],
   [
    -0.23884554207324982,
    -0.7822431921958923,
    0.5753681063652039
   ],
   [
    -0.6915777325630188,
    0.5529671311378479,
    0.4647016227245331
   ]
  ]
 },
 {
  "rotation_euler": [
   1.3855286836624146,
   -0.3702327013015747,
   0.49458807706832886
  ],
  "euler_order": "XYZ",
  "rotation_matrix": [
   [
    0.820527195930481,
    -0.40046054124832153,
    0.4078805148601532
   ],
   [
    0.4425070583820343,
    -0.006676769349724054,
    -0.8967401385307312
   ],
   [
    0.3618323802947998,
    0.9162896871566772,
    0.17172814905643463
   ]
  ]
 },
 {
  "rotation_euler": [
   1.433828592300415,
   -0.8001244068145752,
   1.231774091720581
  ],
  "euler_order": "XYZ",
  "rotation_matrix": [
   [
    0.23167067766189575,
    -0.3651299774646759,
    0.901669979095459
   ],
   [
    0.6569662094116211,
    -0.6248610019683838,
    -0.421834260225296
   ],
   [
    0.7174427509307861,
    0.6900933384895325,
    0.09511606395244598
   ]
  ]
 },
 {
  "rotation_euler": [
   1.314026951789856,
   0.26572385430336,
   -0.6189993023872375
  ],
  "euler_order": "XYZ",
  "rotation_matrix": [
   [
    0.7858741283416748,
    0.35422247648239136,
    -0.5068809390068054
   ],
   [
    -0.5598562359809875,
    0.05946281924843788,
    -0.8264533877372742
   ],
   [
    -0.26260778307914734,
    0.9332687854766846,
    0.24504394829273224
   ]
  ]
 },
 {
  "rotation_euler": [
   -0.21340197324752808,
   1.0571647882461548,
   -1.0917415618896484
  ],
  "euler_order": "XYZ",
  "rotation_matrix": [
   [
    0.22648011147975922,
    0.7822762727737427,
    0.5803021192550659
   ],
   [
    -0.4360333979129791,
    0.6141786575317383,
    -0.6577685475349426
   ],
   [
    -0.8709658980369568,
    -0.1040596216917038,
    0.48019781708717346
   ]
  ]
 },
 {
  "rotation_euler": [
   -0.5909073352813721,
   0.08015114068984985,
   2.0745363235473633
  ],
  "euler_order": "XYZ",
  "rotation_matrix": [
   [
    -0.4811546802520752,
    -0.7057503461837769,
    -0.5200064182281494
   ],
   [
    0.872971773147583,
    -0.439919650554657,
    -0.2106916457414627
   ],
   [
    -0.08006534725427628,
    -0.5553261637687683,
    0.8277695178985596
   ]
  ]
 },
 {
  "rotation_euler": [
   -1.2273532152175903,
   1.6021653413772583,
   -0.24110598862171173
  ],
  "euler_order": "XYZ",
  "rotation_matrix": [
   [
    -0.030456654727458954,
    -0.8335111737251282,
    0.5516625642776489
   ],
   [
    0.007488963659852743,
    0.5517128109931946,
    0.8340005278587341
   ],
   [
    -0.9995080232620239,
    0.02953224629163742,
    -0.010561191476881504
   ]
  ]
 },
 {
  "rotation_euler": [
   -2.6103081703186035,
   -0.36055660247802734,
   0.860130786895752
  ],
  "euler_order": "XYZ",
  "rotation_matrix": [
   [
    0.6103934049606323,
    0.7700521349906921,
    -0.18557913601398468
   ],
   [
    0.7091935873031616,
    -0.42694565653800964,
    0.5610364079475403
   ],
   [
    0.3527950942516327,
    -0.4740644693374634,
    -0.8067208528518677
   ]
  ]
 },
 {
  "rotation_euler": [
   -0.6590169072151184,
   0.21688762307167053,
   -1.7276021242141724
  ],
  "euler_order": "XYZ",
  "rotation_matrix": [
   [
    -0.15250536799430847,
    0.8014726638793945,
    0.5782591700553894
   ],
   [
    -0.9645904898643494,
    0.006691087502986193,
    -0.26366716623306274
   ],
   [
    -0.21519121527671814,
    -0.5979939699172974,
    0.7720724940299988
   ]
  ]
 }
]