[
 {
  "rotation_euler": [
   -1.5948103666305542,
   0.22472746670246124,
   -1.2478666305541992
  ],
  "euler_order": "XYZ",
  "rotation_matrix": [
   [
    0.30936646461486816,
    -0.09346780925989151,
    0.9463382959365845
   ],
   [
    -0.9244644045829773,
    0.20364104211330414,
    0.3223288953304291
   ],
   [
    -0.22284069657325745,
    -0.9745737910270691,
    -0.0234079547226429
   ]
  ]
 },
 {
  "rotation_euler": [
   -1.5929539203643799,
   0.22520513832569122,
   1.181685447692871
  ],
  "euler_order": "XYZ",
  "rotation_matrix": [
   [
    0.3697862923145294,
    -0.0641944482922554,
    -0.9268965125083923
   ],
   [
    0.9018827080726624,
    -0.21496787667274475,
    0.3746950924396515
   ],
   [
    -0.2233063280582428,
    -0.974509060382843,
    -0.021596310660243034
   ]
  ]
 },
 {
  "rotation_euler": [
   -1.629380702972412,
   0.2252766489982605,
   0.8907172679901123
  ],
  "euler_order": "XYZ",
  "rotation_matrix": [
   [
    0.6129648089408875,
    -0.09470538049936295,
    -0.7844138145446777
   ],
   [
    0.7578768134117126,
    -0.21020202338695526,
    0.617606520652771
   ],
   [
    -0.22337603569030762,
    -0.973060131072998,
    -0.05707142874598503
   ]
  ]
 },
 {
  "rotation_euler": [
   -1.624674677848816,
   -0.22567273676395416,
   -0.6897197961807251
  ],
  "euler_order": "XYZ",
  "rotation_matrix": [
   [
    0.751863956451416,
    0.13809770345687866,
    0.6446934342384338
   ],
   [
    -0.6201863884925842,
    -0.1837208867073059,
    0.762637197971344
   ],
   [
    0.22376209497451782,
    -0.9732295274734497,
    -0.05248679965734482
   ]
  ]
 },
 {
  "rotation_euler": [
   -1.5736712217330933,
   -0.22520752251148224,
   -1.6249722242355347
  ],
  "euler_order": "XYZ",
  "rotation_matrix": [
   [
    -0.052782006561756134,
    -0.014962652698159218,
    0.9984939694404602
   ],
   [
    -0.9733176827430725,
    -0.22282442450523376,
    -0.05479022115468979
   ],
   [
    0.22330865263938904,
    -0.9747437834739685,
    -0.0028022935148328543
   ]
  ]
 },
 {
  "rotation_euler": [
   1.5316078662872314,
   2.914243459701538,
   -0.18539686501026154
  ],
  "euler_order": "XYZ",
  "rotation_matrix": [
   [
    -0.9575714468955994,
    0.22858509421348572,
    -0.17551575601100922
   ],
   [
    0.17959313094615936,
    -0.003009747713804245,
    -0.9837363958358765
   ],
   [
    -0.22539572417736053,
    -0.9735192656517029,
    -0.038170263171195984
   ]
  ]
 },
 {
  "rotation_euler": [
   -1.6297621726989746,
   -0.22536049783229828,
   -2.327491044998169
  ],
  "euler_order": "XYZ",
  "rotation_matrix": [
   [
    -0.6691622138023376,
    -0.19599178433418274,
    0.7168048024177551
   ],
   [
    -0.7087231874465942,
    -0.12173790484666824,
    -0.6949038505554199
   ],
   [
    0.22345775365829468,
    -0.9730195999145508,
    -0.05744151398539543
   ]
  ]
 },
 {
  "rotation_euler": [
   -1.5769119262695312,
   -0.2252238392829895,
   -1.1543583869934082
  ],
  "euler_order": "XYZ",
  "rotation_matrix": [
   [
    0.3942892551422119,
    0.08474139869213104,
    0.9150709509849548
   ],
   [
    -0.8914382457733154,
    -0.20670822262763977,
    0.40324878692626953
   ],
   [
    0.22332455217838287,
    -0.9747259020805359,
    -0.0059611075557768345
   ]
  ]
 },
 {
  "rotation_euler": [
   -1.6023261547088623,
   0.22483263909816742,
   -1.4695007801055908
  ],
  "euler_order": "XYZ",
  "rotation_matrix": [
   [
    0.09857729822397232,
    -0.053896356374025345,
    0.993668794631958
   ],
   [
    -0.9698344469070435,
    0.21850232779979706,
    0.10806431621313095
   ],
   [
    -0.22294321656227112,
    -0.974346935749054,
    -0.03073117509484291
   ]
  ]
 },
 {
  "rotation_euler": [
   1.5708147287368774,
   -2.9162938594818115,
   -0.04002602770924568
  ],
  "euler_order": "XYZ",
  "rotation_matrix": [
   [
    -0.9739466905593872,
    -0.22321942448616028,
    -0.04001123458147049
   ],
   [
    0.03900405019521713,
    0.008920944295823574,
    -0.9991992115974426
   ],
   [
    0.2233976125717163,
    -0.9747273921966553,
    1.7936876247404143e-05
   ]
  ]
 },
 {
  "rotation_euler": [
   -1.5888460874557495,
   0.22515961527824402,
   1.2146737575531006
  ],
  "euler_order": "XYZ",
  "rotation_matrix": [
   [
    0.33984243869781494,
    -0.06090965121984482,
    -0.9385079145431519
   ],
   [
    0.9135979413986206,
    -0.21551202237606049,
    0.3448091447353363
   ],
   [
    -0.22326195240020752,
    -0.9745997190475464,
    -0.017593201249837875
   ]
  ]
 },
 {
  "rotation_euler": [
   -1.5970559120178223,
   0.2246549427509308,
   1.4953553676605225
  ],
  "euler_order": "XYZ",
  "rotation_matrix": [
   [
    0.07347546517848969,
    0.009397628717124462,
    -0.9972527623176575
   ],
   [
    0.972098171710968,
    -0.2240387201309204,
    0.06951089948415756
   ],
   [
    -0.22276999056339264,
    -0.9745349287986755,
    -0.02559676766395569
   ]
  ]
 },
 {
  "rotation_euler": [
   -1.5830316543579102,
   -0.2251536101102829,
   1.8558120727539062
  ],
  "euler_order": "XYZ",
  "rotation_matrix": [
   [
    -0.2740757167339325,
    -0.051027361303567886,
    -0.960353434085846
   ],
   [
    0.9354352951049805,
    0.2176734358072281,
    -0.27853018045425415
   ],
   [
    0.22325609624385834,
    -0.974686861038208,
    -0.01192620862275362
   ]
  ]
 },
 {
  "rotation_euler": [
   -1.6218000650405884,
   -0.22307799756526947,
   2.093754291534424
  ],
  "euler_order": "XYZ",
  "rotation_matrix": [
   [
    -0.4870692491531372,
    -0.06618200242519379,
    -0.8708521723747253
   ],
   [
    0.8448785543441772,
    0.21687699854373932,
    -0.4890241324901581
   ],
   [
    0.22123239934444427,
    -0.9739529490470886,
    -0.04971836134791374
   ]
  ]
 },
 {
  "rotation_euler": [
   -1.5671074390411377,
   -0.22537024319171906,
   -1.230932354927063
  ],
  "euler_order": "XYZ",
  "rotation_matrix": [
   [
    0.3249286711215973,
    0.0779721587896347,
    0.9425188302993774
   ],
   [
    -0.9189579486846924,
    -0.2094537764787674,
    0.3341337740421295
   ],
   [
    0.22346726059913635,
    -0.9747048020362854,
    0.0035955929197371006
   ]
  ]
 },
 {
  "rotation_euler": [
   -1.570951223373413,
   0.22519554197788239,
   -1.4786288738250732
  ],
  "euler_order": "XYZ",
  "rotation_matrix": [
   [
    0.08971312642097473,
    -0.020705826580524445,
    0.9957523941993713
   ],
   [
    -0.9706132411956787,
    0.22233495116233826,
    0.09207145869731903
   ],
   [
    -0.22329697012901306,
    -0.9747504591941833,
    -0.00015098550647962838
   ]
  ]
 }
]