[
 {
  "rotation_euler": [
   -1.902510643005371,
   -1.3084437847137451,
   0.5102556347846985
  ],
  "euler_order": "XYZ",
  "rotation_matrix": [
   [
    0.22631680965423584,
    0.955872654914856,
    -0.18731823563575745
   ],
   [
    0.12666824460029602,
    0.16179347038269043,
    0.9786613583564758
   ],
   [
    0.9657825231552124,
    -0.2452147752046585,
    -0.08446212857961655
   ]
  ]
 },
 {
  "rotation_euler": [
   7.636106602149084e-05,
   -0.040235910564661026,
   -1.2087349891662598
  ],
  "euler_order": "XYZ",
  "rotation_matrix": [
   [
    0.3539160192012787,
    0.9351676106452942,
    -0.014319232665002346
   ],
   [
    -0.9344118237495422,
    0.35420554876327515,
    0.03759016469120979
   ],
   [
    0.04022505506873131,
    7.629926403751597e-05,
    0.999190628528595
   ]
  ]
 },
 {
  "rotation_euler": [
   -0.00038710099761374295,
   0.6560491323471069,
   0.3870341181755066
  ],
  "euler_order": "XYZ",
  "rotation_matrix": [
   [
    0.7337960004806519,
    -0.37766221165657043,
    0.5647253394126892
   ],
   [
    0.2990894615650177,
    0.9259433746337891,
    0.23059560358524323
   ],
   [
    -0.6099908947944641,
    -0.00030674206209369004,
    0.7924083471298218
   ]
  ]
 },
 {
  "rotation_euler": [
   -1.9025095701217651,
   -1.3084439039230347,
   -1.3190126419067383
  ],
  "euler_order": "XYZ",
  "rotation_matrix": [
   [
    0.06461312621831894,
    -0.0879044160246849,
    0.9940311908721924
   ],
   [
    -0.2511756718158722,
    -0.9654752612113953,
    -0.06905245780944824
   ],
   [
    0.9657825231552124,
    -0.24521476030349731,
    -0.08446183055639267
   ]
  ]
 },
 {
  "rotation_euler": [
   1.3210513591766357,
   1.8227547407150269,
   -0.6519296765327454
  ],
  "euler_order": "XYZ",
  "rotation_matrix": [
   [
    -0.19817298650741577,
    0.895888090133667,
    -0.3976329565048218
   ],
   [
    0.1512562781572342,
    -0.3728673756122589,
    -0.9154733419418335
   ],
   [
    -0.9684260487556458,
    -0.24156656861305237,
    -0.061616454273462296
   ]
  ]
 },
 {
  "rotation_euler": [
   -1.8205093145370483,
   1.3188402652740479,
   0.16276897490024567
  ],
  "euler_order": "XYZ",
  "rotation_matrix": [
   [
    0.24600359797477722,
    -0.8859390020370483,
    -0.3931849002838135
   ],
   [
    0.040399160236120224,
    -0.3959265649318695,
    0.9173930883407593
   ],
   [
    -0.9684266448020935,
    -0.24156633019447327,
    -0.06160816550254822
   ]
  ]
 },
 {
  "rotation_euler": [
   1.2390881776809692,
   -1.8331483602523804,
   0.3809426426887512
  ],
  "euler_order": "XYZ",
  "rotation_matrix": [
   [
    -0.24076099693775177,
    -0.968755304813385,
    0.05955897644162178
   ],
   [
    -0.09642626345157623,
    -0.037186238914728165,
    -0.9946452379226685
   ],
   [
    0.965782642364502,
    -0.24521483480930328,
    -0.08446045964956284
   ]
  ]
 },
 {
  "rotation_euler": [
   1.2390888929367065,
   -1.8331481218338013,
   0.41724538803100586
  ],
  "euler_order": "XYZ",
  "rotation_matrix": [
   [
    -0.23710238933563232,
    -0.9667673707008362,
    0.09562083333730698
   ],
   [
    -0.10510100424289703,
    -0.07232322543859482,
    -0.991828203201294
   ],
   [
    0.9657827019691467,
    -0.24521468579769135,
    -0.08446020632982254
   ]
  ]
 },
 {
  "rotation_euler": [
   -1.8205273151397705,
   1.3188385963439941,
   -0.2703559994697571
  ],
  "euler_order": "XYZ",
  "rotation_matrix": [
   [
    0.24024473130702972,
    -0.9703043103218079,
    0.028143351897597313
   ],
   [
    -0.06658177077770233,
    0.012452581897377968,
    0.9977032542228699
   ],
   [
    -0.9684262275695801,
    -0.24156679213047028,
    -0.06161291152238846
   ]
  ]
 },
 {
  "rotation_euler": [
   -1.8205238580703735,
   1.3188388347625732,
   -0.893970787525177
  ],
  "euler_order": "XYZ",
  "rotation_matrix": [
   [
    0.15614202618598938,
    -0.7803926467895508,
    0.6054808497428894
   ],
   [
    -0.194345623254776,
    0.5767433047294617,
    0.7934714555740356
   ],
   [
    -0.9684262871742249,
    -0.24156677722930908,
    -0.061612021178007126
   ]
  ]
 },
 {
  "rotation_euler": [
   1.2390741109848022,
   -1.833149790763855,
   0.3563876152038574
  ],
  "euler_order": "XYZ",
  "rotation_matrix": [
   [
    -0.2430572360754013,
    -0.9693764448165894,
    0.035106413066387177
   ],
   [
    -0.09048637747764587,
    -0.013375476934015751,
    -0.9958078861236572
   ],
   [
    0.9657822847366333,
    -0.24521495401859283,
    -0.08446435630321503
   ]
  ]
 },
 {
  "rotation_euler": [
   0.000351923139533028,
   -0.6560463309288025,
   -2.1548562049865723
  ],
  "euler_order": "XYZ",
  "rotation_matrix": [
   [
    -0.4369471073150635,
    0.8343491554260254,
    0.33606353402137756
   ],
   [
    -0.661052942276001,
    -0.5512362122535706,
    0.5090653896331787
   ],
   [
    0.6099886894226074,
    0.00027886746102012694,
    0.7924100756645203
   ]
  ]
 },
 {
  "rotation_euler": [
   -1.9025174379348755,
   -1.3084427118301392,
   -0.5447997450828552
  ],
  "euler_order": "XYZ",
  "rotation_matrix": [
   [
    0.22180789709091187,
    0.6121600866317749,
    0.7589870095252991
   ],
   [
    -0.1344095766544342,
    -0.7517510056495667,
    0.6456040143966675
   ],
   [
    0.9657822251319885,
    -0.24521519243717194,
    -0.08446413278579712
   ]
  ]
 },
 {
  "rotation_euler": [
   0.00035225681494921446,
   -0.6560478806495667,
   -2.2528233528137207
  ],
  "euler_order": "XYZ",
  "rotation_matrix": [
   [
    -0.4995093047618866,
    0.7764319181442261,
    0.3842445909976959
   ],
   [
    -0.6151444911956787,
    -0.6302010416984558,
    0.4737550914287567
   ],
   [
    0.6099899411201477,
    0.0002791315200738609,
    0.7924091219902039
   ]
  ]
 },
 {
  "rotation_euler": [
   2.1632659435272217,
   1.8564687967300415,
   0.09891115874052048
  ],
  "euler_order": "XYZ",
  "rotation_matrix": [
   [
    -0.28042536973953247,
    0.847196638584137,
    -0.4512421786785126
   ],
   [
    -0.02782800793647766,
    -0.47708263993263245,
    -0.8784177303314209
   ],
   [
    -0.9594723582267761,
    -0.23377344012260437,
    0.15736186504364014
   ]
  ]
 },
 {
  "rotation_euler": [
   1.2390856742858887,
   -1.83314847946167,
   -1.1703400611877441
  ],
  "euler_order": "XYZ",
  "rotation_matrix": [
   [
    -0.10110577195882797,
    -0.05607938766479492,
    -0.9932938814163208
   ],
   [
    0.23883377015590668,
    0.9678454399108887,
    -0.07895312458276749
   ],
   [
    0.965782642364502,
    -0.24521473050117493,
    -0.08446110785007477
   ]
  ]
 }
]