[
 {
  "rotation_euler": [
   -0.02327607199549675,
   0.39289405941963196,
   -2.252349853515625
  ],
  "euler_order": "XYZ",
  "rotation_matrix": [
   [
    -0.5819973349571228,
    0.781998336315155,
    -0.2230643481016159
   ],
   [
    -0.7174221873283386,
    -0.6229095458984375,
    -0.3119119703769684
   ],
   [
    -0.3828635513782501,
    -0.021500607952475548,
    0.9235546588897705
   ]
  ]
 },
 {
  "rotation_euler": [
   -0.024943146854639053,
   -0.39305782318115234,
   -2.05710506439209
  ],
  "euler_order": "XYZ",
  "rotation_matrix": [
   [
    -0.43172547221183777,
    0.8793244957923889,
    0.2010013908147812
   ],
   [
    -0.8166472315788269,
    -0.47566550970077515,
    0.32684797048568726
   ],
   [
    0.38301482796669006,
    -0.023038648068904877,
    0.9234548211097717
   ]
  ]
 },
 {
  "rotation_euler": [
   -0.03183302655816078,
   -2.7491159439086914,
   -1.2193260192871094
  ],
  "euler_order": "XYZ",
  "rotation_matrix": [
   [
    -0.31810125708580017,
    0.942582905292511,
    -0.10173032432794571
   ],
   [
    0.8674803972244263,
    0.3326749801635742,
    0.3698717951774597
   ],
   [
    0.3824779689311981,
    0.029407622292637825,
    -0.9234964847564697
   ]
  ]
 },
 {
  "rotation_euler": [
   -0.0222187303006649,
   0.3932103216648102,
   -2.4421722888946533
  ],
  "euler_order": "XYZ",
  "rotation_matrix": [
   [
    -0.706817090511322,
    0.6501292586326599,
    -0.2788216471672058
   ],
   [
    -0.5946438312530518,
    -0.7595464587211609,
    -0.26360562443733215
   ],
   [
    -0.3831557035446167,
    -0.020521391183137894,
    0.9234557747840881
   ]
  ]
 },
 {
  "rotation_euler": [
   -0.023129506036639214,
   0.3929496109485626,
   -1.0824999809265137
  ],
  "euler_order": "XYZ",
  "rotation_matrix": [
   [
    0.4333672523498535,
    0.8787426948547363,
    0.20001037418842316
   ],
   [
    -0.8158241510391235,
    0.47681742906570435,
    -0.32722485065460205
   ],
   [
    -0.38291487097740173,
    -0.02136475406587124,
    0.9235365390777588
   ]
  ]
 },
 {
  "rotation_euler": [
   -0.04170597717165947,
   1.9719053506851196,
   -0.27404800057411194
  ],
  "euler_order": "XYZ",
  "rotation_matrix": [
   [
    -0.37586966156959534,
    0.23344305157661438,
    0.8967866897583008
   ],
   [
    0.10566489398479462,
    0.9722341895103455,
    -0.20879557728767395
   ],
   [
    -0.920628547668457,
    0.0162789449095726,
    -0.39010006189346313
   ]
  ]
 },
 {
  "rotation_euler": [
   -0.023359891027212143,
   -0.3928394317626953,
   2.856145143508911
  ],
  "euler_order": "XYZ",
  "rotation_matrix": [
   [
    -0.8864438533782959,
    -0.2900899052619934,
    0.3606453835964203
   ],
   [
    0.2601372301578522,
    -0.9567561149597168,
    -0.13017834722995758
   ],
   [
    0.38281309604644775,
    -0.021578507497906685,
    0.9235737919807434
   ]
  ]
 },
 {
  "rotation_euler": [
   -0.02244505099952221,
   -0.39324578642845154,
   0.05324981361627579
  ],
  "euler_order": "XYZ",
  "rotation_matrix": [
   [
    0.9223609566688538,
    -0.044623471796512604,
    -0.3837434649467468
   ],
   [
    0.04916202276945114,
    0.9987887740135193,
    0.0020214191172271967
   ],
   [
    0.3831884562969208,
    -0.02073008380830288,
    0.9234375357627869
   ]
  ]
 },
 {
  "rotation_euler": [
   -0.023591961711645126,
   0.3927276134490967,
   -1.0244625806808472
  ],
  "euler_order": "XYZ",
  "rotation_matrix": [
   [
    0.4800034761428833,
    0.8495067358016968,
    0.2189405858516693
   ],
   [
    -0.7893857359886169,
    0.5271274447441101,
    -0.3146534264087677
   ],
   [
    -0.382709801197052,
    -0.021793851628899574,
    0.9236115217208862
   ]
  ]
 },
 {
  "rotation_euler": [
   -0.024057166650891304,
   -0.3931061029434204,
   1.524396538734436
  ],
  "euler_order": "XYZ",
  "rotation_matrix": [
   [
    0.04284520447254181,
    -0.9982072710990906,
    -0.041791316121816635
   ],
   [
    0.9227294921875,
    0.055574238300323486,
    -0.38142070174217224
   ],
   [
    0.38305944204330444,
    -0.022220032289624214,
    0.9234564304351807
   ]
  ]
 },
 {
  "rotation_euler": [
   -0.02351178042590618,
   0.3928857445716858,
   0.18096356093883514
  ],
  "euler_order": "XYZ",
  "rotation_matrix": [
   [
    0.908722996711731,
    -0.18878155946731567,
    0.37226882576942444
   ],
   [
    0.16626465320587158,
    0.9817789196968079,
    0.09201211482286453
   ],
   [
    -0.3828558921813965,
    -0.021718371659517288,
    0.9235527515411377
   ]
  ]
 },
 {
  "rotation_euler": [
   3.0066895484924316,
   0.3787318468093872,
   -1.2015464305877686
  ],
  "euler_order": "XYZ",
  "rotation_matrix": [
   [
    0.33533942699432373,
    -0.9061773419380188,
    -0.25766268372535706
   ],
   [
    -0.8665090799331665,
    -0.40401333570480347,
    0.29314714670181274
   ],
   [
    -0.3697424829006195,
    0.12496326118707657,
    -0.920692503452301
   ]
  ]
 },
 {
  "rotation_euler": [
   -0.03351760655641556,
   2.7408640384674072,
   1.8895848989486694
  ],
  "euler_order": "XYZ",
  "rotation_matrix": [
   [
    0.2885866165161133,
    -0.9449853301048279,
    -0.15401461720466614
   ],
   [
    -0.8743844032287598,
    -0.32565414905548096,
    0.35972392559051514
   ],
   [
    -0.39008933305740356,
    0.030856464058160782,
    -0.9202598333358765
   ]
  ]
 },
 {
  "rotation_euler": [
   -0.023601245135068893,
   1.1778470277786255,
   -1.6805106401443481
  ],
  "euler_order": "XYZ",
  "rotation_matrix": [
   [
    -0.04192698001861572,
    0.9960976243019104,
    -0.07766375690698624
   ],
   [
    -0.3806122839450836,
    -0.08779449760913849,
    -0.9205576777458191
   ],
   [
    -0.9237837791442871,
    -0.009036421775817871,
    0.3828079402446747
   ]
  ]
 },
 {
  "rotation_euler": [
   -0.023441551253199577,
   -0.3928695023059845,
   0.739861786365509
  ],
  "euler_order": "XYZ",
  "rotation_matrix": [
   [
    0.6822938919067383,
    -0.6673730611801147,
    -0.2984764575958252
   ],
   [
    0.6228225231170654,
    0.7444086670875549,
    -0.24072353541851044
   ],
   [
    0.3828408718109131,
    -0.021653657779097557,
    0.9235605001449585
   ]
  ]
 },
 {
  "rotation_euler": [
   -0.02340851165354252,
   -0.3927901089191437,
   -1.796174168586731
  ],
  "euler_order": "XYZ",
  "rotation_matrix": [
   [
    -0.20645588636398315,
    0.9724405407905579,
    0.10832983255386353
   ],
   [
    -0.9004804491996765,
    -0.23214605450630188,
    0.3677542805671692
   ],
   [
    0.38276752829551697,
    -0.021623853594064713,
    0.9235916137695312
   ]
  ]
 }
]