[
 {
  "rotation_euler": [
   -0.0001970114972209558,
   -1.2438371186362929e-06,
   -0.4347161650657654
  ],
  "euler_order": "XYZ",
  "rotation_matrix": [
   [
    0.9069896340370178,
    0.4211529791355133,
    8.18438347778283e-05
   ],
   [
    -0.4211529791355133,
    0.906989574432373,
    0.00017921123071573675
   ],
   [
    1.2438371186362929e-06,
    -0.0001970114972209558,
    1.0
   ]
  ]
 },
 {
  "rotation_euler": [
   -0.00019745284225791693,
   -8.336619998772221e-07,
   1.5368406772613525
  ],
  "euler_order": "XYZ",
  "rotation_matrix": [
   [
    0.033949125558137894,
    -0.9994235634803772,
    -0.00019736732065211982
   ],
   [
    0.9994235634803772,
    0.033949125558137894,
    5.870169843547046e-06
   ],
   [
    8.336619998772221e-07,
    -0.00019745284225791693,
    1.0
   ]
  ]
 },
 {
  "rotation_euler": [
   -0.00019706724560819566,
   1.2211822877361556e-06,
   -0.603342592716217
  ],
  "euler_order": "XYZ",
  "rotation_matrix": [
   [
    0.8234436511993408,
    0.5673980712890625,
    0.0001128211515606381
   ],
   [
    -0.5673980712890625,
    0.8234436511993408,
    0.00016158087237272412
   ],
   [
    -1.2211822877361556e-06,
    -0.00019706724560819566,
    1.0
   ]
  ]
 },
 {
  "rotation_euler": [
   -0.00019631463510449976,
   -5.749809020016983e-07,
   -0.4434606730937958
  ],
  "euler_order": "XYZ",
  "rotation_matrix": [
   [
    0.9032722115516663,
    0.4290679395198822,
    8.371295552933589e-05
   ],
   [
    -0.4290679693222046,
    0.9032722115516663,
    0.00017757226305548102
   ],
   [
    5.749809020016983e-07,
    -0.00019631463510449976,
    1.0
   ]
  ]
 },
 {
  "rotation_euler": [
   -0.00019942854123655707,
   -9.237104450221523e-07,
   1.1186022758483887
  ],
  "euler_order": "XYZ",
  "rotation_matrix": [
   [
    0.43694010376930237,
    -0.8994905948638916,
    -0.0001797877048375085
   ],
   [
    0.8994905948638916,
    0.43694010376930237,
    8.63074601511471e-05
   ],
   [
    9.237104450221523e-07,
    -0.00019942854123655707,
    1.0
   ]
  ]
 },
 {
  "rotation_euler": [
   -0.0001976973726414144,
   -8.811896918814455e-07,
   1.8343123197555542
  ],
  "euler_order": "XYZ",
  "rotation_matrix": [
   [
    -0.2604767680168152,
    -0.9654800891876221,
    -0.0001906433462863788
   ],
   [
    0.9654800891876221,
    -0.2604767680168152,
    -5.234634591033682e-05
   ],
   [
    8.811896918814455e-07,
    -0.0001976973726414144,
    1.0
   ]
  ]
 },
 {
  "rotation_euler": [
   -0.00019764604803640395,
   1.0079676258101244e-06,
   -1.10788893699646
  ],
  "euler_order": "XYZ",
  "rotation_matrix": [
   [
    0.4465514123439789,
    0.8947579860687256,
    0.00017729548562783748
   ],
   [
    -0.8947579860687256,
    0.4465513825416565,
    8.735723531572148e-05
   ],
   [
    -1.0079676258101244e-06,
    -0.00019764604803640395,
    1.0
   ]
  ]
 },
 {
  "rotation_euler": [
   -0.00020024151308462024,
   6.808369903410494e-07,
   2.225991725921631
  ],
  "euler_order": "XYZ",
  "rotation_matrix": [
   [
    -0.6093142032623291,
    -0.7929288744926453,
    -0.00015919211728032678
   ],
   [
    0.7929288744926453,
    -0.6093142032623291,
    -0.00012147014058427885
   ],
   [
    -6.808369903410494e-07,
    -0.00020024151308462024,
    1.0
   ]
  ]
 },
 {
  "rotation_euler": [
   -0.0001982940302696079,
   -7.111437980711344e-07,
   0.1042448878288269
  ],
  "euler_order": "XYZ",
  "rotation_matrix": [
   [
    0.9945714473724365,
    -0.10405618697404861,
    -2.1341003957786597e-05
   ],
   [
    0.10405618697404861,
    0.9945713877677917,
    0.00019714357040356845
   ],
   [
    7.111437980711344e-07,
    -0.0001982940302696079,
    1.0
   ]
  ]
 },
 {
  "rotation_euler": [
   -0.00020013179164379835,
   6.595839749934385e-07,
   1.9648549556732178
  ],
  "euler_order": "XYZ",
  "rotation_matrix": [
   [
    -0.38393914699554443,
    -0.9233583807945251,
    -0.00018504660692997277
   ],
   [
    0.9233583807945251,
    -0.38393911719322205,
    -7.622939301654696e-05
   ],
   [
    -6.595839749934385e-07,
    -0.00020013179164379835,
    1.0
   ]
  ]
 },
 {
  "rotation_euler": [
   -0.000197417481103912,
   1.0401653298686142e-06,
   -1.5404173135757446
  ],
  "euler_order": "XYZ",
  "rotation_matrix": [
   [
    0.03037434071302414,
    0.9995386004447937,
    0.0001973579783225432
   ],
   [
    -0.9995386004447937,
    0.03037434071302414,
    4.956740212946897e-06
   ],
   [
    -1.0401653298686142e-06,
    -0.000197417481103912,
    1.0
   ]
  ]
 },
 {
  "rotation_euler": [
   -0.00019764456374105066,
   -1.8015582270436425e-07,
   -1.0285879373550415
  ],
  "euler_order": "XYZ",
  "rotation_matrix": [
   [
    0.516028881072998,
    0.8565711379051208,
    0.00016920367488637567
   ],
   [
    -0.8565711975097656,
    0.516028881072998,
    0.00010214462236035615
   ],
   [
    1.8015582270436425e-07,
    -0.00019764456374105066,
    1.0
   ]
  ]
 },
 {
  "rotation_euler": [
   -0.00019827054347842932,
   -3.9201211166073335e-07,
   -1.8476258516311646
  ],
  "euler_order": "XYZ",
  "rotation_matrix": [
   [
    -0.27330726385116577,
    0.9619267582893372,
    0.00019082888320554048
   ],
   [
    -0.9619267582893372,
    -0.27330726385116577,
    -5.38116910320241e-05
   ],
   [
    3.9201211166073335e-07,
    -0.00019827054347842932,
    1.0
   ]
  ]
 },
 {
  "rotation_euler": [
   -0.0002009855379583314,
   1.2099096693418687e-06,
   -0.3243526816368103
  ],
  "euler_order": "XYZ",
  "rotation_matrix": [
   [
    0.9478572010993958,
    0.3186952769756317,
    6.519996532006189e-05
   ],
   [
    -0.3186952769756317,
    0.9478572010993958,
    0.00019012000120710582
   ],
   [
    -1.2099096693418687e-06,
    -0.0002009855379583314,
    1.0
   ]
  ]
 },
 {
  "rotation_euler": [
   -0.00019747743499465287,
   -8.094370400613116e-07,
   1.7369498014450073
  ],
  "euler_order": "XYZ",
  "rotation_matrix": [
   [
    -0.1653900295495987,
    -0.9862282276153564,
    -0.0001946239499375224
   ],
   [
    0.9862282276153564,
    -0.1653900295495987,
    -3.345908771734685e-05
   ],
   [
    8.094370400613116e-07,
    -0.00019747743499465287,
    1.0
   ]
  ]
 },
 {
  "rotation_euler": [
   -0.0002000300446525216,
   -1.3572279158324818e-06,
   -2.386709451675415
  ],
  "euler_order": "XYZ",
  "rotation_matrix": [
   [
    -0.7283515930175781,
    0.6852036118507385,
    0.00013804984337184578
   ],
   [
    -0.6852036118507385,
    -0.7283515930175781,
    -0.0001447622198611498
   ],
   [
    1.3572279158324818e-06,
    -0.0002000300446525216,
    1.0
   ]
  ]
 }
]