[
 {
  "rotation_euler": [
   -1.5675593614578247,
   -1.0115259885787964,
   1.117489218711853
  ],
  "euler_order": "XYZ",
  "rotation_matrix": [
   [
    0.2323574274778366,
    0.3683054447174072,
    -0.900200605392456
   ],
   [
    0.476982444524765,
    0.7634473443031311,
    0.4354720711708069
   ],
   [
    0.8476424813270569,
    -0.530565083026886,
    0.0017174266977235675
   ]
  ]
 },
 {
  "rotation_euler": [
   0.09660753607749939,
   0.026666047051548958,
   0.3210407495498657
  ],
  "euler_order": "XYZ",
  "rotation_matrix": [
   [
    0.948570191860199,
    -0.31164249777793884,
    0.05562016740441322
   ],
   [
    0.31544211506843567,
    0.9452944397926331,
    -0.08315473049879074
   ],
   [
    -0.026662886142730713,
    0.09642303735017776,
    0.9949832558631897
   ]
  ]
 },
 {
  "rotation_euler": [
   1.5288375616073608,
   1.6566838026046753,
   1.4815279245376587
  ],
  "euler_order": "XYZ",
  "rotation_matrix": [
   [
    -0.007647448685020208,
    0.04696366935968399,
    0.9988673329353333
   ],
   [
    -0.08544036000967026,
    0.995212972164154,
    -0.04744599387049675
   ],
   [
    -0.9963139295578003,
    -0.08570642024278641,
    -0.0035982474219053984
   ]
  ]
 },
 {
  "rotation_euler": [
   1.8076252937316895,
   1.5572128295898438,
   0.31227487325668335
  ],
  "euler_order": "XYZ",
  "rotation_matrix": [
   [
    0.012926163151860237,
    0.9970699548721313,
    0.07539495080709457
   ],
   [
    0.004173052031546831,
    0.07534679770469666,
    -0.9971486330032349
   ],
   [
    -0.9999077320098877,
    0.013203932903707027,
    -0.0031868796795606613
   ]
  ]
 },
 {
  "rotation_euler": [
   -0.06338316202163696,
   -0.020417889580130577,
   -2.0876500606536865
  ],
  "euler_order": "XYZ",
  "rotation_matrix": [
   [
    -0.49404430389404297,
    0.8669934272766113,
    0.06513553857803345
   ],
   [
    -0.8691970109939575,
    -0.49427929520606995,
    -0.013585657812654972
   ],
   [
    0.020416470244526863,
    -0.06332752853631973,
    0.9977839589118958
   ]
  ]
 },
 {
  "rotation_euler": [
   1.5641050338745117,
   -0.9095143675804138,
   0.01849616877734661
  ],
  "euler_order": "XYZ",
  "rotation_matrix": [
   [
    0.6140240430831909,
    -0.7891767024993896,
    0.013214836828410625
   ],
   [
    0.011358387768268585,
    -0.007906022481620312,
    -0.999904215335846
   ],
   [
    0.7892056107521057,
    0.6141153573989868,
    0.004109287168830633
   ]
  ]
 },
 {
  "rotation_euler": [
   0.030322887003421783,
   -0.01702294312417507,
   -0.8243882060050964
  ],
  "euler_order": "XYZ",
  "rotation_matrix": [
   [
    0.6789078712463379,
    0.7334446310997009,
    -0.03381041809916496
   ],
   [
    -0.7340261340141296,
    0.6790729761123657,
    -0.00809552613645792
   ],
   [
    0.01702212169766426,
    0.030313847586512566,
    0.999395489692688
   ]
  ]
 },
 {
  "rotation_euler": [
   -1.5479412078857422,
   1.7066494226455688,
   0.2565964460372925
  ],
  "euler_order": "XYZ",
  "rotation_matrix": [
   [
    -0.13100135326385498,
    -0.9638968110084534,
    -0.2318224012851715
   ],
   [
    -0.03437218815088272,
    -0.22928094863891602,
    0.9727532267570496
   ],
   [
    -0.9907861351966858,
    0.1354002207517624,
    -0.0030951271764934063
   ]
  ]
 },
 {
  "rotation_euler": [
   1.5571917295455933,
   1.8659721612930298,
   0.4031578004360199
  ],
  "euler_order": "XYZ",
  "rotation_matrix": [
   [
    -0.26758500933647156,
    0.8746263980865479,
    0.40426090359687805
   ],
   [
    -0.11413048952817917,
    0.3878360092639923,
    -0.9146351218223572
   ],
   [
    -0.9567509889602661,
    -0.2908811569213867,
    -0.0039575654082000256
   ]
  ]
 },
 {
  "rotation_euler": [
   1.567931890487671,
   -0.1760479360818863,
   -1.9878058433532715
  ],
  "euler_order": "XYZ",
  "rotation_matrix": [
   [
    -0.39876776933670044,
    0.07355527579784393,
    -0.9140973091125488
   ],
   [
    -0.9001723527908325,
    0.15897038578987122,
    0.4054850935935974
   ],
   [
    0.17513997852802277,
    0.9845395088195801,
    0.002820158377289772
   ]
  ]
 },
 {
  "rotation_euler": [
   -1.569631576538086,
   -0.7822039723396301,
   -1.9626120328903198
  ],
  "euler_order": "XYZ",
  "rotation_matrix": [
   [
    -0.2708819806575775,
    -0.26808032393455505,
    0.9245300889015198
   ],
   [
    -0.6556044220924377,
    -0.6518738269805908,
    -0.3811081349849701
   ],
   [
    0.7048445343971252,
    -0.7093613147735596,
    0.0008262291667051613
   ]
  ]
 },
 {
  "rotation_euler": [
   -1.568935751914978,
   -0.8752276301383972,
   1.2494008541107178
  ],
  "euler_order": "XYZ",
  "rotation_matrix": [
   [
    0.2024298757314682,
    0.2407403588294983,
    -0.9492450952529907
   ],
   [
    0.6080091595649719,
    0.7289667129516602,
    0.31453514099121094
   ],
   [
    0.7676894068717957,
    -0.6408210396766663,
    0.0011922968551516533
   ]
  ]
 },
 {
  "rotation_euler": [
   1.5772370100021362,
   1.1963313817977905,
   -0.7490918040275574
  ],
  "euler_order": "XYZ",
  "rotation_matrix": [
   [
    0.2678595185279846,
    0.6771612167358398,
    -0.6853495240211487
   ],
   [
    -0.24908298254013062,
    -0.638488233089447,
    -0.72821044921875
   ],
   [
    -0.9307034611701965,
    0.3657670319080353,
    -0.002355822129175067
   ]
  ]
 },
 {
  "rotation_euler": [
   -0.0032689908985048532,
   0.028089482337236404,
   -2.0940685272216797
  ],
  "euler_order": "XYZ",
  "rotation_matrix": [
   [
    -0.49952003359794617,
    0.8662298917770386,
    -0.011203317902982235
   ],
   [
    -0.8658469319343567,
    -0.4996349513530731,
    -0.025961028411984444
   ],
   [
    -0.02808578871190548,
    -0.003267695428803563,
    0.9996001720428467
   ]
  ]
 },
 {
  "rotation_euler": [
   1.5653984546661377,
   -0.7439764142036438,
   -0.9171378016471863
  ],
  "euler_order": "XYZ",
  "rotation_matrix": [
   [
    0.44742491841316223,
    -0.4075222313404083,
    -0.796075701713562
   ],
   [
    -0.5841107368469238,
    0.540894627571106,
    -0.605184018611908
   ],
   [
    0.677219033241272,
    0.7357707619667053,
    0.003971634898334742
   ]
  ]
 },
 {
  "rotation_euler": [
   -1.5248887538909912,
   -1.4994161128997803,
   -1.4373060464859009
  ],
  "euler_order": "XYZ",
  "rotation_matrix": [
   [
    0.009492225013673306,
    0.17809855937957764,
    0.9839668869972229
   ],
   [
    -0.07068511098623276,
    -0.981430172920227,
    0.17832130193710327
   ],
   [
    0.997453510761261,
    -0.07124447077512741,
    0.003272960428148508
   ]
  ]
 }
]