[
 {
  "rotation_euler": [
   -0.3808887004852295,
   -0.24838599562644958,
   2.8558878898620605
  ],
  "euler_order": "XYZ",
  "rotation_matrix": [
   [
    -0.9300177693367004,
    -0.3493212163448334,
    0.11419979482889175
   ],
   [
    0.2731843590736389,
    -0.8649462461471558,
    -0.4209968149662018
   ],
   [
    0.24583980441093445,
    -0.36033692955970764,
    0.8998444676399231
   ]
  ]
 },
 {
  "rotation_euler": [
   -0.6950075626373291,
   -0.5542719960212708,
   0.8665040135383606
  ],
  "euler_order": "XYZ",
  "rotation_matrix": [
   [
    0.5505542755126953,
    -0.3670665919780731,
    -0.749768078327179
   ],
   [
    0.647975742816925,
    0.7541659474372864,
    0.10658857226371765
   ],
   [
    0.526324450969696,
    -0.5445142984390259,
    0.6530595421791077
   ]
  ]
 },
 {
  "rotation_euler": [
   2.0179595947265625,
   0.14231227338314056,
   -2.0158705711364746
  ],
  "euler_order": "XYZ",
  "rotation_matrix": [
   [
    -0.4261725842952728,
    -0.44534212350845337,
    -0.7874308228492737
   ],
   [
    -0.8934542536735535,
    0.070734903216362,
    0.44354939460754395
   ],
   [
    -0.1418323963880539,
    0.8925620317459106,
    -0.428038090467453
   ]
  ]
 },
 {
  "rotation_euler": [
   2.2865636348724365,
   -1.1634074449539185,
   -0.3396712839603424
  ],
  "euler_order": "XYZ",
  "rotation_matrix": [
   [
    0.3735752999782562,
    -0.8718773722648621,
    0.3166564702987671
   ],
   [
    -0.13200920820236206,
    -0.38786810636520386,
    -0.912212610244751
   ],
   [
    0.9181585311889648,
    0.2989785373210907,
    -0.2599937915802002
   ]
  ]
 },
 {
  "rotation_euler": [
   -0.9163382649421692,
   -0.7171376943588257,
   2.568047523498535
  ],
  "euler_order": "XYZ",
  "rotation_matrix": [
   [
    -0.6330865025520325,
    -0.768298327922821,
    -0.09444116055965424
   ],
   [
    0.408962219953537,
    -0.22838623821735382,
    -0.8835098147392273
   ],
   [
    0.6572300791740417,
    -0.5979610085487366,
    0.4587932527065277
   ]
  ]
 },
 {
  "rotation_euler": [
   -0.25496405363082886,
   -0.13706208765506744,
   1.7097946405410767
  ],
  "euler_order": "XYZ",
  "rotation_matrix": [
   [
    -0.13725177943706512,
    -0.9631139636039734,
    -0.23145939409732819
   ],
   [
    0.981067419052124,
    -0.099944107234478,
    -0.16588519513607025
   ],
   [
    0.13663335144519806,
    -0.24984531104564667,
    0.9585972428321838
   ]
  ]
 },
 {
  "rotation_euler": [
   -0.0820508822798729,
   -1.9015167951583862,
   1.2343283891677856
  ],
  "euler_order": "XYZ",
  "rotation_matrix": [
   [
    -0.10720948129892349,
    -0.9151582717895508,
    -0.3885761797428131
   ],
   [
    -0.3065161406993866,
    0.4022151529788971,
    -0.8627113103866577
   ],
   [
    0.9458086490631104,
    0.026614049449563026,
    -0.32363206148147583
   ]
  ]
 },
 {
  "rotation_euler": [
   -1.9761055707931519,
   0.43939122557640076,
   -1.6375035047531128
  ],
  "euler_order": "XYZ",
  "rotation_matrix": [
   [
    -0.06032595410943031,
    -0.3673679232597351,
    0.9281172156333923
   ],
   [
    -0.9029979705810547,
    0.4163376986980438,
    0.10610178858041763
   ],
   [
    -0.4253886044025421,
    -0.8316872715950012,
    -0.35684844851493835
   ]
  ]
 },
 {
  "rotation_euler": [
   1.1376746892929077,
   -2.250110626220703,
   0.5448269248008728
  ],
  "euler_order": "XYZ",
  "rotation_matrix": [
   [
    -0.5372983813285828,
    -0.8214436769485474,
    0.19115644693374634
   ],
   [
    -0.32560819387435913,
    -0.007043170277029276,
    -0.9454785585403442
   ],
   [
    0.7780036926269531,
    -0.5702462196350098,
    -0.2636845111846924
   ]
  ]
 },
 {
  "rotation_euler": [
   1.9830528497695923,
   -0.8905940651893616,
   -0.5548545718193054
  ],
  "euler_order": "XYZ",
  "rotation_matrix": [
   [
    0.5345933437347412,
    -0.8165324330329895,
    -0.21790997684001923
   ],
   [
    -0.3313433825969696,
    0.034692179411649704,
    -0.9428722262382507
   ],
   [
    0.7774454951286316,
    0.5762562155723572,
    -0.2520064115524292
   ]
  ]
 },
 {
  "rotation_euler": [
   2.4743170738220215,
   -1.212392807006836,
   -0.0874217078089714
  ],
  "euler_order": "XYZ",
  "rotation_matrix": [
   [
    0.3494400680065155,
    -0.6458955407142639,
    0.6787566542625427
   ],
   [
    -0.030626710504293442,
    -0.7319122552871704,
    -0.6807102560997009
   ],
   [
    0.9364580512046814,
    0.21707935631275177,
    -0.27554112672805786
   ]
  ]
 },
 {
  "rotation_euler": [
   2.0923027992248535,
   0.02502473071217537,
   0.1655348837375641
  ],
  "euler_order": "XYZ",
  "rotation_matrix": [
   [
    0.9860215187072754,
    0.10349054634571075,
    0.1305803805589676
   ],
   [
    0.1647283285856247,
    -0.48780182003974915,
    -0.8572711944580078
   ],
   [
    -0.025022119283676147,
    0.8667981624603271,
    -0.4980309307575226
   ]
  ]
 },
 {
  "rotation_euler": [
   0.12687665224075317,
   -0.0957932099699974,
   0.6449370980262756
  ],
  "euler_order": "XYZ",
  "rotation_matrix": [
   [
    0.7954738140106201,
    -0.6059879064559937,
    0.00024665711680427194
   ],
   [
    0.598392128944397,
    0.7854384779930115,
    -0.15815579891204834
   ],
   [
    0.09564676880836487,
    0.12595640122890472,
    0.9874141216278076
   ]
  ]
 },
 {
  "rotation_euler": [
   -1.0898478031158447,
   -2.3037197589874268,
   1.195543646812439
  ],
  "euler_order": "XYZ",
  "rotation_matrix": [
   [
    -0.245210200548172,
    -0.1889340728521347,
    -0.9508816599845886
   ],
   [
    -0.6224897503852844,
    0.7826117873191833,
    0.005025655496865511
   ],
   [
    0.7432217001914978,
    0.5931464433670044,
    -0.3095139265060425
   ]
  ]
 },
 {
  "rotation_euler": [
   -1.1459567546844482,
   -2.253833532333374,
   -0.6670122146606445
  ],
  "euler_order": "XYZ",
  "rotation_matrix": [
   [
    -0.49587923288345337,
    0.8102292418479919,
    0.3124617040157318
   ],
   [
    0.39045655727386475,
    -0.11336347460746765,
    0.9136149883270264
   ],
   [
    0.7756593823432922,
    0.5750454664230347,
    -0.26014474034309387
   ]
  ]
 },
 {
  "rotation_euler": [
   -0.9434882998466492,
   -2.005918502807617,
   0.40954190492630005
  ],
  "euler_order": "XYZ",
  "rotation_matrix": [
   [
    -0.3866627812385559,
    0.4397323727607727,
    -0.8106338977813721
   ],
   [
    -0.16784517467021942,
    0.8307656645774841,
    0.5307131409645081
   ],
   [
    0.9068185687065125,
    0.34126800298690796,
    -0.24741922318935394
   ]
  ]
 }
]