[
 {
  "rotation_euler": [
   -7.093630847521126e-05,
   1.5351370573043823,
   -0.6931544542312622
  ],
  "euler_order": "XYZ",
  "rotation_matrix": [
   [
    0.027424518018960953,
    0.6389123201370239,
    0.7687905430793762
   ],
   [
    -0.022780263796448708,
    0.7692795395851135,
    -0.6385061144828796
   ],
   [
    -0.9993642568588257,
    -2.5290009944001213e-06,
    0.035651713609695435
   ]
  ]
 },
 {
  "rotation_euler": [
   1.1548224687576294,
   -1.1866991519927979,
   1.395087480545044
  ],
  "euler_order": "XYZ",
  "rotation_matrix": [
   [
    0.06550373882055283,
    -0.5461077690124512,
    0.8351500630378723
   ],
   [
    0.36895260214805603,
    -0.764380156993866,
    -0.528769314289093
   ],
   [
    0.9271371364593506,
    0.3427671492099762,
    0.15141811966896057
   ]
  ]
 },
 {
  "rotation_euler": [
   0.0011944829020649195,
   -1.5351423025131226,
   -2.748511791229248
  ],
  "euler_order": "XYZ",
  "rotation_matrix": [
   [
    -0.03292783349752426,
    0.3841385245323181,
    0.9226881265640259
   ],
   [
    -0.013653885573148727,
    -0.9232754707336426,
    0.3838958144187927
   ],
   [
    0.99936443567276,
    4.257908949512057e-05,
    0.03564644604921341
   ]
  ]
 },
 {
  "rotation_euler": [
   7.431742415064946e-05,
   -1.5351368188858032,
   -2.040893077850342
  ],
  "euler_order": "XYZ",
  "rotation_matrix": [
   [
    -0.016149355098605156,
    0.8915581107139587,
    0.4526183307170868
   ],
   [
    -0.03178458660840988,
    -0.4529063403606415,
    0.8909913301467896
   ],
   [
    0.9993642568588257,
    2.6495611109567108e-06,
    0.035651952028274536
   ]
  ]
 },
 {
  "rotation_euler": [
   -6.802401912864298e-05,
   1.5351357460021973,
   2.138704299926758
  ],
  "euler_order": "XYZ",
  "rotation_matrix": [
   [
    -0.019176676869392395,
    -0.8429914712905884,
    -0.5375849604606628
   ],
   [
    0.03005649894475937,
    -0.5379269123077393,
    0.8424555063247681
   ],
   [
    -0.9993642568588257,
    -2.425261982352822e-06,
    0.03565302491188049
   ]
  ]
 },
 {
  "rotation_euler": [
   -1.2587765455245972,
   -1.1558421850204468,
   0.5297527313232422
  ],
  "euler_order": "XYZ",
  "rotation_matrix": [
   [
    0.3478893041610718,
    0.5964450240135193,
    -0.7233439087867737
   ],
   [
    0.20371872186660767,
    0.7050116062164307,
    0.6793065071105957
   ],
   [
    0.9151347875595093,
    -0.38368216156959534,
    0.12375897169113159
   ]
  ]
 },
 {
  "rotation_euler": [
   6.941287574591115e-05,
   -1.535136103630066,
   0.2960703670978546
  ],
  "euler_order": "XYZ",
  "rotation_matrix": [
   [
    0.03410143405199051,
    -0.2918301522731781,
    -0.9558620452880859
   ],
   [
    0.01040215790271759,
    0.9564701318740845,
    -0.29164472222328186
   ],
   [
    0.9993642568588257,
    2.4747539555391995e-06,
    0.03565266728401184
   ]
  ]
 },
 {
  "rotation_euler": [
   -6.029175381172536e-08,
   1.5351372957229614,
   2.3850536346435547
  ],
  "euler_order": "XYZ",
  "rotation_matrix": [
   [
    -0.025926323607563972,
    -0.6864086389541626,
    -0.7267537713050842
   ],
   [
    0.024471482262015343,
    -0.7272160649299622,
    0.685972273349762
   ],
   [
    -0.9993642568588257,
    -2.14948991938968e-09,
    0.03565147519111633
   ]
  ]
 },
 {
  "rotation_euler": [
   7.206902228062972e-05,
   -1.5351370573043823,
   -0.17351417243480682
  ],
  "euler_order": "XYZ",
  "rotation_matrix": [
   [
    0.035116370767354965,
    0.17257386445999146,
    -0.9843704104423523
   ],
   [
    -0.006155083421617746,
    0.9849965572357178,
    0.17246407270431519
   ],
   [
    0.9993642568588257,
    2.5693841507745674e-06,
    0.035651713609695435
   ]
  ]
 },
 {
  "rotation_euler": [
   -9.657334157964215e-05,
   1.5351324081420898,
   -2.0216519832611084
  ],
  "euler_order": "XYZ",
  "rotation_matrix": [
   [
    -0.015536753460764885,
    0.9001166224479675,
    -0.43537184596061707
   ],
   [
    -0.03209338337182999,
    -0.43564897775650024,
    -0.8995442986488342
   ],
   [
    -0.9993641376495361,
    -3.4434538065397646e-06,
    0.03565635904669762
   ]
  ]
 },
 {
  "rotation_euler": [
   0.34984806180000305,
   -0.283604234457016,
   -1.950042963027954
  ],
  "euler_order": "XYZ",
  "rotation_matrix": [
   [
    -0.35543158650398254,
    0.9081803560256958,
    -0.22108113765716553
   ],
   [
    -0.8918354511260986,
    -0.25870051980018616,
    0.3710843622684479
   ],
   [
    0.27981770038604736,
    0.3290630877017975,
    0.9018977284431458
   ]
  ]
 },
 {
  "rotation_euler": [
   6.86560379108414e-05,
   -1.5351368188858032,
   -1.5514228343963623
  ],
  "euler_order": "XYZ",
  "rotation_matrix": [
   [
    0.0006906595663167536,
    0.9998109936714172,
    -0.019428608939051628
   ],
   [
    -0.0356452614068985,
    0.01944088004529476,
    0.9991753697395325
   ],
   [
    0.9993642568588257,
    2.447721726639429e-06,
    0.035651952028274536
   ]
  ]
 },
 {
  "rotation_euler": [
   7.14508059900254e-05,
   -1.5351370573043823,
   2.3377997875213623
  ],
  "euler_order": "XYZ",
  "rotation_matrix": [
   [
    -0.024741606786847115,
    -0.7199438810348511,
    0.6935911178588867
   ],
   [
    0.025668999180197716,
    -0.6940322518348694,
    -0.7194861173629761
   ],
   [
    0.9993642568588257,
    2.5473436835454777e-06,
    0.035651713609695435
   ]
  ]
 },
 {
  "rotation_euler": [
   0.001890661776997149,
   0.0019198005320504308,
   -1.8540009260177612
  ],
  "euler_order": "XYZ",
  "rotation_matrix": [
   [
    -0.2794335186481476,
    0.9601621627807617,
    -0.002351802308112383
   ],
   [
    -0.9601631164550781,
    -0.27943700551986694,
    -0.001315005705691874
   ],
   [
    -0.0019197993678972125,
    0.001890657120384276,
    0.9999963641166687
   ]
  ]
 },
 {
  "rotation_euler": [
   -0.0016067454125732183,
   1.5350992679595947,
   0.3947228789329529
  ],
  "euler_order": "XYZ",
  "rotation_matrix": [
   [
    0.032945070415735245,
    -0.38603413105010986,
    0.9218960404396057
   ],
   [
    0.013724474236369133,
    0.9224845170974731,
    0.3857901096343994
   ],
   [
    -0.9993629455566406,
    -5.7343881053384393e-05,
    0.03568943217396736
   ]
  ]
 },
 {
  "rotation_euler": [
   9.803922876017168e-05,
   -1.5351368188858032,
   -0.9752646088600159
  ],
  "euler_order": "XYZ",
  "rotation_matrix": [
   [
    0.019998926669359207,
    0.8277953863143921,
    -0.5606735348701477
   ],
   [
    -0.029514480382204056,
    0.5610301494598389,
    0.8272690773010254
   ],
   [
    0.9993642568588257,
    3.4952897749462863e-06,
    0.035651952028274536
   ]
  ]
 }
]