[
 {
  "rotation_euler": [
   2.7822117805480957,
   -1.0424305200576782,
   0.21898242831230164
  ],
  "euler_order": "XYZ",
  "rotation_matrix": [
   [
    0.49208372831344604,
    -0.09312309324741364,
    0.8655528426170349
   ],
   [
    0.10951382666826248,
    -0.9797416925430298,
    -0.16766919195652008
   ],
   [
    0.863632082939148,
    0.17729727923870087,
    -0.47191667556762695
   ]
  ]
 },
 {
  "rotation_euler": [
   -0.2024085819721222,
   -2.0771799087524414,
   0.4313555657863617
  ],
  "euler_order": "XYZ",
  "rotation_matrix": [
   [
    -0.44059014320373535,
    -0.24986951053142548,
    -0.8622328639030457
   ],
   [
    -0.20278722047805786,
    0.9633578658103943,
    -0.17555317282676697
   ],
   [
    0.8745042681694031,
    0.09750281274318695,
    -0.4751163125038147
   ]
  ]
 },
 {
  "rotation_euler": [
   1.1879782676696777,
   -2.967961311340332,
   -0.4494714140892029
  ],
  "euler_order": "XYZ",
  "rotation_matrix": [
   [
    -0.8871342539787292,
    0.01795942895114422,
    -0.46116191148757935
   ],
   [
    0.4279564917087555,
    0.4060644209384918,
    -0.8074434399604797
   ],
   [
    0.1727602183818817,
    -0.9136679768562317,
    -0.3679195046424866
   ]
  ]
 },
 {
  "rotation_euler": [
   -2.4522829055786133,
   -0.9115749001502991,
   -0.5649552345275879
  ],
  "euler_order": "XYZ",
  "rotation_matrix": [
   [
    0.5173265337944031,
    0.011479096487164497,
    0.8557111024856567
   ],
   [
    -0.3279199004173279,
    -0.9209321141242981,
    0.21060043573379517
   ],
   [
    0.7904693484306335,
    -0.38955387473106384,
    -0.4726584255695343
   ]
  ]
 },
 {
  "rotation_euler": [
   0.6876168847084045,
   1.2211487293243408,
   1.681875467300415
  ],
  "euler_order": "XYZ",
  "rotation_matrix": [
   [
    -0.03797381743788719,
    -0.8340979814529419,
    0.5503076910972595
   ],
   [
    0.3404555320739746,
    0.5069579482078552,
    0.7918861508369446
   ],
   [
    -0.9394934773445129,
    0.21742622554302216,
    0.26472213864326477
   ]
  ]
 },
 {
  "rotation_euler": [
   0.06939636915922165,
   -2.0671002864837646,
   -1.0240983963012695
  ],
  "euler_order": "XYZ",
  "rotation_matrix": [
   [
    -0.24755068123340607,
    0.820490837097168,
    -0.5152799487113953
   ],
   [
    0.4067736566066742,
    0.5707052946090698,
    0.7133236527442932
   ],
   [
    0.8793485164642334,
    -0.033018555492162704,
    -0.4750325381755829
   ]
  ]
 },
 {
  "rotation_euler": [
   2.6951229572296143,
   -1.0166312456130981,
   -0.3015782833099365
  ],
  "euler_order": "XYZ",
  "rotation_matrix": [
   [
    0.5024840235710144,
    -0.6185048222541809,
    0.6041204929351807
   ],
   [
    -0.15630589425563812,
    -0.7522121667861938,
    -0.6401134729385376
   ],
   [
    0.8503401279449463,
    0.22721920907497406,
    -0.4746505618095398
   ]
  ]
 },
 {
  "rotation_euler": [
   -0.22096911072731018,
   -2.079287528991699,
   2.1874067783355713
  ],
  "euler_order": "XYZ",
  "rotation_matrix": [
   [
    0.2815380096435547,
    -0.9067140221595764,
    0.3140159249305725
   ],
   [
    -0.3972013592720032,
    -0.4080234169960022,
    -0.8220388889312744
   ],
   [
    0.8734800815582275,
    0.10670764744281769,
    -0.4750221371650696
   ]
  ]
 },
 {
  "rotation_euler": [
   -2.826572895050049,
   -1.0486980676651,
   -0.22214913368225098
  ],
  "euler_order": "XYZ",
  "rotation_matrix": [
   [
    0.48644500970840454,
    0.05247363820672035,
    0.8721340298652649
   ],
   [
    -0.10987678915262222,
    -0.9865959882736206,
    0.12064578384160995
   ],
   [
    0.8667746782302856,
    -0.1545148342847824,
    -0.4741590619087219
   ]
  ]
 },
 {
  "rotation_euler": [
   2.1083261966705322,
   -0.512437105178833,
   1.2394373416900635
  ],
  "euler_order": "XYZ",
  "rotation_matrix": [
   [
    0.28354066610336304,
    0.3471479117870331,
    0.8939200043678284
   ],
   [
    0.824140727519989,
    -0.5648210644721985,
    -0.04206299036741257
   ],
   [
    0.49030277132987976,
    0.7486424446105957,
    -0.44624847173690796
   ]
  ]
 },
 {
  "rotation_euler": [
   2.3151607513427734,
   -0.791327953338623,
   1.2925221920013428
  ],
  "euler_order": "XYZ",
  "rotation_matrix": [
   [
    0.19308461248874664,
    0.5077298283576965,
    0.8396003246307373
   ],
   [
    0.6758614182472229,
    -0.6891475915908813,
    0.261317640542984
   ],
   [
    0.7112873196601868,
    0.5169970989227295,
    -0.4762188196182251
   ]
  ]
 },
 {
  "rotation_euler": [
   -0.7074323296546936,
   -2.241745948791504,
   0.03801977261900902
  ],
  "euler_order": "XYZ",
  "rotation_matrix": [
   [
    -0.6212807297706604,
    0.4797528386116028,
    -0.6195542216300964
   ],
   [
    -0.023632340133190155,
    0.7788316011428833,
    0.6267877221107483
   ],
   [
    0.7832316160202026,
    0.40405264496803284,
    -0.4725354015827179
   ]
  ]
 },
 {
  "rotation_euler": [
   0.5876018404960632,
   -2.1773200035095215,
   -0.747944712638855
  ],
  "euler_order": "XYZ",
  "rotation_matrix": [
   [
    -0.41787105798721313,
    0.23214437067508698,
    -0.8783466219902039
   ],
   [
    0.3876860439777374,
    0.9199211001396179,
    0.05869177356362343
   ],
   [
    0.8216345310211182,
    -0.3159971237182617,
    -0.47440752387046814
   ]
  ]
 },
 {
  "rotation_euler": [
   1.9344011545181274,
   -0.07326241582632065,
   2.6701412200927734
  ],
  "euler_order": "XYZ",
  "rotation_matrix": [
   [
    -0.8885201811790466,
    0.22247545421123505,
    0.40129366517066956
   ],
   [
    0.4529615342617035,
    0.2857772409915924,
    0.8444863557815552
   ],
   [
    0.0731968954205513,
    0.932113766670227,
    -0.35469165444374084
   ]
  ]
 },
 {
  "rotation_euler": [
   2.4812724590301514,
   -0.9260342121124268,
   0.6060869693756104
  ],
  "euler_order": "XYZ",
  "rotation_matrix": [
   [
    0.4939587712287903,
    0.046998780220746994,
    0.8682141900062561
   ],
   [
    0.34236785769462585,
    -0.9283832311630249,
    -0.14452968537807465
   ],
   [
    0.7992427349090576,
    0.36864033341407776,
    -0.47467389702796936
   ]
  ]
 },
 {
  "rotation_euler": [
   2.191074848175049,
   -0.6480823755264282,
   1.3925940990447998
  ],
  "euler_order": "XYZ",
  "rotation_matrix": [
   [
    0.14131970703601837,
    0.4849852919578552,
    0.8630284070968628
   ],
   [
    0.7846176624298096,
    -0.5864630937576294,
    0.20108729600906372
   ],
   [
    0.6036586761474609,
    0.6487297415733337,
    -0.46340683102607727
   ]
  ]
 }
]