[
 {
  "rotation_euler": [
   0.37868133187294006,
   -0.7430309057235718,
   1.4516808986663818
  ],
  "euler_order": "XYZ",
  "rotation_matrix": [
   [
    0.08751187473535538,
    -0.9522903561592102,
    0.2923777103424072
   ],
   [
    0.7312033176422119,
    -0.13792040944099426,
    -0.6680716276168823
   ],
   [
    0.6765230298042297,
    0.2722517251968384,
    0.684248149394989
   ]
  ]
 },
 {
  "rotation_euler": [
   0.5027599930763245,
   -0.6710447072982788,
   -0.10902595520019531
  ],
  "euler_order": "XYZ",
  "rotation_matrix": [
   [
    0.7785224318504333,
    -0.2024894803762436,
    -0.5940545797348022
   ],
   [
    -0.08521707355976105,
    0.9036542773246765,
    -0.4196986258029938
   ],
   [
    0.6218045353889465,
    0.37736839056015015,
    0.6862596273422241
   ]
  ]
 },
 {
  "rotation_euler": [
   0.3776310980319977,
   -0.7432419061660767,
   2.5080204010009766
  ],
  "euler_order": "XYZ",
  "rotation_matrix": [
   [
    -0.5933800935745239,
    -0.349233478307724,
    0.7252144813537598
   ],
   [
    0.43589723110198975,
    -0.8968469500541687,
    -0.07522773742675781
   ],
   [
    0.6766784191131592,
    0.2714803218841553,
    0.6844010353088379
   ]
  ]
 },
 {
  "rotation_euler": [
   0.37868115305900574,
   -0.7430309057235718,
   -0.42051756381988525
  ],
  "euler_order": "XYZ",
  "rotation_matrix": [
   [
    0.6722627878189087,
    0.15099337697029114,
    -0.724750816822052
   ],
   [
    -0.3006315231323242,
    0.9503052234649658,
    -0.08087413012981415
   ],
   [
    0.6765230298042297,
    0.27225160598754883,
    0.6842482089996338
   ]
  ]
 },
 {
  "rotation_euler": [
   0.3556666076183319,
   -0.7475772500038147,
   1.1034350395202637
  ],
  "euler_order": "XYZ",
  "rotation_matrix": [
   [
    0.33039239048957825,
    -0.9435449838638306,
    0.023742152377963066
   ],
   [
    0.6546951532363892,
    0.21098414063453674,
    -0.7258511781692505
   ],
   [
    0.6798640489578247,
    0.25535959005355835,
    0.687441885471344
   ]
  ]
 },
 {
  "rotation_euler": [
   0.3607548475265503,
   -0.7469853162765503,
   2.7208800315856934
  ],
  "euler_order": "XYZ",
  "rotation_matrix": [
   [
    -0.6697569489479065,
    -0.16320957243442535,
    0.7244227528572083
   ],
   [
    0.29966771602630615,
    -0.9519892930984497,
    0.06257501244544983
   ],
   [
    0.679429829120636,
    0.2589961588382721,
    0.6865100860595703
   ]
  ]
 },
 {
  "rotation_euler": [
   1.0267693996429443,
   -0.2662804424762726,
   0.19553329050540924
  ],
  "euler_order": "XYZ",
  "rotation_matrix": [
   [
    0.9463721513748169,
    -0.32142600417137146,
    0.032635752111673355
   ],
   [
    0.18744221329689026,
    0.4639774560928345,
    -0.8657888770103455
   ],
   [
    0.2631447911262512,
    0.8254757523536682,
    0.499344140291214
   ]
  ]
 },
 {
  "rotation_euler": [
   0.2461802065372467,
   -0.7651787400245667,
   0.07320371270179749
  ],
  "euler_order": "XYZ",
  "rotation_matrix": [
   [
    0.719326913356781,
    -0.23928463459014893,
    -0.6521592736244202
   ],
   [
    0.05275166034698486,
    0.9549069404602051,
    -0.29218149185180664
   ],
   [
    0.6926659345626831,
    0.17577151954174042,
    0.6995128989219666
   ]
  ]
 },
 {
  "rotation_euler": [
   0.3786850571632385,
   -0.743026852607727,
   -3.03049635887146
  ],
  "euler_order": "XYZ",
  "rotation_matrix": [
   [
    -0.731884241104126,
    0.3515799939632416,
    0.5837267637252808
   ],
   [
    -0.08164580911397934,
    -0.8956944346427917,
    0.4371102750301361
   ],
   [
    0.676520049571991,
    0.2722553014755249,
    0.6842496991157532
   ]
  ]
 },
 {
  "rotation_euler": [
   0.3834226131439209,
   -0.7404814958572388,
   -2.0171637535095215
  ],
  "euler_order": "XYZ",
  "rotation_matrix": [
   [
    -0.31865057349205017,
    0.9454763531684875,
    -0.06735210120677948
   ],
   [
    -0.665821373462677,
    -0.17269262671470642,
    0.7258506417274475
   ],
   [
    0.6746433973312378,
    0.27613720297813416,
    0.684546947479248
   ]
  ]
 },
 {
  "rotation_euler": [
   0.44898566603660583,
   -0.7027385830879211,
   -0.34988465905189514
  ],
  "euler_order": "XYZ",
  "rotation_matrix": [
   [
    0.7168420553207397,
    0.045279599726200104,
    -0.6957637667655945
   ],
   [
    -0.2615740895271301,
    0.942468523979187,
    -0.20816364884376526
   ],
   [
    0.6463098526000977,
    0.33121421933174133,
    0.6874450445175171
   ]
  ]
 },
 {
  "rotation_euler": [
   1.4392540454864502,
   0.27482327818870544,
   -0.012965356931090355
  ],
  "euler_order": "XYZ",
  "rotation_matrix": [
   [
    0.962392270565033,
    0.270710289478302,
    0.02273869328200817
   ],
   [
    -0.012478458695113659,
    0.1276642233133316,
    -0.9917389154434204
   ],
   [
    -0.2713768482208252,
    0.9541581273078918,
    0.12624111771583557
   ]
  ]
 },
 {
  "rotation_euler": [
   0.4627044200897217,
   -0.6942425966262817,
   -0.5867111086845398
  ],
  "euler_order": "XYZ",
  "rotation_matrix": [
   [
    0.6400127410888672,
    0.2575819194316864,
    -0.7239028215408325
   ],
   [
    -0.42548224329948425,
    0.9033086895942688,
    -0.05475607141852379
   ],
   [
    0.6398035287857056,
    0.34305235743522644,
    0.6877256035804749
   ]
  ]
 },
 {
  "rotation_euler": [
   0.37868303060531616,
   -0.7430293560028076,
   -1.274606466293335
  ],
  "euler_order": "XYZ",
  "rotation_matrix": [
   [
    0.21494561433792114,
    0.8156917691230774,
    -0.5370710492134094
   ],
   [
    -0.7043553590774536,
    0.510416567325592,
    0.4933136999607086
   ],
   [
    0.676521897315979,
    0.27225327491760254,
    0.684248685836792
   ]
  ]
 },
 {
  "rotation_euler": [
   0.29866141080856323,
   -0.7575626969337463,
   -1.7358602285385132
  ],
  "euler_order": "XYZ",
  "rotation_matrix": [
   [
    -0.1193772405385971,
    0.9759634733200073,
    -0.1823303997516632
   ],
   [
    -0.7166380882263184,
    0.04239911213517189,
    0.6961552500724792
   ],
   [
    0.6871527433395386,
    0.21377000212669373,
    0.6943511366844177
   ]
  ]
 },
 {
  "rotation_euler": [
   0.378689169883728,
   -0.7430278658866882,
   -1.699309229850769
  ],
  "euler_order": "XYZ",
  "rotation_matrix": [
   [
    -0.09437963366508484,
    0.9535420536994934,
    -0.28609442710876465
   ],
   [
    -0.7303506731987,
    0.12896977365016937,
    0.6707866191864014
   ],
   [
    0.676520824432373,
    0.27225786447525024,
    0.6842479705810547
   ]
  ]
 }
]