[
 {
  "rotation_euler": [
   1.5707958936691284,
   -2.901905645558145e-06,
   1.7949984073638916
  ],
  "euler_order": "XYZ",
  "rotation_matrix": [
   [
    -0.22232848405838013,
    2.228908613233216e-07,
    0.9749718308448792
   ],
   [
    0.9749718308448792,
    -2.92557251668768e-06,
    0.22232848405838013
   ],
   [
    2.901905645558145e-06,
    1.0,
    4.331257628109597e-07
   ]
  ]
 },
 {
  "rotation_euler": [
   1.5707961320877075,
   -1.2413306649250444e-06,
   -2.192999839782715
  ],
  "euler_order": "XYZ",
  "rotation_matrix": [
   [
    -0.5828271508216858,
    8.816995205052081e-07,
    -0.8125961422920227
   ],
   [
    -0.8125961422920227,
    8.952198982115078e-07,
    0.5828271508216858
   ],
   [
    1.2413306649250444e-06,
    1.0,
    1.9470718370939721e-07
   ]
  ]
 },
 {
  "rotation_euler": [
   0.018033426254987717,
   -2.1036932594142854e-05,
   1.6608515977859497
  ],
  "euler_order": "XYZ",
  "rotation_matrix": [
   [
    -0.0899335965514183,
    -0.9957857728004456,
    0.01796126924455166
   ],
   [
    0.9959477782249451,
    -0.08991935104131699,
    0.0016007747035473585
   ],
   [
    2.1036932594142854e-05,
    0.01803244836628437,
    0.9998373985290527
   ]
  ]
 },
 {
  "rotation_euler": [
   1.5707952976226807,
   -1.6087538824649528e-05,
   -2.787414789199829
  ],
  "euler_order": "XYZ",
  "rotation_matrix": [
   [
    -0.9379319548606873,
    1.544595397717785e-05,
    -0.34681937098503113
   ],
   [
    -0.34681937098503113,
    4.6141767597873695e-06,
    0.9379319548606873
   ],
   [
    1.6087538824649528e-05,
    1.0,
    1.0291722674082848e-06
   ]
  ]
 },
 {
  "rotation_euler": [
   -1.5708087682724,
   -0.003852926893159747,
   -1.5692132711410522
  ],
  "euler_order": "XYZ",
  "rotation_matrix": [
   [
    0.0015830432530492544,
    -6.34208163319272e-06,
    0.9999987483024597
   ],
   [
    -0.9999912977218628,
    -0.003852932248264551,
    0.0015830070478841662
   ],
   [
    0.0038529173471033573,
    -0.9999925494194031,
    -1.244138547917828e-05
   ]
  ]
 },
 {
  "rotation_euler": [
   1.57079017162323,
   -1.2923624126415234e-05,
   -2.8127970695495605
  ],
  "euler_order": "XYZ",
  "rotation_matrix": [
   [
    -0.9464319348335266,
    1.4218856449588202e-05,
    -0.3229033648967743
   ],
   [
    -0.3229033648967743,
    -1.6523692920600297e-06,
    0.9464319348335266
   ],
   [
    1.2923624126415234e-05,
    1.0,
    6.155171831778716e-06
   ]
  ]
 },
 {
  "rotation_euler": [
   -1.5707964897155762,
   -0.003832569345831871,
   3.004542350769043
  ],
  "euler_order": "XYZ",
  "rotation_matrix": [
   [
    -0.9906160235404968,
    -0.0037966009695082903,
    -0.13662166893482208
   ],
   [
    0.1366206705570221,
    0.0005237721488811076,
    -0.9906232953071594
   ],
   [
    0.003832560032606125,
    -0.9999926686286926,
    -1.6291947702029574e-07
   ]
  ]
 },
 {
  "rotation_euler": [
   1.5707961320877075,
   -1.2139877981098834e-05,
   0.2369362711906433
  ],
  "euler_order": "XYZ",
  "rotation_matrix": [
   [
    0.9720616936683655,
    -1.1846413144667167e-05,
    0.23472559452056885
   ],
   [
    0.23472559452056885,
    -2.6602726848068414e-06,
    -0.9720616936683655
   ],
   [
    1.2139877981098834e-05,
    1.0,
    1.9470718370939721e-07
   ]
  ]
 },
 {
  "rotation_euler": [
   0.013139030896127224,
   6.393314833985642e-05,
   -0.023133698850870132
  ],
  "euler_order": "XYZ",
  "rotation_matrix": [
   [
    0.9997324347496033,
    0.023130478337407112,
    -0.00024000799749046564
   ],
   [
    -0.023131635040044785,
    0.9996461272239685,
    -0.013136615976691246
   ],
   [
    -6.393314833985642e-05,
    0.01313865277916193,
    0.9999136924743652
   ]
  ]
 },
 {
  "rotation_euler": [
   -1.5613518953323364,
   0.03878525272011757,
   -0.7356410026550293
  ],
  "euler_order": "XYZ",
  "rotation_matrix": [
   [
    0.7408431768417358,
    -0.022409215569496155,
    0.6713041067123413
   ],
   [
    -0.6705578565597534,
    0.03302164748311043,
    0.7411219477653503
   ],
   [
    -0.03877552971243858,
    -0.9992033839225769,
    0.009437188506126404
   ]
  ]
 },
 {
  "rotation_euler": [
   1.570796012878418,
   -1.716241786198225e-05,
   2.0444416999816895
  ],
  "euler_order": "XYZ",
  "rotation_matrix": [
   [
    -0.4561333656311035,
    7.54899338062387e-06,
    0.889911413192749
   ],
   [
    0.889911413192749,
    -1.5416218957398087e-05,
    0.4561333656311035
   ],
   [
    1.716241786198225e-05,
    1.0,
    3.1391647326017846e-07
   ]
  ]
 },
 {
  "rotation_euler": [
   -1.5708003044128418,
   -0.0038303399924188852,
   -2.6263251304626465
  ],
  "euler_order": "XYZ",
  "rotation_matrix": [
   [
    -0.8701545596122742,
    -0.003334964159876108,
    0.4927676320075989
   ],
   [
    -0.49276402592658997,
    -0.0018840018892660737,
    -0.8701609373092651
   ],
   [
    0.003830330679193139,
    -0.9999926686286926,
    -3.977588676207233e-06
   ]
  ]
 },
 {
  "rotation_euler": [
   1.5707952976226807,
   -1.602843258297071e-05,
   -0.522832989692688
  ],
  "euler_order": "XYZ",
  "rotation_matrix": [
   [
    0.8664080500602722,
    -1.3373259207583033e-05,
    -0.4993366599082947
   ],
   [
    -0.4993366599082947,
    8.895267455955036e-06,
    -0.8664080500602722
   ],
   [
    1.602843258297071e-05,
    1.0,
    1.0291722674082848e-06
   ]
  ]
 },
 {
  "rotation_euler": [
   1.570794939994812,
   -1.526554228803434e-06,
   3.000500440597534
  ],
  "euler_order": "XYZ",
  "rotation_matrix": [
   [
    -0.9900630116462708,
    1.3163667063054163e-06,
    0.14062455296516418
   ],
   [
    0.14062455296516418,
    -1.5876904626566102e-06,
    0.9900630116462708
   ],
   [
    1.526554228803434e-06,
    1.0,
    1.3868001360606286e-06
   ]
  ]
 },
 {
  "rotation_euler": [
   1.5710358619689941,
   0.0008670033421367407,
   -2.6554160118103027
  ],
  "euler_order": "XYZ",
  "rotation_matrix": [
   [
    -0.8841254711151123,
    -0.0008784624515101314,
    -0.467248797416687
   ],
   [
    -0.467248797416687,
    -0.00019332714146003127,
    0.884125828742981
   ],
   [
    -0.0008670032257214189,
    0.9999995827674866,
    -0.00023953507479745895
   ]
  ]
 },
 {
  "rotation_euler": [
   -1.5708003044128418,
   -0.0038293800316751003,
   -0.588881254196167
  ],
  "euler_order": "XYZ",
  "rotation_matrix": [
   [
    0.831556499004364,
    0.0031821520533412695,
    0.555431067943573
   ],
   [
    -0.5554270148277283,
    -0.002130259061232209,
    0.8315625786781311
   ],
   [
    0.003829370718449354,
    -0.9999926686286926,
    -3.977588676207233e-06
   ]
  ]
 }
]