[
 {
  "rotation_euler": [
   1.537243127822876,
   0.7911854982376099,
   -1.0339828729629517
  ],
  "euler_order": "XYZ",
  "rotation_matrix": [
   [
    0.3595157563686371,
    0.39232489466667175,
    -0.846657931804657
   ],
   [
    -0.6041201949119568,
    -0.5936535596847534,
    -0.5316147208213806
   ],
   [
    -0.7111871838569641,
    0.7026070356369019,
    0.023583563044667244
   ]
  ]
 },
 {
  "rotation_euler": [
   -1.5833063125610352,
   1.2486896514892578,
   -1.2320497035980225
  ],
  "euler_order": "XYZ",
  "rotation_matrix": [
   [
    0.10519639402627945,
    -0.3269890546798706,
    0.939154863357544
   ],
   [
    -0.2985757887363434,
    0.8904381394386292,
    0.3434711694717407
   ],
   [
    -0.9485706090927124,
    -0.31654080748558044,
    -0.00396012794226408
   ]
  ]
 },
 {
  "rotation_euler": [
   -1.5895006656646729,
   -2.1737401485443115,
   0.6864284873008728
  ],
  "euler_order": "XYZ",
  "rotation_matrix": [
   [
    -0.4386366009712219,
    0.6488628387451172,
    -0.6217515468597412
   ],
   [
    -0.35939663648605347,
    0.5074657797813416,
    0.7831427454948425
   ],
   [
    0.8236698508262634,
    0.5669704675674438,
    0.01060604490339756
   ]
  ]
 },
 {
  "rotation_euler": [
   1.541516661643982,
   -0.816699743270874,
   -0.23848766088485718
  ],
  "euler_order": "XYZ",
  "rotation_matrix": [
   [
    0.6652529239654541,
    -0.7010406851768494,
    -0.2568667531013489
   ],
   [
    -0.16173255443572998,
    0.2005612999200821,
    -0.9662389755249023
   ],
   [
    0.7288903594017029,
    0.6843370199203491,
    0.020042886957526207
   ]
  ]
 },
 {
  "rotation_euler": [
   -1.5803996324539185,
   -0.3633451759815216,
   -0.21689516305923462
  ],
  "euler_order": "XYZ",
  "rotation_matrix": [
   [
    0.912813127040863,
    0.3449934124946594,
    0.21852166950702667
   ],
   [
    -0.20114894211292267,
    -0.0858568474650383,
    0.975790798664093
   ],
   [
    0.35540300607681274,
    -0.934670090675354,
    -0.008976198732852936
   ]
  ]
 },
 {
  "rotation_euler": [
   -1.5497982501983643,
   -1.744849443435669,
   0.7366520762443542
  ],
  "euler_order": "XYZ",
  "rotation_matrix": [
   [
    -0.12827497720718384,
    0.7152637243270874,
    -0.6869813203811646
   ],
   [
    -0.11634143441915512,
    0.6770681142807007,
    0.7266659736633301
   ],
   [
    0.9848909378051758,
    0.17313745617866516,
    -0.0036360879894346
   ]
  ]
 },
 {
  "rotation_euler": [
   -1.5927197933197021,
   2.199214220046997,
   -0.2602863609790802
  ],
  "euler_order": "XYZ",
  "rotation_matrix": [
   [
    -0.5680641531944275,
    -0.7871637344360352,
    0.2401590198278427
   ],
   [
    0.15129150450229645,
    0.18695804476737976,
    0.9706479907035828
   ],
   [
    -0.8089585900306702,
    0.5877243876457214,
    0.012887020595371723
   ]
  ]
 },
 {
  "rotation_euler": [
   1.5734764337539673,
   1.4020957946777344,
   1.5446702241897583
  ],
  "euler_order": "XYZ",
  "rotation_matrix": [
   [
    0.004386112093925476,
    0.028431378304958344,
    0.9995861053466797
   ],
   [
    0.16784417629241943,
    0.9853938221931458,
    -0.028764192014932632
   ],
   [
    -0.9858037829399109,
    0.16790087521076202,
    -0.0004499933565966785
   ]
  ]
 },
 {
  "rotation_euler": [
   1.5371513366699219,
   -0.023293225094676018,
   -1.151829481124878
  ],
  "euler_order": "XYZ",
  "rotation_matrix": [
   [
    0.4067065119743347,
    0.02125936932861805,
    -0.9133114814758301
   ],
   [
    -0.913261890411377,
    0.03494938835501671,
    -0.4058709144592285
   ],
   [
    0.023291118443012238,
    0.9991629123687744,
    0.03362951800227165
   ]
  ]
 },
 {
  "rotation_euler": [
   1.566806674003601,
   1.1028201580047607,
   0.9628617763519287
  ],
  "euler_order": "XYZ",
  "rotation_matrix": [
   [
    0.2576453983783722,
    0.5064836144447327,
    0.8228567242622375
   ],
   [
    0.3702605664730072,
    0.7348493337631226,
    -0.5682460069656372
   ],
   [
    -0.8924830555915833,
    0.4510773718357086,
    0.0017996516544371843
   ]
  ]
 },
 {
  "rotation_euler": [
   1.5691379308700562,
   1.1168005466461182,
   -0.12002408504486084
  ],
  "euler_order": "XYZ",
  "rotation_matrix": [
   [
    0.4354049265384674,
    0.892433762550354,
    -0.11825627088546753
   ],
   [
    -0.05251147598028183,
    -0.10596046596765518,
    -0.9929828643798828
   ],
   [
    -0.8987019062042236,
    0.4385594427585602,
    0.0007273058290593326
   ]
  ]
 },
 {
  "rotation_euler": [
   1.5308246612548828,
   0.26954594254493713,
   -1.28095543384552
  ],
  "euler_order": "XYZ",
  "rotation_matrix": [
   [
    0.2754800617694855,
    0.11434013396501541,
    -0.9544826149940491
   ],
   [
    -0.9236873388290405,
    -0.24356183409690857,
    -0.29576897621154785
   ],
   [
    -0.26629379391670227,
    0.9631220102310181,
    0.03851810470223427
   ]
  ]
 },
 {
  "rotation_euler": [
   1.5392358303070068,
   0.8208475708961487,
   -0.6563452482223511
  ],
  "euler_order": "XYZ",
  "rotation_matrix": [
   [
    0.5399834513664246,
    0.5986590385437012,
    -0.5916293263435364
   ],
   [
    -0.41593050956726074,
    -0.4212952256202698,
    -0.8059231638908386
   ],
   [
    -0.7317237854003906,
    0.6812618374824524,
    0.021508103236556053
   ]
  ]
 },
 {
  "rotation_euler": [
   1.5802019834518433,
   -1.2626736164093018,
   -1.7140036821365356
  ],
  "euler_order": "XYZ",
  "rotation_matrix": [
   [
    -0.04328224062919617,
    0.12668173015117645,
    -0.9909986853599548
   ],
   [
    -0.3001658320426941,
    0.9444506168365479,
    0.13384123146533966
   ],
   [
    0.9529045820236206,
    0.3032568693161011,
    -0.002852414269000292
   ]
  ]
 },
 {
  "rotation_euler": [
   -1.570278286933899,
   1.8512858152389526,
   0.1656089723110199
  ],
  "euler_order": "XYZ",
  "rotation_matrix": [
   [
    -0.2730385363101959,
    -0.9478581547737122,
    -0.16436199843883514
   ],
   [
    -0.04563560336828232,
    -0.15789958834648132,
    0.9864000678062439
   ],
   [
    -0.9609200358390808,
    0.27682599425315857,
    -0.0001434069126844406
   ]
  ]
 },
 {
  "rotation_euler": [
   -1.5646039247512817,
   -1.9691009521484375,
   0.9730068445205688
  ],
  "euler_order": "XYZ",
  "rotation_matrix": [
   [
    -0.21829195320606232,
    0.5136308670043945,
    -0.829778254032135
   ],
   [
    -0.3205948770046234,
    0.7653473615646362,
    0.5580880641937256
   ],
   [
    0.9217199087142944,
    0.38784879446029663,
    -0.002401746343821287
   ]
  ]
 }
]