[
 {
  "rotation_euler": [
   -0.04112466797232628,
   -0.15988019108772278,
   0.6557566523551941
  ],
  "euler_order": "XYZ",
  "rotation_matrix": [
   [
    0.782478392124176,
    -0.6040559411048889,
    -0.1511421501636505
   ],
   [
    0.6019824743270874,
    0.7959076166152954,
    -0.06440585106611252
   ],
   [
    0.15919992327690125,
    -0.04058873653411865,
    0.9864116311073303
   ]
  ]
 },
 {
  "rotation_euler": [
   -0.023689305409789085,
   -0.05892118811607361,
   2.8827641010284424
  ],
  "euler_order": "XYZ",
  "rotation_matrix": [
   [
    -0.9650129079818726,
    -0.2572248876094818,
    0.05084695667028427
   ],
   [
    0.25550413131713867,
    -0.9660622477531433,
    -0.03796590864658356
   ],
   [
    0.05888710170984268,
    -0.023645984008908272,
    0.9979845285415649
   ]
  ]
 },
 {
  "rotation_euler": [
   -0.03919105976819992,
   -0.14963088929653168,
   -0.7559369206428528
  ],
  "euler_order": "XYZ",
  "rotation_matrix": [
   [
    0.7194987535476685,
    0.6896939277648926,
    -0.08150964975357056
   ],
   [
    -0.6783058047294617,
    0.7230637669563293,
    0.1306905597448349
   ],
   [
    0.14907315373420715,
    -0.03874322772026062,
    0.9880668520927429
   ]
  ]
 },
 {
  "rotation_euler": [
   -0.045343440026044846,
   -0.1809857040643692,
   -2.246309280395508
  ],
  "euler_order": "XYZ",
  "rotation_matrix": [
   [
    -0.6150845289230347,
    0.7744823694229126,
    0.14781071245670319
   ],
   [
    -0.7676400542259216,
    -0.6310221552848816,
    0.11198114603757858
   ],
   [
    0.17999926209449768,
    -0.044587552547454834,
    0.9826557040214539
   ]
  ]
 },
 {
  "rotation_euler": [
   -0.036095380783081055,
   -0.13373181223869324,
   3.038973808288574
  ],
  "euler_order": "XYZ",
  "rotation_matrix": [
   [
    -0.9858574867248535,
    -0.10715847462415695,
    0.12884896993637085
   ],
   [
    0.10152418166399002,
    -0.993598461151123,
    -0.049547333270311356
   ],
   [
    0.13333354890346527,
    -0.03576532378792763,
    0.9904256463050842
   ]
  ]
 },
 {
  "rotation_euler": [
   -0.03846646100282669,
   -0.14591436088085175,
   -0.050166573375463486
  ],
  "euler_order": "XYZ",
  "rotation_matrix": [
   [
    0.988128662109375,
    0.05569293722510338,
    -0.14317834377288818
   ],
   [
    -0.049612656235694885,
    0.9977227449417114,
    0.04569421708583832
   ],
   [
    0.1453971415758133,
    -0.038048308342695236,
    0.9886415004730225
   ]
  ]
 },
 {
  "rotation_euler": [
   -0.02717108465731144,
   -0.07709626108407974,
   -0.9023908376693726
  ],
  "euler_order": "XYZ",
  "rotation_matrix": [
   [
    0.6178944706916809,
    0.7858179211616516,
    -0.026392806321382523
   ],
   [
    -0.7824795842170715,
    0.6178644299507141,
    0.0772605612874031
   ],
   [
    0.07701990753412247,
    -0.02708704210817814,
    0.9966615438461304
   ]
  ]
 },
 {
  "rotation_euler": [
   -0.03493907302618027,
   -0.1277751475572586,
   2.9865753650665283
  ],
  "euler_order": "XYZ",
  "rotation_matrix": [
   [
    -0.9799544811248779,
    -0.1587008833885193,
    0.12042950838804245
   ],
   [
    0.15313851833343506,
    -0.9867185950279236,
    -0.054175566881895065
   ],
   [
    0.12742774188518524,
    -0.03464719280600548,
    0.991242527961731
   ]
  ]
 },
 {
  "rotation_euler": [
   -0.04013650491833687,
   -0.15444894134998322,
   -1.48905348777771
  ],
  "euler_order": "XYZ",
  "rotation_matrix": [
   [
    0.08067989349365234,
    0.9963622689247131,
    0.027440901845693588
   ],
   [
    -0.9847971200942993,
    0.07543392479419708,
    0.15647481381893158
   ],
   [
    0.15383562445640564,
    -0.039648089557886124,
    0.9873006939888
   ]
  ]
 },
 {
  "rotation_euler": [
   -0.03256822004914284,
   -0.11553464829921722,
   2.166492462158203
  ],
  "euler_order": "XYZ",
  "rotation_matrix": [
   [
    -0.5573445558547974,
    -0.8294253349304199,
    0.03769250959157944
   ],
   [
    0.8222396969795227,
    -0.5576804280281067,
    -0.11364183574914932
   ],
   [
    0.11527778953313828,
    -0.032345376908779144,
    0.9928065538406372
   ]
  ]
 },
 {
  "rotation_euler": [
   -0.04157864674925804,
   -0.1618574559688568,
   2.100721836090088
  ],
  "euler_order": "XYZ",
  "rotation_matrix": [
   [
    -0.4988624155521393,
    -0.865484893321991,
    0.04552119970321655
   ],
   [
    0.8515670299530029,
    -0.49925240874290466,
    -0.15993934869766235
   ],
   [
    0.16115166246891022,
    -0.0410233773291111,
    0.9860767126083374
   ]
  ]
 },
 {
  "rotation_euler": [
   -0.026440322399139404,
   -0.0732845887541771,
   -0.6212284564971924
  ],
  "euler_order": "XYZ",
  "rotation_matrix": [
   [
    0.8109814524650574,
    0.5834051370620728,
    -0.04413086920976639
   ],
   [
    -0.5804722905158997,
    0.8117532134056091,
    0.06409890949726105
   ],
   [
    0.07321900874376297,
    -0.026366280391812325,
    0.9969673156738281
   ]
  ]
 },
 {
  "rotation_euler": [
   -0.034012146294116974,
   -0.12195173650979996,
   -2.3241758346557617
  ],
  "euler_order": "XYZ",
  "rotation_matrix": [
   [
    -0.6790267825126648,
    0.7261292338371277,
    0.10797636955976486
   ],
   [
    -0.7239640355110168,
    -0.6867292523384094,
    0.0654141753911972
   ],
   [
    0.12164968252182007,
    -0.033753033727407455,
    0.9919990301132202
   ]
  ]
 },
 {
  "rotation_euler": [
   -0.029655609279870987,
   -0.10040924698114395,
   -1.592205286026001
  ],
  "euler_order": "XYZ",
  "rotation_matrix": [
   [
    -0.02129950001835823,
    0.9992676377296448,
    0.03178940713405609
   ],
   [
    -0.9947352409362793,
    -0.024369491264224052,
    0.09953881800174713
   ],
   [
    0.10024061053991318,
    -0.029501916840672493,
    0.9945257306098938
   ]
  ]
 },
 {
  "rotation_euler": [
   -0.03895657882094383,
   -0.14842598140239716,
   1.2331714630126953
  ],
  "euler_order": "XYZ",
  "rotation_matrix": [
   [
    0.3276049494743347,
    -0.9409204125404358,
    -0.08569612354040146
   ],
   [
    0.9331699013710022,
    0.33643001317977905,
    -0.12652596831321716
   ],
   [
    0.14788159728050232,
    -0.0385185107588768,
    0.988254725933075
   ]
  ]
 },
 {
  "rotation_euler": [
   -0.04161902517080307,
   -0.16234450042247772,
   -1.8978371620178223
  ],
  "euler_order": "XYZ",
  "rotation_matrix": [
   [
    -0.3170181214809418,
    0.944016695022583,
    0.09127986431121826
   ],
   [
    -0.93454509973526,
    -0.3273325264453888,
    0.13956686854362488
   ],
   [
    0.16163231432437897,
    -0.04105992242693901,
    0.9859964847564697
   ]
  ]
 }
]