[
 {
  "rotation_euler": [
   -0.005846005864441395,
   -0.051694296300411224,
   2.3861188888549805
  ],
  "euler_order": "XYZ",
  "rotation_matrix": [
   [
    -0.726974368095398,
    -0.6858417987823486,
    0.03360510244965553
   ],
   [
    0.6847177147865295,
    -0.7277272343635559,
    -0.03968251496553421
   ],
   [
    0.05167127400636673,
    -0.005838163197040558,
    0.9986470937728882
   ]
  ]
 },
 {
  "rotation_euler": [
   -0.005852948874235153,
   -0.05168808996677399,
   1.362811803817749
  ],
  "euler_order": "XYZ",
  "rotation_matrix": [
   [
    0.20621250569820404,
    -0.9783698916435242,
    -0.016394829377532005
   ],
   [
    0.977142333984375,
    0.20678061246871948,
    -0.04934222251176834
   ],
   [
    0.05166507884860039,
    -0.005845098756253719,
    0.9986473917961121
   ]
  ]
 },
 {
  "rotation_euler": [
   -0.00584608968347311,
   -0.051696352660655975,
   1.3113479614257812
  ],
  "euler_order": "XYZ",
  "rotation_matrix": [
   [
    0.2562046945095062,
    -0.9664376378059387,
    -0.018906831741333008
   ],
   [
    0.9652404189109802,
    0.256835013628006,
    -0.0484432652592659
   ],
   [
    0.05167333036661148,
    -0.005838246084749699,
    0.9986469745635986
   ]
  ]
 },
 {
  "rotation_euler": [
   -0.005845051724463701,
   -0.051702626049518585,
   -0.7114625573158264
  ],
  "euler_order": "XYZ",
  "rotation_matrix": [
   [
    0.7563956379890442,
    0.6531598567962646,
    -0.03532539680600166
   ],
   [
    -0.6520696878433228,
    0.7571975588798523,
    0.03817027434706688
   ],
   [
    0.051679592579603195,
    -0.005837207660079002,
    0.9986466765403748
   ]
  ]
 },
 {
  "rotation_euler": [
   -0.005844593979418278,
   -0.05169600248336792,
   0.4777003228664398
  ],
  "euler_order": "XYZ",
  "rotation_matrix": [
   [
    0.8868681192398071,
    -0.45946210622787476,
    -0.04857460781931877
   ],
   [
    0.45912396907806396,
    0.8881781697273254,
    -0.0185653455555439
   ],
   [
    0.051672980189323425,
    -0.005836752709001303,
    0.9986469745635986
   ]
  ]
 },
 {
  "rotation_euler": [
   -0.005845201201736927,
   -0.05169316381216049,
   -0.09443836659193039
  ],
  "euler_order": "XYZ",
  "rotation_matrix": [
   [
    0.9942141771316528,
    0.09459711611270905,
    -0.05088783800601959
   ],
   [
    -0.09417209029197693,
    0.995498538017273,
    0.010691432282328606
   ],
   [
    0.051670145243406296,
    -0.005837359931319952,
    0.998647153377533
   ]
  ]
 },
 {
  "rotation_euler": [
   -2.2838141918182373,
   0.5687840580940247,
   -1.6054012775421143
  ],
  "euler_order": "XYZ",
  "rotation_matrix": [
   [
    -0.029150808230042458,
    -0.6396326422691345,
    0.7681277990341187
   ],
   [
    -0.8420521020889282,
    0.42978569865226746,
    0.3259333372116089
   ],
   [
    -0.5386079549789429,
    -0.6373023986816406,
    -0.5511325597763062
   ]
  ]
 },
 {
  "rotation_euler": [
   1.1519681215286255,
   0.18188396096229553,
   3.0998611450195312
  ],
  "euler_order": "XYZ",
  "rotation_matrix": [
   [
    -0.9826483726501465,
    -0.18207137286663055,
    -0.03538578376173973
   ],
   [
    0.04103122279047966,
    -0.39944207668304443,
    0.9158397316932678
   ],
   [
    -0.1808827817440033,
    0.8984965682029724,
    0.3999817371368408
   ]
  ]
 },
 {
  "rotation_euler": [
   -0.005847511347383261,
   -0.05168989300727844,
   0.6897352933883667
  ],
  "euler_order": "XYZ",
  "rotation_matrix": [
   [
    0.7703841924667358,
    -0.6360890865325928,
    -0.043576840311288834
   ],
   [
    0.6354830861091614,
    0.7715935707092285,
    -0.028365949168801308
   ],
   [
    0.051666878163814545,
    -0.0058396682143211365,
    0.9986472725868225
   ]
  ]
 },
 {
  "rotation_euler": [
   -0.005850474815815687,
   -0.05168776959180832,
   1.4147708415985107
  ],
  "euler_order": "XYZ",
  "rotation_matrix": [
   [
    0.15518568456172943,
    -0.9877887964248657,
    -0.013807589188218117
   ],
   [
    0.9865334033966064,
    0.15568913519382477,
    -0.05012717843055725
   ],
   [
    0.05166475847363472,
    -0.0058426279574632645,
    0.9986473917961121
   ]
  ]
 },
 {
  "rotation_euler": [
   -0.005843480117619038,
   -0.051695093512535095,
   -1.9875562191009521
  ],
  "euler_order": "XYZ",
  "rotation_matrix": [
   [
    -0.40425905585289,
    0.9142674803733826,
    0.0262597668915987
   ],
   [
    -0.9131838083267212,
    -0.4050689935684204,
    0.044882986694574356
   ],
   [
    0.0516720712184906,
    -0.005835640709847212,
    0.9986470341682434
   ]
  ]
 },
 {
  "rotation_euler": [
   -0.005849351640790701,
   -0.05169608071446419,
   -0.5983738303184509
  ],
  "euler_order": "XYZ",
  "rotation_matrix": [
   [
    0.82514888048172,
    0.5635396838188171,
    -0.03939935564994812
   ],
   [
    -0.5625470280647278,
    0.8260683417320251,
    0.03393992781639099
   ],
   [
    0.05167305842041969,
    -0.005841503851115704,
    0.9986469745635986
   ]
  ]
 },
 {
  "rotation_euler": [
   -2.308706283569336,
   0.4790564179420471,
   -0.6637349724769592
  ],
  "euler_order": "XYZ",
  "rotation_matrix": [
   [
    0.6990259289741516,
    -0.6830883026123047,
    0.21154926717281342
   ],
   [
    -0.54671311378479,
    -0.3198152780532837,
    0.7738365530967712
   ],
   [
    -0.46094202995300293,
    -0.6565885543823242,
    -0.5970125198364258
   ]
  ]
 },
 {
  "rotation_euler": [
   0.8140153288841248,
   2.7390198707580566,
   0.9902892708778381
  ],
  "euler_order": "XYZ",
  "rotation_matrix": [
   [
    -0.5046029090881348,
    -0.4178869426250458,
    0.7554776072502136
   ],
   [
    -0.7693367600440979,
    0.6147419214248657,
    -0.17381976544857025
   ],
   [
    -0.39178675413131714,
    -0.6689266562461853,
    -0.631696343421936
   ]
  ]
 },
 {
  "rotation_euler": [
   -0.005847412161529064,
   -0.05169627070426941,
   -2.996858835220337
  ],
  "euler_order": "XYZ",
  "rotation_matrix": [
   [
    -0.9882223606109619,
    0.14392757415771484,
    0.05197545513510704
   ],
   [
    -0.14403635263442993,
    -0.9895709753036499,
    0.001666414667852223
   ],
   [
    0.051673248410224915,
    -0.005839567165821791,
    0.9986469745635986
   ]
  ]
 },
 {
  "rotation_euler": [
   0.9419440031051636,
   2.1527743339538574,
   0.3990288972854614
  ],
  "euler_order": "XYZ",
  "rotation_matrix": [
   [
    -0.5064940452575684,
    0.39396193623542786,
    0.7669796347618103
   ],
   [
    -0.21356269717216492,
    0.8044816851615906,
    -0.5542564392089844
   ],
   [
    -0.835377037525177,
    -0.4445258378982544,
    -0.3233295977115631
   ]
  ]
 }
]