[
 {
  "rotation_euler": [
   -0.9933899641036987,
   -0.7516316175460815,
   1.4923133850097656
  ],
  "euler_order": "XYZ",
  "rotation_matrix": [
   [
    0.05727888643741608,
    -0.49931585788726807,
    -0.8645246028900146
   ],
   [
    0.7283268570899963,
    0.613166868686676,
    -0.30588623881340027
   ],
   [
    0.6828317046165466,
    -0.612135648727417,
    0.39878666400909424
   ]
  ]
 },
 {
  "rotation_euler": [
   1.1036388874053955,
   0.1472955197095871,
   1.702924132347107
  ],
  "euler_order": "XYZ",
  "rotation_matrix": [
   [
    -0.13031712174415588,
    -0.4636882245540619,
    0.8763622045516968
   ],
   [
    0.9805498123168945,
    0.0705651268362999,
    0.18314647674560547
   ],
   [
    -0.14676347374916077,
    0.8831838965415955,
    0.4454735517501831
   ]
  ]
 },
 {
  "rotation_euler": [
   -1.445594072341919,
   -2.9363980293273926,
   0.2831536829471588
  ],
  "euler_order": "XYZ",
  "rotation_matrix": [
   [
    -0.940035879611969,
    0.15922415256500244,
    -0.30162933468818665
   ],
   [
    -0.2735240161418915,
    0.17638403177261353,
    0.9455544948577881
   ],
   [
    0.20375770330429077,
    0.9713580012321472,
    -0.12225569039583206
   ]
  ]
 },
 {
  "rotation_euler": [
   -1.826917290687561,
   -0.32909396290779114,
   2.213266134262085
  ],
  "euler_order": "XYZ",
  "rotation_matrix": [
   [
    -0.5670202374458313,
    0.015492620877921581,
    -0.8235581517219543
   ],
   [
    0.7576535940170288,
    0.4020969271659851,
    -0.5140807628631592
   ],
   [
    0.3231857419013977,
    -0.9154660105705261,
    -0.23973515629768372
   ]
  ]
 },
 {
  "rotation_euler": [
   -0.9829496741294861,
   0.6518664360046387,
   -0.9921146035194397
  ],
  "euler_order": "XYZ",
  "rotation_matrix": [
   [
    0.434776246547699,
    0.1881738156080246,
    0.8806589841842651
   ],
   [
    -0.6655220985412598,
    0.7259447574615479,
    0.17344899475574493
   ],
   [
    -0.6066712141036987,
    -0.6615095138549805,
    0.4408573508262634
   ]
  ]
 },
 {
  "rotation_euler": [
   1.232314109802246,
   0.27319490909576416,
   -0.6143074631690979
  ],
  "euler_order": "XYZ",
  "rotation_matrix": [
   [
    0.7868669629096985,
    0.3993651866912842,
    -0.4704761505126953
   ],
   [
    -0.5550165176391602,
    0.12465492635965347,
    -0.8224462270736694
   ],
   [
    -0.26980921626091003,
    0.9082778096199036,
    0.3197411298751831
   ]
  ]
 },
 {
  "rotation_euler": [
   0.9844360947608948,
   0.5965259075164795,
   -0.6111583709716797
  ],
  "euler_order": "XYZ",
  "rotation_matrix": [
   [
    0.6775389909744263,
    0.7007415890693665,
    -0.22338780760765076
   ],
   [
    -0.4747139811515808,
    0.18466274440288544,
    -0.8605499863624573
   ],
   [
    -0.5617717504501343,
    0.68910151720047,
    0.4577680230140686
   ]
  ]
 },
 {
  "rotation_euler": [
   0.9371563792228699,
   -0.7092006206512451,
   -2.7586495876312256
  ],
  "euler_order": "XYZ",
  "rotation_matrix": [
   [
    -0.7039160132408142,
    0.7080297470092773,
    0.05653424933552742
   ],
   [
    -0.2835580110549927,
    -0.3531007766723633,
    0.8915798664093018
   ],
   [
    0.6512273550033569,
    0.6115666627883911,
    0.44932079315185547
   ]
  ]
 },
 {
  "rotation_euler": [
   0.05724409222602844,
   1.0988682508468628,
   0.611512303352356
  ],
  "euler_order": "XYZ",
  "rotation_matrix": [
   [
    0.3722213804721832,
    -0.5314416289329529,
    0.7609342932701111
   ],
   [
    0.26099130511283875,
    0.8466955423355103,
    0.46367040276527405
   ],
   [
    -0.8906934261322021,
    0.0260092094540596,
    0.453859806060791
   ]
  ]
 },
 {
  "rotation_euler": [
   0.667809009552002,
   0.9604883790016174,
   -2.6929988861083984
  ],
  "euler_order": "XYZ",
  "rotation_matrix": [
   [
    -0.5164141654968262,
    -0.11672965437173843,
    -0.8483458161354065
   ],
   [
    -0.24856142699718475,
    -0.9275829195976257,
    0.2789393961429596
   ],
   [
    -0.819471538066864,
    0.35491427779197693,
    0.45000243186950684
   ]
  ]
 },
 {
  "rotation_euler": [
   1.6154781579971313,
   -0.27619630098342896,
   -0.5429092049598694
  ],
  "euler_order": "XYZ",
  "rotation_matrix": [
   [
    0.8237587213516235,
    -0.25632986426353455,
    -0.5056843161582947
   ],
   [
    -0.49704864621162415,
    0.10249887406826019,
    -0.8616476058959961
   ],
   [
    0.2726981043815613,
    0.961139440536499,
    -0.0429740734398365
   ]
  ]
 },
 {
  "rotation_euler": [
   1.7342997789382935,
   -0.1653376817703247,
   -2.417963981628418
  ],
  "euler_order": "XYZ",
  "rotation_matrix": [
   [
    -0.7391883134841919,
    0.013921339064836502,
    -0.6733549237251282
   ],
   [
    -0.653079092502594,
    0.22950561344623566,
    0.7216750383377075
   ],
   [
    0.1645854115486145,
    0.9732077717781067,
    -0.1605561226606369
   ]
  ]
 },
 {
  "rotation_euler": [
   0.5629026293754578,
   1.0323166847229004,
   0.6316622495651245
  ],
  "euler_order": "XYZ",
  "rotation_matrix": [
   [
    0.41387906670570374,
    -0.12965057790279388,
    0.9010520577430725
   ],
   [
    0.3028202950954437,
    0.953045666217804,
    -0.001962224952876568
   ],
   [
    -0.8584893345832825,
    0.27366897463798523,
    0.43370646238327026
   ]
  ]
 },
 {
  "rotation_euler": [
   -1.7333009243011475,
   0.1415473222732544,
   -1.4814953804016113
  ],
  "euler_order": "XYZ",
  "rotation_matrix": [
   [
    0.08829037845134735,
    -0.17356127500534058,
    0.9808574318885803
   ],
   [
    -0.9860540628433228,
    0.12423292547464371,
    0.11074098199605942
   ],
   [
    -0.14107513427734375,
    -0.9769558310508728,
    -0.1601722240447998
   ]
  ]
 },
 {
  "rotation_euler": [
   1.369540810585022,
   2.8279013633728027,
   0.3722100853919983
  ],
  "euler_order": "XYZ",
  "rotation_matrix": [
   [
    -0.8860683441162109,
    0.20894253253936768,
    0.41379448771476746
   ],
   [
    -0.3459281027317047,
    0.2961665987968445,
    -0.8902915716171265
   ],
   [
    -0.30857187509536743,
    -0.9320023655891418,
    -0.19014476239681244
   ]
  ]
 },
 {
  "rotation_euler": [
   0.6951360702514648,
   0.9487695097923279,
   0.5429214239120483
  ],
  "euler_order": "XYZ",
  "rotation_matrix": [
   [
    0.49889540672302246,
    0.048913728445768356,
    0.8652807474136353
   ],
   [
    0.30103734135627747,
    0.9264593720436096,
    -0.22594138979911804
   ],
   [
    -0.8126991391181946,
    0.37320294976234436,
    0.4474814832210541
   ]
  ]
 }
]