[
 {
  "rotation_euler": [
   0.20171186327934265,
   -5.088683678877715e-07,
   -0.10120708495378494
  ],
  "euler_order": "XYZ",
  "rotation_matrix": [
   [
    0.9948829412460327,
    0.09898582845926285,
    -0.020242411643266678
   ],
   [
    -0.10103439539670944,
    0.9747117161750793,
    -0.19932153820991516
   ],
   [
    5.088683678877715e-07,
    0.20034678280353546,
    0.9797250628471375
   ]
  ]
 },
 {
  "rotation_euler": [
   0.20171180367469788,
   -7.654089131392539e-07,
   -3.107393980026245
  ],
  "euler_order": "XYZ",
  "rotation_matrix": [
   [
    -0.9994152784347534,
    0.03349892050027847,
    -0.006849507335573435
   ],
   [
    -0.034192007035017014,
    -0.9791522026062012,
    0.20022960007190704
   ],
   [
    7.654089131392539e-07,
    0.20034672319889069,
    0.9797250628471375
   ]
  ]
 },
 {
  "rotation_euler": [
   0.20171186327934265,
   -2.7518447609509167e-07,
   -1.669451355934143
  ],
  "euler_order": "XYZ",
  "rotation_matrix": [
   [
    -0.09849507361650467,
    0.9749611616134644,
    -0.1993725746870041
   ],
   [
    -0.9951375126838684,
    -0.0964980348944664,
    0.01973344013094902
   ],
   [
    2.7518447609509167e-07,
    0.20034678280353546,
    0.9797250628471375
   ]
  ]
 },
 {
  "rotation_euler": [
   0.20171180367469788,
   -2.3782032343433457e-08,
   0.9294130206108093
  ],
  "euler_order": "XYZ",
  "rotation_matrix": [
   [
    0.5983043909072876,
    -0.7850232124328613,
    0.16053158044815063
   ],
   [
    0.8012688755989075,
    0.5861738324165344,
    -0.11986834555864334
   ],
   [
    2.3782032343433457e-08,
    0.20034672319889069,
    0.9797250628471375
   ]
  ]
 },
 {
  "rotation_euler": [
   0.20171192288398743,
   1.6703224048342236e-07,
   0.07184072583913803
  ],
  "euler_order": "XYZ",
  "rotation_matrix": [
   [
    0.9974205493927002,
    -0.07032359391450882,
    0.014380848035216331
   ],
   [
    0.07177894562482834,
    0.9771978855133057,
    -0.1998300403356552
   ],
   [
    -1.6703224048342236e-07,
    0.20034684240818024,
    0.9797250628471375
   ]
  ]
 },
 {
  "rotation_euler": [
   0.20171189308166504,
   -1.717041442361733e-07,
   -0.23138664662837982
  ],
  "euler_order": "XYZ",
  "rotation_matrix": [
   [
    0.9733493328094482,
    0.22467780113220215,
    -0.0459451824426651
   ],
   [
    -0.22932744026184082,
    0.9536147117614746,
    -0.19500739872455597
   ],
   [
    1.717041442361733e-07,
    0.20034681260585785,
    0.9797250628471375
   ]
  ]
 },
 {
  "rotation_euler": [
   0.20171181857585907,
   1.173759542894004e-07,
   -2.9835047721862793
  ],
  "euler_order": "XYZ",
  "rotation_matrix": [
   [
    -0.9875301122665405,
    0.15423831343650818,
    -0.03154074400663376
   ],
   [
    -0.15743021667003632,
    -0.9675080180168152,
    0.19784840941429138
   ],
   [
    -1.173759542894004e-07,
    0.20034673810005188,
    0.9797250628471375
   ]
  ]
 },
 {
  "rotation_euler": [
   0.2017115354537964,
   -1.4370625649462454e-06,
   -1.5255732536315918
  ],
  "euler_order": "XYZ",
  "rotation_matrix": [
   [
    0.045207660645246506,
    0.9787234663963318,
    -0.20014168322086334
   ],
   [
    -0.9989776015281677,
    0.04429136589169502,
    -0.009055787697434425
   ],
   [
    1.4370625649462454e-06,
    0.2003464549779892,
    0.9797251224517822
   ]
  ]
 },
 {
  "rotation_euler": [
   0.20171184837818146,
   -1.0195865343121113e-06,
   -1.6422885656356812
  ],
  "euler_order": "XYZ",
  "rotation_matrix": [
   [
    -0.07143135368824005,
    0.9772223830223083,
    -0.1998349130153656
   ],
   [
    -0.9974455237388611,
    -0.06998287886381149,
    0.014312037266790867
   ],
   [
    1.0195865343121113e-06,
    0.20034676790237427,
    0.9797250628471375
   ]
  ]
 },
 {
  "rotation_euler": [
   0.20171180367469788,
   -2.855196790108039e-08,
   0.7341365814208984
  ],
  "euler_order": "XYZ",
  "rotation_matrix": [
   [
    0.7424094676971436,
    -0.6563632488250732,
    0.13422153890132904
   ],
   [
    0.6699463725090027,
    0.7273571491241455,
    -0.14873932301998138
   ],
   [
    2.855196790108039e-08,
    0.20034672319889069,
    0.9797250628471375
   ]
  ]
 },
 {
  "rotation_euler": [
   0.20171180367469788,
   1.0165297226194525e-06,
   0.13447682559490204
  ],
  "euler_order": "XYZ",
  "rotation_matrix": [
   [
    0.9909716248512268,
    -0.13135337829589844,
    0.026861848309636116
   ],
   [
    0.13407187163829803,
    0.9708797335624695,
    -0.19853778183460236
   ],
   [
    -1.0165297226194525e-06,
    0.20034672319889069,
    0.9797250628471375
   ]
  ]
 },
 {
  "rotation_euler": [
   0.20171181857585907,
   3.087380306965315e-08,
   0.40058472752571106
  ],
  "euler_order": "XYZ",
  "rotation_matrix": [
   [
    0.9208331108093262,
    -0.382050484418869,
    0.07812660932540894
   ],
   [
    0.38995683193206787,
    0.9021632671356201,
    -0.18448589742183685
   ],
   [
    -3.087380306965315e-08,
    0.20034673810005188,
    0.9797250628471375
   ]
  ]
 },
 {
  "rotation_euler": [
   0.20171180367469788,
   -1.0204962563875597e-06,
   -2.719620704650879
  ],
  "euler_order": "XYZ",
  "rotation_matrix": [
   [
    -0.9122830629348755,
    0.40125659108161926,
    -0.08205313235521317
   ],
   [
    -0.4095602333545685,
    -0.8937864899635315,
    0.18277333676815033
   ],
   [
    1.0204962563875597e-06,
    0.20034672319889069,
    0.9797250628471375
   ]
  ]
 },
 {
  "rotation_euler": [
   0.20171186327934265,
   1.1638041996775428e-06,
   1.9709832668304443
  ],
  "euler_order": "XYZ",
  "rotation_matrix": [
   [
    -0.3895905315876007,
    -0.9023152589797974,
    0.1845165640115738
   ],
   [
    0.9209882020950317,
    -0.3816913664340973,
    0.07805425673723221
   ],
   [
    -1.1638041996775428e-06,
    0.20034678280353546,
    0.9797250628471375
   ]
  ]
 },
 {
  "rotation_euler": [
   0.20171204209327698,
   1.6064508372437558e-06,
   -0.09694739431142807
  ],
  "euler_order": "XYZ",
  "rotation_matrix": [
   [
    0.99530428647995,
    0.0948333889245987,
    -0.01939113810658455
   ],
   [
    -0.09679560363292694,
    0.9751244783401489,
    -0.19940634071826935
   ],
   [
    -1.6064508372437558e-06,
    0.2003469467163086,
    0.9797250032424927
   ]
  ]
 },
 {
  "rotation_euler": [
   0.20171184837818146,
   4.4477950211785355e-08,
   0.8651658296585083
  ],
  "euler_order": "XYZ",
  "rotation_matrix": [
   [
    0.648513913154602,
    -0.7457694411277771,
    0.1525045484304428
   ],
   [
    0.7612028121948242,
    0.6353653073310852,
    -0.1299276202917099
   ],
   [
    -4.4477950211785355e-08,
    0.20034676790237427,
    0.9797250628471375
   ]
  ]
 }
]