[
 {
  "rotation_euler": [
   1.8366634845733643,
   -2.0482311248779297,
   0.34520870447158813
  ],
  "euler_order": "XYZ",
  "rotation_matrix": [
   [
    -0.4323939383029938,
    -0.7175019383430481,
    0.5461011528968811
   ],
   [
    -0.1554924100637436,
    -0.5372381806373596,
    -0.8289735913276672
   ],
   [
    0.8881765604019165,
    -0.4433577358722687,
    0.12073242664337158
   ]
  ]
 },
 {
  "rotation_euler": [
   -0.005328064784407616,
   0.08005530387163162,
   -0.05157956853508949
  ],
  "euler_order": "XYZ",
  "rotation_matrix": [
   [
    0.9954715967178345,
    0.05113045498728752,
    0.08013702929019928
   ],
   [
    -0.05139157921075821,
    0.9986778497695923,
    0.0011980320559814572
   ],
   [
    -0.07996982336044312,
    -0.005310975480824709,
    0.9967831373214722
   ]
  ]
 },
 {
  "rotation_euler": [
   0.03624589368700981,
   0.0034748234320431948,
   2.0661892890930176
  ],
  "euler_order": "XYZ",
  "rotation_matrix": [
   [
    -0.4753745496273041,
    -0.8792639970779419,
    0.03023073822259903
   ],
   [
    0.879776656627655,
    -0.47495439648628235,
    0.020281778648495674
   ],
   [
    -0.003474816447123885,
    0.03623773902654648,
    0.9993371367454529
   ]
  ]
 },
 {
  "rotation_euler": [
   0.00020569629850797355,
   -0.00016478620818816125,
   -0.11583362519741058
  ],
  "euler_order": "XYZ",
  "rotation_matrix": [
   [
    0.9932987689971924,
    0.11557473242282867,
    -0.00018745523993857205
   ],
   [
    -0.11557476222515106,
    0.9932987689971924,
    -0.00018527275824453682
   ],
   [
    0.00016478620818816125,
    0.00020569629850797355,
    0.9999999403953552
   ]
  ]
 },
 {
  "rotation_euler": [
   -0.0003439339343458414,
   0.0001602434494998306,
   -1.6864968538284302
  ],
  "euler_order": "XYZ",
  "rotation_matrix": [
   [
    -0.11544255912303925,
    0.9933140873908997,
    0.0003231355221942067
   ],
   [
    -0.9933141469955444,
    -0.11544249951839447,
    -0.0001988766889553517
   ],
   [
    -0.0001602434494998306,
    -0.0003439339343458414,
    0.9999999403953552
   ]
  ]
 },
 {
  "rotation_euler": [
   0.024247318506240845,
   0.030196169391274452,
   0.34871706366539
  ],
  "euler_order": "XYZ",
  "rotation_matrix": [
   [
    0.9393834471702576,
    -0.34090399742126465,
    0.03665037825703621
   ],
   [
    0.34153661131858826,
    0.9397857189178467,
    -0.0124724842607975
   ],
   [
    -0.030191579833626747,
    0.02423389069736004,
    0.9992502927780151
   ]
  ]
 },
 {
  "rotation_euler": [
   -1.8605841398239136,
   -2.005420207977295,
   0.3583261966705322
  ],
  "euler_order": "XYZ",
  "rotation_matrix": [
   [
    -0.3943251371383667,
    0.9142159819602966,
    -0.09336388111114502
   ],
   [
    -0.14767204225063324,
    0.0372384637594223,
    0.9883350729942322
   ],
   [
    0.9070284962654114,
    0.4035125970840454,
    0.12032008171081543
   ]
  ]
 },
 {
  "rotation_euler": [
   -1.4457976818084717,
   0.25281819701194763,
   2.5877933502197266
  ],
  "euler_order": "XYZ",
  "rotation_matrix": [
   [
    -0.8234952092170715,
    0.14551830291748047,
    -0.5483429431915283
   ],
   [
    0.509204089641571,
    -0.23656325042247772,
    -0.8274956345558167
   ],
   [
    -0.25013357400894165,
    -0.9606571793556213,
    0.12071018666028976
   ]
  ]
 },
 {
  "rotation_euler": [
   -3.2516436476726085e-05,
   3.090667451033369e-05,
   1.723267674446106
  ],
  "euler_order": "XYZ",
  "rotation_matrix": [
   [
    -0.15188127756118774,
    -0.9883987307548523,
    -3.683334944071248e-05
   ],
   [
    0.9883987307548523,
    -0.15188127756118774,
    2.5609480871935375e-05
   ],
   [
    -3.090667451033369e-05,
    -3.2516436476726085e-05,
    1.0
   ]
  ]
 },
 {
  "rotation_euler": [
   4.742147939396091e-05,
   -3.904697507550736e-07,
   0.9836771488189697
  ],
  "euler_order": "XYZ",
  "rotation_matrix": [
   [
    0.5539649128913879,
    -0.832539975643158,
    3.9263970393221825e-05
   ],
   [
    0.8325400352478027,
    0.5539649128913879,
    -2.6594918381306343e-05
   ],
   [
    3.904697507550736e-07,
    4.742147939396091e-05,
    1.0
   ]
  ]
 },
 {
  "rotation_euler": [
   8.90657065610867e-06,
   -5.543565293919528e-06,
   -1.6337306499481201
  ],
  "euler_order": "XYZ",
  "rotation_matrix": [
   [
    -0.06289278715848923,
    0.9980202913284302,
    -8.540288035874255e-06
   ],
   [
    -0.9980202913284302,
    -0.06289278715848923,
    6.092749572417233e-06
   ],
   [
    5.543565293919528e-06,
    8.90657065610867e-06,
    1.0
   ]
  ]
 },
 {
  "rotation_euler": [
   1.416599988937378,
   0.665259838104248,
   -2.1463568210601807
  ],
  "euler_order": "XYZ",
  "rotation_matrix": [
   [
    -0.4282355010509491,
    -0.20315201580524445,
    -0.8805359601974487
   ],
   [
    -0.6600000262260437,
    -0.5952685475349426,
    0.45831796526908875
   ],
   [
    -0.6172635555267334,
    0.777421772480011,
    0.12083479017019272
   ]
  ]
 },
 {
  "rotation_euler": [
   0.001222708960995078,
   0.0016777536366134882,
   -2.358508586883545
  ],
  "euler_order": "XYZ",
  "rotation_matrix": [
   [
    -0.7087401747703552,
    0.7054665684700012,
    -0.0020516742952167988
   ],
   [
    -0.7054675817489624,
    -0.7087421417236328,
    -0.0003170170239172876
   ],
   [
    -0.0016777528217062354,
    0.001222706981934607,
    0.9999978542327881
   ]
  ]
 },
 {
  "rotation_euler": [
   0.009214245714247227,
   -0.017854129895567894,
   -1.13484787940979
  ],
  "euler_order": "XYZ",
  "rotation_matrix": [
   [
    0.42220303416252136,
    0.906361997127533,
    -0.01589086651802063
   ],
   [
    -0.9063254594802856,
    0.4224015176296234,
    0.012291837483644485
   ],
   [
    0.017853181809186935,
    0.009212646633386612,
    0.9997981786727905
   ]
  ]
 },
 {
  "rotation_euler": [
   1.4300601482391357,
   -0.5354165434837341,
   1.038972020149231
  ],
  "euler_order": "XYZ",
  "rotation_matrix": [
   [
    0.4361400902271271,
    -0.3770655393600464,
    0.8170700073242188
   ],
   [
    0.7412681579589844,
    -0.3642518222332001,
    -0.5637749433517456
   ],
   [
    0.5101993083953857,
    0.8515527844429016,
    0.12064184248447418
   ]
  ]
 },
 {
  "rotation_euler": [
   0.026044083759188652,
   0.00796483177691698,
   1.4007618427276611
  ],
  "euler_order": "XYZ",
  "rotation_matrix": [
   [
    0.16921097040176392,
    -0.985209584236145,
    0.027012906968593597
   ],
   [
    0.985547661781311,
    0.1693633645772934,
    0.00344063900411129
   ],
   [
    -0.007964747957885265,
    0.02604031376540661,
    0.9996291399002075
   ]
  ]
 }
]