[
 {
  "rotation_euler": [
   -0.05485418066382408,
   0.03629951551556587,
   -0.21186327934265137
  ],
  "euler_order": "XYZ",
  "rotation_matrix": [
   [
    0.9769967794418335,
    0.20802034437656403,
    0.046955786645412445
   ],
   [
    -0.21014335751533508,
    0.9765887260437012,
    0.04598081856966019
   ],
   [
    -0.036291543394327164,
    -0.05479055643081665,
    0.9978381395339966
   ]
  ]
 },
 {
  "rotation_euler": [
   -1.0953338146209717,
   1.1122186183929443,
   -1.611628770828247
  ],
  "euler_order": "XYZ",
  "rotation_matrix": [
   [
    -0.018070407211780548,
    0.4899117052555084,
    0.8715847730636597
   ],
   [
    -0.44230422377586365,
    0.7778735756874084,
    -0.4464075267314911
   ],
   [
    -0.8966830372810364,
    -0.3935723900794983,
    0.20263352990150452
   ]
  ]
 },
 {
  "rotation_euler": [
   -0.21550977230072021,
   0.336791455745697,
   -2.380613088607788
  ],
  "euler_order": "XYZ",
  "rotation_matrix": [
   [
    -0.6834773421287537,
    0.7248528599739075,
    -0.08629632741212845
   ],
   [
    -0.6508875489234924,
    -0.6586746573448181,
    -0.377482533454895
   ],
   [
    -0.3304605185985565,
    -0.20183156430721283,
    0.9219869375228882
   ]
  ]
 },
 {
  "rotation_euler": [
   -0.220456063747406,
   0.21808642148971558,
   -0.7439672350883484
  ],
  "euler_order": "XYZ",
  "rotation_matrix": [
   [
    0.7183592915534973,
    0.6260100603103638,
    0.3034326136112213
   ],
   [
    -0.6611713171005249,
    0.7500208616256714,
    0.017921458929777145
   ],
   [
    -0.21636176109313965,
    -0.21349498629570007,
    0.9526843428611755
   ]
  ]
 },
 {
  "rotation_euler": [
   -0.34908413887023926,
   0.2680114209651947,
   1.6009727716445923
  ],
  "euler_order": "XYZ",
  "rotation_matrix": [
   [
    -0.02909471094608307,
    -0.9365257024765015,
    -0.3493896424770355
   ],
   [
    0.9638603925704956,
    -0.11888725310564041,
    0.23840926587581635
   ],
   [
    -0.2648143768310547,
    -0.32982638478279114,
    0.9061390161514282
   ]
  ]
 },
 {
  "rotation_euler": [
   -0.13767051696777344,
   0.2979292869567871,
   -0.36876583099365234
  ],
  "euler_order": "XYZ",
  "rotation_matrix": [
   [
    0.891680896282196,
    0.3194776773452759,
    0.320685476064682
   ],
   [
    -0.34458473324775696,
    0.9384685158729553,
    0.023199979215860367
   ],
   [
    -0.2935413420200348,
    -0.13119029998779297,
    0.9469015598297119
   ]
  ]
 },
 {
  "rotation_euler": [
   -1.111070990562439,
   0.9196742177009583,
   1.401407241821289
  ],
  "euler_order": "XYZ",
  "rotation_matrix": [
   [
    0.10217297822237015,
    -0.5575191974639893,
    -0.8238525390625
   ],
   [
    0.5974050760269165,
    -0.6278195977210999,
    0.4989486336708069
   ],
   [
    -0.7954041957855225,
    -0.5431527495384216,
    0.26891860365867615
   ]
  ]
 },
 {
  "rotation_euler": [
   -0.19495166838169098,
   0.33838728070259094,
   0.1880190521478653
  ],
  "euler_order": "XYZ",
  "rotation_matrix": [
   [
    0.9266670942306519,
    -0.2465474009513855,
    0.28372955322265625
   ],
   [
    0.1763136088848114,
    0.9517472386360168,
    0.2511785924434662
   ],
   [
    -0.33196625113487244,
    -0.18273355066776276,
    0.9254225492477417
   ]
  ]
 },
 {
  "rotation_euler": [
   -0.9797993302345276,
   1.1658343076705933,
   -2.209343671798706
  ],
  "euler_order": "XYZ",
  "rotation_matrix": [
   [
    -0.23482605814933777,
    0.9023048281669617,
    0.3615283668041229
   ],
   [
    -0.31635424494743347,
    0.28073716163635254,
    -0.9061493277549744
   ],
   [
    -0.9191173911094666,
    -0.32715851068496704,
    0.21952354907989502
   ]
  ]
 },
 {
  "rotation_euler": [
   -0.10473189502954483,
   0.13816967606544495,
   -1.9407169818878174
  ],
  "euler_order": "XYZ",
  "rotation_matrix": [
   [
    -0.3580958843231201,
    0.932452917098999,
    0.04794657230377197
   ],
   [
    -0.9234704375267029,
    -0.3461359739303589,
    -0.16550594568252563
   ],
   [
    -0.1377304643392563,
    -0.10354423522949219,
    0.9850425720214844
   ]
  ]
 },
 {
  "rotation_euler": [
   -1.0007116794586182,
   1.128543734550476,
   2.4408133029937744
  ],
  "euler_order": "XYZ",
  "rotation_matrix": [
   [
    -0.3271194398403168,
    0.2335478663444519,
    -0.9156681895256042
   ],
   [
    0.27596500515937805,
    -0.9031298160552979,
    -0.32893744111061096
   ],
   [
    -0.9037898778915405,
    -0.3602942228317261,
    0.2309802919626236
   ]
  ]
 },
 {
  "rotation_euler": [
   -0.1922655552625656,
   0.20713602006435394,
   -2.407881259918213
  ],
  "euler_order": "XYZ",
  "rotation_matrix": [
   [
    -0.7268183827400208,
    0.6864781975746155,
    -0.021971410140395164
   ],
   [
    -0.6553165912628174,
    -0.7026942372322083,
    -0.2770937383174896
   ],
   [
    -0.2056579887866974,
    -0.18699859082698822,
    0.9605916738510132
   ]
  ]
 },
 {
  "rotation_euler": [
   -0.7654407620429993,
   1.1117429733276367,
   0.212941512465477
  ],
  "euler_order": "XYZ",
  "rotation_matrix": [
   [
    0.43309158086776733,
    -0.75948566198349,
    0.4854000508785248
   ],
   [
    0.09364286065101624,
    0.5735243558883667,
    0.813818633556366
   ],
   [
    -0.8964723348617554,
    -0.30700376629829407,
    0.31950899958610535
   ]
  ]
 },
 {
  "rotation_euler": [
   -1.0961594581604004,
   1.3758026361465454,
   -1.9138234853744507
  ],
  "euler_order": "XYZ",
  "rotation_matrix": [
   [
    -0.06516924500465393,
    0.7238807678222656,
    0.686840295791626
   ],
   [
    -0.18247203528881073,
    0.6680530905723572,
    -0.7213938236236572
   ],
   [
    -0.9810488820075989,
    -0.17234183847904205,
    0.08855147659778595
   ]
  ]
 },
 {
  "rotation_euler": [
   1.8688215017318726,
   2.2551989555358887,
   -0.5315893888473511
  ],
  "euler_order": "XYZ",
  "rotation_matrix": [
   [
    -0.5449668169021606,
    0.4895918667316437,
    -0.6806694865226746
   ],
   [
    0.3204699456691742,
    -0.6285470128059387,
    -0.7086802124977112
   ],
   [
    -0.7747968435287476,
    -0.6043413281440735,
    0.18563780188560486
   ]
  ]
 },
 {
  "rotation_euler": [
   -0.7276389002799988,
   1.050451397895813,
   0.4572843909263611
  ],
  "euler_order": "XYZ",
  "rotation_matrix": [
   [
    0.44609662890434265,
    -0.847486138343811,
    0.2876891791820526
   ],
   [
    0.2195112556219101,
    0.41523391008377075,
    0.8828338384628296
   ],
   [
    -0.8676477670669556,
    -0.33067819476127625,
    0.3712671995162964
   ]
  ]
 }
]