[
 {
  "rotation_euler": [
   1.90489913620695e-06,
   5.1471124606905505e-06,
   2.0096964836120605
  ],
  "euler_order": "XYZ",
  "rotation_matrix": [
   [
    -0.424944132566452,
    -0.905219554901123,
    -4.62883178897755e-07
   ],
   [
    0.905219554901123,
    -0.424944132566452,
    5.468742529046722e-06
   ],
   [
    -5.1471124606905505e-06,
    1.90489913620695e-06,
    1.0
   ]
  ]
 },
 {
  "rotation_euler": [
   -1.5707963705062866,
   0.43158087134361267,
   -0.4370948374271393
  ],
  "euler_order": "XYZ",
  "rotation_matrix": [
   [
    0.8229115009307861,
    -0.37898021936416626,
    0.42330920696258545
   ],
   [
    -0.3844941258430481,
    0.17707327008247375,
    0.9059852957725525
   ],
   [
    -0.41830724477767944,
    -0.9083055853843689,
    -3.9703298426729816e-08
   ]
  ]
 },
 {
  "rotation_euler": [
   1.929678546730429e-06,
   1.8665293737285538e-06,
   -0.679802656173706
  ],
  "euler_order": "XYZ",
  "rotation_matrix": [
   [
    0.7776967883110046,
    0.6286395788192749,
    2.3852163621995714e-07
   ],
   [
    -0.6286395788192749,
    0.7776967883110046,
    -2.67407904175343e-06
   ],
   [
    -1.8665293737285538e-06,
    1.929678546730429e-06,
    1.0
   ]
  ]
 },
 {
  "rotation_euler": [
   2.9747079679509625e-06,
   3.407461406368384e-07,
   -0.6935943961143494
  ],
  "euler_order": "XYZ",
  "rotation_matrix": [
   [
    0.7689530849456787,
    0.6393052339553833,
    -1.639728566260601e-06
   ],
   [
    -0.6393052339553833,
    0.7689530849456787,
    -2.5052515866264002e-06
   ],
   [
    -3.407461406368384e-07,
    2.9747079679509625e-06,
    1.0
   ]
  ]
 },
 {
  "rotation_euler": [
   1.5707963705062866,
   0.4313012659549713,
   1.3004130125045776
  ],
  "euler_order": "XYZ",
  "rotation_matrix": [
   [
    0.242640420794487,
    0.11166241765022278,
    0.9636685848236084
   ],
   [
    0.8754182457923889,
    0.4028647840023041,
    -0.26710087060928345
   ],
   [
    -0.4180532693862915,
    0.9084225296974182,
    -3.970841078171361e-08
   ]
  ]
 },
 {
  "rotation_euler": [
   1.5707963705062866,
   2.7100117206573486,
   0.33619439601898193
  ],
  "euler_order": "XYZ",
  "rotation_matrix": [
   [
    -0.857455849647522,
    0.3948892056941986,
    0.3298969268798828
   ],
   [
    -0.2996472120285034,
    0.13799825310707092,
    -0.9440169334411621
   ],
   [
    -0.4183073043823242,
    -0.9083055853843689,
    3.9703298426729816e-08
   ]
  ]
 },
 {
  "rotation_euler": [
   6.69023904720234e-07,
   -1.0695564469642704e-06,
   0.8167791962623596
  ],
  "euler_order": "XYZ",
  "rotation_matrix": [
   [
    0.6845725178718567,
    -0.728944718837738,
    -2.4450753244309453e-07
   ],
   [
    0.728944718837738,
    0.6845725178718567,
    -1.2376428912830306e-06
   ],
   [
    1.0695564469642704e-06,
    6.69023904720234e-07,
    1.0
   ]
  ]
 },
 {
  "rotation_euler": [
   2.881771933971322e-06,
   8.764182894083206e-06,
   -1.8579505681991577
  ],
  "euler_order": "XYZ",
  "rotation_matrix": [
   [
    -0.2832241356372833,
    0.9590537548065186,
    -5.246002274361672e-06
   ],
   [
    -0.9590537548065186,
    -0.2832241356372833,
    -7.5891348387813196e-06
   ],
   [
    -8.764182894083206e-06,
    2.881771933971322e-06,
    1.0
   ]
  ]
 },
 {
  "rotation_euler": [
   3.7568572679447243e-06,
   -1.1573054337077338e-07,
   1.1855154037475586
  ],
  "euler_order": "XYZ",
  "rotation_matrix": [
   [
    0.37581947445869446,
    -0.9266929030418396,
    3.4379590942990035e-06
   ],
   [
    0.9266929030418396,
    0.37581947445869446,
    -1.5191468492048443e-06
   ],
   [
    1.1573054337077338e-07,
    3.7568572679447243e-06,
    1.0
   ]
  ]
 },
 {
  "rotation_euler": [
   -5.569409950112458e-06,
   1.9489395981509006e-06,
   -0.9615035057067871
  ],
  "euler_order": "XYZ",
  "rotation_matrix": [
   [
    0.5722876787185669,
    0.8200529217720032,
    5.682565188180888e-06
   ],
   [
    -0.8200529217720032,
    0.5722876787185669,
    1.5890710756139015e-06
   ],
   [
    -1.9489395981509006e-06,
    -5.569409950112458e-06,
    1.0
   ]
  ]
 },
 {
  "rotation_euler": [
   -8.762846846366301e-06,
   -3.450615258770995e-05,
   1.9137781858444214
  ],
  "euler_order": "XYZ",
  "rotation_matrix": [
   [
    -0.33629676699638367,
    -0.9417560696601868,
    3.3518433610879583e-06
   ],
   [
    0.9417560696601868,
    -0.33629676699638367,
    -3.5443295928416774e-05
   ],
   [
    3.450615258770995e-05,
    -8.762846846366301e-06,
    1.0
   ]
  ]
 },
 {
  "rotation_euler": [
   8.282063390652183e-06,
   4.449658717931015e-06,
   3.0636019706726074
  ],
  "euler_order": "XYZ",
  "rotation_matrix": [
   [
    -0.9969602823257446,
    -0.07791164517402649,
    -3.790863729591365e-06
   ],
   [
    0.07791164517402649,
    -0.9969602823257446,
    8.60356794873951e-06
   ],
   [
    -4.449658717931015e-06,
    8.282063390652183e-06,
    1.0
   ]
  ]
 },
 {
  "rotation_euler": [
   0.0001981733803404495,
   -5.9688041801564395e-05,
   -2.967967987060547
  ],
  "euler_order": "XYZ",
  "rotation_matrix": [
   [
    -0.9849650859832764,
    0.17275364696979523,
    2.4555460186093114e-05
   ],
   [
    -0.17275364696979523,
    -0.9849650263786316,
    0.0002055051882052794
   ],
   [
    5.9688041801564395e-05,
    0.0001981733803404495,
    1.0
   ]
  ]
 },
 {
  "rotation_euler": [
   -1.5707961320877075,
   2.7102913856506348,
   -0.026205135509371758
  ],
  "euler_order": "XYZ",
  "rotation_matrix": [
   [
    -0.9081106185913086,
    -0.41790971159935,
    0.026202218607068062
   ],
   [
    0.023802610114216805,
    0.010954082943499088,
    0.9996566772460938
   ],
   [
    -0.4180532693862915,
    0.9084225296974182,
    -1.768763979725918e-07
   ]
  ]
 },
 {
  "rotation_euler": [
   1.5707967281341553,
   0.4313008189201355,
   -1.2141369581222534
  ],
  "euler_order": "XYZ",
  "rotation_matrix": [
   [
    0.31717196106910706,
    0.14596101641654968,
    -0.9370684623718262
   ],
   [
    -0.8512542247772217,
    -0.3917442560195923,
    -0.3491456210613251
   ],
   [
    -0.4180528521537781,
    0.9084227085113525,
    -3.6458570207287266e-07
   ]
  ]
 },
 {
  "rotation_euler": [
   4.875465947407065e-06,
   1.6567948932788568e-06,
   -3.1351277828216553
  ],
  "euler_order": "XYZ",
  "rotation_matrix": [
   [
    -0.9999790787696838,
    0.006464825943112373,
    -1.688279326117481e-06
   ],
   [
    -0.006464825943112373,
    -0.9999790787696838,
    4.864652964897687e-06
   ],
   [
    -1.6567948932788568e-06,
    4.875465947407065e-06,
    1.0
   ]
  ]
 }
]