[
 {
  "rotation_euler": [
   1.081491470336914,
   1.5268981456756592,
   0.3967750370502472
  ],
  "euler_order": "XYZ",
  "rotation_matrix": [
   [
    0.040474820882081985,
    0.6316691040992737,
    0.7741808295249939
   ],
   [
    0.016958825290203094,
    0.7742698192596436,
    -0.6326283812522888
   ],
   [
    -0.9990366101264954,
    0.038734715431928635,
    0.020626064389944077
   ]
  ]
 },
 {
  "rotation_euler": [
   0.09664678573608398,
   -1.55005943775177,
   1.1052615642547607
  ],
  "euler_order": "XYZ",
  "rotation_matrix": [
   [
    0.009308136999607086,
    -0.9327195882797241,
    -0.3604823648929596
   ],
   [
    0.0185287743806839,
    0.36059698462486267,
    -0.9325376749038696
   ],
   [
    0.9997850060462952,
    0.0020008916035294533,
    0.020638637244701385
   ]
  ]
 },
 {
  "rotation_euler": [
   1.2730964422225952,
   -0.2672915756702423,
   1.8970921039581299
  ],
  "euler_order": "XYZ",
  "rotation_matrix": [
   [
    -0.3091541528701782,
    -0.19690899550914764,
    0.930403470993042
   ],
   [
    0.9135996103286743,
    -0.3331999182701111,
    0.23305271565914154
   ],
   [
    0.2641201615333557,
    0.9220654368400574,
    0.28290611505508423
   ]
  ]
 },
 {
  "rotation_euler": [
   1.2210928201675415,
   -0.9485747218132019,
   -1.965890645980835
  ],
  "euler_order": "XYZ",
  "rotation_matrix": [
   [
    -0.2243330478668213,
    0.6100543141365051,
    -0.7599397897720337
   ],
   [
    -0.5379398465156555,
    0.5727184414863586,
    0.6185582876205444
   ],
   [
    0.8125855922698975,
    0.5475649833679199,
    0.19969284534454346
   ]
  ]
 },
 {
  "rotation_euler": [
   1.0075258016586304,
   -1.5321587324142456,
   1.4856369495391846
  ],
  "euler_order": "XYZ",
  "rotation_matrix": [
   [
    0.003285560291260481,
    -0.6038820743560791,
    0.7970669269561768
   ],
   [
    0.0384880006313324,
    -0.796404242515564,
    -0.6035386919975281
   ],
   [
    0.9992536902427673,
    0.03266047313809395,
    0.020625578239560127
   ]
  ]
 },
 {
  "rotation_euler": [
   -2.060105800628662,
   1.6146948337554932,
   0.18362949788570404
  ],
  "euler_order": "XYZ",
  "rotation_matrix": [
   [
    -0.04314659908413887,
    -0.7811571955680847,
    -0.6228417158126831
   ],
   [
    -0.008013259619474411,
    -0.6231316328048706,
    0.7820758819580078
   ],
   [
    -0.9990366101264954,
    0.038734909147024155,
    0.02062639594078064
   ]
  ]
 },
 {
  "rotation_euler": [
   1.269477128982544,
   0.3197742998600006,
   -2.1880815029144287
  ],
  "euler_order": "XYZ",
  "rotation_matrix": [
   [
    -0.5494808554649353,
    0.06825359910726547,
    -0.832713782787323
   ],
   [
    -0.7741146087646484,
    -0.4165736734867096,
    0.4766685664653778
   ],
   [
    -0.3143523037433624,
    0.9065361618995667,
    0.281735360622406
   ]
  ]
 },
 {
  "rotation_euler": [
   -1.3907115459442139,
   -1.319137692451477,
   -0.38545888662338257
  ],
  "euler_order": "XYZ",
  "rotation_matrix": [
   [
    0.2307397723197937,
    0.9502687454223633,
    0.20916137099266052
   ],
   [
    -0.09362412989139557,
    -0.19228170812129974,
    0.9768635034561157
   ],
   [
    0.9685007333755493,
    -0.24498382210731506,
    0.04460104927420616
   ]
  ]
 },
 {
  "rotation_euler": [
   -2.0601062774658203,
   1.6146948337554932,
   0.605285108089447
  ],
  "euler_order": "XYZ",
  "rotation_matrix": [
   [
    -0.03608790040016174,
    -0.45770713686943054,
    -0.8883703351020813
   ],
   [
    -0.024970076978206635,
    -0.8882588744163513,
    0.45866402983665466
   ],
   [
    -0.9990366101264954,
    0.03873489797115326,
    0.020626414567232132
   ]
  ]
 },
 {
  "rotation_euler": [
   1.6918751001358032,
   1.7180354595184326,
   -0.10817735642194748
  ],
  "euler_order": "XYZ",
  "rotation_matrix": [
   [
    -0.14585012197494507,
    0.963157594203949,
    -0.22595393657684326
   ],
   [
    0.01583951525390148,
    -0.22609351575374603,
    -0.9739767909049988
   ],
   [
    -0.9891799092292786,
    -0.14563363790512085,
    0.017719818279147148
   ]
  ]
 },
 {
  "rotation_euler": [
   0.28224247694015503,
   1.5493055582046509,
   -0.74947190284729
  ],
  "euler_order": "XYZ",
  "rotation_matrix": [
   [
    0.015731079503893852,
    0.8581332564353943,
    0.513185977935791
   ],
   [
    -0.014639507979154587,
    0.5133921504020691,
    -0.8580292463302612
   ],
   [
    -0.9997690916061401,
    0.0059849354438483715,
    0.020638860762119293
   ]
  ]
 },
 {
  "rotation_euler": [
   1.0814886093139648,
   1.5268980264663696,
   0.30969861149787903
  ],
  "euler_order": "XYZ",
  "rotation_matrix": [
   [
    0.04179643094539642,
    0.6966093182563782,
    0.716232180595398
   ],
   [
    0.013374658301472664,
    0.7164042592048645,
    -0.6975572109222412
   ],
   [
    -0.9990366101264954,
    0.038734763860702515,
    0.020626232028007507
   ]
  ]
 },
 {
  "rotation_euler": [
   1.1200053691864014,
   -1.4803887605667114,
   -0.4611709415912628
  ],
  "euler_order": "XYZ",
  "rotation_matrix": [
   [
    0.08085262775421143,
    -0.6089036464691162,
    -0.78911292552948
   ],
   [
    -0.04017631709575653,
    0.7890704870223999,
    -0.6129873991012573
   ],
   [
    0.9959160089492798,
    0.08126529306173325,
    0.039334915578365326
   ]
  ]
 },
 {
  "rotation_euler": [
   -2.134066104888916,
   -1.6094340085983276,
   0.7159135937690735
  ],
  "euler_order": "XYZ",
  "rotation_matrix": [
   [
    -0.029144644737243652,
    0.9878964424133301,
    -0.15235240757465363
   ],
   [
    -0.02535187266767025,
    0.15163758397102356,
    0.9881110191345215
   ],
   [
    0.9992536306381226,
    0.03266056254506111,
    0.020625600591301918
   ]
  ]
 },
 {
  "rotation_euler": [
   1.2913137674331665,
   -0.07357676327228546,
   -2.8389029502868652
  ],
  "euler_order": "XYZ",
  "rotation_matrix": [
   [
    -0.9519556164741516,
    0.14967606961727142,
    -0.26716580986976624
   ],
   [
    -0.29728221893310547,
    -0.24225492775440216,
    0.923545241355896
   ],
   [
    0.07351039350032806,
    0.958597719669342,
    0.27511197328567505
   ]
  ]
 },
 {
  "rotation_euler": [
   1.2757714986801147,
   -0.2292567938566208,
   1.288407564163208
  ],
  "euler_order": "XYZ",
  "rotation_matrix": [
   [
    0.2713598608970642,
    -0.33983567357063293,
    0.9004862904548645
   ],
   [
    0.9352644085884094,
    -0.1278017908334732,
    -0.33007147908210754
   ],
   [
    0.22725382447242737,
    0.9317609071731567,
    0.2831559479236603
   ]
  ]
 }
]