[
 {
  "rotation_euler": [
   -0.00024656523601152003,
   0.06280700862407684,
   -1.2989933490753174
  ],
  "euler_order": "XYZ",
  "rotation_matrix": [
   [
    0.26793932914733887,
    0.9632842540740967,
    0.017088143154978752
   ],
   [
    -0.9613890647888184,
    0.26848354935646057,
    -0.06039529666304588
   ],
   [
    -0.06276572495698929,
    -0.00024607908562757075,
    0.9980282783508301
   ]
  ]
 },
 {
  "rotation_euler": [
   0.7090101838111877,
   -1.4383858442306519,
   0.7575778961181641
  ],
  "euler_order": "XYZ",
  "rotation_matrix": [
   [
    0.09591569751501083,
    -0.9904347062110901,
    -0.09919290244579315
   ],
   [
    0.09072204679250717,
    0.10793604701757431,
    -0.9900097846984863
   ],
   [
    0.9912465214729309,
    0.08595849573612213,
    0.10020703077316284
   ]
  ]
 },
 {
  "rotation_euler": [
   0.5408254265785217,
   1.4490982294082642,
   2.2674524784088135
  ],
  "euler_order": "XYZ",
  "rotation_matrix": [
   [
    -0.07789577543735504,
    -0.9854395985603333,
    -0.15113236010074615
   ],
   [
    0.09311123937368393,
    -0.15812137722969055,
    0.9830197691917419
   ],
   [
    -0.9926038980484009,
    0.0625009685754776,
    0.10407249629497528
   ]
  ]
 },
 {
  "rotation_euler": [
   -2.600888252258301,
   1.6925004720687866,
   -0.1815759837627411
  ],
  "euler_order": "XYZ",
  "rotation_matrix": [
   [
    -0.11940807849168777,
    -0.6573525071144104,
    -0.7440627217292786
   ],
   [
    0.02192310430109501,
    -0.7509876489639282,
    0.6599521636962891
   ],
   [
    -0.9926031827926636,
    0.06249145790934563,
    0.10408520698547363
   ]
  ]
 },
 {
  "rotation_euler": [
   -0.0002111848589265719,
   0.03148733079433441,
   -2.2170138359069824
  ],
  "euler_order": "XYZ",
  "rotation_matrix": [
   [
    -0.601872444152832,
    0.7983711957931519,
    -0.018789017572999
   ],
   [
    -0.7979714870452881,
    -0.6021655797958374,
    -0.025261467322707176
   ],
   [
    -0.03148212656378746,
    -0.00021108017244841903,
    0.9995042681694031
   ]
  ]
 },
 {
  "rotation_euler": [
   0.5407201051712036,
   1.449097990989685,
   1.914228081703186
  ],
  "euler_order": "XYZ",
  "rotation_matrix": [
   [
    -0.04087723791599274,
    -0.9793197512626648,
    0.19814613461494446
   ],
   [
    0.11430907249450684,
    0.1924261599779129,
    0.9746310114860535
   ],
   [
    -0.9926038980484009,
    0.06249012425541878,
    0.10407928377389908
   ]
  ]
 },
 {
  "rotation_euler": [
   0.8305107951164246,
   -1.419098138809204,
   0.2603917419910431
  ],
  "euler_order": "XYZ",
  "rotation_matrix": [
   [
    0.1460227519273758,
    -0.8788513541221619,
    -0.45420005917549133
   ],
   [
    0.038906458765268326,
    0.46386781334877014,
    -0.8850497007369995
   ],
   [
    0.9885158538818359,
    0.11156608164310455,
    0.10192824900150299
   ]
  ]
 },
 {
  "rotation_euler": [
   -2.6009488105773926,
   1.692495346069336,
   -0.26783889532089233
  ],
  "euler_order": "XYZ",
  "rotation_matrix": [
   [
    -0.11707036942243576,
    -0.719569206237793,
    -0.6844813227653503
   ],
   [
    0.03212795779109001,
    -0.6916040182113647,
    0.7215619683265686
   ],
   [
    -0.9926038384437561,
    0.06248253583908081,
    0.10408462584018707
   ]
  ]
 },
 {
  "rotation_euler": [
   0.5407314896583557,
   1.4490983486175537,
   -1.5775519609451294
  ],
  "euler_order": "XYZ",
  "rotation_matrix": [
   [
    -0.0008201128803193569,
    0.8538609743118286,
    -0.5205004811286926
   ],
   [
    -0.12139502912759781,
    -0.5167361497879028,
    -0.8474945425987244
   ],
   [
    -0.9926039576530457,
    0.062491126358509064,
    0.1040782630443573
   ]
  ]
 },
 {
  "rotation_euler": [
   0.7090131044387817,
   -1.4383858442306519,
   0.22454768419265747
  ],
  "euler_order": "XYZ",
  "rotation_matrix": [
   [
    0.12870943546295166,
    -0.7981874346733093,
    -0.5884986519813538
   ],
   [
    0.029397159814834595,
    0.5962448120117188,
    -0.8022642135620117
   ],
   [
    0.9912465214729309,
    0.08595878630876541,
    0.10020677745342255
   ]
  ]
 },
 {
  "rotation_euler": [
   0.9055818915367126,
   0.022548701614141464,
   0.9888638854026794
  ],
  "euler_order": "XYZ",
  "rotation_matrix": [
   [
    0.5494996309280396,
    -0.5058830976486206,
    0.6649304032325745
   ],
   [
    0.835189700126648,
    0.35407230257987976,
    -0.42082178592681885
   ],
   [
    -0.022546790540218353,
    0.7865844368934631,
    0.6170709729194641
   ]
  ]
 },
 {
  "rotation_euler": [
   0.5406554937362671,
   1.449097752571106,
   -0.338828444480896
  ],
  "euler_order": "XYZ",
  "rotation_matrix": [
   [
    0.11449625343084335,
    0.7668195962905884,
    0.6315681338310242
   ],
   [
    -0.04035068675875664,
    0.6388140916824341,
    -0.7683022618293762
   ],
   [
    -0.9926038384437561,
    0.0624835230410099,
    0.10408352315425873
   ]
  ]
 },
 {
  "rotation_euler": [
   0.00020851487352047116,
   -0.056665319949388504,
   -0.2244911789894104
  ],
  "euler_order": "XYZ",
  "rotation_matrix": [
   [
    0.9733427166938782,
    0.2225988209247589,
    -0.0552603043615818
   ],
   [
    -0.22225303947925568,
    0.9749100804328918,
    0.012404253706336021
   ],
   [
    0.05663499981164932,
    0.00020818019402213395,
    0.9983949065208435
   ]
  ]
 },
 {
  "rotation_euler": [
   0.7089825868606567,
   -1.4383866786956787,
   -2.4670591354370117
  ],
  "euler_order": "XYZ",
  "rotation_matrix": [
   [
    -0.10310980677604675,
    0.9780633449554443,
    0.18099839985370636
   ],
   [
    -0.08245278149843216,
    -0.18974655866622925,
    0.9783648252487183
   ],
   [
    0.9912466406822205,
    0.0859551951289177,
    0.10020877420902252
   ]
  ]
 },
 {
  "rotation_euler": [
   0.00035014693276025355,
   -0.0007100228103809059,
   -1.2826299667358398
  ],
  "euler_order": "XYZ",
  "rotation_matrix": [
   [
    0.28419458866119385,
    0.9587664604187012,
    -0.0005374938482418656
   ],
   [
    -0.9587663412094116,
    0.2841948866844177,
    0.0005812361487187445
   ],
   [
    0.000710022752173245,
    0.0003501468454487622,
    0.9999997019767761
   ]
  ]
 },
 {
  "rotation_euler": [
   -2.6008901596069336,
   1.6925009489059448,
   -0.2083914428949356
  ],
  "euler_order": "XYZ",
  "rotation_matrix": [
   [
    -0.1187778115272522,
    -0.6772504448890686,
    -0.7261016964912415
   ],
   [
    0.025116920471191406,
    -0.7330938577651978,
    0.6796635389328003
   ],
   [
    -0.9926031231880188,
    0.06249150633811951,
    0.10408572852611542
   ]
  ]
 }
]