[
 {
  "rotation_euler": [
   -0.0013863884378224611,
   0.5027667284011841,
   2.0940499305725098
  ],
  "euler_order": "XYZ",
  "rotation_matrix": [
   [
    -0.43786442279815674,
    -0.8658632636070251,
    -0.24198247492313385
   ],
   [
    0.7590083479881287,
    -0.5002791881561279,
    0.4166857898235321
   ],
   [
    -0.481851726770401,
    -0.0012148263631388545,
    0.8762519359588623
   ]
  ]
 },
 {
  "rotation_euler": [
   -3.113386631011963,
   -1.2119405269622803,
   0.3198115825653076
  ],
  "euler_order": "XYZ",
  "rotation_matrix": [
   [
    0.3333952724933624,
    0.3393295109272003,
    0.879603922367096
   ],
   [
    0.11041395366191864,
    -0.9406154155731201,
    0.3210161626338959
   ],
   [
    0.9362992644309998,
    -0.009904730133712292,
    -0.35106346011161804
   ]
  ]
 },
 {
  "rotation_euler": [
   -0.0667324811220169,
   1.9658732414245605,
   1.2627211809158325
  ],
  "euler_order": "XYZ",
  "rotation_matrix": [
   [
    -0.11670497804880142,
    -0.9694603681564331,
    0.21570023894309998
   ],
   [
    -0.36675867438316345,
    0.24390153586864471,
    0.8977751135826111
   ],
   [
    -0.9229669570922852,
    0.025664884597063065,
    -0.3840225338935852
   ]
  ]
 },
 {
  "rotation_euler": [
   0.06105057895183563,
   0.6097421646118164,
   -0.221623957157135
  ],
  "euler_order": "XYZ",
  "rotation_matrix": [
   [
    0.7997449636459351,
    0.25348934531211853,
    0.5441977381706238
   ],
   [
    -0.1802026927471161,
    0.9660441875457764,
    -0.18516381084918976
   ],
   [
    -0.5726560950279236,
    0.05001791566610336,
    0.8182684183120728
   ]
  ]
 },
 {
  "rotation_euler": [
   -0.03597484529018402,
   -1.9244619607925415,
   -1.373124361038208
  ],
  "euler_order": "XYZ",
  "rotation_matrix": [
   [
    -0.06801651418209076,
    0.9865183234214783,
    -0.14884677529335022
   ],
   [
    0.33959442377090454,
    0.16317608952522278,
    0.9263094663619995
   ],
   [
    0.9381094574928284,
    0.012456800788640976,
    -0.3461148142814636
   ]
  ]
 },
 {
  "rotation_euler": [
   -0.0016249658074229956,
   0.502457857131958,
   -1.3569179773330688
  ],
  "euler_order": "XYZ",
  "rotation_matrix": [
   [
    0.18601751327514648,
    0.9770476818084717,
    0.1038040891289711
   ],
   [
    -0.8564327955245972,
    0.21301591396331787,
    -0.4702627658843994
   ],
   [
    -0.48158106207847595,
    -0.0014241219032555819,
    0.8764004111289978
   ]
  ]
 },
 {
  "rotation_euler": [
   0.017020883038640022,
   -0.6023018956184387,
   1.4340680837631226
  ],
  "euler_order": "XYZ",
  "rotation_matrix": [
   [
    0.11231795698404312,
    -0.9918380379676819,
    -0.06034860014915466
   ],
   [
    0.8163431882858276,
    0.1267303228378296,
    -0.5634920001029968
   ],
   [
    0.5665408372879028,
    0.01402510330080986,
    0.8239142894744873
   ]
  ]
 },
 {
  "rotation_euler": [
   0.06951744109392166,
   1.9334454536437988,
   0.410643070936203
  ],
  "euler_order": "XYZ",
  "rotation_matrix": [
   [
    -0.3252597153186798,
    -0.33869025111198425,
    0.8828901648521423
   ],
   [
    -0.14161677658557892,
    0.9405751824378967,
    0.3086470067501068
   ],
   [
    -0.9349603056907654,
    -0.02464161440730095,
    -0.3538954555988312
   ]
  ]
 },
 {
  "rotation_euler": [
   -0.03586454316973686,
   -1.924399733543396,
   -1.7652071714401245
  ],
  "euler_order": "XYZ",
  "rotation_matrix": [
   [
    0.06689741462469101,
    0.9740321636199951,
    0.21630096435546875
   ],
   [
    0.33975717425346375,
    -0.22606901824474335,
    0.9129391312599182
   ],
   [
    0.9381310343742371,
    0.012416530400514603,
    -0.34605783224105835
   ]
  ]
 },
 {
  "rotation_euler": [
   -0.035975247621536255,
   -1.9244637489318848,
   -1.0796048641204834
  ],
  "euler_order": "XYZ",
  "rotation_matrix": [
   [
    -0.1633608192205429,
    0.8971160054206848,
    -0.410482794046402
   ],
   [
    0.305393248796463,
    0.4416193962097168,
    0.8436274528503418
   ],
   [
    0.9381088614463806,
    0.012457000091671944,
    -0.34611648321151733
   ]
  ]
 },
 {
  "rotation_euler": [
   -0.001483431551605463,
   0.5026428699493408,
   -1.912429928779602
  ],
  "euler_order": "XYZ",
  "rotation_matrix": [
   [
    -0.2935881018638611,
    0.9424470067024231,
    -0.15999896824359894
   ],
   [
    -0.8256691098213196,
    -0.3343530297279358,
    -0.45439907908439636
   ],
   [
    -0.481743186712265,
    -0.0012999490136280656,
    0.8763114809989929
   ]
  ]
 },
 {
  "rotation_euler": [
   -0.09485143423080444,
   -1.9615870714187622,
   0.5644609928131104
  ],
  "euler_order": "XYZ",
  "rotation_matrix": [
   [
    -0.32183030247688293,
    -0.45857083797454834,
    -0.8283345103263855
   ],
   [
    -0.20377697050571442,
    0.8879252672195435,
    -0.41238775849342346
   ],
   [
    0.9246081113815308,
    0.0360766239464283,
    -0.37920743227005005
   ]
  ]
 },
 {
  "rotation_euler": [
   0.00019910637638531625,
   -0.040686242282390594,
   -1.463209867477417
  ],
  "euler_order": "XYZ",
  "rotation_matrix": [
   [
    0.10729016363620758,
    0.9942172765731812,
    -0.004565598908811808
   ],
   [
    -0.9933953881263733,
    0.10738708078861237,
    0.040418460965156555
   ],
   [
    0.04067501798272133,
    0.00019894160504918545,
    0.9991723895072937
   ]
  ]
 },
 {
  "rotation_euler": [
   -0.00018013532098848373,
   0.0516149140894413,
   -3.083571672439575
  ],
  "euler_order": "XYZ",
  "rotation_matrix": [
   [
    -0.9969877600669861,
    0.05799771100282669,
    -0.05149473622441292
   ],
   [
    -0.05791120603680611,
    -0.9983167052268982,
    -0.003171571297571063
   ],
   [
    -0.05159199982881546,
    -0.00017989541811402887,
    0.9986682534217834
   ]
  ]
 },
 {
  "rotation_euler": [
   0.024933330714702606,
   1.9217253923416138,
   -2.15114688873291
  ],
  "euler_order": "XYZ",
  "rotation_matrix": [
   [
    0.1884952038526535,
    0.8231737017631531,
    -0.5355880856513977
   ],
   [
    0.2874850332736969,
    -0.567724883556366,
    -0.7713888883590698
   ],
   [
    -0.9390537142753601,
    -0.008570453152060509,
    -0.3436635434627533
   ]
  ]
 },
 {
  "rotation_euler": [
   -0.006486928090453148,
   1.9294991493225098,
   0.3192064166069031
  ],
  "euler_order": "XYZ",
  "rotation_matrix": [
   [
    -0.3333260416984558,
    -0.3195737302303314,
    0.8869985342025757
   ],
   [
    -0.11016722023487091,
    0.9475587010383606,
    0.2999929189682007
   ],
   [
    -0.9363530278205872,
    0.0022772843949496746,
    -0.35105252265930176
   ]
  ]
 }
]