[
 {
  "rotation_euler": [
   0.40783753991127014,
   1.3351081609725952,
   -1.3563166856765747
  ],
  "euler_order": "XYZ",
  "rotation_matrix": [
   [
    0.049700502306222916,
    0.9790307283401489,
    -0.19755685329437256
   ],
   [
    -0.2281617820262909,
    -0.18144138157367706,
    -0.9565674066543579
   ],
   [
    -0.9723538756370544,
    0.09261680394411087,
    0.21435967087745667
   ]
  ]
 },
 {
  "rotation_euler": [
   0.40783795714378357,
   1.3351081609725952,
   0.7676728963851929
  ],
  "euler_order": "XYZ",
  "rotation_matrix": [
   [
    0.16801871359348297,
    -0.36000949144363403,
    0.9176943302154541
   ],
   [
    0.16216550767421722,
    0.9283400774002075,
    0.3344952464103699
   ],
   [
    -0.9723538756370544,
    0.09261689335107803,
    0.21435962617397308
   ]
  ]
 },
 {
  "rotation_euler": [
   0.40783774852752686,
   1.3351081609725952,
   1.2092015743255615
  ],
  "euler_order": "XYZ",
  "rotation_matrix": [
   [
    0.08260874450206757,
    -0.7221847176551819,
    0.6867496371269226
   ],
   [
    0.21841184794902802,
    0.6854716539382935,
    0.6945681571960449
   ],
   [
    -0.9723538756370544,
    0.09261684864759445,
    0.21435964107513428
   ]
  ]
 },
 {
  "rotation_euler": [
   0.4078376293182373,
   -1.3351081609725952,
   1.054431438446045
  ],
  "euler_order": "XYZ",
  "rotation_matrix": [
   [
    0.11529015749692917,
    -0.9887029528617859,
    -0.09578435868024826
   ],
   [
    0.20306678116321564,
    0.11784984916448593,
    -0.972046971321106
   ],
   [
    0.9723538756370544,
    0.09261682629585266,
    0.21435965597629547
   ]
  ]
 },
 {
  "rotation_euler": [
   0.40783727169036865,
   1.3351083993911743,
   1.4534441232681274
  ],
  "euler_order": "XYZ",
  "rotation_matrix": [
   [
    0.02734028734266758,
    -0.8665127754211426,
    0.4984055459499359
   ],
   [
    0.23190587759017944,
    0.4904872477054596,
    0.8400249481201172
   ],
   [
    -0.9723539352416992,
    0.09261665493249893,
    0.21435947716236115
   ]
  ]
 },
 {
  "rotation_euler": [
   0.4078366458415985,
   -1.3351079225540161,
   -2.8549420833587646
  ],
  "euler_order": "XYZ",
  "rotation_matrix": [
   [
    -0.2239842414855957,
    0.6294738054275513,
    0.7440388798713684
   ],
   [
    -0.06602354347705841,
    -0.7714822888374329,
    0.6328158974647522
   ],
   [
    0.9723538160324097,
    0.09261670708656311,
    0.21435995399951935
   ]
  ]
 },
 {
  "rotation_euler": [
   0.4078373908996582,
   -1.3351081609725952,
   1.243072748184204
  ],
  "euler_order": "XYZ",
  "rotation_matrix": [
   [
    0.07516490668058395,
    -0.9932630658149719,
    0.08819722384214401
   ],
   [
    0.2210840880870819,
    -0.06964658945798874,
    -0.9727647304534912
   ],
   [
    0.9723538756370544,
    0.09261677414178848,
    0.21435968577861786
   ]
  ]
 },
 {
  "rotation_euler": [
   0.40783679485321045,
   -1.3351080417633057,
   -2.387251377105713
  ],
  "euler_order": "XYZ",
  "rotation_matrix": [
   [
    -0.17016573250293732,
    0.909680187702179,
    0.37884771823883057
   ],
   [
    -0.15991127490997314,
    -0.4048507511615753,
    0.9002912044525146
   ],
   [
    0.9723538756370544,
    0.09261669218540192,
    0.2143598347902298
   ]
  ]
 },
 {
  "rotation_euler": [
   0.4078366160392761,
   -1.3351079225540161,
   -1.4781888723373413
  ],
  "euler_order": "XYZ",
  "rotation_matrix": [
   [
    0.02159409411251545,
    0.8783835768699646,
    -0.4774683117866516
   ],
   [
    -0.23251181840896606,
    0.4688970446586609,
    0.8520996570587158
   ],
   [
    0.9723538160324097,
    0.09261669963598251,
    0.21435996890068054
   ]
  ]
 },
 {
  "rotation_euler": [
   0.40783727169036865,
   -1.3351082801818848,
   -1.3229174613952637
  ],
  "euler_order": "XYZ",
  "rotation_matrix": [
   [
    0.05729176849126816,
    0.7953017354011536,
    -0.6035004258155823
   ],
   [
    -0.2263747751712799,
    0.5990970134735107,
    0.7680085897445679
   ],
   [
    0.9723538756370544,
    0.09261669963598251,
    0.2143595814704895
   ]
  ]
 },
 {
  "rotation_euler": [
   0.4078373908996582,
   1.3351080417633057,
   -2.963252067565918
  ],
  "euler_order": "XYZ",
  "rotation_matrix": [
   [
    -0.22980865836143494,
    -0.21669630706310272,
    -0.9488048553466797
   ],
   [
    -0.04142431542277336,
    -0.9718357920646667,
    0.23198963701725006
   ],
   [
    -0.9723538756370544,
    0.09261681884527206,
    0.21435979008674622
   ]
  ]
 },
 {
  "rotation_euler": [
   0.4078383147716522,
   -1.3351081609725952,
   -1.673429012298584
  ],
  "euler_order": "XYZ",
  "rotation_matrix": [
   [
    -0.023923929780721664,
    0.9526617527008057,
    -0.3030894100666046
   ],
   [
    -0.23228341341018677,
    0.289581835269928,
    0.9285401105880737
   ],
   [
    0.9723538756370544,
    0.0926169753074646,
    0.2143595963716507
   ]
  ]
 },
 {
  "rotation_euler": [
   0.4078366756439209,
   -1.3351080417633057,
   -1.9929511547088623
  ],
  "euler_order": "XYZ",
  "rotation_matrix": [
   [
    -0.09567630290985107,
    0.9954047799110413,
    0.0039193471893668175
   ],
   [
    -0.21301183104515076,
    -0.024320151656866074,
    0.9767469167709351
   ],
   [
    0.9723538756370544,
    0.09261666983366013,
    0.214359849691391
   ]
  ]
 },
 {
  "rotation_euler": [
   0.40783825516700745,
   -1.3351081609725952,
   1.5214768648147583
  ],
  "euler_order": "XYZ",
  "rotation_matrix": [
   [
    0.011512027122080326,
    -0.9358770251274109,
    0.3521387279033661
   ],
   [
    0.23322823643684387,
    -0.3399357497692108,
    -0.9110698699951172
   ],
   [
    0.9723538756370544,
    0.0926169604063034,
    0.2143595963716507
   ]
  ]
 },
 {
  "rotation_euler": [
   0.40783804655075073,
   -1.3351082801818848,
   2.3244383335113525
  ],
  "euler_order": "XYZ",
  "rotation_matrix": [
   [
    -0.15979208052158356,
    -0.4054856300354004,
    0.9000266194343567
   ],
   [
    0.17027734220027924,
    -0.9093973636627197,
    -0.37947607040405273
   ],
   [
    0.9723538756370544,
    0.09261687099933624,
    0.21435950696468353
   ]
  ]
 },
 {
  "rotation_euler": [
   0.4078381061553955,
   -1.3351082801818848,
   1.4804595708847046
  ],
  "euler_order": "XYZ",
  "rotation_matrix": [
   [
    0.02106604352593422,
    -0.9490292072296143,
    0.31448328495025635
   ],
   [
    0.2325599044561386,
    -0.3012733459472656,
    -0.9247433543205261
   ],
   [
    0.9723538756370544,
    0.09261687844991684,
    0.21435950696468353
   ]
  ]
 }
]