[
 {
  "rotation_euler": [
   -0.5012698173522949,
   1.5475406646728516,
   -1.1668363809585571
  ],
  "euler_order": "XYZ",
  "rotation_matrix": [
   [
    0.009140107780694962,
    0.6175559163093567,
    0.7864738702774048
   ],
   [
    -0.021381925791502,
    0.7864475846290588,
    -0.6172868013381958
   ],
   [
    -0.999729573726654,
    -0.011174257844686508,
    0.020392751321196556
   ]
  ]
 },
 {
  "rotation_euler": [
   -0.5012645721435547,
   1.547540545463562,
   -1.8446626663208008
  ],
  "euler_order": "XYZ",
  "rotation_matrix": [
   [
    -0.006289091892540455,
    0.9742211103439331,
    0.22550763189792633
   ],
   [
    -0.022387076169252396,
    0.22531840205192566,
    -0.9740279316902161
   ],
   [
    -0.999729573726654,
    -0.011174207553267479,
    0.02039291337132454
   ]
  ]
 },
 {
  "rotation_euler": [
   -0.26332685351371765,
   -1.5487866401672363,
   0.4454609751701355
  ],
  "euler_order": "XYZ",
  "rotation_matrix": [
   [
    0.019860204309225082,
    -0.18118569254875183,
    -0.9832483530044556
   ],
   [
    0.009482634253799915,
    0.9834322333335876,
    -0.18102803826332092
   ],
   [
    0.9997578263282776,
    -0.00572853023186326,
    0.021249283105134964
   ]
  ]
 },
 {
  "rotation_euler": [
   -0.2634281516075134,
   -1.548791766166687,
   2.314356565475464
  ],
  "euler_order": "XYZ",
  "rotation_matrix": [
   [
    -0.014893965795636177,
    -0.88689124584198,
    0.46173810958862305
   ],
   [
    0.01619544066488743,
    -0.46194273233413696,
    -0.8867618441581726
   ],
   [
    0.9997578859329224,
    -0.00572934839874506,
    0.021243754774332047
   ]
  ]
 },
 {
  "rotation_euler": [
   -0.5012673139572144,
   1.5475406646728516,
   -0.0870128944516182
  ],
  "euler_order": "XYZ",
  "rotation_matrix": [
   [
    0.023165592923760414,
    -0.4023780822753906,
    0.9151804447174072
   ],
   [
    -0.0020208079367876053,
    0.9154053926467896,
    0.40252813696861267
   ],
   [
    -0.999729573726654,
    -0.011174206621944904,
    0.020392779260873795
   ]
  ]
 },
 {
  "rotation_euler": [
   2.6432037353515625,
   1.5940393209457397,
   -0.33684730529785156
  ],
  "euler_order": "XYZ",
  "rotation_matrix": [
   [
    -0.021934794262051582,
    0.16071808338165283,
    -0.9867565631866455
   ],
   [
    0.00768142519518733,
    -0.9869378209114075,
    -0.16091835498809814
   ],
   [
    -0.9997298717498779,
    -0.011109407991170883,
    0.020413734018802643
   ]
  ]
 },
 {
  "rotation_euler": [
   -0.5012699961662292,
   1.5475406646728516,
   -1.8647034168243408
  ],
  "euler_order": "XYZ",
  "rotation_matrix": [
   [
    -0.006736418232321739,
    0.9785395860671997,
    0.20594871044158936
   ],
   [
    -0.022256437689065933,
    0.20575565099716187,
    -0.9783502817153931
   ],
   [
    -0.999729573726654,
    -0.011174261569976807,
    0.020392749458551407
   ]
  ]
 },
 {
  "rotation_euler": [
   -0.26342833042144775,
   -1.5487916469573975,
   2.4554524421691895
  ],
  "euler_order": "XYZ",
  "rotation_matrix": [
   [
    -0.017023583874106407,
    -0.813115656375885,
    0.5818531513214111
   ],
   [
    0.013940063305199146,
    -0.5820739269256592,
    -0.8130163550376892
   ],
   [
    0.9997578859329224,
    -0.005729383323341608,
    0.02124386839568615
   ]
  ]
 },
 {
  "rotation_euler": [
   -1.3356531858444214,
   0.7684363126754761,
   -0.3690442442893982
  ],
  "euler_order": "XYZ",
  "rotation_matrix": [
   [
    0.6705899834632874,
    -0.5463377833366394,
    0.5018207430839539
   ],
   [
    -0.25936007499694824,
    0.4611044228076935,
    0.848595917224884
   ],
   [
    -0.6950117945671082,
    -0.6992121934890747,
    0.16751380264759064
   ]
  ]
 },
 {
  "rotation_euler": [
   -0.5012624859809875,
   1.5475406646728516,
   0.7426247596740723
  ],
  "euler_order": "XYZ",
  "rotation_matrix": [
   [
    0.017130812630057335,
    -0.9469437003135681,
    0.32094264030456543
   ],
   [
    0.01572461612522602,
    0.321205198764801,
    0.9468790292739868
   ],
   [
    -0.999729573726654,
    -0.011174107901751995,
    0.020392833277583122
   ]
  ]
 },
 {
  "rotation_euler": [
   -0.5012704730033875,
   1.5475406646728516,
   -1.1332406997680664
  ],
  "euler_order": "XYZ",
  "rotation_matrix": [
   [
    0.009853155352175236,
    0.5907906889915466,
    0.8067647218704224
   ],
   [
    -0.021062850952148438,
    0.8067474961280823,
    -0.5905207991600037
   ],
   [
    -0.999729573726654,
    -0.011174270883202553,
    0.02039274387061596
   ]
  ]
 },
 {
  "rotation_euler": [
   -0.5012688636779785,
   1.5475410223007202,
   0.38865628838539124
  ],
  "euler_order": "XYZ",
  "rotation_matrix": [
   [
    0.02151896245777607,
    -0.7769044041633606,
    0.6292507648468018
   ],
   [
    0.008811692707240582,
    0.6295194029808044,
    0.776934802532196
   ],
   [
    -0.9997296333312988,
    -0.011174065992236137,
    0.02039244771003723
   ]
  ]
 },
 {
  "rotation_euler": [
   -0.26400041580200195,
   -1.548785924911499,
   -1.6161621809005737
  ],
  "euler_order": "XYZ",
  "rotation_matrix": [
   [
    -0.0009980975883081555,
    0.9525295495986938,
    0.30444446206092834
   ],
   [
    -0.0219859816133976,
    -0.30439192056655884,
    0.9522930979728699
   ],
   [
    0.9997577667236328,
    -0.005743028596043587,
    0.021246109157800674
   ]
  ]
 },
 {
  "rotation_euler": [
   2.640324592590332,
   1.5940519571304321,
   0.24281299114227295
  ],
  "euler_order": "XYZ",
  "rotation_matrix": [
   [
    -0.02257140353322029,
    0.677169919013977,
    -0.7354804277420044
   ],
   [
    -0.0055909412913024426,
    -0.7357418537139893,
    -0.6772390007972717
   ],
   [
    -0.999729573726654,
    -0.011174206621944904,
    0.02039274200797081
   ]
  ]
 },
 {
  "rotation_euler": [
   -0.2634286880493164,
   -1.5487916469573975,
   -1.7792123556137085
  ],
  "euler_order": "XYZ",
  "rotation_matrix": [
   [
    -0.004552631173282862,
    0.8907443881034851,
    0.454481840133667
   ],
   [
    -0.02152675949037075,
    -0.4544685184955597,
    0.8905026316642761
   ],
   [
    0.9997578859329224,
    -0.005729390773922205,
    0.021243866533041
   ]
  ]
 },
 {
  "rotation_euler": [
   -0.5012620091438293,
   1.5475407838821411,
   2.541531562805176
  ],
  "euler_order": "XYZ",
  "rotation_matrix": [
   [
    -0.019191095605492592,
    -0.09874565899372101,
    -0.9949276447296143
   ],
   [
    0.013131055980920792,
    -0.9950499534606934,
    0.09850452095270157
   ],
   [
    -0.999729573726654,
    -0.011174040846526623,
    0.020392734557390213
   ]
  ]
 }
]