[
 {
  "rotation_euler": [
   5.151256573299179e-06,
   5.103921921545407e-06,
   0.2730172276496887
  ],
  "euler_order": "XYZ",
  "rotation_matrix": [
   [
    0.962961733341217,
    -0.2696381211280823,
    6.3038564803719055e-06
   ],
   [
    0.2696381211280823,
    0.962961733341217,
    -3.584250862331828e-06
   ],
   [
    -5.103921921545407e-06,
    5.151256573299179e-06,
    1.0
   ]
  ]
 },
 {
  "rotation_euler": [
   -3.028494120371761e-06,
   4.779399205290247e-06,
   -1.1021231412887573
  ],
  "euler_order": "XYZ",
  "rotation_matrix": [
   [
    0.45170295238494873,
    0.892168402671814,
    4.860795343120117e-06
   ],
   [
    -0.892168402671814,
    0.45170295238494873,
    -2.8960491817997536e-06
   ],
   [
    -4.779399205290247e-06,
    -3.028494120371761e-06,
    1.0
   ]
  ]
 },
 {
  "rotation_euler": [
   1.0648496754583903e-05,
   3.262895916122943e-06,
   2.619157075881958
  ],
  "euler_order": "XYZ",
  "rotation_matrix": [
   [
    -0.8666064143180847,
    -0.49899229407310486,
    2.4858713913999964e-06
   ],
   [
    0.49899229407310486,
    -0.8666064143180847,
    1.085621534002712e-05
   ],
   [
    -3.262895916122943e-06,
    1.0648496754583903e-05,
    1.0
   ]
  ]
 },
 {
  "rotation_euler": [
   -0.07932162284851074,
   -0.008425396867096424,
   1.8033422231674194
  ],
  "euler_order": "XYZ",
  "rotation_matrix": [
   [
    -0.230447456240654,
    -0.9701769948005676,
    -0.07517004013061523
   ],
   [
    0.9730482697486877,
    -0.22908137738704681,
    -0.026433685794472694
   ],
   [
    0.00842529721558094,
    -0.07923565804958344,
    0.996820330619812
   ]
  ]
 },
 {
  "rotation_euler": [
   8.039640306378715e-06,
   3.2026293865783373e-06,
   -0.4592471718788147
  ],
  "euler_order": "XYZ",
  "rotation_matrix": [
   [
    0.896386444568634,
    0.4432733952999115,
    -6.929651590326102e-07
   ],
   [
    -0.4432733952999115,
    0.896386444568634,
    -8.626265298516955e-06
   ],
   [
    -3.2026293865783373e-06,
    8.039640306378715e-06,
    1.0
   ]
  ]
 },
 {
  "rotation_euler": [
   0.10287253558635712,
   0.04856517165899277,
   1.7290844917297363
  ],
  "euler_order": "XYZ",
  "rotation_matrix": [
   [
    -0.1574421525001526,
    -0.9830637574195862,
    0.09379563480615616
   ],
   [
    0.9863342642784119,
    -0.15187174081802368,
    0.06387275457382202
   ],
   [
    -0.04854608327150345,
    0.10257010906934738,
    0.9935404658317566
   ]
  ]
 },
 {
  "rotation_euler": [
   0.03722052648663521,
   0.08861394971609116,
   -2.8618648052215576
  ],
  "euler_order": "XYZ",
  "rotation_matrix": [
   [
    -0.9573594927787781,
    0.27273768186569214,
    -0.09527324140071869
   ],
   [
    -0.2750107944011688,
    -0.9613741636276245,
    0.011348670348525047
   ],
   [
    -0.08849802613258362,
    0.03706592693924904,
    0.9953864812850952
   ]
  ]
 },
 {
  "rotation_euler": [
   1.4572832584381104,
   0.3239385187625885,
   0.01167918648570776
  ],
  "euler_order": "XYZ",
  "rotation_matrix": [
   [
    0.9479244947433472,
    0.31490975618362427,
    0.04765527322888374
   ],
   [
    0.011071490123867989,
    0.1169552356004715,
    -0.9930754899978638
   ],
   [
    -0.3183026909828186,
    0.941888153553009,
    0.10737820714712143
   ]
  ]
 },
 {
  "rotation_euler": [
   -5.2395553211681545e-06,
   -8.077716302068438e-06,
   -2.968379020690918
  ],
  "euler_order": "XYZ",
  "rotation_matrix": [
   [
    -0.9850360155105591,
    0.1723487824201584,
    8.859872650646139e-06
   ],
   [
    -0.1723487824201584,
    -0.9850360155105591,
    -3.7689660530304536e-06
   ],
   [
    8.077716302068438e-06,
    -5.2395553211681545e-06,
    1.0
   ]
  ]
 },
 {
  "rotation_euler": [
   -4.718862328445539e-06,
   4.250799247529358e-05,
   0.9707398414611816
  ],
  "euler_order": "XYZ",
  "rotation_matrix": [
   [
    0.5646890997886658,
    -0.8253037333488464,
    2.0109304387005977e-05
   ],
   [
    0.8253037333488464,
    0.5646890997886658,
    3.774669312406331e-05
   ],
   [
    -4.250799247529358e-05,
    -4.718862328445539e-06,
    1.0
   ]
  ]
 },
 {
  "rotation_euler": [
   7.180884495028295e-06,
   1.434044747838925e-06,
   0.001000670832581818
  ],
  "euler_order": "XYZ",
  "rotation_matrix": [
   [
    0.9999995231628418,
    -0.0010006705997511744,
    1.4412297559829312e-06
   ],
   [
    0.0010006707161664963,
    0.9999995231628418,
    -7.17944567441009e-06
   ],
   [
    -1.434044747838925e-06,
    7.180884495028295e-06,
    1.0
   ]
  ]
 },
 {
  "rotation_euler": [
   3.858669151668437e-05,
   1.3511813449440524e-05,
   1.7244008779525757
  ],
  "euler_order": "XYZ",
  "rotation_matrix": [
   [
    -0.15300123393535614,
    -0.9882259964942932,
    3.606504833442159e-05
   ],
   [
    0.9882259964942932,
    -0.15300123393535614,
    1.925653668877203e-05
   ],
   [
    -1.3511813449440524e-05,
    3.858669151668437e-05,
    1.0
   ]
  ]
 },
 {
  "rotation_euler": [
   -0.09592286497354507,
   0.11000387370586395,
   -0.929735004901886
  ],
  "euler_order": "XYZ",
  "rotation_matrix": [
   [
    0.5944315791130066,
    0.7914889454841614,
    0.14211364090442657
   ],
   [
    -0.7966172099113464,
    0.6037240624427795,
    -0.03030329756438732
   ],
   [
    -0.1097821518778801,
    -0.095196932554245,
    0.9893863797187805
   ]
  ]
 },
 {
  "rotation_euler": [
   -0.015670793130993843,
   -0.05665582790970802,
   2.8555667400360107
  ],
  "euler_order": "XYZ",
  "rotation_matrix": [
   [
    -0.9578333497047424,
    -0.2829584777355194,
    0.04989710450172424
   ],
   [
    0.2816891372203827,
    -0.9590045809745789,
    -0.031007982790470123
   ],
   [
    0.056625522673130035,
    -0.01564500853419304,
    0.9982728958129883
   ]
  ]
 },
 {
  "rotation_euler": [
   -9.779379979590885e-06,
   -7.5888865467277355e-06,
   2.8081765174865723
  ],
  "euler_order": "XYZ",
  "rotation_matrix": [
   [
    -0.944929838180542,
    -0.3272729516029358,
    3.970439138356596e-06
   ],
   [
    0.3272729516029358,
    -0.944929838180542,
    -1.1724465366569348e-05
   ],
   [
    7.5888865467277355e-06,
    -9.779379979590885e-06,
    1.0
   ]
  ]
 },
 {
  "rotation_euler": [
   -6.114514690125361e-06,
   -5.839113327965606e-06,
   -0.4336686432361603
  ],
  "euler_order": "XYZ",
  "rotation_matrix": [
   [
    0.9074302911758423,
    0.42020267248153687,
    -2.7292528557154583e-06
   ],
   [
    -0.42020267248153687,
    0.9074302911758423,
    8.002106369531248e-06
   ],
   [
    5.839113327965606e-06,
    -6.114514690125361e-06,
    1.0
   ]
  ]
 }
]