[
 {
  "rotation_euler": [
   0.20300084352493286,
   2.0014467239379883,
   0.03433296084403992
  ],
  "euler_order": "XYZ",
  "rotation_matrix": [
   [
    -0.41721588373184204,
    0.14947207272052765,
    0.8964312672615051
   ],
   [
    -0.014329887926578522,
    0.9851773977279663,
    -0.170939102768898
   ],
   [
    -0.9086944460868835,
    -0.08416426926851273,
    -0.4088897407054901
   ]
  ]
 },
 {
  "rotation_euler": [
   -1.5707861185073853,
   -0.006789257749915123,
   -2.2006702423095703
  ],
  "euler_order": "XYZ",
  "rotation_matrix": [
   [
    -0.5890293121337891,
    -0.003990883938968182,
    0.8081018328666687
   ],
   [
    -0.808083176612854,
    -0.00549238221719861,
    -0.5890428423881531
   ],
   [
    0.0067892055958509445,
    -0.9999769330024719,
    1.020805211737752e-05
   ]
  ]
 },
 {
  "rotation_euler": [
   -1.5707957744598389,
   -0.006845257710665464,
   2.754169464111328
  ],
  "euler_order": "XYZ",
  "rotation_matrix": [
   [
    -0.9258639812469482,
    -0.006338085047900677,
    -0.37780383229255676
   ],
   [
    0.3777949810028076,
    0.002585632959380746,
    -0.9258856773376465
   ],
   [
    0.006845204159617424,
    -0.9999765753746033,
    5.523220920622407e-07
   ]
  ]
 },
 {
  "rotation_euler": [
   -1.570796251296997,
   -0.006853411439806223,
   2.3913304805755615
  ],
  "euler_order": "XYZ",
  "rotation_matrix": [
   [
    -0.7314929366111755,
    -0.005013352259993553,
    -0.6818305850028992
   ],
   [
    0.6818145513534546,
    0.004672773648053408,
    -0.7315101623535156
   ],
   [
    0.0068533578887581825,
    -0.9999765157699585,
    7.549612490720392e-08
   ]
  ]
 },
 {
  "rotation_euler": [
   1.3122929334640503,
   0.00847984105348587,
   2.912091016769409
  ],
  "euler_order": "XYZ",
  "rotation_matrix": [
   [
    -0.9737448692321777,
    -0.06613778322935104,
    0.21782264113426208
   ],
   [
    0.2274840772151947,
    -0.24706622958183289,
    0.941917896270752
   ],
   [
    -0.008479739539325237,
    0.9667388796806335,
    0.25562477111816406
   ]
  ]
 },
 {
  "rotation_euler": [
   1.5707632303237915,
   0.006670959293842316,
   1.199124813079834
  ],
  "euler_order": "XYZ",
  "rotation_matrix": [
   [
    0.3631652295589447,
    0.0023918598890304565,
    0.9317216873168945
   ],
   [
    0.9317008852958679,
    0.00622745044529438,
    -0.36317312717437744
   ],
   [
    -0.006670909933745861,
    0.9999777674674988,
    3.309573367005214e-05
   ]
  ]
 },
 {
  "rotation_euler": [
   1.570796251296997,
   0.006854213308542967,
   -0.7066863775253296
  ],
  "euler_order": "XYZ",
  "rotation_matrix": [
   [
    0.7604997754096985,
    0.005212758202105761,
    -0.6493172645568848
   ],
   [
    -0.6493020057678223,
    -0.004450466949492693,
    -0.7605176568031311
   ],
   [
    -0.0068541597574949265,
    0.9999765157699585,
    7.549612490720392e-08
   ]
  ]
 },
 {
  "rotation_euler": [
   -1.5707941055297852,
   -0.006832081358879805,
   2.089522361755371
  ],
  "euler_order": "XYZ",
  "rotation_matrix": [
   [
    -0.49576258659362793,
    -0.0033890721388161182,
    -0.8684514760971069
   ],
   [
    0.8684312105178833,
    0.005932183936238289,
    -0.49577417969703674
   ],
   [
    0.0068320282734930515,
    -0.999976634979248,
    2.2212132080312585e-06
   ]
  ]
 },
 {
  "rotation_euler": [
   -1.5708134174346924,
   -0.006756650749593973,
   -1.0349247455596924
  ],
  "euler_order": "XYZ",
  "rotation_matrix": [
   [
    0.510578989982605,
    0.003435161430388689,
    0.859824001789093
   ],
   [
    -0.8598043322563171,
    -0.005818211939185858,
    0.5105905532836914
   ],
   [
    0.006756599526852369,
    -0.999977171421051,
    -1.7090249457396567e-05
   ]
  ]
 },
 {
  "rotation_euler": [
   -1.5707963705062866,
   -0.006853305734694004,
   -1.1377843618392944
  ],
  "euler_order": "XYZ",
  "rotation_matrix": [
   [
    0.4195968210697174,
    0.0028756307438015938,
    0.9077060222625732
   ],
   [
    -0.9076846837997437,
    -0.0062207565642893314,
    0.41960668563842773
   ],
   [
    0.006853252183645964,
    -0.9999765157699585,
    -4.3710365105198434e-08
   ]
  ]
 },
 {
  "rotation_euler": [
   -1.5707842111587524,
   -0.00677714217454195,
   -0.008089057169854641
  ],
  "euler_order": "XYZ",
  "rotation_matrix": [
   [
    0.9999443292617798,
    0.006776966620236635,
    0.008088886737823486
   ],
   [
    -0.008088783361017704,
    -4.270443241694011e-05,
    0.9999672770500183
   ],
   [
    0.006777090486139059,
    -0.9999770522117615,
    1.2115358003939036e-05
   ]
  ]
 },
 {
  "rotation_euler": [
   -1.5707638263702393,
   -0.006672183983027935,
   -1.9401434659957886
  ],
  "euler_order": "XYZ",
  "rotation_matrix": [
   [
    -0.36099863052368164,
    -0.0023783764336258173,
    0.932563304901123
   ],
   [
    -0.9325425028800964,
    -0.006233920343220234,
    -0.3610064685344696
   ],
   [
    0.00667213462293148,
    -0.9999777674674988,
    3.249970177421346e-05
   ]
  ]
 },
 {
  "rotation_euler": [
   1.5707979202270508,
   0.006847437936812639,
   1.8646678924560547
  ],
  "euler_order": "XYZ",
  "rotation_matrix": [
   [
    -0.2896531820297241,
    -0.001981888199225068,
    0.9571295976638794
   ],
   [
    0.9571071863174438,
    0.006554295774549246,
    0.2896599769592285
   ],
   [
    -0.006847384385764599,
    0.9999765753746033,
    -1.59339481342613e-06
   ]
  ]
 },
 {
  "rotation_euler": [
   -1.5707930326461792,
   -0.006795945577323437,
   3.0296995639801025
  ],
  "euler_order": "XYZ",
  "rotation_matrix": [
   [
    -0.9937235713005066,
    -0.0067537627182900906,
    -0.11165972799062729
   ],
   [
    0.11165717244148254,
    0.0007555541815236211,
    -0.9937465190887451
   ],
   [
    0.006795893423259258,
    -0.9999769330024719,
    3.294072712378693e-06
   ]
  ]
 },
 {
  "rotation_euler": [
   -1.5707963705062866,
   -0.006854107137769461,
   1.9026302099227905
  ],
  "euler_order": "XYZ",
  "rotation_matrix": [
   [
    -0.3257697522640228,
    -0.002232854487374425,
    -0.9454464912414551
   ],
   [
    0.9454242587089539,
    0.006480155047029257,
    -0.32577741146087646
   ],
   [
    0.00685405358672142,
    -0.9999765157699585,
    -4.3710361552484756e-08
   ]
  ]
 },
 {
  "rotation_euler": [
   -1.5714924335479736,
   -0.0005921553238295019,
   -2.076293468475342
  ],
  "euler_order": "XYZ",
  "rotation_matrix": [
   [
    -0.48424237966537476,
    -0.000895793957170099,
    0.8749334216117859
   ],
   [
    -0.8749337196350098,
    -0.0001810121611924842,
    -0.484242707490921
   ],
   [
    0.000592155265621841,
    -0.9999995827674866,
    -0.000696106581017375
   ]
  ]
 }
]