[
 {
  "rotation_euler": [
   -1.5757476091384888,
   0.010220635682344437,
   1.7973214387893677
  ],
  "euler_order": "XYZ",
  "rotation_matrix": [
   [
    -0.2245810478925705,
    0.007120183669030666,
    -0.9744294285774231
   ],
   [
    0.9744018316268921,
    -0.008847213350236416,
    -0.22463932633399963
   ],
   [
    -0.010220457799732685,
    -0.999935507774353,
    -0.004951003473252058
   ]
  ]
 },
 {
  "rotation_euler": [
   -1.5757477283477783,
   0.010220504365861416,
   1.3872939348220825
  ],
  "euler_order": "XYZ",
  "rotation_matrix": [
   [
    0.18246474862098694,
    0.0030033269431442022,
    -0.9832078218460083
   ],
   [
    0.9831593036651611,
    -0.010952110402286053,
    0.18242228031158447
   ],
   [
    -0.010220326483249664,
    -0.999935507774353,
    -0.004951122682541609
   ]
  ]
 },
 {
  "rotation_euler": [
   -1.5757477283477783,
   0.010196978226304054,
   -2.4248669147491455
  ],
  "euler_order": "XYZ",
  "rotation_matrix": [
   [
    -0.7539215087890625,
    0.004435234237462282,
    0.656949520111084
   ],
   [
    -0.6568853855133057,
    0.010431542992591858,
    -0.7539182901382446
   ],
   [
    -0.010196801275014877,
    -0.9999357461929321,
    -0.004951124079525471
   ]
  ]
 },
 {
  "rotation_euler": [
   -1.5757477283477783,
   0.010197184048593044,
   -1.852780818939209
  ],
  "euler_order": "XYZ",
  "rotation_matrix": [
   [
    -0.2782478332519531,
    -0.0019184190314263105,
    0.9605073928833008
   ],
   [
    -0.9604551792144775,
    0.011171940714120865,
    -0.2782104015350342
   ],
   [
    -0.010197007097303867,
    -0.9999357461929321,
    -0.004951124079525471
   ]
  ]
 },
 {
  "rotation_euler": [
   -1.5757478475570679,
   0.01019549835473299,
   -1.8713231086730957
  ],
  "euler_order": "XYZ",
  "rotation_matrix": [
   [
    -0.29600802063941956,
    -0.00171156064607203,
    0.9551839232444763
   ],
   [
    -0.9551310539245605,
    0.011204015463590622,
    -0.2959715723991394
   ],
   [
    -0.010195321403443813,
    -0.9999357461929321,
    -0.0049512432888150215
   ]
  ]
 },
 {
  "rotation_euler": [
   -1.5757478475570679,
   0.010197725147008896,
   0.17443770170211792
  ],
  "euler_order": "XYZ",
  "rotation_matrix": [
   [
    0.9847730994224548,
    -0.009183315560221672,
    -0.17360199987888336
   ],
   [
    0.17354537546634674,
    -0.006646165624260902,
    0.9848034381866455
   ],
   [
    -0.010197548195719719,
    -0.9999357461929321,
    -0.0049512432888150215
   ]
  ]
 },
 {
  "rotation_euler": [
   -1.5757478475570679,
   0.01019893679767847,
   1.325276255607605
  ],
  "euler_order": "XYZ",
  "rotation_matrix": [
   [
    0.24304819107055664,
    0.0023241215385496616,
    -0.9700114130973816
   ],
   [
    0.9699605703353882,
    -0.011096304282546043,
    0.24300886690616608
   ],
   [
    -0.010198759846389294,
    -0.9999357461929321,
    -0.004951242823153734
   ]
  ]
 },
 {
  "rotation_euler": [
   -1.5757477283477783,
   0.01020094659179449,
   1.8524985313415527
  ],
  "euler_order": "XYZ",
  "rotation_matrix": [
   [
    -0.2779766917228699,
    0.0075919050723314285,
    -0.9605578184127808
   ],
   [
    0.9605336785316467,
    -0.008422131650149822,
    -0.2780362665653229
   ],
   [
    -0.010200769640505314,
    -0.9999356865882874,
    -0.004951123613864183
   ]
  ]
 },
 {
  "rotation_euler": [
   -1.5757478475570679,
   0.01019701361656189,
   -1.6817047595977783
  ],
  "euler_order": "XYZ",
  "rotation_matrix": [
   [
    -0.11067544668912888,
    -0.0037924940697848797,
    0.9938493371009827
   ],
   [
    -0.9938042759895325,
    0.010682101361453533,
    -0.11062966287136078
   ],
   [
    -0.010196836665272713,
    -0.9999357461929321,
    -0.0049512432888150215
   ]
  ]
 },
 {
  "rotation_euler": [
   -1.5757476091384888,
   0.010219598188996315,
   2.5995163917541504
  ],
  "euler_order": "XYZ",
  "rotation_matrix": [
   [
    -0.8565946221351624,
    0.011308684013783932,
    -0.5158660411834717
   ],
   [
    0.5158887505531311,
    -0.001030848827213049,
    -0.856654942035675
   ],
   [
    -0.010219420306384563,
    -0.999935507774353,
    -0.004951003473252058
   ]
  ]
 },
 {
  "rotation_euler": [
   -1.5757474899291992,
   0.010220852680504322,
   -2.9088151454925537
  ],
  "euler_order": "XYZ",
  "rotation_matrix": [
   [
    -0.9729785919189453,
    0.008802760392427444,
    0.230727419257164
   ],
   [
    -0.23066896200180054,
    0.00717529421672225,
    -0.9730058312416077
   ],
   [
    -0.01022067479789257,
    -0.999935507774353,
    -0.004950884263962507
   ]
  ]
 },
 {
  "rotation_euler": [
   -1.5757477283477783,
   0.010196688584983349,
   1.4587849378585815
  ],
  "euler_order": "XYZ",
  "rotation_matrix": [
   [
    0.11177150160074234,
    0.0037806276232004166,
    -0.9937267303466797
   ],
   [
    0.9936816096305847,
    -0.010685941204428673,
    0.11172576993703842
   ],
   [
    -0.010196511633694172,
    -0.9999357461929321,
    -0.004951124079525471
   ]
  ]
 },
 {
  "rotation_euler": [
   -1.5757477283477783,
   0.010197926312685013,
   2.1694581508636475
  ],
  "euler_order": "XYZ",
  "rotation_matrix": [
   [
    -0.5635082125663757,
    0.009837033227086067,
    -0.8260518908500671
   ],
   [
    0.8260475397109985,
    -0.00563387107104063,
    -0.563572347164154
   ],
   [
    -0.010197749361395836,
    -0.9999357461929321,
    -0.004951124079525471
   ]
  ]
 },
 {
  "rotation_euler": [
   1.574288249015808,
   -0.00010014776489697397,
   2.090559959411621
  ],
  "euler_order": "XYZ",
  "rotation_matrix": [
   [
    -0.4966749846935272,
    0.003080501453951001,
    0.8679311275482178
   ],
   [
    0.8679366111755371,
    0.0016474255826324224,
    0.49667227268218994
   ],
   [
    0.00010014776489697397,
    0.9999939203262329,
    -0.003491915063932538
   ]
  ]
 },
 {
  "rotation_euler": [
   -1.5757476091384888,
   0.010197300463914871,
   2.8617467880249023
  ],
  "euler_order": "XYZ",
  "rotation_matrix": [
   [
    -0.9610480666160583,
    0.011167891323566437,
    -0.27615559101104736
   ],
   [
    0.27619314193725586,
    0.001942160539329052,
    -0.961100161075592
   ],
   [
    -0.010197123512625694,
    -0.9999357461929321,
    -0.00495100487023592
   ]
  ]
 },
 {
  "rotation_euler": [
   -1.5757476091384888,
   0.010220455937087536,
   1.9737807512283325
  ],
  "euler_order": "XYZ",
  "rotation_matrix": [
   [
    -0.39214494824409485,
    0.008562630042433739,
    -0.9198635816574097
   ],
   [
    0.9198466539382935,
    -0.007459750398993492,
    -0.39220717549324036
   ],
   [
    -0.010220278054475784,
    -0.999935507774353,
    -0.004951003473252058
   ]
  ]
 }
]