[
 {
  "rotation_euler": [
   -0.025675510987639427,
   0.047997914254665375,
   -0.6886592507362366
  ],
  "euler_order": "XYZ",
  "rotation_matrix": [
   [
    0.7712095379829407,
    0.6343420743942261,
    0.05334775149822235
   ],
   [
    -0.6347706913948059,
    0.772627055644989,
    -0.010659185238182545
   ],
   [
    -0.047979485243558884,
    -0.0256431233137846,
    0.9985191226005554
   ]
  ]
 },
 {
  "rotation_euler": [
   -0.16793008148670197,
   -0.1200743019580841,
   -0.5267783999443054
  ],
  "euler_order": "XYZ",
  "rotation_matrix": [
   [
    0.858207106590271,
    0.5129858255386353,
    -0.018059348687529564
   ],
   [
    -0.4991311728954315,
    0.8422054052352905,
    0.20385804772377014
   ],
   [
    0.11978597193956375,
    -0.16593843698501587,
    0.9788338541984558
   ]
  ]
 },
 {
  "rotation_euler": [
   -0.007984546944499016,
   0.24261902272701263,
   1.9716421365737915
  ],
  "euler_order": "XYZ",
  "rotation_matrix": [
   [
    -0.378769189119339,
    -0.919953465461731,
    -0.10109179466962814
   ],
   [
    0.8937649726867676,
    -0.3919509947299957,
    0.21807922422885895
   ],
   [
    -0.2402457594871521,
    -0.007750614080578089,
    0.9706811308860779
   ]
  ]
 },
 {
  "rotation_euler": [
   0.1468910276889801,
   -0.02386683039367199,
   -1.605823040008545
  ],
  "euler_order": "XYZ",
  "rotation_matrix": [
   [
    -0.03500957787036896,
    0.9887464642524719,
    -0.14544685184955597
   ],
   [
    -0.999101996421814,
    -0.0311516672372818,
    0.02871866337954998
   ],
   [
    0.023864565417170525,
    0.14632166922092438,
    0.988949179649353
   ]
  ]
 },
 {
  "rotation_euler": [
   0.1263994723558426,
   0.23055300116539001,
   0.8510035276412964
  ],
  "euler_order": "XYZ",
  "rotation_matrix": [
   [
    0.6417858004570007,
    -0.7269527912139893,
    0.24423472583293915
   ],
   [
    0.7320460677146912,
    0.6756312251091003,
    0.08735549449920654
   ],
   [
    -0.22851592302322388,
    0.12272755801677704,
    0.9657734632492065
   ]
  ]
 },
 {
  "rotation_euler": [
   0.14306072890758514,
   0.10878681391477585,
   -0.9339035749435425
  ],
  "euler_order": "XYZ",
  "rotation_matrix": [
   [
    0.5911847352981567,
    0.8049402832984924,
    -0.05071299895644188
   ],
   [
    -0.7991949915885925,
    0.5761802196502686,
    -0.17118312418460846
   ],
   [
    -0.10857236385345459,
    0.1417304277420044,
    0.9839332103729248
   ]
  ]
 },
 {
  "rotation_euler": [
   -0.31617870926856995,
   0.16070257127285004,
   -1.8884598016738892
  ],
  "euler_order": "XYZ",
  "rotation_matrix": [
   [
    -0.3083232343196869,
    0.918418824672699,
    0.24787823855876923
   ],
   [
    -0.9377275705337524,
    -0.2496005892753601,
    -0.2415916472673416
   ],
   [
    -0.16001176834106445,
    -0.3069305717945099,
    0.9381843209266663
   ]
  ]
 },
 {
  "rotation_euler": [
   -0.021276870742440224,
   -0.40994223952293396,
   -2.911870241165161
  ],
  "euler_order": "XYZ",
  "rotation_matrix": [
   [
    -0.8930501341819763,
    0.21939906477928162,
    0.3928428292274475
   ],
   [
    -0.2088402956724167,
    -0.9754400849342346,
    0.0700172707438469
   ],
   [
    0.39855635166168213,
    -0.01951247826218605,
    0.9169362783432007
   ]
  ]
 },
 {
  "rotation_euler": [
   -0.02038682997226715,
   0.050216905772686005,
   0.7059943675994873
  ],
  "euler_order": "XYZ",
  "rotation_matrix": [
   [
    0.7600075006484985,
    -0.6494346857070923,
    0.024963529780507088
   ],
   [
    0.6479729413986206,
    0.7601447701454163,
    0.04807243496179581
   ],
   [
    -0.05019580200314522,
    -0.020359719172120094,
    0.9985318779945374
   ]
  ]
 },
 {
  "rotation_euler": [
   0.016883419826626778,
   0.3825012445449829,
   -0.7748229503631592
  ],
  "euler_order": "XYZ",
  "rotation_matrix": [
   [
    0.662907600402832,
    0.7039924263954163,
    0.2548493444919586
   ],
   [
    -0.6490330100059509,
    0.7100347280502319,
    -0.2731424868106842
   ],
   [
    -0.3732421100139618,
    0.015662578865885735,
    0.9276017546653748
   ]
  ]
 },
 {
  "rotation_euler": [
   -0.05992234870791435,
   0.05089336633682251,
   -2.6470930576324463
  ],
  "euler_order": "XYZ",
  "rotation_matrix": [
   [
    -0.8790666460990906,
    0.4764209985733032,
    -0.016275353729724884
   ],
   [
    -0.4739767611026764,
    -0.8771806359291077,
    -0.0768122598528862
   ],
   [
    -0.05087139829993248,
    -0.05980895459651947,
    0.9969127178192139
   ]
  ]
 },
 {
  "rotation_euler": [
   0.27728450298309326,
   0.3638133406639099,
   2.4726011753082275
  ],
  "euler_order": "XYZ",
  "rotation_matrix": [
   [
    -0.7331028580665588,
    -0.6729178428649902,
    -0.09870056062936783
   ],
   [
    0.5796013474464417,
    -0.69407057762146,
    0.4269992411136627
   ],
   [
    -0.3558405637741089,
    0.2558273673057556,
    0.8988491892814636
   ]
  ]
 },
 {
  "rotation_euler": [
   -0.01593003235757351,
   -0.3046105206012726,
   -0.6006981134414673
  ],
  "euler_order": "XYZ",
  "rotation_matrix": [
   [
    0.7869641184806824,
    0.5690879821777344,
    -0.23838277161121368
   ],
   [
    -0.5391980409622192,
    0.8221362233161926,
    0.18264053761959076
   ],
   [
    0.2999216616153717,
    -0.015196031890809536,
    0.95384281873703
   ]
  ]
 },
 {
  "rotation_euler": [
   0.24091224372386932,
   -0.041974905878305435,
   -2.8894121646881104
  ],
  "euler_order": "XYZ",
  "rotation_matrix": [
   [
    -0.9675176739692688,
    0.25200536847114563,
    -0.02006988227367401
   ],
   [
    -0.24929629266262054,
    -0.9379067420959473,
    0.2412101924419403
   ],
   [
    0.04196258261799812,
    0.23837846517562866,
    0.9702653288841248
   ]
  ]
 },
 {
  "rotation_euler": [
   0.12408827990293503,
   -0.027720533311367035,
   -0.5161405205726624
  ],
  "euler_order": "XYZ",
  "rotation_matrix": [
   [
    0.8693962693214417,
    0.48674869537353516,
    -0.08500483632087708
   ],
   [
    -0.4933375120162964,
    0.864736020565033,
    -0.09407269209623337
   ],
   [
    0.0277169831097126,
    0.12372252345085144,
    0.9919297099113464
   ]
  ]
 },
 {
  "rotation_euler": [
   0.28177374601364136,
   -0.04327493533492088,
   0.1002732589840889
  ],
  "euler_order": "XYZ",
  "rotation_matrix": [
   [
    0.9940453171730042,
    -0.10812637209892273,
    -0.013511352241039276
   ],
   [
    0.10001158714294434,
    0.9545344710350037,
    -0.2808230519294739
   ],
   [
    0.04326143115758896,
    0.2777995467185974,
    0.9596644639968872
   ]
  ]
 }
]