[
 {
  "rotation_euler": [
   1.434013843536377,
   1.3898155689239502,
   0.006379533093422651
  ],
  "euler_order": "XYZ",
  "rotation_matrix": [
   [
    0.1799907386302948,
    0.9735903143882751,
    0.1404465138912201
   ],
   [
    0.0011482724221423268,
    0.14257027208805084,
    -0.9897840023040771
   ],
   [
    -0.9836676120758057,
    0.1783132255077362,
    0.024543382227420807
   ]
  ]
 },
 {
  "rotation_euler": [
   1.4340182542800903,
   1.3898192644119263,
   0.877484917640686
  ],
  "euler_order": "XYZ",
  "rotation_matrix": [
   [
    0.11502986401319504,
    0.5179059505462646,
    0.8476682901382446
   ],
   [
    0.13843700289726257,
    0.8366475105285645,
    -0.5299586057662964
   ],
   [
    -0.983668327331543,
    0.17830973863601685,
    0.024542098864912987
   ]
  ]
 },
 {
  "rotation_euler": [
   1.3450347185134888,
   1.4628005027770996,
   -1.788177251815796
  ],
  "euler_order": "XYZ",
  "rotation_matrix": [
   [
    -0.02324652671813965,
    0.009605186060070992,
    -0.9996836185455322
   ],
   [
    -0.10524934530258179,
    -0.9944204688072205,
    -0.0071071600541472435
   ],
   [
    -0.9941741228103638,
    0.10505083203315735,
    0.024127760902047157
   ]
  ]
 },
 {
  "rotation_euler": [
   -1.786947250366211,
   -1.6922972202301025,
   0.2777774930000305
  ],
  "euler_order": "XYZ",
  "rotation_matrix": [
   [
    -0.11655616015195847,
    0.9911770820617676,
    -0.06310807913541794
   ],
   [
    -0.03323594108223915,
    0.059613026678562164,
    0.9976680874824524
   ],
   [
    0.9926278591156006,
    0.11838182061910629,
    0.02599443681538105
   ]
  ]
 },
 {
  "rotation_euler": [
   2.0700995922088623,
   1.6188243627548218,
   -0.7811976671218872
  ],
  "euler_order": "XYZ",
  "rotation_matrix": [
   [
    -0.03409019485116005,
    0.2855164408683777,
    -0.9577673077583313
   ],
   [
    0.0338049978017807,
    -0.9574465155601501,
    -0.2866240441799164
   ],
   [
    -0.9988468885421753,
    -0.042148392647504807,
    0.02298765443265438
   ]
  ]
 },
 {
  "rotation_euler": [
   1.3849645853042603,
   -1.4280929565429688,
   0.14092442393302917
  ],
  "euler_order": "XYZ",
  "rotation_matrix": [
   [
    0.14080964028835297,
    -0.989100992679596,
    -0.04303274303674698
   ],
   [
    0.019975930452346802,
    0.04629538208246231,
    -0.9987280368804932
   ],
   [
    0.9898351430892944,
    0.13977091014385223,
    0.026277050375938416
   ]
  ]
 },
 {
  "rotation_euler": [
   1.067140817642212,
   1.5217628479003906,
   1.354038119316101
  ],
  "euler_order": "XYZ",
  "rotation_matrix": [
   [
    0.010541151277720928,
    -0.2832041084766388,
    0.9590017199516296
   ],
   [
    0.04786689952015877,
    0.9580984711647034,
    0.28241121768951416
   ],
   [
    -0.9987980723381042,
    0.04292749986052513,
    0.023655563592910767
   ]
  ]
 },
 {
  "rotation_euler": [
   1.4198558330535889,
   1.4076876640319824,
   -0.9239237904548645
  ],
  "euler_order": "XYZ",
  "rotation_matrix": [
   [
    0.09786925464868546,
    0.7079222202301025,
    -0.6994767189025879
   ],
   [
    -0.12957988679409027,
    -0.6878030300140381,
    -0.7142381072044373
   ],
   [
    -0.986727237701416,
    0.16054007411003113,
    0.02441771700978279
   ]
  ]
 },
 {
  "rotation_euler": [
   1.4311456680297852,
   1.3938732147216797,
   -0.7475569248199463
  ],
  "euler_order": "XYZ",
  "rotation_matrix": [
   [
    0.12907108664512634,
    0.8095093965530396,
    -0.5727435946464539
   ],
   [
    -0.11965450644493103,
    -0.5606408715248108,
    -0.8193684220314026
   ],
   [
    -0.9843899011611938,
    0.17428812384605408,
    0.024498920887708664
   ]
  ]
 },
 {
  "rotation_euler": [
   0.7512747049331665,
   1.5385940074920654,
   1.9304653406143188
  ],
  "euler_order": "XYZ",
  "rotation_matrix": [
   [
    -0.011332112364470959,
    -0.9241728782653809,
    0.3818064033985138
   ],
   [
    0.0301365926861763,
    0.381341814994812,
    0.9239427447319031
   ],
   [
    -0.9994815587997437,
    0.021976567804813385,
    0.023530011996626854
   ]
  ]
 },
 {
  "rotation_euler": [
   -1.7973413467407227,
   -1.6860439777374268,
   -0.73976069688797
  ],
  "euler_order": "XYZ",
  "rotation_matrix": [
   [
    -0.08493704348802567,
    0.5635684132575989,
    0.8216911554336548
   ],
   [
    0.07751786708831787,
    -0.8184341788291931,
    0.5693474411964417
   ],
   [
    0.9933663606643677,
    0.11205443739891052,
    0.025828760117292404
   ]
  ]
 },
 {
  "rotation_euler": [
   0.6748512387275696,
   -1.5382719039916992,
   -0.5682731866836548
  ],
  "euler_order": "XYZ",
  "rotation_matrix": [
   [
    0.027407776564359665,
    -0.10609789937734604,
    -0.9939779043197632
   ],
   [
    -0.017500825226306915,
    0.9941480755805969,
    -0.1065986379981041
   ],
   [
    0.999471127986908,
    0.020317064598202705,
    0.025390589609742165
   ]
  ]
 },
 {
  "rotation_euler": [
   1.401581048965454,
   -1.4134101867675781,
   -0.5885690450668335
  ],
  "euler_order": "XYZ",
  "rotation_matrix": [
   [
    0.13036395609378815,
    -0.7162275314331055,
    -0.6855825185775757
   ],
   [
    -0.08701600879430771,
    0.6805500388145447,
    -0.727516233921051
   ],
   [
    0.9876403212547302,
    0.15449854731559753,
    0.02639593556523323
   ]
  ]
 },
 {
  "rotation_euler": [
   -1.320954442024231,
   -1.4704171419143677,
   0.4926169812679291
  ],
  "euler_order": "XYZ",
  "rotation_matrix": [
   [
    0.08829546719789505,
    0.7325108051300049,
    -0.6750050783157349
   ],
   [
    0.04739297926425934,
    0.6737949252128601,
    0.7373969554901123
   ],
   [
    0.9949662089347839,
    -0.09709931164979935,
    0.02477717213332653
   ]
  ]
 },
 {
  "rotation_euler": [
   -0.6116337776184082,
   1.542425513267517,
   1.4383658170700073
  ],
  "euler_order": "XYZ",
  "rotation_matrix": [
   [
    0.003745686262845993,
    -0.887332022190094,
    -0.46111583709716797
   ],
   [
    0.028118623420596123,
    -0.4608432948589325,
    0.8870359659194946
   ],
   [
    -0.9995975494384766,
    -0.016288500279188156,
    0.02322438172996044
   ]
  ]
 },
 {
  "rotation_euler": [
   -1.7075787782669067,
   1.7517768144607544,
   -1.0475139617919922
  ],
  "euler_order": "XYZ",
  "rotation_matrix": [
   [
    -0.08994773775339127,
    -0.605082631111145,
    0.7910653948783875
   ],
   [
    0.15590795874595642,
    0.7759378552436829,
    0.6112390756607056
   ],
   [
    -0.9836676716804504,
    0.17831295728683472,
    0.024543339386582375
   ]
  ]
 }
]