[
 {
  "rotation_euler": [
   0.876849353313446,
   -1.4986439943313599,
   -0.46606433391571045
  ],
  "euler_order": "XYZ",
  "rotation_matrix": [
   [
    0.06440092623233795,
    -0.39754238724708557,
    -0.9153210520744324
   ],
   [
    -0.032395247370004654,
    0.9159088134765625,
    -0.4000769555568695
   ],
   [
    0.9973981380462646,
    0.05541737750172615,
    0.04610689356923103
   ]
  ]
 },
 {
  "rotation_euler": [
   0.8768527507781982,
   -1.4986443519592285,
   -0.6492587924003601
  ],
  "euler_order": "XYZ",
  "rotation_matrix": [
   [
    0.05742151662707329,
    -0.22404104471206665,
    -0.9728866219520569
   ],
   [
    -0.04358496889472008,
    0.9730028510093689,
    -0.2266402691602707
   ],
   [
    0.9973981976509094,
    0.0554172620177269,
    0.046106476336717606
   ]
  ]
 },
 {
  "rotation_euler": [
   1.236950397491455,
   -0.0016276256646960974,
   -0.9649770259857178
  ],
  "euler_order": "XYZ",
  "rotation_matrix": [
   [
    0.5694350004196167,
    0.2684882581233978,
    -0.776954174041748
   ],
   [
    -0.8220347166061401,
    0.1878562569618225,
    -0.5375582575798035
   ],
   [
    0.0016276249662041664,
    0.944787859916687,
    0.3276785910129547
   ]
  ]
 },
 {
  "rotation_euler": [
   0.8768534064292908,
   -1.498644232749939,
   -0.22563035786151886
  ],
  "euler_order": "XYZ",
  "rotation_matrix": [
   [
    0.07026227563619614,
    -0.6042101979255676,
    -0.7937211394309998
   ],
   [
    -0.016127921640872955,
    0.794895589351654,
    -0.6065318584442139
   ],
   [
    0.9973981380462646,
    0.05541738122701645,
    0.04610651731491089
   ]
  ]
 },
 {
  "rotation_euler": [
   1.2600854635238647,
   0.4439694285392761,
   0.3046864867210388
  ],
  "euler_order": "XYZ",
  "rotation_matrix": [
   [
    0.8614600896835327,
    0.2984050214290619,
    0.41090258955955505
   ],
   [
    0.2709108293056488,
    0.4143393337726593,
    -0.8688672184944153
   ],
   [
    -0.4295274615287781,
    0.8598123788833618,
    0.2760956287384033
   ]
  ]
 },
 {
  "rotation_euler": [
   0.87685227394104,
   -1.4986441135406494,
   -2.1639161109924316
  ],
  "euler_order": "XYZ",
  "rotation_matrix": [
   [
    -0.04029454290866852,
    0.9588992595672607,
    -0.2808709740638733
   ],
   [
    -0.05977678298950195,
    0.2782823443412781,
    0.9586374163627625
   ],
   [
    0.9973981380462646,
    0.05541742220520973,
    0.04610665515065193
   ]
  ]
 },
 {
  "rotation_euler": [
   0.8768494725227356,
   1.4986441135406494,
   -0.5875052213668823
  ],
  "euler_order": "XYZ",
  "rotation_matrix": [
   [
    0.060002077370882034,
    0.9926757216453552,
    0.10485570132732391
   ],
   [
    -0.03995829075574875,
    0.10734938830137253,
    -0.9934180378913879
   ],
   [
    -0.9973981380462646,
    0.055417291820049286,
    0.04610681161284447
   ]
  ]
 },
 {
  "rotation_euler": [
   1.2372926473617554,
   -0.008039901964366436,
   0.8815794587135315
  ],
  "euler_order": "XYZ",
  "rotation_matrix": [
   [
    0.6359124183654785,
    -0.2574659287929535,
    0.727548360824585
   ],
   [
    0.7717193365097046,
    0.20231345295906067,
    -0.6029250025749207
   ],
   [
    0.008039815351366997,
    0.94487065076828,
    0.327345073223114
   ]
  ]
 },
 {
  "rotation_euler": [
   0.8707514405250549,
   1.4994715452194214,
   -0.9988772869110107
  ],
  "euler_order": "XYZ",
  "rotation_matrix": [
   [
    0.03857157751917839,
    0.9546284079551697,
    -0.29529112577438354
   ],
   [
    -0.05992359295487404,
    -0.2927694320678711,
    -0.954303503036499
   ],
   [
    -0.9974574446678162,
    0.054503899067640305,
    0.045912183821201324
   ]
  ]
 },
 {
  "rotation_euler": [
   -1.8285093307495117,
   -2.174309253692627,
   0.6053321361541748
  ],
  "euler_order": "XYZ",
  "rotation_matrix": [
   [
    -0.4666942358016968,
    0.7997196316719055,
    -0.37768372893333435
   ],
   [
    -0.32294929027557373,
    0.24345821142196655,
    0.9145664572715759
   ],
   [
    0.8233469724655151,
    0.5487955808639526,
    0.14464835822582245
   ]
  ]
 },
 {
  "rotation_euler": [
   0.8768404722213745,
   1.4986451864242554,
   1.068851113319397
  ],
  "euler_order": "XYZ",
  "rotation_matrix": [
   [
    0.03468409180641174,
    -0.1917952448129654,
    0.9808219075202942
   ],
   [
    0.06319630891084671,
    0.9798691868782043,
    0.1893741935491562
   ],
   [
    -0.9973982572555542,
    0.0554160550236702,
    0.046106625348329544
   ]
  ]
 },
 {
  "rotation_euler": [
   0.8768512606620789,
   1.498644232749939,
   -1.937933325767517
  ],
  "euler_order": "XYZ",
  "rotation_matrix": [
   [
    -0.02587614580988884,
    0.3217396140098572,
    -0.946474552154541
   ],
   [
    -0.06728538125753403,
    -0.94520503282547,
    -0.31946849822998047
   ],
   [
    -0.9973981380462646,
    0.05541728436946869,
    0.04610663652420044
   ]
  ]
 },
 {
  "rotation_euler": [
   0.8768489360809326,
   1.4986441135406494,
   1.541783094406128
  ],
  "euler_order": "XYZ",
  "rotation_matrix": [
   [
    0.0020912596955895424,
    -0.6170653700828552,
    0.7869091629981995
   ],
   [
    0.07205928862094879,
    0.7849581241607666,
    0.6153439283370972
   ],
   [
    -0.9973981380462646,
    0.0554172657430172,
    0.046106841415166855
   ]
  ]
 },
 {
  "rotation_euler": [
   0.8768482804298401,
   -1.498644232749939,
   -1.0687286853790283
  ],
  "euler_order": "XYZ",
  "rotation_matrix": [
   [
    0.03469228371977806,
    0.19166764616966248,
    -0.9808465242385864
   ],
   [
    -0.06319289654493332,
    0.9798941016197205,
    0.18924641609191895
   ],
   [
    0.9973981380462646,
    0.055417146533727646,
    0.04610680043697357
   ]
  ]
 },
 {
  "rotation_euler": [
   -2.264742374420166,
   -1.6429487466812134,
   0.6636236310005188
  ],
  "euler_order": "XYZ",
  "rotation_matrix": [
   [
    -0.05678987130522728,
    0.9979646801948547,
    0.02900686301290989
   ],
   [
    -0.04440556839108467,
    -0.03154979646205902,
    0.998515248298645
   ],
   [
    0.9973981380462646,
    0.055417489260435104,
    0.04610689729452133
   ]
  ]
 },
 {
  "rotation_euler": [
   -2.2647438049316406,
   1.6429486274719238,
   -0.7431989312171936
  ],
  "euler_order": "XYZ",
  "rotation_matrix": [
   [
    -0.05308021605014801,
    -0.9973146915435791,
    0.05045681819319725
   ],
   [
    0.04877927154302597,
    0.04787817597389221,
    0.9976614117622375
   ],
   [
    -0.9973981380462646,
    0.05541732907295227,
    0.04610690101981163
   ]
  ]
 }
]