[
 {
  "rotation_euler": [
   4.258889930497389e-06,
   1.8054716974802432e-06,
   -1.7352083921432495
  ],
  "euler_order": "XYZ",
  "rotation_matrix": [
   [
    -0.16367235779762268,
    0.9865147471427917,
    -4.496963356359629e-06
   ],
   [
    -0.9865147471427917,
    -0.16367235779762268,
    -1.0840619779628469e-06
   ],
   [
    -1.8054716974802432e-06,
    4.258889930497389e-06,
    1.0
   ]
  ]
 },
 {
  "rotation_euler": [
   1.1357902849340462e-06,
   2.596133299448411e-06,
   -0.7959447503089905
  ],
  "euler_order": "XYZ",
  "rotation_matrix": [
   [
    0.6996100544929504,
    0.7145248651504517,
    1.0047305067928392e-06
   ],
   [
    -0.7145248651504517,
    0.6996100544929504,
    -2.64961204266001e-06
   ],
   [
    -2.596133299448411e-06,
    1.1357902849340462e-06,
    1.0
   ]
  ]
 },
 {
  "rotation_euler": [
   -2.4249991383840097e-06,
   -3.509013595248689e-06,
   2.0909295082092285
  ],
  "euler_order": "XYZ",
  "rotation_matrix": [
   [
    -0.4969957172870636,
    -0.8677529692649841,
    -3.603355764880689e-07
   ],
   [
    0.8677529692649841,
    -0.4969957172870636,
    -4.250171059538843e-06
   ],
   [
    3.509013595248689e-06,
    -2.4249991383840097e-06,
    1.0
   ]
  ]
 },
 {
  "rotation_euler": [
   -1.2608586530404864e-07,
   -6.43691828372539e-06,
   -2.8933327198028564
  ],
  "euler_order": "XYZ",
  "rotation_matrix": [
   [
    -0.9693414568901062,
    0.2457176148891449,
    6.270553058129735e-06
   ],
   [
    -0.2457176148891449,
    -0.9693414568901062,
    1.4594439790016622e-06
   ],
   [
    6.43691828372539e-06,
    -1.2608586530404864e-07,
    1.0
   ]
  ]
 },
 {
  "rotation_euler": [
   -2.525943955333787e-06,
   3.2743305382609833e-06,
   -1.0047621726989746
  ],
  "euler_order": "XYZ",
  "rotation_matrix": [
   [
    0.5362889766693115,
    0.8440344333648682,
    3.887971161020687e-06
   ],
   [
    -0.8440344333648682,
    0.5362889766693115,
    -1.4090119293541647e-06
   ],
   [
    -3.2743305382609833e-06,
    -2.525943955333787e-06,
    1.0
   ]
  ]
 },
 {
  "rotation_euler": [
   -5.500640327227302e-06,
   1.1623455975495744e-06,
   -1.1813533306121826
  ],
  "euler_order": "XYZ",
  "rotation_matrix": [
   [
    0.37967318296432495,
    0.9251207113265991,
    5.530067483050516e-06
   ],
   [
    -0.9251207113265991,
    0.37967318296432495,
    1.0131356020792737e-06
   ],
   [
    -1.1623455975495744e-06,
    -5.500640327227302e-06,
    1.0
   ]
  ]
 },
 {
  "rotation_euler": [
   2.9201098641351564e-06,
   -4.199497652734863e-06,
   -2.5997581481933594
  ],
  "euler_order": "XYZ",
  "rotation_matrix": [
   [
    -0.8567640781402588,
    0.5157086253166199,
    2.0920529095747042e-06
   ],
   [
    -0.5157086253166199,
    -0.8567640781402588,
    4.667562279792037e-06
   ],
   [
    4.199497652734863e-06,
    2.9201098641351564e-06,
    1.0
   ]
  ]
 },
 {
  "rotation_euler": [
   5.232707849245344e-07,
   3.3203114071511663e-06,
   0.2125023752450943
  ],
  "euler_order": "XYZ",
  "rotation_matrix": [
   [
    0.9775062203407288,
    -0.21090663969516754,
    3.3559863368282095e-06
   ],
   [
    0.21090663969516754,
    0.9775062203407288,
    1.887753029450323e-07
   ],
   [
    -3.3203114071511663e-06,
    5.232707849245344e-07,
    1.0
   ]
  ]
 },
 {
  "rotation_euler": [
   -8.236374355874432e-07,
   -3.997756266471697e-06,
   -0.5564547777175903
  ],
  "euler_order": "XYZ",
  "rotation_matrix": [
   [
    0.8491329550743103,
    0.5281791687011719,
    -2.959598532470409e-06
   ],
   [
    -0.5281791687011719,
    0.8491329550743103,
    2.8109093364037108e-06
   ],
   [
    3.997756266471697e-06,
    -8.236374355874432e-07,
    1.0
   ]
  ]
 },
 {
  "rotation_euler": [
   -5.333155058906414e-06,
   1.0030984753939265e-07,
   -1.1407685279846191
  ],
  "euler_order": "XYZ",
  "rotation_matrix": [
   [
    0.4168960750102997,
    0.9089541435241699,
    4.889412139164051e-06
   ],
   [
    -0.9089541435241699,
    0.4168960750102997,
    2.132194367732154e-06
   ],
   [
    -1.0030984753939265e-07,
    -5.333155058906414e-06,
    1.0
   ]
  ]
 },
 {
  "rotation_euler": [
   2.01611783268163e-06,
   -1.5681858940297388e-06,
   -0.1298874318599701
  ],
  "euler_order": "XYZ",
  "rotation_matrix": [
   [
    0.9915764927864075,
    0.12952251732349396,
    -1.8161089201385039e-06
   ],
   [
    -0.12952251732349396,
    0.9915764927864075,
    -1.7960196601052303e-06
   ],
   [
    1.5681858940297388e-06,
    2.01611783268163e-06,
    1.0
   ]
  ]
 },
 {
  "rotation_euler": [
   -5.32135436515091e-06,
   9.58466671363567e-07,
   -0.9707958698272705
  ],
  "euler_order": "XYZ",
  "rotation_matrix": [
   [
    0.5646428465843201,
    0.8253353834152222,
    4.933093350700801e-06
   ],
   [
    -0.8253353834152222,
    0.5646428465843201,
    2.2136082407087088e-06
   ],
   [
    -9.58466671363567e-07,
    -5.32135436515091e-06,
    1.0
   ]
  ]
 },
 {
  "rotation_euler": [
   -4.321154847275466e-06,
   -1.2155935564805986e-06,
   -2.8388404846191406
  ],
  "euler_order": "XYZ",
  "rotation_matrix": [
   [
    -0.9545195698738098,
    0.29814833402633667,
    2.448652821840369e-06
   ],
   [
    -0.29814833402633667,
    -0.9545195698738098,
    -3.7621996398229385e-06
   ],
   [
    1.2155935564805986e-06,
    -4.321154847275466e-06,
    1.0
   ]
  ]
 },
 {
  "rotation_euler": [
   -1.9948192857555114e-06,
   -3.7577658531517955e-06,
   -1.3320690393447876
  ],
  "euler_order": "XYZ",
  "rotation_matrix": [
   [
    0.2364661991596222,
    0.9716396927833557,
    1.0496610229893122e-06
   ],
   [
    -0.9716396927833557,
    0.2364661991596222,
    4.12290182794095e-06
   ],
   [
    3.7577658531517955e-06,
    -1.9948192857555114e-06,
    1.0
   ]
  ]
 },
 {
  "rotation_euler": [
   1.2576980168432783e-07,
   -5.81063932258985e-06,
   0.9022154808044434
  ],
  "euler_order": "XYZ",
  "rotation_matrix": [
   [
    0.6198729872703552,
    -0.7847021222114563,
    -3.5031666811846662e-06
   ],
   [
    0.7847021222114563,
    0.6198729872703552,
    -4.637582605937496e-06
   ],
   [
    5.81063932258985e-06,
    1.2576980168432783e-07,
    1.0
   ]
  ]
 },
 {
  "rotation_euler": [
   2.893882992793806e-06,
   -3.69733214711232e-07,
   2.4554905891418457
  ],
  "euler_order": "XYZ",
  "rotation_matrix": [
   [
    -0.7737213373184204,
    -0.633526086807251,
    2.119420742019429e-06
   ],
   [
    0.633526086807251,
    -0.7737213373184204,
    2.0048232727276627e-06
   ],
   [
    3.69733214711232e-07,
    2.893882992793806e-06,
    1.0
   ]
  ]
 }
]