[
 {
  "rotation_euler": [
   1.2849289178848267,
   0.5056300759315491,
   1.8395577669143677
  ],
  "euler_order": "XYZ",
  "rotation_matrix": [
   [
    -0.2323106825351715,
    -0.39526236057281494,
    0.8887065649032593
   ],
   [
    0.8434621095657349,
    0.373140811920166,
    0.38644224405288696
   ],
   [
    -0.4843587577342987,
    0.8393650054931641,
    0.24670423567295074
   ]
  ]
 },
 {
  "rotation_euler": [
   1.3210546970367432,
   0.21358874440193176,
   -1.8486499786376953
  ],
  "euler_order": "XYZ",
  "rotation_matrix": [
   [
    -0.2680593729019165,
    0.18133683502674103,
    -0.946182370185852
   ],
   [
    -0.9397944211959839,
    -0.2653071880340576,
    0.2154032289981842
   ],
   [
    -0.21196845173835754,
    0.9469577670097351,
    0.2415374219417572
   ]
  ]
 },
 {
  "rotation_euler": [
   -0.43975988030433655,
   1.3002831935882568,
   2.1925365924835205
  ],
  "euler_order": "XYZ",
  "rotation_matrix": [
   [
    -0.1556459218263626,
    -0.4965803027153015,
    -0.8539217710494995
   ],
   [
    0.21721890568733215,
    -0.8605031967163086,
    0.4608146846294403
   ],
   [
    -0.9636338949203491,
    -0.11376401782035828,
    0.2418004423379898
   ]
  ]
 },
 {
  "rotation_euler": [
   1.2851240634918213,
   0.5045604705810547,
   -2.6337904930114746
  ],
  "euler_order": "XYZ",
  "rotation_matrix": [
   [
    -0.7649266123771667,
    -0.2682737410068512,
    -0.5855907201766968
   ],
   [
    -0.42566388845443726,
    -0.471784770488739,
    0.7721589207649231
   ],
   [
    -0.48342272639274597,
    0.8399097323417664,
    0.24668627977371216
   ]
  ]
 },
 {
  "rotation_euler": [
   -0.9076760411262512,
   -1.152280330657959,
   -1.1697726249694824
  ],
  "euler_order": "XYZ",
  "rotation_matrix": [
   [
    0.1586446613073349,
    0.847822904586792,
    0.5059922337532043
   ],
   [
    -0.37416157126426697,
    -0.42263278365135193,
    0.8254602551460266
   ],
   [
    0.9136930704116821,
    -0.32027772068977356,
    0.25017431378364563
   ]
  ]
 },
 {
  "rotation_euler": [
   -1.3141629695892334,
   -0.2593838572502136,
   0.7163117527961731
  ],
  "euler_order": "XYZ",
  "rotation_matrix": [
   [
    0.7290021181106567,
    0.0204501673579216,
    -0.6842058897018433
   ],
   [
    0.6346426606178284,
    0.3543381094932556,
    0.6867846846580505
   ],
   [
    0.25648507475852966,
    -0.9348937273025513,
    0.2453346848487854
   ]
  ]
 },
 {
  "rotation_euler": [
   -1.1148765087127686,
   0.9974461793899536,
   2.2710657119750977
  ],
  "euler_order": "XYZ",
  "rotation_matrix": [
   [
    -0.34956732392311096,
    0.14940042793750763,
    -0.9249228239059448
   ],
   [
    0.41479411721229553,
    -0.8605055809020996,
    -0.29576346278190613
   ],
   [
    -0.840088427066803,
    -0.48704177141189575,
    0.2388342022895813
   ]
  ]
 },
 {
  "rotation_euler": [
   -1.2470335960388184,
   0.7214652895927429,
   0.420233815908432
  ],
  "euler_order": "XYZ",
  "rotation_matrix": [
   [
    0.6855109333992004,
    -0.701480507850647,
    -0.19493557512760162
   ],
   [
    0.3063226342201233,
    0.03499508276581764,
    0.9512842893600464
   ],
   [
    -0.660485565662384,
    -0.7118289470672607,
    0.2388688623905182
   ]
  ]
 },
 {
  "rotation_euler": [
   -1.3181458711624146,
   -0.12177106738090515,
   -1.6245452165603638
  ],
  "euler_order": "XYZ",
  "rotation_matrix": [
   [
    -0.05332519859075546,
    0.24329157173633575,
    0.9684862494468689
   ],
   [
    -0.9911616444587708,
    -0.1308734118938446,
    -0.02169725112617016
   ],
   [
    0.12147034704685211,
    -0.9610834121704102,
    0.24812012910842896
   ]
  ]
 },
 {
  "rotation_euler": [
   1.324747920036316,
   -0.033351775258779526,
   -0.5846998691558838
  ],
  "euler_order": "XYZ",
  "rotation_matrix": [
   [
    0.8334140181541443,
    0.10747136920690536,
    -0.5420986413955688
   ],
   [
    -0.5516421794891357,
    0.22096110880374908,
    -0.8042804598808289
   ],
   [
    0.03334559127688408,
    0.9693431258201599,
    0.24343784153461456
   ]
  ]
 },
 {
  "rotation_euler": [
   -1.2836719751358032,
   0.5144485235214233,
   -2.8432412147521973
  ],
  "euler_order": "XYZ",
  "rotation_matrix": [
   [
    -0.8321047425270081,
    0.5343071222305298,
    0.14871977269649506
   ],
   [
    -0.2558978796005249,
    -0.131968691945076,
    -0.9576536417007446
   ],
   [
    -0.49205482006073,
    -0.8349252343177795,
    0.24653984606266022
   ]
  ]
 },
 {
  "rotation_euler": [
   -1.3150415420532227,
   -0.2446601688861847,
   2.466357707977295
  ],
  "euler_order": "XYZ",
  "rotation_matrix": [
   [
    -0.7573148012161255,
    -0.3410526514053345,
    -0.5569177269935608
   ],
   [
    0.6064656376838684,
    -0.05097656324505806,
    -0.7934738993644714
   ],
   [
    0.24222663044929504,
    -0.9386609792709351,
    0.24544201791286469
   ]
  ]
 },
 {
  "rotation_euler": [
   -1.318828821182251,
   -0.049252964556217194,
   -1.8680492639541626
  ],
  "euler_order": "XYZ",
  "rotation_matrix": [
   [
    -0.2925395369529724,
    0.2244114875793457,
    0.9295483231544495
   ],
   [
    -0.9549852013587952,
    -0.11860904097557068,
    -0.2719102203845978
   ],
   [
    0.049233052879571915,
    -0.9672493934631348,
    0.24900749325752258
   ]
  ]
 },
 {
  "rotation_euler": [
   -1.3185051679611206,
   0.01657765544950962,
   0.5256913304328918
  ],
  "euler_order": "XYZ",
  "rotation_matrix": [
   [
    0.8648583889007568,
    -0.13914842903614044,
    -0.4823460280895233
   ],
   [
    0.5017421841621399,
    0.20786328613758087,
    0.8396711349487305
   ],
   [
    -0.016576895490288734,
    -0.968209981918335,
    0.24958893656730652
   ]
  ]
 },
 {
  "rotation_euler": [
   1.2603839635849,
   0.630537748336792,
   -2.155377149581909
  ],
  "euler_order": "XYZ",
  "rotation_matrix": [
   [
    -0.44573497772216797,
    -0.055080391466617584,
    -0.8934687972068787
   ],
   [
    -0.6735849976539612,
    -0.6367406845092773,
    0.37529268860816956
   ],
   [
    -0.589579164981842,
    0.769108235836029,
    0.24671626091003418
   ]
  ]
 },
 {
  "rotation_euler": [
   -1.3188018798828125,
   -0.05213230103254318,
   0.29703956842422485
  ],
  "euler_order": "XYZ",
  "rotation_matrix": [
   [
    0.9549080729484558,
    -0.024725275114178658,
    -0.29587027430534363
   ],
   [
    0.29229307174682617,
    0.25318682193756104,
    0.9222045540809631
   ],
   [
    0.05210869014263153,
    -0.9671013951301575,
    0.24899716675281525
   ]
  ]
 }
]