[
 {
  "rotation_euler": [
   -1.453150987625122,
   -0.1205315887928009,
   3.0461583137512207
  ],
  "euler_order": "XYZ",
  "rotation_matrix": [
   [
    -0.9882274866104126,
    -0.13005000352859497,
    -0.08058203756809235
   ],
   [
    0.0945982038974762,
    -0.10546163469552994,
    -0.9899136424064636
   ],
   [
    0.12023995816707611,
    -0.9858827590942383,
    0.11652258038520813
   ]
  ]
 },
 {
  "rotation_euler": [
   -1.444978952407837,
   -0.42379993200302124,
   -2.5263352394104004
  ],
  "euler_order": "XYZ",
  "rotation_matrix": [
   [
    -0.7443804740905762,
    -0.26073744893074036,
    0.6147468686103821
   ],
   [
    -0.5261083245277405,
    -0.3379460871219635,
    -0.7803861498832703
   ],
   [
    0.41122716665267944,
    -0.9043276309967041,
    0.11438433080911636
   ]
  ]
 },
 {
  "rotation_euler": [
   -1.3964323997497559,
   -0.84609055519104,
   -1.2382766008377075
  ],
  "euler_order": "XYZ",
  "rotation_matrix": [
   [
    0.21639259159564972,
    0.40466636419296265,
    0.88849276304245
   ],
   [
    -0.6266025900840759,
    -0.6403236985206604,
    0.4442462921142578
   ],
   [
    0.7486944794654846,
    -0.6528634428977966,
    0.11500368267297745
   ]
  ]
 },
 {
  "rotation_euler": [
   0.39827775955200195,
   0.044559262692928314,
   2.2446718215942383
  ],
  "euler_order": "XYZ",
  "rotation_matrix": [
   [
    -0.6233996152877808,
    -0.7310289144515991,
    0.2774340808391571
   ],
   [
    0.7806335091590881,
    -0.5616778135299683,
    0.2740973234176636
   ],
   [
    -0.044544517993927,
    0.3874465227127075,
    0.9208154082298279
   ]
  ]
 },
 {
  "rotation_euler": [
   0.10169491171836853,
   -1.453222632408142,
   -1.9823282957077026
  ],
  "euler_order": "XYZ",
  "rotation_matrix": [
   [
    -0.046922825276851654,
    0.9521028995513916,
    0.30215609073638916
   ],
   [
    -0.10750926285982132,
    -0.3055458068847656,
    0.9460885524749756
   ],
   [
    0.9930961728096008,
    0.011908567510545254,
    0.11669695377349854
   ]
  ]
 },
 {
  "rotation_euler": [
   -1.4502589702606201,
   0.2269984930753708,
   2.4673099517822266
  ],
  "euler_order": "XYZ",
  "rotation_matrix": [
   [
    -0.7611154317855835,
    0.09945264458656311,
    -0.6409465074539185
   ],
   [
    0.6083205938339233,
    -0.23342059552669525,
    -0.75859135389328
   ],
   [
    -0.2250540405511856,
    -0.9672765731811523,
    0.11716093122959137
   ]
  ]
 },
 {
  "rotation_euler": [
   -0.6994212865829468,
   -1.4182369709014893,
   1.3716665506362915
  ],
  "euler_order": "XYZ",
  "rotation_matrix": [
   [
    0.030061811208724976,
    -0.6242234110832214,
    -0.7806673049926758
   ],
   [
    0.14896522462368011,
    0.7750959396362305,
    -0.6140322685241699
   ],
   [
    0.9883853793144226,
    -0.09783335775136948,
    0.11628837138414383
   ]
  ]
 },
 {
  "rotation_euler": [
   1.431275725364685,
   0.60731041431427,
   1.6757649183273315
  ],
  "euler_order": "XYZ",
  "rotation_matrix": [
   [
    -0.08604051172733307,
    -0.19751346111297607,
    0.9765170216560364
   ],
   [
    0.8166658878326416,
    0.5474341511726379,
    0.1826818734407425
   ],
   [
    -0.5706608891487122,
    0.8132061958312988,
    0.11420099437236786
   ]
  ]
 },
 {
  "rotation_euler": [
   -1.3926056623458862,
   -0.8693681359291077,
   -2.43571400642395
  ],
  "euler_order": "XYZ",
  "rotation_matrix": [
   [
    -0.49110743403434753,
    -0.45718857645988464,
    0.7414796352386475
   ],
   [
    -0.4186139702796936,
    -0.6226052641868591,
    -0.6611543297767639
   ],
   [
    0.763921320438385,
    -0.6350915431976318,
    0.11438055336475372
   ]
  ]
 },
 {
  "rotation_euler": [
   -1.4337925910949707,
   -0.5503591299057007,
   -2.1370720863342285
  ],
  "euler_order": "XYZ",
  "rotation_matrix": [
   [
    -0.45727258920669556,
    -0.16269630193710327,
    0.8743178248405457
   ],
   [
    -0.7192911505699158,
    -0.5104928016662598,
    -0.4711872339248657
   ],
   [
    0.5229933857917786,
    -0.8443500399589539,
    0.11640835553407669
   ]
  ]
 },
 {
  "rotation_euler": [
   1.4394670724868774,
   0.5262230634689331,
   -2.2512691020965576
  ],
  "euler_order": "XYZ",
  "rotation_matrix": [
   [
    -0.544041633605957,
    -0.21150203049182892,
    -0.8119640350341797
   ],
   [
    -0.6721180081367493,
    -0.4694308638572693,
    0.5726186037063599
   ],
   [
    -0.5022709965705872,
    0.85726398229599,
    0.11323560029268265
   ]
  ]
 },
 {
  "rotation_euler": [
   -2.507352352142334,
   1.7135326862335205,
   -0.07936558872461319
  ],
  "euler_order": "XYZ",
  "rotation_matrix": [
   [
    -0.14180439710617065,
    -0.6485569477081299,
    -0.7478405237197876
   ],
   [
    0.011278078891336918,
    -0.7564842700958252,
    0.6539146304130554
   ],
   [
    -0.9898304343223572,
    0.08429376780986786,
    0.11458726972341537
   ]
  ]
 },
 {
  "rotation_euler": [
   -1.4386696815490723,
   -0.5030238628387451,
   2.4709692001342773
  ],
  "euler_order": "XYZ",
  "rotation_matrix": [
   [
    -0.6863894462585449,
    -0.45625850558280945,
    -0.5663017630577087
   ],
   [
    0.5444917678833008,
    0.19377565383911133,
    -0.8160758018493652
   ],
   [
    0.482077032327652,
    -0.8684924840927124,
    0.11542344838380814
   ]
  ]
 },
 {
  "rotation_euler": [
   -1.385763168334961,
   -0.9017093181610107,
   -0.5042691230773926
  ],
  "euler_order": "XYZ",
  "rotation_matrix": [
   [
    0.543063759803772,
    0.7639237642288208,
    0.3485717177391052
   ],
   [
    -0.2996944487094879,
    -0.21144288778305054,
    0.9303091764450073
   ],
   [
    0.7843883037567139,
    -0.6096822023391724,
    0.11411675065755844
   ]
  ]
 },
 {
  "rotation_euler": [
   1.4545973539352417,
   -0.16079285740852356,
   -2.7251505851745605
  ],
  "euler_order": "XYZ",
  "rotation_matrix": [
   [
    -0.9027370810508728,
    0.19232816994190216,
    -0.3848060369491577
   ],
   [
    -0.3992912769317627,
    -0.041703373193740845,
    0.9158751368522644
   ],
   [
    0.16010089218616486,
    0.9804441332817078,
    0.1144421398639679
   ]
  ]
 },
 {
  "rotation_euler": [
   1.447396993637085,
   -0.4113553464412689,
   -2.3922157287597656
  ],
  "euler_order": "XYZ",
  "rotation_matrix": [
   [
    -0.6710403561592102,
    0.37435534596443176,
    -0.6399710178375244
   ],
   [
    -0.6243582963943481,
    0.18018792569637299,
    0.7600717544555664
   ],
   [
    0.3998519778251648,
    0.9096100330352783,
    0.11281849443912506
   ]
  ]
 }
]