[
 {
  "rotation_euler": [
   0.11953910440206528,
   1.2766446161549538e-05,
   -2.8900392055511475
  ],
  "euler_order": "XYZ",
  "rotation_matrix": [
   [
    -0.9685268998146057,
    0.24713104963302612,
    -0.029695801436901093
   ],
   [
    -0.24890881776809692,
    -0.9616156220436096,
    0.1154981479048729
   ],
   [
    -1.2766446161549538e-05,
    0.11925461143255234,
    0.9928637146949768
   ]
  ]
 },
 {
  "rotation_euler": [
   0.7266824245452881,
   -4.53131360700354e-06,
   -1.1477274894714355
  ],
  "euler_order": "XYZ",
  "rotation_matrix": [
   [
    0.41056063771247864,
    0.6814872026443481,
    -0.6058177947998047
   ],
   [
    -0.9118332862854004,
    0.3068486750125885,
    -0.27277085185050964
   ],
   [
    4.53131360700354e-06,
    0.6643937826156616,
    0.7473827004432678
   ]
  ]
 },
 {
  "rotation_euler": [
   -0.6656531095504761,
   -1.5900237560272217,
   -2.2930448055267334
  ],
  "euler_order": "XYZ",
  "rotation_matrix": [
   [
    0.012709959410130978,
    0.18195225298404694,
    0.9832252264022827
   ],
   [
    0.014425858855247498,
    -0.9832356572151184,
    0.18176770210266113
   ],
   [
    0.9998151659965515,
    0.011873608455061913,
    -0.015121703036129475
   ]
  ]
 },
 {
  "rotation_euler": [
   0.1154860183596611,
   0.0035619025584310293,
   2.439286231994629
  ],
  "euler_order": "XYZ",
  "rotation_matrix": [
   [
    -0.7633494734764099,
    -0.6419903635978699,
    0.07173506915569305
   ],
   [
    0.6459759473800659,
    -0.7580044269561768,
    0.09024650603532791
   ],
   [
    -0.0035618951078504324,
    0.11522874981164932,
    0.9933326244354248
   ]
  ]
 },
 {
  "rotation_euler": [
   0.11950663477182388,
   -6.374467830028152e-06,
   -2.3217005729675293
  ],
  "euler_order": "XYZ",
  "rotation_matrix": [
   [
    -0.6823000907897949,
    0.7258583903312683,
    -0.08715584874153137
   ],
   [
    -0.731072187423706,
    -0.6774330735206604,
    0.08135006576776505
   ],
   [
    6.374467830028152e-06,
    0.11922237277030945,
    0.9928675889968872
   ]
  ]
 },
 {
  "rotation_euler": [
   0.4416697919368744,
   -2.035766124725342,
   2.205928087234497
  ],
  "euler_order": "XYZ",
  "rotation_matrix": [
   [
    0.2660258710384369,
    -0.5010701417922974,
    0.8235040903091431
   ],
   [
    -0.36095571517944336,
    -0.8439150452613831,
    -0.39688581228256226
   ],
   [
    0.8938351273536682,
    -0.1916666179895401,
    -0.405367374420166
   ]
  ]
 },
 {
  "rotation_euler": [
   0.7324877977371216,
   0.021565934643149376,
   0.8181643486022949
  ],
  "euler_order": "XYZ",
  "rotation_matrix": [
   [
    0.6834032535552979,
    -0.5328271389007568,
    0.4990543723106384
   ],
   [
    0.7297225594520569,
    0.5187628269195557,
    -0.4454100728034973
   ],
   [
    -0.021564263850450516,
    0.6685659289360046,
    0.7433401942253113
   ]
  ]
 },
 {
  "rotation_euler": [
   0.11950806528329849,
   3.222819032089319e-06,
   -1.41947603225708
  ],
  "euler_order": "XYZ",
  "rotation_matrix": [
   [
    0.15074346959590912,
    0.9815219044685364,
    -0.11786093562841415
   ],
   [
    -0.988572895526886,
    0.1496679037809372,
    -0.017975371330976486
   ],
   [
    -3.222819032089319e-06,
    0.11922379583120346,
    0.9928674101829529
   ]
  ]
 },
 {
  "rotation_euler": [
   0.7382180094718933,
   0.06689688563346863,
   -0.462201327085495
  ],
  "euler_order": "XYZ",
  "rotation_matrix": [
   [
    0.8930709958076477,
    0.37009868025779724,
    -0.25583428144454956
   ],
   [
    -0.4449221193790436,
    0.6419975757598877,
    -0.6244064569473267
   ],
   [
    -0.06684700399637222,
    0.6714656352996826,
    0.7380145192146301
   ]
  ]
 },
 {
  "rotation_euler": [
   0.11950793117284775,
   2.067844206976588e-06,
   2.155346632003784
  ],
  "euler_order": "XYZ",
  "rotation_matrix": [
   [
    -0.5518243908882141,
    -0.8280121684074402,
    0.09942667186260223
   ],
   [
    0.8339602947235107,
    -0.5478882789611816,
    0.06579224020242691
   ],
   [
    -2.067844206976588e-06,
    0.11922366172075272,
    0.9928674101829529
   ]
  ]
 },
 {
  "rotation_euler": [
   0.7266815900802612,
   5.49982360098511e-06,
   2.2286465167999268
  ],
  "euler_order": "XYZ",
  "rotation_matrix": [
   [
    -0.6114171147346497,
    -0.5914129614830017,
    0.525737464427948
   ],
   [
    0.7913084626197815,
    -0.456959992647171,
    0.4062246084213257
   ],
   [
    -5.49982360098511e-06,
    0.6643931865692139,
    0.7473832368850708
   ]
  ]
 },
 {
  "rotation_euler": [
   0.11950443685054779,
   -2.3442655674443813e-06,
   0.9228320121765137
  ],
  "euler_order": "XYZ",
  "rotation_matrix": [
   [
    0.6035645604133606,
    -0.7916277050971985,
    0.09505453705787659
   ],
   [
    0.7973141074180603,
    0.599259614944458,
    -0.07195894420146942
   ],
   [
    2.3442655674443813e-06,
    0.11922018975019455,
    0.9928678274154663
   ]
  ]
 },
 {
  "rotation_euler": [
   0.1195116862654686,
   9.780404070625082e-06,
   -0.3051280975341797
  ],
  "euler_order": "XYZ",
  "rotation_matrix": [
   [
    0.9538084864616394,
    0.29827359318733215,
    -0.03580847755074501
   ],
   [
    -0.30041536688804626,
    0.9470046162605286,
    -0.11372300982475281
   ],
   [
    -9.780404070625082e-06,
    0.11922739446163177,
    0.9928669929504395
   ]
  ]
 },
 {
  "rotation_euler": [
   0.13558028638362885,
   -0.00017776877211872488,
   -1.7839301824569702
  ],
  "euler_order": "XYZ",
  "rotation_matrix": [
   [
    -0.2115238755941391,
    0.9684086441993713,
    -0.1320696324110031
   ],
   [
    -0.9773728251457214,
    -0.20955924689769745,
    0.02876283973455429
   ],
   [
    0.00017776877211872488,
    0.1351652890443802,
    0.9908230304718018
   ]
  ]
 },
 {
  "rotation_euler": [
   -2.411421298980713,
   -1.6398252248764038,
   -0.31062570214271545
  ],
  "euler_order": "XYZ",
  "rotation_matrix": [
   [
    -0.06567316502332687,
    0.40583309531211853,
    0.9115846157073975
   ],
   [
    0.021082237362861633,
    -0.9127885699272156,
    0.40788790583610535
   ],
   [
    0.9976184368133545,
    0.04600553214550018,
    0.051389843225479126
   ]
  ]
 },
 {
  "rotation_euler": [
   0.7266805171966553,
   -7.83010727900546e-06,
   -0.4266958236694336
  ],
  "euler_order": "XYZ",
  "rotation_matrix": [
   [
    0.9103382229804993,
    0.3093114495277405,
    -0.27497416734695435
   ],
   [
    -0.4138651490211487,
    0.6803743243217468,
    -0.6048193573951721
   ],
   [
    7.83010727900546e-06,
    0.664392352104187,
    0.7473839521408081
   ]
  ]
 }
]