[
 {
  "rotation_euler": [
   0.0015807765303179622,
   -0.002986184088513255,
   -2.0913338661193848
  ],
  "euler_order": "XYZ",
  "rotation_matrix": [
   [
    -0.49734434485435486,
    0.8675532341003418,
    0.00011375908798072487
   ],
   [
    -0.8675481081008911,
    -0.4973418414592743,
    0.0033768562134355307
   ],
   [
    0.0029861796647310257,
    0.0015807688469067216,
    0.9999942779541016
   ]
  ]
 },
 {
  "rotation_euler": [
   1.2357669220364187e-05,
   -1.3456227861752268e-05,
   -0.1502230167388916
  ],
  "euler_order": "XYZ",
  "rotation_matrix": [
   [
    0.9887377023696899,
    0.14965863525867462,
    -1.5154111679294147e-05
   ],
   [
    -0.14965863525867462,
    0.9887377023696899,
    -1.0204653335676994e-05
   ],
   [
    1.3456227861752268e-05,
    1.2357669220364187e-05,
    1.0
   ]
  ]
 },
 {
  "rotation_euler": [
   0.005367300473153591,
   -0.007521048188209534,
   -2.5286636352539062
  ],
  "euler_order": "XYZ",
  "rotation_matrix": [
   [
    -0.8179434537887573,
    0.5752905011177063,
    0.0030642100609838963
   ],
   [
    -0.5752494931221008,
    -0.8179315328598022,
    0.008716749958693981
   ],
   [
    0.007520977407693863,
    0.005367123056203127,
    0.9999573230743408
   ]
  ]
 },
 {
  "rotation_euler": [
   -8.296542546304408e-06,
   -1.3455591215461027e-05,
   -0.38992854952812195
  ],
  "euler_order": "XYZ",
  "rotation_matrix": [
   [
    0.9249362349510193,
    0.3801223337650299,
    -9.29186262510484e-06
   ],
   [
    -0.3801223337650299,
    0.9249362349510193,
    1.2788543244823813e-05
   ],
   [
    1.3455591215461027e-05,
    -8.296542546304408e-06,
    1.0
   ]
  ]
 },
 {
  "rotation_euler": [
   2.292161479999777e-05,
   7.493893917853711e-06,
   2.2851216793060303
  ],
  "euler_order": "XYZ",
  "rotation_matrix": [
   [
    -0.655107855796814,
    -0.755535364151001,
    1.2408781913109124e-05
   ],
   [
    0.755535364151001,
    -0.655107855796814,
    2.067803143290803e-05
   ],
   [
    -7.493893917853711e-06,
    2.292161479999777e-05,
    1.0
   ]
  ]
 },
 {
  "rotation_euler": [
   5.591945409832988e-06,
   -6.8314411691972055e-06,
   2.4976303577423096
  ],
  "euler_order": "XYZ",
  "rotation_matrix": [
   [
    -0.799723207950592,
    -0.600368857383728,
    8.820492439554073e-06
   ],
   [
    0.600368857383728,
    -0.799723207950592,
    3.706237805545243e-07
   ],
   [
    6.8314411691972055e-06,
    5.591945409832988e-06,
    1.0
   ]
  ]
 },
 {
  "rotation_euler": [
   -0.04348735138773918,
   -0.035152897238731384,
   0.3338984549045563
  ],
  "euler_order": "XYZ",
  "rotation_matrix": [
   [
    0.9441882371902466,
    -0.32597529888153076,
    -0.047420796006917953
   ],
   [
    0.32752618193626404,
    0.9443793892860413,
    0.02956532873213291
   ],
   [
    0.03514565899968147,
    -0.04344678670167923,
    0.9984373450279236
   ]
  ]
 },
 {
  "rotation_euler": [
   1.5567647218704224,
   -1.3992559909820557,
   0.5948848128318787
  ],
  "euler_order": "XYZ",
  "rotation_matrix": [
   [
    0.14137619733810425,
    -0.8238402605056763,
    0.548907995223999
   ],
   [
    0.09566272050142288,
    -0.5405130386352539,
    -0.835879385471344
   ],
   [
    0.9853230118751526,
    0.17068347334861755,
    0.0023951202165335417
   ]
  ]
 },
 {
  "rotation_euler": [
   -0.011860178783535957,
   0.002122572623193264,
   -1.3395004272460938
  ],
  "euler_order": "XYZ",
  "rotation_matrix": [
   [
    0.2292385846376419,
    0.9732959270477295,
    0.012030615471303463
   ],
   [
    -0.9733679294586182,
    0.22924748063087463,
    0.0006528510712087154
   ],
   [
    -0.0021225709933787584,
    -0.011859874241054058,
    0.9999274015426636
   ]
  ]
 },
 {
  "rotation_euler": [
   -1.859873373177834e-05,
   3.07165146296029e-06,
   -1.315526008605957
  ],
  "euler_order": "XYZ",
  "rotation_matrix": [
   [
    0.25250697135925293,
    0.967595100402832,
    1.8771655959426425e-05
   ],
   [
    -0.967595100402832,
    0.25250697135925293,
    1.7241951582036563e-06
   ],
   [
    -3.07165146296029e-06,
    -1.859873373177834e-05,
    1.0
   ]
  ]
 },
 {
  "rotation_euler": [
   -1.0729778523455025e-06,
   -1.8788041415973566e-05,
   -1.0359089374542236
  ],
  "euler_order": "XYZ",
  "rotation_matrix": [
   [
    0.5097441673278809,
    0.8603260517120361,
    -8.653983968542889e-06
   ],
   [
    -0.8603260517120361,
    0.5097441673278809,
    1.6710784620954655e-05
   ],
   [
    1.8788041415973566e-05,
    -1.0729778523455025e-06,
    1.0
   ]
  ]
 },
 {
  "rotation_euler": [
   9.334918104286771e-06,
   1.7381245925207622e-05,
   0.957435131072998
  ],
  "euler_order": "XYZ",
  "rotation_matrix": [
   [
    0.5756192207336426,
    -0.8177178502082825,
    1.763830914569553e-05
   ],
   [
    0.8177178502082825,
    0.5756192207336426,
    8.839597285259515e-06
   ],
   [
    -1.7381245925207622e-05,
    9.334918104286771e-06,
    1.0
   ]
  ]
 },
 {
  "rotation_euler": [
   -5.271159352560062e-06,
   6.710715297231218e-06,
   3.021778106689453
  ],
  "euler_order": "XYZ",
  "rotation_matrix": [
   [
    -0.9928308129310608,
    -0.11952808499336243,
    -7.292656391655328e-06
   ],
   [
    0.11952808499336243,
    -0.9928308129310608,
    -4.431250545167131e-06
   ],
   [
    -6.710715297231218e-06,
    -5.271159352560062e-06,
    1.0
   ]
  ]
 },
 {
  "rotation_euler": [
   -0.004629009868949652,
   0.0021871968638151884,
   2.4675240516662598
  ],
  "euler_order": "XYZ",
  "rotation_matrix": [
   [
    -0.7812867760658264,
    -0.6241552829742432,
    -0.0045980908907949924
   ],
   [
    0.6241683959960938,
    -0.7812865972518921,
    -0.0022514131851494312
   ],
   [
    -0.002187195234000683,
    -0.0046289823949337006,
    0.9999868869781494
   ]
  ]
 },
 {
  "rotation_euler": [
   -1.5833944082260132,
   -1.755439043045044,
   1.028924584388733
  ],
  "euler_order": "XYZ",
  "rotation_matrix": [
   [
    -0.0946875512599945,
    0.517726719379425,
    -0.8502901196479797
   ],
   [
    -0.157294362783432,
    0.8356178402900696,
    0.5263091921806335
   ],
   [
    0.9830018877983093,
    0.18358077108860016,
    0.002312887692824006
   ]
  ]
 },
 {
  "rotation_euler": [
   -0.0003400992136448622,
   -1.716098267934285e-05,
   2.379244804382324
  ],
  "euler_order": "XYZ",
  "rotation_matrix": [
   [
    -0.7232165336608887,
    -0.6906213164329529,
    -0.00022246866137720644
   ],
   [
    0.6906213760375977,
    -0.7232164740562439,
    -0.0002578170970082283
   ],
   [
    1.716098267934285e-05,
    -0.0003400992136448622,
    0.9999999403953552
   ]
  ]
 }
]