[
 {
  "rotation_euler": [
   -0.0001602815609658137,
   -3.008829708051053e-06,
   1.8922771215438843
  ],
  "euler_order": "XYZ",
  "rotation_matrix": [
   [
    -0.31597185134887695,
    -0.9487685561180115,
    -0.0001511193986516446
   ],
   [
    0.9487685561180115,
    -0.31597182154655457,
    -5.349914135877043e-05
   ],
   [
    3.008829708051053e-06,
    -0.0001602815609658137,
    1.0
   ]
  ]
 },
 {
  "rotation_euler": [
   -0.00015569274546578526,
   1.6120482541737147e-05,
   -2.9359583854675293
  ],
  "euler_order": "XYZ",
  "rotation_matrix": [
   [
    -0.9789316654205322,
    0.20418810844421387,
    1.60097551997751e-05
   ],
   [
    -0.20418810844421387,
    -0.9789316654205322,
    -0.00015570416871923953
   ],
   [
    -1.6120482541737147e-05,
    -0.00015569274546578526,
    1.0
   ]
  ]
 },
 {
  "rotation_euler": [
   -0.00015035558317322284,
   1.0930304597422946e-05,
   3.0633020401000977
  ],
  "euler_order": "XYZ",
  "rotation_matrix": [
   [
    -0.9969368577003479,
    -0.07821065932512283,
    -2.2656233340967447e-05
   ],
   [
    0.07821065932512283,
    -0.9969368577003479,
    -0.0001490401482442394
   ],
   [
    -1.0930304597422946e-05,
    -0.00015035558317322284,
    1.0
   ]
  ]
 },
 {
  "rotation_euler": [
   -0.000160591458552517,
   -2.6859991066885414e-06,
   0.05547945201396942
  ],
  "euler_order": "XYZ",
  "rotation_matrix": [
   [
    0.9984614253044128,
    -0.05545099452137947,
    -1.1586822438403033e-05
   ],
   [
    0.05545099452137947,
    0.9984614253044128,
    0.000160195428179577
   ],
   [
    2.6859991066885414e-06,
    -0.000160591458552517,
    1.0
   ]
  ]
 },
 {
  "rotation_euler": [
   -0.0001556748611619696,
   1.0658594874257687e-05,
   -0.22824768722057343
  ],
  "euler_order": "XYZ",
  "rotation_matrix": [
   [
    0.9740644097328186,
    0.22627100348472595,
    4.560686647891998e-05
   ],
   [
    -0.22627100348472595,
    0.9740643501281738,
    0.00014922561240382493
   ],
   [
    -1.0658594874257687e-05,
    -0.0001556748611619696,
    1.0
   ]
  ]
 },
 {
  "rotation_euler": [
   -0.00016036737360991538,
   -2.6242591957270633e-06,
   -2.98241925239563
  ],
  "euler_order": "XYZ",
  "rotation_matrix": [
   [
    -0.9873586297035217,
    0.15850210189819336,
    2.800965194182936e-05
   ],
   [
    -0.15850211679935455,
    -0.9873586297035217,
    -0.0001579241652507335
   ],
   [
    2.6242591957270633e-06,
    -0.00016036737360991538,
    1.0
   ]
  ]
 },
 {
  "rotation_euler": [
   -0.00015222010551951826,
   8.906010407372378e-06,
   -0.27292346954345703
  ],
  "euler_order": "XYZ",
  "rotation_matrix": [
   [
    0.9629870057106018,
    0.26954784989356995,
    4.960697333444841e-05
   ],
   [
    -0.26954784989356995,
    0.9629870057106018,
    0.00014418538194149733
   ],
   [
    -8.906010407372378e-06,
    -0.00015222010551951826,
    1.0
   ]
  ]
 },
 {
  "rotation_euler": [
   -0.00016007003432605416,
   -2.170088237107848e-06,
   1.4108150005340576
  ],
  "euler_order": "XYZ",
  "rotation_matrix": [
   [
    0.15929977595806122,
    -0.9872302412986755,
    -0.00015837168029975146
   ],
   [
    0.9872302412986755,
    0.15929977595806122,
    2.3356742531177588e-05
   ],
   [
    2.170088237107848e-06,
    -0.00016007003432605416,
    1.0
   ]
  ]
 },
 {
  "rotation_euler": [
   -0.00016091603902168572,
   -2.840106390067376e-06,
   0.9194177389144897
  ],
  "euler_order": "XYZ",
  "rotation_matrix": [
   [
    0.6062833070755005,
    -0.7952487468719482,
    -0.00012969019007869065
   ],
   [
    0.7952487468719482,
    0.6062833070755005,
    9.530211536912248e-05
   ],
   [
    2.840106390067376e-06,
    -0.00016091603902168572,
    1.0
   ]
  ]
 },
 {
  "rotation_euler": [
   -0.00015542368055321276,
   1.547212195873726e-05,
   1.4333471059799194
  ],
  "euler_order": "XYZ",
  "rotation_matrix": [
   [
    0.13701684772968292,
    -0.9905686974525452,
    -0.0001518378994660452
   ],
   [
    0.9905686974525452,
    0.13701683282852173,
    3.662186281871982e-05
   ],
   [
    -1.547212195873726e-05,
    -0.00015542368055321276,
    1.0
   ]
  ]
 },
 {
  "rotation_euler": [
   -0.0001593438646523282,
   7.080381237756228e-06,
   -2.060519218444824
  ],
  "euler_order": "XYZ",
  "rotation_matrix": [
   [
    -0.47038137912750244,
    0.8824632167816162,
    0.00013728461635764688
   ],
   [
    -0.8824632167816162,
    -0.47038134932518005,
    -8.120056008920074e-05
   ],
   [
    -7.080381237756228e-06,
    -0.0001593438646523282,
    1.0
   ]
  ]
 },
 {
  "rotation_euler": [
   -0.00015236480976454914,
   1.2129912647651508e-05,
   -2.354732036590576
  ],
  "euler_order": "XYZ",
  "rotation_matrix": [
   [
    -0.7060719132423401,
    0.7081401348114014,
    9.933104593073949e-05
   ],
   [
    -0.7081401348114014,
    -0.7060719132423401,
    -0.00011617018753895536
   ],
   [
    -1.2129912647651508e-05,
    -0.00015236480976454914,
    1.0
   ]
  ]
 },
 {
  "rotation_euler": [
   -5.484346274897689e-06,
   -1.4506624211207964e-05,
   1.6557217836380005
  ],
  "euler_order": "XYZ",
  "rotation_matrix": [
   [
    -0.08482340723276138,
    -0.996396005153656,
    -4.234079369780375e-06
   ],
   [
    0.996396005153656,
    -0.08482340723276138,
    -1.4919542991265189e-05
   ],
   [
    1.4506624211207964e-05,
    -5.484346274897689e-06,
    1.0
   ]
  ]
 },
 {
  "rotation_euler": [
   -0.00015748782607261091,
   1.16544688353315e-05,
   -1.9574294090270996
  ],
  "euler_order": "XYZ",
  "rotation_matrix": [
   [
    -0.37707218527793884,
    0.9261838793754578,
    0.00014146810281090438
   ],
   [
    -0.9261838793754578,
    -0.37707215547561646,
    -7.017845928203315e-05
   ],
   [
    -1.16544688353315e-05,
    -0.00015748782607261091,
    1.0
   ]
  ]
 },
 {
  "rotation_euler": [
   -0.0001607039594091475,
   -2.4481184937030775e-06,
   -1.382002592086792
  ],
  "euler_order": "XYZ",
  "rotation_matrix": [
   [
    0.18767419457435608,
    0.9822313189506531,
    0.0001573890185682103
   ],
   [
    -0.9822313189506531,
    0.18767419457435608,
    3.2564606954110786e-05
   ],
   [
    2.4481184937030775e-06,
    -0.0001607039594091475,
    1.0
   ]
  ]
 },
 {
  "rotation_euler": [
   -0.00014854480104986578,
   2.0987897642044118e-06,
   0.6938378214836121
  ],
  "euler_order": "XYZ",
  "rotation_matrix": [
   [
    0.7687973976135254,
    -0.639492392539978,
    -9.337972733192146e-05
   ],
   [
    0.639492392539978,
    0.7687973976135254,
    0.00011554302182048559
   ],
   [
    -2.0987897642044118e-06,
    -0.00014854480104986578,
    1.0
   ]
  ]
 }
]