[
 {
  "rotation_euler": [
   0.00011732023995136842,
   -7.513159516747692e-08,
   -2.035526752471924
  ],
  "euler_order": "XYZ",
  "rotation_matrix": [
   [
    -0.4481818377971649,
    0.8939424157142639,
    -0.00010484386439202353
   ],
   [
    -0.8939424157142639,
    -0.4481818377971649,
    5.264796345727518e-05
   ],
   [
    7.513159516747692e-08,
    0.00011732023995136842,
    1.0
   ]
  ]
 },
 {
  "rotation_euler": [
   0.00011764622468035668,
   -1.3253294461890164e-08,
   3.086155652999878
  ],
  "euler_order": "XYZ",
  "rotation_matrix": [
   [
    -0.9984637498855591,
    -0.05540860816836357,
    6.53184679322294e-06
   ],
   [
    0.05540860816836357,
    -0.9984637498855591,
    0.00011746475502150133
   ],
   [
    1.3253294461890164e-08,
    0.00011764622468035668,
    1.0
   ]
  ]
 },
 {
  "rotation_euler": [
   0.00011728207755368203,
   -8.747272062237244e-08,
   -1.4841139316558838
  ],
  "euler_order": "XYZ",
  "rotation_matrix": [
   [
    0.08657388389110565,
    0.9962454438209534,
    -0.0001168493035947904
   ],
   [
    -0.9962454438209534,
    0.08657388389110565,
    -1.0066420145449229e-05
   ],
   [
    8.747272062237244e-08,
    0.00011728207755368203,
    1.0
   ]
  ]
 },
 {
  "rotation_euler": [
   0.00011827411799458787,
   -2.3975556473487813e-07,
   -1.8402212858200073
  ],
  "euler_order": "XYZ",
  "rotation_matrix": [
   [
    -0.2661771774291992,
    0.9639241099357605,
    -0.00011394346074666828
   ],
   [
    -0.9639241099357605,
    -0.2661771774291992,
    3.171297794324346e-05
   ],
   [
    2.3975556473487813e-07,
    0.00011827411799458787,
    1.0
   ]
  ]
 },
 {
  "rotation_euler": [
   0.00011653859110083431,
   -1.7652578776505834e-07,
   2.915327548980713
  ],
  "euler_order": "XYZ",
  "rotation_matrix": [
   [
    -0.9745110869407654,
    -0.22433939576148987,
    2.6316223738831468e-05
   ],
   [
    0.22433939576148987,
    -0.9745110869407654,
    0.00011352854926371947
   ],
   [
    1.7652578776505834e-07,
    0.00011653859110083431,
    1.0
   ]
  ]
 },
 {
  "rotation_euler": [
   0.00011733213614206761,
   -5.012197235032545e-08,
   -2.240842580795288
  ],
  "euler_order": "XYZ",
  "rotation_matrix": [
   [
    -0.6210222244262695,
    0.7837929129600525,
    -9.193297591991723e-05
   ],
   [
    -0.7837929129600525,
    -0.6210222244262695,
    7.290515350177884e-05
   ],
   [
    5.012197235032545e-08,
    0.00011733213614206761,
    1.0
   ]
  ]
 },
 {
  "rotation_euler": [
   0.00011726413504220545,
   -8.162528075672526e-08,
   0.8523110151290894
  ],
  "euler_order": "XYZ",
  "rotation_matrix": [
   [
    0.6582451462745667,
    -0.7528036236763,
    8.822313975542784e-05
   ],
   [
    0.7528036236763,
    0.6582451462745667,
    -7.724999886704609e-05
   ],
   [
    8.162528075672526e-08,
    0.00011726413504220545,
    1.0
   ]
  ]
 },
 {
  "rotation_euler": [
   0.00011758790060412139,
   -1.1415714595841564e-07,
   0.28897738456726074
  ],
  "euler_order": "XYZ",
  "rotation_matrix": [
   [
    0.9585357904434204,
    -0.2849721610546112,
    3.339985414640978e-05
   ],
   [
    0.2849721610546112,
    0.9585357904434204,
    -0.00011274473945377395
   ],
   [
    1.1415714595841564e-07,
    0.00011758790060412139,
    1.0
   ]
  ]
 },
 {
  "rotation_euler": [
   0.00011725773947546259,
   -7.35095113668649e-08,
   2.274542808532715
  ],
  "euler_order": "XYZ",
  "rotation_matrix": [
   [
    -0.6470786333084106,
    -0.7624232769012451,
    8.944759611040354e-05
   ],
   [
    0.7624232769012451,
    -0.6470786333084106,
    7.581893441965804e-05
   ],
   [
    7.35095113668649e-08,
    0.00011725773947546259,
    1.0
   ]
  ]
 },
 {
  "rotation_euler": [
   0.00011724878277163953,
   -9.195284178531438e-08,
   2.137948989868164
  ],
  "euler_order": "XYZ",
  "rotation_matrix": [
   [
    -0.5372326970100403,
    -0.8434340953826904,
    9.894101822283119e-05
   ],
   [
    0.8434340953826904,
    -0.5372326970100403,
    6.291232421062887e-05
   ],
   [
    9.195284178531438e-08,
    0.00011724878277163953,
    1.0
   ]
  ]
 },
 {
  "rotation_euler": [
   0.00011554234515642747,
   1.173914370156126e-06,
   -0.04248564690351486
  ],
  "euler_order": "XYZ",
  "rotation_matrix": [
   [
    0.9990976452827454,
    0.04247286543250084,
    -3.7345596410887083e-06
   ],
   [
    -0.04247286543250084,
    0.9990975856781006,
    -0.00011548794282134622
   ],
   [
    -1.173914370156126e-06,
    0.00011554234515642747,
    1.0
   ]
  ]
 },
 {
  "rotation_euler": [
   0.00011717937013600022,
   -7.917614652797056e-08,
   0.8862218856811523
  ],
  "euler_order": "XYZ",
  "rotation_matrix": [
   [
    0.6323434114456177,
    -0.774688184261322,
    9.072740795090795e-05
   ],
   [
    0.7746882438659668,
    0.6323434114456177,
    -7.415893924189731e-05
   ],
   [
    7.917614652797056e-08,
    0.00011717937013600022,
    1.0
   ]
  ]
 },
 {
  "rotation_euler": [
   0.00011457077198429033,
   -3.032067297681351e-06,
   0.004380337428301573
  ],
  "euler_order": "XYZ",
  "rotation_matrix": [
   [
    0.9999904036521912,
    -0.004380323924124241,
    -2.5301810637756716e-06
   ],
   [
    0.004380323458462954,
    0.9999904036521912,
    -0.00011458295193733647
   ],
   [
    3.032067297681351e-06,
    0.00011457077198429033,
    1.0
   ]
  ]
 },
 {
  "rotation_euler": [
   0.00011671962420223281,
   -1.3284281408232346e-07,
   2.4475131034851074
  ],
  "euler_order": "XYZ",
  "rotation_matrix": [
   [
    -0.7686428427696228,
    -0.6396781802177429,
    7.476510654669255e-05
   ],
   [
    0.6396782398223877,
    -0.7686428427696228,
    8.963072468759492e-05
   ],
   [
    1.3284281408232346e-07,
    0.00011671962420223281,
    1.0
   ]
  ]
 },
 {
  "rotation_euler": [
   0.00011689538951031864,
   -3.6833792904644724e-08,
   1.571877360343933
  ],
  "euler_order": "XYZ",
  "rotation_matrix": [
   [
    -0.0010810333769768476,
    -0.9999994039535522,
    0.00011689536040648818
   ],
   [
    0.9999994039535522,
    -0.0010810333769768476,
    8.953404062594927e-08
   ],
   [
    3.6833792904644724e-08,
    0.00011689538951031864,
    1.0
   ]
  ]
 },
 {
  "rotation_euler": [
   0.00011712443665601313,
   -2.0092482344580276e-08,
   -0.9408596158027649
  ],
  "euler_order": "XYZ",
  "rotation_matrix": [
   [
    0.5890936255455017,
    0.8080647587776184,
    -9.46559666772373e-05
   ],
   [
    -0.8080648183822632,
    0.5890936255455017,
    -6.898101855767891e-05
   ],
   [
    2.0092482344580276e-08,
    0.00011712443665601313,
    1.0
   ]
  ]
 }
]