[
 {
  "rotation_euler": [
   1.6725132465362549,
   0.004639996215701103,
   -1.6468849182128906
  ],
  "euler_order": "XYZ",
  "rotation_matrix": [
   [
    -0.07601437717676163,
    -0.10159870237112045,
    -0.991917073726654
   ],
   [
    -0.9970959424972534,
    0.003116064006462693,
    0.07609207928180695
   ],
   [
    -0.00463997945189476,
    0.9948205947875977,
    -0.10154052078723907
   ]
  ]
 },
 {
  "rotation_euler": [
   1.6654188632965088,
   0.013509747572243214,
   -1.0789968967437744
  ],
  "euler_order": "XYZ",
  "rotation_matrix": [
   [
    0.4721697270870209,
    -0.07693315297365189,
    -0.8781440854072571
   ],
   [
    -0.8814041614532471,
    -0.05647033080458641,
    -0.46897533535957336
   ],
   [
    -0.013509336858987808,
    0.9954357743263245,
    -0.09447278082370758
   ]
  ]
 },
 {
  "rotation_euler": [
   -1.5761497020721436,
   0.1753559708595276,
   2.7858681678771973
  ],
  "euler_order": "XYZ",
  "rotation_matrix": [
   [
    -0.9230189919471741,
    0.16539864242076874,
    -0.3473891317844391
   ],
   [
    0.3429287075996399,
    -0.05573957413434982,
    -0.9377062320709229
   ],
   [
    -0.17445866763591766,
    -0.9846503734588623,
    -0.005271253176033497
   ]
  ]
 },
 {
  "rotation_euler": [
   1.6654188632965088,
   0.013509764336049557,
   1.4200267791748047
  ],
  "euler_order": "XYZ",
  "rotation_matrix": [
   [
    0.15018528699874878,
    0.09542959928512573,
    0.9840414524078369
   ],
   [
    0.9885655641555786,
    -0.000894657801836729,
    -0.15078900754451752
   ],
   [
    -0.013509353622794151,
    0.9954357743263245,
    -0.09447278082370758
   ]
  ]
 },
 {
  "rotation_euler": [
   1.6654188632965088,
   0.013509632088243961,
   -0.9795752763748169
  ],
  "euler_order": "XYZ",
  "rotation_matrix": [
   [
    0.5573243498802185,
    -0.07094817608594894,
    -0.8272580504417419
   ],
   [
    -0.8301849365234375,
    -0.06382759660482407,
    -0.5538221597671509
   ],
   [
    -0.013509221374988556,
    0.9954357743263245,
    -0.09447278082370758
   ]
  ]
 },
 {
  "rotation_euler": [
   -1.558728575706482,
   0.25303587317466736,
   -1.0430612564086914
  ],
  "euler_order": "XYZ",
  "rotation_matrix": [
   [
    0.48754236102104187,
    -0.11563298851251602,
    0.8654082417488098
   ],
   [
    -0.8364390134811401,
    0.22234608232975006,
    0.5009311437606812
   ],
   [
    -0.25034430623054504,
    -0.9680863618850708,
    0.011683192104101181
   ]
  ]
 },
 {
  "rotation_euler": [
   -1.5714439153671265,
   0.20518125593662262,
   -2.298417568206787
  ],
  "euler_order": "XYZ",
  "rotation_matrix": [
   [
    -0.6511441469192505,
    0.13502593338489532,
    0.7468461990356445
   ],
   [
    -0.7310946583747864,
    0.15257872641086578,
    -0.6649965047836304
   ],
   [
    -0.20374462008476257,
    -0.9790238738059998,
    -0.0006340047693811357
   ]
  ]
 },
 {
  "rotation_euler": [
   1.5639374256134033,
   0.014653699472546577,
   1.35476815700531
  ],
  "euler_order": "XYZ",
  "rotation_matrix": [
   [
    0.214328795671463,
    -0.003558563068509102,
    0.9767550826072693
   ],
   [
    0.976651668548584,
    0.01578245311975479,
    -0.21424859762191772
   ],
   [
    -0.014653175137937069,
    0.9998691082000732,
    0.006858110893517733
   ]
  ]
 },
 {
  "rotation_euler": [
   1.6654189825057983,
   0.013509731739759445,
   -1.8716892004013062
  ],
  "euler_order": "XYZ",
  "rotation_matrix": [
   [
    -0.2963460385799408,
    -0.09422256797552109,
    -0.9504215717315674
   ],
   [
    -0.9549850821495056,
    0.015157119370996952,
    0.2962663173675537
   ],
   [
    -0.01350932102650404,
    0.9954357743263245,
    -0.09447290003299713
   ]
  ]
 },
 {
  "rotation_euler": [
   -1.5742425918579102,
   0.19808673858642578,
   -1.3802990913391113
  ],
  "euler_order": "XYZ",
  "rotation_matrix": [
   [
    0.18564444780349731,
    -0.04064605012536049,
    0.9817759394645691
   ],
   [
    -0.9627088308334351,
    0.1925801932811737,
    0.19001196324825287
   ],
   [
    -0.1967938393354416,
    -0.9804390668869019,
    -0.0033788662403821945
   ]
  ]
 },
 {
  "rotation_euler": [
   1.6654189825057983,
   0.013509724289178848,
   2.1150989532470703
  ],
  "euler_order": "XYZ",
  "rotation_matrix": [
   [
    -0.5177743434906006,
    0.07386374473571777,
    0.8523226380348206
   ],
   [
    0.8554105758666992,
    0.06042993813753128,
    0.5144132971763611
   ],
   [
    -0.013509313575923443,
    0.9954357743263245,
    -0.09447290003299713
   ]
  ]
 },
 {
  "rotation_euler": [
   1.6654188632965088,
   0.013509896583855152,
   2.0376758575439453
  ],
  "euler_order": "XYZ",
  "rotation_matrix": [
   [
    -0.4500609040260315,
    0.07831628620624542,
    0.8895570635795593
   ],
   [
    0.8928956985473633,
    0.054535962641239166,
    0.44694870710372925
   ],
   [
    -0.013509485870599747,
    0.9954357743263245,
    -0.09447278082370758
   ]
  ]
 },
 {
  "rotation_euler": [
   1.6654189825057983,
   0.013509849086403847,
   -0.9205320477485657
  ],
  "euler_order": "XYZ",
  "rotation_matrix": [
   [
    0.6053415536880493,
    -0.06705810874700546,
    -0.7931360602378845
   ],
   [
    -0.7958511710166931,
    -0.06790319085121155,
    -0.6016727089881897
   ],
   [
    -0.013509438373148441,
    0.9954357743263245,
    -0.09447290003299713
   ]
  ]
 },
 {
  "rotation_euler": [
   -0.27452683448791504,
   -0.4319102466106415,
   2.412074327468872
  ],
  "euler_order": "XYZ",
  "rotation_matrix": [
   [
    -0.6770350337028503,
    -0.7261515259742737,
    0.1196979358792305
   ],
   [
    0.6053034663200378,
    -0.6419433355331421,
    -0.4706553518772125
   ],
   [
    0.41860640048980713,
    -0.24619658291339874,
    0.87416011095047
   ]
  ]
 },
 {
  "rotation_euler": [
   1.6654188632965088,
   0.013509899377822876,
   -1.4475502967834473
  ],
  "euler_order": "XYZ",
  "rotation_matrix": [
   [
    0.12292303889989853,
    -0.09211139380931854,
    -0.9881322979927063
   ],
   [
    -0.9923242330551147,
    -0.024962043389678,
    -0.12111761420965195
   ],
   [
    -0.01350948866456747,
    0.9954357743263245,
    -0.09447278082370758
   ]
  ]
 },
 {
  "rotation_euler": [
   1.6654189825057983,
   0.013509789481759071,
   1.0261750221252441
  ],
  "euler_order": "XYZ",
  "rotation_matrix": [
   [
    0.5180469155311584,
    0.08778008818626404,
    0.8508360981941223
   ],
   [
    0.8552454710006714,
    -0.03744712844491005,
    -0.5168682932853699
   ],
   [
    -0.013509378768503666,
    0.9954357743263245,
    -0.09447290003299713
   ]
  ]
 }
]