[
 {
  "rotation_euler": [
   0.23195047676563263,
   -0.01605869084596634,
   0.19574175775051117
  ],
  "euler_order": "XYZ",
  "rotation_matrix": [
   [
    0.9807772040367126,
    -0.1929064691066742,
    0.029380055144429207
   ],
   [
    0.19446910917758942,
    0.9539170265197754,
    -0.22852596640586853
   ],
   [
    0.016057999804615974,
    0.22984656691551208,
    0.9730944037437439
   ]
  ]
 },
 {
  "rotation_euler": [
   0.23194670677185059,
   -0.01605813391506672,
   2.3909027576446533
  ],
  "euler_order": "XYZ",
  "rotation_matrix": [
   [
    -0.7311241626739502,
    -0.6611770391464233,
    0.16823309659957886
   ],
   [
    0.6820554137229919,
    -0.714154839515686,
    0.1574268788099289
   ],
   [
    0.016057442873716354,
    0.2298429012298584,
    0.9730952978134155
   ]
  ]
 },
 {
  "rotation_euler": [
   0.23194700479507446,
   -0.016059350222349167,
   2.128706932067871
  ],
  "euler_order": "XYZ",
  "rotation_matrix": [
   [
    -0.5293465256690979,
    -0.8236902356147766,
    0.20328964293003082
   ],
   [
    0.8482537269592285,
    -0.5183691382408142,
    0.10843932628631592
   ],
   [
    0.016058659180998802,
    0.22984318435192108,
    0.973095178604126
   ]
  ]
 },
 {
  "rotation_euler": [
   0.23194323480129242,
   -0.01606241799890995,
   -3.061267614364624
  ],
  "euler_order": "XYZ",
  "rotation_matrix": [
   [
    -0.9966471195220947,
    0.08177021145820618,
    -0.0028631819877773523
   ],
   [
    -0.08022833615541458,
    -0.9697872996330261,
    0.23038224875926971
   ],
   [
    0.016061726957559586,
    0.2298395037651062,
    0.9730960130691528
   ]
  ]
 },
 {
  "rotation_euler": [
   0.23194076120853424,
   -0.016062773764133453,
   -2.565314769744873
  ],
  "euler_order": "XYZ",
  "rotation_matrix": [
   [
    -0.8383885025978088,
    0.5334111452102661,
    -0.11214858293533325
   ],
   [
    -0.5448364615440369,
    -0.8140316009521484,
    0.20126046240329742
   ],
   [
    0.01606208272278309,
    0.2298370897769928,
    0.9730965495109558
   ]
  ]
 },
 {
  "rotation_euler": [
   0.2319478541612625,
   -0.01605888642370701,
   -0.5479883551597595
  ],
  "euler_order": "XYZ",
  "rotation_matrix": [
   [
    0.8534641861915588,
    0.5038689970970154,
    -0.1330973505973816
   ],
   [
    -0.520904004573822,
    0.8326390385627747,
    -0.18807241320610046
   ],
   [
    0.016058195382356644,
    0.22984400391578674,
    0.9730949997901917
   ]
  ]
 },
 {
  "rotation_euler": [
   0.23194317519664764,
   -0.016062378883361816,
   0.5430646538734436
  ],
  "euler_order": "XYZ",
  "rotation_matrix": [
   [
    0.8560185432434082,
    -0.5060849785804749,
    0.10540500283241272
   ],
   [
    0.516695499420166,
    0.8312952518463135,
    -0.2048754096031189
   ],
   [
    0.01606168784201145,
    0.22983944416046143,
    0.9730960130691528
   ]
  ]
 },
 {
  "rotation_euler": [
   0.2319517582654953,
   -0.016062753275036812,
   -0.15679824352264404
  ],
  "euler_order": "XYZ",
  "rotation_matrix": [
   [
    0.9876049160957336,
    0.14832758903503418,
    -0.05133701115846634
   ],
   [
    -0.1561363935470581,
    0.96185702085495,
    -0.22461636364459991
   ],
   [
    0.016062062233686447,
    0.22984778881072998,
    0.9730940461158752
   ]
  ]
 },
 {
  "rotation_euler": [
   0.23195044696331024,
   -0.016062356531620026,
   0.8257595300674438
  ],
  "euler_order": "XYZ",
  "rotation_matrix": [
   [
    0.6779114007949829,
    -0.7178812026977539,
    0.15837529301643372
   ],
   [
    0.7349681258201599,
    0.6571279764175415,
    -0.16734594106674194
   ],
   [
    0.01606166549026966,
    0.2298465222120285,
    0.9730943441390991
   ]
  ]
 },
 {
  "rotation_euler": [
   0.2319466769695282,
   -0.016059676185250282,
   -1.3124547004699707
  ],
  "euler_order": "XYZ",
  "rotation_matrix": [
   [
    0.25544461607933044,
    0.9399812817573547,
    -0.22623702883720398
   ],
   [
    -0.9666903018951416,
    0.2522050738334656,
    -0.04361697658896446
   ],
   [
    0.016058985143899918,
    0.22984285652637482,
    0.9730952382087708
   ]
  ]
 },
 {
  "rotation_euler": [
   0.2319502830505371,
   -0.016061805188655853,
   -0.07088444381952286
  ],
  "euler_order": "XYZ",
  "rotation_matrix": [
   [
    0.997360110282898,
    0.0652456060051918,
    -0.03187273442745209
   ],
   [
    -0.07081596553325653,
    0.9710373878479004,
    -0.22819167375564575
   ],
   [
    0.01606111414730549,
    0.22984635829925537,
    0.9730944037437439
   ]
  ]
 },
 {
  "rotation_euler": [
   0.23194743692874908,
   -0.01605832763016224,
   -0.5391523838043213
  ],
  "euler_order": "XYZ",
  "rotation_matrix": [
   [
    0.8580335378646851,
    0.4964924156665802,
    -0.13142970204353333
   ],
   [
    -0.5133426189422607,
    0.8370586633682251,
    -0.18924102187156677
   ],
   [
    0.016057636588811874,
    0.2298436015844345,
    0.9730951189994812
   ]
  ]
 },
 {
  "rotation_euler": [
   0.2319505363702774,
   -0.016062790527939796,
   2.954857349395752
  ],
  "euler_order": "XYZ",
  "rotation_matrix": [
   [
    -0.9824888110160828,
    -0.17705205082893372,
    0.058037176728248596
   ],
   [
    0.1856279969215393,
    -0.9569864869117737,
    0.2229778915643692
   ],
   [
    0.016062099486589432,
    0.22984661161899567,
    0.9730943441390991
   ]
  ]
 },
 {
  "rotation_euler": [
   0.23194700479507446,
   -0.016059454530477524,
   -0.005809026304632425
  ],
  "euler_order": "XYZ",
  "rotation_matrix": [
   [
    0.9998542070388794,
    0.0019620214588940144,
    -0.016963787376880646
   ],
   [
    -0.005808244459331036,
    0.9732257127761841,
    -0.22977815568447113
   ],
   [
    0.01605876348912716,
    0.22984318435192108,
    0.973095178604126
   ]
  ]
 },
 {
  "rotation_euler": [
   0.23194323480129242,
   -0.016062287613749504,
   0.6996849179267883
  ],
  "euler_order": "XYZ",
  "rotation_matrix": [
   [
    0.764946460723877,
    -0.6295565366744995,
    0.13607157766819
   ],
   [
    0.6438935995101929,
    0.7421808242797852,
    -0.18592658638954163
   ],
   [
    0.01606159657239914,
    0.2298395037651062,
    0.9730960130691528
   ]
  ]
 },
 {
  "rotation_euler": [
   0.2319505214691162,
   -0.016063373535871506,
   1.3968974351882935
  ],
  "euler_order": "XYZ",
  "rotation_matrix": [
   [
    0.17300142347812653,
    -0.9591802954673767,
    0.22370436787605286
   ],
   [
    0.984790563583374,
    0.16475340723991394,
    -0.05517079681158066
   ],
   [
    0.01606268249452114,
    0.22984658181667328,
    0.9730942845344543
   ]
  ]
 }
]