[
 {
  "rotation_euler": [
   -1.220146656036377,
   1.552140474319458,
   0.43410563468933105
  ],
  "euler_order": "XYZ",
  "rotation_matrix": [
   [
    0.016924476251006126,
    -0.996371328830719,
    -0.08341335505247116
   ],
   [
    0.007846180349588394,
    -0.08329038321971893,
    0.9964944124221802
   ],
   [
    -0.9998260140419006,
    -0.017519623041152954,
    0.006408063229173422
   ]
  ]
 },
 {
  "rotation_euler": [
   2.052389621734619,
   -1.589003324508667,
   0.8655169010162354
  ],
  "euler_order": "XYZ",
  "rotation_matrix": [
   [
    -0.01180197298526764,
    -0.22173020243644714,
    0.97503662109375
   ],
   [
    -0.013862596824765205,
    -0.9749745726585388,
    -0.2218838781118393
   ],
   [
    0.9998342394828796,
    -0.016135206446051598,
    0.008432867005467415
   ]
  ]
 },
 {
  "rotation_euler": [
   -1.0892077684402466,
   -1.5525892972946167,
   -1.1113849878311157
  ],
  "euler_order": "XYZ",
  "rotation_matrix": [
   [
    0.008072924800217152,
    0.8080822825431824,
    0.5890142917633057
   ],
   [
    -0.0163183081895113,
    -0.5888485908508301,
    0.8080785870552063
   ],
   [
    0.9998342394828796,
    -0.01613527536392212,
    0.008432804606854916
   ]
  ]
 },
 {
  "rotation_euler": [
   -1.2201424837112427,
   1.552140474319458,
   0.992027997970581
  ],
  "euler_order": "XYZ",
  "rotation_matrix": [
   [
    0.010204033926129341,
    -0.8011849522590637,
    -0.5983297824859619
   ],
   [
    0.015616598539054394,
    -0.5981602668762207,
    0.8012242913246155
   ],
   [
    -0.9998260140419006,
    -0.017519596964120865,
    0.006408136337995529
   ]
  ]
 },
 {
  "rotation_euler": [
   2.0523886680603027,
   -1.589003324508667,
   -0.23826470971107483
  ],
  "euler_order": "XYZ",
  "rotation_matrix": [
   [
    -0.017691655084490776,
    -0.9703988432884216,
    0.24085895717144012
   ],
   [
    0.004296918399631977,
    -0.2409682273864746,
    -0.970523476600647
   ],
   [
    0.9998342394828796,
    -0.016135213896632195,
    0.008432851172983646
   ]
  ]
 },
 {
  "rotation_euler": [
   -1.089211344718933,
   -1.5525894165039062,
   0.768097460269928
  ],
  "euler_order": "XYZ",
  "rotation_matrix": [
   [
    0.013094301335513592,
    0.3155180513858795,
    -0.9488292336463928
   ],
   [
    0.01264888234436512,
    0.9487823843955994,
    0.31567704677581787
   ],
   [
    0.9998342394828796,
    -0.016135198995471,
    0.008432691916823387
   ]
  ]
 },
 {
  "rotation_euler": [
   -1.2201573848724365,
   1.552140712738037,
   -0.05778484418988228
  ],
  "euler_order": "XYZ",
  "rotation_matrix": [
   [
    0.01862339675426483,
    -0.9175848364830017,
    0.39710357785224915
   ],
   [
    -0.0010773494141176343,
    0.3971538245677948,
    0.9177514314651489
   ],
   [
    -0.9998260140419006,
    -0.017519468441605568,
    0.006407793145626783
   ]
  ]
 },
 {
  "rotation_euler": [
   -1.2201474905014038,
   1.552140474319458,
   -0.9399945735931396
  ],
  "euler_order": "XYZ",
  "rotation_matrix": [
   [
    0.011002441868185997,
    -0.2764062285423279,
    0.9609779119491577
   ],
   [
    -0.015064750798046589,
    0.9608811736106873,
    0.27655088901519775
   ],
   [
    -0.9998260140419006,
    -0.017519628629088402,
    0.006408048793673515
   ]
  ]
 },
 {
  "rotation_euler": [
   2.0523858070373535,
   -1.589003324508667,
   0.10203056782484055
  ],
  "euler_order": "XYZ",
  "rotation_matrix": [
   [
    -0.01811130903661251,
    -0.8343271613121033,
    0.5509719848632812
   ],
   [
    -0.0018543463665992022,
    -0.5510334372520447,
    -0.8344811201095581
   ],
   [
    0.9998342394828796,
    -0.016135238111019135,
    0.00843280553817749
   ]
  ]
 },
 {
  "rotation_euler": [
   1.9214375019073486,
   1.5894522666931152,
   0.6196601986885071
  ],
  "euler_order": "XYZ",
  "rotation_matrix": [
   [
    -0.015186469070613384,
    0.9638990759849548,
    0.2658345401287079
   ],
   [
    -0.01083396840840578,
    0.26569095253944397,
    -0.9639973640441895
   ],
   [
    -0.9998259544372559,
    -0.017519759014248848,
    0.006407944485545158
   ]
  ]
 },
 {
  "rotation_euler": [
   -1.0892056226730347,
   -1.5525892972946167,
   -1.3104146718978882
  ],
  "euler_order": "XYZ",
  "rotation_matrix": [
   [
    0.004687129054218531,
    0.6757053136825562,
    0.7371569275856018
   ],
   [
    -0.017592331394553185,
    -0.7369952201843262,
    0.6756689548492432
   ],
   [
    0.9998342394828796,
    -0.016135256737470627,
    0.008432839997112751
   ]
  ]
 },
 {
  "rotation_euler": [
   -1.2201420068740845,
   1.552140474319458,
   1.7380648851394653
  ],
  "euler_order": "XYZ",
  "rotation_matrix": [
   [
    -0.003105826210230589,
    -0.18238681554794312,
    -0.9832219481468201
   ],
   [
    0.018394408747553825,
    -0.9830707311630249,
    0.1823006570339203
   ],
   [
    -0.9998260140419006,
    -0.017519593238830566,
    0.006408144719898701
   ]
  ]
 },
 {
  "rotation_euler": [
   -1.089214563369751,
   -1.5525894165039062,
   -0.3143901526927948
  ],
  "euler_order": "XYZ",
  "rotation_matrix": [
   [
    0.01731354370713234,
    0.9859163165092468,
    -0.16634076833724976
   ],
   [
    -0.005629931576550007,
    0.16645920276641846,
    0.986032247543335
   ],
   [
    0.9998342394828796,
    -0.01613522693514824,
    0.008432639762759209
   ]
  ]
 },
 {
  "rotation_euler": [
   2.0523805618286133,
   -1.589003324508667,
   1.0606012344360352
  ],
  "euler_order": "XYZ",
  "rotation_matrix": [
   [
    -0.008890850469470024,
    -0.02853522077202797,
    0.9995532631874084
   ],
   [
    -0.015887444838881493,
    -0.9994625449180603,
    -0.028673946857452393
   ],
   [
    0.9998342394828796,
    -0.016135282814502716,
    0.0084327207878232
   ]
  ]
 },
 {
  "rotation_euler": [
   -1.2201510667800903,
   1.552140474319458,
   -1.8674615621566772
  ],
  "euler_order": "XYZ",
  "rotation_matrix": [
   [
    -0.0054534003138542175,
    0.6029953956604004,
    0.797726035118103
   ],
   [
    -0.017839867621660233,
    0.7975522875785828,
    -0.6029859781265259
   ],
   [
    -0.9998260140419006,
    -0.017519650980830193,
    0.006407985929399729
   ]
  ]
 },
 {
  "rotation_euler": [
   -1.0892143249511719,
   -1.5525894165039062,
   0.6152433753013611
  ],
  "euler_order": "XYZ",
  "rotation_matrix": [
   [
    0.014867542311549187,
    0.45630311965942383,
    -0.889700174331665
   ],
   [
    0.010507670231163502,
    0.8896781206130981,
    0.4564673900604248
   ],
   [
    0.9998342394828796,
    -0.01613522507250309,
    0.008432644419372082
   ]
  ]
 }
]