[
 {
  "rotation_euler": [
   0.009161987341940403,
   -2.5909749012953398e-08,
   1.2171152830123901
  ],
  "euler_order": "XYZ",
  "rotation_matrix": [
   [
    0.34635335206985474,
    -0.9380647540092468,
    0.008594769053161144
   ],
   [
    0.9381041526794434,
    0.34633880853652954,
    -0.0031732649076730013
   ],
   [
    2.5909749012953398e-08,
    0.009161858819425106,
    0.9999580383300781
   ]
  ]
 },
 {
  "rotation_euler": [
   0.009156093001365662,
   1.188178771371895e-06,
   2.103238105773926
  ],
  "euler_order": "XYZ",
  "rotation_matrix": [
   [
    -0.5076386332511902,
    -0.8615339994430542,
    0.007887902669608593
   ],
   [
    0.8615701198577881,
    -0.5076173543930054,
    0.004648945294320583
   ],
   [
    -1.188178771371895e-06,
    0.00915596541017294,
    0.9999580979347229
   ]
  ]
 },
 {
  "rotation_euler": [
   0.009210786782205105,
   -1.051950903274701e-06,
   -2.2679288387298584
  ],
  "euler_order": "XYZ",
  "rotation_matrix": [
   [
    -0.642021894454956,
    0.766653835773468,
    -0.007061009295284748
   ],
   [
    -0.7666863203048706,
    -0.6419945955276489,
    0.005914249457418919
   ],
   [
    1.051950903274701e-06,
    0.009210656397044659,
    0.9999575614929199
   ]
  ]
 },
 {
  "rotation_euler": [
   0.009165800176560879,
   5.059595764578262e-07,
   -0.07489658892154694
  ],
  "euler_order": "XYZ",
  "rotation_matrix": [
   [
    0.9971965551376343,
    0.07482344657182693,
    -0.0006853314116597176
   ],
   [
    -0.07482658326625824,
    0.9971546530723572,
    -0.0091400146484375
   ],
   [
    -5.059595764578262e-07,
    0.009165671654045582,
    0.9999579787254333
   ]
  ]
 },
 {
  "rotation_euler": [
   0.009160907939076424,
   3.972133697516256e-07,
   1.765688419342041
  ],
  "euler_order": "XYZ",
  "rotation_matrix": [
   [
    -0.1936606764793396,
    -0.9810274243354797,
    0.008987275883555412
   ],
   [
    0.9810685515403748,
    -0.19365254044532776,
    0.0017744724173098803
   ],
   [
    -3.972133697516256e-07,
    0.009160779416561127,
    0.9999580383300781
   ]
  ]
 },
 {
  "rotation_euler": [
   0.009210731834173203,
   1.3979631603433518e-06,
   0.589301586151123
  ],
  "euler_order": "XYZ",
  "rotation_matrix": [
   [
    0.8313290476799011,
    -0.5557569861412048,
    0.0051202354952692986
   ],
   [
    0.5557805299758911,
    0.8312937617301941,
    -0.007656263653188944
   ],
   [
    -1.3979631603433518e-06,
    0.009210601449012756,
    0.9999575614929199
   ]
  ]
 },
 {
  "rotation_euler": [
   0.009210240095853806,
   -1.166183324130543e-06,
   0.6437656879425049
  ],
  "euler_order": "XYZ",
  "rotation_matrix": [
   [
    0.7998412251472473,
    -0.6001861691474915,
    0.005527082365006208
   ],
   [
    0.6002116203308105,
    0.7998073101043701,
    -0.007367325481027365
   ],
   [
    1.166183324130543e-06,
    0.00921010971069336,
    0.9999575614929199
   ]
  ]
 },
 {
  "rotation_euler": [
   0.00916323997080326,
   -3.0329877063195454e-06,
   -0.1836620420217514
  ],
  "euler_order": "XYZ",
  "rotation_matrix": [
   [
    0.9831814765930176,
    0.18262355029582977,
    -0.0016764523461461067
   ],
   [
    -0.1826312392950058,
    0.983140230178833,
    -0.009008447639644146
   ],
   [
    3.0329877063195454e-06,
    0.009163111448287964,
    0.9999580383300781
   ]
  ]
 },
 {
  "rotation_euler": [
   0.009166796691715717,
   2.1047335394541733e-06,
   0.41907545924186707
  ],
  "euler_order": "XYZ",
  "rotation_matrix": [
   [
    0.9134655594825745,
    -0.40689897537231445,
    0.003731987439095974
   ],
   [
    0.406916081905365,
    0.9134271740913391,
    -0.008372578769922256
   ],
   [
    -2.1047335394541733e-06,
    0.00916666816920042,
    0.9999579787254333
   ]
  ]
 },
 {
  "rotation_euler": [
   0.00916242878884077,
   1.745101144479122e-06,
   3.104308605194092
  ],
  "euler_order": "XYZ",
  "rotation_matrix": [
   [
    -0.999305009841919,
    -0.03727386146783829,
    0.0003397847176529467
   ],
   [
    0.03727541118860245,
    -0.9992631077766418,
    0.00915599800646305
   ],
   [
    -1.745101144479122e-06,
    0.009162300266325474,
    0.9999580383300781
   ]
  ]
 },
 {
  "rotation_euler": [
   0.009209666401147842,
   -1.5150993704082794e-06,
   -0.27688300609588623
  ],
  "euler_order": "XYZ",
  "rotation_matrix": [
   [
    0.9619121551513672,
    0.2733471095561981,
    -0.002518964232876897
   ],
   [
    -0.27335870265960693,
    0.9618713855743408,
    -0.008858351036906242
   ],
   [
    1.5150993704082794e-06,
    0.009209536015987396,
    0.9999576210975647
   ]
  ]
 },
 {
  "rotation_euler": [
   0.006471368484199047,
   4.7288936912082136e-05,
   1.0212208032608032
  ],
  "euler_order": "XYZ",
  "rotation_matrix": [
   [
    0.5223252773284912,
    -0.8527283072471619,
    0.005543096922338009
   ],
   [
    0.852746307849884,
    0.5223146080970764,
    -0.0033398112282156944
   ],
   [
    -4.7288936912082136e-05,
    0.006471323315054178,
    0.9999790787696838
   ]
  ]
 },
 {
  "rotation_euler": [
   0.009207639843225479,
   -2.3770815005264012e-07,
   0.8851005434989929
  ],
  "euler_order": "XYZ",
  "rotation_matrix": [
   [
    0.6332116723060608,
    -0.7739458680152893,
    0.007126265671104193
   ],
   [
    0.7739786505699158,
    0.6331848502159119,
    -0.00583048677071929
   ],
   [
    2.3770815005264012e-07,
    0.009207509458065033,
    0.9999576210975647
   ]
  ]
 },
 {
  "rotation_euler": [
   0.00916786678135395,
   9.182505777971528e-07,
   -1.9307726621627808
  ],
  "euler_order": "XYZ",
  "rotation_matrix": [
   [
    -0.3522520959377289,
    0.9358658194541931,
    -0.008580457419157028
   ],
   [
    -0.9359051585197449,
    -0.3522372841835022,
    0.0032284955959767103
   ],
   [
    -9.182505777971528e-07,
    0.009167738258838654,
    0.9999579787254333
   ]
  ]
 },
 {
  "rotation_euler": [
   0.009158827364444733,
   1.0379357036072179e-06,
   -3.0219008922576904
  ],
  "euler_order": "XYZ",
  "rotation_matrix": [
   [
    -0.9928454756736755,
    0.11940116435289383,
    -0.001094635808840394
   ],
   [
    -0.11940617859363556,
    -0.9928038716316223,
    0.009093048982322216
   ],
   [
    -1.0379357036072179e-06,
    0.00915869977325201,
    0.9999580383300781
   ]
  ]
 },
 {
  "rotation_euler": [
   0.009174397215247154,
   7.232058010231412e-07,
   2.5030951499938965
  ],
  "euler_order": "XYZ",
  "rotation_matrix": [
   [
    -0.8029921650886536,
    -0.5959645509719849,
    0.005467188078910112
   ],
   [
    0.5959896445274353,
    -0.8029583096504211,
    0.007367296610027552
   ],
   [
    -7.232058010231412e-07,
    0.009174268692731857,
    0.9999579191207886
   ]
  ]
 }
]