[
 {
  "rotation_euler": [
   5.730860721087083e-06,
   0.00019227364100515842,
   0.01182168535888195
  ],
  "euler_order": "XYZ",
  "rotation_matrix": [
   [
    0.9999300837516785,
    -0.01182140875607729,
    0.0001923279487527907
   ],
   [
    0.011821409687399864,
    0.9999301433563232,
    -3.4575148220028495e-06
   ],
   [
    -0.00019227364100515842,
    5.730860721087083e-06,
    1.0
   ]
  ]
 },
 {
  "rotation_euler": [
   -7.86355144555273e-07,
   0.00018987587827723473,
   -0.6516290903091431
  ],
  "euler_order": "XYZ",
  "rotation_matrix": [
   [
    0.7950968146324158,
    0.6064825057983398,
    0.00015144662756938487
   ],
   [
    -0.6064825057983398,
    0.7950968146324158,
    -0.00011453116894699633
   ],
   [
    -0.00018987587827723473,
    -7.86355144555273e-07,
    1.0
   ]
  ]
 },
 {
  "rotation_euler": [
   4.2325532376708e-06,
   0.0001921366638271138,
   1.3761273622512817
  ],
  "euler_order": "XYZ",
  "rotation_matrix": [
   [
    0.19344176352024078,
    -0.9811117649078369,
    4.131986133870669e-05
   ],
   [
    0.9811117649078369,
    0.19344176352024078,
    0.0001876887836260721
   ],
   [
    -0.0001921366638271138,
    4.2325532376708e-06,
    1.0
   ]
  ]
 },
 {
  "rotation_euler": [
   -9.215682439389639e-06,
   0.00019317169790156186,
   -1.5681298971176147
  ],
  "euler_order": "XYZ",
  "rotation_matrix": [
   [
    0.002666426356881857,
    0.9999964237213135,
    9.730727470014244e-06
   ],
   [
    -0.9999964237213135,
    0.002666428219527006,
    -0.0001931464357767254
   ],
   [
    -0.00019317169790156186,
    -9.215682439389639e-06,
    1.0
   ]
  ]
 },
 {
  "rotation_euler": [
   7.630160325788893e-06,
   0.0001924974931171164,
   2.919013023376465
  ],
  "euler_order": "XYZ",
  "rotation_matrix": [
   [
    -0.9753312468528748,
    -0.22074635326862335,
    -0.00018606448429636657
   ],
   [
    0.22074633836746216,
    -0.9753312468528748,
    4.993505353922956e-05
   ],
   [
    -0.0001924974931171164,
    7.630160325788893e-06,
    1.0
   ]
  ]
 },
 {
  "rotation_euler": [
   3.5540142562240362e-06,
   0.00019302888540551066,
   -0.5487616062164307
  ],
  "euler_order": "XYZ",
  "rotation_matrix": [
   [
    0.853171169757843,
    0.5216310620307922,
    0.00016283278819173574
   ],
   [
    -0.5216310620307922,
    0.853171169757843,
    -0.0001037220426951535
   ],
   [
    -0.00019302888540551066,
    3.5540142562240362e-06,
    1.0
   ]
  ]
 },
 {
  "rotation_euler": [
   4.239929694449529e-06,
   0.00019298178085591644,
   2.143859386444092
  ],
  "euler_order": "XYZ",
  "rotation_matrix": [
   [
    -0.5422083139419556,
    -0.8402441143989563,
    -0.00010107374691870064
   ],
   [
    0.8402441143989563,
    -0.5422083139419556,
    0.00016445072833448648
   ],
   [
    -0.00019298178085591644,
    4.239929694449529e-06,
    1.0
   ]
  ]
 },
 {
  "rotation_euler": [
   3.2684670259186532e-06,
   0.0001919775822898373,
   1.7429615259170532
  ],
  "euler_order": "XYZ",
  "rotation_matrix": [
   [
    -0.17131593823432922,
    -0.9852161407470703,
    -2.966867214126978e-05
   ],
   [
    0.9852161407470703,
    -0.17131593823432922,
    0.00018969934899359941
   ],
   [
    -0.0001919775822898373,
    3.2684670259186532e-06,
    1.0
   ]
  ]
 },
 {
  "rotation_euler": [
   -2.4331259851351206e-07,
   0.00018902058945968747,
   -0.2933139204978943
  ],
  "euler_order": "XYZ",
  "rotation_matrix": [
   [
    0.9572909474372864,
    0.2891261875629425,
    0.0001810180547181517
   ],
   [
    -0.2891261875629425,
    0.9572910070419312,
    -5.4417883802670985e-05
   ],
   [
    -0.00018902058945968747,
    -2.4331259851351206e-07,
    1.0
   ]
  ]
 },
 {
  "rotation_euler": [
   3.8080870012890955e-07,
   0.000188536592759192,
   1.8191514015197754
  ],
  "euler_order": "XYZ",
  "rotation_matrix": [
   [
    -0.24580983817577362,
    -0.9693180918693542,
    -4.597502265824005e-05
   ],
   [
    0.9693180322647095,
    -0.24580983817577362,
    0.00018284552788827568
   ],
   [
    -0.000188536592759192,
    3.8080870012890955e-07,
    1.0
   ]
  ]
 },
 {
  "rotation_euler": [
   -4.580475433613174e-06,
   0.00019069899281021208,
   3.0700643062591553
  ],
  "euler_order": "XYZ",
  "rotation_matrix": [
   [
    -0.997442901134491,
    -0.07146736979484558,
    -0.00019053871801588684
   ],
   [
    0.07146736979484558,
    -0.9974429607391357,
    9.059992407856043e-06
   ],
   [
    -0.00019069899281021208,
    -4.580475433613174e-06,
    1.0
   ]
  ]
 },
 {
  "rotation_euler": [
   -9.859240890364163e-07,
   0.00018919119611382484,
   -0.5586271286010742
  ],
  "euler_order": "XYZ",
  "rotation_matrix": [
   [
    0.8479835391044617,
    0.5300225019454956,
    0.0001609535829629749
   ],
   [
    -0.5300225019454956,
    0.8479835391044617,
    -9.94395450106822e-05
   ],
   [
    -0.00018919119611382484,
    -9.859240890364163e-07,
    1.0
   ]
  ]
 },
 {
  "rotation_euler": [
   -4.695976258517476e-06,
   0.00019328556663822383,
   1.5852055549621582
  ],
  "euler_order": "XYZ",
  "rotation_matrix": [
   [
    -0.014408729039132595,
    -0.9998961687088013,
    -7.480488420696929e-06
   ],
   [
    0.9998961687088013,
    -0.014408730901777744,
    0.000193197833141312
   ],
   [
    -0.00019328556663822383,
    -4.695976258517476e-06,
    1.0
   ]
  ]
 },
 {
  "rotation_euler": [
   -5.7723264035303146e-06,
   0.000193956948351115,
   2.436124086380005
  ],
  "euler_order": "XYZ",
  "rotation_matrix": [
   [
    -0.7613078355789185,
    -0.6483906507492065,
    -0.00015140367031563073
   ],
   [
    0.6483905911445618,
    -0.7613078355789185,
    0.00012136535224271938
   ],
   [
    -0.000193956948351115,
    -5.7723264035303146e-06,
    1.0
   ]
  ]
 },
 {
  "rotation_euler": [
   2.5824915610428434e-06,
   0.00019047674140892923,
   3.003147602081299
  ],
  "euler_order": "XYZ",
  "rotation_matrix": [
   [
    -0.9904317855834961,
    -0.13800321519374847,
    -0.00018829782493412495
   ],
   [
    0.13800321519374847,
    -0.9904317855834961,
    2.884418427129276e-05
   ],
   [
    -0.00019047674140892923,
    2.5824915610428434e-06,
    1.0
   ]
  ]
 },
 {
  "rotation_euler": [
   -1.3531108322695218e-07,
   0.0001881819625850767,
   0.8604612946510315
  ],
  "euler_order": "XYZ",
  "rotation_matrix": [
   [
    0.6520878076553345,
    -0.758143424987793,
    0.00012260857329238206
   ],
   [
    0.758143424987793,
    0.6520878076553345,
    0.0001427571551175788
   ],
   [
    -0.0001881819625850767,
    -1.3531108322695218e-07,
    1.0
   ]
  ]
 }
]