[
 {
  "rotation_euler": [
   -0.05800394341349602,
   2.258583208458731e-06,
   2.7626137733459473
  ],
  "euler_order": "XYZ",
  "rotation_matrix": [
   [
    -0.9290429353713989,
    -0.3693496882915497,
    -0.021449897438287735
   ],
   [
    0.36997199058532715,
    -0.9274805188179016,
    -0.05385710671544075
   ],
   [
    -2.258583208458731e-06,
    -0.05797142535448074,
    0.9983182549476624
   ]
  ]
 },
 {
  "rotation_euler": [
   -0.05800352618098259,
   1.9061620832871995e-06,
   1.4564127922058105
  ],
  "euler_order": "XYZ",
  "rotation_matrix": [
   [
    0.1141342744231224,
    -0.9917945861816406,
    -0.05759196728467941
   ],
   [
    0.9934653043746948,
    0.1139422208070755,
    0.006618369370698929
   ],
   [
    -1.9061620832871995e-06,
    -0.057971008121967316,
    0.9983182549476624
   ]
  ]
 },
 {
  "rotation_euler": [
   -4.117369201139809e-07,
   -2.4936971954048204e-07,
   1.4984855651855469
  ],
  "euler_order": "XYZ",
  "rotation_matrix": [
   [
    0.07224775850772858,
    -0.9973866939544678,
    -4.2867733895946003e-07
   ],
   [
    0.9973866939544678,
    0.07224775850772858,
    -2.189709817912444e-07
   ],
   [
    2.4936971954048204e-07,
    -4.117369201139809e-07,
    1.0
   ]
  ]
 },
 {
  "rotation_euler": [
   2.8928404560701892e-08,
   -1.8593733219773867e-09,
   -1.3106199502944946
  ],
  "euler_order": "XYZ",
  "rotation_matrix": [
   [
    0.25725099444389343,
    0.9663445949554443,
    -2.843313318123819e-08
   ],
   [
    -0.9663445949554443,
    0.25725099444389343,
    -5.645065304094032e-09
   ],
   [
    1.8593733219773867e-09,
    2.8928404560701892e-08,
    1.0
   ]
  ]
 },
 {
  "rotation_euler": [
   -0.0580044649541378,
   -4.085125965502812e-06,
   2.3848659992218018
  ],
  "euler_order": "XYZ",
  "rotation_matrix": [
   [
    -0.7270871996879578,
    -0.6853906512260437,
    -0.03979739174246788
   ],
   [
    0.6865451335906982,
    -0.7258642315864563,
    -0.042153459042310715
   ],
   [
    4.085125965502812e-06,
    -0.05797194316983223,
    0.9983181953430176
   ]
  ]
 },
 {
  "rotation_euler": [
   2.4619936311864876e-08,
   2.838005386252007e-08,
   1.232757806777954
  ],
  "euler_order": "XYZ",
  "rotation_matrix": [
   [
    0.33163726329803467,
    -0.9434069991111755,
    3.2638503455473256e-08
   ],
   [
    0.9434069991111755,
    0.33163726329803467,
    1.8609052077067645e-08
   ],
   [
    -2.838005386252007e-08,
    2.4619936311864876e-08,
    1.0
   ]
  ]
 },
 {
  "rotation_euler": [
   1.0765081270847077e-08,
   -6.106470440414569e-09,
   -1.883158802986145
  ],
  "euler_order": "XYZ",
  "rotation_matrix": [
   [
    -0.3073076605796814,
    0.9516102075576782,
    -8.367596393554777e-09
   ],
   [
    -0.9516102075576782,
    -0.3073076605796814,
    9.119171195948184e-09
   ],
   [
    6.106470440414569e-09,
    1.0765081270847077e-08,
    1.0
   ]
  ]
 },
 {
  "rotation_euler": [
   -1.022841633613325e-08,
   8.434158260683944e-09,
   2.2575340270996094
  ],
  "euler_order": "XYZ",
  "rotation_matrix": [
   [
    -0.6340177655220032,
    -0.7733184695243835,
    -1.3257229980467855e-08
   ],
   [
    0.7733184695243835,
    -0.6340177655220032,
    3.7292811200240195e-11
   ],
   [
    -8.434158260683944e-09,
    -1.022841633613325e-08,
    1.0
   ]
  ]
 },
 {
  "rotation_euler": [
   -0.05800212174654007,
   5.5623289085815486e-08,
   1.4684560298919678
  ],
  "euler_order": "XYZ",
  "rotation_matrix": [
   [
    0.10216174274682999,
    -0.9930949211120605,
    -0.057666290551424026
   ],
   [
    0.9947677850723267,
    0.10198993980884552,
    0.005922331474721432
   ],
   [
    -5.5623289085815486e-08,
    -0.057969603687524796,
    0.9983183741569519
   ]
  ]
 },
 {
  "rotation_euler": [
   -1.0748679812877526e-07,
   -4.730982539058459e-08,
   0.5418870449066162
  ],
  "euler_order": "XYZ",
  "rotation_matrix": [
   [
    0.856736958026886,
    -0.5157536268234253,
    -9.596877958983896e-08
   ],
   [
    0.5157536268234253,
    0.856736958026886,
    6.768770077769659e-08
   ],
   [
    4.730982539058459e-08,
    -1.0748679812877526e-07,
    1.0
   ]
  ]
 },
 {
  "rotation_euler": [
   -2.2424398338216633e-08,
   -1.3051405289843387e-08,
   2.011040210723877
  ],
  "euler_order": "XYZ",
  "rotation_matrix": [
   [
    -0.4261600971221924,
    -0.9046477675437927,
    -1.4724193420079246e-08
   ],
   [
    0.9046477675437927,
    -0.4261600971221924,
    -2.1363309343769288e-08
   ],
   [
    1.3051405289843387e-08,
    -2.2424398338216633e-08,
    1.0
   ]
  ]
 },
 {
  "rotation_euler": [
   -0.05800230801105499,
   3.9447077142540365e-06,
   -2.334010124206543
  ],
  "euler_order": "XYZ",
  "rotation_matrix": [
   [
    -0.6912473440170288,
    0.721403181552887,
    0.0418873056769371
   ],
   [
    -0.7226182222366333,
    -0.6900847554206848,
    -0.04007431119680405
   ],
   [
    -3.9447077142540365e-06,
    -0.05796978995203972,
    0.9983183145523071
   ]
  ]
 },
 {
  "rotation_euler": [
   -4.842132383942044e-08,
   -8.787580441094178e-09,
   0.7884918451309204
  ],
  "euler_order": "XYZ",
  "rotation_matrix": [
   [
    0.7049158215522766,
    -0.7092909812927246,
    -4.0539312351484114e-08
   ],
   [
    0.7092909812927246,
    0.7049158215522766,
    2.790000586117003e-08
   ],
   [
    8.787580441094178e-09,
    -4.842132383942044e-08,
    1.0
   ]
  ]
 },
 {
  "rotation_euler": [
   6.171828914602884e-08,
   -2.3768537360524533e-08,
   0.27785053849220276
  ],
  "euler_order": "XYZ",
  "rotation_matrix": [
   [
    0.9616472125053406,
    -0.27428925037384033,
    -5.928284529943539e-09
   ],
   [
    0.27428925037384033,
    0.9616472125053406,
    -6.587067957752879e-08
   ],
   [
    2.3768537360524533e-08,
    6.171828914602884e-08,
    1.0
   ]
  ]
 },
 {
  "rotation_euler": [
   -1.131611959692691e-08,
   3.3229714091476126e-08,
   -2.726536512374878
  ],
  "euler_order": "XYZ",
  "rotation_matrix": [
   [
    -0.9150936603546143,
    0.4032413065433502,
    -2.584517488912752e-08
   ],
   [
    -0.4032413065433502,
    -0.9150936603546143,
    -2.3754902045425297e-08
   ],
   [
    -3.3229714091476126e-08,
    -1.131611959692691e-08,
    1.0
   ]
  ]
 },
 {
  "rotation_euler": [
   9.855261495772538e-09,
   -2.90242283540465e-08,
   -2.3485496044158936
  ],
  "euler_order": "XYZ",
  "rotation_matrix": [
   [
    -0.7016804218292236,
    0.7124918103218079,
    1.33439392868695e-08
   ],
   [
    -0.7124918103218079,
    -0.7016804218292236,
    2.7594769136385366e-08
   ],
   [
    2.90242283540465e-08,
    9.855261495772538e-09,
    1.0
   ]
  ]
 }
]