[
 {
  "rotation_euler": [
   0.09256798774003983,
   -1.436938762664795,
   2.6849491596221924
  ],
  "euler_order": "XYZ",
  "rotation_matrix": [
   [
    -0.11978372931480408,
    -0.3568277060985565,
    0.9264587759971619
   ],
   [
    0.05884678661823273,
    -0.9340887665748596,
    -0.3521580100059509
   ],
   [
    0.9910544157028198,
    0.01233631931245327,
    0.13288679718971252
   ]
  ]
 },
 {
  "rotation_euler": [
   0.09256675839424133,
   -1.436938762664795,
   -0.9140005111694336
  ],
  "euler_order": "XYZ",
  "rotation_matrix": [
   [
    0.08148722350597382,
    0.7326281070709229,
    -0.6757336258888245
   ],
   [
    -0.10569257289171219,
    0.6805173754692078,
    0.7250691056251526
   ],
   [
    0.9910544157028198,
    0.012336156331002712,
    0.13288681209087372
   ]
  ]
 },
 {
  "rotation_euler": [
   -0.11379489302635193,
   1.4366397857666016,
   2.5569210052490234
  ],
  "euler_order": "XYZ",
  "rotation_matrix": [
   [
    -0.11153697222471237,
    -0.4545186161994934,
    -0.8837264180183411
   ],
   [
    0.073822520673275,
    -0.8906077742576599,
    0.44874054193496704
   ],
   [
    -0.9910144805908203,
    -0.015187748707830906,
    0.13288940489292145
   ]
  ]
 },
 {
  "rotation_euler": [
   0.09182234108448029,
   -1.4369642734527588,
   2.3876953125
  ],
  "euler_order": "XYZ",
  "rotation_matrix": [
   [
    -0.09727615118026733,
    -0.6153525114059448,
    0.7822266817092896
   ],
   [
    0.09133284538984299,
    -0.7881571054458618,
    -0.6086598038673401
   ],
   [
    0.9910578727722168,
    0.012234911322593689,
    0.13287077844142914
   ]
  ]
 },
 {
  "rotation_euler": [
   -0.11379440873861313,
   1.4366395473480225,
   -3.0675041675567627
  ],
  "euler_order": "XYZ",
  "rotation_matrix": [
   [
    -0.13338778913021088,
    0.1857619732618332,
    -0.9734989404678345
   ],
   [
    -0.009900621138513088,
    -0.9824773669242859,
    -0.18611864745616913
   ],
   [
    -0.9910144805908203,
    -0.015187711454927921,
    0.13288964331150055
   ]
  ]
 },
 {
  "rotation_euler": [
   0.09256675839424133,
   -1.4369388818740845,
   0.7882763743400574
  ],
  "euler_order": "XYZ",
  "rotation_matrix": [
   [
    0.09409710019826889,
    -0.7706928253173828,
    -0.630220890045166
   ],
   [
    0.0946403220295906,
    0.6370874643325806,
    -0.7649593353271484
   ],
   [
    0.9910544753074646,
    0.012336145155131817,
    0.13288669288158417
   ]
  ]
 },
 {
  "rotation_euler": [
   0.09256736934185028,
   -1.436938762664795,
   -2.6304659843444824
  ],
  "euler_order": "XYZ",
  "rotation_matrix": [
   [
    -0.11640141904354095,
    0.5669662356376648,
    0.815475344657898
   ],
   [
    -0.0652824342250824,
    -0.8236486315727234,
    0.563330352306366
   ],
   [
    0.9910544157028198,
    0.012336237356066704,
    0.13288681209087372
   ]
  ]
 },
 {
  "rotation_euler": [
   -0.11379437148571014,
   1.436639666557312,
   2.264738082885742
  ],
  "euler_order": "XYZ",
  "rotation_matrix": [
   [
    -0.08554573357105255,
    -0.691788911819458,
    -0.7170146703720093
   ],
   [
    0.10282129794359207,
    -0.7219400405883789,
    0.6842736005783081
   ],
   [
    -0.9910144805908203,
    -0.015187692828476429,
    0.132889524102211
   ]
  ]
 },
 {
  "rotation_euler": [
   -0.11379457265138626,
   1.436639666557312,
   2.6398768424987793
  ],
  "euler_order": "XYZ",
  "rotation_matrix": [
   [
    -0.11727049946784973,
    -0.37915948033332825,
    -0.9178702235221863
   ],
   [
    0.0643266811966896,
    -0.9252066612243652,
    0.37397146224975586
   ],
   [
    -0.9910144805908203,
    -0.015187719836831093,
    0.132889524102211
   ]
  ]
 },
 {
  "rotation_euler": [
   0.09256798028945923,
   -1.4369388818740845,
   -0.7138034105300903
  ],
  "euler_order": "XYZ",
  "rotation_matrix": [
   [
    0.10087791085243225,
    0.582665205001831,
    -0.8064272403717041
   ],
   [
    -0.08737678080797195,
    0.812618613243103,
    0.5762085318565369
   ],
   [
    0.9910544753074646,
    0.012336308136582375,
    0.13288667798042297
   ]
  ]
 },
 {
  "rotation_euler": [
   1.2910442352294922,
   0.5149751305580139,
   -0.7921479940414429
  ],
  "euler_order": "XYZ",
  "rotation_matrix": [
   [
    0.611230731010437,
    0.5290114283561707,
    -0.5886797904968262
   ],
   [
    -0.6195383071899414,
    -0.143049955368042,
    -0.7718218564987183
   ],
   [
    -0.4925132095813751,
    0.836470901966095,
    0.2403063327074051
   ]
  ]
 },
 {
  "rotation_euler": [
   -0.11379427462816238,
   1.4366397857666016,
   -2.141451358795166
  ],
  "euler_order": "XYZ",
  "rotation_matrix": [
   [
    -0.07225195318460464,
    0.8968905806541443,
    -0.4363105595111847
   ],
   [
    -0.11256071925163269,
    -0.4419916272163391,
    -0.889928936958313
   ],
   [
    -0.9910144805908203,
    -0.01518766675144434,
    0.13288940489292145
   ]
  ]
 },
 {
  "rotation_euler": [
   -0.11379530280828476,
   1.4366397857666016,
   -1.1265342235565186
  ],
  "euler_order": "XYZ",
  "rotation_matrix": [
   [
    0.05748656764626503,
    0.8487238883972168,
    0.5257024168968201
   ],
   [
    -0.12077067047357559,
    0.5286180377006531,
    -0.8402246236801147
   ],
   [
    -0.9910144805908203,
    -0.015187802724540234,
    0.13288938999176025
   ]
  ]
 },
 {
  "rotation_euler": [
   -0.11379431188106537,
   1.436639666557312,
   -2.8829965591430664
  ],
  "euler_order": "XYZ",
  "rotation_matrix": [
   [
    -0.12930725514888763,
    0.3628566563129425,
    -0.9228296875953674
   ],
   [
    -0.03420420363545418,
    -0.9317212104797363,
    -0.36156007647514343
   ],
   [
    -0.9910144805908203,
    -0.015187684446573257,
    0.132889524102211
   ]
  ]
 },
 {
  "rotation_euler": [
   -0.11379432678222656,
   1.436639666557312,
   0.04694541543722153
  ],
  "euler_order": "XYZ",
  "rotation_matrix": [
   [
    0.13360723853111267,
    -0.1590292900800705,
    0.978191614151001
   ],
   [
    0.0062768589705228806,
    0.9871570467948914,
    0.15962950885295868
   ],
   [
    -0.9910144805908203,
    -0.015187686309218407,
    0.132889524102211
   ]
  ]
 },
 {
  "rotation_euler": [
   -0.11379406601190567,
   1.436639666557312,
   1.4096273183822632
  ],
  "euler_order": "XYZ",
  "rotation_matrix": [
   [
    0.021463891491293907,
    -0.99871426820755,
    0.04592462256550789
   ],
   [
    0.13202118873596191,
    0.048364292830228806,
    0.9900662899017334
   ],
   [
    -0.9910144805908203,
    -0.015187651850283146,
    0.132889524102211
   ]
  ]
 }
]