[
 {
  "rotation_euler": [
   0.011972072534263134,
   -1.2886513471603394,
   0.9214959740638733
  ],
  "euler_order": "XYZ",
  "rotation_matrix": [
   [
    0.16833874583244324,
    -0.8034022450447083,
    -0.5711452960968018
   ],
   [
    0.22176066040992737,
    0.595427393913269,
    -0.7721971869468689
   ],
   [
    0.9604604244232178,
    0.0033331422600895166,
    0.27839651703834534
   ]
  ]
 },
 {
  "rotation_euler": [
   0.011972231790423393,
   1.287495732307434,
   1.4613876342773438
  ],
  "euler_order": "XYZ",
  "rotation_matrix": [
   [
    0.030521618202328682,
    -0.9926944971084595,
    0.11673085391521454
   ],
   [
    0.277854859828949,
    0.12060871720314026,
    0.9530216455459595
   ],
   [
    -0.9601380825042725,
    0.0033464725129306316,
    0.2795061469078064
   ]
  ]
 },
 {
  "rotation_euler": [
   0.011972780339419842,
   -1.288651466369629,
   1.0411088466644287
  ],
  "euler_order": "XYZ",
  "rotation_matrix": [
   [
    0.1406736671924591,
    -0.8687132596969604,
    -0.4749191701412201
   ],
   [
    0.24026356637477875,
    0.495304137468338,
    -0.8348336815834045
   ],
   [
    0.9604604840278625,
    0.0033333380706608295,
    0.2783963978290558
   ]
  ]
 },
 {
  "rotation_euler": [
   0.011972622945904732,
   -1.288651466369629,
   1.4218547344207764
  ],
  "euler_order": "XYZ",
  "rotation_matrix": [
   [
    0.04131462424993515,
    -0.9905641674995422,
    -0.13067419826984406
   ],
   [
    0.2753339111804962,
    0.13700924813747406,
    -0.9515354633331299
   ],
   [
    0.9604604840278625,
    0.0033332942984998226,
    0.2783963978290558
   ]
  ]
 },
 {
  "rotation_euler": [
   0.011972272768616676,
   -1.288651466369629,
   -3.034862995147705
  ],
  "euler_order": "XYZ",
  "rotation_matrix": [
   [
    -0.27683210372924805,
    0.11795269697904587,
    0.953651487827301
   ],
   [
    -0.02965889684855938,
    -0.9930136203765869,
    0.11421164125204086
   ],
   [
    0.9604604840278625,
    0.0033331967424601316,
    0.2783963978290558
   ]
  ]
 },
 {
  "rotation_euler": [
   0.011972244828939438,
   -1.2886513471603394,
   1.6597514152526855
  ],
  "euler_order": "XYZ",
  "rotation_matrix": [
   [
    -0.024733910337090492,
    -0.9949532151222229,
    0.09724371880292892
   ],
   [
    0.277315616607666,
    -0.10028457641601562,
    -0.9555307626724243
   ],
   [
    0.9604604244232178,
    0.003333190456032753,
    0.27839651703834534
   ]
  ]
 },
 {
  "rotation_euler": [
   0.011971738189458847,
   1.2874958515167236,
   -1.4336917400360107
  ],
  "euler_order": "XYZ",
  "rotation_matrix": [
   [
    0.03820435330271721,
    0.99211585521698,
    0.11935879290103912
   ],
   [
    -0.276902973651886,
    0.1252792775630951,
    -0.9526960849761963
   ],
   [
    -0.9601380825042725,
    0.003346333047375083,
    0.27950605750083923
   ]
  ]
 },
 {
  "rotation_euler": [
   0.011972212232649326,
   -1.288651466369629,
   2.581601142883301
  ],
  "euler_order": "XYZ",
  "rotation_matrix": [
   [
    -0.2358909249305725,
    -0.521398663520813,
    0.8200603127479553
   ],
   [
    0.1478889137506485,
    -0.8533067107200623,
    -0.499996542930603
   ],
   [
    0.9604604840278625,
    0.0033331799786537886,
    0.2783963978290558
   ]
  ]
 },
 {
  "rotation_euler": [
   0.011972295120358467,
   1.287495732307434,
   -2.8825724124908447
  ],
  "euler_order": "XYZ",
  "rotation_matrix": [
   [
    -0.27020159363746643,
    0.24500390887260437,
    -0.9311091303825378
   ],
   [
    -0.07159604877233505,
    -0.9695163369178772,
    -0.2343333512544632
   ],
   [
    -0.9601380825042725,
    0.0033464902080595493,
    0.2795061469078064
   ]
  ]
 },
 {
  "rotation_euler": [
   0.011972235515713692,
   1.2874958515167236,
   -2.005749225616455
  ],
  "euler_order": "XYZ",
  "rotation_matrix": [
   [
    -0.11778325587511063,
    0.9019814133644104,
    -0.4153994023799896
   ],
   [
    -0.2534993588924408,
    -0.4317619502544403,
    -0.8656325340270996
   ],
   [
    -0.9601380825042725,
    0.0033464720472693443,
    0.27950605750083923
   ]
  ]
 },
 {
  "rotation_euler": [
   0.011972316540777683,
   -1.288651466369629,
   1.7086840867996216
  ],
  "euler_order": "XYZ",
  "rotation_matrix": [
   [
    -0.038268670439720154,
    -0.9888570308685303,
    0.1438654065132141
   ],
   [
    0.2757737636566162,
    -0.14883090555667877,
    -0.9496305584907532
   ],
   [
    0.9604604840278625,
    0.0033332088496536016,
    0.2783963978290558
   ]
  ]
 },
 {
  "rotation_euler": [
   0.011972484178841114,
   1.287495732307434,
   0.7702054381370544
  ],
  "euler_order": "XYZ",
  "rotation_matrix": [
   [
    0.20063485205173492,
    -0.6879820823669434,
    0.6974426507949829
   ],
   [
    0.1946292519569397,
    0.7257199287414551,
    0.659886360168457
   ],
   [
    -0.9601380825042725,
    0.0033465430606156588,
    0.2795061469078064
   ]
  ]
 },
 {
  "rotation_euler": [
   0.011972115375101566,
   -1.288651466369629,
   -3.0982275009155273
  ],
  "euler_order": "XYZ",
  "rotation_matrix": [
   [
    -0.278154581785202,
    0.05483611300587654,
    0.95896977186203
   ],
   [
    -0.012069783173501492,
    -0.9984897971153259,
    0.05359505116939545
   ],
   [
    0.9604604840278625,
    0.0033331529702991247,
    0.2783963978290558
   ]
  ]
 },
 {
  "rotation_euler": [
   0.011972207576036453,
   -1.2886515855789185,
   -1.2176880836486816
  ],
  "euler_order": "XYZ",
  "rotation_matrix": [
   [
    0.0962807685136795,
    0.934258759021759,
    -0.3433520495891571
   ],
   [
    -0.26123860478401184,
    0.35658028721809387,
    0.8969976902008057
   ],
   [
    0.9604605436325073,
    0.0033331771846860647,
    0.27839627861976624
   ]
  ]
 },
 {
  "rotation_euler": [
   0.011972150765359402,
   -1.288651466369629,
   2.5830681324005127
  ],
  "euler_order": "XYZ",
  "rotation_matrix": [
   [
    -0.23610761761665344,
    -0.520146369934082,
    0.8207928538322449
   ],
   [
    0.14754270017147064,
    -0.8540706038475037,
    -0.4987930357456207
   ],
   [
    0.9604604840278625,
    0.003333162749186158,
    0.2783963978290558
   ]
  ]
 },
 {
  "rotation_euler": [
   0.01197325810790062,
   -1.2886518239974976,
   -1.508812427520752
  ],
  "euler_order": "XYZ",
  "rotation_matrix": [
   [
    0.01724626123905182,
    0.9972957372665405,
    -0.0714406967163086
   ],
   [
    -0.27788132429122925,
    0.07341726124286652,
    0.9578057527542114
   ],
   [
    0.9604606032371521,
    0.003333467058837414,
    0.27839604020118713
   ]
  ]
 }
]