[
 {
  "rotation_euler": [
   1.5707337856292725,
   1.3523863554000854,
   1.4267385005950928
  ],
  "euler_order": "XYZ",
  "rotation_matrix": [
   [
    0.031106259673833847,
    0.14008766412734985,
    0.9896503686904907
   ],
   [
    0.2144332081079483,
    0.9661398530006409,
    -0.14349965751171112
   ],
   [
    -0.9762431979179382,
    0.21667763590812683,
    1.3551272786571644e-05
   ]
  ]
 },
 {
  "rotation_euler": [
   1.462961196899414,
   -1.4957427978515625,
   1.66559898853302
  ],
  "euler_order": "XYZ",
  "rotation_matrix": [
   [
    -0.007097952533513308,
    -0.01329704001545906,
    0.9998863935470581
   ],
   [
    0.07464638352394104,
    -0.9971287846565247,
    -0.012730470858514309
   ],
   [
    0.9971848130226135,
    0.07454754412174225,
    0.008070149458944798
   ]
  ]
 },
 {
  "rotation_euler": [
   1.5796312093734741,
   1.3005660772323608,
   0.9307413101196289
  ],
  "euler_order": "XYZ",
  "rotation_matrix": [
   [
    0.15943509340286255,
    0.5826290249824524,
    0.7969465851783752
   ],
   [
    0.21411336958408356,
    0.7676489353179932,
    -0.6040451526641846
   ],
   [
    -0.9637094736099243,
    0.26694291830062866,
    -0.0023584708105772734
   ]
  ]
 },
 {
  "rotation_euler": [
   1.496266484260559,
   1.4977866411209106,
   1.483890414237976
  ],
  "euler_order": "XYZ",
  "rotation_matrix": [
   [
    0.00633136136457324,
    0.012145168147981167,
    0.9999061822891235
   ],
   [
    0.07266955077648163,
    0.9972768425941467,
    -0.012573370710015297
   ],
   [
    -0.9973359704017639,
    0.07274234294891357,
    0.00543153565376997
   ]
  ]
 },
 {
  "rotation_euler": [
   -1.6028302907943726,
   1.1122887134552002,
   -0.992424488067627
  ],
  "euler_order": "XYZ",
  "rotation_matrix": [
   [
    0.24195796251296997,
    -0.5167665481567383,
    0.8212239146232605
   ],
   [
    -0.3706214725971222,
    0.7329729795455933,
    0.5704299807548523
   ],
   [
    -0.8967140316963196,
    -0.4423832893371582,
    -0.01417613960802555
   ]
  ]
 },
 {
  "rotation_euler": [
   1.0046812295913696,
   -1.5527126789093018,
   2.1511266231536865
  ],
  "euler_order": "XYZ",
  "rotation_matrix": [
   [
    -0.009914726950228214,
    0.014139057137072086,
    0.999850869178772
   ],
   [
    0.015122197568416595,
    -0.9997835755348206,
    0.014288059435784817
   ],
   [
    0.9998365044593811,
    0.015261604450643063,
    0.009698767215013504
   ]
  ]
 },
 {
  "rotation_euler": [
   1.5161566734313965,
   1.476374864578247,
   -1.0226895809173584
  ],
  "euler_order": "XYZ",
  "rotation_matrix": [
   [
    0.049127329140901566,
    0.5645894408226013,
    -0.8239085078239441
   ],
   [
    -0.08047021180391312,
    -0.819985568523407,
    -0.5666993856430054
   ],
   [
    -0.9955456256866455,
    0.09414052218198776,
    0.005148930475115776
   ]
  ]
 },
 {
  "rotation_euler": [
   1.480702519416809,
   1.3698786497116089,
   -1.6456307172775269
  ],
  "euler_order": "XYZ",
  "rotation_matrix": [
   [
    -0.014920661225914955,
    0.016756700351834297,
    -0.9997482895851135
   ],
   [
    -0.19901008903980255,
    -0.9799050688743591,
    -0.01345400046557188
   ],
   [
    -0.9798838496208191,
    0.19875924289226532,
    0.017955584451556206
   ]
  ]
 },
 {
  "rotation_euler": [
   1.232359766960144,
   -2.5812180042266846,
   -0.21219374239444733
  ],
  "euler_order": "XYZ",
  "rotation_matrix": [
   [
    -0.8280576467514038,
    -0.42018571496009827,
    -0.3711664080619812
   ],
   [
    0.17839418351650238,
    0.4301537573337555,
    -0.8849537968635559
   ],
   [
    0.5315035581588745,
    -0.7990067005157471,
    -0.28123340010643005
   ]
  ]
 },
 {
  "rotation_euler": [
   1.5788501501083374,
   -1.3051960468292236,
   0.6407549381256104
  ],
  "euler_order": "XYZ",
  "rotation_matrix": [
   [
    0.210422545671463,
    -0.7686954736709595,
    0.6040112376213074
   ],
   [
    0.15691585838794708,
    -0.5832765102386475,
    -0.7969729900360107
   ],
   [
    0.9649351239204407,
    0.2624800205230713,
    -0.002114013535901904
   ]
  ]
 },
 {
  "rotation_euler": [
   -2.00459623336792,
   0.40799927711486816,
   -0.7360912561416626
  ],
  "euler_order": "XYZ",
  "rotation_matrix": [
   [
    0.6802665591239929,
    -0.5490146279335022,
    0.4856133460998535
   ],
   [
    -0.6162857413291931,
    -0.0697820633649826,
    0.7844248414039612
   ],
   [
    -0.39677363634109497,
    -0.8328945636749268,
    -0.38582029938697815
   ]
  ]
 },
 {
  "rotation_euler": [
   1.574371337890625,
   -0.7949950098991394,
   0.621272087097168
  ],
  "euler_order": "XYZ",
  "rotation_matrix": [
   [
    0.5694315433502197,
    -0.578382670879364,
    0.5841414928436279
   ],
   [
    0.40761682391166687,
    -0.4184208810329437,
    -0.8116480112075806
   ],
   [
    0.7138600945472717,
    0.7002838253974915,
    -0.002503533149138093
   ]
  ]
 },
 {
  "rotation_euler": [
   -1.668771743774414,
   -1.6540757417678833,
   1.273176908493042
  ],
  "euler_order": "XYZ",
  "rotation_matrix": [
   [
    -0.02439306303858757,
    0.3843457102775574,
    -0.922866940498352
   ],
   [
    -0.07952622324228287,
    0.9194700121879578,
    0.3850330412387848
   ],
   [
    0.9965342879295349,
    0.0827842578291893,
    0.008136874996125698
   ]
  ]
 },
 {
  "rotation_euler": [
   -1.4338619709014893,
   1.4972378015518188,
   -1.4626895189285278
  ],
  "euler_order": "XYZ",
  "rotation_matrix": [
   [
    0.007929541170597076,
    0.029112597927451134,
    0.9995446801185608
   ],
   [
    -0.07306317239999771,
    0.9969212412834167,
    -0.028456566855311394
   ],
   [
    -0.9972957968711853,
    -0.07280425727367401,
    0.010032187215983868
   ]
  ]
 },
 {
  "rotation_euler": [
   1.6006563901901245,
   1.2152817249298096,
   -1.1292716264724731
  ],
  "euler_order": "XYZ",
  "rotation_matrix": [
   [
    0.14873793721199036,
    0.37342607975006104,
    -0.9156582355499268
   ],
   [
    -0.31469306349754333,
    -0.8599454760551453,
    -0.40182337164878845
   ],
   [
    -0.9374675154685974,
    0.34791767597198486,
    -0.010391931980848312
   ]
  ]
 },
 {
  "rotation_euler": [
   1.588863730430603,
   1.2712228298187256,
   1.2589970827102661
  ],
  "euler_order": "XYZ",
  "rotation_matrix": [
   [
    0.09053220599889755,
    0.3102562427520752,
    0.9463323950767517
   ],
   [
    0.2808833122253418,
    0.9037023782730103,
    -0.32315102219581604
   ],
   [
    -0.9554624557495117,
    0.2950645685195923,
    -0.005331630818545818
   ]
  ]
 }
]