[
 {
  "rotation_euler": [
   -2.0867247581481934,
   -2.0480306148529053,
   0.445354163646698
  ],
  "euler_order": "XYZ",
  "rotation_matrix": [
   [
    -0.41452091932296753,
    0.9098027348518372,
    0.02077055536210537
   ],
   [
    -0.1978665590286255,
    -0.11238202452659607,
    0.9737654328346252
   ],
   [
    0.8882686495780945,
    0.3995363414287567,
    0.22660423815250397
   ]
  ]
 },
 {
  "rotation_euler": [
   1.051108956336975,
   -1.0981314182281494,
   2.0472705364227295
  ],
  "euler_order": "XYZ",
  "rotation_matrix": [
   [
    -0.20880480110645294,
    -0.08684761822223663,
    0.9740934371948242
   ],
   [
    0.4045525789260864,
    -0.9145000576972961,
    0.005184687674045563
   ],
   [
    0.8903582096099854,
    0.39515459537506104,
    0.22608643770217896
   ]
  ]
 },
 {
  "rotation_euler": [
   -1.3266046047210693,
   0.2628820240497589,
   -2.4793694019317627
  ],
  "euler_order": "XYZ",
  "rotation_matrix": [
   [
    -0.7615339159965515,
    0.3475153148174286,
    0.5470824241638184
   ],
   [
    -0.5937477946281433,
    -0.035624925047159195,
    -0.8038621544837952
   ],
   [
    -0.2598646283149719,
    -0.9369972944259644,
    0.2334660440683365
   ]
  ]
 },
 {
  "rotation_euler": [
   -1.8538466691970825,
   2.3276548385620117,
   -0.3650999367237091
  ],
  "euler_order": "XYZ",
  "rotation_matrix": [
   [
    -0.641383171081543,
    -0.75177401304245,
    0.15317802131175995
   ],
   [
    0.24516011774539948,
    -0.011637588031589985,
    0.9694127440452576
   ],
   [
    -0.726996660232544,
    0.6593181490898132,
    0.19176915287971497
   ]
  ]
 },
 {
  "rotation_euler": [
   1.0511161088943481,
   -1.0981248617172241,
   -1.9122403860092163
  ],
  "euler_order": "XYZ",
  "rotation_matrix": [
   [
    -0.15244512259960175,
    0.7267083525657654,
    -0.6698174476623535
   ],
   [
    -0.4289848804473877,
    0.5619097352027893,
    0.707269012928009
   ],
   [
    0.8903552293777466,
    0.3951612710952759,
    0.22608651220798492
   ]
  ]
 },
 {
  "rotation_euler": [
   1.0511095523834229,
   -1.098131775856018,
   -0.19394223392009735
  ],
  "euler_order": "XYZ",
  "rotation_matrix": [
   [
    0.44672513008117676,
    -0.6626093983650208,
    -0.6011534333229065
   ],
   [
    -0.08774173259735107,
    0.6362403035163879,
    -0.7664852738380432
   ],
   [
    0.8903583884239197,
    0.3951544463634491,
    0.22608603537082672
   ]
  ]
 },
 {
  "rotation_euler": [
   0.8448163866996765,
   -1.2981209754943848,
   0.27532312273979187
  ],
  "euler_order": "XYZ",
  "rotation_matrix": [
   [
    0.25916603207588196,
    -0.8735716938972473,
    -0.41195324063301086
   ],
   [
    0.07321375608444214,
    0.44306835532188416,
    -0.8934932351112366
   ],
   [
    0.963053822517395,
    0.2014024555683136,
    0.17878572642803192
   ]
  ]
 },
 {
  "rotation_euler": [
   -1.3216689825057983,
   -0.31418707966804504,
   -2.6173815727233887
  ],
  "euler_order": "XYZ",
  "rotation_matrix": [
   [
    -0.8233403563499451,
    -0.13587526977062225,
    0.5510432124137878
   ],
   [
    -0.476028174161911,
    -0.36336037516593933,
    -0.8008535504341125
   ],
   [
    0.30904343724250793,
    -0.921687126159668,
    0.23448880016803741
   ]
  ]
 },
 {
  "rotation_euler": [
   -1.3216099739074707,
   0.2853914499282837,
   -0.31417083740234375
  ],
  "euler_order": "XYZ",
  "rotation_matrix": [
   [
    0.9125843048095703,
    -0.18327179551124573,
    0.36551520228385925
   ],
   [
    -0.29652827978134155,
    0.3188588321208954,
    0.9002221822738647
   ],
   [
    -0.2815330922603607,
    -0.9299142360687256,
    0.2366403043270111
   ]
  ]
 },
 {
  "rotation_euler": [
   -1.3352036476135254,
   0.1266702562570572,
   -0.8639656901359558
  ],
  "euler_order": "XYZ",
  "rotation_matrix": [
   [
    0.6442238092422485,
    0.09772073477506638,
    0.7585686445236206
   ],
   [
    -0.7543314695358276,
    0.24500082433223724,
    0.6090637445449829
   ],
   [
    -0.12633177638053894,
    -0.964585542678833,
    0.2315491884946823
   ]
  ]
 },
 {
  "rotation_euler": [
   1.0511078834533691,
   -1.0981330871582031,
   0.07319758832454681
  ],
  "euler_order": "XYZ",
  "rotation_matrix": [
   [
    0.4540400803089142,
    -0.8070572018623352,
    -0.377500057220459
   ],
   [
    0.03329412266612053,
    0.43876272439956665,
    -0.8979859352111816
   ],
   [
    0.8903589844703674,
    0.39515307545661926,
    0.22608612477779388
   ]
  ]
 },
 {
  "rotation_euler": [
   -1.3346843719482422,
   -0.010761616751551628,
   -0.33550918102264404
  ],
  "euler_order": "XYZ",
  "rotation_matrix": [
   [
    0.944188117980957,
    0.08689900487661362,
    0.3177379071712494
   ],
   [
    -0.329230934381485,
    0.21743638813495636,
    0.9188734292984009
   ],
   [
    0.010761409066617489,
    -0.9721985459327698,
    0.2339106947183609
   ]
  ]
 },
 {
  "rotation_euler": [
   1.0511115789413452,
   -1.0981260538101196,
   -0.8390741348266602
  ],
  "euler_order": "XYZ",
  "rotation_matrix": [
   [
    0.30418646335601807,
    -0.146865114569664,
    -0.9412232637405396
   ],
   [
    -0.33872875571250916,
    0.906796395778656,
    -0.25096431374549866
   ],
   [
    0.8903557658195496,
    0.3951593339443207,
    0.2260877639055252
   ]
  ]
 },
 {
  "rotation_euler": [
   -1.3353949785232544,
   0.16043974459171295,
   1.931459665298462
  ],
  "euler_order": "XYZ",
  "rotation_matrix": [
   [
    -0.3483627736568451,
    -0.16340674459934235,
    -0.9230068325996399
   ],
   [
    0.9236463308334351,
    -0.22765879333019257,
    -0.3083000183105469
   ],
   [
    -0.15975232422351837,
    -0.9599321484565735,
    0.2302379012107849
   ]
  ]
 },
 {
  "rotation_euler": [
   -1.335108757019043,
   0.107002392411232,
   2.771834373474121
  ],
  "euler_order": "XYZ",
  "rotation_matrix": [
   [
    -0.9270819425582886,
    0.012438559904694557,
    -0.374652236700058
   ],
   [
    0.3593231737613678,
    -0.2552585005760193,
    -0.8976246118545532
   ],
   [
    -0.10679832100868225,
    -0.9667928218841553,
    0.23217608034610748
   ]
  ]
 },
 {
  "rotation_euler": [
   1.0511233806610107,
   -1.098119854927063,
   -1.173002004623413
  ],
  "euler_order": "XYZ",
  "rotation_matrix": [
   [
    0.17636550962924957,
    0.15844523906707764,
    -0.9714887142181396
   ],
   [
    -0.419722318649292,
    0.9048416018486023,
    0.07137840241193771
   ],
   [
    0.8903529644012451,
    0.3951667845249176,
    0.2260858416557312
   ]
  ]
 }
]