[
 {
  "rotation_euler": [
   0.35025855898857117,
   -1.6499079465866089,
   1.543670654296875
  ],
  "euler_order": "XYZ",
  "rotation_matrix": [
   [
    -0.0021434552036225796,
    -0.9482161402702332,
    0.31761854887008667
   ],
   [
    -0.07900004833936691,
    -0.31646600365638733,
    -0.9453085660934448
   ],
   [
    0.9968723058700562,
    -0.027118107303977013,
    -0.07423079013824463
   ]
  ]
 },
 {
  "rotation_euler": [
   0.3502334952354431,
   -1.6499085426330566,
   1.6345534324645996
  ],
  "euler_order": "XYZ",
  "rotation_matrix": [
   [
    0.005035293288528919,
    -0.9155912399291992,
    0.4020788371562958
   ],
   [
    -0.07886914908885956,
    -0.4011950194835663,
    -0.9125909209251404
   ],
   [
    0.9968722462654114,
    -0.027116451412439346,
    -0.07423203438520432
   ]
  ]
 },
 {
  "rotation_euler": [
   1.2102410793304443,
   1.3795522451400757,
   0.9116542935371399
  ],
  "euler_order": "XYZ",
  "rotation_matrix": [
   [
    0.11641264706850052,
    0.2837221026420593,
    0.9518139958381653
   ],
   [
    0.1502620130777359,
    0.9422675371170044,
    -0.2992543876171112
   ],
   [
    -0.9817685484886169,
    0.17785847187042236,
    0.06705921143293381
   ]
  ]
 },
 {
  "rotation_euler": [
   0.3502357304096222,
   -1.649908423423767,
   -0.4179556369781494
  ],
  "euler_order": "XYZ",
  "rotation_matrix": [
   [
    -0.07222678512334824,
    0.06864896416664124,
    -0.9950228929519653
   ],
   [
    0.03207755461335182,
    0.9972723126411438,
    0.06647570431232452
   ],
   [
    0.9968722462654114,
    -0.027116576209664345,
    -0.07423185557126999
   ]
  ]
 },
 {
  "rotation_euler": [
   0.3502390384674072,
   -1.6499074697494507,
   -1.8231816291809082
  ],
  "euler_order": "XYZ",
  "rotation_matrix": [
   [
    0.019734591245651245,
    0.994948148727417,
    -0.09843125194311142
   ],
   [
    0.07652498036623001,
    0.09665847569704056,
    0.9923714399337769
   ],
   [
    0.9968723654747009,
    -0.02711649425327778,
    -0.07423087954521179
   ]
  ]
 },
 {
  "rotation_euler": [
   0.35023945569992065,
   -1.6499083042144775,
   -2.2051501274108887
  ],
  "euler_order": "XYZ",
  "rotation_matrix": [
   [
    0.04683738574385643,
    0.9592742323875427,
    0.27856627106666565
   ],
   [
    0.06365467607975006,
    -0.2811718285083771,
    0.9575439691543579
   ],
   [
    0.9968723058700562,
    -0.027116810902953148,
    -0.07423164695501328
   ]
  ]
 },
 {
  "rotation_euler": [
   0.35023730993270874,
   -1.649908423423767,
   1.6850186586380005
  ],
  "euler_order": "XYZ",
  "rotation_matrix": [
   [
    0.009007329121232033,
    -0.8941860795021057,
    0.4476049244403839
   ],
   [
    -0.07851462066173553,
    -0.4468735456466675,
    -0.8911450505256653
   ],
   [
    0.9968722462654114,
    -0.027116693556308746,
    -0.074231818318367
   ]
  ]
 },
 {
  "rotation_euler": [
   0.35020914673805237,
   -1.649905800819397,
   1.6279945373535156
  ],
  "euler_order": "XYZ",
  "rotation_matrix": [
   [
    0.004517737776041031,
    -0.9182125329971313,
    0.39606228470802307
   ],
   [
    -0.07889774441719055,
    -0.39515894651412964,
    -0.9152182936668396
   ],
   [
    0.9968724846839905,
    -0.02711370587348938,
    -0.0742301270365715
   ]
  ]
 },
 {
  "rotation_euler": [
   -2.90807843208313,
   -1.49616277217865,
   0.09796351194381714
  ],
  "euler_order": "XYZ",
  "rotation_matrix": [
   [
    0.07420678436756134,
    0.3247995972633362,
    0.9428672194480896
   ],
   [
    0.007292901631444693,
    -0.9456254839897156,
    0.32517579197883606
   ],
   [
    0.9972162246704102,
    -0.01725401170551777,
    -0.07254055142402649
   ]
  ]
 },
 {
  "rotation_euler": [
   -1.9313511848449707,
   1.762040376663208,
   -0.8030106425285339
  ],
  "euler_order": "XYZ",
  "rotation_matrix": [
   [
    -0.13201917707920074,
    -0.8918545246124268,
    0.4326273202896118
   ],
   [
    0.13675342500209808,
    0.415886789560318,
    0.899075448513031
   ],
   [
    -0.9817685484886169,
    0.17785847187042236,
    0.06705912947654724
   ]
  ]
 },
 {
  "rotation_euler": [
   -2.7913551330566406,
   -1.491684079170227,
   -0.108488067984581
  ],
  "euler_order": "XYZ",
  "rotation_matrix": [
   [
    0.07856512814760208,
    0.23833468556404114,
    0.968000054359436
   ],
   [
    -0.008556975983083248,
    -0.9708044528961182,
    0.2397196739912033
   ],
   [
    0.9968722462654114,
    -0.02711676061153412,
    -0.07423195242881775
   ]
  ]
 },
 {
  "rotation_euler": [
   0.35023796558380127,
   -1.649908423423767,
   -2.1201939582824707
  ],
  "euler_order": "XYZ",
  "rotation_matrix": [
   [
    0.04126717150211334,
    0.9796727895736694,
    0.1963116079568863
   ],
   [
    0.0673995390534401,
    -0.19876094162464142,
    0.9777276515960693
   ],
   [
    0.9968722462654114,
    -0.027116741985082626,
    -0.07423179596662521
   ]
  ]
 },
 {
  "rotation_euler": [
   0.3502553403377533,
   -1.6499077081680298,
   -1.537649154663086
  ],
  "euler_order": "XYZ",
  "rotation_matrix": [
   [
    -0.0026191044598817825,
    0.9274327754974365,
    -0.3739807605743408
   ],
   [
    0.07898547500371933,
    0.3730054795742035,
    0.9244610667228699
   ],
   [
    0.9968723058700562,
    -0.027117786929011345,
    -0.07423065602779388
   ]
  ]
 },
 {
  "rotation_euler": [
   0.3502369523048401,
   -1.649908423423767,
   -1.92416250705719
  ],
  "euler_order": "XYZ",
  "rotation_matrix": [
   [
    0.027348821982741356,
    0.999623715877533,
    0.002112556481733918
   ],
   [
    0.07414660602807999,
    -0.004136101808398962,
    0.9972387552261353
   ],
   [
    0.9968722462654114,
    -0.027116665616631508,
    -0.0742318257689476
   ]
  ]
 },
 {
  "rotation_euler": [
   0.3502503037452698,
   -1.649902582168579,
   -1.6623305082321167
  ],
  "euler_order": "XYZ",
  "rotation_matrix": [
   [
    0.007223280146718025,
    0.9666211605072021,
    -0.2561081051826477
   ],
   [
    0.0786929577589035,
    0.25477102398872375,
    0.9637941122055054
   ],
   [
    0.9968727231025696,
    -0.027115659788250923,
    -0.07422599196434021
   ]
  ]
 },
 {
  "rotation_euler": [
   0.3502373993396759,
   -1.649908423423767,
   1.6516417264938354
  ],
  "euler_order": "XYZ",
  "rotation_matrix": [
   [
    0.006382221821695566,
    -0.9086005091667175,
    0.417617529630661
   ],
   [
    -0.07877147197723389,
    -0.4167850911617279,
    -0.9055855870246887
   ],
   [
    0.9968722462654114,
    -0.027116699144244194,
    -0.07423181086778641
   ]
  ]
 }
]