[
 {
  "rotation_euler": [
   0.23838946223258972,
   8.17023465060629e-05,
   0.14381563663482666
  ],
  "euler_order": "XYZ",
  "rotation_matrix": [
   [
    0.9896763563156128,
    -0.13924813270568848,
    0.03392195329070091
   ],
   [
    0.14332039654254913,
    0.9616906046867371,
    -0.23368875682353973
   ],
   [
    -8.17023465060629e-05,
    0.23613794147968292,
    0.9717195630073547
   ]
  ]
 },
 {
  "rotation_euler": [
   1.5739669799804688,
   1.7959689557756064e-07,
   -0.3913485109806061
  ],
  "euler_order": "XYZ",
  "rotation_matrix": [
   [
    0.9243955016136169,
    -0.0012092310935258865,
    -0.3814333975315094
   ],
   [
    -0.3814353048801422,
    -0.002931001130491495,
    -0.9243909120559692
   ],
   [
    -1.7959689557756064e-07,
    0.9999949932098389,
    -0.003170647891238332
   ]
  ]
 },
 {
  "rotation_euler": [
   1.5739669799804688,
   -6.919228923152332e-08,
   1.2840044498443604
  ],
  "euler_order": "XYZ",
  "rotation_matrix": [
   [
    0.282876580953598,
    0.0030411274638026953,
    0.9591515064239502
   ],
   [
    0.959156334400177,
    -0.00089696841314435,
    -0.2828751802444458
   ],
   [
    6.919228923152332e-08,
    0.9999949932098389,
    -0.003170647891238332
   ]
  ]
 },
 {
  "rotation_euler": [
   1.7019089460372925,
   0.9940107464790344,
   0.22593873739242554
  ],
  "euler_order": "XYZ",
  "rotation_matrix": [
   [
    0.5314723253250122,
    0.839192271232605,
    0.11529719829559326
   ],
   [
    0.12216608971357346,
    0.058752939105033875,
    -0.9907691478729248
   ],
   [
    -0.8382198810577393,
    0.540651798248291,
    -0.07129527628421783
   ]
  ]
 },
 {
  "rotation_euler": [
   -1.5676255226135254,
   -9.663717719377019e-07,
   -2.3356223106384277
  ],
  "euler_order": "XYZ",
  "rotation_matrix": [
   [
    -0.692411482334137,
    0.002287071431055665,
    0.7214992046356201
   ],
   [
    -0.7215028405189514,
    -0.002196194604039192,
    -0.6924079656600952
   ],
   [
    9.663717719377019e-07,
    -0.9999949932098389,
    0.0031707987654954195
   ]
  ]
 },
 {
  "rotation_euler": [
   1.5739669799804688,
   -4.853379920177758e-08,
   2.4819343090057373
  ],
  "euler_order": "XYZ",
  "rotation_matrix": [
   [
    -0.7902016639709473,
    0.001943160081282258,
    0.6128438115119934
   ],
   [
    0.6128469109535217,
    0.002505421405658126,
    0.7901976704597473
   ],
   [
    4.853379920177758e-08,
    0.9999949932098389,
    -0.003170647891238332
   ]
  ]
 },
 {
  "rotation_euler": [
   -1.5676255226135254,
   -3.488128186290851e-07,
   0.0628674179315567
  ],
  "euler_order": "XYZ",
  "rotation_matrix": [
   [
    0.9980245232582092,
    -0.00019886053632944822,
    -0.06282570213079453
   ],
   [
    0.0628260150551796,
    0.003164556808769703,
    0.9980194568634033
   ],
   [
    3.488128186290851e-07,
    -0.9999949932098389,
    0.0031707987654954195
   ]
  ]
 },
 {
  "rotation_euler": [
   -1.567625641822815,
   3.947064186604621e-08,
   0.8520420789718628
  ],
  "euler_order": "XYZ",
  "rotation_matrix": [
   [
    0.6584476232528687,
    -0.0023863636888563633,
    -0.7526227831840515
   ],
   [
    0.7526265978813171,
    0.0020876966882497072,
    0.6584442853927612
   ],
   [
    -3.947064186604621e-08,
    -0.9999949932098389,
    0.0031706795562058687
   ]
  ]
 },
 {
  "rotation_euler": [
   1.5739669799804688,
   1.8588591998991433e-08,
   -0.5589500665664673
  ],
  "euler_order": "XYZ",
  "rotation_matrix": [
   [
    0.8478123545646667,
    -0.0016813671682029963,
    -0.5302937030792236
   ],
   [
    -0.5302963256835938,
    -0.0026881243102252483,
    -0.8478080630302429
   ],
   [
    -1.8588591998991433e-08,
    0.9999949932098389,
    -0.003170647891238332
   ]
  ]
 },
 {
  "rotation_euler": [
   1.5739670991897583,
   1.150638695435191e-09,
   1.8284727334976196
  ],
  "euler_order": "XYZ",
  "rotation_matrix": [
   [
    -0.2548343539237976,
    0.003066082950681448,
    0.9669798612594604
   ],
   [
    0.966984748840332,
    0.0008080215193331242,
    0.25483307242393494
   ],
   [
    -1.150638695435191e-09,
    0.9999949932098389,
    -0.0031707671005278826
   ]
  ]
 },
 {
  "rotation_euler": [
   -1.567625641822815,
   -3.945679509342881e-06,
   -1.9490153789520264
  ],
  "euler_order": "XYZ",
  "rotation_matrix": [
   [
    -0.36926597356796265,
    0.0029451309237629175,
    0.9293190836906433
   ],
   [
    -0.9293237328529358,
    -0.00117449089884758,
    -0.3692641258239746
   ],
   [
    3.945679509342881e-06,
    -0.9999949932098389,
    0.0031706795562058687
   ]
  ]
 },
 {
  "rotation_euler": [
   1.5739669799804688,
   -4.2413550005448997e-08,
   -2.346817970275879
  ],
  "euler_order": "XYZ",
  "rotation_matrix": [
   [
    -0.7004455924034119,
    -0.0022628800943493843,
    -0.7137022018432617
   ],
   [
    -0.7137057781219482,
    0.002220896538347006,
    0.7004420757293701
   ],
   [
    4.2413550005448997e-08,
    0.9999949932098389,
    -0.003170647891238332
   ]
  ]
 },
 {
  "rotation_euler": [
   1.5739669799804688,
   -3.7631418763339752e-06,
   -0.22908398509025574
  ],
  "euler_order": "XYZ",
  "rotation_matrix": [
   [
    0.9738748073577881,
    -0.0007236730889417231,
    -0.22708438336849213
   ],
   [
    -0.22708553075790405,
    -0.0030869594775140285,
    -0.9738699197769165
   ],
   [
    3.7631418763339752e-06,
    0.9999949932098389,
    -0.003170647891238332
   ]
  ]
 },
 {
  "rotation_euler": [
   -0.8511309027671814,
   -0.290755957365036,
   0.8261992335319519
  ],
  "euler_order": "XYZ",
  "rotation_matrix": [
   [
    0.6492317914962769,
    -0.33860185742378235,
    -0.6810630559921265
   ],
   [
    0.7044960260391235,
    0.6052136421203613,
    0.37067753076553345
   ],
   [
    0.2866765260696411,
    -0.7204618453979492,
    0.6314675807952881
   ]
  ]
 },
 {
  "rotation_euler": [
   1.5739673376083374,
   -9.719788795337081e-05,
   -1.9387625455856323
  ],
  "euler_order": "XYZ",
  "rotation_matrix": [
   [
    -0.35971853137016296,
    -0.00292377732694149,
    -0.9330562949180603
   ],
   [
    -0.933060884475708,
    0.0012313605984672904,
    0.3597164452075958
   ],
   [
    9.719788795337081e-05,
    0.9999949932098389,
    -0.003171005519106984
   ]
  ]
 },
 {
  "rotation_euler": [
   1.573967456817627,
   -0.00012228924606461078,
   1.2472153902053833
  ],
  "euler_order": "XYZ",
  "rotation_matrix": [
   [
    0.31796368956565857,
    0.0029676691628992558,
    0.9480982422828674
   ],
   [
    0.9481028914451599,
    -0.0011242447653785348,
    -0.317961722612381
   ],
   [
    0.00012228924606461078,
    0.9999949932098389,
    -0.003171124728396535
   ]
  ]
 }
]