[
 {
  "rotation_euler": [
   -0.00023968372261151671,
   2.029033021244686e-05,
   1.2861599922180176
  ],
  "euler_order": "XYZ",
  "rotation_matrix": [
   [
    0.2808084487915039,
    -0.9597638249397278,
    -0.0002243420749437064
   ],
   [
    0.9597638249397278,
    0.2808084189891815,
    8.677913865540177e-05
   ],
   [
    -2.029033021244686e-05,
    -0.00023968372261151671,
    1.0
   ]
  ]
 },
 {
  "rotation_euler": [
   -0.00023827652330510318,
   2.0040917661390267e-05,
   -0.5750706791877747
  ],
  "euler_order": "XYZ",
  "rotation_matrix": [
   [
    0.8391538858413696,
    0.5438941121101379,
    0.00014641460438724607
   ],
   [
    -0.5438941121101379,
    0.8391538262367249,
    0.00018905052274931222
   ],
   [
    -2.0040917661390267e-05,
    -0.00023827652330510318,
    1.0
   ]
  ]
 },
 {
  "rotation_euler": [
   -0.00024234270676970482,
   6.077366833778797e-06,
   2.273568630218506
  ],
  "euler_order": "XYZ",
  "rotation_matrix": [
   [
    -0.6463356018066406,
    -0.7630532383918762,
    -0.00018884841119870543
   ],
   [
    0.763053297996521,
    -0.6463355422019958,
    -0.00015199735935311764
   ],
   [
    -6.077366833778797e-06,
    -0.00024234270676970482,
    1.0
   ]
  ]
 },
 {
  "rotation_euler": [
   -0.000238448177697137,
   2.0639159629354253e-05,
   0.08254452794790268
  ],
  "euler_order": "XYZ",
  "rotation_matrix": [
   [
    0.9965951442718506,
    -0.08245082199573517,
    9.086373324862507e-07
   ],
   [
    0.08245082199573517,
    0.9965950846672058,
    0.0002393380127614364
   ],
   [
    -2.0639159629354253e-05,
    -0.000238448177697137,
    1.0
   ]
  ]
 },
 {
  "rotation_euler": [
   -0.00030561460880562663,
   7.404740358651907e-07,
   -2.396773338317871
  ],
  "euler_order": "XYZ",
  "rotation_matrix": [
   [
    -0.7352104187011719,
    0.677838921546936,
    0.0002066130837192759
   ],
   [
    -0.6778389811515808,
    -0.7352103590965271,
    -0.00022519295453093946
   ],
   [
    -7.404740358651907e-07,
    -0.00030561460880562663,
    0.9999999403953552
   ]
  ]
 },
 {
  "rotation_euler": [
   -0.00023671735834795982,
   2.1341131287044846e-05,
   -0.555359959602356
  ],
  "euler_order": "XYZ",
  "rotation_matrix": [
   [
    0.8497107028961182,
    0.5272491574287415,
    0.00014294282300397754
   ],
   [
    -0.5272492170333862,
    0.8497107028961182,
    0.00018988917872775346
   ],
   [
    -2.1341131287044846e-05,
    -0.00023671735834795982,
    1.0
   ]
  ]
 },
 {
  "rotation_euler": [
   -0.0002371126029174775,
   2.0807494365726598e-05,
   -0.9257508516311646
  ],
  "euler_order": "XYZ",
  "rotation_matrix": [
   [
    0.6012347936630249,
    0.7990723848342896,
    0.00020198033598717302
   ],
   [
    -0.7990724444389343,
    0.6012347936630249,
    0.0001259336422663182
   ],
   [
    -2.0807494365726598e-05,
    -0.0002371126029174775,
    1.0
   ]
  ]
 },
 {
  "rotation_euler": [
   -0.00022493342112284154,
   1.1211750461370684e-05,
   -1.99107027053833
  ],
  "euler_order": "XYZ",
  "rotation_matrix": [
   [
    -0.4080105721950531,
    0.9129771590232849,
    0.00020078457600902766
   ],
   [
    -0.9129772186279297,
    -0.4080105721950531,
    -0.00010201128316111863
   ],
   [
    -1.1211750461370684e-05,
    -0.00022493342112284154,
    1.0
   ]
  ]
 },
 {
  "rotation_euler": [
   -7.458801519533154e-06,
   0.00022971411817707121,
   2.950070858001709
  ],
  "euler_order": "XYZ",
  "rotation_matrix": [
   [
    -0.9817156791687012,
    -0.19035308063030243,
    -0.0002269337564939633
   ],
   [
    0.19035308063030243,
    -0.9817156791687012,
    3.640436989371665e-05
   ],
   [
    -0.00022971411817707121,
    -7.458801519533154e-06,
    1.0
   ]
  ]
 },
 {
  "rotation_euler": [
   -0.00023034465266391635,
   1.8451468349667266e-05,
   -0.22996805608272552
  ],
  "euler_order": "XYZ",
  "rotation_matrix": [
   [
    0.9736737012863159,
    0.2279464155435562,
    7.047194958431646e-05
   ],
   [
    -0.2279464155435562,
    0.9736736416816711,
    0.00022007458028383553
   ],
   [
    -1.8451468349667266e-05,
    -0.00023034465266391635,
    1.0
   ]
  ]
 },
 {
  "rotation_euler": [
   2.2867026329040527,
   -1.1741769313812256,
   -0.5882430076599121
  ],
  "euler_order": "XYZ",
  "rotation_matrix": [
   [
    0.32137149572372437,
    -0.9431366920471191,
    0.08493293076753616
   ],
   [
    -0.21435926854610443,
    -0.15981735289096832,
    -0.963591456413269
   ],
   [
    0.9223722219467163,
    0.2914646565914154,
    -0.2535308301448822
   ]
  ]
 },
 {
  "rotation_euler": [
   -0.000242573645664379,
   6.509272225230234e-06,
   1.2744146585464478
  ],
  "euler_order": "XYZ",
  "rotation_matrix": [
   [
    0.29206156730651855,
    -0.9563995003700256,
    -0.00023009620781522244
   ],
   [
    0.9563995003700256,
    0.29206153750419617,
    7.70718979765661e-05
   ],
   [
    -6.509272225230234e-06,
    -0.000242573645664379,
    1.0
   ]
  ]
 },
 {
  "rotation_euler": [
   -0.00023467572464141995,
   1.7102307538152672e-05,
   -1.6165790557861328
  ],
  "euler_order": "XYZ",
  "rotation_matrix": [
   [
    -0.045766737312078476,
    0.9989521503448486,
    0.0002336471079615876
   ],
   [
    -0.9989521503448486,
    -0.04576672986149788,
    -2.782472802209668e-05
   ],
   [
    -1.7102307538152672e-05,
    -0.00023467572464141995,
    1.0
   ]
  ]
 },
 {
  "rotation_euler": [
   -4.7662429096817505e-06,
   0.0002264415961690247,
   0.5823458433151245
  ],
  "euler_order": "XYZ",
  "rotation_matrix": [
   [
    0.8351747393608093,
    -0.5499846339225769,
    0.0001864969526650384
   ],
   [
    0.5499846339225769,
    0.8351747989654541,
    0.0001285200414713472
   ],
   [
    -0.0002264415961690247,
    -4.7662429096817505e-06,
    1.0
   ]
  ]
 },
 {
  "rotation_euler": [
   -0.00024327835126314312,
   5.510662504093489e-06,
   -1.642196536064148
  ],
  "euler_order": "XYZ",
  "rotation_matrix": [
   [
    -0.07133955508470535,
    0.9974520802497864,
    0.00024226536334026605
   ],
   [
    -0.9974520802497864,
    -0.07133955508470535,
    -2.2851991161587648e-05
   ],
   [
    -5.510662504093489e-06,
    -0.00024327835126314312,
    1.0
   ]
  ]
 },
 {
  "rotation_euler": [
   -0.0002301685744896531,
   1.5117761904548388e-05,
   -1.6145098209381104
  ],
  "euler_order": "XYZ",
  "rotation_matrix": [
   [
    -0.04369957372546196,
    0.9990447163581848,
    0.00022928805265109986
   ],
   [
    -0.9990447163581848,
    -0.04369957000017166,
    -2.5161587473121472e-05
   ],
   [
    -1.5117761904548388e-05,
    -0.0002301685744896531,
    1.0
   ]
  ]
 }
]