[
 {
  "rotation_euler": [
   -1.569960117340088,
   0.931692361831665,
   -1.5780268907546997
  ],
  "euler_order": "XYZ",
  "rotation_matrix": [
   [
    -0.0043128239922225475,
    0.006639606319367886,
    0.9999686479568481
   ],
   [
    -0.5964608788490295,
    0.8026032447814941,
    -0.007901648059487343
   ],
   [
    -0.8026305437088013,
    -0.5964763164520264,
    0.0004987792344763875
   ]
  ]
 },
 {
  "rotation_euler": [
   1.5707963705062866,
   1.1385146379470825,
   1.0756146907806396
  ],
  "euler_order": "XYZ",
  "rotation_matrix": [
   [
    0.19907847046852112,
    0.43147969245910645,
    0.8798823952674866
   ],
   [
    0.36862120032310486,
    0.7989439368247986,
    -0.47519150376319885
   ],
   [
    -0.9080122113227844,
    0.41894370317459106,
    -1.8312611871351692e-08
   ]
  ]
 },
 {
  "rotation_euler": [
   0.02367350645363331,
   -0.0041246311739087105,
   -2.292191505432129
  ],
  "euler_order": "XYZ",
  "rotation_matrix": [
   [
    -0.6604273319244385,
    0.7507390975952148,
    -0.015051149763166904
   ],
   [
    -0.750878632068634,
    -0.660174548625946,
    0.018729550763964653
   ],
   [
    0.004124619532376528,
    0.023671094328165054,
    0.999711275100708
   ]
  ]
 },
 {
  "rotation_euler": [
   0.06259617954492569,
   -0.006340282503515482,
   -2.01055908203125
  ],
  "euler_order": "XYZ",
  "rotation_matrix": [
   [
    -0.42571625113487244,
    0.9032493829727173,
    -0.05390942841768265
   ],
   [
    -0.904834508895874,
    -0.4245321452617645,
    0.03235709294676781
   ],
   [
    0.006340240128338337,
    0.06255405396223068,
    0.9980214238166809
   ]
  ]
 },
 {
  "rotation_euler": [
   5.806195258628577e-05,
   3.5480550195643445e-06,
   -1.1819825172424316
  ],
  "euler_order": "XYZ",
  "rotation_matrix": [
   [
    0.3790910243988037,
    0.9253593683242798,
    -5.238313679001294e-05
   ],
   [
    -0.9253593683242798,
    0.3790910243988037,
    -2.5293991711805575e-05
   ],
   [
    -3.5480550195643445e-06,
    5.806195258628577e-05,
    1.0
   ]
  ]
 },
 {
  "rotation_euler": [
   1.5690997838974,
   -1.4531478881835938,
   1.4160956144332886
  ],
  "euler_order": "XYZ",
  "rotation_matrix": [
   [
    0.01808599941432476,
    -0.1546953320503235,
    0.9877966642379761
   ],
   [
    0.11597546935081482,
    -0.9809648394584656,
    -0.1557488590478897
   ],
   [
    0.9930874109268188,
    0.11737705767154694,
    0.00019913540745619684
   ]
  ]
 },
 {
  "rotation_euler": [
   1.568858027458191,
   -1.3818750381469727,
   -1.5887088775634766
  ],
  "euler_order": "XYZ",
  "rotation_matrix": [
   [
    -0.0033637878950685263,
    0.019530853256583214,
    -0.9998036026954651
   ],
   [
    -0.18776935338974,
    0.9820132255554199,
    0.01981506496667862
   ],
   [
    0.9822074174880981,
    0.1877991408109665,
    0.0003640113864094019
   ]
  ]
 },
 {
  "rotation_euler": [
   -1.5707972049713135,
   0.2936573326587677,
   -0.8892050385475159
  ],
  "euler_order": "XYZ",
  "rotation_matrix": [
   [
    0.6030590534210205,
    -0.18236583471298218,
    0.7765709757804871
   ],
   [
    -0.7433274388313293,
    0.22478178143501282,
    0.6300297379493713
   ],
   [
    -0.2894549071788788,
    -0.9571916460990906,
    -8.405831408708764e-07
   ]
  ]
 },
 {
  "rotation_euler": [
   3.816344906226732e-05,
   2.3421162040904164e-05,
   3.068899154663086
  ],
  "euler_order": "XYZ",
  "rotation_matrix": [
   [
    -0.9973589777946472,
    -0.07262949645519257,
    -2.058751488220878e-05
   ],
   [
    0.07262949645519257,
    -0.9973589777946472,
    3.976372681790963e-05
   ],
   [
    -2.3421162040904164e-05,
    3.816344906226732e-05,
    1.0
   ]
  ]
 },
 {
  "rotation_euler": [
   1.571044921875,
   1.7721965312957764,
   0.1044335886836052
  ],
  "euler_order": "XYZ",
  "rotation_matrix": [
   [
    -0.19895155727863312,
    0.9744752049446106,
    0.10400161147117615
   ],
   [
    -0.020853091031312943,
    0.10188958048820496,
    -0.9945771098136902
   ],
   [
    -0.9797874689102173,
    -0.20004142820835114,
    4.97293149237521e-05
   ]
  ]
 },
 {
  "rotation_euler": [
   -2.646118991833646e-05,
   9.318155775872583e-07,
   2.371391773223877
  ],
  "euler_order": "XYZ",
  "rotation_matrix": [
   [
    -0.7177708148956299,
    -0.6962794661521912,
    -1.9093213268206455e-05
   ],
   [
    0.6962794661521912,
    -0.7177708148956299,
    -1.834426620916929e-05
   ],
   [
    -9.318155775872583e-07,
    -2.646118991833646e-05,
    1.0
   ]
  ]
 },
 {
  "rotation_euler": [
   -1.570796012878418,
   0.34106114506721497,
   2.200206995010376
  ],
  "euler_order": "XYZ",
  "rotation_matrix": [
   [
    -0.5547612905502319,
    0.19690187275409698,
    -0.8083746433258057
   ],
   [
    0.7618123888969421,
    -0.27039122581481934,
    -0.5886683464050293
   ],
   [
    -0.33448728919029236,
    -0.9424002766609192,
    2.9583497962448746e-07
   ]
  ]
 },
 {
  "rotation_euler": [
   1.5708423852920532,
   2.0474843978881836,
   0.9136017560958862
  ],
  "euler_order": "XYZ",
  "rotation_matrix": [
   [
    -0.2803038954734802,
    0.5428313612937927,
    0.7916841506958008
   ],
   [
    -0.36326703429222107,
    0.703420877456665,
    -0.6109305620193481
   ],
   [
    -0.8885194063186646,
    -0.45883896946907043,
    2.113343361997977e-05
   ]
  ]
 },
 {
  "rotation_euler": [
   1.5707873106002808,
   -0.9803473949432373,
   -1.4356505870819092
  ],
  "euler_order": "XYZ",
  "rotation_matrix": [
   [
    0.07501140236854553,
    -0.11191396415233612,
    -0.9908826947212219
   ],
   [
    -0.5516575574874878,
    0.8231175541877747,
    -0.13472729921340942
   ],
   [
    0.8306908011436462,
    0.556734025478363,
    5.019622221880127e-06
   ]
  ]
 },
 {
  "rotation_euler": [
   -1.5707875490188599,
   1.2767868041992188,
   1.6525287628173828
  ],
  "euler_order": "XYZ",
  "rotation_matrix": [
   [
    -0.02365904487669468,
    0.07812945544719696,
    -0.996662437915802
   ],
   [
    0.2888246178627014,
    -0.9538953900337219,
    -0.08163309842348099
   ],
   [
    -0.9570896625518799,
    -0.2897920310497284,
    2.543729351600632e-06
   ]
  ]
 },
 {
  "rotation_euler": [
   1.5707966089248657,
   -0.7316548228263855,
   -0.13623397052288055
  ],
  "euler_order": "XYZ",
  "rotation_matrix": [
   [
    0.7371756434440613,
    -0.6619116067886353,
    -0.13581275939941406
   ],
   [
    -0.10105431824922562,
    0.09073660522699356,
    -0.9907345175743103
   ],
   [
    0.6681018471717834,
    0.7440698146820068,
    -2.0992439431211096e-07
   ]
  ]
 }
]