[
 {
  "rotation_euler": [
   -0.7857626080513,
   0.16759297251701355,
   -2.467850685119629
  ],
  "euler_order": "XYZ",
  "rotation_matrix": [
   [
    -0.770543098449707,
    0.5332257747650146,
    0.3491899371147156
   ],
   [
    -0.6151731014251709,
    -0.47877830266952515,
    -0.6263652443885803
   ],
   [
    -0.16680952906608582,
    -0.6974536776542664,
    0.6969454884529114
   ]
  ]
 },
 {
  "rotation_euler": [
   0.7050569653511047,
   -0.012998957186937332,
   0.3688865005970001
  ],
  "euler_order": "XYZ",
  "rotation_matrix": [
   [
    0.932650625705719,
    -0.2824637293815613,
    0.2244483232498169
   ],
   [
    0.3605465888977051,
    0.7073055505752563,
    -0.6080501675605774
   ],
   [
    0.012998591177165508,
    0.648022472858429,
    0.7615103125572205
   ]
  ]
 },
 {
  "rotation_euler": [
   -1.009960412979126,
   0.12798084318637848,
   2.329127073287964
  ],
  "euler_order": "XYZ",
  "rotation_matrix": [
   [
    -0.682086169719696,
    -0.31181952357292175,
    -0.6614582538604736
   ],
   [
    0.7200475931167603,
    -0.44425371289253235,
    -0.5330760478973389
   ],
   [
    -0.1276317536830902,
    -0.8398852348327637,
    0.5275442004203796
   ]
  ]
 },
 {
  "rotation_euler": [
   -0.8211890459060669,
   0.17157186567783356,
   -1.5906554460525513
  ],
  "euler_order": "XYZ",
  "rotation_matrix": [
   [
    -0.019566254690289497,
    0.6836985945701599,
    0.7295021414756775
   ],
   [
    -0.985123336315155,
    0.1114131286740303,
    -0.13084015250205994
   ],
   [
    -0.1707313507795334,
    -0.7212096452713013,
    0.6713474988937378
   ]
  ]
 },
 {
  "rotation_euler": [
   -0.850656270980835,
   0.22261878848075867,
   -2.828284740447998
  ],
  "euler_order": "XYZ",
  "rotation_matrix": [
   [
    -0.9278431534767151,
    0.36114686727523804,
    0.09316645562648773
   ],
   [
    -0.30060145258903503,
    -0.5762333869934082,
    -0.7599959969520569
   ],
   [
    -0.22078454494476318,
    -0.733163058757782,
    0.6432154774665833
   ]
  ]
 },
 {
  "rotation_euler": [
   -0.8988472819328308,
   0.15055952966213226,
   -2.579460382461548
  ],
  "euler_order": "XYZ",
  "rotation_matrix": [
   [
    -0.8365486264228821,
    0.4311155378818512,
    0.3381209075450897
   ],
   [
    -0.5269619822502136,
    -0.46415555477142334,
    -0.7119485139846802
   ],
   [
    -0.14999134838581085,
    -0.7737564444541931,
    0.6154702305793762
   ]
  ]
 },
 {
  "rotation_euler": [
   -0.5413886904716492,
   0.33337369561195374,
   -0.16024120151996613
  ],
  "euler_order": "XYZ",
  "rotation_matrix": [
   [
    0.9328379034996033,
    -0.02973261848092079,
    0.359067440032959
   ],
   [
    -0.15077175199985504,
    0.8729210495948792,
    0.46397921442985535
   ],
   [
    -0.32723283767700195,
    -0.48695462942123413,
    0.809810996055603
   ]
  ]
 },
 {
  "rotation_euler": [
   -1.1307623386383057,
   -2.6804285049438477,
   -0.08519285917282104
  ],
  "euler_order": "XYZ",
  "rotation_matrix": [
   [
    -0.8922871947288513,
    0.4373854696750641,
    -0.11188148707151413
   ],
   [
    0.0762009397149086,
    0.3901681900024414,
    0.917585015296936
   ],
   [
    0.44499093294143677,
    0.8102238774299622,
    -0.38147127628326416
   ]
  ]
 },
 {
  "rotation_euler": [
   2.0007643699645996,
   -0.4137504994869232,
   2.2695860862731934
  ],
  "euler_order": "XYZ",
  "rotation_matrix": [
   [
    -0.5890102386474609,
    0.5542348027229309,
    0.5881247520446777
   ],
   [
    0.7010176777839661,
    -0.01164670567959547,
    0.7130487561225891
   ],
   [
    0.40204617381095886,
    0.832278847694397,
    -0.3816683888435364
   ]
  ]
 },
 {
  "rotation_euler": [
   -0.9192220568656921,
   0.13678690791130066,
   2.163980484008789
  ],
  "euler_order": "XYZ",
  "rotation_matrix": [
   [
    -0.5537825226783752,
    -0.4422281086444855,
    -0.705520510673523
   ],
   [
    0.821419894695282,
    -0.42890360951423645,
    -0.3759135901927948
   ],
   [
    -0.1363607496023178,
    -0.7877029776573181,
    0.6007742881774902
   ]
  ]
 },
 {
  "rotation_euler": [
   -0.813475489616394,
   0.15610307455062866,
   -1.6059948205947876
  ],
  "euler_order": "XYZ",
  "rotation_matrix": [
   [
    -0.03476332500576973,
    0.6905273199081421,
    0.7224704623222351
   ],
   [
    -0.9872287511825562,
    0.08873116225004196,
    -0.13231079280376434
   ],
   [
    -0.1554698497056961,
    -0.7178431749343872,
    0.6786237955093384
   ]
  ]
 },
 {
  "rotation_euler": [
   -0.6339051127433777,
   0.21687279641628265,
   -2.6891918182373047
  ],
  "euler_order": "XYZ",
  "rotation_matrix": [
   [
    -0.8783318996429443,
    0.46682852506637573,
    0.10297678411006927
   ],
   [
    -0.4268864691257477,
    -0.6689543724060059,
    -0.6084964871406555
   ],
   [
    -0.21517673134803772,
    -0.5784212350845337,
    0.7868467569351196
   ]
  ]
 },
 {
  "rotation_euler": [
   -0.8163543939590454,
   0.18564976751804352,
   2.9460668563842773
  ],
  "euler_order": "XYZ",
  "rotation_matrix": [
   [
    -0.964089572429657,
    -0.0011245881905779243,
    -0.2655748426914215
   ],
   [
    0.1909438967704773,
    -0.6979628801345825,
    -0.6902088522911072
   ],
   [
    -0.18458516895771027,
    -0.7161330580711365,
    0.6731134653091431
   ]
  ]
 },
 {
  "rotation_euler": [
   -0.5685882568359375,
   0.32126137614250183,
   2.411210060119629
  ],
  "euler_order": "XYZ",
  "rotation_matrix": [
   [
    -0.706807553768158,
    -0.43553417921066284,
    -0.5574343800544739
   ],
   [
    0.6330216526985168,
    -0.7411451935768127,
    -0.22357864677906036
   ],
   [
    -0.3157636523246765,
    -0.5108950734138489,
    0.7995495796203613
   ]
  ]
 },
 {
  "rotation_euler": [
   -0.7354464530944824,
   0.17544715106487274,
   -0.2906474173069
  ],
  "euler_order": "XYZ",
  "rotation_matrix": [
   [
    0.9433509707450867,
    0.1003064438700676,
    0.31627127528190613
   ],
   [
    -0.2821732461452484,
    0.7439902424812317,
    0.6056870222091675
   ],
   [
    -0.1745484471321106,
    -0.6606187224388123,
    0.7301477193832397
   ]
  ]
 },
 {
  "rotation_euler": [
   -0.7430053353309631,
   0.16128988564014435,
   2.205702781677246
  ],
  "euler_order": "XYZ",
  "rotation_matrix": [
   [
    -0.5854042768478394,
    -0.528491735458374,
    -0.6148156523704529
   ],
   [
    0.7946773767471313,
    -0.5242531299591064,
    -0.306017130613327
   ],
   [
    -0.1605914831161499,
    -0.6677238345146179,
    0.7268804907798767
   ]
  ]
 }
]