[
 {
  "rotation_euler": [
   -7.024015758361202e-06,
   2.7090102321380982e-06,
   1.8012449741363525
  ],
  "euler_order": "XYZ",
  "rotation_matrix": [
   [
    -0.22841432690620422,
    -0.9735640287399292,
    -7.457105766661698e-06
   ],
   [
    0.9735640287399292,
    -0.22841432690620422,
    1.033008970807714e-06
   ],
   [
    -2.7090102321380982e-06,
    -7.024015758361202e-06,
    1.0
   ]
  ]
 },
 {
  "rotation_euler": [
   -3.835537427221425e-06,
   -2.9258278573252028e-06,
   -2.0736021995544434
  ],
  "euler_order": "XYZ",
  "rotation_matrix": [
   [
    -0.48188602924346924,
    0.8762338757514954,
    4.770743544213474e-06
   ],
   [
    -0.8762338757514954,
    -0.48188602924346924,
    7.154176273616031e-07
   ],
   [
    2.9258278573252028e-06,
    -3.835537427221425e-06,
    1.0
   ]
  ]
 },
 {
  "rotation_euler": [
   -5.100705948279938e-06,
   4.0930926843429916e-06,
   -1.0101985931396484
  ],
  "euler_order": "XYZ",
  "rotation_matrix": [
   [
    0.5316925644874573,
    0.8469374775886536,
    6.49624553261674e-06
   ],
   [
    -0.8469374775886536,
    0.5316925644874573,
    -7.545862104052503e-07
   ],
   [
    -4.0930926843429916e-06,
    -5.100705948279938e-06,
    1.0
   ]
  ]
 },
 {
  "rotation_euler": [
   1.5808394664418302e-06,
   5.928071686867042e-07,
   0.22547784447669983
  ],
  "euler_order": "XYZ",
  "rotation_matrix": [
   [
    0.974687397480011,
    -0.22357213497161865,
    9.31233330447867e-07
   ],
   [
    0.22357213497161865,
    0.974687397480011,
    -1.4082891084399307e-06
   ],
   [
    -5.928071686867042e-07,
    1.5808394664418302e-06,
    1.0
   ]
  ]
 },
 {
  "rotation_euler": [
   -2.6897464522335213e-06,
   -2.769096681731753e-06,
   3.138674736022949
  ],
  "euler_order": "XYZ",
  "rotation_matrix": [
   [
    -0.999995768070221,
    -0.0029179134871810675,
    2.7612363737716805e-06
   ],
   [
    0.0029179134871810675,
    -0.999995768070221,
    -2.6978150344803e-06
   ],
   [
    2.769096681731753e-06,
    -2.6897464522335213e-06,
    1.0
   ]
  ]
 },
 {
  "rotation_euler": [
   -6.257047516555758e-06,
   -8.57641043694457e-06,
   0.9502019286155701
  ],
  "euler_order": "XYZ",
  "rotation_matrix": [
   [
    0.581518828868866,
    -0.8135329484939575,
    -1.0077658771479037e-05
   ],
   [
    0.8135329484939575,
    0.581518828868866,
    -3.3386015729774954e-06
   ],
   [
    8.57641043694457e-06,
    -6.257047516555758e-06,
    1.0
   ]
  ]
 },
 {
  "rotation_euler": [
   -2.9767629712296184e-06,
   -2.7642743134492775e-06,
   -1.677600383758545
  ],
  "euler_order": "XYZ",
  "rotation_matrix": [
   [
    -0.10660111904144287,
    0.9943018555641174,
    3.2544758141739294e-06
   ],
   [
    -0.9943018555641174,
    -0.10660111904144287,
    2.4311968900292413e-06
   ],
   [
    2.7642743134492775e-06,
    -2.9767629712296184e-06,
    1.0
   ]
  ]
 },
 {
  "rotation_euler": [
   -2.6170112050749594e-06,
   -2.330967163288733e-06,
   3.015676498413086
  ],
  "euler_order": "XYZ",
  "rotation_matrix": [
   [
    -0.9920830130577087,
    -0.1255836933851242,
    1.983858965104446e-06
   ],
   [
    0.1255836933851242,
    -0.9920830130577087,
    -2.8890237899759086e-06
   ],
   [
    2.330967163288733e-06,
    -2.6170112050749594e-06,
    1.0
   ]
  ]
 },
 {
  "rotation_euler": [
   2.6728364446171327e-06,
   1.9311283949718927e-07,
   -2.801792621612549
  ],
  "euler_order": "XYZ",
  "rotation_matrix": [
   [
    -0.9428213238716125,
    0.33329856395721436,
    -1.0729235100370715e-06
   ],
   [
    -0.33329856395721436,
    -0.9428213238716125,
    2.4556429707445204e-06
   ],
   [
    -1.9311283949718927e-07,
    2.6728364446171327e-06,
    1.0
   ]
  ]
 },
 {
  "rotation_euler": [
   -1.2976755670024431e-06,
   -1.7811634052122827e-06,
   -0.8033651113510132
  ],
  "euler_order": "XYZ",
  "rotation_matrix": [
   [
    0.6942887902259827,
    0.7196965217590332,
    -3.027091963758721e-07
   ],
   [
    -0.7196965217590332,
    0.6942887902259827,
    2.182858679589117e-06
   ],
   [
    1.7811634052122827e-06,
    -1.2976755670024431e-06,
    1.0
   ]
  ]
 },
 {
  "rotation_euler": [
   -0.00011598365381360054,
   6.73006143188104e-05,
   1.3413978815078735
  ],
  "euler_order": "XYZ",
  "rotation_matrix": [
   [
    0.22739176452159882,
    -0.9738033413887024,
    -9.764166316017509e-05
   ],
   [
    0.9738033413887024,
    0.22739176452159882,
    9.191129356622696e-05
   ],
   [
    -6.73006143188104e-05,
    -0.00011598365381360054,
    1.0
   ]
  ]
 },
 {
  "rotation_euler": [
   -1.0771858569569304e-06,
   -7.579989755868155e-07,
   2.6771674156188965
  ],
  "euler_order": "XYZ",
  "rotation_matrix": [
   [
    -0.8940791487693787,
    -0.44790899753570557,
    1.9522984473496763e-07
   ],
   [
    0.44790899753570557,
    -0.8940791487693787,
    -1.302604005104513e-06
   ],
   [
    7.579989755868155e-07,
    -1.0771858569569304e-06,
    1.0
   ]
  ]
 },
 {
  "rotation_euler": [
   3.1241877422871767e-06,
   -7.730881179668359e-07,
   -2.58927059173584
  ],
  "euler_order": "XYZ",
  "rotation_matrix": [
   [
    -0.8513085246086121,
    0.5246654152870178,
    -9.810167966861627e-07
   ],
   [
    -0.5246654152870178,
    -0.8513085246086121,
    3.065260216317256e-06
   ],
   [
    7.730881179668359e-07,
    3.1241877422871767e-06,
    1.0
   ]
  ]
 },
 {
  "rotation_euler": [
   2.5865908810374094e-06,
   2.314784296686412e-06,
   -0.47422608733177185
  ],
  "euler_order": "XYZ",
  "rotation_matrix": [
   [
    0.8896464109420776,
    0.4566500782966614,
    8.781725568951515e-07
   ],
   [
    -0.4566500782966614,
    0.8896464109420776,
    -3.3581977731955703e-06
   ],
   [
    -2.314784296686412e-06,
    2.5865908810374094e-06,
    1.0
   ]
  ]
 },
 {
  "rotation_euler": [
   -1.409929495821416e-06,
   2.5100298444158398e-06,
   2.2693123817443848
  ],
  "euler_order": "XYZ",
  "rotation_matrix": [
   [
    -0.6430820226669312,
    -0.7657973170280457,
    -2.693875330805895e-06
   ],
   [
    0.7657973170280457,
    -0.6430820226669312,
    1.0154739129575319e-06
   ],
   [
    -2.5100298444158398e-06,
    -1.409929495821416e-06,
    1.0
   ]
  ]
 },
 {
  "rotation_euler": [
   -2.6548366349743446e-06,
   -2.4358491828024853e-06,
   -1.279970407485962
  ],
  "euler_order": "XYZ",
  "rotation_matrix": [
   [
    0.28674355149269104,
    0.9580073952674866,
    1.8448889704814064e-06
   ],
   [
    -0.9580073952674866,
    0.28674355149269104,
    3.094818794124876e-06
   ],
   [
    2.4358491828024853e-06,
    -2.6548366349743446e-06,
    1.0
   ]
  ]
 }
]