[
 {
  "rotation_euler": [
   -0.018496206030249596,
   0.07361023873090744,
   -1.4308862686157227
  ],
  "euler_order": "XYZ",
  "rotation_matrix": [
   [
    0.13907641172409058,
    0.9898694753646851,
    0.028568651527166367
   ],
   [
    -0.987546980381012,
    0.1407771110534668,
    -0.07023347169160843
   ],
   [
    -0.07354377955198288,
    -0.01844506710767746,
    0.9971213936805725
   ]
  ]
 },
 {
  "rotation_euler": [
   -0.01225225254893303,
   0.05019613355398178,
   -1.3476486206054688
  ],
  "euler_order": "XYZ",
  "rotation_matrix": [
   [
    0.2210216373205185,
    0.9749964475631714,
    0.02305109240114689
   ],
   [
    -0.9739773869514465,
    0.22188326716423035,
    -0.0462159663438797
   ],
   [
    -0.050175055861473083,
    -0.012236514128744602,
    0.998665452003479
   ]
  ]
 },
 {
  "rotation_euler": [
   0.009716471657156944,
   -0.038745634257793427,
   -2.815451145172119
  ],
  "euler_order": "XYZ",
  "rotation_matrix": [
   [
    -0.9465746879577637,
    0.3207317292690277,
    0.033579252660274506
   ],
   [
    -0.32014986872673035,
    -0.9471203088760376,
    0.021614164113998413
   ],
   [
    0.03873594105243683,
    0.009709026664495468,
    0.999202311038971
   ]
  ]
 },
 {
  "rotation_euler": [
   -0.021504860371351242,
   0.08590617775917053,
   1.48243248462677
  ],
  "euler_order": "XYZ",
  "rotation_matrix": [
   [
    0.08792345970869064,
    -0.9960309267044067,
    -0.01384925376623869
   ],
   [
    0.9924252033233643,
    0.08639070391654968,
    0.08734367042779922
   ],
   [
    -0.08580055087804794,
    -0.021423906087875366,
    0.9960819482803345
   ]
  ]
 },
 {
  "rotation_euler": [
   -0.001635312451981008,
   0.010757521726191044,
   -1.5221952199935913
  ],
  "euler_order": "XYZ",
  "rotation_matrix": [
   [
    0.04857916384935379,
    0.9988170266151428,
    0.0021559917367994785
   ],
   [
    -0.9987614154815674,
    0.0485994815826416,
    -0.010665151290595531
   ],
   [
    -0.010757314041256905,
    -0.0016352171078324318,
    0.999940812587738
   ]
  ]
 },
 {
  "rotation_euler": [
   -0.0057394239120185375,
   0.01555832289159298,
   -0.08115887641906738
  ],
  "euler_order": "XYZ",
  "rotation_matrix": [
   [
    0.9965878129005432,
    0.08097947388887405,
    0.01597152277827263
   ],
   [
    -0.0810599997639656,
    0.9966992735862732,
    0.0044592623598873615
   ],
   [
    -0.015557695180177689,
    -0.005738697946071625,
    0.9998624920845032
   ]
  ]
 },
 {
  "rotation_euler": [
   -0.015494028106331825,
   0.06303928047418594,
   -1.0627554655075073
  ],
  "euler_order": "XYZ",
  "rotation_matrix": [
   [
    0.4855002164840698,
    0.8731195330619812,
    0.04417908936738968
   ],
   [
    -0.8719637989997864,
    0.4872608780860901,
    -0.04749726876616478
   ],
   [
    -0.06299753487110138,
    -0.015462633222341537,
    0.9978938698768616
   ]
  ]
 },
 {
  "rotation_euler": [
   -0.02046262100338936,
   0.08180633187294006,
   0.6509791016578674
  ],
  "euler_order": "XYZ",
  "rotation_matrix": [
   [
    0.7928305268287659,
    -0.6071687340736389,
    0.052591241896152496
   ],
   [
    0.6039390563964844,
    0.7943111658096313,
    0.06578287482261658
   ],
   [
    -0.08171511441469193,
    -0.0203927643597126,
    0.9964470863342285
   ]
  ]
 },
 {
  "rotation_euler": [
   -0.01691124215722084,
   0.06682585924863815,
   0.5850300788879395
  ],
  "euler_order": "XYZ",
  "rotation_matrix": [
   [
    0.8318346738815308,
    -0.5530869364738464,
    0.04632464423775673
   ],
   [
    0.5509918928146362,
    0.8329526782035828,
    0.05096829682588577
   ],
   [
    -0.06677613407373428,
    -0.016872690990567207,
    0.9976252913475037
   ]
  ]
 },
 {
  "rotation_euler": [
   0.0001928008859977126,
   -0.00046382914297282696,
   -3.133065700531006
  ],
  "euler_order": "XYZ",
  "rotation_matrix": [
   [
    -0.9999635219573975,
    0.00852693896740675,
    0.00046216827468015254
   ],
   [
    -0.008526848629117012,
    -0.999963641166687,
    0.00019674887880682945
   ],
   [
    0.0004638291138689965,
    0.00019280085689388216,
    0.9999998807907104
   ]
  ]
 },
 {
  "rotation_euler": [
   0.006200077477842569,
   -0.02462323009967804,
   -2.8399112224578857
  ],
  "euler_order": "XYZ",
  "rotation_matrix": [
   [
    -0.9545487761497498,
    0.2972661554813385,
    0.021666180342435837
   ],
   [
    -0.2970360517501831,
    -0.9547745585441589,
    0.013235358521342278
   ],
   [
    0.024620741605758667,
    0.006198158487677574,
    0.9996776580810547
   ]
  ]
 },
 {
  "rotation_euler": [
   0.020675264298915863,
   -0.08321063965559006,
   0.7562049031257629
  ],
  "euler_order": "XYZ",
  "rotation_matrix": [
   [
    0.7249283194541931,
    -0.6872689723968506,
    -0.046262793242931366
   ],
   [
    0.6837915182113647,
    0.7261108160018921,
    -0.07205728441476822
   ],
   [
    0.08311464637517929,
    0.020602259784936905,
    0.9963269829750061
   ]
  ]
 },
 {
  "rotation_euler": [
   0.0024283365346491337,
   -0.009753077290952206,
   -0.002173291053622961
  ],
  "euler_order": "XYZ",
  "rotation_matrix": [
   [
    0.9999500513076782,
    0.002149599604308605,
    -0.009758148342370987
   ],
   [
    -0.002173186047002673,
    0.9999947547912598,
    -0.0024071326479315758
   ],
   [
    0.00975292269140482,
    0.002428218722343445,
    0.9999495148658752
   ]
  ]
 },
 {
  "rotation_euler": [
   0.022542035207152367,
   -0.09006821364164352,
   -2.3719482421875
  ],
  "euler_order": "XYZ",
  "rotation_matrix": [
   [
    -0.7152471542358398,
    0.6971591114997864,
    0.04889417067170143
   ],
   [
    -0.6930592060089111,
    -0.7165648937225342,
    0.07876342535018921
   ],
   [
    0.08994648605585098,
    0.022448761388659477,
    0.995693564414978
   ]
  ]
 },
 {
  "rotation_euler": [
   -0.0013431011466309428,
   0.006020886357873678,
   0.35026952624320984
  ],
  "euler_order": "XYZ",
  "rotation_matrix": [
   [
    0.9392632246017456,
    -0.3431582748889923,
    0.005194373894482851
   ],
   [
    0.3431447744369507,
    0.9392766356468201,
    0.003327606711536646
   ],
   [
    -0.006020850036293268,
    -0.0013430763501673937,
    0.9999809861183167
   ]
  ]
 },
 {
  "rotation_euler": [
   -0.009586809203028679,
   0.037745002657175064,
   2.464728355407715
  ],
  "euler_order": "XYZ",
  "rotation_matrix": [
   [
    -0.7789853811264038,
    -0.6260409355163574,
    -0.035420045256614685
   ],
   [
    0.6259055733680725,
    -0.7797313928604126,
    0.016161754727363586
   ],
   [
    -0.037736039608716965,
    -0.009579834528267384,
    0.999241828918457
   ]
  ]
 }
]