[
 {
  "rotation_euler": [
   2.752986283383052e-08,
   -8.123122796632742e-08,
   -0.6262632608413696
  ],
  "euler_order": "XYZ",
  "rotation_matrix": [
   [
    0.8102233409881592,
    0.5861212611198425,
    -8.1951277763892e-08
   ],
   [
    -0.5861212611198425,
    0.8102233409881592,
    2.5306013284875917e-08
   ],
   [
    8.123122796632742e-08,
    2.752986283383052e-08,
    1.0
   ]
  ]
 },
 {
  "rotation_euler": [
   4.2434908920085945e-08,
   8.602746959240903e-08,
   -2.3066859245300293
  ],
  "euler_order": "XYZ",
  "rotation_matrix": [
   [
    -0.6712468266487122,
    0.7412338852882385,
    -8.919985816646658e-08
   ],
   [
    -0.7412338852882385,
    -0.6712468266487122,
    -3.5282180732565394e-08
   ],
   [
    -8.602746959240903e-08,
    4.2434908920085945e-08,
    1.0
   ]
  ]
 },
 {
  "rotation_euler": [
   -3.561438433052899e-08,
   3.5201292991615674e-09,
   -1.4594866037368774
  ],
  "euler_order": "XYZ",
  "rotation_matrix": [
   [
    0.11108001321554184,
    0.9938114881515503,
    3.578499985223971e-08
   ],
   [
    -0.9938114881515503,
    0.11108001321554184,
    4.5770143231038674e-10
   ],
   [
    -3.5201292991615674e-09,
    -3.561438433052899e-08,
    1.0
   ]
  ]
 },
 {
  "rotation_euler": [
   -9.536218925632056e-08,
   5.974230816718773e-07,
   1.8546828031539917
  ],
  "euler_order": "XYZ",
  "rotation_matrix": [
   [
    -0.2800886631011963,
    -0.9599741101264954,
    -2.5887666765811446e-07
   ],
   [
    0.9599741101264954,
    -0.2800886631011963,
    5.468008339448716e-07
   ],
   [
    -5.974230816718773e-07,
    -9.536218925632056e-08,
    1.0
   ]
  ]
 },
 {
  "rotation_euler": [
   -1.376579028544711e-08,
   1.2811387506417304e-08,
   -0.2295670360326767
  ],
  "euler_order": "XYZ",
  "rotation_matrix": [
   [
    0.9737650156021118,
    0.22755594551563263,
    1.5607767522851645e-08
   ],
   [
    -0.22755594551563263,
    0.9737650156021118,
    1.0489337398666976e-08
   ],
   [
    -1.2811387506417304e-08,
    -1.376579028544711e-08,
    1.0
   ]
  ]
 },
 {
  "rotation_euler": [
   7.779306643307393e-10,
   5.487058030162473e-10,
   -1.1088231801986694
  ],
  "euler_order": "XYZ",
  "rotation_matrix": [
   [
    0.4457152783870697,
    0.8951748013496399,
    -4.5181736130217587e-10
   ],
   [
    -0.8951748013496399,
    0.4457152783870697,
    -8.379231752897454e-10
   ],
   [
    -5.487058030162473e-10,
    7.779306643307393e-10,
    1.0
   ]
  ]
 },
 {
  "rotation_euler": [
   -7.37309457932156e-09,
   1.7175925959289629e-10,
   2.0765883922576904
  ],
  "euler_order": "XYZ",
  "rotation_matrix": [
   [
    -0.4845004975795746,
    -0.8747909665107727,
    -6.533134033759325e-09
   ],
   [
    0.8747909665107727,
    -0.4845004975795746,
    -3.4220144495833438e-09
   ],
   [
    -1.7175925959289629e-10,
    -7.37309457932156e-09,
    1.0
   ]
  ]
 },
 {
  "rotation_euler": [
   1.5377853515019524e-06,
   -2.5632066353864502e-06,
   1.6709896326065063
  ],
  "euler_order": "XYZ",
  "rotation_matrix": [
   [
    -0.10002575814723969,
    -0.9949848651885986,
    1.7864598476080573e-06
   ],
   [
    0.9949848651885986,
    -0.10002575814723969,
    -2.396533545834245e-06
   ],
   [
    2.5632066353864502e-06,
    1.5377853515019524e-06,
    1.0
   ]
  ]
 },
 {
  "rotation_euler": [
   2.499008999734542e-08,
   3.394768199882492e-08,
   -1.2380070686340332
  ],
  "euler_order": "XYZ",
  "rotation_matrix": [
   [
    0.3266805112361908,
    0.9451348185539246,
    -1.252895831527212e-08
   ],
   [
    -0.9451348185539246,
    0.3266805112361908,
    -4.024891353537896e-08
   ],
   [
    -3.394768199882492e-08,
    2.499008999734542e-08,
    1.0
   ]
  ]
 },
 {
  "rotation_euler": [
   -3.715922014535522e-10,
   -8.400504181160784e-10,
   -1.038561463356018
  ],
  "euler_order": "XYZ",
  "rotation_matrix": [
   [
    0.507460355758667,
    0.8616751432418823,
    -1.0610051032200474e-10
   ],
   [
    -0.8616751432418823,
    0.507460355758667,
    9.124188626863372e-10
   ],
   [
    8.400504181160784e-10,
    -3.715922014535522e-10,
    1.0
   ]
  ]
 },
 {
  "rotation_euler": [
   3.4036357066113965e-10,
   -2.427265499704845e-09,
   1.6017857789993286
  ],
  "euler_order": "XYZ",
  "rotation_matrix": [
   [
    -0.03098449297249317,
    -0.9995198845863342,
    4.1540773598747194e-10
   ],
   [
    0.9995198845863342,
    -0.03098449297249317,
    -2.415554201107284e-09
   ],
   [
    2.427265499704845e-09,
    3.4036357066113965e-10,
    1.0
   ]
  ]
 },
 {
  "rotation_euler": [
   -7.430317472412185e-11,
   2.7792410733917805e-11,
   0.45085951685905457
  ],
  "euler_order": "XYZ",
  "rotation_matrix": [
   [
    0.9000729322433472,
    -0.43573930859565735,
    -7.361619126788899e-12
   ],
   [
    0.43573930859565735,
    0.9000729322433472,
    7.898852405485712e-11
   ],
   [
    -2.7792410733917805e-11,
    -7.430317472412185e-11,
    1.0
   ]
  ]
 },
 {
  "rotation_euler": [
   -3.5395747444155745e-10,
   2.444363822462492e-09,
   -0.5358403921127319
  ],
  "euler_order": "XYZ",
  "rotation_matrix": [
   [
    0.8598398566246033,
    0.510563850402832,
    2.282479316662034e-09
   ],
   [
    -0.510563850402832,
    0.8598398566246033,
    -9.436570413967615e-10
   ],
   [
    -2.444363822462492e-09,
    -3.5395747444155745e-10,
    1.0
   ]
  ]
 },
 {
  "rotation_euler": [
   -5.517510337504916e-10,
   3.1602522820861623e-09,
   -1.6401629447937012
  ],
  "euler_order": "XYZ",
  "rotation_matrix": [
   [
    -0.0693110004067421,
    0.9975950717926025,
    3.3138386479336646e-10
   ],
   [
    -0.9975950717926025,
    -0.0693110004067421,
    -3.1908946596104215e-09
   ],
   [
    -3.1602522820861623e-09,
    -5.517510337504916e-10,
    1.0
   ]
  ]
 },
 {
  "rotation_euler": [
   -3.380700996924446e-10,
   -1.4121064040306663e-10,
   -2.2434213161468506
  ],
  "euler_order": "XYZ",
  "rotation_matrix": [
   [
    -0.6230413913726807,
    0.782188892364502,
    3.5241473628211395e-10
   ],
   [
    -0.782188892364502,
    -0.6230413913726807,
    -1.0017826151953457e-10
   ],
   [
    1.4121064040306663e-10,
    -3.380700996924446e-10,
    1.0
   ]
  ]
 },
 {
  "rotation_euler": [
   -5.074377185110279e-08,
   6.028621555742575e-06,
   2.285946846008301
  ],
  "euler_order": "XYZ",
  "rotation_matrix": [
   [
    -0.6557310819625854,
    -0.7549945712089539,
    -3.9914657463668846e-06
   ],
   [
    0.7549945712089539,
    -0.6557310819625854,
    4.518302375799976e-06
   ],
   [
    -6.028621555742575e-06,
    -5.074377185110279e-08,
    1.0
   ]
  ]
 }
]