[
 {
  "rotation_euler": [
   -1.5853094836870696e-08,
   -8.532869060218218e-07,
   2.7487881183624268
  ],
  "euler_order": "XYZ",
  "rotation_matrix": [
   [
    -0.9238391518592834,
    -0.38278084993362427,
    7.822316092642723e-07
   ],
   [
    0.38278084993362427,
    -0.9238391518592834,
    -3.41267593739758e-07
   ],
   [
    8.532869060218218e-07,
    -1.5853094836870696e-08,
    1.0
   ]
  ]
 },
 {
  "rotation_euler": [
   8.96524525728637e-08,
   2.540709829190746e-06,
   -0.9383106231689453
  ],
  "euler_order": "XYZ",
  "rotation_matrix": [
   [
    0.5911514759063721,
    0.8065605759620667,
    1.4296341532826773e-06
   ],
   [
    -0.8065605759620667,
    0.5911514759063721,
    -2.1022344753873767e-06
   ],
   [
    -2.540709829190746e-06,
    8.96524525728637e-08,
    1.0
   ]
  ]
 },
 {
  "rotation_euler": [
   1.46184897520385e-09,
   -1.0014682416681353e-08,
   2.6815288066864014
  ],
  "euler_order": "XYZ",
  "rotation_matrix": [
   [
    -0.8960241675376892,
    -0.4440053105354309,
    9.622466379255457e-09
   ],
   [
    0.4440053105354309,
    -0.8960241675376892,
    -3.1367202169008124e-09
   ],
   [
    1.0014682416681353e-08,
    1.46184897520385e-09,
    1.0
   ]
  ]
 },
 {
  "rotation_euler": [
   1.4116508850747778e-07,
   4.204041943012271e-06,
   -0.06498418003320694
  ],
  "euler_order": "XYZ",
  "rotation_matrix": [
   [
    0.9978892803192139,
    0.06493845582008362,
    4.186001206107903e-06
   ],
   [
    -0.06493845582008362,
    0.9978892803192139,
    -4.138711062751099e-07
   ],
   [
    -4.204041943012271e-06,
    1.4116508850747778e-07,
    1.0
   ]
  ]
 },
 {
  "rotation_euler": [
   -5.951016746053028e-08,
   -4.857980684391805e-07,
   0.5584335327148438
  ],
  "euler_order": "XYZ",
  "rotation_matrix": [
   [
    0.8480861783027649,
    -0.5298583507537842,
    -4.43530581151208e-07
   ],
   [
    0.5298583507537842,
    0.8480861783027649,
    -2.0693441626917775e-07
   ],
   [
    4.857980684391805e-07,
    -5.951016746053028e-08,
    1.0
   ]
  ]
 },
 {
  "rotation_euler": [
   6.697510457343014e-08,
   -1.7490806385467295e-06,
   0.8903788328170776
  ],
  "euler_order": "XYZ",
  "rotation_matrix": [
   [
    0.6291176080703735,
    -0.7773101329803467,
    -1.0483170171937672e-06
   ],
   [
    0.7773101329803467,
    0.6291176080703735,
    -1.4017133480592747e-06
   ],
   [
    1.7490806385467295e-06,
    6.697510457343014e-08,
    1.0
   ]
  ]
 },
 {
  "rotation_euler": [
   6.239635297333734e-08,
   5.876887030353828e-07,
   -0.44815459847450256
  ],
  "euler_order": "XYZ",
  "rotation_matrix": [
   [
    0.9012482762336731,
    0.4333031177520752,
    5.026168992117164e-07
   ],
   [
    -0.4333031177520752,
    0.9012482762336731,
    -3.108819441877131e-07
   ],
   [
    -5.876887030353828e-07,
    6.239635297333734e-08,
    1.0
   ]
  ]
 },
 {
  "rotation_euler": [
   -6.699723553715842e-10,
   -3.6375539025357284e-08,
   -1.2719719409942627
  ],
  "euler_order": "XYZ",
  "rotation_matrix": [
   [
    0.29439690709114075,
    0.9556832313537598,
    -1.0068564648690881e-08
   ],
   [
    -0.9556832313537598,
    0.29439690709114075,
    3.4960731198907524e-08
   ],
   [
    3.6375539025357284e-08,
    -6.699723553715842e-10,
    1.0
   ]
  ]
 },
 {
  "rotation_euler": [
   9.359875541292695e-09,
   5.253112789205261e-08,
   1.621992826461792
  ],
  "euler_order": "XYZ",
  "rotation_matrix": [
   [
    -0.051174137741327286,
    -0.9986897706985474,
    6.6593766057110315e-09
   ],
   [
    0.9986897706985474,
    -0.051174137741327286,
    5.294128158084277e-08
   ],
   [
    -5.253112789205261e-08,
    9.359875541292695e-09,
    1.0
   ]
  ]
 },
 {
  "rotation_euler": [
   -3.9110874539005636e-09,
   -1.280855954632898e-08,
   2.827162265777588
  ],
  "euler_order": "XYZ",
  "rotation_matrix": [
   [
    -0.9509726762771606,
    -0.309274822473526,
    1.0970989450242996e-08
   ],
   [
    0.309274822473526,
    -0.9509726762771606,
    -7.680702296397612e-09
   ],
   [
    1.280855954632898e-08,
    -3.9110874539005636e-09,
    1.0
   ]
  ]
 },
 {
  "rotation_euler": [
   1.907128677203218e-08,
   -1.6126533353144623e-07,
   0.503582239151001
  ],
  "euler_order": "XYZ",
  "rotation_matrix": [
   [
    0.8758594989776611,
    -0.4825661778450012,
    -1.3204261506416515e-07
   ],
   [
    0.4825661778450012,
    0.8758594989776611,
    -9.45249638562018e-08
   ],
   [
    1.6126533353144623e-07,
    1.907128677203218e-08,
    1.0
   ]
  ]
 },
 {
  "rotation_euler": [
   6.178536349210617e-09,
   2.3099713075680484e-07,
   0.27445188164711
  ],
  "euler_order": "XYZ",
  "rotation_matrix": [
   [
    0.9625738859176636,
    -0.2710193693637848,
    2.2402630861506623e-07
   ],
   [
    0.2710193693637848,
    0.9625738859176636,
    5.665739877258602e-08
   ],
   [
    -2.3099713075680484e-07,
    6.178536349210617e-09,
    1.0
   ]
  ]
 },
 {
  "rotation_euler": [
   -1.8184595163006634e-08,
   3.8199934238036803e-07,
   -1.7814759016036987
  ],
  "euler_order": "XYZ",
  "rotation_matrix": [
   [
    -0.20912449061870575,
    0.9778890013694763,
    -6.210290592889578e-08
   ],
   [
    -0.9778890013694763,
    -0.20912449061870575,
    -3.7735580349362863e-07
   ],
   [
    -3.8199934238036803e-07,
    -1.8184595163006634e-08,
    1.0
   ]
  ]
 },
 {
  "rotation_euler": [
   2.922314479292254e-08,
   -2.763207760381192e-07,
   -0.4137098789215088
  ],
  "euler_order": "XYZ",
  "rotation_matrix": [
   [
    0.9156357049942017,
    0.402008980512619,
    -2.647571477609745e-07
   ],
   [
    -0.402008980512619,
    0.9156357049942017,
    8.432567710769945e-08
   ],
   [
    2.763207760381192e-07,
    2.922314479292254e-08,
    1.0
   ]
  ]
 },
 {
  "rotation_euler": [
   1.1055072413057587e-09,
   -9.393292366155492e-09,
   0.6153724193572998
  ],
  "euler_order": "XYZ",
  "rotation_matrix": [
   [
    0.8165585398674011,
    -0.5772626399993896,
    -7.0320047562688615e-09
   ],
   [
    0.5772626399993896,
    0.8165585398674011,
    -6.32510843701084e-09
   ],
   [
    9.393292366155492e-09,
    1.1055072413057587e-09,
    1.0
   ]
  ]
 },
 {
  "rotation_euler": [
   -5.306291495799087e-05,
   -1.6142683307407424e-05,
   -0.5164220333099365
  ],
  "euler_order": "XYZ",
  "rotation_matrix": [
   [
    0.8695914149284363,
    0.4937719404697418,
    1.2163439350842964e-05
   ],
   [
    -0.4937719404697418,
    0.8695914149284363,
    5.411386155174114e-05
   ],
   [
    1.6142683307407424e-05,
    -5.306291495799087e-05,
    1.0
   ]
  ]
 }
]