[
 {
  "rotation_euler": [
   0.09265817701816559,
   -0.006053832359611988,
   -0.1843460202217102
  ],
  "euler_order": "XYZ",
  "rotation_matrix": [
   [
    0.9830383062362671,
    0.18196672201156616,
    -0.022885983809828758
   ],
   [
    -0.18330031633377075,
    0.9789419770240784,
    -0.08985300362110138
   ],
   [
    0.006053795572370291,
    0.092523954808712,
    0.9956920742988586
   ]
  ]
 },
 {
  "rotation_euler": [
   0.09186483174562454,
   -2.4359622329939157e-05,
   -2.193817615509033
  ],
  "euler_order": "XYZ",
  "rotation_matrix": [
   [
    -0.5834914445877075,
    0.8086962103843689,
    -0.0744861587882042
   ],
   [
    -0.8121192455291748,
    -0.5810292959213257,
    0.05354668200016022
   ],
   [
    2.4359622329939157e-05,
    0.09173567593097687,
    0.9957833886146545
   ]
  ]
 },
 {
  "rotation_euler": [
   0.09197377413511276,
   -0.09546344727277756,
   0.21770931780338287
  ],
  "euler_order": "XYZ",
  "rotation_matrix": [
   [
    0.9719491004943848,
    -0.2236284613609314,
    -0.07283739000558853
   ],
   [
    0.2150101214647293,
    0.9703770279884338,
    -0.11017732322216034
   ],
   [
    0.0953185185790062,
    0.09142597764730453,
    0.9912394881248474
   ]
  ]
 },
 {
  "rotation_euler": [
   0.08971008658409119,
   0.06562846899032593,
   1.9468261003494263
  ],
  "euler_order": "XYZ",
  "rotation_matrix": [
   [
    -0.36643996834754944,
    -0.9285473227500916,
    0.059343524277210236
   ],
   [
    0.9281275868415833,
    -0.36028891801834106,
    0.09365401417016983
   ],
   [
    -0.06558136641979218,
    0.08939693868160248,
    0.9938346147537231
   ]
  ]
 },
 {
  "rotation_euler": [
   0.09299474954605103,
   -0.04090970382094383,
   1.259717345237732
  ],
  "euler_order": "XYZ",
  "rotation_matrix": [
   [
    0.3058299124240875,
    -0.9490528106689453,
    0.07593950629234314
   ],
   [
    0.9512073397636414,
    0.3011478781700134,
    -0.06719048321247101
   ],
   [
    0.040898293256759644,
    0.09278307855129242,
    0.9948460459709167
   ]
  ]
 },
 {
  "rotation_euler": [
   0.0904635637998581,
   0.042297810316085815,
   1.8407478332519531
  ],
  "euler_order": "XYZ",
  "rotation_matrix": [
   [
    -0.26644617319107056,
    -0.9608616232872009,
    0.07583774626255035
   ],
   [
    0.9629217982292175,
    -0.2619124948978424,
    0.06467950344085693
   ],
   [
    -0.04228520020842552,
    0.09025942534208298,
    0.9950202107429504
   ]
  ]
 },
 {
  "rotation_euler": [
   0.08561456203460693,
   0.09784018248319626,
   1.0178216695785522
  ],
  "euler_order": "XYZ",
  "rotation_matrix": [
   [
    0.5227090120315552,
    -0.8434619307518005,
    0.12388394773006439
   ],
   [
    0.8468961715698242,
    0.5304052829742432,
    0.03790978342294693
   ],
   [
    -0.09768415987491608,
    0.08510105311870575,
    0.9915723204612732
   ]
  ]
 },
 {
  "rotation_euler": [
   0.0925050899386406,
   -0.041145794093608856,
   -1.0706799030303955
  ],
  "euler_order": "XYZ",
  "rotation_matrix": [
   [
    0.4791218638420105,
    0.8719527721405029,
    -0.10070061683654785
   ],
   [
    -0.8767840266227722,
    0.48081180453300476,
    -0.008353500626981258
   ],
   [
    0.04113418608903885,
    0.09229503571987152,
    0.9948816895484924
   ]
  ]
 },
 {
  "rotation_euler": [
   0.08105913549661636,
   0.13343223929405212,
   -1.3923354148864746
  ],
  "euler_order": "XYZ",
  "rotation_matrix": [
   [
    0.1759372353553772,
    0.9827989339828491,
    -0.05614595487713814
   ],
   [
    -0.9753703474998474,
    0.16633132100105286,
    -0.14486736059188843
   ],
   [
    -0.13303664326667786,
    0.08025065809488297,
    0.9878568053245544
   ]
  ]
 },
 {
  "rotation_euler": [
   0.08885499835014343,
   -0.1487652063369751,
   1.7897684574127197
  ],
  "euler_order": "XYZ",
  "rotation_matrix": [
   [
    -0.21482712030410767,
    -0.9694133400917053,
    0.11868881434202194
   ],
   [
    0.9653398394584656,
    -0.22920788824558258,
    -0.12483083456754684
   ],
   [
    0.1482170969247818,
    0.08775799721479416,
    0.9850534200668335
   ]
  ]
 },
 {
  "rotation_euler": [
   0.07443948090076447,
   0.22587941586971283,
   -2.9972779750823975
  ],
  "euler_order": "XYZ",
  "rotation_matrix": [
   [
    -0.9644662737846375,
    0.12693281471729279,
    -0.23171715438365936
   ],
   [
    -0.14016102254390717,
    -0.9892595410346985,
    0.04147769510746002
   ],
   [
    -0.22396352887153625,
    0.07248155027627945,
    0.9718985557556152
   ]
  ]
 },
 {
  "rotation_euler": [
   0.08967254310846329,
   0.0661592185497284,
   2.621547222137451
  ],
  "euler_order": "XYZ",
  "rotation_matrix": [
   [
    -0.8658981323242188,
    -0.5000606775283813,
    -0.01264001615345478
   ],
   [
    0.4958324432373047,
    -0.86136794090271,
    0.11043311655521393
   ],
   [
    -0.06611096858978271,
    0.08935649693012238,
    0.9938032031059265
   ]
  ]
 },
 {
  "rotation_euler": [
   0.07951276004314423,
   -0.38194340467453003,
   2.4851064682006836
  ],
  "euler_order": "XYZ",
  "rotation_matrix": [
   [
    -0.7350615859031677,
    -0.5849573612213135,
    0.34279629588127136
   ],
   [
    0.5663575530052185,
    -0.8077080845832825,
    -0.163849875330925
   ],
   [
    0.3727245330810547,
    0.0737055093050003,
    0.9250102043151855
   ]
  ]
 },
 {
  "rotation_euler": [
   0.0923784077167511,
   -0.019725745543837547,
   -1.8638864755630493
  ],
  "euler_order": "XYZ",
  "rotation_matrix": [
   [
    -0.28885576128959656,
    0.953799307346344,
    -0.0826389268040657
   ],
   [
    -0.9571694135665894,
    -0.28593817353248596,
    0.04545409977436066
   ],
   [
    0.019724465906620026,
    0.09222912788391113,
    0.9955424070358276
   ]
  ]
 },
 {
  "rotation_euler": [
   0.09342478215694427,
   -0.051519013941287994,
   -2.3870248794555664
  ],
  "euler_order": "XYZ",
  "rotation_matrix": [
   [
    -0.7276009917259216,
    0.6854867935180664,
    -0.026545608416199684
   ],
   [
    -0.6840649843215942,
    -0.7220998406410217,
    0.10308704525232315
   ],
   [
    0.0514962263405323,
    0.09316515922546387,
    0.9943180680274963
   ]
  ]
 },
 {
  "rotation_euler": [
   0.0918978825211525,
   -0.008299904875457287,
   -2.8037400245666504
  ],
  "euler_order": "XYZ",
  "rotation_matrix": [
   [
    -0.9434360861778259,
    0.33078184723854065,
    -0.022620221599936485
   ],
   [
    -0.3314504623413086,
    -0.9392350316047668,
    0.08932024240493774
   ],
   [
    0.008299809880554676,
    0.09176542609930038,
    0.9957460761070251
   ]
  ]
 }
]