[
 {
  "rotation_euler": [
   7.198258913376776e-07,
   -7.004339295235695e-07,
   -1.7053755521774292
  ],
  "euler_order": "XYZ",
  "rotation_matrix": [
   [
    -0.13417334854602814,
    0.9909578561782837,
    -6.193375838847714e-07
   ],
   [
    -0.9909578561782837,
    -0.13417334854602814,
    7.9068195191212e-07
   ],
   [
    7.004339295235695e-07,
    7.198258913376776e-07,
    1.0
   ]
  ]
 },
 {
  "rotation_euler": [
   -8.248049994108442e-07,
   -1.3766399433734477e-06,
   1.045697808265686
  ],
  "euler_order": "XYZ",
  "rotation_matrix": [
   [
    0.5012982487678528,
    -0.8652745485305786,
    -1.4037899518370978e-06
   ],
   [
    0.8652745485305786,
    0.5012982487678528,
    -7.776982329232851e-07
   ],
   [
    1.3766399433734477e-06,
    -8.248049994108442e-07,
    1.0
   ]
  ]
 },
 {
  "rotation_euler": [
   8.983205930235272e-07,
   1.3321218830242287e-06,
   1.9019179344177246
  ],
  "euler_order": "XYZ",
  "rotation_matrix": [
   [
    -0.32510390877723694,
    -0.9456782937049866,
    4.1644426573839155e-07
   ],
   [
    0.9456782937049866,
    -0.32510390877723694,
    1.5518063491981593e-06
   ],
   [
    -1.3321218830242287e-06,
    8.983205930235272e-07,
    1.0
   ]
  ]
 },
 {
  "rotation_euler": [
   -3.45006952784388e-07,
   1.5308530976199108e-07,
   2.286552906036377
  ],
  "euler_order": "XYZ",
  "rotation_matrix": [
   [
    -0.6561884880065918,
    -0.754597008228302,
    -3.6079404708289076e-07
   ],
   [
    0.754597008228302,
    -0.6561884880065918,
    -1.108718876707826e-07
   ],
   [
    -1.5308530976199108e-07,
    -3.45006952784388e-07,
    1.0
   ]
  ]
 },
 {
  "rotation_euler": [
   -1.9422562047566316e-07,
   -1.1527806975664134e-07,
   -2.6003246307373047
  ],
  "euler_order": "XYZ",
  "rotation_matrix": [
   [
    -0.8570560812950134,
    0.5152231454849243,
    1.9886930147094972e-07
   ],
   [
    -0.5152231454849243,
    -0.8570560812950134,
    -1.0706830977369464e-07
   ],
   [
    1.1527806975664134e-07,
    -1.9422562047566316e-07,
    1.0
   ]
  ]
 },
 {
  "rotation_euler": [
   7.490469329241023e-07,
   4.086088836174895e-07,
   -0.31622764468193054
  ],
  "euler_order": "XYZ",
  "rotation_matrix": [
   [
    0.950415313243866,
    0.31098347902297974,
    1.5540692288595892e-07
   ],
   [
    -0.31098347902297974,
    0.950415313243866,
    -8.389762911065191e-07
   ],
   [
    -4.086088836174895e-07,
    7.490469329241023e-07,
    1.0
   ]
  ]
 },
 {
  "rotation_euler": [
   -1.0821341902556014e-06,
   8.886101454663731e-07,
   -0.3984825015068054
  ],
  "euler_order": "XYZ",
  "rotation_matrix": [
   [
    0.9216508865356445,
    0.38802018761634827,
    1.2388782124617137e-06
   ],
   [
    -0.38802018761634827,
    0.9216508865356445,
    6.525512503685604e-07
   ],
   [
    -8.886101454663731e-07,
    -1.0821341902556014e-06,
    1.0
   ]
  ]
 },
 {
  "rotation_euler": [
   -2.7588257012212125e-07,
   -4.467242149530648e-07,
   0.44458267092704773
  ],
  "euler_order": "XYZ",
  "rotation_matrix": [
   [
    0.9027902483940125,
    -0.43008115887641907,
    -5.219501417741412e-07
   ],
   [
    0.43008115887641907,
    0.9027902483940125,
    5.6936421799491654e-08
   ],
   [
    4.467242149530648e-07,
    -2.7588257012212125e-07,
    1.0
   ]
  ]
 },
 {
  "rotation_euler": [
   -3.532128403094248e-07,
   -1.5997227365005529e-06,
   1.216871738433838
  ],
  "euler_order": "XYZ",
  "rotation_matrix": [
   [
    0.3465818166732788,
    -0.9380197525024414,
    -8.857554121277644e-07
   ],
   [
    0.9380197525024414,
    0.3465818166732788,
    -1.3781543657387374e-06
   ],
   [
    1.5997227365005529e-06,
    -3.532128403094248e-07,
    1.0
   ]
  ]
 },
 {
  "rotation_euler": [
   3.931223204745038e-07,
   2.556938056841318e-07,
   -0.15458206832408905
  ],
  "euler_order": "XYZ",
  "rotation_matrix": [
   [
    0.9880759716033936,
    0.15396717190742493,
    1.9211697122045734e-07
   ],
   [
    -0.15396717190742493,
    0.9880759716033936,
    -4.278031724425091e-07
   ],
   [
    -2.556938056841318e-07,
    3.931223204745038e-07,
    1.0
   ]
  ]
 },
 {
  "rotation_euler": [
   -4.694996960097342e-07,
   -1.082213202607818e-06,
   0.5027398467063904
  ],
  "euler_order": "XYZ",
  "rotation_matrix": [
   [
    0.8762657046318054,
    -0.4818281829357147,
    -1.174524527414178e-06
   ],
   [
    0.4818281829357147,
    0.8762657046318054,
    -1.1003432831557802e-07
   ],
   [
    1.082213202607818e-06,
    -4.694996960097342e-07,
    1.0
   ]
  ]
 },
 {
  "rotation_euler": [
   9.859928695732378e-08,
   -1.539690970275842e-07,
   -2.6860413551330566
  ],
  "euler_order": "XYZ",
  "rotation_matrix": [
   [
    -0.8980185985565186,
    0.43995746970176697,
    9.488762486853375e-08
   ],
   [
    -0.43995746970176697,
    -0.8980185985565186,
    1.562838463087246e-07
   ],
   [
    1.539690970275842e-07,
    9.859928695732378e-08,
    1.0
   ]
  ]
 },
 {
  "rotation_euler": [
   6.57102020795719e-07,
   -1.6722274267522153e-06,
   2.007511615753174
  ],
  "euler_order": "XYZ",
  "rotation_matrix": [
   [
    -0.42296531796455383,
    -0.9061458706855774,
    1.3027245131524978e-06
   ],
   [
    0.9061458706855774,
    -0.42296531796455383,
    -1.2373506024232483e-06
   ],
   [
    1.6722274267522153e-06,
    6.57102020795719e-07,
    1.0
   ]
  ]
 },
 {
  "rotation_euler": [
   -3.9716371702525066e-07,
   2.1247369375032576e-07,
   0.9838364124298096
  ],
  "euler_order": "XYZ",
  "rotation_matrix": [
   [
    0.5538323521614075,
    -0.8326282501220703,
    -2.1301491415215423e-07
   ],
   [
    0.8326282501220703,
    0.5538323521614075,
    3.968737019022228e-07
   ],
   [
    -2.1247369375032576e-07,
    -3.9716371702525066e-07,
    1.0
   ]
  ]
 },
 {
  "rotation_euler": [
   8.207544510696607e-07,
   -3.063121994273388e-06,
   1.2398302555084229
  ],
  "euler_order": "XYZ",
  "rotation_matrix": [
   [
    0.32495683431625366,
    -0.9457288384437561,
    -2.1917122694503632e-07
   ],
   [
    0.9457288384437561,
    0.32495683431625366,
    -3.1635925097361906e-06
   ],
   [
    3.063121994273388e-06,
    8.207544510696607e-07,
    1.0
   ]
  ]
 },
 {
  "rotation_euler": [
   2.0510985621058353e-07,
   1.4836609807389323e-06,
   -2.17376708984375
  ],
  "euler_order": "XYZ",
  "rotation_matrix": [
   [
    -0.5670918822288513,
    0.8236545324325562,
    -1.0103117347171064e-06
   ],
   [
    -0.8236545324325562,
    -0.5670918822288513,
    -1.1057079518650426e-06
   ],
   [
    -1.4836609807389323e-06,
    2.0510985621058353e-07,
    1.0
   ]
  ]
 }
]