[
 {
  "rotation_euler": [
   0.4291585385799408,
   1.7928965091705322,
   -0.0384586863219738
  ],
  "euler_order": "XYZ",
  "rotation_matrix": [
   [
    -0.22011582553386688,
    0.4405473470687866,
    0.8703258633613586
   ],
   [
    0.008469541557133198,
    0.8930378556251526,
    -0.449901819229126
   ],
   [
    -0.9754369854927063,
    -0.09165924787521362,
    -0.20030298829078674
   ]
  ]
 },
 {
  "rotation_euler": [
   0.389457643032074,
   1.7531095743179321,
   2.484656810760498
  ],
  "euler_order": "XYZ",
  "rotation_matrix": [
   [
    0.1435694545507431,
    -0.8606402277946472,
    -0.48855525255203247
   ],
   [
    -0.11072172969579697,
    -0.5045390129089355,
    0.8562599420547485
   ],
   [
    -0.9834269285202026,
    -0.06883908808231354,
    -0.16772796213626862
   ]
  ]
 },
 {
  "rotation_euler": [
   0.2366698831319809,
   1.6663601398468018,
   0.7947618961334229
  ],
  "euler_order": "XYZ",
  "rotation_matrix": [
   [
    -0.06683628261089325,
    -0.530318021774292,
    0.845160186290741
   ],
   [
    -0.06809982657432556,
    0.8475035429000854,
    0.52640300989151
   ],
   [
    -0.9954372644424438,
    -0.02237243764102459,
    -0.09275855869054794
   ]
  ]
 },
 {
  "rotation_euler": [
   0.23720940947532654,
   1.6664999723434448,
   -2.269773244857788
  ],
  "euler_order": "XYZ",
  "rotation_matrix": [
   [
    0.06148510053753853,
    0.5935553908348083,
    -0.8024410009384155
   ],
   [
    0.07314944267272949,
    -0.8044797778129578,
    -0.5894585847854614
   ],
   [
    -0.9954239130020142,
    -0.022455189377069473,
    -0.09288176894187927
   ]
  ]
 },
 {
  "rotation_euler": [
   -3.111064910888672,
   -1.343716025352478,
   0.022860677912831306
  ],
  "euler_order": "XYZ",
  "rotation_matrix": [
   [
    0.2250749170780182,
    0.05257967486977577,
    0.9729217290878296
   ],
   [
    0.005146261770278215,
    -0.9985930919647217,
    0.052776504307985306
   ],
   [
    0.9743278622627258,
    -0.006871757563203573,
    -0.2250288426876068
   ]
  ]
 },
 {
  "rotation_euler": [
   0.18723160028457642,
   0.6162545680999756,
   2.5244367122650146
  ],
  "euler_order": "XYZ",
  "rotation_matrix": [
   [
    -0.6655105352401733,
    -0.6563429236412048,
    -0.3554007411003113
   ],
   [
    0.47226229310035706,
    -0.7390132546424866,
    0.48044532537460327
   ],
   [
    -0.5779827833175659,
    0.15189902484416962,
    0.8017871379852295
   ]
  ]
 },
 {
  "rotation_euler": [
   -3.1110634803771973,
   -1.3437161445617676,
   0.060584656894207
  ],
  "euler_order": "XYZ",
  "rotation_matrix": [
   [
    0.22472058236598969,
    0.09020562469959259,
    0.9702389240264893
   ],
   [
    0.013631301000714302,
    -0.9958994388580322,
    0.08943415433168411
   ],
   [
    0.9743279218673706,
    -0.006872076075524092,
    -0.22502872347831726
   ]
  ]
 },
 {
  "rotation_euler": [
   -2.849228620529175,
   1.0642008781433105,
   0.16579532623291016
  ],
  "euler_order": "XYZ",
  "rotation_matrix": [
   [
    0.4785497188568115,
    -0.09052783995866776,
    -0.8733812570571899
   ],
   [
    0.08007637411355972,
    -0.9860265851020813,
    0.14607982337474823
   ],
   [
    -0.8744014501571655,
    -0.1398436576128006,
    -0.4646136164665222
   ]
  ]
 },
 {
  "rotation_euler": [
   0.09375905245542526,
   -1.8027995824813843,
   -2.3716158866882324
  ],
  "euler_order": "XYZ",
  "rotation_matrix": [
   [
    0.16507117450237274,
    0.7584738731384277,
    0.6304513812065125
   ],
   [
    0.16005684435367584,
    -0.6513478755950928,
    0.7417060136795044
   ],
   [
    0.9732077717781067,
    -0.021526219323277473,
    -0.2289176881313324
   ]
  ]
 },
 {
  "rotation_euler": [
   0.3392338752746582,
   1.719399333000183,
   2.483712673187256
  ],
  "euler_order": "XYZ",
  "rotation_matrix": [
   [
    0.11715581268072128,
    -0.8370060920715332,
    -0.534504771232605
   ],
   [
    -0.09052787721157074,
    -0.5449711084365845,
    0.8335533738136292
   ],
   [
    -0.9889788627624512,
    -0.04926804080605507,
    -0.139618918299675
   ]
  ]
 },
 {
  "rotation_euler": [
   0.01808229833841324,
   -1.7979906797409058,
   0.18869084119796753
  ],
  "euler_order": "XYZ",
  "rotation_matrix": [
   [
    -0.22124691307544708,
    -0.20484644174575806,
    -0.9534609317779541
   ],
   [
    -0.0422498844563961,
    0.9787856340408325,
    -0.20048342645168304
   ],
   [
    0.9743021726608276,
    -0.004072722978889942,
    -0.22520804405212402
   ]
  ]
 },
 {
  "rotation_euler": [
   0.0304619912058115,
   -1.7978721857070923,
   0.2818387448787689
  ],
  "euler_order": "XYZ",
  "rotation_matrix": [
   [
    -0.2162470817565918,
    -0.30649787187576294,
    -0.9269823431968689
   ],
   [
    -0.06261351704597473,
    0.9518466591835022,
    -0.3001124858856201
   ],
   [
    0.974328875541687,
    -0.006856829859316349,
    -0.2250249683856964
   ]
  ]
 },
 {
  "rotation_euler": [
   0.030527016147971153,
   -1.797876000404358,
   2.5841588973999023
  ],
  "euler_order": "XYZ",
  "rotation_matrix": [
   [
    0.1910514533519745,
    -0.5035269856452942,
    0.8425911664962769
   ],
   [
    -0.11909771710634232,
    -0.8639521598815918,
    -0.4892876148223877
   ],
   [
    0.9743279814720154,
    -0.006871575489640236,
    -0.22502824664115906
   ]
  ]
 },
 {
  "rotation_euler": [
   0.3603649139404297,
   1.732021450996399,
   -1.286491870880127
  ],
  "euler_order": "XYZ",
  "rotation_matrix": [
   [
    -0.04502635821700096,
    0.9958261251449585,
    -0.07939106971025467
   ],
   [
    0.1540835052728653,
    -0.07159776985645294,
    -0.9854603409767151
   ],
   [
    -0.9870313405990601,
    -0.056604545563459396,
    -0.15021659433841705
   ]
  ]
 },
 {
  "rotation_euler": [
   0.42915427684783936,
   1.7928961515426636,
   -0.5606219172477722
  ],
  "euler_order": "XYZ",
  "rotation_matrix": [
   [
    -0.18655915558338165,
    0.8272470235824585,
    0.5299604535102844
   ],
   [
    0.11712487041950226,
    0.5543114542961121,
    -0.8240270614624023
   ],
   [
    -0.9754370450973511,
    -0.09165824949741364,
    -0.2003030627965927
   ]
  ]
 },
 {
  "rotation_euler": [
   0.2373068630695343,
   1.6660451889038086,
   0.9137607216835022
  ],
  "euler_order": "XYZ",
  "rotation_matrix": [
   [
    -0.05808744207024574,
    -0.6266825199127197,
    0.7771067023277283
   ],
   [
    -0.07530466467142105,
    0.7789538502693176,
    0.622543215751648
   ],
   [
    -0.9954672455787659,
    -0.022357814013957977,
    -0.09243955463171005
   ]
  ]
 }
]