[
 {
  "rotation_euler": [
   0.010725085623562336,
   -0.028293803334236145,
   -3.0434651374816895
  ],
  "euler_order": "XYZ",
  "rotation_matrix": [
   [
    -0.9947910308837891,
    0.09826642274856567,
    0.02710159868001938
   ],
   [
    -0.0979309007525444,
    -0.9951024055480957,
    0.013444704003632069
   ],
   [
    0.028290027752518654,
    0.010720587335526943,
    0.9995422959327698
   ]
  ]
 },
 {
  "rotation_euler": [
   0.010760568082332611,
   -0.02839536778628826,
   2.399761199951172
  ],
  "euler_order": "XYZ",
  "rotation_matrix": [
   [
    -0.7369351983070374,
    -0.6753749251365662,
    0.02820008248090744
   ],
   [
    0.6753668785095215,
    -0.7373961210250854,
    -0.011248449794948101
   ],
   [
    0.028391551226377487,
    0.010756022296845913,
    0.9995390176773071
   ]
  ]
 },
 {
  "rotation_euler": [
   0.010725267231464386,
   -0.028290705755352974,
   -0.9055895209312439
  ],
  "euler_order": "XYZ",
  "rotation_matrix": [
   [
    0.6169748902320862,
    0.7865566611289978,
    -0.025896670296788216
   ],
   [
    -0.786474347114563,
    0.6174250841140747,
    0.015634829178452492
   ],
   [
    0.028286932036280632,
    0.010720769874751568,
    0.9995423555374146
   ]
  ]
 },
 {
  "rotation_euler": [
   0.010725109837949276,
   -0.028293678537011147,
   0.9657923579216003
  ],
  "euler_order": "XYZ",
  "rotation_matrix": [
   [
    0.568537712097168,
    -0.8226251006126404,
    -0.007268159184604883
   ],
   [
    0.822170615196228,
    0.5684830546379089,
    -0.029367057606577873
   ],
   [
    0.028289902955293655,
    0.010720611549913883,
    0.9995422959327698
   ]
  ]
 },
 {
  "rotation_euler": [
   0.01072510052472353,
   -0.028293680399656296,
   -0.7914350032806396
  ],
  "euler_order": "XYZ",
  "rotation_matrix": [
   [
    0.7025439143180847,
    0.711108386516571,
    -0.027511004358530045
   ],
   [
    -0.711077868938446,
    0.7030006647109985,
    0.012585495598614216
   ],
   [
    0.028289904817938805,
    0.010720602236688137,
    0.9995422959327698
   ]
  ]
 },
 {
  "rotation_euler": [
   0.010725276544690132,
   -0.02829093672335148,
   -2.575901746749878
  ],
  "euler_order": "XYZ",
  "rotation_matrix": [
   [
    -0.8438806533813477,
    0.5362244844436646,
    0.01813054271042347
   ],
   [
    -0.5357847213745117,
    -0.8440073132514954,
    0.024215327575802803
   ],
   [
    0.028287163004279137,
    0.010720779187977314,
    0.9995423555374146
   ]
  ]
 },
 {
  "rotation_euler": [
   0.01072506234049797,
   -0.028293391689658165,
   2.54268741607666
  ],
  "euler_order": "XYZ",
  "rotation_matrix": [
   [
    -0.8256226778030396,
    -0.5634555816650391,
    0.029410572722554207
   ],
   [
    0.5635129809379578,
    -0.8260768055915833,
    -0.007088800892233849
   ],
   [
    0.028289616107940674,
    0.010720564052462578,
    0.9995422959327698
   ]
  ]
 },
 {
  "rotation_euler": [
   0.010725104250013828,
   -0.028293678537011147,
   -2.693472146987915
  ],
  "euler_order": "XYZ",
  "rotation_matrix": [
   [
    -0.9009023308753967,
    0.4335209131240845,
    0.02084837481379509
   ],
   [
    -0.4330989718437195,
    -0.9010797142982483,
    0.021922484040260315
   ],
   [
    0.028289902955293655,
    0.010720605961978436,
    0.9995422959327698
   ]
  ]
 },
 {
  "rotation_euler": [
   0.01071721687912941,
   -0.02828305959701538,
   0.9685713648796082
  ],
  "euler_order": "XYZ",
  "rotation_matrix": [
   [
    0.5662508606910706,
    -0.8242016434669495,
    -0.0071870130486786366
   ],
   [
    0.8237476944923401,
    0.5661951303482056,
    -0.029373925179243088
   ],
   [
    0.028279289603233337,
    0.01071272511035204,
    0.9995426535606384
   ]
  ]
 },
 {
  "rotation_euler": [
   0.01072506234049797,
   -0.028293656185269356,
   1.7624752521514893
  ],
  "euler_order": "XYZ",
  "rotation_matrix": [
   [
    -0.19043108820915222,
    -0.9815714955329895,
    0.01591756008565426
   ],
   [
    0.9812928438186646,
    -0.1907942295074463,
    -0.025727013126015663
   ],
   [
    0.028289880603551865,
    0.010720564052462578,
    0.9995422959327698
   ]
  ]
 },
 {
  "rotation_euler": [
   0.01072781439870596,
   -0.028289396315813065,
   1.8389866352081299
  ],
  "euler_order": "XYZ",
  "rotation_matrix": [
   [
    -0.26488083600997925,
    -0.9641161561012268,
    0.01783900521695614
   ],
   [
    0.9638662338256836,
    -0.26526421308517456,
    -0.024430224671959877
   ],
   [
    0.028285622596740723,
    0.010723316110670567,
    0.9995423555374146
   ]
  ]
 },
 {
  "rotation_euler": [
   0.010725079104304314,
   -0.028293639421463013,
   -1.3933428525924683
  ],
  "euler_order": "XYZ",
  "rotation_matrix": [
   [
    0.17645296454429626,
    0.9841862320899963,
    -0.015549995936453342
   ],
   [
    -0.9839024543762207,
    0.1768120974302292,
    0.02595081739127636
   ],
   [
    0.02828986383974552,
    0.010720580816268921,
    0.9995422959327698
   ]
  ]
 },
 {
  "rotation_euler": [
   0.010725084692239761,
   -0.028293875977396965,
   2.7426810264587402
  ],
  "euler_order": "XYZ",
  "rotation_matrix": [
   [
    -0.9211154580116272,
    -0.38811373710632324,
    0.030233094468712807
   ],
   [
    0.3882601857185364,
    -0.9215491414070129,
    -0.0011048786109313369
   ],
   [
    0.028290100395679474,
    0.010720586404204369,
    0.999542236328125
   ]
  ]
 },
 {
  "rotation_euler": [
   0.010726314969360828,
   -0.028290586546063423,
   3.047247886657715
  ],
  "euler_order": "XYZ",
  "rotation_matrix": [
   [
    -0.9951544404029846,
    -0.09389739483594894,
    0.029169848188757896
   ],
   [
    0.09416717290878296,
    -0.9955241680145264,
    0.00801380630582571
   ],
   [
    0.02828681282699108,
    0.01072181761264801,
    0.9995423555374146
   ]
  ]
 },
 {
  "rotation_euler": [
   0.010725107043981552,
   -0.028293905779719353,
   0.768866240978241
  ],
  "euler_order": "XYZ",
  "rotation_matrix": [
   [
    0.7184118032455444,
    -0.6954989433288574,
    -0.012873684987425804
   ],
   [
    0.6950425505638123,
    0.7184471487998962,
    -0.027377568185329437
   ],
   [
    0.02829013019800186,
    0.01072060875594616,
    0.999542236328125
   ]
  ]
 },
 {
  "rotation_euler": [
   0.010723012499511242,
   -0.028288833796977997,
   -0.783968448638916
  ],
  "euler_order": "XYZ",
  "rotation_matrix": [
   [
    0.7078337073326111,
    0.7058397531509399,
    -0.027599303051829338
   ],
   [
    -0.7058125734329224,
    0.7082904577255249,
    0.012377792038023472
   ],
   [
    0.028285060077905655,
    0.010718517005443573,
    0.9995424151420593
   ]
  ]
 }
]