[
 {
  "rotation_euler": [
   -0.024654677137732506,
   0.02881714701652527,
   -1.5629708766937256
  ],
  "euler_order": "XYZ",
  "rotation_matrix": [
   [
    0.007822121493518353,
    0.9996598958969116,
    0.024876829236745834
   ],
   [
    -0.9995542168617249,
    0.008533277548849583,
    -0.028610607609152794
   ],
   [
    -0.028813159093260765,
    -0.024641944095492363,
    0.9992810487747192
   ]
  ]
 },
 {
  "rotation_euler": [
   0.9345666766166687,
   -0.6468851566314697,
   0.5428721904754639
  ],
  "euler_order": "XYZ",
  "rotation_matrix": [
   [
    0.6832403540611267,
    -0.7220273613929749,
    0.10889963805675507
   ],
   [
    0.4122266173362732,
    0.25830674171447754,
    -0.8736972212791443
   ],
   [
    0.6027038097381592,
    0.6418365240097046,
    0.4741244912147522
   ]
  ]
 },
 {
  "rotation_euler": [
   -0.0003297834482509643,
   -3.5685917509908904e-07,
   -2.410950183868408
  ],
  "euler_order": "XYZ",
  "rotation_matrix": [
   [
    -0.7447457909584045,
    0.6673482060432434,
    0.00022034617722965777
   ],
   [
    -0.6673482656478882,
    -0.7447457909584045,
    -0.0002453666820656508
   ],
   [
    3.5685917509908904e-07,
    -0.0003297834482509643,
    0.9999999403953552
   ]
  ]
 },
 {
  "rotation_euler": [
   -0.9952782988548279,
   -0.5019807815551758,
   2.6936559677124023
  ],
  "euler_order": "XYZ",
  "rotation_matrix": [
   [
    -0.7901450991630554,
    -0.599556028842926,
    -0.12729209661483765
   ],
   [
    0.37967485189437866,
    -0.3157486319541931,
    -0.8695687651634216
   ],
   [
    0.4811629056930542,
    -0.7354151010513306,
    0.47712358832359314
   ]
  ]
 },
 {
  "rotation_euler": [
   -2.9915381674072705e-05,
   -3.5502876016835216e-06,
   3.0946269035339355
  ],
  "euler_order": "XYZ",
  "rotation_matrix": [
   [
    -0.9988973140716553,
    -0.04694848507642746,
    2.1418909454951063e-06
   ],
   [
    0.04694848507642746,
    -0.9988973140716553,
    -3.0049075576243922e-05
   ],
   [
    3.5502876016835216e-06,
    -2.9915381674072705e-05,
    1.0
   ]
  ]
 },
 {
  "rotation_euler": [
   -2.2477762699127197,
   2.357574462890625,
   -0.033376533538103104
  ],
  "euler_order": "XYZ",
  "rotation_matrix": [
   [
    -0.7076875567436218,
    -0.5710041522979736,
    -0.4160920977592468
   ],
   [
    0.023628931492567062,
    -0.6077257394790649,
    0.7937954068183899
   ],
   [
    -0.70613032579422,
    0.5519272685050964,
    0.44357213377952576
   ]
  ]
 },
 {
  "rotation_euler": [
   -0.0003085855860263109,
   -4.461904154595686e-06,
   0.9914443492889404
  ],
  "euler_order": "XYZ",
  "rotation_matrix": [
   [
    0.5474817752838135,
    -0.8368175625801086,
    -0.0002606726484373212
   ],
   [
    0.8368176221847534,
    0.5474817752838135,
    0.00016521118232049048
   ],
   [
    4.461904154595686e-06,
    -0.0003085855860263109,
    0.9999999403953552
   ]
  ]
 },
 {
  "rotation_euler": [
   -0.16953980922698975,
   0.019722770899534225,
   2.1184792518615723
  ],
  "euler_order": "XYZ",
  "rotation_matrix": [
   [
    -0.5206092000007629,
    -0.8397602438926697,
    -0.15417133271694183
   ],
   [
    0.8535673022270203,
    -0.516085684299469,
    -0.07126334309577942
   ],
   [
    -0.019721493124961853,
    -0.16869595646858215,
    0.9854708313941956
   ]
  ]
 },
 {
  "rotation_euler": [
   -1.0432461500167847,
   0.19487126171588898,
   -0.0617106631398201
  ],
  "euler_order": "XYZ",
  "rotation_matrix": [
   [
    0.9792051315307617,
    -0.13594844937324524,
    0.15058326721191406
   ],
   [
    -0.06050422042608261,
    0.5127783417701721,
    0.8563863635063171
   ],
   [
    -0.19364023208618164,
    -0.8476888537406921,
    0.493889719247818
   ]
  ]
 },
 {
  "rotation_euler": [
   -0.6676779985427856,
   0.9214548468589783,
   0.4695351719856262
  ],
  "euler_order": "XYZ",
  "rotation_matrix": [
   [
    0.5392247438430786,
    -0.7950922846794128,
    0.27760571241378784
   ],
   [
    0.2735925316810608,
    0.47714149951934814,
    0.8351545333862305
   ],
   [
    -0.7964821457862854,
    -0.37438514828681946,
    0.47481781244277954
   ]
  ]
 },
 {
  "rotation_euler": [
   -0.5583807826042175,
   0.951103925704956,
   0.7348728775978088
  ],
  "euler_order": "XYZ",
  "rotation_matrix": [
   [
    0.43089351058006287,
    -0.8886417150497437,
    0.15699246525764465
   ],
   [
    0.3894120454788208,
    0.34004682302474976,
    0.8559944033622742
   ],
   [
    -0.8140571713447571,
    -0.30770769715309143,
    0.49257177114486694
   ]
  ]
 },
 {
  "rotation_euler": [
   0.9027268290519714,
   0.6298182010650635,
   -0.06771628558635712
  ],
  "euler_order": "XYZ",
  "rotation_matrix": [
   [
    0.8062824606895447,
    0.5032311081886292,
    0.3109132945537567
   ],
   [
    -0.054682061076164246,
    0.5867655277252197,
    -0.8079084753990173
   ],
   [
    -0.5889978408813477,
    0.6344010233879089,
    0.5006164908409119
   ]
  ]
 },
 {
  "rotation_euler": [
   -0.06689617037773132,
   -0.0076947566121816635,
   1.1629525423049927
  ],
  "euler_order": "XYZ",
  "rotation_matrix": [
   [
    0.39661914110183716,
    -0.9157209396362305,
    -0.0644085556268692
   ],
   [
    0.9179509878158569,
    0.39621591567993164,
    0.019465552642941475
   ],
   [
    0.007694680709391832,
    -0.06684430688619614,
    0.9977337718009949
   ]
  ]
 },
 {
  "rotation_euler": [
   -0.1929229497909546,
   0.2736370265483856,
   1.78382408618927
  ],
  "euler_order": "XYZ",
  "rotation_matrix": [
   [
    -0.203554168343544,
    -0.9483085870742798,
    -0.24346764385700226
   ],
   [
    0.9410306811332703,
    -0.2581384479999542,
    0.21869100630283356
   ],
   [
    -0.2702349126338959,
    -0.18459506332874298,
    0.9449326395988464
   ]
  ]
 },
 {
  "rotation_euler": [
   -0.0003297529474366456,
   3.768709007090365e-07,
   1.3831373453140259
  ],
  "euler_order": "XYZ",
  "rotation_matrix": [
   [
    0.18655948340892792,
    -0.982443630695343,
    -0.00032389338593930006
   ],
   [
    0.9824436902999878,
    0.18655948340892792,
    6.188879342516884e-05
   ],
   [
    -3.768709007090365e-07,
    -0.0003297529474366456,
    0.9999999403953552
   ]
  ]
 },
 {
  "rotation_euler": [
   -0.023225972428917885,
   0.016801217570900917,
   2.244968891143799
  ],
  "euler_order": "XYZ",
  "rotation_matrix": [
   [
    -0.624163031578064,
    -0.7807694673538208,
    -0.028627905994653702
   ],
   [
    0.7811135053634644,
    -0.6243875622749329,
    -0.0013761830050498247
   ],
   [
    -0.016800427809357643,
    -0.02322060614824295,
    0.999589204788208
   ]
  ]
 }
]