[
 {
  "rotation_euler": [
   -1.5706175565719604,
   -0.2985096275806427,
   -2.1057729721069336
  ],
  "euler_order": "XYZ",
  "rotation_matrix": [
   [
    -0.48727455735206604,
    -0.14978253841400146,
    0.8603073358535767
   ],
   [
    -0.8222353458404541,
    -0.25309625267982483,
    -0.509775698184967
   ],
   [
    0.29409608244895935,
    -0.9557758569717407,
    0.00017086426669266075
   ]
  ]
 },
 {
  "rotation_euler": [
   -1.5710647106170654,
   -1.8137423992156982,
   0.9227868318557739
  ],
  "euler_order": "XYZ",
  "rotation_matrix": [
   [
    -0.1452041119337082,
    0.5860888957977295,
    -0.7971295714378357
   ],
   [
    -0.1917978972196579,
    0.7737112641334534,
    0.6038082838058472
   ],
   [
    0.9706334471702576,
    0.24056321382522583,
    6.456327537307516e-05
   ]
  ]
 },
 {
  "rotation_euler": [
   1.5707886219024658,
   0.9230827689170837,
   1.4412418603897095
  ],
  "euler_order": "XYZ",
  "rotation_matrix": [
   [
    0.07795009762048721,
    0.10301879793405533,
    0.9916203618049622
   ],
   [
    0.5983081459999084,
    0.7907833456993103,
    -0.1291862577199936
   ],
   [
    -0.797465443611145,
    0.6033646464347839,
    4.648859430744778e-06
   ]
  ]
 },
 {
  "rotation_euler": [
   -1.5706844329833984,
   -0.5137367844581604,
   -0.5902668833732605
  ],
  "euler_order": "XYZ",
  "rotation_matrix": [
   [
    0.7235487103462219,
    0.4083426892757416,
    0.5565370917320251
   ],
   [
    -0.4847358465194702,
    -0.27343133091926575,
    0.830822765827179
   ],
   [
    0.49143508076667786,
    -0.8709142208099365,
    9.74499125732109e-05
   ]
  ]
 },
 {
  "rotation_euler": [
   -0.09365209192037582,
   -0.08398476243019104,
   -2.7232162952423096
  ],
  "euler_order": "XYZ",
  "rotation_matrix": [
   [
    -0.9105291366577148,
    0.3973290026187897,
    0.11430811136960983
   ],
   [
    -0.4048454165458679,
    -0.9129326939582825,
    -0.051517877727746964
   ],
   [
    0.08388606458902359,
    -0.09318564087152481,
    0.9921086430549622
   ]
  ]
 },
 {
  "rotation_euler": [
   -1.5707834959030151,
   3.028998374938965,
   -0.012334118597209454
  ],
  "euler_order": "XYZ",
  "rotation_matrix": [
   [
    -0.993592381477356,
    -0.11234782636165619,
    0.012335247360169888
   ],
   [
    0.012255707755684853,
    0.001398613560013473,
    0.9999239444732666
   ],
   [
    -0.1123565286397934,
    0.9936679601669312,
    -1.2749645975418389e-05
   ]
  ]
 },
 {
  "rotation_euler": [
   1.5707954168319702,
   -0.26175928115844727,
   -0.8144225478172302
  ],
  "euler_order": "XYZ",
  "rotation_matrix": [
   [
    0.6629109382629395,
    -0.1775972843170166,
    -0.7273296117782593
   ],
   [
    -0.7025538086891174,
    0.18821915984153748,
    -0.6862883567810059
   ],
   [
    0.258780300617218,
    0.9659361839294434,
    8.789661478658672e-07
   ]
  ]
 },
 {
  "rotation_euler": [
   -1.5708014965057373,
   -2.358541250228882,
   0.16729216277599335
  ],
  "euler_order": "XYZ",
  "rotation_matrix": [
   [
    -0.6988693475723267,
    0.695597767829895,
    -0.16650933027267456
   ],
   [
    -0.11801841109991074,
    0.11746068298816681,
    0.9860398769378662
   ],
   [
    0.705445408821106,
    0.7087642550468445,
    3.6641060887632193e-06
   ]
  ]
 },
 {
  "rotation_euler": [
   1.570793867111206,
   -0.820033609867096,
   -1.5903087854385376
  ],
  "euler_order": "XYZ",
  "rotation_matrix": [
   [
    -0.013310489244759083,
    0.014268454164266586,
    -0.9998096227645874
   ],
   [
    -0.682066798210144,
    0.7310295104980469,
    0.019513018429279327
   ],
   [
    0.7311687469482422,
    0.6821966171264648,
    1.6779879388195695e-06
   ]
  ]
 },
 {
  "rotation_euler": [
   -1.5707052946090698,
   -0.16237486898899078,
   -1.0397193431854248
  ],
  "euler_order": "XYZ",
  "rotation_matrix": [
   [
    0.49980035424232483,
    0.08195434510707855,
    0.8622546792030334
   ],
   [
    -0.8509200215339661,
    -0.13934916257858276,
    0.5064749717712402
   ],
   [
    0.161662295460701,
    -0.9868461489677429,
    8.983476436696947e-05
   ]
  ]
 },
 {
  "rotation_euler": [
   0.015448955819010735,
   0.006945539265871048,
   -1.0432124137878418
  ],
  "euler_order": "XYZ",
  "rotation_matrix": [
   [
    0.5034351348876953,
    0.8639768958091736,
    -0.009851500391960144
   ],
   [
    -0.8640051484107971,
    0.5032944679260254,
    -0.013777786865830421
   ],
   [
    -0.006945483386516571,
    0.015447968617081642,
    0.9998565316200256
   ]
  ]
 },
 {
  "rotation_euler": [
   -1.5709187984466553,
   -2.1157870292663574,
   0.3415094017982483
  ],
  "euler_order": "XYZ",
  "rotation_matrix": [
   [
    -0.4884720742702484,
    0.8057894110679626,
    -0.3348110318183899
   ],
   [
    -0.1736205816268921,
    0.286276638507843,
    0.9422852993011475
   ],
   [
    0.8551321029663086,
    0.5184101462364197,
    6.349054456222802e-05
   ]
  ]
 },
 {
  "rotation_euler": [
   1.5707924365997314,
   0.7760881185531616,
   -0.15685540437698364
  ],
  "euler_order": "XYZ",
  "rotation_matrix": [
   [
    0.704897940158844,
    0.691893994808197,
    -0.1562103033065796
   ],
   [
    -0.11148284375667572,
    -0.10942227393388748,
    -0.9877238273620605
   ],
   [
    -0.7004930377006531,
    0.7136592268943787,
    2.7762737317971187e-06
   ]
  ]
 },
 {
  "rotation_euler": [
   -1.5708277225494385,
   -1.888257384300232,
   0.46080392599105835
  ],
  "euler_order": "XYZ",
  "rotation_matrix": [
   [
    -0.279596209526062,
    0.8509522676467896,
    -0.4446416199207306
   ],
   [
    -0.13880565762519836,
    0.42242059111595154,
    0.8957085609436035
   ],
   [
    0.950031042098999,
    0.31215548515319824,
    9.800357474887278e-06
   ]
  ]
 },
 {
  "rotation_euler": [
   -1.570771336555481,
   -2.2509026527404785,
   -0.06536450982093811
  ],
  "euler_order": "XYZ",
  "rotation_matrix": [
   [
    -0.6275327205657959,
    0.7758471369743347,
    0.06529858708381653
   ],
   [
    0.041076887398958206,
    -0.0507601723074913,
    0.9978657960891724
   ],
   [
    0.7775058746337891,
    0.6288756728172302,
    -1.5715753761469387e-05
   ]
  ]
 },
 {
  "rotation_euler": [
   -1.5707058906555176,
   0.47722524404525757,
   2.09478759765625
  ],
  "euler_order": "XYZ",
  "rotation_matrix": [
   [
    -0.44443830847740173,
    0.22973591089248657,
    -0.8658498525619507
   ],
   [
    0.7690924406051636,
    -0.3977345824241638,
    -0.5003039240837097
   ],
   [
    -0.4593161940574646,
    -0.8882728219032288,
    8.033196354517713e-05
   ]
  ]
 }
]