[
 {
  "rotation_euler": [
   1.153167486190796,
   1.5902215242385864,
   -0.753929078578949
  ],
  "euler_order": "XYZ",
  "rotation_matrix": [
   [
    -0.014160175807774067,
    0.9438562989234924,
    -0.3300526440143585
   ],
   [
    0.013295873999595642,
    -0.3298788070678711,
    -0.9439296722412109
   ],
   [
    -0.9998113512992859,
    -0.01775454729795456,
    -0.007878252305090427
   ]
  ]
 },
 {
  "rotation_euler": [
   2.5527055263519287,
   -1.5581905841827393,
   -0.1680082380771637
  ],
  "euler_order": "XYZ",
  "rotation_matrix": [
   [
    0.012427921406924725,
    -0.68662428855896,
    0.7269062399864197
   ],
   [
    -0.002107863314449787,
    -0.7269787192344666,
    -0.6866567134857178
   ],
   [
    0.9999205470085144,
    0.007001497317105532,
    -0.010482145473361015
   ]
  ]
 },
 {
  "rotation_euler": [
   -0.7459452748298645,
   1.5316882133483887,
   -0.8621396422386169
  ],
  "euler_order": "XYZ",
  "rotation_matrix": [
   [
    0.025445638224482536,
    0.11627081036567688,
    0.9928915500640869
   ],
   [
    -0.029684750363230705,
    0.9928630590438843,
    -0.11550671607255936
   ],
   [
    -0.9992353916168213,
    -0.02653459645807743,
    0.028715504333376884
   ]
  ]
 },
 {
  "rotation_euler": [
   0.0011218016734346747,
   -4.724546215584269e-06,
   -2.8390369415283203
  ],
  "euler_order": "XYZ",
  "rotation_matrix": [
   [
    -0.9545781016349792,
    0.2979606091976166,
    -0.00032974290661513805
   ],
   [
    -0.2979608178138733,
    -0.9545775055885315,
    0.001072254846803844
   ],
   [
    4.724546215584269e-06,
    0.001121801440604031,
    0.9999993443489075
   ]
  ]
 },
 {
  "rotation_euler": [
   -0.2035316675901413,
   -1.4683955907821655,
   1.9610830545425415
  ],
  "euler_order": "XYZ",
  "rotation_matrix": [
   [
    -0.03889067843556404,
    -0.9822090864181519,
    0.18371954560279846
   ],
   [
    0.09453478455543518,
    -0.1866505742073059,
    -0.9778674244880676
   ],
   [
    0.9947616457939148,
    -0.020662039518356323,
    0.10011188685894012
   ]
  ]
 },
 {
  "rotation_euler": [
   0.0011289556277915835,
   2.9511954835470533e-06,
   -0.6905382871627808
  ],
  "euler_order": "XYZ",
  "rotation_matrix": [
   [
    0.7709032893180847,
    0.6369518637657166,
    -0.0007168155862018466
   ],
   [
    -0.6369522213935852,
    0.7709027528762817,
    -0.0008721951744519174
   ],
   [
    -2.9511954835470533e-06,
    0.0011289553949609399,
    0.9999993443489075
   ]
  ]
 },
 {
  "rotation_euler": [
   1.0736944675445557,
   0.010417952202260494,
   1.2578357458114624
  ],
  "euler_order": "XYZ",
  "rotation_matrix": [
   [
    0.30786004662513733,
    -0.45089712738990784,
    0.837803065776825
   ],
   [
    0.9513745903968811,
    0.15553241968154907,
    -0.26588720083236694
   ],
   [
    -0.010417764075100422,
    0.8789206147193909,
    0.4768542945384979
   ]
  ]
 },
 {
  "rotation_euler": [
   -1.0057156085968018,
   -1.5767775774002075,
   0.16540081799030304
  ],
  "euler_order": "XYZ",
  "rotation_matrix": [
   [
    -0.005899585783481598,
    0.744838297367096,
    -0.6672189235687256
   ],
   [
    -0.0009847931796684861,
    0.6672258973121643,
    0.744854748249054
   ],
   [
    0.9999821186065674,
    0.0050514074973762035,
    -0.003202844876796007
   ]
  ]
 },
 {
  "rotation_euler": [
   0.17124837636947632,
   -1.371589183807373,
   -0.5692886114120483
  ],
  "euler_order": "XYZ",
  "rotation_matrix": [
   [
    0.16668157279491425,
    0.3904511332511902,
    -0.9054088592529297
   ],
   [
    -0.10667043179273605,
    0.9200057983398438,
    0.3771084249019623
   ],
   [
    0.9802237749099731,
    0.03372332826256752,
    0.1949976086616516
   ]
  ]
 },
 {
  "rotation_euler": [
   0.0011324567021802068,
   9.809579205466434e-05,
   0.18411917984485626
  ],
  "euler_order": "XYZ",
  "rotation_matrix": [
   [
    0.9830979108810425,
    -0.18308044970035553,
    0.00030376858194358647
   ],
   [
    0.18308067321777344,
    0.98309725522995,
    -0.0010953560704365373
   ],
   [
    -9.809579205466434e-05,
    0.0011324564693495631,
    0.9999993443489075
   ]
  ]
 },
 {
  "rotation_euler": [
   0.0011246734065935016,
   1.0213503628619947e-05,
   2.3242383003234863
  ],
  "euler_order": "XYZ",
  "rotation_matrix": [
   [
    -0.6841531991958618,
    -0.7293379306793213,
    0.0008132797083817422
   ],
   [
    0.7293383479118347,
    -0.6841527223587036,
    0.0007768978248350322
   ],
   [
    -1.0213503628619947e-05,
    0.001124673173762858,
    0.9999993443489075
   ]
  ]
 },
 {
  "rotation_euler": [
   0.0011293800780549645,
   2.8327240215730853e-05,
   -1.7069575786590576
  ],
  "euler_order": "XYZ",
  "rotation_matrix": [
   [
    -0.13574090600013733,
    0.9907437562942505,
    -0.0011227718787267804
   ],
   [
    -0.9907443523406982,
    -0.13574084639549255,
    0.00012523800251074135
   ],
   [
    -2.8327240215730853e-05,
    0.0011293798452243209,
    0.9999993443489075
   ]
  ]
 },
 {
  "rotation_euler": [
   0.0011291775153949857,
   2.2758389604859985e-05,
   0.8880547881126404
  ],
  "euler_order": "XYZ",
  "rotation_matrix": [
   [
    0.6309223771095276,
    -0.7758454084396362,
    0.0008904263959266245
   ],
   [
    0.7758459448814392,
    0.6309220194816589,
    -0.0006947662332095206
   ],
   [
    -2.2758389604859985e-05,
    0.001129177282564342,
    0.9999993443489075
   ]
  ]
 },
 {
  "rotation_euler": [
   0.001128203235566616,
   2.792695795506006e-06,
   0.18198402225971222
  ],
  "euler_order": "XYZ",
  "rotation_matrix": [
   [
    0.983486533164978,
    -0.18098106980323792,
    0.00020693009719252586
   ],
   [
    0.18098118901252747,
    0.9834859371185303,
    -0.0011090670013800263
   ],
   [
    -2.792695795506006e-06,
    0.0011282030027359724,
    0.9999993443489075
   ]
  ]
 },
 {
  "rotation_euler": [
   -0.40571749210357666,
   -1.599284291267395,
   -0.8795199394226074
  ],
  "euler_order": "XYZ",
  "rotation_matrix": [
   [
    -0.01815922185778618,
    0.9594022631645203,
    -0.2814560830593109
   ],
   [
    0.02194509655237198,
    0.28181713819503784,
    0.9592171311378479
   ],
   [
    0.9995942711830139,
    0.011242055334150791,
    -0.02617175504565239
   ]
  ]
 },
 {
  "rotation_euler": [
   0.0011271764524281025,
   2.6759282718558097e-06,
   -2.204986333847046
  ],
  "euler_order": "XYZ",
  "rotation_matrix": [
   [
    -0.5925252437591553,
    0.8055514097213745,
    -0.0009095845161937177
   ],
   [
    -0.8055518865585327,
    -0.5925248265266418,
    0.0006657247431576252
   ],
   [
    -2.6759282718558097e-06,
    0.0011271762195974588,
    0.9999993443489075
   ]
  ]
 }
]