[
 {
  "rotation_euler": [
   1.4635438919067383,
   -0.02797272801399231,
   2.079279661178589
  ],
  "euler_order": "XYZ",
  "rotation_matrix": [
   [
    -0.4866625666618347,
    -0.07996518164873123,
    0.8699224591255188
   ],
   [
    0.8731421828269958,
    -0.07640628516674042,
    0.48144033551216125
   ],
   [
    0.027969080954790115,
    0.9938650131225586,
    0.1070050522685051
   ]
  ]
 },
 {
  "rotation_euler": [
   1.4635438919067383,
   -0.027972739189863205,
   2.3695173263549805
  ],
  "euler_order": "XYZ",
  "rotation_matrix": [
   [
    -0.716184139251709,
    -0.05475475266575813,
    0.695760190486908
   ],
   [
    0.6973507404327393,
    -0.09609510004520416,
    0.7102589011192322
   ],
   [
    0.02796909213066101,
    0.9938650131225586,
    0.1070050522685051
   ]
  ]
 },
 {
  "rotation_euler": [
   1.4635438919067383,
   -0.027972545474767685,
   3.087475538253784
  ],
  "euler_order": "XYZ",
  "rotation_matrix": [
   [
    -0.9981454014778137,
    0.02197723276913166,
    0.05676949769258499
   ],
   [
    0.05406954512000084,
    -0.10839438438415527,
    0.9926364421844482
   ],
   [
    0.02796889841556549,
    0.9938650131225586,
    0.1070050522685051
   ]
  ]
 },
 {
  "rotation_euler": [
   1.463544249534607,
   -0.027971766889095306,
   0.6087263822555542
  ],
  "euler_order": "XYZ",
  "rotation_matrix": [
   [
    0.8200560212135315,
    -0.08402426540851593,
    0.5660812854766846
   ],
   [
    0.5715993642807007,
    0.07191762328147888,
    -0.8173750638961792
   ],
   [
    0.027968119829893112,
    0.9938650727272034,
    0.10700470209121704
   ]
  ]
 },
 {
  "rotation_euler": [
   1.484732747077942,
   -0.11808564513921738,
   2.268491268157959
  ],
  "euler_order": "XYZ",
  "rotation_matrix": [
   [
    -0.6379789113998413,
    0.00953685399144888,
    0.7699947953224182
   ],
   [
    0.7609884142875671,
    -0.14517125487327576,
    0.6323147416114807
   ],
   [
    0.1178114041686058,
    0.9893605709075928,
    0.08535876870155334
   ]
  ]
 },
 {
  "rotation_euler": [
   1.4635440111160278,
   -0.02797243557870388,
   -2.365722417831421
  ],
  "euler_order": "XYZ",
  "rotation_matrix": [
   [
    -0.7135326266288757,
    0.09481863677501678,
    -0.6941762566566467
   ],
   [
    -0.7000635266304016,
    -0.05693624168634415,
    0.7118070721626282
   ],
   [
    0.027968788519501686,
    0.9938650131225586,
    0.10700493305921555
   ]
  ]
 },
 {
  "rotation_euler": [
   1.4635437726974487,
   -0.02797277644276619,
   -0.5997377038002014
  ],
  "euler_order": "XYZ",
  "rotation_matrix": [
   [
    0.8251607418060303,
    0.03746474161744118,
    -0.5636542439460754
   ],
   [
    -0.5642051696777344,
    0.10406138747930527,
    -0.8190505504608154
   ],
   [
    0.027969129383563995,
    0.9938650131225586,
    0.10700517147779465
   ]
  ]
 },
 {
  "rotation_euler": [
   1.4635436534881592,
   -0.027972308918833733,
   3.0799922943115234
  ],
  "euler_order": "XYZ",
  "rotation_matrix": [
   [
    -0.9977128505706787,
    0.021165233105421066,
    0.06419596076011658
   ],
   [
    0.061537325382232666,
    -0.10855602473020554,
    0.9921838045120239
   ],
   [
    0.02796866185963154,
    0.9938650131225586,
    0.1070052906870842
   ]
  ]
 },
 {
  "rotation_euler": [
   1.4635437726974487,
   -0.02797313593327999,
   0.5150796175003052
  ],
  "euler_order": "XYZ",
  "rotation_matrix": [
   [
    0.8699130415916443,
    -0.07693250477313995,
    0.4871680438518524
   ],
   [
    0.49241143465042114,
    0.07945935428142548,
    -0.866727888584137
   ],
   [
    0.027969487011432648,
    0.9938649535179138,
    0.10700517147779465
   ]
  ]
 },
 {
  "rotation_euler": [
   1.4635440111160278,
   -0.02797255665063858,
   2.7906265258789062
  ],
  "euler_order": "XYZ",
  "rotation_matrix": [
   [
    -0.9386736154556274,
    -0.01069021224975586,
    0.34464114904403687
   ],
   [
    0.34367069602012634,
    -0.11008194833993912,
    0.9326158761978149
   ],
   [
    0.027968909591436386,
    0.9938650131225586,
    0.10700493305921555
   ]
  ]
 },
 {
  "rotation_euler": [
   1.4635447263717651,
   -0.027972036972641945,
   -0.5767755508422852
  ],
  "euler_order": "XYZ",
  "rotation_matrix": [
   [
    0.8378974795341492,
    0.03506569564342499,
    -0.5447001457214355
   ],
   [
    -0.5451106429100037,
    0.10489295423030853,
    -0.8317763209342957
   ],
   [
    0.02796838991343975,
    0.9938651323318481,
    0.10700422525405884
   ]
  ]
 },
 {
  "rotation_euler": [
   1.463544249534607,
   -0.027971947565674782,
   1.1359018087387085
  ],
  "euler_order": "XYZ",
  "rotation_matrix": [
   [
    0.42114993929862976,
    -0.1087978407740593,
    0.9004420042037964
   ],
   [
    0.9065597057342529,
    0.019881190732121468,
    -0.421609103679657
   ],
   [
    0.027968300506472588,
    0.9938650727272034,
    0.10700470209121704
   ]
  ]
 },
 {
  "rotation_euler": [
   1.4635440111160278,
   -0.027972806245088577,
   -0.10525926947593689
  ],
  "euler_order": "XYZ",
  "rotation_matrix": [
   [
    0.9940763115882874,
    -0.016407663002610207,
    -0.10743874311447144
   ],
   [
    -0.10502390563488007,
    0.10937604308128357,
    -0.9884365797042847
   ],
   [
    0.027969159185886383,
    0.9938650131225586,
    0.10700493305921555
   ]
  ]
 },
 {
  "rotation_euler": [
   1.4635440111160278,
   -0.02797217294573784,
   0.5570397973060608
  ],
  "euler_order": "XYZ",
  "rotation_matrix": [
   [
    0.8484917879104614,
    -0.08019699901342392,
    0.5230967402458191
   ],
   [
    0.5284690260887146,
    0.07616256177425385,
    -0.8455292582511902
   ],
   [
    0.027968525886535645,
    0.9938650131225586,
    0.10700493305921555
   ]
  ]
 },
 {
  "rotation_euler": [
   1.4635436534881592,
   -0.02797335386276245,
   1.6709389686584473
  ],
  "euler_order": "XYZ",
  "rotation_matrix": [
   [
    -0.09993623197078705,
    -0.10373064130544662,
    0.9895719885826111
   ],
   [
    0.9946006536483765,
    -0.038371741771698,
    0.09642180055379868
   ],
   [
    0.027969704940915108,
    0.9938649535179138,
    0.1070052906870842
   ]
  ]
 },
 {
  "rotation_euler": [
   1.4635432958602905,
   -0.02797095663845539,
   -2.3964438438415527
  ],
  "euler_order": "XYZ",
  "rotation_matrix": [
   [
    -0.7346994876861572,
    0.09302441030740738,
    -0.6719844341278076
   ],
   [
    -0.6778159737586975,
    -0.059823401272296906,
    0.7327937483787537
   ],
   [
    0.027967309579253197,
    0.9938650131225586,
    0.10700564831495285
   ]
  ]
 }
]