[
 {
  "rotation_euler": [
   -5.923101866756042e-07,
   0.0002105936291627586,
   -2.5937111377716064
  ],
  "euler_order": "XYZ",
  "rotation_matrix": [
   [
    -0.8536298871040344,
    0.5208799839019775,
    -0.00017946049047168344
   ],
   [
    -0.5208799839019775,
    -0.8536298871040344,
    -0.00011019962403224781
   ],
   [
    -0.0002105936291627586,
    -5.923101866756042e-07,
    1.0
   ]
  ]
 },
 {
  "rotation_euler": [
   2.162568648600427e-07,
   0.00020927209698129445,
   1.70327889919281
  ],
  "euler_order": "XYZ",
  "rotation_matrix": [
   [
    -0.1320953667163849,
    -0.9912369847297668,
    -2.7429512556409463e-05
   ],
   [
    0.9912369847297668,
    -0.1320953667163849,
    0.00020746681548189372
   ],
   [
    -0.00020927209698129445,
    2.162568648600427e-07,
    1.0
   ]
  ]
 },
 {
  "rotation_euler": [
   3.145940809190506e-06,
   0.00021064496831968427,
   3.0510096549987793
  ],
  "euler_order": "XYZ",
  "rotation_matrix": [
   [
    -0.9959001541137695,
    -0.0904591754078865,
    -0.00020949677855242044
   ],
   [
    0.09045916795730591,
    -0.9959001541137695,
    2.2187812646734528e-05
   ],
   [
    -0.00021064496831968427,
    3.145940809190506e-06,
    1.0
   ]
  ]
 },
 {
  "rotation_euler": [
   -0.0013167953584343195,
   -0.0005134402308613062,
   -1.6721479892730713
  ],
  "euler_order": "XYZ",
  "rotation_matrix": [
   [
    -0.10117822140455246,
    0.9948673844337463,
    0.0013619865057989955
   ],
   [
    -0.9948681592941284,
    -0.10117881745100021,
    0.000377573975129053
   ],
   [
    0.0005134402308613062,
    -0.0013167947763577104,
    0.9999989867210388
   ]
  ]
 },
 {
  "rotation_euler": [
   2.012594677580637e-06,
   0.00021076788834761828,
   1.1654412746429443
  ],
  "euler_order": "XYZ",
  "rotation_matrix": [
   [
    0.3943450450897217,
    -0.9189624190330505,
    8.496477676089853e-05
   ],
   [
    0.9189624190330505,
    0.39434507489204407,
    0.00019289412011858076
   ],
   [
    -0.00021076788834761828,
    2.012594677580637e-06,
    1.0
   ]
  ]
 },
 {
  "rotation_euler": [
   1.5707964897155762,
   0.5421046018600464,
   -2.451073169708252
  ],
  "euler_order": "XYZ",
  "rotation_matrix": [
   [
    -0.6603850722312927,
    -0.39774611592292786,
    -0.63693767786026
   ],
   [
    -0.545616626739502,
    -0.3286215364933014,
    0.7709152698516846
   ],
   [
    -0.5159400105476379,
    0.8566247224807739,
    -1.3956187672192755e-07
   ]
  ]
 },
 {
  "rotation_euler": [
   2.0874504116363823e-06,
   0.00021388658205978572,
   2.00799560546875
  ],
  "euler_order": "XYZ",
  "rotation_matrix": [
   [
    -0.4234038293361664,
    -0.9059410691261292,
    -8.866929420037195e-05
   ],
   [
    0.9059410095214844,
    -0.4234038293361664,
    0.00019465247169137
   ],
   [
    -0.00021388658205978572,
    2.0874504116363823e-06,
    1.0
   ]
  ]
 },
 {
  "rotation_euler": [
   1.8527662177802995e-06,
   0.00021057567209936678,
   0.21176281571388245
  ],
  "euler_order": "XYZ",
  "rotation_matrix": [
   [
    0.9776619076728821,
    -0.21018366515636444,
    0.0002062612329609692
   ],
   [
    0.21018366515636444,
    0.9776619076728821,
    4.2448187741683796e-05
   ],
   [
    -0.00021057567209936678,
    1.8527662177802995e-06,
    1.0
   ]
  ]
 },
 {
  "rotation_euler": [
   -2.8621416277019307e-06,
   0.00020989881886634976,
   1.209146499633789
  ],
  "euler_order": "XYZ",
  "rotation_matrix": [
   [
    0.35381782054901123,
    -0.9353143572807312,
    7.158894004533067e-05
   ],
   [
    0.9353143572807312,
    0.35381782054901123,
    0.00019733405497390777
   ],
   [
    -0.00020989881886634976,
    -2.8621416277019307e-06,
    1.0
   ]
  ]
 },
 {
  "rotation_euler": [
   -4.296675513160153e-07,
   0.00021062161249574274,
   -0.16055646538734436
  ],
  "euler_order": "XYZ",
  "rotation_matrix": [
   [
    0.9871384501457214,
    0.1598675400018692,
    0.000207981385756284
   ],
   [
    -0.1598675400018692,
    0.9871384501457214,
    -3.324741919641383e-05
   ],
   [
    -0.00021062161249574274,
    -4.296675513160153e-07,
    1.0
   ]
  ]
 },
 {
  "rotation_euler": [
   1.984354639716912e-06,
   0.00021068731439299881,
   2.833177089691162
  ],
  "euler_order": "XYZ",
  "rotation_matrix": [
   [
    -0.9528157114982605,
    -0.3035493493080139,
    -0.00020014384062960744
   ],
   [
    0.3035493493080139,
    -0.9528157114982605,
    6.584471702808514e-05
   ],
   [
    -0.00021068731439299881,
    1.984354639716912e-06,
    1.0
   ]
  ]
 },
 {
  "rotation_euler": [
   1.8547251556810807e-06,
   0.0002152456290787086,
   2.0138628482818604
  ],
  "euler_order": "XYZ",
  "rotation_matrix": [
   [
    -0.4287118911743164,
    -0.9034412503242493,
    -9.06027271412313e-05
   ],
   [
    0.9034412503242493,
    -0.4287118911743164,
    0.0001952569291461259
   ],
   [
    -0.0002152456290787086,
    1.8547251556810807e-06,
    1.0
   ]
  ]
 },
 {
  "rotation_euler": [
   1.527901872577786e-06,
   0.00021107378415763378,
   1.9039931297302246
  ],
  "euler_order": "XYZ",
  "rotation_matrix": [
   [
    -0.32706567645072937,
    -0.9450016021728516,
    -6.75911214784719e-05
   ],
   [
    0.9450016021728516,
    -0.32706567645072937,
    0.0001999647938646376
   ],
   [
    -0.00021107378415763378,
    1.527901872577786e-06,
    1.0
   ]
  ]
 },
 {
  "rotation_euler": [
   1.205717126140371e-06,
   0.0002160299482056871,
   2.0667901039123535
  ],
  "euler_order": "XYZ",
  "rotation_matrix": [
   [
    -0.4759058952331543,
    -0.8794962167739868,
    -0.00010174950148211792
   ],
   [
    0.879496157169342,
    -0.4759058952331543,
    0.0001905713288579136
   ],
   [
    -0.0002160299482056871,
    1.205717126140371e-06,
    1.0
   ]
  ]
 },
 {
  "rotation_euler": [
   1.870533083092596e-06,
   0.00021072589152026922,
   0.651539146900177
  ],
  "euler_order": "XYZ",
  "rotation_matrix": [
   [
    0.7951513528823853,
    -0.6064109802246094,
    0.00016869329556357116
   ],
   [
    0.6064109802246094,
    0.79515141248703,
    0.0001262991427211091
   ],
   [
    -0.00021072589152026922,
    1.870533083092596e-06,
    1.0
   ]
  ]
 },
 {
  "rotation_euler": [
   0.783057451248169,
   0.8384525775909424,
   0.5146559476852417
  ],
  "euler_order": "XYZ",
  "rotation_matrix": [
   [
    0.5820034146308899,
    0.10774942487478256,
    0.8060161471366882
   ],
   [
    0.329115629196167,
    0.8751651048660278,
    -0.3546392321586609
   ],
   [
    -0.7436093688011169,
    0.47167375683784485,
    0.47388705611228943
   ]
  ]
 }
]