[
 {
  "rotation_euler": [
   0.0018284734105691314,
   -0.3245008885860443,
   -2.718040943145752
  ],
  "euler_order": "XYZ",
  "rotation_matrix": [
   [
    -0.8640567064285278,
    0.4115316867828369,
    0.28990983963012695
   ],
   [
    -0.38955074548721313,
    -0.9113938212394714,
    0.13270846009254456
   ],
   [
    0.3188357651233673,
    0.00173304439522326,
    0.9478083848953247
   ]
  ]
 },
 {
  "rotation_euler": [
   -2.6021536541520618e-05,
   0.004910111427307129,
   2.939028739929199
  ],
  "euler_order": "XYZ",
  "rotation_matrix": [
   [
    -0.9795421957969666,
    -0.2011813521385193,
    -0.0048149349167943
   ],
   [
    0.20117905735969543,
    -0.9795539975166321,
    0.0009623300284147263
   ],
   [
    -0.004910091869533062,
    -2.6021223675343208e-05,
    0.9999879598617554
   ]
  ]
 },
 {
  "rotation_euler": [
   0.001050960854627192,
   -0.19110730290412903,
   1.144894003868103
  ],
  "euler_order": "XYZ",
  "rotation_matrix": [
   [
    0.405621200799942,
    -0.910748302936554,
    -0.07751774042844772
   ],
   [
    0.8940871953964233,
    0.41296064853668213,
    -0.17341166734695435
   ],
   [
    0.18994615972042084,
    0.0010318274144083261,
    0.9817939400672913
   ]
  ]
 },
 {
  "rotation_euler": [
   -0.00032105561695061624,
   0.06678108870983124,
   -1.617361307144165
  ],
  "euler_order": "XYZ",
  "rotation_matrix": [
   [
    -0.046444397419691086,
    0.9989169836044312,
    -0.002785518765449524
   ],
   [
    -0.9966894388198853,
    -0.04652675241231918,
    -0.06667406857013702
   ],
   [
    -0.06673146039247513,
    -0.0003203399828635156,
    0.9977709054946899
   ]
  ]
 },
 {
  "rotation_euler": [
   0.0023010687436908484,
   -0.40045565366744995,
   2.221365451812744
  ],
  "euler_order": "XYZ",
  "rotation_matrix": [
   [
    -0.5577232837677002,
    -0.7951938509941101,
    0.23793165385723114
   ],
   [
    0.7327830791473389,
    -0.6063516139984131,
    -0.3088149428367615
   ],
   [
    0.38983798027038574,
    0.002119014272466302,
    0.9208810329437256
   ]
  ]
 },
 {
  "rotation_euler": [
   -3.1109941005706787,
   1.0557702779769897,
   0.017434777691960335
  ],
  "euler_order": "XYZ",
  "rotation_matrix": [
   [
    0.49248266220092773,
    -0.00919536966830492,
    -0.8702736496925354
   ],
   [
    0.008587195537984371,
    -0.9998441934585571,
    0.01542386319488287
   ],
   [
    -0.8702799081802368,
    -0.015069196000695229,
    -0.492326945066452
   ]
  ]
 },
 {
  "rotation_euler": [
   -0.013046340085566044,
   1.1862668991088867,
   2.1994943618774414
  ],
  "euler_order": "XYZ",
  "rotation_matrix": [
   [
    -0.22060690820217133,
    -0.8016130924224854,
    -0.5556519627571106
   ],
   [
    0.30339714884757996,
    -0.5978231430053711,
    0.7419956922531128
   ],
   [
    -0.9269750714302063,
    -0.004893843084573746,
    0.3750910460948944
   ]
  ]
 },
 {
  "rotation_euler": [
   -7.874653965700418e-05,
   0.015615059062838554,
   0.8160825967788696
  ],
  "euler_order": "XYZ",
  "rotation_matrix": [
   [
    0.6849966645240784,
    -0.7284685373306274,
    0.010639768093824387
   ],
   [
    0.7283788919448853,
    0.6850792765617371,
    0.011428551748394966
   ],
   [
    -0.015614424832165241,
    -7.873694266891107e-05,
    0.9998781085014343
   ]
  ]
 },
 {
  "rotation_euler": [
   -0.0005879789823666215,
   0.11078739166259766,
   2.594667911529541
  ],
  "euler_order": "XYZ",
  "rotation_matrix": [
   [
    -0.84889155626297,
    -0.5200074315071106,
    -0.0947389155626297
   ],
   [
    0.5168747305870056,
    -0.8541615605354309,
    0.0569964163005352
   ],
   [
    -0.11056090146303177,
    -0.0005843742401339114,
    0.9938691854476929
   ]
  ]
 },
 {
  "rotation_euler": [
   -0.0029209626372903585,
   0.49298542737960815,
   -2.371610403060913
  ],
  "euler_order": "XYZ",
  "rotation_matrix": [
   [
    -0.6324355602264404,
    0.697111964225769,
    -0.33772796392440796
   ],
   [
    -0.6132309436798096,
    -0.716957688331604,
    -0.33154112100601196
   ],
   [
    -0.4732579290866852,
    -0.002573142061010003,
    0.8809201717376709
   ]
  ]
 },
 {
  "rotation_euler": [
   -0.001381532521918416,
   0.1553971767425537,
   1.1502416133880615
  ],
  "euler_order": "XYZ",
  "rotation_matrix": [
   [
    0.40334734320640564,
    -0.9129490256309509,
    0.061927277594804764
   ],
   [
    0.9018627405166626,
    0.4080713093280792,
    0.14184993505477905
   ],
   [
    -0.15477250516414642,
    -0.0013648847816511989,
    0.9879491925239563
   ]
  ]
 },
 {
  "rotation_euler": [
   -0.0013299941783770919,
   0.2399795800447464,
   -0.292731374502182
  ],
  "euler_order": "XYZ",
  "rotation_matrix": [
   [
    0.9300211668014526,
    0.28826555609703064,
    0.2279551774263382
   ],
   [
    -0.2802989184856415,
    0.9575496315956116,
    -0.06731428951025009
   ],
   [
    -0.2376827895641327,
    -0.0012918799184262753,
    0.9713419675827026
   ]
  ]
 },
 {
  "rotation_euler": [
   -0.0015553411794826388,
   0.2786928117275238,
   2.0864458084106445
  ],
  "euler_order": "XYZ",
  "rotation_matrix": [
   [
    -0.4740741550922394,
    -0.8697606325149536,
    -0.1370043158531189
   ],
   [
    0.8364055156707764,
    -0.493471622467041,
    0.2385614961385727
   ],
   [
    -0.27509912848472595,
    -0.001495329081080854,
    0.9614146947860718
   ]
  ]
 },
 {
  "rotation_euler": [
   0.0007001031772233546,
   -0.10000123828649521,
   -1.6606310606002808
  ],
  "euler_order": "XYZ",
  "rotation_matrix": [
   [
    -0.08926574140787125,
    0.9959735870361328,
    0.00825927872210741
   ],
   [
    -0.9909917712211609,
    -0.08964431285858154,
    0.09949485957622528
   ],
   [
    0.09983465075492859,
    0.0006966054206714034,
    0.9950038194656372
   ]
  ]
 },
 {
  "rotation_euler": [
   0.0003586091916076839,
   -0.0665026530623436,
   2.2829747200012207
  ],
  "euler_order": "XYZ",
  "rotation_matrix": [
   [
    -0.6520397067070007,
    -0.7569245100021362,
    0.04369785264134407
   ],
   [
    0.7552669048309326,
    -0.6535022258758545,
    -0.05006708204746246
   ],
   [
    0.06645364314317703,
    0.00035781649057753384,
    0.9977894425392151
   ]
  ]
 },
 {
  "rotation_euler": [
   0.00185036426410079,
   -0.35171326994895935,
   1.000893473625183
  ],
  "euler_order": "XYZ",
  "rotation_matrix": [
   [
    0.5065210461616516,
    -0.8422958850860596,
    -0.18432044982910156
   ],
   [
    0.7904122471809387,
    0.539012610912323,
    -0.29105645418167114
   ],
   [
    0.34450671076774597,
    0.001737091108225286,
    0.938782274723053
   ]
  ]
 }
]