[
 {
  "rotation_euler": [
   0.13135574758052826,
   3.5241182558820583e-06,
   2.1681814193725586
  ],
  "euler_order": "XYZ",
  "rotation_matrix": [
   [
    -0.5624823570251465,
    -0.819686770439148,
    0.10829213261604309
   ],
   [
    0.826809287071228,
    -0.5576363205909729,
    0.07367589324712753
   ],
   [
    -3.5241182558820583e-06,
    0.13097833096981049,
    0.9913852214813232
   ]
  ]
 },
 {
  "rotation_euler": [
   0.1313549131155014,
   3.5213708997616777e-06,
   1.3210057020187378
  ],
  "euler_order": "XYZ",
  "rotation_matrix": [
   [
    0.2472010850906372,
    -0.9606167674064636,
    0.12691336870193481
   ],
   [
    0.9689642190933228,
    0.24507197737693787,
    -0.03237439692020416
   ],
   [
    -3.5213708997616777e-06,
    0.13097749650478363,
    0.9913853406906128
   ]
  ]
 },
 {
  "rotation_euler": [
   0.1313677430152893,
   2.3256274062077864e-07,
   2.1190943717956543
  ],
  "euler_order": "XYZ",
  "rotation_matrix": [
   [
    -0.5212355256080627,
    -0.8460596203804016,
    0.11178862303495407
   ],
   [
    0.8534128665924072,
    -0.5167443752288818,
    0.06827694922685623
   ],
   [
    -2.3256274062077864e-07,
    0.13099022209644318,
    0.9913836717605591
   ]
  ]
 },
 {
  "rotation_euler": [
   0.13135556876659393,
   -3.4249717373313615e-06,
   -1.3205351829528809
  ],
  "euler_order": "XYZ",
  "rotation_matrix": [
   [
    0.24765697121620178,
    0.9605013132095337,
    -0.12689873576164246
   ],
   [
    -0.9688477516174316,
    0.24552391469478607,
    -0.032434362918138504
   ],
   [
    3.4249717373313615e-06,
    0.13097815215587616,
    0.991385281085968
   ]
  ]
 },
 {
  "rotation_euler": [
   0.13135524094104767,
   -3.4088884603988845e-06,
   -2.7215960025787354
  ],
  "euler_order": "XYZ",
  "rotation_matrix": [
   [
    -0.9130902886390686,
    0.4042451083660126,
    -0.05340409278869629
   ],
   [
    -0.40775740146636963,
    -0.9052241444587708,
    0.1195959597826004
   ],
   [
    3.4088884603988845e-06,
    0.1309778243303299,
    0.991385281085968
   ]
  ]
 },
 {
  "rotation_euler": [
   0.1313685029745102,
   -2.580773355020938e-07,
   -1.8645775318145752
  ],
  "euler_order": "XYZ",
  "rotation_matrix": [
   [
    -0.2895734906196594,
    0.9489085078239441,
    -0.12537869811058044
   ],
   [
    -0.9571557641029358,
    -0.2870783507823944,
    0.03793175891041756
   ],
   [
    2.580773355020938e-07,
    0.13099098205566406,
    0.9913835525512695
   ]
  ]
 },
 {
  "rotation_euler": [
   0.13135576248168945,
   3.5312468753545545e-06,
   -1.4300258159637451
  ],
  "euler_order": "XYZ",
  "rotation_matrix": [
   [
    0.1403060406446457,
    0.9815787076950073,
    -0.1296822428703308
   ],
   [
    -0.9901081919670105,
    0.13909688591957092,
    -0.01838051900267601
   ],
   [
    -3.5312468753545545e-06,
    0.13097834587097168,
    0.9913852214813232
   ]
  ]
 },
 {
  "rotation_euler": [
   0.13135512173175812,
   3.6937235563527793e-06,
   -1.1363067626953125
  ],
  "euler_order": "XYZ",
  "rotation_matrix": [
   [
    0.42094746232032776,
    0.8992709517478943,
    -0.1188063770532608
   ],
   [
    -0.9070850014686584,
    0.4173206686973572,
    -0.055138055235147476
   ],
   [
    -3.6937235563527793e-06,
    0.13097770512104034,
    0.9913853406906128
   ]
  ]
 },
 {
  "rotation_euler": [
   0.13135813176631927,
   3.417434527364094e-06,
   2.2096168994903564
  ],
  "euler_order": "XYZ",
  "rotation_matrix": [
   [
    -0.596248984336853,
    -0.7958836555480957,
    0.10514922440052032
   ],
   [
    0.8027995228767395,
    -0.5911118984222412,
    0.07809983193874359
   ],
   [
    -3.417434527364094e-06,
    0.1309807002544403,
    0.9913849234580994
   ]
  ]
 },
 {
  "rotation_euler": [
   0.1313573271036148,
   3.83735596187762e-06,
   1.1865696907043457
  ],
  "euler_order": "XYZ",
  "rotation_matrix": [
   [
    0.3748422861099243,
    -0.9191015362739563,
    0.1214313954114914
   ],
   [
    0.9270886182785034,
    0.371613472700119,
    -0.049093276262283325
   ],
   [
    -3.83735596187762e-06,
    0.13097989559173584,
    0.9913850426673889
   ]
  ]
 },
 {
  "rotation_euler": [
   0.13136833906173706,
   2.524608646581328e-07,
   -3.103861093521118
  ],
  "euler_order": "XYZ",
  "rotation_matrix": [
   [
    -0.9992882609367371,
    0.03739754110574722,
    -0.0049415649846196175
   ],
   [
    -0.03772260621190071,
    -0.9906779527664185,
    0.13089756667613983
   ],
   [
    -2.524608646581328e-07,
    0.13099081814289093,
    0.9913835525512695
   ]
  ]
 },
 {
  "rotation_euler": [
   0.13135819137096405,
   3.4555109778011683e-06,
   -3.0868492126464844
  ],
  "euler_order": "XYZ",
  "rotation_matrix": [
   [
    -0.9985019564628601,
    0.054244264960289,
    -0.007170177064836025
   ],
   [
    -0.05471610277891159,
    -0.9898998141288757,
    0.13078434765338898
   ],
   [
    -3.4555109778011683e-06,
    0.13098075985908508,
    0.9913849234580994
   ]
  ]
 },
 {
  "rotation_euler": [
   0.1313556730747223,
   3.516784317980637e-06,
   -1.1052836179733276
  ],
  "euler_order": "XYZ",
  "rotation_matrix": [
   [
    0.44888100028038025,
    0.8858936429023743,
    -0.11703949421644211
   ],
   [
    -0.8935915231704712,
    0.4450136125087738,
    -0.05879676714539528
   ],
   [
    -3.516784317980637e-06,
    0.13097825646400452,
    0.9913852214813232
   ]
  ]
 },
 {
  "rotation_euler": [
   0.1313575655221939,
   3.507042265482596e-06,
   -0.3623711168766022
  ],
  "euler_order": "XYZ",
  "rotation_matrix": [
   [
    0.9350588917732239,
    0.35143885016441345,
    -0.04642820730805397
   ],
   [
    -0.3544923663139343,
    0.9270032048225403,
    -0.12247537076473236
   ],
   [
    -3.507042265482596e-06,
    0.13098013401031494,
    0.9913849830627441
   ]
  ]
 },
 {
  "rotation_euler": [
   0.13136769831180573,
   1.8964078662975226e-07,
   2.704303503036499
  ],
  "euler_order": "XYZ",
  "rotation_matrix": [
   [
    -0.9059029817581177,
    -0.4198364019393921,
    0.0554722398519516
   ],
   [
    0.42348524928092957,
    -0.8980973958969116,
    0.11866447329521179
   ],
   [
    -1.8964078662975226e-07,
    0.1309901773929596,
    0.9913836717605591
   ]
  ]
 },
 {
  "rotation_euler": [
   0.1313677877187729,
   2.417396558485052e-07,
   -3.0944716930389404
  ],
  "euler_order": "XYZ",
  "rotation_matrix": [
   [
    -0.9988900423049927,
    0.04669763147830963,
    -0.006170342676341534
   ],
   [
    -0.04710352420806885,
    -0.9902832508087158,
    0.1308448612689972
   ],
   [
    -2.417396558485052e-07,
    0.13099026679992676,
    0.9913836717605591
   ]
  ]
 }
]