[
 {
  "rotation_euler": [
   -0.6329622864723206,
   -0.9362228512763977,
   -2.0448453426361084
  ],
  "euler_order": "XYZ",
  "rotation_matrix": [
   [
    -0.2706243395805359,
    0.4999050199985504,
    0.8227134943008423
   ],
   [
    -0.5274606347084045,
    -0.791907012462616,
    0.3076825737953186
   ],
   [
    0.8053246140480042,
    -0.3506825566291809,
    0.47798952460289
   ]
  ]
 },
 {
  "rotation_euler": [
   -0.632965087890625,
   -0.9362207055091858,
   1.164631724357605
  ],
  "euler_order": "XYZ",
  "rotation_matrix": [
   [
    0.23422282934188843,
    -0.5524685382843018,
    -0.7999488711357117
   ],
   [
    0.5446044206619263,
    0.7561736702919006,
    -0.36277738213539124
   ],
   [
    0.8053233623504639,
    -0.3506849408149719,
    0.47798994183540344
   ]
  ]
 },
 {
  "rotation_euler": [
   -0.5198220014572144,
   -0.963605523109436,
   2.8708090782165527
  ],
  "euler_order": "XYZ",
  "rotation_matrix": [
   [
    -0.5497722625732422,
    -0.6252269744873047,
    0.5539329648017883
   ],
   [
    0.15261782705783844,
    -0.7271645069122314,
    -0.669282853603363
   ],
   [
    0.8212540745735168,
    -0.2834131121635437,
    0.4951956570148468
   ]
  ]
 },
 {
  "rotation_euler": [
   -0.6586546897888184,
   -0.9105324745178223,
   -2.4464704990386963
  ],
  "euler_order": "XYZ",
  "rotation_matrix": [
   [
    -0.4710187613964081,
    0.13524793088436127,
    0.8716933727264404
   ],
   [
    -0.39282211661338806,
    -0.916947066783905,
    -0.0699918121099472
   ],
   [
    0.7898304462432861,
    -0.37538787722587585,
    0.48502764105796814
   ]
  ]
 },
 {
  "rotation_euler": [
   -0.6355034708976746,
   -0.9337738156318665,
   1.0223219394683838
  ],
  "euler_order": "XYZ",
  "rotation_matrix": [
   [
    0.3101227879524231,
    -0.4379431903362274,
    -0.8438184857368469
   ],
   [
    0.5075591802597046,
    0.8267710208892822,
    -0.24255582690238953
   ],
   [
    0.8038703203201294,
    -0.35306572914123535,
    0.47868263721466064
   ]
  ]
 },
 {
  "rotation_euler": [
   -0.4568803012371063,
   -0.9754408597946167,
   -2.3871309757232666
  ],
  "euler_order": "XYZ",
  "rotation_matrix": [
   [
    -0.40862375497817993,
    0.34851276874542236,
    0.8435434103012085
   ],
   [
    -0.3840920925140381,
    -0.9040645956993103,
    0.18745791912078857
   ],
   [
    0.8279492259025574,
    -0.24739858508110046,
    0.5032832622528076
   ]
  ]
 },
 {
  "rotation_euler": [
   -0.6329625844955444,
   -0.9362234473228455,
   -1.9506250619888306
  ],
  "euler_order": "XYZ",
  "rotation_matrix": [
   [
    -0.21979983150959015,
    0.5721907615661621,
    0.7901175618171692
   ],
   [
    -0.5505812764167786,
    -0.7413633465766907,
    0.3837195634841919
   ],
   [
    0.8053249716758728,
    -0.35068243741989136,
    0.4779890179634094
   ]
  ]
 },
 {
  "rotation_euler": [
   -0.6707112789154053,
   -0.8977392911911011,
   -0.06872718781232834
  ],
  "euler_order": "XYZ",
  "rotation_matrix": [
   [
    0.6219075918197632,
    0.5386466979980469,
    -0.5684106349945068
   ],
   [
    -0.0428093820810318,
    0.7481554746627808,
    0.6621410250663757
   ],
   [
    0.7819196581840515,
    -0.3874572217464447,
    0.4883427023887634
   ]
  ]
 },
 {
  "rotation_euler": [
   -0.4208158552646637,
   -0.9817579388618469,
   -2.273226022720337
  ],
  "euler_order": "XYZ",
  "rotation_matrix": [
   [
    -0.35893404483795166,
    0.47723665833473206,
    0.8021293878555298
   ],
   [
    -0.42404618859291077,
    -0.8489634394645691,
    0.3153504431247711
   ],
   [
    0.8314753174781799,
    -0.22694988548755646,
    0.507092297077179
   ]
  ]
 },
 {
  "rotation_euler": [
   -1.0084086656570435,
   0.162477046251297,
   2.384133815765381
  ],
  "euler_order": "XYZ",
  "rotation_matrix": [
   [
    -0.7170149087905884,
    -0.2669224739074707,
    -0.6439269781112671
   ],
   [
    0.6780282258987427,
    -0.48144620656967163,
    -0.5554162859916687
   ],
   [
    -0.16176311671733856,
    -0.8348424434661865,
    0.5261850953102112
   ]
  ]
 },
 {
  "rotation_euler": [
   -0.5198396444320679,
   -0.9635096192359924,
   -0.8860412836074829
  ],
  "euler_order": "XYZ",
  "rotation_matrix": [
   [
    0.36092114448547363,
    0.9302566051483154,
    -0.06601957231760025
   ],
   [
    -0.44200399518013,
    0.2329646795988083,
    0.8662331700325012
   ],
   [
    0.821199357509613,
    -0.28346097469329834,
    0.49525901675224304
   ]
  ]
 },
 {
  "rotation_euler": [
   -0.6485164165496826,
   -0.9209184646606445,
   2.3987905979156494
  ],
  "euler_order": "XYZ",
  "rotation_matrix": [
   [
    -0.44569432735443115,
    -0.8932484984397888,
    0.058852847665548325
   ],
   [
    0.409254789352417,
    -0.2617897391319275,
    -0.8740575909614563
   ],
   [
    0.796157717704773,
    -0.36547669768333435,
    0.48224443197250366
   ]
  ]
 },
 {
  "rotation_euler": [
   -0.6335734128952026,
   -0.9356369376182556,
   0.5734632015228271
  ],
  "euler_order": "XYZ",
  "rotation_matrix": [
   [
    0.4983929693698883,
    -0.036914728581905365,
    -0.8661649823188782
   ],
   [
    0.3218947947025299,
    0.9355522394180298,
    0.14534695446491241
   ],
   [
    0.8049771189689636,
    -0.3512538969516754,
    0.47815531492233276
   ]
  ]
 },
 {
  "rotation_euler": [
   -0.649419367313385,
   -0.9200056791305542,
   -1.8255351781845093
  ],
  "euler_order": "XYZ",
  "rotation_matrix": [
   [
    -0.15266111493110657,
    0.6494942903518677,
    0.7448837161064148
   ],
   [
    -0.5862654447555542,
    -0.6662911176681519,
    0.46081334352493286
   ],
   [
    0.7956050634384155,
    -0.36635130643844604,
    0.4824928045272827
   ]
  ]
 },
 {
  "rotation_euler": [
   -0.6193458437919617,
   -0.9401545524597168,
   2.0506629943847656
  ],
  "euler_order": "XYZ",
  "rotation_matrix": [
   [
    -0.27222445607185364,
    -0.9387394189834595,
    -0.21133418381214142
   ],
   [
    0.5230645537376404,
    0.03997853398323059,
    -0.8513548970222473
   ],
   [
    0.8076492547988892,
    -0.34230104088783264,
    0.48013821244239807
   ]
  ]
 },
 {
  "rotation_euler": [
   -0.7174424529075623,
   -0.843272864818573,
   -2.606459140777588
  ],
  "euler_order": "XYZ",
  "rotation_matrix": [
   [
    -0.5720524191856384,
    -0.03811754286289215,
    0.8193308711051941
   ],
   [
    -0.3391319513320923,
    -0.8985438942909241,
    -0.2785828709602356
   ],
   [
    0.7468236684799194,
    -0.4372252821922302,
    0.5010873079299927
   ]
  ]
 }
]