[
 {
  "rotation_euler": [
   1.0256993846269324e-05,
   -0.0002578635758254677,
   -0.7465692758560181
  ],
  "euler_order": "XYZ",
  "rotation_matrix": [
   [
    0.7340230345726013,
    0.6791245341300964,
    -0.00019624359265435487
   ],
   [
    -0.6791245341300964,
    0.7340230941772461,
    0.00016759260324761271
   ],
   [
    0.0002578635758254677,
    1.0256993846269324e-05,
    0.9999999403953552
   ]
  ]
 },
 {
  "rotation_euler": [
   -2.183174728997983e-06,
   -0.00027241595671512187,
   2.5577800273895264
  ],
  "euler_order": "XYZ",
  "rotation_matrix": [
   [
    -0.8343671560287476,
    -0.5512090921401978,
    0.0002260915352962911
   ],
   [
    0.551209032535553,
    -0.8343671560287476,
    -0.00015197970787994564
   ],
   [
    0.00027241595671512187,
    -2.183174728997983e-06,
    0.9999999403953552
   ]
  ]
 },
 {
  "rotation_euler": [
   6.756808943464421e-06,
   -0.0002658121520653367,
   0.6331328749656677
  ],
  "euler_order": "XYZ",
  "rotation_matrix": [
   [
    0.8061777949333191,
    -0.5916733145713806,
    -0.00021029403433203697
   ],
   [
    0.5916733145713806,
    0.8061778545379639,
    -0.00016272114589810371
   ],
   [
    0.0002658121520653367,
    6.75680848871707e-06,
    0.9999999403953552
   ]
  ]
 },
 {
  "rotation_euler": [
   8.229472769016866e-06,
   -0.00025859024026431143,
   2.4068350791931152
  ],
  "euler_order": "XYZ",
  "rotation_matrix": [
   [
    -0.741993248462677,
    -0.6704072952270508,
    0.0001973893231479451
   ],
   [
    0.6704072952270508,
    -0.7419933080673218,
    -0.00016725456225685775
   ],
   [
    0.00025859024026431143,
    8.229472769016866e-06,
    0.9999999403953552
   ]
  ]
 },
 {
  "rotation_euler": [
   -0.7518816590309143,
   3.1415822505950928,
   0.5093717575073242
  ],
  "euler_order": "XYZ",
  "rotation_matrix": [
   [
    -0.8730510473251343,
    -0.35617274045944214,
    -0.3330508768558502
   ],
   [
    -0.48762884736061096,
    0.6376773118972778,
    0.5963100790977478
   ],
   [
    -1.0402995030744933e-05,
    0.6830143332481384,
    -0.7304049730300903
   ]
  ]
 },
 {
  "rotation_euler": [
   7.5791340350406244e-06,
   -0.00026098042144440114,
   0.8340684175491333
  ],
  "euler_order": "XYZ",
  "rotation_matrix": [
   [
    0.6718679666519165,
    -0.740670919418335,
    -0.0001697307452559471
   ],
   [
    0.740670919418335,
    0.6718679666519165,
    -0.00019839279411826283
   ],
   [
    0.00026098042144440114,
    7.5791335802932736e-06,
    0.9999999403953552
   ]
  ]
 },
 {
  "rotation_euler": [
   1.4254102097766008e-05,
   -0.00026278820587322116,
   1.3530515432357788
  ],
  "euler_order": "XYZ",
  "rotation_matrix": [
   [
    0.21602819859981537,
    -0.9763871431350708,
    -4.2852141632465646e-05
   ],
   [
    0.976387083530426,
    0.21602821350097656,
    -0.0002596623089630157
   ],
   [
    0.00026278820587322116,
    1.4254101188271306e-05,
    0.9999999403953552
   ]
  ]
 },
 {
  "rotation_euler": [
   7.329735126404557e-06,
   -0.0002608858922030777,
   1.4515314102172852
  ],
  "euler_order": "XYZ",
  "rotation_matrix": [
   [
    0.11898237466812134,
    -0.9928963780403137,
    -2.376315569563303e-05
   ],
   [
    0.992896318435669,
    0.11898237466812134,
    -0.0002599047729745507
   ],
   [
    0.0002608858922030777,
    7.3297346716572065e-06,
    0.9999999403953552
   ]
  ]
 },
 {
  "rotation_euler": [
   -2.789704922179226e-06,
   -0.0002741800853982568,
   1.8370356559753418
  ],
  "euler_order": "XYZ",
  "rotation_matrix": [
   [
    -0.2631051242351532,
    -0.9647671580314636,
    6.944677443243563e-05
   ],
   [
    0.9647671580314636,
    -0.2631051242351532,
    -0.00026525394059717655
   ],
   [
    0.0002741800853982568,
    -2.789704922179226e-06,
    0.9999999403953552
   ]
  ]
 },
 {
  "rotation_euler": [
   -5.472511020343518e-06,
   -0.0002747023827396333,
   -2.389040470123291
  ],
  "euler_order": "XYZ",
  "rotation_matrix": [
   [
    -0.7299467921257019,
    0.6835039258003235,
    0.0002042586129391566
   ],
   [
    -0.6835039258003235,
    -0.7299467921257019,
    0.00018376551452092826
   ],
   [
    0.0002747023827396333,
    -5.472511020343518e-06,
    0.9999999403953552
   ]
  ]
 },
 {
  "rotation_euler": [
   8.716218871995807e-06,
   -0.0002668524975888431,
   1.5311003923416138
  ],
  "euler_order": "XYZ",
  "rotation_matrix": [
   [
    0.039685510098934174,
    -0.9992122054100037,
    -1.8808249251378584e-06
   ],
   [
    0.9992122054100037,
    0.039685506373643875,
    -0.0002669881796464324
   ],
   [
    0.0002668524975888431,
    8.716218871995807e-06,
    0.9999999403953552
   ]
  ]
 },
 {
  "rotation_euler": [
   1.7893780750455335e-05,
   -0.0002654565032571554,
   1.2960929870605469
  ],
  "euler_order": "XYZ",
  "rotation_matrix": [
   [
    0.27126139402389526,
    -0.9625056982040405,
    -5.478523962665349e-05
   ],
   [
    0.9625056982040405,
    0.27126139402389526,
    -0.000260357279330492
   ],
   [
    0.0002654565032571554,
    1.7893780750455335e-05,
    0.9999999403953552
   ]
  ]
 },
 {
  "rotation_euler": [
   1.1537636964931153e-05,
   -0.00025977659970521927,
   2.427814483642578
  ],
  "euler_order": "XYZ",
  "rotation_matrix": [
   [
    -0.7558937072753906,
    -0.6546943187713623,
    0.0002039171231444925
   ],
   [
    0.6546943187713623,
    -0.7558937072753906,
    -0.00016135303303599358
   ],
   [
    0.00025977659970521927,
    1.1537636964931153e-05,
    0.9999999403953552
   ]
  ]
 },
 {
  "rotation_euler": [
   6.071943062124774e-06,
   -0.00026098641683347523,
   -1.0449331998825073
  ],
  "euler_order": "XYZ",
  "rotation_matrix": [
   [
    0.5019596815109253,
    0.864890992641449,
    -0.0001362562325084582
   ],
   [
    -0.864890992641449,
    0.5019596815109253,
    0.00022267692838795483
   ],
   [
    0.00026098641683347523,
    6.071943062124774e-06,
    0.9999999403953552
   ]
  ]
 },
 {
  "rotation_euler": [
   -3.840020326606464e-06,
   -0.0002734321169555187,
   0.22416599094867706
  ],
  "euler_order": "XYZ",
  "rotation_matrix": [
   [
    0.974979817867279,
    -0.22229330241680145,
    -0.00026744441129267216
   ],
   [
    0.22229328751564026,
    0.974979817867279,
    -5.7038185332203284e-05
   ],
   [
    0.0002734321169555187,
    -3.840020326606464e-06,
    0.9999999403953552
   ]
  ]
 },
 {
  "rotation_euler": [
   1.4593106243410148e-05,
   -0.00026440017973072827,
   0.119742751121521
  ],
  "euler_order": "XYZ",
  "rotation_matrix": [
   [
    0.9928393363952637,
    -0.11945680528879166,
    -0.0002607636561151594
   ],
   [
    0.11945679783821106,
    0.9928393959999084,
    -4.6073011617409065e-05
   ],
   [
    0.00026440017973072827,
    1.4593105333915446e-05,
    0.9999999403953552
   ]
  ]
 }
]