[
 {
  "rotation_euler": [
   1.400322437286377,
   -1.3277848958969116,
   -0.8557257652282715
  ],
  "euler_order": "XYZ",
  "rotation_matrix": [
   [
    0.15777185559272766,
    -0.4990873336791992,
    -0.8520680069923401
   ],
   [
    -0.1816844344139099,
    0.8334729075431824,
    -0.5218368172645569
   ],
   [
    0.9706177711486816,
    0.23713865876197815,
    0.040822166949510574
   ]
  ]
 },
 {
  "rotation_euler": [
   1.7493728399276733,
   1.343010425567627,
   -0.49253419041633606
  ],
  "euler_order": "XYZ",
  "rotation_matrix": [
   [
    0.1989794820547104,
    0.7607325315475464,
    -0.617813229560852
   ],
   [
    -0.10678188502788544,
    -0.6098358631134033,
    -0.7853010892868042
   ],
   [
    -0.9741687774658203,
    0.22223006188869476,
    -0.040112368762493134
   ]
  ]
 },
 {
  "rotation_euler": [
   -0.00023127840540837497,
   0.024664418771862984,
   1.5379693508148193
  ],
  "euler_order": "XYZ",
  "rotation_matrix": [
   [
    0.03281109780073166,
    -0.9994614124298096,
    0.0005782769876532257
   ],
   [
    0.9991572499275208,
    0.03281537815928459,
    0.024656221270561218
   ],
   [
    -0.024661917239427567,
    -0.00023120806145016104,
    0.9996958374977112
   ]
  ]
 },
 {
  "rotation_euler": [
   -0.00023149928892962635,
   0.02465875633060932,
   -2.4291274547576904
  ],
  "euler_order": "XYZ",
  "rotation_matrix": [
   [
    -0.7565225958824158,
    0.6537055969238281,
    -0.01850735768675804
   ],
   [
    -0.6535025835037231,
    -0.7567489147186279,
    -0.016293015331029892
   ],
   [
    -0.024656256660819054,
    -0.00023142890131566674,
    0.9996959567070007
   ]
  ]
 },
 {
  "rotation_euler": [
   -0.00023190195497591048,
   0.024670224636793137,
   -1.5687199831008911
  ],
  "euler_order": "XYZ",
  "rotation_matrix": [
   [
    0.0020757103338837624,
    0.9999977946281433,
    0.0002831200836226344
   ],
   [
    -0.9996935725212097,
    0.002082062652334571,
    -0.02466718666255474
   ],
   [
    -0.02466772310435772,
    -0.00023183139273896813,
    0.9996956586837769
   ]
  ]
 },
 {
  "rotation_euler": [
   -0.00023102809791453183,
   0.024658381938934326,
   -2.9517886638641357
  ],
  "euler_order": "XYZ",
  "rotation_matrix": [
   [
    -0.9817426800727844,
    0.1886719912290573,
    -0.02416950650513172
   ],
   [
    -0.1886090487241745,
    -0.9820401072502136,
    -0.004878615960478783
   ],
   [
    -0.024655882269144058,
    -0.0002309578558197245,
    0.9996959567070007
   ]
  ]
 },
 {
  "rotation_euler": [
   -0.0002304706140421331,
   0.02465839311480522,
   0.7471439242362976
  ],
  "euler_order": "XYZ",
  "rotation_matrix": [
   [
    0.7334096431732178,
    -0.6795503497123718,
    0.017931753769516945
   ],
   [
    0.6793396472930908,
    0.7336288094520569,
    0.016923900693655014
   ],
   [
    -0.024655893445014954,
    -0.0002304005465703085,
    0.9996959567070007
   ]
  ]
 },
 {
  "rotation_euler": [
   -1.3922196626663208,
   1.7985819578170776,
   -0.2896084189414978
  ],
  "euler_order": "XYZ",
  "rotation_matrix": [
   [
    -0.21641677618026733,
    -0.8680269718170166,
    0.4468701183795929
   ],
   [
    0.06448925286531448,
    0.444007933139801,
    0.8936991095542908
   ],
   [
    -0.9741688370704651,
    0.22222979366779327,
    -0.04011235386133194
   ]
  ]
 },
 {
  "rotation_euler": [
   -0.0002313901495654136,
   0.024664290249347687,
   2.954606771469116
  ],
  "euler_order": "XYZ",
  "rotation_matrix": [
   [
    -0.9822701811790466,
    -0.18589255213737488,
    -0.024274924769997597
   ],
   [
    0.1858416199684143,
    -0.9825700521469116,
    0.004357224330306053
   ],
   [
    -0.02466179057955742,
    -0.0002313197765033692,
    0.9996958374977112
   ]
  ]
 },
 {
  "rotation_euler": [
   1.7493752241134644,
   1.3430107831954956,
   0.5661035180091858
  ],
  "euler_order": "XYZ",
  "rotation_matrix": [
   [
    0.19059215486049652,
    0.9043926000595093,
    0.38177037239074707
   ],
   [
    0.12111843377351761,
    0.3642635941505432,
    -0.9233863353729248
   ],
   [
    -0.9741688370704651,
    0.22222962975502014,
    -0.04011283442378044
   ]
  ]
 },
 {
  "rotation_euler": [
   -0.00023123352730181068,
   0.024664659053087234,
   -1.5329712629318237
  ],
  "euler_order": "XYZ",
  "rotation_matrix": [
   [
    0.03780454397201538,
    0.9992844462394714,
    0.0011636933777481318
   ],
   [
    -0.9989807605743408,
    0.03782174363732338,
    -0.02463577315211296
   ],
   [
    -0.024662157520651817,
    -0.00023116319789551198,
    0.9996958374977112
   ]
  ]
 },
 {
  "rotation_euler": [
   -0.00023104928550310433,
   0.02466561831533909,
   2.2851743698120117
  ],
  "euler_order": "XYZ",
  "rotation_matrix": [
   [
    -0.654948353767395,
    -0.7554970979690552,
    -0.016332540661096573
   ],
   [
    0.7552710771560669,
    -0.6551519632339478,
    0.018481634557247162
   ],
   [
    -0.02466311678290367,
    -0.00023097899975255132,
    0.9996957778930664
   ]
  ]
 },
 {
  "rotation_euler": [
   1.4003219604492188,
   -1.3277850151062012,
   1.3201175928115845
  ],
  "euler_order": "XYZ",
  "rotation_matrix": [
   [
    0.059690192341804504,
    -0.40163010358810425,
    0.9138546586036682
   ],
   [
    0.2331055849790573,
    -0.8845669031143188,
    -0.4039841890335083
   ],
   [
    0.9706177711486816,
    0.2371385246515274,
    0.040822260081768036
   ]
  ]
 },
 {
  "rotation_euler": [
   -1.3922209739685059,
   1.7985820770263672,
   1.3750455379486084
  ],
  "euler_order": "XYZ",
  "rotation_matrix": [
   [
    -0.043922875076532364,
    -0.3607010543346405,
    -0.9316466450691223
   ],
   [
    -0.22150827944278717,
    -0.905819296836853,
    0.3611447215080261
   ],
   [
    -0.9741687774658203,
    0.2222299575805664,
    -0.04011208191514015
   ]
  ]
 },
 {
  "rotation_euler": [
   -0.00023177148250397295,
   0.024661120027303696,
   1.3806158304214478
  ],
  "euler_order": "XYZ",
  "rotation_matrix": [
   [
    0.1889786571264267,
    -0.9819712042808533,
    0.004433777648955584
   ],
   [
    0.9816715717315674,
    0.18903052806854248,
    0.02425784058868885
   ],
   [
    -0.024658620357513428,
    -0.00023170100757852197,
    0.999695897102356
   ]
  ]
 },
 {
  "rotation_euler": [
   1.749372124671936,
   1.343010663986206,
   0.24662679433822632
  ],
  "euler_order": "XYZ",
  "rotation_matrix": [
   [
    0.21898792684078217,
    0.9730342030525208,
    0.0724479928612709
   ],
   [
    0.055130619555711746,
    0.06179249659180641,
    -0.9965652227401733
   ],
   [
    -0.9741688370704651,
    0.22222986817359924,
    -0.04011216759681702
   ]
  ]
 }
]