[
 {
  "rotation_euler": [
   -0.00012953803525306284,
   0.0005313969450071454,
   2.7923388481140137
  ],
  "euler_order": "XYZ",
  "rotation_matrix": [
   [
    -0.9396281838417053,
    -0.3421967029571533,
    -0.0005436430801637471
   ],
   [
    0.3421967029571533,
    -0.9396283626556396,
    6.0124693845864385e-05
   ],
   [
    -0.0005313969450071454,
    -0.00012953802070114762,
    0.9999998211860657
   ]
  ]
 },
 {
  "rotation_euler": [
   -0.0001328388025285676,
   0.0005283748614601791,
   -1.934099793434143
  ],
  "euler_order": "XYZ",
  "rotation_matrix": [
   [
    -0.35536396503448486,
    0.9347280263900757,
    -6.359725375659764e-05
   ],
   [
    -0.9347278475761414,
    -0.3553639352321625,
    -0.0005410928861238062
   ],
   [
    -0.0005283748614601791,
    -0.00013283878797665238,
    0.9999998807907104
   ]
  ]
 },
 {
  "rotation_euler": [
   -9.602377394912764e-05,
   0.0005355753819458187,
   2.840641975402832
  ],
  "euler_order": "XYZ",
  "rotation_matrix": [
   [
    -0.9550549983978271,
    -0.29642823338508606,
    -0.0005399681394919753
   ],
   [
    0.29642823338508606,
    -0.9550551176071167,
    6.705168925691396e-05
   ],
   [
    -0.0005355753819458187,
    -9.602375939721242e-05,
    0.9999998807907104
   ]
  ]
 },
 {
  "rotation_euler": [
   -0.00013302535808179528,
   0.0005283153732307255,
   -3.0473263263702393
  ],
  "euler_order": "XYZ",
  "rotation_matrix": [
   [
    -0.9955601096153259,
    0.09412685036659241,
    -0.0005134484963491559
   ],
   [
    -0.09412676841020584,
    -0.9955602288246155,
    -0.00018216337775811553
   ],
   [
    -0.0005283153732307255,
    -0.00013302534352988005,
    0.9999998807907104
   ]
  ]
 },
 {
  "rotation_euler": [
   -0.0001331672101514414,
   0.0005284972721710801,
   1.2501401901245117
  ],
  "euler_order": "XYZ",
  "rotation_matrix": [
   [
    0.31518927216529846,
    -0.9490288496017456,
    4.0197166526922956e-05
   ],
   [
    0.9490286707878113,
    0.3151892423629761,
    0.0005435320199467242
   ],
   [
    -0.0005284972721710801,
    -0.00013316719559952617,
    0.9999998807907104
   ]
  ]
 },
 {
  "rotation_euler": [
   -0.00013334941468201578,
   0.0005283963982947171,
   -2.9254250526428223
  ],
  "euler_order": "XYZ",
  "rotation_matrix": [
   [
    -0.9767264723777771,
    0.21448807418346405,
    -0.00048749695997685194
   ],
   [
    -0.2144879698753357,
    -0.9767265915870667,
    -0.00024358060909435153
   ],
   [
    -0.0005283963982947171,
    -0.00013334940013010055,
    0.9999998807907104
   ]
  ]
 },
 {
  "rotation_euler": [
   -0.00013291674258653075,
   0.0005287569365464151,
   2.8147006034851074
  ],
  "euler_order": "XYZ",
  "rotation_matrix": [
   [
    -0.9470447301864624,
    -0.3211011588573456,
    -0.0005434362683445215
   ],
   [
    0.3211011588573456,
    -0.9470449090003967,
    4.3906366045121104e-05
   ],
   [
    -0.0005287569365464151,
    -0.00013291672803461552,
    0.9999998807907104
   ]
  ]
 },
 {
  "rotation_euler": [
   -1.4815925359725952,
   -0.004200632683932781,
   2.6933772563934326
  ],
  "euler_order": "XYZ",
  "rotation_matrix": [
   [
    -0.9012139439582825,
    -0.042376559227705,
    -0.4312976002693176
   ],
   [
    0.43335407972335815,
    -0.07847270369529724,
    -0.8978008031845093
   ],
   [
    0.004200620111078024,
    -0.996015191078186,
    0.08908474445343018
   ]
  ]
 },
 {
  "rotation_euler": [
   -0.0001334773114649579,
   0.000528140808455646,
   2.9130122661590576
  ],
  "euler_order": "XYZ",
  "rotation_matrix": [
   [
    -0.9739888906478882,
    -0.22659499943256378,
    -0.0005446486175060272
   ],
   [
    0.22659502923488617,
    -0.9739890694618225,
    -1.0331345947633963e-05
   ],
   [
    -0.000528140808455646,
    -0.00013347729691304266,
    0.9999998807907104
   ]
  ]
 },
 {
  "rotation_euler": [
   -0.00011981840361841023,
   0.0005433334736153483,
   -0.05365191772580147
  ],
  "euler_order": "XYZ",
  "rotation_matrix": [
   [
    0.998560905456543,
    0.05362611636519432,
    0.0005489770555868745
   ],
   [
    -0.0536261722445488,
    0.9985610842704773,
    9.050909284269437e-05
   ],
   [
    -0.0005433334736153483,
    -0.000119818389066495,
    0.9999998211860657
   ]
  ]
 },
 {
  "rotation_euler": [
   -0.00013786125055048615,
   0.000522893387824297,
   -1.5690007209777832
  ],
  "euler_order": "XYZ",
  "rotation_matrix": [
   [
    0.0017956045921891928,
    0.9999983906745911,
    0.00013879993639420718
   ],
   [
    -0.9999982714653015,
    0.0017956768861040473,
    -0.0005226449575275183
   ],
   [
    -0.000522893387824297,
    -0.00013786123599857092,
    0.9999998807907104
   ]
  ]
 },
 {
  "rotation_euler": [
   -9.567139204591513e-05,
   0.0005354823661036789,
   1.6758415699005127
  ],
  "euler_order": "XYZ",
  "rotation_matrix": [
   [
    -0.10485214740037918,
    -0.9944878220558167,
    -0.00015129051462281495
   ],
   [
    0.9944877028465271,
    -0.10485221445560455,
    0.0005224993219599128
   ],
   [
    -0.0005354823661036789,
    -9.56713774939999e-05,
    0.9999998807907104
   ]
  ]
 },
 {
  "rotation_euler": [
   -0.00012726678687613457,
   0.0005588154308497906,
   -1.803173542022705
  ],
  "euler_order": "XYZ",
  "rotation_matrix": [
   [
    -0.2302914559841156,
    0.973121702671051,
    -4.84436077385908e-06
   ],
   [
    -0.9731215238571167,
    -0.2302914261817932,
    -0.0005731038399972022
   ],
   [
    -0.0005588154308497906,
    -0.00012726677232421935,
    0.9999998211860657
   ]
  ]
 },
 {
  "rotation_euler": [
   -0.0001344133197562769,
   0.0005273317219689488,
   -2.4382314682006836
  ],
  "euler_order": "XYZ",
  "rotation_matrix": [
   [
    -0.7626724243164062,
    0.6467848420143127,
    -0.0003152448916807771
   ],
   [
    -0.6467847228050232,
    -0.762672483921051,
    -0.00044358347076922655
   ],
   [
    -0.0005273317219689488,
    -0.00013441330520436168,
    0.9999998807907104
   ]
  ]
 },
 {
  "rotation_euler": [
   -0.00011925782018806785,
   0.000550954369828105,
   1.7131028175354004
  ],
  "euler_order": "XYZ",
  "rotation_matrix": [
   [
    -0.14182664453983307,
    -0.9898914694786072,
    -0.00019619232625700533
   ],
   [
    0.9898913502693176,
    -0.14182673394680023,
    0.000528471078723669
   ],
   [
    -0.000550954369828105,
    -0.00011925779836019501,
    0.9999998211860657
   ]
  ]
 },
 {
  "rotation_euler": [
   -0.00011407231068005785,
   0.0005419395747594535,
   2.2091755867004395
  ],
  "euler_order": "XYZ",
  "rotation_matrix": [
   [
    -0.5958945751190186,
    -0.8030625581741333,
    -0.00041454608435742557
   ],
   [
    0.8030624985694885,
    -0.5958946943283081,
    0.0003672362945508212
   ],
   [
    -0.0005419395747594535,
    -0.00011407229612814263,
    0.9999998211860657
   ]
  ]
 }
]