[
 {
  "rotation_euler": [
   -0.04043034091591835,
   -0.06397788226604462,
   3.1303350925445557
  ],
  "euler_order": "XYZ",
  "rotation_matrix": [
   [
    -0.9978908896446228,
    -0.01383213885128498,
    0.06342294067144394
   ],
   [
    0.011234291829168797,
    -0.9990903735160828,
    -0.04113590717315674
   ],
   [
    0.06393424421548843,
    -0.04033663496375084,
    0.9971386194229126
   ]
  ]
 },
 {
  "rotation_euler": [
   -0.005588593892753124,
   0.15218408405780792,
   -0.1929677575826645
  ],
  "euler_order": "XYZ",
  "rotation_matrix": [
   [
    0.9700962901115417,
    0.19093792140483856,
    0.14985300600528717
   ],
   [
    -0.18955597281455994,
    0.9815865755081177,
    -0.02358689345419407
   ],
   [
    -0.15159733593463898,
    -0.005523974075913429,
    0.988426923751831
   ]
  ]
 },
 {
  "rotation_euler": [
   0.026117589324712753,
   -0.025845304131507874,
   -1.6439659595489502
  ],
  "euler_order": "XYZ",
  "rotation_matrix": [
   [
    -0.07307994365692139,
    0.9970334768295288,
    -0.024156196042895317
   ],
   [
    -0.9969912171363831,
    -0.07240636646747589,
    0.02767358347773552
   ],
   [
    0.02584242634475231,
    0.02610589936375618,
    0.9993250966072083
   ]
  ]
 },
 {
  "rotation_euler": [
   -0.026431448757648468,
   0.17831887304782867,
   -1.5748424530029297
  ],
  "euler_order": "XYZ",
  "rotation_matrix": [
   [
    -0.003981957212090492,
    0.9996615052223206,
    0.02571072429418564
   ],
   [
    -0.9841352105140686,
    0.000643001461867243,
    -0.17741888761520386
   ],
   [
    -0.17737536132335663,
    -0.02600930444896221,
    0.9837995171546936
   ]
  ]
 },
 {
  "rotation_euler": [
   -0.0463113933801651,
   0.03452766686677933,
   -3.0847432613372803
  ],
  "euler_order": "XYZ",
  "rotation_matrix": [
   [
    -0.9977894425392151,
    0.05835340917110443,
    -0.03179766982793808
   ],
   [
    -0.05678490921854973,
    -0.9972232580184937,
    -0.04817938059568405
   ],
   [
    -0.03452080860733986,
    -0.046267248690128326,
    0.9983324408531189
   ]
  ]
 },
 {
  "rotation_euler": [
   -0.001158634084276855,
   -0.0038152856286615133,
   -1.477773666381836
  ],
  "euler_order": "XYZ",
  "rotation_matrix": [
   [
    0.09288788586854935,
    0.9956762790679932,
    0.000799229193944484
   ],
   [
    -0.9956692457199097,
    0.09288409352302551,
    0.00390640227124095
   ],
   [
    0.003815276315435767,
    -0.001158625353127718,
    0.9999920725822449
   ]
  ]
 },
 {
  "rotation_euler": [
   0.02674255147576332,
   -0.17671015858650208,
   2.834401845932007
  ],
  "euler_order": "XYZ",
  "rotation_matrix": [
   [
    -0.9383431077003479,
    -0.29779350757598877,
    0.17558813095092773
   ],
   [
    0.2976732552051544,
    -0.9542673230171204,
    -0.02764972299337387
   ],
   [
    0.1757919192314148,
    0.02632296085357666,
    0.9840753674507141
   ]
  ]
 },
 {
  "rotation_euler": [
   0.03596094250679016,
   -0.21259427070617676,
   1.4485094547271729
  ],
  "euler_order": "XYZ",
  "rotation_matrix": [
   [
    0.11923611164093018,
    -0.9928159117698669,
    0.0099635049700737
   ],
   [
    0.970187246799469,
    0.11437410861253738,
    -0.21367107331752777
   ],
   [
    0.21099647879600525,
    0.03514377027750015,
    0.9768548607826233
   ]
  ]
 },
 {
  "rotation_euler": [
   -0.0423109270632267,
   -0.009189843200147152,
   -1.347309947013855
  ],
  "euler_order": "XYZ",
  "rotation_matrix": [
   [
    0.22162127494812012,
    0.9743441343307495,
    0.03921147435903549
   ],
   [
    -0.9750894904136658,
    0.22105324268341064,
    0.018327752128243446
   ],
   [
    0.00918971374630928,
    -0.04229651764035225,
    0.9990628361701965
   ]
  ]
 },
 {
  "rotation_euler": [
   0.034730855375528336,
   0.20676057040691376,
   1.5490429401397705
  ],
  "euler_order": "XYZ",
  "rotation_matrix": [
   [
    0.02128838375210762,
    -0.9990054368972778,
    0.039178378880023956
   ],
   [
    0.9784694910049438,
    0.028865350410342216,
    0.2043628990650177
   ],
   [
    -0.2052905559539795,
    0.033984292298555374,
    0.9781108498573303
   ]
  ]
 },
 {
  "rotation_euler": [
   -0.0012369402684271336,
   -0.0034694874193519354,
   -1.6284599304199219
  ],
  "euler_order": "XYZ",
  "rotation_matrix": [
   [
    -0.05763130635023117,
    0.998336911201477,
    0.0014348358381539583
   ],
   [
    -0.9983319044113159,
    -0.05763589218258858,
    0.0033924244344234467
   ],
   [
    0.0034694804344326258,
    -0.0012369324686005712,
    0.9999932050704956
   ]
  ]
 },
 {
  "rotation_euler": [
   0.002224487019702792,
   0.035341840237379074,
   -1.6145706176757812
  ],
  "euler_order": "XYZ",
  "rotation_matrix": [
   [
    -0.043732985854148865,
    0.9990361332893372,
    -0.0037685984279960394
   ],
   [
    -0.9984182119369507,
    -0.043838728219270706,
    -0.035203203558921814
   ],
   [
    -0.03533448278903961,
    0.002223096089437604,
    0.9993730783462524
   ]
  ]
 },
 {
  "rotation_euler": [
   -0.04036957025527954,
   0.06758542358875275,
   -0.7453839778900146
  ],
  "euler_order": "XYZ",
  "rotation_matrix": [
   [
    0.7331498861312866,
    0.6756985783576965,
    0.0769587829709053
   ],
   [
    -0.676705539226532,
    0.7360774874687195,
    -0.016111262142658234
   ],
   [
    -0.06753398478031158,
    -0.04026646539568901,
    0.9969040751457214
   ]
  ]
 },
 {
  "rotation_euler": [
   0.008223145268857479,
   -0.03458726033568382,
   -1.488972544670105
  ],
  "euler_order": "XYZ",
  "rotation_matrix": [
   [
    0.08168362826108932,
    0.9965973496437073,
    -0.01102178543806076
   ],
   [
    -0.9960582256317139,
    0.08201315253973007,
    0.03379141166806221
   ],
   [
    0.03458036482334137,
    0.008218134753406048,
    0.9993681311607361
   ]
  ]
 },
 {
  "rotation_euler": [
   0.03716394305229187,
   -0.13264557719230652,
   -1.9509247541427612
  ],
  "euler_order": "XYZ",
  "rotation_matrix": [
   [
    -0.36778032779693604,
    0.9297990798950195,
    0.014535569585859776
   ],
   [
    -0.920459508895874,
    -0.36622026562690735,
    0.13651736080646515
   ],
   [
    0.13225694000720978,
    0.03682899475097656,
    0.9905310273170471
   ]
  ]
 },
 {
  "rotation_euler": [
   0.03641120344400406,
   -0.09258273988962173,
   2.269542932510376
  ],
  "euler_order": "XYZ",
  "rotation_matrix": [
   [
    -0.6405036449432373,
    -0.7629767060279846,
    0.08730222284793854
   ],
   [
    0.7623699903488159,
    -0.6454089283943176,
    -0.047321103513240814
   ],
   [
    0.09245053678750992,
    0.03624725341796875,
    0.9950572848320007
   ]
  ]
 }
]