[
 {
  "rotation_euler": [
   -5.822450930281775e-06,
   7.014849416009383e-06,
   -0.39889469742774963
  ],
  "euler_order": "XYZ",
  "rotation_matrix": [
   [
    0.9214908480644226,
    0.38840004801750183,
    8.725560292077716e-06
   ],
   [
    -0.38840004801750183,
    0.9214908480644226,
    2.6407674340589438e-06
   ],
   [
    -7.014849416009383e-06,
    -5.822450930281775e-06,
    1.0
   ]
  ]
 },
 {
  "rotation_euler": [
   3.292329665782745e-06,
   -3.2405835099780234e-06,
   2.3626487255096436
  ],
  "euler_order": "XYZ",
  "rotation_matrix": [
   [
    -0.711655855178833,
    -0.7025282382965088,
    4.619134870154085e-06
   ],
   [
    0.7025282382965088,
    -0.711655855178833,
    6.640421901238369e-08
   ],
   [
    3.2405835099780234e-06,
    3.292329665782745e-06,
    1.0
   ]
  ]
 },
 {
  "rotation_euler": [
   -2.5752722194738453e-06,
   1.2394474424581858e-06,
   0.7784777283668518
  ],
  "euler_order": "XYZ",
  "rotation_matrix": [
   [
    0.711983323097229,
    -0.7021964192390442,
    -9.258810109713522e-07
   ],
   [
    0.7021964192390442,
    0.711983323097229,
    2.703886366361985e-06
   ],
   [
    -1.2394474424581858e-06,
    -2.5752722194738453e-06,
    1.0
   ]
  ]
 },
 {
  "rotation_euler": [
   8.468679766338028e-07,
   -3.0731312108400743e-06,
   2.55849552154541
  ],
  "euler_order": "XYZ",
  "rotation_matrix": [
   [
    -0.8347613215446472,
    -0.5506119132041931,
    3.031626647498342e-06
   ],
   [
    0.5506119132041931,
    -0.8347613215446472,
    -9.851701179286465e-07
   ],
   [
    3.0731312108400743e-06,
    8.468679766338028e-07,
    1.0
   ]
  ]
 },
 {
  "rotation_euler": [
   -3.690167432068847e-06,
   2.6390471248305403e-06,
   1.1543209552764893
  ],
  "euler_order": "XYZ",
  "rotation_matrix": [
   [
    0.4045396149158478,
    -0.9145204424858093,
    -2.3071345367497997e-06
   ],
   [
    0.9145204424858093,
    0.4045396149158478,
    3.90628156310413e-06
   ],
   [
    -2.6390471248305403e-06,
    -3.690167432068847e-06,
    1.0
   ]
  ]
 },
 {
  "rotation_euler": [
   -2.388893562965677e-06,
   1.482478865000303e-06,
   0.2091066539287567
  ],
  "euler_order": "XYZ",
  "rotation_matrix": [
   [
    0.9782167673110962,
    -0.20758609473705292,
    9.542845873511396e-07
   ],
   [
    0.20758609473705292,
    0.9782167673110962,
    2.6445977709954605e-06
   ],
   [
    -1.482478865000303e-06,
    -2.388893562965677e-06,
    1.0
   ]
  ]
 },
 {
  "rotation_euler": [
   -1.2170368108854746e-06,
   3.1032243441586616e-06,
   -0.7463985085487366
  ],
  "euler_order": "XYZ",
  "rotation_matrix": [
   [
    0.7341390252113342,
    0.6789991855621338,
    3.1045651667227503e-06
   ],
   [
    -0.6789991855621338,
    0.7341390252113342,
    -1.2136125633332995e-06
   ],
   [
    -3.1032243441586616e-06,
    -1.2170368108854746e-06,
    1.0
   ]
  ]
 },
 {
  "rotation_euler": [
   2.8349186322884634e-06,
   -2.748073711700272e-06,
   2.391016721725464
  ],
  "euler_order": "XYZ",
  "rotation_matrix": [
   [
    -0.731296181678772,
    -0.6820600628852844,
    3.943240699300077e-06
   ],
   [
    0.6820600628852844,
    -0.731296181678772,
    1.98813850715851e-07
   ],
   [
    2.748073711700272e-06,
    2.8349186322884634e-06,
    1.0
   ]
  ]
 },
 {
  "rotation_euler": [
   3.3548317901477276e-07,
   1.3378760286286706e-06,
   -2.8527135848999023
  ],
  "euler_order": "XYZ",
  "rotation_matrix": [
   [
    -0.9585638046264648,
    0.2848779261112213,
    -1.3780112340100459e-06
   ],
   [
    -0.2848779261112213,
    -0.9585638046264648,
    -5.954930770712963e-08
   ],
   [
    -1.3378760286286706e-06,
    3.3548317901477276e-07,
    1.0
   ]
  ]
 },
 {
  "rotation_euler": [
   2.0491254417720484e-06,
   2.4701269012439298e-06,
   1.0483684539794922
  ],
  "euler_order": "XYZ",
  "rotation_matrix": [
   [
    0.49898561835289,
    -0.8666102886199951,
    3.0083508590905694e-06
   ],
   [
    0.8666102886199951,
    0.49898561835289,
    1.1181531363035901e-06
   ],
   [
    -2.4701269012439298e-06,
    2.0491254417720484e-06,
    1.0
   ]
  ]
 },
 {
  "rotation_euler": [
   0.001005486585199833,
   0.008693976327776909,
   -1.724394679069519
  ],
  "euler_order": "XYZ",
  "rotation_matrix": [
   [
    -0.15298932790756226,
    0.9882251024246216,
    -0.0023237671703100204
   ],
   [
    -0.9881895780563354,
    -0.15300366282463074,
    -0.00843767449259758
   ],
   [
    -0.008693866431713104,
    0.0010054484009742737,
    0.9999616742134094
   ]
  ]
 },
 {
  "rotation_euler": [
   4.161921879131114e-06,
   2.671952188393334e-07,
   2.2460548877716064
  ],
  "euler_order": "XYZ",
  "rotation_matrix": [
   [
    -0.6250991821289062,
    -0.7805453538894653,
    3.081545173699851e-06
   ],
   [
    0.7805453538894653,
    -0.6250991821289062,
    2.810171736200573e-06
   ],
   [
    -2.671952188393334e-07,
    4.161921879131114e-06,
    1.0
   ]
  ]
 },
 {
  "rotation_euler": [
   0.0005634648841805756,
   -0.00026047456776723266,
   1.021920919418335
  ],
  "euler_order": "XYZ",
  "rotation_matrix": [
   [
    0.5217281579971313,
    -0.853111743927002,
    0.000344801606843248
   ],
   [
    0.853111743927002,
    0.5217279195785522,
    -0.0005161893786862493
   ],
   [
    0.00026047456776723266,
    0.0005634648259729147,
    0.9999998211860657
   ]
  ]
 },
 {
  "rotation_euler": [
   1.3850440439000522e-07,
   5.849255444445589e-07,
   2.99566388130188
  ],
  "euler_order": "XYZ",
  "rotation_matrix": [
   [
    -0.9893712997436523,
    -0.1454113870859146,
    -5.585683879871794e-07
   ],
   [
    0.1454113870859146,
    -0.9893712997436523,
    2.220871238023392e-07
   ],
   [
    -5.849255444445589e-07,
    1.3850440439000522e-07,
    1.0
   ]
  ]
 },
 {
  "rotation_euler": [
   3.3257791187679686e-07,
   -7.602686764585087e-07,
   -1.6183409690856934
  ],
  "euler_order": "XYZ",
  "rotation_matrix": [
   [
    -0.047526732087135315,
    0.9988699555397034,
    -2.960690039799374e-07
   ],
   [
    -0.9988699555397034,
    -0.047526732087135315,
    7.752158808216336e-07
   ],
   [
    7.602686764585087e-07,
    3.3257791187679686e-07,
    1.0
   ]
  ]
 },
 {
  "rotation_euler": [
   -3.6601429656002438e-06,
   1.966376430573291e-06,
   1.8089064359664917
  ],
  "euler_order": "XYZ",
  "rotation_matrix": [
   [
    -0.2358664870262146,
    -0.9717854857444763,
    -4.020675987703726e-06
   ],
   [
    0.9717854857444763,
    -0.2358664870262146,
    1.047591013048077e-06
   ],
   [
    -1.966376430573291e-06,
    -3.6601429656002438e-06,
    1.0
   ]
  ]
 }
]