[
 {
  "rotation_euler": [
   -1.2949682474136353,
   0.3710591793060303,
   -2.547625780105591
  ],
  "euler_order": "XYZ",
  "rotation_matrix": [
   [
    -0.7723271250724792,
    0.4415578544139862,
    0.4566590189933777
   ],
   [
    -0.5215650200843811,
    -0.030437858775258064,
    -0.8526684045791626
   ],
   [
    -0.36260274052619934,
    -0.8967163562774658,
    0.2538091242313385
   ]
  ]
 },
 {
  "rotation_euler": [
   -1.2987616062164307,
   0.36815088987350464,
   2.157533884048462
  ],
  "euler_order": "XYZ",
  "rotation_matrix": [
   [
    -0.5165497064590454,
    -0.03182826563715935,
    -0.8556654453277588
   ],
   [
    0.7769523859024048,
    -0.4374389946460724,
    -0.45276060700416565
   ],
   [
    -0.3598908483982086,
    -0.8986846208572388,
    0.2506880462169647
   ]
  ]
 },
 {
  "rotation_euler": [
   -1.3029919862747192,
   0.36489400267601013,
   -2.181698799133301
  ],
  "euler_order": "XYZ",
  "rotation_matrix": [
   [
    -0.5358415842056274,
    0.4141494035720825,
    0.735767662525177
   ],
   [
    -0.7652004361152649,
    0.13010267913341522,
    -0.6305090188980103
   ],
   [
    -0.356850266456604,
    -0.9008626937866211,
    0.2471928745508194
   ]
  ]
 },
 {
  "rotation_euler": [
   -1.2969402074813843,
   0.36954885721206665,
   -2.3456320762634277
  ],
  "euler_order": "XYZ",
  "rotation_matrix": [
   [
    -0.6523690819740295,
    0.43651819229125977,
    0.6195695400238037
   ],
   [
    -0.6662979125976562,
    0.05926552787423134,
    -0.7433267831802368
   ],
   [
    -0.36119478940963745,
    -0.8977413177490234,
    0.25218817591667175
   ]
  ]
 },
 {
  "rotation_euler": [
   -1.2940418720245361,
   0.3717683255672455,
   -0.3922812342643738
  ],
  "euler_order": "XYZ",
  "rotation_matrix": [
   [
    0.860914945602417,
    -0.21843960881233215,
    0.4594666659832001
   ],
   [
    -0.356181263923645,
    0.3860700726509094,
    0.850931704044342
   ],
   [
    -0.3632635176181793,
    -0.8962332606315613,
    0.2545693814754486
   ]
  ]
 },
 {
  "rotation_euler": [
   -1.3100076913833618,
   0.3594611883163452,
   1.4241467714309692
  ],
  "euler_order": "XYZ",
  "rotation_matrix": [
   [
    0.13678514957427979,
    -0.3047390878200531,
    -0.9425624012947083
   ],
   [
    0.9260387420654297,
    -0.29855021834373474,
    0.2309112548828125
   ],
   [
    -0.35176992416381836,
    -0.9044345617294312,
    0.24136297404766083
   ]
  ]
 },
 {
  "rotation_euler": [
   -1.3015257120132446,
   0.3660244047641754,
   2.5233535766601562
  ],
  "euler_order": "XYZ",
  "rotation_matrix": [
   [
    -0.7609193921089172,
    0.12695756554603577,
    -0.636304497718811
   ],
   [
    0.5412068963050842,
    -0.41675421595573425,
    -0.7303498983383179
   ],
   [
    -0.3579060137271881,
    -0.9001098275184631,
    0.2484060525894165
   ]
  ]
 },
 {
  "rotation_euler": [
   -1.2930057048797607,
   0.37255966663360596,
   1.3295340538024902
  ],
  "euler_order": "XYZ",
  "rotation_matrix": [
   [
    0.22253771126270294,
    -0.34992516040802,
    -0.9099611639976501
   ],
   [
    0.9044227004051208,
    -0.27438613772392273,
    0.32669830322265625
   ],
   [
    -0.36400067806243896,
    -0.8956922888755798,
    0.255418986082077
   ]
  ]
 },
 {
  "rotation_euler": [
   -1.2835861444473267,
   0.37971800565719604,
   0.6846094131469727
  ],
  "euler_order": "XYZ",
  "rotation_matrix": [
   [
    0.7194859981536865,
    -0.454511433839798,
    -0.5251278281211853
   ],
   [
    0.5873262286186218,
    -0.005346590653061867,
    0.8093326091766357
   ],
   [
    -0.3706585764884949,
    -0.8907248377799988,
    0.26309970021247864
   ]
  ]
 },
 {
  "rotation_euler": [
   -1.2829453945159912,
   0.38020211458206177,
   -2.789522171020508
  ],
  "euler_order": "XYZ",
  "rotation_matrix": [
   [
    -0.8716306686401367,
    0.4319103956222534,
    0.23176157474517822
   ],
   [
    -0.32021674513816833,
    -0.14377012848854065,
    -0.936371386051178
   ],
   [
    -0.37110814452171326,
    -0.8903839588165283,
    0.26361939311027527
   ]
  ]
 },
 {
  "rotation_euler": [
   -1.2872804403305054,
   0.3769190311431885,
   0.4078103303909302
  ],
  "euler_order": "XYZ",
  "rotation_matrix": [
   [
    0.8535512089729309,
    -0.4353271424770355,
    -0.2862526774406433
   ],
   [
    0.36876004934310913,
    0.11664822697639465,
    0.9221763610839844
   ],
   [
    -0.368057519197464,
    -0.8926833271980286,
    0.2600964903831482
   ]
  ]
 },
 {
  "rotation_euler": [
   -1.3003172874450684,
   0.3669549226760864,
   -1.844424843788147
  ],
  "euler_order": "XYZ",
  "rotation_matrix": [
   [
    -0.25223615765571594,
    0.35067832469940186,
    0.901887834072113
   ],
   [
    -0.8986977338790894,
    0.26066574454307556,
    -0.35269784927368164
   ],
   [
    -0.35877475142478943,
    -0.8994876742362976,
    0.24940448999404907
   ]
  ]
 },
 {
  "rotation_euler": [
   -1.321793794631958,
   0.35024839639663696,
   -1.643652319908142
  ],
  "euler_order": "XYZ",
  "rotation_matrix": [
   [
    -0.0683721974492073,
    0.26999035477638245,
    0.9604324102401733
   ],
   [
    -0.9367957711219788,
    0.3137277662754059,
    -0.15488258004188538
   ],
   [
    -0.3431311249732971,
    -0.9103186726570129,
    0.23147554695606232
   ]
  ]
 },
 {
  "rotation_euler": [
   -1.2947959899902344,
   0.37119120359420776,
   0.6931003332138062
  ],
  "euler_order": "XYZ",
  "rotation_matrix": [
   [
    0.7168784737586975,
    -0.4425863027572632,
    -0.5387045741081238
   ],
   [
    0.5954118371009827,
    -0.013350343331694603,
    0.8033097386360168
   ],
   [
    -0.36272576451301575,
    -0.8966265320777893,
    0.2539505362510681
   ]
  ]
 },
 {
  "rotation_euler": [
   -1.3484363555908203,
   0.3340931832790375,
   -1.2527103424072266
  ],
  "euler_order": "XYZ",
  "rotation_matrix": [
   [
    0.2954566180706024,
    0.10943980515003204,
    0.9490670561790466
   ],
   [
    -0.8973174691200256,
    0.37276604771614075,
    0.2363615334033966
   ],
   [
    -0.3279126286506653,
    -0.9214490652084351,
    0.20833845436573029
   ]
  ]
 },
 {
  "rotation_euler": [
   -1.282315969467163,
   0.3806774914264679,
   -2.4031026363372803
  ],
  "euler_order": "XYZ",
  "rotation_matrix": [
   [
    -0.6865484118461609,
    0.4549165666103363,
    0.5671879649162292
   ],
   [
    -0.6249817609786987,
    0.029400721192359924,
    -0.7800855040550232
   ],
   [
    -0.3715495467185974,
    -0.890048623085022,
    0.26412954926490784
   ]
  ]
 }
]