[
 {
  "rotation_euler": [
   -5.618404657070641e-07,
   -1.9313254142616643e-06,
   1.5705710649490356
  ],
  "euler_order": "XYZ",
  "rotation_matrix": [
   [
    0.00022526184329763055,
    -1.0,
    -5.622754883916059e-07
   ],
   [
    1.0,
    0.00022526184329763055,
    -1.9311987671244424e-06
   ],
   [
    1.9313254142616643e-06,
    -5.618404657070641e-07,
    1.0
   ]
  ]
 },
 {
  "rotation_euler": [
   9.700452210381627e-07,
   6.807507020312187e-07,
   3.0320818424224854
  ],
  "euler_order": "XYZ",
  "rotation_matrix": [
   [
    -0.9940096735954285,
    -0.10929205268621445,
    -5.706545493922022e-07
   ],
   [
    0.10929205268621445,
    -0.9940096735954285,
    1.0386349913460435e-06
   ],
   [
    -6.807507020312187e-07,
    9.700452210381627e-07,
    1.0
   ]
  ]
 },
 {
  "rotation_euler": [
   5.951510502200108e-07,
   2.7803849889096455e-07,
   2.9965007305145264
  ],
  "euler_order": "XYZ",
  "rotation_matrix": [
   [
    -0.9894925951957703,
    -0.14458338916301727,
    -1.8906808918472962e-07
   ],
   [
    0.14458338916301727,
    -0.9894925951957703,
    6.290973146860779e-07
   ],
   [
    -2.7803849889096455e-07,
    5.951510502200108e-07,
    1.0
   ]
  ]
 },
 {
  "rotation_euler": [
   6.47968590783421e-07,
   -5.13084273734421e-07,
   0.9524871706962585
  ],
  "euler_order": "XYZ",
  "rotation_matrix": [
   [
    0.5796582102775574,
    -0.8148597478866577,
    2.3059001819092373e-07
   ],
   [
    0.8148597478866577,
    0.5796582102775574,
    -7.936920383144752e-07
   ],
   [
    5.13084273734421e-07,
    6.47968590783421e-07,
    1.0
   ]
  ]
 },
 {
  "rotation_euler": [
   3.0451667498709867e-06,
   -2.81187840300845e-06,
   -3.0220789909362793
  ],
  "euler_order": "XYZ",
  "rotation_matrix": [
   [
    -0.9928667545318604,
    0.11922935396432877,
    2.428747166050016e-06
   ],
   [
    -0.11922935396432877,
    -0.9928667545318604,
    3.3587032248760806e-06
   ],
   [
    2.81187840300845e-06,
    3.0451667498709867e-06,
    1.0
   ]
  ]
 },
 {
  "rotation_euler": [
   -7.063521252348437e-07,
   -6.187612484609417e-07,
   2.1069374084472656
  ],
  "euler_order": "XYZ",
  "rotation_matrix": [
   [
    -0.5108223557472229,
    -0.8596863150596619,
    -2.911641843184043e-07
   ],
   [
    0.8596863150596619,
    -0.5108223557472229,
    -8.927610224418459e-07
   ],
   [
    6.187612484609417e-07,
    -7.063521252348437e-07,
    1.0
   ]
  ]
 },
 {
  "rotation_euler": [
   1.685839265519462e-06,
   5.595690026893863e-07,
   -1.936726450920105
  ],
  "euler_order": "XYZ",
  "rotation_matrix": [
   [
    -0.35781797766685486,
    0.9337913393974304,
    -1.7744459910318255e-06
   ],
   [
    -0.9337913393974304,
    -0.35781797766685486,
    8.070292523143507e-08
   ],
   [
    -5.595690026893863e-07,
    1.685839265519462e-06,
    1.0
   ]
  ]
 },
 {
  "rotation_euler": [
   4.788480367778902e-08,
   -1.5575827205793757e-07,
   -1.6731337308883667
  ],
  "euler_order": "XYZ",
  "rotation_matrix": [
   [
    -0.10215886682271957,
    0.9947680830955505,
    -3.172218754343703e-08
   ],
   [
    -0.9947680830955505,
    -0.10215886682271957,
    1.5983522416718188e-07
   ],
   [
    1.5575827205793757e-07,
    4.788480367778902e-08,
    1.0
   ]
  ]
 },
 {
  "rotation_euler": [
   -3.928815317522094e-07,
   1.4439389133258373e-06,
   2.905304431915283
  ],
  "euler_order": "XYZ",
  "rotation_matrix": [
   [
    -0.9722135663032532,
    -0.23409560322761536,
    -1.4957888652133988e-06
   ],
   [
    0.23409560322761536,
    -0.9722135663032532,
    -4.394500763282849e-08
   ],
   [
    -1.4439389133258373e-06,
    -3.928815317522094e-07,
    1.0
   ]
  ]
 },
 {
  "rotation_euler": [
   1.1954971341765486e-06,
   -6.893928343743028e-07,
   -0.66535484790802
  ],
  "euler_order": "XYZ",
  "rotation_matrix": [
   [
    0.7866977453231812,
    0.6173383593559265,
    -1.280370042877621e-06
   ],
   [
    -0.6173383593559265,
    0.7866977453231812,
    -5.149063326825853e-07
   ],
   [
    6.893928343743028e-07,
    1.1954971341765486e-06,
    1.0
   ]
  ]
 },
 {
  "rotation_euler": [
   2.00486033463676e-06,
   1.0187146699536243e-06,
   -1.5707858800888062
  ],
  "euler_order": "XYZ",
  "rotation_matrix": [
   [
    1.0446706255606841e-05,
    1.0,
    -2.004849648074014e-06
   ],
   [
    -1.0,
    1.0446704436617438e-05,
    -1.018735588331765e-06
   ],
   [
    -1.0187146699536243e-06,
    2.00486033463676e-06,
    1.0
   ]
  ]
 },
 {
  "rotation_euler": [
   1.716605538604199e-06,
   2.885373930894275e-07,
   -1.4855189323425293
  ],
  "euler_order": "XYZ",
  "rotation_matrix": [
   [
    0.0851740688085556,
    0.9963660836219788,
    -1.6857916307344567e-06
   ],
   [
    -0.9963660836219788,
    0.0851740688085556,
    -4.336991707987181e-07
   ],
   [
    -2.885373930894275e-07,
    1.716605538604199e-06,
    1.0
   ]
  ]
 },
 {
  "rotation_euler": [
   -2.7490702336763206e-07,
   4.270388131999425e-08,
   0.46356791257858276
  ],
  "euler_order": "XYZ",
  "rotation_matrix": [
   [
    0.8944628238677979,
    -0.4471423029899597,
    -8.472552792682109e-08
   ],
   [
    0.4471423029899597,
    0.8944628238677979,
    2.649888131145417e-07
   ],
   [
    -4.270388131999425e-08,
    -2.7490702336763206e-07,
    1.0
   ]
  ]
 },
 {
  "rotation_euler": [
   -1.0821028695318091e-07,
   -1.4576148998912686e-07,
   -2.385713815689087
  ],
  "euler_order": "XYZ",
  "rotation_matrix": [
   [
    -0.7276690006256104,
    0.685928463935852,
    1.8029062687219266e-07
   ],
   [
    -0.685928463935852,
    -0.7276690006256104,
    2.124067854936129e-08
   ],
   [
    1.4576148998912686e-07,
    -1.0821028695318091e-07,
    1.0
   ]
  ]
 },
 {
  "rotation_euler": [
   2.716346898523625e-07,
   1.3809426491206978e-07,
   -3.1407575607299805
  ],
  "euler_order": "XYZ",
  "rotation_matrix": [
   [
    -0.9999996423721313,
    0.0008350927382707596,
    -1.3832105594246968e-07
   ],
   [
    -0.0008350927382707596,
    -0.9999996423721313,
    2.7151926929036563e-07
   ],
   [
    -1.3809426491206978e-07,
    2.716346898523625e-07,
    1.0
   ]
  ]
 },
 {
  "rotation_euler": [
   2.1667742657882627e-06,
   -6.086886514822254e-07,
   -1.9939866065979004
  ],
  "euler_order": "XYZ",
  "rotation_matrix": [
   [
    -0.4106713831424713,
    0.9117833971977234,
    -1.7256578530577826e-06
   ],
   [
    -0.9117833971977234,
    -0.4106713831424713,
    1.444824420104851e-06
   ],
   [
    6.086886514822254e-07,
    2.1667742657882627e-06,
    1.0
   ]
  ]
 }
]