[
 {
  "rotation_euler": [
   -0.006689830683171749,
   -0.0471327044069767,
   2.749814987182617
  ],
  "euler_order": "XYZ",
  "rotation_matrix": [
   [
    -0.9232053756713867,
    -0.3821147680282593,
    0.04099006950855255
   ],
   [
    0.3814079463481903,
    -0.9240907430648804,
    -0.024172617122530937
   ],
   [
    0.047115255147218704,
    -0.0066823516972362995,
    0.9988670945167542
   ]
  ]
 },
 {
  "rotation_euler": [
   1.2214672565460205,
   -2.2703943252563477,
   0.4366217851638794
  ],
  "euler_order": "XYZ",
  "rotation_matrix": [
   [
    -0.5835019946098328,
    -0.7961867451667786,
    0.16003762185573578
   ],
   [
    -0.27229711413383484,
    0.006152760237455368,
    -0.9621935486793518
   ],
   [
    0.7651010751724243,
    -0.6050196290016174,
    -0.22038951516151428
   ]
  ]
 },
 {
  "rotation_euler": [
   1.9703625440597534,
   -1.0350602865219116,
   -0.18077805638313293
  ],
  "euler_order": "XYZ",
  "rotation_matrix": [
   [
    0.5021554827690125,
    -0.8491938710212708,
    0.1634308248758316
   ],
   [
    -0.09178069233894348,
    -0.24025309085845947,
    -0.9663615822792053
   ],
   [
    0.8598931431770325,
    0.4702639579772949,
    -0.19858400523662567
   ]
  ]
 },
 {
  "rotation_euler": [
   -0.006693847943097353,
   -0.04713572934269905,
   1.3073922395706177
  ],
  "euler_order": "XYZ",
  "rotation_matrix": [
   [
    0.2600795328617096,
    -0.9654055237770081,
    -0.018730774521827698
   ],
   [
    0.9644368886947632,
    0.2606674134731293,
    -0.043749257922172546
   ],
   [
    0.04711827635765076,
    -0.006686363369226456,
    0.9988669157028198
   ]
  ]
 },
 {
  "rotation_euler": [
   0.013756818138062954,
   -0.039241012185811996,
   0.5993720293045044
  ],
  "euler_order": "XYZ",
  "rotation_matrix": [
   [
    0.825054407119751,
    -0.5645163059234619,
    -0.024629225954413414
   ],
   [
    0.5636897683143616,
    0.8253074288368225,
    -0.033487532287836075
   ],
   [
    0.039230942726135254,
    0.01374579407274723,
    0.9991356134414673
   ]
  ]
 },
 {
  "rotation_euler": [
   -0.13146689534187317,
   -0.35934704542160034,
   2.957958936691284
  ],
  "euler_order": "XYZ",
  "rotation_matrix": [
   [
    -0.9203872084617615,
    -0.2263515591621399,
    0.31882962584495544
   ],
   [
    0.17093990743160248,
    -0.9662845730781555,
    -0.19254522025585175
   ],
   [
    0.3516630530357361,
    -0.12271545827388763,
    0.9280484914779663
   ]
  ]
 },
 {
  "rotation_euler": [
   -0.006692931521683931,
   -0.047120824456214905,
   2.9503769874572754
  ],
  "euler_order": "XYZ",
  "rotation_matrix": [
   [
    -0.9806841611862183,
    -0.19035780429840088,
    0.04497184231877327
   ],
   [
    0.18984158337116241,
    -0.9816920161247253,
    -0.01552281528711319
   ],
   [
    0.0471033900976181,
    -0.006685452535748482,
    0.9988676309585571
   ]
  ]
 },
 {
  "rotation_euler": [
   -0.006720454432070255,
   -0.04710415005683899,
   -2.542539596557617
  ],
  "euler_order": "XYZ",
  "rotation_matrix": [
   [
    -0.8249538540840149,
    0.5635865926742554,
    0.042676009237766266
   ],
   [
    -0.5632352232933044,
    -0.8260297179222107,
    0.02099957875907421
   ],
   [
    0.04708673432469368,
    -0.006712949834764004,
    0.9988682270050049
   ]
  ]
 },
 {
  "rotation_euler": [
   -0.006691316142678261,
   -0.04712279140949249,
   0.136626735329628
  ],
  "euler_order": "XYZ",
  "rotation_matrix": [
   [
    0.9895813465118408,
    -0.1358867585659027,
    -0.04757670313119888
   ],
   [
    0.13605086505413055,
    0.9907018542289734,
    0.00021320795349311084
   ],
   [
    0.04710535332560539,
    -0.006683838553726673,
    0.9988675713539124
   ]
  ]
 },
 {
  "rotation_euler": [
   -0.006694289389997721,
   -0.04712722450494766,
   3.128000497817993
  ],
  "euler_order": "XYZ",
  "rotation_matrix": [
   [
    -0.9987974762916565,
    -0.013906767591834068,
    0.04701338708400726
   ],
   [
    0.013576646335422993,
    -0.9998809099197388,
    -0.007333910558372736
   ],
   [
    0.047109782695770264,
    -0.006686806678771973,
    0.9988673329353333
   ]
  ]
 },
 {
  "rotation_euler": [
   -0.006691957823932171,
   -0.04712918773293495,
   -2.612417221069336
  ],
  "euler_order": "XYZ",
  "rotation_matrix": [
   [
    -0.8622651100158691,
    0.5045382976531982,
    0.044045280665159225
   ],
   [
    -0.5042611956596375,
    -0.8633634448051453,
    0.018005885183811188
   ],
   [
    0.047111742198467255,
    -0.006684477441012859,
    0.9988672733306885
   ]
  ]
 },
 {
  "rotation_euler": [
   -0.006697789300233126,
   -0.047133225947618484,
   2.357360363006592
  ],
  "euler_order": "XYZ",
  "rotation_matrix": [
   [
    -0.7071444988250732,
    -0.7064894437789917,
    0.028623463585972786
   ],
   [
    0.7054975032806396,
    -0.7076919078826904,
    -0.03801780939102173
   ],
   [
    0.04711577668786049,
    -0.00669030100107193,
    0.9988670349121094
   ]
  ]
 },
 {
  "rotation_euler": [
   0.17342257499694824,
   0.06864485889673233,
   1.4318548440933228
  ],
  "euler_order": "XYZ",
  "rotation_matrix": [
   [
    0.13816870748996735,
    -0.9738684892654419,
    0.1802487075328827
   ],
   [
    0.988030731678009,
    0.1481390744447708,
    0.0430130809545517
   ],
   [
    -0.06859096139669418,
    0.172148197889328,
    0.9826801419258118
   ]
  ]
 },
 {
  "rotation_euler": [
   1.3069701194763184,
   -2.577850818634033,
   0.40871429443359375
  ],
  "euler_order": "XYZ",
  "rotation_matrix": [
   [
    -0.775639533996582,
    -0.5770136713981628,
    0.25580957531929016
   ],
   [
    -0.335932195186615,
    0.034277137368917465,
    -0.9412622451782227
   ],
   [
    0.5343527793884277,
    -0.8160148859024048,
    -0.22042416036128998
   ]
  ]
 },
 {
  "rotation_euler": [
   -0.006686005741357803,
   -0.04712522774934769,
   -1.8907660245895386
  ],
  "euler_order": "XYZ",
  "rotation_matrix": [
   [
    -0.3141885995864868,
    0.9491246938705444,
    0.02116345800459385
   ],
   [
    -0.9481911063194275,
    -0.3148297369480133,
    0.042612843215465546
   ],
   [
    0.04710778594017029,
    -0.006678533274680376,
    0.9988675117492676
   ]
  ]
 },
 {
  "rotation_euler": [
   -0.006705275736749172,
   -0.047109656035900116,
   -2.7416634559631348
  ],
  "euler_order": "XYZ",
  "rotation_matrix": [
   [
    -0.9200666546821594,
    0.3890535235404968,
    0.04598584398627281
   ],
   [
    -0.38892117142677307,
    -0.9211907982826233,
    0.01215898897498846
   ],
   [
    0.04709223285317421,
    -0.006697786506265402,
    0.9988681077957153
   ]
  ]
 }
]