[
 {
  "rotation_euler": [
   0.21941889822483063,
   0.08584828674793243,
   -0.37615668773651123
  ],
  "euler_order": "XYZ",
  "rotation_matrix": [
   [
    0.9266580939292908,
    0.37589922547340393,
    -0.0021220194175839424
   ],
   [
    -0.36599576473236084,
    0.9009279012680054,
    -0.23318660259246826
   ],
   [
    -0.08574287593364716,
    0.21686090528964996,
    0.9724296927452087
   ]
  ]
 },
 {
  "rotation_euler": [
   0.08665602654218674,
   -0.003844689344987273,
   -0.734952449798584
  ],
  "euler_order": "XYZ",
  "rotation_matrix": [
   [
    0.7418571710586548,
    0.6677889227867126,
    -0.060876186937093735
   ],
   [
    -0.6705469489097595,
    0.7393020987510681,
    -0.061638057231903076
   ],
   [
    0.0038446797989308834,
    0.08654697239398956,
    0.9962403774261475
   ]
  ]
 },
 {
  "rotation_euler": [
   0.5174948573112488,
   -0.4995003342628479,
   -1.9171476364135742
  ],
  "euler_order": "XYZ",
  "rotation_matrix": [
   [
    -0.2979925274848938,
    0.8978936076164246,
    -0.32401779294013977
   ],
   [
    -0.8256947994232178,
    -0.07213255017995834,
    0.5594863295555115
   ],
   [
    0.4789869785308838,
    0.43426254391670227,
    0.7628810405731201
   ]
  ]
 },
 {
  "rotation_euler": [
   0.48859038949012756,
   -0.47300273180007935,
   0.955926775932312
  ],
  "euler_order": "XYZ",
  "rotation_matrix": [
   [
    0.5135161280632019,
    -0.8446231484413147,
    0.15137015283107758
   ],
   [
    0.7271623015403748,
    0.33468911051750183,
    -0.5993481278419495
   ],
   [
    0.4555613696575165,
    0.41784560680389404,
    0.7860463261604309
   ]
  ]
 },
 {
  "rotation_euler": [
   0.2274782508611679,
   -0.06744367629289627,
   -1.8033843040466309
  ],
  "euler_order": "XYZ",
  "rotation_matrix": [
   [
    -0.22997255623340607,
    0.9515082240104675,
    -0.20431528985500336
   ],
   [
    -0.9708608984947205,
    -0.2097693532705307,
    0.1158704087138176
   ],
   [
    0.06739255785942078,
    0.2250087410211563,
    0.9720233082771301
   ]
  ]
 },
 {
  "rotation_euler": [
   0.16934208571910858,
   0.0047170668840408325,
   1.412968635559082
  ],
  "euler_order": "XYZ",
  "rotation_matrix": [
   [
    0.15717151761054993,
    -0.9733197093009949,
    0.1671699732542038
   ],
   [
    0.9875600337982178,
    0.1557101458311081,
    -0.02189723402261734
   ],
   [
    -0.004717049188911915,
    0.16853201389312744,
    0.985684871673584
   ]
  ]
 },
 {
  "rotation_euler": [
   0.14992335438728333,
   0.0015151785919442773,
   -2.180943012237549
  ],
  "euler_order": "XYZ",
  "rotation_matrix": [
   [
    -0.5729870200157166,
    0.8102408647537231,
    -0.1232704371213913
   ],
   [
    -0.8195630311965942,
    -0.5667456984519958,
    0.084354929625988
   ],
   [
    -0.0015151780098676682,
    0.14936217665672302,
    0.9887813925743103
   ]
  ]
 },
 {
  "rotation_euler": [
   0.5465168356895447,
   0.5339286923408508,
   -0.486380010843277
  ],
  "euler_order": "XYZ",
  "rotation_matrix": [
   [
    0.760986328125,
    0.6331627368927002,
    0.14143812656402588
   ],
   [
    -0.4023693799972534,
    0.6316312551498413,
    -0.662676990032196
   ],
   [
    -0.5089191198348999,
    0.4473777711391449,
    0.7354280948638916
   ]
  ]
 },
 {
  "rotation_euler": [
   0.0419924333691597,
   0.013097544200718403,
   2.2054262161254883
  ],
  "euler_order": "XYZ",
  "rotation_matrix": [
   [
    -0.592828631401062,
    -0.8049072623252869,
    0.026048000901937485
   ],
   [
    0.8052220940589905,
    -0.5919141173362732,
    0.035426873713731766
   ],
   [
    -0.013097169809043407,
    0.04197649285197258,
    0.999032735824585
   ]
  ]
 },
 {
  "rotation_euler": [
   0.25302746891975403,
   -0.08178039640188217,
   -2.963364839553833
  ],
  "euler_order": "XYZ",
  "rotation_matrix": [
   [
    -0.9808701872825623,
    0.191766619682312,
    0.03345436230301857
   ],
   [
    -0.17669321596622467,
    -0.9491973519325256,
    0.2603919208049774
   ],
   [
    0.0816892683506012,
    0.24949951469898224,
    0.9649232625961304
   ]
  ]
 },
 {
  "rotation_euler": [
   0.06044891104102135,
   -0.010224489495158195,
   2.1372475624084473
  ],
  "euler_order": "XYZ",
  "rotation_matrix": [
   [
    -0.5366129279136658,
    -0.8419380187988281,
    0.05645314231514931
   ],
   [
    0.8437665700912476,
    -0.5361819863319397,
    0.023807983845472336
   ],
   [
    0.010224311612546444,
    0.06040894612669945,
    0.9981213212013245
   ]
  ]
 },
 {
  "rotation_euler": [
   0.2227693349123001,
   0.0015833863290026784,
   -1.41677987575531
  ],
  "euler_order": "XYZ",
  "rotation_matrix": [
   [
    0.15340808033943176,
    0.9637984037399292,
    -0.21807928383350372
   ],
   [
    -0.9881616830825806,
    0.14927177131175995,
    -0.03541867807507515
   ],
   [
    -0.0015833856305107474,
    0.22093109786510468,
    0.9752881526947021
   ]
  ]
 },
 {
  "rotation_euler": [
   1.0788685083389282,
   -0.032871928066015244,
   3.1361639499664307
  ],
  "euler_order": "XYZ",
  "rotation_matrix": [
   [
    -0.9994450211524963,
    0.026404354721307755,
    0.020308207720518112
   ],
   [
    0.005425744224339724,
    -0.4724763035774231,
    0.8813266754150391
   ],
   [
    0.03286600857973099,
    0.8809477686882019,
    0.4720708131790161
   ]
  ]
 },
 {
  "rotation_euler": [
   0.21683210134506226,
   -0.050811201333999634,
   1.6098639965057373
  ],
  "euler_order": "XYZ",
  "rotation_matrix": [
   [
    -0.03900732472538948,
    -0.9754119515419006,
    0.21691009402275085
   ],
   [
    0.9979473352432251,
    -0.04906148090958595,
    -0.04115943983197212
   ],
   [
    0.05078934133052826,
    0.21485933661460876,
    0.975323498249054
   ]
  ]
 },
 {
  "rotation_euler": [
   0.13082890212535858,
   -0.00048423963016830385,
   1.851130485534668
  ],
  "euler_order": "XYZ",
  "rotation_matrix": [
   [
    -0.276676744222641,
    -0.9527332782745361,
    0.12549623847007751
   ],
   [
    0.9609629511833191,
    -0.27437302470207214,
    0.03563278913497925
   ],
   [
    0.0004842396010644734,
    0.13045598566532135,
    0.991454005241394
   ]
  ]
 },
 {
  "rotation_euler": [
   0.20228856801986694,
   0.07110758870840073,
   -0.4169016480445862
  ],
  "euler_order": "XYZ",
  "rotation_matrix": [
   [
    0.9120373129844666,
    0.4097243547439575,
    -0.017717406153678894
   ],
   [
    -0.4039061367511749,
    0.8899236917495728,
    -0.21188592910766602
   ],
   [
    -0.07104767858982086,
    0.20040403306484222,
    0.9771338105201721
   ]
  ]
 }
]