[
 {
  "rotation_euler": [
   0.03966812789440155,
   1.46828031539917,
   -2.300124168395996
  ],
  "euler_order": "XYZ",
  "rotation_matrix": [
   [
    -0.06819386035203934,
    0.7187479734420776,
    -0.6919183135032654
   ],
   [
    -0.07630442082881927,
    -0.6952588558197021,
    -0.7146976590156555
   ],
   [
    -0.9947498440742493,
    0.004058434162288904,
    0.10225603729486465
   ]
  ]
 },
 {
  "rotation_euler": [
   -0.038429103791713715,
   -1.468072533607483,
   -3.003422260284424
  ],
  "euler_order": "XYZ",
  "rotation_matrix": [
   [
    -0.10156595706939697,
    0.09977659583091736,
    0.9898126125335693
   ],
   [
    -0.014123399741947651,
    -0.9950020909309387,
    0.09885048866271973
   ],
   [
    0.9947285652160645,
    -0.003939674701541662,
    0.10246752202510834
   ]
  ]
 },
 {
  "rotation_euler": [
   -0.038429368287324905,
   -1.468072533607483,
   2.7958171367645264
  ],
  "euler_order": "XYZ",
  "rotation_matrix": [
   [
    -0.09647399187088013,
    -0.3746315538883209,
    0.9221409559249878
   ],
   [
    0.03475460782647133,
    -0.9271653890609741,
    -0.37303680181503296
   ],
   [
    0.9947285652160645,
    -0.003939701709896326,
    0.10246752202510834
   ]
  ]
 },
 {
  "rotation_euler": [
   0.039670251309871674,
   1.46828031539917,
   1.2664828300476074
  ],
  "euler_order": "XYZ",
  "rotation_matrix": [
   [
    0.03066394478082657,
    -0.9414810538291931,
    0.3356682062149048
   ],
   [
    0.09763447195291519,
    0.3370414674282074,
    0.9364136457443237
   ],
   [
    -0.9947498440742493,
    0.004058651626110077,
    0.10225602239370346
   ]
  ]
 },
 {
  "rotation_euler": [
   -0.038430262356996536,
   -1.4680728912353516,
   0.5380585789680481
  ],
  "euler_order": "XYZ",
  "rotation_matrix": [
   [
    0.0880540981888771,
    -0.4792732298374176,
    -0.8732374310493469
   ],
   [
    0.05255012959241867,
    0.877656877040863,
    -0.47639986872673035
   ],
   [
    0.9947285652160645,
    -0.0039397794753313065,
    0.10246715694665909
   ]
  ]
 },
 {
  "rotation_euler": [
   1.3213305473327637,
   3.350359065734665e-06,
   1.6049964427947998
  ],
  "euler_order": "XYZ",
  "rotation_matrix": [
   [
    -0.03419344872236252,
    -0.24674205482006073,
    0.9684777855873108
   ],
   [
    0.9994152188301086,
    -0.008438649587333202,
    0.0331357978284359
   ],
   [
    -3.350359065734665e-06,
    0.9690444469451904,
    0.24688631296157837
   ]
  ]
 },
 {
  "rotation_euler": [
   -1.3183131217956543,
   -0.0010614239145070314,
   -1.89602792263031
  ],
  "euler_order": "XYZ",
  "rotation_matrix": [
   [
    -0.31952807307243347,
    0.23638498783111572,
    0.9176186323165894
   ],
   [
    -0.9475762248039246,
    -0.08079499006271362,
    -0.30914637446403503
   ],
   [
    0.0010614236816763878,
    -0.9682945609092712,
    0.24980905652046204
   ]
  ]
 },
 {
  "rotation_euler": [
   -0.03842942789196968,
   -1.468072533607483,
   1.1939332485198975
  ],
  "euler_order": "XYZ",
  "rotation_matrix": [
   [
    0.037736471742391586,
    -0.9150728583335876,
    -0.4015190899372101
   ],
   [
    0.09534711390733719,
    0.4032692611217499,
    -0.9101004600524902
   ],
   [
    0.9947285652160645,
    -0.003939707763493061,
    0.10246752202510834
   ]
  ]
 },
 {
  "rotation_euler": [
   -0.03843236714601517,
   -1.4680728912353516,
   1.3232847452163696
  ],
  "euler_order": "XYZ",
  "rotation_matrix": [
   [
    0.025122197344899178,
    -0.9594454765319824,
    -0.28077268600463867
   ],
   [
    0.09941788762807846,
    0.28186681866645813,
    -0.9542888402938843
   ],
   [
    0.9947285652160645,
    -0.00393999507650733,
    0.10246714949607849
   ]
  ]
 },
 {
  "rotation_euler": [
   -0.03842925280332565,
   -1.468072533607483,
   -1.4177772998809814
  ],
  "euler_order": "XYZ",
  "rotation_matrix": [
   [
    0.015629902482032776,
    0.9934108853340149,
    -0.11353626847267151
   ],
   [
    -0.10134505480527878,
    0.11453932523727417,
    0.9882357716560364
   ],
   [
    0.9947285652160645,
    -0.003939689602702856,
    0.10246752202510834
   ]
  ]
 },
 {
  "rotation_euler": [
   -0.03842894732952118,
   -1.468072533607483,
   2.400179862976074
  ],
  "euler_order": "XYZ",
  "rotation_matrix": [
   [
    -0.07562718540430069,
    -0.70301753282547,
    0.7071399092674255
   ],
   [
    0.06925057619810104,
    -0.7111616134643555,
    -0.6996095776557922
   ],
   [
    0.9947285652160645,
    -0.0039396584033966064,
    0.10246752202510834
   ]
  ]
 },
 {
  "rotation_euler": [
   0.03966875001788139,
   1.4682804346084595,
   0.2863817811012268
  ],
  "euler_order": "XYZ",
  "rotation_matrix": [
   [
    0.09816848486661911,
    -0.24441757798194885,
    0.9646880030632019
   ],
   [
    0.028908321633934975,
    0.9696615934371948,
    0.24273593723773956
   ],
   [
    -0.9947498440742493,
    0.004058493301272392,
    0.1022559106349945
   ]
  ]
 },
 {
  "rotation_euler": [
   0.039665672928094864,
   1.46828031539917,
   1.7388291358947754
  ],
  "euler_order": "XYZ",
  "rotation_matrix": [
   [
    -0.017115090042352676,
    -0.991737425327301,
    -0.12713752686977386
   ],
   [
    0.10089519619941711,
    -0.12822015583515167,
    0.9866001009941101
   ],
   [
    -0.9947498440742493,
    0.004058183170855045,
    0.10225604474544525
   ]
  ]
 },
 {
  "rotation_euler": [
   -0.038414888083934784,
   -1.4680379629135132,
   0.4080513119697571
  ],
  "euler_order": "XYZ",
  "rotation_matrix": [
   [
    0.09415556490421295,
    -0.36146238446235657,
    -0.9276204109191895
   ],
   [
    0.04070499166846275,
    0.932378351688385,
    -0.35918474197387695
   ],
   [
    0.9947249889373779,
    -0.003939538728445768,
    0.10250193625688553
   ]
  ]
 },
 {
  "rotation_euler": [
   0.039668429642915726,
   1.4682801961898804,
   -1.0986952781677246
  ],
  "euler_order": "XYZ",
  "rotation_matrix": [
   [
    0.04653846472501755,
    0.9078542590141296,
    0.4166950583457947
   ],
   [
    -0.09114254266023636,
    0.4192661643028259,
    -0.9032767415046692
   ],
   [
    -0.9947498440742493,
    0.004058470018208027,
    0.10225614905357361
   ]
  ]
 },
 {
  "rotation_euler": [
   -0.03842910751700401,
   -1.468072533607483,
   0.11282534897327423
  ],
  "euler_order": "XYZ",
  "rotation_matrix": [
   [
    0.10189125686883926,
    -0.07452887296676636,
    -0.9919998049736023
   ],
   [
    0.011544945649802685,
    0.9972110986709595,
    -0.0737345814704895
   ],
   [
    0.9947285652160645,
    -0.003939674701541662,
    0.10246752202510834
   ]
  ]
 }
]