[
 {
  "rotation_euler": [
   1.6242939233779907,
   -0.11936330795288086,
   2.080676794052124
  ],
  "euler_order": "XYZ",
  "rotation_matrix": [
   [
    -0.48460012674331665,
    0.10470719635486603,
    0.868446409702301
   ],
   [
    0.8665925860404968,
    -0.07768645882606506,
    0.49293220043182373
   ],
   [
    0.1190800666809082,
    0.9914641976356506,
    -0.05309160798788071
   ]
  ]
 },
 {
  "rotation_euler": [
   1.6248723268508911,
   -0.16077005863189697,
   -1.8258122205734253
  ],
  "euler_order": "XYZ",
  "rotation_matrix": [
   [
    -0.2490077167749405,
    -0.011979173868894577,
    -0.9684274196624756
   ],
   [
    -0.9551806449890137,
    0.1683095097541809,
    0.24351967871189117
   ],
   [
    0.16007837653160095,
    0.9856613874435425,
    -0.05335264280438423
   ]
  ]
 },
 {
  "rotation_euler": [
   1.6217904090881348,
   -0.02024455927312374,
   -2.1859774589538574
  ],
  "euler_order": "XYZ",
  "rotation_matrix": [
   [
    -0.5769882202148438,
    -0.02995995432138443,
    -0.8162028193473816
   ],
   [
    -0.8165015578269958,
    0.04592674598097801,
    0.5755136013031006
   ],
   [
    0.020243177190423012,
    0.9984954595565796,
    -0.05096153914928436
   ]
  ]
 },
 {
  "rotation_euler": [
   1.6251736879348755,
   -0.16949620842933655,
   -2.0600008964538574
  ],
  "euler_order": "XYZ",
  "rotation_matrix": [
   [
    -0.46318984031677246,
    0.031176699325442314,
    -0.8857105374336243
   ],
   [
    -0.8700576424598694,
    0.17422066628932953,
    0.46113651990890503
   ],
   [
    0.16868579387664795,
    0.9842129945755005,
    -0.05357171595096588
   ]
  ]
 },
 {
  "rotation_euler": [
   -1.5160502195358276,
   -2.9618611335754395,
   0.07761029154062271
  ],
  "euler_order": "XYZ",
  "rotation_matrix": [
   [
    -0.9809300303459167,
    0.17371781170368195,
    -0.0871686190366745
   ],
   [
    -0.07628349214792252,
    0.06839340180158615,
    0.9947377443313599
   ],
   [
    0.1787654310464859,
    0.982417643070221,
    -0.05383734032511711
   ]
  ]
 },
 {
  "rotation_euler": [
   1.6246529817581177,
   -0.15090464055538177,
   -1.2343488931655884
  ],
  "euler_order": "XYZ",
  "rotation_matrix": [
   [
    0.32638394832611084,
    -0.10037072002887726,
    -0.9398931860923767
   ],
   [
    -0.9332060813903809,
    0.12392675876617432,
    -0.33729588985443115
   ],
   [
    0.15033255517482758,
    0.9872020483016968,
    -0.053218863904476166
   ]
  ]
 },
 {
  "rotation_euler": [
   1.6229677200317383,
   -0.06585818529129028,
   -2.29457688331604
  ],
  "euler_order": "XYZ",
  "rotation_matrix": [
   [
    -0.6607865691184998,
    0.004447248764336109,
    -0.7505606412887573
   ],
   [
    -0.7476831078529358,
    0.08377865701913834,
    0.6587496399879456
   ],
   [
    0.06581059098243713,
    0.9964744448661804,
    -0.05203467980027199
   ]
  ]
 },
 {
  "rotation_euler": [
   -1.5745441913604736,
   -0.10651292651891708,
   1.310226321220398
  ],
  "euler_order": "XYZ",
  "rotation_matrix": [
   [
    0.256171315908432,
    0.03101036138832569,
    -0.9661338329315186
   ],
   [
    0.9607674479484558,
    0.10175662487745285,
    0.2580145299434662
   ],
   [
    0.10631164163351059,
    -0.9943258762359619,
    -0.003726616268977523
   ]
  ]
 },
 {
  "rotation_euler": [
   1.625210165977478,
   -0.17056456208229065,
   1.3867994546890259
  ],
  "euler_order": "XYZ",
  "rotation_matrix": [
   [
    0.18030551075935364,
    0.022459443658590317,
    0.9833542108535767
   ],
   [
    0.9688543081283569,
    -0.17657728493213654,
    -0.17361387610435486
   ],
   [
    0.1697387397289276,
    0.9840304851531982,
    -0.05359778553247452
   ]
  ]
 },
 {
  "rotation_euler": [
   1.6239467859268188,
   -0.10396269708871841,
   -0.9842756390571594
  ],
  "euler_order": "XYZ",
  "rotation_matrix": [
   [
    0.5504782795906067,
    -0.10160183161497116,
    -0.8286439180374146
   ],
   [
    -0.8283745050430298,
    0.056906457990407944,
    -0.557276725769043
   ],
   [
    0.1037755236029625,
    0.9931961894035339,
    -0.05283860117197037
   ]
  ]
 },
 {
  "rotation_euler": [
   1.623151183128357,
   -0.07318693399429321,
   -0.7778487801551819
  ],
  "euler_order": "XYZ",
  "rotation_matrix": [
   [
    0.7105176448822021,
    -0.08874543011188507,
    -0.6980608105659485
   ],
   [
    -0.6998699307441711,
    0.01396081130951643,
    -0.7141339182853699
   ],
   [
    0.07312161475419998,
    0.9959564805030823,
    -0.05219085514545441
   ]
  ]
 },
 {
  "rotation_euler": [
   1.6245529651641846,
   -0.14259083569049835,
   -2.612671136856079
  ],
  "euler_order": "XYZ",
  "rotation_matrix": [
   [
    -0.8545897603034973,
    0.0953994020819664,
    -0.5104658007621765
   ],
   [
    -0.4994813799858093,
    0.1179930791258812,
    0.858251690864563
   ],
   [
    0.14210812747478485,
    0.9884212613105774,
    -0.053185444325208664
   ]
  ]
 },
 {
  "rotation_euler": [
   1.6174118518829346,
   0.3390527069568634,
   -2.275393009185791
  ],
  "euler_order": "XYZ",
  "rotation_matrix": [
   [
    -0.6108516454696655,
    -0.25069811940193176,
    -0.7510064840316772
   ],
   [
    -0.7184995412826538,
    -0.22293579578399658,
    0.6588308215141296
   ],
   [
    -0.3325938880443573,
    0.9420456886291504,
    -0.0439457893371582
   ]
  ]
 },
 {
  "rotation_euler": [
   1.6254373788833618,
   -0.1768372803926468,
   2.417424440383911
  ],
  "euler_order": "XYZ",
  "rotation_matrix": [
   [
    -0.7373692989349365,
    0.16775652766227722,
    0.6543273329734802
   ],
   [
    0.6521807312965393,
    -0.07546477764844894,
    0.7542979121208191
   ],
   [
    0.17591705918312073,
    0.9829357862472534,
    -0.05376216396689415
   ]
  ]
 },
 {
  "rotation_euler": [
   1.625144600868225,
   -0.16875146329402924,
   -1.4163711071014404
  ],
  "euler_order": "XYZ",
  "rotation_matrix": [
   [
    0.151627317070961,
    -0.07946997135877609,
    -0.9852378964424133
   ],
   [
    -0.9740643501281738,
    0.1573527306318283,
    -0.16259990632534027
   ],
   [
    0.16795167326927185,
    0.984339714050293,
    -0.05354989692568779
   ]
  ]
 },
 {
  "rotation_euler": [
   1.6247155666351318,
   -0.15688933432102203,
   -0.2754764258861542
  ],
  "euler_order": "XYZ",
  "rotation_matrix": [
   [
    0.950476884841919,
    -0.16479605436325073,
    -0.26350700855255127
   ],
   [
    -0.268664687871933,
    -0.00942298211157322,
    -0.9631876945495605
   ],
   [
    0.15624651312828064,
    0.9862826466560364,
    -0.05323120579123497
   ]
  ]
 }
]