[
 {
  "rotation_euler": [
   0.03551661595702171,
   0.019265681505203247,
   -2.06406307220459
  ],
  "euler_order": "XYZ",
  "rotation_matrix": [
   [
    -0.47341784834861755,
    0.8799113631248474,
    -0.04039222374558449
   ],
   [
    -0.8806272745132446,
    -0.4738096296787262,
    -0.0001434976002201438
   ],
   [
    -0.01926448941230774,
    0.035502560436725616,
    0.9991838932037354
   ]
  ]
 },
 {
  "rotation_euler": [
   0.004998507909476757,
   -0.025154417380690575,
   1.4157460927963257
  ],
  "euler_order": "XYZ",
  "rotation_matrix": [
   [
    0.15438087284564972,
    -0.988010823726654,
    0.0010543924290686846
   ],
   [
    0.9876912236213684,
    0.15430359542369843,
    -0.025621643289923668
   ],
   [
    0.02515176497399807,
    0.004996905568987131,
    0.9996711611747742
   ]
  ]
 },
 {
  "rotation_euler": [
   -0.02384534478187561,
   -0.18212956190109253,
   2.117204427719116
  ],
  "euler_order": "XYZ",
  "rotation_matrix": [
   [
    -0.5110272765159607,
    -0.8563975691795349,
    0.07371792197227478
   ],
   [
    0.8402649164199829,
    -0.5157842040061951,
    -0.16709737479686737
   ],
   [
    0.18112431466579437,
    -0.023448726162314415,
    0.9831806421279907
   ]
  ]
 },
 {
  "rotation_euler": [
   -0.01715255156159401,
   0.024129223078489304,
   -0.5810099244117737
  ],
  "euler_order": "XYZ",
  "rotation_matrix": [
   [
    0.8356654047966003,
    0.5484417676925659,
    0.029578937217593193
   ],
   [
    -0.5487086772918701,
    0.8360128998756409,
    0.0010967295384034514
   ],
   [
    -0.02412688173353672,
    -0.017146717756986618,
    0.9995618462562561
   ]
  ]
 },
 {
  "rotation_euler": [
   -0.006955028977245092,
   0.06063324585556984,
   -1.5715789794921875
  ],
  "euler_order": "XYZ",
  "rotation_matrix": [
   [
    -0.0007812143885530531,
    0.999975860118866,
    0.006907546427100897
   ],
   [
    -0.9981620907783508,
    -0.00036118956631980836,
    -0.06060006096959114
   ],
   [
    -0.060596100986003876,
    -0.00694219209253788,
    0.9981382489204407
   ]
  ]
 },
 {
  "rotation_euler": [
   0.06905333697795868,
   -0.0819646343588829,
   -1.8681193590164185
  ],
  "euler_order": "XYZ",
  "rotation_matrix": [
   [
    -0.29197821021080017,
    0.9555004835128784,
    -0.04204264283180237
   ],
   [
    -0.9529142379760742,
    -0.286862313747406,
    0.09830799698829651
   ],
   [
    0.08187288790941238,
    0.06876682490110397,
    0.9942675232887268
   ]
  ]
 },
 {
  "rotation_euler": [
   -0.05137478932738304,
   -0.19855795800685883,
   -2.449338674545288
  ],
  "euler_order": "XYZ",
  "rotation_matrix": [
   [
    -0.7546841502189636,
    0.6296340227127075,
    0.18442578613758087
   ],
   [
    -0.6257331371307373,
    -0.7752590179443359,
    0.08620574325323105
   ],
   [
    0.19725583493709564,
    -0.05034322664141655,
    0.979058563709259
   ]
  ]
 },
 {
  "rotation_euler": [
   -0.16510744392871857,
   -0.019842594861984253,
   -0.4979865252971649
  ],
  "euler_order": "XYZ",
  "rotation_matrix": [
   [
    0.8783731460571289,
    0.47402676939964294,
    0.061312559992074966
   ],
   [
    -0.4775635600090027,
    0.8650407791137695,
    0.15374481678009033
   ],
   [
    0.01984129287302494,
    -0.16432595252990723,
    0.9862065315246582
   ]
  ]
 },
 {
  "rotation_euler": [
   -0.021323779597878456,
   -0.002086685737594962,
   1.79232656955719
  ],
  "euler_order": "XYZ",
  "rotation_matrix": [
   [
    -0.21972225606441498,
    -0.9753503799438477,
    -0.020342713221907616
   ],
   [
    0.9755602478981018,
    -0.21962936222553253,
    -0.006720191799104214
   ],
   [
    0.0020866841077804565,
    -0.021322118118405342,
    0.99977046251297
   ]
  ]
 },
 {
  "rotation_euler": [
   -0.17686420679092407,
   -0.1728586107492447,
   -1.116097331047058
  ],
  "euler_order": "XYZ",
  "rotation_matrix": [
   [
    0.4326466917991638,
    0.8976694345474243,
    0.08370433747768402
   ],
   [
    -0.8850046396255493,
    0.4051533341407776,
    0.22938527166843414
   ],
   [
    0.17199905216693878,
    -0.17332150042057037,
    0.9697298407554626
   ]
  ]
 },
 {
  "rotation_euler": [
   0.011572315357625484,
   0.0021636271849274635,
   -0.9687352776527405
  ],
  "euler_order": "XYZ",
  "rotation_matrix": [
   [
    0.566340982913971,
    0.8241291046142578,
    -0.008312072604894638
   ],
   [
    -0.8241682052612305,
    0.5662837624549866,
    -0.00833682157099247
   ],
   [
    -0.002163625555112958,
    0.011572030372917652,
    0.9999306797981262
   ]
  ]
 },
 {
  "rotation_euler": [
   -0.00479025999084115,
   -0.009692472405731678,
   -0.19384713470935822
  ],
  "euler_order": "XYZ",
  "rotation_matrix": [
   [
    0.9812242984771729,
    0.19267873466014862,
    -0.008587907999753952
   ],
   [
    -0.19262634217739105,
    0.9812502264976501,
    0.006567584816366434
   ],
   [
    0.009692320600152016,
    -0.004790016449987888,
    0.9999415278434753
   ]
  ]
 },
 {
  "rotation_euler": [
   -0.03805944696068764,
   0.11268104612827301,
   -2.7375171184539795
  ],
  "euler_order": "XYZ",
  "rotation_matrix": [
   [
    -0.9136351943016052,
    0.3968181014060974,
    -0.0883522629737854
   ],
   [
    -0.39067551493644714,
    -0.9171182513237,
    -0.07916290313005447
   ],
   [
    -0.112442746758461,
    -0.03780895099043846,
    0.9929386377334595
   ]
  ]
 },
 {
  "rotation_euler": [
   -0.01235807966440916,
   -0.0114121213555336,
   -1.5225396156311035
  ],
  "euler_order": "XYZ",
  "rotation_matrix": [
   [
    0.04823484271764755,
    0.9987664222717285,
    0.01179293543100357
   ],
   [
    -0.9987708330154419,
    0.048093438148498535,
    0.01199383195489645
   ],
   [
    0.011411873623728752,
    -0.012356960214674473,
    0.9998584985733032
   ]
  ]
 },
 {
  "rotation_euler": [
   -0.22528843581676483,
   0.06193019822239876,
   1.3030126094818115
  ],
  "euler_order": "XYZ",
  "rotation_matrix": [
   [
    0.2640875577926636,
    -0.9436482191085815,
    -0.19946379959583282
   ],
   [
    0.9625109434127808,
    0.24457556009292603,
    0.11728373914957047
   ],
   [
    -0.0618906170129776,
    -0.2229592651128769,
    0.972861111164093
   ]
  ]
 },
 {
  "rotation_euler": [
   -0.07528358697891235,
   -0.15560974180698395,
   -0.9463205337524414
  ],
  "euler_order": "XYZ",
  "rotation_matrix": [
   [
    0.5776076316833496,
    0.815787136554718,
    -0.029339661821722984
   ],
   [
    -0.8014672994613647,
    0.5735593438148499,
    0.16935111582279205
   ],
   [
    0.15498250722885132,
    -0.07430371642112732,
    0.9851189851760864
   ]
  ]
 }
]