[
 {
  "rotation_euler": [
   -0.04523416981101036,
   -0.033865444362163544,
   -2.0332107543945312
  ],
  "euler_order": "XYZ",
  "rotation_matrix": [
   [
    -0.4458544850349426,
    0.8933795094490051,
    0.05555916577577591
   ],
   [
    -0.8944648504257202,
    -0.4470241963863373,
    0.010099492035806179
   ],
   [
    0.03385896980762482,
    -0.045192819088697433,
    0.998404324054718
   ]
  ]
 },
 {
  "rotation_euler": [
   -0.057796552777290344,
   0.00589484628289938,
   -0.09566712379455566
  ],
  "euler_order": "XYZ",
  "rotation_matrix": [
   [
    0.9954100847244263,
    0.09502281248569489,
    0.011375785805284977
   ],
   [
    -0.09551960229873657,
    0.993797779083252,
    0.056938108056783676
   ],
   [
    -0.005894812289625406,
    -0.05776337534189224,
    0.9983128905296326
   ]
  ]
 },
 {
  "rotation_euler": [
   0.07041481137275696,
   0.0022605257108807564,
   1.383518934249878
  ],
  "euler_order": "XYZ",
  "rotation_matrix": [
   [
    0.1861841082572937,
    -0.9800503849983215,
    0.06954626739025116
   ],
   [
    0.9825122952461243,
    0.18587946891784668,
    -0.01088382676243782
   ],
   [
    -0.002260523848235607,
    0.07035645842552185,
    0.9975193738937378
   ]
  ]
 },
 {
  "rotation_euler": [
   0.04353055730462074,
   0.0043829563073813915,
   0.17560893297195435
  ],
  "euler_order": "XYZ",
  "rotation_matrix": [
   [
    0.9846108555793762,
    -0.1743544340133667,
    0.011914169415831566
   ],
   [
    0.17470605671405792,
    0.9837208986282349,
    -0.042082529515028
   ],
   [
    -0.004382942337542772,
    0.04351639375090599,
    0.9990431070327759
   ]
  ]
 },
 {
  "rotation_euler": [
   0.06730755418539047,
   -0.021621061488986015,
   -0.45512720942497253
  ],
  "euler_order": "XYZ",
  "rotation_matrix": [
   [
    0.8979951739311218,
    0.4372752010822296,
    -0.04893915355205536
   ],
   [
    -0.43947383761405945,
    0.8968104720115662,
    -0.050928499549627304
   ],
   [
    0.02161937765777111,
    0.06724102795124054,
    0.9975025057792664
   ]
  ]
 },
 {
  "rotation_euler": [
   -0.052578818053007126,
   0.02293998748064041,
   1.4963406324386597
  ],
  "euler_order": "XYZ",
  "rotation_matrix": [
   [
    0.07436735183000565,
    -0.9959409832954407,
    -0.050705064088106155
   ],
   [
    0.996967077255249,
    0.07308196276426315,
    0.026752188801765442
   ],
   [
    -0.022937975823879242,
    -0.052540767937898636,
    0.9983553290367126
   ]
  ]
 },
 {
  "rotation_euler": [
   -0.06408563256263733,
   0.046449266374111176,
   -2.3281657695770264
  ],
  "euler_order": "XYZ",
  "rotation_matrix": [
   [
    -0.6862713694572449,
    0.727196991443634,
    0.01470142137259245
   ],
   [
    -0.7258620262145996,
    -0.6834412813186646,
    -0.07766825705766678
   ],
   [
    -0.04643256589770317,
    -0.06397270411252975,
    0.9968708753585815
   ]
  ]
 },
 {
  "rotation_euler": [
   0.031172817572951317,
   -0.03501737117767334,
   2.9223015308380127
  ],
  "euler_order": "XYZ",
  "rotation_matrix": [
   [
    -0.9754535555839539,
    -0.21636703610420227,
    0.04093535244464874
   ],
   [
    0.21740441024303436,
    -0.9758150577545166,
    0.022809015586972237
   ],
   [
    0.035010214895009995,
    0.03114866279065609,
    0.9989014267921448
   ]
  ]
 },
 {
  "rotation_euler": [
   0.026854606345295906,
   -0.0378255620598793,
   2.0011281967163086
  ],
  "euler_order": "XYZ",
  "rotation_matrix": [
   [
    -0.4168740212917328,
    -0.9080760478973389,
    0.040173597633838654
   ],
   [
    0.9081772565841675,
    -0.41794487833976746,
    -0.023154661059379578
   ],
   [
    0.03781654313206673,
    0.02683217264711857,
    0.9989243745803833
   ]
  ]
 },
 {
  "rotation_euler": [
   -0.003299900097772479,
   0.050821173936128616,
   -1.2680861949920654
  ],
  "euler_order": "XYZ",
  "rotation_matrix": [
   [
    0.29772332310676575,
    0.9544768929481506,
    0.018293460831046104
   ],
   [
    -0.9532996416091919,
    0.29826658964157104,
    -0.04750557243824005
   ],
   [
    -0.05079929903149605,
    -0.003295633476227522,
    0.9987034201622009
   ]
  ]
 },
 {
  "rotation_euler": [
   0.04001173749566078,
   -0.019095154479146004,
   2.069242477416992
  ],
  "euler_order": "XYZ",
  "rotation_matrix": [
   [
    -0.47797417640686035,
    -0.8772583603858948,
    0.044254787266254425
   ],
   [
    0.8781663179397583,
    -0.47834956645965576,
    0.002365623600780964
   ],
   [
    0.019093994051218033,
    0.0399937704205513,
    0.9990174770355225
   ]
  ]
 },
 {
  "rotation_euler": [
   0.01424373872578144,
   -0.04648486152291298,
   1.9863367080688477
  ],
  "euler_order": "XYZ",
  "rotation_matrix": [
   [
    -0.40324831008911133,
    -0.9145383238792419,
    0.0317876860499382
   ],
   [
    0.9139100313186646,
    -0.4042489528656006,
    -0.03675951436161995
   ],
   [
    0.04646812379360199,
    0.014227870851755142,
    0.9988184571266174
   ]
  ]
 },
 {
  "rotation_euler": [
   -0.056676287204027176,
   -0.008886223658919334,
   -1.036208987236023
  ],
  "euler_order": "XYZ",
  "rotation_matrix": [
   [
    0.5094658732414246,
    0.85935378074646,
    0.044222570955753326
   ],
   [
    -0.860444962978363,
    0.5082347989082336,
    0.03649434819817543
   ],
   [
    0.008886106312274933,
    -0.056643713265657425,
    0.9983549118041992
   ]
  ]
 },
 {
  "rotation_euler": [
   0.03755193576216698,
   -0.02874382771551609,
   -0.9392709732055664
  ],
  "euler_order": "XYZ",
  "rotation_matrix": [
   [
    0.5901327133178711,
    0.8059219121932983,
    -0.04725747928023338
   ],
   [
    -0.8067945241928101,
    0.5908312797546387,
    0.0010158235672861338
   ],
   [
    0.028739869594573975,
    0.037527602165937424,
    0.9988822340965271
   ]
  ]
 },
 {
  "rotation_euler": [
   0.04395196959376335,
   -0.005091635510325432,
   0.7384606599807739
  ],
  "euler_order": "XYZ",
  "rotation_matrix": [
   [
    0.7394960522651672,
    -0.6726657152175903,
    0.025815118104219437
   ],
   [
    0.6731416583061218,
    0.7386409044265747,
    -0.03591637685894966
   ],
   [
    0.005091613624244928,
    0.04393725097179413,
    0.9990212917327881
   ]
  ]
 },
 {
  "rotation_euler": [
   -0.013670524582266808,
   -0.05066918581724167,
   -1.5013078451156616
  ],
  "euler_order": "XYZ",
  "rotation_matrix": [
   [
    0.0693434625864029,
    0.9975414872169495,
    0.010120850056409836
   ],
   [
    -0.9963063597679138,
    0.06873539835214615,
    0.05146970599889755
   ],
   [
    0.05064750835299492,
    -0.013652554713189602,
    0.998623251914978
   ]
  ]
 }
]