[
 {
  "rotation_euler": [
   -1.3832820653915405,
   -0.10325881838798523,
   0.46580421924591064
  ],
  "euler_order": "XYZ",
  "rotation_matrix": [
   [
    0.8887016773223877,
    0.006751738954335451,
    -0.4584362208843231
   ],
   [
    0.44674915075302124,
    0.21204043924808502,
    0.8691685795783997
   ],
   [
    0.10307542234659195,
    -0.9772375822067261,
    0.18542435765266418
   ]
  ]
 },
 {
  "rotation_euler": [
   -1.3807798624038696,
   -0.15554282069206238,
   -0.825221061706543
  ],
  "euler_order": "XYZ",
  "rotation_matrix": [
   [
    0.6702046990394592,
    0.24196894466876984,
    0.70162433385849
   ],
   [
    -0.7258281707763672,
    0.016363663598895073,
    0.6876813769340515
   ],
   [
    0.15491639077663422,
    -0.9701460003852844,
    0.1865948885679245
   ]
  ]
 },
 {
  "rotation_euler": [
   -1.287419080734253,
   -0.3286559581756592,
   -0.0200283732265234
  ],
  "euler_order": "XYZ",
  "rotation_matrix": [
   [
    0.946287214756012,
    0.31543540954589844,
    -0.07100037485361099
   ],
   [
    -0.018955128267407417,
    0.27333736419677734,
    0.9617314338684082
   ],
   [
    0.32277122139930725,
    -0.908728301525116,
    0.26463475823402405
   ]
  ]
 },
 {
  "rotation_euler": [
   -1.330904245376587,
   -0.27803903818130493,
   2.780430316925049
  ],
  "euler_order": "XYZ",
  "rotation_matrix": [
   [
    -0.8995598554611206,
    -0.3333687484264374,
    -0.28223636746406555
   ],
   [
    0.3397911489009857,
    -0.12805955111980438,
    -0.9317417740821838
   ],
   [
    0.2744705379009247,
    -0.9340589046478271,
    0.2284729778766632
   ]
  ]
 },
 {
  "rotation_euler": [
   -1.1836402416229248,
   -0.3790385127067566,
   -0.21092286705970764
  ],
  "euler_order": "XYZ",
  "rotation_matrix": [
   [
    0.9084320068359375,
    0.4140929877758026,
    0.05725666508078575
   ],
   [
    -0.19450204074382782,
    0.2974531352519989,
    0.9347141981124878
   ],
   [
    0.3700273931026459,
    -0.8602607846260071,
    0.3507578670978546
   ]
  ]
 },
 {
  "rotation_euler": [
   -1.126194715499878,
   -0.46377378702163696,
   2.9144914150238037
  ],
  "euler_order": "XYZ",
  "rotation_matrix": [
   [
    -0.8714061379432678,
    -0.49030742049217224,
    -0.015810878947377205
   ],
   [
    0.20137128233909607,
    -0.3281288146972656,
    -0.9229198694229126
   ],
   [
    0.4473264515399933,
    -0.8074219226837158,
    0.384667307138443
   ]
  ]
 },
 {
  "rotation_euler": [
   -1.3886727094650269,
   0.1628008931875229,
   -0.8118850588798523
  ],
  "euler_order": "XYZ",
  "rotation_matrix": [
   [
    0.6790328621864319,
    0.02172732539474964,
    0.7337862849235535
   ],
   [
    -0.7159913182258606,
    0.2402932345867157,
    0.6554506421089172
   ],
   [
    -0.162082701921463,
    -0.970457136631012,
    0.17872357368469238
   ]
  ]
 },
 {
  "rotation_euler": [
   -1.264615774154663,
   -0.39399978518486023,
   -1.8850778341293335
  ],
  "euler_order": "XYZ",
  "rotation_matrix": [
   [
    -0.28544777631759644,
    0.17350278794765472,
    0.9425584077835083
   ],
   [
    -0.87815260887146,
    -0.4412809908390045,
    -0.1847134530544281
   ],
   [
    0.3838847875595093,
    -0.8804361820220947,
    0.27832460403442383
   ]
  ]
 },
 {
  "rotation_euler": [
   -1.2782249450683594,
   -0.3722236454486847,
   0.29531267285346985
  ],
  "euler_order": "XYZ",
  "rotation_matrix": [
   [
    0.8911964893341064,
    0.24921825528144836,
    -0.37902382016181946
   ],
   [
    0.2711089253425598,
    0.37727949023246765,
    0.8855281472206116
   ],
   [
    0.3636876940727234,
    -0.8919363617897034,
    0.2686648666858673
   ]
  ]
 },
 {
  "rotation_euler": [
   -1.3827369213104248,
   -0.11840368062257767,
   -0.8719121217727661
  ],
  "euler_order": "XYZ",
  "rotation_matrix": [
   [
    0.6388593316078186,
    0.21778257191181183,
    0.7378546595573425
   ],
   [
    -0.7602004408836365,
    0.031439632177352905,
    0.6489274501800537
   ],
   [
    0.11812721937894821,
    -0.9754908084869385,
    0.18564391136169434
   ]
  ]
 },
 {
  "rotation_euler": [
   -1.0325363874435425,
   -0.47880303859710693,
   0.26686403155326843
  ],
  "euler_order": "XYZ",
  "rotation_matrix": [
   [
    0.8561301827430725,
    0.24638254940509796,
    -0.4542430639266968
   ],
   [
    0.23405304551124573,
    0.5988121032714844,
    0.7659263610839844
   ],
   [
    0.4607171416282654,
    -0.762049674987793,
    0.4549945294857025
   ]
  ]
 },
 {
  "rotation_euler": [
   -1.0586895942687988,
   -0.6058669090270996,
   -0.0605117492377758
  ],
  "euler_order": "XYZ",
  "rotation_matrix": [
   [
    0.8205042481422424,
    0.5251442790031433,
    -0.22582362592220306
   ],
   [
    -0.04971083626151085,
    0.4590970575809479,
    0.8869941830635071
   ],
   [
    0.5694748759269714,
    -0.7165566086769104,
    0.4027964472770691
   ]
  ]
 },
 {
  "rotation_euler": [
   -1.3998221158981323,
   -0.1797688901424408,
   0.009217389859259129
  ],
  "euler_order": "XYZ",
  "rotation_matrix": [
   [
    0.9838432669639587,
    0.17461943626403809,
    -0.03950341418385506
   ],
   [
    0.009068723767995834,
    0.1717592477798462,
    0.9850972294807434
   ],
   [
    0.17880219221115112,
    -0.96953946352005,
    0.16740059852600098
   ]
  ]
 },
 {
  "rotation_euler": [
   -1.3569622039794922,
   -0.6169393062591553,
   2.3425989151000977
  ],
  "euler_order": "XYZ",
  "rotation_matrix": [
   [
    -0.5688593983650208,
    -0.546381413936615,
    -0.6147083044052124
   ],
   [
    0.5845415592193604,
    0.25717130303382874,
    -0.7695285081863403
   ],
   [
    0.5785413980484009,
    -0.7970761060714722,
    0.17308829724788666
   ]
  ]
 },
 {
  "rotation_euler": [
   -1.3417463302612305,
   -0.2512296736240387,
   0.7292954325675964
  ],
  "euler_order": "XYZ",
  "rotation_matrix": [
   [
    0.7222363948822021,
    0.02922719717025757,
    -0.6910284757614136
   ],
   [
    0.6454262137413025,
    0.330623984336853,
    0.6885585188865662
   ],
   [
    0.2485952228307724,
    -0.9433099031448364,
    0.2199246883392334
   ]
  ]
 },
 {
  "rotation_euler": [
   -1.4202042818069458,
   -0.6769288778305054,
   -0.006771363317966461
  ],
  "euler_order": "XYZ",
  "rotation_matrix": [
   [
    0.7794823050498962,
    0.620314359664917,
    -0.08727819472551346
   ],
   [
    -0.0052782385610044,
    0.14582650363445282,
    0.9892960786819458
   ],
   [
    0.6264020204544067,
    -0.7706781029701233,
    0.1169433444738388
   ]
  ]
 }
]