[
 {
  "rotation_euler": [
   0.3784081041812897,
   -1.9599173069000244,
   -0.016393547877669334
  ],
  "euler_order": "XYZ",
  "rotation_matrix": [
   [
    -0.3793242871761322,
    -0.32654425501823425,
    -0.8657262325286865
   ],
   [
    0.006219028029590845,
    0.9347324967384338,
    -0.355297714471817
   ],
   [
    0.9252429008483887,
    -0.14015702903270721,
    -0.3525359332561493
   ]
  ]
 },
 {
  "rotation_euler": [
   0.361027330160141,
   1.9305227994918823,
   -2.075166702270508
  ],
  "euler_order": "XYZ",
  "rotation_matrix": [
   [
    0.17011502385139465,
    0.659263551235199,
    -0.732415497303009
   ],
   [
    0.30818453431129456,
    -0.7415590286254883,
    -0.5959131717681885
   ],
   [
    -0.9359931349754333,
    -0.1243453398346901,
    -0.3293251693248749
   ]
  ]
 },
 {
  "rotation_euler": [
   0.3267451822757721,
   2.0518229007720947,
   0.900192141532898
  ],
  "euler_order": "XYZ",
  "rotation_matrix": [
   [
    -0.28754276037216187,
    -0.5651660561561584,
    0.7732441425323486
   ],
   [
    -0.3624923825263977,
    0.8115006685256958,
    0.4583294689655304
   ],
   [
    -0.8865203857421875,
    -0.1485058069229126,
    -0.43820953369140625
   ]
  ]
 },
 {
  "rotation_euler": [
   0.3724210560321808,
   -2.0035672187805176,
   -1.3429944515228271
  ],
  "euler_order": "XYZ",
  "rotation_matrix": [
   [
    -0.09471318125724792,
    0.8327857255935669,
    -0.5454331636428833
   ],
   [
    0.40855303406715393,
    0.5321467518806458,
    0.7415552735328674
   ],
   [
    0.9078071713447571,
    -0.15260331332683563,
    -0.39063844084739685
   ]
  ]
 },
 {
  "rotation_euler": [
   -2.77480411529541,
   1.1528666019439697,
   -0.5941505432128906
  ],
  "euler_order": "XYZ",
  "rotation_matrix": [
   [
    0.3363131284713745,
    -0.7941535115242004,
    -0.5061755776405334
   ],
   [
    -0.22720766067504883,
    -0.5900293588638306,
    0.7747528553009033
   ],
   [
    -0.913931131362915,
    -0.1455525904893875,
    -0.3788723647594452
   ]
  ]
 },
 {
  "rotation_euler": [
   0.36429938673973083,
   -2.041571617126465,
   0.7379176020622253
  ],
  "euler_order": "XYZ",
  "rotation_matrix": [
   [
    -0.3355887830257416,
    -0.8635342121124268,
    -0.3764156997203827
   ],
   [
    -0.3051435649394989,
    0.47769418358802795,
    -0.8238298892974854
   ],
   [
    0.8912168741226196,
    -0.16160723567008972,
    -0.4238107204437256
   ]
  ]
 },
 {
  "rotation_euler": [
   -2.808260917663574,
   -1.140998125076294,
   0.32190680503845215
  ],
  "euler_order": "XYZ",
  "rotation_matrix": [
   [
    0.3952837586402893,
    0.5811187028884888,
    0.7113732099533081
   ],
   [
    0.1318298727273941,
    -0.8023173809051514,
    0.5821577906608582
   ],
   [
    0.9090498685836792,
    -0.1363372653722763,
    -0.3937518298625946
   ]
  ]
 },
 {
  "rotation_euler": [
   0.3521750569343567,
   1.902898907661438,
   -1.4056118726730347
  ],
  "euler_order": "XYZ",
  "rotation_matrix": [
   [
    -0.05361074581742287,
    0.9794688820838928,
    -0.19433622062206268
   ],
   [
    0.3215935230255127,
    -0.16731145977973938,
    -0.9319788217544556
   ],
   [
    -0.94535893201828,
    -0.11246134340763092,
    -0.30602115392684937
   ]
  ]
 },
 {
  "rotation_euler": [
   0.36843886971473694,
   -2.0405938625335693,
   0.8068685531616211
  ],
  "euler_order": "XYZ",
  "rotation_matrix": [
   [
    -0.31316515803337097,
    -0.895815908908844,
    -0.31534329056739807
   ],
   [
    -0.3269099295139313,
    0.4134364724159241,
    -0.8498235940933228
   ],
   [
    0.8916599750518799,
    -0.16304628551006317,
    -0.4223250150680542
   ]
  ]
 },
 {
  "rotation_euler": [
   0.33721596002578735,
   -1.9889932870864868,
   -1.5356874465942383
  ],
  "euler_order": "XYZ",
  "rotation_matrix": [
   [
    -0.014255260117352009,
    0.9324849843978882,
    -0.36092737317085266
   ],
   [
    0.4058631956577301,
    0.33528679609298706,
    0.8502104878425598
   ],
   [
    0.9138226509094238,
    -0.13436715304851532,
    -0.3832409083843231
   ]
  ]
 },
 {
  "rotation_euler": [
   0.32187363505363464,
   2.175506114959717,
   1.2678773403167725
  ],
  "euler_order": "XYZ",
  "rotation_matrix": [
   [
    -0.16959480941295624,
    -0.8278189897537231,
    0.5347460508346558
   ],
   [
    -0.54263836145401,
    0.5313849449157715,
    0.6505179405212402
   ],
   [
    -0.822667121887207,
    -0.17984925210475922,
    -0.5393264889717102
   ]
  ]
 },
 {
  "rotation_euler": [
   0.3202282786369324,
   2.2491798400878906,
   0.3715585768222809
  ],
  "euler_order": "XYZ",
  "rotation_matrix": [
   [
    -0.584713876247406,
    -0.11624857783317566,
    0.8028672933578491
   ],
   [
    -0.22783803939819336,
    0.9733782410621643,
    -0.024993205443024635
   ],
   [
    -0.7785881161689758,
    -0.1975375860929489,
    -0.5956336259841919
   ]
  ]
 },
 {
  "rotation_euler": [
   0.340244323015213,
   1.9257532358169556,
   0.6028435826301575
  ],
  "euler_order": "XYZ",
  "rotation_matrix": [
   [
    -0.2862861752510071,
    -0.27672794461250305,
    0.9173123240470886
   ],
   [
    -0.1970563381910324,
    0.953923225402832,
    0.22627265751361847
   ],
   [
    -0.9376614689826965,
    -0.11598347872495651,
    -0.3276260197162628
   ]
  ]
 },
 {
  "rotation_euler": [
   0.38436129689216614,
   1.903409481048584,
   -0.9631248712539673
  ],
  "euler_order": "XYZ",
  "rotation_matrix": [
   [
    -0.1864255964756012,
    0.96343594789505,
    0.192449152469635
   ],
   [
    0.26806142926216125,
    0.23833081126213074,
    -0.9334567189216614
   ],
   [
    -0.9451923370361328,
    -0.12243203818798065,
    -0.3026909828186035
   ]
  ]
 },
 {
  "rotation_euler": [
   -2.7844417095184326,
   1.1356500387191772,
   -0.6935681700706482
  ],
  "euler_order": "XYZ",
  "rotation_matrix": [
   [
    0.3241539001464844,
    -0.8427274823188782,
    -0.4298076927661896
   ],
   [
    -0.2694861888885498,
    -0.517775297164917,
    0.8119642734527588
   ],
   [
    -0.9068083763122559,
    -0.14737413823604584,
    -0.3949422836303711
   ]
  ]
 },
 {
  "rotation_euler": [
   0.3382967412471771,
   1.9400255680084229,
   0.46346890926361084
  ],
  "euler_order": "XYZ",
  "rotation_matrix": [
   [
    -0.3228246867656708,
    -0.14485286176204681,
    0.9353084564208984
   ],
   [
    -0.16134023666381836,
    0.9821770191192627,
    0.09642438590526581
   ],
   [
    -0.9326058030128479,
    -0.1197747141122818,
    -0.34044158458709717
   ]
  ]
 }
]