[
 {
  "rotation_euler": [
   -1.5754755735397339,
   0.19259124994277954,
   -0.966400682926178
  ],
  "euler_order": "XYZ",
  "rotation_matrix": [
   [
    0.5577585697174072,
    -0.112616628408432,
    0.822327733039856
   ],
   [
    -0.807632565498352,
    0.15483427047729492,
    0.5689955949783325
   ],
   [
    -0.1914028823375702,
    -0.9815008044242859,
    -0.004592718090862036
   ]
  ]
 },
 {
  "rotation_euler": [
   1.5738353729248047,
   0.8749091625213623,
   0.8513753414154053
  ],
  "euler_order": "XYZ",
  "rotation_matrix": [
   [
    0.4224303364753723,
    0.5080174207687378,
    0.7506469488143921
   ],
   [
    0.4822022020816803,
    0.5752875208854675,
    -0.6607006192207336
   ],
   [
    -0.7674852609634399,
    0.6410636305809021,
    -0.0019482278730720282
   ]
  ]
 },
 {
  "rotation_euler": [
   -1.562873363494873,
   1.7824225425720215,
   -0.9423776268959045
  ],
  "euler_order": "XYZ",
  "rotation_matrix": [
   [
    -0.1234813779592514,
    -0.5683240294456482,
    0.8134863972663879
   ],
   [
    0.16992174088954926,
    0.7955435514450073,
    0.5815815329551697
   ],
   [
    -0.9776906371116638,
    0.2100435197353363,
    -0.0016642019618302584
   ]
  ]
 },
 {
  "rotation_euler": [
   1.5639450550079346,
   2.8149068355560303,
   -0.06662523746490479
  ],
  "euler_order": "XYZ",
  "rotation_matrix": [
   [
    -0.9450097680091858,
    0.32064253091812134,
    -0.06438067555427551
   ],
   [
    0.06305482983589172,
    -0.01452809851616621,
    -0.9979043006896973
   ],
   [
    -0.3209058940410614,
    -0.9470888376235962,
    -0.006488864775747061
   ]
  ]
 },
 {
  "rotation_euler": [
   1.5742676258087158,
   1.0436869859695435,
   0.9069205522537231
  ],
  "euler_order": "XYZ",
  "rotation_matrix": [
   [
    0.30995845794677734,
    0.5352683663368225,
    0.7857566475868225
   ],
   [
    0.3961970806121826,
    0.6785605549812317,
    -0.6185332536697388
   ],
   [
    -0.8642647862434387,
    0.5030341148376465,
    -0.0017461888492107391
   ]
  ]
 },
 {
  "rotation_euler": [
   1.572860598564148,
   0.6623488664627075,
   2.292296886444092
  ],
  "euler_order": "XYZ",
  "rotation_matrix": [
   [
    -0.5208467245101929,
    -0.40464484691619873,
    0.7516523599624634
   ],
   [
    0.5920554399490356,
    0.46309202909469604,
    0.6595575213432312
   ],
   [
    -0.6149707436561584,
    0.7885482311248779,
    -0.0016277801478281617
   ]
  ]
 },
 {
  "rotation_euler": [
   -1.5655664205551147,
   2.3488306999206543,
   0.6484071016311646
  ],
  "euler_order": "XYZ",
  "rotation_matrix": [
   [
    -0.5594317317008972,
    -0.5708827376365662,
    -0.6009401082992554
   ],
   [
    -0.4238780736923218,
    -0.42599284648895264,
    0.7992855906486511
   ],
   [
    -0.7122945189476013,
    0.7018710970878601,
    -0.0036707534454762936
   ]
  ]
 },
 {
  "rotation_euler": [
   -1.576438069343567,
   0.6555694341659546,
   1.1272841691970825
  ],
  "euler_order": "XYZ",
  "rotation_matrix": [
   [
    0.34015941619873047,
    -0.2564927339553833,
    -0.9047116041183472
   ],
   [
    0.7160072326660156,
    -0.5530431270599365,
    0.4260011315345764
   ],
   [
    -0.6096107363700867,
    -0.7926883101463318,
    -0.004472190979868174
   ]
  ]
 },
 {
  "rotation_euler": [
   1.584686279296875,
   -0.5687206387519836,
   2.3417627811431885
  ],
  "euler_order": "XYZ",
  "rotation_matrix": [
   [
    -0.5871413946151733,
    0.3852061331272125,
    0.7119559049606323
   ],
   [
    0.6043376922607422,
    -0.3765556514263153,
    0.7021266222000122
   ],
   [
    0.5385544896125793,
    0.842509388923645,
    -0.011703168042004108
   ]
  ]
 },
 {
  "rotation_euler": [
   1.573505163192749,
   0.3821410834789276,
   1.8765875101089478
  ],
  "euler_order": "XYZ",
  "rotation_matrix": [
   [
    -0.2793326675891876,
    -0.10967952758073807,
    0.953909695148468
   ],
   [
    0.8848236799240112,
    0.3564226031303406,
    0.30008336901664734
   ],
   [
    -0.37290796637535095,
    0.9278649091720581,
    -0.0025134405586868525
   ]
  ]
 },
 {
  "rotation_euler": [
   -1.55746591091156,
   -1.9569025039672852,
   -0.00520663196220994
  ],
  "euler_order": "XYZ",
  "rotation_matrix": [
   [
    -0.37657901644706726,
    0.9263569712638855,
    -0.007142384070903063
   ],
   [
    0.0019607259891927242,
    0.00850695837289095,
    0.9999619126319885
   ],
   [
    0.9263824224472046,
    0.3765506446361542,
    -0.005019874311983585
   ]
  ]
 },
 {
  "rotation_euler": [
   1.5723153352737427,
   0.34140387177467346,
   0.9459993243217468
  ],
  "euler_order": "XYZ",
  "rotation_matrix": [
   [
    0.5511735677719116,
    0.19707326591014862,
    0.8107834458351135
   ],
   [
    0.7642707228660583,
    0.27066969871520996,
    -0.5853444337844849
   ],
   [
    -0.3348102569580078,
    0.9422844648361206,
    -0.0014313391875475645
   ]
  ]
 },
 {
  "rotation_euler": [
   -1.541703224182129,
   -1.7022658586502075,
   -0.21495549380779266
  ],
  "euler_order": "XYZ",
  "rotation_matrix": [
   [
    -0.12807418406009674,
    0.9743497371673584,
    0.18503938615322113
   ],
   [
    0.027962256222963333,
    -0.18295417726039886,
    0.9827237129211426
   ],
   [
    0.9913703203201294,
    0.13103565573692322,
    -0.0038133098278194666
   ]
  ]
 },
 {
  "rotation_euler": [
   -1.5487483739852905,
   -1.6811553239822388,
   0.11314963549375534
  ],
  "euler_order": "XYZ",
  "rotation_matrix": [
   [
    -0.10943084955215454,
    0.984831690788269,
    -0.13465283811092377
   ],
   [
    -0.01243517454713583,
    0.13409940898418427,
    0.990889847278595
   ],
   [
    0.9939166307449341,
    0.11010835319757462,
    -0.002428057137876749
   ]
  ]
 },
 {
  "rotation_euler": [
   -1.5714740753173828,
   -0.7430199980735779,
   1.6192718744277954
  ],
  "euler_order": "XYZ",
  "rotation_matrix": [
   [
    -0.03568481281399727,
    -0.03210463374853134,
    -0.9988473057746887
   ],
   [
    0.7355637550354004,
    0.6757529973983765,
    -0.0479985848069191
   ],
   [
    0.6765149831771851,
    -0.7364286780357361,
    -0.0004991135210730135
   ]
  ]
 },
 {
  "rotation_euler": [
   -1.5906345844268799,
   1.07684326171875,
   -0.9095079302787781
  ],
  "euler_order": "XYZ",
  "rotation_matrix": [
   [
    0.2911672294139862,
    -0.5562729239463806,
    0.7783200144767761
   ],
   [
    -0.3741684854030609,
    0.6825456023216248,
    0.6277973055839539
   ],
   [
    -0.880465567111969,
    -0.47401681542396545,
    -0.009404901415109634
   ]
  ]
 }
]