[
 {
  "rotation_euler": [
   -1.8347371816635132,
   0.22917313873767853,
   1.0546002388000488
  ],
  "euler_order": "XYZ",
  "rotation_matrix": [
   [
    0.480670690536499,
    0.11865048110485077,
    -0.8688369989395142
   ],
   [
    0.8469642400741577,
    -0.3194977939128876,
    0.42493852972984314
   ],
   [
    -0.2271723598241806,
    -0.9401293396949768,
    -0.25406596064567566
   ]
  ]
 },
 {
  "rotation_euler": [
   1.3118515014648438,
   2.881232738494873,
   -0.17519639432430267
  ],
  "euler_order": "XYZ",
  "rotation_matrix": [
   [
    -0.9515056014060974,
    0.28966838121414185,
    -0.10358219593763351
   ],
   [
    0.16842710971832275,
    0.20876678824424744,
    -0.9633528590202332
   ],
   [
    -0.2574283480644226,
    -0.9340817332267761,
    -0.24743078649044037
   ]
  ]
 },
 {
  "rotation_euler": [
   -1.8430479764938354,
   0.1810886114835739,
   2.6848702430725098
  ],
  "euler_order": "XYZ",
  "rotation_matrix": [
   [
    -0.8828269839286804,
    0.2742747664451599,
    -0.3813002109527588
   ],
   [
    0.43379756808280945,
    0.1648387610912323,
    -0.8858035206794739
   ],
   [
    -0.1801004856824875,
    -0.9474183320999146,
    -0.2645038366317749
   ]
  ]
 },
 {
  "rotation_euler": [
   -1.829594612121582,
   0.2609806954860687,
   -1.9864906072616577
  ],
  "euler_order": "XYZ",
  "rotation_matrix": [
   [
    -0.39015060663223267,
    -0.133395716547966,
    0.9110368490219116
   ],
   [
    -0.8838574290275574,
    0.3315390348434448,
    -0.3299664855003357
   ],
   [
    -0.25802814960479736,
    -0.9339632987976074,
    -0.247252956032753
   ]
  ]
 },
 {
  "rotation_euler": [
   -1.8379842042922974,
   0.20883552730083466,
   -0.2752452492713928
  ],
  "euler_order": "XYZ",
  "rotation_matrix": [
   [
    0.9414494037628174,
    -0.2641937732696533,
    0.20946282148361206
   ],
   [
    -0.26587793231010437,
    -0.19973509013652802,
    0.9430879354476929
   ],
   [
    -0.20732086896896362,
    -0.9435610771179199,
    -0.2582837641239166
   ]
  ]
 },
 {
  "rotation_euler": [
   -1.844486117362976,
   0.17059288918972015,
   1.4738671779632568
  ],
  "euler_order": "XYZ",
  "rotation_matrix": [
   [
    0.09537264704704285,
    0.2531989514827728,
    -0.9627016186714172
   ],
   [
    0.9808584451675415,
    -0.18883831799030304,
    0.04750527814030647
   ],
   [
    -0.16976666450500488,
    -0.9488047361373901,
    -0.26636233925819397
   ]
  ]
 },
 {
  "rotation_euler": [
   -1.812380075454712,
   0.33436447381973267,
   2.286395311355591
  ],
  "euler_order": "XYZ",
  "rotation_matrix": [
   [
    -0.619735836982727,
    0.389604389667511,
    -0.6812751889228821
   ],
   [
    0.7129043936729431,
    -0.08351843059062958,
    -0.6962700486183167
   ],
   [
    -0.3281688988208771,
    -0.9171876311302185,
    -0.22599130868911743
   ]
  ]
 },
 {
  "rotation_euler": [
   -1.830391764640808,
   0.25814491510391235,
   0.7242477536201477
  ],
  "euler_order": "XYZ",
  "rotation_matrix": [
   [
    0.7241801619529724,
    -0.014727683737874031,
    -0.6894535422325134
   ],
   [
    0.6406180262565613,
    -0.35573887825012207,
    0.6804839372634888
   ],
   [
    -0.25528737902641296,
    -0.9344693422317505,
    -0.2481842190027237
   ]
  ]
 },
 {
  "rotation_euler": [
   1.313860535621643,
   2.8676586151123047,
   -0.4652915894985199
  ],
  "euler_order": "XYZ",
  "rotation_matrix": [
   [
    -0.8603687286376953,
    0.34784433245658875,
    -0.3725184500217438
   ],
   [
    0.4319538474082947,
    0.1097092553973198,
    -0.8951981663703918
   ],
   [
    -0.2705208659172058,
    -0.9311112761497498,
    -0.24464310705661774
   ]
  ]
 },
 {
  "rotation_euler": [
   -1.8574520349502563,
   0.12375220656394958,
   0.20149658620357513
  ],
  "euler_order": "XYZ",
  "rotation_matrix": [
   [
    0.9722753167152405,
    -0.059416670352220535,
    -0.22616437077522278
   ],
   [
    0.19860531389713287,
    -0.30072155594825745,
    0.9328035712242126
   ],
   [
    -0.1234365776181221,
    -0.9518593549728394,
    -0.2805836796760559
   ]
  ]
 },
 {
  "rotation_euler": [
   -1.8533198833465576,
   0.13647830486297607,
   2.1668882369995117
  ],
  "euler_order": "XYZ",
  "rotation_matrix": [
   [
    -0.5561922788619995,
    0.3040553331375122,
    -0.7734342217445374
   ],
   [
    0.8198409676551819,
    0.04838388040661812,
    -0.5705434083938599
   ],
   [
    -0.13605502247810364,
    -0.9514248967170715,
    -0.2761877477169037
   ]
  ]
 },
 {
  "rotation_euler": [
   1.319449543952942,
   2.8424787521362305,
   0.22054514288902283
  ],
  "euler_order": "XYZ",
  "rotation_matrix": [
   [
    -0.9324517846107483,
    0.22409331798553467,
    0.28340044617652893
   ],
   [
    -0.20904813706874847,
    0.3051222264766693,
    -0.9290851950645447
   ],
   [
    -0.2946735620498657,
    -0.9255715012550354,
    -0.23766547441482544
   ]
  ]
 },
 {
  "rotation_euler": [
   -1.8444312810897827,
   0.1741190254688263,
   -1.2607969045639038
  ],
  "euler_order": "XYZ",
  "rotation_matrix": [
   [
    0.30044546723365784,
    -0.30823415517807007,
    0.9026207327842712
   ],
   [
    -0.9379340410232544,
    0.07640789449214935,
    0.3382921814918518
   ],
   [
    -0.1732405573129654,
    -0.9482370615005493,
    -0.2661468982696533
   ]
  ]
 },
 {
  "rotation_euler": [
   -1.8375804424285889,
   0.2113758772611618,
   -1.9561984539031982
  ],
  "euler_order": "XYZ",
  "rotation_matrix": [
   [
    -0.36756473779678345,
    -0.16821038722991943,
    0.9146592020988464
   ],
   [
    -0.9060230851173401,
    0.2866450250148773,
    -0.3113788068294525
   ],
   [
    -0.20980535447597504,
    -0.9431542158126831,
    -0.2577631175518036
   ]
  ]
 },
 {
  "rotation_euler": [
   -1.8572121858596802,
   0.1242782473564148,
   -2.153567314147949
  ],
  "euler_order": "XYZ",
  "rotation_matrix": [
   [
    -0.5460951328277588,
    -0.1704438328742981,
    0.8202006220817566
   ],
   [
    -0.828501284122467,
    0.25476154685020447,
    -0.4986804127693176
   ],
   [
    -0.12395858019590378,
    -0.9518641829490662,
    -0.28033697605133057
   ]
  ]
 },
 {
  "rotation_euler": [
   -1.8516008853912354,
   0.13945703208446503,
   -2.6656429767608643
  ],
  "euler_order": "XYZ",
  "rotation_matrix": [
   [
    -0.8802286386489868,
    -0.008258890360593796,
    0.47447797656059265
   ],
   [
    -0.4537345767021179,
    0.3075234889984131,
    -0.8363935947418213
   ],
   [
    -0.13900543749332428,
    -0.951504647731781,
    -0.2744383215904236
   ]
  ]
 }
]