[
 {
  "rotation_euler": [
   2.2450883388519287,
   0.8055082559585571,
   -1.5323766469955444
  ],
  "euler_order": "XYZ",
  "rotation_matrix": [
   [
    0.026608485728502274,
    -0.6022452712059021,
    -0.7978675961494446
   ],
   [
    -0.6922335624694824,
    -0.5869168639183044,
    0.419930100440979
   ],
   [
    -0.7211828231811523,
    0.5411370396614075,
    -0.4325113296508789
   ]
  ]
 },
 {
  "rotation_euler": [
   1.5312590599060059,
   1.741560935974121,
   -1.3681143522262573
  ],
  "euler_order": "XYZ",
  "rotation_matrix": [
   [
    -0.034207604825496674,
    0.23693211376667023,
    -0.9709237813949585
   ],
   [
    0.16645734012126923,
    -0.9565720558166504,
    -0.23929452896118164
   ],
   [
    -0.9854550957679749,
    -0.16980308294296265,
    -0.006717049982398748
   ]
  ]
 },
 {
  "rotation_euler": [
   -0.0904213935136795,
   0.3464526832103729,
   2.95086407661438
  ],
  "euler_order": "XYZ",
  "rotation_matrix": [
   [
    -0.9235270023345947,
    -0.15869389474391937,
    -0.3491620719432831
   ],
   [
    0.17831040918827057,
    -0.9836679697036743,
    -0.02455127239227295
   ],
   [
    -0.33956339955329895,
    -0.08493299782276154,
    0.9367406964302063
   ]
  ]
 },
 {
  "rotation_euler": [
   7.933993038022891e-05,
   0.00015432816871907562,
   1.493707537651062
  ],
  "euler_order": "XYZ",
  "rotation_matrix": [
   [
    0.07701245695352554,
    -0.9970301389694214,
    9.098949522012845e-05
   ],
   [
    0.9970301389694214,
    0.07701247185468674,
    0.00014775966701563448
   ],
   [
    -0.00015432816871907562,
    7.933993038022891e-05,
    1.0
   ]
  ]
 },
 {
  "rotation_euler": [
   -0.8542171716690063,
   2.2110719680786133,
   1.6057474613189697
  ],
  "euler_order": "XYZ",
  "rotation_matrix": [
   [
    0.02087613381445408,
    -0.6352771520614624,
    -0.7720020413398743
   ],
   [
    -0.5970516204833984,
    -0.6272839903831482,
    0.5000441074371338
   ],
   [
    -0.8019311428070068,
    0.45048609375953674,
    -0.39238855242729187
   ]
  ]
 },
 {
  "rotation_euler": [
   -1.1717714071273804,
   1.2444428205490112,
   -2.23266863822937
  ],
  "euler_order": "XYZ",
  "rotation_matrix": [
   [
    -0.19703367352485657,
    0.8429024815559387,
    0.5006926655769348
   ],
   [
    -0.2528960406780243,
    0.4497232139110565,
    -0.8566169738769531
   ],
   [
    -0.9472176432609558,
    -0.2954055964946747,
    0.12455608695745468
   ]
  ]
 },
 {
  "rotation_euler": [
   -1.5178661346435547,
   1.3773554563522339,
   1.7375723123550415
  ],
  "euler_order": "XYZ",
  "rotation_matrix": [
   [
    -0.031912051141262054,
    0.11050815880298615,
    -0.9933627843856812
   ],
   [
    0.18956945836544037,
    -0.9751597046852112,
    -0.11457309871912003
   ],
   [
    -0.9813485741615295,
    -0.19196750223636627,
    0.010170375928282738
   ]
  ]
 },
 {
  "rotation_euler": [
   -0.44359686970710754,
   1.8471314907073975,
   1.7470552921295166
  ],
  "euler_order": "XYZ",
  "rotation_matrix": [
   [
    0.0478404201567173,
    -0.8168173432350159,
    -0.5749093294143677
   ],
   [
    -0.268604576587677,
    -0.5648873448371887,
    0.7802267670631409
   ],
   [
    -0.9620617628097534,
    0.1170969009399414,
    -0.2464253306388855
   ]
  ]
 },
 {
  "rotation_euler": [
   -0.006401632912456989,
   0.02818169817328453,
   -1.9451918601989746
  ],
  "euler_order": "XYZ",
  "rotation_matrix": [
   [
    -0.3655647933483124,
    0.9307757616043091,
    -0.004346609581261873
   ],
   [
    -0.9303593039512634,
    -0.36553463339805603,
    -0.0285666361451149
   ],
   [
    -0.02817796729505062,
    -0.006399047095328569,
    0.9995824694633484
   ]
  ]
 },
 {
  "rotation_euler": [
   -1.1407169103622437,
   1.1859489679336548,
   0.4304759204387665
  ],
  "euler_order": "XYZ",
  "rotation_matrix": [
   [
    0.34116727113723755,
    -0.9395821690559387,
    -0.028111163526773453
   ],
   [
    0.15666304528713226,
    0.027347156777977943,
    0.9872734546661377
   ],
   [
    -0.926855742931366,
    -0.3412293791770935,
    0.15652775764465332
   ]
  ]
 },
 {
  "rotation_euler": [
   -0.8605796098709106,
   -1.3324799537658691,
   2.391437530517578
  ],
  "euler_order": "XYZ",
  "rotation_matrix": [
   [
    -0.1727025806903839,
    -0.9835249185562134,
    -0.05340907722711563
   ],
   [
    0.16093915700912476,
    0.02531801536679268,
    -0.9866395592689514
   ],
   [
    0.9717367887496948,
    -0.17899079620838165,
    0.1539151817560196
   ]
  ]
 },
 {
  "rotation_euler": [
   2.04453182220459,
   1.956093430519104,
   0.135575532913208
  ],
  "euler_order": "XYZ",
  "rotation_matrix": [
   [
    -0.372385710477829,
    0.8787261247634888,
    -0.2986122667789459
   ],
   [
    -0.05079800635576248,
    -0.3405695855617523,
    -0.9388460516929626
   ],
   [
    -0.9266868233680725,
    -0.33444395661354065,
    0.17146079242229462
   ]
  ]
 },
 {
  "rotation_euler": [
   -1.1207897663116455,
   1.1858797073364258,
   2.2206926345825195
  ],
  "euler_order": "XYZ",
  "rotation_matrix": [
   [
    -0.22720551490783691,
    0.1586935669183731,
    -0.9608298540115356
   ],
   [
    0.2989385724067688,
    -0.9276337623596191,
    -0.2239002138376236
   ],
   [
    -0.9268297553062439,
    -0.33810049295425415,
    0.16332387924194336
   ]
  ]
 },
 {
  "rotation_euler": [
   -1.1674342155456543,
   1.1866180896759033,
   0.01059451512992382
  ],
  "euler_order": "XYZ",
  "rotation_matrix": [
   [
    0.37477636337280273,
    -0.8568137288093567,
    0.35413679480552673
   ],
   [
    0.003970722667872906,
    0.3834570050239563,
    0.9235501885414124
   ],
   [
    -0.9271067380905151,
    -0.3447186052799225,
    0.14711280167102814
   ]
  ]
 },
 {
  "rotation_euler": [
   8.950608753366396e-05,
   -4.352360701886937e-05,
   0.8444139957427979
  ],
  "euler_order": "XYZ",
  "rotation_matrix": [
   [
    0.6641694903373718,
    -0.7475820183753967,
    3.8006091926945373e-05
   ],
   [
    0.7475820183753967,
    0.6641694903373718,
    -9.198467887472361e-05
   ],
   [
    4.352360701886937e-05,
    8.950608753366396e-05,
    1.0
   ]
  ]
 },
 {
  "rotation_euler": [
   -1.1414495706558228,
   1.1854684352874756,
   -1.0325665473937988
  ],
  "euler_order": "XYZ",
  "rotation_matrix": [
   [
    0.1926737129688263,
    -0.07449202239513397,
    0.9784312844276428
   ],
   [
    -0.32272255420684814,
    0.9368343949317932,
    0.13487593829631805
   ],
   [
    -0.9266752600669861,
    -0.3417488932609558,
    0.15646310150623322
   ]
  ]
 }
]