[
 {
  "rotation_euler": [
   -1.184213399887085,
   1.482283592224121,
   0.6184757351875305
  ],
  "euler_order": "XYZ",
  "rotation_matrix": [
   [
    0.07202278822660446,
    -0.9702789783477783,
    -0.23102262616157532
   ],
   [
    0.05125216022133827,
    -0.22771786153316498,
    0.9723774194717407
   ],
   [
    -0.9960852861404419,
    -0.08187373727560043,
    0.033328019082546234
   ]
  ]
 },
 {
  "rotation_euler": [
   -1.159637689590454,
   1.4872897863388062,
   0.9318882822990417
  ],
  "euler_order": "XYZ",
  "rotation_matrix": [
   [
    0.049738701432943344,
    -0.8655516505241394,
    -0.49834370613098145
   ],
   [
    0.0669567734003067,
    -0.4949490427970886,
    0.8663384318351746
   ],
   [
    -0.9965153336524963,
    -0.07645803689956665,
    0.033336423337459564
   ]
  ]
 },
 {
  "rotation_euler": [
   2.0459370613098145,
   -1.6437653303146362,
   -0.0024684646632522345
  ],
  "euler_order": "XYZ",
  "rotation_matrix": [
   [
    -0.07290404289960861,
    -0.8879885673522949,
    0.45404985547065735
   ],
   [
    0.00017996142560150474,
    -0.4552730321884155,
    -0.8903518915176392
   ],
   [
    0.9973389506340027,
    -0.0648285448551178,
    0.033351048827171326
   ]
  ]
 },
 {
  "rotation_euler": [
   -1.184218168258667,
   1.482283353805542,
   1.4162476062774658
  ],
  "euler_order": "XYZ",
  "rotation_matrix": [
   [
    0.013607391156256199,
    -0.5145440697669983,
    -0.8573559522628784
   ],
   [
    0.08734384179115295,
    -0.853546142578125,
    0.5136438608169556
   ],
   [
    -0.9960852861404419,
    -0.08187411725521088,
    0.03332771733403206
   ]
  ]
 },
 {
  "rotation_euler": [
   -1.1842116117477417,
   -1.482283592224121,
   -1.1945898532867432
  ],
  "euler_order": "XYZ",
  "rotation_matrix": [
   [
    0.03247668221592903,
    0.6896098256111145,
    0.7234525084495544
   ],
   [
    -0.08221515268087387,
    -0.7195380330085754,
    0.6895691752433777
   ],
   [
    0.9960852861404419,
    -0.08187367767095566,
    0.033328164368867874
   ]
  ]
 },
 {
  "rotation_euler": [
   -1.1842119693756104,
   -1.4822837114334106,
   -1.1257072687149048
  ],
  "euler_order": "XYZ",
  "rotation_matrix": [
   [
    0.0380583293735981,
    0.7374986410140991,
    0.6742753982543945
   ],
   [
    -0.07978476583957672,
    -0.670367419719696,
    0.7377275228500366
   ],
   [
    0.9960852861404419,
    -0.0818735808134079,
    0.0333280935883522
   ]
  ]
 },
 {
  "rotation_euler": [
   1.9573768377304077,
   1.659308910369873,
   -0.2785928547382355
  ],
  "euler_order": "XYZ",
  "rotation_matrix": [
   [
    -0.08498875796794891,
    0.7833238244056702,
    -0.615776538848877
   ],
   [
    0.02430945821106434,
    -0.6161984205245972,
    -0.7872157096862793
   ],
   [
    -0.9960853457450867,
    -0.08187367767095566,
    0.03332776576280594
   ]
  ]
 },
 {
  "rotation_euler": [
   -1.1842150688171387,
   1.482283592224121,
   -0.7758935689926147
  ],
  "euler_order": "XYZ",
  "rotation_matrix": [
   [
    0.0630975291132927,
    -0.3944813013076782,
    0.916735053062439
   ],
   [
    -0.061909351497888565,
    0.915249228477478,
    0.3981030583381653
   ],
   [
    -0.9960852861404419,
    -0.08187378942966461,
    0.03332788124680519
   ]
  ]
 },
 {
  "rotation_euler": [
   -1.1842164993286133,
   1.482283592224121,
   1.8659379482269287
  ],
  "euler_order": "XYZ",
  "rotation_matrix": [
   [
    -0.025712568312883377,
    -0.09236549586057663,
    -0.9953931570053101
   ],
   [
    0.08457499742507935,
    -0.9923533797264099,
    0.0898987278342247
   ],
   [
    -0.9960852861404419,
    -0.08187384158372879,
    0.03332776576280594
   ]
  ]
 },
 {
  "rotation_euler": [
   -1.952938437461853,
   -1.6598032712936401,
   -0.7239471673965454
  ],
  "euler_order": "XYZ",
  "rotation_matrix": [
   [
    -0.06659574061632156,
    0.4454091489315033,
    0.892846941947937
   ],
   [
    0.0588756762444973,
    -0.8915201425552368,
    0.44913867115974426
   ],
   [
    0.996041476726532,
    0.08247768878936768,
    0.033147674053907394
   ]
  ]
 },
 {
  "rotation_euler": [
   2.1026177406311035,
   1.6366267204284668,
   -0.2068641036748886
  ],
  "euler_order": "XYZ",
  "rotation_matrix": [
   [
    -0.06438035517930984,
    0.7375271916389465,
    -0.6722416281700134
   ],
   [
    0.013511264696717262,
    -0.6729331612586975,
    -0.7395798563957214
   ],
   [
    -0.9978339672088623,
    -0.05669724941253662,
    0.033358752727508545
   ]
  ]
 },
 {
  "rotation_euler": [
   -1.1842153072357178,
   1.482283592224121,
   1.636581301689148
  ],
  "euler_order": "XYZ",
  "rotation_matrix": [
   [
    -0.005811014212667942,
    -0.3155604600906372,
    -0.9488877058029175
   ],
   [
    0.08820599317550659,
    -0.9453667402267456,
    0.3138493597507477
   ],
   [
    -0.9960852861404419,
    -0.0818738043308258,
    0.0333278626203537
   ]
  ]
 },
 {
  "rotation_euler": [
   -0.10428299754858017,
   0.011392511427402496,
   -1.247963547706604
  ],
  "euler_order": "XYZ",
  "rotation_matrix": [
   [
    0.317233681678772,
    0.9428123831748962,
    0.10231125354766846
   ],
   [
    -0.9482789635658264,
    0.31665536761283875,
    0.02227924019098282
   ],
   [
    -0.011392264626920223,
    -0.10408733040094376,
    0.9945029020309448
   ]
  ]
 },
 {
  "rotation_euler": [
   -1.1749635934829712,
   1.4842420816421509,
   -0.17255444824695587
  ],
  "euler_order": "XYZ",
  "rotation_matrix": [
   [
    0.08516243100166321,
    -0.8393675088882446,
    0.5368515253067017
   ],
   [
    -0.014842764474451542,
    0.537680447101593,
    0.8430180549621582
   ],
   [
    -0.9962565302848816,
    -0.07976183295249939,
    0.03333164379000664
   ]
  ]
 },
 {
  "rotation_euler": [
   -1.1842166185379028,
   1.482283592224121,
   -1.36187744140625
  ],
  "euler_order": "XYZ",
  "rotation_matrix": [
   [
    0.01833379454910755,
    0.17747969925403595,
    0.9839536547660828
   ],
   [
    -0.08647506684064865,
    0.9807128310203552,
    -0.17528386414051056
   ],
   [
    -0.9960852861404419,
    -0.08187384158372879,
    0.03332775458693504
   ]
  ]
 },
 {
  "rotation_euler": [
   1.9573746919631958,
   1.6593095064163208,
   0.7801408171653748
  ],
  "euler_order": "XYZ",
  "rotation_matrix": [
   [
    -0.06283432990312576,
    0.9209715127944946,
    0.38453006744384766
   ],
   [
    -0.06217709556221962,
    0.3809306025505066,
    -0.9225106239318848
   ],
   [
    -0.9960852861404419,
    -0.0818742960691452,
    0.03332781419157982
   ]
  ]
 }
]