[
 {
  "rotation_euler": [
   0.11762785911560059,
   -2.167300224304199,
   -1.2955846786499023
  ],
  "euler_order": "XYZ",
  "rotation_matrix": [
   [
    -0.15265688300132751,
    0.9293333292007446,
    -0.33620738983154297
   ],
   [
    0.5406134724617004,
    0.3633088767528534,
    0.7587777972221375
   ],
   [
    0.8273046016693115,
    -0.06592559814453125,
    -0.5578717589378357
   ]
  ]
 },
 {
  "rotation_euler": [
   0.07478048652410507,
   2.164475440979004,
   -0.8677417039871216
  ],
  "euler_order": "XYZ",
  "rotation_matrix": [
   [
    -0.3616899251937866,
    0.8007776141166687,
    0.4774259924888611
   ],
   [
    0.42676088213920593,
    0.597501814365387,
    -0.6788716912269592
   ],
   [
    -0.8288881182670593,
    -0.0417943000793457,
    -0.5578509569168091
   ]
  ]
 },
 {
  "rotation_euler": [
   -3.0239624977111816,
   -0.9742932319641113,
   0.6864514350891113
  ],
  "euler_order": "XYZ",
  "rotation_matrix": [
   [
    0.4345158338546753,
    0.7045170068740845,
    0.5611165165901184
   ],
   [
    0.3560369610786438,
    -0.7066183090209961,
    0.6114967465400696
   ],
   [
    0.8273050785064697,
    -0.06592679768800735,
    -0.5578709244728088
   ]
  ]
 },
 {
  "rotation_euler": [
   0.074785515666008,
   2.1644554138183594,
   2.074042558670044
  ],
  "euler_order": "XYZ",
  "rotation_matrix": [
   [
    0.26978179812431335,
    -0.9034410119056702,
    -0.33318477869033813
   ],
   [
    -0.4900445342063904,
    -0.4266701340675354,
    0.7601374387741089
   ],
   [
    -0.8288993239402771,
    -0.04179586470127106,
    -0.5578342080116272
   ]
  ]
 },
 {
  "rotation_euler": [
   0.1176266074180603,
   -2.1673026084899902,
   1.9941823482513428
  ],
  "euler_order": "XYZ",
  "rotation_matrix": [
   [
    0.2307971864938736,
    -0.8655142784118652,
    0.44454213976860046
   ],
   [
    -0.512154221534729,
    -0.4965268671512604,
    -0.7008274793624878
   ],
   [
    0.8273032903671265,
    -0.06592512875795364,
    -0.5578737854957581
   ]
  ]
 },
 {
  "rotation_euler": [
   0.1176266148686409,
   -2.1673011779785156,
   1.1675331592559814
  ],
  "euler_order": "XYZ",
  "rotation_matrix": [
   [
    -0.2204446792602539,
    -0.951529324054718,
    -0.2144669145345688
   ],
   [
    -0.5166934132575989,
    0.3004094064235687,
    -0.8017368912696838
   ],
   [
    0.8273040652275085,
    -0.0659249946475029,
    -0.5578725934028625
   ]
  ]
 },
 {
  "rotation_euler": [
   0.11762509495019913,
   -2.1673033237457275,
   1.048844337463379
  ],
  "euler_order": "XYZ",
  "rotation_matrix": [
   [
    -0.2800765335559845,
    -0.9092629551887512,
    -0.3078928291797638
   ],
   [
    -0.48695698380470276,
    0.410968154668808,
    -0.7706997394561768
   ],
   [
    0.827302873134613,
    -0.06592435389757156,
    -0.5578745007514954
   ]
  ]
 },
 {
  "rotation_euler": [
   0.07488635927438736,
   2.1643805503845215,
   1.5881125926971436
  ],
  "euler_order": "XYZ",
  "rotation_matrix": [
   [
    0.009685122407972813,
    -0.9981216788291931,
    0.06049194931983948
   ],
   [
    -0.5592518448829651,
    0.04474221542477608,
    0.8277895450592041
   ],
   [
    -0.8289412260055542,
    -0.04184747859835625,
    -0.5577681064605713
   ]
  ]
 },
 {
  "rotation_euler": [
   0.0747925266623497,
   2.1644601821899414,
   -0.6613456606864929
  ],
  "euler_order": "XYZ",
  "rotation_matrix": [
   [
    -0.44146108627319336,
    0.6613413095474243,
    0.6064155101776123
   ],
   [
    0.3435730040073395,
    0.7489194869995117,
    -0.5666367411613464
   ],
   [
    -0.828896701335907,
    -0.04180007055401802,
    -0.5578378438949585
   ]
  ]
 },
 {
  "rotation_euler": [
   0.11762626469135284,
   -2.1673026084899902,
   -2.177933692932129
  ],
  "euler_order": "XYZ",
  "rotation_matrix": [
   [
    0.32049208879470825,
    0.8710002303123474,
    0.3723485469818115
   ],
   [
    0.4613611698150635,
    -0.48683932423591614,
    0.7417097687721252
   ],
   [
    0.8273032903671265,
    -0.06592493504285812,
    -0.5578737854957581
   ]
  ]
 },
 {
  "rotation_euler": [
   0.07479678094387054,
   2.1644556522369385,
   -1.1326783895492554
  ],
  "euler_order": "XYZ",
  "rotation_matrix": [
   [
    -0.23731671273708344,
    0.9292975068092346,
    0.28299638628959656
   ],
   [
    0.5065637826919556,
    0.3669587969779968,
    -0.7802143096923828
   ],
   [
    -0.8288992047309875,
    -0.041802164167165756,
    -0.5578339099884033
   ]
  ]
 },
 {
  "rotation_euler": [
   0.0747922882437706,
   2.164454221725464,
   -0.6240711212158203
  ],
  "euler_order": "XYZ",
  "rotation_matrix": [
   [
    -0.45395398139953613,
    0.6329728364944458,
    0.6271133422851562
   ],
   [
    0.32688000798225403,
    0.773044764995575,
    -0.5436462759971619
   ],
   [
    -0.8289000391960144,
    -0.04179957136511803,
    -0.5578328967094421
   ]
  ]
 },
 {
  "rotation_euler": [
   0.07481669634580612,
   2.1644489765167236,
   0.9575432538986206
  ],
  "euler_order": "XYZ",
  "rotation_matrix": [
   [
    -0.3219475746154785,
    -0.7798336744308472,
    0.536851167678833
   ],
   [
    -0.4574600160121918,
    0.6245887279510498,
    0.6329448819160461
   ],
   [
    -0.8289029598236084,
    -0.04181285947561264,
    -0.5578275322914124
   ]
  ]
 },
 {
  "rotation_euler": [
   0.11761824786663055,
   -2.167302131652832,
   2.215510368347168
  ],
  "euler_order": "XYZ",
  "rotation_matrix": [
   [
    0.33759793639183044,
    -0.735406219959259,
    0.5875417590141296
   ],
   [
    -0.4489949643611908,
    -0.6744124889373779,
    -0.5861495733261108
   ],
   [
    0.8273035287857056,
    -0.06592041999101639,
    -0.5578739643096924
   ]
  ]
 },
 {
  "rotation_euler": [
   -3.0667922496795654,
   0.9771417379379272,
   0.06338996440172195
  ],
  "euler_order": "XYZ",
  "rotation_matrix": [
   [
    0.5582705140113831,
    0.0013504057424142957,
    -0.8296579122543335
   ],
   [
    0.035436224192380905,
    -0.9991249442100525,
    0.022218527272343636
   ],
   [
    -0.8289018869400024,
    -0.04180389270186424,
    -0.5578298568725586
   ]
  ]
 },
 {
  "rotation_euler": [
   0.11762863397598267,
   -2.1672980785369873,
   -0.44125550985336304
  ],
  "euler_order": "XYZ",
  "rotation_matrix": [
   [
    -0.5079450607299805,
    0.3363329768180847,
    -0.7930144667625427
   ],
   [
    0.23991018533706665,
    0.9394327402114868,
    0.24476352334022522
   ],
   [
    0.827305793762207,
    -0.06592582166194916,
    -0.5578699111938477
   ]
  ]
 }
]