[
 {
  "rotation_euler": [
   -0.0025730899069458246,
   0.0053476374596357346,
   -1.2063921689987183
  ],
  "euler_order": "XYZ",
  "rotation_matrix": [
   [
    0.35638755559921265,
    0.9343282580375671,
    0.004309971816837788
   ],
   [
    -0.9343228936195374,
    0.35640430450439453,
    -0.004079421982169151
   ],
   [
    -0.005347611848264933,
    -0.0025730503257364035,
    0.9999824166297913
   ]
  ]
 },
 {
  "rotation_euler": [
   -0.0046945856884121895,
   0.007813405245542526,
   -1.6585668325424194
  ],
  "euler_order": "XYZ",
  "rotation_matrix": [
   [
    -0.08765517920255661,
    0.9961428642272949,
    0.003991605713963509
   ],
   [
    -0.9961202144622803,
    -0.08762035518884659,
    -0.008194679394364357
   ],
   [
    -0.007813326083123684,
    -0.004694425035268068,
    0.9999584555625916
   ]
  ]
 },
 {
  "rotation_euler": [
   0.010578983463346958,
   -0.0006056985002942383,
   -1.0259573459625244
  ],
  "euler_order": "XYZ",
  "rotation_matrix": [
   [
    0.5182802677154541,
    0.85515958070755,
    -0.009360996074974537
   ],
   [
    -0.8552106022834778,
    0.5182568430900574,
    -0.004964806605130434
   ],
   [
    0.0006056984420865774,
    0.01057878416031599,
    0.9999438524246216
   ]
  ]
 },
 {
  "rotation_euler": [
   0.03931528329849243,
   -0.010179129429161549,
   -1.9855517148971558
  ],
  "euler_order": "XYZ",
  "rotation_matrix": [
   [
    -0.4029451906681061,
    0.9146689176559448,
    -0.03187406063079834
   ],
   [
    -0.915167510509491,
    -0.4022885262966156,
    0.025147374719381332
   ],
   [
    0.010178953409194946,
    0.039303120225667953,
    0.999175488948822
   ]
  ]
 },
 {
  "rotation_euler": [
   0.029522592201828957,
   0.006197451148182154,
   -2.744432210922241
  ],
  "euler_order": "XYZ",
  "rotation_matrix": [
   [
    -0.9221453666687012,
    0.38646411895751953,
    -0.017130253836512566
   ],
   [
    -0.38679394125938416,
    -0.9218319654464722,
    0.024824567139148712
   ],
   [
    -0.0061974115669727325,
    0.02951773628592491,
    0.9995450377464294
   ]
  ]
 },
 {
  "rotation_euler": [
   -0.005267205182462931,
   0.004805948119610548,
   1.3557425737380981
  ],
  "euler_order": "XYZ",
  "rotation_matrix": [
   [
    0.21339747309684753,
    -0.9769567847251892,
    -0.004120280034840107
   ],
   [
    0.9769536256790161,
    0.21337224543094635,
    0.005819175858050585
   ],
   [
    -0.004805929493159056,
    -0.005267119966447353,
    0.9999746084213257
   ]
  ]
 },
 {
  "rotation_euler": [
   0.013673475943505764,
   -0.05064450576901436,
   -1.8259012699127197
  ],
  "euler_order": "XYZ",
  "rotation_matrix": [
   [
    -0.2520233988761902,
    0.9677210450172424,
    -0.0004572161997202784
   ],
   [
    -0.966396152973175,
    -0.25165361166000366,
    0.05243031680583954
   ],
   [
    0.050622858107089996,
    0.013655519112944603,
    0.9986245036125183
   ]
  ]
 },
 {
  "rotation_euler": [
   0.02349020726978779,
   0.03669995069503784,
   -2.526559829711914
  ],
  "euler_order": "XYZ",
  "rotation_matrix": [
   [
    -0.8162045478820801,
    0.5761222839355469,
    -0.04351211339235306
   ],
   [
    -0.5765967965126038,
    -0.8170264363288879,
    -0.001980771077796817
   ],
   [
    -0.03669171407818794,
    0.02347223088145256,
    0.9990509152412415
   ]
  ]
 },
 {
  "rotation_euler": [
   -0.0015208186814561486,
   0.009856483899056911,
   0.43149334192276
  ],
  "euler_order": "XYZ",
  "rotation_matrix": [
   [
    0.9082980751991272,
    -0.41824087500572205,
    0.008316856808960438
   ],
   [
    0.41820740699768066,
    0.9083349108695984,
    0.005503606516867876
   ],
   [
    -0.009856324642896652,
    -0.0015207441756501794,
    0.9999502897262573
   ]
  ]
 },
 {
  "rotation_euler": [
   -0.004293687641620636,
   0.013006910681724548,
   -0.5762642621994019
  ],
  "euler_order": "XYZ",
  "rotation_matrix": [
   [
    0.8384331464767456,
    0.5448434948921204,
    0.013245542533695698
   ],
   [
    -0.5448492169380188,
    0.8385267853736877,
    -0.0034868759103119373
   ],
   [
    -0.01300654374063015,
    -0.004293311387300491,
    0.9999061822891235
   ]
  ]
 },
 {
  "rotation_euler": [
   0.028149569407105446,
   0.019455913454294205,
   -1.1116092205047607
  ],
  "euler_order": "XYZ",
  "rotation_matrix": [
   [
    0.44313567876815796,
    0.8963006138801575,
    -0.01661102846264839
   ],
   [
    -0.8962434530258179,
    0.4425531327724457,
    -0.029907317832112312
   ],
   [
    -0.01945468597114086,
    0.02814052440226078,
    0.9994146227836609
   ]
  ]
 },
 {
  "rotation_euler": [
   -0.00259774480946362,
   0.0056518143974244595,
   -0.2870786786079407
  ],
  "euler_order": "XYZ",
  "rotation_matrix": [
   [
    0.9590598344802856,
    0.28313663601875305,
    0.006156022660434246
   ],
   [
    -0.2831471562385559,
    0.9590760469436646,
    0.0008911229087971151
   ],
   [
    -0.0056517841294407845,
    -0.0025977003388106823,
    0.999980628490448
   ]
  ]
 },
 {
  "rotation_euler": [
   -0.005106375552713871,
   0.01166129857301712,
   2.430006980895996
  ],
  "euler_order": "XYZ",
  "rotation_matrix": [
   [
    -0.7572758197784424,
    -0.6529818773269653,
    -0.0121657345443964
   ],
   [
    0.6529910564422607,
    -0.7573563456535339,
    0.0037477887235581875
   ],
   [
    -0.01166103407740593,
    -0.005106006283313036,
    0.9999189972877502
   ]
  ]
 },
 {
  "rotation_euler": [
   -0.000783048162702471,
   0.009011588990688324,
   -0.532282829284668
  ],
  "euler_order": "XYZ",
  "rotation_matrix": [
   [
    0.861615777015686,
    0.5074954032897949,
    0.008162133395671844
   ],
   [
    -0.507481038570404,
    0.8616541028022766,
    -0.003898619208484888
   ],
   [
    -0.00901146698743105,
    -0.0007830162649042904,
    0.9999591112136841
   ]
  ]
 },
 {
  "rotation_euler": [
   -0.0010184169514104724,
   0.02125299535691738,
   -2.433953285217285
  ],
  "euler_order": "XYZ",
  "rotation_matrix": [
   [
    -0.759726881980896,
    0.650057852268219,
    -0.0154868820682168
   ],
   [
    -0.6498949527740479,
    -0.7598840594291687,
    -0.014588179998099804
   ],
   [
    -0.021251395344734192,
    -0.0010181867983192205,
    0.9997736215591431
   ]
  ]
 },
 {
  "rotation_euler": [
   -0.004818116780370474,
   0.00986479502171278,
   1.3320667743682861
  ],
  "euler_order": "XYZ",
  "rotation_matrix": [
   [
    0.23645690083503723,
    -0.9716391563415527,
    -0.002348805544897914
   ],
   [
    0.9715918898582458,
    0.2364194691181183,
    0.010724082589149475
   ],
   [
    -0.009864634834229946,
    -0.004817863926291466,
    0.9999397397041321
   ]
  ]
 }
]