[
 {
  "rotation_euler": [
   0.001755910343490541,
   -0.06078452616930008,
   0.13485997915267944
  ],
  "euler_order": "XYZ",
  "rotation_matrix": [
   [
    0.9890901446342468,
    -0.13455705344676971,
    -0.059959352016448975
   ],
   [
    0.1342032551765442,
    0.9909042716026306,
    -0.0099074961617589
   ],
   [
    0.06074710190296173,
    0.001752666663378477,
    0.9981516599655151
   ]
  ]
 },
 {
  "rotation_euler": [
   0.0014328827382996678,
   -0.03065449185669422,
   1.413368582725525
  ],
  "euler_order": "XYZ",
  "rotation_matrix": [
   [
    0.1567046195268631,
    -0.9876397252082825,
    -0.0033900379203259945
   ],
   [
    0.9871698021888733,
    0.15673474967479706,
    -0.030495285987854004
   ],
   [
    0.030649691820144653,
    0.0014322090428322554,
    0.9995291829109192
   ]
  ]
 },
 {
  "rotation_euler": [
   0.001126229646615684,
   -0.000270114338491112,
   -1.1811130046844482
  ],
  "euler_order": "XYZ",
  "rotation_matrix": [
   [
    0.37989547848701477,
    0.9250286817550659,
    -0.00114441046025604
   ],
   [
    -0.9250293970108032,
    0.37989553809165955,
    -0.0001779859303496778
   ],
   [
    0.000270114338491112,
    0.0011262294137850404,
    0.9999993443489075
   ]
  ]
 },
 {
  "rotation_euler": [
   0.0011209143558517098,
   -0.0002855929487850517,
   -1.3497122526168823
  ],
  "euler_order": "XYZ",
  "rotation_matrix": [
   [
    0.2192874252796173,
    0.9756596088409424,
    -0.001156258280389011
   ],
   [
    -0.9756602644920349,
    0.21928761899471283,
    3.283913611085154e-05
   ],
   [
    0.0002855929487850517,
    0.0011209141230210662,
    0.9999993443489075
   ]
  ]
 },
 {
  "rotation_euler": [
   1.466821312904358,
   -1.4776028394699097,
   0.5817903280258179
  ],
  "euler_order": "XYZ",
  "rotation_matrix": [
   [
    0.07774865627288818,
    -0.8843957781791687,
    0.46021655201911926
   ],
   [
    0.05113764479756355,
    -0.45746856927871704,
    -0.8877541422843933
   ],
   [
    0.9956606030464172,
    0.09255608171224594,
    0.009658349677920341
   ]
  ]
 },
 {
  "rotation_euler": [
   -0.32309824228286743,
   -1.5369302034378052,
   0.4481712877750397
  ],
  "euler_order": "XYZ",
  "rotation_matrix": [
   [
    0.030515706166625023,
    -0.12491128593683243,
    -0.9916985034942627
   ],
   [
    0.014672000892460346,
    0.9921096563339233,
    -0.12451159954071045
   ],
   [
    0.9994266033172607,
    -0.01075064204633236,
    0.032107625156641006
   ]
  ]
 },
 {
  "rotation_euler": [
   -1.0894548892974854,
   1.991713047027588,
   0.4053865075111389
  ],
  "euler_order": "XYZ",
  "rotation_matrix": [
   [
    -0.3754805326461792,
    -0.9260200262069702,
    0.03874684497714043
   ],
   [
    -0.16114014387130737,
    0.10639362037181854,
    0.9811800122261047
   ],
   [
    -0.9127147793769836,
    0.36217033863067627,
    -0.18916773796081543
   ]
  ]
 },
 {
  "rotation_euler": [
   0.001119533204473555,
   -0.00028914667200297117,
   0.7857722043991089
  ],
  "euler_order": "XYZ",
  "rotation_matrix": [
   [
    0.7068422436714172,
    -0.7073709964752197,
    0.0005875444621779025
   ],
   [
    0.707371175289154,
    0.7068415880203247,
    -0.0009958670707419515
   ],
   [
    0.00028914667200297117,
    0.0011195329716429114,
    0.9999993443489075
   ]
  ]
 },
 {
  "rotation_euler": [
   0.0011218012077733874,
   -0.0002865691785700619,
   2.326657295227051
  ],
  "euler_order": "XYZ",
  "rotation_matrix": [
   [
    -0.6859154105186462,
    -0.7276805639266968,
    0.0010128756985068321
   ],
   [
    0.7276812195777893,
    -0.6859152317047119,
    0.0005609297077171504
   ],
   [
    0.0002865691785700619,
    0.0011218009749427438,
    0.9999993443489075
   ]
  ]
 },
 {
  "rotation_euler": [
   0.0011267043882980943,
   -0.00027130788657814264,
   0.48902297019958496
  ],
  "euler_order": "XYZ",
  "rotation_matrix": [
   [
    0.8827922344207764,
    -0.4697635769844055,
    0.00028977624606341124
   ],
   [
    0.4697635769844055,
    0.8827915787696838,
    -0.0011220962041988969
   ],
   [
    0.00027130788657814264,
    0.0011267041554674506,
    0.9999993443489075
   ]
  ]
 },
 {
  "rotation_euler": [
   0.0011222950415685773,
   -0.00028496445156633854,
   -1.838541865348816
  ],
  "euler_order": "XYZ",
  "rotation_matrix": [
   [
    -0.26455795764923096,
    0.9643692374229431,
    -0.0010069176787510514
   ],
   [
    -0.9643697142601013,
    -0.26455751061439514,
    0.000571722979657352
   ],
   [
    0.00028496445156633854,
    0.0011222948087379336,
    0.9999993443489075
   ]
  ]
 },
 {
  "rotation_euler": [
   0.0011405665427446365,
   -0.0002743959194049239,
   -0.36034125089645386
  ],
  "euler_order": "XYZ",
  "rotation_matrix": [
   [
    0.9357765316963196,
    0.3525930643081665,
    -0.0006589294644072652
   ],
   [
    -0.3525935709476471,
    0.9357760548591614,
    -0.00097056501545012
   ],
   [
    0.0002743959194049239,
    0.0011405663099139929,
    0.9999992847442627
   ]
  ]
 },
 {
  "rotation_euler": [
   0.0011191851226612926,
   -0.0002895773504860699,
   2.1827423572540283
  ],
  "euler_order": "XYZ",
  "rotation_matrix": [
   [
    -0.5744614005088806,
    -0.8185309767723083,
    0.0010824392084032297
   ],
   [
    0.8185316324234009,
    -0.5744613409042358,
    0.0004059004713781178
   ],
   [
    0.0002895773504860699,
    0.001119184889830649,
    0.9999993443489075
   ]
  ]
 },
 {
  "rotation_euler": [
   0.0015579832252115011,
   -0.0421472042798996,
   1.4820377826690674
  ],
  "euler_order": "XYZ",
  "rotation_matrix": [
   [
    0.08856333047151566,
    -0.9960681796073914,
    -0.0021830543410032988
   ],
   [
    0.9951789975166321,
    0.0885765552520752,
    -0.04210691899061203
   ],
   [
    0.04213472828269005,
    0.0015565990470349789,
    0.9991106986999512
   ]
  ]
 },
 {
  "rotation_euler": [
   0.0011212133103981614,
   -0.00028550613205879927,
   0.5091545581817627
  ],
  "euler_order": "XYZ",
  "rotation_matrix": [
   [
    0.8731569051742554,
    -0.48743918538093567,
    0.0002972317161038518
   ],
   [
    0.48743918538093567,
    0.8731561899185181,
    -0.001118161715567112
   ],
   [
    0.00028550613205879927,
    0.0011212130775675178,
    0.9999993443489075
   ]
  ]
 },
 {
  "rotation_euler": [
   0.0011362049262970686,
   -0.00027075703837908804,
   -2.0440754890441895
  ],
  "euler_order": "XYZ",
  "rotation_matrix": [
   [
    -0.4558074176311493,
    0.8900779485702515,
    -0.0008878982625901699
   ],
   [
    -0.8900783658027649,
    -0.4558068811893463,
    0.0007588854059576988
   ],
   [
    0.00027075703837908804,
    0.001136204693466425,
    0.9999993443489075
   ]
  ]
 }
]