[
 {
  "rotation_euler": [
   1.4837802648544312,
   -1.235186219215393,
   1.170421838760376
  ],
  "euler_order": "XYZ",
  "rotation_matrix": [
   [
    0.12836669385433197,
    -0.4466590881347656,
    0.8854477405548096
   ],
   [
    0.30329906940460205,
    -0.8323740363121033,
    -0.4638567864894867
   ],
   [
    0.9442095756530762,
    0.32809922099113464,
    0.028622178360819817
   ]
  ]
 },
 {
  "rotation_euler": [
   1.47686767578125,
   -1.2617796659469604,
   0.027011539787054062
  ],
  "euler_order": "XYZ",
  "rotation_matrix": [
   [
    0.3040110766887665,
    -0.9506209492683411,
    -0.06242623180150986
   ],
   [
    0.00821380503475666,
    0.06814084202051163,
    -0.997641921043396
   ],
   [
    0.9526330828666687,
    0.30278143286705017,
    0.02852378599345684
   ]
  ]
 },
 {
  "rotation_euler": [
   -1.6578115224838257,
   -1.9064065217971802,
   0.8833026885986328
  ],
  "euler_order": "XYZ",
  "rotation_matrix": [
   [
    -0.2090032994747162,
    0.6640942692756653,
    -0.7178415060043335
   ],
   [
    -0.2545309364795685,
    0.6718106865882874,
    0.6956179738044739
   ],
   [
    0.9442095160484314,
    0.3280993402004242,
    0.02862190268933773
   ]
  ]
 },
 {
  "rotation_euler": [
   -1.6578112840652466,
   -1.9064050912857056,
   0.7546740770339966
  ],
  "euler_order": "XYZ",
  "rotation_matrix": [
   [
    -0.23992542922496796,
    0.7447841763496399,
    -0.6226814985275269
   ],
   [
    -0.22561754286289215,
    0.5810750126838684,
    0.7819517254829407
   ],
   [
    0.9442099928855896,
    0.32809799909591675,
    0.02862170711159706
   ]
  ]
 },
 {
  "rotation_euler": [
   1.4820674657821655,
   -1.2424614429473877,
   1.448880910873413
  ],
  "euler_order": "XYZ",
  "rotation_matrix": [
   [
    0.03921641781926155,
    -0.20261900126934052,
    0.9784720540046692
   ],
   [
    0.32007381319999695,
    -0.9250820875167847,
    -0.2043914943933487
   ],
   [
    0.9465805888175964,
    0.32119879126548767,
    0.02857462875545025
   ]
  ]
 },
 {
  "rotation_euler": [
   1.480980396270752,
   1.2350997924804688,
   -0.30502840876579285
  ],
  "euler_order": "XYZ",
  "rotation_matrix": [
   [
    0.31422004103660583,
    0.9239034056663513,
    -0.21833057701587677
   ],
   [
    -0.09893357753753662,
    -0.19685903191566467,
    -0.9754274487495422
   ],
   [
    -0.9441810846328735,
    0.3280990719795227,
    0.02954801917076111
   ]
  ]
 },
 {
  "rotation_euler": [
   1.4837802648544312,
   -1.2351906299591064,
   1.3328880071640015
  ],
  "euler_order": "XYZ",
  "rotation_matrix": [
   [
    0.07761595398187637,
    -0.3061390519142151,
    0.9488174915313721
   ],
   [
    0.32006460428237915,
    -0.8936623930931091,
    -0.3145252764225006
   ],
   [
    0.9442110061645508,
    0.32809507846832275,
    0.028621817007660866
   ]
  ]
 },
 {
  "rotation_euler": [
   -1.660612940788269,
   1.9064931869506836,
   0.520578145980835
  ],
  "euler_order": "XYZ",
  "rotation_matrix": [
   [
    -0.28578856587409973,
    -0.771192193031311,
    -0.5688474774360657
   ],
   [
    -0.16385109722614288,
    -0.5455394983291626,
    0.8219120502471924
   ],
   [
    -0.944180965423584,
    0.3280993700027466,
    0.029548270627856255
   ]
  ]
 },
 {
  "rotation_euler": [
   -1.657812476158142,
   -1.9064058065414429,
   0.040122758597135544
  ],
  "euler_order": "XYZ",
  "rotation_matrix": [
   [
    -0.32907965779304504,
    0.943366289138794,
    0.042031578719615936
   ],
   [
    -0.01321067288517952,
    -0.04910559579730034,
    0.9987062215805054
   ],
   [
    0.9442097544670105,
    0.3280986249446869,
    0.028622156009078026
   ]
  ]
 },
 {
  "rotation_euler": [
   -1.6897488832473755,
   1.8185887336730957,
   0.594743549823761
  ],
  "euler_order": "XYZ",
  "rotation_matrix": [
   [
    -0.20315058529376984,
    -0.7308270335197449,
    -0.6516299843788147
   ],
   [
    -0.13742074370384216,
    -0.6376396417617798,
    0.7579783797264099
   ],
   [
    -0.9694562554359436,
    0.2435312271118164,
    0.029106073081493378
   ]
  ]
 },
 {
  "rotation_euler": [
   -1.660782814025879,
   1.9124881029129028,
   0.7119646072387695
  ],
  "euler_order": "XYZ",
  "rotation_matrix": [
   [
    -0.253683477640152,
    -0.6517153978347778,
    -0.7147809267044067
   ],
   [
    -0.21891628205776215,
    -0.6810977458953857,
    0.6986998915672302
   ],
   [
    -0.9421891570091248,
    0.33372578024864197,
    0.03011213429272175
   ]
  ]
 },
 {
  "rotation_euler": [
   -1.660614013671875,
   1.9064905643463135,
   -0.21755163371562958
  ],
  "euler_order": "XYZ",
  "rotation_matrix": [
   [
    -0.32165980339050293,
    -0.937570333480835,
    0.13227558135986328
   ],
   [
    0.07110290974378586,
    0.11538767069578171,
    0.9907724857330322
   ],
   [
    -0.9441818594932556,
    0.328096866607666,
    0.0295484010130167
   ]
  ]
 },
 {
  "rotation_euler": [
   1.4770762920379639,
   1.249698519706726,
   -1.9241740703582764
  ],
  "euler_order": "XYZ",
  "rotation_matrix": [
   [
    -0.10922224074602127,
    -0.2391396313905716,
    -0.9648226499557495
   ],
   [
    -0.2961067259311676,
    -0.9187360405921936,
    0.2612372636795044
   ],
   [
    -0.9488894939422607,
    0.31422340869903564,
    0.029535552486777306
   ]
  ]
 },
 {
  "rotation_euler": [
   -1.657812476158142,
   -1.9064058065414429,
   0.9535156488418579
  ],
  "euler_order": "XYZ",
  "rotation_matrix": [
   [
    -0.19063124060630798,
    0.6153278350830078,
    -0.7648734450340271
   ],
   [
    -0.26856595277786255,
    0.7167447209358215,
    0.6435443758964539
   ],
   [
    0.9442097544670105,
    0.3280986249446869,
    0.028622156009078026
   ]
  ]
 },
 {
  "rotation_euler": [
   -1.6633554697036743,
   -1.8840572834014893,
   0.6875874400138855
  ],
  "euler_order": "XYZ",
  "rotation_matrix": [
   [
    -0.23814167082309723,
    0.7906852960586548,
    -0.5640082359313965
   ],
   [
    -0.19558294117450714,
    0.5297771692276001,
    0.8252778053283691
   ],
   [
    0.9513337016105652,
    0.30684342980384827,
    0.028482548892498016
   ]
  ]
 },
 {
  "rotation_euler": [
   -1.6698673963546753,
   1.8699949979782104,
   0.0867113322019577
  ],
  "euler_order": "XYZ",
  "rotation_matrix": [
   [
    -0.2936471700668335,
    -0.9387489557266235,
    -0.1803378015756607
   ],
   [
    -0.02552654594182968,
    -0.1808868944644928,
    0.983172595500946
   ],
   [
    -0.9555729627609253,
    0.2933092415332794,
    0.02915390394628048
   ]
  ]
 }
]