[
 {
  "rotation_euler": [
   1.410833477973938,
   1.0726739168167114,
   0.2800619304180145
  ],
  "euler_order": "XYZ",
  "rotation_matrix": [
   [
    0.4591619670391083,
    0.7894478440284729,
    0.407360315322876
   ],
   [
    0.1320647895336151,
    0.39280107617378235,
    -0.9100913405418396
   ],
   [
    -0.8784811496734619,
    0.4716772735118866,
    0.07610104233026505
   ]
  ]
 },
 {
  "rotation_euler": [
   1.6755447387695312,
   -1.6554113626480103,
   1.0748803615570068
  ],
  "euler_order": "XYZ",
  "rotation_matrix": [
   [
    -0.04021497815847397,
    -0.3795749545097351,
    0.9242865443229675
   ],
   [
    -0.07433295994997025,
    -0.9213350415229797,
    -0.38159704208374023
   ],
   [
    0.996422290802002,
    -0.08405087143182755,
    0.008836537599563599
   ]
  ]
 },
 {
  "rotation_euler": [
   -1.4709218740463257,
   -1.7621289491653442,
   -1.386231780052185
  ],
  "euler_order": "XYZ",
  "rotation_matrix": [
   [
    -0.03489922732114792,
    0.2772868275642395,
    0.9601531624794006
   ],
   [
    0.186937615275383,
    -0.9419702291488647,
    0.2788304388523102
   ],
   [
    0.9817516803741455,
    0.18921969830989838,
    -0.018961302936077118
   ]
  ]
 },
 {
  "rotation_euler": [
   -1.6079941987991333,
   1.8353058099746704,
   -0.35211798548698425
  ],
  "euler_order": "XYZ",
  "rotation_matrix": [
   [
    -0.24539527297019958,
    -0.9181984663009644,
    0.31095457077026367
   ],
   [
    0.09016571938991547,
    0.2977539598941803,
    0.9503750205039978
   ],
   [
    -0.9652208685874939,
    0.2612549960613251,
    0.009722614660859108
   ]
  ]
 },
 {
  "rotation_euler": [
   1.5253721475601196,
   1.2888824939727783,
   -1.5027464628219604
  ],
  "euler_order": "XYZ",
  "rotation_matrix": [
   [
    0.018916485831141472,
    0.11054923385381699,
    -0.9936906099319458
   ],
   [
    -0.2775505483150482,
    -0.954225480556488,
    -0.11144231259822845
   ],
   [
    -0.9605247974395752,
    0.27790749073028564,
    0.012632409110665321
   ]
  ]
 },
 {
  "rotation_euler": [
   -1.4713623523712158,
   -1.763127326965332,
   0.5566131472587585
  ],
  "euler_order": "XYZ",
  "rotation_matrix": [
   [
    -0.16229359805583954,
    0.7768316268920898,
    -0.6084352135658264
   ],
   [
    -0.10098579525947571,
    0.6002960205078125,
    0.7933766841888428
   ],
   [
    0.9815613627433777,
    0.19020326435565948,
    -0.01897524483501911
   ]
  ]
 },
 {
  "rotation_euler": [
   1.4943451881408691,
   1.3969804048538208,
   0.6149072647094727
  ],
  "euler_order": "XYZ",
  "rotation_matrix": [
   [
    0.1412637084722519,
    0.7581086158752441,
    0.6366442441940308
   ],
   [
    0.0997672751545906,
    0.6289171576499939,
    -0.7710445523262024
   ],
   [
    -0.984932005405426,
    0.17243686318397522,
    0.013208738528192043
   ]
  ]
 },
 {
  "rotation_euler": [
   1.6265488862991333,
   -1.677574634552002,
   -1.0983614921569824
  ],
  "euler_order": "XYZ",
  "rotation_matrix": [
   [
    -0.04849780350923538,
    -0.5013808608055115,
    -0.86386638879776
   ],
   [
    0.09490154683589935,
    0.8586583137512207,
    -0.5036859512329102
   ],
   [
    0.9943045973777771,
    -0.10640992224216461,
    0.005938780028373003
   ]
  ]
 },
 {
  "rotation_euler": [
   1.05230712890625,
   1.5221141576766968,
   0.08300729840993881
  ],
  "euler_order": "XYZ",
  "rotation_matrix": [
   [
    0.04849538952112198,
    0.8234642148017883,
    0.5652918815612793
   ],
   [
    0.004034742247313261,
    0.5657916069030762,
    -0.8245384097099304
   ],
   [
    -0.9988152384757996,
    0.04226711764931679,
    0.024115819483995438
   ]
  ]
 },
 {
  "rotation_euler": [
   -1.4707083702087402,
   -1.761651635169983,
   -0.3099370002746582
  ],
  "euler_order": "XYZ",
  "rotation_matrix": [
   [
    -0.18066012859344482,
    0.9608564376831055,
    0.2100401371717453
   ],
   [
    0.05785785987973213,
    -0.202801913022995,
    0.9775090217590332
   ],
   [
    0.9818423390388489,
    0.18874937295913696,
    -0.018954874947667122
   ]
  ]
 },
 {
  "rotation_euler": [
   1.4730637073516846,
   -1.0901464223861694,
   1.947426676750183
  ],
  "euler_order": "XYZ",
  "rotation_matrix": [
   [
    -0.17004932463169098,
    0.2338225245475769,
    0.9572932124137878
   ],
   [
    0.42994868755340576,
    -0.8564985394477844,
    0.2855772376060486
   ],
   [
    0.886694610118866,
    0.4601491689682007,
    0.04511531814932823
   ]
  ]
 },
 {
  "rotation_euler": [
   1.5327142477035522,
   1.3159929513931274,
   1.4434391260147095
  ],
  "euler_order": "XYZ",
  "rotation_matrix": [
   [
    0.032014328986406326,
    0.08505866676568985,
    0.9958614706993103
   ],
   [
    0.2500137388706207,
    0.9640151858329773,
    -0.0903758853673935
   ],
   [
    -0.9677128791809082,
    0.25187239050865173,
    0.009596463292837143
   ]
  ]
 },
 {
  "rotation_euler": [
   -2.089850425720215,
   1.182246446609497,
   0.4410178065299988
  ],
  "euler_order": "XYZ",
  "rotation_matrix": [
   [
    0.3425978422164917,
    -0.5149311423301697,
    -0.7857942581176758
   ],
   [
    0.1617145836353302,
    -0.7916052341461182,
    0.5892449021339417
   ],
   [
    -0.9254593849182129,
    -0.32894840836524963,
    -0.1879303753376007
   ]
  ]
 },
 {
  "rotation_euler": [
   1.4740259647369385,
   1.224743127822876,
   1.1343717575073242
  ],
  "euler_order": "XYZ",
  "rotation_matrix": [
   [
    0.1433752477169037,
    0.3082199990749359,
    0.9404488205909729
   ],
   [
    0.30739516019821167,
    0.8893965482711792,
    -0.33835193514823914
   ],
   [
    -0.9407187700271606,
    0.3376007080078125,
    0.03277210518717766
   ]
  ]
 },
 {
  "rotation_euler": [
   1.5339847803115845,
   1.3046798706054688,
   1.2770907878875732
  ],
  "euler_order": "XYZ",
  "rotation_matrix": [
   [
    0.07613489776849747,
    0.24389402568340302,
    0.9668087363243103
   ],
   [
    0.25172489881515503,
    0.9335134625434875,
    -0.25531771779060364
   ],
   [
    -0.9647994637489319,
    0.2628084123134613,
    0.009678756818175316
   ]
  ]
 },
 {
  "rotation_euler": [
   -1.6045711040496826,
   1.840410590171814,
   1.2129944562911987
  ],
  "euler_order": "XYZ",
  "rotation_matrix": [
   [
    -0.09328345954418182,
    -0.3057418763637543,
    -0.9475337266921997
   ],
   [
    -0.24949081242084503,
    -0.9141418933868408,
    0.31952932476997375
   ],
   [
    -0.9638736844062805,
    0.266207754611969,
    0.008994528092443943
   ]
  ]
 }
]