[
 {
  "rotation_euler": [
   -5.0946912466542926e-08,
   -8.303152299049543e-07,
   -0.6169168949127197
  ],
  "euler_order": "XYZ",
  "rotation_matrix": [
   [
    0.8156659603118896,
    0.5785231590270996,
    -6.477858960352023e-07
   ],
   [
    -0.5785231590270996,
    0.8156659603118896,
    5.219122272137611e-07
   ],
   [
    8.303152299049543e-07,
    -5.0946912466542926e-08,
    1.0
   ]
  ]
 },
 {
  "rotation_euler": [
   -1.082848257283331e-06,
   -2.5395270313310903e-06,
   -1.2689952850341797
  ],
  "euler_order": "XYZ",
  "rotation_matrix": [
   [
    0.29724031686782837,
    0.9548026919364929,
    2.7905659294447105e-07
   ],
   [
    -0.9548026919364929,
    0.29724031686782837,
    2.7466135179565754e-06
   ],
   [
    2.5395270313310903e-06,
    -1.082848257283331e-06,
    1.0
   ]
  ]
 },
 {
  "rotation_euler": [
   4.504714070208138e-06,
   2.4359621875191806e-07,
   0.029712656512856483
  ],
  "euler_order": "XYZ",
  "rotation_matrix": [
   [
    0.9995586276054382,
    -0.02970828488469124,
    3.7731601310042606e-07
   ],
   [
    0.02970828488469124,
    0.9995586276054382,
    -4.495489065448055e-06
   ],
   [
    -2.4359621875191806e-07,
    4.504714070208138e-06,
    1.0
   ]
  ]
 },
 {
  "rotation_euler": [
   2.165293835787452e-06,
   -4.658470061258413e-06,
   -1.5528508424758911
  ],
  "euler_order": "XYZ",
  "rotation_matrix": [
   [
    0.017944520339369774,
    0.9998390078544617,
    -2.2485392037197016e-06
   ],
   [
    -0.9998390078544617,
    0.017944520339369774,
    4.618864750227658e-06
   ],
   [
    4.658470061258413e-06,
    2.165293835787452e-06,
    1.0
   ]
  ]
 },
 {
  "rotation_euler": [
   1.6944592289291904e-06,
   -6.900836524437182e-07,
   0.23060281574726105
  ],
  "euler_order": "XYZ",
  "rotation_matrix": [
   [
    0.9735288023948669,
    -0.22856442630290985,
    -2.845231961146055e-07
   ],
   [
    0.22856442630290985,
    0.9735288023948669,
    -1.8073334331347723e-06
   ],
   [
    6.900836524437182e-07,
    1.6944592289291904e-06,
    1.0
   ]
  ]
 },
 {
  "rotation_euler": [
   -4.039979103254154e-06,
   -3.3686576443869853e-06,
   -0.12660440802574158
  ],
  "euler_order": "XYZ",
  "rotation_matrix": [
   [
    0.9919963479042053,
    0.1262664645910263,
    -2.8315821509750094e-06
   ],
   [
    -0.1262664645910263,
    0.9919963479042053,
    4.432993137015728e-06
   ],
   [
    3.3686576443869853e-06,
    -4.039979103254154e-06,
    1.0
   ]
  ]
 },
 {
  "rotation_euler": [
   1.2669755244942849e-09,
   -1.2454740954126464e-06,
   -1.1264042854309082
  ],
  "euler_order": "XYZ",
  "rotation_matrix": [
   [
    0.4299090504646301,
    0.9028722047805786,
    -5.365844799598563e-07
   ],
   [
    -0.9028722047805786,
    0.4299090504646301,
    1.1239592367928708e-06
   ],
   [
    1.2454740954126464e-06,
    1.2669755244942849e-09,
    1.0
   ]
  ]
 },
 {
  "rotation_euler": [
   -7.227247689201022e-09,
   6.89250114760398e-08,
   2.0606489181518555
  ],
  "euler_order": "XYZ",
  "rotation_matrix": [
   [
    -0.4704958200454712,
    -0.882402241230011,
    -3.88062701972558e-08
   ],
   [
    0.882402241230011,
    -0.4704958200454712,
    5.74191929558765e-08
   ],
   [
    -6.89250114760398e-08,
    -7.227247689201022e-09,
    1.0
   ]
  ]
 },
 {
  "rotation_euler": [
   -2.7853423034684965e-07,
   -6.481072887254413e-07,
   2.5296103954315186
  ],
  "euler_order": "XYZ",
  "rotation_matrix": [
   [
    -0.8185108304023743,
    -0.5744910836219788,
    3.704674043092382e-07
   ],
   [
    0.5744910836219788,
    -0.8185108304023743,
    -6.003151611366775e-07
   ],
   [
    6.481072887254413e-07,
    -2.7853423034684965e-07,
    1.0
   ]
  ]
 },
 {
  "rotation_euler": [
   -1.4301160717877792e-06,
   4.046941285196226e-06,
   -2.123292922973633
  ],
  "euler_order": "XYZ",
  "rotation_matrix": [
   [
    -0.5248140096664429,
    0.8512169122695923,
    -9.065524864126928e-07
   ],
   [
    -0.8512169122695923,
    -0.5248140096664429,
    -4.195369911030866e-06
   ],
   [
    -4.046941285196226e-06,
    -1.4301160717877792e-06,
    1.0
   ]
  ]
 },
 {
  "rotation_euler": [
   1.2717190145394852e-07,
   -1.608062234481622e-06,
   2.374394416809082
  ],
  "euler_order": "XYZ",
  "rotation_matrix": [
   [
    -0.7198582291603088,
    -0.6941211223602295,
    1.245849603037641e-06
   ],
   [
    0.6941211223602295,
    -0.7198582291603088,
    -1.0246441206618329e-06
   ],
   [
    1.608062234481622e-06,
    1.2717190145394852e-07,
    1.0
   ]
  ]
 },
 {
  "rotation_euler": [
   0.003657021326944232,
   0.006706727668642998,
   2.8035125732421875
  ],
  "euler_order": "XYZ",
  "rotation_matrix": [
   [
    -0.9433719515800476,
    -0.33169737458229065,
    -0.005114046391099691
   ],
   [
    0.33166900277137756,
    -0.943378746509552,
    0.005674433428794146
   ],
   [
    -0.0067066773772239685,
    0.0036569309886544943,
    0.9999707937240601
   ]
  ]
 },
 {
  "rotation_euler": [
   -1.0749268852805471e-07,
   -2.6277234610461164e-07,
   -0.465960830450058
  ],
  "euler_order": "XYZ",
  "rotation_matrix": [
   [
    0.8933902978897095,
    0.44928139448165894,
    -1.8646379373876698e-07
   ],
   [
    -0.44928139448165894,
    0.8933902978897095,
    2.1409165640307037e-07
   ],
   [
    2.6277234610461164e-07,
    -1.0749268852805471e-07,
    1.0
   ]
  ]
 },
 {
  "rotation_euler": [
   -1.0400690797496281e-07,
   -6.099677420934313e-07,
   -0.5123359560966492
  ],
  "euler_order": "XYZ",
  "rotation_matrix": [
   [
    0.8716017603874207,
    0.49021461606025696,
    -4.806632318832271e-07
   ],
   [
    -0.49021461606025696,
    0.8716017603874207,
    3.896676901149476e-07
   ],
   [
    6.099677420934313e-07,
    -1.0400690797496281e-07,
    1.0
   ]
  ]
 },
 {
  "rotation_euler": [
   -5.201647823582789e-08,
   -2.131628633605942e-07,
   -0.08041904121637344
  ],
  "euler_order": "XYZ",
  "rotation_matrix": [
   [
    0.9967681169509888,
    0.08033239096403122,
    -2.082953471926885e-07
   ],
   [
    -0.08033239096403122,
    0.9967681169509888,
    6.897224835711313e-08
   ],
   [
    2.131628633605942e-07,
    -5.201647823582789e-08,
    1.0
   ]
  ]
 },
 {
  "rotation_euler": [
   -6.937687402341908e-08,
   -1.3744466969001223e-06,
   -1.9791202545166016
  ],
  "euler_order": "XYZ",
  "rotation_matrix": [
   [
    -0.39707159996032715,
    0.9177876114845276,
    6.094269906498084e-07
   ],
   [
    -0.9177876114845276,
    -0.39707159996032715,
    1.2339025943219895e-06
   ],
   [
    1.3744466969001223e-06,
    -6.937687402341908e-08,
    1.0
   ]
  ]
 }
]