[
 {
  "rotation_euler": [
   0.9609951376914978,
   -0.0220918171107769,
   -1.3190512657165527
  ],
  "euler_order": "XYZ",
  "rotation_matrix": [
   [
    0.2490336149930954,
    0.5501416325569153,
    -0.7970736622810364
   ],
   [
    -0.968242883682251,
    0.1601952463388443,
    -0.19194580614566803
   ],
   [
    0.022090019658207893,
    0.8195618391036987,
    0.5725647211074829
   ]
  ]
 },
 {
  "rotation_euler": [
   -2.709937810897827,
   -1.0333441495895386,
   0.8957914113998413
  ],
  "euler_order": "XYZ",
  "rotation_matrix": [
   [
    0.3199175298213959,
    0.9336768984794617,
    0.16093528270721436
   ],
   [
    0.39968058466911316,
    -0.2870045006275177,
    0.8705652356147766
   ],
   [
    0.8590158224105835,
    -0.2141863852739334,
    -0.4649903178215027
   ]
  ]
 },
 {
  "rotation_euler": [
   0.9586851596832275,
   -0.010773757472634315,
   1.3490736484527588
  ],
  "euler_order": "XYZ",
  "rotation_matrix": [
   [
    0.21989768743515015,
    -0.5624695420265198,
    0.7970401644706726
   ],
   [
    0.9754634499549866,
    0.11775818467140198,
    -0.18602170050144196
   ],
   [
    0.010773548856377602,
    0.8183892965316772,
    0.5745632648468018
   ]
  ]
 },
 {
  "rotation_euler": [
   0.4622064232826233,
   -1.9653282165527344,
   -2.0899996757507324
  ],
  "euler_order": "XYZ",
  "rotation_matrix": [
   [
    0.19072304666042328,
    0.9813779592514038,
    0.02284695766866207
   ],
   [
    0.33372098207473755,
    -0.08670885860919952,
    0.938675582408905
   ],
   [
    0.9231765866279602,
    -0.17140255868434906,
    -0.3440437912940979
   ]
  ]
 },
 {
  "rotation_euler": [
   0.9586893916130066,
   -0.01078164204955101,
   -0.1782541573047638
  ],
  "euler_order": "XYZ",
  "rotation_matrix": [
   [
    0.9840975403785706,
    0.09319793432950974,
    -0.151215597987175
   ],
   [
    -0.17730136215686798,
    0.5670531392097473,
    -0.8043723702430725
   ],
   [
    0.010781433433294296,
    0.8183916211128235,
    0.57455974817276
   ]
  ]
 },
 {
  "rotation_euler": [
   0.03097771853208542,
   0.003283941885456443,
   -0.9125346541404724
  ],
  "euler_order": "XYZ",
  "rotation_matrix": [
   [
    0.6117393374443054,
    0.7907395362854004,
    -0.022493256255984306
   ],
   [
    -0.7910525798797607,
    0.611368715763092,
    -0.021543895825743675
   ],
   [
    -0.0032839360646903515,
    0.030972598120570183,
    0.9995148181915283
   ]
  ]
 },
 {
  "rotation_euler": [
   -2.7438805103302,
   -0.09916630387306213,
   0.8652376532554626
  ],
  "euler_order": "XYZ",
  "rotation_matrix": [
   [
    0.6452733874320984,
    0.7266988158226013,
    -0.235650435090065
   ],
   [
    0.7575094103813171,
    -0.5686563849449158,
    0.3206390142440796
   ],
   [
    0.0990038514137268,
    -0.3854072391986847,
    -0.9174200296401978
   ]
  ]
 },
 {
  "rotation_euler": [
   0.4267382025718689,
   -2.1335291862487793,
   1.8456796407699585
  ],
  "euler_order": "XYZ",
  "rotation_matrix": [
   [
    0.1448102742433548,
    -0.7811205983161926,
    0.6073554158210754
   ],
   [
    -0.5134704113006592,
    -0.5840293765068054,
    -0.6286953687667847
   ],
   [
    0.8458002805709839,
    -0.22081749141216278,
    -0.4856557548046112
   ]
  ]
 },
 {
  "rotation_euler": [
   0.03097996860742569,
   0.0032855188474059105,
   1.254075527191162
  ],
  "euler_order": "XYZ",
  "rotation_matrix": [
   [
    0.31145045161247253,
    -0.9497741460800171,
    0.030457161366939545
   ],
   [
    0.9502567052841187,
    0.3113994002342224,
    -0.0065266345627605915
   ],
   [
    -0.003285513026639819,
    0.030974846333265305,
    0.9995147585868835
   ]
  ]
 },
 {
  "rotation_euler": [
   0.03096168115735054,
   0.0032601766288280487,
   -0.43807870149612427
  ],
  "euler_order": "XYZ",
  "rotation_matrix": [
   [
    0.9055635333061218,
    0.4240884780883789,
    -0.01018096599727869
   ],
   [
    -0.42419812083244324,
    0.9050915241241455,
    -0.029415741562843323
   ],
   [
    -0.0032601708080619574,
    0.03095657005906105,
    0.9995154142379761
   ]
  ]
 },
 {
  "rotation_euler": [
   0.03519098833203316,
   0.14442412555217743,
   0.9542390704154968
  ],
  "euler_order": "XYZ",
  "rotation_matrix": [
   [
    0.5722097754478455,
    -0.8124408721923828,
    0.11187427490949631
   ],
   [
    0.8073799014091492,
    0.582003116607666,
    0.09700571000576019
   ],
   [
    -0.1439225673675537,
    0.03481742739677429,
    0.988976240158081
   ]
  ]
 },
 {
  "rotation_euler": [
   0.03096047043800354,
   0.0032624437008053064,
   -2.332245111465454
  ],
  "euler_order": "XYZ",
  "rotation_matrix": [
   [
    -0.689967155456543,
    0.7234205603599548,
    -0.024656666442751884
   ],
   [
    -0.7238333225250244,
    -0.6897132992744446,
    0.01899806782603264
   ],
   [
    -0.003262437880039215,
    0.03095535933971405,
    0.9995154142379761
   ]
  ]
 },
 {
  "rotation_euler": [
   0.9586859941482544,
   -0.01079573668539524,
   -2.593212127685547
  ],
  "euler_order": "XYZ",
  "rotation_matrix": [
   [
    -0.8533201813697815,
    0.30708014965057373,
    -0.42136266827583313
   ],
   [
    -0.521275520324707,
    -0.4857368767261505,
    0.7016633749008179
   ],
   [
    0.010795527137815952,
    0.8183895349502563,
    0.5745624303817749
   ]
  ]
 },
 {
  "rotation_euler": [
   0.9586856365203857,
   -0.010799753479659557,
   -0.8197688460350037
  ],
  "euler_order": "XYZ",
  "rotation_matrix": [
   [
    0.6823503971099854,
    0.4139915108680725,
    -0.6025022268295288
   ],
   [
    -0.7309454679489136,
    0.3985598385334015,
    -0.5539573431015015
   ],
   [
    0.010799543932080269,
    0.8183892965316772,
    0.574562668800354
   ]
  ]
 },
 {
  "rotation_euler": [
   0.4400478005409241,
   -2.071228265762329,
   -1.8750582933425903
  ],
  "euler_order": "XYZ",
  "rotation_matrix": [
   [
    0.14374423027038574,
    0.9751459360122681,
    -0.16860605776309967
   ],
   [
    0.4577663242816925,
    0.0855322778224945,
    0.88494873046875
   ],
   [
    0.8773754239082336,
    -0.20438843965530396,
    -0.4340941905975342
   ]
  ]
 },
 {
  "rotation_euler": [
   0.030971858650445938,
   0.0032685708720237017,
   0.5262253284454346
  ],
  "euler_order": "XYZ",
  "rotation_matrix": [
   [
    0.8647045493125916,
    -0.5019445419311523,
    0.018378842622041702
   ],
   [
    0.5022702217102051,
    0.8643452525138855,
    -0.025136442855000496
   ],
   [
    -0.0032685650512576103,
    0.030966741964221,
    0.9995150566101074
   ]
  ]
 }
]