[
 {
  "rotation_euler": [
   -0.28075212240219116,
   0.17470671236515045,
   0.992343544960022
  ],
  "euler_order": "XYZ",
  "rotation_matrix": [
   [
    0.5384065508842468,
    -0.8308579921722412,
    -0.14068907499313354
   ],
   [
    0.8245636820793152,
    0.484997034072876,
    0.2913290858268738
   ],
   [
    -0.17381931841373444,
    -0.272860586643219,
    0.946220874786377
   ]
  ]
 },
 {
  "rotation_euler": [
   1.018513798713684,
   1.3843268156051636,
   0.6233986616134644
  ],
  "euler_order": "XYZ",
  "rotation_matrix": [
   [
    0.15051858127117157,
    0.3729325234889984,
    0.9155684113502502
   ],
   [
    0.10823073983192444,
    0.914336621761322,
    -0.39022383093833923
   ],
   [
    -0.9826648831367493,
    0.15782858431339264,
    0.09726189076900482
   ]
  ]
 },
 {
  "rotation_euler": [
   -0.28075459599494934,
   0.1747014820575714,
   -0.835166871547699
  ],
  "euler_order": "XYZ",
  "rotation_matrix": [
   [
    0.6608394980430603,
    0.6800615191459656,
    0.3175019323825836
   ],
   [
    -0.7301231026649475,
    0.6804866194725037,
    0.06211444362998009
   ],
   [
    -0.17381417751312256,
    -0.2728631794452667,
    0.9462210536003113
   ]
  ]
 },
 {
  "rotation_euler": [
   -0.28075453639030457,
   0.1747010350227356,
   -0.6512198448181152
  ],
  "euler_order": "XYZ",
  "rotation_matrix": [
   [
    0.7832386493682861,
    0.5441198348999023,
    0.3007836639881134
   ],
   [
    -0.5969304442405701,
    0.7933973073959351,
    0.11914147436618805
   ],
   [
    -0.17381373047828674,
    -0.27286314964294434,
    0.9462211728096008
   ]
  ]
 },
 {
  "rotation_euler": [
   -0.28075361251831055,
   0.17470155656337738,
   -1.65782630443573
  ],
  "euler_order": "XYZ",
  "rotation_matrix": [
   [
    -0.08559709787368774,
    0.9613964557647705,
    0.26151472330093384
   ],
   [
    -0.9810513257980347,
    -0.03553881496191025,
    -0.19046062231063843
   ],
   [
    -0.17381425201892853,
    -0.2728622555732727,
    0.9462213516235352
   ]
  ]
 },
 {
  "rotation_euler": [
   1.018514633178711,
   1.3843269348144531,
   0.378410667181015
  ],
  "euler_order": "XYZ",
  "rotation_matrix": [
   [
    0.17227481305599213,
    0.5835649967193604,
    0.793582558631897
   ],
   [
    0.06849147379398346,
    0.7965814471244812,
    -0.600638747215271
   ],
   [
    -0.9826648831367493,
    0.15782856941223145,
    0.0972616970539093
   ]
  ]
 },
 {
  "rotation_euler": [
   -2.123079538345337,
   1.7572659254074097,
   0.5367432236671448
  ],
  "euler_order": "XYZ",
  "rotation_matrix": [
   [
    -0.1593209207057953,
    -0.4506657123565674,
    -0.8783605694770813
   ],
   [
    -0.09479774534702301,
    -0.8786299228668213,
    0.467998743057251
   ],
   [
    -0.9826648831367493,
    0.15782859921455383,
    0.09726203978061676
   ]
  ]
 },
 {
  "rotation_euler": [
   1.0185140371322632,
   1.384326696395874,
   1.2749240398406982
  ],
  "euler_order": "XYZ",
  "rotation_matrix": [
   [
    0.05405522510409355,
    -0.25791260600090027,
    0.9646549224853516
   ],
   [
    0.17733530700206757,
    0.95319002866745,
    0.24491018056869507
   ],
   [
    -0.9826648831367493,
    0.1578287035226822,
    0.09726191312074661
   ]
  ]
 },
 {
  "rotation_euler": [
   1.0185129642486572,
   1.384326696395874,
   -2.1076457500457764
  ],
  "euler_order": "XYZ",
  "rotation_matrix": [
   [
    -0.09481468051671982,
    0.022980980575084686,
    -0.9952296614646912
   ],
   [
    -0.15931087732315063,
    -0.987199068069458,
    -0.007618133444339037
   ],
   [
    -0.9826648831367493,
    0.15782859921455383,
    0.09726208448410034
   ]
  ]
 },
 {
  "rotation_euler": [
   -2.123079299926758,
   1.7572659254074097,
   0.6777715682983398
  ],
  "euler_order": "XYZ",
  "rotation_matrix": [
   [
    -0.1444142907857895,
    -0.32269033789634705,
    -0.9354225993156433
   ],
   [
    -0.11625094711780548,
    -0.9332529306411743,
    0.33988913893699646
   ],
   [
    -0.9826648831367493,
    0.15782861411571503,
    0.09726200252771378
   ]
  ]
 },
 {
  "rotation_euler": [
   1.018513798713684,
   1.384326696395874,
   -2.1556897163391113
  ],
  "euler_order": "XYZ",
  "rotation_matrix": [
   [
    -0.10235625505447388,
    -0.024457082152366638,
    -0.9944471120834351
   ],
   [
    -0.15457352995872498,
    -0.9871636033058167,
    0.04018786922097206
   ],
   [
    -0.9826648831367493,
    0.157828688621521,
    0.0972619503736496
   ]
  ]
 },
 {
  "rotation_euler": [
   -0.28075242042541504,
   0.17470967769622803,
   0.4329395890235901
  ],
  "euler_order": "XYZ",
  "rotation_matrix": [
   [
    0.893917977809906,
    -0.4468335807323456,
    0.03536120057106018
   ],
   [
    0.41315433382987976,
    0.8519898653030396,
    0.3215847313404083
   ],
   [
    -0.17382223904132843,
    -0.27286073565483093,
    0.9462202787399292
   ]
  ]
 },
 {
  "rotation_euler": [
   1.0185132026672363,
   1.3843265771865845,
   -1.1539894342422485
  ],
  "euler_order": "XYZ",
  "rotation_matrix": [
   [
    0.07505421340465546,
    0.8183963298797607,
    -0.5697318315505981
   ],
   [
    -0.16951899230480194,
    -0.552555501461029,
    -0.8160549998283386
   ],
   [
    -0.9826648235321045,
    0.15782873332500458,
    0.09726210683584213
   ]
  ]
 },
 {
  "rotation_euler": [
   1.0185128450393677,
   1.3843265771865845,
   0.3646226227283478
  ],
  "euler_order": "XYZ",
  "rotation_matrix": [
   [
    0.17320309579372406,
    0.5944910645484924,
    0.7852267622947693
   ],
   [
    0.06610982865095139,
    0.7884608507156372,
    -0.61152184009552
   ],
   [
    -0.9826648235321045,
    0.157828688621521,
    0.09726215898990631
   ]
  ]
 },
 {
  "rotation_euler": [
   -0.28075459599494934,
   0.17470042407512665,
   -1.423251986503601
  ],
  "euler_order": "XYZ",
  "rotation_matrix": [
   [
    0.14477191865444183,
    0.9433270692825317,
    0.2986220717430115
   ],
   [
    -0.9740790724754333,
    0.18889069557189941,
    -0.12445969879627228
   ],
   [
    -0.173813134431839,
    -0.2728632390499115,
    0.9462212324142456
   ]
  ]
 },
 {
  "rotation_euler": [
   -0.2807518243789673,
   0.17470842599868774,
   1.0605459213256836
  ],
  "euler_order": "XYZ",
  "rotation_matrix": [
   [
    0.48096105456352234,
    -0.8619789481163025,
    -0.1602148711681366
   ],
   [
    0.8593385219573975,
    0.4272465705871582,
    0.2810651957988739
   ],
   [
    -0.17382100224494934,
    -0.27286022901535034,
    0.9462206959724426
   ]
  ]
 }
]