[
 {
  "rotation_euler": [
   -2.2971525481807475e-07,
   3.137957094168087e-07,
   -0.36118489503860474
  ],
  "euler_order": "XYZ",
  "rotation_matrix": [
   [
    0.9354787468910217,
    0.3533829152584076,
    3.7472668168447854e-07
   ],
   [
    -0.3533829152584076,
    0.9354787468910217,
    1.0400369632179718e-07
   ],
   [
    -3.137957094168087e-07,
    -2.2971525481807475e-07,
    1.0
   ]
  ]
 },
 {
  "rotation_euler": [
   2.776269525384123e-07,
   -1.7374119920532394e-07,
   -0.0010256109526380897
  ],
  "euler_order": "XYZ",
  "rotation_matrix": [
   [
    0.999999463558197,
    0.001025610719807446,
    -1.7402584262526943e-07
   ],
   [
    -0.001025610719807446,
    0.999999463558197,
    -2.774486063117365e-07
   ],
   [
    1.7374119920532394e-07,
    2.776269525384123e-07,
    1.0
   ]
  ]
 },
 {
  "rotation_euler": [
   -1.2082169575933221e-07,
   2.3879508148638706e-07,
   0.6709756851196289
  ],
  "euler_order": "XYZ",
  "rotation_matrix": [
   [
    0.7832154035568237,
    -0.6217504739761353,
    1.119070418553747e-07
   ],
   [
    0.6217504739761353,
    0.7832154035568237,
    2.4310037360919523e-07
   ],
   [
    -2.3879508148638706e-07,
    -1.2082169575933221e-07,
    1.0
   ]
  ]
 },
 {
  "rotation_euler": [
   1.878028257351616e-07,
   4.290799324735417e-07,
   1.1567721366882324
  ],
  "euler_order": "XYZ",
  "rotation_matrix": [
   [
    0.4022967517375946,
    -0.9155093431472778,
    3.4455271702427126e-07
   ],
   [
    0.9155093431472778,
    0.4022967517375946,
    3.172742140122864e-07
   ],
   [
    -4.290799324735417e-07,
    1.878028257351616e-07,
    1.0
   ]
  ]
 },
 {
  "rotation_euler": [
   4.95790118293371e-07,
   6.124608820101685e-09,
   1.1131353378295898
  ],
  "euler_order": "XYZ",
  "rotation_matrix": [
   [
    0.44185101985931396,
    -0.8970884680747986,
    4.474737522741634e-07
   ],
   [
    0.8970884680747986,
    0.44185101985931396,
    -2.1357105595143366e-07
   ],
   [
    -6.124608820101685e-09,
    4.95790118293371e-07,
    1.0
   ]
  ]
 },
 {
  "rotation_euler": [
   -2.8701859378088557e-07,
   3.600558784455643e-07,
   -0.36871954798698425
  ],
  "euler_order": "XYZ",
  "rotation_matrix": [
   [
    0.9327896237373352,
    0.3604213297367096,
    4.393040171635221e-07
   ],
   [
    -0.3604213297367096,
    0.9327896237373352,
    1.37956135404238e-07
   ],
   [
    -3.600558784455643e-07,
    -2.8701859378088557e-07,
    1.0
   ]
  ]
 },
 {
  "rotation_euler": [
   -4.360808247838577e-07,
   6.174119562274427e-07,
   -2.5781073570251465
  ],
  "euler_order": "XYZ",
  "rotation_matrix": [
   [
    -0.8453986048698425,
    0.5341358780860901,
    -2.8903278348479944e-07
   ],
   [
    -0.5341358780860901,
    -0.8453986048698425,
    -6.984440119595092e-07
   ],
   [
    -6.174119562274427e-07,
    -4.360808247838577e-07,
    1.0
   ]
  ]
 },
 {
  "rotation_euler": [
   -3.563482664503681e-07,
   -3.072293282002647e-07,
   -1.7369917631149292
  ],
  "euler_order": "XYZ",
  "rotation_matrix": [
   [
    -0.165431410074234,
    0.9862213134765625,
    4.0226362330031407e-07
   ],
   [
    -0.9862213134765625,
    -0.165431410074234,
    2.4404491227869585e-07
   ],
   [
    3.072293282002647e-07,
    -3.563482664503681e-07,
    1.0
   ]
  ]
 },
 {
  "rotation_euler": [
   -2.3376702529276372e-07,
   3.3226697837562824e-07,
   2.116163730621338
  ],
  "euler_order": "XYZ",
  "rotation_matrix": [
   [
    -0.5187322497367859,
    -0.8549367785453796,
    -3.722136057149328e-07
   ],
   [
    0.8549367785453796,
    -0.5187322497367859,
    1.6280476700103463e-07
   ],
   [
    -3.3226697837562824e-07,
    -2.3376702529276372e-07,
    1.0
   ]
  ]
 },
 {
  "rotation_euler": [
   8.495514975948026e-07,
   -1.0212294654365905e-07,
   -2.8160529136657715
  ],
  "euler_order": "XYZ",
  "rotation_matrix": [
   [
    -0.9474782347679138,
    0.31982022523880005,
    -1.7494447490662424e-07
   ],
   [
    -0.31982022523880005,
    -0.9474782347679138,
    8.375925517611904e-07
   ],
   [
    1.0212294654365905e-07,
    8.495514975948026e-07,
    1.0
   ]
  ]
 },
 {
  "rotation_euler": [
   -3.361074618624116e-07,
   3.806555355367891e-07,
   -1.964557409286499
  ],
  "euler_order": "XYZ",
  "rotation_matrix": [
   [
    -0.3836643695831299,
    0.9234725832939148,
    1.6434206884241576e-07
   ],
   [
    -0.9234725832939148,
    -0.3836643695831299,
    -4.804774107469711e-07
   ],
   [
    -3.806555355367891e-07,
    -3.361074618624116e-07,
    1.0
   ]
  ]
 },
 {
  "rotation_euler": [
   8.187473810039592e-08,
   -1.0519426041355473e-07,
   1.0640137195587158
  ],
  "euler_order": "XYZ",
  "rotation_matrix": [
   [
    0.4853667616844177,
    -0.8743106722831726,
    2.0526156774280935e-08
   ],
   [
    0.8743106722831726,
    0.4853667616844177,
    -1.317117437338311e-07
   ],
   [
    1.0519426041355473e-07,
    8.187473810039592e-08,
    1.0
   ]
  ]
 },
 {
  "rotation_euler": [
   -3.4155854677919706e-07,
   1.9828645747566043e-07,
   -3.049889326095581
  ],
  "euler_order": "XYZ",
  "rotation_matrix": [
   [
    -0.9957981705665588,
    0.09157485514879227,
    -1.6617512699212966e-07
   ],
   [
    -0.09157485514879227,
    -0.9957981705665588,
    -3.582814258606959e-07
   ],
   [
    -1.9828645747566043e-07,
    -3.4155854677919706e-07,
    1.0
   ]
  ]
 },
 {
  "rotation_euler": [
   -5.123207529322826e-07,
   5.324435505826841e-07,
   -0.8493794798851013
  ],
  "euler_order": "XYZ",
  "rotation_matrix": [
   [
    0.660449206829071,
    0.7508707046508789,
    7.363385634562292e-07
   ],
   [
    -0.7508707046508789,
    0.660449206829071,
    -6.143444153394739e-08
   ],
   [
    -5.324435505826841e-07,
    -5.123207529322826e-07,
    1.0
   ]
  ]
 },
 {
  "rotation_euler": [
   -1.055375150826876e-06,
   9.401441616319062e-07,
   -2.018559694290161
  ],
  "euler_order": "XYZ",
  "rotation_matrix": [
   [
    -0.4329504668712616,
    0.9014177322387695,
    5.442979613690113e-07
   ],
   [
    -0.9014177322387695,
    -0.4329504668712616,
    -1.304387751588365e-06
   ],
   [
    -9.401441616319062e-07,
    -1.055375150826876e-06,
    1.0
   ]
  ]
 },
 {
  "rotation_euler": [
   -1.3290245703956316e-07,
   2.5081848775698745e-07,
   0.42436957359313965
  ],
  "euler_order": "XYZ",
  "rotation_matrix": [
   [
    0.9112985134124756,
    -0.4117463529109955,
    1.7384840589329542e-07
   ],
   [
    0.4117463529109955,
    0.9112985134124756,
    2.243874064333795e-07
   ],
   [
    -2.5081848775698745e-07,
    -1.3290245703956316e-07,
    1.0
   ]
  ]
 }
]