[
 {
  "rotation_euler": [
   -2.2071621417999268,
   -0.6334389448165894,
   -0.9164698719978333
  ],
  "euler_order": "XYZ",
  "rotation_matrix": [
   [
    0.4905497133731842,
    -0.18179269134998322,
    0.8522396683692932
   ],
   [
    -0.6395245790481567,
    -0.7394236326217651,
    0.21038305759429932
   ],
   [
    0.591920018196106,
    -0.6482315063476562,
    -0.47898492217063904
   ]
  ]
 },
 {
  "rotation_euler": [
   0.9343710541725159,
   -2.5296571254730225,
   -1.2474212646484375
  ],
  "euler_order": "XYZ",
  "rotation_matrix": [
   [
    -0.2601054906845093,
    0.41671380400657654,
    -0.871030867099762
   ],
   [
    0.7761114835739136,
    0.6269014477729797,
    0.06815788894891739
   ],
   [
    0.574452817440033,
    -0.658288836479187,
    -0.486476868391037
   ]
  ]
 },
 {
  "rotation_euler": [
   -0.0018321349052712321,
   3.4019199119939003e-06,
   1.2795381546020508
  ],
  "euler_order": "XYZ",
  "rotation_matrix": [
   [
    0.2871576249599457,
    -0.9578817486763,
    -0.0017539936816319823
   ],
   [
    0.957883358001709,
    0.2871571481227875,
    0.0005293698632158339
   ],
   [
    -3.4019199119939003e-06,
    -0.0018321338575333357,
    0.9999983310699463
   ]
  ]
 },
 {
  "rotation_euler": [
   0.8029545545578003,
   2.581005334854126,
   -0.6690729260444641
  ],
  "euler_order": "XYZ",
  "rotation_matrix": [
   [
    -0.664339542388916,
    0.7308534979820251,
    -0.15654432773590088
   ],
   [
    0.5253240466117859,
    0.3075810968875885,
    -0.7933652997016907
   ],
   [
    -0.5316837430000305,
    -0.609300434589386,
    -0.5882732272148132
   ]
  ]
 },
 {
  "rotation_euler": [
   -2.2628073692321777,
   0.11505085229873657,
   -0.9630468487739563
  ],
  "euler_order": "XYZ",
  "rotation_matrix": [
   [
    0.5672463178634644,
    -0.5743004083633423,
    0.5902631878852844
   ],
   [
    -0.8155079483985901,
    -0.29179900884628296,
    0.49980008602142334
   ],
   [
    -0.1147972047328949,
    -0.7648741006851196,
    -0.6338684558868408
   ]
  ]
 },
 {
  "rotation_euler": [
   -2.1967904567718506,
   -0.4575650990009308,
   0.8367117047309875
  ],
  "euler_order": "XYZ",
  "rotation_matrix": [
   [
    0.6009949445724487,
    0.6748261451721191,
    -0.42826953530311584
   ],
   [
    0.6660696268081665,
    -0.12670756876468658,
    0.7350485920906067
   ],
   [
    0.4417649805545807,
    -0.7270178198814392,
    -0.5256317853927612
   ]
  ]
 },
 {
  "rotation_euler": [
   0.8565202355384827,
   2.9272491931915283,
   -0.5632668733596802
  ],
  "euler_order": "XYZ",
  "rotation_matrix": [
   [
    -0.8261666893959045,
    0.48566168546676636,
    -0.28562435507774353
   ],
   [
    0.5217324495315552,
    0.46805891394615173,
    -0.7132433652877808
   ],
   [
    -0.21270595490932465,
    -0.7382774353027344,
    -0.6400801539421082
   ]
  ]
 },
 {
  "rotation_euler": [
   0.9344895482063293,
   -2.552469253540039,
   1.0808675289154053
  ],
  "euler_order": "XYZ",
  "rotation_matrix": [
   [
    -0.39123934507369995,
    -0.7346190214157104,
    0.5543164610862732
   ],
   [
    -0.7336241602897644,
    -0.11470096558332443,
    -0.6698054075241089
   ],
   [
    0.5556324124336243,
    -0.668714165687561,
    -0.4940587282180786
   ]
  ]
 },
 {
  "rotation_euler": [
   -2.2184038162231445,
   -0.7298078536987305,
   0.8341652750968933
  ],
  "euler_order": "XYZ",
  "rotation_matrix": [
   [
    0.5006914138793945,
    0.8040881156921387,
    -0.32054704427719116
   ],
   [
    0.5520724058151245,
    -0.011406763456761837,
    0.8337181210517883
   ],
   [
    0.6667264103889465,
    -0.5944007039070129,
    -0.4496261477470398
   ]
  ]
 },
 {
  "rotation_euler": [
   -2.2072641849517822,
   -0.7079439163208008,
   -0.44521209597587585
  ],
  "euler_order": "XYZ",
  "rotation_matrix": [
   [
    0.6856443881988525,
    0.2160121351480484,
    0.6951478123664856
   ],
   [
    -0.32716450095176697,
    -0.7616280913352966,
    0.5593621730804443
   ],
   [
    0.6502731442451477,
    -0.6109512448310852,
    -0.45153453946113586
   ]
  ]
 },
 {
  "rotation_euler": [
   -0.0018288985593244433,
   4.276861602647841e-07,
   1.819270133972168
  ],
  "euler_order": "XYZ",
  "rotation_matrix": [
   [
    -0.2459249198436737,
    -0.9692872762680054,
    -0.001772835268639028
   ],
   [
    0.9692888855934143,
    -0.24592451751232147,
    -0.0004493569431360811
   ],
   [
    -4.276861602647841e-07,
    -0.001828897511586547,
    0.9999983310699463
   ]
  ]
 },
 {
  "rotation_euler": [
   0.8130620121955872,
   2.662116527557373,
   -0.8018471002578735
  ],
  "euler_order": "XYZ",
  "rotation_matrix": [
   [
    -0.6169670820236206,
    0.7269258499145508,
    -0.30154672265052795
   ],
   [
    0.6376053690910339,
    0.23710496723651886,
    -0.7329670190811157
   ],
   [
    -0.46131443977355957,
    -0.6444843411445618,
    -0.6097777485847473
   ]
  ]
 },
 {
  "rotation_euler": [
   -0.0018278993666172028,
   6.214744189492194e-06,
   -3.084050178527832
  ],
  "euler_order": "XYZ",
  "rotation_matrix": [
   [
    -0.998344898223877,
    0.05751064047217369,
    9.891931404126808e-05
   ],
   [
    -0.057510726153850555,
    -0.9983432292938232,
    -0.0018252304289489985
   ],
   [
    -6.214744189492194e-06,
    -0.0018278983188793063,
    0.9999983310699463
   ]
  ]
 },
 {
  "rotation_euler": [
   0.934326171875,
   -2.43460750579834,
   1.0499247312545776
  ],
  "euler_order": "XYZ",
  "rotation_matrix": [
   [
    -0.3783646523952484,
    -0.7754865288734436,
    0.5054312944412231
   ],
   [
    -0.6594938635826111,
    -0.1573147475719452,
    -0.7350645661354065
   ],
   [
    0.6495444774627686,
    -0.6114513278007507,
    -0.4519062936306
   ]
  ]
 },
 {
  "rotation_euler": [
   0.9539465308189392,
   -2.8046000003814697,
   0.7319229245185852
  ],
  "euler_order": "XYZ",
  "rotation_matrix": [
   [
    -0.7020493149757385,
    -0.5872282385826111,
    0.40285202860832214
   ],
   [
    -0.630711555480957,
    0.2500676214694977,
    -0.7346217036247253
   ],
   [
    0.3306503891944885,
    -0.7698240876197815,
    -0.5459314584732056
   ]
  ]
 },
 {
  "rotation_euler": [
   -2.187669277191162,
   -0.33730584383010864,
   0.02422580122947693
  ],
  "euler_order": "XYZ",
  "rotation_matrix": [
   [
    0.9433727860450745,
    0.2838835120201111,
    0.17163300514221191
   ],
   [
    0.022858433425426483,
    -0.571778416633606,
    0.82008957862854
   ],
   [
    0.3309459686279297,
    -0.7697269320487976,
    -0.5458893775939941
   ]
  ]
 }
]