[
 {
  "rotation_euler": [
   -1.5697846412658691,
   -0.6207112073898315,
   -0.30375710129737854
  ],
  "euler_order": "XYZ",
  "rotation_matrix": [
   [
    0.7762241363525391,
    0.5552895665168762,
    0.298545777797699
   ],
   [
    -0.24331341683864594,
    -0.1729995459318161,
    0.9543949365615845
   ],
   [
    0.5816138386726379,
    -0.8134645819664001,
    0.0008229706436395645
   ]
  ]
 },
 {
  "rotation_euler": [
   -1.5696481466293335,
   -0.620492160320282,
   1.6044921875
  ],
  "euler_order": "XYZ",
  "rotation_matrix": [
   [
    -0.02740950882434845,
    -0.020735783502459526,
    -0.9994091987609863
   ],
   [
    0.8131305575370789,
    0.5810665488243103,
    -0.034356676042079926
   ],
   [
    0.5814356207847595,
    -0.8135918378829956,
    0.0009341504191979766
   ]
  ]
 },
 {
  "rotation_euler": [
   -1.5697463750839233,
   -0.6207792162895203,
   -0.3118325173854828
  ],
  "euler_order": "XYZ",
  "rotation_matrix": [
   [
    0.7741963267326355,
    0.5539388060569763,
    0.3062218427658081
   ],
   [
    -0.249561607837677,
    -0.17745859920978546,
    0.9519597887992859
   ],
   [
    0.5816691517829895,
    -0.8134250044822693,
    0.0008540573180653155
   ]
  ]
 },
 {
  "rotation_euler": [
   -1.5698106288909912,
   -0.6193355321884155,
   1.5479485988616943
  ],
  "euler_order": "XYZ",
  "rotation_matrix": [
   [
    0.01860247179865837,
    0.01227637380361557,
    -0.9997515678405762
   ],
   [
    0.8140518069267273,
    0.5803649425506592,
    0.022273685783147812
   ],
   [
    0.580494225025177,
    -0.8142639398574829,
    0.0008026185678318143
   ]
  ]
 },
 {
  "rotation_euler": [
   -1.5697109699249268,
   -0.62093186378479,
   2.0279572010040283
  ],
  "euler_order": "XYZ",
  "rotation_matrix": [
   [
    -0.35900866985321045,
    -0.25777867436408997,
    -0.8970300555229187
   ],
   [
    0.7298145294189453,
    0.5215691924095154,
    -0.4419686496257782
   ],
   [
    0.5817933082580566,
    -0.813336193561554,
    0.000882760330568999
   ]
  ]
 },
 {
  "rotation_euler": [
   -1.5697795152664185,
   -0.620564341545105,
   2.0232930183410645
  ],
  "euler_order": "XYZ",
  "rotation_matrix": [
   [
    -0.3556942641735077,
    -0.25515085458755493,
    -0.8990993499755859
   ],
   [
    0.7316733598709106,
    0.5225269794464111,
    -0.4377438426017761
   ],
   [
    0.5814943909645081,
    -0.8135499954223633,
    0.0008272273116745055
   ]
  ]
 },
 {
  "rotation_euler": [
   1.5703293085098267,
   -0.35912734270095825,
   -1.896788477897644
  ],
  "euler_order": "XYZ",
  "rotation_matrix": [
   [
    -0.299818217754364,
    0.11299622803926468,
    -0.947280764579773
   ],
   [
    -0.8868972659111023,
    0.33279773592948914,
    0.3204042911529541
   ],
   [
    0.3514573872089386,
    0.9362037777900696,
    0.0004372243129182607
   ]
  ]
 },
 {
  "rotation_euler": [
   1.579955816268921,
   -2.3910727500915527,
   0.6987879276275635
  ],
  "euler_order": "XYZ",
  "rotation_matrix": [
   [
    -0.5599260330200195,
    -0.5162550806999207,
    0.6480458974838257
   ],
   [
    -0.4704602062702179,
    -0.44573038816452026,
    -0.7615718245506287
   ],
   [
    0.682019054889679,
    -0.7313036918640137,
    0.006698555778712034
   ]
  ]
 },
 {
  "rotation_euler": [
   1.5703293085098267,
   -0.35911622643470764,
   -0.4359559714794159
  ],
  "euler_order": "XYZ",
  "rotation_matrix": [
   [
    0.8486412763595581,
    -0.3183777630329132,
    -0.42242589592933655
   ],
   [
    -0.39533916115760803,
    0.1488313525915146,
    -0.9063973426818848
   ],
   [
    0.3514469861984253,
    0.9362077116966248,
    0.00043722614645957947
   ]
  ]
 },
 {
  "rotation_euler": [
   -1.569775104522705,
   -0.6211776733398438,
   -1.7463451623916626
  ],
  "euler_order": "XYZ",
  "rotation_matrix": [
   [
    -0.14202310144901276,
    -0.10063870251178741,
    0.9847341179847717
   ],
   [
    -0.800695538520813,
    -0.5732265710830688,
    -0.17406326532363892
   ],
   [
    0.5819932222366333,
    -0.8131932020187378,
    0.0008304513175971806
   ]
  ]
 },
 {
  "rotation_euler": [
   1.5703295469284058,
   -0.35913166403770447,
   1.7787891626358032
  ],
  "euler_order": "XYZ",
  "rotation_matrix": [
   [
    -0.19332243502140045,
    0.07211879640817642,
    0.978481113910675
   ],
   [
    0.9160247445106506,
    -0.34398284554481506,
    0.2063358724117279
   ],
   [
    0.3514614403247833,
    0.9362022876739502,
    0.0004370003880467266
   ]
  ]
 },
 {
  "rotation_euler": [
   1.5703293085098267,
   -0.35912269353866577,
   -0.068984754383564
  ],
  "euler_order": "XYZ",
  "rotation_matrix": [
   [
    0.9339787364006042,
    -0.35058486461639404,
    -0.06909378618001938
   ],
   [
    -0.06453269720077515,
    0.02469157986342907,
    -0.9976100921630859
   ],
   [
    0.35145303606987,
    0.9362053871154785,
    0.00043722506961785257
   ]
  ]
 },
 {
  "rotation_euler": [
   1.57181715965271,
   -2.5209717750549316,
   -0.00040407548658549786
  ],
  "euler_order": "XYZ",
  "rotation_matrix": [
   [
    -0.8135175108909607,
    -0.5815404057502747,
    0.00018958009604830295
   ],
   [
    0.0003287224972154945,
    -0.000785846496000886,
    -0.9999996423721313
   ],
   [
    0.5815403461456299,
    -0.813517153263092,
    0.0008304652874357998
   ]
  ]
 },
 {
  "rotation_euler": [
   1.5703293085098267,
   -0.3591240346431732,
   2.467102527618408
  ],
  "euler_order": "XYZ",
  "rotation_matrix": [
   [
    -0.7311999797821045,
    0.2742030620574951,
    0.6246272921562195
   ],
   [
    0.5846592783927917,
    -0.2198476344347,
    0.7809228897094727
   ],
   [
    0.3514542877674103,
    0.9362049698829651,
    0.00043722486589103937
   ]
  ]
 },
 {
  "rotation_euler": [
   -1.5697264671325684,
   -0.6206001043319702,
   0.9061480760574341
  ],
  "euler_order": "XYZ",
  "rotation_matrix": [
   [
    0.5017706751823425,
    0.35783106088638306,
    -0.7875170707702637
   ],
   [
    0.6403566598892212,
    0.45839637517929077,
    0.6162922382354736
   ],
   [
    0.5815234780311584,
    -0.8135291337966919,
    0.0008703623898327351
   ]
  ]
 },
 {
  "rotation_euler": [
   1.5703295469284058,
   -0.35913312435150146,
   2.1993331909179688
  ],
  "euler_order": "XYZ",
  "rotation_matrix": [
   [
    -0.5504509806632996,
    0.20626913011074066,
    0.8089849948883057
   ],
   [
    0.7572830319404602,
    -0.2845686674118042,
    0.5878291130065918
   ],
   [
    0.35146278142929077,
    0.9362017512321472,
    0.00043700015521608293
   ]
  ]
 }
]