[
 {
  "rotation_euler": [
   -9.828994734562002e-06,
   -2.38518100559304e-06,
   -2.897984266281128
  ],
  "euler_order": "XYZ",
  "rotation_matrix": [
   [
    -0.9704739451408386,
    0.24120603501796722,
    4.685568910645088e-06
   ],
   [
    -0.24120603501796722,
    -0.9704739451408386,
    -8.963463187683374e-06
   ],
   [
    2.38518100559304e-06,
    -9.828994734562002e-06,
    1.0
   ]
  ]
 },
 {
  "rotation_euler": [
   1.828294807637576e-05,
   1.6757750245233183e-06,
   -2.079082489013672
  ],
  "euler_order": "XYZ",
  "rotation_matrix": [
   [
    -0.4866807758808136,
    0.8735798597335815,
    -1.6787183994892985e-05
   ],
   [
    -0.8735798597335815,
    -0.4866807758808136,
    7.434036433551228e-06
   ],
   [
    -1.6757750245233183e-06,
    1.828294807637576e-05,
    1.0
   ]
  ]
 },
 {
  "rotation_euler": [
   0.03746557608246803,
   -0.04228418692946434,
   0.5329342484474182
  ],
  "euler_order": "XYZ",
  "rotation_matrix": [
   [
    0.8605501055717468,
    -0.509070098400116,
    -0.017353398725390434
   ],
   [
    0.5076087117195129,
    0.8599111437797546,
    -0.05372385308146477
   ],
   [
    0.04227158799767494,
    0.037423331290483475,
    0.9984050393104553
   ]
  ]
 },
 {
  "rotation_euler": [
   -0.05015954747796059,
   0.13438646495342255,
   -1.9827520847320557
  ],
  "euler_order": "XYZ",
  "rotation_matrix": [
   [
    -0.39679208397865295,
    0.9178767800331116,
    -0.0076354495249688625
   ],
   [
    -0.9080775380134583,
    -0.39374294877052307,
    -0.14269445836544037
   ],
   [
    -0.1339823305606842,
    -0.049686454236507416,
    0.989737331867218
   ]
  ]
 },
 {
  "rotation_euler": [
   1.8180888891220093,
   -2.6963835608739828e-08,
   1.5532594919204712
  ],
  "euler_order": "XYZ",
  "rotation_matrix": [
   [
    0.01753593608736992,
    0.24474214017391205,
    0.969429612159729
   ],
   [
    0.9998462200164795,
    -0.004292469006031752,
    -0.017002463340759277
   ],
   [
    2.6963835608739828e-08,
    0.9695786833763123,
    -0.2447797805070877
   ]
  ]
 },
 {
  "rotation_euler": [
   1.8180888891220093,
   1.1006446953842897e-07,
   2.1550443172454834
  ],
  "euler_order": "XYZ",
  "rotation_matrix": [
   [
    -0.5515722632408142,
    0.2041773945093155,
    0.8087518811225891
   ],
   [
    0.8341271281242371,
    0.13501383364200592,
    0.5347927212715149
   ],
   [
    -1.1006446953842897e-07,
    0.9695786833763123,
    -0.2447797805070877
   ]
  ]
 },
 {
  "rotation_euler": [
   -0.05897799879312515,
   0.07519599050283432,
   -2.210711717605591
  ],
  "euler_order": "XYZ",
  "rotation_matrix": [
   [
    -0.595440149307251,
    0.8033957481384277,
    0.0025002616457641125
   ],
   [
    -0.7998794913291931,
    -0.5925373435020447,
    -0.09535355865955353
   ],
   [
    -0.07512514293193817,
    -0.05877724289894104,
    0.9954403042793274
   ]
  ]
 },
 {
  "rotation_euler": [
   -1.763601541519165,
   -7.817404679144602e-08,
   -1.003373622894287
  ],
  "euler_order": "XYZ",
  "rotation_matrix": [
   [
    0.537460446357727,
    -0.1615849882364273,
    0.8276633024215698
   ],
   [
    -0.8432889580726624,
    -0.10298440605401993,
    0.5275015830993652
   ],
   [
    7.817404679144602e-08,
    -0.9814705848693848,
    -0.19161288440227509
   ]
  ]
 },
 {
  "rotation_euler": [
   -1.3234398365020752,
   3.139814615249634,
   0.16320951282978058
  ],
  "euler_order": "XYZ",
  "rotation_matrix": [
   [
    -0.9867092967033386,
    -0.041484344750642776,
    -0.1571107655763626
   ],
   [
    -0.16248564422130585,
    0.24130791425704956,
    0.9567491412162781
   ],
   [
    -0.0017780374037101865,
    0.9695615172386169,
    -0.24484138190746307
   ]
  ]
 },
 {
  "rotation_euler": [
   -1.763601303100586,
   -4.593835001287516e-08,
   -2.2789690494537354
  ],
  "euler_order": "XYZ",
  "rotation_matrix": [
   [
    -0.6504469513893127,
    -0.14553974568843842,
    0.7454776763916016
   ],
   [
    -0.7595517039299011,
    0.12463382631540298,
    -0.6383945941925049
   ],
   [
    4.593835001287516e-08,
    -0.9814706444740295,
    -0.19161264598369598
   ]
  ]
 },
 {
  "rotation_euler": [
   -1.763601303100586,
   -9.034499370841331e-09,
   0.4779391288757324
  ],
  "euler_order": "XYZ",
  "rotation_matrix": [
   [
    0.8879446983337402,
    0.08813228458166122,
    -0.4514276385307312
   ],
   [
    0.45995020866394043,
    -0.17014142870903015,
    0.8714916706085205
   ],
   [
    9.034499370841331e-09,
    -0.9814706444740295,
    -0.19161264598369598
   ]
  ]
 },
 {
  "rotation_euler": [
   -0.025652451440691948,
   -0.07422462850809097,
   2.290402889251709
  ],
  "euler_order": "XYZ",
  "rotation_matrix": [
   [
    -0.6572741270065308,
    -0.7530713081359863,
    0.029569437727332115
   ],
   [
    0.7499943971633911,
    -0.6574414968490601,
    -0.07265754789113998
   ],
   [
    0.0741564929485321,
    -0.025579014793038368,
    0.9969184994697571
   ]
  ]
 },
 {
  "rotation_euler": [
   0.02062627486884594,
   0.019350163638591766,
   -0.19311633706092834
  ],
  "euler_order": "XYZ",
  "rotation_matrix": [
   [
    0.9812272191047668,
    0.19226905703544617,
    0.015026960521936417
   ],
   [
    -0.19188229739665985,
    0.9811255931854248,
    -0.02395404316484928
   ],
   [
    -0.019348956644535065,
    0.020620951429009438,
    0.9996001124382019
   ]
  ]
 },
 {
  "rotation_euler": [
   -1.3928406588092912e-06,
   -7.35983894628589e-06,
   2.032710075378418
  ],
  "euler_order": "XYZ",
  "rotation_matrix": [
   [
    -0.44566211104393005,
    -0.8952012658119202,
    2.0331285668362398e-06
   ],
   [
    0.8952012658119202,
    -0.44566211104393005,
    -7.209273462649435e-06
   ],
   [
    7.35983894628589e-06,
    -1.3928406588092912e-06,
    1.0
   ]
  ]
 },
 {
  "rotation_euler": [
   1.8180888891220093,
   -3.140014825930848e-08,
   -0.769590437412262
  ],
  "euler_order": "XYZ",
  "rotation_matrix": [
   [
    0.7181957364082336,
    -0.17032787203788757,
    -0.6746727824211121
   ],
   [
    -0.6958411335945129,
    -0.17579977214336395,
    -0.6963472962379456
   ],
   [
    3.140014825930848e-08,
    0.9695786833763123,
    -0.2447797805070877
   ]
  ]
 },
 {
  "rotation_euler": [
   9.206290997099131e-06,
   -5.0478724915592466e-06,
   -1.8810603618621826
  ],
  "euler_order": "XYZ",
  "rotation_matrix": [
   [
    -0.30531007051467896,
    0.952252984046936,
    -7.225551598821767e-06
   ],
   [
    -0.952252984046936,
    -0.30531007051467896,
    7.617625215061707e-06
   ],
   [
    5.0478724915592466e-06,
    9.206290997099131e-06,
    1.0
   ]
  ]
 }
]