[
 {
  "rotation_euler": [
   -0.9457394480705261,
   -1.5137778520584106,
   -0.5044758319854736
  ],
  "euler_order": "XYZ",
  "rotation_matrix": [
   [
    0.049888525158166885,
    0.9915852546691895,
    -0.11945658922195435
   ],
   [
    -0.027544870972633362,
    0.12092603743076324,
    0.9922792911529541
   ],
   [
    0.998374879360199,
    -0.04621293395757675,
    0.03334590792655945
   ]
  ]
 },
 {
  "rotation_euler": [
   1.0241315364837646,
   -1.6022605895996094,
   0.7261120676994324
  ],
  "euler_order": "XYZ",
  "rotation_matrix": [
   [
    -0.023523882031440735,
    -0.9836263060569763,
    0.17867815494537354
   ],
   [
    -0.020887797698378563,
    -0.17820501327514648,
    -0.9837716817855835
   ],
   [
    0.9995050430297852,
    -0.026874322444200516,
    -0.01635371521115303
   ]
  ]
 },
 {
  "rotation_euler": [
   0.868546724319458,
   -0.023611266165971756,
   0.5814676284790039
  ],
  "euler_order": "XYZ",
  "rotation_matrix": [
   [
    0.835424542427063,
    -0.3698423504829407,
    0.40654951333999634
   ],
   [
    0.5490978956222534,
    0.5298826694488525,
    -0.6463094353675842
   ],
   [
    0.023609071969985962,
    0.7631782293319702,
    0.6457566022872925
   ]
  ]
 },
 {
  "rotation_euler": [
   -2.1187150478363037,
   -1.5393086671829224,
   0.349408894777298
  ],
  "euler_order": "XYZ",
  "rotation_matrix": [
   [
    0.029580136761069298,
    0.9799639582633972,
    0.1969660371541977
   ],
   [
    0.010777782648801804,
    -0.19735349714756012,
    0.9802731275558472
   ],
   [
    0.9995043277740479,
    -0.02687375620007515,
    -0.016399580985307693
   ]
  ]
 },
 {
  "rotation_euler": [
   -0.42347484827041626,
   1.6024854183197021,
   -2.5479588508605957
  ],
  "euler_order": "XYZ",
  "rotation_matrix": [
   [
    0.026263119652867317,
    0.8504202365875244,
    -0.5254480838775635
   ],
   [
    0.01772317662835121,
    -0.5259429216384888,
    -0.8503351807594299
   ],
   [
    -0.9994979500770569,
    0.013019845820963383,
    -0.028885049745440483
   ]
  ]
 },
 {
  "rotation_euler": [
   -0.10812214016914368,
   1.484895944595337,
   -0.6306933760643005
  ],
  "euler_order": "XYZ",
  "rotation_matrix": [
   [
    0.06928947567939758,
    0.49943119287490845,
    0.8635782599449158
   ],
   [
    -0.050593599677085876,
    0.8663040995597839,
    -0.4969482123851776
   ],
   [
    -0.9963128566741943,
    -0.009258251637220383,
    0.08529377728700638
   ]
  ]
 },
 {
  "rotation_euler": [
   0.05656759813427925,
   -0.01582697220146656,
   -2.1153035163879395
  ],
  "euler_order": "XYZ",
  "rotation_matrix": [
   [
    -0.5179317593574524,
    0.8544779419898987,
    -0.040176279842853546
   ],
   [
    -0.8552755117416382,
    -0.5164026618003845,
    0.042802099138498306
   ],
   [
    0.015826310962438583,
    0.05653035268187523,
    0.9982754588127136
   ]
  ]
 },
 {
  "rotation_euler": [
   0.11660540848970413,
   1.531325101852417,
   -1.1872334480285645
  ],
  "euler_order": "XYZ",
  "rotation_matrix": [
   [
    0.014767356216907501,
    0.9645440578460693,
    0.2635084092617035
   ],
   [
    -0.03659363090991974,
    0.26388195157051086,
    -0.9638605713844299
   ],
   [
    -0.9992210865020752,
    0.004590942990034819,
    0.039193008095026016
   ]
  ]
 },
 {
  "rotation_euler": [
   0.05658511444926262,
   -0.015748701989650726,
   -0.21089676022529602
  ],
  "euler_order": "XYZ",
  "rotation_matrix": [
   [
    0.9777223467826843,
    0.20813092589378357,
    -0.02721351571381092
   ],
   [
    -0.20931091904640198,
    0.9764649868011475,
    -0.05201049521565437
   ],
   [
    0.015748050063848495,
    0.05654790997505188,
    0.9982756972312927
   ]
  ]
 },
 {
  "rotation_euler": [
   0.056582167744636536,
   -0.015752408653497696,
   -1.06295907497406
  ],
  "euler_order": "XYZ",
  "rotation_matrix": [
   [
    0.48622825741767883,
    0.8719667196273804,
    -0.05706266313791275
   ],
   [
    -0.8736898899078369,
    0.48628872632980347,
    -0.013758751563727856
   ],
   [
    0.015751756727695465,
    0.056544963270425797,
    0.9982758164405823
   ]
  ]
 },
 {
  "rotation_euler": [
   2.033048629760742,
   1.5569602251052856,
   0.5671712160110474
  ],
  "euler_order": "XYZ",
  "rotation_matrix": [
   [
    0.01166932936757803,
    0.994428813457489,
    0.10476253181695938
   ],
   [
    0.00743318535387516,
    0.10468050092458725,
    -0.9944781064987183
   ],
   [
    -0.9999042749404907,
    0.012383611872792244,
    -0.006170222535729408
   ]
  ]
 },
 {
  "rotation_euler": [
   1.1313540935516357,
   -0.006112491711974144,
   -2.4217514991760254
  ],
  "euler_order": "XYZ",
  "rotation_matrix": [
   [
    -0.7518964409828186,
    0.28463369607925415,
    -0.5946725606918335
   ],
   [
    -0.659252941608429,
    -0.316241979598999,
    0.682185173034668
   ],
   [
    0.006112453527748585,
    0.9049721956253052,
    0.42542681097984314
   ]
  ]
 },
 {
  "rotation_euler": [
   1.1294649839401245,
   -0.023126190528273582,
   -0.23922330141067505
  ],
  "euler_order": "XYZ",
  "rotation_matrix": [
   [
    0.971262514591217,
    0.08089783787727356,
    -0.22384068369865417
   ],
   [
    -0.23688475787639618,
    0.4199337661266327,
    -0.8760942816734314
   ],
   [
    0.023124128580093384,
    0.9039419889450073,
    0.42702940106391907
   ]
  ]
 },
 {
  "rotation_euler": [
   -0.0699022188782692,
   1.4647468328475952,
   0.23418788611888885
  ],
  "euler_order": "XYZ",
  "rotation_matrix": [
   [
    0.10296142846345901,
    -0.2990434765815735,
    0.9486685395240784
   ],
   [
    0.0245630145072937,
    0.9542108774185181,
    0.29812467098236084
   ],
   [
    -0.9943820238113403,
    -0.007393183186650276,
    0.10559231787919998
   ]
  ]
 },
 {
  "rotation_euler": [
   -0.3293899595737457,
   -1.4652605056762695,
   -1.0673195123672485
  ],
  "euler_order": "XYZ",
  "rotation_matrix": [
   [
    0.05082380399107933,
    0.9840168356895447,
    -0.170668825507164
   ],
   [
    -0.09226842224597931,
    0.17478522658348083,
    0.9802737832069397
   ],
   [
    0.9944362640380859,
    -0.03407390043139458,
    0.09967692941427231
   ]
  ]
 },
 {
  "rotation_euler": [
   0.3473355174064636,
   -1.6420354843139648,
   0.26684704422950745
  ],
  "euler_order": "XYZ",
  "rotation_matrix": [
   [
    -0.06865968555212021,
    -0.5754578113555908,
    -0.8149442672729492
   ],
   [
    -0.018769267946481705,
    0.8174724578857422,
    -0.5756617784500122
   ],
   [
    0.997463583946228,
    -0.02422885037958622,
    -0.06692832708358765
   ]
  ]
 }
]