[
 {
  "rotation_euler": [
   -1.6416486501693726,
   0.24051198363304138,
   1.1868362426757812
  ],
  "euler_order": "XYZ",
  "rotation_matrix": [
   [
    0.3638128638267517,
    -0.02336614765226841,
    -0.9311789274215698
   ],
   [
    0.9005004167556763,
    -0.2468208223581314,
    0.35802021622657776
   ],
   [
    -0.23819990456104279,
    -0.9687793850898743,
    -0.06875535845756531
   ]
  ]
 },
 {
  "rotation_euler": [
   -1.5896891355514526,
   0.33660998940467834,
   0.5897970795631409
  ],
  "euler_order": "XYZ",
  "rotation_matrix": [
   [
    0.7844146490097046,
    -0.26393163204193115,
    -0.5612787008285522
   ],
   [
    0.524978756904602,
    -0.1993715763092041,
    0.827434778213501
   ],
   [
    -0.33028924465179443,
    -0.9437113404273987,
    -0.017831478267908096
   ]
  ]
 },
 {
  "rotation_euler": [
   -1.648552417755127,
   -0.2868925929069519,
   -2.1285529136657715
  ],
  "euler_order": "XYZ",
  "rotation_matrix": [
   [
    -0.507651150226593,
    -0.2152259647846222,
    0.8342470526695251
   ],
   [
    -0.8137668371200562,
    -0.19824807345867157,
    -0.5463343262672424
   ],
   [
    0.28297320008277893,
    -0.9562298059463501,
    -0.07450290024280548
   ]
  ]
 },
 {
  "rotation_euler": [
   -1.646567940711975,
   -0.29528746008872986,
   1.5136239528656006
  ],
  "euler_order": "XYZ",
  "rotation_matrix": [
   [
    0.05466807633638382,
    0.09215667843818665,
    -0.9942427277565002
   ],
   [
    0.9551553726196289,
    0.28538021445274353,
    0.07897085696458817
   ],
   [
    0.2910148799419403,
    -0.9539734125137329,
    -0.07242275774478912
   ]
  ]
 },
 {
  "rotation_euler": [
   -0.004033660516142845,
   0.011322351172566414,
   2.028141498565674
  ],
  "euler_order": "XYZ",
  "rotation_matrix": [
   [
    -0.44153937697410583,
    -0.8972004652023315,
    -0.00861854013055563
   ],
   [
    0.8971704244613647,
    -0.4416050612926483,
    0.008377300575375557
   ],
   [
    -0.011322109028697014,
    -0.004033390898257494,
    0.9999277591705322
   ]
  ]
 },
 {
  "rotation_euler": [
   -1.511240839958191,
   0.43803471326828003,
   -2.3263583183288574
  ],
  "euler_order": "XYZ",
  "rotation_matrix": [
   [
    -0.6209590435028076,
    0.33365434408187866,
    0.7092846035957336
   ],
   [
    -0.6591643691062927,
    0.26738035678863525,
    -0.7028585076332092
   ],
   [
    -0.42416054010391235,
    -0.9039815068244934,
    0.05390080064535141
   ]
  ]
 },
 {
  "rotation_euler": [
   -0.00530676543712616,
   0.008963248692452908,
   -2.146972179412842
  ],
  "euler_order": "XYZ",
  "rotation_matrix": [
   [
    -0.544799268245697,
    0.8385663628578186,
    -0.0004332543758209795
   ],
   [
    -0.8385185599327087,
    -0.5447736382484436,
    -0.01040717028081417
   ],
   [
    -0.008963128551840782,
    -0.005306527484208345,
    0.9999457597732544
   ]
  ]
 },
 {
  "rotation_euler": [
   -1.5311869382858276,
   -0.49961525201797485,
   2.202279567718506
  ],
  "euler_order": "XYZ",
  "rotation_matrix": [
   [
    -0.5181832313537598,
    -0.31456661224365234,
    -0.7953200340270996
   ],
   [
    0.7084920406341553,
    0.3630167841911316,
    -0.6051924228668213
   ],
   [
    0.47908785939216614,
    -0.8770784735679626,
    0.03475872054696083
   ]
  ]
 },
 {
  "rotation_euler": [
   -1.6685081720352173,
   -0.1930524706840515,
   -0.32590940594673157
  ],
  "euler_order": "XYZ",
  "rotation_matrix": [
   [
    0.9297609925270081,
    0.1496545970439911,
    0.3363747298717499
   ],
   [
    -0.31422269344329834,
    -0.1535545289516449,
    0.936848521232605
   ],
   [
    0.1918555498123169,
    -0.9767417907714844,
    -0.09574414789676666
   ]
  ]
 },
 {
  "rotation_euler": [
   -1.6679142713546753,
   -0.1904071420431137,
   -1.54314124584198
  ],
  "euler_order": "XYZ",
  "rotation_matrix": [
   [
    0.027151817455887794,
    -0.09171963483095169,
    0.9954146146774292
   ],
   [
    -0.9815517663955688,
    -0.190976083278656,
    0.009176736697554588
   ],
   [
    0.18925869464874268,
    -0.9773001670837402,
    -0.095212921500206
   ]
  ]
 },
 {
  "rotation_euler": [
   -1.6174521446228027,
   -0.3626927435398102,
   -0.5001518726348877
  ],
  "euler_order": "XYZ",
  "rotation_matrix": [
   [
    0.8204231858253479,
    0.2886295020580292,
    0.49355724453926086
   ],
   [
    -0.44836103916168213,
    -0.21088507771492004,
    0.8686195015907288
   ],
   [
    0.35479307174682617,
    -0.9339274764060974,
    -0.04360479116439819
   ]
  ]
 },
 {
  "rotation_euler": [
   -1.5168461799621582,
   -0.501233696937561,
   -1.529370903968811
  ],
  "euler_order": "XYZ",
  "rotation_matrix": [
   [
    0.0363193079829216,
    0.07374831289052963,
    0.9966152906417847
   ],
   [
    -0.8762380480766296,
    -0.4771639108657837,
    0.06724198907613754
   ],
   [
    0.48050785064697266,
    -0.8757144212722778,
    0.04729081317782402
   ]
  ]
 },
 {
  "rotation_euler": [
   1.4687466621398926,
   3.066159248352051,
   0.1283029466867447
  ],
  "euler_order": "XYZ",
  "rotation_matrix": [
   [
    -0.9889600872993469,
    0.06131886690855026,
    0.13489976525306702
   ],
   [
    -0.12758736312389374,
    0.11062776297330856,
    -0.9856383800506592
   ],
   [
    -0.07536188513040543,
    -0.9919685125350952,
    -0.10158292949199677
   ]
  ]
 },
 {
  "rotation_euler": [
   -1.5972099304199219,
   -0.39914488792419434,
   0.4718332588672638
  ],
  "euler_order": "XYZ",
  "rotation_matrix": [
   [
    0.8207190036773682,
    0.3580508232116699,
    -0.4452189803123474
   ],
   [
    0.41879183053970337,
    0.15305393934249878,
    0.8950909972190857
   ],
   [
    0.38863059878349304,
    -0.921072244644165,
    -0.02433449774980545
   ]
  ]
 },
 {
  "rotation_euler": [
   1.5305018424987793,
   0.060392383486032486,
   2.8189897537231445
  ],
  "euler_order": "XYZ",
  "rotation_matrix": [
   [
    -0.9466844201087952,
    -0.06996702402830124,
    0.3144730031490326
   ],
   [
    0.3164582848548889,
    -0.0190860815346241,
    0.9484143853187561
   ],
   [
    -0.06035567820072174,
    0.997366726398468,
    0.040210142731666565
   ]
  ]
 },
 {
  "rotation_euler": [
   -0.00403778487816453,
   0.011317521333694458,
   -1.0509217977523804
  ],
  "euler_order": "XYZ",
  "rotation_matrix": [
   [
    0.4967394471168518,
    0.867851734161377,
    0.009126362390816212
   ],
   [
    -0.8678259253501892,
    0.4968068599700928,
    -0.007816127501428127
   ],
   [
    -0.011317280121147633,
    -0.004037515260279179,
    0.999927818775177
   ]
  ]
 }
]