[
 {
  "rotation_euler": [
   -0.004144251812249422,
   -0.003675195388495922,
   -0.6038989424705505
  ],
  "euler_order": "XYZ",
  "rotation_matrix": [
   [
    0.8231222629547119,
    0.5678637623786926,
    -0.0006717908545397222
   ],
   [
    -0.567852258682251,
    0.8231121301651001,
    0.005498198792338371
   ],
   [
    0.0036751870065927505,
    -0.004144211765378714,
    0.9999846816062927
   ]
  ]
 },
 {
  "rotation_euler": [
   -0.002818299923092127,
   -0.0036156149581074715,
   -2.796142816543579
  ],
  "euler_order": "XYZ",
  "rotation_matrix": [
   [
    -0.9409170746803284,
    0.3386090397834778,
    0.004356326535344124
   ],
   [
    -0.3386177718639374,
    -0.9409229159355164,
    -0.0014274884015321732
   ],
   [
    0.0036156070418655872,
    -0.0028182778041809797,
    0.9999895095825195
   ]
  ]
 },
 {
  "rotation_euler": [
   -1.355515718460083,
   0.000440942618297413,
   2.0767412185668945
  ],
  "euler_order": "XYZ",
  "rotation_matrix": [
   [
    -0.484634131193161,
    -0.1866496354341507,
    -0.8545710444450378
   ],
   [
    0.8747168779373169,
    -0.1039051041007042,
    -0.4733647108078003
   ],
   [
    -0.000440942618297413,
    -0.9769163727760315,
    0.21362154185771942
   ]
  ]
 },
 {
  "rotation_euler": [
   -0.004176102578639984,
   -0.0036755993496626616,
   -1.180106520652771
  ],
  "euler_order": "XYZ",
  "rotation_matrix": [
   [
    0.3808237612247467,
    0.9246443510055542,
    0.0024616580922156572
   ],
   [
    -0.9246403574943542,
    0.38080883026123047,
    0.00498895812779665
   ],
   [
    0.00367559096775949,
    -0.004176062066107988,
    0.9999845027923584
   ]
  ]
 },
 {
  "rotation_euler": [
   -0.004162621218711138,
   -0.003670839359983802,
   -2.336153984069824
  ],
  "euler_order": "XYZ",
  "rotation_matrix": [
   [
    -0.6927902698516846,
    0.7211177945137024,
    0.005544913001358509
   ],
   [
    -0.7211297750473022,
    -0.692799985408783,
    -0.00023669420625083148
   ],
   [
    0.003670831210911274,
    -0.004162581171840429,
    0.999984622001648
   ]
  ]
 },
 {
  "rotation_euler": [
   -0.0028777229599654675,
   -0.0034335574600845575,
   3.0367624759674072
  ],
  "euler_order": "XYZ",
  "rotation_matrix": [
   [
    -0.9945045113563538,
    -0.1046476736664772,
    0.0031135680619627237
   ],
   [
    0.10463766008615494,
    -0.9945051670074463,
    -0.003221200779080391
   ],
   [
    0.0034335507079958916,
    -0.0028777020052075386,
    0.9999899864196777
   ]
  ]
 },
 {
  "rotation_euler": [
   -0.004170177038758993,
   -0.0036718137562274933,
   1.2848105430603027
  ],
  "euler_order": "XYZ",
  "rotation_matrix": [
   [
    0.28210142254829407,
    -0.9593713879585266,
    -0.005036609247326851
   ],
   [
    0.9593775868415833,
    0.2821155786514282,
    -0.0023462234530597925
   ],
   [
    0.0036718056071549654,
    -0.004170136991888285,
    0.9999845623970032
   ]
  ]
 },
 {
  "rotation_euler": [
   -0.004147792235016823,
   -0.0036753800231963396,
   -1.1212912797927856
  ],
  "euler_order": "XYZ",
  "rotation_matrix": [
   [
    0.43451687693595886,
    0.9006611704826355,
    0.0021387413144111633
   ],
   [
    -0.9006562232971191,
    0.43450233340263367,
    0.005112532991915941
   ],
   [
    0.003675371641293168,
    -0.004147752188146114,
    0.999984622001648
   ]
  ]
 },
 {
  "rotation_euler": [
   -0.0041608442552387714,
   -0.0036688228137791157,
   2.132326126098633
  ],
  "euler_order": "XYZ",
  "rotation_matrix": [
   [
    -0.5324780941009521,
    -0.8464423418045044,
    -0.0015683413948863745
   ],
   [
    0.8464357852935791,
    -0.5324641466140747,
    -0.0053209769539535046
   ],
   [
    0.003668814664706588,
    -0.004160804208368063,
    0.999984622001648
   ]
  ]
 },
 {
  "rotation_euler": [
   -0.0026550735346972942,
   -0.003319925395771861,
   -2.1331186294555664
  ],
  "euler_order": "XYZ",
  "rotation_matrix": [
   [
    -0.5331494212150574,
    0.8460115790367126,
    0.004016257356852293
   ],
   [
    -0.8460146188735962,
    -0.5331579446792603,
    0.0013931486755609512
   ],
   [
    0.003319919342175126,
    -0.0026550558395683765,
    0.9999909400939941
   ]
  ]
 },
 {
  "rotation_euler": [
   -0.004165767692029476,
   -0.0036708132829517126,
   2.480344772338867
  ],
  "euler_order": "XYZ",
  "rotation_matrix": [
   [
    -0.7892212271690369,
    -0.6141089200973511,
    0.00033887187601067126
   ],
   [
    0.614098072052002,
    -0.7892102599143982,
    -0.005541954655200243
   ],
   [
    0.0036708051338791847,
    -0.004165727645158768,
    0.9999845623970032
   ]
  ]
 },
 {
  "rotation_euler": [
   -0.004149721935391426,
   -0.0036755395121872425,
   0.7562235593795776
  ],
  "euler_order": "XYZ",
  "rotation_matrix": [
   [
    0.72742760181427,
    -0.6861622333526611,
    -0.005521122831851244
   ],
   [
    0.6861746311187744,
    0.7274367213249207,
    0.0004965824773535132
   ],
   [
    0.003675531130284071,
    -0.004149681888520718,
    0.999984622001648
   ]
  ]
 },
 {
  "rotation_euler": [
   -0.004171891137957573,
   -0.0036726645193994045,
   -0.8547062277793884
  ],
  "euler_order": "XYZ",
  "rotation_matrix": [
   [
    0.6564357280731201,
    0.7543815970420837,
    0.0007363161421380937
   ],
   [
    -0.7543730139732361,
    0.6564228534698486,
    0.0055091362446546555
   ],
   [
    0.0036726563703268766,
    -0.0041718510910868645,
    0.9999845623970032
   ]
  ]
 },
 {
  "rotation_euler": [
   -0.004173606168478727,
   -0.0036756412591785192,
   0.07932525873184204
  ],
  "euler_order": "XYZ",
  "rotation_matrix": [
   [
    0.9968486428260803,
    -0.07922610640525818,
    -0.003994767088443041
   ],
   [
    0.0792415589094162,
    0.996847927570343,
    0.003869207575917244
   ],
   [
    0.0036756328772753477,
    -0.004173565655946732,
    0.9999845623970032
   ]
  ]
 },
 {
  "rotation_euler": [
   -1.3555165529251099,
   0.00044103586697019637,
   -2.2465672492980957
  ],
  "euler_order": "XYZ",
  "rotation_matrix": [
   [
    -0.6254989504814148,
    0.16694174706935883,
    0.7621558308601379
   ],
   [
    -0.7802249193191528,
    -0.13328340649604797,
    -0.611133873462677
   ],
   [
    -0.00044103586697019637,
    -0.9769165515899658,
    0.21362073719501495
   ]
  ]
 },
 {
  "rotation_euler": [
   -0.004155599512159824,
   -0.003675891784951091,
   -0.6577239036560059
  ],
  "euler_order": "XYZ",
  "rotation_matrix": [
   [
    0.7913803458213806,
    0.6113239526748657,
    -0.0003686345007736236
   ],
   [
    -0.6113130450248718,
    0.7913694977760315,
    0.005535783711820841
   ],
   [
    0.0036758834030479193,
    -0.004155559465289116,
    0.999984622001648
   ]
  ]
 }
]