[
 {
  "rotation_euler": [
   -3.2246626346932317e-07,
   -5.07520144310547e-06,
   1.5024915933609009
  ],
  "euler_order": "XYZ",
  "rotation_matrix": [
   [
    0.06825163215398788,
    -0.9976681470870972,
    -6.681050876977679e-07
   ],
   [
    0.9976681470870972,
    0.06825163215398788,
    -5.041357781010447e-06
   ],
   [
    5.07520144310547e-06,
    -3.2246626346932317e-07,
    1.0
   ]
  ]
 },
 {
  "rotation_euler": [
   2.2150234144646674e-06,
   -6.304512112365046e-07,
   -1.8606036901474
  ],
  "euler_order": "XYZ",
  "rotation_matrix": [
   [
    -0.2857676148414612,
    0.958298921585083,
    -1.942491962836357e-06
   ],
   [
    -0.958298921585083,
    -0.2857676148414612,
    1.2371426691970555e-06
   ],
   [
    6.304512112365046e-07,
    2.2150234144646674e-06,
    1.0
   ]
  ]
 },
 {
  "rotation_euler": [
   -3.1675610898673767e-06,
   -2.0860361473751254e-06,
   0.42064645886421204
  ],
  "euler_order": "XYZ",
  "rotation_matrix": [
   [
    0.9128251671791077,
    -0.4083506464958191,
    -3.197661953890929e-06
   ],
   [
    0.4083506464958191,
    0.9128251671791077,
    2.0395953015395207e-06
   ],
   [
    2.0860361473751254e-06,
    -3.1675610898673767e-06,
    1.0
   ]
  ]
 },
 {
  "rotation_euler": [
   8.622449172435154e-07,
   2.559140057201148e-06,
   1.6236062049865723
  ],
  "euler_order": "XYZ",
  "rotation_matrix": [
   [
    -0.05278533324599266,
    -0.9986059069633484,
    7.259577614604495e-07
   ],
   [
    0.9986059069633484,
    -0.05278533324599266,
    2.601086180220591e-06
   ],
   [
    -2.559140057201148e-06,
    8.622449172435154e-07,
    1.0
   ]
  ]
 },
 {
  "rotation_euler": [
   2.3529296413471457e-06,
   2.1351349133169606e-08,
   0.5484984517097473
  ],
  "euler_order": "XYZ",
  "rotation_matrix": [
   [
    0.853308379650116,
    -0.5214065313339233,
    1.2450522035578615e-06
   ],
   [
    0.5214065313339233,
    0.853308379650116,
    -1.9966419131378643e-06
   ],
   [
    -2.1351349133169606e-08,
    2.3529296413471457e-06,
    1.0
   ]
  ]
 },
 {
  "rotation_euler": [
   -2.805641088343691e-06,
   -6.122819513620925e-07,
   0.7344744205474854
  ],
  "euler_order": "XYZ",
  "rotation_matrix": [
   [
    0.7421830892562866,
    -0.6701971888542175,
    -2.3347579372057226e-06
   ],
   [
    0.6701971888542175,
    0.7421830892562866,
    1.671949803494499e-06
   ],
   [
    6.122819513620925e-07,
    -2.805641088343691e-06,
    1.0
   ]
  ]
 },
 {
  "rotation_euler": [
   -2.8345584723865613e-06,
   -3.414841955873271e-07,
   2.840747117996216
  ],
  "euler_order": "XYZ",
  "rotation_matrix": [
   [
    -0.9550862908363342,
    -0.2963278591632843,
    -5.138118126524205e-07
   ],
   [
    0.2963278591632843,
    -0.9550862908363342,
    -2.8084391487936955e-06
   ],
   [
    3.414841955873271e-07,
    -2.8345584723865613e-06,
    1.0
   ]
  ]
 },
 {
  "rotation_euler": [
   -3.5684965951077174e-06,
   -1.9486938072077464e-06,
   1.0512992143630981
  ],
  "euler_order": "XYZ",
  "rotation_matrix": [
   [
    0.49644365906715393,
    -0.8680689334869385,
    -4.065117536811158e-06
   ],
   [
    0.8680689334869385,
    0.49644365906715393,
    7.99569335185879e-08
   ],
   [
    1.9486938072077464e-06,
    -3.5684965951077174e-06,
    1.0
   ]
  ]
 },
 {
  "rotation_euler": [
   3.536643816914875e-06,
   -2.2555441319127567e-06,
   0.08315405249595642
  ],
  "euler_order": "XYZ",
  "rotation_matrix": [
   [
    0.9965447187423706,
    -0.08305825293064117,
    -1.954002982529346e-06
   ],
   [
    0.08305825293064117,
    0.9965447187423706,
    -3.711765202751849e-06
   ],
   [
    2.2555441319127567e-06,
    3.536643816914875e-06,
    1.0
   ]
  ]
 },
 {
  "rotation_euler": [
   4.98137524118647e-07,
   -1.9505409909470472e-06,
   -0.691733181476593
  ],
  "euler_order": "XYZ",
  "rotation_matrix": [
   [
    0.7701416015625,
    0.6378729343414307,
    -1.8199413034380996e-06
   ],
   [
    -0.6378729343414307,
    0.7701416015625,
    8.605608741163451e-07
   ],
   [
    1.9505409909470472e-06,
    4.98137524118647e-07,
    1.0
   ]
  ]
 },
 {
  "rotation_euler": [
   -3.0487396998069016e-06,
   -3.412930482227239e-06,
   1.582592487335205
  ],
  "euler_order": "XYZ",
  "rotation_matrix": [
   [
    -0.011795886792242527,
    -0.9999304413795471,
    -3.00826900456741e-06
   ],
   [
    0.9999304413795471,
    -0.011795886792242527,
    -3.448655661486555e-06
   ],
   [
    3.412930482227239e-06,
    -3.0487396998069016e-06,
    1.0
   ]
  ]
 },
 {
  "rotation_euler": [
   4.4334451558825094e-06,
   5.5426596645702375e-08,
   1.405529499053955
  ],
  "euler_order": "XYZ",
  "rotation_matrix": [
   [
    0.16451552510261536,
    -0.9863744974136353,
    4.382155566418078e-06
   ],
   [
    0.9863744974136353,
    0.16451552510261536,
    -6.746992085027159e-07
   ],
   [
    -5.5426596645702375e-08,
    4.4334451558825094e-06,
    1.0
   ]
  ]
 },
 {
  "rotation_euler": [
   -3.534601091814693e-06,
   3.061562381390104e-07,
   -0.07329549640417099
  ],
  "euler_order": "XYZ",
  "rotation_matrix": [
   [
    0.9973151087760925,
    0.07322988659143448,
    5.641726943395042e-07
   ],
   [
    -0.07322988659143448,
    0.9973151087760925,
    3.5026912428293144e-06
   ],
   [
    -3.061562381390104e-07,
    -3.534601091814693e-06,
    1.0
   ]
  ]
 },
 {
  "rotation_euler": [
   8.292390702990815e-07,
   5.585774488281459e-06,
   3.081753969192505
  ],
  "euler_order": "XYZ",
  "rotation_matrix": [
   [
    -0.9982101917266846,
    -0.05980297923088074,
    -5.5261862144107e-06
   ],
   [
    0.05980297923088074,
    -0.9982101917266846,
    1.1618008102232125e-06
   ],
   [
    -5.585774488281459e-06,
    8.292390702990815e-07,
    1.0
   ]
  ]
 },
 {
  "rotation_euler": [
   -5.447994908536202e-07,
   -5.033511115470901e-06,
   -0.9358233213424683
  ],
  "euler_order": "XYZ",
  "rotation_matrix": [
   [
    0.5931558012962341,
    0.805087685585022,
    -2.5470449145359453e-06
   ],
   [
    -0.805087685585022,
    0.5931558012962341,
    4.375569005787838e-06
   ],
   [
    5.033511115470901e-06,
    -5.447994908536202e-07,
    1.0
   ]
  ]
 },
 {
  "rotation_euler": [
   -0.0019276023376733065,
   -0.003624845063313842,
   -1.070888638496399
  ],
  "euler_order": "XYZ",
  "rotation_matrix": [
   [
    0.47934138774871826,
    0.87762850522995,
    -4.5828150177840143e-05
   ],
   [
    -0.877621054649353,
    0.47933751344680786,
    0.004105233587324619
   ],
   [
    0.0036248371470719576,
    -0.001927588484250009,
    0.9999915957450867
   ]
  ]
 }
]