[
 {
  "rotation_euler": [
   0.0006866600597277284,
   -0.008927576243877411,
   1.4387469291687012
  ],
  "euler_order": "XYZ",
  "rotation_matrix": [
   [
    0.13166072964668274,
    -0.9912947416305542,
    -0.0004947601119056344
   ],
   [
    0.9912546277046204,
    0.1316598653793335,
    -0.008940144442021847
   ],
   [
    0.008927457965910435,
    0.0006866326439194381,
    0.9999598860740662
   ]
  ]
 },
 {
  "rotation_euler": [
   0.0006842516013421118,
   -0.008954175747931004,
   1.0426132678985596
  ],
  "euler_order": "XYZ",
  "rotation_matrix": [
   [
    0.5039446353912354,
    -0.8637270331382751,
    -0.003921523690223694
   ],
   [
    0.8636895418167114,
    0.5039594173431396,
    -0.008078671991825104
   ],
   [
    0.008954056538641453,
    0.0006842241273261607,
    0.9999597072601318
   ]
  ]
 },
 {
  "rotation_euler": [
   0.0006650693248957396,
   -0.008965934626758099,
   0.009338987991213799
  ],
  "euler_order": "XYZ",
  "rotation_matrix": [
   [
    0.9999161958694458,
    -0.009344812482595444,
    -0.008959210477769375
   ],
   [
    0.009338476695120335,
    0.9999561309814453,
    -0.0007487706607207656
   ],
   [
    0.008965814486145973,
    0.0006650425493717194,
    0.9999595880508423
   ]
  ]
 },
 {
  "rotation_euler": [
   0.0006867144256830215,
   -0.008926105685532093,
   0.7077534198760986
  ],
  "euler_order": "XYZ",
  "rotation_matrix": [
   [
    0.7597941160202026,
    -0.6501328945159912,
    -0.006335728336125612
   ],
   [
    0.6501024961471558,
    0.7598202228546143,
    -0.0063248188234865665
   ],
   [
    0.008925987407565117,
    0.0006866870098747313,
    0.9999599456787109
   ]
  ]
 },
 {
  "rotation_euler": [
   0.0006865290342830122,
   -0.008930709213018417,
   -1.0848214626312256
  ],
  "euler_order": "XYZ",
  "rotation_matrix": [
   [
    0.4670519530773163,
    0.8842169642448425,
    -0.004778257571160793
   ],
   [
    -0.8841847777366638,
    0.4670758843421936,
    0.007575947791337967
   ],
   [
    0.008930590935051441,
    0.0006865016184747219,
    0.9999598860740662
   ]
  ]
 },
 {
  "rotation_euler": [
   0.0006840025307610631,
   -0.008955882862210274,
   0.8094293475151062
  ],
  "euler_order": "XYZ",
  "rotation_matrix": [
   [
    0.6898839473724365,
    -0.7238976359367371,
    -0.005683538969606161
   ],
   [
    0.7238645553588867,
    0.6899070143699646,
    -0.006954919081181288
   ],
   [
    0.008955762721598148,
    0.0006839750567451119,
    0.9999596476554871
   ]
  ]
 },
 {
  "rotation_euler": [
   0.0006865193718113005,
   -0.008929235860705376,
   -1.5026904344558716
  ],
  "euler_order": "XYZ",
  "rotation_matrix": [
   [
    0.06805054098367691,
    0.9976810216903687,
    -0.00129258306697011
   ],
   [
    -0.997641921043396,
    0.06805935502052307,
    0.008861694484949112
   ],
   [
    0.0089291175827384,
    0.0006864919560030103,
    0.9999598860740662
   ]
  ]
 },
 {
  "rotation_euler": [
   -0.08929168432950974,
   -3.1339237689971924,
   1.2296861410140991
  ],
  "euler_order": "XYZ",
  "rotation_matrix": [
   [
    -0.33452367782592773,
    -0.9384007453918457,
    -0.08659052103757858
   ],
   [
    -0.9423561692237854,
    0.33384522795677185,
    0.022633211687207222
   ],
   [
    0.007668809499591589,
    0.08917045593261719,
    -0.9959868788719177
   ]
  ]
 },
 {
  "rotation_euler": [
   0.0006848931079730392,
   -0.008936570025980473,
   -1.623813271522522
  ],
  "euler_order": "XYZ",
  "rotation_matrix": [
   [
    -0.05298999696969986,
    0.9985949993133545,
    -0.00021036942780483514
   ],
   [
    -0.998555064201355,
    -0.052985988557338715,
    0.008960186503827572
   ],
   [
    0.008936450816690922,
    0.0006848656921647489,
    0.9999598264694214
   ]
  ]
 },
 {
  "rotation_euler": [
   0.0006837493274360895,
   -0.008954153396189213,
   1.3221688270568848
  ],
  "euler_order": "XYZ",
  "rotation_matrix": [
   [
    0.24606402218341827,
    -0.969252347946167,
    -0.0015406287275254726
   ],
   [
    0.9692122340202332,
    0.24606789648532867,
    -0.008846957236528397
   ],
   [
    0.008954034186899662,
    0.0006837218534201384,
    0.9999597072601318
   ]
  ]
 },
 {
  "rotation_euler": [
   0.000682488433085382,
   -0.008925280533730984,
   0.2526284158229828
  ],
  "euler_order": "XYZ",
  "rotation_matrix": [
   [
    0.9682202339172363,
    -0.24995563924312592,
    -0.008471276611089706
   ],
   [
    0.24993984401226044,
    0.9682570695877075,
    -0.0028916674200445414
   ],
   [
    0.008925162255764008,
    0.0006824611919000745,
    0.9999599456787109
   ]
  ]
 },
 {
  "rotation_euler": [
   0.0006875488325022161,
   -0.008932513184845448,
   2.3023576736450195
  ],
  "euler_order": "XYZ",
  "rotation_matrix": [
   [
    -0.668005645275116,
    -0.7441279888153076,
    0.006478753872215748
   ],
   [
    0.7441025972366333,
    -0.668036699295044,
    -0.006187576800584793
   ],
   [
    0.008932393975555897,
    0.0006875213584862649,
    0.9999598860740662
   ]
  ]
 },
 {
  "rotation_euler": [
   0.0006869089556857944,
   -0.008923816494643688,
   1.149240493774414
  ],
  "euler_order": "XYZ",
  "rotation_matrix": [
   [
    0.40916427969932556,
    -0.9124557375907898,
    -0.0030246307142078876
   ],
   [
    0.9124171137809753,
    0.4091748893260956,
    -0.008423526771366596
   ],
   [
    0.008923698216676712,
    0.0006868815398775041,
    0.9999599456787109
   ]
  ]
 },
 {
  "rotation_euler": [
   0.0006846849573776126,
   -0.008949600160121918,
   1.491011381149292
  ],
  "euler_order": "XYZ",
  "rotation_matrix": [
   [
    0.0796971321105957,
    -0.9968191385269165,
    -3.0769526347285137e-05
   ],
   [
    0.9967789649963379,
    0.07969419658184052,
    -0.008975578472018242
   ],
   [
    0.008949480950832367,
    0.0006846574833616614,
    0.9999597072601318
   ]
  ]
 },
 {
  "rotation_euler": [
   0.000686728279106319,
   -0.008926714770495892,
   1.9531044960021973
  ],
  "euler_order": "XYZ",
  "rotation_matrix": [
   [
    -0.3730481266975403,
    -0.9278035163879395,
    0.003967332653701305
   ],
   [
    0.9277690649032593,
    -0.37306860089302063,
    -0.008025954477488995
   ],
   [
    0.008926596492528915,
    0.0006867008632980287,
    0.9999599456787109
   ]
  ]
 },
 {
  "rotation_euler": [
   0.0006477102288044989,
   -0.008889143355190754,
   0.36412593722343445
  ],
  "euler_order": "XYZ",
  "rotation_matrix": [
   [
    0.9343984723091125,
    -0.3561379909515381,
    -0.008075548335909843
   ],
   [
    0.3561186194419861,
    0.9344331622123718,
    -0.003770915325731039
   ],
   [
    0.008889026008546352,
    0.000647684617433697,
    0.9999603033065796
   ]
  ]
 }
]