[
 {
  "rotation_euler": [
   0.009732422418892384,
   5.669596794177778e-05,
   -0.12141545861959457
  ],
  "euler_order": "XYZ",
  "rotation_matrix": [
   [
    0.9926381707191467,
    0.12111217528581619,
    -0.001122470828704536
   ],
   [
    -0.12111736834049225,
    0.992591142654419,
    -0.009667487815022469
   ],
   [
    -5.669596794177778e-05,
    0.009732268750667572,
    0.9999526143074036
   ]
  ]
 },
 {
  "rotation_euler": [
   1.550196647644043,
   -3.01365065574646,
   0.06867456436157227
  ],
  "euler_order": "XYZ",
  "rotation_matrix": [
   [
    -0.9894886612892151,
    -0.12867893278598785,
    0.06598404049873352
   ],
   [
    -0.06805973500013351,
    0.01179600227624178,
    -0.9976115226745605
   ],
   [
    0.1275932341814041,
    -0.9916161298751831,
    -0.020429864525794983
   ]
  ]
 },
 {
  "rotation_euler": [
   -1.5906651020050049,
   -0.12479729950428009,
   2.4933321475982666
  ],
  "euler_order": "XYZ",
  "rotation_matrix": [
   [
    -0.7909359335899353,
    -0.08720673620700836,
    -0.6056528091430664
   ],
   [
    0.5991048812866211,
    0.09097947925329208,
    -0.7954847812652588
   ],
   [
    0.12447360903024673,
    -0.9920271039009094,
    -0.019712956622242928
   ]
  ]
 },
 {
  "rotation_euler": [
   0.0023992457427084446,
   -2.4747134375502355e-05,
   -2.570676565170288
  ],
  "euler_order": "XYZ",
  "rotation_matrix": [
   [
    -0.8414062857627869,
    0.5404015779495239,
    -0.0012757362565025687
   ],
   [
    -0.5404030680656433,
    -0.8414038419723511,
    0.0020321118645370007
   ],
   [
    2.4747134375502355e-05,
    0.002399243414402008,
    0.9999971389770508
   ]
  ]
 },
 {
  "rotation_euler": [
   -0.6123008131980896,
   -7.054706202325178e-06,
   -0.11926822364330292
  ],
  "euler_order": "XYZ",
  "rotation_matrix": [
   [
    0.9928959608078003,
    0.09737329930067062,
    0.06838148832321167
   ],
   [
    -0.11898566037416458,
    0.8125138878822327,
    0.570669412612915
   ],
   [
    7.054706202325178e-06,
    -0.5747517943382263,
    0.818327784538269
   ]
  ]
 },
 {
  "rotation_euler": [
   -1.5913923978805542,
   -0.12792430818080902,
   0.3868692219257355
  ],
  "euler_order": "XYZ",
  "rotation_matrix": [
   [
    0.9185275435447693,
    0.1258922815322876,
    -0.3747776448726654
   ],
   [
    0.3742079734802246,
    0.029050366953015327,
    0.9268896579742432
   ],
   [
    0.12757568061351776,
    -0.9916184544563293,
    -0.02042633295059204
   ]
  ]
 },
 {
  "rotation_euler": [
   -0.3213328421115875,
   8.706762855581474e-06,
   -2.2710509300231934
  ],
  "euler_order": "XYZ",
  "rotation_matrix": [
   [
    -0.6444123983383179,
    0.7255401015281677,
    0.24150408804416656
   ],
   [
    -0.7646781206130981,
    -0.6114262342453003,
    -0.20353202521800995
   ],
   [
    -8.706762855581474e-06,
    -0.3158314526081085,
    0.9488152861595154
   ]
  ]
 },
 {
  "rotation_euler": [
   0.0014105169102549553,
   -2.6709714802564122e-05,
   -1.4871273040771484
  ],
  "euler_order": "XYZ",
  "rotation_matrix": [
   [
    0.0835714340209961,
    0.9965007901191711,
    -0.001407814328558743
   ],
   [
    -0.9965018033981323,
    0.08357138931751251,
    -9.126263466896489e-05
   ],
   [
    2.6709714802564122e-05,
    0.001410516444593668,
    0.9999989867210388
   ]
  ]
 },
 {
  "rotation_euler": [
   0.0023904850240796804,
   1.783335846994305e-06,
   -2.735962152481079
  ],
  "euler_order": "XYZ",
  "rotation_matrix": [
   [
    -0.918853759765625,
    0.39459705352783203,
    -0.0009449187782593071
   ],
   [
    -0.39459818601608276,
    -0.9188511371612549,
    0.002195800421759486
   ],
   [
    -1.783335846994305e-06,
    0.002390482695773244,
    0.9999971389770508
   ]
  ]
 },
 {
  "rotation_euler": [
   -1.5914020538330078,
   -0.12795165181159973,
   1.1929230690002441
  ],
  "euler_order": "XYZ",
  "rotation_matrix": [
   [
    0.36592862010002136,
    0.0662190392613411,
    -0.9282840490341187
   ],
   [
    0.9218534231185913,
    0.11097359657287598,
    0.37130996584892273
   ],
   [
    0.12760280072689056,
    -0.991614818572998,
    -0.020435836166143417
   ]
  ]
 },
 {
  "rotation_euler": [
   -1.591399073600769,
   -0.12794455885887146,
   0.7071683406829834
  ],
  "euler_order": "XYZ",
  "rotation_matrix": [
   [
    0.753990888595581,
    0.11036263406276703,
    -0.6475475430488586
   ],
   [
    0.6443734169006348,
    0.0672181099653244,
    0.7617510557174683
   ],
   [
    0.12759576737880707,
    -0.9916157722473145,
    -0.02043289877474308
   ]
  ]
 },
 {
  "rotation_euler": [
   0.002366773085668683,
   -1.4715257748321164e-05,
   -0.5993487238883972
  ],
  "euler_order": "XYZ",
  "rotation_matrix": [
   [
    0.8257032036781311,
    0.5641032457351685,
    -0.0013472572900354862
   ],
   [
    -0.5641048550605774,
    0.8257008790969849,
    -0.0019459492759779096
   ],
   [
    1.4715257748321164e-05,
    0.00236677099019289,
    0.9999971985816956
   ]
  ]
 },
 {
  "rotation_euler": [
   -1.5931802988052368,
   -0.135415717959404,
   0.050175487995147705
  ],
  "euler_order": "XYZ",
  "rotation_matrix": [
   [
    0.989598274230957,
    0.13592112064361572,
    -0.047124043107032776
   ],
   [
    0.04969528689980507,
    -0.015584669075906277,
    0.9986428022384644
   ],
   [
    0.1350022405385971,
    -0.9905970692634583,
    -0.02217720076441765
   ]
  ]
 },
 {
  "rotation_euler": [
   0.002376117277890444,
   -1.3027805835008621e-05,
   0.7003104090690613
  ],
  "euler_order": "XYZ",
  "rotation_matrix": [
   [
    0.7646421790122986,
    -0.6444532871246338,
    0.001521337777376175
   ],
   [
    0.644455075263977,
    0.7646399736404419,
    -0.0018252736190333962
   ],
   [
    1.3027805835008621e-05,
    0.0023761149495840073,
    0.9999971985816956
   ]
  ]
 },
 {
  "rotation_euler": [
   1.6120495796203613,
   -2.963330700822553e-07,
   -0.528753936290741
  ],
  "euler_order": "XYZ",
  "rotation_matrix": [
   [
    0.8634363412857056,
    -0.020804880186915398,
    -0.5040286183357239
   ],
   [
    -0.5044578313827515,
    -0.035609304904937744,
    -0.8627017140388489
   ],
   [
    2.963330700822553e-07,
    0.9991492033004761,
    -0.04124155268073082
   ]
  ]
 },
 {
  "rotation_euler": [
   -1.5913970470428467,
   -0.1279941350221634,
   -2.8293328285217285
  ],
  "euler_order": "XYZ",
  "rotation_matrix": [
   [
    -0.9438572525978088,
    -0.12777478992938995,
    0.30464252829551697
   ],
   [
    -0.3046969771385193,
    -0.01960235834121704,
    -0.9522476196289062
   ],
   [
    0.12764494121074677,
    -0.9916094541549683,
    -0.020430760458111763
   ]
  ]
 }
]