[
 {
  "rotation_euler": [
   0.12865588068962097,
   0.02707400545477867,
   0.22036664187908173
  ],
  "euler_order": "XYZ",
  "rotation_matrix": [
   [
    0.9754597544670105,
    -0.21339163184165955,
    0.05424277484416962
   ],
   [
    0.2185073047876358,
    0.968511700630188,
    -0.11933017522096634
   ],
   [
    -0.027070697396993637,
    0.128254234790802,
    0.9913718104362488
   ]
  ]
 },
 {
  "rotation_euler": [
   0.12865681946277618,
   0.027072813361883163,
   2.8607301712036133
  ],
  "euler_order": "XYZ",
  "rotation_matrix": [
   [
    -0.9604646563529968,
    -0.27823054790496826,
    0.009769492782652378
   ],
   [
    0.2770828604698181,
    -0.9519129991531372,
    0.13071611523628235
   ],
   [
    -0.02706950716674328,
    0.12825515866279602,
    0.9913716912269592
   ]
  ]
 },
 {
  "rotation_euler": [
   0.12865684926509857,
   0.027072591707110405,
   0.20047947764396667
  ],
  "euler_order": "XYZ",
  "rotation_matrix": [
   [
    0.9796121120452881,
    -0.194089874625206,
    0.051857877522706985
   ],
   [
    0.19906625151634216,
    0.9725635051727295,
    -0.12038646638393402
   ],
   [
    -0.02706928551197052,
    0.1282551884651184,
    0.9913716912269592
   ]
  ]
 },
 {
  "rotation_euler": [
   0.1286560297012329,
   0.027074208483099937,
   -0.04492562636733055
  ],
  "euler_order": "XYZ",
  "rotation_matrix": [
   [
    0.9986249208450317,
    0.04800907149910927,
    0.021057995036244392
   ],
   [
    -0.044894058257341385,
    0.9905785918235779,
    -0.12937766313552856
   ],
   [
    -0.027070900425314903,
    0.12825436890125275,
    0.991371750831604
   ]
  ]
 },
 {
  "rotation_euler": [
   0.12865681946277618,
   0.027072861790657043,
   1.4755760431289673
  ],
  "euler_order": "XYZ",
  "rotation_matrix": [
   [
    0.09504161775112152,
    -0.9869123101234436,
    0.13027337193489075
   ],
   [
    0.9951052069664001,
    0.09774801135063171,
    0.014525699429214
   ],
   [
    -0.02706955559551716,
    0.12825515866279602,
    0.9913716912269592
   ]
  ]
 },
 {
  "rotation_euler": [
   0.12865763902664185,
   0.027066243812441826,
   1.9660485982894897
  ],
  "euler_order": "XYZ",
  "rotation_matrix": [
   [
    -0.3849000036716461,
    -0.9166086912155151,
    0.1080765426158905
   ],
   [
    0.9225614070892334,
    -0.3786541223526001,
    0.07417185604572296
   ],
   [
    -0.02706293947994709,
    0.12825599312782288,
    0.991371750831604
   ]
  ]
 },
 {
  "rotation_euler": [
   0.12865562736988068,
   0.027076352387666702,
   2.362403631210327
  ],
  "euler_order": "XYZ",
  "rotation_matrix": [
   [
    -0.7112228870391846,
    -0.6993663311004639,
    0.0710546150803566
   ],
   [
    0.7024450898170471,
    -0.7031626105308533,
    0.11015113443136215
   ],
   [
    -0.027073044329881668,
    0.1282539665699005,
    0.991371750831604
   ]
  ]
 },
 {
  "rotation_euler": [
   0.12865588068962097,
   0.027074182406067848,
   -2.188079833984375
  ],
  "euler_order": "XYZ",
  "rotation_matrix": [
   [
    -0.5786100029945374,
    0.8067039251327515,
    -0.1201634630560875
   ],
   [
    -0.8151549696922302,
    -0.5768705606460571,
    0.05237099900841713
   ],
   [
    -0.027070874348282814,
    0.128254234790802,
    0.9913718104362488
   ]
  ]
 },
 {
  "rotation_euler": [
   0.12865586578845978,
   0.02707492746412754,
   2.481574535369873
  ],
  "euler_order": "XYZ",
  "rotation_matrix": [
   [
    -0.7896915674209595,
    -0.6108076572418213,
    0.05745616555213928
   ],
   [
    0.6129064559936523,
    -0.7813225388526917,
    0.11781682074069977
   ],
   [
    -0.027071619406342506,
    0.12825420498847961,
    0.991371750831604
   ]
  ]
 },
 {
  "rotation_euler": [
   0.12865614891052246,
   0.027074702084064484,
   -1.3234930038452148
  ],
  "euler_order": "XYZ",
  "rotation_matrix": [
   [
    0.24470050632953644,
    0.96241295337677,
    -0.11782603710889816
   ],
   [
    -0.9692206978797913,
    0.23939944803714752,
    -0.057437799870967865
   ],
   [
    -0.02707139402627945,
    0.1282544881105423,
    0.991371750831604
   ]
  ]
 },
 {
  "rotation_euler": [
   0.12865695357322693,
   0.027071688324213028,
   -0.7578327655792236
  ],
  "euler_order": "XYZ",
  "rotation_matrix": [
   [
    0.726061224937439,
    0.684190571308136,
    -0.06869044154882431
   ],
   [
    -0.6870970726013184,
    0.7179372310638428,
    -0.11164113134145737
   ],
   [
    -0.027068382129073143,
    0.12825530767440796,
    0.9913716912269592
   ]
  ]
 },
 {
  "rotation_euler": [
   0.12865683436393738,
   0.02707247994840145,
   1.774990200996399
  ],
  "euler_order": "XYZ",
  "rotation_matrix": [
   [
    -0.2027035355567932,
    -0.9718358516693115,
    0.12019302695989609
   ],
   [
    0.978865921497345,
    -0.19770103693008423,
    0.052304573357105255
   ],
   [
    -0.027069173753261566,
    0.12825517356395721,
    0.9913716912269592
   ]
  ]
 },
 {
  "rotation_euler": [
   0.12865595519542694,
   0.02707476168870926,
   2.529473066329956
  ],
  "euler_order": "XYZ",
  "rotation_matrix": [
   [
    -0.8181319832801819,
    -0.5726971626281738,
    0.05174935981631279
   ],
   [
    0.5743929147720337,
    -0.8096719980239868,
    0.12043268978595734
   ],
   [
    -0.027071453630924225,
    0.12825429439544678,
    0.991371750831604
   ]
  ]
 },
 {
  "rotation_euler": [
   0.12865601480007172,
   0.0270741768181324,
   -1.4359887838363647
  ],
  "euler_order": "XYZ",
  "rotation_matrix": [
   [
    0.13435034453868866,
    0.9832042455673218,
    -0.12352908402681351
   ],
   [
    -0.9905640482902527,
    0.12984710931777954,
    -0.043847210705280304
   ],
   [
    -0.027070868760347366,
    0.12825435400009155,
    0.991371750831604
   ]
  ]
 },
 {
  "rotation_euler": [
   0.12865756452083588,
   0.027066897600889206,
   2.8033246994018555
  ],
  "euler_order": "XYZ",
  "rotation_matrix": [
   [
    -0.9429853558540344,
    -0.33238649368286133,
    0.01725887879729271
   ],
   [
    0.3317321538925171,
    -0.9343819618225098,
    0.1299390345811844
   ],
   [
    -0.02706359326839447,
    0.1282559186220169,
    0.991371750831604
   ]
  ]
 },
 {
  "rotation_euler": [
   0.12865591049194336,
   0.027074864134192467,
   -1.2863397598266602
  ],
  "euler_order": "XYZ",
  "rotation_matrix": [
   [
    0.2805330455303192,
    0.9528564214706421,
    -0.11561094224452972
   ],
   [
    -0.9594625234603882,
    0.2749827802181244,
    -0.06177486106753349
   ],
   [
    -0.027071556076407433,
    0.1282542496919632,
    0.991371750831604
   ]
  ]
 }
]