[
 {
  "rotation_euler": [
   -1.570796251296997,
   0.49523788690567017,
   0.43137627840042114
  ],
  "euler_order": "XYZ",
  "rotation_matrix": [
   [
    0.7992531061172485,
    -0.43170472979545593,
    -0.4181213676929474
   ],
   [
    0.367886483669281,
    -0.19870835542678833,
    0.9083911776542664
   ],
   [
    -0.4752409756183624,
    -0.8798556923866272,
    6.642725480787703e-08
   ]
  ]
 },
 {
  "rotation_euler": [
   -1.5707963705062866,
   2.761096954345703,
   -0.04119092971086502
  ],
  "euler_order": "XYZ",
  "rotation_matrix": [
   [
    -0.9276930689811707,
    -0.37106573581695557,
    0.041179265826940536
   ],
   [
    0.0382341668009758,
    0.015293149277567863,
    0.9991517663002014
   ],
   [
    -0.3713807761669159,
    0.9284806847572327,
    4.058518143779111e-08
   ]
  ]
 },
 {
  "rotation_euler": [
   -4.421571730972573e-08,
   -3.341122294386878e-07,
   -0.6988930702209473
  ],
  "euler_order": "XYZ",
  "rotation_matrix": [
   [
    0.7655548453330994,
    0.6433706879615784,
    -2.2733412663455965e-07
   ],
   [
    -0.6433706879615784,
    0.7655548453330994,
    2.488075665496581e-07
   ],
   [
    3.341122294386878e-07,
    -4.421571730972573e-08,
    1.0
   ]
  ]
 },
 {
  "rotation_euler": [
   9.576716365700122e-06,
   1.0376368663855828e-05,
   2.168200969696045
  ],
  "euler_order": "XYZ",
  "rotation_matrix": [
   [
    -0.5624985098838806,
    -0.8267982602119446,
    2.081320417346433e-06
   ],
   [
    0.8267982602119446,
    -0.5624985098838806,
    1.3966052392788697e-05
   ],
   [
    -1.0376368663855828e-05,
    9.576716365700122e-06,
    1.0
   ]
  ]
 },
 {
  "rotation_euler": [
   1.0475157068867702e-05,
   3.214894240954891e-05,
   1.9831212759017944
  ],
  "euler_order": "XYZ",
  "rotation_matrix": [
   [
    -0.40074050426483154,
    -0.916191577911377,
    -3.2861325962585397e-06
   ],
   [
    0.916191577911377,
    -0.40074050426483154,
    3.36524099111557e-05
   ],
   [
    -3.214894240954891e-05,
    1.0475157068867702e-05,
    1.0
   ]
  ]
 },
 {
  "rotation_euler": [
   1.570796251296997,
   0.38049551844596863,
   2.610560417175293
  ],
  "euler_order": "XYZ",
  "rotation_matrix": [
   [
    -0.8006147742271423,
    -0.32023587822914124,
    0.5064236521720886
   ],
   [
    0.4702046513557434,
    0.18807587027549744,
    0.862284779548645
   ],
   [
    -0.37138059735298157,
    0.9284807443618774,
    7.009834490645517e-08
   ]
  ]
 },
 {
  "rotation_euler": [
   1.4364442222358775e-06,
   -1.2529278592410265e-06,
   2.118316888809204
  ],
  "euler_order": "XYZ",
  "rotation_matrix": [
   [
    -0.5205718278884888,
    -0.853817880153656,
    1.87870068657503e-06
   ],
   [
    0.853817880153656,
    -0.5205718278884888,
    -3.2199977795244195e-07
   ],
   [
    1.2529278592410265e-06,
    1.4364442222358775e-06,
    1.0
   ]
  ]
 },
 {
  "rotation_euler": [
   1.4259230738389306e-05,
   1.4614972315030172e-05,
   -2.448072910308838
  ],
  "euler_order": "XYZ",
  "rotation_matrix": [
   [
    -0.769000768661499,
    0.6392478346824646,
    -2.0354107618913986e-05
   ],
   [
    -0.6392478346824646,
    -0.769000768661499,
    1.6227705827986938e-06
   ],
   [
    -1.4614972315030172e-05,
    1.4259230738389306e-05,
    1.0
   ]
  ]
 },
 {
  "rotation_euler": [
   -7.72918647271581e-05,
   -0.00048248612438328564,
   -2.6723811626434326
  ],
  "euler_order": "XYZ",
  "rotation_matrix": [
   [
    -0.891925036907196,
    0.4521830976009369,
    0.0004652915522456169
   ],
   [
    -0.4521830677986145,
    -0.8919251561164856,
    0.00014923352864570916
   ],
   [
    0.0004824860952794552,
    -7.729185745120049e-05,
    0.9999998807907104
   ]
  ]
 },
 {
  "rotation_euler": [
   -1.570796251296997,
   0.4952378273010254,
   0.608738362789154
  ],
  "euler_order": "XYZ",
  "rotation_matrix": [
   [
    0.7218073010444641,
    -0.3898735046386719,
    -0.5718328952789307
   ],
   [
    0.5031304359436035,
    -0.2717583477497101,
    0.8203701376914978
   ],
   [
    -0.47524091601371765,
    -0.8798556923866272,
    6.642725480787703e-08
   ]
  ]
 },
 {
  "rotation_euler": [
   -9.360945114167407e-06,
   3.1478826713282615e-05,
   2.9985601902008057
  ],
  "euler_order": "XYZ",
  "rotation_matrix": [
   [
    -0.989788293838501,
    -0.14254526793956757,
    -3.2491730962647125e-05
   ],
   [
    0.14254526793956757,
    -0.989788293838501,
    -4.778196398547152e-06
   ],
   [
    -3.1478826713282615e-05,
    -9.360945114167407e-06,
    1.0
   ]
  ]
 },
 {
  "rotation_euler": [
   -1.570796251296997,
   2.761096954345703,
   0.06216537952423096
  ],
  "euler_order": "XYZ",
  "rotation_matrix": [
   [
    -0.9266871809959412,
    -0.3706634044647217,
    -0.0621253177523613
   ],
   [
    -0.057682182639837265,
    -0.023072082549333572,
    0.9980683326721191
   ],
   [
    -0.3713807761669159,
    0.9284806847572327,
    -7.009833780102781e-08
   ]
  ]
 },
 {
  "rotation_euler": [
   1.5707964897155762,
   0.3804955780506134,
   -2.4443278312683105
  ],
  "euler_order": "XYZ",
  "rotation_matrix": [
   [
    -0.7117745876312256,
    -0.28470101952552795,
    -0.642123281955719
   ],
   [
    -0.596199095249176,
    -0.23847204446792603,
    0.7666013836860657
   ],
   [
    -0.37138065695762634,
    0.9284806847572327,
    -1.5126870778203738e-07
   ]
  ]
 },
 {
  "rotation_euler": [
   2.5780568648769986e-06,
   1.8497622704671812e-06,
   -0.7629033327102661
  ],
  "euler_order": "XYZ",
  "rotation_matrix": [
   [
    0.7228327989578247,
    0.6910229921340942,
    -4.4442771240937873e-07
   ],
   [
    -0.6910229921340942,
    0.7228327989578247,
    -3.1417323498317273e-06
   ],
   [
    -1.8497622704671812e-06,
    2.5780568648769986e-06,
    1.0
   ]
  ]
 },
 {
  "rotation_euler": [
   1.5707963705062866,
   0.38049566745758057,
   0.354875385761261
  ],
  "euler_order": "XYZ",
  "rotation_matrix": [
   [
    0.8706268668174744,
    0.348239928483963,
    0.34747350215911865
   ],
   [
    0.3226224482059479,
    0.12904493510723114,
    -0.9376897811889648
   ],
   [
    -0.3713807463645935,
    0.9284806847572327,
    -4.058518143779111e-08
   ]
  ]
 },
 {
  "rotation_euler": [
   3.386534672245034e-06,
   1.5653866967113572e-06,
   -1.5581189393997192
  ],
  "euler_order": "XYZ",
  "rotation_matrix": [
   [
    0.012677047401666641,
    0.9999196529388428,
    -3.3664180136838695e-06
   ],
   [
    -0.9999196529388428,
    0.012677047401666641,
    -1.6081921785371378e-06
   ],
   [
    -1.5653866967113572e-06,
    3.386534672245034e-06,
    1.0
   ]
  ]
 }
]