[
 {
  "rotation_euler": [
   -1.5736796855926514,
   -0.24422530829906464,
   -0.6487951874732971
  ],
  "euler_order": "XYZ",
  "rotation_matrix": [
   [
    0.7731668949127197,
    0.19092996418476105,
    0.604779839515686
   ],
   [
    -0.5862963795661926,
    -0.14840176701545715,
    0.796387791633606
   ],
   [
    0.24180468916893005,
    -0.9703208804130554,
    -0.0027977910358458757
   ]
  ]
 },
 {
  "rotation_euler": [
   -1.5736795663833618,
   -0.2442256212234497,
   0.7392513751983643
  ],
  "euler_order": "XYZ",
  "rotation_matrix": [
   [
    0.7170439958572388,
    0.1806291937828064,
    -0.6732168793678284
   ],
   [
    0.653741717338562,
    0.1607811450958252,
    0.7394397854804993
   ],
   [
    0.24180500209331512,
    -0.9703208208084106,
    -0.002797675086185336
   ]
  ]
 },
 {
  "rotation_euler": [
   -1.5736795663833618,
   -0.2442256212234497,
   1.9404001235961914
  ],
  "euler_order": "XYZ",
  "rotation_matrix": [
   [
    -0.35052597522735596,
    -0.08466219902038574,
    -0.9327185153961182
   ],
   [
    0.9047993421554565,
    0.22651666402816772,
    -0.36059442162513733
   ],
   [
    0.24180500209331512,
    -0.9703208208084106,
    -0.002797675086185336
   ]
  ]
 },
 {
  "rotation_euler": [
   -1.5734853744506836,
   -0.039860744029283524,
   -0.5299288630485535
  ],
  "euler_order": "XYZ",
  "rotation_matrix": [
   [
    0.8621576428413391,
    0.033025097101926804,
    0.5055626034736633
   ],
   [
    -0.5050704479217529,
    -0.022463303059339523,
    0.8627857565879822
   ],
   [
    0.03985019028186798,
    -0.9992020726203918,
    -0.002686908468604088
   ]
  ]
 },
 {
  "rotation_euler": [
   -1.5736795663833618,
   -0.24422530829906464,
   -2.8382818698883057
  ],
  "euler_order": "XYZ",
  "rotation_matrix": [
   [
    -0.9260323643684387,
    -0.2316272109746933,
    0.29801490902900696
   ],
   [
    -0.2898181080818176,
    -0.06947066634893417,
    -0.9545571208000183
   ],
   [
    0.24180468916893005,
    -0.9703208804130554,
    -0.0027976753190159798
   ]
  ]
 },
 {
  "rotation_euler": [
   -1.5736794471740723,
   -0.24422529339790344,
   -1.5882112979888916
  ],
  "euler_order": "XYZ",
  "rotation_matrix": [
   [
    -0.016897326335310936,
    -0.007093470543622971,
    0.9998320937156677
   ],
   [
    -0.9701778292655945,
    -0.24171680212020874,
    -0.018111063167452812
   ],
   [
    0.24180467426776886,
    -0.9703209400177002,
    -0.0027975598350167274
   ]
  ]
 },
 {
  "rotation_euler": [
   -1.5736795663833618,
   -0.2442256063222885,
   -1.3783355951309204
  ],
  "euler_order": "XYZ",
  "rotation_matrix": [
   [
    0.18559867143630981,
    0.043421000242233276,
    0.9816657900810242
   ],
   [
    -0.9524093270301819,
    -0.23789092898368835,
    0.19058966636657715
   ],
   [
    0.24180498719215393,
    -0.9703208208084106,
    -0.002797675086185336
   ]
  ]
 },
 {
  "rotation_euler": [
   -1.5736796855926514,
   -0.24422556161880493,
   0.34645408391952515
  ],
  "euler_order": "XYZ",
  "rotation_matrix": [
   [
    0.9126707911491394,
    0.22841568291187286,
    -0.33890753984451294
   ],
   [
    0.3294880986213684,
    0.07939605414867401,
    0.9408155083656311
   ],
   [
    0.24180494248867035,
    -0.9703208208084106,
    -0.002797790803015232
   ]
  ]
 },
 {
  "rotation_euler": [
   -1.573672890663147,
   -0.1450003683567047,
   -0.4120561480522156
  ],
  "euler_order": "XYZ",
  "rotation_matrix": [
   [
    0.9066835045814514,
    0.13124604523181915,
    0.40087342262268066
   ],
   [
    -0.3962913751602173,
    -0.06050407886505127,
    0.9161290526390076
   ],
   [
    0.14449279010295868,
    -0.9895017743110657,
    -0.002846372779458761
   ]
  ]
 },
 {
  "rotation_euler": [
   -1.5736794471740723,
   -0.24422532320022583,
   1.5410720109939575
  ],
  "euler_order": "XYZ",
  "rotation_matrix": [
   [
    0.02883799746632576,
    0.01006823405623436,
    -0.9995334148406982
   ],
   [
    0.9698963165283203,
    0.24161119759082794,
    0.030416658148169518
   ],
   [
    0.24180470407009125,
    -0.9703208804130554,
    -0.0027975598350167274
   ]
  ]
 },
 {
  "rotation_euler": [
   -1.5736795663833618,
   -0.24422556161880493,
   0.04809270054101944
  ],
  "euler_order": "XYZ",
  "rotation_matrix": [
   [
    0.9692029356956482,
    0.24166296422481537,
    -0.04737759009003639
   ],
   [
    0.046647556126117706,
    0.00874461978673935,
    0.9988731145858765
   ],
   [
    0.24180494248867035,
    -0.9703208208084106,
    -0.0027976753190159798
   ]
  ]
 },
 {
  "rotation_euler": [
   -1.5736794471740723,
   -0.24422559142112732,
   0.11345507204532623
  ],
  "euler_order": "XYZ",
  "rotation_matrix": [
   [
    0.9640865325927734,
    0.24057577550411224,
    -0.11251869052648544
   ],
   [
    0.10985225439071655,
    0.024510487914085388,
    0.9936456680297852
   ],
   [
    0.24180497229099274,
    -0.9703208208084106,
    -0.002797559602186084
   ]
  ]
 },
 {
  "rotation_euler": [
   -1.5736795663833618,
   -0.24422554671764374,
   1.9952353239059448
  ],
  "euler_order": "XYZ",
  "rotation_matrix": [
   [
    -0.3995891213417053,
    -0.09694977849721909,
    -0.9115532040596008
   ],
   [
    0.8842278718948364,
    0.22153598070144653,
    -0.4111725986003876
   ],
   [
    0.24180492758750916,
    -0.9703208208084106,
    -0.0027976753190159798
   ]
  ]
 },
 {
  "rotation_euler": [
   -1.5736794471740723,
   -0.2442251592874527,
   -0.487586110830307
  ],
  "euler_order": "XYZ",
  "rotation_matrix": [
   [
    0.8572494387626648,
    0.21227456629276276,
    0.4691086411476135
   ],
   [
    -0.4545920789241791,
    -0.11583080887794495,
    0.8831360340118408
   ],
   [
    0.2418045550584793,
    -0.9703209400177002,
    -0.0027975598350167274
   ]
  ]
 },
 {
  "rotation_euler": [
   -1.5736794471740723,
   -0.24422523379325867,
   -2.7148125171661377
  ],
  "euler_order": "XYZ",
  "rotation_matrix": [
   [
    -0.8832899928092957,
    -0.22130806744098663,
    0.4133055508136749
   ],
   [
    -0.40165814757347107,
    -0.09746813774108887,
    -0.9105880856513977
   ],
   [
    0.24180462956428528,
    -0.9703209400177002,
    -0.0027975598350167274
   ]
  ]
 },
 {
  "rotation_euler": [
   -1.5736794471740723,
   -0.2442256063222885,
   -0.8261054754257202
  ],
  "euler_order": "XYZ",
  "rotation_matrix": [
   [
    0.6576323509216309,
    0.16176137328147888,
    0.7357668876647949
   ],
   [
    -0.7134774327278137,
    -0.17975187301635742,
    0.677229106426239
   ],
   [
    0.24180498719215393,
    -0.9703208208084106,
    -0.002797559602186084
   ]
  ]
 }
]