[
 {
  "rotation_euler": [
   -0.7763234376907349,
   1.2840635776519775,
   -1.7202627658843994
  ],
  "euler_order": "XYZ",
  "rotation_matrix": [
   [
    -0.04211486130952835,
    0.8056154847145081,
    0.5909399390220642
   ],
   [
    -0.27966663241386414,
    0.5583152770996094,
    -0.7810701727867126
   ],
   [
    -0.9591730237007141,
    -0.19816084206104279,
    0.20179039239883423
   ]
  ]
 },
 {
  "rotation_euler": [
   -0.7763230204582214,
   1.2840635776519775,
   -1.7300397157669067
  ],
  "euler_order": "XYZ",
  "rotation_matrix": [
   [
    -0.044847093522548676,
    0.8110357522964478,
    0.5832750201225281
   ],
   [
    -0.27924150228500366,
    0.5504119396209717,
    -0.786810576915741
   ],
   [
    -0.9591730237007141,
    -0.19816076755523682,
    0.2017904818058014
   ]
  ]
 },
 {
  "rotation_euler": [
   -0.776323139667511,
   1.284063458442688,
   -1.868749976158142
  ],
  "euler_order": "XYZ",
  "rotation_matrix": [
   [
    -0.08302594721317291,
    0.8793489933013916,
    0.46888381242752075
   ],
   [
    -0.27035874128341675,
    0.4329868257045746,
    -0.8599002957344055
   ],
   [
    -0.9591730237007141,
    -0.19816087186336517,
    0.20179054141044617
   ]
  ]
 },
 {
  "rotation_euler": [
   -0.7763223648071289,
   1.2840635776519775,
   0.6837431788444519
  ],
  "euler_order": "XYZ",
  "rotation_matrix": [
   [
    0.2192458212375641,
    -0.9716999530792236,
    0.08792278915643692
   ],
   [
    0.17865709960460663,
    0.1285749226808548,
    0.9754742980003357
   ],
   [
    -0.9591730237007141,
    -0.19816063344478607,
    0.20179060101509094
   ]
  ]
 },
 {
  "rotation_euler": [
   -0.7763228416442871,
   1.2840633392333984,
   -2.2041094303131104
  ],
  "euler_order": "XYZ",
  "rotation_matrix": [
   [
    -0.16737820208072662,
    0.9728620052337646,
    0.15976236760616302
   ],
   [
    -0.22797313332557678,
    0.11946438997983932,
    -0.9663107991218567
   ],
   [
    -0.9591729640960693,
    -0.19816088676452637,
    0.2017906755208969
   ]
  ]
 },
 {
  "rotation_euler": [
   -0.7763222455978394,
   1.2840635776519775,
   -1.7293280363082886
  ],
  "euler_order": "XYZ",
  "rotation_matrix": [
   [
    -0.04464834928512573,
    0.810644268989563,
    0.583834171295166
   ],
   [
    -0.2792733609676361,
    0.5509883761405945,
    -0.7863956689834595
   ],
   [
    -0.9591730237007141,
    -0.19816060364246368,
    0.20179063081741333
   ]
  ]
 },
 {
  "rotation_euler": [
   2.3652701377868652,
   1.8575291633605957,
   0.4810457229614258
  ],
  "euler_order": "XYZ",
  "rotation_matrix": [
   [
    -0.2507231533527374,
    0.9259228110313416,
    -0.2824975848197937
   ],
   [
    -0.13086262345314026,
    -0.3215576410293579,
    -0.9378036260604858
   ],
   [
    -0.9591730237007141,
    -0.19816072285175323,
    0.20179063081741333
   ]
  ]
 },
 {
  "rotation_euler": [
   2.365269660949707,
   1.8575292825698853,
   -0.4535658061504364
  ],
  "euler_order": "XYZ",
  "rotation_matrix": [
   [
    -0.2542242407798767,
    0.2914690375328064,
    -0.9221799373626709
   ],
   [
    0.12392428517341614,
    -0.9358301758766174,
    -0.32994651794433594
   ],
   [
    -0.9591729640960693,
    -0.19816090166568756,
    0.20179063081741333
   ]
  ]
 },
 {
  "rotation_euler": [
   -0.7763230204582214,
   1.284063458442688,
   -1.8621996641159058
  ],
  "euler_order": "XYZ",
  "rotation_matrix": [
   [
    -0.08125324547290802,
    0.8764939904212952,
    0.4745061993598938
   ],
   [
    -0.2708967626094818,
    0.4387374222278595,
    -0.8568106293678284
   ],
   [
    -0.9591730237007141,
    -0.19816084206104279,
    0.20179055631160736
   ]
  ]
 },
 {
  "rotation_euler": [
   -0.776323139667511,
   1.2840638160705566,
   -0.041722722351551056
  ],
  "euler_order": "XYZ",
  "rotation_matrix": [
   [
    0.28257352113723755,
    -0.6417097449302673,
    0.7129942178726196
   ],
   [
    -0.011796582490205765,
    0.7409054636955261,
    0.6715056896209717
   ],
   [
    -0.9591730833053589,
    -0.19816063344478607,
    0.20179028809070587
   ]
  ]
 },
 {
  "rotation_euler": [
   -0.7763227820396423,
   1.2840635776519775,
   0.42394375801086426
  ],
  "euler_order": "XYZ",
  "rotation_matrix": [
   [
    0.257782906293869,
    -0.9060621857643127,
    0.3355582356452942
   ],
   [
    0.11634030193090439,
    0.37387657165527344,
    0.9201528429985046
   ],
   [
    -0.9591730237007141,
    -0.19816072285175323,
    0.20179052650928497
   ]
  ]
 },
 {
  "rotation_euler": [
   -0.7763234972953796,
   1.284063458442688,
   -2.3842029571533203
  ],
  "euler_order": "XYZ",
  "rotation_matrix": [
   [
    -0.20550601184368134,
    0.9785265326499939,
    -0.015907971188426018
   ],
   [
    -0.19430498778820038,
    -0.05672765150666237,
    -0.9792995452880859
   ],
   [
    -0.9591730237007141,
    -0.19816094636917114,
    0.2017904669046402
   ]
  ]
 },
 {
  "rotation_euler": [
   -0.776322603225708,
   1.284063458442688,
   -2.478537082672119
  ],
  "euler_order": "XYZ",
  "rotation_matrix": [
   [
    -0.22289471328258514,
    0.9688323736190796,
    -0.10808251798152924
   ],
   [
    -0.17408359050750732,
    -0.14864790439605713,
    -0.9734468460083008
   ],
   [
    -0.9591730237007141,
    -0.19816075265407562,
    0.20179064571857452
   ]
  ]
 },
 {
  "rotation_euler": [
   -0.7763229608535767,
   1.284063696861267,
   0.9083120822906494
  ],
  "euler_order": "XYZ",
  "rotation_matrix": [
   [
    0.17395606637001038,
    -0.9759325981140137,
    -0.13151007890701294
   ],
   [
    0.22299395501613617,
    -0.09103826433420181,
    0.9705594778060913
   ],
   [
    -0.9591730833053589,
    -0.19816067814826965,
    0.20179040729999542
   ]
  ]
 },
 {
  "rotation_euler": [
   -0.7763225436210632,
   1.2840635776519775,
   1.208595633506775
  ],
  "euler_order": "XYZ",
  "rotation_matrix": [
   [
    0.10021241754293442,
    -0.9053340554237366,
    -0.4127078354358673
   ],
   [
    0.26447033882141113,
    -0.3756363093852997,
    0.8882301449775696
   ],
   [
    -0.9591730237007141,
    -0.19816066324710846,
    0.20179057121276855
   ]
  ]
 },
 {
  "rotation_euler": [
   -0.7763232588768005,
   1.2840635776519775,
   1.1157881021499634
  ],
  "euler_order": "XYZ",
  "rotation_matrix": [
   [
    0.12429077178239822,
    -0.9362495541572571,
    -0.3286162316799164
   ],
   [
    0.2540450692176819,
    -0.29011914134025574,
    0.9226548671722412
   ],
   [
    -0.9591730237007141,
    -0.1981608122587204,
    0.2017904371023178
   ]
  ]
 }
]