[
 {
  "rotation_euler": [
   -0.0011039127130061388,
   0.00030095974216237664,
   2.7502188682556152
  ],
  "euler_order": "XYZ",
  "rotation_matrix": [
   [
    -0.9243858456611633,
    -0.3814581334590912,
    -0.0006992997950874269
   ],
   [
    0.38145866990089417,
    -0.9243854284286499,
    -0.0009056375129148364
   ],
   [
    -0.00030095974216237664,
    -0.0011039124801754951,
    0.9999993443489075
   ]
  ]
 },
 {
  "rotation_euler": [
   -0.0012177348835393786,
   -0.000131381384562701,
   2.057260513305664
  ],
  "euler_order": "XYZ",
  "rotation_matrix": [
   [
    -0.4675031900405884,
    -0.8839908242225647,
    -0.0010150456801056862
   ],
   [
    0.8839913606643677,
    -0.4675027132034302,
    -0.000685434730257839
   ],
   [
    0.000131381384562701,
    -0.0012177345342934132,
    0.9999992251396179
   ]
  ]
 },
 {
  "rotation_euler": [
   -0.0011809894349426031,
   -2.4119008230627514e-05,
   -2.3081116676330566
  ],
  "euler_order": "XYZ",
  "rotation_matrix": [
   [
    -0.6723029613494873,
    0.7402756214141846,
    0.0008904733695089817
   ],
   [
    -0.7402761578559875,
    -0.6723024845123291,
    -0.000776127795688808
   ],
   [
    2.4119008230627514e-05,
    -0.0011809892021119595,
    0.9999992847442627
   ]
  ]
 },
 {
  "rotation_euler": [
   -0.0011650235392153263,
   0.00024413198116235435,
   -0.17903883755207062
  ],
  "euler_order": "XYZ",
  "rotation_matrix": [
   [
    0.9840152859687805,
    0.17808344960212708,
    0.00044770128442905843
   ],
   [
    -0.1780838519334793,
    0.9840146899223328,
    0.0011029248125851154
   ],
   [
    -0.00024413198116235435,
    -0.0011650231899693608,
    0.9999992847442627
   ]
  ]
 },
 {
  "rotation_euler": [
   -0.0011722203344106674,
   1.4056857253308408e-05,
   -0.3613452911376953
  ],
  "euler_order": "XYZ",
  "rotation_matrix": [
   [
    0.9354220628738403,
    0.35353270173072815,
    0.00042756751645356417
   ],
   [
    -0.35353296995162964,
    0.9354214072227478,
    0.001091550919227302
   ],
   [
    -1.4056857253308408e-05,
    -0.0011722201015800238,
    0.9999992847442627
   ]
  ]
 },
 {
  "rotation_euler": [
   -0.0011475952342152596,
   0.00015831887139938772,
   1.807602882385254
  ],
  "euler_order": "XYZ",
  "rotation_matrix": [
   [
    -0.2345995008945465,
    -0.9720914363861084,
    -0.0011527094757184386
   ],
   [
    0.9720920920372009,
    -0.2345995306968689,
    -0.00011532479402376339
   ],
   [
    -0.00015831887139938772,
    -0.001147595001384616,
    0.9999993443489075
   ]
  ]
 },
 {
  "rotation_euler": [
   -0.0011582903098315,
   0.0002618982980493456,
   0.2629530429840088
  ],
  "euler_order": "XYZ",
  "rotation_matrix": [
   [
    0.9656265377998352,
    -0.25993332266807556,
    -4.818227171199396e-05
   ],
   [
    0.259933203458786,
    0.9656258821487427,
    0.0011865516426041722
   ],
   [
    -0.0002618982980493456,
    -0.0011582899605855346,
    0.9999992847442627
   ]
  ]
 },
 {
  "rotation_euler": [
   -0.0011524207657203078,
   5.399687506724149e-05,
   -2.308825969696045
  ],
  "euler_order": "XYZ",
  "rotation_matrix": [
   [
    -0.6728315353393555,
    0.7397952675819397,
    0.0008162249578163028
   ],
   [
    -0.7397956848144531,
    -0.6728310585021973,
    -0.000815331528428942
   ],
   [
    -5.399687506724149e-05,
    -0.0011524205328896642,
    0.9999993443489075
   ]
  ]
 },
 {
  "rotation_euler": [
   -0.0011630987282842398,
   9.832684008870274e-05,
   0.9566841125488281
  ],
  "euler_order": "XYZ",
  "rotation_matrix": [
   [
    0.5762331485748291,
    -0.817284882068634,
    -0.0008939241524785757
   ],
   [
    0.8172853589057922,
    0.5762326717376709,
    0.0007505769608542323
   ],
   [
    -9.832684008870274e-05,
    -0.0011630984954535961,
    0.9999993443489075
   ]
  ]
 },
 {
  "rotation_euler": [
   -0.0011881297687068582,
   0.0002213394473074004,
   1.9310083389282227
  ],
  "euler_order": "XYZ",
  "rotation_matrix": [
   [
    -0.3524726331233978,
    -0.9358213543891907,
    -0.0011898939264938235
   ],
   [
    0.935822069644928,
    -0.3524726331233978,
    -0.00021164894860703498
   ],
   [
    -0.0002213394473074004,
    -0.0011881294194608927,
    0.9999992847442627
   ]
  ]
 },
 {
  "rotation_euler": [
   -0.0010971016017720103,
   0.0003148393298033625,
   2.3204221725463867
  ],
  "euler_order": "XYZ",
  "rotation_matrix": [
   [
    -0.681364893913269,
    -0.7319431900978088,
    -0.0010175369679927826
   ],
   [
    0.7319438457489014,
    -0.6813647747039795,
    -0.0005170818767510355
   ],
   [
    -0.0003148393298033625,
    -0.0010971013689413667,
    0.9999993443489075
   ]
  ]
 },
 {
  "rotation_euler": [
   -0.0012320848181843758,
   -0.00011546984023880213,
   0.6527973413467407
  ],
  "euler_order": "XYZ",
  "rotation_matrix": [
   [
    0.7943877577781677,
    -0.6074103713035583,
    -0.0008401093655265868
   ],
   [
    0.6074109673500061,
    0.7943872809410095,
    0.0009086153004318476
   ],
   [
    0.00011546984023880213,
    -0.0012320844689384103,
    0.9999992251396179
   ]
  ]
 },
 {
  "rotation_euler": [
   -0.001287887105718255,
   -0.00033997040009126067,
   -1.3547813892364502
  ],
  "euler_order": "XYZ",
  "rotation_matrix": [
   [
    0.21433886885643005,
    0.9767586588859558,
    0.001185086672194302
   ],
   [
    -0.9767593145370483,
    0.2143382877111435,
    0.0006081131868995726
   ],
   [
    0.00033997040009126067,
    -0.0012878866400569677,
    0.9999991059303284
   ]
  ]
 },
 {
  "rotation_euler": [
   -0.0011089307954534888,
   0.00023370854614768177,
   3.137997627258301
  ],
  "euler_order": "XYZ",
  "rotation_matrix": [
   [
    -0.9999935030937195,
    -0.003594757290557027,
    -0.0002376935153733939
   ],
   [
    0.0035950185265392065,
    -0.9999929070472717,
    -0.001108083175495267
   ],
   [
    -0.00023370854614768177,
    -0.0011089305626228452,
    0.9999993443489075
   ]
  ]
 },
 {
  "rotation_euler": [
   -0.0011386292753741145,
   0.00015790460747666657,
   -1.5481432676315308
  ],
  "euler_order": "XYZ",
  "rotation_matrix": [
   [
    0.022651121020317078,
    0.9997428059577942,
    0.001141913584433496
   ],
   [
    -0.9997434020042419,
    0.02265128679573536,
    -0.00013207276060711592
   ],
   [
    -0.00015790460747666657,
    -0.0011386290425434709,
    0.9999993443489075
   ]
  ]
 },
 {
  "rotation_euler": [
   -0.0011015530908480287,
   0.00030129842343740165,
   -2.023709774017334
  ],
  "euler_order": "XYZ",
  "rotation_matrix": [
   [
    -0.43758708238601685,
    0.8991756439208984,
    0.0008586457115598023
   ],
   [
    -0.8991760015487671,
    -0.4375865161418915,
    -0.0007529454887844622
   ],
   [
    -0.00030129842343740165,
    -0.001101552858017385,
    0.9999993443489075
   ]
  ]
 }
]