[
 {
  "rotation_euler": [
   -0.5449697375297546,
   1.449804663658142,
   1.9687716960906982
  ],
  "euler_order": "XYZ",
  "rotation_matrix": [
   [
    -0.04677632823586464,
    -0.5888758301734924,
    -0.8068687915802002
   ],
   [
    0.1112639382481575,
    -0.8057979941368103,
    0.5816441178321838
   ],
   [
    -0.9926894307136536,
    -0.06256821751594543,
    0.10321291536092758
   ]
  ]
 },
 {
  "rotation_euler": [
   -0.5450129508972168,
   1.4498144388198853,
   0.4887751340866089
  ],
  "euler_order": "XYZ",
  "rotation_matrix": [
   [
    0.10655557364225388,
    -0.8558973073959351,
    0.5060490965843201
   ],
   [
    0.05666794255375862,
    0.5133469104766846,
    0.8563081622123718
   ],
   [
    -0.9926906228065491,
    -0.06256765127182007,
    0.10320191830396652
   ]
  ]
 },
 {
  "rotation_euler": [
   -0.5449693202972412,
   -1.4498072862625122,
   -2.539311408996582
  ],
  "euler_order": "XYZ",
  "rotation_matrix": [
   [
    -0.09945739805698395,
    0.060403335839509964,
    0.9932067394256592
   ],
   [
    -0.06837606430053711,
    -0.9962112307548523,
    0.0537390373647213
   ],
   [
    0.9926897287368774,
    -0.06256682425737381,
    0.10321071743965149
   ]
  ]
 },
 {
  "rotation_euler": [
   2.5963361263275146,
   1.6917481422424316,
   0.38128462433815
  ],
  "euler_order": "XYZ",
  "rotation_matrix": [
   [
    -0.11199241876602173,
    0.7960304021835327,
    -0.5948052406311035
   ],
   [
    -0.044898103922605515,
    -0.6020130515098572,
    -0.7972229719161987
   ],
   [
    -0.9926942586898804,
    -0.06257729977369308,
    0.10316114872694016
   ]
  ]
 },
 {
  "rotation_euler": [
   -0.5452649593353271,
   -1.449845314025879,
   -0.7873202562332153
  ],
  "euler_order": "XYZ",
  "rotation_matrix": [
   [
    0.0851527601480484,
    0.969087541103363,
    -0.23155635595321655
   ],
   [
    -0.08548073470592499,
    0.23864904046058655,
    0.9673363566398621
   ],
   [
    0.9926943182945251,
    -0.0625777542591095,
    0.10315994173288345
   ]
  ]
 },
 {
  "rotation_euler": [
   -0.545285165309906,
   1.4498486518859863,
   -0.5705146193504333
  ],
  "euler_order": "XYZ",
  "rotation_matrix": [
   [
    0.10154437273740768,
    0.028415653854608536,
    0.9944251179695129
   ],
   [
    -0.06516049802303314,
    0.9976354837417603,
    -0.0218536127358675
   ],
   [
    -0.9926947355270386,
    -0.06257812678813934,
    0.10315584391355515
   ]
  ]
 },
 {
  "rotation_euler": [
   2.5966145992279053,
   1.6917861700057983,
   -0.17741996049880981
  ],
  "euler_order": "XYZ",
  "rotation_matrix": [
   [
    -0.11880024522542953,
    0.3556075096130371,
    -0.9270543456077576
   ],
   [
    0.02130151353776455,
    -0.9325387477874756,
    -0.3604409992694855
   ],
   [
    -0.9926896691322327,
    -0.06256814301013947,
    0.10321085155010223
   ]
  ]
 },
 {
  "rotation_euler": [
   -0.5449931621551514,
   -1.4498085975646973,
   -0.5419020652770996
  ],
  "euler_order": "XYZ",
  "rotation_matrix": [
   [
    0.10340102761983871,
    0.8819400072097778,
    -0.45988041162490845
   ],
   [
    -0.06224928796291351,
    0.4671904742717743,
    0.8819626569747925
   ],
   [
    0.9926899075508118,
    -0.06256861239671707,
    0.10320810973644257
   ]
  ]
 },
 {
  "rotation_euler": [
   2.596327304840088,
   1.6917471885681152,
   -0.21631944179534912
  ],
  "euler_order": "XYZ",
  "rotation_matrix": [
   [
    -0.11784417182207108,
    0.3193449079990387,
    -0.9402827024459839
   ],
   [
    0.0258971955627203,
    -0.9455701112747192,
    -0.3243862986564636
   ],
   [
    -0.9926943778991699,
    -0.06257771700620651,
    0.10315978527069092
   ]
  ]
 },
 {
  "rotation_euler": [
   2.596299886703491,
   -1.6917433738708496,
   0.24466606974601746
  ],
  "euler_order": "XYZ",
  "rotation_matrix": [
   [
    -0.11705915629863739,
    -0.2924427390098572,
    0.949091374874115
   ],
   [
    -0.0292259119451046,
    -0.9542332887649536,
    -0.29763177037239075
   ],
   [
    0.9926947951316833,
    -0.06257858127355576,
    0.10315483808517456
   ]
  ]
 },
 {
  "rotation_euler": [
   -0.5449970364570618,
   -1.449809193611145,
   -0.041956719011068344
  ],
  "euler_order": "XYZ",
  "rotation_matrix": [
   [
    0.12058597058057785,
    0.5500409007072449,
    -0.8263861536979675
   ],
   [
    -0.005062362644821405,
    0.8327906131744385,
    0.5535650253295898
   ],
   [
    0.9926899671554565,
    -0.06256870180368423,
    0.10320736467838287
   ]
  ]
 },
 {
  "rotation_euler": [
   -0.5449864864349365,
   -1.449811339378357,
   -0.9308137893676758
  ],
  "euler_order": "XYZ",
  "rotation_matrix": [
   [
    0.07207386195659637,
    0.9932283163070679,
    -0.09112036228179932
   ],
   [
    -0.09680623561143875,
    0.09789276123046875,
    0.990477442741394
   ],
   [
    0.9926902651786804,
    -0.06256651133298874,
    0.10320620238780975
   ]
  ]
 },
 {
  "rotation_euler": [
   -0.5452777147293091,
   1.4498478174209595,
   1.278131127357483
  ],
  "euler_order": "XYZ",
  "rotation_matrix": [
   [
    0.03480925038456917,
    -0.9671696424484253,
    -0.2517364025115967
   ],
   [
    0.11552344262599945,
    -0.24630655348300934,
    0.9622824192047119
   ],
   [
    -0.992694616317749,
    -0.06257778406143188,
    0.10315702110528946
   ]
  ]
 },
 {
  "rotation_euler": [
   -0.545290470123291,
   1.4498496055603027,
   0.9489957094192505
  ],
  "euler_order": "XYZ",
  "rotation_matrix": [
   [
    0.0702797919511795,
    -0.9948675036430359,
    0.07279738783836365
   ],
   [
    0.09806972742080688,
    0.07951528578996658,
    0.9919977784156799
   ],
   [
    -0.9926948547363281,
    -0.06257817894220352,
    0.10315470397472382
   ]
  ]
 },
 {
  "rotation_euler": [
   -0.54496830701828,
   1.449804663658142,
   -0.261685311794281
  ],
  "euler_order": "XYZ",
  "rotation_matrix": [
   [
    0.11658760160207748,
    -0.2758485674858093,
    0.9541042447090149
   ],
   [
    -0.03122529946267605,
    0.9591625332832336,
    0.28112664818763733
   ],
   [
    -0.9926894307136536,
    -0.0625680685043335,
    0.10321300476789474
   ]
  ]
 },
 {
  "rotation_euler": [
   2.5963244438171387,
   -1.6917470693588257,
   -0.29821351170539856
  ],
  "euler_order": "XYZ",
  "rotation_matrix": [
   [
    -0.11533065140247345,
    -0.7433407306671143,
    0.6588956117630005
   ],
   [
    0.035450324416160583,
    -0.6659794449806213,
    -0.7451273202896118
   ],
   [
    0.9926943778991699,
    -0.06257795542478561,
    0.10315950959920883
   ]
  ]
 }
]