[
 {
  "rotation_euler": [
   -3.964403731515631e-06,
   1.2402760148688685e-05,
   -0.01097749825567007
  ],
  "euler_order": "XYZ",
  "rotation_matrix": [
   [
    0.9999397397041321,
    0.010977277532219887,
    1.244553095602896e-05
   ],
   [
    -0.010977277532219887,
    0.9999397397041321,
    3.828016360785114e-06
   ],
   [
    -1.2402760148688685e-05,
    -3.964403731515631e-06,
    1.0
   ]
  ]
 },
 {
  "rotation_euler": [
   0.18944701552391052,
   1.2510342597961426,
   2.1574065685272217
  ],
  "euler_order": "XYZ",
  "rotation_matrix": [
   [
    -0.17400051653385162,
    -0.9168780446052551,
    -0.359247088432312
   ],
   [
    0.26178979873657227,
    -0.3947537839412689,
    0.8807017207145691
   ],
   [
    -0.9493102431297302,
    0.05919532850384712,
    0.30871668457984924
   ]
  ]
 },
 {
  "rotation_euler": [
   -3.880595158989308e-06,
   9.733452316140756e-06,
   2.149216651916504
  ],
  "euler_order": "XYZ",
  "rotation_matrix": [
   [
    -0.5467019081115723,
    -0.8373273015022278,
    -8.570625141146593e-06
   ],
   [
    0.8373273015022278,
    -0.5467019081115723,
    6.028556526871398e-06
   ],
   [
    -9.733452316140756e-06,
    -3.880595158989308e-06,
    1.0
   ]
  ]
 },
 {
  "rotation_euler": [
   -2.256245579701499e-06,
   8.47870614961721e-06,
   -0.8043731451034546
  ],
  "euler_order": "XYZ",
  "rotation_matrix": [
   [
    0.6935629844665527,
    0.7203960418701172,
    7.505906978622079e-06
   ],
   [
    -0.7203960418701172,
    0.6935629844665527,
    -4.543177965388168e-06
   ],
   [
    -8.47870614961721e-06,
    -2.256245579701499e-06,
    1.0
   ]
  ]
 },
 {
  "rotation_euler": [
   0.06245582178235054,
   -1.2558401823043823,
   -1.4632582664489746
  ],
  "euler_order": "XYZ",
  "rotation_matrix": [
   [
    0.0332484096288681,
    0.9859153032302856,
    -0.1639070063829422
   ],
   [
    -0.3079853057861328,
    0.16612385213375092,
    0.936775267124176
   ],
   [
    0.9508099555969238,
    0.019334662705659866,
    0.30917078256607056
   ]
  ]
 },
 {
  "rotation_euler": [
   0.002135605551302433,
   -0.05542004108428955,
   1.4997944831848145
  ],
  "euler_order": "XYZ",
  "rotation_matrix": [
   [
    0.07083328813314438,
    -0.9974865317344666,
    -0.001799375400878489
   ],
   [
    0.9959489703178406,
    0.0708240419626236,
    -0.055403489619493484
   ],
   [
    0.05539167672395706,
    0.0021323252003639936,
    0.998462438583374
   ]
  ]
 },
 {
  "rotation_euler": [
   -2.8722026854666183e-06,
   -1.101739144360181e-05,
   -3.005065679550171
  ],
  "euler_order": "XYZ",
  "rotation_matrix": [
   [
    -0.9906946420669556,
    0.13610322773456573,
    1.1305786756565794e-05
   ],
   [
    -0.13610322773456573,
    -0.9906946420669556,
    -1.345973259958555e-06
   ],
   [
    1.101739144360181e-05,
    -2.8722026854666183e-06,
    1.0
   ]
  ]
 },
 {
  "rotation_euler": [
   0.24208520352840424,
   1.2294992208480835,
   -1.165177345275879
  ],
  "euler_order": "XYZ",
  "rotation_matrix": [
   [
    0.13207228481769562,
    0.9812020659446716,
    0.14071020483970642
   ],
   [
    -0.3075507581233978,
    0.17551106214523315,
    -0.9352049827575684
   ],
   [
    -0.9423213005065918,
    0.08023912459611893,
    0.32494959235191345
   ]
  ]
 },
 {
  "rotation_euler": [
   0.06244757026433945,
   -1.2558274269104004,
   1.2884289026260376
  ],
  "euler_order": "XYZ",
  "rotation_matrix": [
   [
    0.08631595224142075,
    -0.9750595092773438,
    -0.20447120070457458
   ],
   [
    0.29751887917518616,
    0.2210998833179474,
    -0.9287611842155457
   ],
   [
    0.9508060216903687,
    0.019332868978381157,
    0.3091830611228943
   ]
  ]
 },
 {
  "rotation_euler": [
   0.062455739825963974,
   -1.2558410167694092,
   1.3126928806304932
  ],
  "euler_order": "XYZ",
  "rotation_matrix": [
   [
    0.07906896620988846,
    -0.9801383018493652,
    -0.18187084794044495
   ],
   [
    0.29951295256614685,
    0.19737040996551514,
    -0.9334542751312256
   ],
   [
    0.9508101940155029,
    0.019334588199853897,
    0.3091700077056885
   ]
  ]
 },
 {
  "rotation_euler": [
   -0.2541901171207428,
   1.3104848861694336,
   0.980422854423523
  ],
  "euler_order": "XYZ",
  "rotation_matrix": [
   [
    0.1432769000530243,
    -0.9393045902252197,
    0.31173479557037354
   ],
   [
    0.21381527185440063,
    0.336924284696579,
    0.9169324040412903
   ],
   [
    -0.9663098454475403,
    -0.06472157686948776,
    0.249111145734787
   ]
  ]
 },
 {
  "rotation_euler": [
   0.19211895763874054,
   1.2503139972686768,
   -2.3744585514068604
  ],
  "euler_order": "XYZ",
  "rotation_matrix": [
   [
    -0.22678691148757935,
    0.5508463382720947,
    -0.8032035827636719
   ],
   [
    -0.21865051984786987,
    -0.8324363231658936,
    -0.5091578960418701
   ],
   [
    -0.9490835666656494,
    0.06015053018927574,
    0.3092285096645355
   ]
  ]
 },
 {
  "rotation_euler": [
   0.06245679408311844,
   -1.2558403015136719,
   -1.7057121992111206
  ],
  "euler_order": "XYZ",
  "rotation_matrix": [
   [
    -0.04166684299707413,
    0.9969630241394043,
    0.06579219549894333
   ],
   [
    -0.3069596290588379,
    -0.07543804496526718,
    0.9487280249595642
   ],
   [
    0.9508100152015686,
    0.019334955140948296,
    0.309170663356781
   ]
  ]
 },
 {
  "rotation_euler": [
   0.1921176165342331,
   1.250314712524414,
   1.5097079277038574
  ],
  "euler_order": "XYZ",
  "rotation_matrix": [
   [
    0.01923232525587082,
    -0.968707799911499,
    0.24745777249336243
   ],
   [
    0.31443607807159424,
    0.24080532789230347,
    0.918228030204773
   ],
   [
    -0.9490838050842285,
    0.060149986296892166,
    0.30922791361808777
   ]
  ]
 },
 {
  "rotation_euler": [
   -0.2501560151576996,
   -1.259366750717163,
   -1.5741596221923828
  ],
  "euler_order": "XYZ",
  "rotation_matrix": [
   [
    -0.0010305781615898013,
    0.9680758118629456,
    0.25065556168556213
   ],
   [
    -0.3064180314540863,
    -0.23890411853790283,
    0.9214297533035278
   ],
   [
    0.9518964886665344,
    -0.07585577666759491,
    0.29688209295272827
   ]
  ]
 },
 {
  "rotation_euler": [
   0.18447241187095642,
   1.251573920249939,
   -1.8229804039001465
  ],
  "euler_order": "XYZ",
  "rotation_matrix": [
   [
    -0.07830630987882614,
    0.9084829688072205,
    -0.41052013635635376
   ],
   [
    -0.30390188097953796,
    -0.4139383137226105,
    -0.8580784797668457
   ],
   [
    -0.9494797587394714,
    0.057564880698919296,
    0.308503657579422
   ]
  ]
 }
]