[
 {
  "rotation_euler": [
   0.1666845828294754,
   1.1269819736480713,
   0.9063594937324524
  ],
  "euler_order": "XYZ",
  "rotation_matrix": [
   [
    0.2647670805454254,
    -0.6839590668678284,
    0.6797781586647034
   ],
   [
    0.3380413055419922,
    0.7260335087776184,
    0.5988350510597229
   ],
   [
    -0.9031203985214233,
    0.07124129682779312,
    0.4234361946582794
   ]
  ]
 },
 {
  "rotation_euler": [
   0.21690435707569122,
   -1.139278531074524,
   -2.306023359298706
  ],
  "euler_order": "XYZ",
  "rotation_matrix": [
   [
    -0.2805434763431549,
    0.8554189801216125,
    0.43537771701812744
   ],
   [
    -0.31020697951316833,
    -0.510055422782898,
    0.8022562861442566
   ],
   [
    0.9083319902420044,
    0.09001054614782333,
    0.408449649810791
   ]
  ]
 },
 {
  "rotation_euler": [
   -0.004650138318538666,
   -0.07831884175539017,
   2.8072168827056885
  ],
  "euler_order": "XYZ",
  "rotation_matrix": [
   [
    -0.9417197704315186,
    -0.32851970195770264,
    0.07237869501113892
   ],
   [
    0.3271735906600952,
    -0.9444857239723206,
    -0.03006867505609989
   ],
   [
    0.07823880016803741,
    -0.0046358671970665455,
    0.9969238638877869
   ]
  ]
 },
 {
  "rotation_euler": [
   0.8932746648788452,
   -1.030835747718811,
   1.5337212085723877
  ],
  "euler_order": "XYZ",
  "rotation_matrix": [
   [
    0.019056033343076706,
    -0.6512041687965393,
    0.7586632966995239
   ],
   [
    0.5137488842010498,
    -0.6445862650871277,
    -0.5661895871162415
   ],
   [
    0.8577289581298828,
    0.40055176615715027,
    0.3222721517086029
   ]
  ]
 },
 {
  "rotation_euler": [
   0.18586771190166473,
   1.1457422971725464,
   -2.450965404510498
  ],
  "euler_order": "XYZ",
  "rotation_matrix": [
   [
    -0.317874014377594,
    0.49627286195755005,
    -0.8078795671463013
   ],
   [
    -0.2626882791519165,
    -0.8648155331611633,
    -0.4278889298439026
   ],
   [
    -0.9110164642333984,
    0.07620571553707123,
    0.4052674472332001
   ]
  ]
 },
 {
  "rotation_euler": [
   -0.006248997990041971,
   0.030709989368915558,
   0.3805824816226959
  ],
  "euler_order": "XYZ",
  "rotation_matrix": [
   [
    0.9280106425285339,
    -0.3716322183609009,
    0.02618635632097721
   ],
   [
    0.37128618359565735,
    0.9283590316772461,
    0.017207393422722816
   ],
   [
    -0.0307051632553339,
    -0.006246010772883892,
    0.9995089769363403
   ]
  ]
 },
 {
  "rotation_euler": [
   0.2998417317867279,
   1.234165072441101,
   2.855470657348633
  ],
  "euler_order": "XYZ",
  "rotation_matrix": [
   [
    -0.3168807625770569,
    -0.5370983481407166,
    -0.7817364931106567
   ],
   [
    0.09322451800107956,
    -0.8378584980964661,
    0.5378683805465698
   ],
   [
    -0.9438727498054504,
    0.09756313264369965,
    0.31557196378707886
   ]
  ]
 },
 {
  "rotation_euler": [
   0.33264487981796265,
   -1.2131073474884033,
   -2.709062099456787
  ],
  "euler_order": "XYZ",
  "rotation_matrix": [
   [
    -0.31786802411079407,
    0.6738993525505066,
    0.6669479608535767
   ],
   [
    -0.1467556655406952,
    -0.7299240231513977,
    0.66758793592453
   ],
   [
    0.9367084503173828,
    0.11432647705078125,
    0.3309180438518524
   ]
  ]
 },
 {
  "rotation_euler": [
   -0.005974875297397375,
   0.04084494337439537,
   -2.1122937202453613
  ],
  "euler_order": "XYZ",
  "rotation_matrix": [
   [
    -0.5149898529052734,
    0.8570483326911926,
    -0.015925994142889977
   ],
   [
    -0.8562231659889221,
    -0.5152014493942261,
    -0.03807077184319496
   ],
   [
    -0.04083358868956566,
    -0.005969856400042772,
    0.9991481304168701
   ]
  ]
 },
 {
  "rotation_euler": [
   0.24126896262168884,
   1.1453871726989746,
   -3.1003339290618896
  ],
  "euler_order": "XYZ",
  "rotation_matrix": [
   [
    -0.41234228014945984,
    -0.17740119993686676,
    -0.8935897350311279
   ],
   [
    -0.017022376880049706,
    -0.9791861176490784,
    0.20224922895431519
   ],
   [
    -0.9108699560165405,
    0.09860692918300629,
    0.4007400572299957
   ]
  ]
 },
 {
  "rotation_euler": [
   0.9871901273727417,
   -1.0439636707305908,
   0.9741705060005188
  ],
  "euler_order": "XYZ",
  "rotation_matrix": [
   [
    0.2824992835521698,
    -0.8611192107200623,
    0.4226911664009094
   ],
   [
    0.41593265533447266,
    -0.28710660338401794,
    -0.8628845810890198
   ],
   [
    0.8644039630889893,
    0.4195753335952759,
    0.27706021070480347
   ]
  ]
 },
 {
  "rotation_euler": [
   0.16535834968090057,
   -1.1265507936477661,
   0.3911735713481903
  ],
  "euler_order": "XYZ",
  "rotation_matrix": [
   [
    0.3973124027252197,
    -0.5134741067886353,
    -0.7605834603309631
   ],
   [
    0.16386254131793976,
    0.8551839590072632,
    -0.49174121022224426
   ],
   [
    0.9029351472854614,
    0.07074374705553055,
    0.42391437292099
   ]
  ]
 },
 {
  "rotation_euler": [
   0.20807792246341705,
   1.1363563537597656,
   0.29287347197532654
  ],
  "euler_order": "XYZ",
  "rotation_matrix": [
   [
    0.40297970175743103,
    -0.10306685417890549,
    0.909386932849884
   ],
   [
    0.12151644378900528,
    0.9908667802810669,
    0.0584535114467144
   ],
   [
    -0.9071059226989746,
    0.0869498923420906,
    0.4118235111236572
   ]
  ]
 },
 {
  "rotation_euler": [
   0.8196001052856445,
   -4.056650504935533e-05,
   1.0750963687896729
  ],
  "euler_order": "XYZ",
  "rotation_matrix": [
   [
    0.4756474792957306,
    -0.6003775596618652,
    0.6428889632225037
   ],
   [
    0.8796359896659851,
    0.32460975646972656,
    -0.3476622402667999
   ],
   [
    4.056650504935533e-05,
    0.7308729290962219,
    0.6825135350227356
   ]
  ]
 },
 {
  "rotation_euler": [
   0.860009491443634,
   1.0264010429382324,
   1.3567872047424316
  ],
  "euler_order": "XYZ",
  "rotation_matrix": [
   [
    0.1099914088845253,
    -0.4998622536659241,
    0.8590922951698303
   ],
   [
    0.5060861706733704,
    0.7720679640769958,
    0.3844318985939026
   ],
   [
    -0.855440616607666,
    0.39249053597450256,
    0.3378942310810089
   ]
  ]
 },
 {
  "rotation_euler": [
   -0.005141285248100758,
   0.026766721159219742,
   -1.9815077781677246
  ],
  "euler_order": "XYZ",
  "rotation_matrix": [
   [
    -0.39911869168281555,
    0.9168798327445984,
    -0.005971809849143028
   ],
   [
    -0.9165085554122925,
    -0.39913028478622437,
    -0.026590175926685333
   ],
   [
    -0.02676352486014366,
    -0.005139420740306377,
    0.9996286034584045
   ]
  ]
 }
]