[
 {
  "rotation_euler": [
   -2.120850086212158,
   0.5579620003700256,
   -1.4373830556869507
  ],
  "euler_order": "XYZ",
  "rotation_matrix": [
   [
    0.112843818962574,
    -0.5781269669532776,
    0.8081060647964478
   ],
   [
    -0.8407973051071167,
    0.3778176009654999,
    0.38770321011543274
   ],
   [
    -0.5294584035873413,
    -0.7232033014297485,
    -0.44345322251319885
   ]
  ]
 },
 {
  "rotation_euler": [
   -2.1453614234924316,
   0.5164272785186768,
   -0.6931101679801941
  ],
  "euler_order": "XYZ",
  "rotation_matrix": [
   [
    0.6689421534538269,
    -0.6660924553871155,
    0.3299049437046051
   ],
   [
    -0.555608868598938,
    -0.15323956310749054,
    0.8172003626823425
   ],
   [
    -0.49377650022506714,
    -0.7299578785896301,
    -0.4725952446460724
   ]
  ]
 },
 {
  "rotation_euler": [
   -2.2971200942993164,
   -0.26320549845695496,
   -1.8963192701339722
  ],
  "euler_order": "XYZ",
  "rotation_matrix": [
   [
    -0.30879056453704834,
    -0.6914545893669128,
    0.653099536895752
   ],
   [
    -0.9148531556129456,
    0.028091659769415855,
    -0.4028083086013794
   ],
   [
    0.26017698645591736,
    -0.7218735814094543,
    -0.6412538290023804
   ]
  ]
 },
 {
  "rotation_euler": [
   -2.117011070251465,
   -0.574167788028717,
   0.8320017457008362
  ],
  "euler_order": "XYZ",
  "rotation_matrix": [
   [
    0.5654143691062927,
    0.6965534090995789,
    -0.4417238235473633
   ],
   [
    0.6207331418991089,
    -0.006694253999739885,
    0.7839933037757874
   ],
   [
    0.5431362390518188,
    -0.7174737453460693,
    -0.43615880608558655
   ]
  ]
 },
 {
  "rotation_euler": [
   0.995752215385437,
   -2.6162521839141846,
   0.368744820356369
  ],
  "euler_order": "XYZ",
  "rotation_matrix": [
   [
    -0.806998074054718,
    -0.5885958075523376,
    0.04805261641740799
   ],
   [
    -0.31184008717536926,
    0.35562002658843994,
    -0.8810732960700989
   ],
   [
    0.501507580280304,
    -0.72600919008255,
    -0.47053244709968567
   ]
  ]
 },
 {
  "rotation_euler": [
   -2.2022008895874023,
   0.40745484828948975,
   -1.141847848892212
  ],
  "euler_order": "XYZ",
  "rotation_matrix": [
   [
    0.3818648159503937,
    -0.6698414087295532,
    0.6367823481559753
   ],
   [
    -0.8349528908729553,
    0.04538688063621521,
    0.5484466552734375
   ],
   [
    -0.39627382159233093,
    -0.7411157488822937,
    -0.5419543385505676
   ]
  ]
 },
 {
  "rotation_euler": [
   -0.9682429432868958,
   -0.9791278839111328,
   -2.369828701019287
  ],
  "euler_order": "XYZ",
  "rotation_matrix": [
   [
    -0.3997267484664917,
    -0.09484443813562393,
    0.9117143750190735
   ],
   [
    -0.38897278904914856,
    -0.8830875158309937,
    -0.2624053955078125
   ],
   [
    0.830011248588562,
    -0.4595225155353546,
    0.3161017894744873
   ]
  ]
 },
 {
  "rotation_euler": [
   -2.288623332977295,
   0.12725596129894257,
   1.3746018409729004
  ],
  "euler_order": "XYZ",
  "rotation_matrix": [
   [
    0.19336195290088654,
    0.6264956593513489,
    -0.7550591826438904
   ],
   [
    0.9728845357894897,
    -0.221981942653656,
    0.06495930999517441
   ],
   [
    -0.12691277265548706,
    -0.7471460103988647,
    -0.6524308323860168
   ]
  ]
 },
 {
  "rotation_euler": [
   -0.9098624587059021,
   -0.967297375202179,
   2.1936559677124023
  ],
  "euler_order": "XYZ",
  "rotation_matrix": [
   [
    -0.33107253909111023,
    -0.8777487874031067,
    -0.34633520245552063
   ],
   [
    0.4609529972076416,
    0.16981813311576843,
    -0.8710247874259949
   ],
   [
    0.8233548998832703,
    -0.4480166435241699,
    0.3483788073062897
   ]
  ]
 },
 {
  "rotation_euler": [
   -2.292515277862549,
   -0.1834252029657364,
   -2.21044921875
  ],
  "euler_order": "XYZ",
  "rotation_matrix": [
   [
    -0.5869035124778748,
    -0.6117929220199585,
    0.5303335189819336
   ],
   [
    -0.788844108581543,
    0.28451645374298096,
    -0.5447708964347839
   ],
   [
    0.18239837884902954,
    -0.7380784153938293,
    -0.6495929956436157
   ]
  ]
 },
 {
  "rotation_euler": [
   0.9667729735374451,
   2.6799890995025635,
   -0.6302616596221924
  ],
  "euler_order": "XYZ",
  "rotation_matrix": [
   [
    -0.7233208417892456,
    0.6308774948120117,
    -0.2807143032550812
   ],
   [
    0.5276738405227661,
    0.2427942156791687,
    -0.814009428024292
   ],
   [
    -0.4453844130039215,
    -0.7369155883789062,
    -0.5085156559944153
   ]
  ]
 },
 {
  "rotation_euler": [
   -0.9098629355430603,
   -0.9672975540161133,
   -0.42330461740493774
  ],
  "euler_order": "XYZ",
  "rotation_matrix": [
   [
    0.5174347758293152,
    0.8447599411010742,
    -0.13653525710105896
   ],
   [
    -0.23312613368034363,
    0.29268014430999756,
    0.9273567795753479
   ],
   [
    0.8233550190925598,
    -0.4480166733264923,
    0.3483784794807434
   ]
  ]
 },
 {
  "rotation_euler": [
   -2.269663095474243,
   0.3115313649177551,
   -0.24900586903095245
  ],
  "euler_order": "XYZ",
  "rotation_matrix": [
   [
    0.9225077629089355,
    -0.3859707713127136,
    -0.0024476891849189997
   ],
   [
    -0.23457826673984528,
    -0.5656783580780029,
    0.7905573844909668
   ],
   [
    -0.3065166473388672,
    -0.7287212014198303,
    -0.6123830676078796
   ]
  ]
 },
 {
  "rotation_euler": [
   -0.9161649942398071,
   0.9616426229476929,
   -0.14118434488773346
  ],
  "euler_order": "XYZ",
  "rotation_matrix": [
   [
    0.5664804577827454,
    -0.5584380626678467,
    0.6060089468955994
   ],
   [
    -0.0805138498544693,
    0.6943566799163818,
    0.7151128053665161
   ],
   [
    -0.8201325535774231,
    -0.45388954877853394,
    0.348377525806427
   ]
  ]
 },
 {
  "rotation_euler": [
   -1.665516972541809,
   0.9787601828575134,
   0.5543151497840881
  ],
  "euler_order": "XYZ",
  "rotation_matrix": [
   [
    0.4744897186756134,
    -0.6526064276695251,
    -0.5907320976257324
   ],
   [
    0.2937367558479309,
    -0.5152366757392883,
    0.8051396608352661
   ],
   [
    -0.8298061490058899,
    -0.555550217628479,
    -0.052780017256736755
   ]
  ]
 },
 {
  "rotation_euler": [
   0.9008880257606506,
   2.7854197025299072,
   -0.2910195291042328
  ],
  "euler_order": "XYZ",
  "rotation_matrix": [
   [
    -0.897828996181488,
    0.43999582529067993,
    -0.017514728009700775
   ],
   [
    0.2689208388328552,
    0.5163793563842773,
    -0.8130399584770203
   ],
   [
    -0.3486899435520172,
    -0.7346809506416321,
    -0.5819444060325623
   ]
  ]
 }
]