[
 {
  "rotation_euler": [
   1.1507585048675537,
   1.8024957180023193,
   0.14068931341171265
  ],
  "euler_order": "XYZ",
  "rotation_matrix": [
   [
    -0.2273629754781723,
    0.8227101564407349,
    0.521012544631958
   ],
   [
    -0.032200273126363754,
    0.5283806920051575,
    -0.8483967185020447
   ],
   [
    -0.9732775688171387,
    -0.209670752286911,
    -0.0936427116394043
   ]
  ]
 },
 {
  "rotation_euler": [
   1.4401947259902954,
   -1.7493795156478882,
   0.41154029965400696
  ],
  "euler_order": "XYZ",
  "rotation_matrix": [
   [
    -0.16280393302440643,
    -0.9463439583778381,
    0.2791558802127838
   ],
   [
    -0.0710580050945282,
    -0.270950049161911,
    -0.9599670767784119
   ],
   [
    0.984096348285675,
    -0.17612268030643463,
    -0.02313358150422573
   ]
  ]
 },
 {
  "rotation_euler": [
   -0.7116618156433105,
   1.5239825248718262,
   1.3139519691467285
  ],
  "euler_order": "XYZ",
  "rotation_matrix": [
   [
    0.011887752451002598,
    -0.8981594443321228,
    -0.4395090937614441
   ],
   [
    0.04526160657405853,
    -0.43860629200935364,
    0.8975387811660767
   ],
   [
    -0.9989044070243835,
    -0.03056260570883751,
    0.03543809801340103
   ]
  ]
 },
 {
  "rotation_euler": [
   1.4410161972045898,
   -1.7490894794464111,
   -0.13308016955852509
  ],
  "euler_order": "XYZ",
  "rotation_matrix": [
   [
    -0.17578189074993134,
    -0.950070858001709,
    -0.2578102648258209
   ],
   [
    0.023532168939709663,
    0.2577579617500305,
    -0.9659228920936584
   ],
   [
    0.984147846698761,
    -0.17585860192775726,
    -0.02295195497572422
   ]
  ]
 },
 {
  "rotation_euler": [
   -1.7013812065124512,
   -1.3922150135040283,
   1.0041074752807617
  ],
  "euler_order": "XYZ",
  "rotation_matrix": [
   [
    0.09536109119653702,
    0.6336652636528015,
    -0.767707347869873
   ],
   [
    0.1498665064573288,
    0.7532925605773926,
    0.6403830051422119
   ],
   [
    0.9840967059135437,
    -0.17612123489379883,
    -0.023130396381020546
   ]
  ]
 },
 {
  "rotation_euler": [
   -1.9908342361450195,
   1.339097499847412,
   -0.24289493262767792
  ],
  "euler_order": "XYZ",
  "rotation_matrix": [
   [
    0.22289063036441803,
    -0.9606679677963257,
    -0.16564063727855682
   ],
   [
    -0.055229444056749344,
    -0.18208637833595276,
    0.9817302227020264
   ],
   [
    -0.9732776880264282,
    -0.20967023074626923,
    -0.09364250302314758
   ]
  ]
 },
 {
  "rotation_euler": [
   -1.8698363304138184,
   -1.3563355207443237,
   -0.8474416732788086
  ],
  "euler_order": "XYZ",
  "rotation_matrix": [
   [
    0.14086660742759705,
    0.3972059190273285,
    0.9068539142608643
   ],
   [
    -0.15952810645103455,
    -0.8949110507965088,
    0.4167552590370178
   ],
   [
    0.9770913124084473,
    -0.20337557792663574,
    -0.06269758194684982
   ]
  ]
 },
 {
  "rotation_euler": [
   -1.7013996839523315,
   -1.392213225364685,
   1.5984854698181152
  ],
  "euler_order": "XYZ",
  "rotation_matrix": [
   [
    -0.004917943384498358,
    0.10316919535398483,
    -0.9946516752243042
   ],
   [
    0.17756730318069458,
    0.97894686460495,
    0.10066226869821548
   ],
   [
    0.984096348285675,
    -0.17612256109714508,
    -0.023133879527449608
   ]
  ]
 },
 {
  "rotation_euler": [
   1.1507561206817627,
   1.8024952411651611,
   0.3854306936264038
  ],
  "euler_order": "XYZ",
  "rotation_matrix": [
   [
    -0.21278482675552368,
    0.6701623201370239,
    0.7110590934753418
   ],
   [
    -0.0863318145275116,
    0.7119837999343872,
    -0.6968686580657959
   ],
   [
    -0.9732776880264282,
    -0.20967009663581848,
    -0.09364302456378937
   ]
  ]
 },
 {
  "rotation_euler": [
   -1.7013927698135376,
   -1.392211675643921,
   0.08334735780954361
  ],
  "euler_order": "XYZ",
  "rotation_matrix": [
   [
    0.17702026665210724,
    0.983170211315155,
    0.045167602598667145
   ],
   [
    0.014788431115448475,
    -0.04854424670338631,
    0.9987115263938904
   ],
   [
    0.984096109867096,
    -0.1761242300271988,
    -0.02313286066055298
   ]
  ]
 },
 {
  "rotation_euler": [
   1.1507599353790283,
   1.8024945259094238,
   0.7455844879150391
  ],
  "euler_order": "XYZ",
  "rotation_matrix": [
   [
    -0.1687077134847641,
    0.37625405192375183,
    0.9110272526741028
   ],
   [
    -0.15578176081180573,
    0.9024807214736938,
    -0.40157264471054077
   ],
   [
    -0.9732778668403625,
    -0.2096698135137558,
    -0.09364193677902222
   ]
  ]
 },
 {
  "rotation_euler": [
   -1.7013967037200928,
   -1.3922127485275269,
   0.41897737979888916
  ],
  "euler_order": "XYZ",
  "rotation_matrix": [
   [
    0.16227132081985474,
    0.9443023204803467,
    -0.28628861904144287
   ],
   [
    0.07226697355508804,
    0.2779816687107086,
    0.9578641057014465
   ],
   [
    0.9840962886810303,
    -0.17612308263778687,
    -0.02313341572880745
   ]
  ]
 },
 {
  "rotation_euler": [
   1.4402092695236206,
   -1.7493782043457031,
   -1.0721821784973145
  ],
  "euler_order": "XYZ",
  "rotation_matrix": [
   [
    -0.08494624495506287,
    -0.35223492980003357,
    -0.9320486783981323
   ],
   [
    0.15600652992725372,
    0.9191907644271851,
    -0.3615940809249878
   ],
   [
    0.9840965867042542,
    -0.17612174153327942,
    -0.023130852729082108
   ]
  ]
 },
 {
  "rotation_euler": [
   -1.9908331632614136,
   1.3390978574752808,
   -0.5617561340332031
  ],
  "euler_order": "XYZ",
  "rotation_matrix": [
   [
    0.1943414807319641,
    -0.9693249464035034,
    0.1504678875207901
   ],
   [
    -0.12231826037168503,
    0.12824849784374237,
    0.9841699600219727
   ],
   [
    -0.9732778072357178,
    -0.2096700221300125,
    -0.09364213794469833
   ]
  ]
 },
 {
  "rotation_euler": [
   1.1507583856582642,
   1.802494764328003,
   -0.5032073855400085
  ],
  "euler_order": "XYZ",
  "rotation_matrix": [
   [
    -0.20116594433784485,
    0.9751685857772827,
    -0.09261997044086456
   ],
   [
    0.11073670536279678,
    -0.07130730897188187,
    -0.9912883639335632
   ],
   [
    -0.9732778072357178,
    -0.20966988801956177,
    -0.09364235401153564
   ]
  ]
 },
 {
  "rotation_euler": [
   -1.990835189819336,
   1.339097499847412,
   -0.5890252590179443
  ],
  "euler_order": "XYZ",
  "rotation_matrix": [
   [
    0.190934419631958,
    -0.9654680490493774,
    0.1772441416978836
   ],
   [
    -0.12757185101509094,
    0.15462815761566162,
    0.9797017574310303
   ],
   [
    -0.9732776880264282,
    -0.20967014133930206,
    -0.0936427041888237
   ]
  ]
 }
]