[
 {
  "rotation_euler": [
   0.42392268776893616,
   1.7260409593582153,
   -0.9804822206497192
  ],
  "euler_order": "XYZ",
  "rotation_matrix": [
   [
    -0.08606589585542679,
    0.983435332775116,
    0.1595231592655182
   ],
   [
    0.12845450639724731,
    0.169734388589859,
    -0.9770822525024414
   ],
   [
    -0.9879737496376038,
    -0.06360198557376862,
    -0.1409350484609604
   ]
  ]
 },
 {
  "rotation_euler": [
   -0.008669467642903328,
   -3.613173248595558e-05,
   0.8863211870193481
  ],
  "euler_order": "XYZ",
  "rotation_matrix": [
   [
    0.6322664618492126,
    -0.7747216820716858,
    -0.006739438511431217
   ],
   [
    0.7747510075569153,
    0.6322429180145264,
    0.005453352816402912
   ],
   [
    3.613173248595558e-05,
    -0.008669358678162098,
    0.9999624490737915
   ]
  ]
 },
 {
  "rotation_euler": [
   1.0281273126602173,
   -1.6246320009231567,
   1.4398674964904785
  ],
  "euler_order": "XYZ",
  "rotation_matrix": [
   [
    -0.007025125902146101,
    -0.6236400604248047,
    0.7816800475120544
   ],
   [
    -0.05334911867976189,
    -0.7803523540496826,
    -0.6230602264404297
   ],
   [
    0.9985511898994446,
    -0.04607902094721794,
    -0.027788573876023293
   ]
  ]
 },
 {
  "rotation_euler": [
   -0.009441248141229153,
   -0.006413077935576439,
   -0.3991360068321228
  ],
  "euler_order": "XYZ",
  "rotation_matrix": [
   [
    0.9213781356811523,
    0.38866087794303894,
    -0.0022396615240722895
   ],
   [
    -0.3886144161224365,
    0.9213325381278992,
    0.01119114737957716
   ],
   [
    0.006413034163415432,
    -0.009440913796424866,
    0.9999348521232605
   ]
  ]
 },
 {
  "rotation_euler": [
   -0.008671233430504799,
   3.615826790337451e-05,
   0.3138245642185211
  ],
  "euler_order": "XYZ",
  "rotation_matrix": [
   [
    0.9511598944664001,
    -0.30868735909461975,
    -0.0026423735544085503
   ],
   [
    0.3086986541748047,
    0.9511240124702454,
    0.008258787915110588
   ],
   [
    -3.615826790337451e-05,
    -0.008671124465763569,
    0.9999623894691467
   ]
  ]
 },
 {
  "rotation_euler": [
   -2.1317076683044434,
   -1.5065093040466309,
   0.4231148958206177
  ],
  "euler_order": "XYZ",
  "rotation_matrix": [
   [
    0.058577463030815125,
    0.9889261722564697,
    0.1363588273525238
   ],
   [
    0.026378244161605835,
    -0.13807900249958038,
    0.9900698661804199
   ],
   [
    0.9979342818260193,
    -0.054398875683546066,
    -0.03417445346713066
   ]
  ]
 },
 {
  "rotation_euler": [
   -0.7614201307296753,
   -3.465449844952673e-05,
   -2.4981515407562256
  ],
  "euler_order": "XYZ",
  "rotation_matrix": [
   [
    -0.8000360131263733,
    0.4342602789402008,
    0.41395702958106995
   ],
   [
    -0.599951982498169,
    -0.5791259407997131,
    -0.5519698858261108
   ],
   [
    3.465449844952673e-05,
    -0.6899501085281372,
    0.7238569259643555
   ]
  ]
 },
 {
  "rotation_euler": [
   -2.703357219696045,
   -1.3982042074203491,
   0.353045791387558
  ],
  "euler_order": "XYZ",
  "rotation_matrix": [
   [
    0.16114449501037598,
    0.7053388357162476,
    0.6903112530708313
   ],
   [
    0.05937916785478592,
    -0.7051144242286682,
    0.706602931022644
   ],
   [
    0.9851428866386414,
    -0.07287507504224777,
    -0.15550774335861206
   ]
  ]
 },
 {
  "rotation_euler": [
   2.3431661128997803,
   1.6261066198349,
   0.10307129472494125
  ],
  "euler_order": "XYZ",
  "rotation_matrix": [
   [
    -0.05498870462179184,
    0.7831676006317139,
    -0.6193745136260986
   ],
   [
    -0.005687913857400417,
    -0.620548665523529,
    -0.784147322177887
   ],
   [
    -0.9984707832336426,
    -0.03959629684686661,
    0.03857775777578354
   ]
  ]
 },
 {
  "rotation_euler": [
   -0.00866640079766512,
   1.0163977094634902e-05,
   -2.7248289585113525
  ],
  "euler_order": "XYZ",
  "rotation_matrix": [
   [
    -0.9144037961959839,
    0.40478816628456116,
    0.0034988499246537685
   ],
   [
    -0.4048032760620117,
    -0.9143694043159485,
    -0.007928605191409588
   ],
   [
    -1.0163977094634902e-05,
    -0.008666292764246464,
    0.9999624490737915
   ]
  ]
 },
 {
  "rotation_euler": [
   -1.821590542793274,
   1.5206059217453003,
   -1.1278973817825317
  ],
  "euler_order": "XYZ",
  "rotation_matrix": [
   [
    0.021500594913959503,
    -0.6388583779335022,
    0.7690238356590271
   ],
   [
    -0.04532865062355995,
    0.767787754535675,
    0.6390988230705261
   ],
   [
    -0.9987407326698303,
    -0.04859982058405876,
    -0.012450695037841797
   ]
  ]
 },
 {
  "rotation_euler": [
   1.9431716203689575,
   1.6194649934768677,
   0.1992613971233368
  ],
  "euler_order": "XYZ",
  "rotation_matrix": [
   [
    -0.047686830163002014,
    0.9839720726013184,
    -0.1718282550573349
   ],
   [
    -0.009629935957491398,
    -0.1724688559770584,
    -0.9849678874015808
   ],
   [
    -0.9988158941268921,
    -0.04531530290842056,
    0.017700081691145897
   ]
  ]
 },
 {
  "rotation_euler": [
   -0.008669259026646614,
   -3.0832161428406835e-05,
   2.4008407592773438
  ],
  "euler_order": "XYZ",
  "rotation_matrix": [
   [
    -0.7379613518714905,
    -0.6748178005218506,
    -0.005827563349157572
   ],
   [
    0.6748429536819458,
    -0.7379334568977356,
    -0.006418304052203894
   ],
   [
    3.0832161428406835e-05,
    -0.008669150061905384,
    0.9999624490737915
   ]
  ]
 },
 {
  "rotation_euler": [
   0.44352948665618896,
   -1.699036955833435,
   -2.2480454444885254
  ],
  "euler_order": "XYZ",
  "rotation_matrix": [
   [
    0.08014211058616638,
    0.9706034660339355,
    0.22694972157478333
   ],
   [
    0.09966415911912918,
    -0.2343437373638153,
    0.9670315980911255
   ],
   [
    0.9917884469032288,
    -0.054881200194358826,
    -0.11551517993211746
   ]
  ]
 },
 {
  "rotation_euler": [
   0.42486950755119324,
   1.7204680442810059,
   2.1620326042175293
  ],
  "euler_order": "XYZ",
  "rotation_matrix": [
   [
    0.08311407268047333,
    -0.983624279499054,
    -0.15992286801338196
   ],
   [
    -0.12380184233188629,
    -0.16942650079727173,
    0.9777360558509827
   ],
   [
    -0.9888200759887695,
    -0.06146487966179848,
    -0.13585622608661652
   ]
  ]
 },
 {
  "rotation_euler": [
   1.4777874946594238,
   1.6165801286697388,
   0.8754894733428955
  ],
  "euler_order": "XYZ",
  "rotation_matrix": [
   [
    -0.029319822788238525,
    0.5658692121505737,
    0.823973536491394
   ],
   [
    -0.03514314070343971,
    0.8232347369194031,
    -0.5666123628616333
   ],
   [
    -0.9989520907402039,
    -0.04556998983025551,
    -0.004250675905495882
   ]
  ]
 }
]