[
 {
  "rotation_euler": [
   -0.04337805509567261,
   0.045085713267326355,
   -2.2766928672790527
  ],
  "euler_order": "XYZ",
  "rotation_matrix": [
   [
    -0.6480571627616882,
    0.7615822553634644,
    0.0037912309635430574
   ],
   [
    -0.7602568864822388,
    -0.6466187238693237,
    -0.06239893287420273
   ],
   [
    -0.04507043957710266,
    -0.04332038760185242,
    0.9980440735816956
   ]
  ]
 },
 {
  "rotation_euler": [
   -0.0008811229490675032,
   0.06668322533369064,
   1.1594083309173584
  ],
  "euler_order": "XYZ",
  "rotation_matrix": [
   [
    0.3989931643009186,
    -0.9165897965431213,
    0.025838039815425873
   ],
   [
    0.9145296216011047,
    0.3998279273509979,
    0.06142665818333626
   ],
   [
    -0.06663381308317184,
    -0.0008791645523160696,
    0.9977771043777466
   ]
  ]
 },
 {
  "rotation_euler": [
   -0.06991805136203766,
   0.0937526524066925,
   -2.177509069442749
  ],
  "euler_order": "XYZ",
  "rotation_matrix": [
   [
    -0.5676660537719727,
    0.8232485055923462,
    0.0041465009562671185
   ],
   [
    -0.8179189562797546,
    -0.5634040236473083,
    -0.11655233055353165
   ],
   [
    -0.09361537545919418,
    -0.06955429911613464,
    0.9931759238243103
   ]
  ]
 },
 {
  "rotation_euler": [
   -0.035738106817007065,
   0.016503531485795975,
   0.3809967637062073
  ],
  "euler_order": "XYZ",
  "rotation_matrix": [
   [
    0.9281680583953857,
    -0.3721558749675751,
    0.0020234177354723215
   ],
   [
    0.37179529666900635,
    0.9274824261665344,
    0.03930100053548813
   ],
   [
    -0.016502782702445984,
    -0.035725634545087814,
    0.999225378036499
   ]
  ]
 },
 {
  "rotation_euler": [
   -0.077365942299366,
   -0.054000090807676315,
   1.40445876121521
  ],
  "euler_order": "XYZ",
  "rotation_matrix": [
   [
    0.16533023118972778,
    -0.9825571179389954,
    -0.08513183146715164
   ],
   [
    0.9847602248191833,
    0.16919031739234924,
    -0.04027284309267998
   ],
   [
    0.05397384986281395,
    -0.07717612385749817,
    0.9955554604530334
   ]
  ]
 },
 {
  "rotation_euler": [
   0.026922842487692833,
   -0.058395370841026306,
   -2.6549112796783447
  ],
  "euler_order": "XYZ",
  "rotation_matrix": [
   [
    -0.8823832273483276,
    0.46891433000564575,
    0.03897688910365105
   ],
   [
    -0.46689796447753906,
    -0.8828347325325012,
    0.05107977241277695
   ],
   [
    0.058362189680337906,
    0.02687370590865612,
    0.9979336857795715
   ]
  ]
 },
 {
  "rotation_euler": [
   0.047379691153764725,
   -0.08093365281820297,
   -2.861639976501465
  ],
  "euler_order": "XYZ",
  "rotation_matrix": [
   [
    -0.957922637462616,
    0.2796800136566162,
    0.06452411413192749
   ],
   [
    -0.2754057049751282,
    -0.9589319825172424,
    0.06783141195774078
   ],
   [
    0.08084532618522644,
    0.04720693454146385,
    0.9956081509590149
   ]
  ]
 },
 {
  "rotation_euler": [
   0.07099509984254837,
   0.006383840460330248,
   2.235840320587158
  ],
  "euler_order": "XYZ",
  "rotation_matrix": [
   [
    -0.6170811653137207,
    -0.7851868271827698,
    0.05188891291618347
   ],
   [
    0.7868735790252686,
    -0.6151828765869141,
    0.0487845279276371
   ],
   [
    -0.006383797153830528,
    0.07093402743339539,
    0.9974606037139893
   ]
  ]
 },
 {
  "rotation_euler": [
   -0.018314432352781296,
   0.049400243908166885,
   -1.7009354829788208
  ],
  "euler_order": "XYZ",
  "rotation_matrix": [
   [
    -0.12961380183696747,
    0.99149489402771,
    0.011751454323530197
   ],
   [
    -0.9903342127799988,
    -0.1288536936044693,
    -0.05133094638586044
   ],
   [
    -0.04938015341758728,
    -0.018291067332029343,
    0.9986125826835632
   ]
  ]
 },
 {
  "rotation_euler": [
   0.033053118735551834,
   -0.02953151799738407,
   2.5004143714904785
  ],
  "euler_order": "XYZ",
  "rotation_matrix": [
   [
    -0.8010421395301819,
    -0.5970314145088196,
    0.043416742235422134
   ],
   [
    0.5978792905807495,
    -0.8015374541282654,
    0.00883189495652914
   ],
   [
    0.029527226462960243,
    0.03303269296884537,
    0.9990180134773254
   ]
  ]
 },
 {
  "rotation_euler": [
   0.07278121262788773,
   0.03787008300423622,
   -1.8746355772018433
  ],
  "euler_order": "XYZ",
  "rotation_matrix": [
   [
    -0.2989712953567505,
    0.9508450627326965,
    -0.08068365603685379
   ],
   [
    -0.9535107016563416,
    -0.3010207712650299,
    -0.01427527517080307
   ],
   [
    -0.03786103054881096,
    0.07266483455896378,
    0.9966375231742859
   ]
  ]
 },
 {
  "rotation_euler": [
   0.02944624423980713,
   0.003351896768435836,
   1.1105847358703613
  ],
  "euler_order": "XYZ",
  "rotation_matrix": [
   [
    0.4441351890563965,
    -0.8955262899398804,
    0.02786685712635517
   ],
   [
    0.8959535360336304,
    0.44403356313705444,
    -0.010074444115161896
   ],
   [
    -0.003351890482008457,
    0.029441824182868004,
    0.9995608925819397
   ]
  ]
 },
 {
  "rotation_euler": [
   0.0037412666715681553,
   -0.08160566538572311,
   1.985655426979065
  ],
  "euler_order": "XYZ",
  "rotation_matrix": [
   [
    -0.4017196297645569,
    -0.9150437712669373,
    0.036279235035181046
   ],
   [
    0.9121274948120117,
    -0.4033372700214386,
    -0.07309196889400482
   ],
   [
    0.0815151184797287,
    0.0037288074381649494,
    0.9966651201248169
   ]
  ]
 },
 {
  "rotation_euler": [
   -0.0817832499742508,
   0.01664743758738041,
   -0.5815201997756958
  ],
  "euler_order": "XYZ",
  "rotation_matrix": [
   [
    0.8355128169059753,
    0.5463225841522217,
    0.058736998587846756
   ],
   [
    -0.5492187738418579,
    0.8335825800895691,
    0.05915089696645737
   ],
   [
    -0.016646668314933777,
    -0.0816807895898819,
    0.9965195059776306
   ]
  ]
 },
 {
  "rotation_euler": [
   0.04773467779159546,
   0.06649808585643768,
   -2.6356775760650635
  ],
  "euler_order": "XYZ",
  "rotation_matrix": [
   [
    -0.8727980852127075,
    0.4812825620174408,
    -0.08118271827697754
   ],
   [
    -0.4835370182991028,
    -0.8752715587615967,
    0.00957408081740141
   ],
   [
    -0.06644909083843231,
    0.047611091285943985,
    0.9966532588005066
   ]
  ]
 },
 {
  "rotation_euler": [
   0.02130608633160591,
   -0.06823480129241943,
   -2.7232370376586914
  ],
  "euler_order": "XYZ",
  "rotation_matrix": [
   [
    -0.9116318225860596,
    0.407493531703949,
    0.053632475435733795
   ],
   [
    -0.40531304478645325,
    -0.9129607081413269,
    0.0471603088080883
   ],
   [
    0.06818186491727829,
    0.021254897117614746,
    0.9974464774131775
   ]
  ]
 }
]