[
 {
  "rotation_euler": [
   -1.1057803703806712e-06,
   -4.076914592587855e-06,
   -2.1540887355804443
  ],
  "euler_order": "XYZ",
  "rotation_matrix": [
   [
    -0.5507749319076538,
    0.8346537947654724,
    3.1684062378189992e-06
   ],
   [
    -0.8346537947654724,
    -0.5507749319076538,
    2.793776047838037e-06
   ],
   [
    4.076914592587855e-06,
    -1.1057803703806712e-06,
    1.0
   ]
  ]
 },
 {
  "rotation_euler": [
   -2.5275364023968905e-08,
   7.294406145774701e-07,
   -0.12296312302350998
  ],
  "euler_order": "XYZ",
  "rotation_matrix": [
   [
    0.9924495816230774,
    0.12265349179506302,
    7.270331252584583e-07
   ],
   [
    -0.12265349179506302,
    0.9924495816230774,
    -6.438391153551493e-08
   ],
   [
    -7.294406145774701e-07,
    -2.5275364023968905e-08,
    1.0
   ]
  ]
 },
 {
  "rotation_euler": [
   -1.1067461613833984e-08,
   5.514199870049197e-07,
   1.2867951393127441
  ],
  "euler_order": "XYZ",
  "rotation_matrix": [
   [
    0.2801987826824188,
    -0.9599419832229614,
    1.4388308500201674e-07
   ],
   [
    0.9599419832229614,
    0.2801987826824188,
    5.324322955857497e-07
   ],
   [
    -5.514199870049197e-07,
    -1.1067461613833984e-08,
    1.0
   ]
  ]
 },
 {
  "rotation_euler": [
   1.8392059430993868e-08,
   -1.3653998394147493e-06,
   -2.25054669380188
  ],
  "euler_order": "XYZ",
  "rotation_matrix": [
   [
    -0.6285988688468933,
    0.7777296900749207,
    8.439847647423449e-07
   ],
   [
    -0.7777296900749207,
    -0.6285988688468933,
    1.0734731858974556e-06
   ],
   [
    1.3653998394147493e-06,
    1.8392059430993868e-08,
    1.0
   ]
  ]
 },
 {
  "rotation_euler": [
   -8.163034692643123e-08,
   -4.5406179083329334e-07,
   -1.067912220954895
  ],
  "euler_order": "XYZ",
  "rotation_matrix": [
   [
    0.48195457458496094,
    0.8761962056159973,
    -1.4731296005265904e-07
   ],
   [
    -0.8761962056159973,
    0.48195457458496094,
    4.371893282950623e-07
   ],
   [
    4.5406179083329334e-07,
    -8.163034692643123e-08,
    1.0
   ]
  ]
 },
 {
  "rotation_euler": [
   -2.2290100787358824e-07,
   -8.71925749379443e-07,
   -0.6953989267349243
  ],
  "euler_order": "XYZ",
  "rotation_matrix": [
   [
    0.7677981853485107,
    0.6406917572021484,
    -5.266521725388884e-07
   ],
   [
    -0.6406917572021484,
    0.7677981853485107,
    7.297786623894353e-07
   ],
   [
    8.71925749379443e-07,
    -2.2290100787358824e-07,
    1.0
   ]
  ]
 },
 {
  "rotation_euler": [
   2.4013445454329485e-07,
   3.014847152371658e-06,
   -1.533547043800354
  ],
  "euler_order": "XYZ",
  "rotation_matrix": [
   [
    0.03724066913127899,
    0.999306321144104,
    -1.2769295665293612e-07
   ],
   [
    -0.999306321144104,
    0.03724066913127899,
    -3.021698603333789e-06
   ],
   [
    -3.014847152371658e-06,
    2.4013445454329485e-07,
    1.0
   ]
  ]
 },
 {
  "rotation_euler": [
   3.204833731729195e-08,
   1.1732125813068706e-06,
   -0.588783323764801
  ],
  "euler_order": "XYZ",
  "rotation_matrix": [
   [
    0.831616997718811,
    0.5553496479988098,
    9.57865495365695e-07
   ],
   [
    -0.5553496479988098,
    0.831616997718811,
    -6.781951356060745e-07
   ],
   [
    -1.1732125813068706e-06,
    3.204833731729195e-08,
    1.0
   ]
  ]
 },
 {
  "rotation_euler": [
   1.1388886278496102e-08,
   1.1870460525642557e-07,
   2.4369959831237793
  ],
  "euler_order": "XYZ",
  "rotation_matrix": [
   [
    -0.7618728876113892,
    -0.6477265954017639,
    -8.306093235432854e-08
   ],
   [
    0.6477265954017639,
    -0.7618728876113892,
    8.556501285283957e-08
   ],
   [
    -1.1870460525642557e-07,
    1.1388886278496102e-08,
    1.0
   ]
  ]
 },
 {
  "rotation_euler": [
   -1.461860250628888e-07,
   -2.964518728276744e-07,
   -2.965019702911377
  ],
  "euler_order": "XYZ",
  "rotation_matrix": [
   [
    -0.9844514727592468,
    0.17565685510635376,
    3.1752105655868945e-07
   ],
   [
    -0.17565685510635376,
    -0.9844514727592468,
    -9.183924731814841e-08
   ],
   [
    2.964518728276744e-07,
    -1.461860250628888e-07,
    1.0
   ]
  ]
 },
 {
  "rotation_euler": [
   -2.056088810320489e-08,
   -1.9202676071472524e-07,
   -0.5096493363380432
  ],
  "euler_order": "XYZ",
  "rotation_matrix": [
   [
    0.8729156255722046,
    0.4878711700439453,
    -1.575920975938061e-07
   ],
   [
    -0.4878711700439453,
    0.8729156255722046,
    1.1163223945231948e-07
   ],
   [
    1.9202676071472524e-07,
    -2.056088810320489e-08,
    1.0
   ]
  ]
 },
 {
  "rotation_euler": [
   -2.051628023025387e-08,
   -3.902677292444423e-08,
   0.8787822127342224
  ],
  "euler_order": "XYZ",
  "rotation_matrix": [
   [
    0.6380892395973206,
    -0.7699623703956604,
    -4.069933012829097e-08
   ],
   [
    0.7699623703956604,
    0.6380892395973206,
    -1.6957928394845112e-08
   ],
   [
    3.902677292444423e-08,
    -2.051628023025387e-08,
    1.0
   ]
  ]
 },
 {
  "rotation_euler": [
   -2.2550429079615242e-08,
   2.620480245241197e-06,
   -1.5996803045272827
  ],
  "euler_order": "XYZ",
  "rotation_matrix": [
   [
    -0.028879960998892784,
    0.9995828866958618,
    -5.3138347055892154e-08
   ],
   [
    -0.9995828866958618,
    -0.028879960998892784,
    -2.6200384581898106e-06
   ],
   [
    -2.620480245241197e-06,
    -2.2550429079615242e-08,
    1.0
   ]
  ]
 },
 {
  "rotation_euler": [
   -7.592755082441727e-07,
   -3.7190206967352424e-06,
   2.480952501296997
  ],
  "euler_order": "XYZ",
  "rotation_matrix": [
   [
    -0.789599597454071,
    -0.6136224269866943,
    2.470628714945633e-06
   ],
   [
    0.6136224269866943,
    -0.789599597454071,
    -2.8815982204832835e-06
   ],
   [
    3.7190206967352424e-06,
    -7.592755082441727e-07,
    1.0
   ]
  ]
 },
 {
  "rotation_euler": [
   -6.498478342109593e-07,
   -2.3850479919929057e-06,
   3.0878214836120605
  ],
  "euler_order": "XYZ",
  "rotation_matrix": [
   [
    -0.9985547065734863,
    -0.05374526232481003,
    2.3466745915357023e-06
   ],
   [
    0.05374526232481003,
    -0.9985547065734863,
    -7.770936463202816e-07
   ],
   [
    2.3850479919929057e-06,
    -6.498478342109593e-07,
    1.0
   ]
  ]
 },
 {
  "rotation_euler": [
   -7.770593128952896e-07,
   -3.624411874625366e-06,
   -2.08487606048584
  ],
  "euler_order": "XYZ",
  "rotation_matrix": [
   [
    -0.49173372983932495,
    0.8707455992698669,
    2.4588666747149546e-06
   ],
   [
    -0.8707455992698669,
    -0.49173372983932495,
    2.7738344670069637e-06
   ],
   [
    3.624411874625366e-06,
    -7.770593128952896e-07,
    1.0
   ]
  ]
 }
]