[
 {
  "rotation_euler": [
   0.0001768312940839678,
   -6.436802777898265e-06,
   -3.0649778842926025
  ],
  "euler_order": "XYZ",
  "rotation_matrix": [
   [
    -0.9970664978027344,
    0.07653983682394028,
    -7.116718279576162e-06
   ],
   [
    -0.07653983682394028,
    -0.9970664978027344,
    0.0001768052316037938
   ],
   [
    6.436802777898265e-06,
    0.0001768312940839678,
    1.0
   ]
  ]
 },
 {
  "rotation_euler": [
   0.00017645119805820286,
   -6.023292826284887e-06,
   -0.9726231098175049
  ],
  "euler_order": "XYZ",
  "rotation_matrix": [
   [
    0.5631338357925415,
    0.8263657093048096,
    -0.0001492051378590986
   ],
   [
    -0.8263657093048096,
    0.5631338357925415,
    -9.438819688512012e-05
   ],
   [
    6.023292826284887e-06,
    0.00017645119805820286,
    1.0
   ]
  ]
 },
 {
  "rotation_euler": [
   0.0001764675253070891,
   -6.041685537638841e-06,
   2.6236393451690674
  ],
  "euler_order": "XYZ",
  "rotation_matrix": [
   [
    -0.8688343167304993,
    -0.4951029419898987,
    9.261881496058777e-05
   ],
   [
    0.4951029419898987,
    -0.8688343167304993,
    0.00015032978262752295
   ],
   [
    6.041685537638841e-06,
    0.0001764675253070891,
    1.0
   ]
  ]
 },
 {
  "rotation_euler": [
   0.00017490664322394878,
   -5.618526756734354e-06,
   2.5966591835021973
  ],
  "euler_order": "XYZ",
  "rotation_matrix": [
   [
    -0.8551617860794067,
    -0.5183612108230591,
    9.546956425765529e-05
   ],
   [
    0.5183612108230591,
    -0.8551617860794067,
    0.0001466610556235537
   ],
   [
    5.618526756734354e-06,
    0.00017490664322394878,
    1.0
   ]
  ]
 },
 {
  "rotation_euler": [
   0.0001764886692399159,
   -5.933129614277277e-06,
   -3.1153790950775146
  ],
  "euler_order": "XYZ",
  "rotation_matrix": [
   [
    -0.9996564388275146,
    0.02621055766940117,
    1.305224941461347e-06
   ],
   [
    -0.02621055580675602,
    -0.9996564388275146,
    0.00017658354772720486
   ],
   [
    5.933129614277277e-06,
    0.0001764886692399159,
    1.0
   ]
  ]
 },
 {
  "rotation_euler": [
   0.00017490579921286553,
   -4.216582055960316e-06,
   -2.7342653274536133
  ],
  "euler_order": "XYZ",
  "rotation_matrix": [
   [
    -0.918182909488678,
    0.3961567282676697,
    -6.541852053487673e-05
   ],
   [
    -0.3961567282676697,
    -0.918182909488678,
    0.00016226594743784517
   ],
   [
    4.216582055960316e-06,
    0.00017490579921286553,
    1.0
   ]
  ]
 },
 {
  "rotation_euler": [
   0.00017624936299398541,
   -4.397842076286906e-06,
   2.422718048095703
  ],
  "euler_order": "XYZ",
  "rotation_matrix": [
   [
    -0.7525473237037659,
    -0.6585381627082825,
    0.00011937652016058564
   ],
   [
    0.6585381627082825,
    -0.7525473237037659,
    0.00012973984121344984
   ],
   [
    4.397842076286906e-06,
    0.00017624936299398541,
    1.0
   ]
  ]
 },
 {
  "rotation_euler": [
   0.00017685607599560171,
   -6.389065219991608e-06,
   -3.0198543071746826
  ],
  "euler_order": "XYZ",
  "rotation_matrix": [
   [
    -0.9925990104675293,
    0.12143786996603012,
    -1.5135245121200569e-05
   ],
   [
    -0.12143786996603012,
    -0.9925990104675293,
    0.00017632303934078664
   ],
   [
    6.389065219991608e-06,
    0.00017685607599560171,
    1.0
   ]
  ]
 },
 {
  "rotation_euler": [
   0.0001762420142767951,
   -6.654062872257782e-06,
   1.9185646772384644
  ],
  "euler_order": "XYZ",
  "rotation_matrix": [
   [
    -0.34080061316490173,
    -0.9401355981826782,
    0.00016795909323263913
   ],
   [
    0.9401355981826782,
    -0.34080061316490173,
    5.380766378948465e-05
   ],
   [
    6.654062872257782e-06,
    0.0001762420142767951,
    1.0
   ]
  ]
 },
 {
  "rotation_euler": [
   0.0001759849110385403,
   -5.0170920076197945e-06,
   -2.319550037384033
  ],
  "euler_order": "XYZ",
  "rotation_matrix": [
   [
    -0.6807263493537903,
    0.7325378060340881,
    -0.00012550032988656312
   ],
   [
    -0.7325378060340881,
    -0.6807263493537903,
    0.00012347276788204908
   ],
   [
    5.0170920076197945e-06,
    0.0001759849110385403,
    1.0
   ]
  ]
 },
 {
  "rotation_euler": [
   0.00017818270134739578,
   -7.657985406694934e-06,
   2.4249439239501953
  ],
  "euler_order": "XYZ",
  "rotation_matrix": [
   [
    -0.7540112733840942,
    -0.6568614840507507,
    0.00012281555973459035
   ],
   [
    0.6568614840507507,
    -0.7540112733840942,
    0.0001293215318582952
   ],
   [
    7.657985406694934e-06,
    0.00017818270134739578,
    1.0
   ]
  ]
 },
 {
  "rotation_euler": [
   0.00017652663518674672,
   -6.0197353377589025e-06,
   -1.8141173124313354
  ],
  "euler_order": "XYZ",
  "rotation_matrix": [
   [
    -0.24092711508274078,
    0.9705432057380676,
    -0.00016987640992738307
   ],
   [
    -0.9705432057380676,
    -0.2409271001815796,
    4.837246524402872e-05
   ],
   [
    6.0197353377589025e-06,
    0.00017652663518674672,
    1.0
   ]
  ]
 },
 {
  "rotation_euler": [
   0.00017685159400571138,
   -6.455341008404503e-06,
   2.505436420440674
  ],
  "euler_order": "XYZ",
  "rotation_matrix": [
   [
    -0.8043853044509888,
    -0.594107985496521,
    0.00011026152060367167
   ],
   [
    0.594107985496521,
    -0.8043853044509888,
    0.00013842165935784578
   ],
   [
    6.455341008404503e-06,
    0.00017685159400571138,
    1.0
   ]
  ]
 },
 {
  "rotation_euler": [
   0.0001769297814462334,
   -5.664205218636198e-06,
   -0.9064469933509827
  ],
  "euler_order": "XYZ",
  "rotation_matrix": [
   [
    0.6165469884872437,
    0.7873181104660034,
    -0.00014279226888902485
   ],
   [
    -0.7873181104660034,
    0.6165469884872437,
    -0.00010462599311722443
   ],
   [
    5.664205218636198e-06,
    0.0001769297814462334,
    1.0
   ]
  ]
 },
 {
  "rotation_euler": [
   0.00017684424528852105,
   -6.427996140700998e-06,
   -1.4574615955352783
  ],
  "euler_order": "XYZ",
  "rotation_matrix": [
   [
    0.11309225857257843,
    0.9935844540596008,
    -0.00017643666069488972
   ],
   [
    -0.9935845136642456,
    0.11309225857257843,
    -1.3612958355224691e-05
   ],
   [
    6.427996140700998e-06,
    0.00017684424528852105,
    1.0
   ]
  ]
 },
 {
  "rotation_euler": [
   0.00017647669301368296,
   -6.046527232683729e-06,
   1.2294718027114868
  ],
  "euler_order": "XYZ",
  "rotation_matrix": [
   [
    0.3347355127334595,
    -0.9423121213912964,
    0.00016427213267888874
   ],
   [
    0.9423121213912964,
    0.3347354829311371,
    -6.477072747657076e-05
   ],
   [
    6.046527232683729e-06,
    0.00017647669301368296,
    1.0
   ]
  ]
 }
]