[
 {
  "rotation_euler": [
   0.005858151707798243,
   9.485478585702367e-06,
   1.296696662902832
  ],
  "euler_order": "XYZ",
  "rotation_matrix": [
   [
    0.27068030834198,
    -0.9626527428627014,
    0.005641997791826725
   ],
   [
    0.962669312953949,
    0.2706757187843323,
    -0.0015765461139380932
   ],
   [
    -9.485478585702367e-06,
    0.005858118180185556,
    0.9999828338623047
   ]
  ]
 },
 {
  "rotation_euler": [
   0.005859341938048601,
   3.797131512328633e-06,
   -3.01015567779541
  ],
  "euler_order": "XYZ",
  "rotation_matrix": [
   [
    -0.9913746118545532,
    0.13105659186840057,
    -0.0007716785767115653
   ],
   [
    -0.13105885684490204,
    -0.9913575649261475,
    0.005808271933346987
   ],
   [
    -3.797131512328633e-06,
    0.005859308410435915,
    0.9999828338623047
   ]
  ]
 },
 {
  "rotation_euler": [
   0.0058590685948729515,
   -2.803522420435911e-06,
   2.9550399780273438
  ],
  "euler_order": "XYZ",
  "rotation_matrix": [
   [
    -0.9826494455337524,
    -0.18546929955482483,
    0.0010894446168094873
   ],
   [
    0.1854724884033203,
    -0.982632577419281,
    0.005756857804954052
   ],
   [
    2.803522420435911e-06,
    0.005859035067260265,
    0.9999828338623047
   ]
  ]
 },
 {
  "rotation_euler": [
   0.0058597298339009285,
   6.936282261449378e-06,
   -2.5256235599517822
  ],
  "euler_order": "XYZ",
  "rotation_matrix": [
   [
    -0.8162139654159546,
    0.5777398347854614,
    -0.003391099628061056
   ],
   [
    -0.5777497887611389,
    -0.8161999583244324,
    0.004778758622705936
   ],
   [
    -6.936282261449378e-06,
    0.005859696306288242,
    0.9999828338623047
   ]
  ]
 },
 {
  "rotation_euler": [
   0.005860850680619478,
   -4.523981715465197e-06,
   -0.7571642994880676
  ],
  "euler_order": "XYZ",
  "rotation_matrix": [
   [
    0.7267866730690002,
    0.686851441860199,
    -0.004028867930173874
   ],
   [
    -0.6868632435798645,
    0.7267742156982422,
    -0.00425645662471652
   ],
   [
    4.523981715465197e-06,
    0.005860817153006792,
    0.9999828338623047
   ]
  ]
 },
 {
  "rotation_euler": [
   0.005860304459929466,
   2.8006063530483516e-06,
   -0.13600051403045654
  ],
  "euler_order": "XYZ",
  "rotation_matrix": [
   [
    0.990766167640686,
    0.13557934761047363,
    -0.0007917705224826932
   ],
   [
    -0.13558165729045868,
    0.990749180316925,
    -0.005806537810713053
   ],
   [
    -2.8006063530483516e-06,
    0.00586027093231678,
    0.9999828338623047
   ]
  ]
 },
 {
  "rotation_euler": [
   0.005859978497028351,
   4.299412466934882e-06,
   -2.6476802825927734
  ],
  "euler_order": "XYZ",
  "rotation_matrix": [
   [
    -0.8804848194122314,
    0.4740661382675171,
    -0.0027818346861749887
   ],
   [
    -0.4740743041038513,
    -0.8804697394371033,
    0.005157554522156715
   ],
   [
    -4.299412466934882e-06,
    0.005859944969415665,
    0.9999828338623047
   ]
  ]
 },
 {
  "rotation_euler": [
   0.005844049155712128,
   6.778445822419599e-06,
   2.6673171520233154
  ],
  "euler_order": "XYZ",
  "rotation_matrix": [
   [
    -0.8896238207817078,
    -0.45668625831604004,
    0.0026628971099853516
   ],
   [
    0.4566940367221832,
    -0.88960862159729,
    0.005202071275562048
   ],
   [
    -6.778445822419599e-06,
    0.005844016093760729,
    0.9999829530715942
   ]
  ]
 },
 {
  "rotation_euler": [
   0.0058604697696864605,
   5.857386895513628e-06,
   0.7353205680847168
  ],
  "euler_order": "XYZ",
  "rotation_matrix": [
   [
    0.7416157722473145,
    -0.6708133816719055,
    0.003935670480132103
   ],
   [
    0.6708249449729919,
    0.7416030168533325,
    -0.0043422626331448555
   ],
   [
    -5.857386895513628e-06,
    0.005860436242073774,
    0.9999828338623047
   ]
  ]
 },
 {
  "rotation_euler": [
   0.005859721917659044,
   3.499158992781304e-06,
   1.1703068017959595
  ],
  "euler_order": "XYZ",
  "rotation_matrix": [
   [
    0.38986918330192566,
    -0.9208544492721558,
    0.005397377070039511
   ],
   [
    0.9208702445030212,
    0.3898625075817108,
    -0.002281289780512452
   ],
   [
    -3.499158992781304e-06,
    0.005859688390046358,
    0.9999828338623047
   ]
  ]
 },
 {
  "rotation_euler": [
   0.005860828794538975,
   3.5809391647489974e-06,
   -3.0741164684295654
  ],
  "euler_order": "XYZ",
  "rotation_matrix": [
   [
    -0.9977243542671204,
    0.06742381304502487,
    -0.00039873679634183645
   ],
   [
    -0.06742499023675919,
    -0.997707188129425,
    0.005847216583788395
   ],
   [
    -3.5809391647489974e-06,
    0.005860795266926289,
    0.9999828338623047
   ]
  ]
 },
 {
  "rotation_euler": [
   0.005858554970473051,
   -4.578628704621224e-06,
   -1.971514344215393
  ],
  "euler_order": "XYZ",
  "rotation_matrix": [
   [
    -0.3900795876979828,
    0.9207653403282166,
    -0.005392630118876696
   ],
   [
    -0.920781135559082,
    -0.39007285237312317,
    0.0022895054426044226
   ],
   [
    4.578628704621224e-06,
    0.005858521442860365,
    0.9999828338623047
   ]
  ]
 },
 {
  "rotation_euler": [
   0.0058595105074346066,
   3.0155856620694976e-06,
   -1.8129452466964722
  ],
  "euler_order": "XYZ",
  "rotation_matrix": [
   [
    -0.23978939652442932,
    0.9708082675933838,
    -0.005689249373972416
   ],
   [
    -0.9708249568939209,
    -0.239785298705101,
    0.0014021128881722689
   ],
   [
    -3.0155856620694976e-06,
    0.00585947697982192,
    0.9999828338623047
   ]
  ]
 },
 {
  "rotation_euler": [
   0.005848886910825968,
   8.904424248612486e-06,
   -1.9318419694900513
  ],
  "euler_order": "XYZ",
  "rotation_matrix": [
   [
    -0.353252649307251,
    0.9355119466781616,
    -0.0054749115370213985
   ],
   [
    -0.9355279803276062,
    -0.35324665904045105,
    0.002057792851701379
   ],
   [
    -8.904424248612486e-06,
    0.005848853383213282,
    0.9999828934669495
   ]
  ]
 },
 {
  "rotation_euler": [
   0.005860930774360895,
   -8.02907561592292e-06,
   -2.9655423164367676
  ],
  "euler_order": "XYZ",
  "rotation_matrix": [
   [
    -0.9845431447029114,
    0.17513936758041382,
    -0.0010185864521190524
   ],
   [
    -0.1751423329114914,
    -0.9845262169837952,
    0.005771712400019169
   ],
   [
    8.02907561592292e-06,
    0.005860897246748209,
    0.9999828338623047
   ]
  ]
 },
 {
  "rotation_euler": [
   0.005859949626028538,
   3.625188355727005e-06,
   0.8528727889060974
  ],
  "euler_order": "XYZ",
  "rotation_matrix": [
   [
    0.6578221321105957,
    -0.7531603574752808,
    0.004415917210280895
   ],
   [
    0.753173291683197,
    0.6578108668327332,
    -0.003852052381262183
   ],
   [
    -3.625188355727005e-06,
    0.005859916098415852,
    0.9999828338623047
   ]
  ]
 }
]