[
 {
  "rotation_euler": [
   -0.3434842824935913,
   -0.00028704581200145185,
   3.0165963172912598
  ],
  "euler_order": "XYZ",
  "rotation_matrix": [
   [
    -0.99219810962677,
    -0.11748459935188293,
    -0.041717302054166794
   ],
   [
    0.1246710941195488,
    -0.934228777885437,
    -0.3341761529445648
   ],
   [
    0.00028704581200145185,
    -0.33676987886428833,
    0.941586971282959
   ]
  ]
 },
 {
  "rotation_euler": [
   -0.3434831500053406,
   -0.00028456453583203256,
   0.7209671139717102
  ],
  "euler_order": "XYZ",
  "rotation_matrix": [
   [
    0.7511676549911499,
    -0.6214805841445923,
    -0.22250622510910034
   ],
   [
    0.6601114273071289,
    0.7073532342910767,
    0.25279298424720764
   ],
   [
    0.00028456453583203256,
    -0.3367688059806824,
    0.9415873289108276
   ]
  ]
 },
 {
  "rotation_euler": [
   -0.34348320960998535,
   -0.0002845994895324111,
   0.6130448579788208
  ],
  "euler_order": "XYZ",
  "rotation_matrix": [
   [
    0.8178998827934265,
    -0.5416737794876099,
    -0.19398269057273865
   ],
   [
    0.5753604769706726,
    0.7701793313026428,
    0.27528905868530273
   ],
   [
    0.0002845994895324111,
    -0.33676886558532715,
    0.9415873289108276
   ]
  ]
 },
 {
  "rotation_euler": [
   -0.3434831202030182,
   -0.0002846149727702141,
   -2.222646474838257
  ],
  "euler_order": "XYZ",
  "rotation_matrix": [
   [
    -0.6066582202911377,
    0.7484687566757202,
    0.26788121461868286
   ],
   [
    -0.7949627041816711,
    -0.5712979435920715,
    -0.20409052073955536
   ],
   [
    0.0002846149727702141,
    -0.33676877617836,
    0.9415873289108276
   ]
  ]
 },
 {
  "rotation_euler": [
   -0.3434831500053406,
   -0.00028459771419875324,
   -2.7070839405059814
  ],
  "euler_order": "XYZ",
  "rotation_matrix": [
   [
    -0.9070769548416138,
    0.3962882161140442,
    0.142010897397995
   ],
   [
    -0.4209648072719574,
    -0.8541325330734253,
    -0.30536243319511414
   ],
   [
    0.00028459771419875324,
    -0.3367688059806824,
    0.9415873289108276
   ]
  ]
 },
 {
  "rotation_euler": [
   -0.3434831202030182,
   -0.00028460085741244256,
   -3.015148878097534
  ],
  "euler_order": "XYZ",
  "rotation_matrix": [
   [
    -0.992016613483429,
    0.11864578723907471,
    0.0427347756922245
   ],
   [
    -0.1261071115732193,
    -0.9340824484825134,
    -0.33404645323753357
   ],
   [
    0.00028460085741244256,
    -0.33676877617836,
    0.9415873289108276
   ]
  ]
 },
 {
  "rotation_euler": [
   -0.34348317980766296,
   -0.00028460874455049634,
   -2.8313324451446533
  ],
  "euler_order": "XYZ",
  "rotation_matrix": [
   [
    -0.9522541165351868,
    0.2873814105987549,
    0.1030728816986084
   ],
   [
    -0.30530640482902527,
    -0.8966597318649292,
    -0.3206077218055725
   ],
   [
    0.00028460874455049634,
    -0.33676883578300476,
    0.9415873289108276
   ]
  ]
 },
 {
  "rotation_euler": [
   -0.3434831500053406,
   -0.00028458621818572283,
   -0.271636039018631
  ],
  "euler_order": "XYZ",
  "rotation_matrix": [
   [
    0.9633331894874573,
    0.25272759795188904,
    0.09009958058595657
   ],
   [
    -0.2683078348636627,
    0.9070366621017456,
    0.324492484331131
   ],
   [
    0.00028458621818572283,
    -0.3367688059806824,
    0.9415873289108276
   ]
  ]
 },
 {
  "rotation_euler": [
   -0.3434831500053406,
   -0.0002846091811079532,
   -1.2846509218215942
  ],
  "euler_order": "XYZ",
  "rotation_matrix": [
   [
    0.28225645422935486,
    0.903328537940979,
    0.3229998052120209
   ],
   [
    -0.9593389630317688,
    0.26567718386650085,
    0.09531226754188538
   ],
   [
    0.0002846091811079532,
    -0.3367688059806824,
    0.9415873289108276
   ]
  ]
 },
 {
  "rotation_euler": [
   -0.3434830904006958,
   -0.0002845897397492081,
   2.1842446327209473
  ],
  "euler_order": "XYZ",
  "rotation_matrix": [
   [
    -0.5756904482841492,
    -0.7699607610702515,
    -0.2752106785774231
   ],
   [
    0.8176677227020264,
    -0.541984498500824,
    -0.19409365952014923
   ],
   [
    0.0002845897397492081,
    -0.3367687463760376,
    0.9415873289108276
   ]
  ]
 },
 {
  "rotation_euler": [
   -0.34348323941230774,
   -0.0002845688723027706,
   0.49503999948501587
  ],
  "euler_order": "XYZ",
  "rotation_matrix": [
   [
    0.879949688911438,
    -0.44723260402679443,
    -0.16022351384162903
   ],
   [
    0.4750668406486511,
    0.8285950422286987,
    0.29621240496635437
   ],
   [
    0.0002845688723027706,
    -0.33676889538764954,
    0.9415872693061829
   ]
  ]
 },
 {
  "rotation_euler": [
   -0.3434831500053406,
   -0.0002845937851816416,
   2.8744654655456543
  ],
  "euler_order": "XYZ",
  "rotation_matrix": [
   [
    -0.9645331501960754,
    -0.24863535165786743,
    -0.08863557130098343
   ],
   [
    0.2639615833759308,
    -0.9081669449806213,
    -0.324895441532135
   ],
   [
    0.0002845937851816416,
    -0.3367688059806824,
    0.9415873289108276
   ]
  ]
 },
 {
  "rotation_euler": [
   -0.34348317980766296,
   -0.00028463086346164346,
   -2.4403629302978516
  ],
  "euler_order": "XYZ",
  "rotation_matrix": [
   [
    -0.7640493512153625,
    0.6073991060256958,
    0.2174738049507141
   ],
   [
    -0.6451576948165894,
    -0.7194811105728149,
    -0.2571351230144501
   ],
   [
    0.00028463086346164346,
    -0.33676883578300476,
    0.9415873289108276
   ]
  ]
 },
 {
  "rotation_euler": [
   -0.34348317980766296,
   -0.0002846107236109674,
   1.4435311555862427
  ],
  "euler_order": "XYZ",
  "rotation_matrix": [
   [
    0.1269219070672989,
    -0.9339603185653687,
    -0.3340793251991272
   ],
   [
    0.9919126629829407,
    0.11960313469171524,
    0.042477525770664215
   ],
   [
    0.0002846107236109674,
    -0.33676883578300476,
    0.9415873289108276
   ]
  ]
 },
 {
  "rotation_euler": [
   -0.3434833288192749,
   -0.0002844909322448075,
   -0.2769734263420105
  ],
  "euler_order": "XYZ",
  "rotation_matrix": [
   [
    0.9618874192237854,
    0.25756514072418213,
    0.09183035790920258
   ],
   [
    -0.27344566583633423,
    0.9056748151779175,
    0.324007123708725
   ],
   [
    0.0002844909322448075,
    -0.3367689847946167,
    0.9415872693061829
   ]
  ]
 },
 {
  "rotation_euler": [
   -0.3434831500053406,
   -0.0002845775452442467,
   2.5264792442321777
  ],
  "euler_order": "XYZ",
  "rotation_matrix": [
   [
    -0.816707968711853,
    -0.5434223413467407,
    -0.19411399960517883
   ],
   [
    0.5770511031150818,
    -0.768946647644043,
    -0.2751964032649994
   ],
   [
    0.0002845775452442467,
    -0.3367688059806824,
    0.9415873289108276
   ]
  ]
 }
]