[
 {
  "rotation_euler": [
   0.06838444620370865,
   1.4417580366134644,
   -1.2668464183807373
  ],
  "euler_order": "XYZ",
  "rotation_matrix": [
   [
    0.03851296007633209,
    0.9722124934196472,
    0.23091040551662445
   ],
   [
    -0.12278199940919876,
    0.2339349240064621,
    -0.964468240737915
   ],
   [
    -0.9916861057281494,
    0.008792886510491371,
    0.1283797174692154
   ]
  ]
 },
 {
  "rotation_euler": [
   0.06838436424732208,
   1.4417579174041748,
   -0.352157860994339
  ],
  "euler_order": "XYZ",
  "rotation_matrix": [
   [
    0.12078355252742767,
    0.40772226452827454,
    0.9050822854042053
   ],
   [
    -0.04438503459095955,
    0.913063645362854,
    -0.4053945243358612
   ],
   [
    -0.9916861057281494,
    0.008792884647846222,
    0.12837983667850494
   ]
  ]
 },
 {
  "rotation_euler": [
   0.06838537007570267,
   -1.441758632659912,
   -2.8570525646209717
  ],
  "euler_order": "XYZ",
  "rotation_matrix": [
   [
    -0.12350578606128693,
    0.34509918093681335,
    0.9304046630859375
   ],
   [
    -0.03612251579761505,
    -0.9385250210762024,
    0.34331607818603516
   ],
   [
    0.9916861653327942,
    0.008792964741587639,
    0.12837912142276764
   ]
  ]
 },
 {
  "rotation_euler": [
   0.06838613748550415,
   1.4417580366134644,
   1.51842200756073
  ],
  "euler_order": "XYZ",
  "rotation_matrix": [
   [
    0.006736472249031067,
    -0.9927470684051514,
    0.12003294378519058
   ],
   [
    0.12850403785705566,
    0.11989982426166534,
    0.9844342470169067
   ],
   [
    -0.9916861057281494,
    0.008793104439973831,
    0.1283797025680542
   ]
  ]
 },
 {
  "rotation_euler": [
   0.0014909389428794384,
   -1.3688253602595069e-05,
   -2.7000279426574707
  ],
  "euler_order": "XYZ",
  "rotation_matrix": [
   [
    -0.9040840864181519,
    0.4273541569709778,
    -0.0006247840938158333
   ],
   [
    -0.4273546040058136,
    -0.9040830731391907,
    0.0013537834165617824
   ],
   [
    1.3688253602595069e-05,
    0.0014909383608028293,
    0.9999988675117493
   ]
  ]
 },
 {
  "rotation_euler": [
   0.06838463991880417,
   -1.4417579174041748,
   0.02049022540450096
  ],
  "euler_order": "XYZ",
  "rotation_matrix": [
   [
    0.1286536008119583,
    -0.08818992972373962,
    -0.9877604842185974
   ],
   [
    0.002636510180309415,
    0.9960648417472839,
    -0.08858796954154968
   ],
   [
    0.9916861057281494,
    0.008792920038104057,
    0.12837983667850494
   ]
  ]
 },
 {
  "rotation_euler": [
   0.06838494539260864,
   -1.4417579174041748,
   -1.595054030418396
  ],
  "euler_order": "XYZ",
  "rotation_matrix": [
   [
    -0.003121189773082733,
    0.9990127682685852,
    -0.04431410878896713
   ],
   [
    -0.1286427527666092,
    0.043544985353946686,
    0.9907345175743103
   ],
   [
    0.9916861057281494,
    0.008792959153652191,
    0.12837983667850494
   ]
  ]
 },
 {
  "rotation_euler": [
   0.0014913607155904174,
   -1.385835639666766e-05,
   2.092883586883545
  ],
  "euler_order": "XYZ",
  "rotation_matrix": [
   [
    -0.4986904263496399,
    -0.8667792081832886,
    0.0012995924334973097
   ],
   [
    0.866780161857605,
    -0.4986898899078369,
    0.000731714884750545
   ],
   [
    1.385835639666766e-05,
    0.0014913601335138083,
    0.9999988675117493
   ]
  ]
 },
 {
  "rotation_euler": [
   0.06838329136371613,
   1.441758155822754,
   -0.9775819182395935
  ],
  "euler_order": "XYZ",
  "rotation_matrix": [
   [
    0.07193607836961746,
    0.8650910258293152,
    0.49643000960350037
   ],
   [
    -0.10669507086277008,
    0.5015378594398499,
    -0.8585312366485596
   ],
   [
    -0.9916861057281494,
    0.00879273097962141,
    0.12837961316108704
   ]
  ]
 },
 {
  "rotation_euler": [
   0.06838387995958328,
   -1.4417579174041748,
   2.379347801208496
  ],
  "euler_order": "XYZ",
  "rotation_matrix": [
   [
    -0.09307309240102768,
    -0.6399210691452026,
    0.7627833485603333
   ],
   [
    0.08885999023914337,
    -0.7683902978897095,
    -0.6337824463844299
   ],
   [
    0.9916861057281494,
    0.008792822249233723,
    0.12837985157966614
   ]
  ]
 },
 {
  "rotation_euler": [
   0.06838542222976685,
   -1.441758155822754,
   -0.7018334269523621
  ],
  "euler_order": "XYZ",
  "rotation_matrix": [
   [
    0.09826802462339401,
    0.5923611521720886,
    -0.7996572256088257
   ],
   [
    -0.08307847380638123,
    0.8056245446205139,
    0.5865722894668579
   ],
   [
    0.9916861057281494,
    0.008793003857135773,
    0.12837959825992584
   ]
  ]
 },
 {
  "rotation_euler": [
   0.0014920083340257406,
   -1.5252113371388987e-05,
   -0.8583758473396301
  ],
  "euler_order": "XYZ",
  "rotation_matrix": [
   [
    0.6536674499511719,
    0.7567810416221619,
    -0.0011390942381694913
   ],
   [
    -0.7567818760871887,
    0.6536667346954346,
    -0.0009637344046495855
   ],
   [
    1.5252113371388987e-05,
    0.0014920077519491315,
    0.9999988675117493
   ]
  ]
 },
 {
  "rotation_euler": [
   0.0014911484904587269,
   1.0079971616505645e-05,
   -1.7600352764129639
  ],
  "euler_order": "XYZ",
  "rotation_matrix": [
   [
    -0.18811148405075073,
    0.9821465611457825,
    -0.0014664236223325133
   ],
   [
    -0.9821476936340332,
    -0.1881112903356552,
    0.0002706020313780755
   ],
   [
    -1.0079971616505645e-05,
    0.0014911479083821177,
    0.9999988675117493
   ]
  ]
 },
 {
  "rotation_euler": [
   0.06838436424732208,
   1.4417577981948853,
   -1.213308572769165
  ],
  "euler_order": "XYZ",
  "rotation_matrix": [
   [
    0.045028205960989,
    0.9583010673522949,
    0.2821905016899109
   ],
   [
    -0.12054537981748581,
    0.2856251299381256,
    -0.9507297873497009
   ],
   [
    -0.9916860461235046,
    0.008792893029749393,
    0.1283799558877945
   ]
  ]
 },
 {
  "rotation_euler": [
   0.001487684901803732,
   1.570641325088218e-05,
   -1.3963210582733154
  ],
  "euler_order": "XYZ",
  "rotation_matrix": [
   [
    0.17359139025211334,
    0.9848166704177856,
    -0.0014623714378103614
   ],
   [
    -0.9848177433013916,
    0.17359118163585663,
    -0.0002737171307671815
   ],
   [
    -1.570641325088218e-05,
    0.0014876843197271228,
    0.9999988675117493
   ]
  ]
 },
 {
  "rotation_euler": [
   0.06838555634021759,
   1.4417577981948853,
   1.5719919204711914
  ],
  "euler_order": "XYZ",
  "rotation_matrix": [
   [
    -0.00015384981816168875,
    -0.9977429509162903,
    0.0671493336558342
   ],
   [
    0.12868063151836395,
    0.06657131016254425,
    0.989449143409729
   ],
   [
    -0.9916860461235046,
    0.00879304576665163,
    0.1283799558877945
   ]
  ]
 }
]