[
 {
  "rotation_euler": [
   -0.07611104100942612,
   0.12038079649209976,
   -0.712715744972229
  ],
  "euler_order": "XYZ",
  "rotation_matrix": [
   [
    0.7511134147644043,
    0.6450891494750977,
    0.1403161883354187
   ],
   [
    -0.6491586565971375,
    0.7603694200515747,
    -0.020769402384757996
   ],
   [
    -0.12009025365114212,
    -0.07548729330301285,
    0.9898889064788818
   ]
  ]
 },
 {
  "rotation_euler": [
   -0.07611101120710373,
   0.12038083374500275,
   1.2202929258346558
  ],
  "euler_order": "XYZ",
  "rotation_matrix": [
   [
    0.3408856689929962,
    -0.9396163821220398,
    -0.03029836155474186
   ],
   [
    0.9324029684066772,
    0.33380037546157837,
    0.1385713368654251
   ],
   [
    -0.1200902909040451,
    -0.07548726350069046,
    0.9898889064788818
   ]
  ]
 },
 {
  "rotation_euler": [
   -0.07611101120710373,
   0.12038081884384155,
   -3.037900686264038
  ],
  "euler_order": "XYZ",
  "rotation_matrix": [
   [
    -0.9874306321144104,
    0.11228892207145691,
    -0.11122909188270569
   ],
   [
    -0.10275717079639435,
    -0.990804135799408,
    -0.08802324533462524
   ],
   [
    -0.12009027600288391,
    -0.07548726350069046,
    0.9898889064788818
   ]
  ]
 },
 {
  "rotation_euler": [
   -0.07611104100942612,
   0.12038078904151917,
   1.8552186489105225
  ],
  "euler_order": "XYZ",
  "rotation_matrix": [
   [
    -0.27857229113578796,
    -0.954482913017273,
    -0.10658282041549683
   ],
   [
    0.9528776407241821,
    -0.28855517506599426,
    0.09359541535377502
   ],
   [
    -0.12009024620056152,
    -0.07548729330301285,
    0.9898889064788818
   ]
  ]
 },
 {
  "rotation_euler": [
   0.09156456589698792,
   0.10911515355110168,
   1.0407850742340088
  ],
  "euler_order": "XYZ",
  "rotation_matrix": [
   [
    0.5025365352630615,
    -0.8541531562805176,
    0.13371407985687256
   ],
   [
    0.8576701879501343,
    0.5120164752006531,
    0.04733922705054283
   ],
   [
    -0.10889875888824463,
    0.09089288115501404,
    0.9898886680603027
   ]
  ]
 },
 {
  "rotation_euler": [
   0.09156446903944016,
   0.10911517590284348,
   -1.1456563472747803
  ],
  "euler_order": "XYZ",
  "rotation_matrix": [
   [
    0.4099954068660736,
    0.9112716913223267,
    -0.03857002034783363
   ],
   [
    -0.905563235282898,
    0.4016495645046234,
    -0.1365019977092743
   ],
   [
    -0.10889878123998642,
    0.09089279174804688,
    0.9898886680603027
   ]
  ]
 },
 {
  "rotation_euler": [
   -0.0761110857129097,
   0.12038084119558334,
   1.0516518354415894
  ],
  "euler_order": "XYZ",
  "rotation_matrix": [
   [
    0.4925469756126404,
    -0.8702607750892639,
    -0.006610391661524773
   ],
   [
    0.8619604706764221,
    0.48677292466163635,
    0.1416909396648407
   ],
   [
    -0.1200902983546257,
    -0.07548733800649643,
    0.9898888468742371
   ]
  ]
 },
 {
  "rotation_euler": [
   0.0915646031498909,
   0.1091151088476181,
   -1.4050666093826294
  ],
  "euler_order": "XYZ",
  "rotation_matrix": [
   [
    0.16399097442626953,
    0.983809232711792,
    -0.07229387760162354
   ],
   [
    -0.9804325699806213,
    0.1544601023197174,
    -0.12204118072986603
   ],
   [
    -0.10889871418476105,
    0.09089291840791702,
    0.9898886680603027
   ]
  ]
 },
 {
  "rotation_euler": [
   0.09156443923711777,
   0.10911514610052109,
   2.3276262283325195
  ],
  "euler_order": "XYZ",
  "rotation_matrix": [
   [
    -0.6825367212295532,
    -0.7308076620101929,
    -0.007982993498444557
   ],
   [
    0.722692608833313,
    -0.6765047311782837,
    0.1416216939687729
   ],
   [
    -0.10889875143766403,
    0.09089276194572449,
    0.9898886680603027
   ]
  ]
 },
 {
  "rotation_euler": [
   0.09156449884176254,
   0.10911516845226288,
   -0.4412291347980499
  ],
  "euler_order": "XYZ",
  "rotation_matrix": [
   [
    0.8988498449325562,
    0.43426594138145447,
    0.0590086504817009
   ],
   [
    -0.42451146245002747,
    0.8961872458457947,
    -0.1289900243282318
   ],
   [
    -0.10889877378940582,
    0.09089281409978867,
    0.9898886680603027
   ]
  ]
 },
 {
  "rotation_euler": [
   0.09156446903944016,
   0.10911514610052109,
   -2.336878538131714
  ],
  "euler_order": "XYZ",
  "rotation_matrix": [
   [
    -0.6891940236091614,
    0.7107100486755371,
    -0.14107726514339447
   ],
   [
    -0.7163467407226562,
    -0.6975885033607483,
    -0.014752673916518688
   ],
   [
    -0.10889875143766403,
    0.09089279174804688,
    0.9898886680603027
   ]
  ]
 },
 {
  "rotation_euler": [
   -0.07611099630594254,
   0.12038081139326096,
   -1.8881186246871948
  ],
  "euler_order": "XYZ",
  "rotation_matrix": [
   [
    -0.3097655475139618,
    0.950173020362854,
    0.03487878292798996
   ],
   [
    -0.9431986212730408,
    -0.3024448752403259,
    -0.13748988509178162
   ],
   [
    -0.12009026855230331,
    -0.07548724859952927,
    0.9898889064788818
   ]
  ]
 },
 {
  "rotation_euler": [
   -0.07611100375652313,
   0.12038078904151917,
   3.0276386737823486
  ],
  "euler_order": "XYZ",
  "rotation_matrix": [
   [
    -0.9863241910934448,
    -0.1043061837553978,
    -0.12761200964450836
   ],
   [
    0.11288461089134216,
    -0.9916763305664062,
    -0.061928749084472656
   ],
   [
    -0.12009024620056152,
    -0.07548725605010986,
    0.9898889064788818
   ]
  ]
 },
 {
  "rotation_euler": [
   0.09156444668769836,
   0.10911514610052109,
   -1.5558785200119019
  ],
  "euler_order": "XYZ",
  "rotation_matrix": [
   [
    0.01482853852212429,
    0.9958486557006836,
    -0.08980871737003326
   ],
   [
    -0.9939422607421875,
    0.004898544866591692,
    -0.109794482588768
   ],
   [
    -0.10889875143766403,
    0.09089276939630508,
    0.9898886680603027
   ]
  ]
 },
 {
  "rotation_euler": [
   0.09156449139118195,
   0.1091151013970375,
   -1.4701237678527832
  ],
  "euler_order": "XYZ",
  "rotation_matrix": [
   [
    0.09990488737821579,
    0.9917696714401245,
    -0.08007488399744034
   ],
   [
    -0.9890197515487671,
    0.09017466753721237,
    -0.11708306521177292
   ],
   [
    -0.10889870673418045,
    0.09089281409978867,
    0.9898886680603027
   ]
  ]
 },
 {
  "rotation_euler": [
   -0.07611106336116791,
   0.12038082629442215,
   2.155639171600342
  ],
  "euler_order": "XYZ",
  "rotation_matrix": [
   [
    -0.5480729937553406,
    -0.826343834400177,
    -0.1295061707496643
   ],
   [
    0.827764630317688,
    -0.5580838322639465,
    0.05786330625414848
   ],
   [
    -0.12009028345346451,
    -0.07548731565475464,
    0.9898889064788818
   ]
  ]
 }
]