[
 {
  "rotation_euler": [
   0.4842880070209503,
   -1.8359730243682861,
   1.1924028396606445
  ],
  "euler_order": "XYZ",
  "rotation_matrix": [
   [
    -0.09681963175535202,
    -0.9883864521980286,
    0.11712473630905151
   ],
   [
    -0.24354009330272675,
    -0.09057420492172241,
    -0.9656524062156677
   ],
   [
    0.965046226978302,
    -0.12201867997646332,
    -0.23194237053394318
   ]
  ]
 },
 {
  "rotation_euler": [
   -0.012459577061235905,
   -0.007632475346326828,
   -0.10269705206155777
  ],
  "euler_order": "XYZ",
  "rotation_matrix": [
   [
    0.9947023391723633,
    0.10260326415300369,
    -0.006314318161457777
   ],
   [
    -0.1025136411190033,
    0.9946443438529968,
    0.013175997883081436
   ],
   [
    0.007632401306182146,
    -0.012458891607820988,
    0.9998932480812073
   ]
  ]
 },
 {
  "rotation_euler": [
   -0.012456747703254223,
   -0.007635516580194235,
   -0.015632860362529755
  ],
  "euler_order": "XYZ",
  "rotation_matrix": [
   [
    0.9998486638069153,
    0.015726109966635704,
    -0.007439195644110441
   ],
   [
    -0.015631768852472305,
    0.9997987747192383,
    0.012574253603816032
   ],
   [
    0.007635442540049553,
    -0.012456062249839306,
    0.9998932480812073
   ]
  ]
 },
 {
  "rotation_euler": [
   -0.012454609386622906,
   -0.007638789247721434,
   -1.9065850973129272
  ],
  "euler_order": "XYZ",
  "rotation_matrix": [
   [
    -0.3295043706893921,
    0.944046139717102,
    0.014275592751801014
   ],
   [
    -0.9441231489181519,
    -0.3295782506465912,
    0.00310767674818635
   ],
   [
    0.007638714741915464,
    -0.012453923933207989,
    0.9998932480812073
   ]
  ]
 },
 {
  "rotation_euler": [
   -0.012454794719815254,
   -0.0076422481797635555,
   3.0918989181518555
  ],
  "euler_order": "XYZ",
  "rotation_matrix": [
   [
    -0.9987363815307617,
    -0.049764495342969894,
    0.007013493217527866
   ],
   [
    0.04967183619737625,
    -0.9986833333969116,
    -0.01281868014484644
   ],
   [
    0.007642173673957586,
    -0.012454109266400337,
    0.9998932480812073
   ]
  ]
 },
 {
  "rotation_euler": [
   -0.012454143725335598,
   -0.007609154097735882,
   -0.6896165609359741
  ],
  "euler_order": "XYZ",
  "rotation_matrix": [
   [
    0.7714676856994629,
    0.6362651586532593,
    0.0020537625532597303
   ],
   [
    -0.6362230181694031,
    0.7713699340820312,
    0.01444883644580841
   ],
   [
    0.007609080523252487,
    -0.012453461065888405,
    0.9998934864997864
   ]
  ]
 },
 {
  "rotation_euler": [
   -0.012453724630177021,
   -0.007610714063048363,
   -1.4026416540145874
  ],
  "euler_order": "XYZ",
  "rotation_matrix": [
   [
    0.16735848784446716,
    0.9858347177505493,
    0.011004108004271984
   ],
   [
    -0.9858667254447937,
    0.1672569215297699,
    0.009586955420672894
   ],
   [
    0.007610640488564968,
    -0.012453041970729828,
    0.9998934864997864
   ]
  ]
 },
 {
  "rotation_euler": [
   1.121531367301941,
   2.055406093597412,
   0.01995912939310074
  ],
  "euler_order": "XYZ",
  "rotation_matrix": [
   [
    -0.46577030420303345,
    0.7882229685783386,
    0.4021972417831421
   ],
   [
    -0.00929760467261076,
    0.4501244127750397,
    -0.8929174542427063
   ],
   [
    -0.8848568201065063,
    -0.4196338951587677,
    -0.2023259997367859
   ]
  ]
 },
 {
  "rotation_euler": [
   -0.012457774952054024,
   -0.0076323566026985645,
   1.7559767961502075
  ],
  "euler_order": "XYZ",
  "rotation_matrix": [
   [
    -0.18411855399608612,
    -0.9828442931175232,
    -0.010839291848242283
   ],
   [
    0.9828743934631348,
    -0.1840161830186844,
    -0.009794926270842552
   ],
   [
    0.007632282562553883,
    -0.012457089498639107,
    0.999893307685852
   ]
  ]
 },
 {
  "rotation_euler": [
   -0.21972894668579102,
   0.25564566254615784,
   -2.2133662700653076
  ],
  "euler_order": "XYZ",
  "rotation_matrix": [
   [
    -0.5797791481018066,
    0.8143392205238342,
    0.026603519916534424
   ],
   [
    -0.774540364742279,
    -0.5407223701477051,
    -0.32818663120269775
   ],
   [
    -0.2528701424598694,
    -0.2108812779188156,
    0.9442381858825684
   ]
  ]
 },
 {
  "rotation_euler": [
   -0.012455816380679607,
   -0.007641202304512262,
   0.31965696811676025
  ],
  "euler_order": "XYZ",
  "rotation_matrix": [
   [
    0.9493155479431152,
    -0.314126193523407,
    -0.011167516931891441
   ],
   [
    0.3142317533493042,
    0.9492995142936707,
    0.009423570707440376
   ],
   [
    0.007641127798706293,
    -0.01245513092726469,
    0.9998932480812073
   ]
  ]
 },
 {
  "rotation_euler": [
   0.8167380690574646,
   -2.679553747177124,
   -0.47307994961738586
  ],
  "euler_order": "XYZ",
  "rotation_matrix": [
   [
    -0.7968308925628662,
    0.022680917754769325,
    -0.6037765145301819
   ],
   [
    0.40785524249076843,
    0.7574609518051147,
    -0.509810745716095
   ],
   [
    0.4457741379737854,
    -0.6524863839149475,
    -0.6128188371658325
   ]
  ]
 },
 {
  "rotation_euler": [
   -0.012454596348106861,
   -0.007607252337038517,
   -0.48604559898376465
  ],
  "euler_order": "XYZ",
  "rotation_matrix": [
   [
    0.8841614127159119,
    0.46718066930770874,
    -0.0009078430593945086
   ],
   [
    -0.46711960434913635,
    0.8840741515159607,
    0.014565196819603443
   ],
   [
    0.007607178762555122,
    -0.012453913688659668,
    0.9998934864997864
   ]
  ]
 },
 {
  "rotation_euler": [
   -0.012455321848392487,
   -0.007642560172826052,
   2.676130533218384
  ],
  "euler_order": "XYZ",
  "rotation_matrix": [
   [
    -0.893588125705719,
    -0.44888606667518616,
    0.0012386544840410352
   ],
   [
    0.4488227069377899,
    -0.8935022354125977,
    -0.014559920877218246
   ],
   [
    0.0076424856670200825,
    -0.01245463639497757,
    0.9998932480812073
   ]
  ]
 },
 {
  "rotation_euler": [
   -0.01244810875505209,
   -0.007640230935066938,
   -0.06950952857732773
  ],
  "euler_order": "XYZ",
  "rotation_matrix": [
   [
    0.9975560903549194,
    0.06954306364059448,
    -0.00675657344982028
   ],
   [
    -0.06945154070854187,
    0.9975013136863708,
    0.012948323041200638
   ],
   [
    0.007640156429260969,
    -0.012447424232959747,
    0.9998933672904968
   ]
  ]
 },
 {
  "rotation_euler": [
   -0.012460078112781048,
   -0.007640079129487276,
   -2.8057377338409424
  ],
  "euler_order": "XYZ",
  "rotation_matrix": [
   [
    -0.9441013336181641,
    0.3294609785079956,
    0.01131903100758791
   ],
   [
    -0.3295668363571167,
    -0.9440869688987732,
    -0.00924584548920393
   ],
   [
    0.007640004623681307,
    -0.012459391728043556,
    0.9998931884765625
   ]
  ]
 }
]