[
 {
  "rotation_euler": [
   -1.1621515483284384e-07,
   1.1800611900980584e-06,
   -2.975407361984253
  ],
  "euler_order": "XYZ",
  "rotation_matrix": [
   [
    -0.9862229824066162,
    0.16542141139507294,
    -1.1445789596109535e-06
   ],
   [
    -0.16542141139507294,
    -0.9862229824066162,
    -3.098214449437364e-07
   ],
   [
    -1.1800611900980584e-06,
    -1.1621515483284384e-07,
    1.0
   ]
  ]
 },
 {
  "rotation_euler": [
   -4.521888996578127e-08,
   7.423063408396047e-08,
   3.0230915546417236
  ],
  "euler_order": "XYZ",
  "rotation_matrix": [
   [
    -0.9929869771003723,
    -0.11822395026683807,
    -7.905600796220824e-08
   ],
   [
    0.11822395026683807,
    -0.9929869771003723,
    -3.612592891499844e-08
   ],
   [
    -7.423063408396047e-08,
    -4.521888996578127e-08,
    1.0
   ]
  ]
 },
 {
  "rotation_euler": [
   -2.0840680292621983e-08,
   -1.1052500070718452e-07,
   -0.708214521408081
  ],
  "euler_order": "XYZ",
  "rotation_matrix": [
   [
    0.7595245242118835,
    0.650478720664978,
    -7.039002980491205e-08
   ],
   [
    -0.650478720664978,
    0.7595245242118835,
    8.77231656204458e-08
   ],
   [
    1.1052500070718452e-07,
    -2.0840680292621983e-08,
    1.0
   ]
  ]
 },
 {
  "rotation_euler": [
   1.5606526915235008e-07,
   -2.0287212976199953e-07,
   1.6037540435791016
  ],
  "euler_order": "XYZ",
  "rotation_matrix": [
   [
    -0.03295174986124039,
    -0.9994569420814514,
    1.6266551483568037e-07
   ],
   [
    0.9994569420814514,
    -0.03295174986124039,
    -1.9761932890105527e-07
   ],
   [
    2.0287212976199953e-07,
    1.5606526915235008e-07,
    1.0
   ]
  ]
 },
 {
  "rotation_euler": [
   2.3047979880175262e-07,
   -1.0904489045060473e-06,
   -1.821081519126892
  ],
  "euler_order": "XYZ",
  "rotation_matrix": [
   [
    -0.24768027663230896,
    0.9688418507575989,
    4.6784215612660773e-08
   ],
   [
    -0.9688418507575989,
    -0.24768027663230896,
    1.1135578006360447e-06
   ],
   [
    1.0904489045060473e-06,
    2.3047979880175262e-07,
    1.0
   ]
  ]
 },
 {
  "rotation_euler": [
   8.154295016993274e-08,
   -8.943644616010715e-07,
   1.2577505111694336
  ],
  "euler_order": "XYZ",
  "rotation_matrix": [
   [
    0.30795785784721375,
    -0.9513999819755554,
    -1.9784658888966078e-07
   ],
   [
    0.9513999819755554,
    0.30795785784721375,
    -8.760101195548486e-07
   ],
   [
    8.943644616010715e-07,
    8.154295016993274e-08,
    1.0
   ]
  ]
 },
 {
  "rotation_euler": [
   9.320432070580864e-08,
   3.9705741983198095e-07,
   -0.9169678688049316
  ],
  "euler_order": "XYZ",
  "rotation_matrix": [
   [
    0.6082297563552856,
    0.7937610149383545,
    1.6752017018006882e-07
   ],
   [
    -0.7937610149383545,
    0.6082297563552856,
    -3.7185836276876216e-07
   ],
   [
    -3.9705741983198095e-07,
    9.320432070580864e-08,
    1.0
   ]
  ]
 },
 {
  "rotation_euler": [
   1.0173962117221436e-08,
   -1.2736294365822687e-06,
   1.284770131111145
  ],
  "euler_order": "XYZ",
  "rotation_matrix": [
   [
    0.28214210271835327,
    -0.9593726396560669,
    -3.495838711842225e-07
   ],
   [
    0.9593726396560669,
    0.28214210271835327,
    -1.2247556924194214e-06
   ],
   [
    1.2736294365822687e-06,
    1.0173962117221436e-08,
    1.0
   ]
  ]
 },
 {
  "rotation_euler": [
   1.9386299232593274e-09,
   -2.3100161783418116e-08,
   2.828091859817505
  ],
  "euler_order": "XYZ",
  "rotation_matrix": [
   [
    -0.9512597918510437,
    -0.30839067697525024,
    2.257211129119696e-08
   ],
   [
    0.30839067697525024,
    -0.9512597918510437,
    -5.279733983343249e-09
   ],
   [
    2.3100161783418116e-08,
    1.9386299232593274e-09,
    1.0
   ]
  ]
 },
 {
  "rotation_euler": [
   -1.0176037790188275e-07,
   7.172599225668819e-07,
   1.1564395427703857
  ],
  "euler_order": "XYZ",
  "rotation_matrix": [
   [
    0.4026012420654297,
    -0.9153754711151123,
    1.9562077113732812e-07
   ],
   [
    0.9153754711151123,
    0.4026012420654297,
    6.975309929657669e-07
   ],
   [
    -7.172599225668819e-07,
    -1.0176037790188275e-07,
    1.0
   ]
  ]
 },
 {
  "rotation_euler": [
   3.186029573498672e-07,
   -2.9573590154541307e-07,
   2.8893260955810547
  ],
  "euler_order": "XYZ",
  "rotation_matrix": [
   [
    -0.9683491587638855,
    -0.2495994120836258,
    3.6589872820513847e-07
   ],
   [
    0.2495994120836258,
    -0.9683491587638855,
    2.347034069316578e-07
   ],
   [
    2.9573590154541307e-07,
    3.186029573498672e-07,
    1.0
   ]
  ]
 },
 {
  "rotation_euler": [
   1.531738433868668e-07,
   -1.1447971246525412e-06,
   3.0518391132354736
  ],
  "euler_order": "XYZ",
  "rotation_matrix": [
   [
    -0.9959748387336731,
    -0.08963308483362198,
    1.1539185607034597e-06
   ],
   [
    0.08963308483362198,
    -0.9959748387336731,
    4.99455978797414e-08
   ],
   [
    1.1447971246525412e-06,
    1.531738433868668e-07,
    1.0
   ]
  ]
 },
 {
  "rotation_euler": [
   2.8220080139362835e-07,
   8.116765570775897e-07,
   2.0825517177581787
  ],
  "euler_order": "XYZ",
  "rotation_matrix": [
   [
    -0.4897085130214691,
    -0.8718861937522888,
    -1.514379164291313e-07
   ],
   [
    0.8718861937522888,
    -0.4897085130214691,
    8.45885722355888e-07
   ],
   [
    -8.116765570775897e-07,
    2.8220080139362835e-07,
    1.0
   ]
  ]
 },
 {
  "rotation_euler": [
   3.7886852055635245e-07,
   1.1313040886307135e-06,
   -1.3924529552459717
  ],
  "euler_order": "XYZ",
  "rotation_matrix": [
   [
    0.17739947140216827,
    0.9841389060020447,
    -1.7216652281604183e-07
   ],
   [
    -0.9841389060020447,
    0.17739947140216827,
    -1.180571416625753e-06
   ],
   [
    -1.1313040886307135e-06,
    3.7886852055635245e-07,
    1.0
   ]
  ]
 },
 {
  "rotation_euler": [
   -8.507443283178873e-08,
   -4.200441594548465e-07,
   -3.1245033740997314
  ],
  "euler_order": "XYZ",
  "rotation_matrix": [
   [
    -0.9998539686203003,
    0.017088448628783226,
    4.214366242649703e-07
   ],
   [
    -0.017088448628783226,
    -0.9998539686203003,
    -7.788410982811911e-08
   ],
   [
    4.200441594548465e-07,
    -8.507443283178873e-08,
    1.0
   ]
  ]
 },
 {
  "rotation_euler": [
   -1.551987196535265e-07,
   -5.770963866780221e-07,
   -3.079244613647461
  ],
  "euler_order": "XYZ",
  "rotation_matrix": [
   [
    -0.9980570077896118,
    0.062307652086019516,
    5.856451252839179e-07
   ],
   [
    -0.062307652086019516,
    -0.9980570077896118,
    -1.1893964568798765e-07
   ],
   [
    5.770963866780221e-07,
    -1.551987196535265e-07,
    1.0
   ]
  ]
 }
]