[
 {
  "rotation_euler": [
   6.241849259680521e-09,
   -8.341159762892403e-09,
   -3.098553419113159
  ],
  "euler_order": "XYZ",
  "rotation_matrix": [
   [
    -0.9990739822387695,
    0.043025948107242584,
    8.064874101876285e-09
   ],
   [
    -0.043025948107242584,
    -0.9990739822387695,
    6.594955248573342e-09
   ],
   [
    8.341159762892403e-09,
    6.241849259680521e-09,
    1.0
   ]
  ]
 },
 {
  "rotation_euler": [
   5.822729676197014e-08,
   -1.1171210623217576e-08,
   -1.2857081890106201
  ],
  "euler_order": "XYZ",
  "rotation_matrix": [
   [
    0.2812420427799225,
    0.9596368670463562,
    -5.901887334403e-08
   ],
   [
    -0.9596368670463562,
    0.2812420427799225,
    -5.655657719927376e-09
   ],
   [
    1.1171210623217576e-08,
    5.822729676197014e-08,
    1.0
   ]
  ]
 },
 {
  "rotation_euler": [
   6.632674853790377e-09,
   -5.241378886466919e-09,
   -0.8323004245758057
  ],
  "euler_order": "XYZ",
  "rotation_matrix": [
   [
    0.6731764078140259,
    0.7394819259643555,
    -8.433115539219216e-09
   ],
   [
    -0.7394819259643555,
    0.6731764078140259,
    -5.890554155563166e-10
   ],
   [
    5.241378886466919e-09,
    6.632674853790377e-09,
    1.0
   ]
  ]
 },
 {
  "rotation_euler": [
   3.377038524376985e-07,
   4.50307879873435e-08,
   -0.5979777574539185
  ],
  "euler_order": "XYZ",
  "rotation_matrix": [
   [
    0.8264757990837097,
    0.5629723072052002,
    -1.5290105181975377e-07
   ],
   [
    -0.5629723072052002,
    0.8264757990837097,
    -3.0445514198618184e-07
   ],
   [
    -4.50307879873435e-08,
    3.377038524376985e-07,
    1.0
   ]
  ]
 },
 {
  "rotation_euler": [
   3.8004756675036333e-07,
   1.0606217237807414e-08,
   -1.732578992843628
  ],
  "euler_order": "XYZ",
  "rotation_matrix": [
   [
    -0.1610778421163559,
    0.9869416952133179,
    -3.767932241771632e-07
   ],
   [
    -0.9869416952133179,
    -0.1610778421163559,
    5.074952724726245e-08
   ],
   [
    -1.0606217237807414e-08,
    3.8004756675036333e-07,
    1.0
   ]
  ]
 },
 {
  "rotation_euler": [
   -6.086968937779602e-07,
   1.6321456541845691e-07,
   3.102019786834717
  ],
  "euler_order": "XYZ",
  "rotation_matrix": [
   [
    -0.9992170929908752,
    -0.039562538266181946,
    -1.871683821264014e-07
   ],
   [
    0.039562538266181946,
    -0.9992170929908752,
    -6.017631335453189e-07
   ],
   [
    -1.6321456541845691e-07,
    -6.086968937779602e-07,
    1.0
   ]
  ]
 },
 {
  "rotation_euler": [
   -3.4321828934480436e-08,
   -4.263921216107747e-09,
   2.3869972229003906
  ],
  "euler_order": "XYZ",
  "rotation_matrix": [
   [
    -0.7285487055778503,
    -0.6849939823150635,
    -2.0403771117116776e-08
   ],
   [
    0.6849939823150635,
    -0.7285487055778503,
    -2.7925885603963252e-08
   ],
   [
    4.263921216107747e-09,
    -3.4321828934480436e-08,
    1.0
   ]
  ]
 },
 {
  "rotation_euler": [
   -9.289453828387195e-08,
   -2.485932570905902e-09,
   -0.9493770599365234
  ],
  "euler_order": "XYZ",
  "rotation_matrix": [
   [
    0.582189679145813,
    0.8130530118942261,
    7.408090141325374e-08
   ],
   [
    -0.8130530118942261,
    0.582189679145813,
    5.6103438339505374e-08
   ],
   [
    2.485932570905902e-09,
    -9.289453828387195e-08,
    1.0
   ]
  ]
 },
 {
  "rotation_euler": [
   -1.5169962508387869e-10,
   -1.87393589534679e-09,
   0.05122078210115433
  ],
  "euler_order": "XYZ",
  "rotation_matrix": [
   [
    0.9986885190010071,
    -0.05119838938117027,
    -1.8792449818505474e-09
   ],
   [
    0.05119838938117027,
    0.9986885190010071,
    5.5558172645797654e-11
   ],
   [
    1.87393589534679e-09,
    -1.5169962508387869e-10,
    1.0
   ]
  ]
 },
 {
  "rotation_euler": [
   1.8490570852236488e-08,
   -8.698908260384997e-09,
   2.5062270164489746
  ],
  "euler_order": "XYZ",
  "rotation_matrix": [
   [
    -0.8048547506332397,
    -0.5934718251228333,
    1.7974990385027922e-08
   ],
   [
    0.5934718251228333,
    -0.8048547506332397,
    9.719666849150599e-09
   ],
   [
    8.698908260384997e-09,
    1.8490570852236488e-08,
    1.0
   ]
  ]
 },
 {
  "rotation_euler": [
   5.275528458525969e-09,
   6.6779297647201474e-09,
   -0.017795205116271973
  ],
  "euler_order": "XYZ",
  "rotation_matrix": [
   [
    0.9998416900634766,
    0.01779426634311676,
    6.582998146598129e-09
   ],
   [
    -0.01779426634311676,
    0.9998416900634766,
    -5.393522073404711e-09
   ],
   [
    -6.6779297647201474e-09,
    5.275528458525969e-09,
    1.0
   ]
  ]
 },
 {
  "rotation_euler": [
   -4.4876361471324344e-07,
   9.468494255315818e-08,
   -2.254293441772461
  ],
  "euler_order": "XYZ",
  "rotation_matrix": [
   [
    -0.6315084099769592,
    0.7753689885139465,
    2.8816305075451965e-07
   ],
   [
    -0.7753689885139465,
    -0.6315084099769592,
    -3.568137856291287e-07
   ],
   [
    -9.468494255315818e-08,
    -4.4876361471324344e-07,
    1.0
   ]
  ]
 },
 {
  "rotation_euler": [
   4.065601633129745e-09,
   3.689271110829395e-09,
   -0.6794881820678711
  ],
  "euler_order": "XYZ",
  "rotation_matrix": [
   [
    0.7778944373130798,
    0.6283949613571167,
    3.150598948398198e-10
   ],
   [
    -0.6283949613571167,
    0.7778944373130798,
    -5.48092815577661e-09
   ],
   [
    -3.689271110829395e-09,
    4.065601633129745e-09,
    1.0
   ]
  ]
 },
 {
  "rotation_euler": [
   4.6043812318430355e-08,
   -2.3811983496102584e-08,
   -1.080963134765625
  ],
  "euler_order": "XYZ",
  "rotation_matrix": [
   [
    0.47047871351242065,
    0.8824113607406616,
    -5.183261464480893e-08
   ],
   [
    -0.8824113607406616,
    0.47047871351242065,
    -6.50668519064368e-10
   ],
   [
    2.3811983496102584e-08,
    4.6043812318430355e-08,
    1.0
   ]
  ]
 },
 {
  "rotation_euler": [
   -1.5534531438987642e-09,
   -8.775796978000017e-09,
   -2.575971841812134
  ],
  "euler_order": "XYZ",
  "rotation_matrix": [
   [
    -0.8442560434341431,
    0.5359400510787964,
    8.241577198475625e-09
   ],
   [
    -0.5359400510787964,
    -0.8442560434341431,
    3.391788849782529e-09
   ],
   [
    8.775796978000017e-09,
    -1.5534531438987642e-09,
    1.0
   ]
  ]
 },
 {
  "rotation_euler": [
   -4.060300184960397e-08,
   2.2125492549207593e-09,
   0.4927607774734497
  ],
  "euler_order": "XYZ",
  "rotation_matrix": [
   [
    0.8810302019119263,
    -0.4730600118637085,
    -1.7258333429026607e-08
   ],
   [
    0.4730600118637085,
    0.8810302019119263,
    3.681913796071967e-08
   ],
   [
    -2.2125492549207593e-09,
    -4.060300184960397e-08,
    1.0
   ]
  ]
 }
]