[
 {
  "rotation_euler": [
   1.592221736907959,
   -0.13581934571266174,
   1.756731390953064
  ],
  "euler_order": "XYZ",
  "rotation_matrix": [
   [
    -0.18316307663917542,
    0.046079955995082855,
    0.9820020198822021
   ],
   [
    0.9737132787704468,
    -0.12907728552818298,
    0.18767395615577698
   ],
   [
    0.1354021579027176,
    0.9905633330345154,
    -0.02122647315263748
   ]
  ]
 },
 {
  "rotation_euler": [
   -0.010827715508639812,
   -0.05876971036195755,
   1.706605076789856
  ],
  "euler_order": "XYZ",
  "rotation_matrix": [
   [
    -0.13515791296958923,
    -0.9908201694488525,
    -0.002775923116132617
   ],
   [
    0.989081621170044,
    -0.13475361466407776,
    -0.05965759605169296
   ],
   [
    0.058735884726047516,
    -0.010808810591697693,
    0.9982150197029114
   ]
  ]
 },
 {
  "rotation_euler": [
   -1.5453228950500488,
   0.017059698700904846,
   -1.2449828386306763
  ],
  "euler_order": "XYZ",
  "rotation_matrix": [
   [
    0.3200330138206482,
    0.01867225579917431,
    0.9472223520278931
   ],
   [
    -0.9472528100013733,
    0.024308815598487854,
    0.3195641040802002
   ],
   [
    -0.017058871686458588,
    -0.9995300769805908,
    0.02546697109937668
   ]
  ]
 },
 {
  "rotation_euler": [
   -1.526856541633606,
   0.058189041912555695,
   0.5155335068702698
  ],
  "euler_order": "XYZ",
  "rotation_matrix": [
   [
    0.8685572743415833,
    -0.0722041055560112,
    -0.490300714969635
   ],
   [
    0.492164671421051,
    0.00957333855330944,
    0.8704494833946228
   ],
   [
    -0.05815621092915535,
    -0.9973439574241638,
    0.043851304799318314
   ]
  ]
 },
 {
  "rotation_euler": [
   1.5761375427246094,
   0.010989177972078323,
   2.4753854274749756
  ],
  "euler_order": "XYZ",
  "rotation_matrix": [
   [
    -0.7861238121986389,
    -0.0053381770849227905,
    0.6180459856987
   ],
   [
    0.6179713606834412,
    0.010990263894200325,
    0.7861238121986389
   ],
   [
    -0.01098895724862814,
    0.9999253749847412,
    -0.005340868141502142
   ]
  ]
 },
 {
  "rotation_euler": [
   1.2632863521575928,
   -0.2778717875480652,
   2.529078483581543
  ],
  "euler_order": "XYZ",
  "rotation_matrix": [
   [
    -0.7868199348449707,
    0.039890725165605545,
    0.6158921122550964
   ],
   [
    0.5528730154037476,
    -0.3979693651199341,
    0.7320873141288757
   ],
   [
    0.2743096947669983,
    0.9165310263633728,
    0.291075736284256
   ]
  ]
 },
 {
  "rotation_euler": [
   0.45800265669822693,
   -0.10178353637456894,
   0.23436689376831055
  ],
  "euler_order": "XYZ",
  "rotation_matrix": [
   [
    0.9676275849342346,
    -0.25199174880981445,
    0.014036613516509533
   ],
   [
    0.2310253530740738,
    0.8619833588600159,
    -0.451233834028244
   ],
   [
    0.10160788148641586,
    0.43986913561820984,
    0.8922953605651855
   ]
  ]
 },
 {
  "rotation_euler": [
   0.039125122129917145,
   0.10238726437091827,
   1.8353304862976074
  ],
  "euler_order": "XYZ",
  "rotation_matrix": [
   [
    -0.2600904107093811,
    -0.9655210375785828,
    0.011051557026803493
   ],
   [
    0.9601595997810364,
    -0.2574007511138916,
    0.1088046208024025
   ],
   [
    -0.1022084653377533,
    0.03891029581427574,
    0.9940017461776733
   ]
  ]
 },
 {
  "rotation_euler": [
   -1.490876317024231,
   -0.005225496366620064,
   -1.3958755731582642
  ],
  "euler_order": "XYZ",
  "rotation_matrix": [
   [
    0.1740277260541916,
    0.07952319085597992,
    0.9815245270729065
   ],
   [
    -0.9847269058227539,
    0.008764376863837242,
    0.17388541996479034
   ],
   [
    0.005225472617894411,
    -0.9967944622039795,
    0.07983387261629105
   ]
  ]
 },
 {
  "rotation_euler": [
   -1.72433340549469,
   0.20667779445648193,
   0.10480354726314545
  ],
  "euler_order": "XYZ",
  "rotation_matrix": [
   [
    0.9733479619026184,
    -0.18568404018878937,
    -0.13459260761737823
   ],
   [
    0.10238545387983322,
    -0.17331022024154663,
    0.9795308709144592
   ],
   [
    -0.20520953834056854,
    -0.967204749584198,
    -0.14967980980873108
   ]
  ]
 },
 {
  "rotation_euler": [
   -1.653579831123352,
   0.06767342239618301,
   1.7357007265090942
  ],
  "euler_order": "XYZ",
  "rotation_matrix": [
   [
    -0.1637822687625885,
    0.09262987226247787,
    -0.9821380376815796
   ],
   [
    0.9841761589050293,
    -0.05290193110704422,
    -0.16911157965660095
   ],
   [
    -0.06762178242206573,
    -0.994294285774231,
    -0.08249971270561218
   ]
  ]
 },
 {
  "rotation_euler": [
   0.027001159265637398,
   -0.2621617317199707,
   2.348069190979004
  ],
  "euler_order": "XYZ",
  "rotation_matrix": [
   [
    -0.6773747205734253,
    -0.7076617479324341,
    0.2009437084197998
   ],
   [
    0.6884728670120239,
    -0.706070065498352,
    -0.1657411754131317
   ],
   [
    0.2591690123081207,
    0.026075415313243866,
    0.9654799103736877
   ]
  ]
 },
 {
  "rotation_euler": [
   -1.4946566820144653,
   -0.045490674674510956,
   -1.4194648265838623
  ],
  "euler_order": "XYZ",
  "rotation_matrix": [
   [
    0.15059858560562134,
    0.0820324569940567,
    0.9851856231689453
   ],
   [
    -0.9875485301017761,
    -0.03335770592093468,
    0.15373735129833221
   ],
   [
    0.04547498747706413,
    -0.9960712790489197,
    0.07598740607500076
   ]
  ]
 },
 {
  "rotation_euler": [
   1.165295958518982,
   -0.07378104329109192,
   2.659414768218994
  ],
  "euler_order": "XYZ",
  "rotation_matrix": [
   [
    -0.8835766911506653,
    -0.12291013449430466,
    0.4518686532974243
   ],
   [
    0.4624482989311218,
    -0.3809129297733307,
    0.8006540536880493
   ],
   [
    0.07371412217617035,
    0.9164051413536072,
    0.39340537786483765
   ]
  ]
 },
 {
  "rotation_euler": [
   -1.6786508560180664,
   0.029831843450665474,
   -1.6459072828292847
  ],
  "euler_order": "XYZ",
  "rotation_matrix": [
   [
    -0.07500696182250977,
    -0.10511678457260132,
    0.9916271567344666
   ],
   [
    -0.9967368245124817,
    0.03764825314283371,
    -0.07140257954597473
   ],
   [
    -0.02982741966843605,
    -0.9937469959259033,
    -0.10759764909744263
   ]
  ]
 },
 {
  "rotation_euler": [
   0.03307236358523369,
   -0.2443794310092926,
   -2.746311902999878
  ],
  "euler_order": "XYZ",
  "rotation_matrix": [
   [
    -0.8954673409461975,
    0.39224034547805786,
    0.21044191718101501
   ],
   [
    -0.37362605333328247,
    -0.9193030595779419,
    0.12363425642251968
   ],
   [
    0.2419542372226715,
    0.03208385780453682,
    0.969757080078125
   ]
  ]
 }
]