[
 {
  "rotation_euler": [
   0.2717369794845581,
   -0.2529829144477844,
   2.301466941833496
  ],
  "euler_order": "XYZ",
  "rotation_matrix": [
   [
    -0.646126925945282,
    -0.672566294670105,
    0.36079710721969604
   ],
   [
    0.7210224270820618,
    -0.6929115653038025,
    -0.0004349635564722121
   ],
   [
    0.2502930462360382,
    0.2598617970943451,
    0.932644248008728
   ]
  ]
 },
 {
  "rotation_euler": [
   0.2717531621456146,
   0.2529797852039337,
   -1.5607963800430298
  ],
  "euler_order": "XYZ",
  "rotation_matrix": [
   [
    0.00968149583786726,
    0.9639254212379456,
    -0.2659962475299835
   ],
   [
    -0.9681224822998047,
    -0.05754684656858444,
    -0.24377690255641937
   ],
   [
    -0.25029000639915466,
    0.25987708568573,
    0.932640790939331
   ]
  ]
 },
 {
  "rotation_euler": [
   0.2717360854148865,
   -0.2529842257499695,
   -2.6711556911468506
  ],
  "euler_order": "XYZ",
  "rotation_matrix": [
   [
    -0.862997829914093,
    0.4965257942676544,
    0.09325724095106125
   ],
   [
    -0.43884795904159546,
    -0.8282116055488586,
    0.3485369384288788
   ],
   [
    0.2502942979335785,
    0.2598608732223511,
    0.9326441287994385
   ]
  ]
 },
 {
  "rotation_euler": [
   0.2717396914958954,
   -0.25298380851745605,
   -2.285651683807373
  ],
  "euler_order": "XYZ",
  "rotation_matrix": [
   [
    -0.6346433162689209,
    0.7715142965316772,
    -0.04464905709028244
   ],
   [
    -0.7311503291130066,
    -0.5807204246520996,
    0.3580264449119568
   ],
   [
    0.25029391050338745,
    0.2598642408847809,
    0.9326432943344116
   ]
  ]
 },
 {
  "rotation_euler": [
   0.27175280451774597,
   -0.2529805898666382,
   3.0911612510681152
  ],
  "euler_order": "XYZ",
  "rotation_matrix": [
   [
    -0.9669398069381714,
    0.018537644296884537,
    0.2543301284313202
   ],
   [
    0.048805512487888336,
    -0.9654638767242432,
    0.25592491030693054
   ],
   [
    0.25029078125953674,
    0.25987669825553894,
    0.9326406717300415
   ]
  ]
 },
 {
  "rotation_euler": [
   0.27173662185668945,
   0.25298479199409485,
   -2.1702158451080322
  ],
  "euler_order": "XYZ",
  "rotation_matrix": [
   [
    -0.5462057590484619,
    0.7574658989906311,
    -0.3576376736164093
   ],
   [
    -0.7993820905685425,
    -0.5989303588867188,
    -0.04765205457806587
   ],
   [
    -0.25029486417770386,
    0.2598613202571869,
    0.9326438903808594
   ]
  ]
 },
 {
  "rotation_euler": [
   0.2717360556125641,
   0.25298357009887695,
   -2.6950724124908447
  ],
  "euler_order": "XYZ",
  "rotation_matrix": [
   [
    -0.8732459545135498,
    0.3553909361362457,
    -0.33337482810020447
   ],
   [
    -0.41808441281318665,
    -0.8978694677352905,
    0.13797035813331604
   ],
   [
    -0.25029367208480835,
    0.2598608732223511,
    0.9326443076133728
   ]
  ]
 },
 {
  "rotation_euler": [
   0.2717334032058716,
   0.2529844045639038,
   0.23934607207775116
  ],
  "euler_order": "XYZ",
  "rotation_matrix": [
   [
    0.9405703544616699,
    -0.1631043255329132,
    0.29786643385887146
   ],
   [
    0.2295214831829071,
    0.9517723321914673,
    -0.20359094440937042
   ],
   [
    -0.2502944767475128,
    0.2598583400249481,
    0.932644784450531
   ]
  ]
 },
 {
  "rotation_euler": [
   0.27173933386802673,
   0.2529844641685486,
   -1.7077704668045044
  ],
  "euler_order": "XYZ",
  "rotation_matrix": [
   [
    -0.13219992816448212,
    0.9451096057891846,
    -0.298816055059433
   ],
   [
    -0.9591015577316284,
    -0.1980873942375183,
    -0.20220178365707397
   ],
   [
    -0.2502945363521576,
    0.25986388325691223,
    0.9326432347297668
   ]
  ]
 },
 {
  "rotation_euler": [
   0.2717518210411072,
   0.2529855966567993,
   1.2839171886444092
  ],
  "euler_order": "XYZ",
  "rotation_matrix": [
   [
    0.27395349740982056,
    -0.9049230813980103,
    0.3256741762161255
   ],
   [
    0.9286019206047058,
    0.33701473474502563,
    0.15530450642108917
   ],
   [
    -0.25029563903808594,
    0.25987544655799866,
    0.9326397180557251
   ]
  ]
 },
 {
  "rotation_euler": [
   0.2717509865760803,
   0.25297924876213074,
   -0.4334617853164673
  ],
  "euler_order": "XYZ",
  "rotation_matrix": [
   [
    0.8786318898200989,
    0.4655705392360687,
    0.10606662929058075
   ],
   [
    -0.4066463112831116,
    0.8459959030151367,
    -0.3448619544506073
   ],
   [
    -0.2502894997596741,
    0.25987508893013,
    0.9326414465904236
   ]
  ]
 },
 {
  "rotation_euler": [
   0.271737277507782,
   0.25298482179641724,
   -2.7205049991607666
  ],
  "euler_order": "XYZ",
  "rotation_matrix": [
   [
    -0.8835951089859009,
    0.33244264125823975,
    -0.3297599256038666
   ],
   [
    -0.3957425653934479,
    -0.9066166281700134,
    0.14640404284000397
   ],
   [
    -0.25029489398002625,
    0.25986194610595703,
    0.932643711566925
   ]
  ]
 },
 {
  "rotation_euler": [
   0.27175283432006836,
   0.2529854476451874,
   1.1943280696868896
  ],
  "euler_order": "XYZ",
  "rotation_matrix": [
   [
    0.3559362292289734,
    -0.8711411356925964,
    0.3382638990879059
   ],
   [
    0.9003674387931824,
    0.41662612557411194,
    0.1255432814359665
   ],
   [
    -0.250295490026474,
    0.25987640023231506,
    0.932639479637146
   ]
  ]
 },
 {
  "rotation_euler": [
   0.2717374563217163,
   -0.2529853582382202,
   1.9831489324569702
  ],
  "euler_order": "XYZ",
  "rotation_matrix": [
   [
    -0.38800927996635437,
    -0.8556385040283203,
    0.3425370156764984
   ],
   [
    0.8870180249214172,
    -0.4476097822189331,
    -0.11333348602056503
   ],
   [
    0.25029540061950684,
    0.2598620653152466,
    0.9326435327529907
   ]
  ]
 },
 {
  "rotation_euler": [
   0.27173593640327454,
   -0.2529844045639038,
   -2.1630239486694336
  ],
  "euler_order": "XYZ",
  "rotation_matrix": [
   [
    -0.540442705154419,
    0.8367552161216736,
    -0.08810433745384216
   ],
   [
    -0.8032897114753723,
    -0.48198866844177246,
    0.3498750329017639
   ],
   [
    0.2502944767475128,
    0.25986072421073914,
    0.9326441287994385
   ]
  ]
 },
 {
  "rotation_euler": [
   0.27173957228660583,
   -0.2529841661453247,
   2.8929975032806396
  ],
  "euler_order": "XYZ",
  "rotation_matrix": [
   [
    -0.9384073615074158,
    -0.17189845442771912,
    0.2997375428676605
   ],
   [
    0.23821096122264862,
    -0.950221836566925,
    0.20083320140838623
   ],
   [
    0.2502942383289337,
    0.25986412167549133,
    0.9326432347297668
   ]
  ]
 }
]