[
 {
  "rotation_euler": [
   3.9871220991472e-08,
   3.529453920236847e-07,
   2.418121814727783
  ],
  "euler_order": "XYZ",
  "rotation_matrix": [
   [
    -0.7495126128196716,
    -0.6619901061058044,
    -2.3814266114641214e-07
   ],
   [
    0.6619901061058044,
    -0.7495126128196716,
    2.635303246734111e-07
   ],
   [
    -3.529453920236847e-07,
    3.9871220991472e-08,
    1.0
   ]
  ]
 },
 {
  "rotation_euler": [
   8.878365065356775e-08,
   3.815661386852298e-08,
   -1.1466593742370605
  ],
  "euler_order": "XYZ",
  "rotation_matrix": [
   [
    0.4115343689918518,
    0.9113942384719849,
    -6.521415230054117e-08
   ],
   [
    -0.9113942384719849,
    0.4115343689918518,
    -7.131323798148514e-08
   ],
   [
    -3.815661386852298e-08,
    8.878365065356775e-08,
    1.0
   ]
  ]
 },
 {
  "rotation_euler": [
   -1.919246095383187e-08,
   9.411185430963087e-08,
   -2.3238525390625
  ],
  "euler_order": "XYZ",
  "rotation_matrix": [
   [
    -0.6838717460632324,
    0.7296022176742554,
    -5.035757766336246e-08
   ],
   [
    -0.7296022176742554,
    -0.6838717460632324,
    -8.178940191783113e-08
   ],
   [
    -9.411185430963087e-08,
    -1.919246095383187e-08,
    1.0
   ]
  ]
 },
 {
  "rotation_euler": [
   4.400983186769736e-07,
   2.050172014378404e-07,
   -1.880106806755066
  ],
  "euler_order": "XYZ",
  "rotation_matrix": [
   [
    -0.3044019043445587,
    0.9525436758995056,
    -4.816204750568431e-07
   ],
   [
    -0.9525436758995056,
    -0.3044019043445587,
    -6.132107444045687e-08
   ],
   [
    -2.050172014378404e-07,
    4.400983186769736e-07,
    1.0
   ]
  ]
 },
 {
  "rotation_euler": [
   -3.942703187931329e-06,
   2.723878196775331e-06,
   -1.7863718271255493
  ],
  "euler_order": "XYZ",
  "rotation_matrix": [
   [
    -0.21390964090824127,
    0.9768534302711487,
    3.2687794373487122e-06
   ],
   [
    -0.9768534302711487,
    -0.21390964090824127,
    -3.5042121453443542e-06
   ],
   [
    -2.723878196775331e-06,
    -3.942703187931329e-06,
    1.0
   ]
  ]
 },
 {
  "rotation_euler": [
   -3.286590981588233e-07,
   1.930853841258795e-06,
   -0.9335713982582092
  ],
  "euler_order": "XYZ",
  "rotation_matrix": [
   [
    0.594967246055603,
    0.8037499189376831,
    1.4129545888863504e-06
   ],
   [
    -0.8037499189376831,
    0.594967246055603,
    -1.3563821994466707e-06
   ],
   [
    -1.930853841258795e-06,
    -3.286590981588233e-07,
    1.0
   ]
  ]
 },
 {
  "rotation_euler": [
   -1.7849924915935844e-06,
   1.6842268735217658e-07,
   -2.393242120742798
  ],
  "euler_order": "XYZ",
  "rotation_matrix": [
   [
    -0.732812225818634,
    0.6804309487342834,
    1.0911419394687982e-06
   ],
   [
    -0.6804309487342834,
    -0.732812225818634,
    -1.4226643543224782e-06
   ],
   [
    -1.6842268735217658e-07,
    -1.7849924915935844e-06,
    1.0
   ]
  ]
 },
 {
  "rotation_euler": [
   8.373035598197021e-07,
   6.96648839948466e-07,
   0.7522901892662048
  ],
  "euler_order": "XYZ",
  "rotation_matrix": [
   [
    0.7301258444786072,
    -0.6833126544952393,
    1.080781430573552e-06
   ],
   [
    0.6833126544952393,
    0.7301258444786072,
    -1.3530799947147898e-07
   ],
   [
    -6.96648839948466e-07,
    8.373035598197021e-07,
    1.0
   ]
  ]
 },
 {
  "rotation_euler": [
   -5.966954290670401e-07,
   4.035654797007737e-07,
   -1.955126404762268
  ],
  "euler_order": "XYZ",
  "rotation_matrix": [
   [
    -0.37493816018104553,
    0.9270498156547546,
    4.018542938410974e-07
   ],
   [
    -0.9270498156547546,
    -0.37493816018104553,
    -5.978491799396579e-07
   ],
   [
    -4.035654797007737e-07,
    -5.966954290670401e-07,
    1.0
   ]
  ]
 },
 {
  "rotation_euler": [
   -1.889784861930366e-08,
   2.896316573242075e-07,
   -2.9970574378967285
  ],
  "euler_order": "XYZ",
  "rotation_matrix": [
   [
    -0.9895729422569275,
    0.14403250813484192,
    -2.838897614765301e-07
   ],
   [
    -0.14403250813484192,
    -0.9895729422569275,
    -6.041717171001437e-08
   ],
   [
    -2.896316573242075e-07,
    -1.889784861930366e-08,
    1.0
   ]
  ]
 },
 {
  "rotation_euler": [
   3.5863550351677986e-07,
   1.290552376076448e-07,
   2.5968503952026367
  ],
  "euler_order": "XYZ",
  "rotation_matrix": [
   [
    -0.8552609086036682,
    -0.5181976556777954,
    7.546818636683383e-08
   ],
   [
    0.5181976556777954,
    -0.8552609086036682,
    3.736030294021475e-07
   ],
   [
    -1.290552376076448e-07,
    3.5863550351677986e-07,
    1.0
   ]
  ]
 },
 {
  "rotation_euler": [
   7.014878633526678e-07,
   3.117658877727081e-07,
   3.027791976928711
  ],
  "euler_order": "XYZ",
  "rotation_matrix": [
   [
    -0.9935317039489746,
    -0.11355520784854889,
    -2.3009168614862574e-07
   ],
   [
    0.11355520784854889,
    -0.9935317039489746,
    7.323530439862225e-07
   ],
   [
    -3.117658877727081e-07,
    7.014878633526678e-07,
    1.0
   ]
  ]
 },
 {
  "rotation_euler": [
   4.2033275349240284e-07,
   3.425890042763058e-07,
   -2.308290958404541
  ],
  "euler_order": "XYZ",
  "rotation_matrix": [
   [
    -0.6724356412887573,
    0.7401555776596069,
    -5.41480687843432e-07
   ],
   [
    -0.7401555776596069,
    -0.6724356412887573,
    2.907757057357685e-08
   ],
   [
    -3.425890042763058e-07,
    4.2033275349240284e-07,
    1.0
   ]
  ]
 },
 {
  "rotation_euler": [
   3.2323464438377414e-06,
   -1.6498672721354524e-06,
   1.79336678981781
  ],
  "euler_order": "XYZ",
  "rotation_matrix": [
   [
    -0.22073741257190704,
    -0.9753332734107971,
    3.5168025078746723e-06
   ],
   [
    0.9753332734107971,
    -0.22073741257190704,
    -8.95670666523074e-07
   ],
   [
    1.6498672721354524e-06,
    3.2323464438377414e-06,
    1.0
   ]
  ]
 },
 {
  "rotation_euler": [
   -2.1629780349030625e-06,
   3.272021160682925e-07,
   1.0678367614746094
  ],
  "euler_order": "XYZ",
  "rotation_matrix": [
   [
    0.48202070593833923,
    -0.8761598467826843,
    -1.737396246426215e-06
   ],
   [
    0.8761598467826843,
    0.48202070593833923,
    1.3292815310705919e-06
   ],
   [
    -3.272021160682925e-07,
    -2.1629780349030625e-06,
    1.0
   ]
  ]
 },
 {
  "rotation_euler": [
   7.64701951538882e-07,
   -4.34402090832009e-06,
   1.4605368375778198
  ],
  "euler_order": "XYZ",
  "rotation_matrix": [
   [
    0.1100362166762352,
    -0.9939275979995728,
    2.8205872126818576e-07
   ],
   [
    0.9939275979995728,
    0.1100362166762352,
    -4.4017870095558465e-06
   ],
   [
    4.34402090832009e-06,
    7.64701951538882e-07,
    1.0
   ]
  ]
 }
]