[
 {
  "rotation_euler": [
   -1.4799731969833374,
   -2.0850420696660876e-06,
   -0.22397355735301971
  ],
  "euler_order": "XYZ",
  "rotation_matrix": [
   [
    0.9750226140022278,
    0.02014663629233837,
    0.22119006514549255
   ],
   [
    -0.22210568189620972,
    0.0884324461221695,
    0.9710040092468262
   ],
   [
    2.0850420696660876e-06,
    -0.9958783984184265,
    0.09069831669330597
   ]
  ]
 },
 {
  "rotation_euler": [
   -1.0473252534866333,
   0.04956008493900299,
   -1.1665130853652954
  ],
  "euler_order": "XYZ",
  "rotation_matrix": [
   [
    0.39287689328193665,
    0.4427131414413452,
    0.8060104250907898
   ],
   [
    -0.9182556867599487,
    0.23608344793319702,
    0.31791675090789795
   ],
   [
    -0.049539800733327866,
    -0.8650258183479309,
    0.4992756247520447
   ]
  ]
 },
 {
  "rotation_euler": [
   -1.4801764488220215,
   -0.009793177247047424,
   -2.235555648803711
  ],
  "euler_order": "XYZ",
  "rotation_matrix": [
   [
    -0.616840124130249,
    0.06520994752645493,
    0.7843825221061707
   ],
   [
    -0.7870275378227234,
    -0.0635003000497818,
    -0.613641083240509
   ],
   [
    0.009793020784854889,
    -0.995849072933197,
    0.09049156308174133
   ]
  ]
 },
 {
  "rotation_euler": [
   -1.4830808639526367,
   -0.1459376960992813,
   -1.2026278972625732
  ],
  "euler_order": "XYZ",
  "rotation_matrix": [
   [
    0.35608139634132385,
    0.13386915624141693,
    0.9248162508010864
   ],
   [
    -0.9230704307556152,
    -0.10362476855516434,
    0.3704091012477875
   ],
   [
    0.14542022347450256,
    -0.9855663180351257,
    0.08667180687189102
   ]
  ]
 },
 {
  "rotation_euler": [
   -1.4887622594833374,
   0.29407668113708496,
   -0.5176964402198792
  ],
  "euler_order": "XYZ",
  "rotation_matrix": [
   [
    0.8316571116447449,
    -0.21047544479370117,
    0.5138545632362366
   ],
   [
    -0.47363466024398804,
    0.21416613459587097,
    0.8542851209640503
   ],
   [
    -0.28985628485679626,
    -0.9538516402244568,
    0.07842432707548141
   ]
  ]
 },
 {
  "rotation_euler": [
   -1.4882892370224,
   -0.2837057113647461,
   -1.5751423835754395
  ],
  "euler_order": "XYZ",
  "rotation_matrix": [
   [
    -0.004172308836132288,
    0.08120034635066986,
    0.9966890811920166
   ],
   [
    -0.9600156545639038,
    -0.2793184518814087,
    0.0187373124063015
   ],
   [
    0.27991512417793274,
    -0.956758975982666,
    0.079119011759758
   ]
  ]
 },
 {
  "rotation_euler": [
   1.1453710794448853,
   -2.055056571960449,
   -0.6058246493339539
  ],
  "euler_order": "XYZ",
  "rotation_matrix": [
   [
    -0.38270047307014465,
    -0.4276542365550995,
    -0.8189335465431213
   ],
   [
    0.2651050090789795,
    0.798303484916687,
    -0.5407687425613403
   ],
   [
    0.8850196003913879,
    -0.42405587434768677,
    -0.19213785231113434
   ]
  ]
 },
 {
  "rotation_euler": [
   -0.02813444659113884,
   -0.009315329603850842,
   2.3559775352478027
  ],
  "euler_order": "XYZ",
  "rotation_matrix": [
   [
    -0.706922709941864,
    -0.707165539264679,
    -0.013312946073710918
   ],
   [
    0.707229495048523,
    -0.7064882516860962,
    -0.026472777128219604
   ],
   [
    0.009315194562077522,
    -0.028129514306783676,
    0.9995608925819397
   ]
  ]
 },
 {
  "rotation_euler": [
   -1.5440958738327026,
   -0.5416650772094727,
   -1.6413694620132446
  ],
  "euler_order": "XYZ",
  "rotation_matrix": [
   [
    -0.060420505702495575,
    -0.009710949845612049,
    0.9981257915496826
   ],
   [
    -0.8547185063362122,
    -0.5159792900085449,
    -0.0567595548927784
   ],
   [
    0.515563428401947,
    -0.8565459847450256,
    0.022875603288412094
   ]
  ]
 },
 {
  "rotation_euler": [
   -1.4819103479385376,
   -0.08781074732542038,
   -1.8830090761184692
  ],
  "euler_order": "XYZ",
  "rotation_matrix": [
   [
    -0.30598169565200806,
    0.057646144181489944,
    0.9502905607223511
   ],
   [
    -0.9479895830154419,
    -0.11039555817842484,
    -0.2985440492630005
   ],
   [
    0.08769794553518295,
    -0.992214560508728,
    0.08842696249485016
   ]
  ]
 },
 {
  "rotation_euler": [
   -1.0786855220794678,
   -0.11088952422142029,
   2.269770860671997
  ],
  "euler_order": "XYZ",
  "rotation_matrix": [
   [
    -0.6394811272621155,
    -0.4244447648525238,
    -0.6410230398178101
   ],
   [
    0.7608007192611694,
    -0.22935375571250916,
    -0.6071071624755859
   ],
   [
    0.11066240817308426,
    -0.8759243488311768,
    0.46958526968955994
   ]
  ]
 },
 {
  "rotation_euler": [
   -1.4799730777740479,
   -1.777469833541545e-06,
   2.2685980796813965
  ],
  "euler_order": "XYZ",
  "rotation_matrix": [
   [
    -0.6425347924232483,
    -0.06949940323829651,
    -0.7630981802940369
   ],
   [
    0.7662565112113953,
    -0.05827554687857628,
    -0.6398866772651672
   ],
   [
    1.777469833541545e-06,
    -0.9958783984184265,
    0.09069843590259552
   ]
  ]
 },
 {
  "rotation_euler": [
   -1.4852936267852783,
   0.2256576269865036,
   -1.9871656894683838
  ],
  "euler_order": "XYZ",
  "rotation_matrix": [
   [
    -0.39418891072273254,
    0.16826479136943817,
    0.9034943580627441
   ],
   [
    -0.8913766145706177,
    0.16934476792812347,
    -0.4204404056072235
   ],
   [
    -0.2237473577260971,
    -0.9710866808891296,
    0.08323346078395844
   ]
  ]
 },
 {
  "rotation_euler": [
   1.5832533836364746,
   -2.446315556881018e-05,
   -2.3456292152404785
  ],
  "euler_order": "XYZ",
  "rotation_matrix": [
   [
    -0.6995967030525208,
    -0.008883696980774403,
    -0.7144827246665955
   ],
   [
    -0.7145379781723022,
    0.008732168935239315,
    0.6995421648025513
   ],
   [
    2.446315556881018e-05,
    0.9999223947525024,
    -0.012456734664738178
   ]
  ]
 },
 {
  "rotation_euler": [
   -1.479689359664917,
   -0.013544976711273193,
   -1.038792371749878
  ],
  "euler_order": "XYZ",
  "rotation_matrix": [
   [
    0.5072148442268372,
    0.08524884283542633,
    0.8575929999351501
   ],
   [
    -0.8617132306098938,
    0.034526947885751724,
    0.5062195062637329
   ],
   [
    0.01354456227272749,
    -0.9957612752914429,
    0.09097263216972351
   ]
  ]
 },
 {
  "rotation_euler": [
   -1.4863520860671997,
   0.056923963129520416,
   1.2497544288635254
  ],
  "euler_order": "XYZ",
  "rotation_matrix": [
   [
    0.3150442838668823,
    -0.09792353957891464,
    -0.9440116882324219
   ],
   [
    0.947370171546936,
    -0.027178842574357986,
    0.31898438930511475
   ],
   [
    -0.05689322575926781,
    -0.9948227405548096,
    0.08420730382204056
   ]
  ]
 }
]