[
 {
  "rotation_euler": [
   4.067085868086906e-08,
   0.0026768457610160112,
   2.6213321685791016
  ],
  "euler_order": "XYZ",
  "rotation_matrix": [
   [
    -0.8676866292953491,
    -0.4971061646938324,
    -0.0023226486518979073
   ],
   [
    0.4971044063568115,
    -0.8676897287368774,
    0.0013307102490216494
   ],
   [
    -0.002676842501387,
    4.067071301960823e-08,
    0.9999964237213135
   ]
  ]
 },
 {
  "rotation_euler": [
   -3.3165272750323993e-09,
   0.0026762434281408787,
   -1.0013307332992554
  ],
  "euler_order": "XYZ",
  "rotation_matrix": [
   [
    0.5391800999641418,
    0.8421892523765564,
    0.0014429835136979818
   ],
   [
    -0.8421862125396729,
    0.5391820669174194,
    -0.00225389888510108
   ],
   [
    -0.0026762401685118675,
    -3.3165155066683383e-09,
    0.9999964237213135
   ]
  ]
 },
 {
  "rotation_euler": [
   5.3241301145590114e-08,
   0.002676679054275155,
   -1.7341610193252563
  ],
  "euler_order": "XYZ",
  "rotation_matrix": [
   [
    -0.16263842582702637,
    0.9866856336593628,
    -0.00043538445606827736
   ],
   [
    -0.986682116985321,
    -0.16263902187347412,
    -0.002641028957441449
   ],
   [
    -0.002676675794646144,
    5.324110929905146e-08,
    0.9999964237213135
   ]
  ]
 },
 {
  "rotation_euler": [
   -2.3542044402802276e-07,
   0.0026783866342157125,
   0.2754582464694977
  ],
  "euler_order": "XYZ",
  "rotation_matrix": [
   [
    0.9622972011566162,
    -0.2719879448413849,
    0.0025773460511118174
   ],
   [
    0.2719869613647461,
    0.9623006582260132,
    0.0007287145126610994
   ],
   [
    -0.0026783833745867014,
    -2.3541960558759456e-07,
    0.9999964237213135
   ]
  ]
 },
 {
  "rotation_euler": [
   4.356809597538813e-07,
   0.002675974741578102,
   -2.3078837394714355
  ],
  "euler_order": "XYZ",
  "rotation_matrix": [
   [
    -0.6721317768096924,
    0.7404293417930603,
    -0.0017989345360547304
   ],
   [
    -0.7404267191886902,
    -0.6721342206001282,
    -0.001981074921786785
   ],
   [
    -0.002675971481949091,
    4.3567939655986265e-07,
    0.9999964237213135
   ]
  ]
 },
 {
  "rotation_euler": [
   5.0976446175354795e-08,
   0.0026772443670779467,
   -0.27487483620643616
  ],
  "euler_order": "XYZ",
  "rotation_matrix": [
   [
    0.9624557495117188,
    0.2714264690876007,
    0.0025767215993255377
   ],
   [
    -0.2714255154132843,
    0.9624592065811157,
    -0.0007267231703735888
   ],
   [
    -0.0026772411074489355,
    5.0976264986957176e-08,
    0.9999964237213135
   ]
  ]
 },
 {
  "rotation_euler": [
   1.8514974442496168e-07,
   0.002676346804946661,
   0.15053611993789673
  ],
  "euler_order": "XYZ",
  "rotation_matrix": [
   [
    0.98868727684021,
    -0.1499682068824768,
    0.002646104199811816
   ],
   [
    0.14996767044067383,
    0.9886907935142517,
    0.00040118340984918177
   ],
   [
    -0.00267634354531765,
    1.8514907651479007e-07,
    0.9999964237213135
   ]
  ]
 },
 {
  "rotation_euler": [
   2.7590724016590684e-07,
   0.002675927011296153,
   2.558016061782837
  ],
  "euler_order": "XYZ",
  "rotation_matrix": [
   [
    -0.8344942331314087,
    -0.5510120987892151,
    -0.002232898958027363
   ],
   [
    0.5510101318359375,
    -0.8344972729682922,
    0.0014746966771781445
   ],
   [
    -0.002675923751667142,
    2.759062454060768e-07,
    0.9999964237213135
   ]
  ]
 },
 {
  "rotation_euler": [
   1.0740094325001337e-07,
   0.0026765360962599516,
   -0.6080201864242554
  ],
  "euler_order": "XYZ",
  "rotation_matrix": [
   [
    0.8207776546478271,
    0.5712435841560364,
    0.0021967848297208548
   ],
   [
    -0.571241557598114,
    0.8207805752754211,
    -0.001529040397144854
   ],
   [
    -0.0026765328366309404,
    1.0740055955693606e-07,
    0.9999964237213135
   ]
  ]
 },
 {
  "rotation_euler": [
   1.6335438601799979e-07,
   0.002678179182112217,
   -2.3486101627349854
  ],
  "euler_order": "XYZ",
  "rotation_matrix": [
   [
    -0.7017210721969604,
    0.712449312210083,
    -0.0018794556381180882
   ],
   [
    -0.7124467492103577,
    -0.701723575592041,
    -0.001907950034365058
   ],
   [
    -0.002678175922483206,
    1.6335380337295646e-07,
    0.9999964237213135
   ]
  ]
 },
 {
  "rotation_euler": [
   4.6817319798719836e-08,
   0.002676169853657484,
   -0.3565593957901001
  ],
  "euler_order": "XYZ",
  "rotation_matrix": [
   [
    0.9370999336242676,
    0.3490521013736725,
    0.0025078284088522196
   ],
   [
    -0.3490508496761322,
    0.9371033310890198,
    -0.0009341654949821532
   ],
   [
    -0.002676166594028473,
    4.681715282117693e-08,
    0.9999964237213135
   ]
  ]
 },
 {
  "rotation_euler": [
   2.426216560991179e-08,
   0.0026766438968479633,
   -2.7375476360321045
  ],
  "euler_order": "XYZ",
  "rotation_matrix": [
   [
    -0.9194749593734741,
    0.39314085245132446,
    -0.0024611225817352533
   ],
   [
    -0.39313945174217224,
    -0.9194782376289368,
    -0.0010522744851186872
   ],
   [
    -0.002676640637218952,
    2.426207856842666e-08,
    0.9999964237213135
   ]
  ]
 },
 {
  "rotation_euler": [
   7.963928538856635e-08,
   0.002677327021956444,
   -2.165897846221924
  ],
  "euler_order": "XYZ",
  "rotation_matrix": [
   [
    -0.5605908036231995,
    0.8280916213989258,
    -0.001500954502262175
   ],
   [
    -0.828088641166687,
    -0.5605928301811218,
    -0.0022170247975736856
   ],
   [
    -0.0026773237623274326,
    7.963900117147205e-08,
    0.9999964237213135
   ]
  ]
 },
 {
  "rotation_euler": [
   -1.4656941971225024e-07,
   0.0026769209653139114,
   -2.034435272216797
  ],
  "euler_order": "XYZ",
  "rotation_matrix": [
   [
    -0.44720423221588135,
    0.8944310545921326,
    -0.0011970021296292543
   ],
   [
    -0.8944278359413147,
    -0.4472058415412903,
    -0.002394384006038308
   ],
   [
    -0.0026769177056849003,
    -1.4656889391062577e-07,
    0.9999964237213135
   ]
  ]
 },
 {
  "rotation_euler": [
   -1.571919909792996e-07,
   0.002675035735592246,
   1.4140797853469849
  ],
  "euler_order": "XYZ",
  "rotation_matrix": [
   [
    0.15607526898384094,
    -0.9877450466156006,
    0.00041735268314369023
   ],
   [
    0.9877415299415588,
    0.1560758352279663,
    0.002642274834215641
   ],
   [
    -0.002675032475963235,
    -1.5719142254511098e-07,
    0.9999964237213135
   ]
  ]
 },
 {
  "rotation_euler": [
   -5.142706260841123e-09,
   0.0026768269017338753,
   -0.3643184006214142
  ],
  "euler_order": "XYZ",
  "rotation_matrix": [
   [
    0.9343634843826294,
    0.35631251335144043,
    0.002501137088984251
   ],
   [
    -0.35631123185157776,
    0.9343668222427368,
    -0.0009537809528410435
   ],
   [
    -0.002676823642104864,
    -5.1426880531835195e-09,
    0.9999964237213135
   ]
  ]
 }
]