[
 {
  "rotation_euler": [
   -0.5918338298797607,
   1.208699107170105,
   -1.736259937286377
  ],
  "euler_order": "XYZ",
  "rotation_matrix": [
   [
    -0.05834611877799034,
    0.904514491558075,
    0.4224326014518738
   ],
   [
    -0.34939810633659363,
    0.3778873682022095,
    -0.8573926091194153
   ],
   [
    -0.935155987739563,
    -0.19762268662452698,
    0.2939873933792114
   ]
  ]
 },
 {
  "rotation_euler": [
   0.7443053126335144,
   1.1602792739868164,
   -0.6138903498649597
  ],
  "euler_order": "XYZ",
  "rotation_matrix": [
   [
    0.32621607184410095,
    0.9314756393432617,
    0.16104717552661896
   ],
   [
    -0.229892760515213,
    0.24342702329158783,
    -0.9422805309295654
   ],
   [
    -0.9169145822525024,
    0.2703634798526764,
    0.2935493290424347
   ]
  ]
 },
 {
  "rotation_euler": [
   0.030423879623413086,
   1.2715541124343872,
   -2.152479648590088
  ],
  "euler_order": "XYZ",
  "rotation_matrix": [
   [
    -0.16197021305561066,
    0.8191817998886108,
    -0.5501880049705505
   ],
   [
    -0.2463136911392212,
    -0.5734638571739197,
    -0.7813250422477722
   ],
   [
    -0.9555601477622986,
    0.008967460133135319,
    0.2946597635746002
   ]
  ]
 },
 {
  "rotation_euler": [
   -0.9658487439155579,
   1.0322595834732056,
   2.35497784614563
  ],
  "euler_order": "XYZ",
  "rotation_matrix": [
   [
    -0.3622197210788727,
    0.09605389833450317,
    -0.9271302819252014
   ],
   [
    0.36310216784477234,
    -0.9015582799911499,
    -0.2352646142244339
   ],
   [
    -0.8584600687026978,
    -0.4218604862689972,
    0.2916848063468933
   ]
  ]
 },
 {
  "rotation_euler": [
   1.297419548034668,
   0.037921834737062454,
   1.9801316261291504
  ],
  "euler_order": "XYZ",
  "rotation_matrix": [
   [
    -0.39771348237991333,
    -0.2622086703777313,
    0.879244327545166
   ],
   [
    0.9167260527610779,
    -0.07396465539932251,
    0.39261001348495483
   ],
   [
    -0.03791274502873421,
    0.9621724486351013,
    0.2697902321815491
   ]
  ]
 },
 {
  "rotation_euler": [
   1.5194298028945923,
   -0.8152231574058533,
   -1.6842758655548096
  ],
  "euler_order": "XYZ",
  "rotation_matrix": [
   [
    -0.07764669507741928,
    0.1333271563053131,
    -0.9880257248878479
   ],
   [
    -0.6812955737113953,
    0.7164291143417358,
    0.15021856129169464
   ],
   [
    0.7278786301612854,
    0.6848015785217285,
    0.03520684689283371
   ]
  ]
 },
 {
  "rotation_euler": [
   0.8283699154853821,
   1.1226129531860352,
   2.6034703254699707
  ],
  "euler_order": "XYZ",
  "rotation_matrix": [
   [
    -0.3720877468585968,
    -0.9167146682739258,
    -0.14555023610591888
   ],
   [
    0.22209179401397705,
    -0.24018344283103943,
    0.9449799656867981
   ],
   [
    -0.9012357592582703,
    0.3192899525165558,
    0.2929641306400299
   ]
  ]
 },
 {
  "rotation_euler": [
   -1.300700068473816,
   -0.18467015027999878,
   0.18228711187839508
  ],
  "euler_order": "XYZ",
  "rotation_matrix": [
   [
    0.9667102694511414,
    0.1256633996963501,
    -0.22289013862609863
   ],
   [
    0.1781969517469406,
    0.294483482837677,
    0.9388958215713501
   ],
   [
    0.1836223006248474,
    -0.9473585486412048,
    0.26228734850883484
   ]
  ]
 },
 {
  "rotation_euler": [
   -0.26676860451698303,
   1.2605239152908325,
   -0.7414701581001282
  ],
  "euler_order": "XYZ",
  "rotation_matrix": [
   [
    0.22516487538814545,
    0.4663560390472412,
    0.8554605841636658
   ],
   [
    -0.20620352029800415,
    0.8809279203414917,
    -0.42596498131752014
   ],
   [
    -0.9522504210472107,
    -0.08048664033412933,
    0.29451826214790344
   ]
  ]
 },
 {
  "rotation_euler": [
   1.2553436756134033,
   0.4377557039260864,
   -2.0252819061279297
  ],
  "euler_order": "XYZ",
  "rotation_matrix": [
   [
    -0.3976047933101654,
    0.10183979570865631,
    -0.9118876457214355
   ],
   [
    -0.8137644529342651,
    -0.49828019738197327,
    0.29917269945144653
   ],
   [
    -0.4239078760147095,
    0.8610142469406128,
    0.28099218010902405
   ]
  ]
 },
 {
  "rotation_euler": [
   -0.7581467628479004,
   1.1547930240631104,
   -0.7333504557609558
  ],
  "euler_order": "XYZ",
  "rotation_matrix": [
   [
    0.30022624135017395,
    0.018773866817355156,
    0.9536832571029663
   ],
   [
    -0.270494669675827,
    0.9604395031929016,
    0.06624677032232285
   ],
   [
    -0.9147113561630249,
    -0.27785524725914,
    0.29342737793922424
   ]
  ]
 },
 {
  "rotation_euler": [
   0.08823169767856598,
   1.2704325914382935,
   2.580341339111328
  ],
  "euler_order": "XYZ",
  "rotation_matrix": [
   [
    -0.2504785358905792,
    -0.6014348864555359,
    -0.7586413025856018
   ],
   [
    0.15747438371181488,
    -0.7984963059425354,
    0.581038236618042
   ],
   [
    -0.9552289247512817,
    0.02607104927301407,
    0.2947167754173279
   ]
  ]
 },
 {
  "rotation_euler": [
   0.9487971663475037,
   1.0463573932647705,
   -1.1713874340057373
  ],
  "euler_order": "XYZ",
  "rotation_matrix": [
   [
    0.19471979141235352,
    0.8103694319725037,
    -0.552617073059082
   ],
   [
    -0.46131569147109985,
    -0.42153775691986084,
    -0.7807008028030396
   ],
   [
    -0.8656049966812134,
    0.4069488048553467,
    0.2917543649673462
   ]
  ]
 },
 {
  "rotation_euler": [
   0.3902089595794678,
   1.2468525171279907,
   -1.1972463130950928
  ],
  "euler_order": "XYZ",
  "rotation_matrix": [
   [
    0.11615777760744095,
    0.9926413893699646,
    -0.03421197086572647
   ],
   [
    -0.2963564991950989,
    0.0017620536964386702,
    -0.955075740814209
   ],
   [
    -0.94798743724823,
    0.12107841670513153,
    0.29438039660453796
   ]
  ]
 },
 {
  "rotation_euler": [
   0.7436215281486511,
   1.1605567932128906,
   -0.937227725982666
  ],
  "euler_order": "XYZ",
  "rotation_matrix": [
   [
    0.23611654341220856,
    0.9606960415840149,
    -0.14598654210567474
   ],
   [
    -0.3214242458343506,
    -0.06456208974123001,
    -0.9447318315505981
   ],
   [
    -0.9170253276824951,
    0.2699904143810272,
    0.2935468256473541
   ]
  ]
 },
 {
  "rotation_euler": [
   -0.16713599860668182,
   1.26747465133667,
   2.7497403621673584
  ],
  "euler_order": "XYZ",
  "rotation_matrix": [
   [
    -0.2760520279407501,
    -0.22984851896762848,
    -0.9332550168037415
   ],
   [
    0.11407072097063065,
    -0.9719570875167847,
    0.2056387960910797
   ],
   [
    -0.9543495774269104,
    -0.049690067768096924,
    0.2945297062397003
   ]
  ]
 }
]