[
 {
  "rotation_euler": [
   -5.550663900066866e-06,
   6.664608349638002e-07,
   -1.1875691413879395
  ],
  "euler_order": "XYZ",
  "rotation_matrix": [
   [
    0.37391549348831177,
    0.9274627566337585,
    5.397233962867176e-06
   ],
   [
    -0.9274627566337585,
    0.37391549348831177,
    1.4573616908819531e-06
   ],
   [
    -6.664608349638002e-07,
    -5.550663900066866e-06,
    1.0
   ]
  ]
 },
 {
  "rotation_euler": [
   -2.3785939902154496e-06,
   -3.498906608001562e-06,
   -1.2742620706558228
  ],
  "euler_order": "XYZ",
  "rotation_matrix": [
   [
    0.2922074794769287,
    0.9563549757003784,
    1.2523734085334581e-06
   ],
   [
    -0.9563549757003784,
    0.2922074794769287,
    4.041239662910812e-06
   ],
   [
    3.498906608001562e-06,
    -2.3785939902154496e-06,
    1.0
   ]
  ]
 },
 {
  "rotation_euler": [
   -8.943142347561661e-06,
   -1.0572746759862639e-05,
   -1.6963517665863037
  ],
  "euler_order": "XYZ",
  "rotation_matrix": [
   [
    -0.12522582709789276,
    0.9921282529830933,
    1.019672527036164e-05
   ],
   [
    -0.9921282529830933,
    -0.12522582709789276,
    9.369608960696496e-06
   ],
   [
    1.0572746759862639e-05,
    -8.943142347561661e-06,
    1.0
   ]
  ]
 },
 {
  "rotation_euler": [
   -4.173700745013775e-06,
   -7.261577138706343e-06,
   1.0502620935440063
  ],
  "euler_order": "XYZ",
  "rotation_matrix": [
   [
    0.49734368920326233,
    -0.8675535917282104,
    -7.232408734125784e-06
   ],
   [
    0.8675535917282104,
    0.49734368920326233,
    -4.224043550493661e-06
   ],
   [
    7.261577138706343e-06,
    -4.173700745013775e-06,
    1.0
   ]
  ]
 },
 {
  "rotation_euler": [
   -3.441147555349744e-06,
   -7.950652616273146e-06,
   -1.1040894985198975
  ],
  "euler_order": "XYZ",
  "rotation_matrix": [
   [
    0.4499477446079254,
    0.8930549025535583,
    -5.042446105107956e-07
   ],
   [
    -0.8930549025535583,
    0.4499477446079254,
    8.6487061707885e-06
   ],
   [
    7.950652616273146e-06,
    -3.441147555349744e-06,
    1.0
   ]
  ]
 },
 {
  "rotation_euler": [
   -5.9160656746826135e-06,
   -4.181235453870613e-06,
   2.4747257232666016
  ],
  "euler_order": "XYZ",
  "rotation_matrix": [
   [
    -0.7857633829116821,
    -0.6185271739959717,
    -3.73785582041819e-07
   ],
   [
    0.6185271739959717,
    -0.7857633829116821,
    -7.234835720737465e-06
   ],
   [
    4.181235453870613e-06,
    -5.9160656746826135e-06,
    1.0
   ]
  ]
 },
 {
  "rotation_euler": [
   -3.86685314879287e-06,
   -5.001569661544636e-06,
   -1.3794903755187988
  ],
  "euler_order": "XYZ",
  "rotation_matrix": [
   [
    0.19014118611812592,
    0.9817567467689514,
    2.845304834409035e-06
   ],
   [
    -0.9817567467689514,
    0.19014118611812592,
    5.645572855428327e-06
   ],
   [
    5.001569661544636e-06,
    -3.86685314879287e-06,
    1.0
   ]
  ]
 },
 {
  "rotation_euler": [
   -3.259662889831816e-06,
   -5.084050826553721e-06,
   -1.3428843021392822
  ],
  "euler_order": "XYZ",
  "rotation_matrix": [
   [
    0.22594404220581055,
    0.9741402864456177,
    2.0266579667804763e-06
   ],
   [
    -0.9741402864456177,
    0.22594404220581055,
    5.6890798987296876e-06
   ],
   [
    5.084050826553721e-06,
    -3.259662889831816e-06,
    1.0
   ]
  ]
 },
 {
  "rotation_euler": [
   -3.866865426971344e-06,
   -5.00157693750225e-06,
   1.504270315170288
  ],
  "euler_order": "XYZ",
  "rotation_matrix": [
   [
    0.06647694855928421,
    -0.9977879524230957,
    -4.190801519143861e-06
   ],
   [
    0.9977879524230957,
    0.06647694855928421,
    -4.733455625682836e-06
   ],
   [
    5.00157693750225e-06,
    -3.866865426971344e-06,
    1.0
   ]
  ]
 },
 {
  "rotation_euler": [
   -9.956991107173963e-07,
   -1.6692948747731862e-06,
   1.8334288597106934
  ],
  "euler_order": "XYZ",
  "rotation_matrix": [
   [
    -0.2596237063407898,
    -0.9657098650932312,
    -5.281679023028119e-07
   ],
   [
    0.9657098650932312,
    -0.2596237063407898,
    -1.870561618488864e-06
   ],
   [
    1.6692948747731862e-06,
    -9.956991107173963e-07,
    1.0
   ]
  ]
 },
 {
  "rotation_euler": [
   -3.0251078442233847e-06,
   -5.696172593161464e-06,
   -2.014272451400757
  ],
  "euler_order": "XYZ",
  "rotation_matrix": [
   [
    -0.42908191680908203,
    0.9032655954360962,
    5.176600552658783e-06
   ],
   [
    -0.9032655954360962,
    -0.42908191680908203,
    3.847137577395188e-06
   ],
   [
    5.696172593161464e-06,
    -3.0251078442233847e-06,
    1.0
   ]
  ]
 },
 {
  "rotation_euler": [
   -4.724193331639981e-06,
   -5.135992978466675e-06,
   0.06995774060487747
  ],
  "euler_order": "XYZ",
  "rotation_matrix": [
   [
    0.9975539445877075,
    -0.06990069150924683,
    -5.45365446669166e-06
   ],
   [
    0.06990069150924683,
    0.9975539445877075,
    4.353628355602268e-06
   ],
   [
    5.135992978466675e-06,
    -4.724193331639981e-06,
    1.0
   ]
  ]
 },
 {
  "rotation_euler": [
   -3.687200205604313e-06,
   -7.3581322794780135e-06,
   -0.9422926306724548
  ],
  "euler_order": "XYZ",
  "rotation_matrix": [
   [
    0.5879350304603577,
    0.8089081645011902,
    -1.3434975016934914e-06
   ],
   [
    -0.8089081645011902,
    0.5879350304603577,
    8.119887752400246e-06
   ],
   [
    7.3581322794780135e-06,
    -3.687200205604313e-06,
    1.0
   ]
  ]
 },
 {
  "rotation_euler": [
   -2.1590915366687113e-06,
   -5.3832059165870305e-06,
   1.4673486948013306
  ],
  "euler_order": "XYZ",
  "rotation_matrix": [
   [
    0.10326322168111801,
    -0.9946540594100952,
    -2.703436393858283e-06
   ],
   [
    0.9946540594100952,
    0.10326322168111801,
    -5.131472789798863e-06
   ],
   [
    5.3832059165870305e-06,
    -2.1590915366687113e-06,
    1.0
   ]
  ]
 },
 {
  "rotation_euler": [
   -6.916493020980852e-06,
   -4.855592578678625e-06,
   -3.006936550140381
  ],
  "euler_order": "XYZ",
  "rotation_matrix": [
   [
    -0.9909475445747375,
    0.13424953818321228,
    5.740173492085887e-06
   ],
   [
    -0.13424953818321228,
    -0.9909475445747375,
    -6.202020813361742e-06
   ],
   [
    4.855592578678625e-06,
    -6.916493020980852e-06,
    1.0
   ]
  ]
 },
 {
  "rotation_euler": [
   -9.72542352428718e-07,
   -7.25307518223417e-06,
   -1.4919986724853516
  ],
  "euler_order": "XYZ",
  "rotation_matrix": [
   [
    0.07871613651514053,
    0.9968970417976379,
    3.9859057210378523e-07
   ],
   [
    -0.9968970417976379,
    0.07871613651514053,
    7.307124178623781e-06
   ],
   [
    7.25307518223417e-06,
    -9.72542352428718e-07,
    1.0
   ]
  ]
 }
]