[
 {
  "rotation_euler": [
   0.0017791650025174022,
   -0.0036494084633886814,
   0.1293008029460907
  ],
  "euler_order": "XYZ",
  "rotation_matrix": [
   [
    0.9916456937789917,
    -0.12894704937934875,
    -0.003389523597434163
   ],
   [
    0.12893995642662048,
    0.991649866104126,
    -0.0022348680067807436
   ],
   [
    0.0036494003143161535,
    0.0017791521968320012,
    0.999991774559021
   ]
  ]
 },
 {
  "rotation_euler": [
   0.001779115991666913,
   -0.003649438265711069,
   1.9221010208129883
  ],
  "euler_order": "XYZ",
  "rotation_matrix": [
   [
    -0.3441208302974701,
    -0.938920795917511,
    0.002926306100562215
   ],
   [
    0.9389182925224304,
    -0.34412866830825806,
    -0.002814299426972866
   ],
   [
    0.0036494301166385412,
    0.001779103185981512,
    0.999991774559021
   ]
  ]
 },
 {
  "rotation_euler": [
   0.0017746646190062165,
   -0.0036534417886286974,
   2.9168107509613037
  ],
  "euler_order": "XYZ",
  "rotation_matrix": [
   [
    -0.9748362302780151,
    -0.2228870838880539,
    0.003957079257816076
   ],
   [
    0.22289226949214935,
    -0.9748426675796509,
    0.0009156917221844196
   ],
   [
    0.0036534336395561695,
    0.0017746518133208156,
    0.999991774559021
   ]
  ]
 },
 {
  "rotation_euler": [
   -1.2630560398101807,
   1.1799864768981934,
   0.07273078709840775
  ],
  "euler_order": "XYZ",
  "rotation_matrix": [
   [
    0.3799302279949188,
    -0.9008451700210571,
    0.21007376909255981
   ],
   [
    0.02768145129084587,
    0.23807382583618164,
    0.9708524942398071
   ],
   [
    -0.9246008396148682,
    -0.36304107308387756,
    0.11538814753293991
   ]
  ]
 },
 {
  "rotation_euler": [
   0.0017764274962246418,
   -0.0036477940157055855,
   1.3006750345230103
  ],
  "euler_order": "XYZ",
  "rotation_matrix": [
   [
    0.26684656739234924,
    -0.963738739490509,
    0.0007386066718026996
   ],
   [
    0.963732123374939,
    0.26684167981147766,
    -0.003989542834460735
   ],
   [
    0.0036477858666330576,
    0.0017764146905392408,
    0.999991774559021
   ]
  ]
 },
 {
  "rotation_euler": [
   0.0017752001294866204,
   -0.0036549570504575968,
   -2.907959461212158
  ],
  "euler_order": "XYZ",
  "rotation_matrix": [
   [
    -0.9728251695632935,
    0.23151947557926178,
    0.003144661895930767
   ],
   [
    -0.23151198029518127,
    -0.9728286266326904,
    0.002573138801380992
   ],
   [
    0.003654948901385069,
    0.0017751873238012195,
    0.999991774559021
   ]
  ]
 },
 {
  "rotation_euler": [
   0.0017877769423648715,
   -0.003652348881587386,
   -1.107271432876587
  ],
  "euler_order": "XYZ",
  "rotation_matrix": [
   [
    0.44710084795951843,
    0.8944777250289917,
    -0.003232106566429138
   ],
   [
    -0.8944761157035828,
    0.4471089541912079,
    0.0024676264729350805
   ],
   [
    0.0036523407325148582,
    0.0017877640202641487,
    0.9999917149543762
   ]
  ]
 },
 {
  "rotation_euler": [
   1.392006278038025,
   0.8674066662788391,
   -0.1740207076072693
  ],
  "euler_order": "XYZ",
  "rotation_matrix": [
   [
    0.6370375156402588,
    0.769953727722168,
    -0.03680253401398659
   ],
   [
    -0.11199048906564713,
    0.04520920291543007,
    -0.9926803112030029
   ],
   [
    -0.7626541256904602,
    0.6364961862564087,
    0.11502745002508163
   ]
  ]
 },
 {
  "rotation_euler": [
   0.001785928732715547,
   -0.0036515281535685062,
   2.5413336753845215
  ],
  "euler_order": "XYZ",
  "rotation_matrix": [
   [
    -0.8251838684082031,
    -0.5648499131202698,
    0.004021983128041029
   ],
   [
    0.5648524165153503,
    -0.8251917362213135,
    -0.0005888518644496799
   ],
   [
    0.0036515200044959784,
    0.0017859159270301461,
    0.9999917149543762
   ]
  ]
 },
 {
  "rotation_euler": [
   -0.00332697294652462,
   0.0002470198378432542,
   -2.3370776176452637
  ],
  "euler_order": "XYZ",
  "rotation_matrix": [
   [
    -0.6934607028961182,
    0.7204909920692444,
    0.0022257633972913027
   ],
   [
    -0.7204943895339966,
    -0.6934562921524048,
    -0.0024850962217897177
   ],
   [
    -0.0002470198378432542,
    -0.0033269666600972414,
    0.9999944567680359
   ]
  ]
 },
 {
  "rotation_euler": [
   0.0017878642538562417,
   -0.0036524059250950813,
   -2.1565465927124023
  ],
  "euler_order": "XYZ",
  "rotation_matrix": [
   [
    -0.5528210401535034,
    0.8332998156547546,
    0.0005293104914017022
   ],
   [
    -0.8332920074462891,
    -0.5528184175491333,
    0.004031904507428408
   ],
   [
    0.0036523977760225534,
    0.001787851331755519,
    0.9999917149543762
   ]
  ]
 },
 {
  "rotation_euler": [
   0.0017805865500122309,
   -0.003647122299298644,
   -1.3800721168518066
  ],
  "euler_order": "XYZ",
  "rotation_matrix": [
   [
    0.18956875801086426,
    0.9818643927574158,
    -0.002439680974930525
   ],
   [
    -0.9818606972694397,
    0.18957610428333282,
    0.003243430517613888
   ],
   [
    0.003647114150226116,
    0.00178057374432683,
    0.999991774559021
   ]
  ]
 },
 {
  "rotation_euler": [
   0.0017874332843348384,
   -0.0036545125767588615,
   -1.4831222295761108
  ],
  "euler_order": "XYZ",
  "rotation_matrix": [
   [
    0.08756123483181,
    0.9961569309234619,
    -0.002100561512634158
   ],
   [
    -0.9961524605751038,
    0.08756818622350693,
    0.0034839510917663574
   ],
   [
    0.0036545044276863337,
    0.0017874203622341156,
    0.9999917149543762
   ]
  ]
 },
 {
  "rotation_euler": [
   0.0017827253323048353,
   -0.0036551731172949076,
   3.027780294418335
  ],
  "euler_order": "XYZ",
  "rotation_matrix": [
   [
    -0.9935237169265747,
    -0.11356015503406525,
    0.003833969822153449
   ],
   [
    0.11356605589389801,
    -0.9935294985771179,
    0.0013560859952121973
   ],
   [
    0.0036551649682223797,
    0.0017827125266194344,
    0.9999917149543762
   ]
  ]
 },
 {
  "rotation_euler": [
   0.0017750210827216506,
   -0.003654153784736991,
   1.7917003631591797
  ],
  "euler_order": "XYZ",
  "rotation_matrix": [
   [
    -0.21911032497882843,
    -0.9756968021392822,
    0.0025325517635792494
   ],
   [
    0.9756932258605957,
    -0.21911776065826416,
    -0.0031764155719429255
   ],
   [
    0.003654145635664463,
    0.0017750082770362496,
    0.999991774559021
   ]
  ]
 },
 {
  "rotation_euler": [
   0.001772612682543695,
   -0.0036491111386567354,
   -2.5894346237182617
  ],
  "euler_order": "XYZ",
  "rotation_matrix": [
   [
    -0.8513888716697693,
    0.5245304703712463,
    0.0021770410239696503
   ],
   [
    -0.5245223045349121,
    -0.8513898253440857,
    0.003423237707465887
   ],
   [
    0.0036491029895842075,
    0.0017725999932736158,
    0.999991774559021
   ]
  ]
 }
]