[
 {
  "rotation_euler": [
   3.872120032610837e-06,
   7.139808531064773e-07,
   -3.0410778522491455
  ],
  "euler_order": "XYZ",
  "rotation_matrix": [
   [
    -0.9949526190757751,
    0.10034563392400742,
    -1.09892744148965e-06
   ],
   [
    -0.10034563392400742,
    -0.9949526190757751,
    3.780931137953303e-06
   ],
   [
    -7.139808531064773e-07,
    3.872120032610837e-06,
    1.0
   ]
  ]
 },
 {
  "rotation_euler": [
   -2.877527322198148e-06,
   -1.7859908894024557e-06,
   2.9012227058410645
  ],
  "euler_order": "XYZ",
  "rotation_matrix": [
   [
    -0.9712499976158142,
    -0.23806194961071014,
    1.0496138429516577e-06
   ],
   [
    0.23806194961071014,
    -0.9712499976158142,
    -3.2199748147831997e-06
   ],
   [
    1.7859908894024557e-06,
    -2.877527322198148e-06,
    1.0
   ]
  ]
 },
 {
  "rotation_euler": [
   1.964229568329756e-06,
   -5.167326889932156e-06,
   0.13940152525901794
  ],
  "euler_order": "XYZ",
  "rotation_matrix": [
   [
    0.9902993440628052,
    -0.13895046710968018,
    -4.844269824388903e-06
   ],
   [
    0.13895046710968018,
    0.9902993440628052,
    -2.6631778382579796e-06
   ],
   [
    5.167326889932156e-06,
    1.964229568329756e-06,
    1.0
   ]
  ]
 },
 {
  "rotation_euler": [
   -1.4084472468312015e-06,
   -1.0860427437364706e-06,
   -0.059807807207107544
  ],
  "euler_order": "XYZ",
  "rotation_matrix": [
   [
    0.9982120394706726,
    0.05977215990424156,
    -9.999150734074647e-07
   ],
   [
    -0.05977215990424156,
    0.9982120394706726,
    1.4708441540278727e-06
   ],
   [
    1.0860427437364706e-06,
    -1.4084472468312015e-06,
    1.0
   ]
  ]
 },
 {
  "rotation_euler": [
   1.5595311424476677e-06,
   -4.352450559963472e-06,
   -2.666207790374756
  ],
  "euler_order": "XYZ",
  "rotation_matrix": [
   [
    -0.889116644859314,
    0.45768067240715027,
    3.1560689421894494e-06
   ],
   [
    -0.45768067240715027,
    -0.889116644859314,
    3.3786375297495397e-06
   ],
   [
    4.352450559963472e-06,
    1.5595311424476677e-06,
    1.0
   ]
  ]
 },
 {
  "rotation_euler": [
   -9.970648534363136e-06,
   -2.2805103071732447e-05,
   -3.045320749282837
  ],
  "euler_order": "XYZ",
  "rotation_matrix": [
   [
    -0.9953694343566895,
    0.09612326323986053,
    2.365791442571208e-05
   ],
   [
    -0.09612326323986053,
    -0.9953694343566895,
    -7.73237752582645e-06
   ],
   [
    2.2805103071732447e-05,
    -9.970648534363136e-06,
    1.0
   ]
  ]
 },
 {
  "rotation_euler": [
   -5.512983534572413e-06,
   2.3135780793381855e-06,
   2.3306350708007812
  ],
  "euler_order": "XYZ",
  "rotation_matrix": [
   [
    -0.688804566860199,
    -0.7249470949172974,
    -5.5902246458572336e-06
   ],
   [
    0.7249470949172974,
    -0.688804566860199,
    -2.1201465187914437e-06
   ],
   [
    -2.3135780793381855e-06,
    -5.512983534572413e-06,
    1.0
   ]
  ]
 },
 {
  "rotation_euler": [
   -1.2301507013035007e-06,
   3.912495685653994e-06,
   1.5070726871490479
  ],
  "euler_order": "XYZ",
  "rotation_matrix": [
   [
    0.06368052214384079,
    -0.9979703426361084,
    -9.785040901988395e-07
   ],
   [
    0.9979703426361084,
    0.06368052214384079,
    3.98289148506592e-06
   ],
   [
    -3.912495685653994e-06,
    -1.2301507013035007e-06,
    1.0
   ]
  ]
 },
 {
  "rotation_euler": [
   -4.324518158682622e-06,
   -2.355387550778687e-06,
   -2.9165239334106445
  ],
  "euler_order": "XYZ",
  "rotation_matrix": [
   [
    -0.9747787714004517,
    0.2231733500957489,
    3.2610989819659153e-06
   ],
   [
    -0.2231733500957489,
    -0.9747787714004517,
    -3.689788854899234e-06
   ],
   [
    2.355387550778687e-06,
    -4.324518158682622e-06,
    1.0
   ]
  ]
 },
 {
  "rotation_euler": [
   -0.008338331244885921,
   -0.010711418464779854,
   -2.4367902278900146
  ],
  "euler_order": "XYZ",
  "rotation_matrix": [
   [
    -0.7616958618164062,
    0.6477927565574646,
    0.013561074621975422
   ],
   [
    -0.6478461623191833,
    -0.7617709636688232,
    0.0005878123920410872
   ],
   [
    0.010711213573813438,
    -0.008337756618857384,
    0.9999078512191772
   ]
  ]
 },
 {
  "rotation_euler": [
   -0.09756733477115631,
   -0.027677947655320168,
   -1.6578675508499146
  ],
  "euler_order": "XYZ",
  "rotation_matrix": [
   [
    -0.08692793548107147,
    0.9912393689155579,
    0.09943874180316925
   ],
   [
    -0.9958301186561584,
    -0.08923328667879105,
    0.018967334181070328
   ],
   [
    0.027674414217472076,
    -0.0973753035068512,
    0.9948629140853882
   ]
  ]
 },
 {
  "rotation_euler": [
   -0.03472897410392761,
   -0.004443838726729155,
   -1.0446635484695435
  ],
  "euler_order": "XYZ",
  "rotation_matrix": [
   [
    0.502187967300415,
    0.864311695098877,
    0.02779572829604149
   ],
   [
    -0.8647471070289612,
    0.5017566680908203,
    0.021277643740177155
   ],
   [
    0.004443824291229248,
    -0.034721650183200836,
    0.9993871450424194
   ]
  ]
 },
 {
  "rotation_euler": [
   5.284455710352631e-06,
   2.7333512662153225e-06,
   2.0700268745422363
  ],
  "euler_order": "XYZ",
  "rotation_matrix": [
   [
    -0.4787501394748688,
    -0.8779512047767639,
    3.3309020182059612e-06
   ],
   [
    0.8779512047767639,
    -0.4787501394748688,
    4.929682745569153e-06
   ],
   [
    -2.7333512662153225e-06,
    5.284455710352631e-06,
    1.0
   ]
  ]
 },
 {
  "rotation_euler": [
   1.9160861484124325e-06,
   6.5170793277502526e-06,
   2.764650821685791
  ],
  "euler_order": "XYZ",
  "rotation_matrix": [
   [
    -0.9297946095466614,
    -0.36807873845100403,
    -5.354274890123634e-06
   ],
   [
    0.36807873845100403,
    -0.9297946095466614,
    4.1803650674410164e-06
   ],
   [
    -6.5170793277502526e-06,
    1.9160861484124325e-06,
    1.0
   ]
  ]
 },
 {
  "rotation_euler": [
   5.920083822275046e-06,
   -7.169841182985692e-07,
   2.263782501220703
  ],
  "euler_order": "XYZ",
  "rotation_matrix": [
   [
    -0.6388373970985413,
    -0.769341766834259,
    5.012604106013896e-06
   ],
   [
    0.769341766834259,
    -0.6388373970985413,
    3.230365109629929e-06
   ],
   [
    7.169841182985692e-07,
    5.920083822275046e-06,
    1.0
   ]
  ]
 },
 {
  "rotation_euler": [
   7.55467226554174e-06,
   -2.7981136554444674e-06,
   3.049046039581299
  ],
  "euler_order": "XYZ",
  "rotation_matrix": [
   [
    -0.995720624923706,
    -0.09241456538438797,
    3.484301259959466e-06
   ],
   [
    0.09241456538438797,
    -0.995720624923706,
    7.263756288011791e-06
   ],
   [
    2.7981136554444674e-06,
    7.55467226554174e-06,
    1.0
   ]
  ]
 }
]