[
 {
  "rotation_euler": [
   1.5429714918136597,
   0.007890233770012856,
   1.504866600036621
  ],
  "euler_order": "XYZ",
  "rotation_matrix": [
   [
    0.0658799260854721,
    -0.027241183444857597,
    0.9974556565284729
   ],
   [
    0.997796356678009,
    0.00970288086682558,
    -0.06563743203878403
   ],
   [
    -0.00789015181362629,
    0.9995818138122559,
    0.02782037854194641
   ]
  ]
 },
 {
  "rotation_euler": [
   1.5430529117584229,
   -0.08467449992895126,
   0.5443764328956604
  ],
  "euler_order": "XYZ",
  "rotation_matrix": [
   [
    0.8523855209350586,
    -0.08668651431798935,
    0.5156785249710083
   ],
   [
    0.5160292983055115,
    -0.02005232498049736,
    -0.8563361763954163
   ],
   [
    0.08457335084676743,
    0.996033787727356,
    0.02764047123491764
   ]
  ]
 },
 {
  "rotation_euler": [
   1.5430442094802856,
   -0.07397162914276123,
   -0.9919508099555969
  ],
  "euler_order": "XYZ",
  "rotation_matrix": [
   [
    0.5455618500709534,
    -0.017186131328344345,
    -0.8378943204879761
   ],
   [
    -0.8348056077957153,
    0.0770210549235344,
    -0.5451305508613586
   ],
   [
    0.07390418648719788,
    0.9968813061714172,
    0.027672672644257545
   ]
  ]
 },
 {
  "rotation_euler": [
   1.543048620223999,
   -0.07972351461648941,
   2.6048831939697266
  ],
  "euler_order": "XYZ",
  "rotation_matrix": [
   [
    -0.8566661477088928,
    0.05422927066683769,
    0.5130128860473633
   ],
   [
    0.5096868276596069,
    -0.06454785913228989,
    0.8579352498054504
   ],
   [
    0.07963909208774567,
    0.996440052986145,
    0.02765602432191372
   ]
  ]
 },
 {
  "rotation_euler": [
   1.5427647829055786,
   0.041714634746313095,
   2.1604037284851074
  ],
  "euler_order": "XYZ",
  "rotation_matrix": [
   [
    -0.5555510520935059,
    -0.04647457227110863,
    0.8301826119422913
   ],
   [
    0.8304359912872314,
    0.019063353538513184,
    0.5567877888679504
   ],
   [
    -0.04170253872871399,
    0.9987375736236572,
    0.028003491461277008
   ]
  ]
 },
 {
  "rotation_euler": [
   1.5430105924606323,
   -0.033888012170791626,
   -2.8191027641296387
  ],
  "euler_order": "XYZ",
  "rotation_matrix": [
   [
    -0.9479047060012817,
    0.040927477180957794,
    -0.31591397523880005
   ],
   [
    -0.31674709916114807,
    -0.015616071410477161,
    0.9483814835548401
   ],
   [
    0.033881526440382004,
    0.9990400671958923,
    0.027766209095716476
   ]
  ]
 },
 {
  "rotation_euler": [
   1.5430387258529663,
   -0.06777558475732803,
   -2.0865836143493652
  ],
  "euler_order": "XYZ",
  "rotation_matrix": [
   [
    -0.4920874834060669,
    0.057533178478479385,
    -0.8686425089836121
   ],
   [
    -0.8679074645042419,
    0.045201633125543594,
    0.4946649372577667
   ],
   [
    0.06772370636463165,
    0.997319757938385,
    0.02769031561911106
   ]
  ]
 },
 {
  "rotation_euler": [
   1.542985200881958,
   -0.00542178750038147,
   2.9531967639923096
  ],
  "euler_order": "XYZ",
  "rotation_matrix": [
   [
    -0.9822914600372314,
    0.00011587727931328118,
    0.18735907971858978
   ],
   [
    0.18728065490722656,
    -0.028330525383353233,
    0.9818978309631348
   ],
   [
    0.005421760957688093,
    0.9995986223220825,
    0.02780713140964508
   ]
  ]
 },
 {
  "rotation_euler": [
   1.5422160625457764,
   0.1304725706577301,
   -1.2825486660003662
  ],
  "euler_order": "XYZ",
  "rotation_matrix": [
   [
    0.2818564474582672,
    0.06436694413423538,
    -0.9572950601577759
   ],
   [
    -0.9505946636199951,
    -0.11656070500612259,
    -0.28772100806236267
   ],
   [
    -0.1301027089357376,
    0.9910956025123596,
    0.02833348885178566
   ]
  ]
 },
 {
  "rotation_euler": [
   -1.5800470113754272,
   -0.007968084886670113,
   -1.0473605394363403
  ],
  "euler_order": "XYZ",
  "rotation_matrix": [
   [
    0.49984297156333923,
    -0.0040292623452842236,
    0.8661066889762878
   ],
   [
    -0.8660793900489807,
    -0.011524815112352371,
    0.49977362155914307
   ],
   [
    0.007968000136315823,
    -0.9999254941940308,
    -0.009250259026885033
   ]
  ]
 },
 {
  "rotation_euler": [
   1.5615456104278564,
   -3.13362455368042,
   -0.007986822165548801
  ],
  "euler_order": "XYZ",
  "rotation_matrix": [
   [
    -0.9999363422393799,
    -0.007893538102507591,
    -0.008060102351009846
   ],
   [
    0.007986484095454216,
    0.009313925169408321,
    -0.9999247193336487
   ],
   [
    0.007968015968799591,
    -0.9999254941940308,
    -0.00925029069185257
   ]
  ]
 },
 {
  "rotation_euler": [
   1.5430344343185425,
   -0.06253485381603241,
   2.2047765254974365
  ],
  "euler_order": "XYZ",
  "rotation_matrix": [
   [
    -0.5911983251571655,
    0.014640281908214092,
    0.8063933253288269
   ],
   [
    0.8041013479232788,
    -0.0667734295129776,
    0.5907303094863892
   ],
   [
    0.062494102865457535,
    0.997660756111145,
    0.027704067528247833
   ]
  ]
 },
 {
  "rotation_euler": [
   -1.5800468921661377,
   -0.007968164049088955,
   -2.9276769161224365
  ],
  "euler_order": "XYZ",
  "rotation_matrix": [
   [
    -0.9771761298179626,
    -0.009749887511134148,
    0.2122069001197815
   ],
   [
    -0.2122812718153,
    0.007348134182393551,
    -0.9771809577941895
   ],
   [
    0.007968079298734665,
    -0.9999254941940308,
    -0.009250139817595482
   ]
  ]
 },
 {
  "rotation_euler": [
   1.5429939031600952,
   -0.013681725598871708,
   0.00458167027682066
  ],
  "euler_order": "XYZ",
  "rotation_matrix": [
   [
    0.9998959302902222,
    -0.013803232461214066,
    0.004199563525617123
   ],
   [
    0.004581225570291281,
    0.027735890820622444,
    -0.9996047616004944
   ],
   [
    0.013681299053132534,
    0.9995200037956238,
    0.027796240523457527
   ]
  ]
 },
 {
  "rotation_euler": [
   -1.5800468921661377,
   -0.007968130521476269,
   -0.1580415517091751
  ],
  "euler_order": "XYZ",
  "rotation_matrix": [
   [
    0.9875060319900513,
    0.0064125326462090015,
    0.15745052695274353
   ],
   [
    -0.15737947821617126,
    -0.010389141738414764,
    0.987483561038971
   ],
   [
    0.007968045771121979,
    -0.9999254941940308,
    -0.009250139817595482
   ]
  ]
 },
 {
  "rotation_euler": [
   1.5426081418991089,
   0.06472554802894592,
   0.7517192363739014
  ],
  "euler_order": "XYZ",
  "rotation_matrix": [
   [
    0.7289862036705017,
    0.027984222397208214,
    0.6839561462402344
   ],
   [
    0.681465744972229,
    0.0647415891289711,
    -0.7289807796478271
   ],
   [
    -0.06468036770820618,
    0.9975095987319946,
    0.02812543511390686
   ]
  ]
 }
]