[
 {
  "rotation_euler": [
   -0.00014695255958940834,
   8.342420443341325e-08,
   1.3348791599273682
  ],
  "euler_order": "XYZ",
  "rotation_matrix": [
   [
    0.2337348461151123,
    -0.9723003506660461,
    -0.0001428625255357474
   ],
   [
    0.9723003506660461,
    0.2337348461151123,
    3.442904562689364e-05
   ],
   [
    -8.342420443341325e-08,
    -0.00014695255958940834,
    1.0
   ]
  ]
 },
 {
  "rotation_euler": [
   -0.00018097826978191733,
   -6.635578841951428e-08,
   0.3179652988910675
  ],
  "euler_order": "XYZ",
  "rotation_matrix": [
   [
    0.9498735070228577,
    -0.31263449788093567,
    -5.664307900588028e-05
   ],
   [
    0.31263449788093567,
    0.9498735070228577,
    0.00017188572383020073
   ],
   [
    6.635578841951428e-08,
    -0.00018097826978191733,
    1.0
   ]
  ]
 },
 {
  "rotation_euler": [
   -0.00014639065193478018,
   -2.0676520051665648e-08,
   2.037069797515869
  ],
  "euler_order": "XYZ",
  "rotation_matrix": [
   [
    -0.4495607018470764,
    -0.8932497501373291,
    -0.00013075412425678223
   ],
   [
    0.8932498097419739,
    -0.4495607018470764,
    -6.582995411008596e-05
   ],
   [
    2.0676520051665648e-08,
    -0.00014639065193478018,
    1.0
   ]
  ]
 },
 {
  "rotation_euler": [
   -0.00013816494902130216,
   2.2504370917886263e-06,
   -3.0288143157958984
  ],
  "euler_order": "XYZ",
  "rotation_matrix": [
   [
    -0.9936472773551941,
    0.11253941804170609,
    1.3312862392922398e-05
   ],
   [
    -0.11253941804170609,
    -0.9936472773551941,
    -0.00013754048268310726
   ],
   [
    -2.2504370917886263e-06,
    -0.00013816494902130216,
    1.0
   ]
  ]
 },
 {
  "rotation_euler": [
   -0.0001393543352605775,
   -2.2440688098868122e-06,
   -2.248539447784424
  ],
  "euler_order": "XYZ",
  "rotation_matrix": [
   [
    -0.6270365118980408,
    0.778989851474762,
    0.00010996272612828761
   ],
   [
    -0.778989851474762,
    -0.6270365118980408,
    -8.563214942114428e-05
   ],
   [
    2.2440688098868122e-06,
    -0.0001393543352605775,
    1.0
   ]
  ]
 },
 {
  "rotation_euler": [
   -0.00014493697381112725,
   2.482713625795441e-07,
   -1.7152081727981567
  ],
  "euler_order": "XYZ",
  "rotation_matrix": [
   [
    -0.14391042292118073,
    0.9895907044410706,
    0.00014339254994411021
   ],
   [
    -0.9895907044410706,
    -0.14391042292118073,
    -2.1103627659613267e-05
   ],
   [
    -2.482713625795441e-07,
    -0.00014493697381112725,
    1.0
   ]
  ]
 },
 {
  "rotation_euler": [
   -0.00014492898480966687,
   1.2555808837078075e-07,
   1.639460563659668
  ],
  "euler_order": "XYZ",
  "rotation_matrix": [
   [
    -0.0686102956533432,
    -0.9976435303688049,
    -0.00014459608064498752
   ],
   [
    0.9976435303688049,
    -0.0686102956533432,
    -9.818358194024768e-06
   ],
   [
    -1.2555808837078075e-07,
    -0.00014492898480966687,
    1.0
   ]
  ]
 },
 {
  "rotation_euler": [
   -0.00013402701006270945,
   7.753508270980092e-07,
   -2.107349395751953
  ],
  "euler_order": "XYZ",
  "rotation_matrix": [
   [
    -0.5111764669418335,
    0.8594757914543152,
    0.0001147966249845922
   ],
   [
    -0.8594757914543152,
    -0.5111764669418335,
    -6.91778477630578e-05
   ],
   [
    -7.753508270980092e-07,
    -0.00013402701006270945,
    1.0
   ]
  ]
 },
 {
  "rotation_euler": [
   -0.00014529882173519582,
   2.88106548396172e-07,
   -1.0167208909988403
  ],
  "euler_order": "XYZ",
  "rotation_matrix": [
   [
    0.5261572599411011,
    0.8503872752189636,
    0.00012371185584925115
   ],
   [
    -0.8503872752189636,
    0.5261572599411011,
    7.620503311045468e-05
   ],
   [
    -2.88106548396172e-07,
    -0.00014529882173519582,
    1.0
   ]
  ]
 },
 {
  "rotation_euler": [
   -0.00013776503328699619,
   -3.455287151155062e-05,
   0.8516852259635925
  ],
  "euler_order": "XYZ",
  "rotation_matrix": [
   [
    0.6587161421775818,
    -0.7523915767669678,
    -0.00012641378270927817
   ],
   [
    0.7523915767669678,
    0.6587161421775818,
    6.475076224887744e-05
   ],
   [
    3.455287151155062e-05,
    -0.00013776503328699619,
    1.0
   ]
  ]
 },
 {
  "rotation_euler": [
   -0.00014063392882235348,
   5.803077556265634e-07,
   0.589621901512146
  ],
  "euler_order": "XYZ",
  "rotation_matrix": [
   [
    0.831151008605957,
    -0.5560467839241028,
    -7.77167224441655e-05
   ],
   [
    0.5560467839241028,
    0.8311509490013123,
    0.0001172107076854445
   ],
   [
    -5.803077556265634e-07,
    -0.00014063392882235348,
    1.0
   ]
  ]
 },
 {
  "rotation_euler": [
   -0.00014598050620406866,
   -5.83457691050171e-08,
   -3.114553928375244
  ],
  "euler_order": "XYZ",
  "rotation_matrix": [
   [
    -0.9996345043182373,
    0.027035430073738098,
    4.00497037844616e-06
   ],
   [
    -0.027035430073738098,
    -0.9996344447135925,
    -0.00014592557272408158
   ],
   [
    5.83457691050171e-08,
    -0.00014598050620406866,
    1.0
   ]
  ]
 },
 {
  "rotation_euler": [
   -0.00013881956692785025,
   -4.5049952746012423e-07,
   -1.341797113418579
  ],
  "euler_order": "XYZ",
  "rotation_matrix": [
   [
    0.22700297832489014,
    0.9738940596580505,
    0.0001350932870991528
   ],
   [
    -0.9738940596580505,
    0.22700297832489014,
    3.1951192795531824e-05
   ],
   [
    4.5049952746012423e-07,
    -0.00013881956692785025,
    1.0
   ]
  ]
 },
 {
  "rotation_euler": [
   -0.00013817934086546302,
   6.502577321043645e-08,
   1.6388241052627563
  ],
  "euler_order": "XYZ",
  "rotation_matrix": [
   [
    -0.06797531992197037,
    -0.9976869821548462,
    -0.0001378641463816166
   ],
   [
    0.9976869821548462,
    -0.06797531992197037,
    -9.327909538114909e-06
   ],
   [
    -6.502577321043645e-08,
    -0.00013817934086546302,
    1.0
   ]
  ]
 },
 {
  "rotation_euler": [
   -0.00014522917626891285,
   2.3703906038008427e-07,
   -2.2496371269226074
  ],
  "euler_order": "XYZ",
  "rotation_matrix": [
   [
    -0.6278912425041199,
    0.7783010601997375,
    0.00011288319365121424
   ],
   [
    -0.7783011198043823,
    -0.6278912425041199,
    -9.137261804426089e-05
   ],
   [
    -2.3703906038008427e-07,
    -0.00014522917626891285,
    1.0
   ]
  ]
 },
 {
  "rotation_euler": [
   -0.0001455036544939503,
   1.707295211872406e-07,
   -2.705571413040161
  ],
  "euler_order": "XYZ",
  "rotation_matrix": [
   [
    -0.9064391851425171,
    0.42233631014823914,
    6.129671965027228e-05
   ],
   [
    -0.42233631014823914,
    -0.9064391851425171,
    -0.00013196232612244785
   ],
   [
    -1.707295211872406e-07,
    -0.0001455036544939503,
    1.0
   ]
  ]
 }
]