[
 {
  "rotation_euler": [
   4.163982580962511e-08,
   -3.471883047723168e-08,
   2.633784055709839
  ],
  "euler_order": "XYZ",
  "rotation_matrix": [
   [
    -0.873812198638916,
    -0.48626354336738586,
    5.0585665434255134e-08
   ],
   [
    0.48626354336738586,
    -0.873812198638916,
    1.950288641694442e-08
   ],
   [
    3.471883047723168e-08,
    4.163982580962511e-08,
    1.0
   ]
  ]
 },
 {
  "rotation_euler": [
   -2.18678201235889e-06,
   1.736093508952763e-06,
   0.7712023854255676
  ],
  "euler_order": "XYZ",
  "rotation_matrix": [
   [
    0.7170731425285339,
    -0.6969979405403137,
    -2.7927654855375295e-07
   ],
   [
    0.6969979405403137,
    0.7170731425285339,
    2.778136149572674e-06
   ],
   [
    -1.736093508952763e-06,
    -2.18678201235889e-06,
    1.0
   ]
  ]
 },
 {
  "rotation_euler": [
   1.0207109824023064e-08,
   -2.5543622328427773e-08,
   1.5798559188842773
  ],
  "euler_order": "XYZ",
  "rotation_matrix": [
   [
    -0.009059468284249306,
    -0.9999589323997498,
    1.0438102826526574e-08
   ],
   [
    0.9999589323997498,
    -0.009059468284249306,
    -2.5450102469903868e-08
   ],
   [
    2.5543622328427773e-08,
    1.0207109824023064e-08,
    1.0
   ]
  ]
 },
 {
  "rotation_euler": [
   -7.0422379039314364e-09,
   -5.620230503211587e-09,
   -0.8363034129142761
  ],
  "euler_order": "XYZ",
  "rotation_matrix": [
   [
    0.6702108979225159,
    0.7421706914901733,
    1.4598029451917682e-09
   ],
   [
    -0.7421706914901733,
    0.6702108979225159,
    8.890954639184656e-09
   ],
   [
    5.620230503211587e-09,
    -7.0422379039314364e-09,
    1.0
   ]
  ]
 },
 {
  "rotation_euler": [
   -8.723214364181331e-07,
   -1.6223886234456586e-07,
   0.7060566544532776
  ],
  "euler_order": "XYZ",
  "rotation_matrix": [
   [
    0.760926365852356,
    -0.648838222026825,
    -6.894473472129903e-07
   ],
   [
    0.648838222026825,
    0.760926365852356,
    5.585056328527571e-07
   ],
   [
    1.6223886234456586e-07,
    -8.723214364181331e-07,
    1.0
   ]
  ]
 },
 {
  "rotation_euler": [
   2.078266447824717e-08,
   3.4723817154969083e-09,
   3.122788429260254
  ],
  "euler_order": "XYZ",
  "rotation_matrix": [
   [
    -0.9998232126235962,
    -0.01880311593413353,
    -3.080989019466074e-09
   ],
   [
    0.01880311593413353,
    -0.9998232126235962,
    2.0844280967935447e-08
   ],
   [
    -3.4723817154969083e-09,
    2.078266447824717e-08,
    1.0
   ]
  ]
 },
 {
  "rotation_euler": [
   3.699858197592221e-08,
   -1.2370570345865417e-08,
   -2.2026915550231934
  ],
  "euler_order": "XYZ",
  "rotation_matrix": [
   [
    -0.5906751155853271,
    0.8069095015525818,
    -2.2547519407112304e-08
   ],
   [
    -0.8069095015525818,
    -0.5906751155853271,
    3.183607333312466e-08
   ],
   [
    1.2370570345865417e-08,
    3.699858197592221e-08,
    1.0
   ]
  ]
 },
 {
  "rotation_euler": [
   -9.034348522618529e-07,
   -8.553603265681886e-07,
   -1.4152864217758179
  ],
  "euler_order": "XYZ",
  "rotation_matrix": [
   [
    0.15488387644290924,
    0.9879326820373535,
    7.60051307224785e-07
   ],
   [
    -0.9879326820373535,
    0.15488387644290924,
    9.849659363680985e-07
   ],
   [
    8.553603265681886e-07,
    -9.034348522618529e-07,
    1.0
   ]
  ]
 },
 {
  "rotation_euler": [
   -3.7024623367187814e-08,
   1.9243124427248404e-08,
   -1.9560446739196777
  ],
  "euler_order": "XYZ",
  "rotation_matrix": [
   [
    -0.3757892847061157,
    0.9267051219940186,
    2.70795492696152e-08
   ],
   [
    -0.9267051219940186,
    -0.3757892847061157,
    -3.17461577026279e-08
   ],
   [
    -1.9243124427248404e-08,
    -3.7024623367187814e-08,
    1.0
   ]
  ]
 },
 {
  "rotation_euler": [
   9.452902105522298e-08,
   -3.964212069718087e-08,
   -2.3332595825195312
  ],
  "euler_order": "XYZ",
  "rotation_matrix": [
   [
    -0.6907048225402832,
    0.723136842250824,
    -4.0976413373527976e-08
   ],
   [
    -0.723136842250824,
    -0.6907048225402832,
    9.395832734071519e-08
   ],
   [
    3.964212069718087e-08,
    9.452902105522298e-08,
    1.0
   ]
  ]
 },
 {
  "rotation_euler": [
   -1.0018217153628939e-06,
   8.185360798051988e-07,
   2.491581439971924
  ],
  "euler_order": "XYZ",
  "rotation_matrix": [
   [
    -0.7960770130157471,
    -0.6051953434944153,
    -1.2579155281855492e-06
   ],
   [
    0.6051953434944153,
    -0.7960770130157471,
    -3.0215301194402855e-07
   ],
   [
    -8.185360798051988e-07,
    -1.0018217153628939e-06,
    1.0
   ]
  ]
 },
 {
  "rotation_euler": [
   -4.427736399748028e-09,
   -1.3512529983827903e-09,
   2.7260818481445312
  ],
  "euler_order": "XYZ",
  "rotation_matrix": [
   [
    -0.9149102568626404,
    -0.40365731716156006,
    -5.51013012994872e-10
   ],
   [
    0.40365731716156006,
    -0.9149102568626404,
    -4.596424574287994e-09
   ],
   [
    1.3512529983827903e-09,
    -4.427736399748028e-09,
    1.0
   ]
  ]
 },
 {
  "rotation_euler": [
   1.3340658142624306e-06,
   1.3933698710388853e-06,
   -0.14617545902729034
  ],
  "euler_order": "XYZ",
  "rotation_matrix": [
   [
    0.9893353581428528,
    0.14565545320510864,
    1.1841960940728313e-06
   ],
   [
    -0.14565545320510864,
    0.9893353581428528,
    -1.5227903986669844e-06
   ],
   [
    -1.3933698710388853e-06,
    1.3340658142624306e-06,
    1.0
   ]
  ]
 },
 {
  "rotation_euler": [
   1.998703247352296e-08,
   3.599006426213691e-09,
   2.268280029296875
  ],
  "euler_order": "XYZ",
  "rotation_matrix": [
   [
    -0.6422910690307617,
    -0.7664608359336853,
    1.3007666943565255e-08
   ],
   [
    0.7664608359336853,
    -0.6422910690307617,
    1.5595990277006422e-08
   ],
   [
    -3.599006426213691e-09,
    1.998703247352296e-08,
    1.0
   ]
  ]
 },
 {
  "rotation_euler": [
   -1.2955111650114759e-08,
   6.231964722047678e-09,
   -0.225960373878479
  ],
  "euler_order": "XYZ",
  "rotation_matrix": [
   [
    0.974579393863678,
    0.22404243052005768,
    8.976039467256669e-09
   ],
   [
    -0.22404243052005768,
    0.974579393863678,
    1.1229560392678195e-08
   ],
   [
    -6.231964722047678e-09,
    -1.2955111650114759e-08,
    1.0
   ]
  ]
 },
 {
  "rotation_euler": [
   -1.6501256823175936e-06,
   -5.44474517027993e-07,
   1.8998409509658813
  ],
  "euler_order": "XYZ",
  "rotation_matrix": [
   [
    -0.3231390416622162,
    -0.9463514685630798,
    -1.3856579244020395e-06
   ],
   [
    0.9463514685630798,
    -0.3231390416622162,
    -1.0484843642188935e-06
   ],
   [
    5.44474517027993e-07,
    -1.6501256823175936e-06,
    1.0
   ]
  ]
 }
]