[
 {
  "rotation_euler": [
   0.05104834586381912,
   8.102489346129005e-08,
   -3.1178481578826904
  ],
  "euler_order": "XYZ",
  "rotation_matrix": [
   [
    -0.9997181296348572,
    0.02371133118867874,
    -0.0012115578865632415
   ],
   [
    -0.02374226413667202,
    -0.9984157681465149,
    0.051011793315410614
   ],
   [
    -8.102489346129005e-08,
    0.051026176661252975,
    0.9986973404884338
   ]
  ]
 },
 {
  "rotation_euler": [
   0.05104832723736763,
   1.675524003985629e-07,
   2.5983169078826904
  ],
  "euler_order": "XYZ",
  "rotation_matrix": [
   [
    -0.856019914150238,
    -0.5162694454193115,
    0.026377465575933456
   ],
   [
    0.5169428586959839,
    -0.8549047708511353,
    0.04367949441075325
   ],
   [
    -1.675524003985629e-07,
    0.05102615803480148,
    0.9986973404884338
   ]
  ]
 },
 {
  "rotation_euler": [
   0.05104849860072136,
   -1.6125970887514995e-06,
   2.582357168197632
  ],
  "euler_order": "XYZ",
  "rotation_matrix": [
   [
    -0.8476609587669373,
    -0.5298470854759216,
    0.027072787284851074
   ],
   [
    0.5305383205413818,
    -0.8465567827224731,
    0.04325217381119728
   ],
   [
    1.6125970887514995e-06,
    0.05102632939815521,
    0.9986972808837891
   ]
  ]
 },
 {
  "rotation_euler": [
   0.05104834958910942,
   1.2114688274778018e-07,
   -0.2809572219848633
  ],
  "euler_order": "XYZ",
  "rotation_matrix": [
   [
    0.9607904553413391,
    0.2769142687320709,
    -0.014148191548883915
   ],
   [
    -0.2772754728794098,
    0.9595388770103455,
    -0.04902550205588341
   ],
   [
    -1.2114688274778018e-07,
    0.051026180386543274,
    0.9986973404884338
   ]
  ]
 },
 {
  "rotation_euler": [
   0.20218978822231293,
   2.159449338912964,
   -1.9210745096206665
  ],
  "euler_order": "XYZ",
  "rotation_matrix": [
   [
    0.19053609669208527,
    0.8628304600715637,
    -0.4682088792324066
   ],
   [
    0.521525502204895,
    -0.4930427074432373,
    -0.6963620185852051
   ],
   [
    -0.8316893577575684,
    -0.11150076985359192,
    -0.5439305305480957
   ]
  ]
 },
 {
  "rotation_euler": [
   0.051048289984464645,
   4.18106196775625e-07,
   -2.0283312797546387
  ],
  "euler_order": "XYZ",
  "rotation_matrix": [
   [
    -0.44173794984817505,
    0.8959754109382629,
    -0.04577796906232834
   ],
   [
    -0.8971441388130188,
    -0.4411625266075134,
    0.02253980003297329
   ],
   [
    -4.18106196775625e-07,
    0.0510261207818985,
    0.9986973404884338
   ]
  ]
 },
 {
  "rotation_euler": [
   -2.939401865005493,
   0.9821415543556213,
   0.28667116165161133
  ],
  "euler_order": "XYZ",
  "rotation_matrix": [
   [
    0.5325835347175598,
    0.1168002337217331,
    -0.8382794857025146
   ],
   [
    0.15700088441371918,
    -0.9868764281272888,
    -0.03775748237967491
   ],
   [
    -0.8316883444786072,
    -0.11150160431861877,
    -0.5439318418502808
   ]
  ]
 },
 {
  "rotation_euler": [
   0.20219068229198456,
   2.159451723098755,
   2.21627140045166
  ],
  "euler_order": "XYZ",
  "rotation_matrix": [
   [
    0.3340221047401428,
    -0.8830146789550781,
    -0.32971855998039246
   ],
   [
    -0.44353610277175903,
    -0.4559084177017212,
    0.7716367244720459
   ],
   [
    -0.8316879868507385,
    -0.11150164902210236,
    -0.5439323782920837
   ]
  ]
 },
 {
  "rotation_euler": [
   0.05104817450046539,
   4.5213378143671434e-06,
   -2.9459097385406494
  ],
  "euler_order": "XYZ",
  "rotation_matrix": [
   [
    -0.9809151291847229,
    0.19418294727802277,
    -0.00992574542760849
   ],
   [
    -0.1944364607334137,
    -0.9796373248100281,
    0.05005130171775818
   ],
   [
    -4.5213378143671434e-06,
    0.051026005297899246,
    0.9986973404884338
   ]
  ]
 },
 {
  "rotation_euler": [
   0.05104830861091614,
   -3.274925575169618e-07,
   2.132258176803589
  ],
  "euler_order": "XYZ",
  "rotation_matrix": [
   [
    -0.5324242115020752,
    -0.8453750014305115,
    0.04319266229867935
   ],
   [
    0.8464776873588562,
    -0.5317306518554688,
    0.027167273685336113
   ],
   [
    3.274925575169618e-07,
    0.05102613940834999,
    0.9986973404884338
   ]
  ]
 },
 {
  "rotation_euler": [
   0.20219098031520844,
   -2.159451484680176,
   0.7087945938110352
  ],
  "euler_order": "XYZ",
  "rotation_matrix": [
   [
    -0.42151111364364624,
    -0.7644492983818054,
    -0.4877967834472656
   ],
   [
    -0.36141833662986755,
    0.6349682211875916,
    -0.6827826499938965
   ],
   [
    0.8316881656646729,
    -0.1115017756819725,
    -0.5439321398735046
   ]
  ]
 },
 {
  "rotation_euler": [
   0.051048342138528824,
   -6.540209795957708e-08,
   -0.47047269344329834
  ],
  "euler_order": "XYZ",
  "rotation_matrix": [
   [
    0.8913540840148926,
    0.4527171552181244,
    -0.023130614310503006
   ],
   [
    -0.4533076584339142,
    0.890192985534668,
    -0.04548235982656479
   ],
   [
    6.540209795957708e-08,
    0.05102617293596268,
    0.9986973404884338
   ]
  ]
 },
 {
  "rotation_euler": [
   0.05104817450046539,
   2.564838951002457e-06,
   -2.504234790802002
  ],
  "euler_order": "XYZ",
  "rotation_matrix": [
   [
    -0.8036708235740662,
    0.5942988395690918,
    -0.030366314575076103
   ],
   [
    -0.5950741171836853,
    -0.802623987197876,
    0.04100658744573593
   ],
   [
    -2.564838951002457e-06,
    0.051026005297899246,
    0.9986973404884338
   ]
  ]
 },
 {
  "rotation_euler": [
   0.051048316061496735,
   -4.067825045694917e-07,
   0.48054036498069763
  ],
  "euler_order": "XYZ",
  "rotation_matrix": [
   [
    0.886745274066925,
    -0.46165624260902405,
    0.023586904630064964
   ],
   [
    0.46225839853286743,
    0.885590136051178,
    -0.045247383415699005
   ],
   [
    4.067825045694917e-07,
    0.05102614685893059,
    0.9986973404884338
   ]
  ]
 },
 {
  "rotation_euler": [
   0.05104830861091614,
   2.995772092617699e-07,
   -0.7850433588027954
  ],
  "euler_order": "XYZ",
  "rotation_matrix": [
   [
    0.70735764503479,
    0.7059350609779358,
    -0.036067914217710495
   ],
   [
    -0.706855833530426,
    0.7064361572265625,
    -0.03609393909573555
   ],
   [
    -2.995772092617699e-07,
    0.05102613940834999,
    0.9986973404884338
   ]
  ]
 },
 {
  "rotation_euler": [
   0.20219099521636963,
   -2.1594510078430176,
   -1.7667049169540405
  ],
  "euler_order": "XYZ",
  "rotation_matrix": [
   [
    0.10808232426643372,
    0.9934008717536926,
    -0.03837811201810837
   ],
   [
    0.5446215271949768,
    -0.02687077783048153,
    0.8382513523101807
   ],
   [
    0.831688404083252,
    -0.11150170117616653,
    -0.543931782245636
   ]
  ]
 }
]