[
 {
  "rotation_euler": [
   -1.5480395555496216,
   -0.3401566445827484,
   0.569679856300354
  ],
  "euler_order": "XYZ",
  "rotation_matrix": [
   [
    0.7938249111175537,
    0.2685992121696472,
    -0.5456156730651855
   ],
   [
    0.5084583163261414,
    0.1990647166967392,
    0.8377609252929688
   ],
   [
    0.33363476395606995,
    -0.9424583315849304,
    0.021451011300086975
   ]
  ]
 },
 {
  "rotation_euler": [
   0.04516831785440445,
   -0.06874717772006989,
   2.8335442543029785
  ],
  "euler_order": "XYZ",
  "rotation_matrix": [
   [
    -0.9506761431694031,
    -0.2999345660209656,
    0.07908304780721664
   ],
   [
    0.30248329043388367,
    -0.9528956413269043,
    0.022221028804779053
   ],
   [
    0.06869304180145264,
    0.045046303421258926,
    0.9966203570365906
   ]
  ]
 },
 {
  "rotation_euler": [
   0.04516823589801788,
   -0.06875059008598328,
   -1.4649895429611206
  ],
  "euler_order": "XYZ",
  "rotation_matrix": [
   [
    0.1053599864244461,
    0.9930658936500549,
    -0.052147965878248215
   ],
   [
    -0.992058515548706,
    0.10858625918626785,
    0.06347402930259705
   ],
   [
    0.06869643926620483,
    0.045046210289001465,
    0.9966201186180115
   ]
  ]
 },
 {
  "rotation_euler": [
   0.045171916484832764,
   -0.06874798238277435,
   -2.893613576889038
  ],
  "euler_order": "XYZ",
  "rotation_matrix": [
   [
    -0.9671204686164856,
    0.24820207059383392,
    0.055441129952669144
   ],
   [
    -0.2448655664920807,
    -0.9676601886749268,
    0.06061862036585808
   ],
   [
    0.06869383901357651,
    0.04504988715052605,
    0.9966201186180115
   ]
  ]
 },
 {
  "rotation_euler": [
   0.045169319957494736,
   -0.06874918192625046,
   -1.4325634241104126
  ],
  "euler_order": "XYZ",
  "rotation_matrix": [
   [
    0.13746757805347443,
    0.9890233874320984,
    -0.05417928844690323
   ],
   [
    -0.9881212711334229,
    0.1407248079776764,
    0.061748456209897995
   ],
   [
    0.06869503855705261,
    0.04504729434847832,
    0.9966201782226562
   ]
  ]
 },
 {
  "rotation_euler": [
   0.04517747089266777,
   -0.06874945759773254,
   -1.5621325969696045
  ],
  "euler_order": "XYZ",
  "rotation_matrix": [
   [
    0.008643154986202717,
    0.9989153146743774,
    -0.04575495421886444
   ],
   [
    -0.997600257396698,
    0.011757089756429195,
    0.06823138147592545
   ],
   [
    0.0686953142285347,
    0.04505541920661926,
    0.9966197609901428
   ]
  ]
 },
 {
  "rotation_euler": [
   0.045168373733758926,
   -0.06875021755695343,
   -1.9889556169509888
  ],
  "euler_order": "XYZ",
  "rotation_matrix": [
   [
    -0.40511971712112427,
    0.9141654968261719,
    -0.013394958339631557
   ],
   [
    -0.9116791486740112,
    -0.4028303027153015,
    0.08104874193668365
   ],
   [
    0.06869607418775558,
    0.04504634812474251,
    0.9966201186180115
   ]
  ]
 },
 {
  "rotation_euler": [
   0.045171137899160385,
   -0.06873302906751633,
   0.17374290525913239
  ],
  "euler_order": "XYZ",
  "rotation_matrix": [
   [
    0.9826189875602722,
    -0.1757483333349228,
    -0.059769850224256516
   ],
   [
    0.17246192693710327,
    0.9834038615226746,
    -0.05633636191487312
   ],
   [
    0.06867892295122147,
    0.04504915699362755,
    0.9966211915016174
   ]
  ]
 },
 {
  "rotation_euler": [
   0.04517358914017677,
   -0.06873606145381927,
   2.6928634643554688
  ],
  "euler_order": "XYZ",
  "rotation_matrix": [
   [
    -0.8988715410232544,
    -0.4305838346481323,
    0.08140982687473297
   ],
   [
    0.4327964782714844,
    -0.9014254808425903,
    0.010922255925834179
   ],
   [
    0.06868194788694382,
    0.045051589608192444,
    0.9966208338737488
   ]
  ]
 },
 {
  "rotation_euler": [
   0.045173224061727524,
   -0.0687502846121788,
   0.2671761214733124
  ],
  "euler_order": "XYZ",
  "rotation_matrix": [
   [
    0.9622417092323303,
    -0.2667315900325775,
    -0.05426914989948273
   ],
   [
    0.2633851170539856,
    0.9627173542976379,
    -0.06167355552315712
   ],
   [
    0.06869614124298096,
    0.04505118355154991,
    0.9966198801994324
   ]
  ]
 },
 {
  "rotation_euler": [
   0.04517858847975731,
   -0.06874031573534012,
   -0.43924611806869507
  ],
  "euler_order": "XYZ",
  "rotation_matrix": [
   [
    0.9029350280761719,
    0.4220157265663147,
    -0.08130854368209839
   ],
   [
    -0.4242529571056366,
    0.9054681658744812,
    -0.01169649139046669
   ],
   [
    0.06868619471788406,
    0.04505655914545059,
    0.9966203570365906
   ]
  ]
 },
 {
  "rotation_euler": [
   0.04517076909542084,
   -0.06874822080135345,
   0.2242744415998459
  ],
  "euler_order": "XYZ",
  "rotation_matrix": [
   [
    0.9726526737213135,
    -0.22519640624523163,
    -0.05686285346746445
   ],
   [
    0.2218736708164215,
    0.973271369934082,
    -0.059286437928676605
   ],
   [
    0.06869407743215561,
    0.04504874348640442,
    0.9966201782226562
   ]
  ]
 },
 {
  "rotation_euler": [
   0.04517236724495888,
   -0.06874780356884003,
   -2.818490505218506
  ],
  "euler_order": "XYZ",
  "rotation_matrix": [
   [
    -0.9460150599479675,
    0.32012730836868286,
    0.05073487386107445
   ],
   [
    -0.3167596757411957,
    -0.9463027715682983,
    0.06460901349782944
   ],
   [
    0.06869366019964218,
    0.04505033791065216,
    0.9966201186180115
   ]
  ]
 },
 {
  "rotation_euler": [
   0.045169077813625336,
   -0.06874988228082657,
   2.2218644618988037
  ],
  "euler_order": "XYZ",
  "rotation_matrix": [
   [
    -0.6046047210693359,
    -0.7927457690238953,
    0.07750658690929413
   ],
   [
    0.7935578227043152,
    -0.6078855991363525,
    -0.027222594246268272
   ],
   [
    0.06869573891162872,
    0.04504705220460892,
    0.9966201186180115
   ]
  ]
 },
 {
  "rotation_euler": [
   1.8038465976715088,
   -1.7679983377456665,
   0.3670995235443115
  ],
  "euler_order": "XYZ",
  "rotation_matrix": [
   [
    -0.1828722208738327,
    -0.8076500296592712,
    0.5605882406234741
   ],
   [
    -0.07031986862421036,
    -0.55799800157547,
    -0.8268575072288513
   ],
   [
    0.9806185960769653,
    -0.1906297653913498,
    0.04524848237633705
   ]
  ]
 },
 {
  "rotation_euler": [
   0.045171916484832764,
   -0.0687478706240654,
   1.5642257928848267
  ],
  "euler_order": "XYZ",
  "rotation_matrix": [
   [
    0.006554965861141682,
    -0.9989787340164185,
    0.04470469057559967
   ],
   [
    0.9976162314414978,
    0.0034618789795786142,
    -0.068918876349926
   ],
   [
    0.06869372725486755,
    0.04504988715052605,
    0.9966201186180115
   ]
  ]
 }
]