[
 {
  "rotation_euler": [
   2.742659330368042,
   1.6259002685546875,
   -0.13469475507736206
  ],
  "euler_order": "XYZ",
  "rotation_matrix": [
   [
    -0.05457720160484314,
    0.2605901062488556,
    -0.9639056921005249
   ],
   [
    0.007396044675260782,
    -0.9652124643325806,
    -0.2613621652126312
   ],
   [
    -0.9984821677207947,
    -0.02139350399374962,
    0.05075125768780708
   ]
  ]
 },
 {
  "rotation_euler": [
   0.7631649374961853,
   1.6664690971374512,
   -0.3698957860469818
  ],
  "euler_order": "XYZ",
  "rotation_matrix": [
   [
    -0.08906592428684235,
    0.9027666449546814,
    0.4208083748817444
   ],
   [
    0.03453471511602402,
    0.42503243684768677,
    -0.9045190811157227
   ],
   [
    -0.9954268336296082,
    -0.06602933257818222,
    -0.0690326914191246
   ]
  ]
 },
 {
  "rotation_euler": [
   -0.0036596059799194336,
   -4.738737516163383e-06,
   0.4165557622909546
  ],
  "euler_order": "XYZ",
  "rotation_matrix": [
   [
    0.9144879579544067,
    -0.40461042523384094,
    -0.0014850548468530178
   ],
   [
    0.4046131372451782,
    0.9144818186759949,
    0.003344740718603134
   ],
   [
    4.738737516163383e-06,
    -0.0036595978308469057,
    0.9999933242797852
   ]
  ]
 },
 {
  "rotation_euler": [
   -0.004183825571089983,
   -0.004961489234119654,
   0.9797898530960083
  ],
  "euler_order": "XYZ",
  "rotation_matrix": [
   [
    0.5571901798248291,
    -0.8303614854812622,
    -0.006238647736608982
   ],
   [
    0.8303700685501099,
    0.5572094321250916,
    -0.0017886614659801126
   ],
   [
    0.004961468745023012,
    -0.004183761775493622,
    0.9999789595603943
   ]
  ]
 },
 {
  "rotation_euler": [
   -0.0036585088819265366,
   -9.300072633777745e-06,
   -0.7852840423583984
  ],
  "euler_order": "XYZ",
  "rotation_matrix": [
   [
    0.7071874737739563,
    0.7070213556289673,
    0.002580078551545739
   ],
   [
    -0.7070260643959045,
    0.7071827054023743,
    0.002593821147456765
   ],
   [
    9.300072633777745e-06,
    -0.0036585007328540087,
    0.9999933242797852
   ]
  ]
 },
 {
  "rotation_euler": [
   -1.8380554914474487,
   1.5091814994812012,
   0.010091304779052734
  ],
  "euler_order": "XYZ",
  "rotation_matrix": [
   [
    0.061572715640068054,
    -0.9599541425704956,
    -0.2733072340488434
   ],
   [
    0.0006213700980879366,
    -0.2737898528575897,
    0.9617893099784851
   ],
   [
    -0.9981024265289307,
    -0.05938980355858803,
    -0.016261497512459755
   ]
  ]
 },
 {
  "rotation_euler": [
   0.30984067916870117,
   -1.790283203125,
   0.9570903182029724
  ],
  "euler_order": "XYZ",
  "rotation_matrix": [
   [
    -0.12539029121398926,
    -0.9499744176864624,
    -0.28605231642723083
   ],
   [
    -0.17799752950668335,
    0.305190771818161,
    -0.935508131980896
   ],
   [
    0.9760093092918396,
    -0.06638702750205994,
    -0.20736105740070343
   ]
  ]
 },
 {
  "rotation_euler": [
   1.3307256698608398,
   1.6311875581741333,
   0.33368614315986633
  ],
  "euler_order": "XYZ",
  "rotation_matrix": [
   [
    -0.05702546238899231,
    0.838194727897644,
    0.5423815250396729
   ],
   [
    -0.019767802208662033,
    0.54221111536026,
    -0.8400096893310547
   ],
   [
    -0.9981769919395447,
    -0.05862363055348396,
    -0.014350572600960732
   ]
  ]
 },
 {
  "rotation_euler": [
   -0.0033675881568342447,
   -0.0002985387691296637,
   2.5876502990722656
  ],
  "euler_order": "XYZ",
  "rotation_matrix": [
   [
    -0.8504572510719299,
    -0.5260419845581055,
    -0.0015176035230979323
   ],
   [
    0.5260440707206726,
    -0.8504519462585449,
    -0.0030210281256586313
   ],
   [
    0.0002985387691296637,
    -0.0033675816375762224,
    0.9999942779541016
   ]
  ]
 },
 {
  "rotation_euler": [
   -0.0036604651249945164,
   5.098863766761497e-06,
   -2.473755121231079
  ],
  "euler_order": "XYZ",
  "rotation_matrix": [
   [
    -0.7851626873016357,
    0.6192854046821594,
    0.0022628793958574533
   ],
   [
    -0.6192895770072937,
    -0.7851574420928955,
    -0.002877211896702647
   ],
   [
    -5.098863766761497e-06,
    -0.0036604569759219885,
    0.9999933242797852
   ]
  ]
 },
 {
  "rotation_euler": [
   0.8945227861404419,
   1.6560163497924805,
   1.4146455526351929
  ],
  "euler_order": "XYZ",
  "rotation_matrix": [
   [
    -0.013237124308943748,
    -0.497426837682724,
    0.8674049377441406
   ],
   [
    -0.08408130705356598,
    0.8649622797966003,
    0.4947429299354553
   ],
   [
    -0.9963709712028503,
    -0.06638357043266296,
    -0.05327391251921654
   ]
  ]
 },
 {
  "rotation_euler": [
   -0.004323810338973999,
   0.034835636615753174,
   1.6456539630889893
  ],
  "euler_order": "XYZ",
  "rotation_matrix": [
   [
    -0.07474236935377121,
    -0.9971789121627808,
    -0.00691641541197896
   ],
   [
    0.9965944886207581,
    -0.07493721693754196,
    0.0344073623418808
   ],
   [
    -0.03482859209179878,
    -0.004321173764765263,
    0.9993839859962463
   ]
  ]
 },
 {
  "rotation_euler": [
   -2.5648491382598877,
   -1.4491544961929321,
   0.632449746131897
  ],
  "euler_order": "XYZ",
  "rotation_matrix": [
   [
    0.0978723093867302,
    0.9320809245109558,
    0.3487781286239624
   ],
   [
    0.07172802090644836,
    -0.3561559021472931,
    0.9316694736480713
   ],
   [
    0.99261075258255,
    -0.06616748124361038,
    -0.1017141193151474
   ]
  ]
 },
 {
  "rotation_euler": [
   1.3600645065307617,
   -1.6301250457763672,
   0.41981562972068787
  ],
  "euler_order": "XYZ",
  "rotation_matrix": [
   [
    -0.05414507910609245,
    -0.9766503572463989,
    0.20789982378482819
   ],
   [
    -0.024167733266949654,
    -0.20686247944831848,
    -0.9780715107917786
   ],
   [
    0.99824059009552,
    -0.057982224971055984,
    -0.01240284088999033
   ]
  ]
 },
 {
  "rotation_euler": [
   0.39506199955940247,
   -1.7406073808670044,
   1.3249636888504028
  ],
  "euler_order": "XYZ",
  "rotation_matrix": [
   [
    -0.04112757369875908,
    -0.987538754940033,
    0.1519068479537964
   ],
   [
    -0.1639152616262436,
    -0.1433068960905075,
    -0.9760096669197083
   ],
   [
    0.9856167435646057,
    -0.06504075974225998,
    -0.15597881376743317
   ]
  ]
 },
 {
  "rotation_euler": [
   -0.0036586634814739227,
   6.885672519274522e-06,
   0.7395288348197937
  ],
  "euler_order": "XYZ",
  "rotation_matrix": [
   [
    0.7387861609458923,
    -0.6739354133605957,
    -0.0024606268852949142
   ],
   [
    0.6739398837089539,
    0.738781213760376,
    0.0027076045516878366
   ],
   [
    -6.885672519274522e-06,
    -0.003658655332401395,
    0.9999933242797852
   ]
  ]
 }
]