[
 {
  "rotation_euler": [
   -1.487949252128601,
   -0.07363162189722061,
   0.7854153513908386
  ],
  "euler_order": "XYZ",
  "rotation_matrix": [
   [
    0.7051786780357361,
    -0.006676664110273123,
    -0.7089982032775879
   ],
   [
    0.7052029371261597,
    0.11035459488630295,
    0.7003646492958069
   ],
   [
    0.07356510311365128,
    -0.9938698410987854,
    0.08252811431884766
   ]
  ]
 },
 {
  "rotation_euler": [
   0.00011632666428340599,
   0.0002512169594410807,
   -0.9331549406051636
  ],
  "euler_order": "XYZ",
  "rotation_matrix": [
   [
    0.5953019261360168,
    0.803502082824707,
    5.608122592093423e-05
   ],
   [
    -0.803502082824707,
    0.5953019261360168,
    -0.0002711028209887445
   ],
   [
    -0.0002512169594410807,
    0.00011632665700744838,
    0.9999999403953552
   ]
  ]
 },
 {
  "rotation_euler": [
   -1.484676718711853,
   0.017050471156835556,
   -1.3393313884735107
  ],
  "euler_order": "XYZ",
  "rotation_matrix": [
   [
    0.22937029600143433,
    0.0798225849866867,
    0.9700606465339661
   ],
   [
    -0.9731898903846741,
    0.03626519441604614,
    0.2271260768175125
   ],
   [
    -0.017049644142389297,
    -0.9961491823196411,
    0.08600069582462311
   ]
  ]
 },
 {
  "rotation_euler": [
   -1.486215353012085,
   0.040224190801382065,
   1.7844356298446655
  ],
  "euler_order": "XYZ",
  "rotation_matrix": [
   [
    -0.21184636652469635,
    -0.07406410574913025,
    -0.9744924902915955
   ],
   [
    0.9764752984046936,
    -0.057069942355155945,
    -0.20793993771076202
   ],
   [
    -0.04021334648132324,
    -0.9956191778182983,
    0.08441182971000671
   ]
  ]
 },
 {
  "rotation_euler": [
   -1.4872372150421143,
   0.05768122151494026,
   1.1052438020706177
  ],
  "euler_order": "XYZ",
  "rotation_matrix": [
   [
    0.448170006275177,
    -0.10036876797676086,
    -0.8882960081100464
   ],
   [
    0.8920875787734985,
    -0.013866675086319447,
    0.4516497552394867
   ],
   [
    -0.057649239897727966,
    -0.994853675365448,
    0.08332310616970062
   ]
  ]
 },
 {
  "rotation_euler": [
   -1.4868972301483154,
   0.051892731338739395,
   -3.022606134414673
  ],
  "euler_order": "XYZ",
  "rotation_matrix": [
   [
    -0.9915928244590759,
    0.061269182711839676,
    0.11397244781255722
   ],
   [
    -0.11854615807533264,
    -0.0770726352930069,
    -0.9899528622627258
   ],
   [
    -0.05186944454908371,
    -0.9951411485671997,
    0.08368789404630661
   ]
  ]
 },
 {
  "rotation_euler": [
   -1.4853241443634033,
   0.031207164749503136,
   0.7474424839019775
  ],
  "euler_order": "XYZ",
  "rotation_matrix": [
   [
    0.7330726385116577,
    -0.08083131164312363,
    -0.6753301024436951
   ],
   [
    0.6794342398643494,
    0.04147886857390404,
    0.7325630187988281
   ],
   [
    -0.031202100217342377,
    -0.9958643317222595,
    0.08532658219337463
   ]
  ]
 },
 {
  "rotation_euler": [
   -1.5164625644683838,
   0.15931113064289093,
   2.6560404300689697
  ],
  "euler_order": "XYZ",
  "rotation_matrix": [
   [
    -0.8732178211212158,
    0.11475032567977905,
    -0.473627507686615
   ],
   [
    0.46078693866729736,
    -0.1219567209482193,
    -0.8790915608406067
   ],
   [
    -0.1586381047964096,
    -0.9858797788619995,
    0.05361933261156082
   ]
  ]
 },
 {
  "rotation_euler": [
   -1.4840738773345947,
   0.36553576588630676,
   -0.6027729511260986
  ],
  "euler_order": "XYZ",
  "rotation_matrix": [
   [
    0.7693424224853516,
    -0.2442447394132614,
    0.5903022289276123
   ],
   [
    -0.5294732451438904,
    0.27323657274246216,
    0.8031188249588013
   ],
   [
    -0.3574497103691101,
    -0.9304226636886597,
    0.08089142292737961
   ]
  ]
 },
 {
  "rotation_euler": [
   -1.4869524240493774,
   -0.05120003968477249,
   0.10300280153751373
  ],
  "euler_order": "XYZ",
  "rotation_matrix": [
   [
    0.9933964014053345,
    0.04211680218577385,
    -0.10672276467084885
   ],
   [
    0.10268602520227432,
    0.08854548633098602,
    0.9907649755477905
   ],
   [
    0.051177673041820526,
    -0.9951813220977783,
    0.08363595604896545
   ]
  ]
 },
 {
  "rotation_euler": [
   0.00011751616693800315,
   0.0002530626952648163,
   -1.0405802726745605
  ],
  "euler_order": "XYZ",
  "rotation_matrix": [
   [
    0.5057197213172913,
    0.8626978397369385,
    2.6597857868182473e-05
   ],
   [
    -0.8626977801322937,
    0.5057197213172913,
    -0.0002777468762360513
   ],
   [
    -0.0002530626952648163,
    0.00011751615966204554,
    0.9999999403953552
   ]
  ]
 },
 {
  "rotation_euler": [
   -1.4876372814178467,
   0.06406740099191666,
   -0.610241174697876
  ],
  "euler_order": "XYZ",
  "rotation_matrix": [
   [
    0.8178285360336304,
    -0.0046859984286129475,
    0.575442910194397
   ],
   [
    -0.5718894004821777,
    0.10463402420282364,
    0.8136302828788757
   ],
   [
    -0.06402358412742615,
    -0.9944997429847717,
    0.08289282023906708
   ]
  ]
 },
 {
  "rotation_euler": [
   -1.48397696018219,
   -0.009898827411234379,
   3.0334179401397705
  ],
  "euler_order": "XYZ",
  "rotation_matrix": [
   [
    -0.994106113910675,
    -0.019165324047207832,
    -0.10670392215251923
   ],
   [
    0.10795857757329941,
    -0.08513882756233215,
    -0.9905030727386475
   ],
   [
    0.009898665361106396,
    -0.996184766292572,
    0.08670609444379807
   ]
  ]
 },
 {
  "rotation_euler": [
   4.962231105309911e-05,
   0.00026170388446189463,
   -2.200824737548828
  ],
  "euler_order": "XYZ",
  "rotation_matrix": [
   [
    -0.5891677141189575,
    0.8080107569694519,
    -0.00019428283849265426
   ],
   [
    -0.8080107569694519,
    -0.5891677141189575,
    -0.0001822236954467371
   ],
   [
    -0.00026170388446189463,
    4.962231105309911e-05,
    0.9999999403953552
   ]
  ]
 },
 {
  "rotation_euler": [
   -1.4834606647491455,
   0.004841706715524197,
   -2.901566505432129
  ],
  "euler_order": "XYZ",
  "rotation_matrix": [
   [
    -0.971320390701294,
    0.025420712307095528,
    0.23641175031661987
   ],
   [
    -0.23772524297237396,
    -0.0835774838924408,
    -0.9677301049232483
   ],
   [
    -0.004841687623411417,
    -0.9961770176887512,
    0.08722365647554398
   ]
  ]
 },
 {
  "rotation_euler": [
   -1.4864869117736816,
   -0.0340469591319561,
   -1.0718464851379395
  ],
  "euler_order": "XYZ",
  "rotation_matrix": [
   [
    0.47822636365890503,
    0.09017380326986313,
    0.8735949993133545
   ],
   [
    -0.8775766491889954,
    0.010510390624403954,
    0.47932112216949463
   ],
   [
    0.03404038026928902,
    -0.9958705902099609,
    0.08416076749563217
   ]
  ]
 }
]