[
 {
  "rotation_euler": [
   -1.7475007772445679,
   -0.6979213953018188,
   -0.27545517683029175
  ],
  "euler_order": "XYZ",
  "rotation_matrix": [
   [
    0.7372958064079285,
    0.5609596967697144,
    0.37645605206489563
   ],
   [
    -0.20838934183120728,
    -0.34122249484062195,
    0.9165921211242676
   ],
   [
    0.6426264643669128,
    -0.7542489171028137,
    -0.13468387722969055
   ]
  ]
 },
 {
  "rotation_euler": [
   -0.0374658927321434,
   -0.01623537205159664,
   -2.3637239933013916
  ],
  "euler_order": "XYZ",
  "rotation_matrix": [
   [
    -0.7123169898986816,
    0.7008369565010071,
    0.03784364461898804
   ],
   [
    -0.7016701102256775,
    -0.7123376727104187,
    -0.015299983322620392
   ],
   [
    0.016234658658504486,
    -0.03745219111442566,
    0.9991665482521057
   ]
  ]
 },
 {
  "rotation_euler": [
   -1.7162781953811646,
   -0.5169842839241028,
   -0.28269773721694946
  ],
  "euler_order": "XYZ",
  "rotation_matrix": [
   [
    0.8348075151443481,
    0.429188996553421,
    0.34480902552604675
   ],
   [
    -0.24249272048473358,
    -0.2756311297416687,
    0.9301745891571045
   ],
   [
    0.4942607879638672,
    -0.8601303696632385,
    -0.12602372467517853
   ]
  ]
 },
 {
  "rotation_euler": [
   -1.7147595882415771,
   -0.38833412528038025,
   -1.1166017055511475
  ],
  "euler_order": "XYZ",
  "rotation_matrix": [
   [
    0.406070739030838,
    0.035487499088048935,
    0.9131523370742798
   ],
   [
    -0.83170485496521,
    -0.39968225359916687,
    0.3853844702243805
   ],
   [
    0.378647118806839,
    -0.9159665703773499,
    -0.1327841430902481
   ]
  ]
 },
 {
  "rotation_euler": [
   -1.7298914194107056,
   -0.6032889485359192,
   0.09911221265792847
  ],
  "euler_order": "XYZ",
  "rotation_matrix": [
   [
    0.81943279504776,
    0.5731157660484314,
    -0.008258575573563576
   ],
   [
    0.08148278295993805,
    -0.10221660882234573,
    0.9914193749427795
   ],
   [
    0.5673539042472839,
    -0.8130744695663452,
    -0.13045871257781982
   ]
  ]
 },
 {
  "rotation_euler": [
   -1.6957719326019287,
   0.312882661819458,
   -1.807827115058899
  ],
  "euler_order": "XYZ",
  "rotation_matrix": [
   [
    -0.22341714799404144,
    -0.04945151507854462,
    0.9734677076339722
   ],
   [
    -0.9248471856117249,
    0.3261328935623169,
    -0.1956910938024521
   ],
   [
    -0.30780261754989624,
    -0.9440295696258545,
    -0.11859877407550812
   ]
  ]
 },
 {
  "rotation_euler": [
   -1.7041164636611938,
   -0.1283951848745346,
   -0.01771537773311138
  ],
  "euler_order": "XYZ",
  "rotation_matrix": [
   [
    0.9916130304336548,
    0.1245318353176117,
    0.0345747284591198
   ],
   [
    -0.017568636685609818,
    -0.13515275716781616,
    0.9906690120697021
   ],
   [
    0.12804269790649414,
    -0.982967734336853,
    -0.13183139264583588
   ]
  ]
 },
 {
  "rotation_euler": [
   -1.7161473035812378,
   -0.5070092678070068,
   -2.4674015045166016
  ],
  "euler_order": "XYZ",
  "rotation_matrix": [
   [
    -0.6829361319541931,
    -0.4657476842403412,
    0.5627409219741821
   ],
   [
    -0.5457333922386169,
    -0.1867745816707611,
    -0.8168783783912659
   ],
   [
    0.4855649173259735,
    -0.8649823069572449,
    -0.12661896646022797
   ]
  ]
 },
 {
  "rotation_euler": [
   1.445683479309082,
   2.382068395614624,
   -0.06889032572507858
  ],
  "euler_order": "XYZ",
  "rotation_matrix": [
   [
    -0.7234435677528381,
    0.6901636123657227,
    0.017423579469323158
   ],
   [
    0.04991725832223892,
    0.07746244221925735,
    -0.9957448840141296
   ],
   [
    -0.6885765194892883,
    -0.7194954752922058,
    -0.09049078077077866
   ]
  ]
 },
 {
  "rotation_euler": [
   -1.6935348510742188,
   0.59597247838974,
   2.263120174407959
  ],
  "euler_order": "XYZ",
  "rotation_matrix": [
   [
    -0.5282819271087646,
    0.4498494565486908,
    -0.7201067209243774
   ],
   [
    0.6370596289634705,
    -0.3506782650947571,
    -0.6864253878593445
   ],
   [
    -0.5613138675689697,
    -0.8213770389556885,
    -0.1013239249587059
   ]
  ]
 },
 {
  "rotation_euler": [
   -1.7151179313659668,
   -0.42017900943756104,
   -1.3267269134521484
  ],
  "euler_order": "XYZ",
  "rotation_matrix": [
   [
    0.22063343226909637,
    -0.04200726002454758,
    0.9744517803192139
   ],
   [
    -0.8859565258026123,
    -0.4264737665653229,
    0.18221181631088257
   ],
   [
    0.4079239070415497,
    -0.9035239219665527,
    -0.13131096959114075
   ]
  ]
 },
 {
  "rotation_euler": [
   1.057939887046814,
   -1.8152294158935547,
   1.2222785949707031
  ],
  "euler_order": "XYZ",
  "rotation_matrix": [
   [
    -0.08264636993408203,
    -0.749893069267273,
    0.6563763618469238
   ],
   [
    -0.22745686769485474,
    -0.627051591873169,
    -0.7450299859046936
   ],
   [
    0.9702746868133545,
    -0.2108713537454605,
    -0.11874479800462723
   ]
  ]
 },
 {
  "rotation_euler": [
   -1.7599560022354126,
   -0.757820725440979,
   -1.5848171710968018
  ],
  "euler_order": "XYZ",
  "rotation_matrix": [
   [
    -0.010183504782617092,
    -0.19748002290725708,
    0.9802539944648743
   ],
   [
    -0.726264238357544,
    -0.6723771691322327,
    -0.14300066232681274
   ],
   [
    0.6873401999473572,
    -0.7133796811103821,
    -0.13657552003860474
   ]
  ]
 },
 {
  "rotation_euler": [
   -1.7654170989990234,
   -0.7859401702880859,
   1.223441243171692
  ],
  "euler_order": "XYZ",
  "rotation_matrix": [
   [
    0.24057716131210327,
    0.4181355834007263,
    -0.8759481906890869
   ],
   [
    0.6645153164863586,
    0.5868433117866516,
    0.46263840794563293
   ],
   [
    0.7074899077415466,
    -0.6933812499046326,
    -0.13667641580104828
   ]
  ]
 },
 {
  "rotation_euler": [
   -1.745279312133789,
   -0.6865463256835938,
   -2.2226784229278564
  ],
  "euler_order": "XYZ",
  "rotation_matrix": [
   [
    -0.46923327445983887,
    -0.5167208313941956,
    0.716114342212677
   ],
   [
    -0.6148408651351929,
    -0.3909200429916382,
    -0.6849468946456909
   ],
   [
    0.6338697671890259,
    -0.7616962194442749,
    -0.1342683732509613
   ]
  ]
 },
 {
  "rotation_euler": [
   -2.0375733375549316,
   -1.3029216527938843,
   -1.3562461137771606
  ],
  "euler_order": "XYZ",
  "rotation_matrix": [
   [
    0.056353017687797546,
    -0.2563418447971344,
    0.9649420380592346
   ],
   [
    -0.2586139440536499,
    -0.9372401833534241,
    -0.23387955129146576
   ],
   [
    0.9643356204032898,
    -0.23636764287948608,
    -0.11910989135503769
   ]
  ]
 }
]