[
 {
  "rotation_euler": [
   7.182850822573528e-06,
   -3.3519972930662334e-06,
   -0.7240980267524719
  ],
  "euler_order": "XYZ",
  "rotation_matrix": [
   [
    0.7490972280502319,
    0.6624600291252136,
    -7.269323759828694e-06
   ],
   [
    -0.6624600291252136,
    0.7490972280502319,
    -3.160089590892312e-06
   ],
   [
    3.3519972930662334e-06,
    7.182850822573528e-06,
    1.0
   ]
  ]
 },
 {
  "rotation_euler": [
   -1.4722578525543213,
   -3.141582727432251,
   0.04431398585438728
  ],
  "euler_order": "XYZ",
  "rotation_matrix": [
   [
    -0.9990183115005493,
    -0.004348274320363998,
    -0.044085562229156494
   ],
   [
    -0.04429948329925537,
    0.09828294813632965,
    0.9941720366477966
   ],
   [
    9.926157872541808e-06,
    0.9951490163803101,
    -0.09837908297777176
   ]
  ]
 },
 {
  "rotation_euler": [
   8.550446182198357e-06,
   3.7021495700173546e-06,
   -1.6055494546890259
  ],
  "euler_order": "XYZ",
  "rotation_matrix": [
   [
    -0.03474613279104233,
    0.9993961453437805,
    -8.673918273416348e-06
   ],
   [
    -0.9993961453437805,
    -0.03474613279104233,
    -3.4028191748802783e-06
   ],
   [
    -3.7021495700173546e-06,
    8.550446182198357e-06,
    1.0
   ]
  ]
 },
 {
  "rotation_euler": [
   5.309587777446723e-06,
   1.8954277720695245e-06,
   1.795041561126709
  ],
  "euler_order": "XYZ",
  "rotation_matrix": [
   [
    -0.22237056493759155,
    -0.9749622344970703,
    4.7551602619932964e-06
   ],
   [
    0.9749622344970703,
    -0.22237056493759155,
    3.0286664696177468e-06
   ],
   [
    -1.8954277720695245e-06,
    5.309587777446723e-06,
    1.0
   ]
  ]
 },
 {
  "rotation_euler": [
   -1.4946410655975342,
   2.4418034172413172e-06,
   -2.7445948123931885
  ],
  "euler_order": "XYZ",
  "rotation_matrix": [
   [
    -0.9222259521484375,
    0.02941933088004589,
    0.385530561208725
   ],
   [
    -0.3866514265537262,
    -0.0701635479927063,
    -0.9195530414581299
   ],
   [
    -2.4418034172413172e-06,
    -0.9971016049385071,
    0.07608167082071304
   ]
  ]
 },
 {
  "rotation_euler": [
   -1.5654153685318306e-05,
   -5.3930871217744425e-06,
   -0.2172287404537201
  ],
  "euler_order": "XYZ",
  "rotation_matrix": [
   [
    0.9764984846115112,
    0.2155243307352066,
    -1.8924904452433111e-06
   ],
   [
    -0.2155243307352066,
    0.9764984846115112,
    1.6448599126306362e-05
   ],
   [
    5.3930871217744425e-06,
    -1.5654153685318306e-05,
    1.0
   ]
  ]
 },
 {
  "rotation_euler": [
   -1.5941386664053425e-05,
   -5.300096745486371e-06,
   1.5486639738082886
  ],
  "euler_order": "XYZ",
  "rotation_matrix": [
   [
    0.02213054522871971,
    -0.9997550845146179,
    -1.6054777006502263e-05
   ],
   [
    0.9997550845146179,
    0.02213054709136486,
    -4.946007265971275e-06
   ],
   [
    5.300096745486371e-06,
    -1.5941386664053425e-05,
    1.0
   ]
  ]
 },
 {
  "rotation_euler": [
   1.6679103964634123e-06,
   -2.445257507588394e-07,
   -1.489450454711914
  ],
  "euler_order": "XYZ",
  "rotation_matrix": [
   [
    0.0812561884522438,
    0.9966932535171509,
    -1.6822642692204681e-06
   ],
   [
    -0.9966932535171509,
    0.0812561884522438,
    1.0818911988508262e-07
   ],
   [
    2.445257507588394e-07,
    1.6679103964634123e-06,
    1.0
   ]
  ]
 },
 {
  "rotation_euler": [
   -0.007418396882712841,
   2.3155841688549117e-07,
   -2.640568256378174
  ],
  "euler_order": "XYZ",
  "rotation_matrix": [
   [
    -0.8770909905433655,
    0.4803110659122467,
    0.0035630003549158573
   ],
   [
    -0.48032426834106445,
    -0.8770668506622314,
    -0.006506660487502813
   ],
   [
    -2.3155841688549117e-07,
    -0.007418328896164894,
    0.9999724626541138
   ]
  ]
 },
 {
  "rotation_euler": [
   -8.241272553277668e-06,
   -9.077469940166338e-07,
   1.8415461778640747
  ],
  "euler_order": "XYZ",
  "rotation_matrix": [
   [
    -0.2674540579319,
    -0.9635705947875977,
    -7.698267836531159e-06
   ],
   [
    0.9635705947875977,
    -0.2674540579319,
    -3.078840109083103e-06
   ],
   [
    9.077469940166338e-07,
    -8.241272553277668e-06,
    1.0
   ]
  ]
 },
 {
  "rotation_euler": [
   -5.4239480959950015e-06,
   5.758151019108482e-06,
   1.0555732250213623
  ],
  "euler_order": "XYZ",
  "rotation_matrix": [
   [
    0.4927290081977844,
    -0.8701828122138977,
    -1.8826184486897546e-06
   ],
   [
    0.8701828122138977,
    0.4927290081977844,
    7.683180228923447e-06
   ],
   [
    -5.758151019108482e-06,
    -5.4239480959950015e-06,
    1.0
   ]
  ]
 },
 {
  "rotation_euler": [
   -1.4946410655975342,
   -2.423334137802158e-07,
   2.8675193786621094
  ],
  "euler_order": "XYZ",
  "rotation_matrix": [
   [
    -0.9626764059066772,
    -0.020592110231518745,
    -0.26987043023109436
   ],
   [
    0.27065491676330566,
    -0.07324196398258209,
    -0.9598861932754517
   ],
   [
    2.423334137802158e-07,
    -0.9971016049385071,
    0.07608167082071304
   ]
  ]
 },
 {
  "rotation_euler": [
   -0.011964342556893826,
   -0.00013746957120019943,
   -2.1123733520507812
  ],
  "euler_order": "XYZ",
  "rotation_matrix": [
   [
    -0.5154879689216614,
    0.8568346500396729,
    0.010322821326553822
   ],
   [
    -0.8568968176841736,
    -0.51545250415802,
    -0.006049538962543011
   ],
   [
    0.00013746957120019943,
    -0.011964056640863419,
    0.9999284148216248
   ]
  ]
 },
 {
  "rotation_euler": [
   1.2891720871266443e-05,
   3.8074870190030197e-06,
   -1.848607063293457
  ],
  "euler_order": "XYZ",
  "rotation_matrix": [
   [
    -0.27425098419189453,
    0.9616581797599792,
    -1.3441635928757023e-05
   ],
   [
    -0.9616581797599792,
    -0.27425098419189453,
    -1.2593378073688655e-07
   ],
   [
    -3.8074870190030197e-06,
    1.2891720871266443e-05,
    1.0
   ]
  ]
 },
 {
  "rotation_euler": [
   1.2821949894714635e-05,
   2.901946118072374e-06,
   1.341052770614624
  ],
  "euler_order": "XYZ",
  "rotation_matrix": [
   [
    0.22772783041000366,
    -0.9737248420715332,
    1.3145904631528538e-05
   ],
   [
    0.9737248420715332,
    0.22772783041000366,
    -9.421778912610534e-08
   ],
   [
    -2.901946118072374e-06,
    1.2821949894714635e-05,
    1.0
   ]
  ]
 },
 {
  "rotation_euler": [
   -7.852702765376307e-06,
   1.3713029147766065e-06,
   0.017821235582232475
  ],
  "euler_order": "XYZ",
  "rotation_matrix": [
   [
    0.9998412132263184,
    -0.017820293083786964,
    1.2311477348703193e-06
   ],
   [
    0.017820293083786964,
    0.9998412132263184,
    7.875893061282113e-06
   ],
   [
    -1.3713029147766065e-06,
    -7.852702765376307e-06,
    1.0
   ]
  ]
 }
]