[
 {
  "rotation_euler": [
   1.418704628944397,
   2.5651040077209473,
   -0.1735154092311859
  ],
  "euler_order": "XYZ",
  "rotation_matrix": [
   [
    -0.8257926106452942,
    0.5568575859069824,
    -0.08930972218513489
   ],
   [
    0.14474329352378845,
    0.05621083080768585,
    -0.9878712892532349
   ],
   [
    -0.5450834631919861,
    -0.8287038207054138,
    -0.12701988220214844
   ]
  ]
 },
 {
  "rotation_euler": [
   0.00019843311747536063,
   5.348310878616758e-05,
   -1.0695726871490479
  ],
  "euler_order": "XYZ",
  "rotation_matrix": [
   [
    0.4804990291595459,
    0.8769952654838562,
    -0.00014832631859462708
   ],
   [
    -0.8769952654838562,
    0.4804989993572235,
    -0.000142251345096156
   ],
   [
    -5.348310878616758e-05,
    0.00019843311747536063,
    1.0
   ]
  ]
 },
 {
  "rotation_euler": [
   -8.885065653885249e-06,
   -8.687978265697893e-07,
   -1.7144687175750732
  ],
  "euler_order": "XYZ",
  "rotation_matrix": [
   [
    -0.14317862689495087,
    0.9896968603134155,
    8.917914783523884e-06
   ],
   [
    -0.9896968603134155,
    -0.14317862689495087,
    -4.123050132420758e-07
   ],
   [
    8.687978265697893e-07,
    -8.885065653885249e-06,
    1.0
   ]
  ]
 },
 {
  "rotation_euler": [
   1.1631800589384511e-06,
   3.3031021303031594e-05,
   -0.46053579449653625
  ],
  "euler_order": "XYZ",
  "rotation_matrix": [
   [
    0.8958144783973694,
    0.44442814588546753,
    2.9072718461975455e-05
   ],
   [
    -0.44442814588546753,
    0.8958144783973694,
    -1.5721909221610986e-05
   ],
   [
    -3.3031021303031594e-05,
    1.1631800589384511e-06,
    1.0
   ]
  ]
 },
 {
  "rotation_euler": [
   3.91865978599526e-06,
   3.226453918614425e-05,
   1.6872549057006836
  ],
  "euler_order": "XYZ",
  "rotation_matrix": [
   [
    -0.11619550734758377,
    -0.9932263493537903,
    1.4312159635210264e-07
   ],
   [
    0.9932263493537903,
    -0.11619550734758377,
    3.250132067478262e-05
   ],
   [
    -3.226453918614425e-05,
    3.91865978599526e-06,
    1.0
   ]
  ]
 },
 {
  "rotation_euler": [
   2.3905255147838034e-05,
   -6.7955852500745095e-06,
   0.6814046502113342
  ],
  "euler_order": "XYZ",
  "rotation_matrix": [
   [
    0.7766886949539185,
    -0.6298846006393433,
    9.779498213902116e-06
   ],
   [
    0.6298846006393433,
    0.7766886949539185,
    -2.2847376385470852e-05
   ],
   [
    6.7955852500745095e-06,
    2.3905255147838034e-05,
    1.0
   ]
  ]
 },
 {
  "rotation_euler": [
   -9.633517947804648e-06,
   -7.387188361462904e-06,
   -1.759151816368103
  ],
  "euler_order": "XYZ",
  "rotation_matrix": [
   [
    -0.1872437298297882,
    0.9823135137557983,
    1.0846339137060568e-05
   ],
   [
    -0.9823135137557983,
    -0.1872437298297882,
    5.452719051390886e-06
   ],
   [
    7.387188361462904e-06,
    -9.633517947804648e-06,
    1.0
   ]
  ]
 },
 {
  "rotation_euler": [
   0.04776522144675255,
   0.04764365032315254,
   -1.7658416032791138
  ],
  "euler_order": "XYZ",
  "rotation_matrix": [
   [
    -0.19359102845191956,
    0.9794792532920837,
    -0.05606156587600708
   ],
   [
    -0.9799256920814514,
    -0.19582076370716095,
    -0.03741540014743805
   ],
   [
    -0.04762562736868858,
    0.047692880034446716,
    0.9977260231971741
   ]
  ]
 },
 {
  "rotation_euler": [
   -0.01834878697991371,
   -0.004781690426170826,
   0.6249406337738037
  ],
  "euler_order": "XYZ",
  "rotation_matrix": [
   [
    0.8109886050224304,
    -0.5848795175552368,
    -0.014611613005399704
   ],
   [
    0.585042417049408,
    0.8109126687049866,
    0.01208294928073883
   ],
   [
    0.004781672265380621,
    -0.018347548320889473,
    0.9998202323913574
   ]
  ]
 },
 {
  "rotation_euler": [
   -8.527546015102416e-06,
   4.6732070586585905e-06,
   -2.25834584236145
  ],
  "euler_order": "XYZ",
  "rotation_matrix": [
   [
    -0.6346453428268433,
    0.772803544998169,
    3.6242884107196005e-06
   ],
   [
    -0.772803544998169,
    -0.6346453428268433,
    -9.023437996802386e-06
   ],
   [
    -4.6732070586585905e-06,
    -8.527546015102416e-06,
    1.0
   ]
  ]
 },
 {
  "rotation_euler": [
   3.821410791715607e-05,
   7.185712547652656e-06,
   0.5135191679000854
  ],
  "euler_order": "XYZ",
  "rotation_matrix": [
   [
    0.8710211515426636,
    -0.4912455379962921,
    2.5031418772414327e-05
   ],
   [
    0.4912455379962921,
    0.8710211515426636,
    -2.975534698634874e-05
   ],
   [
    -7.185712547652656e-06,
    3.821410791715607e-05,
    1.0
   ]
  ]
 },
 {
  "rotation_euler": [
   -0.09747254848480225,
   0.03742785006761551,
   2.1659398078918457
  ],
  "euler_order": "XYZ",
  "rotation_matrix": [
   [
    -0.5602349638938904,
    -0.8220959305763245,
    -0.10146476328372955
   ],
   [
    0.827488124370575,
    -0.5609819293022156,
    -0.023720815777778625
   ],
   [
    -0.03741911053657532,
    -0.09725011885166168,
    0.9945563077926636
   ]
  ]
 },
 {
  "rotation_euler": [
   1.6982091665267944,
   -0.0037651201710104942,
   0.28107547760009766
  ],
  "euler_order": "XYZ",
  "rotation_matrix": [
   [
    0.9607508778572083,
    0.03165934607386589,
    0.2756001949310303
   ],
   [
    0.2773871123790741,
    -0.1231178566813469,
    -0.9528369903564453
   ],
   [
    0.0037651113234460354,
    0.9918869137763977,
    -0.1270674765110016
   ]
  ]
 },
 {
  "rotation_euler": [
   -1.2369489013508428e-05,
   3.267693318775855e-05,
   -0.7544459104537964
  ],
  "euler_order": "XYZ",
  "rotation_matrix": [
   [
    0.7286511659622192,
    0.6848850250244141,
    3.228176137781702e-05
   ],
   [
    -0.6848850250244141,
    0.7286511659622192,
    -1.3366900020628236e-05
   ],
   [
    -3.267693318775855e-05,
    -1.2369489013508428e-05,
    1.0
   ]
  ]
 },
 {
  "rotation_euler": [
   -1.4136625528335571,
   2.5172367095947266,
   -0.6531285047531128
  ],
  "euler_order": "XYZ",
  "rotation_matrix": [
   [
    -0.6443551778793335,
    -0.3634480834007263,
    0.6728386878967285
   ],
   [
    0.4930301010608673,
    0.47513505816459656,
    0.7288127541542053
   ],
   [
    -0.584574818611145,
    0.8013439774513245,
    -0.12696489691734314
   ]
  ]
 },
 {
  "rotation_euler": [
   1.4331921339035034,
   2.755742073059082,
   0.10692132264375687
  ],
  "euler_order": "XYZ",
  "rotation_matrix": [
   [
    -0.9211878776550293,
    0.35602250695228577,
    0.1570378541946411
   ],
   [
    -0.09887168556451797,
    0.17617030441761017,
    -0.9793816208839417
   ],
   [
    -0.37634730339050293,
    -0.9177210927009583,
    -0.12708540260791779
   ]
  ]
 }
]