[
 {
  "rotation_euler": [
   -0.12750700116157532,
   -0.009955160319805145,
   -1.577560305595398
  ],
  "euler_order": "XYZ",
  "rotation_matrix": [
   [
    -0.006763591896742582,
    0.991850733757019,
    0.12722565233707428
   ],
   [
    -0.9999275803565979,
    -0.007974883541464806,
    0.009013841859996319
   ],
   [
    0.009954995475709438,
    -0.12715548276901245,
    0.9918328523635864
   ]
  ]
 },
 {
  "rotation_euler": [
   -0.1645909994840622,
   -0.11760051548480988,
   -0.2877465486526489
  ],
  "euler_order": "XYZ",
  "rotation_matrix": [
   [
    0.952262818813324,
    0.2983907461166382,
    -0.06448623538017273
   ],
   [
    -0.2818320095539093,
    0.9404711723327637,
    0.1899595856666565
   ],
   [
    0.11732963472604752,
    -0.16271717846393585,
    0.979671835899353
   ]
  ]
 },
 {
  "rotation_euler": [
   -0.12156278640031815,
   0.026490533724427223,
   -1.6811747550964355
  ],
  "euler_order": "XYZ",
  "rotation_matrix": [
   [
    -0.11011578887701035,
    0.9869335293769836,
    0.11762948334217072
   ],
   [
    -0.9935657382011414,
    -0.1061491146683693,
    -0.03948969021439552
   ],
   [
    -0.026487436145544052,
    -0.12122106552124023,
    0.9922720789909363
   ]
  ]
 },
 {
  "rotation_euler": [
   -0.12727850675582886,
   0.021680118516087532,
   2.0028767585754395
  ],
  "euler_order": "XYZ",
  "rotation_matrix": [
   [
    -0.41866251826286316,
    -0.8995985984802246,
    -0.12427400052547455
   ],
   [
    0.9078831076622009,
    -0.41787245869636536,
    -0.03362862020730972
   ],
   [
    -0.021678419783711433,
    -0.12690530717372894,
    0.9916779398918152
   ]
  ]
 },
 {
  "rotation_euler": [
   -0.09304109960794449,
   0.03343185409903526,
   0.7073184251785278
  ],
  "euler_order": "XYZ",
  "rotation_matrix": [
   [
    0.7596823573112488,
    -0.6493477821350098,
    -0.035073548555374146
   ],
   [
    0.6494347453117371,
    0.7548015713691711,
    0.09224516898393631
   ],
   [
    -0.033425625413656235,
    -0.09285500645637512,
    0.9951184391975403
   ]
  ]
 },
 {
  "rotation_euler": [
   -0.11831531673669815,
   0.04227554798126221,
   -0.7015194296836853
  ],
  "euler_order": "XYZ",
  "rotation_matrix": [
   [
    0.7631799578666687,
    0.6370564699172974,
    0.10823759436607361
   ],
   [
    -0.644802451133728,
    0.7617418169975281,
    0.06308098137378693
   ],
   [
    -0.042262956500053406,
    -0.11793400347232819,
    0.992121696472168
   ]
  ]
 },
 {
  "rotation_euler": [
   -0.0796930268406868,
   0.07497942447662354,
   -1.1813663244247437
  ],
  "euler_order": "XYZ",
  "rotation_matrix": [
   [
    0.37859445810317993,
    0.9199253916740417,
    0.10199788957834244
   ],
   [
    -0.9225263595581055,
    0.383973091840744,
    -0.038856133818626404
   ],
   [
    -0.07490918785333633,
    -0.07938502728939056,
    0.994025468826294
   ]
  ]
 },
 {
  "rotation_euler": [
   -0.13131973147392273,
   0.10009067505598068,
   -1.1266671419143677
  ],
  "euler_order": "XYZ",
  "rotation_matrix": [
   [
    0.4275212585926056,
    0.889588475227356,
    0.16080394387245178
   ],
   [
    -0.8984658122062683,
    0.43778711557388306,
    -0.03319033980369568
   ],
   [
    -0.09992364048957825,
    -0.1302872747182846,
    0.9864281415939331
   ]
  ]
 },
 {
  "rotation_euler": [
   0.17139896750450134,
   0.018112029880285263,
   -2.640990734100342
  ],
  "euler_order": "XYZ",
  "rotation_matrix": [
   [
    -0.8771499395370483,
    0.470210999250412,
    -0.09751725941896439
   ],
   [
    -0.47987496852874756,
    -0.8659215569496155,
    0.1410670131444931
   ],
   [
    -0.018111038953065872,
    0.17053301632404327,
    0.9851855039596558
   ]
  ]
 },
 {
  "rotation_euler": [
   -0.09529761970043182,
   0.12953604757785797,
   -1.5117543935775757
  ],
  "euler_order": "XYZ",
  "rotation_matrix": [
   [
    0.05851326510310173,
    0.9930027723312378,
    0.10257530957460403
   ],
   [
    -0.9898940324783325,
    0.07100983709096909,
    -0.12274913489818573
   ],
   [
    -0.1291740983724594,
    -0.0943562388420105,
    0.9871225357055664
   ]
  ]
 },
 {
  "rotation_euler": [
   -0.062182437628507614,
   0.14556723833084106,
   -0.4941858947277069
  ],
  "euler_order": "XYZ",
  "rotation_matrix": [
   [
    0.8710443377494812,
    0.46546289324760437,
    0.15692701935768127
   ],
   [
    -0.46929866075515747,
    0.8829291462898254,
    -0.013960828073322773
   ],
   [
    -0.1450536847114563,
    -0.06148514151573181,
    0.9875115156173706
   ]
  ]
 },
 {
  "rotation_euler": [
   0.1775030791759491,
   -0.06491795182228088,
   -0.1798912137746811
  ],
  "euler_order": "XYZ",
  "rotation_matrix": [
   [
    0.9817907214164734,
    0.1648414134979248,
    -0.09441547095775604
   ],
   [
    -0.17854565382003784,
    0.9704538583755493,
    -0.16229836642742157
   ],
   [
    0.0648723617196083,
    0.1762004941701889,
    0.9822143316268921
   ]
  ]
 },
 {
  "rotation_euler": [
   0.03880242630839348,
   0.044505856931209564,
   0.986470103263855
  ],
  "euler_order": "XYZ",
  "rotation_matrix": [
   [
    0.5510912537574768,
    -0.8325040340423584,
    0.056880883872509
   ],
   [
    0.8332580327987671,
    0.5526618361473083,
    0.015681931748986244
   ],
   [
    -0.04449116438627243,
    0.03875427693128586,
    0.9982578158378601
   ]
  ]
 },
 {
  "rotation_euler": [
   0.03296101465821266,
   0.004501038696616888,
   -1.8123953342437744
  ],
  "euler_order": "XYZ",
  "rotation_matrix": [
   [
    -0.23925307393074036,
    0.9703937768936157,
    -0.03307422995567322
   ],
   [
    -0.9709467887878418,
    -0.23926956951618195,
    0.00351675134152174
   ],
   [
    -0.004501023329794407,
    0.032954711467027664,
    0.99944669008255
   ]
  ]
 },
 {
  "rotation_euler": [
   -0.08701518177986145,
   0.09351985901594162,
   2.8825321197509766
  ],
  "euler_order": "XYZ",
  "rotation_matrix": [
   [
    -0.962407112121582,
    -0.24735860526561737,
    -0.11218874901533127
   ],
   [
    0.2550531327724457,
    -0.9650528430938721,
    -0.06017366796731949
   ],
   [
    -0.09338359534740448,
    -0.08652565628290176,
    0.9918633103370667
   ]
  ]
 },
 {
  "rotation_euler": [
   0.16679956018924713,
   0.06000221148133278,
   1.9409172534942627
  ],
  "euler_order": "XYZ",
  "rotation_matrix": [
   [
    -0.361077219247818,
    -0.9229459762573242,
    0.1333940029144287
   ],
   [
    0.9306058883666992,
    -0.3474259674549103,
    0.11518632620573044
   ],
   [
    -0.05996621400117874,
    0.1657284051179886,
    0.9843465685844421
   ]
  ]
 }
]