[
 {
  "rotation_euler": [
   1.1542168749656412e-06,
   0.0002663863997440785,
   -1.5643484592437744
  ],
  "euler_order": "XYZ",
  "rotation_matrix": [
   [
    0.0064478227868676186,
    0.9999791979789734,
    5.634194053527608e-07
   ],
   [
    -0.9999791979789734,
    0.0064478227868676186,
    -0.0002663882914930582
   ],
   [
    -0.0002663863997440785,
    1.1542168749656412e-06,
    0.9999999403953552
   ]
  ]
 },
 {
  "rotation_euler": [
   1.5351427793502808,
   0.5052554607391357,
   0.6679008603096008
  ],
  "euler_order": "XYZ",
  "rotation_matrix": [
   [
    0.6870229840278625,
    0.35770562291145325,
    0.6324920058250427
   ],
   [
    0.5419533252716064,
    0.3275753855705261,
    -0.7739385962486267
   ],
   [
    -0.48403099179267883,
    0.874494731426239,
    0.031192056834697723
   ]
  ]
 },
 {
  "rotation_euler": [
   -1.5490350723266602,
   0.5507766008377075,
   -0.7122887969017029
  ],
  "euler_order": "XYZ",
  "rotation_matrix": [
   [
    0.6449410915374756,
    -0.3817910850048065,
    0.6620321273803711
   ],
   [
    -0.556917130947113,
    0.35843226313591003,
    0.7492460608482361
   ],
   [
    -0.5233491659164429,
    -0.8519166111946106,
    0.018541701138019562
   ]
  ]
 },
 {
  "rotation_euler": [
   1.5301755666732788,
   2.603602886199951,
   0.4499008357524872
  ],
  "euler_order": "XYZ",
  "rotation_matrix": [
   [
    -0.7732874155044556,
    0.44338011741638184,
    0.45325562357902527
   ],
   [
    -0.3734458386898041,
    0.2592199742794037,
    -0.8906981348991394
   ],
   [
    -0.5124107599258423,
    -0.8580321073532104,
    -0.03487309813499451
   ]
  ]
 },
 {
  "rotation_euler": [
   -1.5565663576126099,
   0.5351538062095642,
   0.4041184186935425
  ],
  "euler_order": "XYZ",
  "rotation_matrix": [
   [
    0.7909013628959656,
    -0.47444236278533936,
    -0.3864963948726654
   ],
   [
    0.33823397755622864,
    -0.18742217123508453,
    0.9222096800804138
   ],
   [
    -0.5099733471870422,
    -0.8601031303405762,
    0.01224006712436676
   ]
  ]
 },
 {
  "rotation_euler": [
   1.492624282836914,
   0.5114554762840271,
   1.3770197629928589
  ],
  "euler_order": "XYZ",
  "rotation_matrix": [
   [
    0.16792404651641846,
    0.01733221299946308,
    0.9856475591659546
   ],
   [
    0.8557120561599731,
    0.4938577115535736,
    -0.15447132289409637
   ],
   [
    -0.4894469976425171,
    0.8693699836730957,
    0.06809920072555542
   ]
  ]
 },
 {
  "rotation_euler": [
   -3.24956681652111e-06,
   0.00026822573272511363,
   0.9548085331916809
  ],
  "euler_order": "XYZ",
  "rotation_matrix": [
   [
    0.5777650475502014,
    -0.8162031173706055,
    0.00015231914585456252
   ],
   [
    0.8162031173706055,
    0.5777650475502014,
    0.00022080416965764016
   ],
   [
    -0.00026822573272511363,
    -3.2495665891474346e-06,
    0.9999999403953552
   ]
  ]
 },
 {
  "rotation_euler": [
   1.5852199792861938,
   0.49613580107688904,
   -2.2529799938201904
  ],
  "euler_order": "XYZ",
  "rotation_matrix": [
   [
    -0.5544704794883728,
    -0.3112964332103729,
    -0.7717881798744202
   ],
   [
    -0.6826105117797852,
    -0.3603619933128357,
    0.6357531547546387
   ],
   [
    -0.4760308265686035,
    0.8793371319770813,
    -0.012684132903814316
   ]
  ]
 },
 {
  "rotation_euler": [
   -1.5797780752182007,
   0.5455237627029419,
   2.118142604827881
  ],
  "euler_order": "XYZ",
  "rotation_matrix": [
   [
    -0.44488656520843506,
    0.2776883542537689,
    -0.8514488339424133
   ],
   [
    0.7299685478210449,
    -0.4383719265460968,
    -0.5243814587593079
   ],
   [
    -0.5188658833503723,
    -0.8548211455345154,
    -0.0076779951341450214
   ]
  ]
 },
 {
  "rotation_euler": [
   -0.024709120392799377,
   0.6212552189826965,
   1.164602518081665
  ],
  "euler_order": "XYZ",
  "rotation_matrix": [
   [
    0.32128775119781494,
    -0.924032986164093,
    0.2072131186723709
   ],
   [
    0.7469837069511414,
    0.381784588098526,
    0.5442939400672913
   ],
   [
    -0.5820562839508057,
    -0.020090138539671898,
    0.8129002451896667
   ]
  ]
 },
 {
  "rotation_euler": [
   7.029363757737883e-08,
   0.0002614902041386813,
   -3.0818207263946533
  ],
  "euler_order": "XYZ",
  "rotation_matrix": [
   [
    -0.9982141852378845,
    0.05973634123802185,
    -0.00026102742413058877
   ],
   [
    -0.05973634123802185,
    -0.9982141852378845,
    -1.555030030431226e-05
   ],
   [
    -0.0002614902041386813,
    7.029363757737883e-08,
    0.9999999403953552
   ]
  ]
 },
 {
  "rotation_euler": [
   -2.1572977857431397e-06,
   0.00026100504328496754,
   1.1432770490646362
  ],
  "euler_order": "XYZ",
  "rotation_matrix": [
   [
    0.41461461782455444,
    -0.9099971055984497,
    0.00010625337017700076
   ],
   [
    0.9099970459938049,
    0.41461461782455444,
    0.00023840827634558082
   ],
   [
    -0.00026100504328496754,
    -2.1572977857431397e-06,
    0.9999999403953552
   ]
  ]
 },
 {
  "rotation_euler": [
   -0.19160661101341248,
   0.6204811334609985,
   -1.0468683242797852
  ],
  "euler_order": "XYZ",
  "rotation_matrix": [
   [
    0.4070313572883606,
    0.7946211695671082,
    0.4504472315311432
   ],
   [
    -0.7044632434844971,
    0.5870018601417542,
    -0.39894899725914
   ],
   [
    -0.5814266800880432,
    -0.15493878722190857,
    0.7987095713615417
   ]
  ]
 },
 {
  "rotation_euler": [
   -1.6006200313568115,
   2.6372599601745605,
   -0.047888658940792084
  ],
  "euler_order": "XYZ",
  "rotation_matrix": [
   [
    -0.874493420124054,
    -0.4838821589946747,
    0.033456213772296906
   ],
   [
    0.041910361498594284,
    -0.006663311272859573,
    0.9990991353988647
   ],
   [
    -0.4832233190536499,
    0.8751078248023987,
    0.02610669657588005
   ]
  ]
 },
 {
  "rotation_euler": [
   1.521865963935852,
   0.5072664618492126,
   0.6098232269287109
  ],
  "euler_order": "XYZ",
  "rotation_matrix": [
   [
    0.7165229320526123,
    0.36973682045936584,
    0.5915146470069885
   ],
   [
    0.5006028413772583,
    0.31798437237739563,
    -0.8051600456237793
   ],
   [
    -0.4857897460460663,
    0.8730295300483704,
    0.04275177791714668
   ]
  ]
 },
 {
  "rotation_euler": [
   -1.4731677770614624,
   0.5628684759140015,
   1.6176947355270386
  ],
  "euler_order": "XYZ",
  "rotation_matrix": [
   [
    -0.03964875638484955,
    -0.07246899604797363,
    -0.9965822696685791
   ],
   [
    0.8447980284690857,
    -0.5350590944290161,
    0.005298110190778971
   ],
   [
    -0.5336143374443054,
    -0.8417006731033325,
    0.08243609219789505
   ]
  ]
 }
]