[
 {
  "rotation_euler": [
   -1.7318633794784546,
   -1.7132818698883057,
   0.871690034866333
  ],
  "euler_order": "XYZ",
  "rotation_matrix": [
   [
    -0.09138432145118713,
    0.7515185475349426,
    -0.6533519625663757
   ],
   [
    -0.10869228839874268,
    0.6446498036384583,
    0.7567117214202881
   ],
   [
    0.9898660778999329,
    0.14016591012477875,
    0.022773385047912598
   ]
  ]
 },
 {
  "rotation_euler": [
   1.2936534881591797,
   -1.49769926071167,
   1.1362112760543823
  ],
  "euler_order": "XYZ",
  "rotation_matrix": [
   [
    0.03074895404279232,
    -0.6520617604255676,
    0.757542073726654
   ],
   [
    0.06624329090118408,
    -0.7549046874046326,
    -0.65248042345047
   ],
   [
    0.997329592704773,
    0.0702451691031456,
    0.01998218335211277
   ]
  ]
 },
 {
  "rotation_euler": [
   1.3875811100006104,
   -1.4501792192459106,
   1.0782220363616943
  ],
  "euler_order": "XYZ",
  "rotation_matrix": [
   [
    0.05690110847353935,
    -0.6221352219581604,
    0.7808393239974976
   ],
   [
    0.10602044314146042,
    -0.7739188075065613,
    -0.6243471503257751
   ],
   [
    0.9927345514297485,
    0.11831097304821014,
    0.021922215819358826
   ]
  ]
 },
 {
  "rotation_euler": [
   1.4246270656585693,
   -1.4082704782485962,
   0.9259969592094421
  ],
  "euler_order": "XYZ",
  "rotation_matrix": [
   [
    0.09725474566221237,
    -0.7031984925270081,
    0.7043105363845825
   ],
   [
    0.1293228715658188,
    -0.6927368640899658,
    -0.7095006704330444
   ],
   [
    0.986821711063385,
    0.1600857675075531,
    0.023567702621221542
   ]
  ]
 },
 {
  "rotation_euler": [
   -0.9874902367591858,
   1.516570806503296,
   -1.1794774532318115
  ],
  "euler_order": "XYZ",
  "rotation_matrix": [
   [
    0.020671909675002098,
    0.1912778913974762,
    0.9813182353973389
   ],
   [
    -0.050101879984140396,
    0.9804929494857788,
    -0.19006159901618958
   ],
   [
    -0.9985301494598389,
    -0.04523695260286331,
    0.029852041974663734
   ]
  ]
 },
 {
  "rotation_euler": [
   -0.010609401389956474,
   -0.005110830068588257,
   -2.666661500930786
  ],
  "euler_order": "XYZ",
  "rotation_matrix": [
   [
    -0.8893125653266907,
    0.4572032690048218,
    0.009396255947649479
   ],
   [
    -0.4572712481021881,
    -0.8892989754676819,
    -0.007098095957189798
   ],
   [
    0.005110807716846466,
    -0.010609064251184464,
    0.9999306797981262
   ]
  ]
 },
 {
  "rotation_euler": [
   -0.011118855327367783,
   -0.006345604080706835,
   0.9373598694801331
  ],
  "euler_order": "XYZ",
  "rotation_matrix": [
   [
    0.5919061303138733,
    -0.8059065937995911,
    -0.012717412784695625
   ],
   [
    0.8059819340705872,
    0.591938316822052,
    0.0014671204844489694
   ],
   [
    0.00634556170552969,
    -0.01111840270459652,
    0.9999180436134338
   ]
  ]
 },
 {
  "rotation_euler": [
   1.3306059837341309,
   -0.18351349234580994,
   -1.4145125150680542
  ],
  "euler_order": "XYZ",
  "rotation_matrix": [
   [
    0.15303483605384827,
    0.2074001282453537,
    -0.9662119746208191
   ],
   [
    -0.9712257981300354,
    0.212113156914711,
    -0.10829827189445496
   ],
   [
    0.1824851930141449,
    0.9549833536148071,
    0.23389305174350739
   ]
  ]
 },
 {
  "rotation_euler": [
   1.2260768413543701,
   1.4712252616882324,
   -1.4703521728515625
  ],
  "euler_order": "XYZ",
  "rotation_matrix": [
   [
    0.009968032129108906,
    0.43013811111450195,
    -0.9027080535888672
   ],
   [
    -0.09890557825565338,
    -0.8979020118713379,
    -0.42894020676612854
   ],
   [
    -0.9950469136238098,
    0.09355854988098145,
    0.033592745661735535
   ]
  ]
 },
 {
  "rotation_euler": [
   1.3754321336746216,
   1.378760814666748,
   -0.5106807351112366
  ],
  "euler_order": "XYZ",
  "rotation_matrix": [
   [
    0.16650627553462982,
    0.9349664449691772,
    -0.31323057413101196
   ],
   [
    -0.09328559786081314,
    -0.3013036251068115,
    -0.9489541053771973
   ],
   [
    -0.9816177487373352,
    0.18722671270370483,
    0.03704996407032013
   ]
  ]
 },
 {
  "rotation_euler": [
   1.103438138961792,
   1.4987119436264038,
   -2.0032711029052734
  ],
  "euler_order": "XYZ",
  "rotation_matrix": [
   [
    -0.030185777693986893,
    0.03584804758429527,
    -0.9989012479782104
   ],
   [
    -0.06539100408554077,
    -0.9972866177558899,
    -0.03381405398249626
   ],
   [
    -0.9974030256271362,
    0.06429845094680786,
    0.03244801238179207
   ]
  ]
 },
 {
  "rotation_euler": [
   1.3014036417007446,
   1.4396040439605713,
   -0.7237516045570374
  ],
  "euler_order": "XYZ",
  "rotation_matrix": [
   [
    0.09802412241697311,
    0.8923355937004089,
    -0.4406001567840576
   ],
   [
    -0.08662660419940948,
    -0.43340107798576355,
    -0.8970280885696411
   ],
   [
    -0.9914066195487976,
    0.12609808146953583,
    0.03481623902916908
   ]
  ]
 },
 {
  "rotation_euler": [
   1.2606630325317383,
   1.458898901939392,
   1.2902544736862183
  ],
  "euler_order": "XYZ",
  "rotation_matrix": [
   [
    0.03091713786125183,
    -0.03123609535396099,
    0.9990337491035461
   ],
   [
    0.10729861259460449,
    0.9938393831253052,
    0.027753112837672234
   ],
   [
    -0.9937460422515869,
    0.10633689165115356,
    0.03407825902104378
   ]
  ]
 },
 {
  "rotation_euler": [
   2.3471193313598633,
   1.61311674118042,
   -0.04878406971693039
  ],
  "euler_order": "XYZ",
  "rotation_matrix": [
   [
    -0.04225745052099228,
    0.6778402328491211,
    -0.7339938282966614
   ],
   [
    0.0020631272345781326,
    -0.7345892786979675,
    -0.6785088777542114
   ],
   [
    -0.9991046190261841,
    -0.030186377465724945,
    0.02964339777827263
   ]
  ]
 },
 {
  "rotation_euler": [
   -0.12373680621385574,
   -1.5529145002365112,
   -0.5179354548454285
  ],
  "euler_order": "XYZ",
  "rotation_matrix": [
   [
    0.01553567498922348,
    0.5985187888145447,
    -0.8009580969810486
   ],
   [
    -0.008852595463395119,
    0.8011057376861572,
    0.598457396030426
   ],
   [
    0.9998401403427124,
    -0.00220688059926033,
    0.017744163051247597
   ]
  ]
 },
 {
  "rotation_euler": [
   -0.47558873891830444,
   1.5377007722854614,
   0.2616173326969147
  ],
  "euler_order": "XYZ",
  "rotation_matrix": [
   [
    0.03196357563138008,
    -0.6719798445701599,
    0.739879310131073
   ],
   [
    0.008558377623558044,
    0.7404144406318665,
    0.6720961332321167
   ],
   [
    -0.9994524121284485,
    -0.015150428749620914,
    0.02941734902560711
   ]
  ]
 }
]