[
 {
  "rotation_euler": [
   0.002871911972761154,
   0.1683088093996048,
   2.372189998626709
  ],
  "euler_order": "XYZ",
  "rotation_matrix": [
   [
    -0.7081760764122009,
    -0.6960489749908447,
    -0.1183321550488472
   ],
   [
    0.6858755946159363,
    -0.7179887294769287,
    0.11860392987728119
   ],
   [
    -0.16751529276371002,
    0.002831326564773917,
    0.9858654141426086
   ]
  ]
 },
 {
  "rotation_euler": [
   0.0028718598186969757,
   0.16830947995185852,
   -2.8893675804138184
  ],
  "euler_order": "XYZ",
  "rotation_matrix": [
   [
    -0.9546759724617004,
    0.24909235537052155,
    -0.16293171048164368
   ],
   [
    -0.24603281915187836,
    -0.9684755802154541,
    -0.0390239953994751
   ],
   [
    -0.16751596331596375,
    0.0028312746435403824,
    0.9858652949333191
   ]
  ]
 },
 {
  "rotation_euler": [
   0.002871894044801593,
   0.1683090180158615,
   -3.0231261253356934
  ],
  "euler_order": "XYZ",
  "rotation_matrix": [
   [
    -0.9789595007896423,
    0.11771142482757568,
    -0.16668012738227844
   ],
   [
    -0.11651954054832458,
    -0.9930437803268433,
    -0.01694675162434578
   ],
   [
    -0.16751550137996674,
    0.002831308636814356,
    0.9858653545379639
   ]
  ]
 },
 {
  "rotation_euler": [
   0.0038582026027143,
   0.16363051533699036,
   2.5325653553009033
  ],
  "euler_order": "XYZ",
  "rotation_matrix": [
   [
    -0.8092488646507263,
    -0.5725811719894409,
    -0.13140428066253662
   ],
   [
    0.5644283890724182,
    -0.8198391795158386,
    0.09635474532842636
   ],
   [
    -0.16290129721164703,
    0.0038066566921770573,
    0.9866350293159485
   ]
  ]
 },
 {
  "rotation_euler": [
   0.002871825359761715,
   0.16830924153327942,
   0.12012478709220886
  ],
  "euler_order": "XYZ",
  "rotation_matrix": [
   [
    0.9787649512290955,
    -0.11935799568891525,
    0.16665200889110565
   ],
   [
    0.1181427389383316,
    0.9928472638130188,
    0.017223220318555832
   ],
   [
    -0.16751572489738464,
    0.0028312408830970526,
    0.9858653545379639
   ]
  ]
 },
 {
  "rotation_euler": [
   0.0028718793764710426,
   0.1683087944984436,
   2.4247190952301025
  ],
  "euler_order": "XYZ",
  "rotation_matrix": [
   [
    -0.7432110905647278,
    -0.6573909521102905,
    -0.12439623475074768
   ],
   [
    0.6477468013763428,
    -0.7535443902015686,
    0.11222727596759796
   ],
   [
    -0.16751527786254883,
    0.002831294434145093,
    0.9858654141426086
   ]
  ]
 },
 {
  "rotation_euler": [
   0.0028731708880513906,
   0.1682959944009781,
   2.4217777252197266
  ],
  "euler_order": "XYZ",
  "rotation_matrix": [
   [
    -0.7413042187690735,
    -0.6596046686172485,
    -0.12405525892972946
   ],
   [
    0.6499314308166504,
    -0.751607358455658,
    0.11258533596992493
   ],
   [
    -0.16750265657901764,
    0.002832573838531971,
    0.9858675599098206
   ]
  ]
 },
 {
  "rotation_euler": [
   0.0028736996464431286,
   0.1682969331741333,
   -1.1069070100784302
  ],
  "euler_order": "XYZ",
  "rotation_matrix": [
   [
    0.44110825657844543,
    0.8945307731628418,
    0.07237578183412552
   ],
   [
    -0.8816836476325989,
    0.44699743390083313,
    -0.15108680725097656
   ],
   [
    -0.16750358045101166,
    0.0028330946806818247,
    0.9858673810958862
   ]
  ]
 },
 {
  "rotation_euler": [
   0.002871850272640586,
   0.16830897331237793,
   -1.1343293190002441
  ],
  "euler_order": "XYZ",
  "rotation_matrix": [
   [
    0.41676679253578186,
    0.9064505100250244,
    0.06821263581514359
   ],
   [
    -0.8934450149536133,
    0.42230260372161865,
    -0.15302444994449615
   ],
   [
    -0.16751545667648315,
    0.00283126556314528,
    0.9858653545379639
   ]
  ]
 },
 {
  "rotation_euler": [
   0.0028718854300677776,
   0.16830909252166748,
   -2.5480172634124756
  ],
  "euler_order": "XYZ",
  "rotation_matrix": [
   [
    -0.8172326683998108,
    0.5589272975921631,
    -0.14046715199947357
   ],
   [
    -0.5514247417449951,
    -0.8292118310928345,
    -0.09131519496440887
   ],
   [
    -0.1675155758857727,
    0.0028313002549111843,
    0.9858653545379639
   ]
  ]
 },
 {
  "rotation_euler": [
   0.0028718747198581696,
   0.16830870509147644,
   -0.4868476092815399
  ],
  "euler_order": "XYZ",
  "rotation_matrix": [
   [
    0.8713233470916748,
    0.4682653546333313,
    0.14670775830745697
   ],
   [
    -0.4612312614917755,
    0.8835833668708801,
    -0.08090852946043015
   ],
   [
    -0.16751518845558167,
    0.00283128977753222,
    0.9858654141426086
   ]
  ]
 },
 {
  "rotation_euler": [
   0.0028718237299472094,
   0.16830883920192719,
   0.4463464915752411
  ],
  "euler_order": "XYZ",
  "rotation_matrix": [
   [
    0.889284074306488,
    -0.431237131357193,
    0.15234294533729553
   ],
   [
    0.42557308077812195,
    0.9022341966629028,
    0.0697210505604744
   ],
   [
    -0.1675153225660324,
    0.0028312394861131907,
    0.9858654141426086
   ]
  ]
 },
 {
  "rotation_euler": [
   0.0028718237299472094,
   0.16830843687057495,
   -0.5336395502090454
  ],
  "euler_order": "XYZ",
  "rotation_matrix": [
   [
    0.8487956523895264,
    0.5090823173522949,
    0.14276249706745148
   ],
   [
    -0.5014824867248535,
    0.8607131838798523,
    -0.08768203109502792
   ],
   [
    -0.16751493513584137,
    0.0028312397189438343,
    0.9858654737472534
   ]
  ]
 },
 {
  "rotation_euler": [
   0.002871760865673423,
   0.16830991208553314,
   0.315518319606781
  ],
  "euler_order": "XYZ",
  "rotation_matrix": [
   [
    0.937202513217926,
    -0.30985063314437866,
    0.16013751924037933
   ],
   [
    0.30592435598373413,
    0.9507810473442078,
    0.04925167188048363
   ],
   [
    -0.16751638054847717,
    0.0028311768546700478,
    0.9858652353286743
   ]
  ]
 },
 {
  "rotation_euler": [
   0.0028719939291477203,
   0.16830942034721375,
   0.2017766833305359
  ],
  "euler_order": "XYZ",
  "rotation_matrix": [
   [
    0.9658681154251099,
    -0.1999381184577942,
    0.1646922379732132
   ],
   [
    0.19757835566997528,
    0.9798044562339783,
    0.030758047476410866
   ],
   [
    -0.16751590371131897,
    0.002831406891345978,
    0.9858652949333191
   ]
  ]
 },
 {
  "rotation_euler": [
   0.0028736544772982597,
   0.16829608380794525,
   2.4210116863250732
  ],
  "euler_order": "XYZ",
  "rotation_matrix": [
   [
    -0.7408061027526855,
    -0.6601803302764893,
    -0.12396872043609619
   ],
   [
    0.6504991054534912,
    -0.7511017918586731,
    0.11268075555562973
   ],
   [
    -0.1675027459859848,
    0.0028330504428595304,
    0.9858675599098206
   ]
  ]
 }
]