[
 {
  "rotation_euler": [
   -1.1241075992584229,
   -1.5002145767211914,
   -0.3717312514781952
  ],
  "euler_order": "XYZ",
  "rotation_matrix": [
   [
    0.06570642441511154,
    0.9950998425483704,
    -0.07388519495725632
   ],
   [
    -0.025616055354475975,
    0.0757029578089714,
    0.9968013167381287
   ],
   [
    0.9975101351737976,
    -0.06360360234975815,
    0.03046470321714878
   ]
  ]
 },
 {
  "rotation_euler": [
   2.017486095428467,
   -1.6413780450820923,
   -0.4757385849952698
  ],
  "euler_order": "XYZ",
  "rotation_matrix": [
   [
    -0.06269186735153198,
    -0.9975818991661072,
    -0.030000867322087288
   ],
   [
    0.03229925036430359,
    0.02801627665758133,
    -0.9990854859352112
   ],
   [
    0.9975101351737976,
    -0.06360354274511337,
    0.03046475537121296
   ]
  ]
 },
 {
  "rotation_euler": [
   0.000528388365637511,
   -1.900880306493491e-05,
   -1.3714537620544434
  ],
  "euler_order": "XYZ",
  "rotation_matrix": [
   [
    0.1980249583721161,
    0.9801968336105347,
    -0.0005216888966970146
   ],
   [
    -0.9801969528198242,
    0.1980249434709549,
    -8.600170986028388e-05
   ],
   [
    1.900880306493491e-05,
    0.000528388365637511,
    0.9999998807907104
   ]
  ]
 },
 {
  "rotation_euler": [
   0.0005313888541422784,
   2.8612076263812014e-08,
   2.5059597492218018
  ],
  "euler_order": "XYZ",
  "rotation_matrix": [
   [
    -0.8046960830688477,
    -0.5936868190765381,
    0.00031545557430945337
   ],
   [
    0.5936869382858276,
    -0.8046960234642029,
    0.0004276235122233629
   ],
   [
    -2.8612076263812014e-08,
    0.0005313888541422784,
    0.9999998807907104
   ]
  ]
 },
 {
  "rotation_euler": [
   0.0005289632827043533,
   1.4619610738009214e-05,
   -0.9162137508392334
  ],
  "euler_order": "XYZ",
  "rotation_matrix": [
   [
    0.6088281273841858,
    0.793302059173584,
    -0.0004107268468942493
   ],
   [
    -0.7933021187782288,
    0.608828067779541,
    -0.0003336454974487424
   ],
   [
    -1.4619610738009214e-05,
    0.0005289632827043533,
    0.9999998807907104
   ]
  ]
 },
 {
  "rotation_euler": [
   0.0005286065861582756,
   -1.4926225048839115e-05,
   -1.4975820779800415
  ],
  "euler_order": "XYZ",
  "rotation_matrix": [
   [
    0.07314885407686234,
    0.9973208904266357,
    -0.0005282822530716658
   ],
   [
    -0.9973210096359253,
    0.07314885407686234,
    -2.378073077125009e-05
   ],
   [
    1.4926225048839115e-05,
    0.0005286065861582756,
    0.9999998807907104
   ]
  ]
 },
 {
  "rotation_euler": [
   2.017482280731201,
   1.6413779258728027,
   0.02724095992743969
  ],
  "euler_order": "XYZ",
  "rotation_matrix": [
   [
    -0.07049684226512909,
    0.9110704064369202,
    -0.40617844462394714
   ],
   [
    -0.0019208769081160426,
    -0.4073147773742676,
    -0.9132857918739319
   ],
   [
    -0.9975101351737976,
    -0.06360355019569397,
    0.03046446107327938
   ]
  ]
 },
 {
  "rotation_euler": [
   0.0005282469210214913,
   -1.7634105461183935e-05,
   -1.5864189863204956
  ],
  "euler_order": "XYZ",
  "rotation_matrix": [
   [
    -0.015622024424374104,
    0.9998778104782104,
    -0.0005279069300740957
   ],
   [
    -0.9998779892921448,
    -0.015622012317180634,
    2.5884237402351573e-05
   ],
   [
    1.7634105461183935e-05,
    0.0005282469210214913,
    0.9999998807907104
   ]
  ]
 },
 {
  "rotation_euler": [
   0.0005280943005345762,
   1.845652332121972e-05,
   -0.12370409816503525
  ],
  "euler_order": "XYZ",
  "rotation_matrix": [
   [
    0.992358386516571,
    0.12338883429765701,
    -4.6845456381561235e-05
   ],
   [
    -0.12338884174823761,
    0.9923582673072815,
    -0.0005263361381366849
   ],
   [
    -1.845652332121972e-05,
    0.0005280943005345762,
    0.9999998807907104
   ]
  ]
 },
 {
  "rotation_euler": [
   -1.124113917350769,
   1.5002152919769287,
   0.13866229355335236
  ],
  "euler_order": "XYZ",
  "rotation_matrix": [
   [
    0.06984555721282959,
    -0.950711727142334,
    0.3021073043346405
   ],
   [
    0.009747497737407684,
    0.30348289012908936,
    0.9527870416641235
   ],
   [
    -0.9975101947784424,
    -0.06360314786434174,
    0.030463993549346924
   ]
  ]
 },
 {
  "rotation_euler": [
   0.0005240041646175086,
   -3.1260595278581604e-05,
   0.37416359782218933
  ],
  "euler_order": "XYZ",
  "rotation_matrix": [
   [
    0.9308136701583862,
    -0.36549410223960876,
    0.00016242264246102422
   ],
   [
    0.36549413204193115,
    0.9308134913444519,
    -0.00049917574506253
   ],
   [
    3.1260595278581604e-05,
    0.0005240041646175086,
    0.9999998807907104
   ]
  ]
 },
 {
  "rotation_euler": [
   2.017486572265625,
   -1.6413781642913818,
   -0.2020905464887619
  ],
  "euler_order": "XYZ",
  "rotation_matrix": [
   [
    -0.06908803433179855,
    -0.9680345058441162,
    0.2411142736673355
   ],
   [
    0.014155268669128418,
    -0.24261868000030518,
    -0.9700184464454651
   ],
   [
    0.9975101351737976,
    -0.06360363215208054,
    0.030464837327599525
   ]
  ]
 },
 {
  "rotation_euler": [
   0.0005243629566393793,
   2.2266702217166312e-05,
   0.531342089176178
  ],
  "euler_order": "XYZ",
  "rotation_matrix": [
   [
    0.8621278405189514,
    -0.5066907405853271,
    0.00028488662792369723
   ],
   [
    0.5066908597946167,
    0.8621277213096619,
    -0.000440785544924438
   ],
   [
    -2.2266702217166312e-05,
    0.0005243629566393793,
    0.9999998807907104
   ]
  ]
 },
 {
  "rotation_euler": [
   0.0005222398322075605,
   3.296996510471217e-05,
   2.597722291946411
  ],
  "euler_order": "XYZ",
  "rotation_matrix": [
   [
    -0.855712354183197,
    -0.5174517035484314,
    0.0002420211094431579
   ],
   [
    0.5174517631530762,
    -0.8557122349739075,
    0.0004639474209398031
   ],
   [
    -3.296996510471217e-05,
    0.0005222398322075605,
    0.9999998807907104
   ]
  ]
 },
 {
  "rotation_euler": [
   0.000538198568392545,
   2.198774200223852e-05,
   -0.16449326276779175
  ],
  "euler_order": "XYZ",
  "rotation_matrix": [
   [
    0.9865014553070068,
    0.16375243663787842,
    -6.644039967795834e-05
   ],
   [
    -0.1637524515390396,
    0.9865013360977173,
    -0.0005345342215150595
   ],
   [
    -2.198774200223852e-05,
    0.000538198568392545,
    0.9999998807907104
   ]
  ]
 },
 {
  "rotation_euler": [
   0.0005330229178071022,
   -3.5459911487123463e-06,
   1.605237603187561
  ],
  "euler_order": "XYZ",
  "rotation_matrix": [
   [
    -0.03443446755409241,
    -0.9994068145751953,
    0.0005328289116732776
   ],
   [
    0.9994069337844849,
    -0.03443446382880211,
    1.481047183915507e-05
   ],
   [
    3.5459911487123463e-06,
    0.0005330229178071022,
    0.9999998807907104
   ]
  ]
 }
]