[
 {
  "rotation_euler": [
   0.045863665640354156,
   0.1422112137079239,
   1.1621652841567993
  ],
  "euler_order": "XYZ",
  "rotation_matrix": [
   [
    0.39334216713905334,
    -0.9141186475753784,
    0.09833137691020966
   ],
   [
    0.9084018468856812,
    0.4028986990451813,
    0.11170843988656998
   ],
   [
    -0.1417323499917984,
    0.04538475722074509,
    0.9888640642166138
   ]
  ]
 },
 {
  "rotation_euler": [
   0.04601752385497093,
   -0.16376078128814697,
   2.5279905796051025
  ],
  "euler_order": "XYZ",
  "rotation_matrix": [
   [
    -0.8066409230232239,
    -0.5690751075744629,
    0.1596369594335556
   ],
   [
    0.5681124329566956,
    -0.8210320472717285,
    -0.056166134774684906
   ],
   [
    0.16302981972694397,
    0.04538584128022194,
    0.9855766892433167
   ]
  ]
 },
 {
  "rotation_euler": [
   0.04591192677617073,
   -0.1462850272655487,
   -1.7978549003601074
  ],
  "euler_order": "XYZ",
  "rotation_matrix": [
   [
    -0.22270824015140533,
    0.9748120307922363,
    -0.01193908229470253
   ],
   [
    -0.9639263153076172,
    -0.218357115983963,
    0.15220455825328827
   ],
   [
    0.14576385915279388,
    0.04540560394525528,
    0.9882768988609314
   ]
  ]
 },
 {
  "rotation_euler": [
   0.043800901621580124,
   0.19534675776958466,
   -3.1098337173461914
  ],
  "euler_order": "XYZ",
  "rotation_matrix": [
   [
    -0.980485737323761,
    0.023228097707033157,
    -0.19521313905715942
   ],
   [
    -0.03114965744316578,
    -0.9988070130348206,
    0.037607140839099884
   ],
   [
    -0.19410671293735504,
    0.042954087257385254,
    0.9800395369529724
   ]
  ]
 },
 {
  "rotation_euler": [
   0.0460968017578125,
   -0.16255135834217072,
   -0.3384591341018677
  ],
  "euler_order": "XYZ",
  "rotation_matrix": [
   [
    0.9308328628540039,
    0.324646919965744,
    -0.1677931845188141
   ],
   [
    -0.3276570439338684,
    0.9447415471076965,
    0.010211917571723461
   ],
   [
    0.16183646023273468,
    0.04547302797436714,
    0.9857693314552307
   ]
  ]
 },
 {
  "rotation_euler": [
   0.045165322721004486,
   0.1759476512670517,
   2.7999048233032227
  ],
  "euler_order": "XYZ",
  "rotation_matrix": [
   [
    -0.9276440739631653,
    -0.34218233823776245,
    -0.1496252417564392
   ],
   [
    0.32990458607673645,
    -0.9385814666748047,
    0.10113249719142914
   ],
   [
    -0.17504124343395233,
    0.04445290192961693,
    0.9835570454597473
   ]
  ]
 },
 {
  "rotation_euler": [
   0.04609633609652519,
   -0.16255469620227814,
   2.8537867069244385
  ],
  "euler_order": "XYZ",
  "rotation_matrix": [
   [
    -0.9462282657623291,
    -0.2763967514038086,
    0.16809804737567902
   ],
   [
    0.28010714054107666,
    -0.9599672555923462,
    -0.0017045754939317703
   ],
   [
    0.16183975338935852,
    0.04547254368662834,
    0.9857687950134277
   ]
  ]
 },
 {
  "rotation_euler": [
   0.046102263033390045,
   0.16235938668251038,
   -1.211899757385254
  ],
  "euler_order": "XYZ",
  "rotation_matrix": [
   [
    0.3466220200061798,
    0.9379067420959473,
    0.013567216694355011
   ],
   [
    -0.9239715337753296,
    0.3438931107521057,
    -0.1673741340637207
   ],
   [
    -0.1616470068693161,
    0.04547984153032303,
    0.9858000874519348
   ]
  ]
 },
 {
  "rotation_euler": [
   0.046094879508018494,
   0.16256500780582428,
   0.2369900792837143
  ],
  "euler_order": "XYZ",
  "rotation_matrix": [
   [
    0.9592329263687134,
    -0.2272791713476181,
    0.16797718405723572
   ],
   [
    0.2316824495792389,
    0.9727674722671509,
    -0.006832193583250046
   ],
   [
    -0.16184993088245392,
    0.045471031218767166,
    0.9857671856880188
   ]
  ]
 },
 {
  "rotation_euler": [
   0.045022424310445786,
   0.0707104429602623,
   0.5642048120498657
  ],
  "euler_order": "XYZ",
  "rotation_matrix": [
   [
    0.842902421951294,
    -0.5315151810646057,
    0.08370838314294815
   ],
   [
    0.5334077477455139,
    0.8458582162857056,
    -0.00028952970751561224
   ],
   [
    -0.07065153121948242,
    0.0448947437107563,
    0.9964902400970459
   ]
  ]
 },
 {
  "rotation_euler": [
   0.04593309387564659,
   0.14806286990642548,
   -2.316436529159546
  ],
  "euler_order": "XYZ",
  "rotation_matrix": [
   [
    -0.6710192561149597,
    0.7292832136154175,
    -0.1337129771709442
   ],
   [
    -0.7266156673431396,
    -0.6827030777931213,
    -0.0771116241812706
   ],
   [
    -0.1475224792957306,
    0.045414552092552185,
    0.9880155324935913
   ]
  ]
 },
 {
  "rotation_euler": [
   0.04520739987492561,
   0.1753377765417099,
   3.085326910018921
  ],
  "euler_order": "XYZ",
  "rotation_matrix": [
   [
    -0.9831094145774841,
    -0.06404945999383926,
    -0.1714453250169754
   ],
   [
    0.05537382885813713,
    -0.996954083442688,
    0.05492032319307327
   ],
   [
    -0.17444074153900146,
    0.04449910297989845,
    0.9836616516113281
   ]
  ]
 },
 {
  "rotation_euler": [
   0.04549141228199005,
   -0.11071277409791946,
   0.09132975339889526
  ],
  "euler_order": "XYZ",
  "rotation_matrix": [
   [
    0.9897354245185852,
    -0.09611201286315918,
    -0.10576492547988892
   ],
   [
    0.0906444638967514,
    0.9943438172340393,
    -0.05535247549414635
   ],
   [
    0.11048673838376999,
    0.04519730433821678,
    0.9928493499755859
   ]
  ]
 },
 {
  "rotation_euler": [
   0.04595838114619255,
   0.15061162412166595,
   -1.4179223775863647
  ],
  "euler_order": "XYZ",
  "rotation_matrix": [
   [
    0.1505553126335144,
    0.9883436560630798,
    -0.022582124918699265
   ],
   [
    -0.9771490097045898,
    0.14530548453330994,
    -0.1551324427127838
   ],
   [
    -0.15004286170005798,
    0.04542211443185806,
    0.9876355528831482
   ]
  ]
 },
 {
  "rotation_euler": [
   0.046122483909130096,
   0.16100749373435974,
   -1.4935030937194824
  ],
  "euler_order": "XYZ",
  "rotation_matrix": [
   [
    0.07621759921312332,
    0.9965248107910156,
    -0.03360288590192795
   ],
   [
    -0.9841192364692688,
    0.06976484507322311,
    -0.16322427988052368
   ],
   [
    -0.16031275689601898,
    0.045509807765483856,
    0.986016571521759
   ]
  ]
 },
 {
  "rotation_euler": [
   0.046096108853816986,
   -0.16257107257843018,
   -1.1722608804702759
  ],
  "euler_order": "XYZ",
  "rotation_matrix": [
   [
    0.3829520642757416,
    0.9177570343017578,
    -0.10521306842565536
   ],
   [
    -0.9094780683517456,
    0.3945305347442627,
    0.13113072514533997
   ],
   [
    0.16185590624809265,
    0.045472197234630585,
    0.9857661724090576
   ]
  ]
 }
]