[
 {
  "rotation_euler": [
   1.2374310493469238,
   0.04220063239336014,
   -2.3654940128326416
  ],
  "euler_order": "XYZ",
  "rotation_matrix": [
   [
    -0.7130165100097656,
    0.20077112317085266,
    -0.6717875003814697
   ],
   [
    -0.6998769044876099,
    -0.26145046949386597,
    0.6646924018859863
   ],
   [
    -0.04218810796737671,
    0.9441052079200745,
    0.3269335627555847
   ]
  ]
 },
 {
  "rotation_euler": [
   0.0015414153458550572,
   -0.08839666098356247,
   2.128162384033203
  ],
  "euler_order": "XYZ",
  "rotation_matrix": [
   [
    -0.5268874764442444,
    -0.8485782742500305,
    0.04800485447049141
   ],
   [
    0.8453377485275269,
    -0.5290675759315491,
    -0.07410485297441483
   ],
   [
    0.08828158676624298,
    0.0015353963244706392,
    0.9960943460464478
   ]
  ]
 },
 {
  "rotation_euler": [
   0.5231378674507141,
   -0.0406782366335392,
   -1.7146776914596558
  ],
  "euler_order": "XYZ",
  "rotation_matrix": [
   [
    -0.14326682686805725,
    0.8602178692817688,
    -0.489387184381485
   ],
   [
    -0.9888482093811035,
    -0.10410112887620926,
    0.10649950802326202
   ],
   [
    0.04066701978445053,
    0.49918749928474426,
    0.8655391335487366
   ]
  ]
 },
 {
  "rotation_euler": [
   0.6297559142112732,
   -0.009516105987131596,
   0.8711023330688477
  ],
  "euler_order": "XYZ",
  "rotation_matrix": [
   [
    0.6439544558525085,
    -0.6218919157981873,
    0.44561541080474854
   ],
   [
    0.7650046348571777,
    0.5161615014076233,
    -0.3851560950279236
   ],
   [
    0.009515962563455105,
    0.5889208316802979,
    0.8081346750259399
   ]
  ]
 },
 {
  "rotation_euler": [
   0.6731594204902649,
   0.027901340276002884,
   -2.061129570007324
  ],
  "euler_order": "XYZ",
  "rotation_matrix": [
   [
    -0.4707365930080414,
    0.6815436482429504,
    -0.5602725148200989
   ],
   [
    -0.8818325996398926,
    -0.3835352063179016,
    0.2743573784828186
   ],
   [
    -0.027897721156477928,
    0.6232166290283203,
    0.7815514802932739
   ]
  ]
 },
 {
  "rotation_euler": [
   1.2535600662231445,
   -0.07176662236452103,
   1.477622151374817
  ],
  "euler_order": "XYZ",
  "rotation_matrix": [
   [
    0.09279992431402206,
    -0.31692734360694885,
    0.9438989758491516
   ],
   [
    0.9930994510650635,
    -0.038808632642030716,
    -0.1106676459312439
   ],
   [
    0.07170503586530685,
    0.9476554989814758,
    0.31113895773887634
   ]
  ]
 },
 {
  "rotation_euler": [
   0.5156466364860535,
   -0.0021381613332778215,
   2.73327898979187
  ],
  "euler_order": "XYZ",
  "rotation_matrix": [
   [
    -0.91778963804245,
    -0.3444661498069763,
    0.19749760627746582
   ],
   [
    0.397061288356781,
    -0.7988736033439636,
    0.4518222212791443
   ],
   [
    0.002138159703463316,
    0.49309638142585754,
    0.8699720501899719
   ]
  ]
 },
 {
  "rotation_euler": [
   0.6992101669311523,
   -0.0518510602414608,
   0.841881275177002
  ],
  "euler_order": "XYZ",
  "rotation_matrix": [
   [
    0.6651656031608582,
    -0.5930910706520081,
    0.4536493420600891
   ],
   [
    0.7448950409889221,
    0.4848891496658325,
    -0.4582727551460266
   ],
   [
    0.05182782933115959,
    0.6427484154701233,
    0.7643221616744995
   ]
  ]
 },
 {
  "rotation_euler": [
   0.6186202764511108,
   -0.037360187619924545,
   -0.48994678258895874
  ],
  "euler_order": "XYZ",
  "rotation_matrix": [
   [
    0.8817421793937683,
    0.3642585575580597,
    -0.2997439205646515
   ],
   [
    -0.47025054693222046,
    0.7290317416191101,
    -0.497370183467865
   ],
   [
    0.037351496517658234,
    0.5795069932937622,
    0.8141108751296997
   ]
  ]
 },
 {
  "rotation_euler": [
   1.2039132118225098,
   -0.012058893218636513,
   -2.7658727169036865
  ],
  "euler_order": "XYZ",
  "rotation_matrix": [
   [
    -0.9301760792732239,
    0.14209596812725067,
    -0.3384985327720642
   ],
   [
    -0.36691567301750183,
    -0.3295552432537079,
    0.8699231147766113
   ],
   [
    0.012058600783348083,
    0.9333820343017578,
    0.35868164896965027
   ]
  ]
 },
 {
  "rotation_euler": [
   0.6225327849388123,
   -0.02432093769311905,
   -1.554794430732727
  ],
  "euler_order": "XYZ",
  "rotation_matrix": [
   [
    0.015996480360627174,
    0.812073290348053,
    -0.5833361744880676
   ],
   [
    -0.9995762705802917,
    0.02717764861881733,
    0.010423732921481133
   ],
   [
    0.02431854046881199,
    0.5829222202301025,
    0.8121639490127563
   ]
  ]
 },
 {
  "rotation_euler": [
   1.2493383884429932,
   0.01803428865969181,
   3.055119037628174
  ],
  "euler_order": "XYZ",
  "rotation_matrix": [
   [
    -0.9961014986038208,
    -0.04433295503258705,
    0.07626552134752274
   ],
   [
    0.08635184168815613,
    -0.31329190731048584,
    0.945722758769989
   ],
   [
    -0.018033310770988464,
    0.9486215114593506,
    0.3158987760543823
   ]
  ]
 },
 {
  "rotation_euler": [
   0.9201722145080566,
   -0.035237867385149,
   -0.6095033884048462
  ],
  "euler_order": "XYZ",
  "rotation_matrix": [
   [
    0.8194233775138855,
    0.3237442672252655,
    -0.4730062782764435
   ],
   [
    -0.5721049904823303,
    0.5126671195030212,
    -0.6402096152305603
   ],
   [
    0.03523057699203491,
    0.7952119708061218,
    0.6053071022033691
   ]
  ]
 },
 {
  "rotation_euler": [
   0.5833951234817505,
   0.0029077159706503153,
   1.3333293199539185
  ],
  "euler_order": "XYZ",
  "rotation_matrix": [
   [
    0.23524047434329987,
    -0.8107990622520447,
    0.5359727144241333
   ],
   [
    0.9719328284263611,
    0.19788867235183716,
    -0.12722660601139069
   ],
   [
    -0.0029077117796987295,
    0.5508583188056946,
    0.8345937132835388
   ]
  ]
 },
 {
  "rotation_euler": [
   0.6197829842567444,
   0.022087229415774345,
   1.7354369163513184
  ],
  "euler_order": "XYZ",
  "rotation_matrix": [
   [
    -0.1638578176498413,
    -0.805099606513977,
    0.5700572729110718
   ],
   [
    0.9862366914749146,
    -0.12075851112604141,
    0.11293596774339676
   ],
   [
    -0.022085433825850487,
    0.5807168483734131,
    0.8138059973716736
   ]
  ]
 },
 {
  "rotation_euler": [
   0.6972393989562988,
   0.0007007140666246414,
   2.7447917461395264
  ],
  "euler_order": "XYZ",
  "rotation_matrix": [
   [
    -0.9223018288612366,
    -0.29668956995010376,
    0.24765828251838684
   ],
   [
    0.38646969199180603,
    -0.706879198551178,
    0.592421293258667
   ],
   [
    -0.0007007140084169805,
    0.6421036720275879,
    0.7666175365447998
   ]
  ]
 }
]