[
 {
  "rotation_euler": [
   -0.0009852754883468151,
   -0.0004858108004555106,
   0.48970574140548706
  ],
  "euler_order": "XYZ",
  "rotation_matrix": [
   [
    0.8824712038040161,
    -0.47036558389663696,
    -0.0008921541157178581
   ],
   [
    0.4703661799430847,
    0.8824710845947266,
    0.0006409683264791965
   ],
   [
    0.00048581077135168016,
    -0.0009852752555161715,
    0.9999994039535522
   ]
  ]
 },
 {
  "rotation_euler": [
   -1.5882872343063354,
   1.4546974897384644,
   -1.0446761846542358
  ],
  "euler_order": "XYZ",
  "rotation_matrix": [
   [
    0.05817185342311859,
    -0.5138497352600098,
    0.8559056520462036
   ],
   [
    -0.10017246752977371,
    0.8500258922576904,
    0.517128050327301
   ],
   [
    -0.9932680726051331,
    -0.11582048237323761,
    -0.002026011934503913
   ]
  ]
 },
 {
  "rotation_euler": [
   0.00039348387508653104,
   -0.00022895264555700123,
   -0.4001060128211975
  ],
  "euler_order": "XYZ",
  "rotation_matrix": [
   [
    0.9210196733474731,
    0.38951587677001953,
    -0.00036413813359104097
   ],
   [
    -0.3895159661769867,
    0.9210196733474731,
    -0.0002732256834860891
   ],
   [
    0.00022895264555700123,
    0.0003934838459827006,
    0.9999998807907104
   ]
  ]
 },
 {
  "rotation_euler": [
   0.001043390017002821,
   0.0031864584889262915,
   0.1281816065311432
  ],
  "euler_order": "XYZ",
  "rotation_matrix": [
   [
    0.9917909502983093,
    -0.1278275102376938,
    0.0032936870120465755
   ],
   [
    0.12783023715019226,
    0.9917958378791809,
    -0.0006275029736571014
   ],
   [
    -0.0031864531338214874,
    0.001043384545482695,
    0.9999943971633911
   ]
  ]
 },
 {
  "rotation_euler": [
   0.0028958178590983152,
   -0.0022038256283849478,
   1.8524258136749268
  ],
  "euler_order": "XYZ",
  "rotation_matrix": [
   [
    -0.2779206335544586,
    -0.9605980515480042,
    0.003394216997548938
   ],
   [
    0.9606015086174011,
    -0.2779262661933899,
    -0.0013121843803673983
   ],
   [
    0.0022038237657397985,
    0.00289580668322742,
    0.9999933838844299
   ]
  ]
 },
 {
  "rotation_euler": [
   1.5728799104690552,
   0.7758198380470276,
   -1.5911988019943237
  ],
  "euler_order": "XYZ",
  "rotation_matrix": [
   [
    -0.014563238248229027,
    -0.016370011493563652,
    -0.9997599124908447
   ],
   [
    -0.7136985659599304,
    -0.7001117467880249,
    0.021859847009181976
   ],
   [
    -0.7003015279769897,
    0.7138456106185913,
    -0.0014873591717332602
   ]
  ]
 },
 {
  "rotation_euler": [
   -1.5680396556854248,
   2.812568187713623,
   -0.09392953664064407
  ],
  "euler_order": "XYZ",
  "rotation_matrix": [
   [
    -0.9421863555908203,
    -0.3214358389377594,
    0.09467793256044388
   ],
   [
    0.08876031637191772,
    0.0330503024160862,
    0.9955045580863953
   ],
   [
    -0.32311996817588806,
    0.9463543891906738,
    -0.0026087944861501455
   ]
  ]
 },
 {
  "rotation_euler": [
   0.0005518072284758091,
   -0.0003004612517543137,
   2.027299642562866
  ],
  "euler_order": "XYZ",
  "rotation_matrix": [
   [
    -0.4408121705055237,
    -0.8975991606712341,
    0.000627748726401478
   ],
   [
    0.8975993394851685,
    -0.44081225991249084,
    -2.6450445147929713e-05
   ],
   [
    0.0003004612517543137,
    0.0005518071702681482,
    0.9999998211860657
   ]
  ]
 },
 {
  "rotation_euler": [
   -1.57341730594635,
   -0.6849102973937988,
   0.3299480676651001
  ],
  "euler_order": "XYZ",
  "rotation_matrix": [
   [
    0.7326999306678772,
    0.5993275046348572,
    -0.32242417335510254
   ],
   [
    0.2509254217147827,
    0.20247937738895416,
    0.9465931057929993
   ],
   [
    0.6326035261154175,
    -0.7744731307029724,
    -0.002029882511124015
   ]
  ]
 },
 {
  "rotation_euler": [
   -1.5655170679092407,
   -1.7715016603469849,
   0.7565381526947021
  ],
  "euler_order": "XYZ",
  "rotation_matrix": [
   [
    -0.14497829973697662,
    0.7089849710464478,
    -0.6901605725288391
   ],
   [
    -0.13684268295764923,
    0.676459014415741,
    0.7236555218696594
   ],
   [
    0.9799262285232544,
    0.1993577778339386,
    -0.0010524711105972528
   ]
  ]
 },
 {
  "rotation_euler": [
   -1.5750298500061035,
   1.0167648792266846,
   -0.025888929143548012
  ],
  "euler_order": "XYZ",
  "rotation_matrix": [
   [
    0.5259435772895813,
    -0.850227415561676,
    0.02228678949177265
   ],
   [
    -0.013619158416986465,
    0.017781466245651245,
    0.9997491240501404
   ],
   [
    -0.8504104018211365,
    -0.5261151790618896,
    -0.0022273340728133917
   ]
  ]
 },
 {
  "rotation_euler": [
   -0.002593686804175377,
   -0.005579314194619656,
   2.5890307426452637
  ],
  "euler_order": "XYZ",
  "rotation_matrix": [
   [
    -0.8511694073677063,
    -0.5248801708221436,
    0.0033876290544867516
   ],
   [
    0.5248614549636841,
    -0.8511722087860107,
    -0.005136086139827967
   ],
   [
    0.0055792853236198425,
    -0.0025936434976756573,
    0.9999810457229614
   ]
  ]
 },
 {
  "rotation_euler": [
   -0.0008069758187048137,
   -0.0023273222614079714,
   -0.24323076009750366
  ],
  "euler_order": "XYZ",
  "rotation_matrix": [
   [
    0.9705623388290405,
    0.24084128439426422,
    -0.002064462983980775
   ],
   [
    -0.240838885307312,
    0.9705641865730286,
    0.0013437329325824976
   ],
   [
    0.0023273201659321785,
    -0.0008069735486060381,
    0.9999969601631165
   ]
  ]
 },
 {
  "rotation_euler": [
   0.00048169156070798635,
   0.0004801412287633866,
   -0.709446132183075
  ],
  "euler_order": "XYZ",
  "rotation_matrix": [
   [
    0.758722722530365,
    0.6514137387275696,
    5.0513597670942545e-05
   ],
   [
    -0.6514135599136353,
    0.7587225437164307,
    -0.0006782408454455435
   ],
   [
    -0.00048014119965955615,
    0.000481691473396495,
    0.9999997615814209
   ]
  ]
 },
 {
  "rotation_euler": [
   -0.003627723315730691,
   -0.0022574441973119974,
   0.7425348162651062
  ],
  "euler_order": "XYZ",
  "rotation_matrix": [
   [
    0.7367551326751709,
    -0.6761471629142761,
    -0.004116083029657602
   ],
   [
    0.6761559247970581,
    0.7367576956748962,
    0.0011463678674772382
   ],
   [
    0.002257442334666848,
    -0.0036277060862630606,
    0.9999908804893494
   ]
  ]
 },
 {
  "rotation_euler": [
   -8.884362614480779e-06,
   0.005068779923021793,
   2.418846845626831
  ],
  "euler_order": "XYZ",
  "rotation_matrix": [
   [
    -0.7499827146530151,
    -0.6614464521408081,
    -0.0038074064068496227
   ],
   [
    0.66143798828125,
    -0.7499923706054688,
    0.003346049226820469
   ],
   [
    -0.00506875803694129,
    -8.884248927643057e-06,
    0.9999871253967285
   ]
  ]
 }
]