[
 {
  "rotation_euler": [
   1.4288241863250732,
   2.0674915313720703,
   -1.01138174533844
  ],
  "euler_order": "XYZ",
  "rotation_matrix": [
   [
    -0.2528858780860901,
    0.5817954540252686,
    -0.7730218768119812
   ],
   [
    0.4038844108581543,
    -0.6625605225563049,
    -0.6307860016822815
   ],
   [
    -0.8791621923446655,
    -0.4717283248901367,
    -0.06742590665817261
   ]
  ]
 },
 {
  "rotation_euler": [
   -0.028294621035456657,
   -0.05647744610905647,
   -2.079495429992676
  ],
  "euler_order": "XYZ",
  "rotation_matrix": [
   [
    -0.4862649440765381,
    0.8722514510154724,
    0.05218986049294472
   ],
   [
    -0.8719862699508667,
    -0.4882412850856781,
    0.03550143912434578
   ],
   [
    0.05644742771983147,
    -0.02824573777616024,
    0.9980059266090393
   ]
  ]
 },
 {
  "rotation_euler": [
   -0.04852196201682091,
   -0.037065573036670685,
   0.7731411457061768
  ],
  "euler_order": "XYZ",
  "rotation_matrix": [
   [
    0.7152288556098938,
    -0.69627845287323,
    -0.06036510318517685
   ],
   [
    0.6979071497917175,
    0.7161333560943604,
    0.0088648134842515
   ],
   [
    0.03705708682537079,
    -0.04846961051225662,
    0.9981369972229004
   ]
  ]
 },
 {
  "rotation_euler": [
   -0.03791414946317673,
   -0.024809028953313828,
   -0.3593217134475708
  ],
  "euler_order": "XYZ",
  "rotation_matrix": [
   [
    0.9358474612236023,
    0.3522668778896332,
    -0.009876630268990993
   ],
   [
    -0.35153114795684814,
    0.9351321458816528,
    0.044200945645570755
   ],
   [
    0.024806484580039978,
    -0.03789340332150459,
    0.9989738464355469
   ]
  ]
 },
 {
  "rotation_euler": [
   0.7264893651008606,
   2.167419195175171,
   -1.0916264057159424
  ],
  "euler_order": "XYZ",
  "rotation_matrix": [
   [
    -0.2590377926826477,
    0.9166641235351562,
    -0.30434566736221313
   ],
   [
    0.4985750615596771,
    -0.14297282695770264,
    -0.8549746870994568
   ],
   [
    -0.8272377848625183,
    -0.3732098937034607,
    -0.41999050974845886
   ]
  ]
 },
 {
  "rotation_euler": [
   -0.0683310329914093,
   0.004452743101865053,
   -1.667681336402893
  ],
  "euler_order": "XYZ",
  "rotation_matrix": [
   [
    -0.09673254936933517,
    0.9930170178413391,
    0.06752794981002808
   ],
   [
    -0.9953004717826843,
    -0.09620516747236252,
    -0.011026262305676937
   ],
   [
    -0.004452728200703859,
    -0.06827719509601593,
    0.9976564645767212
   ]
  ]
 },
 {
  "rotation_euler": [
   -0.03648325428366661,
   -0.0313483364880085,
   0.934799075126648
  ],
  "euler_order": "XYZ",
  "rotation_matrix": [
   [
    0.5936882495880127,
    -0.8032653331756592,
    -0.04794837906956673
   ],
   [
    0.8040844798088074,
    0.5945045351982117,
    -0.003532673232257366
   ],
   [
    0.03134320303797722,
    -0.03645724058151245,
    0.9988435506820679
   ]
  ]
 },
 {
  "rotation_euler": [
   -1.00132417678833,
   1.4876503944396973,
   1.4505188465118408
  ],
  "euler_order": "XYZ",
  "rotation_matrix": [
   [
    0.009964996948838234,
    -0.6359949707984924,
    -0.7716288566589355
   ],
   [
    0.08245015889406204,
    -0.7685169577598572,
    0.6344948410987854
   ],
   [
    -0.9965453743934631,
    -0.06994365900754929,
    0.044779617339372635
   ]
  ]
 },
 {
  "rotation_euler": [
   -0.03916887193918228,
   0.9425463676452637,
   -2.1695871353149414
  ],
  "euler_order": "XYZ",
  "rotation_matrix": [
   [
    -0.33127039670944214,
    0.8432414531707764,
    -0.42332467436790466
   ],
   [
    -0.48547524213790894,
    -0.5370420813560486,
    -0.6898548007011414
   ],
   [
    -0.8090572953224182,
    -0.023014826700091362,
    0.5872789621353149
   ]
  ]
 },
 {
  "rotation_euler": [
   -0.03671708330512047,
   -0.03993954882025719,
   0.5722149014472961
  ],
  "euler_order": "XYZ",
  "rotation_matrix": [
   [
    0.840033233165741,
    -0.5398982167243958,
    -0.0534234419465065
   ],
   [
    0.5410636067390442,
    0.8409307599067688,
    0.00925449002534151
   ],
   [
    0.03992893174290657,
    -0.03667955845594406,
    0.9985290765762329
   ]
  ]
 },
 {
  "rotation_euler": [
   -2.056380271911621,
   0.8307433128356934,
   -1.2472705841064453
  ],
  "euler_order": "XYZ",
  "rotation_matrix": [
   [
    0.21437622606754303,
    -0.6501303911209106,
    0.7289535999298096
   ],
   [
    -0.63934326171875,
    0.4708136320114136,
    0.6079265475273132
   ],
   [
    -0.7384328246116638,
    -0.5963765978813171,
    -0.31472522020339966
   ]
  ]
 },
 {
  "rotation_euler": [
   -0.9394657015800476,
   1.2079784870147705,
   -0.5440600514411926
  ],
  "euler_order": "XYZ",
  "rotation_matrix": [
   [
    0.30366605520248413,
    -0.34021908044815063,
    0.8899651169776917
   ],
   [
    -0.18370643258094788,
    0.895639181137085,
    0.40507087111473083
   ],
   [
    -0.9349004626274109,
    -0.2864986062049866,
    0.20947480201721191
   ]
  ]
 },
 {
  "rotation_euler": [
   -0.11926373839378357,
   0.8964278697967529,
   1.1177246570587158
  ],
  "euler_order": "XYZ",
  "rotation_matrix": [
   [
    0.2733200192451477,
    -0.9334009885787964,
    0.2325054556131363
   ],
   [
    0.5614060163497925,
    0.3510602116584778,
    0.7493864297866821
   ],
   [
    -0.7811014652252197,
    -0.07429236173629761,
    0.6199687123298645
   ]
  ]
 },
 {
  "rotation_euler": [
   -1.9350773096084595,
   0.7755621671676636,
   -1.16635262966156
  ],
  "euler_order": "XYZ",
  "rotation_matrix": [
   [
    0.2809751331806183,
    -0.584956705570221,
    0.7608407735824585
   ],
   [
    -0.6564208269119263,
    0.46120017766952515,
    0.5969975590705872
   ],
   [
    -0.7001175880432129,
    -0.6671732068061829,
    -0.25439199805259705
   ]
  ]
 },
 {
  "rotation_euler": [
   1.2302026748657227,
   2.634053945541382,
   0.2235790491104126
  ],
  "euler_order": "XYZ",
  "rotation_matrix": [
   [
    -0.8521910905838013,
    0.3726411461830139,
    0.36729949712753296
   ],
   [
    -0.1937716156244278,
    0.42730462551116943,
    -0.8830987215042114
   ],
   [
    -0.48602768778800964,
    -0.82374107837677,
    -0.291937917470932
   ]
  ]
 },
 {
  "rotation_euler": [
   -0.04631906747817993,
   -0.01663179323077202,
   -1.4679162502288818
  ],
  "euler_order": "XYZ",
  "rotation_matrix": [
   [
    0.10268448293209076,
    0.9937247037887573,
    0.04435152933001518
   ],
   [
    -0.9945749640464783,
    0.10182255506515503,
    0.021280553191900253
   ],
   [
    0.016631025820970535,
    -0.046296101063489914,
    0.9987893104553223
   ]
  ]
 }
]