[
 {
  "rotation_euler": [
   5.089772798783088e-07,
   1.1816048622131348,
   3.0642647743225098
  ],
  "euler_order": "XYZ",
  "rotation_matrix": [
   [
    -0.3783065974712372,
    -0.07725130766630173,
    -0.9224512577056885
   ],
   [
    0.029312094673514366,
    -0.997011661529541,
    0.07147423177957535
   ],
   [
    -0.9252161383628845,
    1.9312658139369887e-07,
    0.37944045662879944
   ]
  ]
 },
 {
  "rotation_euler": [
   -1.2503898005888914e-07,
   -1.1816067695617676,
   0.3913976848125458
  ],
  "euler_order": "XYZ",
  "rotation_matrix": [
   [
    0.3507443368434906,
    -0.3814806640148163,
    -0.8552490472793579
   ],
   [
    0.14474856853485107,
    0.9243768453598022,
    -0.35295233130455017
   ],
   [
    0.9252168536186218,
    -4.7444629558413e-08,
    0.37943869829177856
   ]
  ]
 },
 {
  "rotation_euler": [
   -4.271757632068329e-07,
   1.1816068887710571,
   -0.7389527559280396
  ],
  "euler_order": "XYZ",
  "rotation_matrix": [
   [
    0.2804712653160095,
    0.6735138893127441,
    0.6838968396186829
   ],
   [
    -0.25555726885795593,
    0.7391745448112488,
    -0.6231464147567749
   ],
   [
    -0.9252169132232666,
    -1.6208697672936978e-07,
    0.3794386088848114
   ]
  ]
 },
 {
  "rotation_euler": [
   -1.9778805437908886e-07,
   1.1816060543060303,
   -0.784658670425415
  ],
  "euler_order": "XYZ",
  "rotation_matrix": [
   [
    0.26850247383117676,
    0.706583559513092,
    0.6547107100486755
   ],
   [
    -0.2681056559085846,
    0.7076296210289001,
    -0.6537428498268127
   ],
   [
    -0.9252166152000427,
    -7.50485753542307e-08,
    0.3794393539428711
   ]
  ]
 },
 {
  "rotation_euler": [
   -1.7931418483385642e-07,
   1.1816056966781616,
   2.903059959411621
  ],
  "euler_order": "XYZ",
  "rotation_matrix": [
   [
    -0.3686961233615875,
    -0.23627695441246033,
    -0.8990196585655212
   ],
   [
    0.08965291827917099,
    -0.9716857671737671,
    0.21860730648040771
   ],
   [
    -0.9252164959907532,
    -6.803892205198281e-08,
    0.37943971157073975
   ]
  ]
 },
 {
  "rotation_euler": [
   -5.420676529865887e-07,
   1.1816072463989258,
   -2.752443552017212
  ],
  "euler_order": "XYZ",
  "rotation_matrix": [
   [
    -0.35106849670410156,
    0.3794017434120178,
    -0.8560404181480408
   ],
   [
    -0.14395935833454132,
    -0.9252320528030396,
    -0.35102903842926025
   ],
   [
    -0.9252170324325562,
    -2.0568120362440823e-07,
    0.37943825125694275
   ]
  ]
 },
 {
  "rotation_euler": [
   -1.0260939831141513e-07,
   1.1816060543060303,
   -1.8672349452972412
  ],
  "euler_order": "XYZ",
  "rotation_matrix": [
   [
    -0.1108403205871582,
    0.9563829302787781,
    -0.2702704966068268
   ],
   [
    -0.3628893196582794,
    -0.2921159267425537,
    -0.8848613500595093
   ],
   [
    -0.9252166152000427,
    -3.893404354471386e-08,
    0.3794393539428711
   ]
  ]
 },
 {
  "rotation_euler": [
   -1.9305905141209223e-07,
   -1.1816065311431885,
   -0.06910915672779083
  ],
  "euler_order": "XYZ",
  "rotation_matrix": [
   [
    0.37853318452835083,
    0.06905433535575867,
    -0.9230082035064697
   ],
   [
    -0.02620183490216732,
    0.9976128935813904,
    0.0638902559876442
   ],
   [
    0.925216794013977,
    -7.325412099135065e-08,
    0.37943893671035767
   ]
  ]
 },
 {
  "rotation_euler": [
   1.7672432406357075e-08,
   1.1816059350967407,
   0.8198854923248291
  ],
  "euler_order": "XYZ",
  "rotation_matrix": [
   [
    0.2588934302330017,
    -0.7310677170753479,
    0.6312798261642456
   ],
   [
    0.27739593386650085,
    0.6823049187660217,
    0.6763959527015686
   ],
   [
    -0.925216555595398,
    6.705618282865089e-09,
    0.37943947315216064
   ]
  ]
 },
 {
  "rotation_euler": [
   -8.412570906557448e-08,
   -1.1816058158874512,
   -2.8748831748962402
  ],
  "euler_order": "XYZ",
  "rotation_matrix": [
   [
    -0.36602386832237244,
    0.26355862617492676,
    0.8925039768218994
   ],
   [
    -0.10000459849834442,
    -0.9646433591842651,
    0.2438487708568573
   ],
   [
    0.9252164959907532,
    -3.192062436596643e-08,
    0.3794395923614502
   ]
  ]
 },
 {
  "rotation_euler": [
   -5.882739628759737e-07,
   1.1816058158874512,
   -1.6083015203475952
  ],
  "euler_order": "XYZ",
  "rotation_matrix": [
   [
    -0.014227619394659996,
    0.9992967844009399,
    -0.0346917025744915
   ],
   [
    -0.37917274236679077,
    -0.03749585896730423,
    -0.9245659112930298
   ],
   [
    -0.9252164959907532,
    -2.2321442827433202e-07,
    0.3794395923614502
   ]
  ]
 },
 {
  "rotation_euler": [
   2.6789633622570364e-08,
   1.1816061735153198,
   -0.9627530574798584
  ],
  "euler_order": "XYZ",
  "rotation_matrix": [
   [
    0.21675942838191986,
    0.8207674026489258,
    0.5285415649414062
   ],
   [
    -0.3114313781261444,
    0.571262538433075,
    -0.7593876719474792
   ],
   [
    -0.9252166748046875,
    1.0165038588638708e-08,
    0.37943926453590393
   ]
  ]
 },
 {
  "rotation_euler": [
   -5.154990745381838e-08,
   1.1816062927246094,
   -1.395068883895874
  ],
  "euler_order": "XYZ",
  "rotation_matrix": [
   [
    0.06633523106575012,
    0.9845995903015137,
    0.16175052523612976
   ],
   [
    -0.373595654964447,
    0.17482447624206543,
    -0.910968005657196
   ],
   [
    -0.9252166748046875,
    -1.956005313275e-08,
    0.3794391453266144
   ]
  ]
 },
 {
  "rotation_euler": [
   1.9957172980866744e-07,
   -1.1816058158874512,
   1.5276192426681519
  ],
  "euler_order": "XYZ",
  "rotation_matrix": [
   [
    0.01637800596654415,
    -0.999068021774292,
    -0.03993554040789604
   ],
   [
    0.3790859580039978,
    0.0431634858250618,
    -0.9243542551994324
   ],
   [
    0.9252164959907532,
    7.57254170480337e-08,
    0.3794395923614502
   ]
  ]
 },
 {
  "rotation_euler": [
   3.6451808682613773e-07,
   -1.1816059350967407,
   -2.107029438018799
  ],
  "euler_order": "XYZ",
  "rotation_matrix": [
   [
    -0.19385617971420288,
    0.8596394658088684,
    0.47269418835639954
   ],
   [
    -0.3261810839176178,
    -0.510901153087616,
    0.7953526973724365
   ],
   [
    0.925216555595398,
    1.3831255785135e-07,
    0.37943947315216064
   ]
  ]
 },
 {
  "rotation_euler": [
   -5.957090820629674e-07,
   -1.1816051006317139,
   -1.9425063133239746
  ],
  "euler_order": "XYZ",
  "rotation_matrix": [
   [
    -0.1378161758184433,
    0.9317074418067932,
    0.33604758977890015
   ],
   [
    -0.35352736711502075,
    -0.36320969462394714,
    0.8620308041572571
   ],
   [
    0.9252162575721741,
    -2.260360076888901e-07,
    0.3794402480125427
   ]
  ]
 }
]