[
 {
  "rotation_euler": [
   0.8661282062530518,
   0.7674208283424377,
   1.4751325845718384
  ],
  "euler_order": "XYZ",
  "rotation_matrix": [
   [
    0.06874458491802216,
    -0.5942976474761963,
    0.8013017177581787
   ],
   [
    0.7164130210876465,
    0.5883782505989075,
    0.3749178349971771
   ],
   [
    -0.6942813396453857,
    0.54828941822052,
    0.46621042490005493
   ]
  ]
 },
 {
  "rotation_euler": [
   -2.934116840362549,
   0.011304800398647785,
   0.3248991370201111
  ],
  "euler_order": "XYZ",
  "rotation_matrix": [
   [
    0.9476223587989807,
    0.3101605474948883,
    -0.07623827457427979
   ],
   [
    0.3191927969455719,
    -0.9281022548675537,
    0.19168251752853394
   ],
   [
    -0.01130455918610096,
    -0.20597735047340393,
    -0.978491485118866
   ]
  ]
 },
 {
  "rotation_euler": [
   -0.1043834537267685,
   0.5445528626441956,
   1.3119783401489258
  ],
  "euler_order": "XYZ",
  "rotation_matrix": [
   [
    0.21891894936561584,
    -0.975246012210846,
    0.03113977238535881
   ],
   [
    0.8268697261810303,
    0.20236657559871674,
    0.5247229933738708
   ],
   [
    -0.5180356502532959,
    -0.08912327885627747,
    0.8507032990455627
   ]
  ]
 },
 {
  "rotation_euler": [
   0.938065767288208,
   0.7647099494934082,
   -0.6382376551628113
  ],
  "euler_order": "XYZ",
  "rotation_matrix": [
   [
    0.5795373916625977,
    0.8007146120071411,
    -0.15163296461105347
   ],
   [
    -0.4299055337905884,
    0.14231319725513458,
    -0.8915874361991882
   ],
   [
    -0.6923277378082275,
    0.5818960666656494,
    0.4267074465751648
   ]
  ]
 },
 {
  "rotation_euler": [
   -0.10438359528779984,
   0.5445528626441956,
   0.06316837668418884
  ],
  "euler_order": "XYZ",
  "rotation_matrix": [
   [
    0.8536530137062073,
    -0.11665140837430954,
    0.5076110363006592
   ],
   [
    0.05399571359157562,
    0.9891660213470459,
    0.13651004433631897
   ],
   [
    -0.5180356502532959,
    -0.08912339806556702,
    0.8507032990455627
   ]
  ]
 },
 {
  "rotation_euler": [
   0.9431442022323608,
   0.7645787596702576,
   0.050674326717853546
  ],
  "euler_order": "XYZ",
  "rotation_matrix": [
   [
    0.7207476496696472,
    0.529834508895874,
    0.44698795676231384
   ],
   [
    0.036554694175720215,
    0.6148728132247925,
    -0.7877786159515381
   ],
   [
    -0.6922330856323242,
    0.5841290950775146,
    0.42380017042160034
   ]
  ]
 },
 {
  "rotation_euler": [
   0.9877002239227295,
   0.7683181166648865,
   -2.3035731315612793
  ],
  "euler_order": "XYZ",
  "rotation_matrix": [
   [
    -0.4810190200805664,
    0.02123122103512287,
    -0.8764530420303345
   ],
   [
    -0.5345067381858826,
    -0.799522340297699,
    0.27398279309272766
   ],
   [
    -0.6949267983436584,
    0.6002609729766846,
    0.39593368768692017
   ]
  ]
 },
 {
  "rotation_euler": [
   0.0006575526786036789,
   1.0614270649966784e-05,
   1.5143165588378906
  ],
  "euler_order": "XYZ",
  "rotation_matrix": [
   [
    0.05644974485039711,
    -0.9984052181243896,
    0.000657103315461427
   ],
   [
    0.9984054565429688,
    0.05644974112510681,
    -2.6521334802964702e-05
   ],
   [
    -1.0614270649966784e-05,
    0.000657552620396018,
    0.9999997615814209
   ]
  ]
 },
 {
  "rotation_euler": [
   0.9147225618362427,
   0.7658327221870422,
   -1.3070218563079834
  ],
  "euler_order": "XYZ",
  "rotation_matrix": [
   [
    0.18793293833732605,
    0.7321125268936157,
    -0.6547460556030273
   ],
   [
    -0.6958747506141663,
    -0.37119513750076294,
    -0.6147946715354919
   ],
   [
    -0.6931374669075012,
    0.5711614489555359,
    0.43969881534576416
   ]
  ]
 },
 {
  "rotation_euler": [
   0.9210565090179443,
   0.7655552625656128,
   0.26473429799079895
  ],
  "euler_order": "XYZ",
  "rotation_matrix": [
   [
    0.6958796381950378,
    0.37422916293144226,
    0.6129470467567444
   ],
   [
    0.18865108489990234,
    0.7282687425613403,
    -0.6588135957717896
   ],
   [
    -0.692937433719635,
    0.5740880966186523,
    0.436188668012619
   ]
  ]
 },
 {
  "rotation_euler": [
   -0.10438346117734909,
   0.5445529818534851,
   -0.704574465751648
  ],
  "euler_order": "XYZ",
  "rotation_matrix": [
   [
    0.6516870856285095,
    0.6030603647232056,
    0.46002405881881714
   ],
   [
    -0.5540242791175842,
    0.7927011847496033,
    -0.25432637333869934
   ],
   [
    -0.5180357694625854,
    -0.08912327140569687,
    0.850703239440918
   ]
  ]
 },
 {
  "rotation_euler": [
   -0.10438353568315506,
   0.5445529818534851,
   -2.341569423675537
  ],
  "euler_order": "XYZ",
  "rotation_matrix": [
   [
    -0.5959200859069824,
    0.751072347164154,
    -0.284199982881546
   ],
   [
    -0.6136108040809631,
    -0.6541768908500671,
    -0.4421927332878113
   ],
   [
    -0.5180357694625854,
    -0.08912333846092224,
    0.850703239440918
   ]
  ]
 },
 {
  "rotation_euler": [
   -0.10438346862792969,
   0.5445531606674194,
   1.15534245967865
  ],
  "euler_order": "XYZ",
  "rotation_matrix": [
   [
    0.34522730112075806,
    -0.9317383170127869,
    0.11261340975761414
   ],
   [
    0.782596230506897,
    0.35202375054359436,
    0.5134417414665222
   ],
   [
    -0.5180359482765198,
    -0.08912327140569687,
    0.8507031202316284
   ]
  ]
 },
 {
  "rotation_euler": [
   -0.10438346862792969,
   0.5445531010627747,
   -1.6356526613235474
  ],
  "euler_order": "XYZ",
  "rotation_matrix": [
   [
    -0.05543655902147293,
    0.9959642291069031,
    0.07058333605527878
   ],
   [
    -0.8535605669021606,
    -0.010595354251563549,
    -0.5208858847618103
   ],
   [
    -0.518035888671875,
    -0.08912327140569687,
    0.8507031798362732
   ]
  ]
 },
 {
  "rotation_euler": [
   -0.10444668680429459,
   0.5445170998573303,
   1.377970814704895
  ],
  "euler_order": "XYZ",
  "rotation_matrix": [
   [
    0.1639183908700943,
    -0.9864673614501953,
    -0.0035988593008369207
   ],
   [
    0.8395245671272278,
    0.13758379220962524,
    0.5256131887435913
   ],
   [
    -0.5180050730705261,
    -0.08917900174856186,
    0.8507160544395447
   ]
  ]
 },
 {
  "rotation_euler": [
   0.0006586213712580502,
   -7.007790827628924e-07,
   1.3317862749099731
  ],
  "euler_order": "XYZ",
  "rotation_matrix": [
   [
    0.23674093186855316,
    -0.9715725779533386,
    0.0006397326942533255
   ],
   [
    0.9715728163719177,
    0.23674088716506958,
    -0.00015660349163226783
   ],
   [
    7.007790827628924e-07,
    0.0006586213130503893,
    0.9999997615814209
   ]
  ]
 }
]