[
 {
  "rotation_euler": [
   -0.10538376122713089,
   -0.040768448263406754,
   1.8201580047607422
  ],
  "euler_order": "XYZ",
  "rotation_matrix": [
   [
    -0.24658037722110748,
    -0.9647520184516907,
    -0.09193286299705505
   ],
   [
    0.9682649374008179,
    -0.24126173555850983,
    -0.06523649394512177
   ],
   [
    0.040757156908512115,
    -0.10510140657424927,
    0.9936259388923645
   ]
  ]
 },
 {
  "rotation_euler": [
   -0.060577426105737686,
   -0.12085825949907303,
   -0.7342114448547363
  ],
  "euler_order": "XYZ",
  "rotation_matrix": [
   [
    0.7369441986083984,
    0.6741915345191956,
    -0.048775650560855865
   ],
   [
    -0.6651146411895752,
    0.7361072897911072,
    0.1255728304386139
   ],
   [
    0.12056425213813782,
    -0.06009877473115921,
    0.9908846616744995
   ]
  ]
 },
 {
  "rotation_euler": [
   0.13388434052467346,
   0.1477951854467392,
   2.0448758602142334
  ],
  "euler_order": "XYZ",
  "rotation_matrix": [
   [
    -0.45154279470443726,
    -0.890724778175354,
    0.05213870108127594
   ],
   [
    0.8800138235092163,
    -0.4349454343318939,
    0.1907830685377121
   ],
   [
    -0.1472577154636383,
    0.1320294886827469,
    0.9802466034889221
   ]
  ]
 },
 {
  "rotation_euler": [
   0.05593403801321983,
   -0.012108785100281239,
   1.4830162525177002
  ],
  "euler_order": "XYZ",
  "rotation_matrix": [
   [
    0.08766096085309982,
    -0.9946512579917908,
    0.054629772901535034
   ],
   [
    0.996076762676239,
    0.08685597032308578,
    -0.0169440396130085
   ],
   [
    0.01210848893970251,
    0.055900778621435165,
    0.9983628988265991
   ]
  ]
 },
 {
  "rotation_euler": [
   0.02205081470310688,
   -0.07096333056688309,
   2.5530900955200195
  ],
  "euler_order": "XYZ",
  "rotation_matrix": [
   [
    -0.8296794295310974,
    -0.5536807775497437,
    0.07120127975940704
   ],
   [
    0.5537189841270447,
    -0.8324385285377502,
    -0.02101048268377781
   ],
   [
    0.07090378552675247,
    0.02199353463947773,
    0.9972406625747681
   ]
  ]
 },
 {
  "rotation_euler": [
   0.05304582789540291,
   0.12765677273273468,
   3.0075690746307373
  ],
  "euler_order": "XYZ",
  "rotation_matrix": [
   [
    -0.9829681515693665,
    -0.1401243358850479,
    -0.11890637874603271
   ],
   [
    0.1325354129076004,
    -0.9887363314628601,
    0.0695331022143364
   ],
   [
    -0.12731033563613892,
    0.05258952081203461,
    0.9904677867889404
   ]
  ]
 },
 {
  "rotation_euler": [
   -0.1392122358083725,
   -0.10373097658157349,
   -2.0966835021972656
  ],
  "euler_order": "XYZ",
  "rotation_matrix": [
   [
    -0.49928224086761475,
    0.8492991924285889,
    0.171487957239151
   ],
   [
    -0.860230028629303,
    -0.509550929069519,
    0.019031226634979248
   ],
   [
    0.10354504734277725,
    -0.13801713287830353,
    0.9850023984909058
   ]
  ]
 },
 {
  "rotation_euler": [
   -0.033333670347929,
   -0.05020039528608322,
   2.372969627380371
  ],
  "euler_order": "XYZ",
  "rotation_matrix": [
   [
    -0.717962920665741,
    -0.6959620714187622,
    0.012884813360869884
   ],
   [
    0.6942703127861023,
    -0.7173066735267639,
    -0.058820661157369614
   ],
   [
    0.050179313868284225,
    -0.033285513520240784,
    0.998185396194458
   ]
  ]
 },
 {
  "rotation_euler": [
   -0.053446412086486816,
   -0.031367700546979904,
   0.8730625510215759
  ],
  "euler_order": "XYZ",
  "rotation_matrix": [
   [
    0.6421666741371155,
    -0.7641295194625854,
    -0.06105762720108032
   ],
   [
    0.7659232020378113,
    0.6428492069244385,
    0.010323235765099525
   ],
   [
    0.03136255592107773,
    -0.05339469015598297,
    0.998080849647522
   ]
  ]
 },
 {
  "rotation_euler": [
   -0.13764090836048126,
   0.007265845313668251,
   1.8772166967391968
  ],
  "euler_order": "XYZ",
  "rotation_matrix": [
   [
    -0.30163973569869995,
    -0.9441016912460327,
    -0.13298653066158295
   ],
   [
    0.9533942937850952,
    -0.2997453212738037,
    -0.034526266157627106
   ],
   [
    -0.00726578151807189,
    -0.13720309734344482,
    0.9905163049697876
   ]
  ]
 },
 {
  "rotation_euler": [
   -0.05497388541698456,
   -0.05432514473795891,
   2.757075309753418
  ],
  "euler_order": "XYZ",
  "rotation_matrix": [
   [
    -0.9256120920181274,
    -0.37731072306632996,
    0.029646530747413635
   ],
   [
    0.37455838918685913,
    -0.9244600534439087,
    -0.07127121835947037
   ],
   [
    0.05429842695593834,
    -0.054865140467882156,
    0.9970163106918335
   ]
  ]
 },
 {
  "rotation_euler": [
   -0.14848360419273376,
   -0.07732155174016953,
   -1.1627027988433838
  ],
  "euler_order": "XYZ",
  "rotation_matrix": [
   [
    0.39567437767982483,
    0.9123143553733826,
    0.10547178238630295
   ],
   [
    -0.9151366353034973,
    0.3820042908191681,
    0.1288319081068039
   ],
   [
    0.07724452763795853,
    -0.14749658107757568,
    0.9860416054725647
   ]
  ]
 },
 {
  "rotation_euler": [
   -0.0807042196393013,
   -0.1398899406194687,
   1.9038296937942505
  ],
  "euler_order": "XYZ",
  "rotation_matrix": [
   [
    -0.32371774315834045,
    -0.9456537961959839,
    -0.030752943828701973
   ],
   [
    0.9358231425285339,
    -0.3152241110801697,
    -0.15769851207733154
   ],
   [
    0.13943412899971008,
    -0.0798291265964508,
    0.9870083332061768
   ]
  ]
 },
 {
  "rotation_euler": [
   -0.1589052677154541,
   -0.26043224334716797,
   1.1956815719604492
  ],
  "euler_order": "XYZ",
  "rotation_matrix": [
   [
    0.3540245592594147,
    -0.9038143157958984,
    -0.24038784205913544
   ],
   [
    0.8990891575813293,
    0.3996759355068207,
    -0.1785997450351715
   ],
   [
    0.25749823451042175,
    -0.15290139615535736,
    0.9541047215461731
   ]
  ]
 },
 {
  "rotation_euler": [
   -0.021813077852129936,
   -0.08472193032503128,
   2.3417367935180664
  ],
  "euler_order": "XYZ",
  "rotation_matrix": [
   [
    -0.6943107843399048,
    -0.7183711528778076,
    0.04330615699291229
   ],
   [
    0.7146830558776855,
    -0.6953204870223999,
    -0.07587854564189911
   ],
   [
    0.08462061733007431,
    -0.0217331163585186,
    0.9961761832237244
   ]
  ]
 },
 {
  "rotation_euler": [
   0.1287274956703186,
   0.1164432242512703,
   0.8722063302993774
  ],
  "euler_order": "XYZ",
  "rotation_matrix": [
   [
    0.6387833952903748,
    -0.7498220205307007,
    0.17240281403064728
   ],
   [
    0.7605642080307007,
    0.6492379903793335,
    0.0056677511893212795
   ],
   [
    -0.11618026345968246,
    0.1275029480457306,
    0.9850102066993713
   ]
  ]
 }
]