[
 {
  "rotation_euler": [
   -0.0005963162984699011,
   -7.554530839115614e-06,
   0.08342624455690384
  ],
  "euler_order": "XYZ",
  "rotation_matrix": [
   [
    0.996522068977356,
    -0.08332948386669159,
    -5.721899287891574e-05
   ],
   [
    0.08332950621843338,
    0.9965218901634216,
    0.0005936127854511142
   ],
   [
    7.554530839115614e-06,
    -0.0005963162402622402,
    0.9999998211860657
   ]
  ]
 },
 {
  "rotation_euler": [
   -0.191054105758667,
   1.4732192754745483,
   1.1990247964859009
  ],
  "euler_order": "XYZ",
  "rotation_matrix": [
   [
    0.035390254110097885,
    -0.9833868741989136,
    0.1780387908220291
   ],
   [
    0.09076690673828125,
    0.18057695031166077,
    0.979363739490509
   ],
   [
    -0.9952431321144104,
    -0.01849989965558052,
    0.09564964473247528
   ]
  ]
 },
 {
  "rotation_euler": [
   -0.09535810351371765,
   1.4744274616241455,
   1.5139845609664917
  ],
  "euler_order": "XYZ",
  "rotation_matrix": [
   [
    0.0054634748958051205,
    -0.9992321133613586,
    -0.03879905492067337
   ],
   [
    0.09606453776359558,
    -0.03809572383761406,
    0.9946458339691162
   ],
   [
    -0.9953601360321045,
    -0.00916143599897623,
    0.09578263014554977
   ]
  ]
 },
 {
  "rotation_euler": [
   -0.0005983563023619354,
   -7.336734597629402e-06,
   3.0832526683807373
  ],
  "euler_order": "XYZ",
  "rotation_matrix": [
   [
    -0.998298704624176,
    -0.05830689147114754,
    -2.7564045012695715e-05
   ],
   [
    0.058306895196437836,
    -0.9982985258102417,
    -0.0005977660766802728
   ],
   [
    7.336734597629402e-06,
    -0.0005983562441542745,
    0.9999998211860657
   ]
  ]
 },
 {
  "rotation_euler": [
   -0.17130136489868164,
   1.4735431671142578,
   1.033167839050293
  ],
  "euler_order": "XYZ",
  "rotation_matrix": [
   [
    0.049724917858839035,
    -0.9332367181777954,
    0.3558042347431183
   ],
   [
    0.08340160548686981,
    0.35888054966926575,
    0.9296498894691467
   ],
   [
    -0.9952746629714966,
    -0.016552120447158813,
    0.09567874670028687
   ]
  ]
 },
 {
  "rotation_euler": [
   -0.14212357997894287,
   1.4739502668380737,
   1.1526286602020264
  ],
  "euler_order": "XYZ",
  "rotation_matrix": [
   [
    0.039266448467969894,
    -0.9618716239929199,
    0.2706679403781891
   ],
   [
    0.08836299926042557,
    0.2731581926345825,
    0.957902193069458
   ],
   [
    -0.9953140616416931,
    -0.013696384616196156,
    0.09571981430053711
   ]
  ]
 },
 {
  "rotation_euler": [
   -0.0005994008388370275,
   -2.115699544447125e-06,
   0.7065524458885193
  ],
  "euler_order": "XYZ",
  "rotation_matrix": [
   [
    0.7606046199798584,
    -0.6492152810096741,
    -0.0003907494537997991
   ],
   [
    0.6492154002189636,
    0.7606044411659241,
    0.0004545334668364376
   ],
   [
    2.115699544447125e-06,
    -0.0005994007806293666,
    0.9999998211860657
   ]
  ]
 },
 {
  "rotation_euler": [
   0.305059552192688,
   1.4697339534759521,
   1.767832636833191
  ],
  "euler_order": "XYZ",
  "rotation_matrix": [
   [
    -0.019750697538256645,
    -0.9938711524009705,
    0.10876603424549103
   ],
   [
    0.09893830120563507,
    0.1063104048371315,
    0.9893984794616699
   ],
   [
    -0.9948975443840027,
    0.030302437022328377,
    0.09623222053050995
   ]
  ]
 },
 {
  "rotation_euler": [
   -0.0011031159665435553,
   -0.06462539732456207,
   2.441746473312378
  ],
  "euler_order": "XYZ",
  "rotation_matrix": [
   [
    -0.7633444666862488,
    -0.6441541314125061,
    0.04868968203663826
   ],
   [
    0.6427554488182068,
    -0.7648949027061462,
    -0.04244004562497139
   ],
   [
    0.06458042562007904,
    -0.0011008130386471748,
    0.9979118704795837
   ]
  ]
 },
 {
  "rotation_euler": [
   0.029625939205288887,
   1.4746664762496948,
   -0.7414771914482117
  ],
  "euler_order": "XYZ",
  "rotation_matrix": [
   [
    0.07078390568494797,
    0.6968259215354919,
    0.7137389779090881
   ],
   [
    -0.06482404470443726,
    0.7172346711158752,
    -0.693809986114502
   ],
   [
    -0.995383083820343,
    0.0028431368991732597,
    0.0959397479891777
   ]
  ]
 },
 {
  "rotation_euler": [
   -0.1910286694765091,
   1.4732182025909424,
   -2.361495018005371
  ],
  "euler_order": "XYZ",
  "rotation_matrix": [
   [
    -0.06925288587808609,
    0.8248798251152039,
    -0.5610501170158386
   ],
   [
    -0.06852260231971741,
    -0.565005362033844,
    -0.822236955165863
   ],
   [
    -0.9952430129051208,
    -0.01849767006933689,
    0.09565116465091705
   ]
  ]
 },
 {
  "rotation_euler": [
   -0.19101879000663757,
   -1.4732177257537842,
   -1.2854281663894653
  ],
  "euler_order": "XYZ",
  "rotation_matrix": [
   [
    0.02742585353553295,
    0.9952981472015381,
    -0.09289465844631195
   ],
   [
    -0.0934838205575943,
    0.09507609158754349,
    0.9910708069801331
   ],
   [
    0.9952430129051208,
    -0.018496815115213394,
    0.09565181285142899
   ]
  ]
 },
 {
  "rotation_euler": [
   -0.0005916949012316763,
   -1.3019594916841015e-05,
   -3.0520238876342773
  ],
  "euler_order": "XYZ",
  "rotation_matrix": [
   [
    -0.9959914088249207,
    0.08944902569055557,
    6.589394615730271e-05
   ],
   [
    -0.08944905549287796,
    -0.9959912300109863,
    -0.0005881584365852177
   ],
   [
    1.3019594916841015e-05,
    -0.0005916948430240154,
    0.9999998211860657
   ]
  ]
 },
 {
  "rotation_euler": [
   -0.18458794057369232,
   -1.4733284711837769,
   0.6796751022338867
  ],
  "euler_order": "XYZ",
  "rotation_matrix": [
   [
    0.07568828016519547,
    -0.47578588128089905,
    -0.8762984871864319
   ],
   [
    0.06116552650928497,
    0.8793797492980957,
    -0.47217583656311035
   ],
   [
    0.9952537417411804,
    -0.017861083149909973,
    0.09566044062376022
   ]
  ]
 },
 {
  "rotation_euler": [
   -0.0005988230113871396,
   4.125336545257596e-06,
   2.6773717403411865
  ],
  "euler_order": "XYZ",
  "rotation_matrix": [
   [
    -0.8941706418991089,
    -0.44772621989250183,
    -0.0002717975585255772
   ],
   [
    0.447726309299469,
    -0.8941705226898193,
    -0.000533602898940444
   ],
   [
    -4.125336545257596e-06,
    -0.0005988229531794786,
    0.9999998211860657
   ]
  ]
 },
 {
  "rotation_euler": [
   -0.0005916017689742148,
   7.962702511576936e-06,
   0.6128867864608765
  ],
  "euler_order": "XYZ",
  "rotation_matrix": [
   [
    0.8179908394813538,
    -0.57523113489151,
    -0.0003337943635415286
   ],
   [
    0.5752311944961548,
    0.8179907202720642,
    0.000488505233079195
   ],
   [
    -7.962702511576936e-06,
    -0.0005916017107665539,
    0.9999998211860657
   ]
  ]
 }
]