[
 {
  "rotation_euler": [
   -1.4925215244293213,
   0.20439952611923218,
   -1.9147087335586548
  ],
  "euler_order": "XYZ",
  "rotation_matrix": [
   [
    -0.33015406131744385,
    0.14184556901454926,
    0.9332085251808167
   ],
   [
    -0.9218447208404541,
    0.16414299607276917,
    -0.35108309984207153
   ],
   [
    -0.2029792219400406,
    -0.9761849045753479,
    0.07656711339950562
   ]
  ]
 },
 {
  "rotation_euler": [
   -1.4959276914596558,
   -0.1415606588125229,
   -2.8225393295288086
  ],
  "euler_order": "XYZ",
  "rotation_matrix": [
   [
    -0.9400346279144287,
    -0.11013075709342957,
    0.32280975580215454
   ],
   [
    -0.3105301856994629,
    -0.11515472084283829,
    -0.9435626268386841
   ],
   [
    0.1410883367061615,
    -0.9872236847877502,
    0.07405050098896027
   ]
  ]
 },
 {
  "rotation_euler": [
   -1.4939900636672974,
   -0.15466323494911194,
   -2.1886343955993652
  ],
  "euler_order": "XYZ",
  "rotation_matrix": [
   [
    -0.5723597407341003,
    -0.026426831260323524,
    0.8195766806602478
   ],
   [
    -0.8054028749465942,
    -0.1696470081806183,
    -0.5679314732551575
   ],
   [
    0.15404736995697021,
    -0.9851505160331726,
    0.0758148729801178
   ]
  ]
 },
 {
  "rotation_euler": [
   -1.487465739250183,
   -0.20242458581924438,
   -1.529950737953186
  ],
  "euler_order": "XYZ",
  "rotation_matrix": [
   [
    0.04000047966837883,
    0.09134578704833984,
    0.995015561580658
   ],
   [
    -0.9787649512290955,
    -0.1967814713716507,
    0.05741239711642265
   ],
   [
    0.20104500651359558,
    -0.9761828780174255,
    0.08153470605611801
   ]
  ]
 },
 {
  "rotation_euler": [
   -1.4939846992492676,
   -0.1373143047094345,
   -2.7896242141723633
  ],
  "euler_order": "XYZ",
  "rotation_matrix": [
   [
    -0.9298601746559143,
    -0.10165834426879883,
    0.3535896837711334
   ],
   [
    -0.3415012061595917,
    -0.11908270418643951,
    -0.9323069453239441
   ],
   [
    0.1368831992149353,
    -0.9876663684844971,
    0.07601381838321686
   ]
  ]
 },
 {
  "rotation_euler": [
   -1.4441148042678833,
   0.22218210995197296,
   0.14690767228603363
  ],
  "euler_order": "XYZ",
  "rotation_matrix": [
   [
    0.9649121761322021,
    -0.23473228514194489,
    -0.11766594648361206
   ],
   [
    0.14278164505958557,
    0.09298447519540787,
    0.9853767156600952
   ],
   [
    -0.22035861015319824,
    -0.967602550983429,
    0.12323731184005737
   ]
  ]
 },
 {
  "rotation_euler": [
   -1.4939897060394287,
   0.0706816166639328,
   0.3205464780330658
  ],
  "euler_order": "XYZ",
  "rotation_matrix": [
   [
    0.9466936588287354,
    -0.09100473672151566,
    -0.30901336669921875
   ],
   [
    0.31429851055145264,
    0.050636108964681625,
    0.9479727745056152
   ],
   [
    -0.07062277942895889,
    -0.9945622682571411,
    0.0765395388007164
   ]
  ]
 },
 {
  "rotation_euler": [
   -1.4914602041244507,
   0.22331580519676208,
   2.074528217315674
  ],
  "euler_order": "XYZ",
  "rotation_matrix": [
   [
    -0.4707111418247223,
    0.03715525567531586,
    -0.8815047144889832
   ],
   [
    0.8540401458740234,
    -0.23160070180892944,
    -0.46580737829208374
   ],
   [
    -0.22146430611610413,
    -0.9721011519432068,
    0.07728495448827744
   ]
  ]
 },
 {
  "rotation_euler": [
   -1.4939825534820557,
   0.06356676667928696,
   2.645346164703369
  ],
  "euler_order": "XYZ",
  "rotation_matrix": [
   [
    -0.877599835395813,
    0.019159480929374695,
    -0.4790108799934387
   ],
   [
    0.47516652941703796,
    -0.09763813763856888,
    -0.8744618892669678
   ],
   [
    -0.06352396309375763,
    -0.9950375556945801,
    0.07658327370882034
   ]
  ]
 },
 {
  "rotation_euler": [
   -1.4962685108184814,
   -0.22249792516231537,
   0.07889097929000854
  ],
  "euler_order": "XYZ",
  "rotation_matrix": [
   [
    0.9723156690597534,
    0.21350163221359253,
    -0.09496988356113434
   ],
   [
    0.07686647027730942,
    0.09156953543424606,
    0.9928275346755981
   ],
   [
    0.22066666185855865,
    -0.9726418256759644,
    0.07262337952852249
   ]
  ]
 },
 {
  "rotation_euler": [
   -0.0617339052259922,
   2.1419889890239574e-05,
   -0.10155276954174042
  ],
  "euler_order": "XYZ",
  "rotation_matrix": [
   [
    0.9948479533195496,
    0.10118387639522552,
    0.006275773514062166
   ],
   [
    -0.10137830674648285,
    0.9929529428482056,
    0.06137467920780182
   ],
   [
    -2.1419889890239574e-05,
    -0.06169470027089119,
    0.9980950951576233
   ]
  ]
 },
 {
  "rotation_euler": [
   1.6021358966827393,
   -0.3588275909423828,
   1.687609076499939
  ],
  "euler_order": "XYZ",
  "rotation_matrix": [
   [
    -0.10912428796291351,
    0.0720294937491417,
    0.9914149641990662
   ],
   [
    0.9299283623695374,
    -0.3449603021144867,
    0.12741898000240326
   ],
   [
    0.35117673873901367,
    0.9358494281768799,
    -0.02933872491121292
   ]
  ]
 },
 {
  "rotation_euler": [
   -1.4939876794815063,
   0.034611333161592484,
   2.361532688140869
  ],
  "euler_order": "XYZ",
  "rotation_matrix": [
   [
    -0.7104456424713135,
    -0.0294413473457098,
    -0.7031360268592834
   ],
   [
    0.7029008269309998,
    -0.07881369441747665,
    -0.7069079279899597
   ],
   [
    -0.03460442274808884,
    -0.9964545369148254,
    0.07668718695640564
   ]
  ]
 },
 {
  "rotation_euler": [
   -1.494062066078186,
   -0.02377794124186039,
   0.6908226609230042
  ],
  "euler_order": "XYZ",
  "rotation_matrix": [
   [
    0.7705042362213135,
    -0.0305743757635355,
    -0.636701226234436
   ],
   [
    0.6369913220405579,
    0.07418739050626755,
    0.767292857170105
   ],
   [
    0.023775700479745865,
    -0.9967755079269409,
    0.07663730531930923
   ]
  ]
 },
 {
  "rotation_euler": [
   -1.4939165115356445,
   0.16456915438175201,
   -0.9076076149940491
  ],
  "euler_order": "XYZ",
  "rotation_matrix": [
   [
    0.6073150038719177,
    -0.04003537818789482,
    0.793451726436615
   ],
   [
    -0.7773860692977905,
    0.17600314319133759,
    0.603898823261261
   ],
   [
    -0.1638273149728775,
    -0.983575165271759,
    0.07576640695333481
   ]
  ]
 },
 {
  "rotation_euler": [
   2.9300408363342285,
   1.0467348098754883,
   -0.21497023105621338
  ],
  "euler_order": "XYZ",
  "rotation_matrix": [
   [
    0.488882839679718,
    -0.030950011685490608,
    -0.8718002438545227
   ],
   [
    -0.10674464702606201,
    -0.9939827919006348,
    -0.024571968242526054
   ],
   [
    -0.8657939434051514,
    0.10507282614707947,
    -0.48924487829208374
   ]
  ]
 }
]