[
 {
  "rotation_euler": [
   -1.5615211725234985,
   -0.3924814760684967,
   2.69167160987854
  ],
  "euler_order": "XYZ",
  "rotation_matrix": [
   [
    -0.832011342048645,
    -0.3484371304512024,
    -0.43168124556541443
   ],
   [
    0.40182626247406006,
    0.1579803228378296,
    -0.9019855260848999
   ],
   [
    0.3824823796749115,
    -0.9239230155944824,
    0.008569774217903614
   ]
  ]
 },
 {
  "rotation_euler": [
   -1.5731574296951294,
   -2.3667941093444824,
   0.2798815071582794
  ],
  "euler_order": "XYZ",
  "rotation_matrix": [
   [
    -0.6867570877075195,
    0.6730008721351624,
    -0.27465352416038513
   ],
   [
    -0.19739186763763428,
    0.19098128378391266,
    0.9615417718887329
   ],
   [
    0.6995721459388733,
    0.7145599722862244,
    0.0016871527768671513
   ]
  ]
 },
 {
  "rotation_euler": [
   1.6007097959518433,
   1.712719440460205,
   0.8995766639709473
  ],
  "euler_order": "XYZ",
  "rotation_matrix": [
   [
    -0.08797185868024826,
    0.6388336420059204,
    0.7642987370491028
   ],
   [
    -0.11076212674379349,
    0.7562421560287476,
    -0.6448484659194946
   ],
   [
    -0.9899458289146423,
    -0.14138387143611908,
    0.0042305439710617065
   ]
  ]
 },
 {
  "rotation_euler": [
   -1.561521053314209,
   -0.3922891616821289,
   -0.8095962405204773
  ],
  "euler_order": "XYZ",
  "rotation_matrix": [
   [
    0.6373917460441589,
    0.27041420340538025,
    0.7215316295623779
   ],
   [
    -0.66901034116745,
    -0.2703821063041687,
    0.6923284530639648
   ],
   [
    0.38230469822883606,
    -0.9239965677261353,
    0.008570566773414612
   ]
  ]
 },
 {
  "rotation_euler": [
   1.569686770439148,
   -0.12853367626667023,
   -2.1904282569885254
  ],
  "euler_order": "XYZ",
  "rotation_matrix": [
   [
    -0.5759450197219849,
    0.07534194737672806,
    -0.8140091896057129
   ],
   [
    -0.8073767423629761,
    0.10370596498250961,
    0.5808509588241577
   ],
   [
    0.12818005681037903,
    0.9917502999305725,
    0.001100403256714344
   ]
  ]
 },
 {
  "rotation_euler": [
   -1.5840784311294556,
   1.962451457977295,
   0.2718672752380371
  ],
  "euler_order": "XYZ",
  "rotation_matrix": [
   [
    -0.36769863963127136,
    -0.8866857886314392,
    -0.2803320288658142
   ],
   [
    -0.10250315815210342,
    -0.2609690725803375,
    0.9598897099494934
   ],
   [
    -0.9242785573005676,
    0.3816850781440735,
    0.00506987888365984
   ]
  ]
 },
 {
  "rotation_euler": [
   1.5678956508636475,
   -0.4828678369522095,
   1.4396212100982666
  ],
  "euler_order": "XYZ",
  "rotation_matrix": [
   [
    0.11584457755088806,
    -0.06360834091901779,
    0.9912285208702087
   ],
   [
    0.8780580759048462,
    -0.45995065569877625,
    -0.13213397562503815
   ],
   [
    0.4643210172653198,
    0.8856632709503174,
    0.002569029340520501
   ]
  ]
 },
 {
  "rotation_euler": [
   1.568727970123291,
   -0.707374095916748,
   -2.3522439002990723
  ],
  "euler_order": "XYZ",
  "rotation_matrix": [
   [
    -0.5353238582611084,
    0.45915481448173523,
    -0.7089465856552124
   ],
   [
    -0.5395703315734863,
    0.45986035466194153,
    0.7052604556083679
   ],
   [
    0.6498401165008545,
    0.7600693106651306,
    0.001572096603922546
   ]
  ]
 },
 {
  "rotation_euler": [
   1.5794174671173096,
   -2.7911577224731445,
   0.20557090640068054
  ],
  "euler_order": "XYZ",
  "rotation_matrix": [
   [
    -0.9194477796554565,
    -0.33430561423301697,
    0.20701582729816437
   ],
   [
    -0.19172000885009766,
    -0.07851468771696091,
    -0.9783040881156921
   ],
   [
    0.3433063328266144,
    -0.9391885995864868,
    0.008097076788544655
   ]
  ]
 },
 {
  "rotation_euler": [
   -1.5520070791244507,
   -1.2008860111236572,
   -1.147232174873352
  ],
  "euler_order": "XYZ",
  "rotation_matrix": [
   [
    0.14859400689601898,
    0.400271475315094,
    0.9042690992355347
   ],
   [
    -0.32958319783210754,
    -0.8420947790145874,
    0.4269089996814728
   ],
   [
    0.9323597550392151,
    -0.36146798729896545,
    0.006792511325329542
   ]
  ]
 },
 {
  "rotation_euler": [
   -1.5099129676818848,
   -1.5076041221618652,
   0.11863382160663605
  ],
  "euler_order": "XYZ",
  "rotation_matrix": [
   [
    0.06270629167556763,
    0.9819517731666565,
    -0.17843393981456757
   ],
   [
    0.0074741835705935955,
    0.17831873893737793,
    0.9839444160461426
   ],
   [
    0.9980040192604065,
    -0.06303314864635468,
    0.0038424187805503607
   ]
  ]
 },
 {
  "rotation_euler": [
   1.5843496322631836,
   2.0469114780426025,
   0.13885396718978882
  ],
  "euler_order": "XYZ",
  "rotation_matrix": [
   [
    -0.45391854643821716,
    0.8820228576660156,
    0.12646585702896118
   ],
   [
    -0.0634366124868393,
    0.10958099365234375,
    -0.9919515252113342
   ],
   [
    -0.8887821435928345,
    -0.45828777551651,
    0.0062116943299770355
   ]
  ]
 },
 {
  "rotation_euler": [
   1.5573303699493408,
   1.1855781078338623,
   -1.389581561088562
  ],
  "euler_order": "XYZ",
  "rotation_matrix": [
   [
    0.06772143393754959,
    0.1802469938993454,
    -0.9812873601913452
   ],
   [
    -0.36960846185684204,
    -0.9090324640274048,
    -0.19248265027999878
   ],
   [
    -0.9267164468765259,
    0.3757272958755493,
    0.005059833638370037
   ]
  ]
 },
 {
  "rotation_euler": [
   1.5700974464416504,
   -0.04703843966126442,
   2.271544933319092
  ],
  "euler_order": "XYZ",
  "rotation_matrix": [
   [
    -0.6440768837928772,
    0.029784532263875008,
    0.764380693435669
   ],
   [
    0.7635142207145691,
    -0.03639165312051773,
    0.64476478099823
   ],
   [
    0.04702109470963478,
    0.998893678188324,
    0.0006981072365306318
   ]
  ]
 },
 {
  "rotation_euler": [
   1.5118557214736938,
   1.5118478536605835,
   -1.6008411645889282
  ],
  "euler_order": "XYZ",
  "rotation_matrix": [
   [
    -0.0017698054434731603,
    0.028943834826350212,
    -0.9995794892311096
   ],
   [
    -0.058887749910354614,
    -0.9978494048118591,
    -0.028789473697543144
   ],
   [
    -0.9982630610466003,
    0.058812033385038376,
    0.003470436669886112
   ]
  ]
 },
 {
  "rotation_euler": [
   1.5893951654434204,
   -1.9638358354568481,
   -0.5904116034507751
  ],
  "euler_order": "XYZ",
  "rotation_matrix": [
   [
    -0.3181608319282532,
    -0.7775899171829224,
    -0.5423353314399719
   ],
   [
    0.21321609616279602,
    0.4987156391143799,
    -0.840131938457489
   ],
   [
    0.9237492084503174,
    -0.3829316794872284,
    0.007122905924916267
   ]
  ]
 }
]