[
 {
  "rotation_euler": [
   0.379314661026001,
   -0.369030237197876,
   0.25802960991859436
  ],
  "euler_order": "XYZ",
  "rotation_matrix": [
   [
    0.9018009901046753,
    -0.3661814332008362,
    -0.22949109971523285
   ],
   [
    0.23799683153629303,
    0.8640837669372559,
    -0.4435276687145233
   ],
   [
    0.36071112751960754,
    0.3453555107116699,
    0.8663815855979919
   ]
  ]
 },
 {
  "rotation_euler": [
   -1.2716712951660156,
   -1.8097277879714966,
   0.917198657989502
  ],
  "euler_order": "XYZ",
  "rotation_matrix": [
   [
    -0.14390307664871216,
    0.3305891454219818,
    -0.9327393770217896
   ],
   [
    -0.18788833916187286,
    0.9162775278091431,
    0.3537420332431793
   ],
   [
    0.9715914130210876,
    0.22615541517734528,
    -0.06974131613969803
   ]
  ]
 },
 {
  "rotation_euler": [
   1.9665216207504272,
   -1.3332041501998901,
   -0.06499230861663818
  ],
  "euler_order": "XYZ",
  "rotation_matrix": [
   [
    0.2348662167787552,
    -0.9199378490447998,
    0.3139302134513855
   ],
   [
    -0.015286026522517204,
    -0.3264198899269104,
    -0.945101261138916
   ],
   [
    0.9719074964523315,
    0.21717360615730286,
    -0.09072719514369965
   ]
  ]
 },
 {
  "rotation_euler": [
   1.6479054689407349,
   0.9642558693885803,
   0.5124521851539612
  ],
  "euler_order": "XYZ",
  "rotation_matrix": [
   [
    0.4968053102493286,
    0.7517255544662476,
    0.4336971342563629
   ],
   [
    0.2794940173625946,
    0.33452123403549194,
    -0.8999881148338318
   ],
   [
    -0.8216249942779541,
    0.5683346390724182,
    -0.043910857290029526
   ]
  ]
 },
 {
  "rotation_euler": [
   0.2110583782196045,
   -0.46245914697647095,
   -1.055324912071228
  ],
  "euler_order": "XYZ",
  "rotation_matrix": [
   [
    0.44116514921188354,
    0.8046798706054688,
    -0.39732056856155396
   ],
   [
    -0.7786675691604614,
    0.5633277297019958,
    0.276294469833374
   ],
   [
    0.4461502730846405,
    0.18748915195465088,
    0.875098705291748
   ]
  ]
 },
 {
  "rotation_euler": [
   0.22700029611587524,
   -0.40284639596939087,
   -1.2176916599273682
  ],
  "euler_order": "XYZ",
  "rotation_matrix": [
   [
    0.31812989711761475,
    0.8837209939956665,
    -0.34326452016830444
   ],
   [
    -0.8631913065910339,
    0.4197281002998352,
    0.2805870771408081
   ],
   [
    0.3920384645462036,
    0.20703981816768646,
    0.8963483572006226
   ]
  ]
 },
 {
  "rotation_euler": [
   0.05829643830657005,
   -0.4968646466732025,
   -0.6720086336135864
  ],
  "euler_order": "XYZ",
  "rotation_matrix": [
   [
    0.6879451870918274,
    0.5997675657272339,
    -0.40866899490356445
   ],
   [
    -0.5472801923751831,
    0.7985333800315857,
    0.2506568133831024
   ],
   [
    0.47667166590690613,
    0.051218293607234955,
    0.8775880932807922
   ]
  ]
 },
 {
  "rotation_euler": [
   -0.10292009264230728,
   -0.38944172859191895,
   -1.209040641784668
  ],
  "euler_order": "XYZ",
  "rotation_matrix": [
   [
    0.32741594314575195,
    0.9441329836845398,
    -0.037572331726551056
   ],
   [
    -0.865244448184967,
    0.31556177139282227,
    0.38958030939102173
   ],
   [
    0.37967199087142944,
    -0.0950455516576767,
    0.9202257990837097
   ]
  ]
 },
 {
  "rotation_euler": [
   0.25309157371520996,
   -0.44834864139556885,
   1.858742594718933
  ],
  "euler_order": "XYZ",
  "rotation_matrix": [
   [
    -0.25591588020324707,
    -0.8974594473838806,
    0.3592681586742401
   ],
   [
    0.8640624284744263,
    -0.3790101110935211,
    -0.33128151297569275
   ],
   [
    0.4334779679775238,
    0.22564992308616638,
    0.8724557161331177
   ]
  ]
 },
 {
  "rotation_euler": [
   -0.06967195868492126,
   -0.39533013105392456,
   1.177907109260559
  ],
  "euler_order": "XYZ",
  "rotation_matrix": [
   [
    0.35332897305488586,
    -0.9113010764122009,
    -0.21139761805534363
   ],
   [
    0.8525530695915222,
    0.4066973626613617,
    -0.32825377583503723
   ],
   [
    0.3851128816604614,
    -0.06424611806869507,
    0.9206305146217346
   ]
  ]
 },
 {
  "rotation_euler": [
   1.6498788595199585,
   1.1382349729537964,
   -0.6184039115905762
  ],
  "euler_order": "XYZ",
  "rotation_matrix": [
   [
    0.34156423807144165,
    0.6916460394859314,
    -0.6363644003868103
   ],
   [
    -0.24302369356155396,
    -0.5890635251998901,
    -0.770677387714386
   ],
   [
    -0.907895028591156,
    0.41788744926452637,
    -0.033116664737463
   ]
  ]
 },
 {
  "rotation_euler": [
   -1.2917851209640503,
   2.0019149780273438,
   -0.5176233053207397
  ],
  "euler_order": "XYZ",
  "rotation_matrix": [
   [
    -0.3631431460380554,
    -0.6226776838302612,
    0.6931086182594299
   ],
   [
    0.2067774385213852,
    0.6714819073677063,
    0.7115863561630249
   ],
   [
    -0.9084988236427307,
    0.4017269015312195,
    -0.11508836597204208
   ]
  ]
 },
 {
  "rotation_euler": [
   0.32442525029182434,
   -1.1748147010803223,
   -1.3685264587402344
  ],
  "euler_order": "XYZ",
  "rotation_matrix": [
   [
    0.07748741656541824,
    0.8694283962249756,
    -0.4879446029663086
   ],
   [
    -0.3778505325317383,
    0.47851550579071045,
    0.7926234006881714
   ],
   [
    0.9226183891296387,
    0.12295177578926086,
    0.36559292674064636
   ]
  ]
 },
 {
  "rotation_euler": [
   0.21586498618125916,
   -0.8539133667945862,
   -1.0179368257522583
  ],
  "euler_order": "XYZ",
  "rotation_matrix": [
   [
    0.3450257182121277,
    0.7464835047721863,
    -0.5689636468887329
   ],
   [
    -0.5591567754745483,
    0.6503512859344482,
    0.5141857266426086
   ],
   [
    0.7538573741912842,
    0.1407325714826584,
    0.6417891979217529
   ]
  ]
 },
 {
  "rotation_euler": [
   -2.219139575958252,
   -1.888868808746338,
   0.023913955315947533
  ],
  "euler_order": "XYZ",
  "rotation_matrix": [
   [
    -0.31264689564704895,
    0.7713265419006348,
    0.5543530583381653
   ],
   [
    -0.007478049490600824,
    -0.5855903625488281,
    0.810572624206543
   ],
   [
    0.9498400092124939,
    0.2492775321006775,
    0.1888510286808014
   ]
  ]
 },
 {
  "rotation_euler": [
   -0.8022275567054749,
   -2.048727512359619,
   1.2282099723815918
  ],
  "euler_order": "XYZ",
  "rotation_matrix": [
   [
    -0.15450607240200043,
    -0.4402758479118347,
    -0.8844687938690186
   ],
   [
    -0.4332154095172882,
    0.8347597122192383,
    -0.33985385298728943
   ],
   [
    0.8879483342170715,
    0.3306560218334198,
    -0.3197097182273865
   ]
  ]
 }
]