[
 {
  "rotation_euler": [
   -0.000157256712554954,
   -3.0998206057120115e-05,
   1.8998379707336426
  ],
  "euler_order": "XYZ",
  "rotation_matrix": [
   [
    -0.32313624024391174,
    -0.9463524222373962,
    -0.00013880363258067518
   ],
   [
    0.946352481842041,
    -0.32313624024391174,
    -8.015056664589792e-05
   ],
   [
    3.0998206057120115e-05,
    -0.000157256712554954,
    1.0
   ]
  ]
 },
 {
  "rotation_euler": [
   -0.00016469345428049564,
   -1.700264328974299e-05,
   2.082188129425049
  ],
  "euler_order": "XYZ",
  "rotation_matrix": [
   [
    -0.4893914759159088,
    -0.8720642328262329,
    -0.0001353023253614083
   ],
   [
    0.8720642328262329,
    -0.4893914461135864,
    -9.542696352582425e-05
   ],
   [
    1.700264328974299e-05,
    -0.00016469345428049564,
    1.0
   ]
  ]
 },
 {
  "rotation_euler": [
   -6.862628652015701e-06,
   -1.1735042333602905,
   -2.1487491130828857
  ],
  "euler_order": "XYZ",
  "rotation_matrix": [
   [
    -0.21137991547584534,
    0.8375793695449829,
    0.5037651658058167
   ],
   [
    -0.32407987117767334,
    -0.5463156700134277,
    0.7723415493965149
   ],
   [
    0.9221121072769165,
    -2.655307298482512e-06,
    0.38692277669906616
   ]
  ]
 },
 {
  "rotation_euler": [
   0.4706708788871765,
   -1.5617629289627075,
   0.7298374176025391
  ],
  "euler_order": "XYZ",
  "rotation_matrix": [
   [
    0.006732344627380371,
    -0.9322093725204468,
    -0.3618568480014801
   ],
   [
    0.006022922229021788,
    0.3618963062763214,
    -0.9321988821029663
   ],
   [
    0.9999591708183289,
    0.0040964484214782715,
    0.00805103499442339
   ]
  ]
 },
 {
  "rotation_euler": [
   -9.133377170655876e-05,
   6.523065530927852e-05,
   1.124610185623169
  ],
  "euler_order": "XYZ",
  "rotation_matrix": [
   [
    0.4315282106399536,
    -0.9020994305610657,
    -5.424327900982462e-05
   ],
   [
    0.9020994305610657,
    0.4315281808376312,
    9.825763845583424e-05
   ],
   [
    -6.523065530927852e-05,
    -9.133377170655876e-05,
    1.0
   ]
  ]
 },
 {
  "rotation_euler": [
   3.701300784086925e-06,
   0.08911920338869095,
   2.424483299255371
  ],
  "euler_order": "XYZ",
  "rotation_matrix": [
   [
    -0.7507175207138062,
    -0.6572089791297913,
    -0.0670786052942276
   ],
   [
    0.6546006202697754,
    -0.7537084221839905,
    0.058495208621025085
   ],
   [
    -0.08900128304958344,
    3.6866122172796167e-06,
    0.9960315227508545
   ]
  ]
 },
 {
  "rotation_euler": [
   -1.3264448170957621e-06,
   0.050884608179330826,
   0.9471744894981384
  ],
  "euler_order": "XYZ",
  "rotation_matrix": [
   [
    0.5832232236862183,
    -0.8117687702178955,
    0.02970164828002453
   ],
   [
    0.8107179999351501,
    0.5839790105819702,
    0.04128948599100113
   ],
   [
    -0.05086265131831169,
    -1.3247279184724903e-06,
    0.9987056851387024
   ]
  ]
 },
 {
  "rotation_euler": [
   0.11307631433010101,
   1.7946704626083374,
   -2.5303661823272705
  ],
  "euler_order": "XYZ",
  "rotation_matrix": [
   [
    0.18181289732456207,
    0.4801073372364044,
    -0.8581613898277283
   ],
   [
    0.12740465998649597,
    -0.8768519759178162,
    -0.46357160806655884
   ],
   [
    -0.9750446677207947,
    -0.025050466880202293,
    -0.22059091925621033
   ]
  ]
 },
 {
  "rotation_euler": [
   -0.00015665341925341636,
   1.8536920833867043e-05,
   1.204614520072937
  ],
  "euler_order": "XYZ",
  "rotation_matrix": [
   [
    0.3580529987812042,
    -0.9337012767791748,
    -0.00013963029778096825
   ],
   [
    0.9337012767791748,
    0.3580529987812042,
    7.339817238971591e-05
   ],
   [
    -1.8536920833867043e-05,
    -0.00015665341925341636,
    1.0
   ]
  ]
 },
 {
  "rotation_euler": [
   -0.0001543420657981187,
   -4.0934635762823746e-05,
   -3.0077738761901855
  ],
  "euler_order": "XYZ",
  "rotation_matrix": [
   [
    -0.9910596013069153,
    0.13341973721981049,
    6.1160943005234e-05
   ],
   [
    -0.13341973721981049,
    -0.9910596013069153,
    -0.00014750070113223046
   ],
   [
    4.0934635762823746e-05,
    -0.0001543420657981187,
    1.0
   ]
  ]
 },
 {
  "rotation_euler": [
   1.3893456696223438e-07,
   0.12966139614582062,
   1.174942135810852
  ],
  "euler_order": "XYZ",
  "rotation_matrix": [
   [
    0.38235965371131897,
    -0.9226675033569336,
    0.04985712841153145
   ],
   [
    0.9149224162101746,
    0.38559648394584656,
    0.11929937452077866
   ],
   [
    -0.1292983889579773,
    1.377683105374672e-07,
    0.9916057586669922
   ]
  ]
 },
 {
  "rotation_euler": [
   0.2290089726448059,
   -1.5455641746520996,
   1.12129545211792
  ],
  "euler_order": "XYZ",
  "rotation_matrix": [
   [
    0.010962611995637417,
    -0.9757586121559143,
    -0.21857494115829468
   ],
   [
    0.022723281756043434,
    0.2187747210264206,
    -0.9755107760429382
   ],
   [
    0.9996817111968994,
    0.005727405659854412,
    0.024570779874920845
   ]
  ]
 },
 {
  "rotation_euler": [
   -0.15901786088943481,
   -1.5944544076919556,
   1.4969013929367065
  ],
  "euler_order": "XYZ",
  "rotation_matrix": [
   [
    -0.0017464588163420558,
    -0.9730014801025391,
    -0.23079223930835724
   ],
   [
    -0.023591317236423492,
    0.23076845705509186,
    -0.9727226495742798
   ],
   [
    0.9997201561927795,
    0.0037458729930222034,
    -0.023357413709163666
   ]
  ]
 },
 {
  "rotation_euler": [
   -1.613898206187514e-07,
   -0.0066045839339494705,
   -0.4205078184604645
  ],
  "euler_order": "XYZ",
  "rotation_matrix": [
   [
    0.9128618240356445,
    0.40822407603263855,
    -0.006029094569385052
   ],
   [
    -0.408215194940567,
    0.9128817319869995,
    0.002696278039366007
   ],
   [
    0.006604535970836878,
    -1.6138629632678203e-07,
    0.9999781847000122
   ]
  ]
 },
 {
  "rotation_euler": [
   -0.00016150159353855997,
   -2.0844214304815978e-05,
   -0.2712746858596802
  ],
  "euler_order": "XYZ",
  "rotation_matrix": [
   [
    0.9634301066398621,
    0.26795971393585205,
    2.3193979359348305e-05
   ],
   [
    -0.26795971393585205,
    0.9634301066398621,
    0.00016118091298267245
   ],
   [
    2.0844214304815978e-05,
    -0.00016150159353855997,
    1.0
   ]
  ]
 },
 {
  "rotation_euler": [
   -0.30168506503105164,
   -1.525142788887024,
   -2.312887668609619
  ],
  "euler_order": "XYZ",
  "rotation_matrix": [
   [
    -0.030843351036310196,
    0.5031691193580627,
    0.863637387752533
   ],
   [
    -0.03363756090402603,
    -0.8640815615653992,
    0.5022265911102295
   ],
   [
    0.9989580512046814,
    -0.01356030534952879,
    0.04357655346393585
   ]
  ]
 }
]