[
 {
  "rotation_euler": [
   0.3615941107273102,
   1.7635161876678467,
   -1.1951148509979248
  ],
  "euler_order": "XYZ",
  "rotation_matrix": [
   [
    -0.07027328759431839,
    0.9974977970123291,
    0.007733581122010946
   ],
   [
    0.17817144095897675,
    0.020179426297545433,
    -0.9837925434112549
   ],
   [
    -0.9814869165420532,
    -0.06775642931461334,
    -0.17914369702339172
   ]
  ]
 },
 {
  "rotation_euler": [
   0.40124332904815674,
   -1.7897909879684448,
   0.33708372712135315
  ],
  "euler_order": "XYZ",
  "rotation_matrix": [
   [
    -0.20502236485481262,
    -0.6642484068870544,
    -0.7188462018966675
   ],
   [
    -0.071851946413517,
    0.7426807284355164,
    -0.6657797694206238
   ],
   [
    0.9761163592338562,
    -0.08484923839569092,
    -0.19999368488788605
   ]
  ]
 },
 {
  "rotation_euler": [
   0.4924265444278717,
   1.7794095277786255,
   0.8790163397789001
  ],
  "euler_order": "XYZ",
  "rotation_matrix": [
   [
    -0.13211309909820557,
    -0.3835706412792206,
    0.9140129685401917
   ],
   [
    -0.15949274599552155,
    0.9183065295219421,
    0.36231911182403564
   ],
   [
    -0.9783190488815308,
    -0.09791132807731628,
    -0.1824970543384552
   ]
  ]
 },
 {
  "rotation_euler": [
   -2.7572970390319824,
   1.3758137226104736,
   0.35651201009750366
  ],
  "euler_order": "XYZ",
  "rotation_matrix": [
   [
    0.18156647682189941,
    -0.021122653037309647,
    -0.9831517934799194
   ],
   [
    0.06762005388736725,
    -0.9971346855163574,
    0.03391100466251373
   ],
   [
    -0.9810510277748108,
    -0.0726378783583641,
    -0.17961791157722473
   ]
  ]
 },
 {
  "rotation_euler": [
   0.3852543532848358,
   1.765891432762146,
   0.11639837920665741
  ],
  "euler_order": "XYZ",
  "rotation_matrix": [
   [
    -0.19254805147647858,
    0.2585478127002716,
    0.9466140866279602
   ],
   [
    -0.02251405082643032,
    0.9632474780082703,
    -0.2676703929901123
   ],
   [
    -0.981029212474823,
    -0.07285153120756149,
    -0.1796504706144333
   ]
  ]
 },
 {
  "rotation_euler": [
   0.45701470971107483,
   1.7741178274154663,
   0.1828136295080185
  ],
  "euler_order": "XYZ",
  "rotation_matrix": [
   [
    -0.19855868816375732,
    0.2618398070335388,
    0.9444651007652283
   ],
   [
    -0.036709096282720566,
    0.9609893560409546,
    -0.2741384208202362
   ],
   [
    -0.9794012904167175,
    -0.08910302817821503,
    -0.18120087683200836
   ]
  ]
 },
 {
  "rotation_euler": [
   0.40124356746673584,
   -1.7897908687591553,
   -1.8708863258361816
  ],
  "euler_order": "XYZ",
  "rotation_matrix": [
   [
    0.06421993672847748,
    0.9921308755874634,
    -0.10748055577278137
   ],
   [
    0.20753943920135498,
    0.09206996113061905,
    0.9738842248916626
   ],
   [
    0.9761163592338562,
    -0.08484923839569092,
    -0.1999935656785965
   ]
  ]
 },
 {
  "rotation_euler": [
   0.4012435972690582,
   -1.7897909879684448,
   -0.7767881155014038
  ],
  "euler_order": "XYZ",
  "rotation_matrix": [
   [
    -0.15493476390838623,
    0.37343165278434753,
    -0.9146277904510498
   ],
   [
    0.152289479970932,
    0.9237691164016724,
    0.35136663913726807
   ],
   [
    0.9761163592338562,
    -0.0848492905497551,
    -0.19999366998672485
   ]
  ]
 },
 {
  "rotation_euler": [
   0.40124350786209106,
   -1.7897908687591553,
   0.5392355918884277
  ],
  "euler_order": "XYZ",
  "rotation_matrix": [
   [
    -0.18642106652259827,
    -0.7998361587524414,
    -0.5705342292785645
   ],
   [
    -0.11155269294977188,
    0.5941908359527588,
    -0.7965508699417114
   ],
   [
    0.9761163592338562,
    -0.08484923094511032,
    -0.1999935656785965
   ]
  ]
 },
 {
  "rotation_euler": [
   0.40124306082725525,
   -1.7897909879684448,
   0.3333474099636078
  ],
  "euler_order": "XYZ",
  "rotation_matrix": [
   [
    -0.20528939366340637,
    -0.6614687442779541,
    -0.7213289141654968
   ],
   [
    -0.07108541578054428,
    0.7451575398445129,
    -0.6630890965461731
   ],
   [
    0.9761163592338562,
    -0.08484918624162674,
    -0.19999371469020844
   ]
  ]
 },
 {
  "rotation_euler": [
   -2.8941287994384766,
   1.387223243713379,
   -0.23689237236976624
  ],
  "euler_order": "XYZ",
  "rotation_matrix": [
   [
    0.1774456948041916,
    -0.46163803339004517,
    -0.8691394329071045
   ],
   [
    -0.042839907109737396,
    -0.8859407901763916,
    0.46181565523147583
   ],
   [
    -0.9831977486610413,
    -0.044713344424963,
    -0.17698290944099426
   ]
  ]
 },
 {
  "rotation_euler": [
   0.40124374628067017,
   -1.7897907495498657,
   1.8013561964035034
  ],
  "euler_order": "XYZ",
  "rotation_matrix": [
   [
    0.04964612051844597,
    -0.8090952634811401,
    0.5855767130851746
   ],
   [
    -0.21149948239326477,
    -0.5815199613571167,
    -0.7855587601661682
   ],
   [
    0.976116418838501,
    -0.08484923094511032,
    -0.19999344646930695
   ]
  ]
 },
 {
  "rotation_euler": [
   0.42022547125816345,
   1.7697033882141113,
   -1.476182460784912
  ],
  "euler_order": "XYZ",
  "rotation_matrix": [
   [
    -0.018667636439204216,
    0.9466953277587891,
    -0.3215889632701874
   ],
   [
    0.19671429693698883,
    -0.3118804693222046,
    -0.9295343160629272
   ],
   [
    -0.9802831411361694,
    -0.08061335235834122,
    -0.18040643632411957
   ]
  ]
 },
 {
  "rotation_euler": [
   0.38599762320518494,
   1.7659564018249512,
   1.0720499753952026
  ],
  "euler_order": "XYZ",
  "rotation_matrix": [
   [
    -0.09275849163532257,
    -0.6369061470031738,
    0.7653406858444214
   ],
   [
    -0.17030036449432373,
    0.767476499080658,
    0.6180433630943298
   ],
   [
    -0.9810166358947754,
    -0.07300903648138046,
    -0.1796553134918213
   ]
  ]
 },
 {
  "rotation_euler": [
   0.3842674195766449,
   1.76577627658844,
   2.132272481918335
  ],
  "euler_order": "XYZ",
  "rotation_matrix": [
   [
    0.10315786302089691,
    -0.9805575013160706,
    -0.16692961752414703
   ],
   [
    -0.16400092840194702,
    -0.1822955161333084,
    0.9694699645042419
   ],
   [
    -0.9810515642166138,
    -0.0726318433880806,
    -0.17961755394935608
   ]
  ]
 },
 {
  "rotation_euler": [
   -2.740349292755127,
   -1.3518017530441284,
   -0.0528852604329586
  ],
  "euler_order": "XYZ",
  "rotation_matrix": [
   [
    0.2169445902109146,
    0.3320399522781372,
    0.9179784655570984
   ],
   [
    -0.011483878828585148,
    -0.9394413828849792,
    0.342517226934433
   ],
   [
    0.9761163592338562,
    -0.08484920859336853,
    -0.19999361038208008
   ]
  ]
 }
]