[
 {
  "rotation_euler": [
   -1.5749529325148615e-07,
   1.536168703353269e-08,
   -2.952759265899658
  ],
  "euler_order": "XYZ",
  "rotation_matrix": [
   [
    -0.9822238683700562,
    0.1877131462097168,
    1.4475321385987172e-08
   ],
   [
    -0.1877131462097168,
    -0.9822238683700562,
    -1.5757923677028884e-07
   ],
   [
    -1.536168703353269e-08,
    -1.5749529325148615e-07,
    1.0
   ]
  ]
 },
 {
  "rotation_euler": [
   -6.087944939281442e-07,
   7.508452313231828e-07,
   -3.068234443664551
  ],
  "euler_order": "XYZ",
  "rotation_matrix": [
   [
    -0.9973105192184448,
    0.07329243421554565,
    -7.042057745820784e-07
   ],
   [
    -0.07329243421554565,
    -0.9973105192184448,
    -6.62188426758803e-07
   ],
   [
    -7.508452313231828e-07,
    -6.087944939281442e-07,
    1.0
   ]
  ]
 },
 {
  "rotation_euler": [
   5.156754667723362e-08,
   -1.2575981145346304e-08,
   -1.3105705976486206
  ],
  "euler_order": "XYZ",
  "rotation_matrix": [
   [
    0.25729867815971375,
    0.9663318991661072,
    -5.306715067376899e-08
   ],
   [
    -0.9663318991661072,
    0.25729867815971375,
    -1.1156900958653182e-09
   ],
   [
    1.2575981145346304e-08,
    5.156754667723362e-08,
    1.0
   ]
  ]
 },
 {
  "rotation_euler": [
   -1.4340963971903875e-08,
   -2.4899483364038133e-08,
   2.832157611846924
  ],
  "euler_order": "XYZ",
  "rotation_matrix": [
   [
    -0.9525057673454285,
    -0.30452054738998413,
    1.9349782220956513e-08
   ],
   [
    0.30452054738998413,
    -0.9525057673454285,
    -2.124225595423468e-08
   ],
   [
    2.4899483364038133e-08,
    -1.4340963971903875e-08,
    1.0
   ]
  ]
 },
 {
  "rotation_euler": [
   -3.705088431615877e-07,
   3.214336885548619e-08,
   -0.2885296642780304
  ],
  "euler_order": "XYZ",
  "rotation_matrix": [
   [
    0.958663284778595,
    0.284542977809906,
    1.3624035943848867e-07
   ],
   [
    -0.284542977809906,
    0.958663284778595,
    3.460470452409936e-07
   ],
   [
    -3.214336885548619e-08,
    -3.705088431615877e-07,
    1.0
   ]
  ]
 },
 {
  "rotation_euler": [
   1.559233737680188e-07,
   2.5751326404588326e-08,
   1.9780741930007935
  ],
  "euler_order": "XYZ",
  "rotation_matrix": [
   [
    -0.3961113393306732,
    -0.9182025194168091,
    1.3296883594193787e-07
   ],
   [
    0.9182025194168091,
    -0.3961113393306732,
    8.54079473810998e-08
   ],
   [
    -2.5751326404588326e-08,
    1.559233737680188e-07,
    1.0
   ]
  ]
 },
 {
  "rotation_euler": [
   -2.0863011318539293e-09,
   4.478924608974921e-08,
   0.9689212441444397
  ],
  "euler_order": "XYZ",
  "rotation_matrix": [
   [
    0.5661890506744385,
    -0.8242754340171814,
    2.3639493917926302e-08
   ],
   [
    0.8242754340171814,
    0.5661890506744385,
    3.8099916110923004e-08
   ],
   [
    -4.478924608974921e-08,
    -2.0863011318539293e-09,
    1.0
   ]
  ]
 },
 {
  "rotation_euler": [
   -3.520058911021806e-08,
   -5.824077220495383e-09,
   2.88822078704834
  ],
  "euler_order": "XYZ",
  "rotation_matrix": [
   [
    -0.9680727124214172,
    -0.25066959857940674,
    -3.1855871274188985e-09
   ],
   [
    0.25066959857940674,
    -0.9680727124214172,
    -3.553664740252316e-08
   ],
   [
    5.824077220495383e-09,
    -3.520058911021806e-08,
    1.0
   ]
  ]
 },
 {
  "rotation_euler": [
   -1.2325482430242118e-06,
   -3.75775613292717e-07,
   2.0731730461120605
  ],
  "euler_order": "XYZ",
  "rotation_matrix": [
   [
    -0.4815099537372589,
    -0.8764406442642212,
    -8.993156370706856e-07
   ],
   [
    0.8764406442642212,
    -0.4815099537372589,
    -9.22829258342972e-07
   ],
   [
    3.75775613292717e-07,
    -1.2325482430242118e-06,
    1.0
   ]
  ]
 },
 {
  "rotation_euler": [
   9.780216458921132e-08,
   6.822615805646137e-09,
   2.40170955657959
  ],
  "euler_order": "XYZ",
  "rotation_matrix": [
   [
    -0.7385473847389221,
    -0.6742015480995178,
    6.089955206789455e-08
   ],
   [
    0.6742015480995178,
    -0.7385473847389221,
    7.683134839453487e-08
   ],
   [
    -6.822615805646137e-09,
    9.780216458921132e-08,
    1.0
   ]
  ]
 },
 {
  "rotation_euler": [
   1.0386256121819315e-07,
   5.7122775842799456e-08,
   2.686204433441162
  ],
  "euler_order": "XYZ",
  "rotation_matrix": [
   [
    -0.8980903625488281,
    -0.43981099128723145,
    -5.621516585563313e-09
   ],
   [
    0.43981099128723145,
    -0.8980903625488281,
    1.1840118929740129e-07
   ],
   [
    -5.7122775842799456e-08,
    1.0386256121819315e-07,
    1.0
   ]
  ]
 },
 {
  "rotation_euler": [
   3.7115430728817955e-09,
   -1.4275706172739433e-09,
   0.5140301585197449
  ],
  "euler_order": "XYZ",
  "rotation_matrix": [
   [
    0.8707699775695801,
    -0.49169057607650757,
    5.818450721228885e-10
   ],
   [
    0.49169057607650757,
    0.8707699775695801,
    -3.933823489177257e-09
   ],
   [
    1.4275706172739433e-09,
    3.7115430728817955e-09,
    1.0
   ]
  ]
 },
 {
  "rotation_euler": [
   -1.6088155518900749e-07,
   7.12367466348951e-07,
   2.640953540802002
  ],
  "euler_order": "XYZ",
  "rotation_matrix": [
   [
    -0.8772760033607483,
    -0.479986310005188,
    -7.021637884463416e-07
   ],
   [
    0.479986310005188,
    -0.8772760033607483,
    2.0078911688869994e-07
   ],
   [
    -7.12367466348951e-07,
    -1.6088155518900749e-07,
    1.0
   ]
  ]
 },
 {
  "rotation_euler": [
   -1.2459456684155157e-06,
   -1.0670361483278157e-08,
   0.14401166141033173
  ],
  "euler_order": "XYZ",
  "rotation_matrix": [
   [
    0.9896482229232788,
    -0.14351439476013184,
    -1.893710361855483e-07
   ],
   [
    0.14351439476013184,
    0.9896482229232788,
    1.2315165349718882e-06
   ],
   [
    1.0670361483278157e-08,
    -1.2459456684155157e-06,
    1.0
   ]
  ]
 },
 {
  "rotation_euler": [
   7.800479693287343e-07,
   -3.868394315986734e-08,
   0.5634247660636902
  ],
  "euler_order": "XYZ",
  "rotation_matrix": [
   [
    0.8454309701919556,
    -0.5340847373008728,
    3.8390709278246504e-07
   ],
   [
    0.5340847373008728,
    0.8454309701919556,
    -6.80137191011454e-07
   ],
   [
    3.868394315986734e-08,
    7.800479693287343e-07,
    1.0
   ]
  ]
 },
 {
  "rotation_euler": [
   -1.1962902135564946e-07,
   -9.894308483637815e-09,
   1.2682828903198242
  ],
  "euler_order": "XYZ",
  "rotation_matrix": [
   [
    0.29792043566703796,
    -0.9545906782150269,
    -1.1714446657151711e-07
   ],
   [
    0.9545906782150269,
    0.29792043566703796,
    2.6194916458166517e-08
   ],
   [
    9.894308483637815e-09,
    -1.1962902135564946e-07,
    1.0
   ]
  ]
 }
]