[
 {
  "rotation_euler": [
   -0.03377246484160423,
   -0.02183481678366661,
   1.7745293378829956
  ],
  "euler_order": "XYZ",
  "rotation_matrix": [
   [
    -0.20227831602096558,
    -0.9789088368415833,
    -0.02865280769765377
   ],
   [
    0.9790846705436707,
    -0.20148919522762299,
    -0.028201106935739517
   ],
   [
    0.021833082661032677,
    -0.03375799581408501,
    0.9991915225982666
   ]
  ]
 },
 {
  "rotation_euler": [
   -0.033976372331380844,
   -0.022273782640695572,
   -0.6131942272186279
  ],
  "euler_order": "XYZ",
  "rotation_matrix": [
   [
    0.8176110982894897,
    0.575769305229187,
    0.0013452597195282578
   ],
   [
    -0.5753399133682251,
    0.8169065713882446,
    0.04059072583913803
   ],
   [
    0.022271940484642982,
    -0.03396140784025192,
    0.999174952507019
   ]
  ]
 },
 {
  "rotation_euler": [
   -0.03397316485643387,
   -0.02227107062935829,
   -2.0119071006774902
  ],
  "euler_order": "XYZ",
  "rotation_matrix": [
   [
    -0.42683830857276917,
    0.9034332633018494,
    0.040217507630586624
   ],
   [
    -0.9040537476539612,
    -0.42738181352615356,
    0.005624099168926477
   ],
   [
    0.02226923033595085,
    -0.033958207815885544,
    0.9991751313209534
   ]
  ]
 },
 {
  "rotation_euler": [
   -1.2310115098953247,
   -2.9052741527557373,
   0.12450605630874634
  ],
  "euler_order": "XYZ",
  "rotation_matrix": [
   [
    -0.9646807909011841,
    0.17764177918434143,
    -0.19451071321964264
   ],
   [
    -0.1207331046462059,
    0.3581167459487915,
    0.9258379340171814
   ],
   [
    0.2341250479221344,
    0.9166219234466553,
    -0.3240210711956024
   ]
  ]
 },
 {
  "rotation_euler": [
   -0.033985648304224014,
   -0.022274747490882874,
   2.007258415222168
  ],
  "euler_order": "XYZ",
  "rotation_matrix": [
   [
    -0.42263099551200867,
    -0.9060495495796204,
    -0.02138354629278183
   ],
   [
    0.9060280919075012,
    -0.42180588841438293,
    -0.0345374159514904
   ],
   [
    0.022272905334830284,
    -0.033970676362514496,
    0.9991745948791504
   ]
  ]
 },
 {
  "rotation_euler": [
   -0.03398361802101135,
   -0.022277189418673515,
   1.306743860244751
  ],
  "euler_order": "XYZ",
  "rotation_matrix": [
   [
    0.2609299421310425,
    -0.9645853042602539,
    -0.038609828799963
   ],
   [
    0.9651007056236267,
    0.2615746259689331,
    -0.012623036280274391
   ],
   [
    0.022275347262620926,
    -0.033968646079301834,
    0.9991746544837952
   ]
  ]
 },
 {
  "rotation_euler": [
   -0.03398749232292175,
   -0.022281408309936523,
   -1.5645054578781128
  ],
  "euler_order": "XYZ",
  "rotation_matrix": [
   [
    0.006289266049861908,
    0.9994074702262878,
    0.033840201795101166
   ],
   [
    -0.9997320175170898,
    0.005530128721147776,
    0.02248002588748932
   ],
   [
    0.022279564291238785,
    -0.03397251293063164,
    0.9991744160652161
   ]
  ]
 },
 {
  "rotation_euler": [
   -0.03398282453417778,
   -0.022277362644672394,
   -1.7974778413772583
  ],
  "euler_order": "XYZ",
  "rotation_matrix": [
   [
    -0.22468940913677216,
    0.9736849069595337,
    0.03811051324009895
   ],
   [
    -0.9741758108139038,
    -0.22535289824008942,
    0.014057120308279991
   ],
   [
    0.022275520488619804,
    -0.03396785259246826,
    0.9991746544837952
   ]
  ]
 },
 {
  "rotation_euler": [
   -0.03398203104734421,
   -0.02227586694061756,
   1.705356478691101
  ],
  "euler_order": "XYZ",
  "rotation_matrix": [
   [
    -0.13412116467952728,
    -0.9904898405075073,
    -0.030681932345032692
   ],
   [
    0.9907146096229553,
    -0.13332706689834595,
    -0.026617897674441338
   ],
   [
    0.022274024784564972,
    -0.03396706283092499,
    0.9991747140884399
   ]
  ]
 },
 {
  "rotation_euler": [
   -0.6219202280044556,
   3.1408851146698,
   -0.8443756103515625
  ],
  "euler_order": "XYZ",
  "rotation_matrix": [
   [
    -0.6641980409622192,
    0.6073111891746521,
    0.4359060823917389
   ],
   [
    0.7475563287734985,
    0.5401426553726196,
    0.38652992248535156
   ],
   [
    -0.0007075388566590846,
    0.5825967788696289,
    -0.8127610087394714
   ]
  ]
 },
 {
  "rotation_euler": [
   -0.03397942706942558,
   -0.022274941205978394,
   -1.5346990823745728
  ],
  "euler_order": "XYZ",
  "rotation_matrix": [
   [
    0.03608045354485512,
    0.9987990260124207,
    0.03314739838242531
   ],
   [
    -0.9991006255149841,
    0.035312384366989136,
    0.023471802473068237
   ],
   [
    0.022273099049925804,
    -0.03396446257829666,
    0.9991748332977295
   ]
  ]
 },
 {
  "rotation_euler": [
   -0.03397826477885246,
   -0.022274242714047432,
   -0.7453773021697998
  ],
  "euler_order": "XYZ",
  "rotation_matrix": [
   [
    0.7346497774124146,
    0.6784136295318604,
    0.006684266496449709
   ],
   [
    -0.6780808568000793,
    0.7338947057723999,
    0.04006103053689003
   ],
   [
    0.022272400557994843,
    -0.03396330028772354,
    0.9991748929023743
   ]
  ]
 },
 {
  "rotation_euler": [
   -0.03398306667804718,
   -0.022279886528849602,
   2.1447877883911133
  ],
  "euler_order": "XYZ",
  "rotation_matrix": [
   [
    -0.5428534150123596,
    -0.8396665453910828,
    -0.01644173078238964
   ],
   [
    0.8395319581031799,
    -0.5420390367507935,
    -0.03714582324028015
   ],
   [
    0.022278042510151863,
    -0.03396809473633766,
    0.9991745948791504
   ]
  ]
 },
 {
  "rotation_euler": [
   -0.03398333489894867,
   -0.02227737009525299,
   0.20702317357063293
  ],
  "euler_order": "XYZ",
  "rotation_matrix": [
   [
    0.9784042835235596,
    -0.2046881765127182,
    -0.028771141543984413
   ],
   [
    0.20549654960632324,
    0.9782376289367676,
    0.028675256296992302
   ],
   [
    0.0222755279392004,
    -0.03396836295723915,
    0.9991746544837952
   ]
  ]
 },
 {
  "rotation_euler": [
   -0.033982954919338226,
   -0.022276366129517555,
   0.5715717673301697
  ],
  "euler_order": "XYZ",
  "rotation_matrix": [
   [
    0.8408430814743042,
    -0.5400058031082153,
    -0.03710291162133217
   ],
   [
    0.5408204197883606,
    0.8409755825996399,
    0.016533372923731804
   ],
   [
    0.022274523973464966,
    -0.03396798297762871,
    0.9991746544837952
   ]
  ]
 },
 {
  "rotation_euler": [
   -0.06456615030765533,
   -0.005959717556834221,
   -2.5321481227874756
  ],
  "euler_order": "XYZ",
  "rotation_matrix": [
   [
    -0.8199515342712402,
    0.5709040760993958,
    0.0418093279004097
   ],
   [
    -0.5724019408226013,
    -0.8184776902198792,
    -0.04950099065899849
   ],
   [
    0.0059596821665763855,
    -0.06452015042304993,
    0.9978985786437988
   ]
  ]
 }
]