[
 {
  "rotation_euler": [
   -8.38773212308297e-06,
   -0.00022179904044605792,
   -0.7231955528259277
  ],
  "euler_order": "XYZ",
  "rotation_matrix": [
   [
    0.7496947646141052,
    0.661783754825592,
    -0.00016073072038125247
   ],
   [
    -0.6617836952209473,
    0.7496947646141052,
    0.0001530712324893102
   ],
   [
    0.00022179904044605792,
    -8.38773212308297e-06,
    1.0
   ]
  ]
 },
 {
  "rotation_euler": [
   -1.0973916687362362e-05,
   -0.00020526020671240985,
   -3.0297744274139404
  ],
  "euler_order": "XYZ",
  "rotation_matrix": [
   [
    -0.9937548041343689,
    0.1115853562951088,
    0.00020520285761449486
   ],
   [
    -0.1115853562951088,
    -0.9937548637390137,
    1.199864982481813e-05
   ],
   [
    0.00020526020671240985,
    -1.0973916687362362e-05,
    1.0
   ]
  ]
 },
 {
  "rotation_euler": [
   -9.229371244146023e-06,
   -0.00021808568271808326,
   -2.123187780380249
  ],
  "euler_order": "XYZ",
  "rotation_matrix": [
   [
    -0.5247244834899902,
    0.8512721061706543,
    0.00012229160347487777
   ],
   [
    -0.8512721061706543,
    -0.5247244834899902,
    0.0001808073720894754
   ],
   [
    0.00021808568271808326,
    -9.229371244146023e-06,
    1.0
   ]
  ]
 },
 {
  "rotation_euler": [
   -1.0657972779881675e-05,
   -0.00021169884712435305,
   2.825500726699829
  ],
  "euler_order": "XYZ",
  "rotation_matrix": [
   [
    -0.9504575133323669,
    -0.3108544945716858,
    0.00019789767975453287
   ],
   [
    0.3108544647693634,
    -0.9504575133323669,
    -7.593748887302354e-05
   ],
   [
    0.00021169884712435305,
    -1.0657972779881675e-05,
    1.0
   ]
  ]
 },
 {
  "rotation_euler": [
   -1.0465176274010446e-05,
   -0.00020968310127500445,
   1.152117371559143
  ],
  "euler_order": "XYZ",
  "rotation_matrix": [
   [
    0.40655386447906494,
    -0.9136267900466919,
    -9.480873995926231e-05
   ],
   [
    0.9136267900466919,
    0.40655386447906494,
    -0.00018731744785327464
   ],
   [
    0.00020968310127500445,
    -1.0465176274010446e-05,
    1.0
   ]
  ]
 },
 {
  "rotation_euler": [
   -9.29063116927864e-06,
   -0.00021415771334432065,
   1.2872854471206665
  ],
  "euler_order": "XYZ",
  "rotation_matrix": [
   [
    0.27972808480262756,
    -0.9600792527198792,
    -6.882566958665848e-05
   ],
   [
    0.9600792527198792,
    0.27972808480262756,
    -0.0002030095347436145
   ],
   [
    0.00021415771334432065,
    -9.29063116927864e-06,
    1.0
   ]
  ]
 },
 {
  "rotation_euler": [
   -1.0378311344538815e-05,
   -0.00021787267178297043,
   0.06375959515571594
  ],
  "euler_order": "XYZ",
  "rotation_matrix": [
   [
    0.9979680180549622,
    -0.06371640413999557,
    -0.00021809122699778527
   ],
   [
    0.06371640413999557,
    0.9979680180549622,
    -3.524839939927915e-06
   ],
   [
    0.00021787267178297043,
    -1.0378311344538815e-05,
    1.0
   ]
  ]
 },
 {
  "rotation_euler": [
   -1.0002636372519191e-05,
   -0.00021515392290893942,
   2.2326714992523193
  ],
  "euler_order": "XYZ",
  "rotation_matrix": [
   [
    -0.6145971417427063,
    -0.7888411283493042,
    0.00012434249219950289
   ],
   [
    0.7888411283493042,
    -0.6145971417427063,
    -0.00017586986359674484
   ],
   [
    0.00021515392290893942,
    -1.0002636372519191e-05,
    1.0
   ]
  ]
 },
 {
  "rotation_euler": [
   -1.0292580554960296e-05,
   -0.0002164539764635265,
   -2.922029495239258
  ],
  "euler_order": "XYZ",
  "rotation_matrix": [
   [
    -0.9759926795959473,
    0.21780328452587128,
    0.00021349925373215228
   ],
   [
    -0.21780328452587128,
    -0.9759926795959473,
    3.709890370373614e-05
   ],
   [
    0.0002164539764635265,
    -1.0292580554960296e-05,
    1.0
   ]
  ]
 },
 {
  "rotation_euler": [
   -1.193404386867769e-05,
   -0.00021104258485138416,
   3.0003817081451416
  ],
  "euler_order": "XYZ",
  "rotation_matrix": [
   [
    -0.9900462627410889,
    -0.14074210822582245,
    0.00020726230286527425
   ],
   [
    0.14074210822582245,
    -0.9900462627410889,
    -4.1517832869431004e-05
   ],
   [
    0.00021104258485138416,
    -1.193404386867769e-05,
    1.0
   ]
  ]
 },
 {
  "rotation_euler": [
   -9.769560165295843e-06,
   -0.00021831432241015136,
   2.209705114364624
  ],
  "euler_order": "XYZ",
  "rotation_matrix": [
   [
    -0.5963197946548462,
    -0.8027469515800476,
    0.00012234268069732934
   ],
   [
    0.8027469515800476,
    -0.596319854259491,
    -0.00018107693176716566
   ],
   [
    0.00021831432241015136,
    -9.769560165295843e-06,
    1.0
   ]
  ]
 },
 {
  "rotation_euler": [
   -1.0582559298200067e-05,
   -0.0002169303479604423,
   -0.7743119597434998
  ],
  "euler_order": "XYZ",
  "rotation_matrix": [
   [
    0.7149022817611694,
    0.6992243528366089,
    -0.0001476844190619886
   ],
   [
    -0.6992243528366089,
    0.7149022817611694,
    0.00015924847684800625
   ],
   [
    0.0002169303479604423,
    -1.0582559298200067e-05,
    1.0
   ]
  ]
 },
 {
  "rotation_euler": [
   -1.0240823939966504e-05,
   -0.00022205410641618073,
   -0.5570483803749084
  ],
  "euler_order": "XYZ",
  "rotation_matrix": [
   [
    0.8488192558288574,
    0.5286831259727478,
    -0.000183069656486623
   ],
   [
    -0.5286831259727478,
    0.8488192558288574,
    0.0001260888675460592
   ],
   [
    0.00022205410641618073,
    -1.0240823939966504e-05,
    1.0
   ]
  ]
 },
 {
  "rotation_euler": [
   -1.1388907296350226e-05,
   -0.00021598067542072386,
   3.0450751781463623
  ],
  "euler_order": "XYZ",
  "rotation_matrix": [
   [
    -0.9953457713127136,
    -0.09636769443750381,
    0.00021387793822214007
   ],
   [
    0.09636768698692322,
    -0.9953458309173584,
    -3.2149459002539515e-05
   ],
   [
    0.00021598067542072386,
    -1.1388907296350226e-05,
    1.0
   ]
  ]
 },
 {
  "rotation_euler": [
   -0.6096965074539185,
   2.234995126724243,
   -1.0430290699005127
  ],
  "euler_order": "XYZ",
  "rotation_matrix": [
   [
    -0.31043684482574463,
    0.4812028408050537,
    0.8198004364967346
   ],
   [
    0.5325532555580139,
    0.802402675151825,
    -0.2693268358707428
   ],
   [
    -0.7874109148979187,
    0.3529784381389618,
    -0.5053614974021912
   ]
  ]
 },
 {
  "rotation_euler": [
   -9.492865501670167e-06,
   -0.0002157299022655934,
   -0.6413265466690063
  ],
  "euler_order": "XYZ",
  "rotation_matrix": [
   [
    0.8013028502464294,
    0.598258912563324,
    -0.0001671857899054885
   ],
   [
    -0.598258912563324,
    0.8013028502464294,
    0.00013666899758391082
   ],
   [
    0.0002157299022655934,
    -9.492865501670167e-06,
    1.0
   ]
  ]
 }
]