[
 {
  "rotation_euler": [
   -0.02828945964574814,
   -0.03182247653603554,
   1.8844026327133179
  ],
  "euler_order": "XYZ",
  "rotation_matrix": [
   [
    -0.3083348572254181,
    -0.9511242508888245,
    -0.017094749957323074
   ],
   [
    0.9507456421852112,
    -0.3075115382671356,
    -0.03897906839847565
   ],
   [
    0.031817104667425156,
    -0.02827136591076851,
    0.999093770980835
   ]
  ]
 },
 {
  "rotation_euler": [
   -0.02817772701382637,
   -0.02953524701297283,
   2.432224750518799
  ],
  "euler_order": "XYZ",
  "rotation_matrix": [
   [
    -0.7584428191184998,
    -0.651727020740509,
    0.004047162365168333
   ],
   [
    0.6510701775550842,
    -0.7579306364059448,
    -0.04060516878962517
   ],
   [
    0.029530953615903854,
    -0.028161710128188133,
    0.9991670846939087
   ]
  ]
 },
 {
  "rotation_euler": [
   -0.023492543026804924,
   -0.02296162210404873,
   0.14877541363239288
  ],
  "euler_order": "XYZ",
  "rotation_matrix": [
   [
    0.9886926412582397,
    -0.14765290915966034,
    -0.026181625202298164
   ],
   [
    0.14818811416625977,
    0.9887604117393494,
    0.019828593358397484
   ],
   [
    0.022959604859352112,
    -0.023484189063310623,
    0.9994605183601379
   ]
  ]
 },
 {
  "rotation_euler": [
   -0.028194397687911987,
   -0.029555371031165123,
   2.8124678134918213
  ],
  "euler_order": "XYZ",
  "rotation_matrix": [
   [
    -0.9459123015403748,
    -0.3238748610019684,
    0.018842173740267754
   ],
   [
    0.3230738043785095,
    -0.9456802010536194,
    -0.0362250953912735
   ],
   [
    0.0295510683208704,
    -0.028178350999951363,
    0.9991660118103027
   ]
  ]
 },
 {
  "rotation_euler": [
   -0.02818947657942772,
   -0.029538700357079506,
   -0.09410500526428223
  ],
  "euler_order": "XYZ",
  "rotation_matrix": [
   [
    0.9951410889625549,
    0.09475760161876678,
    -0.026743538677692413
   ],
   [
    -0.09392517805099487,
    0.9951016306877136,
    0.030835164710879326
   ],
   [
    0.02953440509736538,
    -0.028173448517918587,
    0.9991666674613953
   ]
  ]
 },
 {
  "rotation_euler": [
   -0.028061643242836,
   -0.027390340343117714,
   -1.0638319253921509
  ],
  "euler_order": "XYZ",
  "rotation_matrix": [
   [
    0.4853435754776001,
    0.8742513060569763,
    0.01123708114027977
   ],
   [
    -0.873894453048706,
    0.4846627712249756,
    0.03755569085478783
   ],
   [
    0.027386914938688278,
    -0.028047436848282814,
    0.9992313385009766
   ]
  ]
 },
 {
  "rotation_euler": [
   -0.028188932687044144,
   -0.029536468908190727,
   -1.0218037366867065
  ],
  "euler_order": "XYZ",
  "rotation_matrix": [
   [
    0.5216005444526672,
    0.8531460762023926,
    0.008638805709779263
   ],
   [
    -0.8526785969734192,
    0.5209107398986816,
    0.039890263229608536
   ],
   [
    0.0295321736484766,
    -0.02817290648818016,
    0.99916672706604
   ]
  ]
 },
 {
  "rotation_euler": [
   0.8758982419967651,
   -2.852814197540283,
   0.4254938066005707
  ],
  "euler_order": "XYZ",
  "rotation_matrix": [
   [
    -0.873119592666626,
    -0.46354153752326965,
    0.15096834301948547
   ],
   [
    -0.3956787884235382,
    0.49292224645614624,
    -0.7748973965644836
   ],
   [
    0.28478148579597473,
    -0.7363130450248718,
    -0.6137936115264893
   ]
  ]
 },
 {
  "rotation_euler": [
   -2.270392417907715,
   -0.2600908577442169,
   -0.9836474061012268
  ],
  "euler_order": "XYZ",
  "rotation_matrix": [
   [
    0.5353571176528931,
    -0.4270660877227783,
    0.7287024855613708
   ],
   [
    -0.8045229315757751,
    -0.5205262303352356,
    0.28599879145622253
   ],
   [
    0.25716835260391235,
    -0.7393693327903748,
    -0.6222518682479858
   ]
  ]
 },
 {
  "rotation_euler": [
   -0.028194542974233627,
   -0.029552552849054337,
   -1.9797812700271606
  ],
  "euler_order": "XYZ",
  "rotation_matrix": [
   [
    -0.3975045382976532,
    0.9168290495872498,
    0.03761179372668266
   ],
   [
    -0.917124330997467,
    -0.3982844352722168,
    0.015889612957835197
   ],
   [
    0.029548252001404762,
    -0.028178498148918152,
    0.9991660714149475
   ]
  ]
 },
 {
  "rotation_euler": [
   -0.023511886596679688,
   -0.02299131639301777,
   2.2462313175201416
  ],
  "euler_order": "XYZ",
  "rotation_matrix": [
   [
    -0.6250715851783752,
    -0.7805572748184204,
    -0.003978030756115913
   ],
   [
    0.7802287936210632,
    -0.6246422529220581,
    -0.03263583406805992
   ],
   [
    0.022989291697740555,
    -0.023503506556153297,
    0.9994593858718872
   ]
  ]
 },
 {
  "rotation_euler": [
   -0.012816118076443672,
   -0.008051243610680103,
   -0.888717770576477
  ],
  "euler_order": "XYZ",
  "rotation_matrix": [
   [
    0.6303874850273132,
    0.7762653827667236,
    0.00487332371994853
   ],
   [
    -0.7762389183044434,
    0.6302760243415833,
    0.014328471384942532
   ],
   [
    0.008051156997680664,
    -0.012815351597964764,
    0.9998854398727417
   ]
  ]
 },
 {
  "rotation_euler": [
   -2.265692710876465,
   -0.23448722064495087,
   -0.06446295231580734
  ],
  "euler_order": "XYZ",
  "rotation_matrix": [
   [
    0.970613420009613,
    0.13685019314289093,
    0.19794338941574097
   ],
   [
    -0.06265541911125183,
    -0.6504725813865662,
    0.7569410800933838
   ],
   [
    0.23234426975250244,
    -0.7470993995666504,
    -0.6227830052375793
   ]
  ]
 },
 {
  "rotation_euler": [
   -0.028176918625831604,
   -0.029534190893173218,
   1.1330655813217163
  ],
  "euler_order": "XYZ",
  "rotation_matrix": [
   [
    0.42370039224624634,
    -0.9050037264823914,
    -0.038029227405786514
   ],
   [
    0.905320942401886,
    0.4244705140590668,
    -0.014792880974709988
   ],
   [
    0.02952989749610424,
    -0.028160903602838516,
    0.9991671442985535
   ]
  ]
 },
 {
  "rotation_euler": [
   -0.02819927968084812,
   -0.02956227958202362,
   1.302816390991211
  ],
  "euler_order": "XYZ",
  "rotation_matrix": [
   [
    0.2646683156490326,
    -0.9637036919593811,
    -0.03501254692673683
   ],
   [
    0.9638863801956177,
    0.2654823958873749,
    -0.021025922149419785
   ],
   [
    0.0295579731464386,
    -0.02818322367966175,
    0.9991656541824341
   ]
  ]
 },
 {
  "rotation_euler": [
   -0.028194664046168327,
   -0.0295550599694252,
   2.442110300064087
  ],
  "euler_order": "XYZ",
  "rotation_matrix": [
   [
    -0.7648413777351379,
    -0.644203245639801,
    0.004452599678188562
   ],
   [
    0.6435405015945435,
    -0.7643350958824158,
    -0.0405888669192791
   ],
   [
    0.029550757259130478,
    -0.028178617358207703,
    0.9991660118103027
   ]
  ]
 }
]