[
 {
  "rotation_euler": [
   -1.8046114444732666,
   2.1514334678649902,
   -0.20513543486595154
  ],
  "euler_order": "XYZ",
  "rotation_matrix": [
   [
    -0.5370553731918335,
    -0.8435041308403015,
    0.008499116636812687
   ],
   [
    0.11174087971448898,
    -0.06115104630589485,
    0.9918540716171265
   ],
   [
    -0.8361133337020874,
    0.5336303114891052,
    0.12709540128707886
   ]
  ]
 },
 {
  "rotation_euler": [
   1.1936438083648682,
   1.05856192111969,
   -0.09930044412612915
  ],
  "euler_order": "XYZ",
  "rotation_matrix": [
   [
    0.4877116084098816,
    0.8429068922996521,
    0.22725610435009003
   ],
   [
    -0.0485897921025753,
    0.28612056374549866,
    -0.9569608569145203
   ],
   [
    -0.8716515302658081,
    0.4556785821914673,
    0.18050099909305573
   ]
  ]
 },
 {
  "rotation_euler": [
   1.3223545551300049,
   0.9992533922195435,
   -0.601193904876709
  ],
  "euler_order": "XYZ",
  "rotation_matrix": [
   [
    0.4460841417312622,
    0.8113840818405151,
    -0.3777099847793579
   ],
   [
    -0.3059650957584381,
    -0.25834524631500244,
    -0.9163204431533813
   ],
   [
    -0.841067373752594,
    0.5243220925331116,
    0.13301147520542145
   ]
  ]
 },
 {
  "rotation_euler": [
   1.4239493608474731,
   0.9283536672592163,
   2.074153184890747
  ],
  "euler_order": "XYZ",
  "rotation_matrix": [
   [
    -0.2890126407146454,
    -0.5102160573005676,
    0.8100316524505615
   ],
   [
    0.524838924407959,
    0.6232022643089294,
    0.5797957181930542
   ],
   [
    -0.8006346225738525,
    0.5927044153213501,
    0.08766791224479675
   ]
  ]
 },
 {
  "rotation_euler": [
   -1.9462758302688599,
   2.0836522579193115,
   0.4655371904373169
  ],
  "euler_order": "XYZ",
  "rotation_matrix": [
   [
    -0.4384511709213257,
    -0.5597525238990784,
    -0.7031626105308533
   ],
   [
    -0.22026216983795166,
    -0.6915920376777649,
    0.6878844499588013
   ],
   [
    -0.8713467717170715,
    0.4564838409423828,
    0.17993701994419098
   ]
  ]
 },
 {
  "rotation_euler": [
   1.4260972738265991,
   0.9266441464424133,
   -0.9942483305931091
  ],
  "euler_order": "XYZ",
  "rotation_matrix": [
   [
    0.3273637890815735,
    0.5522236227989197,
    -0.7667346596717834
   ],
   [
    -0.5034462213516235,
    -0.5847409963607788,
    -0.6360973715782166
   ],
   [
    -0.7996091842651367,
    0.5942448973655701,
    0.08659186959266663
   ]
  ]
 },
 {
  "rotation_euler": [
   1.4533002376556396,
   0.8939564228057861,
   1.8957562446594238
  ],
  "euler_order": "XYZ",
  "rotation_matrix": [
   [
    -0.19996973872184753,
    -0.35826414823532104,
    0.911953330039978
   ],
   [
    0.5935526490211487,
    0.6962363123893738,
    0.4036709666252136
   ],
   [
    -0.7795558571815491,
    0.6220142841339111,
    0.07342243194580078
   ]
  ]
 },
 {
  "rotation_euler": [
   0.7922167181968689,
   1.1459546089172363,
   0.5858331918716431
  ],
  "euler_order": "XYZ",
  "rotation_matrix": [
   [
    0.34344682097435,
    0.1521882563829422,
    0.9267594218254089
   ],
   [
    0.22788988053798676,
    0.9437879323959351,
    -0.23943808674812317
   ],
   [
    -0.9111039638519287,
    0.2934333384037018,
    0.2894588112831116
   ]
  ]
 },
 {
  "rotation_euler": [
   1.2507524490356445,
   1.0358481407165527,
   1.0185962915420532
  ],
  "euler_order": "XYZ",
  "rotation_matrix": [
   [
    0.26741963624954224,
    0.1605137586593628,
    0.9501168727874756
   ],
   [
    0.43402671813964844,
    0.8602712750434875,
    -0.26749616861343384
   ],
   [
    -0.8602950572967529,
    0.48390981554985046,
    0.16038616001605988
   ]
  ]
 },
 {
  "rotation_euler": [
   1.287341594696045,
   1.0182194709777832,
   0.5481898188591003
  ],
  "euler_order": "XYZ",
  "rotation_matrix": [
   [
    0.4479709267616272,
    0.5517122149467468,
    0.7035166621208191
   ],
   [
    0.27353882789611816,
    0.66457599401474,
    -0.6953526139259338
   ],
   [
    -0.8511748313903809,
    0.5039368867874146,
    0.14679603278636932
   ]
  ]
 },
 {
  "rotation_euler": [
   1.1638896465301514,
   1.0691850185394287,
   -0.8926023840904236
  ],
  "euler_order": "XYZ",
  "rotation_matrix": [
   [
    0.30167242884635925,
    0.8133724927902222,
    -0.4974122643470764
   ],
   [
    -0.3744327127933502,
    -0.37872666120529175,
    -0.8463842272758484
   ],
   [
    -0.8768089413642883,
    0.441578209400177,
    0.19030186533927917
   ]
  ]
 },
 {
  "rotation_euler": [
   1.4496887922286987,
   0.9009584784507751,
   -1.4850273132324219
  ],
  "euler_order": "XYZ",
  "rotation_matrix": [
   [
    0.05318519100546837,
    0.18702958524227142,
    -0.9809134602546692
   ],
   [
    -0.6185766458511353,
    -0.7649707198143005,
    -0.17939530313014984
   ],
   [
    -0.7839223742485046,
    0.6163113713264465,
    0.07500702142715454
   ]
  ]
 },
 {
  "rotation_euler": [
   1.4531913995742798,
   0.8914129137992859,
   -2.055725336074829
  ],
  "euler_order": "XYZ",
  "rotation_matrix": [
   [
    -0.29288554191589355,
    -0.2563314139842987,
    -0.9211472272872925
   ],
   [
    -0.5558739900588989,
    -0.7382082343101501,
    0.3821684420108795
   ],
   [
    -0.7779603004455566,
    0.6239733695983887,
    0.07372254133224487
   ]
  ]
 },
 {
  "rotation_euler": [
   1.4197291135787964,
   0.9316821694374084,
   -1.0783225297927856
  ],
  "euler_order": "XYZ",
  "rotation_matrix": [
   [
    0.28202223777770996,
    0.5077741742134094,
    -0.8140201568603516
   ],
   [
    -0.5256019830703735,
    -0.6280362606048584,
    -0.5738580226898193
   ],
   [
    -0.8026244640350342,
    0.5896913409233093,
    0.08976693451404572
   ]
  ]
 },
 {
  "rotation_euler": [
   1.0962930917739868,
   1.0905884504318237,
   -0.08175481110811234
  ],
  "euler_order": "XYZ",
  "rotation_matrix": [
   [
    0.46042054891586304,
    0.8235909938812256,
    0.331226110458374
   ],
   [
    -0.03772568330168724,
    0.39094486832618713,
    -0.9196406602859497
   ],
   [
    -0.886898934841156,
    0.4109257161617279,
    0.21106958389282227
   ]
  ]
 },
 {
  "rotation_euler": [
   1.4488847255706787,
   0.9023882150650024,
   -0.14377936720848083
  ],
  "euler_order": "XYZ",
  "rotation_matrix": [
   [
    0.6133427023887634,
    0.788371205329895,
    -0.04776531457901001
   ],
   [
    -0.08879876881837845,
    0.008738634176552296,
    -0.9960112571716309
   ],
   [
    -0.7848092317581177,
    0.6151377558708191,
    0.07536616921424866
   ]
  ]
 }
]