[
 {
  "rotation_euler": [
   -1.5118741989135742,
   -0.0002851674216799438,
   -0.8070537447929382
  ],
  "euler_order": "XYZ",
  "rotation_matrix": [
   [
    0.6916293501853943,
    0.04272892698645592,
    0.7209875583648682
   ],
   [
    -0.7222525477409363,
    0.040523093193769455,
    0.6904412508010864
   ],
   [
    0.0002851674216799438,
    -0.9982645511627197,
    0.058888036757707596
   ]
  ]
 },
 {
  "rotation_euler": [
   -1.8326927423477173,
   -1.3929417133331299,
   0.6483774781227112
  ],
  "euler_order": "XYZ",
  "rotation_matrix": [
   [
    0.1410154402256012,
    0.9140966534614563,
    -0.3801867663860321
   ],
   [
    0.10683997720479965,
    0.3677300810813904,
    0.923774778842926
   ],
   [
    0.9842255115509033,
    -0.17088563740253448,
    -0.04580644145607948
   ]
  ]
 },
 {
  "rotation_euler": [
   0.0017184388125315309,
   -0.00012763349513988942,
   0.7567498683929443
  ],
  "euler_order": "XYZ",
  "rotation_matrix": [
   [
    0.7270712852478027,
    -0.6865611672401428,
    0.0010870157275348902
   ],
   [
    0.6865620017051697,
    0.7270700335502625,
    -0.0013370550004765391
   ],
   [
    0.00012763349513988942,
    0.001718437997624278,
    0.9999985098838806
   ]
  ]
 },
 {
  "rotation_euler": [
   -1.7263184785842896,
   -1.325256109237671,
   -0.3594619631767273
  ],
  "euler_order": "XYZ",
  "rotation_matrix": [
   [
    0.22754418849945068,
    0.8425625562667847,
    0.4881720244884491
   ],
   [
    -0.08550854027271271,
    -0.48209741711616516,
    0.8719348311424255
   ],
   [
    0.9700061678886414,
    -0.24014659225940704,
    -0.03765217214822769
   ]
  ]
 },
 {
  "rotation_euler": [
   0.0017397983465343714,
   -0.0001229687186423689,
   -0.8808454871177673
  ],
  "euler_order": "XYZ",
  "rotation_matrix": [
   [
    0.636499285697937,
    0.7712759971618652,
    -0.0014201357262209058
   ],
   [
    -0.7712773084640503,
    0.6364984512329102,
    -0.0010125369299203157
   ],
   [
    0.0001229687186423689,
    0.0017397974152117968,
    0.9999984502792358
   ]
  ]
 },
 {
  "rotation_euler": [
   0.0017166342586278915,
   -0.00015401735436171293,
   0.43730422854423523
  ],
  "euler_order": "XYZ",
  "rotation_matrix": [
   [
    0.9058966040611267,
    -0.4234985411167145,
    0.000587468792218715
   ],
   [
    0.42349889874458313,
    0.9058951735496521,
    -0.0016203185077756643
   ],
   [
    0.00015401735436171293,
    0.0017166334437206388,
    0.9999985098838806
   ]
  ]
 },
 {
  "rotation_euler": [
   -0.8047025799751282,
   3.1415927410125732,
   0.5503076910972595
  ],
  "euler_order": "XYZ",
  "rotation_matrix": [
   [
    -0.852363646030426,
    -0.3625742197036743,
    -0.37685027718544006
   ],
   [
    -0.5229495167732239,
    0.5909655690193176,
    0.6142340898513794
   ],
   [
    8.742277657347586e-08,
    0.7206244468688965,
    -0.6933255791664124
   ]
  ]
 },
 {
  "rotation_euler": [
   0.0653836727142334,
   -0.03403066471219063,
   -3.0295214653015137
  ],
  "euler_order": "XYZ",
  "rotation_matrix": [
   [
    -0.9931512475013733,
    0.11380685865879059,
    0.026431316509842873
   ],
   [
    -0.11177197843790054,
    -0.9913546442985535,
    0.06872422248125076
   ],
   [
    0.03402409702539444,
    0.06529926508665085,
    0.9972854852676392
   ]
  ]
 },
 {
  "rotation_euler": [
   0.001716134138405323,
   -0.00015583005733788013,
   -2.636012077331543
  ],
  "euler_order": "XYZ",
  "rotation_matrix": [
   [
    -0.8748934268951416,
    0.4843149781227112,
    -0.0006948154186829925
   ],
   [
    -0.4843154549598694,
    -0.874891996383667,
    0.0015769045567139983
   ],
   [
    0.00015583005733788013,
    0.0017161333234980702,
    0.9999985098838806
   ]
  ]
 },
 {
  "rotation_euler": [
   -0.21954777836799622,
   -1.7286765575408936,
   2.0305118560791016
  ],
  "euler_order": "XYZ",
  "rotation_matrix": [
   [
    0.06975973397493362,
    -0.9700962901115417,
    0.23247972130775452
   ],
   [
    -0.1409018486738205,
    -0.24029302597045898,
    -0.9604196548461914
   ],
   [
    0.9875627756118774,
    0.03424179553985596,
    -0.1534511297941208
   ]
  ]
 },
 {
  "rotation_euler": [
   0.0017302647465839982,
   -0.00012041308218613267,
   2.93957781791687
  ],
  "euler_order": "XYZ",
  "rotation_matrix": [
   [
    -0.9796642661094666,
    -0.20064309239387512,
    0.0004651306080631912
   ],
   [
    0.2006435990333557,
    -0.9796628952026367,
    0.0016709177289158106
   ],
   [
    0.00012041308218613267,
    0.0017302638152614236,
    0.9999985098838806
   ]
  ]
 },
 {
  "rotation_euler": [
   -1.728070616722107,
   -1.355940580368042,
   -0.5623624920845032
  ],
  "euler_order": "XYZ",
  "rotation_matrix": [
   [
    0.1803722232580185,
    0.7328333854675293,
    0.6560648679733276
   ],
   [
    -0.11367879062891006,
    -0.6470034122467041,
    0.7539653182029724
   ],
   [
    0.9770071506500244,
    -0.21057507395744324,
    -0.03339383378624916
   ]
  ]
 },
 {
  "rotation_euler": [
   0.0017360426718369126,
   -0.00011979665578110144,
   2.351050853729248
  ],
  "euler_order": "XYZ",
  "rotation_matrix": [
   [
    -0.7034603357315063,
    -0.7107332944869995,
    0.001318136928603053
   ],
   [
    0.710734486579895,
    -0.7034594416618347,
    0.001136093051172793
   ],
   [
    0.00011979665578110144,
    0.001736041740514338,
    0.9999985098838806
   ]
  ]
 },
 {
  "rotation_euler": [
   0.0017163408920168877,
   -0.00014926836593076587,
   1.1801522970199585
  ],
  "euler_order": "XYZ",
  "rotation_matrix": [
   [
    0.3807840049266815,
    -0.9246627688407898,
    0.0015301989624276757
   ],
   [
    0.9246640205383301,
    0.38078320026397705,
    -0.0007915777387097478
   ],
   [
    0.00014926836593076587,
    0.0017163400771096349,
    0.9999985098838806
   ]
  ]
 },
 {
  "rotation_euler": [
   0.0017224412877112627,
   -0.00014315746375359595,
   -0.4078981876373291
  ],
  "euler_order": "XYZ",
  "rotation_matrix": [
   [
    0.9179565906524658,
    0.3966800272464752,
    -0.0008146712789312005
   ],
   [
    -0.3966808319091797,
    0.9179553389549255,
    -0.001524337800219655
   ],
   [
    0.00014315746375359595,
    0.00172244047280401,
    0.9999985098838806
   ]
  ]
 },
 {
  "rotation_euler": [
   0.0017233313992619514,
   -0.0001488043781137094,
   2.7347750663757324
  ],
  "euler_order": "XYZ",
  "rotation_matrix": [
   [
    -0.9183847308158875,
    -0.39568784832954407,
    0.0008185618207789958
   ],
   [
    0.39568865299224854,
    -0.9183834791183472,
    0.00152380031067878
   ],
   [
    0.0001488043781137094,
    0.0017233305843546987,
    0.9999985098838806
   ]
  ]
 }
]