[
 {
  "rotation_euler": [
   -3.902285607182421e-05,
   7.531236042268574e-05,
   -1.6608790159225464
  ],
  "euler_order": "XYZ",
  "rotation_matrix": [
   [
    -0.08996090292930603,
    0.9959452748298645,
    3.208946145605296e-05
   ],
   [
    -0.9959452748298645,
    -0.08996090292930603,
    -7.851752161514014e-05
   ],
   [
    -7.531236042268574e-05,
    -3.902285607182421e-05,
    1.0
   ]
  ]
 },
 {
  "rotation_euler": [
   3.3766614251362626e-06,
   5.906956630497007e-06,
   1.254690170288086
  ],
  "euler_order": "XYZ",
  "rotation_matrix": [
   [
    0.3108680248260498,
    -0.9504531025886536,
    5.0456419558031484e-06
   ],
   [
    0.9504531025886536,
    0.3108680248260498,
    4.564589289657306e-06
   ],
   [
    -5.906956630497007e-06,
    3.3766614251362626e-06,
    1.0
   ]
  ]
 },
 {
  "rotation_euler": [
   -6.666651188425021e-06,
   4.781284587807022e-05,
   -1.6216216087341309
  ],
  "euler_order": "XYZ",
  "rotation_matrix": [
   [
    -0.05080340430140495,
    0.9987086653709412,
    4.228987108945148e-06
   ],
   [
    -0.9987086653709412,
    -0.050803400576114655,
    -4.8089790652738884e-05
   ],
   [
    -4.781284587807022e-05,
    -6.666651188425021e-06,
    1.0
   ]
  ]
 },
 {
  "rotation_euler": [
   -2.3298157429962885e-06,
   -2.0350182694528485e-06,
   2.551347255706787
  ],
  "euler_order": "XYZ",
  "rotation_matrix": [
   [
    -0.8308041095733643,
    -0.5565649271011353,
    3.940078556752269e-07
   ],
   [
    0.5565649271011353,
    -0.8308041095733643,
    -3.0682404030812904e-06
   ],
   [
    2.0350182694528485e-06,
    -2.3298157429962885e-06,
    1.0
   ]
  ]
 },
 {
  "rotation_euler": [
   -2.3390709884552052e-06,
   2.863105237338459e-06,
   0.6883962750434875
  ],
  "euler_order": "XYZ",
  "rotation_matrix": [
   [
    0.7722658514976501,
    -0.6352995038032532,
    7.250677640513459e-07
   ],
   [
    0.6352995038032532,
    0.7722658514976501,
    3.6253138659958495e-06
   ],
   [
    -2.863105237338459e-06,
    -2.3390709884552052e-06,
    1.0
   ]
  ]
 },
 {
  "rotation_euler": [
   2.1559228571277345e-06,
   -5.2928780860383995e-06,
   -1.9136806726455688
  ],
  "euler_order": "XYZ",
  "rotation_matrix": [
   [
    -0.3362049460411072,
    0.9417888522148132,
    -2.509324019683845e-07
   ],
   [
    -0.9417888522148132,
    -0.3362049460411072,
    5.709605375159299e-06
   ],
   [
    5.2928780860383995e-06,
    2.1559228571277345e-06,
    1.0
   ]
  ]
 },
 {
  "rotation_euler": [
   -3.4393794976494974e-06,
   -8.548534538022068e-07,
   -2.073390483856201
  ],
  "euler_order": "XYZ",
  "rotation_matrix": [
   [
    -0.48170050978660583,
    0.8763359189033508,
    3.4258350751770195e-06
   ],
   [
    -0.8763359189033508,
    -0.48170050978660583,
    -9.076121045836771e-07
   ],
   [
    8.548534538022068e-07,
    -3.4393794976494974e-06,
    1.0
   ]
  ]
 },
 {
  "rotation_euler": [
   1.9053509277000558e-06,
   5.6377357395831496e-06,
   1.2367839813232422
  ],
  "euler_order": "XYZ",
  "rotation_matrix": [
   [
    0.3278362452983856,
    -0.9447345733642578,
    3.6483049825619673e-06
   ],
   [
    0.9447345733642578,
    0.3278362452983856,
    4.7015205382194836e-06
   ],
   [
    -5.6377357395831496e-06,
    1.9053509277000558e-06,
    1.0
   ]
  ]
 },
 {
  "rotation_euler": [
   -4.920526407659054e-06,
   4.786866611539153e-06,
   0.15747743844985962
  ],
  "euler_order": "XYZ",
  "rotation_matrix": [
   [
    0.9876260161399841,
    -0.15682736039161682,
    3.955960892199073e-06
   ],
   [
    0.15682736039161682,
    0.9876260161399841,
    5.6103517636074685e-06
   ],
   [
    -4.786866611539153e-06,
    -4.920526407659054e-06,
    1.0
   ]
  ]
 },
 {
  "rotation_euler": [
   -3.4197771583421854e-06,
   -2.217697847584077e-08,
   -1.4382610321044922
  ],
  "euler_order": "XYZ",
  "rotation_matrix": [
   [
    0.1321476250886917,
    0.9912300705909729,
    3.386855269127409e-06
   ],
   [
    -0.9912300705909729,
    0.1321476250886917,
    4.7389792712237977e-07
   ],
   [
    2.217697847584077e-08,
    -3.4197771583421854e-06,
    1.0
   ]
  ]
 },
 {
  "rotation_euler": [
   3.4492870781832607e-06,
   -2.194924718423863e-06,
   0.6716185808181763
  ],
  "euler_order": "XYZ",
  "rotation_matrix": [
   [
    0.7828155159950256,
    -0.6222538352012634,
    4.2811103639905923e-07
   ],
   [
    0.6222538352012634,
    0.7828155159950256,
    -4.065955636178842e-06
   ],
   [
    2.194924718423863e-06,
    3.4492870781832607e-06,
    1.0
   ]
  ]
 },
 {
  "rotation_euler": [
   2.9546224595833337e-06,
   2.664644625838264e-06,
   2.8375234603881836
  ],
  "euler_order": "XYZ",
  "rotation_matrix": [
   [
    -0.9541260600090027,
    -0.29940518736839294,
    -1.6577774886172847e-06
   ],
   [
    0.29940518736839294,
    -0.9541260600090027,
    3.616890808189055e-06
   ],
   [
    -2.664644625838264e-06,
    2.9546224595833337e-06,
    1.0
   ]
  ]
 },
 {
  "rotation_euler": [
   3.2475797979714116e-06,
   1.6811844716357882e-06,
   -0.6620566844940186
  ],
  "euler_order": "XYZ",
  "rotation_matrix": [
   [
    0.7887295484542847,
    0.6147403120994568,
    -6.704183306283085e-07
   ],
   [
    -0.6147403120994568,
    0.7887295484542847,
    -3.5949540233559674e-06
   ],
   [
    -1.6811844716357882e-06,
    3.2475797979714116e-06,
    1.0
   ]
  ]
 },
 {
  "rotation_euler": [
   3.923018812201917e-05,
   -0.00021816325897816569,
   -1.1607364416122437
  ],
  "euler_order": "XYZ",
  "rotation_matrix": [
   [
    0.3986642360687256,
    0.9170969724655151,
    -0.0001229517802130431
   ],
   [
    -0.9170969128608704,
    0.398664265871048,
    0.000184437187272124
   ],
   [
    0.00021816325897816569,
    3.923018812201917e-05,
    1.0
   ]
  ]
 },
 {
  "rotation_euler": [
   -3.827525233646156e-06,
   -1.692973683020682e-06,
   -1.0466080904006958
  ],
  "euler_order": "XYZ",
  "rotation_matrix": [
   [
    0.5005103945732117,
    0.8657305240631104,
    2.466254500177456e-06
   ],
   [
    -0.8657305240631104,
    0.5005103945732117,
    3.381375108801876e-06
   ],
   [
    1.692973683020682e-06,
    -3.827525233646156e-06,
    1.0
   ]
  ]
 },
 {
  "rotation_euler": [
   4.26449844326271e-07,
   3.018446250280249e-06,
   1.9557057619094849
  ],
  "euler_order": "XYZ",
  "rotation_matrix": [
   [
    -0.3754751980304718,
    -0.9268324375152588,
    -7.381041768894647e-07
   ],
   [
    0.9268324375152588,
    -0.3754751980304718,
    2.9577151963167125e-06
   ],
   [
    -3.018446250280249e-06,
    4.26449844326271e-07,
    1.0
   ]
  ]
 }
]