[
 {
  "rotation_euler": [
   -0.003539929399266839,
   2.4614126232336275e-05,
   -3.020170211791992
  ],
  "euler_order": "XYZ",
  "rotation_matrix": [
   [
    -0.9926373362541199,
    0.12112362682819366,
    0.00040433782851323485
   ],
   [
    -0.12112429738044739,
    -0.9926311373710632,
    -0.003516840049996972
   ],
   [
    -2.4614126232336275e-05,
    -0.003539921948686242,
    0.9999937415122986
   ]
  ]
 },
 {
  "rotation_euler": [
   -0.003539290279150009,
   6.282559752435191e-06,
   -2.7686498165130615
  ],
  "euler_order": "XYZ",
  "rotation_matrix": [
   [
    -0.9312591552734375,
    0.36435529589653015,
    0.0012837137328460813
   ],
   [
    -0.3643575608730316,
    -0.9312533140182495,
    -0.0032982786651700735
   ],
   [
    -6.282559752435191e-06,
    -0.0035392828285694122,
    0.9999937415122986
   ]
  ]
 },
 {
  "rotation_euler": [
   -0.0035419745836406946,
   6.897491857671412e-06,
   0.6319089531898499
  ],
  "euler_order": "XYZ",
  "rotation_matrix": [
   [
    0.8069013953208923,
    -0.5906825065612793,
    -0.0020866254344582558
   ],
   [
    0.5906861424446106,
    0.8068963289260864,
    0.0028620923403650522
   ],
   [
    -6.897491857671412e-06,
    -0.0035419671330600977,
    0.9999937415122986
   ]
  ]
 },
 {
  "rotation_euler": [
   0.053226929157972336,
   -1.7480593919754028,
   0.4501321315765381
  ],
  "euler_order": "XYZ",
  "rotation_matrix": [
   [
    -0.15877127647399902,
    -0.48162004351615906,
    -0.8618780970573425
   ],
   [
    -0.07672114670276642,
    0.8763298988342285,
    -0.47556257247924805
   ],
   [
    0.9843299984931946,
    -0.009381402283906937,
    -0.1760864555835724
   ]
  ]
 },
 {
  "rotation_euler": [
   -0.003543880535289645,
   1.7380385543219745e-05,
   0.1079317107796669
  ],
  "euler_order": "XYZ",
  "rotation_matrix": [
   [
    0.9941810369491577,
    -0.10772166401147842,
    -0.00036447495222091675
   ],
   [
    0.10772228240966797,
    0.9941747784614563,
    0.0035251236986368895
   ],
   [
    -1.7380385543219745e-05,
    -0.0035438730847090483,
    0.9999937415122986
   ]
  ]
 },
 {
  "rotation_euler": [
   -0.0035437005572021008,
   1.8819009710568935e-05,
   -2.6032021045684814
  ],
  "euler_order": "XYZ",
  "rotation_matrix": [
   [
    -0.8585350513458252,
    0.5127516984939575,
    0.0018008892657235265
   ],
   [
    -0.5127548575401306,
    -0.8585296273231506,
    -0.003052034182474017
   ],
   [
    -1.8819009710568935e-05,
    -0.003543693106621504,
    0.9999937415122986
   ]
  ]
 },
 {
  "rotation_euler": [
   -0.0035405221860855818,
   1.2724864291158156e-06,
   0.574721097946167
  ],
  "euler_order": "XYZ",
  "rotation_matrix": [
   [
    0.8393439650535583,
    -0.5435973405838013,
    -0.0019235583022236824
   ],
   [
    0.5436007380485535,
    0.8393386602401733,
    0.0029724014457315207
   ],
   [
    -1.2724864291158156e-06,
    -0.003540514735504985,
    0.9999937415122986
   ]
  ]
 },
 {
  "rotation_euler": [
   -0.0035429727286100388,
   7.634295684511017e-07,
   2.7268145084381104
  ],
  "euler_order": "XYZ",
  "rotation_matrix": [
   [
    -0.9152057766914368,
    -0.4029843509197235,
    -0.0014284673379734159
   ],
   [
    0.40298688411712646,
    -0.9151999950408936,
    -0.003242234466597438
   ],
   [
    -7.634295684511017e-07,
    -0.003542965278029442,
    0.9999937415122986
   ]
  ]
 },
 {
  "rotation_euler": [
   0.015175937674939632,
   1.7977102994918823,
   2.1344799995422363
  ],
  "euler_order": "XYZ",
  "rotation_matrix": [
   [
    0.1202031821012497,
    -0.8530957102775574,
    -0.5077193379402161
   ],
   [
    -0.1901669055223465,
    -0.5217432975769043,
    0.8316372632980347
   ],
   [
    -0.9743652939796448,
    -0.0034140250645577908,
    -0.2249457687139511
   ]
  ]
 },
 {
  "rotation_euler": [
   -0.003542041638866067,
   2.4249935449915938e-05,
   -0.3536131978034973
  ],
  "euler_order": "XYZ",
  "rotation_matrix": [
   [
    0.9381276369094849,
    0.34628745913505554,
    0.0012493194080889225
   ],
   [
    -0.3462896943092346,
    0.9381217956542969,
    0.0033144827466458082
   ],
   [
    -2.4249935449915938e-05,
    -0.00354203418828547,
    0.9999937415122986
   ]
  ]
 },
 {
  "rotation_euler": [
   -0.0035413841251283884,
   9.967251571652014e-06,
   -2.7361762523651123
  ],
  "euler_order": "XYZ",
  "rotation_matrix": [
   [
    -0.9189382195472717,
    0.3943989872932434,
    0.0013875648146495223
   ],
   [
    -0.3944014310836792,
    -0.9189324975013733,
    -0.0032582376152276993
   ],
   [
    -9.967251571652014e-06,
    -0.0035413766745477915,
    0.9999937415122986
   ]
  ]
 },
 {
  "rotation_euler": [
   -0.003542811144143343,
   1.5898563106020447e-06,
   0.048160236328840256
  ],
  "euler_order": "XYZ",
  "rotation_matrix": [
   [
    0.9988405108451843,
    -0.048141323029994965,
    -0.00016896831220947206
   ],
   [
    0.04814162105321884,
    0.9988342523574829,
    0.003538772463798523
   ],
   [
    -1.5898563106020447e-06,
    -0.003542803693562746,
    0.9999937415122986
   ]
  ]
 },
 {
  "rotation_euler": [
   -0.003540388774126768,
   2.2688021999783814e-05,
   -2.640180826187134
  ],
  "euler_order": "XYZ",
  "rotation_matrix": [
   [
    -0.8769048452377319,
    0.4806611239910126,
    0.0016818389995023608
   ],
   [
    -0.48066404461860657,
    -0.8768993020057678,
    -0.003115482861176133
   ],
   [
    -2.2688021999783814e-05,
    -0.003540381323546171,
    0.9999937415122986
   ]
  ]
 },
 {
  "rotation_euler": [
   0.058864761143922806,
   -1.833630919456482,
   -1.7583268880844116
  ],
  "euler_order": "XYZ",
  "rotation_matrix": [
   [
    0.04843888804316521,
    0.9913573265075684,
    0.12191956490278244
   ],
   [
    0.2552635967731476,
    -0.13029606640338898,
    0.9580519199371338
   ],
   [
    0.9656573534011841,
    -0.015285342931747437,
    -0.2593688368797302
   ]
  ]
 },
 {
  "rotation_euler": [
   -0.0035417312756180763,
   5.304516889736988e-06,
   -2.8225908279418945
  ],
  "euler_order": "XYZ",
  "rotation_matrix": [
   [
    -0.9495489597320557,
    0.31361696124076843,
    0.001105714705772698
   ],
   [
    -0.31361889839172363,
    -0.9495429992675781,
    -0.003364703617990017
   ],
   [
    -5.304516889736988e-06,
    -0.0035417238250374794,
    0.9999937415122986
   ]
  ]
 },
 {
  "rotation_euler": [
   -0.003546741558238864,
   2.2433830963564105e-05,
   -2.6372289657592773
  ],
  "euler_order": "XYZ",
  "rotation_matrix": [
   [
    -0.8754821419715881,
    0.4832474887371063,
    0.0016943205846473575
   ],
   [
    -0.4832504689693451,
    -0.875476598739624,
    -0.0031159434001892805
   ],
   [
    -2.2433830963564105e-05,
    -0.003546734107658267,
    0.9999936819076538
   ]
  ]
 }
]