[
 {
  "rotation_euler": [
   1.687247633934021,
   -1.8116222620010376,
   -0.5994173288345337
  ],
  "euler_order": "XYZ",
  "rotation_matrix": [
   [
    -0.19692493975162506,
    -0.8619551658630371,
    -0.4671764671802521
   ],
   [
    0.13455522060394287,
    0.4482372999191284,
    -0.8837296962738037
   ],
   [
    0.9711413383483887,
    -0.23688946664333344,
    0.02771146595478058
   ]
  ]
 },
 {
  "rotation_euler": [
   -1.4543434381484985,
   -1.3299707174301147,
   -1.757976770401001
  ],
  "euler_order": "XYZ",
  "rotation_matrix": [
   [
    -0.04438314214348793,
    -0.06533469259738922,
    0.9968758821487427
   ],
   [
    -0.23433849215507507,
    -0.9693373441696167,
    -0.07396311312913895
   ],
   [
    0.9711413979530334,
    -0.23688910901546478,
    0.02771180309355259
   ]
  ]
 },
 {
  "rotation_euler": [
   -1.4543436765670776,
   -1.3299707174301147,
   -1.5358136892318726
  ],
  "euler_order": "XYZ",
  "rotation_matrix": [
   [
    0.008341814391314983,
    0.1498546451330185,
    0.9886728525161743
   ],
   [
    -0.23835857212543488,
    -0.959909975528717,
    0.14750613272190094
   ],
   [
    0.9711413979530334,
    -0.23688910901546478,
    0.027711747214198112
   ]
  ]
 },
 {
  "rotation_euler": [
   1.6872488260269165,
   -1.811621904373169,
   0.5902142524719238
  ],
  "euler_order": "XYZ",
  "rotation_matrix": [
   [
    -0.19815462827682495,
    -0.7367164492607117,
    0.6465165615081787
   ],
   [
    -0.13273704051971436,
    -0.6333501935005188,
    -0.762396514415741
   ],
   [
    0.9711413979530334,
    -0.2368890792131424,
    0.02771170809864998
   ]
  ]
 },
 {
  "rotation_euler": [
   -1.454343557357788,
   -1.3299705982208252,
   -0.39041438698768616
  ],
  "euler_order": "XYZ",
  "rotation_matrix": [
   [
    0.22055748105049133,
    0.9362003207206726,
    0.273648202419281
   ],
   [
    -0.09076809138059616,
    -0.25963902473449707,
    0.961430549621582
   ],
   [
    0.9711413383483887,
    -0.23688922822475433,
    0.027711788192391396
   ]
  ]
 },
 {
  "rotation_euler": [
   1.6872490644454956,
   -1.811621904373169,
   0.9420554637908936
  ],
  "euler_order": "XYZ",
  "rotation_matrix": [
   [
    -0.1402708888053894,
    -0.47331535816192627,
    0.8696531653404236
   ],
   [
    -0.19289493560791016,
    -0.8484433889389038,
    -0.4928847849369049
   ],
   [
    0.9711413979530334,
    -0.2368890792131424,
    0.027711763978004456
   ]
  ]
 },
 {
  "rotation_euler": [
   -1.4543442726135254,
   -1.3299709558486938,
   0.30772730708122253
  ],
  "euler_order": "XYZ",
  "rotation_matrix": [
   [
    0.22730037569999695,
    0.8840601444244385,
    -0.408377468585968
   ],
   [
    0.0722413882613182,
    0.4028911590576172,
    0.9123924374580383
   ],
   [
    0.9711414575576782,
    -0.23688890039920807,
    0.027711577713489532
   ]
  ]
 },
 {
  "rotation_euler": [
   1.687249779701233,
   -1.811621904373169,
   0.13270092010498047
  ],
  "euler_order": "XYZ",
  "rotation_matrix": [
   [
    -0.2364075630903244,
    -0.9407101273536682,
    0.24326092004776
   ],
   [
    -0.031556952744722366,
    -0.2427920550107956,
    -0.9695649147033691
   ],
   [
    0.9711413979530334,
    -0.2368890643119812,
    0.027711933478713036
   ]
  ]
 },
 {
  "rotation_euler": [
   -1.4543434381484985,
   -1.3299707174301147,
   -1.111712098121643
  ],
  "euler_order": "XYZ",
  "rotation_matrix": [
   [
    0.10568786412477493,
    0.5315840244293213,
    0.840385913848877
   ],
   [
    -0.21380941569805145,
    -0.8132047653198242,
    0.5412795543670654
   ],
   [
    0.9711413979530334,
    -0.23688910901546478,
    0.02771180309355259
   ]
  ]
 },
 {
  "rotation_euler": [
   1.6872488260269165,
   -1.811621904373169,
   0.4941922724246979
  ],
  "euler_order": "XYZ",
  "rotation_matrix": [
   [
    -0.20996791124343872,
    -0.7940447926521301,
    0.5704439282417297
   ],
   [
    -0.11312760412693024,
    -0.5598003268241882,
    -0.8208689093589783
   ],
   [
    0.9711413979530334,
    -0.2368890792131424,
    0.02771170809864998
   ]
  ]
 },
 {
  "rotation_euler": [
   -1.4543445110321045,
   -1.3299710750579834,
   0.22328726947307587
  ],
  "euler_order": "XYZ",
  "rotation_matrix": [
   [
    0.23258322477340698,
    0.9148901700973511,
    -0.3299713134765625
   ],
   [
    0.05281351879239082,
    0.32689404487609863,
    0.943584144115448
   ],
   [
    0.9711414575576782,
    -0.2368887960910797,
    0.02771150879561901
   ]
  ]
 },
 {
  "rotation_euler": [
   -1.4543436765670776,
   -1.3299707174301147,
   1.627362608909607
  ],
  "euler_order": "XYZ",
  "rotation_matrix": [
   [
    -0.01348411850631237,
    -0.17053648829460144,
    -0.9852591156959534
   ],
   [
    0.23812301456928253,
    0.9564522504806519,
    -0.16880927979946136
   ],
   [
    0.9711413979530334,
    -0.23688910901546478,
    0.027711747214198112
   ]
  ]
 },
 {
  "rotation_euler": [
   -1.4543453454971313,
   -1.329971194267273,
   -0.1435028463602066
  ],
  "euler_order": "XYZ",
  "rotation_matrix": [
   [
    0.236052468419075,
    0.9712657332420349,
    0.030367109924554825
   ],
   [
    -0.03410865738987923,
    -0.02294944040477276,
    0.9991546273231506
   ],
   [
    0.971141517162323,
    -0.23688869178295135,
    0.027711298316717148
   ]
  ]
 },
 {
  "rotation_euler": [
   1.6872485876083374,
   -1.8116220235824585,
   0.17091572284698486
  ],
  "euler_order": "XYZ",
  "rotation_matrix": [
   [
    -0.2350294291973114,
    -0.9307476282119751,
    0.2801249325275421
   ],
   [
    -0.04056600481271744,
    -0.27855396270751953,
    -0.9595634937286377
   ],
   [
    0.9711413979530334,
    -0.23688921332359314,
    0.027711663395166397
   ]
  ]
 },
 {
  "rotation_euler": [
   1.6872501373291016,
   -1.8116217851638794,
   0.8674074411392212
  ],
  "euler_order": "XYZ",
  "rotation_matrix": [
   [
    -0.15426602959632874,
    -0.5352721810340881,
    0.8304731845855713
   ],
   [
    -0.18189643323421478,
    -0.8107819557189941,
    -0.556368887424469
   ],
   [
    0.9711414575576782,
    -0.23688893020153046,
    0.027712004259228706
   ]
  ]
 },
 {
  "rotation_euler": [
   -1.4543428421020508,
   -1.3299708366394043,
   0.12215035408735275
  ],
  "euler_order": "XYZ",
  "rotation_matrix": [
   [
    0.2367272526025772,
    0.9432193636894226,
    -0.23301814496517181
   ],
   [
    0.029060998931527138,
    0.2328537404537201,
    0.972077488899231
   ],
   [
    0.9711413979530334,
    -0.23688897490501404,
    0.027711931616067886
   ]
  ]
 }
]