[
 {
  "rotation_euler": [
   0.5721195936203003,
   -1.3469154834747314,
   -2.443805694580078
  ],
  "euler_order": "XYZ",
  "rotation_matrix": [
   [
    -0.17012275755405426,
    0.9447193741798401,
    0.280291885137558
   ],
   [
    -0.14265002310276031,
    -0.30505189299583435,
    0.9415913820266724
   ],
   [
    0.9750431776046753,
    0.12020247429609299,
    0.1866605132818222
   ]
  ]
 },
 {
  "rotation_euler": [
   2.4437533738819184e-06,
   5.786592737422325e-06,
   -2.797114610671997
  ],
  "euler_order": "XYZ",
  "rotation_matrix": [
   [
    -0.9412518739700317,
    0.33770543336868286,
    -6.2719100242247805e-06
   ],
   [
    -0.33770543336868286,
    -0.9412518739700317,
    3.4602359733071353e-07
   ],
   [
    -5.786592737422325e-06,
    2.4437533738819184e-06,
    1.0
   ]
  ]
 },
 {
  "rotation_euler": [
   0.8920456767082214,
   1.3506697416305542,
   1.7026008367538452
  ],
  "euler_order": "XYZ",
  "rotation_matrix": [
   [
    -0.02869667299091816,
    -0.7222014665603638,
    0.6910872459411621
   ],
   [
    0.2164592444896698,
    0.6704772114753723,
    0.7096518278121948
   ],
   [
    -0.9758698344230652,
    0.16995686292648315,
    0.13708671927452087
   ]
  ]
 },
 {
  "rotation_euler": [
   -1.918661610034178e-06,
   2.5289909899584018e-06,
   -1.2408651113510132
  ],
  "euler_order": "XYZ",
  "rotation_matrix": [
   [
    0.3239779472351074,
    0.9460646510124207,
    2.6345151127316058e-06
   ],
   [
    -0.9460646510124207,
    0.3239779472351074,
    -1.7709849089442287e-06
   ],
   [
    -2.5289909899584018e-06,
    -1.918661610034178e-06,
    1.0
   ]
  ]
 },
 {
  "rotation_euler": [
   -8.708220775588416e-07,
   -2.4303012651216704e-06,
   0.17716583609580994
  ],
  "euler_order": "XYZ",
  "rotation_matrix": [
   [
    0.9843471646308899,
    -0.1762404888868332,
    -2.545734105297015e-06
   ],
   [
    0.1762404888868332,
    0.9843471646308899,
    4.2887376139333355e-07
   ],
   [
    2.4303012651216704e-06,
    -8.708220775588416e-07,
    1.0
   ]
  ]
 },
 {
  "rotation_euler": [
   -5.860843543814553e-07,
   -3.2408770493930206e-06,
   0.7290538549423218
  ],
  "euler_order": "XYZ",
  "rotation_matrix": [
   [
    0.745805025100708,
    -0.6661642789840698,
    -2.8074907731934218e-06
   ],
   [
    0.6661642789840698,
    0.745805025100708,
    -1.721851958791376e-06
   ],
   [
    3.2408770493930206e-06,
    -5.860843543814553e-07,
    1.0
   ]
  ]
 },
 {
  "rotation_euler": [
   1.0031211376190186,
   -0.0059105707332491875,
   -0.5150728225708008
  ],
  "euler_order": "XYZ",
  "rotation_matrix": [
   [
    0.870241641998291,
    0.26052001118659973,
    -0.41810140013694763
   ],
   [
    -0.4925896227359772,
    0.47036877274513245,
    -0.7321944236755371
   ],
   [
    0.005910536274313927,
    0.8431385159492493,
    0.5376639366149902
   ]
  ]
 },
 {
  "rotation_euler": [
   1.0029792785644531,
   -0.007059103809297085,
   -2.516710042953491
  ],
  "euler_order": "XYZ",
  "rotation_matrix": [
   [
    -0.8110116124153137,
    0.3194366991519928,
    -0.49012285470962524
   ],
   [
    -0.5849875211715698,
    -0.43268564343452454,
    0.6859830617904663
   ],
   [
    0.007059045135974884,
    0.8430559635162354,
    0.5377795100212097
   ]
  ]
 },
 {
  "rotation_euler": [
   0.6739068031311035,
   1.3368513584136963,
   2.3948566913604736
  ],
  "euler_order": "XYZ",
  "rotation_matrix": [
   [
    -0.17013265192508698,
    -0.9762721657752991,
    -0.13396833837032318
   ],
   [
    0.15746085345745087,
    -0.1611366719007492,
    0.9742900133132935
   ],
   [
    -0.972759485244751,
    0.14466378092765808,
    0.1811392605304718
   ]
  ]
 },
 {
  "rotation_euler": [
   1.2106941085221479e-06,
   -5.81757512918557e-06,
   -2.2083702087402344
  ],
  "euler_order": "XYZ",
  "rotation_matrix": [
   [
    -0.5952476859092712,
    0.8035422563552856,
    2.4900543849071255e-06
   ],
   [
    -0.8035422563552856,
    -0.5952476859092712,
    5.395330390456365e-06
   ],
   [
    5.81757512918557e-06,
    1.2106941085221479e-06,
    1.0
   ]
  ]
 },
 {
  "rotation_euler": [
   1.0029784440994263,
   -0.007033203728497028,
   2.94421124458313
  ],
  "euler_order": "XYZ",
  "rotation_matrix": [
   [
    -0.9805591702461243,
    -0.09964819997549057,
    0.16903814673423767
   ],
   [
    0.19609740376472473,
    -0.5285143256187439,
    0.825965166091919
   ],
   [
    0.007033145520836115,
    0.8430556654930115,
    0.5377803444862366
   ]
  ]
 },
 {
  "rotation_euler": [
   0.1149023026227951,
   2.4658873081207275,
   1.659226655960083
  ],
  "euler_order": "XYZ",
  "rotation_matrix": [
   [
    0.06890928745269775,
    -0.9958571791648865,
    0.059329383075237274
   ],
   [
    -0.7772171497344971,
    -0.016305595636367798,
    0.629021167755127
   ],
   [
    -0.6254478096961975,
    -0.08945721387863159,
    -0.7751209139823914
   ]
  ]
 },
 {
  "rotation_euler": [
   -9.333849106951675e-07,
   -2.472463165759109e-06,
   -2.618072032928467
  ],
  "euler_order": "XYZ",
  "rotation_matrix": [
   [
    -0.8660644888877869,
    0.49993231892585754,
    2.60794172390888e-06
   ],
   [
    -0.49993231892585754,
    -0.8660644888877869,
    4.2769272567966254e-07
   ],
   [
    2.472463165759109e-06,
    -9.333849106951675e-07,
    1.0
   ]
  ]
 },
 {
  "rotation_euler": [
   3.51795677033806e-07,
   1.0791522981890012e-06,
   -0.46723365783691406
  ],
  "euler_order": "XYZ",
  "rotation_matrix": [
   [
    0.8928177356719971,
    0.4504181742668152,
    8.050311066654103e-07
   ],
   [
    -0.4504181742668152,
    0.8928177356719971,
    -8.001592277651071e-07
   ],
   [
    -1.0791522981890012e-06,
    3.51795677033806e-07,
    1.0
   ]
  ]
 },
 {
  "rotation_euler": [
   -0.8885912895202637,
   -1.7771329879760742,
   -0.4449034333229065
  ],
  "euler_order": "XYZ",
  "rotation_matrix": [
   [
    -0.1849314570426941,
    0.9571142196655273,
    -0.22300837934017181
   ],
   [
    0.08817248046398163,
    0.24216650426387787,
    0.966219961643219
   ],
   [
    0.9787880182266235,
    0.1590212732553482,
    -0.1291753351688385
   ]
  ]
 },
 {
  "rotation_euler": [
   -1.5382907747607533e-07,
   -4.173818069830304e-06,
   -0.8526108264923096
  ],
  "euler_order": "XYZ",
  "rotation_matrix": [
   [
    0.6580194234848022,
    0.7530009150505066,
    -2.6306199742975878e-06
   ],
   [
    -0.7530009150505066,
    0.6580194234848022,
    3.2441114399262005e-06
   ],
   [
    4.173818069830304e-06,
    -1.5382907747607533e-07,
    1.0
   ]
  ]
 }
]