[
 {
  "rotation_euler": [
   -2.0210156440734863,
   -0.20003697276115417,
   0.4966908097267151
  ],
  "euler_order": "XYZ",
  "rotation_matrix": [
   [
    0.8616330623626709,
    0.364650160074234,
    -0.353013813495636
   ],
   [
    0.46701666712760925,
    -0.2973282039165497,
    0.832761287689209
   ],
   [
    0.19870556890964508,
    -0.8823980093002319,
    -0.42648550868034363
   ]
  ]
 },
 {
  "rotation_euler": [
   -0.9643293619155884,
   -2.604300022125244,
   0.19126731157302856
  ],
  "euler_order": "XYZ",
  "rotation_matrix": [
   [
    -0.8434310555458069,
    0.3045172691345215,
    -0.4425983130931854
   ],
   [
    -0.1633172184228897,
    0.639519989490509,
    0.7512267827987671
   ],
   [
    0.5118119716644287,
    0.7058919668197632,
    -0.4896581172943115
   ]
  ]
 },
 {
  "rotation_euler": [
   2.6697585582733154,
   -0.91097092628479,
   0.5216109752655029
  ],
  "euler_order": "XYZ",
  "rotation_matrix": [
   [
    0.5314635038375854,
    0.13247348368167877,
    0.8366584181785583
   ],
   [
    0.30543360114097595,
    -0.951223611831665,
    -0.0434047132730484
   ],
   [
    0.7900992631912231,
    0.2786116302013397,
    -0.5460024476051331
   ]
  ]
 },
 {
  "rotation_euler": [
   0.7088236808776855,
   -2.316617965698242,
   0.35795852541923523
  ],
  "euler_order": "XYZ",
  "rotation_matrix": [
   [
    -0.6355633735656738,
    -0.7137994766235352,
    -0.29419296979904175
   ],
   [
    -0.2377476990222931,
    0.5434888601303101,
    -0.8050440549850464
   ],
   [
    0.7345306277275085,
    -0.4417128264904022,
    -0.5151258111000061
   ]
  ]
 },
 {
  "rotation_euler": [
   1.0072752237319946,
   -2.6497154235839844,
   -0.37077566981315613
  ],
  "euler_order": "XYZ",
  "rotation_matrix": [
   [
    -0.8215504288673401,
    -0.17857715487480164,
    -0.5414472222328186
   ],
   [
    0.3193824887275696,
    0.6425339579582214,
    -0.6965234875679016
   ],
   [
    0.47228139638900757,
    -0.7451579570770264,
    -0.47083961963653564
   ]
  ]
 },
 {
  "rotation_euler": [
   -2.3672542572021484,
   -0.7845421433448792,
   1.2084174156188965
  ],
  "euler_order": "XYZ",
  "rotation_matrix": [
   [
    0.2508835792541504,
    0.8435850739479065,
    -0.4747858941555023
   ],
   [
    0.661750316619873,
    0.20850683748722076,
    0.7201468348503113
   ],
   [
    0.7065012454986572,
    -0.49486270546913147,
    -0.5059317350387573
   ]
  ]
 },
 {
  "rotation_euler": [
   2.1567416191101074,
   -0.49758729338645935,
   1.883840799331665
  ],
  "euler_order": "XYZ",
  "rotation_matrix": [
   [
    -0.2706127464771271,
    0.6485826373100281,
    0.711413562297821
   ],
   [
    0.8360304832458496,
    -0.20806363224983215,
    0.5077032446861267
   ],
   [
    0.4773067831993103,
    0.7321544289588928,
    -0.4859302043914795
   ]
  ]
 },
 {
  "rotation_euler": [
   -2.0485987663269043,
   -0.28581535816192627,
   -0.4590628445148468
  ],
  "euler_order": "XYZ",
  "rotation_matrix": [
   [
    0.8601003289222717,
    0.020690063014626503,
    0.5097051858901978
   ],
   [
    -0.4251321852207184,
    -0.5231605768203735,
    0.7386241555213928
   ],
   [
    0.281939834356308,
    -0.8519829511642456,
    -0.44117453694343567
   ]
  ]
 },
 {
  "rotation_euler": [
   1.9460933208465576,
   0.20127050578594208,
   -0.13972535729408264
  ],
  "euler_order": "XYZ",
  "rotation_matrix": [
   [
    0.9702643752098083,
    0.13313768804073334,
    -0.20214194059371948
   ],
   [
    -0.13645973801612854,
    -0.38888102769851685,
    -0.9111258387565613
   ],
   [
    -0.19991435110569,
    0.9116172194480896,
    -0.3591494858264923
   ]
  ]
 },
 {
  "rotation_euler": [
   -0.9405108094215393,
   -2.56373929977417,
   0.2947416603565216
  ],
  "euler_order": "XYZ",
  "rotation_matrix": [
   [
    -0.8015158772468567,
    0.2510363757610321,
    -0.5427273511886597
   ],
   [
    -0.24332743883132935,
    0.6921469569206238,
    0.6795030236244202
   ],
   [
    0.5462270975112915,
    0.6766929030418396,
    -0.49368274211883545
   ]
  ]
 },
 {
  "rotation_euler": [
   1.9816009998321533,
   0.018910270184278488,
   1.007270336151123
  ],
  "euler_order": "XYZ",
  "rotation_matrix": [
   [
    0.5340747833251953,
    0.3468591868877411,
    0.7710076570510864
   ],
   [
    0.8452257513999939,
    -0.19866403937339783,
    -0.4961109161376953
   ],
   [
    -0.018909143283963203,
    0.9166358709335327,
    -0.3992757797241211
   ]
  ]
 },
 {
  "rotation_euler": [
   0.42763155698776245,
   -2.196000576019287,
   -1.673592448234558
  ],
  "euler_order": "XYZ",
  "rotation_matrix": [
   [
    0.06005685403943062,
    0.9396534562110901,
    -0.3368152678012848
   ],
   [
    0.5821733474731445,
    0.2411206066608429,
    0.7764889001846313
   ],
   [
    0.8108435869216919,
    -0.24271835386753082,
    -0.5325602889060974
   ]
  ]
 },
 {
  "rotation_euler": [
   1.9323960542678833,
   0.32785564661026,
   -1.2042982578277588
  ],
  "euler_order": "XYZ",
  "rotation_matrix": [
   [
    0.33926087617874146,
    -0.2223455160856247,
    -0.9140374660491943
   ],
   [
    -0.8838604688644409,
    -0.40796029567718506,
    -0.22882115840911865
   ],
   [
    -0.32201364636421204,
    0.8855116367340088,
    -0.33492735028266907
   ]
  ]
 },
 {
  "rotation_euler": [
   -0.9709712266921997,
   -2.623082399368286,
   -0.15320336818695068
  ],
  "euler_order": "XYZ",
  "rotation_matrix": [
   [
    -0.8583852648735046,
    0.49042806029319763,
    -0.1505158543586731
   ],
   [
    0.13254615664482117,
    0.4954596161842346,
    0.8584586381912231
   ],
   [
    0.4955867528915405,
    0.7169379591941833,
    -0.49029961228370667
   ]
  ]
 },
 {
  "rotation_euler": [
   -2.172400951385498,
   -0.5650230050086975,
   -1.688421607017517
  ],
  "euler_order": "XYZ",
  "rotation_matrix": [
   [
    -0.09911459684371948,
    -0.6138588190078735,
    0.7831689715385437
   ],
   [
    -0.838740348815918,
    -0.3719593584537506,
    -0.3976944088935852
   ],
   [
    0.5354352593421936,
    -0.6962927579879761,
    -0.47800153493881226
   ]
  ]
 },
 {
  "rotation_euler": [
   0.3879179060459137,
   -2.187549352645874,
   -0.07244276255369186
  ],
  "euler_order": "XYZ",
  "rotation_matrix": [
   [
    -0.5768724679946899,
    -0.24076031148433685,
    -0.7805463671684265
   ],
   [
    0.041863489896059036,
    0.9456049203872681,
    -0.3226125240325928
   ],
   [
    0.8157607913017273,
    -0.21878266334533691,
    -0.5354143381118774
   ]
  ]
 }
]