[
 {
  "rotation_euler": [
   1.5774308443069458,
   0.01046116091310978,
   -1.398490309715271
  ],
  "euler_order": "XYZ",
  "rotation_matrix": [
   [
    0.17144529521465302,
    -0.004742682911455631,
    -0.9851822257041931
   ],
   [
    -0.9851381182670593,
    -0.011443347670137882,
    -0.17138251662254333
   ],
   [
    -0.010460969991981983,
    0.9999232888221741,
    -0.006634105928242207
   ]
  ]
 },
 {
  "rotation_euler": [
   1.509914755821228,
   0.01801297999918461,
   -1.2822916507720947
  ],
  "euler_order": "XYZ",
  "rotation_matrix": [
   [
    0.28447285294532776,
    0.0634445771574974,
    -0.9565824270248413
   ],
   [
    -0.9585148692131042,
    7.568110595457256e-05,
    -0.28504252433776855
   ],
   [
    -0.01801200583577156,
    0.9979853630065918,
    0.06083409860730171
   ]
  ]
 },
 {
  "rotation_euler": [
   0.004056563600897789,
   -0.11374810338020325,
   1.55165696144104
  ],
  "euler_order": "XYZ",
  "rotation_matrix": [
   [
    0.019014518707990646,
    -0.999817430973053,
    0.0018835851224139333
   ],
   [
    0.9933556914329529,
    0.018677692860364914,
    -0.11355888098478317
   ],
   [
    0.11350297182798386,
    0.004030337557196617,
    0.9935294985771179
   ]
  ]
 },
 {
  "rotation_euler": [
   -0.03205215930938721,
   0.057196274399757385,
   0.08344346284866333
  ],
  "euler_order": "XYZ",
  "rotation_matrix": [
   [
    0.9948910474777222,
    -0.08512943238019943,
    0.05426595360040665
   ],
   [
    0.08321037143468857,
    0.9958561062812805,
    0.03669724240899086
   ],
   [
    -0.05716509371995926,
    -0.03199426829814911,
    0.9978519678115845
   ]
  ]
 },
 {
  "rotation_euler": [
   1.4837768077850342,
   0.018127143383026123,
   2.9073715209960938
  ],
  "euler_order": "XYZ",
  "rotation_matrix": [
   [
    -0.9725356101989746,
    -0.037734996527433395,
    0.22967496514320374
   ],
   [
    0.23204731941223145,
    -0.08034580200910568,
    0.9693804979324341
   ],
   [
    -0.018126150593161583,
    0.9960525035858154,
    0.08689545840024948
   ]
  ]
 },
 {
  "rotation_euler": [
   0.002499135909602046,
   -0.16461792588233948,
   1.9158092737197876
  ],
  "euler_order": "XYZ",
  "rotation_matrix": [
   [
    -0.33363664150238037,
    -0.940929651260376,
    0.05777581408619881
   ],
   [
    0.9283487796783447,
    -0.3385932147502899,
    -0.15337271988391876
   ],
   [
    0.16387543082237244,
    0.0024653475265949965,
    0.9864779710769653
   ]
  ]
 },
 {
  "rotation_euler": [
   -1.6062119007110596,
   -0.029642285779118538,
   1.8350476026535034
  ],
  "euler_order": "XYZ",
  "rotation_matrix": [
   [
    -0.2610718607902527,
    0.026442913338541985,
    -0.9649571180343628
   ],
   [
    0.9648642539978027,
    0.037839364260435104,
    -0.2600098252296448
   ],
   [
    0.02963794581592083,
    -0.9989339113235474,
    -0.03539261594414711
   ]
  ]
 },
 {
  "rotation_euler": [
   -1.5044221878051758,
   -0.04567766562104225,
   0.2515563368797302
  ],
  "euler_order": "XYZ",
  "rotation_matrix": [
   [
    0.9675160050392151,
    0.027618087828159332,
    -0.251296728849411
   ],
   [
    0.24865198135375977,
    0.07557862251996994,
    0.9656397104263306
   ],
   [
    0.04566178470849991,
    -0.9967573285102844,
    0.06625623255968094
   ]
  ]
 },
 {
  "rotation_euler": [
   0.03324734792113304,
   0.19216695427894592,
   0.19196029007434845
  ],
  "euler_order": "XYZ",
  "rotation_matrix": [
   [
    0.9635629057884216,
    -0.18444609642028809,
    0.19371666014194489
   ],
   [
    0.18727172911167145,
    0.982300877571106,
    0.003786274464800954
   ],
   [
    -0.19098640978336334,
    0.0326293408870697,
    0.9810501933097839
   ]
  ]
 },
 {
  "rotation_euler": [
   -1.5572035312652588,
   -0.05088278278708458,
   0.17683249711990356
  ],
  "euler_order": "XYZ",
  "rotation_matrix": [
   [
    0.9831317663192749,
    0.047672003507614136,
    -0.1765766441822052
   ],
   [
    0.17568467557430267,
    0.02232663705945015,
    0.9841932654380798
   ],
   [
    0.05086082965135574,
    -0.9986134767532349,
    0.013574784621596336
   ]
  ]
 },
 {
  "rotation_euler": [
   -0.02548544481396675,
   -0.006944517605006695,
   1.7653754949569702
  ],
  "euler_order": "XYZ",
  "rotation_matrix": [
   [
    -0.19334900379180908,
    -0.9808447360992432,
    -0.02365950495004654
   ],
   [
    0.9811054468154907,
    -0.19311724603176117,
    -0.011738372035324574
   ],
   [
    0.006944461725652218,
    -0.025482071563601494,
    0.9996511340141296
   ]
  ]
 },
 {
  "rotation_euler": [
   1.604630708694458,
   -0.051029033958911896,
   0.9855072498321533
  ],
  "euler_order": "XYZ",
  "rotation_matrix": [
   [
    0.5517212748527527,
    3.521231337799691e-05,
    0.8340285420417786
   ],
   [
    0.8324673771858215,
    -0.06118049472570419,
    -0.5506859421730042
   ],
   [
    0.05100689083337784,
    0.998126745223999,
    -0.033783894032239914
   ]
  ]
 },
 {
  "rotation_euler": [
   -0.0008448940352536738,
   0.1905854344367981,
   -1.7483636140823364
  ],
  "euler_order": "XYZ",
  "rotation_matrix": [
   [
    -0.17343738675117493,
    0.9843042492866516,
    -0.03262913227081299
   ],
   [
    -0.9664545059204102,
    -0.1764780431985855,
    -0.1866043359041214
   ],
   [
    -0.1894337683916092,
    -0.0008295958396047354,
    0.9818931221961975
   ]
  ]
 },
 {
  "rotation_euler": [
   -1.499371886253357,
   0.0023573576472699642,
   2.8139748573303223
  ],
  "euler_order": "XYZ",
  "rotation_matrix": [
   [
    -0.9468089938163757,
    -0.020737743005156517,
    -0.3211272954940796
   ],
   [
    0.321787565946579,
    -0.06832464039325714,
    -0.9443434476852417
   ],
   [
    -0.0023573555517941713,
    -0.9974476099014282,
    0.07136353105306625
   ]
  ]
 },
 {
  "rotation_euler": [
   -0.008020786568522453,
   -0.11018048971891403,
   -1.3455491065979004
  ],
  "euler_order": "XYZ",
  "rotation_matrix": [
   [
    0.22199302911758423,
    0.9749045372009277,
    -0.01673988066613674
   ],
   [
    -0.9688283801078796,
    0.22248050570487976,
    0.10896800458431244
   ],
   [
    0.10995769500732422,
    -0.00797206535935402,
    0.9939042925834656
   ]
  ]
 },
 {
  "rotation_euler": [
   0.02481098473072052,
   0.01695169508457184,
   0.3330284357070923
  ],
  "euler_order": "XYZ",
  "rotation_matrix": [
   [
    0.9449208974838257,
    -0.3264085352420807,
    0.02412465587258339
   ],
   [
    0.32685959339141846,
    0.9449032545089722,
    -0.01790573075413704
   ],
   [
    -0.016950882971286774,
    0.024804875254631042,
    0.999548614025116
   ]
  ]
 }
]