[
 {
  "rotation_euler": [
   7.258802270371234e-06,
   -2.993659506955737e-07,
   2.0330848693847656
  ],
  "euler_order": "XYZ",
  "rotation_matrix": [
   [
    -0.44599759578704834,
    -0.89503413438797,
    6.63039236314944e-06
   ],
   [
    0.89503413438797,
    -0.44599759578704834,
    2.9694656404899433e-06
   ],
   [
    2.993659506955737e-07,
    7.258802270371234e-06,
    1.0
   ]
  ]
 },
 {
  "rotation_euler": [
   -7.758720130368602e-06,
   4.353284566604998e-06,
   -1.9682117700576782
  ],
  "euler_order": "XYZ",
  "rotation_matrix": [
   [
    -0.3870365023612976,
    0.9220643639564514,
    5.469159532367485e-06
   ],
   [
    -0.9220643639564514,
    -0.3870365023612976,
    -7.016916697466513e-06
   ],
   [
    -4.353284566604998e-06,
    -7.758720130368602e-06,
    1.0
   ]
  ]
 },
 {
  "rotation_euler": [
   5.210373274167068e-06,
   -1.4197652262737392e-06,
   0.27820006012916565
  ],
  "euler_order": "XYZ",
  "rotation_matrix": [
   [
    0.961551308631897,
    -0.27462536096572876,
    6.572352617695287e-08
   ],
   [
    0.27462536096572876,
    0.961551308631897,
    -5.39994471182581e-06
   ],
   [
    1.4197652262737392e-06,
    5.210373274167068e-06,
    1.0
   ]
  ]
 },
 {
  "rotation_euler": [
   2.1274168830132112e-05,
   1.3953887901152484e-05,
   2.7468864917755127
  ],
  "euler_order": "XYZ",
  "rotation_matrix": [
   [
    -0.9231095910072327,
    -0.3845369517803192,
    -4.700263616541633e-06
   ],
   [
    0.3845369517803192,
    -0.9231095910072327,
    2.500417576811742e-05
   ],
   [
    -1.3953887901152484e-05,
    2.1274168830132112e-05,
    1.0
   ]
  ]
 },
 {
  "rotation_euler": [
   8.9815848696162e-06,
   -7.134500719985226e-06,
   -2.315441608428955
  ],
  "euler_order": "XYZ",
  "rotation_matrix": [
   [
    -0.677711009979248,
    0.7353283166885376,
    -1.7692841538519133e-06
   ],
   [
    -0.7353283166885376,
    -0.677711009979248,
    1.1333119800838176e-05
   ],
   [
    7.134500719985226e-06,
    8.9815848696162e-06,
    1.0
   ]
  ]
 },
 {
  "rotation_euler": [
   2.1638522866851417e-06,
   -5.535954642255092e-06,
   -2.705185890197754
  ],
  "euler_order": "XYZ",
  "rotation_matrix": [
   [
    -0.9062763452529907,
    0.42268574237823486,
    4.102475031686481e-06
   ],
   [
    -0.42268574237823486,
    -0.9062763452529907,
    4.3010172703361604e-06
   ],
   [
    5.535954642255092e-06,
    2.1638522866851417e-06,
    1.0
   ]
  ]
 },
 {
  "rotation_euler": [
   -6.134544491942506e-06,
   5.697597771359142e-07,
   -1.662926197052002
  ],
  "euler_order": "XYZ",
  "rotation_matrix": [
   [
    -0.0919995903968811,
    0.9957590699195862,
    6.056110578356311e-06
   ],
   [
    -0.9957590699195862,
    -0.0919995903968811,
    -1.1317190455883974e-06
   ],
   [
    -5.697597771359142e-07,
    -6.134544491942506e-06,
    1.0
   ]
  ]
 },
 {
  "rotation_euler": [
   -1.6024104070311296e-06,
   -3.2921564070420573e-06,
   2.084967613220215
  ],
  "euler_order": "XYZ",
  "rotation_matrix": [
   [
    -0.49181345105171204,
    -0.8707005977630615,
    2.2390713638742454e-07
   ],
   [
    0.8707005977630615,
    -0.49181345105171204,
    -3.6545695820677793e-06
   ],
   [
    3.2921564070420573e-06,
    -1.6024104070311296e-06,
    1.0
   ]
  ]
 },
 {
  "rotation_euler": [
   5.080106802779483e-06,
   3.2745326734584523e-06,
   -1.0993096828460693
  ],
  "euler_order": "XYZ",
  "rotation_matrix": [
   [
    0.4542112350463867,
    0.8908939957618713,
    -3.03850720229093e-06
   ],
   [
    -0.8908939957618713,
    0.4542112350463867,
    -5.2247032726882026e-06
   ],
   [
    -3.2745326734584523e-06,
    5.080106802779483e-06,
    1.0
   ]
  ]
 },
 {
  "rotation_euler": [
   3.4537144983914914e-06,
   -7.956775334605481e-06,
   0.5453642010688782
  ],
  "euler_order": "XYZ",
  "rotation_matrix": [
   [
    0.8549384474754333,
    -0.5187295079231262,
    -5.011009307054337e-06
   ],
   [
    0.5187295079231262,
    0.8549384474754333,
    -7.0801274887344334e-06
   ],
   [
    7.956775334605481e-06,
    3.4537144983914914e-06,
    1.0
   ]
  ]
 },
 {
  "rotation_euler": [
   6.344719167827861e-06,
   -3.00243391393451e-06,
   1.8019262552261353
  ],
  "euler_order": "XYZ",
  "rotation_matrix": [
   [
    -0.22907754778862,
    -0.9734081625938416,
    6.8637918957392685e-06
   ],
   [
    0.9734081625938416,
    -0.22907754778862,
    -1.4691610203954042e-06
   ],
   [
    3.00243391393451e-06,
    6.344719167827861e-06,
    1.0
   ]
  ]
 },
 {
  "rotation_euler": [
   -2.3463826437364332e-05,
   1.4538401046593208e-05,
   1.976998209953308
  ],
  "euler_order": "XYZ",
  "rotation_matrix": [
   [
    -0.39512312412261963,
    -0.9186281561851501,
    -2.729899097175803e-05
   ],
   [
    0.9186281561851501,
    -0.39512312412261963,
    4.084284228156321e-06
   ],
   [
    -1.4538401046593208e-05,
    -2.3463826437364332e-05,
    1.0
   ]
  ]
 },
 {
  "rotation_euler": [
   3.250523405995409e-08,
   4.351931693236111e-06,
   0.6141054034233093
  ],
  "euler_order": "XYZ",
  "rotation_matrix": [
   [
    0.8172892928123474,
    -0.576227605342865,
    3.5755174394580536e-06
   ],
   [
    0.576227605342865,
    0.8172892928123474,
    2.4811370167299174e-06
   ],
   [
    -4.351931693236111e-06,
    3.250523405995409e-08,
    1.0
   ]
  ]
 },
 {
  "rotation_euler": [
   -1.453672439311049e-06,
   -6.36405820841901e-06,
   0.1753719300031662
  ],
  "euler_order": "XYZ",
  "rotation_matrix": [
   [
    0.9846616983413696,
    -0.17447437345981598,
    -6.520072929561138e-06
   ],
   [
    0.17447437345981598,
    0.9846616983413696,
    3.210105319340073e-07
   ],
   [
    6.36405820841901e-06,
    -1.453672439311049e-06,
    1.0
   ]
  ]
 },
 {
  "rotation_euler": [
   -3.448552661211579e-06,
   3.386328444321407e-06,
   -2.8923721313476562
  ],
  "euler_order": "XYZ",
  "rotation_matrix": [
   [
    -0.9691049456596375,
    0.2466486394405365,
    -2.431126858937205e-06
   ],
   [
    -0.2466486394405365,
    -0.9691049456596375,
    -4.17724277212983e-06
   ],
   [
    -3.386328444321407e-06,
    -3.448552661211579e-06,
    1.0
   ]
  ]
 },
 {
  "rotation_euler": [
   -4.517036813922459e-06,
   1.979384052219757e-07,
   2.3014469146728516
  ],
  "euler_order": "XYZ",
  "rotation_matrix": [
   [
    -0.6673542857170105,
    -0.74474036693573,
    -3.4961146866407944e-06
   ],
   [
    0.74474036693573,
    -0.6673542857170105,
    -2.8670513074757764e-06
   ],
   [
    -1.979384052219757e-07,
    -4.517036813922459e-06,
    1.0
   ]
  ]
 }
]