[
 {
  "rotation_euler": [
   0.0008880423265509307,
   -0.001234556664712727,
   -2.0354251861572266
  ],
  "euler_order": "XYZ",
  "rotation_matrix": [
   [
    -0.44809070229530334,
    0.8939880728721619,
    -0.00024070560175459832
   ],
   [
    -0.893987238407135,
    -0.4480898678302765,
    0.0015016017714515328
   ],
   [
    0.0012345563154667616,
    0.000888041511643678,
    0.9999988675117493
   ]
  ]
 },
 {
  "rotation_euler": [
   0.0008858052897267044,
   -0.0012335091596469283,
   -2.658155679702759
  ],
  "euler_order": "XYZ",
  "rotation_matrix": [
   [
    -0.8854019045829773,
    0.4648258090019226,
    0.0006804070435464382
   ],
   [
    -0.4648246765136719,
    -0.885401725769043,
    0.0013576596975326538
   ],
   [
    0.0012335088104009628,
    0.0008858044748194516,
    0.9999988675117493
   ]
  ]
 },
 {
  "rotation_euler": [
   0.0008817944908514619,
   -0.0012431866489350796,
   1.6987364292144775
  ],
  "euler_order": "XYZ",
  "rotation_matrix": [
   [
    -0.12759125232696533,
    -0.9918262958526611,
    0.0010332070523872972
   ],
   [
    0.991826057434082,
    -0.12759238481521606,
    -0.0011205157497897744
   ],
   [
    0.001243186299689114,
    0.0008817936759442091,
    0.9999988675117493
   ]
  ]
 },
 {
  "rotation_euler": [
   1.5958428382873535,
   0.27832314372062683,
   -0.8716220259666443
  ],
  "euler_order": "XYZ",
  "rotation_matrix": [
   [
    0.6188191175460815,
    0.15759778022766113,
    -0.7695620656013489
   ],
   [
    -0.7359203696250916,
    -0.2263335883617401,
    -0.638117790222168
   ],
   [
    -0.2747437059879303,
    0.9612159132957458,
    -0.02408014051616192
   ]
  ]
 },
 {
  "rotation_euler": [
   0.0008864325354807079,
   -0.001237083924934268,
   -2.7996633052825928
  ],
  "euler_order": "XYZ",
  "rotation_matrix": [
   [
    -0.9421087503433228,
    0.3353062868118286,
    0.0008682422339916229
   ],
   [
    -0.3353051245212555,
    -0.9421087503433228,
    0.0012499169679358602
   ],
   [
    0.0012370835756883025,
    0.0008864317205734551,
    0.9999988675117493
   ]
  ]
 },
 {
  "rotation_euler": [
   0.000562480476219207,
   -0.0023499103263020515,
   1.563693642616272
  ],
  "euler_order": "XYZ",
  "rotation_matrix": [
   [
    0.007102604955434799,
    -0.9999746084213257,
    0.0005457757506519556
   ],
   [
    0.9999719858169556,
    0.007101301569491625,
    -0.0023538435343652964
   ],
   [
    0.0023499082308262587,
    0.0005624789046123624,
    0.999997079372406
   ]
  ]
 },
 {
  "rotation_euler": [
   0.0008906403090804815,
   -0.001225313637405634,
   -0.3093665838241577
  ],
  "euler_order": "XYZ",
  "rotation_matrix": [
   [
    0.9525259137153625,
    0.30445417761802673,
    -0.0014383032685145736
   ],
   [
    -0.30445513129234314,
    0.9525265693664551,
    -0.0004753054236061871
   ],
   [
    0.0012253132881596684,
    0.0008906394941732287,
    0.9999988675117493
   ]
  ]
 },
 {
  "rotation_euler": [
   -1.5935717821121216,
   0.1675281673669815,
   -2.731945514678955
  ],
  "euler_order": "XYZ",
  "rotation_matrix": [
   [
    -0.9044197201728821,
    0.14383931457996368,
    0.4016655683517456
   ],
   [
    -0.3927096724510193,
    0.08728441596031189,
    -0.9155110716819763
   ],
   [
    -0.1667456328868866,
    -0.9857442378997803,
    -0.022454656660556793
   ]
  ]
 },
 {
  "rotation_euler": [
   0.0008964427397586405,
   -0.0012261843075975776,
   -0.37540456652641296
  ],
  "euler_order": "XYZ",
  "rotation_matrix": [
   [
    0.9303586483001709,
    0.36664777994155884,
    -0.001469471026211977
   ],
   [
    -0.36664867401123047,
    0.930359423160553,
    -0.00038443488301709294
   ],
   [
    0.001226183958351612,
    0.0008964419248513877,
    0.9999988675117493
   ]
  ]
 },
 {
  "rotation_euler": [
   0.0009023252059705555,
   -0.0012228800915181637,
   -1.9139537811279297
  ],
  "euler_order": "XYZ",
  "rotation_matrix": [
   [
    -0.3364618718624115,
    0.9416970014572144,
    -0.0004382642509881407
   ],
   [
    -0.941696286201477,
    -0.3364609479904175,
    0.0014551799977198243
   ],
   [
    0.0012228797422721982,
    0.0009023243910633028,
    0.9999988675117493
   ]
  ]
 },
 {
  "rotation_euler": [
   1.544865369796753,
   2.5951714515686035,
   0.44384387135505676
  ],
  "euler_order": "XYZ",
  "rotation_matrix": [
   [
    -0.771605908870697,
    0.457992821931839,
    0.44143733382225037
   ],
   [
    -0.3668869137763977,
    0.24647846817970276,
    -0.8970186114311218
   ],
   [
    -0.519632875919342,
    -0.8541024327278137,
    -0.02215265855193138
   ]
  ]
 },
 {
  "rotation_euler": [
   0.000875084544532001,
   -0.001244075014255941,
   -2.604187488555908
  ],
  "euler_order": "XYZ",
  "rotation_matrix": [
   [
    -0.8590392470359802,
    0.5119093656539917,
    0.0006207461119629443
   ],
   [
    -0.511908233165741,
    -0.8590390086174011,
    0.00138858484569937
   ],
   [
    0.0012440746650099754,
    0.0008750837296247482,
    0.9999988675117493
   ]
  ]
 },
 {
  "rotation_euler": [
   1.540588617324829,
   2.390406847000122,
   -0.04610908776521683
  ],
  "euler_order": "XYZ",
  "rotation_matrix": [
   [
    -0.7301032543182373,
    0.6828616261482239,
    -0.02547982707619667
   ],
   [
    0.033688273280858994,
    -0.0012732089962810278,
    -0.9994315505027771
   ],
   [
    -0.6825059056282043,
    -0.7305465936660767,
    -0.022074855864048004
   ]
  ]
 },
 {
  "rotation_euler": [
   0.0009620155906304717,
   0.002404808299615979,
   -1.4495989084243774
  ],
  "euler_order": "XYZ",
  "rotation_matrix": [
   [
    0.12090057879686356,
    0.9926643967628479,
    -0.0006642155349254608
   ],
   [
    -0.992661714553833,
    0.12089857459068298,
    -0.0025034730788320303
   ],
   [
    -0.0024048059713095427,
    0.000962012680247426,
    0.9999966621398926
   ]
  ]
 },
 {
  "rotation_euler": [
   0.06845029443502426,
   -0.01777673326432705,
   -2.52055025100708
  ],
  "euler_order": "XYZ",
  "rotation_matrix": [
   [
    -0.8131438493728638,
    0.5815093517303467,
    -0.025376273319125175
   ],
   [
    -0.5817912817001343,
    -0.8106603622436523,
    0.06594448536634445
   ],
   [
    0.017775796353816986,
    0.06838604807853699,
    0.9975005388259888
   ]
  ]
 },
 {
  "rotation_euler": [
   1.620735764503479,
   -1.0430989265441895,
   0.34856149554252625
  ],
  "euler_order": "XYZ",
  "rotation_matrix": [
   [
    0.4732646048069,
    -0.7939521670341492,
    0.3816550374031067
   ],
   [
    0.1719839721918106,
    -0.34163418412208557,
    -0.9239630103111267
   ],
   [
    0.8639688491821289,
    0.5029175281524658,
    -0.025136318057775497
   ]
  ]
 }
]