[
 {
  "rotation_euler": [
   0.02873084880411625,
   0.042248860001564026,
   -2.005871057510376
  ],
  "euler_order": "XYZ",
  "rotation_matrix": [
   [
    -0.4211020767688751,
    0.9059529304504395,
    -0.04384498670697212
   ],
   [
    -0.9060293436050415,
    -0.4224044978618622,
    -0.02617793157696724
   ],
   [
    -0.042236290872097015,
    0.028701262548565865,
    0.9986953139305115
   ]
  ]
 },
 {
  "rotation_euler": [
   0.028732920065522194,
   0.042248014360666275,
   -2.378390073776245
  ],
  "euler_order": "XYZ",
  "rotation_matrix": [
   [
    -0.7219811677932739,
    0.6900771260261536,
    -0.05036642402410507
   ],
   [
    -0.6906224489212036,
    -0.7231664061546326,
    -0.008422451093792915
   ],
   [
    -0.04223544895648956,
    0.02870333194732666,
    0.9986953139305115
   ]
  ]
 },
 {
  "rotation_euler": [
   -1.4897574186325073,
   -0.05570380389690399,
   -3.070590019226074
  ],
  "euler_order": "XYZ",
  "rotation_matrix": [
   [
    -0.9959332346916199,
    -0.04960961267352104,
    0.0752057135105133
   ],
   [
    -0.07083295285701752,
    -0.08468306064605713,
    -0.9938870668411255
   ],
   [
    0.055674999952316284,
    -0.9951722025871277,
    0.08082468062639236
   ]
  ]
 },
 {
  "rotation_euler": [
   0.02873334102332592,
   0.04224755987524986,
   -2.4935317039489746
  ],
  "euler_order": "XYZ",
  "rotation_matrix": [
   [
    -0.7965443730354309,
    0.6024250984191895,
    -0.0510004498064518
   ],
   [
    -0.60310298204422,
    -0.797659158706665,
    -0.002579605905339122
   ],
   [
    -0.04223499447107315,
    0.028703752905130386,
    0.9986953139305115
   ]
  ]
 },
 {
  "rotation_euler": [
   0.028732730075716972,
   0.042248379439115524,
   -0.17339873313903809
  ],
  "euler_order": "XYZ",
  "rotation_matrix": [
   [
    0.9841251373291016,
    0.17365507781505585,
    0.03662866726517677
   ],
   [
    -0.17237715423107147,
    0.9843881726264954,
    -0.03558194637298584
   ],
   [
    -0.04223581403493881,
    0.02870314195752144,
    0.9986952543258667
   ]
  ]
 },
 {
  "rotation_euler": [
   0.028732582926750183,
   0.04224836081266403,
   -2.03155779838562
  ],
  "euler_order": "XYZ",
  "rotation_matrix": [
   [
    -0.4442335367202759,
    0.8948049545288086,
    -0.04450420290231705
   ],
   [
    -0.8949149250984192,
    -0.4455336034297943,
    -0.025041965767741203
   ],
   [
    -0.04223579540848732,
    0.02870299480855465,
    0.9986953139305115
   ]
  ]
 },
 {
  "rotation_euler": [
   0.02873149700462818,
   0.04224907234311104,
   -1.2064858675003052
  ],
  "euler_order": "XYZ",
  "rotation_matrix": [
   [
    0.3559871315956116,
    0.9344163537025452,
    -0.011799274943768978
   ],
   [
    -0.9335358738899231,
    0.3550243079662323,
    -0.04968399181962013
   ],
   [
    -0.04223650321364403,
    0.028701908886432648,
    0.9986953139305115
   ]
  ]
 },
 {
  "rotation_euler": [
   0.02873179502785206,
   0.04224894195795059,
   2.2677001953125
  ],
  "euler_order": "XYZ",
  "rotation_matrix": [
   [
    -0.6412737965583801,
    -0.7672954201698303,
    -0.005068622063845396
   ],
   [
    0.7661488056182861,
    -0.6406512260437012,
    0.05081374943256378
   ],
   [
    -0.04223637282848358,
    0.028702206909656525,
    0.9986953139305115
   ]
  ]
 },
 {
  "rotation_euler": [
   0.028730936348438263,
   0.04224823787808418,
   -0.05337948724627495
  ],
  "euler_order": "XYZ",
  "rotation_matrix": [
   [
    0.9976845979690552,
    0.05454369634389877,
    0.04062540456652641
   ],
   [
    -0.05330653116106987,
    0.9980987906455994,
    -0.030938584357500076
   ],
   [
    -0.04223567247390747,
    0.02870135009288788,
    0.9986953139305115
   ]
  ]
 },
 {
  "rotation_euler": [
   0.02873290702700615,
   0.04224823787808418,
   0.1844518631696701
  ],
  "euler_order": "XYZ",
  "rotation_matrix": [
   [
    0.9821597337722778,
    -0.18213921785354614,
    0.04677119851112366
   ],
   [
    0.18324406445026398,
    0.9828537106513977,
    -0.020498471334576607
   ],
   [
    -0.04223567247390747,
    0.028703318908810616,
    0.9986952543258667
   ]
  ]
 },
 {
  "rotation_euler": [
   0.028731273487210274,
   0.04224856197834015,
   -2.74251389503479
  ],
  "euler_order": "XYZ",
  "rotation_matrix": [
   [
    -0.9205971360206604,
    0.3872913122177124,
    -0.050063565373420715
   ],
   [
    -0.38822293281555176,
    -0.9215105175971985,
    0.010065056383609772
   ],
   [
    -0.04223599284887314,
    0.02870168536901474,
    0.9986953139305115
   ]
  ]
 },
 {
  "rotation_euler": [
   -1.4897583723068237,
   -0.055703796446323395,
   0.9815505743026733
  ],
  "euler_order": "XYZ",
  "rotation_matrix": [
   [
    0.5548721551895142,
    -0.036459051072597504,
    -0.8311363458633423
   ],
   [
    0.8300706148147583,
    0.09112034738063812,
    0.5501635074615479
   ],
   [
    0.05567499250173569,
    -0.9951722621917725,
    0.08082372695207596
   ]
  ]
 },
 {
  "rotation_euler": [
   0.028731748461723328,
   0.042248327285051346,
   1.872635006904602
  ],
  "euler_order": "XYZ",
  "rotation_matrix": [
   [
    -0.29701098799705505,
    -0.9547581076622009,
    0.014878548681735992
   ],
   [
    0.9539394974708557,
    -0.2959950864315033,
    0.048849791288375854
   ],
   [
    -0.042235761880874634,
    0.028702160343527794,
    0.9986953139305115
   ]
  ]
 },
 {
  "rotation_euler": [
   0.028733212500810623,
   0.042247749865055084,
   -2.803821325302124
  ],
  "euler_order": "XYZ",
  "rotation_matrix": [
   [
    -0.9426536560058594,
    0.3301035761833191,
    -0.04935270920395851
   ],
   [
    -0.33108946681022644,
    -0.9435082077980042,
    0.013115591369569302
   ],
   [
    -0.04223518446087837,
    0.02870362438261509,
    0.9986953139305115
   ]
  ]
 },
 {
  "rotation_euler": [
   0.0287336315959692,
   0.04224775359034538,
   0.5993354320526123
  ],
  "euler_order": "XYZ",
  "rotation_matrix": [
   [
    0.8249738812446594,
    -0.5628591179847717,
    0.05106588453054428
   ],
   [
    0.5635905265808105,
    0.8260543346405029,
    9.237334597855806e-05
   ],
   [
    -0.04223518818616867,
    0.028704041615128517,
    0.9986952543258667
   ]
  ]
 },
 {
  "rotation_euler": [
   0.02873218059539795,
   0.04224831610918045,
   2.9727797508239746
  ],
  "euler_order": "XYZ",
  "rotation_matrix": [
   [
    -0.9849052429199219,
    -0.16913901269435883,
    -0.03679148480296135
   ],
   [
    0.16786232590675354,
    -0.9851741790771484,
    0.035413045436143875
   ],
   [
    -0.04223575070500374,
    0.028702592477202415,
    0.9986953139305115
   ]
  ]
 }
]