[
 {
  "rotation_euler": [
   -1.5635427236557007,
   -0.21475474536418915,
   0.2450384646654129
  ],
  "euler_order": "XYZ",
  "rotation_matrix": [
   [
    0.9478428959846497,
    0.20497675240039825,
    -0.2440868616104126
   ],
   [
    0.23702093958854675,
    0.05873410031199455,
    0.9697274565696716
   ],
   [
    0.21310780942440033,
    -0.9770029783248901,
    0.007086916361004114
   ]
  ]
 },
 {
  "rotation_euler": [
   -1.563492774963379,
   -0.17901919782161713,
   0.5019673109054565
  ],
  "euler_order": "XYZ",
  "rotation_matrix": [
   [
    0.8626279830932617,
    0.15257982909679413,
    -0.48227831721305847
   ],
   [
    0.47346171736717224,
    0.09207616746425629,
    0.8759885430335999
   ],
   [
    0.1780645251274109,
    -0.9839925765991211,
    0.0071867685765028
   ]
  ]
 },
 {
  "rotation_euler": [
   -1.5635260343551636,
   0.26825645565986633,
   2.826878547668457
  ],
  "euler_order": "XYZ",
  "rotation_matrix": [
   [
    -0.9168760180473328,
    0.24977554380893707,
    -0.31136879324913025
   ],
   [
    0.298473596572876,
    -0.08895599097013474,
    -0.9502633213996887
   ],
   [
    -0.26505064964294434,
    -0.9642090201377869,
    0.007010205183178186
   ]
  ]
 },
 {
  "rotation_euler": [
   -1.563543677330017,
   -0.24622873961925507,
   0.07117123156785965
  ],
  "euler_order": "XYZ",
  "rotation_matrix": [
   [
    0.9673833250999451,
    0.24260897934436798,
    -0.07287262380123138
   ],
   [
    0.068966343998909,
    0.02456698566675186,
    0.9973164796829224
   ],
   [
    0.24374818801879883,
    -0.9698130488395691,
    0.007033837493509054
   ]
  ]
 },
 {
  "rotation_euler": [
   -1.5634989738464355,
   0.2772974371910095,
   0.6752344369888306
  ],
  "euler_order": "XYZ",
  "rotation_matrix": [
   [
    0.7507420778274536,
    -0.21823984384536743,
    -0.6235043406486511
   ],
   [
    0.6012015342712402,
    -0.1654197871685028,
    0.7817883491516113
   ],
   [
    -0.27375733852386475,
    -0.9617732167243958,
    0.007018522825092077
   ]
  ]
 },
 {
  "rotation_euler": [
   -1.5633893013000488,
   -0.3162846565246582,
   -2.111544609069824
  ],
  "euler_order": "XYZ",
  "rotation_matrix": [
   [
    -0.48924344778060913,
    -0.15376068651676178,
    0.8584861755371094
   ],
   [
    -0.8147984147071838,
    -0.27046558260917664,
    -0.5127884149551392
   ],
   [
    0.31103765964508057,
    -0.950371503829956,
    0.007039554882794619
   ]
  ]
 },
 {
  "rotation_euler": [
   1.5712685585021973,
   -0.00018964528862852603,
   -1.6681623458862305
  ],
  "euler_order": "XYZ",
  "rotation_matrix": [
   [
    -0.09721224755048752,
    -0.0004515592008829117,
    -0.9952635765075684
   ],
   [
    -0.9952636361122131,
    0.0002346537512494251,
    0.09721215069293976
   ],
   [
    0.00018964528862852603,
    0.9999998807907104,
    -0.0004722316807601601
   ]
  ]
 },
 {
  "rotation_euler": [
   1.571295142173767,
   2.947816035714368e-08,
   2.9460883140563965
  ],
  "euler_order": "XYZ",
  "rotation_matrix": [
   [
    -0.9809498190879822,
    9.687159763416275e-05,
    0.19426126778125763
   ],
   [
    0.19426129758358002,
    0.0004893185687251389,
    0.9809496998786926
   ],
   [
    -2.947816035714368e-08,
    0.9999998807907104,
    -0.0004988153814338148
   ]
  ]
 },
 {
  "rotation_euler": [
   -1.5633857250213623,
   0.31749773025512695,
   -2.0571846961975098
  ],
  "euler_order": "XYZ",
  "rotation_matrix": [
   [
    -0.44407349824905396,
    0.15247616171836853,
    0.8829211592674255
   ],
   [
    -0.8398427963256836,
    0.27251309156417847,
    -0.46946853399276733
   ],
   [
    -0.31219032406806946,
    -0.9499934911727905,
    0.0070401523262262344
   ]
  ]
 },
 {
  "rotation_euler": [
   1.5712950229644775,
   8.163002718220014e-08,
   -2.507321834564209
  ],
  "euler_order": "XYZ",
  "rotation_matrix": [
   [
    -0.8055040240287781,
    -0.0002955882519017905,
    -0.5925902128219604
   ],
   [
    -0.59259033203125,
    0.0004016533785033971,
    0.8055039048194885
   ],
   [
    -8.163002718220014e-08,
    0.9999998807907104,
    -0.000498696172144264
   ]
  ]
 },
 {
  "rotation_euler": [
   -1.5635449886322021,
   -0.24799971282482147,
   1.9059544801712036
  ],
  "euler_order": "XYZ",
  "rotation_matrix": [
   [
    -0.3188553750514984,
    -0.08758378773927689,
    -0.9437479972839355
   ],
   [
    0.9154660105705261,
    0.22941608726978302,
    -0.33059078454971313
   ],
   [
    0.24546536803245544,
    -0.9693799018859863,
    0.007029424421489239
   ]
  ]
 },
 {
  "rotation_euler": [
   -1.5637528896331787,
   -0.24567098915576935,
   -1.6134557723999023
  ],
  "euler_order": "XYZ",
  "rotation_matrix": [
   [
    -0.04136601835489273,
    -0.0033347103744745255,
    0.9991384744644165
   ],
   [
    -0.9690918922424316,
    -0.2432803064584732,
    -0.040934007614851
   ],
   [
    0.24320721626281738,
    -0.9699503183364868,
    0.006831896957010031
   ]
  ]
 },
 {
  "rotation_euler": [
   1.5712950229644775,
   -5.926341728468287e-08,
   1.8322428464889526
  ],
  "euler_order": "XYZ",
  "rotation_matrix": [
   [
    -0.25847819447517395,
    0.0004817643202841282,
    0.966016948223114
   ],
   [
    0.9660170674324036,
    0.00012884482566732913,
    0.25847816467285156
   ],
   [
    5.926341728468287e-08,
    0.9999998807907104,
    -0.000498696172144264
   ]
  ]
 },
 {
  "rotation_euler": [
   1.5712943077087402,
   2.47622392635094e-06,
   -1.0843980312347412
  ],
  "euler_order": "XYZ",
  "rotation_matrix": [
   [
    0.46744492650032043,
    -0.00043906865175813437,
    -0.884022057056427
   ],
   [
    -0.8840221762657166,
    -0.00023496767971664667,
    -0.46744486689567566
   ],
   [
    -2.47622392635094e-06,
    0.9999998807907104,
    -0.0004979809164069593
   ]
  ]
 },
 {
  "rotation_euler": [
   1.5712950229644775,
   -1.411911085824613e-07,
   1.810258388519287
  ],
  "euler_order": "XYZ",
  "rotation_matrix": [
   [
    -0.23718006908893585,
    0.0004844997019972652,
    0.9714655876159668
   ],
   [
    0.9714657068252563,
    0.00011814362369477749,
    0.23718003928661346
   ],
   [
    1.411911085824613e-07,
    0.9999998807907104,
    -0.000498696172144264
   ]
  ]
 },
 {
  "rotation_euler": [
   -1.5635426044464111,
   0.22321730852127075,
   -2.789015054702759
  ],
  "euler_order": "XYZ",
  "rotation_matrix": [
   [
    -0.9152022004127502,
    0.21025030314922333,
    0.34380194544792175
   ],
   [
    -0.33675074577331543,
    0.06963297724723816,
    -0.9390155673027039
   ],
   [
    -0.22136825323104858,
    -0.9751646518707275,
    0.007073697634041309
   ]
  ]
 }
]