[
 {
  "rotation_euler": [
   0.08614840358495712,
   -0.0498630553483963,
   -2.0468811988830566
  ],
  "euler_order": "XYZ",
  "rotation_matrix": [
   [
    -0.4577333331108093,
    0.8874654173851013,
    -0.053715482354164124
   ],
   [
    -0.8876913785934448,
    -0.4527917206287384,
    0.08356868475675583
   ],
   [
    0.04984239488840103,
    0.08593494445085526,
    0.995053231716156
   ]
  ]
 },
 {
  "rotation_euler": [
   0.05117889866232872,
   -0.06015227362513542,
   -1.6712881326675415
  ],
  "euler_order": "XYZ",
  "rotation_matrix": [
   [
    -0.10014130920171738,
    0.9939607381820679,
    -0.0448753647506237
   ],
   [
    -0.9931554794311523,
    -0.09713158011436462,
    0.0648665651679039
   ],
   [
    0.0601160041987896,
    0.051064036786556244,
    0.9968844056129456
   ]
  ]
 },
 {
  "rotation_euler": [
   0.043322380632162094,
   -0.06248016282916069,
   -2.3280274868011475
  ],
  "euler_order": "XYZ",
  "rotation_matrix": [
   [
    -0.6855714917182922,
    0.727916419506073,
    0.01137591153383255
   ],
   [
    -0.7253226637840271,
    -0.6843020915985107,
    0.07508411258459091
   ],
   [
    0.06243951991200447,
    0.04322432354092598,
    0.9971123337745667
   ]
  ]
 },
 {
  "rotation_euler": [
   0.08690774440765381,
   -0.04955184832215309,
   1.4954228401184082
  ],
  "euler_order": "XYZ",
  "rotation_matrix": [
   [
    0.07520970702171326,
    -0.9937211275100708,
    0.08283618837594986
   ],
   [
    0.9959368109703064,
    0.07073088735342026,
    -0.05574063956737518
   ],
   [
    0.04953157156705856,
    0.08669184148311615,
    0.9950031042098999
   ]
  ]
 },
 {
  "rotation_euler": [
   0.058309126645326614,
   -0.058253441005945206,
   1.2419551610946655
  ],
  "euler_order": "XYZ",
  "rotation_matrix": [
   [
    0.32239869236946106,
    -0.9459044933319092,
    0.03638334199786186
   ],
   [
    0.9448118805885315,
    0.31918659806251526,
    -0.07382729649543762
   ],
   [
    0.05822049826383591,
    0.05817724019289017,
    0.9966071248054504
   ]
  ]
 },
 {
  "rotation_euler": [
   0.08005927503108978,
   -0.05235113203525543,
   -0.15317964553833008
  ],
  "euler_order": "XYZ",
  "rotation_matrix": [
   [
    0.9869369268417358,
    0.14795678853988647,
    -0.06375137716531754
   ],
   [
    -0.15237227082252502,
    0.9857639074325562,
    -0.07107877731323242
   ],
   [
    0.052327223122119904,
    0.07986421138048172,
    0.9954313635826111
   ]
  ]
 },
 {
  "rotation_euler": [
   0.03368290513753891,
   -0.06528253108263016,
   2.602705717086792
  ],
  "euler_order": "XYZ",
  "rotation_matrix": [
   [
    -0.8564521670341492,
    -0.5110043287277222,
    0.07324133068323135
   ],
   [
    0.5120878219604492,
    -0.8589209914207458,
    -0.004555061925202608
   ],
   [
    0.0652361735701561,
    0.03360480070114136,
    0.99730384349823
   ]
  ]
 },
 {
  "rotation_euler": [
   0.08850112557411194,
   -0.04889863729476929,
   1.280000925064087
  ],
  "euler_order": "XYZ",
  "rotation_matrix": [
   [
    0.2863716185092926,
    -0.9555054306983948,
    0.07071536034345627
   ],
   [
    0.9568710327148438,
    0.28145337104797363,
    -0.07198517769575119
   ],
   [
    0.04887915402650833,
    0.08827999234199524,
    0.9948956966400146
   ]
  ]
 },
 {
  "rotation_euler": [
   0.06888208538293839,
   -0.05564333498477936,
   -0.3847319781780243
  ],
  "euler_order": "XYZ",
  "rotation_matrix": [
   [
    0.9254645109176636,
    0.37087270617485046,
    -0.0772586464881897
   ],
   [
    -0.37472984194755554,
    0.9261376261711121,
    -0.04297299683094025
   ],
   [
    0.05561462417244911,
    0.06872110068798065,
    0.9960845708847046
   ]
  ]
 },
 {
  "rotation_euler": [
   0.0435151681303978,
   -0.06242603808641434,
   0.16071313619613647
  ],
  "euler_order": "XYZ",
  "rotation_matrix": [
   [
    0.9851906299591064,
    -0.16254960000514984,
    -0.054562073200941086
   ],
   [
    0.15971049666404724,
    0.9857447147369385,
    -0.052914466708898544
   ],
   [
    0.062385499477386475,
    0.04341670125722885,
    0.9971073269844055
   ]
  ]
 },
 {
  "rotation_euler": [
   0.11190091818571091,
   -0.03590967506170273,
   1.8205968141555786
  ],
  "euler_order": "XYZ",
  "rotation_matrix": [
   [
    -0.24705126881599426,
    -0.9619104266166687,
    0.11702140420675278
   ],
   [
    0.9683371186256409,
    -0.24954915046691895,
    -0.006964647211134434
   ],
   [
    0.035901956260204315,
    0.11159554123878479,
    0.9931049942970276
   ]
  ]
 },
 {
  "rotation_euler": [
   0.09766805917024612,
   -0.04513801634311676,
   -1.71908438205719
  ],
  "euler_order": "XYZ",
  "rotation_matrix": [
   [
    -0.14759470522403717,
    0.9849621057510376,
    -0.08980780839920044
   ],
   [
    -0.9880180954933167,
    -0.1426893174648285,
    0.05882186070084572
   ],
   [
    0.04512269049882889,
    0.09741353243589401,
    0.9942205548286438
   ]
  ]
 },
 {
  "rotation_euler": [
   0.09624595195055008,
   -0.045725017786026,
   1.605027198791504
  ],
  "euler_order": "XYZ",
  "rotation_matrix": [
   [
    -0.034188415855169296,
    -0.9946385025978088,
    0.09759824723005295
   ],
   [
    0.998369574546814,
    -0.038455747067928314,
    -0.04218203201889992
   ],
   [
    0.04570908471941948,
    0.09599698334932327,
    0.9943315386772156
   ]
  ]
 },
 {
  "rotation_euler": [
   0.05822594091296196,
   -0.05824030563235283,
   2.3884878158569336
  ],
  "euler_order": "XYZ",
  "rotation_matrix": [
   [
    -0.728331983089447,
    -0.6802769899368286,
    0.08219298720359802
   ],
   [
    0.6827476620674133,
    -0.7306491732597351,
    0.0027148486115038395
   ],
   [
    0.05820738524198532,
    0.05809438228607178,
    0.9966127276420593
   ]
  ]
 },
 {
  "rotation_euler": [
   0.06115148961544037,
   -0.057566720992326736,
   -3.0717995166778564
  ],
  "euler_order": "XYZ",
  "rotation_matrix": [
   [
    -0.9959129691123962,
    0.07311373203992844,
    0.0530257448554039
   ],
   [
    -0.06962096691131592,
    -0.9954556226730347,
    0.06496938318014145
   ],
   [
    0.05753492936491966,
    0.0610121488571167,
    0.9964774250984192
   ]
  ]
 },
 {
  "rotation_euler": [
   0.05593569949269295,
   -0.05883459374308586,
   1.1646921634674072
  ],
  "euler_order": "XYZ",
  "rotation_matrix": [
   [
    0.3943498432636261,
    -0.9185286164283752,
    0.028167584910988808
   ],
   [
    0.9170772433280945,
    0.39139556884765625,
    -0.07601866871118546
   ],
   [
    0.05880065634846687,
    0.05580980330705643,
    0.9967084527015686
   ]
  ]
 }
]