[
 {
  "rotation_euler": [
   0.08625425398349762,
   2.1347421352402307e-05,
   1.2663397789001465
  ],
  "euler_order": "XYZ",
  "rotation_matrix": [
   [
    0.29977476596832275,
    -0.950462818145752,
    0.08219180256128311
   ],
   [
    0.954010009765625,
    0.29866206645965576,
    -0.025804508477449417
   ],
   [
    -2.1347421352402307e-05,
    0.08614733815193176,
    0.9962823987007141
   ]
  ]
 },
 {
  "rotation_euler": [
   0.08624330908060074,
   -2.4896060040191514e-06,
   -2.783261775970459
  ],
  "euler_order": "XYZ",
  "rotation_matrix": [
   [
    -0.9364835023880005,
    0.349408358335495,
    -0.030206726863980293
   ],
   [
    -0.3507116138935089,
    -0.9330028295516968,
    0.08066622167825699
   ],
   [
    2.4896060040191514e-06,
    0.08613643795251846,
    0.9962833523750305
   ]
  ]
 },
 {
  "rotation_euler": [
   0.08626008033752441,
   -7.504666427848861e-06,
   -1.7668676376342773
  ],
  "euler_order": "XYZ",
  "rotation_matrix": [
   [
    -0.1948174238204956,
    0.9771928191184998,
    -0.08450095355510712
   ],
   [
    -0.9808395504951477,
    -0.19409245252609253,
    0.016791468486189842
   ],
   [
    7.504666427848861e-06,
    0.08615314960479736,
    0.9962819218635559
   ]
  ]
 },
 {
  "rotation_euler": [
   -0.08159548789262772,
   -0.9875651001930237,
   -1.8525094985961914
  ],
  "euler_order": "XYZ",
  "rotation_matrix": [
   [
    -0.15310217440128326,
    0.9384719133377075,
    0.30956462025642395
   ],
   [
    -0.5290146470069885,
    -0.34242621064186096,
    0.7764585018157959
   ],
   [
    0.8346874713897705,
    -0.04488673806190491,
    0.5488916039466858
   ]
  ]
 },
 {
  "rotation_euler": [
   0.08624696731567383,
   2.32563320423651e-06,
   -2.8799312114715576
  ],
  "euler_order": "XYZ",
  "rotation_matrix": [
   [
    -0.9659615159034729,
    0.2577240765094757,
    -0.022285453975200653
   ],
   [
    -0.25868579745292664,
    -0.9623711109161377,
    0.08320740610361099
   ],
   [
    -2.32563320423651e-06,
    0.08614008128643036,
    0.9962830543518066
   ]
  ]
 },
 {
  "rotation_euler": [
   0.08625400066375732,
   1.1231652933929581e-05,
   -2.1822104454040527
  ],
  "euler_order": "XYZ",
  "rotation_matrix": [
   [
    -0.5740259885787964,
    0.815792441368103,
    -0.07054685801267624
   ],
   [
    -0.8188371062278748,
    -0.5718927979469299,
    0.04944150149822235
   ],
   [
    -1.1231652933929581e-05,
    0.08614709228277206,
    0.9962824583053589
   ]
  ]
 },
 {
  "rotation_euler": [
   -1.9217092990875244,
   1.076263189315796,
   -0.4875851571559906
  ],
  "euler_order": "XYZ",
  "rotation_matrix": [
   [
    0.41931167244911194,
    -0.8912774920463562,
    0.1726328432559967
   ],
   [
    -0.2223569005727768,
    0.08353763818740845,
    0.9713798761367798
   ],
   [
    -0.880190372467041,
    -0.44569703936576843,
    -0.16315339505672455
   ]
  ]
 },
 {
  "rotation_euler": [
   0.08625834435224533,
   3.343022763147019e-05,
   -1.5007675886154175
  ],
  "euler_order": "XYZ",
  "rotation_matrix": [
   [
    0.06997151672840118,
    0.9938403367996216,
    -0.08593792468309402
   ],
   [
    -0.9975489974021912,
    0.06970848888158798,
    -0.006061369553208351
   ],
   [
    -3.343022763147019e-05,
    0.08615141361951828,
    0.9962820410728455
   ]
  ]
 },
 {
  "rotation_euler": [
   0.08626148849725723,
   8.882087968231644e-06,
   0.3625863790512085
  ],
  "euler_order": "XYZ",
  "rotation_matrix": [
   [
    0.9349825978279114,
    -0.35337409377098083,
    0.0305667445063591
   ],
   [
    0.35469362139701843,
    0.9315063953399658,
    -0.08054986596107483
   ],
   [
    -8.882087968231644e-06,
    0.08615455031394958,
    0.9962818026542664
   ]
  ]
 },
 {
  "rotation_euler": [
   1.1714744567871094,
   -2.0240817070007324,
   -0.109046071767807
  ],
  "euler_order": "XYZ",
  "rotation_matrix": [
   [
    -0.4353204071521759,
    -0.7810510993003845,
    -0.4477224051952362
   ],
   [
    0.04765903577208519,
    0.4766264855861664,
    -0.8778131008148193
   ],
   [
    0.8990132212638855,
    -0.40346795320510864,
    -0.17026109993457794
   ]
  ]
 },
 {
  "rotation_euler": [
   0.0862593948841095,
   -6.598062100238167e-06,
   -1.3426170349121094
  ],
  "euler_order": "XYZ",
  "rotation_matrix": [
   [
    0.22620438039302826,
    0.9704580903053284,
    -0.08392086625099182
   ],
   [
    -0.9740798473358154,
    0.22536389529705048,
    -0.019481662660837173
   ],
   [
    6.598062100238167e-06,
    0.08615246415138245,
    0.9962819814682007
   ]
  ]
 },
 {
  "rotation_euler": [
   -1.914655089378357,
   -1.0243678092956543,
   -0.9703283905982971
  ],
  "euler_order": "XYZ",
  "rotation_matrix": [
   [
    0.29361099004745483,
    0.1763424426317215,
    0.9395189881324768
   ],
   [
    -0.4287393391132355,
    -0.8541470766067505,
    0.29430481791496277
   ],
   [
    0.8543858528137207,
    -0.48921987414360046,
    -0.1751820296049118
   ]
  ]
 },
 {
  "rotation_euler": [
   0.08625947684049606,
   -6.6866928136732895e-06,
   -1.5458874702453613
  ],
  "euler_order": "XYZ",
  "rotation_matrix": [
   [
    0.024906281381845474,
    0.9959728717803955,
    -0.08612598478794098
   ],
   [
    -0.9996898174285889,
    0.02481425367295742,
    -0.0021390796173363924
   ],
   [
    6.6866928136732895e-06,
    0.08615254610776901,
    0.9962819814682007
   ]
  ]
 },
 {
  "rotation_euler": [
   0.08626041561365128,
   -1.0115925761056133e-05,
   0.48004525899887085
  ],
  "euler_order": "XYZ",
  "rotation_matrix": [
   [
    0.886974036693573,
    -0.46010300517082214,
    0.03977840393781662
   ],
   [
    0.4618193209171295,
    0.883675754070282,
    -0.07642055302858353
   ],
   [
    1.0115925761056133e-05,
    0.08615347743034363,
    0.9962818622589111
   ]
  ]
 },
 {
  "rotation_euler": [
   0.08625542372465134,
   -9.935012712958269e-06,
   -2.2432782649993896
  ],
  "euler_order": "XYZ",
  "rotation_matrix": [
   [
    -0.6229294538497925,
    0.7793702483177185,
    -0.06738591939210892
   ],
   [
    -0.7822780013084412,
    -0.6206129193305969,
    0.0536721870303154
   ],
   [
    9.935012712958269e-06,
    0.08614850789308548,
    0.9962822794914246
   ]
  ]
 },
 {
  "rotation_euler": [
   0.08624784648418427,
   9.73951773630688e-06,
   1.7795401811599731
  ],
  "euler_order": "XYZ",
  "rotation_matrix": [
   [
    -0.20723119378089905,
    -0.97465580701828,
    0.08426900207996368
   ],
   [
    0.9782919883728027,
    -0.20646007359027863,
    0.01786058582365513
   ],
   [
    -9.73951773630688e-06,
    0.0861409604549408,
    0.9962829351425171
   ]
  ]
 }
]