[
 {
  "rotation_euler": [
   0.7035788297653198,
   2.364665985107422,
   0.06129822880029678
  ],
  "euler_order": "XYZ",
  "rotation_matrix": [
   [
    -0.7117323279380798,
    0.4060070812702179,
    0.5732323527336121
   ],
   [
    -0.043682657182216644,
    0.7888852953910828,
    -0.6129859685897827
   ],
   [
    -0.7010912299156189,
    -0.46132221817970276,
    -0.5437397360801697
   ]
  ]
 },
 {
  "rotation_euler": [
   1.5180754661560059,
   -1.6462386846542358,
   -1.541386604309082
  ],
  "euler_order": "XYZ",
  "rotation_matrix": [
   [
    -0.0022163151297718287,
    0.023392552509903908,
    -0.9997239112854004
   ],
   [
    0.0753382220864296,
    0.996889054775238,
    0.023159200325608253
   ],
   [
    0.9971555471420288,
    -0.07526609301567078,
    -0.003971773665398359
   ]
  ]
 },
 {
  "rotation_euler": [
   -0.00026634460664354265,
   0.013010124675929546,
   0.9334917664527893
  ],
  "euler_order": "XYZ",
  "rotation_matrix": [
   [
    0.5949808955192566,
    -0.803704559803009,
    0.007527150679379702
   ],
   [
    0.803634524345398,
    0.5950284600257874,
    0.010614458471536636
   ],
   [
    -0.013009757734835148,
    -0.0002663220511749387,
    0.999915361404419
   ]
  ]
 },
 {
  "rotation_euler": [
   0.6346303224563599,
   2.638871669769287,
   0.7493280172348022
  ],
  "euler_order": "XYZ",
  "rotation_matrix": [
   [
    -0.64156174659729,
    -0.3393790125846863,
    0.6879101395606995
   ],
   [
    -0.5968719124794006,
    0.7841651439666748,
    -0.16979104280471802
   ],
   [
    -0.48181164264678955,
    -0.5195257067680359,
    -0.7056561708450317
   ]
  ]
 },
 {
  "rotation_euler": [
   0.43789398670196533,
   -1.437616229057312,
   -2.0776541233062744
  ],
  "euler_order": "XYZ",
  "rotation_matrix": [
   [
    -0.06445900350809097,
    0.9958001375198364,
    0.06501606851816177
   ],
   [
    -0.1160920187830925,
    -0.07219202816486359,
    0.9906113743782043
   ],
   [
    0.9911446571350098,
    0.05630597472190857,
    0.12025787681341171
   ]
  ]
 },
 {
  "rotation_euler": [
   -1.4802523851394653,
   1.4649602174758911,
   0.16678063571453094
  ],
  "euler_order": "XYZ",
  "rotation_matrix": [
   [
    0.10417282581329346,
    -0.9916002154350281,
    -0.07666178792715073
   ],
   [
    0.017536913976073265,
    -0.07523778825998306,
    0.9970114231109619
   ],
   [
    -0.9944046139717102,
    -0.10520590841770172,
    0.009551874361932278
   ]
  ]
 },
 {
  "rotation_euler": [
   0.9291237592697144,
   -1.6859288215637207,
   0.6410956978797913
  ],
  "euler_order": "XYZ",
  "rotation_matrix": [
   [
    -0.09206818044185638,
    -0.995749294757843,
    0.00259889243170619
   ],
   [
    -0.0687057226896286,
    0.003748812712728977,
    -0.9976299405097961
   ],
   [
    0.9933795928955078,
    -0.09202852845191956,
    -0.06875882297754288
   ]
  ]
 },
 {
  "rotation_euler": [
   0.5976648926734924,
   -2.3300588130950928,
   -1.7685097455978394
  ],
  "euler_order": "XYZ",
  "rotation_matrix": [
   [
    0.1352182924747467,
    0.8907214403152466,
    -0.4339715838432312
   ],
   [
    0.6749757528305054,
    0.23783184587955475,
    0.6984581351280212
   ],
   [
    0.7253438830375671,
    -0.38736459612846375,
    -0.5690561532974243
   ]
  ]
 },
 {
  "rotation_euler": [
   0.6001015305519104,
   -2.0314207077026367,
   0.3229445219039917
  ],
  "euler_order": "XYZ",
  "rotation_matrix": [
   [
    -0.421528697013855,
    -0.7416274547576904,
    -0.521825909614563
   ],
   [
    -0.14106900990009308,
    0.622073233127594,
    -0.7701457142829895
   ],
   [
    0.8957751393318176,
    -0.2510250508785248,
    -0.3668423891067505
   ]
  ]
 },
 {
  "rotation_euler": [
   -1.3130575098330155e-05,
   0.0010584265692159534,
   -2.889955520629883
  ],
  "euler_order": "XYZ",
  "rotation_matrix": [
   [
    -0.9685055613517761,
    0.24898988008499146,
    -0.0010218230308964849
   ],
   [
    -0.24898973107337952,
    -0.9685060977935791,
    -0.00027625449001789093
   ],
   [
    -0.0010584263363853097,
    -1.313056782237254e-05,
    0.999999463558197
   ]
  ]
 },
 {
  "rotation_euler": [
   0.5952998399734497,
   -1.929968237876892,
   -2.00471830368042
  ],
  "euler_order": "XYZ",
  "rotation_matrix": [
   [
    0.14778165519237518,
    0.9719625115394592,
    -0.1828918308019638
   ],
   [
    0.3189235031604767,
    0.1282116323709488,
    0.9390684366226196
   ],
   [
    0.9361882209777832,
    -0.19710560142993927,
    -0.29103437066078186
   ]
  ]
 },
 {
  "rotation_euler": [
   -0.00044966343557462096,
   -0.0011664112098515034,
   -0.9671542048454285
  ],
  "euler_order": "XYZ",
  "rotation_matrix": [
   [
    0.5676442980766296,
    0.8232738375663757,
    -0.00029191086650826037
   ],
   [
    -0.8232730627059937,
    0.5676441788673401,
    0.0012155243894085288
   ],
   [
    0.0011664109770208597,
    -0.00044966311543248594,
    0.9999992251396179
   ]
  ]
 },
 {
  "rotation_euler": [
   -1.7314722537994385,
   -1.4909874200820923,
   -0.8474105000495911
  ],
  "euler_order": "XYZ",
  "rotation_matrix": [
   [
    0.05277155712246895,
    0.5314004421234131,
    0.845475435256958
   ],
   [
    -0.059758786112070084,
    -0.8434573411941528,
    0.5338619351387024
   ],
   [
    0.9968169331550598,
    -0.0786973088979721,
    -0.012754715047776699
   ]
  ]
 },
 {
  "rotation_euler": [
   0.5974091291427612,
   -1.7665663957595825,
   0.8742856979370117
  ],
  "euler_order": "XYZ",
  "rotation_matrix": [
   [
    -0.12479458004236221,
    -0.9882001876831055,
    -0.08880724012851715
   ],
   [
    -0.1492149531841278,
    0.10718156397342682,
    -0.9829786419868469
   ],
   [
    0.9808981418609619,
    -0.10941903293132782,
    -0.16082993149757385
   ]
  ]
 },
 {
  "rotation_euler": [
   -2.355335235595703,
   0.9861654043197632,
   -0.19069717824459076
  ],
  "euler_order": "XYZ",
  "rotation_matrix": [
   [
    0.541887104511261,
    -0.7133877873420715,
    -0.4443379342556
   ],
   [
    -0.1046074628829956,
    -0.5818281173706055,
    0.8065564632415771
   ],
   [
    -0.8339158296585083,
    -0.39058148860931396,
    -0.38991084694862366
   ]
  ]
 },
 {
  "rotation_euler": [
   0.562163770198822,
   1.4531601667404175,
   2.310593366622925
  ],
  "euler_order": "XYZ",
  "rotation_matrix": [
   [
    -0.07912023365497589,
    -0.9817813038825989,
    -0.17275851964950562
   ],
   [
    0.08668644726276398,
    -0.17942143976688385,
    0.9799456000328064
   ],
   [
    -0.9930888414382935,
    0.06255770474672318,
    0.0993029996752739
   ]
  ]
 }
]