[
 {
  "rotation_euler": [
   0.028033720329403877,
   -0.049415167421102524,
   -0.8645856976509094
  ],
  "euler_order": "XYZ",
  "rotation_matrix": [
   [
    0.6481631994247437,
    0.7596290111541748,
    -0.053368598222732544
   ],
   [
    -0.759897768497467,
    0.6497538089752197,
    0.019376050680875778
   ],
   [
    0.049395058304071426,
    0.02799583226442337,
    0.9983868598937988
   ]
  ]
 },
 {
  "rotation_euler": [
   1.834386944770813,
   0.27797049283981323,
   2.3755764961242676
  ],
  "euler_order": "XYZ",
  "rotation_matrix": [
   [
    -0.6930145621299744,
    -0.010296428576111794,
    0.7208500504493713
   ],
   [
    0.6666580438613892,
    0.3714376389980316,
    0.6462206244468689
   ],
   [
    -0.2744046151638031,
    0.9284008145332336,
    -0.25054746866226196
   ]
  ]
 },
 {
  "rotation_euler": [
   -2.466747760772705,
   -1.3113913536071777,
   0.5593780875205994
  ],
  "euler_order": "XYZ",
  "rotation_matrix": [
   [
    0.21741026639938354,
    0.9261745810508728,
    0.3081127405166626
   ],
   [
    0.13611698150634766,
    -0.3413471579551697,
    0.9300291538238525
   ],
   [
    0.9665427803993225,
    -0.16025851666927338,
    -0.20028047263622284
   ]
  ]
 },
 {
  "rotation_euler": [
   0.028032975271344185,
   -0.049423277378082275,
   2.17223858833313
  ],
  "euler_order": "XYZ",
  "rotation_matrix": [
   [
    -0.5651413202285767,
    -0.8234128952026367,
    0.05105365067720413
   ],
   [
    0.8235135674476624,
    -0.5667516589164734,
    -0.0248580239713192
   ],
   [
    0.04940316081047058,
    0.027995077893137932,
    0.9983865022659302
   ]
  ]
 },
 {
  "rotation_euler": [
   0.041494593024253845,
   -0.006549912970513105,
   -2.6056318283081055
  ],
  "euler_order": "XYZ",
  "rotation_matrix": [
   [
    -0.8597599267959595,
    0.5104613900184631,
    -0.015557268634438515
   ],
   [
    -0.5106564164161682,
    -0.8588995337486267,
    0.03900783881545067
   ],
   [
    0.006549865938723087,
    0.04148179665207863,
    0.9991177916526794
   ]
  ]
 },
 {
  "rotation_euler": [
   -1.9331752061843872,
   -1.1794761419296265,
   -0.2680239975452423
  ],
  "euler_order": "XYZ",
  "rotation_matrix": [
   [
    0.3677913248538971,
    0.7396294474601746,
    0.5636290907859802
   ],
   [
    -0.10100724548101425,
    -0.5707511901855469,
    0.8148868680000305
   ],
   [
    0.9244063496589661,
    -0.35663896799087524,
    -0.13520939648151398
   ]
  ]
 },
 {
  "rotation_euler": [
   0.9493184089660645,
   -1.8683816194534302,
   -1.4406036138534546
  ],
  "euler_order": "XYZ",
  "rotation_matrix": [
   [
    -0.038066379725933075,
    0.4763987064361572,
    -0.8784049153327942
   ],
   [
    0.2907310128211975,
    0.8462953567504883,
    0.44638514518737793
   ],
   [
    0.9560472965240479,
    -0.23838728666305542,
    -0.17071926593780518
   ]
  ]
 },
 {
  "rotation_euler": [
   0.11957571655511856,
   -1.8199341297149658,
   -0.7674973607063293
  ],
  "euler_order": "XYZ",
  "rotation_matrix": [
   [
    -0.17744314670562744,
    0.6061810851097107,
    -0.7752795815467834
   ],
   [
    0.17120146751403809,
    0.7947825789451599,
    0.5822462439537048
   ],
   [
    0.9691253900527954,
    -0.029413390904664993,
    -0.24480780959129333
   ]
  ]
 },
 {
  "rotation_euler": [
   0.028032496571540833,
   -0.049425628036260605,
   2.4774200916290283
  ],
  "euler_order": "XYZ",
  "rotation_matrix": [
   [
    -0.7864654660224915,
    -0.6150752305984497,
    0.05616513639688492
   ],
   [
    0.6156550645828247,
    -0.7879713177680969,
    -0.008371318690478802
   ],
   [
    0.04940550774335861,
    0.02799459733068943,
    0.9983863830566406
   ]
  ]
 },
 {
  "rotation_euler": [
   1.265681505203247,
   -2.0055854320526123,
   -0.69903963804245
  ],
  "euler_order": "XYZ",
  "rotation_matrix": [
   [
    -0.32242661714553833,
    -0.46887195110321045,
    -0.8223139047622681
   ],
   [
    0.27104729413986206,
    0.7866032719612122,
    -0.5547870397567749
   ],
   [
    0.9069588780403137,
    -0.40176406502723694,
    -0.12653537094593048
   ]
  ]
 },
 {
  "rotation_euler": [
   1.7597930431365967,
   1.042557954788208,
   1.267591118812561
  ],
  "euler_order": "XYZ",
  "rotation_matrix": [
   [
    0.1504884511232376,
    0.4325945973396301,
    0.8889404535293579
   ],
   [
    0.4810217618942261,
    0.7535247206687927,
    -0.4481278359889984
   ],
   [
    -0.863696277141571,
    0.4950377643108368,
    -0.09469065070152283
   ]
  ]
 },
 {
  "rotation_euler": [
   0.06563913077116013,
   0.0022872628178447485,
   1.94221031665802
  ],
  "euler_order": "XYZ",
  "rotation_matrix": [
   [
    -0.362932413816452,
    -0.929862916469574,
    0.06029128655791283
   ],
   [
    0.9318126440048218,
    -0.36201199889183044,
    0.02593224309384823
   ],
   [
    -0.0022872607223689556,
    0.06559183448553085,
    0.9978439211845398
   ]
  ]
 },
 {
  "rotation_euler": [
   2.982747793197632,
   -1.2951239347457886,
   0.18954747915267944
  ],
  "euler_order": "XYZ",
  "rotation_matrix": [
   [
    0.2673189043998718,
    0.036563239991664886,
    0.9629141688346863
   ],
   [
    0.05128529667854309,
    -0.9984034299850464,
    0.023673277348279953
   ],
   [
    0.9622423648834229,
    0.04305502399802208,
    -0.26876726746559143
   ]
  ]
 },
 {
  "rotation_euler": [
   1.352562427520752,
   -2.0919363498687744,
   0.08412643522024155
  ],
  "euler_order": "XYZ",
  "rotation_matrix": [
   [
    -0.49610841274261475,
    -0.8618801832199097,
    -0.10506681352853775
   ],
   [
    -0.041834570467472076,
    0.14459571242332458,
    -0.9886060357093811
   ],
   [
    0.8672521710395813,
    -0.48606035113334656,
    -0.10779153555631638
   ]
  ]
 },
 {
  "rotation_euler": [
   -1.8534629344940186,
   -1.1159149408340454,
   1.3300373554229736
  ],
  "euler_order": "XYZ",
  "rotation_matrix": [
   [
    0.10475988686084747,
    0.47656601667404175,
    -0.8728746771812439
   ],
   [
    0.42668354511260986,
    0.771277129650116,
    0.4723058044910431
   ],
   [
    0.8983131647109985,
    -0.42191997170448303,
    -0.12254397571086884
   ]
  ]
 },
 {
  "rotation_euler": [
   1.2753770351409912,
   -2.0138533115386963,
   0.18296408653259277
  ],
  "euler_order": "XYZ",
  "rotation_matrix": [
   [
    -0.42154768109321594,
    -0.9028534889221191,
    -0.08457652479410172
   ],
   [
    -0.07800041139125824,
    0.129024937748909,
    -0.988568902015686
   ],
   [
    0.9034453630447388,
    -0.41013193130493164,
    -0.12481310218572617
   ]
  ]
 }
]