[
 {
  "rotation_euler": [
   -0.00017275263962801546,
   0.00010231162013951689,
   -1.0303953886032104
  ],
  "euler_order": "XYZ",
  "rotation_matrix": [
   [
    0.5144798159599304,
    0.8575024604797363,
    0.00020077307999599725
   ],
   [
    -0.8575024604797363,
    0.5144798755645752,
    1.145283590631152e-06
   ],
   [
    -0.00010231162013951689,
    -0.00017275263962801546,
    1.0
   ]
  ]
 },
 {
  "rotation_euler": [
   -0.06670106202363968,
   -0.030577396973967552,
   -2.9968647956848145
  ],
  "euler_order": "XYZ",
  "rotation_matrix": [
   [
    -0.9890826344490051,
    0.14188602566719055,
    0.03979843109846115
   ],
   [
    -0.14415572583675385,
    -0.9876386523246765,
    -0.06155530735850334
   ],
   [
    0.03057263232767582,
    -0.06662045419216156,
    0.9973099231719971
   ]
  ]
 },
 {
  "rotation_euler": [
   0.00015830621123313904,
   -0.0002628768270369619,
   -1.0820927619934082
  ],
  "euler_order": "XYZ",
  "rotation_matrix": [
   [
    0.46948158740997314,
    0.8829421997070312,
    -0.00026319106109440327
   ],
   [
    -0.8829421997070312,
    0.4694816470146179,
    0.0001577832008479163
   ],
   [
    0.0002628768270369619,
    0.00015830621123313904,
    0.9999999403953552
   ]
  ]
 },
 {
  "rotation_euler": [
   -1.4080926121096127e-05,
   -0.0002188764192396775,
   2.5211451053619385
  ],
  "euler_order": "XYZ",
  "rotation_matrix": [
   [
    -0.8136183023452759,
    -0.5813993811607361,
    0.00016989522555377334
   ],
   [
    0.5813993215560913,
    -0.8136183023452759,
    -0.00013871111150365323
   ],
   [
    0.0002188764192396775,
    -1.4080926121096127e-05,
    1.0
   ]
  ]
 },
 {
  "rotation_euler": [
   -0.002988803433254361,
   0.009953591041266918,
   -0.7280250787734985
  ],
  "euler_order": "XYZ",
  "rotation_matrix": [
   [
    0.7464529871940613,
    0.6653714776039124,
    0.009418836794793606
   ],
   [
    -0.6653637290000916,
    0.7465064525604248,
    -0.004391838796436787
   ],
   [
    -0.009953427128493786,
    -0.002988650929182768,
    0.9999459981918335
   ]
  ]
 },
 {
  "rotation_euler": [
   -5.251113179838285e-05,
   -0.0002126969920936972,
   -2.69852876663208
  ],
  "euler_order": "XYZ",
  "rotation_matrix": [
   [
    -0.9034423828125,
    0.4287095069885254,
    0.0002146714978152886
   ],
   [
    -0.4287095069885254,
    -0.9034423828125,
    4.374444324639626e-05
   ],
   [
    0.0002126969920936972,
    -5.251113179838285e-05,
    1.0
   ]
  ]
 },
 {
  "rotation_euler": [
   6.674214091617614e-05,
   -0.00023701418831478804,
   0.5879056453704834
  ],
  "euler_order": "XYZ",
  "rotation_matrix": [
   [
    0.8321040272712708,
    -0.554619550704956,
    -0.00016020397015381604
   ],
   [
    0.5546194911003113,
    0.8321040868759155,
    -0.00018698909843806177
   ],
   [
    0.00023701418831478804,
    6.674214091617614e-05,
    0.9999999403953552
   ]
  ]
 },
 {
  "rotation_euler": [
   9.427628538105637e-05,
   -0.00023350324772763997,
   -1.1995623111724854
  ],
  "euler_order": "XYZ",
  "rotation_matrix": [
   [
    0.3627656400203705,
    0.9318803548812866,
    -0.00017256118007935584
   ],
   [
    -0.9318803548812866,
    0.36276566982269287,
    0.0001833968999562785
   ],
   [
    0.00023350324772763997,
    9.427628538105637e-05,
    0.9999999403953552
   ]
  ]
 },
 {
  "rotation_euler": [
   -0.00016988732386380434,
   -0.00023738510208204389,
   0.8230829834938049
  ],
  "euler_order": "XYZ",
  "rotation_matrix": [
   [
    0.6799638271331787,
    -0.7332456111907959,
    -0.0002859824162442237
   ],
   [
    0.7332456111907959,
    0.6799638867378235,
    -5.8544344938127324e-05
   ],
   [
    0.00023738510208204389,
    -0.00016988732386380434,
    0.9999999403953552
   ]
  ]
 },
 {
  "rotation_euler": [
   -0.00014791182184126228,
   -0.00019054282165598124,
   -0.6977156400680542
  ],
  "euler_order": "XYZ",
  "rotation_matrix": [
   [
    0.7663118243217468,
    0.6424688696861267,
    -5.0986476708203554e-05
   ],
   [
    -0.6424688100814819,
    0.766311764717102,
    0.00023576439707539976
   ],
   [
    0.00019054282165598124,
    -0.00014791182184126228,
    1.0
   ]
  ]
 },
 {
  "rotation_euler": [
   7.480587373720482e-05,
   -0.0002410265151411295,
   -0.588308572769165
  ],
  "euler_order": "XYZ",
  "rotation_matrix": [
   [
    0.831880509853363,
    0.5549547076225281,
    -0.00024201914493460208
   ],
   [
    -0.5549547076225281,
    0.8318805694580078,
    7.152925536502153e-05
   ],
   [
    0.0002410265151411295,
    7.480587373720482e-05,
    0.9999999403953552
   ]
  ]
 },
 {
  "rotation_euler": [
   0.010304317809641361,
   0.038945410400629044,
   1.3432625532150269
  ],
  "euler_order": "XYZ",
  "rotation_matrix": [
   [
    0.2254045009613037,
    -0.9740834832191467,
    0.018820999190211296
   ],
   [
    0.9734869599342346,
    0.22595442831516266,
    0.03560565412044525
   ],
   [
    -0.03893556445837021,
    0.010296322405338287,
    0.9991886615753174
   ]
  ]
 },
 {
  "rotation_euler": [
   -3.831331923720427e-05,
   -0.00021679562632925808,
   -0.520691454410553
  ],
  "euler_order": "XYZ",
  "rotation_matrix": [
   [
    0.8674753904342651,
    0.4974800944328308,
    -0.00016900476475711912
   ],
   [
    -0.4974800646305084,
    0.8674753904342651,
    0.0001410873665008694
   ],
   [
    0.00021679562632925808,
    -3.831331923720427e-05,
    1.0
   ]
  ]
 },
 {
  "rotation_euler": [
   -9.926932398229837e-05,
   -0.0002116308023687452,
   2.1416049003601074
  ],
  "euler_order": "XYZ",
  "rotation_matrix": [
   [
    -0.5403125882148743,
    -0.8414644002914429,
    3.081519025727175e-05
   ],
   [
    0.8414643406867981,
    -0.5403125882148743,
    -0.00023171624343376607
   ],
   [
    0.0002116308023687452,
    -9.926932398229837e-05,
    1.0
   ]
  ]
 },
 {
  "rotation_euler": [
   0.0003837269323412329,
   0.008849358186125755,
   -0.5522105097770691
  ],
  "euler_order": "XYZ",
  "rotation_matrix": [
   [
    0.8513336777687073,
    0.5245733261108398,
    0.007332661189138889
   ],
   [
    -0.5245499014854431,
    0.8513652086257935,
    -0.004968743305653334
   ],
   [
    -0.008849242702126503,
    0.00038371188566088676,
    0.9999607801437378
   ]
  ]
 },
 {
  "rotation_euler": [
   -5.737060564570129e-05,
   -0.00021582173940259963,
   -0.849536657333374
  ],
  "euler_order": "XYZ",
  "rotation_matrix": [
   [
    0.6603311896324158,
    0.7509745359420776,
    -9.94299552985467e-05
   ],
   [
    -0.7509745359420776,
    0.6603311896324158,
    0.0001999602245632559
   ],
   [
    0.00021582173940259963,
    -5.737060564570129e-05,
    1.0
   ]
  ]
 }
]