[
 {
  "rotation_euler": [
   -0.0038245520554482937,
   -0.0009030622895807028,
   1.5497894287109375
  ],
  "euler_order": "XYZ",
  "rotation_matrix": [
   [
    0.02100534364581108,
    -0.9997719526290894,
    -0.0038426679093390703
   ],
   [
    0.9997789263725281,
    0.021008651703596115,
    -0.0008225204655900598
   ],
   [
    0.000903062173165381,
    -0.003824541112408042,
    0.9999922513961792
   ]
  ]
 },
 {
  "rotation_euler": [
   1.3910008668899536,
   2.7977161407470703,
   0.10050497204065323
  ],
  "euler_order": "XYZ",
  "rotation_matrix": [
   [
    -0.9367038607597351,
    0.3120878040790558,
    0.1587042659521103
   ],
   [
    -0.09446167200803757,
    0.21120776236057281,
    -0.9728659987449646
   ],
   [
    -0.33713918924331665,
    -0.926278829574585,
    -0.16835880279541016
   ]
  ]
 },
 {
  "rotation_euler": [
   -0.09540732204914093,
   0.034228213131427765,
   0.11733890324831009
  ],
  "euler_order": "XYZ",
  "rotation_matrix": [
   [
    0.9925419688224792,
    -0.11977502703666687,
    0.022679267451167107
   ],
   [
    0.1170012578368187,
    0.9882254600524902,
    0.09859567880630493
   ],
   [
    -0.034221529960632324,
    -0.0952068492770195,
    0.9948691129684448
   ]
  ]
 },
 {
  "rotation_euler": [
   -2.244859457015991,
   1.295917272567749,
   -0.5903414487838745
  ],
  "euler_order": "XYZ",
  "rotation_matrix": [
   [
    0.22549109160900116,
    -0.9721304178237915,
    -0.06415742635726929
   ],
   [
    -0.1510903686285019,
    -0.09995099157094955,
    0.9834538698196411
   ],
   [
    -0.9624580144882202,
    -0.21206651628017426,
    -0.169417604804039
   ]
  ]
 },
 {
  "rotation_euler": [
   1.2414042949676514,
   -2.1182198524475098,
   0.353500634431839
  ],
  "euler_order": "XYZ",
  "rotation_matrix": [
   [
    -0.48830538988113403,
    -0.869983971118927,
    0.06845234334468842
   ],
   [
    -0.180185005068779,
    0.023762499913573265,
    -0.9833456873893738
   ],
   [
    0.8538683652877808,
    -0.49250707030296326,
    -0.16836142539978027
   ]
  ]
 },
 {
  "rotation_euler": [
   0.06103437766432762,
   0.053443893790245056,
   0.8959038853645325
  ],
  "euler_order": "XYZ",
  "rotation_matrix": [
   [
    0.6239212155342102,
    -0.7772845029830933,
    0.0809388980269432
   ],
   [
    0.7796593904495239,
    0.6261939406394958,
    0.0035186682362109423
   ],
   [
    -0.05341845750808716,
    0.06090940162539482,
    0.996712863445282
   ]
  ]
 },
 {
  "rotation_euler": [
   -0.7946441173553467,
   -1.8134946823120117,
   -0.6676533818244934
  ],
  "euler_order": "XYZ",
  "rotation_matrix": [
   [
    -0.18871988356113434,
    0.9776965975761414,
    -0.0921638235449791
   ],
   [
    0.14879463613033295,
    0.12123479694128036,
    0.9814082980155945
   ],
   [
    0.970693051815033,
    0.17149777710437775,
    -0.16835542023181915
   ]
  ]
 },
 {
  "rotation_euler": [
   -1.9427131414413452,
   -1.0842995643615723,
   -0.928052544593811
  ],
  "euler_order": "XYZ",
  "rotation_matrix": [
   [
    0.2802358567714691,
    0.2027389109134674,
    0.938277542591095
   ],
   [
    -0.37423792481422424,
    -0.8770276308059692,
    0.30127811431884766
   ],
   [
    0.88397616147995,
    -0.4355679750442505,
    -0.1699019968509674
   ]
  ]
 },
 {
  "rotation_euler": [
   -1.7901298999786377,
   0.6859385967254639,
   1.2581719160079956
  ],
  "euler_order": "XYZ",
  "rotation_matrix": [
   [
    0.2379951775074005,
    0.01689370535314083,
    -0.9711194038391113
   ],
   [
    0.7363173365592957,
    -0.6551774740219116,
    0.16905398666858673
   ],
   [
    -0.6333996057510376,
    -0.7552860975265503,
    -0.16836820542812347
   ]
  ]
 },
 {
  "rotation_euler": [
   1.750625729560852,
   -0.34424257278442383,
   -0.6579761505126953
  ],
  "euler_order": "XYZ",
  "rotation_matrix": [
   [
    0.7448109984397888,
    -0.3720987141132355,
    -0.5538945198059082
   ],
   [
    -0.5756399035453796,
    0.06152797490358353,
    -0.8153851628303528
   ],
   [
    0.33748379349708557,
    0.9261516332626343,
    -0.1683681458234787
   ]
  ]
 },
 {
  "rotation_euler": [
   2.3693606853485107,
   1.3332412242889404,
   0.21753111481666565
  ],
  "euler_order": "XYZ",
  "rotation_matrix": [
   [
    0.22978121042251587,
    0.8167626857757568,
    -0.529244065284729
   ],
   [
    0.05078819394111633,
    -0.5531169176101685,
    -0.831554114818573
   ],
   [
    -0.9719162583351135,
    0.16419614851474762,
    -0.16857777535915375
   ]
  ]
 },
 {
  "rotation_euler": [
   -0.6824553608894348,
   0.8271185755729675,
   -3.139120101928711
  ],
  "euler_order": "XYZ",
  "rotation_matrix": [
   [
    -0.676997184753418,
    0.4661025106906891,
    -0.5695816278457642
   ],
   [
    -0.0016739139100536704,
    -0.7748763561248779,
    -0.632110595703125
   ],
   [
    -0.7359837293624878,
    -0.42698365449905396,
    0.5253693461418152
   ]
  ]
 },
 {
  "rotation_euler": [
   -1.2414053678512573,
   2.1182198524475098,
   -0.7542033791542053
  ],
  "euler_order": "XYZ",
  "rotation_matrix": [
   [
    -0.37934133410453796,
    -0.36737769842147827,
    0.8491959571838379
   ],
   [
    0.3563831150531769,
    0.7889678478240967,
    0.5005205869674683
   ],
   [
    -0.8538683652877808,
    0.4925072491168976,
    -0.1683609038591385
   ]
  ]
 },
 {
  "rotation_euler": [
   -1.3970375061035156,
   -3.000361204147339,
   0.1197502464056015
  ],
  "euler_order": "XYZ",
  "rotation_matrix": [
   [
    -0.9829531908035278,
    0.11699623614549637,
    -0.14182688295841217
   ],
   [
    -0.11827478557825089,
    0.18821051716804504,
    0.9749809503555298
   ],
   [
    0.14076240360736847,
    0.9751352071762085,
    -0.17116442322731018
   ]
  ]
 },
 {
  "rotation_euler": [
   -2.299830913543701,
   1.3177448511123657,
   -0.9364698529243469
  ],
  "euler_order": "XYZ",
  "rotation_matrix": [
   [
    0.14837178587913513,
    -0.9644860029220581,
    0.2185235172510147
   ],
   [
    -0.2016572505235672,
    0.18681921064853668,
    0.9614743590354919
   ],
   [
    -0.9681529402732849,
    -0.1867225170135498,
    -0.16677691042423248
   ]
  ]
 },
 {
  "rotation_euler": [
   -0.7237557172775269,
   1.7983001470565796,
   -1.9489893913269043
  ],
  "euler_order": "XYZ",
  "rotation_matrix": [
   [
    0.08328115195035934,
    0.9345844984054565,
    0.3458555340766907
   ],
   [
    0.20960776507854462,
    0.32286855578422546,
    -0.9229412078857422
   ],
   [
    -0.9742324352264404,
    0.1493576169013977,
    -0.1690073013305664
   ]
  ]
 }
]