[
 {
  "rotation_euler": [
   -0.018709151074290276,
   -3.419083805056289e-05,
   -1.8862215280532837
  ],
  "euler_order": "XYZ",
  "rotation_matrix": [
   [
    -0.31022071838378906,
    0.9504979848861694,
    0.01779569499194622
   ],
   [
    -0.9506645798683167,
    -0.3101670444011688,
    -0.0057711293920874596
   ],
   [
    3.419083805056289e-05,
    -0.018708059564232826,
    0.9998250007629395
   ]
  ]
 },
 {
  "rotation_euler": [
   -0.01870916225016117,
   -3.428150375839323e-05,
   -1.8259990215301514
  ],
  "euler_order": "XYZ",
  "rotation_matrix": [
   [
    -0.25244155526161194,
    0.9674426317214966,
    0.018110809847712517
   ],
   [
    -0.9676121473312378,
    -0.25239798426628113,
    -0.004689529072493315
   ],
   [
    3.428150375839323e-05,
    -0.01870807074010372,
    0.9998250007629395
   ]
  ]
 },
 {
  "rotation_euler": [
   -0.018709175288677216,
   -3.429888965911232e-05,
   2.390777587890625
  ],
  "euler_order": "XYZ",
  "rotation_matrix": [
   [
    -0.7311330437660217,
    -0.6821159720420837,
    -0.012738235294818878
   ],
   [
    0.6822348833084106,
    -0.7310046553611755,
    -0.013701493851840496
   ],
   [
    3.429888965911232e-05,
    -0.018708083778619766,
    0.9998250007629395
   ]
  ]
 },
 {
  "rotation_euler": [
   -0.018709158524870872,
   -3.430943252169527e-05,
   -2.5612235069274902
  ],
  "euler_order": "XYZ",
  "rotation_matrix": [
   [
    -0.8362603187561035,
    0.5482361912727356,
    0.010286930948495865
   ],
   [
    -0.548332691192627,
    -0.8361142873764038,
    -0.015626003965735435
   ],
   [
    3.430943252169527e-05,
    -0.018708067014813423,
    0.9998250007629395
   ]
  ]
 },
 {
  "rotation_euler": [
   -0.018709151074290276,
   -3.4073182177962735e-05,
   1.7841135263442993
  ],
  "euler_order": "XYZ",
  "rotation_matrix": [
   [
    -0.2117030769586563,
    -0.9771631360054016,
    -0.01827681064605713
   ],
   [
    0.9773340225219727,
    -0.21166539192199707,
    -0.00399384880438447
   ],
   [
    3.4073182177962735e-05,
    -0.018708059564232826,
    0.9998250007629395
   ]
  ]
 },
 {
  "rotation_euler": [
   -0.01870916038751602,
   -3.423474481678568e-05,
   -0.40877121686935425
  ],
  "euler_order": "XYZ",
  "rotation_matrix": [
   [
    0.9176099300384521,
    0.39741310477256775,
    0.007404713425785303
   ],
   [
    -0.39748209714889526,
    0.9174491167068481,
    0.017180316150188446
   ],
   [
    3.423474481678568e-05,
    -0.018708068877458572,
    0.9998250007629395
   ]
  ]
 },
 {
  "rotation_euler": [
   0.1725153923034668,
   -2.548154354095459,
   0.5721673965454102
  ],
  "euler_order": "XYZ",
  "rotation_matrix": [
   [
    -0.6969838738441467,
    -0.6141242980957031,
    -0.37022268772125244
   ],
   [
    -0.4488789737224579,
    0.7762724757194519,
    -0.44261571764945984
   ],
   [
    0.5592147707939148,
    -0.14231084287166595,
    -0.8167169094085693
   ]
  ]
 },
 {
  "rotation_euler": [
   -0.01870916225016117,
   -3.4335207601543516e-05,
   -0.3416484296321869
  ],
  "euler_order": "XYZ",
  "rotation_matrix": [
   [
    0.9422036409378052,
    0.33498266339302063,
    0.006235620006918907
   ],
   [
    -0.3350406885147095,
    0.9420385360717773,
    0.01763831451535225
   ],
   [
    3.4335207601543516e-05,
    -0.01870807074010372,
    0.9998250007629395
   ]
  ]
 },
 {
  "rotation_euler": [
   -0.018709154799580574,
   -3.437745544943027e-05,
   1.4444180727005005
  ],
  "euler_order": "XYZ",
  "rotation_matrix": [
   [
    0.12604211270809174,
    -0.9918512105941772,
    -0.018563196063041687
   ],
   [
    0.9920248985290527,
    0.12602069973945618,
    0.002323906635865569
   ],
   [
    3.437745544943027e-05,
    -0.018708063289523125,
    0.9998250007629395
   ]
  ]
 },
 {
  "rotation_euler": [
   -0.018709152936935425,
   -3.4281256375834346e-05,
   -1.9732455015182495
  ],
  "euler_order": "XYZ",
  "rotation_matrix": [
   [
    -0.3916729986667633,
    0.9199432134628296,
    0.017226796597242355
   ],
   [
    -0.9201045036315918,
    -0.39160504937171936,
    -0.007295906078070402
   ],
   [
    3.4281256375834346e-05,
    -0.018708061426877975,
    0.9998250007629395
   ]
  ]
 },
 {
  "rotation_euler": [
   -0.018709156662225723,
   -3.437068880884908e-05,
   1.3237504959106445
  ],
  "euler_order": "XYZ",
  "rotation_matrix": [
   [
    0.24454055726528168,
    -0.9694691896438599,
    -0.018148474395275116
   ],
   [
    0.9696390628814697,
    0.2444983720779419,
    0.004541559144854546
   ],
   [
    3.437068880884908e-05,
    -0.018708065152168274,
    0.9998250007629395
   ]
  ]
 },
 {
  "rotation_euler": [
   -0.01870916038751602,
   -3.4311855415580794e-05,
   2.394465684890747
  ],
  "euler_order": "XYZ",
  "rotation_matrix": [
   [
    -0.7336441874504089,
    -0.6794153451919556,
    -0.01268759649246931
   ],
   [
    0.6795337796211243,
    -0.7335153818130493,
    -0.013748378492891788
   ],
   [
    3.4311855415580794e-05,
    -0.018708068877458572,
    0.9998250007629395
   ]
  ]
 },
 {
  "rotation_euler": [
   -0.018709121271967888,
   -3.4057160519296303e-05,
   -1.7187179327011108
  ],
  "euler_order": "XYZ",
  "rotation_matrix": [
   [
    -0.14738275110721588,
    0.9889063239097595,
    0.018508747220039368
   ],
   [
    -0.9890795350074768,
    -0.14735759794712067,
    -0.0027235615998506546
   ],
   [
    3.4057160519296303e-05,
    -0.01870802976191044,
    0.9998250007629395
   ]
  ]
 },
 {
  "rotation_euler": [
   -0.018709156662225723,
   -3.4334359952481464e-05,
   0.3587794899940491
  ],
  "euler_order": "XYZ",
  "rotation_matrix": [
   [
    0.9363260865211487,
    -0.3510696589946747,
    -0.006601137109100819
   ],
   [
    0.35113170742988586,
    0.9361624121665955,
    0.017504796385765076
   ],
   [
    3.4334359952481464e-05,
    -0.018708065152168274,
    0.9998250007629395
   ]
  ]
 },
 {
  "rotation_euler": [
   -0.018709158524870872,
   -3.436062979744747e-05,
   0.1080656424164772
  ],
  "euler_order": "XYZ",
  "rotation_matrix": [
   [
    0.9941666126251221,
    -0.10783591866493225,
    -0.0020519208628684282
   ],
   [
    0.1078554317355156,
    0.9939926862716675,
    0.01859522983431816
   ],
   [
    3.436062979744747e-05,
    -0.018708067014813423,
    0.9998250007629395
   ]
  ]
 },
 {
  "rotation_euler": [
   -0.018709158524870872,
   -3.4316944947931916e-05,
   0.9056375026702881
  ],
  "euler_order": "XYZ",
  "rotation_matrix": [
   [
    0.6171841025352478,
    -0.7866806983947754,
    -0.014741034246981144
   ],
   [
    0.7868187427520752,
    0.617076575756073,
    0.011519324965775013
   ],
   [
    3.4316944947931916e-05,
    -0.018708067014813423,
    0.9998250007629395
   ]
  ]
 }
]