[
 {
  "rotation_euler": [
   -2.1776253561256453e-05,
   1.395350636812509e-06,
   1.2123807668685913
  ],
  "euler_order": "XYZ",
  "rotation_matrix": [
   [
    0.35079091787338257,
    -0.9364538192749023,
    -1.9902980056940578e-05
   ],
   [
    0.9364538192749023,
    0.35079091787338257,
    8.94559343578294e-06
   ],
   [
    -1.395350636812509e-06,
    -2.1776253561256453e-05,
    1.0
   ]
  ]
 },
 {
  "rotation_euler": [
   -2.0450843294383958e-05,
   2.043912239457768e-08,
   1.4006911516189575
  ],
  "euler_order": "XYZ",
  "rotation_matrix": [
   [
    0.16928601264953613,
    -0.9855669736862183,
    -2.0152216166025028e-05
   ],
   [
    0.9855669736862183,
    0.16928601264953613,
    3.482185775283142e-06
   ],
   [
    -2.043912239457768e-08,
    -2.0450843294383958e-05,
    1.0
   ]
  ]
 },
 {
  "rotation_euler": [
   -1.796267861209344e-05,
   5.338801656762371e-06,
   1.7276345491409302
  ],
  "euler_order": "XYZ",
  "rotation_matrix": [
   [
    -0.15619602799415588,
    -0.987726092338562,
    -1.8576105503598228e-05
   ],
   [
    0.987726092338562,
    -0.15619602799415588,
    2.4675746317370795e-06
   ],
   [
    -5.338801656762371e-06,
    -1.796267861209344e-05,
    1.0
   ]
  ]
 },
 {
  "rotation_euler": [
   -2.0081297407159582e-05,
   -1.8047800267595449e-06,
   -1.69491446018219
  ],
  "euler_order": "XYZ",
  "rotation_matrix": [
   [
    -0.12379969656467438,
    0.9923072457313538,
    2.015024801949039e-05
   ],
   [
    -0.9923072457313538,
    -0.12379969656467438,
    -6.951623277018371e-07
   ],
   [
    1.8047800267595449e-06,
    -2.0081297407159582e-05,
    1.0
   ]
  ]
 },
 {
  "rotation_euler": [
   -2.1131687390152365e-05,
   -1.1285188520560041e-05,
   -2.1604418754577637
  ],
  "euler_order": "XYZ",
  "rotation_matrix": [
   [
    -0.5560664534568787,
    0.8311378359794617,
    2.3838660126784816e-05
   ],
   [
    -0.8311378359794617,
    -0.5560664534568787,
    -2.3710754248895682e-06
   ],
   [
    1.1285188520560041e-05,
    -2.1131687390152365e-05,
    1.0
   ]
  ]
 },
 {
  "rotation_euler": [
   -2.042056257778313e-05,
   7.212636887743429e-08,
   0.04244641214609146
  ],
  "euler_order": "XYZ",
  "rotation_matrix": [
   [
    0.9990993142127991,
    -0.04243366792798042,
    -7.944579465402057e-07
   ],
   [
    0.04243366792798042,
    0.9990993142127991,
    2.0405230316100642e-05
   ],
   [
    -7.212636887743429e-08,
    -2.042056257778313e-05,
    1.0
   ]
  ]
 },
 {
  "rotation_euler": [
   -2.0041767129441723e-05,
   -1.6489815379827633e-06,
   -3.037444829940796
  ],
  "euler_order": "XYZ",
  "rotation_matrix": [
   [
    -0.9945815205574036,
    0.10395964980125427,
    3.723581585290958e-06
   ],
   [
    -0.10395964980125427,
    -0.9945815205574036,
    -1.9761742805712856e-05
   ],
   [
    1.6489815379827633e-06,
    -2.0041767129441723e-05,
    1.0
   ]
  ]
 },
 {
  "rotation_euler": [
   -2.0874238543910906e-05,
   4.98605317034162e-08,
   -0.04029543325304985
  ],
  "euler_order": "XYZ",
  "rotation_matrix": [
   [
    0.999188244342804,
    0.04028452932834625,
    8.907289270609908e-07
   ],
   [
    -0.04028452932834625,
    0.999188244342804,
    2.0855284674325958e-05
   ],
   [
    -4.98605317034162e-08,
    -2.0874238543910906e-05,
    1.0
   ]
  ]
 },
 {
  "rotation_euler": [
   -2.045403562078718e-05,
   1.5803658826030187e-08,
   -1.862038016319275
  ],
  "euler_order": "XYZ",
  "rotation_matrix": [
   [
    -0.2871418595314026,
    0.9578880667686462,
    1.958813845703844e-05
   ],
   [
    -0.9578880667686462,
    -0.2871418595314026,
    -5.888347459404031e-06
   ],
   [
    -1.5803658826030187e-08,
    -2.045403562078718e-05,
    1.0
   ]
  ]
 },
 {
  "rotation_euler": [
   -2.0427371055120602e-05,
   -3.5523173291807097e-09,
   -0.4137544631958008
  ],
  "euler_order": "XYZ",
  "rotation_matrix": [
   [
    0.915617823600769,
    0.40204980969429016,
    8.209567567973863e-06
   ],
   [
    -0.40204980969429016,
    0.915617823600769,
    1.870509186119307e-05
   ],
   [
    3.5523173291807097e-09,
    -2.0427371055120602e-05,
    1.0
   ]
  ]
 },
 {
  "rotation_euler": [
   -2.041528932750225e-05,
   -8.549466912199932e-08,
   1.5673915147781372
  ],
  "euler_order": "XYZ",
  "rotation_matrix": [
   [
    0.003404805436730385,
    -0.9999942183494568,
    -2.0415462131495588e-05
   ],
   [
    0.9999942183494568,
    0.003404805436730385,
    -1.598408516656491e-08
   ],
   [
    8.549466912199932e-08,
    -2.041528932750225e-05,
    1.0
   ]
  ]
 },
 {
  "rotation_euler": [
   -2.0397625121404417e-05,
   6.820440745514134e-08,
   -0.8227509260177612
  ],
  "euler_order": "XYZ",
  "rotation_matrix": [
   [
    0.6802073121070862,
    0.7330198287963867,
    1.4998256119724829e-05
   ],
   [
    -0.7330198287963867,
    0.6802073121070862,
    1.3824618690705393e-05
   ],
   [
    -6.820440745514134e-08,
    -2.0397625121404417e-05,
    1.0
   ]
  ]
 },
 {
  "rotation_euler": [
   -2.058029713225551e-05,
   -4.412964926814311e-08,
   -1.4058823585510254
  ],
  "euler_order": "XYZ",
  "rotation_matrix": [
   [
    0.16416746377944946,
    0.9864324927330017,
    2.029382812906988e-05
   ],
   [
    -0.9864324927330017,
    0.16416746377944946,
    3.4221461646666285e-06
   ],
   [
    4.412964926814311e-08,
    -2.058029713225551e-05,
    1.0
   ]
  ]
 },
 {
  "rotation_euler": [
   -2.1364456188166514e-05,
   -9.04770217857731e-07,
   -3.0080270767211914
  ],
  "euler_order": "XYZ",
  "rotation_matrix": [
   [
    -0.9910933971405029,
    0.1331688016653061,
    3.7417908060888294e-06
   ],
   [
    -0.1331688016653061,
    -0.9910933971405029,
    -2.1053683667560108e-05
   ],
   [
    9.04770217857731e-07,
    -2.1364456188166514e-05,
    1.0
   ]
  ]
 },
 {
  "rotation_euler": [
   -2.17504748434294e-05,
   1.0597749678709079e-05,
   0.7248277068138123
  ],
  "euler_order": "XYZ",
  "rotation_matrix": [
   [
    0.7486136555671692,
    -0.6630064845085144,
    -6.487085556727834e-06
   ],
   [
    0.6630064845085144,
    0.7486136555671692,
    2.3309079551836476e-05
   ],
   [
    -1.0597749678709079e-05,
    -2.17504748434294e-05,
    1.0
   ]
  ]
 },
 {
  "rotation_euler": [
   -2.193306863773614e-05,
   6.394379425955776e-08,
   -1.2686576843261719
  ],
  "euler_order": "XYZ",
  "rotation_matrix": [
   [
    0.2975626587867737,
    0.9547023177146912,
    2.0958577806595713e-05
   ],
   [
    -0.9547023177146912,
    0.2975626587867737,
    6.46541457172134e-06
   ],
   [
    -6.394379425955776e-08,
    -2.193306863773614e-05,
    1.0
   ]
  ]
 }
]