[
 {
  "rotation_euler": [
   -5.375850832933793e-06,
   2.4296053879879764e-07,
   -0.1993314027786255
  ],
  "euler_order": "XYZ",
  "rotation_matrix": [
   [
    0.9801992177963257,
    0.1980140209197998,
    1.30264356812404e-06
   ],
   [
    -0.1980140209197998,
    0.9801992177963257,
    5.2212949412933085e-06
   ],
   [
    -2.4296053879879764e-07,
    -5.375850832933793e-06,
    1.0
   ]
  ]
 },
 {
  "rotation_euler": [
   -2.7410794700699626e-06,
   1.332251599706069e-06,
   0.9644343256950378
  ],
  "euler_order": "XYZ",
  "rotation_matrix": [
   [
    0.569881796836853,
    -0.8217266798019409,
    -1.4931921441529994e-06
   ],
   [
    0.8217266798019409,
    0.569881796836853,
    2.656837978065596e-06
   ],
   [
    -1.332251599706069e-06,
    -2.7410794700699626e-06,
    1.0
   ]
  ]
 },
 {
  "rotation_euler": [
   -7.3385981522733346e-06,
   -1.1483687245572582e-07,
   -0.3520461618900299
  ],
  "euler_order": "XYZ",
  "rotation_matrix": [
   [
    0.9386691451072693,
    0.34481918811798096,
    2.4226956156780943e-06
   ],
   [
    -0.34481918811798096,
    0.9386691451072693,
    6.9281136347854044e-06
   ],
   [
    1.1483687245572582e-07,
    -7.3385981522733346e-06,
    1.0
   ]
  ]
 },
 {
  "rotation_euler": [
   -2.2312328837870155e-06,
   2.4883090645744232e-06,
   -1.0827877521514893
  ],
  "euler_order": "XYZ",
  "rotation_matrix": [
   [
    0.46886786818504333,
    0.8832682967185974,
    3.1374654554383596e-06
   ],
   [
    -0.8832682967185974,
    0.46886786818504333,
    -1.1516912081788178e-06
   ],
   [
    -2.4883090645744232e-06,
    -2.2312328837870155e-06,
    1.0
   ]
  ]
 },
 {
  "rotation_euler": [
   -1.9484700715111103e-06,
   3.538209512043977e-07,
   2.692063093185425
  ],
  "euler_order": "XYZ",
  "rotation_matrix": [
   [
    -0.9006516337394714,
    -0.43454188108444214,
    -1.165361254606978e-06
   ],
   [
    0.43454188108444214,
    -0.9006516337394714,
    -1.6011426851036958e-06
   ],
   [
    -3.538209512043977e-07,
    -1.9484700715111103e-06,
    1.0
   ]
  ]
 },
 {
  "rotation_euler": [
   1.9972032987425337e-06,
   -5.61645322250115e-07,
   -0.17692774534225464
  ],
  "euler_order": "XYZ",
  "rotation_matrix": [
   [
    0.984389066696167,
    0.17600610852241516,
    -9.043974955602607e-07
   ],
   [
    -0.17600610852241516,
    0.984389066696167,
    -1.867172045422194e-06
   ],
   [
    5.61645322250115e-07,
    1.9972032987425337e-06,
    1.0
   ]
  ]
 },
 {
  "rotation_euler": [
   1.512567564532219e-06,
   -1.1928623280255124e-06,
   -1.5216741561889648
  ],
  "euler_order": "XYZ",
  "rotation_matrix": [
   [
    0.04910241812467575,
    0.9987937211990356,
    -1.5693154864493408e-06
   ],
   [
    -0.9987937211990356,
    0.04910241812467575,
    1.11715269213164e-06
   ],
   [
    1.1928623280255124e-06,
    1.512567564532219e-06,
    1.0
   ]
  ]
 },
 {
  "rotation_euler": [
   -4.548026481643319e-06,
   3.706595563812698e-08,
   -2.5626959800720215
  ],
  "euler_order": "XYZ",
  "rotation_matrix": [
   [
    -0.8370667695999146,
    0.5471007227897644,
    2.4572018446633592e-06
   ],
   [
    -0.5471007227897644,
    -0.8370667695999146,
    -3.827280579571379e-06
   ],
   [
    -3.706595563812698e-08,
    -4.548026481643319e-06,
    1.0
   ]
  ]
 },
 {
  "rotation_euler": [
   -2.719967596931383e-06,
   8.078214364104497e-07,
   -2.940016508102417
  ],
  "euler_order": "XYZ",
  "rotation_matrix": [
   [
    -0.979752242565155,
    0.20021380484104156,
    -2.4688978328413214e-07
   ],
   [
    -0.20021380484104156,
    -0.979752242565155,
    -2.8266313165659085e-06
   ],
   [
    -8.078214364104497e-07,
    -2.719967596931383e-06,
    1.0
   ]
  ]
 },
 {
  "rotation_euler": [
   -7.4779031820071395e-06,
   6.68770871925517e-06,
   -1.974060297012329
  ],
  "euler_order": "XYZ",
  "rotation_matrix": [
   [
    -0.3924225866794586,
    0.9197850227355957,
    4.253655788488686e-06
   ],
   [
    -0.9197850227355957,
    -0.3924225866794586,
    -9.085752026294358e-06
   ],
   [
    -6.68770871925517e-06,
    -7.4779031820071395e-06,
    1.0
   ]
  ]
 },
 {
  "rotation_euler": [
   2.2207905203686096e-06,
   -2.2289982553047594e-06,
   0.3372570872306824
  ],
  "euler_order": "XYZ",
  "rotation_matrix": [
   [
    0.9436658620834351,
    -0.3308999538421631,
    -1.3685701105714543e-06
   ],
   [
    0.3308999538421631,
    0.9436658620834351,
    -2.833259486578754e-06
   ],
   [
    2.2289982553047594e-06,
    2.2207905203686096e-06,
    1.0
   ]
  ]
 },
 {
  "rotation_euler": [
   -5.993809736537514e-06,
   -1.154934068381408e-07,
   1.371427297592163
  ],
  "euler_order": "XYZ",
  "rotation_matrix": [
   [
    0.19805090129375458,
    -0.980191707611084,
    -5.897956270928262e-06
   ],
   [
    0.980191707611084,
    0.19805090129375458,
    1.0738737046267488e-06
   ],
   [
    1.154934068381408e-07,
    -5.993809736537514e-06,
    1.0
   ]
  ]
 },
 {
  "rotation_euler": [
   -4.118363449379103e-06,
   3.1437812140211463e-06,
   -1.4799796342849731
  ],
  "euler_order": "XYZ",
  "rotation_matrix": [
   [
    0.09069190919399261,
    0.9958789944648743,
    4.38650704381871e-06
   ],
   [
    -0.9958789944648743,
    0.09069190919399261,
    -2.757323500190978e-06
   ],
   [
    -3.1437812140211463e-06,
    -4.118363449379103e-06,
    1.0
   ]
  ]
 },
 {
  "rotation_euler": [
   3.0241326385294087e-06,
   -2.4980863599921577e-06,
   -2.926999568939209
  ],
  "euler_order": "XYZ",
  "rotation_matrix": [
   [
    -0.9770631194114685,
    0.21294985711574554,
    1.7967994381251629e-06
   ],
   [
    -0.21294985711574554,
    -0.9770631194114685,
    3.4867357499024365e-06
   ],
   [
    2.4980863599921577e-06,
    3.0241326385294087e-06,
    1.0
   ]
  ]
 },
 {
  "rotation_euler": [
   -5.504001364897704e-06,
   5.782700327472412e-07,
   0.2931293249130249
  ],
  "euler_order": "XYZ",
  "rotation_matrix": [
   [
    0.9573443531990051,
    -0.28894948959350586,
    -1.0367747336204047e-06
   ],
   [
    0.28894948959350586,
    0.9573443531990051,
    5.43631540494971e-06
   ],
   [
    -5.782700327472412e-07,
    -5.504001364897704e-06,
    1.0
   ]
  ]
 },
 {
  "rotation_euler": [
   -2.2838214590592543e-06,
   2.7690732622431824e-06,
   -0.9592483639717102
  ],
  "euler_order": "XYZ",
  "rotation_matrix": [
   [
    0.5741355419158936,
    0.8187602758407593,
    3.459725576249184e-06
   ],
   [
    -0.8187602758407593,
    0.5741355419158936,
    -9.559839782014024e-07
   ],
   [
    -2.7690732622431824e-06,
    -2.2838214590592543e-06,
    1.0
   ]
  ]
 }
]