[
 {
  "rotation_euler": [
   -1.2298154830932617,
   1.041117787361145,
   -1.2550363540649414
  ],
  "euler_order": "XYZ",
  "rotation_matrix": [
   [
    0.15690165758132935,
    0.06532157957553864,
    0.9854516386985779
   ],
   [
    -0.4802764356136322,
    0.8769254088401794,
    0.01834084652364254
   ],
   [
    -0.8629695177078247,
    -0.47616690397262573,
    0.1689634621143341
   ]
  ]
 },
 {
  "rotation_euler": [
   2.816117763519287,
   1.702546238899231,
   -0.14539246261119843
  ],
  "euler_order": "XYZ",
  "rotation_matrix": [
   [
    -0.12998302280902863,
    0.17636872828006744,
    -0.9757040739059448
   ],
   [
    0.019032854586839676,
    -0.9834274649620056,
    -0.18030035495758057
   ],
   [
    -0.991333544254303,
    -0.042006418108940125,
    0.12447208166122437
   ]
  ]
 },
 {
  "rotation_euler": [
   0.6158936023712158,
   0.9356293678283691,
   -2.723180055618286
  ],
  "euler_order": "XYZ",
  "rotation_matrix": [
   [
    -0.5421299338340759,
    -0.0932539626955986,
    -0.8351041078567505
   ],
   [
    -0.24106886982917786,
    -0.9347869753837585,
    0.2608815133571625
   ],
   [
    -0.8049726486206055,
    0.3427492678165436,
    0.4842953383922577
   ]
  ]
 },
 {
  "rotation_euler": [
   0.5942858457565308,
   -0.9462323784828186,
   -1.4125217199325562
  ],
  "euler_order": "XYZ",
  "rotation_matrix": [
   [
    0.09216413646936417,
    0.746601402759552,
    -0.6588566899299622
   ],
   [
    -0.5774347186088562,
    0.5791289806365967,
    0.5754813551902771
   ],
   [
    0.8112182021141052,
    0.32740798592567444,
    0.48448848724365234
   ]
  ]
 },
 {
  "rotation_euler": [
   0.5705621242523193,
   -0.9298642873764038,
   1.0433999300003052
  ],
  "euler_order": "XYZ",
  "rotation_matrix": [
   [
    0.3009357452392578,
    -0.9451214075088501,
    0.127213254570961
   ],
   [
    0.5166944861412048,
    0.04947267472743988,
    -0.854739248752594
   ],
   [
    0.8015388250350952,
    0.322952002286911,
    0.5032271146774292
   ]
  ]
 },
 {
  "rotation_euler": [
   0.5942716598510742,
   -0.9462257027626038,
   0.6533318161964417
  ],
  "euler_order": "XYZ",
  "rotation_matrix": [
   [
    0.4643275737762451,
    -0.8642920255661011,
    -0.1933886706829071
   ],
   [
    0.3554311692714691,
    0.38184523582458496,
    -0.8531488180160522
   ],
   [
    0.81121426820755,
    0.3274041414260864,
    0.484497606754303
   ]
  ]
 },
 {
  "rotation_euler": [
   -2.2951793670654297,
   -2.0272645950317383,
   -0.34792566299438477
  ],
  "euler_order": "XYZ",
  "rotation_matrix": [
   [
    -0.41437003016471863,
    0.40601497888565063,
    0.8145239949226379
   ],
   [
    0.15028353035449982,
    -0.8521636724472046,
    0.5012304186820984
   ],
   [
    0.8976148366928101,
    0.33010438084602356,
    0.2920937240123749
   ]
  ]
 },
 {
  "rotation_euler": [
   0.6158907413482666,
   0.9356175661087036,
   1.6155554056167603
  ],
  "euler_order": "XYZ",
  "rotation_matrix": [
   [
    -0.02654765360057354,
    -0.836248517036438,
    0.5477076768875122
   ],
   [
    0.5927271842956543,
    0.4280287027359009,
    0.6822506189346313
   ],
   [
    -0.8049656748771667,
    0.3427533805370331,
    0.4843040704727173
   ]
  ]
 },
 {
  "rotation_euler": [
   -0.827700138092041,
   0.8670998215675354,
   2.3769021034240723
  ],
  "euler_order": "XYZ",
  "rotation_matrix": [
   [
    -0.4669022560119629,
    -0.0632554367184639,
    -0.8820436596870422
   ],
   [
    0.44795504212379456,
    -0.8769144415855408,
    -0.1742335706949234
   ],
   [
    -0.7624556422233582,
    -0.47646594047546387,
    0.43776893615722656
   ]
  ]
 },
 {
  "rotation_euler": [
   0.4721320569515228,
   -0.0042495448142290115,
   2.200016498565674
  ],
  "euler_order": "XYZ",
  "rotation_matrix": [
   [
    -0.5885091423988342,
    -0.7189013957977295,
    0.36991584300994873
   ],
   [
    0.808479368686676,
    -0.5256938934326172,
    0.2645883858203888
   ],
   [
    0.004249532241374254,
    0.45478200912475586,
    0.890592634677887
   ]
  ]
 },
 {
  "rotation_euler": [
   0.6158919930458069,
   0.9356169104576111,
   1.7051316499710083
  ],
  "euler_order": "XYZ",
  "rotation_matrix": [
   [
    -0.07946459203958511,
    -0.8711850643157959,
    0.4844811260700226
   ],
   [
    0.5879764556884766,
    0.35150545835494995,
    0.7285105586051941
   ],
   [
    -0.8049652576446533,
    0.3427542746067047,
    0.4843040704727173
   ]
  ]
 },
 {
  "rotation_euler": [
   0.6365505456924438,
   0.9533368945121765,
   2.9162533283233643
  ],
  "euler_order": "XYZ",
  "rotation_matrix": [
   [
    -0.5643283724784851,
    -0.6520897150039673,
    -0.5062731504440308
   ],
   [
    0.12936240434646606,
    -0.6755284070968628,
    0.7258971929550171
   ],
   [
    -0.8153519630432129,
    0.34415167570114136,
    0.4655757248401642
   ]
  ]
 },
 {
  "rotation_euler": [
   -0.9848626852035522,
   -0.902646005153656,
   1.1056816577911377
  ],
  "euler_order": "XYZ",
  "rotation_matrix": [
   [
    0.27787715196609497,
    -0.2008844017982483,
    -0.9393773078918457
   ],
   [
    0.5537219643592834,
    0.8325796723365784,
    -0.01424942072480917
   ],
   [
    0.7849689722061157,
    -0.5161942839622498,
    0.34258899092674255
   ]
  ]
 },
 {
  "rotation_euler": [
   -1.318697214126587,
   1.075780987739563,
   -1.42690908908844
  ],
  "euler_order": "XYZ",
  "rotation_matrix": [
   [
    0.06811732053756714,
    0.12466922402381897,
    0.9898573756217957
   ],
   [
    -0.4701360762119293,
    0.8791077733039856,
    -0.07836813479661942
   ],
   [
    -0.8799614310264587,
    -0.4600294232368469,
    0.11849396675825119
   ]
  ]
 },
 {
  "rotation_euler": [
   0.4300462305545807,
   -0.0039059650152921677,
   2.3872196674346924
  ],
  "euler_order": "XYZ",
  "rotation_matrix": [
   [
    -0.7286955118179321,
    -0.6212888956069946,
    0.28810229897499084
   ],
   [
    0.684826672077179,
    -0.6634654998779297,
    0.3013734519481659
   ],
   [
    0.0039059550035744905,
    0.4169096350669861,
    0.9089395403862
   ]
  ]
 },
 {
  "rotation_euler": [
   0.5944806337356567,
   -0.946614682674408,
   1.8213404417037964
  ],
  "euler_order": "XYZ",
  "rotation_matrix": [
   [
    -0.14489923417568207,
    -0.6898961663246155,
    0.7092584371566772
   ],
   [
    0.5661860704421997,
    -0.645677387714386,
    -0.512380838394165
   ],
   [
    0.8114416599273682,
    0.327328622341156,
    0.4841677248477936
   ]
  ]
 }
]