[
 {
  "rotation_euler": [
   -1.4182993173599243,
   -3.9850241591921076e-05,
   -0.18226896226406097
  ],
  "euler_order": "XYZ",
  "rotation_matrix": [
   [
    0.9834349751472473,
    0.027573546394705772,
    0.17915189266204834
   ],
   [
    -0.18126142024993896,
    0.14938315749168396,
    0.9720231294631958
   ],
   [
    3.9850241591921076e-05,
    -0.9883948564529419,
    0.15190663933753967
   ]
  ]
 },
 {
  "rotation_euler": [
   -1.4183013439178467,
   -3.685968113131821e-05,
   0.8029115200042725
  ],
  "euler_order": "XYZ",
  "rotation_matrix": [
   [
    0.6946151852607727,
    -0.10925208032131195,
    -0.7110370993614197
   ],
   [
    0.7193815112113953,
    0.10554146766662598,
    0.6865502595901489
   ],
   [
    3.685968113131821e-05,
    -0.9883951544761658,
    0.1519046276807785
   ]
  ]
 },
 {
  "rotation_euler": [
   -4.460707714315504e-05,
   -0.00034476458677090704,
   0.055956266820430756
  ],
  "euler_order": "XYZ",
  "rotation_matrix": [
   [
    0.9984347820281982,
    -0.055927056819200516,
    -0.0003467197238933295
   ],
   [
    0.05592706799507141,
    0.998434841632843,
    2.525558738852851e-05
   ],
   [
    0.00034476458677090704,
    -4.460707350517623e-05,
    0.9999999403953552
   ]
  ]
 },
 {
  "rotation_euler": [
   -1.4183018207550049,
   -4.754553810926154e-05,
   2.9238932132720947
  ],
  "euler_order": "XYZ",
  "rotation_matrix": [
   [
    -0.976396918296814,
    -0.03285474330186844,
    -0.2134704440832138
   ],
   [
    0.21598394215106964,
    -0.14830860495567322,
    -0.9650676250457764
   ],
   [
    4.754553810926154e-05,
    -0.9883952140808105,
    0.1519041657447815
   ]
  ]
 },
 {
  "rotation_euler": [
   -1.4182989597320557,
   -3.947797085857019e-05,
   -3.0103073120117188
  ],
  "euler_order": "XYZ",
  "rotation_matrix": [
   [
    -0.9913944602012634,
    0.019847236573696136,
    0.1293952614068985
   ],
   [
    -0.1309085339307785,
    -0.15060485899448395,
    -0.9798883199691772
   ],
   [
    3.947797085857019e-05,
    -0.9883947968482971,
    0.15190698206424713
   ]
  ]
 },
 {
  "rotation_euler": [
   -1.418299913406372,
   -4.945233740727417e-05,
   0.9470670819282532
  ],
  "euler_order": "XYZ",
  "rotation_matrix": [
   [
    0.5840662717819214,
    -0.12327449768781662,
    -0.8022904396057129
   ],
   [
    0.811706006526947,
    0.08876287192106247,
    0.5772820711135864
   ],
   [
    4.945233740727417e-05,
    -0.9883949160575867,
    0.15190604329109192
   ]
  ]
 },
 {
  "rotation_euler": [
   -2.7763117032009177e-05,
   -0.0003339428803883493,
   1.6830748319625854
  ],
  "euler_order": "XYZ",
  "rotation_matrix": [
   [
    -0.11204273998737335,
    -0.9937033653259277,
    9.827574103837833e-06
   ],
   [
    0.993703305721283,
    -0.11204273998737335,
    -0.00033495083334855735
   ],
   [
    0.0003339428803883493,
    -2.7763115213019773e-05,
    0.9999999403953552
   ]
  ]
 },
 {
  "rotation_euler": [
   -5.436036371975206e-05,
   -0.0003294269263278693,
   -1.1273345947265625
  ],
  "euler_order": "XYZ",
  "rotation_matrix": [
   [
    0.4290688931941986,
    0.9032717347145081,
    -9.224467066815123e-05
   ],
   [
    -0.9032717347145081,
    0.4290688931941986,
    0.00032088637817651033
   ],
   [
    0.0003294269263278693,
    -5.436036008177325e-05,
    0.9999999403953552
   ]
  ]
 },
 {
  "rotation_euler": [
   -1.418302059173584,
   -4.5467877498595044e-05,
   3.139784097671509
  ],
  "euler_order": "XYZ",
  "rotation_matrix": [
   [
    -0.9999983906745911,
    -0.00031966675305739045,
    -0.0017806603573262691
   ],
   [
    0.0018085549818351865,
    -0.15190359950065613,
    -0.9883936643600464
   ],
   [
    4.5467877498595044e-05,
    -0.9883952736854553,
    0.1519039273262024
   ]
  ]
 },
 {
  "rotation_euler": [
   -1.4182991981506348,
   -3.848623964586295e-05,
   -1.756775975227356
  ],
  "euler_order": "XYZ",
  "rotation_matrix": [
   [
    -0.1849093735218048,
    0.14928017556667328,
    0.9713516235351562
   ],
   [
    -0.9827556014060974,
    -0.028126366436481476,
    -0.18275772035121918
   ],
   [
    3.848623964586295e-05,
    -0.9883948564529419,
    0.15190675854682922
   ]
  ]
 },
 {
  "rotation_euler": [
   -1.4182994365692139,
   -3.938080772059038e-05,
   -2.5620055198669434
  ],
  "euler_order": "XYZ",
  "rotation_matrix": [
   [
    -0.8366888165473938,
    0.08316337317228317,
    0.5413276553153992
   ],
   [
    -0.547678530216217,
    -0.12711980938911438,
    -0.8269757032394409
   ],
   [
    3.938080772059038e-05,
    -0.9883948564529419,
    0.15190652012825012
   ]
  ]
 },
 {
  "rotation_euler": [
   -7.707704753556754e-06,
   -0.0003329953469801694,
   -2.5312750339508057
  ],
  "euler_order": "XYZ",
  "rotation_matrix": [
   [
    -0.8194659948348999,
    0.5731277465820312,
    0.0002772958541754633
   ],
   [
    -0.5731277465820312,
    -0.8194659948348999,
    0.00018453267693985254
   ],
   [
    0.0003329953469801694,
    -7.707704753556754e-06,
    0.9999999403953552
   ]
  ]
 },
 {
  "rotation_euler": [
   -1.418303370475769,
   -4.008021642221138e-05,
   -0.14049290120601654
  ],
  "euler_order": "XYZ",
  "rotation_matrix": [
   [
    0.9901471138000488,
    0.02131032943725586,
    0.1384001523256302
   ],
   [
    -0.14003117382526398,
    0.15040040016174316,
    0.9786577224731445
   ],
   [
    4.008021642221138e-05,
    -0.9883954524993896,
    0.15190263092517853
   ]
  ]
 },
 {
  "rotation_euler": [
   -4.217579771648161e-05,
   -0.00034320977283641696,
   3.096001148223877
  ],
  "euler_order": "XYZ",
  "rotation_matrix": [
   [
    -0.9989608526229858,
    -0.04557572677731514,
    0.0003409309429116547
   ],
   [
    0.045575711876153946,
    -0.9989609122276306,
    -5.7774002925725654e-05
   ],
   [
    0.00034320977283641696,
    -4.2175794078502804e-05,
    0.9999999403953552
   ]
  ]
 },
 {
  "rotation_euler": [
   -1.4183012247085571,
   -4.138874646741897e-05,
   2.51320743560791
  ],
  "euler_order": "XYZ",
  "rotation_matrix": [
   [
    -0.8089777827262878,
    -0.08932866156101227,
    -0.5810123085975647
   ],
   [
    0.5878391861915588,
    -0.1228635236620903,
    -0.7995933890342712
   ],
   [
    4.138874646741897e-05,
    -0.9883951544761658,
    0.15190474689006805
   ]
  ]
 },
 {
  "rotation_euler": [
   -7.822796032996848e-05,
   -0.0003644716343842447,
   3.1126925945281982
  ],
  "euler_order": "XYZ",
  "rotation_matrix": [
   [
    -0.9995823502540588,
    -0.028896065428853035,
    0.0003620589559432119
   ],
   [
    0.028896033763885498,
    -0.9995824098587036,
    -8.87270798557438e-05
   ],
   [
    0.0003644716343842447,
    -7.822795305401087e-05,
    0.9999999403953552
   ]
  ]
 }
]