[
 {
  "rotation_euler": [
   -1.33323335647583,
   -0.18303149938583374,
   0.02021634764969349
  ],
  "euler_order": "XYZ",
  "rotation_matrix": [
   [
    0.9830955266952515,
    0.17210593819618225,
    -0.06247204169631004
   ],
   [
    0.01987730897963047,
    0.23886266350746155,
    0.970849871635437
   ],
   [
    0.18201126158237457,
    -0.9556799530982971,
    0.23140381276607513
   ]
  ]
 },
 {
  "rotation_euler": [
   1.2144054174423218,
   -0.4158155918121338,
   -1.10380220413208
  ],
  "euler_order": "XYZ",
  "rotation_matrix": [
   [
    0.41184112429618835,
    0.14111007750034332,
    -0.900263786315918
   ],
   [
    -0.8168368935585022,
    0.4950939118862152,
    -0.2960735261440277
   ],
   [
    0.40393614768981934,
    0.8573038578033447,
    0.3191639482975006
   ]
  ]
 },
 {
  "rotation_euler": [
   1.0688796043395996,
   -0.5791158080101013,
   0.1172255203127861
  ],
  "euler_order": "XYZ",
  "rotation_matrix": [
   [
    0.8312028646469116,
    -0.5327593684196472,
    -0.15896306931972504
   ],
   [
    0.09788697957992554,
    0.42169076204299927,
    -0.9014405608177185
   ],
   [
    0.5472841262817383,
    0.733719527721405,
    0.4026607871055603
   ]
  ]
 },
 {
  "rotation_euler": [
   -1.3670027256011963,
   -0.09603984653949738,
   -2.371676445007324
  ],
  "euler_order": "XYZ",
  "rotation_matrix": [
   [
    -0.7146604061126709,
    0.07345283031463623,
    0.6956042051315308
   ],
   [
    -0.6928673982620239,
    -0.21067370474338531,
    -0.6896023750305176
   ],
   [
    0.0958922728896141,
    -0.9747929573059082,
    0.20145322382450104
   ]
  ]
 },
 {
  "rotation_euler": [
   0.9614841341972351,
   -0.8478981256484985,
   -0.7462169528007507
  ],
  "euler_order": "XYZ",
  "rotation_matrix": [
   [
    0.4857591390609741,
    -0.06301169097423553,
    -0.8718185424804688
   ],
   [
    -0.44911104440689087,
    0.8376843929290771,
    -0.3107799291610718
   ],
   [
    0.7498915195465088,
    0.542507529258728,
    0.37861359119415283
   ]
  ]
 },
 {
  "rotation_euler": [
   0.882217288017273,
   -0.7676789164543152,
   0.4654730260372162
  ],
  "euler_order": "XYZ",
  "rotation_matrix": [
   [
    0.6429738402366638,
    -0.7643970847129822,
    -0.047767192125320435
   ],
   [
    0.3229553699493408,
    0.3271501064300537,
    -0.8880724310874939
   ],
   [
    0.6944670081138611,
    0.5555806756019592,
    0.4572151005268097
   ]
  ]
 },
 {
  "rotation_euler": [
   1.02375328540802,
   -0.6234002113342285,
   2.4182114601135254
  ],
  "euler_order": "XYZ",
  "rotation_matrix": [
   [
    -0.6085760593414307,
    0.029430467635393143,
    0.7929496169090271
   ],
   [
    0.5374139547348022,
    -0.719937264919281,
    0.43917715549468994
   ],
   [
    0.5837991833686829,
    0.6934148669242859,
    0.4223202168941498
   ]
  ]
 },
 {
  "rotation_euler": [
   -1.380435585975647,
   -0.06159380078315735,
   -1.7967466115951538
  ],
  "euler_order": "XYZ",
  "rotation_matrix": [
   [
    -0.22360776364803314,
    0.17086245119571686,
    0.9595861434936523
   ],
   [
    -0.9727335572242737,
    -0.10129648447036743,
    -0.20863473415374756
   ],
   [
    0.061554864048957825,
    -0.9800739884376526,
    0.18885432183742523
   ]
  ]
 },
 {
  "rotation_euler": [
   0.9544448852539062,
   -0.6862956285476685,
   2.8234527111053467
  ],
  "euler_order": "XYZ",
  "rotation_matrix": [
   [
    -0.734778642654419,
    0.31030967831611633,
    0.6031652092933655
   ],
   [
    0.24198196828365326,
    -0.7107952833175659,
    0.6604655981063843
   ],
   [
    0.6336758136749268,
    0.6312510967254639,
    0.4471878707408905
   ]
  ]
 },
 {
  "rotation_euler": [
   0.9597110748291016,
   -0.857053816318512,
   -0.8440525531768799
  ],
  "euler_order": "XYZ",
  "rotation_matrix": [
   [
    0.43498694896698,
    0.017427440732717514,
    -0.9002680778503418
   ],
   [
    -0.48926037549972534,
    0.843917727470398,
    -0.22006173431873322
   ],
   [
    0.7559170722961426,
    0.5361894965171814,
    0.3756197690963745
   ]
  ]
 },
 {
  "rotation_euler": [
   -1.4034312963485718,
   -0.0016579794464632869,
   0.948602557182312
  ],
  "euler_order": "XYZ",
  "rotation_matrix": [
   [
    0.5828184485435486,
    -0.13441430032253265,
    -0.8014084100723267
   ],
   [
    0.8126007318496704,
    0.0984172597527504,
    0.5744511485099792
   ],
   [
    0.001657978631556034,
    -0.9860257506370544,
    0.1665845513343811
   ]
  ]
 },
 {
  "rotation_euler": [
   1.1656718254089355,
   -0.4749853312969208,
   -1.2927911281585693
  ],
  "euler_order": "XYZ",
  "rotation_matrix": [
   [
    0.2440575510263443,
    0.26365232467651367,
    -0.9332327246665955
   ],
   [
    -0.8551545739173889,
    0.5123338103294373,
    -0.0788966491818428
   ],
   [
    0.45732539892196655,
    0.8173136115074158,
    0.3505024313926697
   ]
  ]
 },
 {
  "rotation_euler": [
   -1.1834555864334106,
   -0.4971386194229126,
   -0.8609631061553955
  ],
  "euler_order": "XYZ",
  "rotation_matrix": [
   [
    0.5728186368942261,
    0.5742769241333008,
    0.5848801732063293
   ],
   [
    -0.6666582822799683,
    -0.08875864744186401,
    0.7400598526000977
   ],
   [
    0.4769124686717987,
    -0.8138353228569031,
    0.3320038914680481
   ]
  ]
 },
 {
  "rotation_euler": [
   -1.2423985004425049,
   -0.42994755506515503,
   1.4563066959381104
  ],
  "euler_order": "XYZ",
  "rotation_matrix": [
   [
    0.10384245216846466,
    -0.27534231543540955,
    -0.955721378326416
   ],
   [
    0.9030366539955139,
    0.42881056666374207,
    -0.02542179822921753
   ],
   [
    0.4168231189250946,
    -0.8604115843772888,
    0.2931729555130005
   ]
  ]
 },
 {
  "rotation_euler": [
   1.1305912733078003,
   -0.5138523578643799,
   1.9695359468460083
  ],
  "euler_order": "XYZ",
  "rotation_matrix": [
   [
    -0.3381166160106659,
    -0.2200477421283722,
    0.9150170087814331
   ],
   [
    0.802539587020874,
    -0.5752366185188293,
    0.15821829438209534
   ],
   [
    0.4915357530117035,
    0.7878336310386658,
    0.37109407782554626
   ]
  ]
 },
 {
  "rotation_euler": [
   1.0181715488433838,
   -0.6306488513946533,
   2.2826321125030518
  ],
  "euler_order": "XYZ",
  "rotation_matrix": [
   [
    -0.527573823928833,
    -0.06960160285234451,
    0.8466531038284302
   ],
   [
    0.6115197539329529,
    -0.7229107618331909,
    0.3216265141963959
   ],
   [
    0.5896689295768738,
    0.6874268054962158,
    0.42395156621932983
   ]
  ]
 }
]