[
 {
  "rotation_euler": [
   -1.667312502861023,
   2.953076005951516e-08,
   1.087658166885376
  ],
  "euler_order": "XYZ",
  "rotation_matrix": [
   [
    0.4645604193210602,
    0.08533642441034317,
    -0.8814200758934021
   ],
   [
    0.8855414390563965,
    -0.044768042862415314,
    0.46239832043647766
   ],
   [
    -2.953076005951516e-08,
    -0.995345950126648,
    -0.09636639803647995
   ]
  ]
 },
 {
  "rotation_euler": [
   -1.6673126220703125,
   -1.0698239805151388e-07,
   2.6861648559570312
  ],
  "euler_order": "XYZ",
  "rotation_matrix": [
   [
    -0.8980729579925537,
    0.042386382818222046,
    -0.43779948353767395
   ],
   [
    0.43984654545783997,
    0.0865442082285881,
    -0.8938932418823242
   ],
   [
    1.0698239805151388e-07,
    -0.9953458905220032,
    -0.0963665172457695
   ]
  ]
 },
 {
  "rotation_euler": [
   -8.566443284507841e-06,
   -2.1753457986051217e-06,
   2.6354243755340576
  ],
  "euler_order": "XYZ",
  "rotation_matrix": [
   [
    -0.8746086359024048,
    -0.48482954502105713,
    -2.2506885670736665e-06
   ],
   [
    0.48482954502105713,
    -0.8746086359024048,
    -8.546957360522356e-06
   ],
   [
    2.1753457986051217e-06,
    -8.566443284507841e-06,
    1.0
   ]
  ]
 },
 {
  "rotation_euler": [
   9.492662684351671e-06,
   -0.0009220045176334679,
   -1.3499503135681152
  ],
  "euler_order": "XYZ",
  "rotation_matrix": [
   [
    0.21905507147312164,
    0.9757124781608582,
    -0.00021123193437233567
   ],
   [
    -0.9757120609283447,
    0.21905517578125,
    0.0008975317468866706
   ],
   [
    0.0009220044012181461,
    9.492659046372864e-06,
    0.9999995827674866
   ]
  ]
 },
 {
  "rotation_euler": [
   -1.6673126220703125,
   -2.234816776081061e-08,
   1.4125642776489258
  ],
  "euler_order": "XYZ",
  "rotation_matrix": [
   [
    0.15757258236408234,
    0.09516265243291855,
    -0.9829114675521851
   ],
   [
    0.9875074028968811,
    -0.015184699557721615,
    0.15683923661708832
   ],
   [
    2.234816776081061e-08,
    -0.9953458905220032,
    -0.0963665172457695
   ]
  ]
 },
 {
  "rotation_euler": [
   -1.6673123836517334,
   8.360492387282648e-08,
   1.8750847578048706
  ],
  "euler_order": "XYZ",
  "rotation_matrix": [
   [
    -0.2996143698692322,
    0.091939277946949,
    -0.9496201276779175
   ],
   [
    0.9540603756904602,
    0.028872642666101456,
    -0.2982199490070343
   ],
   [
    -8.360492387282648e-08,
    -0.995345950126648,
    -0.0963662788271904
   ]
  ]
 },
 {
  "rotation_euler": [
   -1.667312502861023,
   -1.812552241631238e-08,
   1.1345226764678955
  ],
  "euler_order": "XYZ",
  "rotation_matrix": [
   [
    0.4225651025772095,
    0.08734001219272614,
    -0.9021144509315491
   ],
   [
    0.9063325524330139,
    -0.04072105884552002,
    0.42059844732284546
   ],
   [
    1.812552241631238e-08,
    -0.995345950126648,
    -0.09636639803647995
   ]
  ]
 },
 {
  "rotation_euler": [
   -1.0336984814784955e-06,
   2.071775725198677e-06,
   -1.6186062097549438
  ],
  "euler_order": "XYZ",
  "rotation_matrix": [
   [
    -0.04779167100787163,
    0.998857319355011,
    9.335036565971677e-07
   ],
   [
    -0.998857319355011,
    -0.04779167100787163,
    -2.1188104710745392e-06
   ],
   [
    -2.071775725198677e-06,
    -1.0336984814784955e-06,
    1.0
   ]
  ]
 },
 {
  "rotation_euler": [
   -1.3934152775618713e-05,
   -1.460094928741455,
   -0.08013738691806793
  ],
  "euler_order": "XYZ",
  "rotation_matrix": [
   [
    0.11012088507413864,
    0.08006544411182404,
    -0.9906880855560303
   ],
   [
    -0.0088437395170331,
    0.9967896342277527,
    0.07957552373409271
   ],
   [
    0.9938788414001465,
    -1.5393815147035639e-06,
    0.11047543585300446
   ]
  ]
 },
 {
  "rotation_euler": [
   -1.6673126220703125,
   2.216820860212465e-07,
   -1.2587237358093262
  ],
  "euler_order": "XYZ",
  "rotation_matrix": [
   [
    0.3070317804813385,
    -0.09171201288700104,
    0.9472699761390686
   ],
   [
    -0.9516992568969727,
    -0.02958737313747406,
    0.3056028485298157
   ],
   [
    -2.216820860212465e-07,
    -0.9953458905220032,
    -0.0963665172457695
   ]
  ]
 },
 {
  "rotation_euler": [
   -0.00010684963490348309,
   -0.008866296149790287,
   2.251296043395996
  ],
  "euler_order": "XYZ",
  "rotation_matrix": [
   [
    -0.629156768321991,
    -0.7772589921951294,
    0.00549538666382432
   ],
   [
    0.7772278785705566,
    -0.6291807889938354,
    -0.00695854052901268
   ],
   [
    0.00886617973446846,
    -0.00010684543667593971,
    0.9999606609344482
   ]
  ]
 },
 {
  "rotation_euler": [
   1.6260373740806244e-05,
   -0.0005007274448871613,
   -1.3021526336669922
  ],
  "euler_order": "XYZ",
  "rotation_matrix": [
   [
    0.265423983335495,
    0.964131772518158,
    -0.00014858222857583314
   ],
   [
    -0.9641316533088684,
    0.26542404294013977,
    0.00047845131484791636
   ],
   [
    0.0005007274448871613,
    1.626037192181684e-05,
    0.9999998807907104
   ]
  ]
 },
 {
  "rotation_euler": [
   1.4382474546437152e-05,
   0.0015132940607145429,
   0.7247143387794495
  ],
  "euler_order": "XYZ",
  "rotation_matrix": [
   [
    0.7486879825592041,
    -0.6629216074943542,
    0.001142520341090858
   ],
   [
    0.6629208326339722,
    0.748688817024231,
    0.0009924268815666437
   ],
   [
    -0.0015132934786379337,
    1.438245817553252e-05,
    0.9999988675117493
   ]
  ]
 },
 {
  "rotation_euler": [
   -1.667312502861023,
   5.289905402605655e-08,
   -1.9042575359344482
  ],
  "euler_order": "XYZ",
  "rotation_matrix": [
   [
    -0.3273155391216278,
    -0.09105804562568665,
    0.9405174255371094
   ],
   [
    -0.9449151158332825,
    0.03154226765036583,
    -0.3257921636104584
   ],
   [
    -5.289905402605655e-08,
    -0.995345950126648,
    -0.09636639803647995
   ]
  ]
 },
 {
  "rotation_euler": [
   -1.667312502861023,
   -1.7144657249446027e-07,
   2.7654547691345215
  ],
  "euler_order": "XYZ",
  "rotation_matrix": [
   [
    -0.9300902485847473,
    0.0353982150554657,
    -0.36562153697013855
   ],
   [
    0.3673310875892639,
    0.08962950855493546,
    -0.9257615208625793
   ],
   [
    1.7144657249446027e-07,
    -0.995345950126648,
    -0.09636639803647995
   ]
  ]
 },
 {
  "rotation_euler": [
   -5.106864591652993e-06,
   1.4464579820632935,
   1.5524388551712036
  ],
  "euler_order": "XYZ",
  "rotation_matrix": [
   [
    0.0022765330504626036,
    -0.9998316168785095,
    0.01820962131023407
   ],
   [
    0.12399731576442719,
    0.018351374194025993,
    0.9921128153800964
   ],
   [
    -0.9922799468040466,
    -6.333442001960066e-07,
    0.12401821464300156
   ]
  ]
 }
]