[
 {
  "rotation_euler": [
   0.1741907298564911,
   -0.13112394511699677,
   2.631113052368164
  ],
  "euler_order": "XYZ",
  "rotation_matrix": [
   [
    -0.8650202751159668,
    -0.4614306688308716,
    0.19703218340873718
   ],
   [
    0.4844014346599579,
    -0.8703783750534058,
    0.08829934149980545
   ],
   [
    0.13074852526187897,
    0.1718233972787857,
    0.9764125943183899
   ]
  ]
 },
 {
  "rotation_euler": [
   0.1741907149553299,
   -0.13112440705299377,
   -2.797173023223877
  ],
  "euler_order": "XYZ",
  "rotation_matrix": [
   [
    -0.9331912398338318,
    0.3538702726364136,
    0.06268929690122604
   ],
   [
    -0.3347519040107727,
    -0.9193761944770813,
    0.2066122442483902
   ],
   [
    0.13074897229671478,
    0.17182336747646332,
    0.9764125347137451
   ]
  ]
 },
 {
  "rotation_euler": [
   0.1741907000541687,
   -0.13112442195415497,
   -0.3071939945220947
  ],
  "euler_order": "XYZ",
  "rotation_matrix": [
   [
    0.9450032114982605,
    0.2762098014354706,
    -0.1751488298177719
   ],
   [
    -0.2997893691062927,
    0.9456135034561157,
    -0.1262594610452652
   ],
   [
    0.13074898719787598,
    0.17182335257530212,
    0.9764125347137451
   ]
  ]
 },
 {
  "rotation_euler": [
   -2.98595929145813,
   0.402164489030838,
   0.1640830934047699
  ],
  "euler_order": "XYZ",
  "rotation_matrix": [
   [
    0.9078561067581177,
    0.10151741653680801,
    -0.40680646896362305
   ],
   [
    0.15031525492668152,
    -0.9845548868179321,
    0.08976050466299057
   ],
   [
    -0.39141106605529785,
    -0.14263884723186493,
    -0.9090937972068787
   ]
  ]
 },
 {
  "rotation_euler": [
   0.17419086396694183,
   -0.1311243772506714,
   2.7154037952423096
  ],
  "euler_order": "XYZ",
  "rotation_matrix": [
   [
    -0.9027312994003296,
    -0.3865143358707428,
    0.18889907002449036
   ],
   [
    0.4098547399044037,
    -0.9061365127563477,
    0.10457412153482437
   ],
   [
    0.1307489573955536,
    0.17182351648807526,
    0.9764125347137451
   ]
  ]
 },
 {
  "rotation_euler": [
   0.1741907149553299,
   -0.1311243623495102,
   1.8954261541366577
  ],
  "euler_order": "XYZ",
  "rotation_matrix": [
   [
    -0.31621986627578735,
    -0.9261987209320068,
    0.2053312361240387
   ],
   [
    0.939632773399353,
    -0.3356078863143921,
    -0.06676553189754486
   ],
   [
    0.1307489424943924,
    0.17182336747646332,
    0.9764125347137451
   ]
  ]
 },
 {
  "rotation_euler": [
   0.1741907298564911,
   -0.13112445175647736,
   -0.4684373140335083
  ],
  "euler_order": "XYZ",
  "rotation_matrix": [
   [
    0.8846151828765869,
    0.4244409203529358,
    -0.19314730167388916
   ],
   [
    -0.44761666655540466,
    0.8890031576156616,
    -0.09650233387947083
   ],
   [
    0.13074901700019836,
    0.1718233823776245,
    0.9764125347137451
   ]
  ]
 },
 {
  "rotation_euler": [
   0.17419074475765228,
   -0.13112452626228333,
   -0.7229698896408081
  ],
  "euler_order": "XYZ",
  "rotation_matrix": [
   [
    0.7434070706367493,
    0.6346107125282288,
    -0.21122299134731293
   ],
   [
    -0.6559349298477173,
    0.7534891963005066,
    -0.044759947806596756
   ],
   [
    0.13074909150600433,
    0.1718233972787857,
    0.9764125347137451
   ]
  ]
 },
 {
  "rotation_euler": [
   -2.9132699966430664,
   0.19000355899333954,
   -0.7948158979415894
  ],
  "euler_order": "XYZ",
  "rotation_matrix": [
   [
    0.6878111958503723,
    -0.7251527309417725,
    0.032700374722480774
   ],
   [
    -0.7008900046348572,
    -0.6517279148101807,
    0.28983432054519653
   ],
   [
    -0.1888623833656311,
    -0.2222706377506256,
    -0.9565180540084839
   ]
  ]
 },
 {
  "rotation_euler": [
   0.1741907298564911,
   -0.13112428784370422,
   3.0767650604248047
  ],
  "euler_order": "XYZ",
  "rotation_matrix": [
   [
    -0.9893329739570618,
    -0.04118921607732773,
    0.13972723484039307
   ],
   [
    0.06422607600688934,
    -0.9842663407325745,
    0.16460509598255157
   ],
   [
    0.13074886798858643,
    0.1718233823776245,
    0.9764125347137451
   ]
  ]
 },
 {
  "rotation_euler": [
   0.1741907298564911,
   -0.13112440705299377,
   -1.3977863788604736
  ],
  "euler_order": "XYZ",
  "rotation_matrix": [
   [
    0.17067033052444458,
    0.9662631750106812,
    -0.19289140403270721
   ],
   [
    -0.9766147136688232,
    0.191865012049675,
    0.09701277315616608
   ],
   [
    0.13074897229671478,
    0.1718233823776245,
    0.9764125347137451
   ]
  ]
 },
 {
  "rotation_euler": [
   0.20796296000480652,
   -2.908602714538574,
   0.5439123511314392
  ],
  "euler_order": "XYZ",
  "rotation_matrix": [
   [
    -0.8325702548027039,
    -0.5471290946006775,
    -0.08646731823682785
   ],
   [
    -0.5035054087638855,
    0.8125845193862915,
    -0.29357919096946716
   ],
   [
    0.23088769614696503,
    -0.2008885145187378,
    -0.9520161151885986
   ]
  ]
 },
 {
  "rotation_euler": [
   0.1741907298564911,
   -0.13112413883209229,
   2.8663535118103027
  ],
  "euler_order": "XYZ",
  "rotation_matrix": [
   [
    -0.9540988802909851,
    -0.24585703015327454,
    0.17102523148059845
   ],
   [
    0.2694440186023712,
    -0.9539554715156555,
    0.13179101049900055
   ],
   [
    0.1307487189769745,
    0.1718233823776245,
    0.9764125943183899
   ]
  ]
 },
 {
  "rotation_euler": [
   0.17419074475765228,
   -0.13112418353557587,
   -2.6160781383514404
  ],
  "euler_order": "XYZ",
  "rotation_matrix": [
   [
    -0.8576397895812988,
    0.5136691927909851,
    0.02445170283317566
   ],
   [
    -0.4973517060279846,
    -0.8406073451042175,
    0.21452420949935913
   ],
   [
    0.13074876368045807,
    0.1718233972787857,
    0.9764125347137451
   ]
  ]
 },
 {
  "rotation_euler": [
   0.1741907298564911,
   -0.13112421333789825,
   1.7943673133850098
  ],
  "euler_order": "XYZ",
  "rotation_matrix": [
   [
    -0.21980984508991241,
    -0.9553316235542297,
    0.19754783809185028
   ],
   [
    0.966741144657135,
    -0.24045424163341522,
    -0.08713997900485992
   ],
   [
    0.13074879348278046,
    0.1718233823776245,
    0.9764125347137451
   ]
  ]
 },
 {
  "rotation_euler": [
   0.1741907298564911,
   -0.13112445175647736,
   -2.8446712493896484
  ],
  "euler_order": "XYZ",
  "rotation_matrix": [
   [
    -0.9480329155921936,
    0.3098188638687134,
    0.07242865860462189
   ],
   [
    -0.29006609320640564,
    -0.9351411461830139,
    0.20340272784233093
   ],
   [
    0.13074901700019836,
    0.1718233823776245,
    0.9764125347137451
   ]
  ]
 }
]