[
 {
  "rotation_euler": [
   0.31017035245895386,
   -0.00022398379223886877,
   -2.970217704772949
  ],
  "euler_order": "XYZ",
  "rotation_matrix": [
   [
    -0.9853512048721313,
    0.16246691346168518,
    -0.0518413744866848
   ],
   [
    -0.1705373078584671,
    -0.9383201599121094,
    0.3007861375808716
   ],
   [
    0.00022398379223886877,
    0.3052208423614502,
    0.9522815942764282
   ]
  ]
 },
 {
  "rotation_euler": [
   0.3101695477962494,
   -0.00022015748254489154,
   -2.4942405223846436
  ],
  "euler_order": "XYZ",
  "rotation_matrix": [
   [
    -0.7976834177970886,
    0.5743522644042969,
    -0.1839037835597992
   ],
   [
    -0.6030763387680054,
    -0.7595789432525635,
    0.24359546601772308
   ],
   [
    0.00022015748254489154,
    0.3052200973033905,
    0.9522818326950073
   ]
  ]
 },
 {
  "rotation_euler": [
   0.31017354130744934,
   -0.00022282199643086642,
   0.3528987467288971
  ],
  "euler_order": "XYZ",
  "rotation_matrix": [
   [
    0.9383747577667236,
    -0.3291904330253601,
    0.1052921786904335
   ],
   [
    0.3456193506717682,
    0.8935726284980774,
    -0.28648775815963745
   ],
   [
    0.00022282199643086642,
    0.30522388219833374,
    0.952280580997467
   ]
  ]
 },
 {
  "rotation_euler": [
   0.3101675808429718,
   -0.00021897623082622886,
   0.36928316950798035
  ],
  "euler_order": "XYZ",
  "rotation_matrix": [
   [
    0.9325863122940063,
    -0.34378582239151,
    0.10997314006090164
   ],
   [
    0.36094701290130615,
    0.8880614638328552,
    -0.2847176194190979
   ],
   [
    0.00021897623082622886,
    0.3052182197570801,
    0.9522824287414551
   ]
  ]
 },
 {
  "rotation_euler": [
   0.3101697862148285,
   -0.00022275328228715807,
   2.5193934440612793
  ],
  "euler_order": "XYZ",
  "rotation_matrix": [
   [
    -0.8125986456871033,
    -0.5549570918083191,
    0.17806199193000793
   ],
   [
    0.582823634147644,
    -0.7738625407218933,
    0.24789799749851227
   ],
   [
    0.00022275328228715807,
    0.3052203059196472,
    0.9522817134857178
   ]
  ]
 },
 {
  "rotation_euler": [
   0.3101707696914673,
   -0.00022126779367681593,
   0.32976943254470825
  ],
  "euler_order": "XYZ",
  "rotation_matrix": [
   [
    0.9461169838905334,
    -0.3084363341331482,
    0.09863888472318649
   ],
   [
    0.3238248825073242,
    0.9009478688240051,
    -0.2888432741165161
   ],
   [
    0.00022126779367681593,
    0.3052212595939636,
    0.9522814154624939
   ]
  ]
 },
 {
  "rotation_euler": [
   0.31016573309898376,
   -0.00022868732048664242,
   -1.0180219411849976
  ],
  "euler_order": "XYZ",
  "rotation_matrix": [
   [
    0.5250504612922668,
    0.8104239106178284,
    -0.25987526774406433
   ],
   [
    -0.8510710597038269,
    0.5000560283660889,
    -0.16006870567798615
   ],
   [
    0.00022868732048664242,
    0.3052164614200592,
    0.9522829651832581
   ]
  ]
 },
 {
  "rotation_euler": [
   0.3101685643196106,
   -0.00022341401199810207,
   0.24501973390579224
  ],
  "euler_order": "XYZ",
  "rotation_matrix": [
   [
    0.9701325297355652,
    -0.23106643557548523,
    0.07383228093385696
   ],
   [
    0.24257546663284302,
    0.923823356628418,
    -0.296154648065567
   ],
   [
    0.00022341401199810207,
    0.3052191436290741,
    0.9522821307182312
   ]
  ]
 },
 {
  "rotation_euler": [
   0.31016895174980164,
   -0.00022040220210328698,
   1.1118223667144775
  ],
  "euler_order": "XYZ",
  "rotation_matrix": [
   [
    0.4430284798145294,
    -0.8537577986717224,
    0.27353861927986145
   ],
   [
    0.8965075016021729,
    0.4218277633190155,
    -0.13540911674499512
   ],
   [
    0.00022040220210328698,
    0.30521953105926514,
    0.9522820115089417
   ]
  ]
 },
 {
  "rotation_euler": [
   0.31016892194747925,
   -0.00022045717923901975,
   2.8448894023895264
  ],
  "euler_order": "XYZ",
  "rotation_matrix": [
   [
    -0.9563055038452148,
    -0.2783534824848175,
    0.08943751454353333
   ],
   [
    0.2923690974712372,
    -0.9106922745704651,
    0.2918217182159424
   ],
   [
    0.00022045717923901975,
    0.30521950125694275,
    0.9522820115089417
   ]
  ]
 },
 {
  "rotation_euler": [
   0.31017041206359863,
   -0.00022255325166042894,
   0.35839012265205383
  ],
  "euler_order": "XYZ",
  "rotation_matrix": [
   [
    0.9364627003669739,
    -0.3340926468372345,
    0.10686299204826355
   ],
   [
    0.3507670760154724,
    0.8917523622512817,
    -0.28590235114097595
   ],
   [
    0.00022255325166042894,
    0.30522090196609497,
    0.9522815346717834
   ]
  ]
 },
 {
  "rotation_euler": [
   0.3101692199707031,
   -0.00022242571867536753,
   -0.631054162979126
  ],
  "euler_order": "XYZ",
  "rotation_matrix": [
   [
    0.8074060082435608,
    0.5617879033088684,
    -0.18024954199790955
   ],
   [
    -0.5899962186813354,
    0.7689182162284851,
    -0.24631132185459137
   ],
   [
    0.00022242571867536753,
    0.30521976947784424,
    0.9522818922996521
   ]
  ]
 },
 {
  "rotation_euler": [
   0.31016597151756287,
   -0.00022864851052872837,
   -1.9407693147659302
  ],
  "euler_order": "XYZ",
  "rotation_matrix": [
   [
    -0.3615902364253998,
    0.8878739476203918,
    -0.2844861149787903
   ],
   [
    -0.9323371052742004,
    -0.34427115321159363,
    0.1105663850903511
   ],
   [
    0.00022864851052872837,
    0.3052166700363159,
    0.9522829055786133
   ]
  ]
 },
 {
  "rotation_euler": [
   0.3101682960987091,
   -0.00022367757628671825,
   1.9019665718078613
  ],
  "euler_order": "XYZ",
  "rotation_matrix": [
   [
    -0.32514989376068115,
    -0.9005153775215149,
    0.2887033224105835
   ],
   [
    0.9456624388694763,
    -0.30969902873039246,
    0.09904047101736069
   ],
   [
    0.00022367757628671825,
    0.305218905210495,
    0.952282190322876
   ]
  ]
 },
 {
  "rotation_euler": [
   0.3101731240749359,
   -0.00022256397642195225,
   2.3581063747406006
  ],
  "euler_order": "XYZ",
  "rotation_matrix": [
   [
    -0.708457350730896,
    -0.6720274090766907,
    0.21556273102760315
   ],
   [
    0.7057535648345947,
    -0.6746982932090759,
    0.21608826518058777
   ],
   [
    0.00022256397642195225,
    0.3052234947681427,
    0.9522807002067566
   ]
  ]
 },
 {
  "rotation_euler": [
   0.31017032265663147,
   -0.0002218947629444301,
   0.46583616733551025
  ],
  "euler_order": "XYZ",
  "rotation_matrix": [
   [
    0.8934462666511536,
    -0.427796870470047,
    0.13690726459026337
   ],
   [
    0.4491700232028961,
    0.850782036781311,
    -0.27279335260391235
   ],
   [
    0.0002218947629444301,
    0.3052208423614502,
    0.9522815942764282
   ]
  ]
 }
]