[
 {
  "rotation_euler": [
   -1.494188722972467e-06,
   -0.0001606098230695352,
   0.03815501928329468
  ],
  "euler_order": "XYZ",
  "rotation_matrix": [
   [
    0.9992721676826477,
    -0.038145761936903,
    -0.00016054992738645524
   ],
   [
    0.038145761936903,
    0.9992721676826477,
    -4.633483058569254e-06
   ],
   [
    0.0001606098230695352,
    -1.494188722972467e-06,
    1.0
   ]
  ]
 },
 {
  "rotation_euler": [
   -2.1310270312824287e-06,
   -0.0001608003949513659,
   -1.557590365409851
  ],
  "euler_order": "XYZ",
  "rotation_matrix": [
   [
    0.013205577619373798,
    0.9999127984046936,
    7.37913641302157e-09
   ],
   [
    -0.9999127984046936,
    0.013205577619373798,
    0.0001608145103091374
   ],
   [
    0.0001608003949513659,
    -2.1310270312824287e-06,
    1.0
   ]
  ]
 },
 {
  "rotation_euler": [
   -1.1272069286860642e-06,
   -0.00015944209008011967,
   0.6754232048988342
  ],
  "euler_order": "XYZ",
  "rotation_matrix": [
   [
    0.7804424166679382,
    -0.6252276301383972,
    -0.00012514012632891536
   ],
   [
    0.6252276301383972,
    0.7804424166679382,
    -9.880788275040686e-05
   ],
   [
    0.00015944209008011967,
    -1.1272069286860642e-06,
    1.0
   ]
  ]
 },
 {
  "rotation_euler": [
   -1.7944868204722297e-06,
   -0.00016083588707260787,
   0.46507227420806885
  ],
  "euler_order": "XYZ",
  "rotation_matrix": [
   [
    0.8937891125679016,
    -0.44848740100860596,
    -0.00014455817290581763
   ],
   [
    0.44848740100860596,
    0.8937891721725464,
    -7.052897854009643e-05
   ],
   [
    0.00016083588707260787,
    -1.7944868204722297e-06,
    1.0
   ]
  ]
 },
 {
  "rotation_euler": [
   -8.399771331824013e-07,
   -0.00015968787192832679,
   -1.5951734781265259
  ],
  "euler_order": "XYZ",
  "rotation_matrix": [
   [
    -0.024374736472964287,
    0.9997028708457947,
    4.7320772864622995e-06
   ],
   [
    -0.9997028708457947,
    -0.024374736472964287,
    0.000159619958139956
   ],
   [
    0.00015968787192832679,
    -8.399771331824013e-07,
    1.0
   ]
  ]
 },
 {
  "rotation_euler": [
   -1.4719747696290142e-06,
   -0.00016080868954304606,
   -0.5304522514343262
  ],
  "euler_order": "XYZ",
  "rotation_matrix": [
   [
    0.8625783324241638,
    0.5059235095977783,
    -0.00013796538405586034
   ],
   [
    -0.5059235095977783,
    0.8625783324241638,
    8.262658957391977e-05
   ],
   [
    0.00016080868954304606,
    -1.4719747696290142e-06,
    1.0
   ]
  ]
 },
 {
  "rotation_euler": [
   -1.6864169083419256e-06,
   -0.00016041603521443903,
   1.5289846658706665
  ],
  "euler_order": "XYZ",
  "rotation_matrix": [
   [
    0.041799478232860565,
    -0.9991260170936584,
    -8.390249604417477e-06
   ],
   [
    0.9991260170936584,
    0.041799478232860565,
    -0.0001602053380338475
   ],
   [
    0.00016041603521443903,
    -1.6864169083419256e-06,
    1.0
   ]
  ]
 },
 {
  "rotation_euler": [
   -2.162893679269473e-06,
   -0.00015948990767356008,
   -1.4252629280090332
  ],
  "euler_order": "XYZ",
  "rotation_matrix": [
   [
    0.14502020180225372,
    0.989428699016571,
    -2.0989231416024268e-05
   ],
   [
    -0.989428699016571,
    0.14502021670341492,
    0.0001581175602041185
   ],
   [
    0.00015948990767356008,
    -2.162893679269473e-06,
    1.0
   ]
  ]
 },
 {
  "rotation_euler": [
   -1.5402134749820107e-06,
   -0.0001598393137101084,
   1.1029738187789917
  ],
  "euler_order": "XYZ",
  "rotation_matrix": [
   [
    0.45094382762908936,
    -0.8925523161888123,
    -7.345327321672812e-05
   ],
   [
    0.8925523161888123,
    0.45094382762908936,
    -0.00014197040582075715
   ],
   [
    0.0001598393137101084,
    -1.5402134749820107e-06,
    1.0
   ]
  ]
 },
 {
  "rotation_euler": [
   -1.1340765695422306e-06,
   -0.00016106528346426785,
   0.5008402466773987
  ],
  "euler_order": "XYZ",
  "rotation_matrix": [
   [
    0.8771793842315674,
    -0.48016276955604553,
    -0.00014182769518811256
   ],
   [
    0.48016273975372314,
    0.8771794438362122,
    -7.634275971213356e-05
   ],
   [
    0.00016106528346426785,
    -1.1340765695422306e-06,
    1.0
   ]
  ]
 },
 {
  "rotation_euler": [
   -1.683393520579557e-06,
   -0.00015868229093030095,
   1.8376293182373047
  ],
  "euler_order": "XYZ",
  "rotation_matrix": [
   [
    -0.26367783546447754,
    -0.9646108150482178,
    4.0217182686319575e-05
   ],
   [
    0.9646108150482178,
    -0.26367783546447754,
    -0.00015351052570622414
   ],
   [
    0.00015868229093030095,
    -1.683393520579557e-06,
    1.0
   ]
  ]
 },
 {
  "rotation_euler": [
   -1.6183499838007265e-06,
   -0.0001598652161192149,
   0.7830159068107605
  ],
  "euler_order": "XYZ",
  "rotation_matrix": [
   [
    0.7087892889976501,
    -0.7054202556610107,
    -0.00011445237032603472
   ],
   [
    0.7054202556610107,
    0.7087892889976501,
    -0.00011162509326823056
   ],
   [
    0.0001598652161192149,
    -1.6183499838007265e-06,
    1.0
   ]
  ]
 },
 {
  "rotation_euler": [
   -1.5485568383155623e-06,
   -0.00016025708464439958,
   -1.0534496307373047
  ],
  "euler_order": "XYZ",
  "rotation_matrix": [
   [
    0.4945757985115051,
    0.8691344857215881,
    -7.791336975060403e-05
   ],
   [
    -0.8691344857215881,
    0.4945757985115051,
    0.00014005083357915282
   ],
   [
    0.00016025708464439958,
    -1.5485568383155623e-06,
    1.0
   ]
  ]
 },
 {
  "rotation_euler": [
   -1.2925510191053036e-06,
   -0.00015989120583981276,
   -0.4272865653038025
  ],
  "euler_order": "XYZ",
  "rotation_matrix": [
   [
    0.9100935459136963,
    0.4144028425216675,
    -0.00014498032396659255
   ],
   [
    -0.4144028425216675,
    0.9100935459136963,
    6.743571429979056e-05
   ],
   [
    0.00015989120583981276,
    -1.2925510191053036e-06,
    1.0
   ]
  ]
 },
 {
  "rotation_euler": [
   -1.4992806427471805e-06,
   -0.00015888399502728134,
   2.625814437866211
  ],
  "euler_order": "XYZ",
  "rotation_matrix": [
   [
    -0.8699091672897339,
    -0.4932119846343994,
    0.00013747517368756235
   ],
   [
    0.493211954832077,
    -0.8699091672897339,
    -7.96677268226631e-05
   ],
   [
    0.00015888399502728134,
    -1.4992806427471805e-06,
    1.0
   ]
  ]
 },
 {
  "rotation_euler": [
   -1.1076291457357001e-06,
   -0.0001582776167197153,
   -3.078458547592163
  ],
  "euler_order": "XYZ",
  "rotation_matrix": [
   [
    -0.9980077147483826,
    0.0630921721458435,
    0.00015803216956555843
   ],
   [
    -0.0630921721458435,
    -0.9980077147483826,
    8.880656423571054e-06
   ],
   [
    0.0001582776167197153,
    -1.1076291457357001e-06,
    1.0
   ]
  ]
 }
]