[
 {
  "rotation_euler": [
   -0.025684351101517677,
   0.05301684886217117,
   0.4923936724662781
  ],
  "euler_order": "XYZ",
  "rotation_matrix": [
   [
    0.8799656629562378,
    -0.4737798869609833,
    0.03454076871275902
   ],
   [
    0.4720723330974579,
    0.8802698254585266,
    0.04767366126179695
   ],
   [
    -0.052992016077041626,
    -0.025645442306995392,
    0.9982655644416809
   ]
  ]
 },
 {
  "rotation_euler": [
   -0.029820352792739868,
   1.4247212409973145,
   -0.16759651899337769
  ],
  "euler_order": "XYZ",
  "rotation_matrix": [
   [
    0.1435166895389557,
    0.13765378296375275,
    0.9800277352333069
   ],
   [
    -0.024280661717057228,
    0.9904708862304688,
    -0.135564923286438
   ],
   [
    -0.9893500208854675,
    -0.004339892417192459,
    0.14549143612384796
   ]
  ]
 },
 {
  "rotation_euler": [
   -0.5768299698829651,
   1.3679970502853394,
   1.6186418533325195
  ],
  "euler_order": "XYZ",
  "rotation_matrix": [
   [
    -0.009632987901568413,
    -0.8116874694824219,
    -0.584012508392334
   ],
   [
    0.2011815309524536,
    -0.5736703872680664,
    0.7939951419830322
   ],
   [
    -0.9795066118240356,
    -0.10984399169683456,
    0.16882269084453583
   ]
  ]
 },
 {
  "rotation_euler": [
   -0.007038969546556473,
   -1.4248220920562744,
   -0.1274719387292862
  ],
  "euler_order": "XYZ",
  "rotation_matrix": [
   [
    0.1442762017250061,
    0.13403140008449554,
    -0.9804182648658752
   ],
   [
    -0.018491432070732117,
    0.9909765720367432,
    0.1327536553144455
   ],
   [
    0.9893646836280823,
    -0.0010238544782623649,
    0.14545276761054993
   ]
  ]
 },
 {
  "rotation_euler": [
   -0.01666632667183876,
   -0.019110597670078278,
   2.1664528846740723
  ],
  "euler_order": "XYZ",
  "rotation_matrix": [
   [
    -0.5609499216079712,
    -0.8278440237045288,
    -0.0030755142215639353
   ],
   [
    0.8276291489601135,
    -0.5607108473777771,
    -0.0251664649695158
   ],
   [
    0.019109433516860008,
    -0.016662511974573135,
    0.9996785521507263
   ]
  ]
 },
 {
  "rotation_euler": [
   1.2166774272918701,
   -0.08435951173305511,
   -3.009915351867676
  ],
  "euler_order": "XYZ",
  "rotation_matrix": [
   [
    -0.9878177046775818,
    0.12387634068727493,
    -0.09418521076440811
   ],
   [
    -0.13083019852638245,
    -0.33338555693626404,
    0.933668851852417
   ],
   [
    0.08425948768854141,
    0.9346168637275696,
    0.3455309271812439
   ]
  ]
 },
 {
  "rotation_euler": [
   -0.024777593091130257,
   0.02827189303934574,
   2.343247175216675
  ],
  "euler_order": "XYZ",
  "rotation_matrix": [
   [
    -0.6976137161254883,
    -0.7154937982559204,
    -0.03746601939201355
   ],
   [
    0.7159161567687988,
    -0.6981800198554993,
    0.002949155168607831
   ],
   [
    -0.028268126770853996,
    -0.02476515807211399,
    0.9992935657501221
   ]
  ]
 },
 {
  "rotation_euler": [
   -0.03592933714389801,
   -1.427006721496582,
   0.0909680500626564
  ],
  "euler_order": "XYZ",
  "rotation_matrix": [
   [
    0.1427021473646164,
    -0.05538010597229004,
    -0.9882151484489441
   ],
   [
    0.0130172623321414,
    0.9984520673751831,
    -0.05407404527068138
   ],
   [
    0.9896800518035889,
    -0.005147373303771019,
    0.14320215582847595
   ]
  ]
 },
 {
  "rotation_euler": [
   -0.02981329895555973,
   1.4247212409973145,
   -0.3228546380996704
  ],
  "euler_order": "XYZ",
  "rotation_matrix": [
   [
    0.13803578913211823,
    0.28916630148887634,
    0.9472745060920715
   ],
   [
    -0.0461813285946846,
    0.9572690725326538,
    -0.2854877710342407
   ],
   [
    -0.9893500208854675,
    -0.004338866099715233,
    0.14549146592617035
   ]
  ]
 },
 {
  "rotation_euler": [
   0.05686831846833229,
   0.07801664620637894,
   -1.0836961269378662
  ],
  "euler_order": "XYZ",
  "rotation_matrix": [
   [
    0.4666415750980377,
    0.8843387365341187,
    -0.013806219212710857
   ],
   [
    -0.8810058832168579,
    0.46339407563209534,
    -0.09536532312631607
   ],
   [
    -0.0779375284910202,
    0.056664783507585526,
    0.9953466057777405
   ]
  ]
 },
 {
  "rotation_euler": [
   -0.01623905450105667,
   0.05121186375617981,
   -1.2244253158569336
  ],
  "euler_order": "XYZ",
  "rotation_matrix": [
   [
    0.33904150128364563,
    0.9402046799659729,
    0.03264981135725975
   ],
   [
    -0.9393777251243591,
    0.3402236998081207,
    -0.04263033717870712
   ],
   [
    -0.05118948221206665,
    -0.016217051073908806,
    0.9985572695732117
   ]
  ]
 },
 {
  "rotation_euler": [
   -0.007176398299634457,
   -1.4248270988464355,
   -2.6959476470947266
  ],
  "euler_order": "XYZ",
  "rotation_matrix": [
   [
    -0.13124558329582214,
    0.4246222972869873,
    0.895807147026062
   ],
   [
    -0.06269537657499313,
    -0.9053699970245361,
    0.4199696183204651
   ],
   [
    0.9893653988838196,
    -0.0010438082972541451,
    0.14544767141342163
   ]
  ]
 },
 {
  "rotation_euler": [
   -0.05459275096654892,
   -0.014374635182321072,
   1.9065617322921753
  ],
  "euler_order": "XYZ",
  "rotation_matrix": [
   [
    -0.3294578790664673,
    -0.9430102109909058,
    -0.0467894971370697
   ],
   [
    0.9440608620643616,
    -0.32826051115989685,
    -0.03153018280863762
   ],
   [
    0.014374139718711376,
    -0.05455999821424484,
    0.9984070062637329
   ]
  ]
 },
 {
  "rotation_euler": [
   -0.4404558837413788,
   1.3911679983139038,
   2.65708589553833
  ],
  "euler_order": "XYZ",
  "rotation_matrix": [
   [
    -0.15810053050518036,
    -0.05010701343417168,
    -0.986150860786438
   ],
   [
    0.08321662992238998,
    -0.9958347678184509,
    0.03725770115852356
   ],
   [
    -0.9839101433753967,
    -0.07617368549108505,
    0.16161175072193146
   ]
  ]
 },
 {
  "rotation_euler": [
   -0.0394715815782547,
   0.00488668866455555,
   -2.5137579441070557
  ],
  "euler_order": "XYZ",
  "rotation_matrix": [
   [
    -0.8092916011810303,
    0.5870922803878784,
    0.019227633252739906
   ],
   [
    -0.5873867273330688,
    -0.8085576295852661,
    -0.034804269671440125
   ],
   [
    -0.004886669106781483,
    -0.039460860192775726,
    0.9992091655731201
   ]
  ]
 },
 {
  "rotation_euler": [
   -0.015777772292494774,
   -0.025712931528687477,
   2.395631790161133
  ],
  "euler_order": "XYZ",
  "rotation_matrix": [
   [
    -0.7341933250427246,
    -0.6788912415504456,
    0.008172495290637016
   ],
   [
    0.6784534454345703,
    -0.7340694069862366,
    -0.02903398685157299
   ],
   [
    0.025710098445415497,
    -0.015771903097629547,
    0.9995450377464294
   ]
  ]
 }
]