[
 {
  "rotation_euler": [
   -1.6986812353134155,
   -0.6195453405380249,
   -1.816110610961914
  ],
  "euler_order": "XYZ",
  "rotation_matrix": [
   [
    -0.1977236419916153,
    -0.26358771324157715,
    0.9441540241241455
   ],
   [
    -0.7897679805755615,
    -0.527707040309906,
    -0.31271687150001526
   ],
   [
    0.5806650519371033,
    -0.8074941635131836,
    -0.10383298248052597
   ]
  ]
 },
 {
  "rotation_euler": [
   -1.923993468284607,
   0.10262195765972137,
   -1.4535750150680542
  ],
  "euler_order": "XYZ",
  "rotation_matrix": [
   [
    0.11633775383234024,
    -0.35476693511009216,
    0.927688479423523
   ],
   [
    -0.9879125356674194,
    0.05500475689768791,
    0.14492514729499817
   ],
   [
    -0.1024419292807579,
    -0.9333353638648987,
    -0.3440795838832855
   ]
  ]
 },
 {
  "rotation_euler": [
   -1.7109330892562866,
   -0.6159728169441223,
   -0.04025778919458389
  ],
  "euler_order": "XYZ",
  "rotation_matrix": [
   [
    0.8155504465103149,
    0.5660039186477661,
    0.12048665434122086
   ],
   [
    -0.032850008457899094,
    -0.16259019076824188,
    0.9861466884613037
   ],
   [
    0.5777528285980225,
    -0.8082103729248047,
    -0.11400727182626724
   ]
  ]
 },
 {
  "rotation_euler": [
   -1.709734559059143,
   0.6218057870864868,
   -2.0203704833984375
  ],
  "euler_order": "XYZ",
  "rotation_matrix": [
   [
    -0.35324040055274963,
    0.12597627937793732,
    0.9270119667053223
   ],
   [
    -0.7320590019226074,
    0.5797523260116577,
    -0.3577384948730469
   ],
   [
    -0.5825039148330688,
    -0.8049951791763306,
    -0.1125698834657669
   ]
  ]
 },
 {
  "rotation_euler": [
   -1.7099497318267822,
   0.6208590269088745,
   2.3135986328125
  ],
  "euler_order": "XYZ",
  "rotation_matrix": [
   [
    -0.550132691860199,
    0.49182191491127014,
    -0.674881637096405
   ],
   [
    0.5991155505180359,
    -0.3305359184741974,
    -0.7292506694793701
   ],
   [
    -0.5817340612411499,
    -0.8055167198181152,
    -0.11281953752040863
   ]
  ]
 },
 {
  "rotation_euler": [
   -1.7069672346115112,
   -0.6182910203933716,
   -0.9966802000999451
  ],
  "euler_order": "XYZ",
  "rotation_matrix": [
   [
    0.4425501823425293,
    0.19790014624595642,
    0.8746341466903687
   ],
   [
    -0.6842242479324341,
    -0.5559303760528564,
    0.4719942510128021
   ],
   [
    0.5796434283256531,
    -0.8073270320892334,
    -0.11061902344226837
   ]
  ]
 },
 {
  "rotation_euler": [
   -1.7097314596176147,
   0.6218135356903076,
   -2.085592269897461
  ],
  "euler_order": "XYZ",
  "rotation_matrix": [
   [
    -0.4001995027065277,
    0.16349996626377106,
    0.9017251133918762
   ],
   [
    -0.7074759602546692,
    0.5703132152557373,
    -0.4173974096775055
   ],
   [
    -0.5825101733207703,
    -0.8049910664558411,
    -0.1125667616724968
   ]
  ]
 },
 {
  "rotation_euler": [
   -1.7097314596176147,
   0.6218135952949524,
   1.8138996362686157
  ],
  "euler_order": "XYZ",
  "rotation_matrix": [
   [
    -0.19565945863723755,
    0.2732847034931183,
    -0.941824197769165
   ],
   [
    0.7889227867126465,
    -0.5265974998474121,
    -0.3166952431201935
   ],
   [
    -0.582510232925415,
    -0.8049910068511963,
    -0.1125667616724968
   ]
  ]
 },
 {
  "rotation_euler": [
   1.3593881130218506,
   2.66031551361084,
   0.5161291360855103
  ],
  "euler_order": "XYZ",
  "rotation_matrix": [
   [
    -0.7709378600120544,
    0.2900891900062561,
    0.567012369632721
   ],
   [
    -0.4374558627605438,
    0.4058713912963867,
    -0.8024342656135559
   ],
   [
    -0.46291160583496094,
    -0.8666698932647705,
    -0.18600042164325714
   ]
  ]
 },
 {
  "rotation_euler": [
   -1.7744680643081665,
   0.49748775362968445,
   -0.7791504263877869
  ],
  "euler_order": "XYZ",
  "rotation_matrix": [
   [
    0.6252644658088684,
    -0.4746561050415039,
    0.619472324848175
   ],
   [
    -0.6174998879432678,
    0.18448425829410553,
    0.7646302580833435
   ],
   [
    -0.4772193133831024,
    -0.8606202006340027,
    -0.1777486354112625
   ]
  ]
 },
 {
  "rotation_euler": [
   -1.8887733221054077,
   0.21440424025058746,
   0.9206653237342834
  ],
  "euler_order": "XYZ",
  "rotation_matrix": [
   [
    0.5914315581321716,
    0.1265384405851364,
    -0.7963647246360779
   ],
   [
    0.7777786254882812,
    -0.35011351108551025,
    0.5219970345497131
   ],
   [
    -0.21276535093784332,
    -0.9281209707260132,
    -0.3054870665073395
   ]
  ]
 },
 {
  "rotation_euler": [
   1.2020491361618042,
   3.091301918029785,
   -0.0448014996945858
  ],
  "euler_order": "XYZ",
  "rotation_matrix": [
   [
    -0.9977335333824158,
    0.06298652291297913,
    -0.02367462031543255
   ],
   [
    0.04472988843917847,
    0.35798537731170654,
    -0.9326552152633667
   ],
   [
    -0.05026954039931297,
    -0.9316003322601318,
    -0.3599914014339447
   ]
  ]
 },
 {
  "rotation_euler": [
   -1.7097309827804565,
   0.6218128800392151,
   1.9929560422897339
  ],
  "euler_order": "XYZ",
  "rotation_matrix": [
   [
    -0.3330395221710205,
    0.36270245909690857,
    -0.8703629374504089
   ],
   [
    0.7414628863334656,
    -0.46950575709342957,
    -0.47937166690826416
   ],
   [
    -0.5825096964836121,
    -0.8049914836883545,
    -0.11256643384695053
   ]
  ]
 },
 {
  "rotation_euler": [
   -1.8552634716033936,
   0.3085823953151703,
   -0.7431328296661377
  ],
  "euler_order": "XYZ",
  "rotation_matrix": [
   [
    0.7015709280967712,
    -0.4045332968235016,
    0.5866438746452332
   ],
   [
    -0.6446390151977539,
    -0.009424274787306786,
    0.7644290328025818
   ],
   [
    -0.3037082850933075,
    -0.9144747257232666,
    -0.2673897445201874
   ]
  ]
 },
 {
  "rotation_euler": [
   -1.6831419467926025,
   0.627460777759552,
   -0.2851315140724182
  ],
  "euler_order": "XYZ",
  "rotation_matrix": [
   [
    0.7768362164497375,
    -0.5913699865341187,
    0.21634939312934875
   ],
   [
    -0.2277049869298935,
    0.05651509016752243,
    0.9720886945724487
   ],
   [
    -0.5870910882949829,
    -0.8044175505638123,
    -0.090754933655262
   ]
  ]
 },
 {
  "rotation_euler": [
   1.4548845291137695,
   2.5170841217041016,
   -0.024696266278624535
  ],
  "euler_order": "XYZ",
  "rotation_matrix": [
   [
    -0.8110032081604004,
    0.5834539532661438,
    0.0430731363594532
   ],
   [
    0.020032823085784912,
    0.10127563029527664,
    -0.9946566820144653
   ],
   [
    -0.5846986174583435,
    -0.8058068752288818,
    -0.09382309019565582
   ]
  ]
 }
]