[
 {
  "rotation_euler": [
   -0.12344031780958176,
   3.994306325694197e-07,
   -1.9458669424057007
  ],
  "euler_order": "XYZ",
  "rotation_matrix": [
   [
    -0.36633822321891785,
    0.9234016537666321,
    0.1145673468708992
   ],
   [
    -0.9304817318916321,
    -0.36355069279670715,
    -0.04510652273893356
   ],
   [
    -3.994306325694197e-07,
    -0.12312707304954529,
    0.9923909306526184
   ]
  ]
 },
 {
  "rotation_euler": [
   0.0008168351487256587,
   6.08245727562462e-07,
   -0.9057319760322571
  ],
  "euler_order": "XYZ",
  "rotation_matrix": [
   [
    0.6171097755432129,
    0.7868767976760864,
    -0.0006423734012059867
   ],
   [
    -0.7868770956993103,
    0.6171095371246338,
    -0.0005045555299147964
   ],
   [
    -6.08245727562462e-07,
    0.0008168350323103368,
    0.9999996423721313
   ]
  ]
 },
 {
  "rotation_euler": [
   -0.12344029545783997,
   3.172756350977579e-07,
   -2.1563024520874023
  ],
  "euler_order": "XYZ",
  "rotation_matrix": [
   [
    -0.5526212453842163,
    0.827090859413147,
    0.10261791199445724
   ],
   [
    -0.8334324955940247,
    -0.5484163165092468,
    -0.06804288923740387
   ],
   [
    -3.172756350977579e-07,
    -0.1231270506978035,
    0.9923909306526184
   ]
  ]
 },
 {
  "rotation_euler": [
   0.0008174541871994734,
   1.4146225169042737e-07,
   -2.061648368835449
  ],
  "euler_order": "XYZ",
  "rotation_matrix": [
   [
    -0.47137749195098877,
    0.8819312453269958,
    -0.0007210052572190762
   ],
   [
    -0.8819315433502197,
    -0.47137734293937683,
    0.000385204708436504
   ],
   [
    -1.4146225169042737e-07,
    0.0008174540707841516,
    0.9999996423721313
   ]
  ]
 },
 {
  "rotation_euler": [
   -0.12344033271074295,
   -2.0301192193983297e-07,
   -0.23425787687301636
  ],
  "euler_order": "XYZ",
  "rotation_matrix": [
   [
    0.9726868867874146,
    0.23035499453544617,
    0.028580209240317345
   ],
   [
    -0.23212119936943054,
    0.96528559923172,
    0.11976414173841476
   ],
   [
    2.0301192193983297e-07,
    -0.12312708050012589,
    0.9923909306526184
   ]
  ]
 },
 {
  "rotation_euler": [
   0.0008172725792974234,
   3.762631095582947e-09,
   -0.07876399159431458
  ],
  "euler_order": "XYZ",
  "rotation_matrix": [
   [
    0.9968997240066528,
    0.0786825492978096,
    -6.430135545087978e-05
   ],
   [
    -0.07868257910013199,
    0.9968993663787842,
    -0.0008147390326485038
   ],
   [
    -3.762631095582947e-09,
    0.0008172724628821015,
    0.9999996423721313
   ]
  ]
 },
 {
  "rotation_euler": [
   0.000816873915027827,
   5.277664740788168e-07,
   -0.3974834084510803
  ],
  "euler_order": "XYZ",
  "rotation_matrix": [
   [
    0.9220380783081055,
    0.3870990574359894,
    -0.0003157245519105345
   ],
   [
    -0.38709917664527893,
    0.9220377802848816,
    -0.0007533930474892259
   ],
   [
    -5.277664740788168e-07,
    0.0008168737986125052,
    0.9999996423721313
   ]
  ]
 },
 {
  "rotation_euler": [
   -0.12344038486480713,
   1.693153564019667e-07,
   1.9323949813842773
  ],
  "euler_order": "XYZ",
  "rotation_matrix": [
   [
    -0.3537699580192566,
    -0.9282154440879822,
    -0.1151648685336113
   ],
   [
    0.9353324770927429,
    -0.3510781228542328,
    -0.043558523058891296
   ],
   [
    -1.693153564019667e-07,
    -0.12312713265419006,
    0.9923909306526184
   ]
  ]
 },
 {
  "rotation_euler": [
   0.0008172377129085362,
   7.577250471513253e-08,
   0.4008006751537323
  ],
  "euler_order": "XYZ",
  "rotation_matrix": [
   [
    0.9207488894462585,
    -0.390155553817749,
    0.00031891968683339655
   ],
   [
    0.39015570282936096,
    0.9207485914230347,
    -0.0007524410611949861
   ],
   [
    -7.577250471513253e-08,
    0.0008172375964932144,
    0.9999996423721313
   ]
  ]
 },
 {
  "rotation_euler": [
   0.0008169314824044704,
   6.144488793324854e-07,
   1.4074712991714478
  ],
  "euler_order": "XYZ",
  "rotation_matrix": [
   [
    0.16259987652301788,
    -0.9866917729377747,
    0.0008061596308834851
   ],
   [
    0.9866920709609985,
    0.1625998169183731,
    -0.00013222667621448636
   ],
   [
    -6.144488793324854e-07,
    0.0008169313659891486,
    0.9999996423721313
   ]
  ]
 },
 {
  "rotation_euler": [
   0.0008169754291884601,
   -4.033581149087695e-07,
   2.693826675415039
  ],
  "euler_order": "XYZ",
  "rotation_matrix": [
   [
    -0.9014165997505188,
    -0.4329526722431183,
    0.00035407536779530346
   ],
   [
    0.4329528212547302,
    -0.9014163017272949,
    0.0007362604956142604
   ],
   [
    4.033581149087695e-07,
    0.0008169753127731383,
    0.9999996423721313
   ]
  ]
 },
 {
  "rotation_euler": [
   0.0008116894168779254,
   -7.517043059124262e-07,
   -2.3810830116271973
  ],
  "euler_order": "XYZ",
  "rotation_matrix": [
   [
    -0.7244848012924194,
    0.6892905235290527,
    -0.0005589453503489494
   ],
   [
    -0.6892907619476318,
    -0.7244845628738403,
    0.0005885747377760708
   ],
   [
    7.517043059124262e-07,
    0.0008116893004626036,
    0.9999996423721313
   ]
  ]
 },
 {
  "rotation_euler": [
   -0.12344027310609818,
   -2.48201359909217e-07,
   -2.9945342540740967
  ],
  "euler_order": "XYZ",
  "rotation_matrix": [
   [
    -0.9892063736915588,
    0.14541393518447876,
    0.018041914328932762
   ],
   [
    -0.1465289145708084,
    -0.9816794395446777,
    -0.12179800122976303
   ],
   [
    2.48201359909217e-07,
    -0.1231270283460617,
    0.9923909306526184
   ]
  ]
 },
 {
  "rotation_euler": [
   0.0008168271160684526,
   6.848500788692036e-07,
   2.9993491172790527
  ],
  "euler_order": "XYZ",
  "rotation_matrix": [
   [
    -0.9899004101753235,
    -0.141764298081398,
    0.00011511901539051905
   ],
   [
    0.1417643427848816,
    -0.9899001121520996,
    0.0008086744928732514
   ],
   [
    -6.848500788692036e-07,
    0.0008168269996531308,
    0.9999996423721313
   ]
  ]
 },
 {
  "rotation_euler": [
   -0.12343902885913849,
   1.3723644087804132e-06,
   -0.438744455575943
  ],
  "euler_order": "XYZ",
  "rotation_matrix": [
   [
    0.9052857160568237,
    0.42157071828842163,
    0.05230545997619629
   ],
   [
    -0.4248031675815582,
    0.8983975648880005,
    0.11146344244480133
   ],
   [
    -1.3723644087804132e-06,
    -0.12312579154968262,
    0.992391049861908
   ]
  ]
 },
 {
  "rotation_euler": [
   0.000816976185888052,
   -6.087469159865577e-07,
   -2.438939094543457
  ],
  "euler_order": "XYZ",
  "rotation_matrix": [
   [
    -0.7631300091743469,
    0.6462447643280029,
    -0.0005275021540001035
   ],
   [
    -0.6462449431419373,
    -0.7631297707557678,
    0.0006238523637875915
   ],
   [
    6.087469159865577e-07,
    0.0008169760694727302,
    0.9999996423721313
   ]
  ]
 }
]