[
 {
  "rotation_euler": [
   -0.0731767788529396,
   1.6660081148147583,
   -1.3147796392440796
  ],
  "euler_order": "XYZ",
  "rotation_matrix": [
   [
    -0.02407398261129856,
    0.9463872313499451,
    0.3221360445022583
   ],
   [
    0.09196938574314117,
    0.3229595720767975,
    -0.9419335126876831
   ],
   [
    -0.9954707622528076,
    0.006950562819838524,
    -0.09481357783079147
   ]
  ]
 },
 {
  "rotation_euler": [
   1.4465278387069702,
   -0.00472723413258791,
   0.30539777874946594
  ],
  "euler_order": "XYZ",
  "rotation_matrix": [
   [
    0.9537167549133301,
    -0.041741743683815,
    0.2977951467037201
   ],
   [
    0.30066922307014465,
    0.11680307984352112,
    -0.9465490579605103
   ],
   [
    0.004727216437458992,
    0.9922775030136108,
    0.12394750863313675
   ]
  ]
 },
 {
  "rotation_euler": [
   1.4464070796966553,
   -0.007010892499238253,
   -0.6884986162185669
  ],
  "euler_order": "XYZ",
  "rotation_matrix": [
   [
    0.7721818685531616,
    0.07345865666866302,
    -0.6311410665512085
   ],
   [
    -0.6353629231452942,
    0.10022608935832977,
    -0.7656818628311157
   ],
   [
    0.007010835222899914,
    0.9922492504119873,
    0.12406567484140396
   ]
  ]
 },
 {
  "rotation_euler": [
   2.7403217245591804e-05,
   -3.106520580331562e-06,
   1.426749587059021
  ],
  "euler_order": "XYZ",
  "rotation_matrix": [
   [
    0.1435491144657135,
    -0.9896432161331177,
    2.6673469619709067e-05
   ],
   [
    0.9896432161331177,
    0.1435491144657135,
    -7.008054126345087e-06
   ],
   [
    3.106520580331562e-06,
    2.7403217245591804e-05,
    1.0
   ]
  ]
 },
 {
  "rotation_euler": [
   0.07307115942239761,
   -1.6660130023956299,
   0.6607918739318848
  ],
  "euler_order": "XYZ",
  "rotation_matrix": [
   [
    -0.0750606432557106,
    -0.6694821715354919,
    -0.7390260100364685
   ],
   [
    -0.05835023149847984,
    0.7427956461906433,
    -0.6669706702232361
   ],
   [
    0.9954703450202942,
    -0.006940904073417187,
    -0.09481916576623917
   ]
  ]
 },
 {
  "rotation_euler": [
   1.4172015653457493e-05,
   2.2826961867394857e-05,
   -0.39069995284080505
  ],
  "euler_order": "XYZ",
  "rotation_matrix": [
   [
    0.9246427416801453,
    0.38083571195602417,
    1.570957465446554e-05
   ],
   [
    -0.38083571195602417,
    0.9246427416801453,
    -2.1797373847221024e-05
   ],
   [
    -2.2826961867394857e-05,
    1.4172015653457493e-05,
    1.0
   ]
  ]
 },
 {
  "rotation_euler": [
   -6.145643965282943e-06,
   -1.3225658221927006e-05,
   2.735049247741699
  ],
  "euler_order": "XYZ",
  "rotation_matrix": [
   [
    -0.9184931516647339,
    -0.3954368531703949,
    9.717462489788886e-06
   ],
   [
    0.3954368531703949,
    -0.9184931516647339,
    -1.0874644431169145e-05
   ],
   [
    1.3225658221927006e-05,
    -6.145643965282943e-06,
    1.0
   ]
  ]
 },
 {
  "rotation_euler": [
   0.07307295501232147,
   -1.6660140752792358,
   -2.073117971420288
  ],
  "euler_order": "XYZ",
  "rotation_matrix": [
   [
    0.04577445611357689,
    0.9091194868087769,
    0.4140126705169678
   ],
   [
    0.08332917839288712,
    -0.41647762060165405,
    0.905319094657898
   ],
   [
    0.9954702258110046,
    -0.006941152270883322,
    -0.09482021629810333
   ]
  ]
 },
 {
  "rotation_euler": [
   0.07309719175100327,
   -1.666012167930603,
   -0.13229861855506897
  ],
  "euler_order": "XYZ",
  "rotation_matrix": [
   [
    -0.09424122422933578,
    0.05949476733803749,
    -0.9937700629234314
   ],
   [
    0.012541239149868488,
    0.9982044696807861,
    0.05857093259692192
   ],
   [
    0.995470404624939,
    -0.006943311542272568,
    -0.09481815248727798
   ]
  ]
 },
 {
  "rotation_euler": [
   5.543617135117529e-06,
   -1.0296959771949332e-05,
   -2.873870849609375
  ],
  "euler_order": "XYZ",
  "rotation_matrix": [
   [
    -0.9643760323524475,
    0.2645350992679596,
    8.46366037876578e-06
   ],
   [
    -0.2645350992679596,
    -0.9643760323524475,
    8.070039257290773e-06
   ],
   [
    1.0296959771949332e-05,
    5.543617135117529e-06,
    1.0
   ]
  ]
 },
 {
  "rotation_euler": [
   0.0015415122034028172,
   0.0006654147291556001,
   -3.0062010288238525
  ],
  "euler_order": "XYZ",
  "rotation_matrix": [
   [
    -0.9908483028411865,
    0.13497719168663025,
    -0.0008673950796946883
   ],
   [
    -0.13497833907604218,
    -0.9908475279808044,
    0.0014375880127772689
   ],
   [
    -0.0006654146709479392,
    0.0015415112720802426,
    0.9999985694885254
   ]
  ]
 },
 {
  "rotation_euler": [
   0.07279752194881439,
   -1.6659685373306274,
   -2.5544421672821045
  ],
  "euler_order": "XYZ",
  "rotation_matrix": [
   [
    0.07911346107721329,
    0.612801730632782,
    0.786266565322876
   ],
   [
    0.052644990384578705,
    -0.7902064323425293,
    0.6105753779411316
   ],
   [
    0.9954745173454285,
    -0.006911738310009241,
    -0.09477691352367401
   ]
  ]
 },
 {
  "rotation_euler": [
   0.07320153713226318,
   -1.6660159826278687,
   2.7984423637390137
  ],
  "euler_order": "XYZ",
  "rotation_matrix": [
   [
    0.08953285217285156,
    -0.26699402928352356,
    0.9595301151275635
   ],
   [
    -0.031988777220249176,
    -0.9636731147766113,
    -0.26516199111938477
   ],
   [
    0.9954700469970703,
    -0.006953482981771231,
    -0.09482121467590332
   ]
  ]
 },
 {
  "rotation_euler": [
   0.07307541370391846,
   -1.6660079956054688,
   1.249821424484253
  ],
  "euler_order": "XYZ",
  "rotation_matrix": [
   [
    -0.02999313920736313,
    -0.9693256616592407,
    -0.24394309520721436
   ],
   [
    -0.09021259844303131,
    0.2456820011138916,
    -0.9651435613632202
   ],
   [
    0.9954708218574524,
    -0.006940943188965321,
    -0.09481415897607803
   ]
  ]
 },
 {
  "rotation_euler": [
   0.10604433715343475,
   -1.666870355606079,
   -1.4195884466171265
  ],
  "euler_order": "XYZ",
  "rotation_matrix": [
   [
    -0.01444960292428732,
    0.9671662449836731,
    -0.25373339653015137
   ],
   [
    0.09483176469802856,
    0.2539416253566742,
    0.9625594019889832
   ],
   [
    0.9953884482383728,
    -0.010153385810554028,
    -0.09538743644952774
   ]
  ]
 },
 {
  "rotation_euler": [
   1.447893738746643,
   -0.031034894287586212,
   -2.7822561264038086
  ],
  "euler_order": "XYZ",
  "rotation_matrix": [
   [
    -0.93567955493927,
    0.07193929702043533,
    -0.3454395830631256
   ],
   [
    -0.35148388147354126,
    -0.10393395274877548,
    0.9304068088531494
   ],
   [
    0.03102991171181202,
    0.9919790625572205,
    0.12253437936306
   ]
  ]
 }
]