[
 {
  "rotation_euler": [
   1.5716239213943481,
   -0.8063576221466064,
   0.9423474073410034
  ],
  "euler_order": "XYZ",
  "rotation_matrix": [
   [
    0.40689799189567566,
    -0.4236528277397156,
    0.8092912435531616
   ],
   [
    0.5598934888839722,
    -0.5843560099601746,
    -0.5874073505401611
   ],
   [
    0.7217709422111511,
    0.692131757736206,
    -0.0005728046526201069
   ]
  ]
 },
 {
  "rotation_euler": [
   1.5707958936691284,
   -0.7656583786010742,
   1.021003246307373
  ],
  "euler_order": "XYZ",
  "rotation_matrix": [
   [
    0.3766917586326599,
    -0.3621065318584442,
    0.8526325225830078
   ],
   [
    0.6146852374076843,
    -0.590884268283844,
    -0.5225110650062561
   ],
   [
    0.6930118203163147,
    0.7209262251853943,
    3.122517284737114e-07
   ]
  ]
 },
 {
  "rotation_euler": [
   -1.5708187818527222,
   2.529273271560669,
   -0.46835610270500183
  ],
  "euler_order": "XYZ",
  "rotation_matrix": [
   [
    -0.7301938533782959,
    -0.5128813982009888,
    0.4514085054397583
   ],
   [
    0.36940473318099976,
    0.2594412863254547,
    0.8923174142837524
   ],
   [
    -0.574766993522644,
    0.8183171153068542,
    1.83753581950441e-05
   ]
  ]
 },
 {
  "rotation_euler": [
   -1.5801634788513184,
   0.9597402215003967,
   0.24630951881408691
  ],
  "euler_order": "XYZ",
  "rotation_matrix": [
   [
    0.5564168691635132,
    -0.7920041680335999,
    -0.2512562572956085
   ],
   [
    0.13989126682281494,
    -0.20877985656261444,
    0.9679057002067566
   ],
   [
    -0.8190425634384155,
    -0.5737075805664062,
    -0.005374163389205933
   ]
  ]
 },
 {
  "rotation_euler": [
   1.5699412822723389,
   2.1246795654296875,
   -0.4356181025505066
  ],
  "euler_order": "XYZ",
  "rotation_matrix": [
   [
    -0.47687095403671265,
    0.7714212536811829,
    -0.4213114082813263
   ],
   [
    0.2219540774822235,
    -0.35810598731040955,
    -0.9069159030914307
   ],
   [
    -0.8504883646965027,
    -0.5259936451911926,
    -0.0004497480986174196
   ]
  ]
 },
 {
  "rotation_euler": [
   -1.5777020454406738,
   -0.45778194069862366,
   -2.037095546722412
  ],
  "euler_order": "XYZ",
  "rotation_matrix": [
   [
    -0.40329229831695557,
    -0.20486146211624146,
    0.8918447494506836
   ],
   [
    -0.8012659549713135,
    -0.39166104793548584,
    -0.4522991478443146
   ],
   [
    0.44195953011512756,
    -0.8970136046409607,
    -0.006194622255861759
   ]
  ]
 },
 {
  "rotation_euler": [
   1.570451021194458,
   0.4704734981060028,
   1.0945106744766235
  ],
  "euler_order": "XYZ",
  "rotation_matrix": [
   [
    0.408669114112854,
    0.2075265794992447,
    0.8887757062911987
   ],
   [
    0.7921496629714966,
    0.40301528573036194,
    -0.4583422541618347
   ],
   [
    -0.4533084034919739,
    0.8913536667823792,
    0.0003077894216403365
   ]
  ]
 },
 {
  "rotation_euler": [
   1.570794939994812,
   -1.2485660314559937,
   1.1911611557006836
  ],
  "euler_order": "XYZ",
  "rotation_matrix": [
   [
    0.11735685169696808,
    -0.35150963068008423,
    0.9287993907928467
   ],
   [
    0.2941350042819977,
    -0.8809954524040222,
    -0.37058284878730774
   ],
   [
    0.9485315084457397,
    0.3166828453540802,
    4.391758068322815e-07
   ]
  ]
 },
 {
  "rotation_euler": [
   1.5931795835494995,
   1.104597806930542,
   0.9606263637542725
  ],
  "euler_order": "XYZ",
  "rotation_matrix": [
   [
    0.2575629651546478,
    0.5300719141960144,
    0.8078892827033997
   ],
   [
    0.36838287115097046,
    0.7190829515457153,
    -0.5892484188079834
   ],
   [
    -0.893283486366272,
    0.44938114285469055,
    -0.010060293599963188
   ]
  ]
 },
 {
  "rotation_euler": [
   1.5898488759994507,
   -0.2897266745567322,
   -0.17261293530464172
  ],
  "euler_order": "XYZ",
  "rotation_matrix": [
   [
    0.9440807104110718,
    -0.28466588258743286,
    -0.16636395454406738
   ],
   [
    -0.16459855437278748,
    0.03029213473200798,
    -0.9858953952789307
   ],
   [
    0.2856903076171875,
    0.9581480622291565,
    -0.018257372081279755
   ]
  ]
 },
 {
  "rotation_euler": [
   1.5698518753051758,
   -1.879210352897644,
   -0.08558196574449539
  ],
  "euler_order": "XYZ",
  "rotation_matrix": [
   [
    -0.3024369180202484,
    -0.9492478370666504,
    -0.08637408912181854
   ],
   [
    0.025946523994207382,
    0.0823853388428688,
    -0.9962627291679382
   ],
   [
    0.9528161883354187,
    -0.303547739982605,
    -0.00028668620507232845
   ]
  ]
 },
 {
  "rotation_euler": [
   1.5710474252700806,
   -1.4339864253997803,
   0.003971580881625414
  ],
  "euler_order": "XYZ",
  "rotation_matrix": [
   [
    0.13638244569301605,
    -0.9906472563743591,
    0.004220320377498865
   ],
   [
    0.000541656743735075,
    -0.004185556899756193,
    -0.9999911189079285
   ],
   [
    0.9906561374664307,
    0.136383518576622,
    -3.4245695132995024e-05
   ]
  ]
 },
 {
  "rotation_euler": [
   -1.6317905187606812,
   0.004895573481917381,
   -3.048845052719116
  ],
  "euler_order": "XYZ",
  "rotation_matrix": [
   [
    -0.995690107345581,
    -0.0007800075691193342,
    0.09273959696292877
   ],
   [
    -0.0926135778427124,
    0.061146948486566544,
    -0.9938228130340576
   ],
   [
    -0.004895553924143314,
    -0.9981284737586975,
    -0.06095564737915993
   ]
  ]
 },
 {
  "rotation_euler": [
   -1.5807260274887085,
   0.7596921920776367,
   -1.9150928258895874
  ],
  "euler_order": "XYZ",
  "rotation_matrix": [
   [
    -0.24472875893115997,
    0.2231011986732483,
    0.9435749650001526
   ],
   [
    -0.6824972629547119,
    0.6516003608703613,
    -0.33108076453208923
   ],
   [
    -0.6886982917785645,
    -0.7250123023986816,
    -0.007199391722679138
   ]
  ]
 },
 {
  "rotation_euler": [
   -1.5798954963684082,
   -0.6697722673416138,
   0.3233811855316162
  ],
  "euler_order": "XYZ",
  "rotation_matrix": [
   [
    0.7433274388313293,
    0.5914958715438843,
    -0.31240516901016235
   ],
   [
    0.24912330508232117,
    0.18864108622074127,
    0.9499221444129944
   ],
   [
    0.6208074688911438,
    -0.7839305996894836,
    -0.00713331438601017
   ]
  ]
 },
 {
  "rotation_euler": [
   1.570786476135254,
   -0.23029670119285583,
   1.1883920431137085
  ],
  "euler_order": "XYZ",
  "rotation_matrix": [
   [
    0.36330047249794006,
    -0.08518724143505096,
    0.9277693033218384
   ],
   [
    0.9032758474349976,
    -0.21177507936954498,
    -0.37315425276756287
   ],
   [
    0.2282664030790329,
    0.9735987186431885,
    9.590589797880966e-06
   ]
  ]
 }
]