[
 {
  "rotation_euler": [
   1.5733786821365356,
   0.007061293814331293,
   -0.47041118144989014
  ],
  "euler_order": "XYZ",
  "rotation_matrix": [
   [
    0.8913597464561462,
    0.005123778246343136,
    -0.45326757431030273
   ],
   [
    -0.4532415568828583,
    -0.005502376705408096,
    -0.8913707733154297
   ],
   [
    -0.007061235141009092,
    0.9999717473983765,
    -0.0025822881143540144
   ]
  ]
 },
 {
  "rotation_euler": [
   1.5733802318572998,
   0.007054775487631559,
   -1.9477871656417847
  ],
  "euler_order": "XYZ",
  "rotation_matrix": [
   [
    -0.3681151270866394,
    -0.004999455995857716,
    -0.9297667741775513
   ],
   [
    -0.9297534227371216,
    -0.005608091596513987,
    0.36814001202583313
   ],
   [
    -0.007054716814309359,
    0.9999717473983765,
    -0.0025838378351181746
   ]
  ]
 },
 {
  "rotation_euler": [
   -1.5682120323181152,
   -0.007059376686811447,
   -1.5029664039611816
  ],
  "euler_order": "XYZ",
  "rotation_matrix": [
   [
    0.06777623295783997,
    0.0030568132642656565,
    0.9976958632469177
   ],
   [
    -0.9976755976676941,
    -0.006867903284728527,
    0.06779589504003525
   ],
   [
    0.007059318013489246,
    -0.9999717473983765,
    0.002584227127954364
   ]
  ]
 },
 {
  "rotation_euler": [
   1.5733790397644043,
   0.007061867043375969,
   -0.8972918391227722
  ],
  "euler_order": "XYZ",
  "rotation_matrix": [
   [
    0.623713493347168,
    0.0023858891800045967,
    -0.7816494107246399
   ],
   [
    -0.7816211581230164,
    -0.007130688987672329,
    -0.6237127184867859
   ],
   [
    -0.007061808370053768,
    0.9999717473983765,
    -0.0025826457422226667
   ]
  ]
 },
 {
  "rotation_euler": [
   -1.5682138204574585,
   -0.007052137982100248,
   0.9048305153846741
  ],
  "euler_order": "XYZ",
  "rotation_matrix": [
   [
    0.6178035140037537,
    0.002326217945665121,
    -0.7863290905952454
   ],
   [
    0.7863008975982666,
    0.007140695117413998,
    0.6178025007247925
   ],
   [
    0.0070520793087780476,
    -0.9999718070030212,
    0.0025824392214417458
   ]
  ]
 },
 {
  "rotation_euler": [
   1.5733789205551147,
   0.007064369972795248,
   -1.932371973991394
  ],
  "euler_order": "XYZ",
  "rotation_matrix": [
   [
    -0.3537396192550659,
    -0.004914582706987858,
    -0.9353310465812683
   ],
   [
    -0.9353172779083252,
    -0.0056939274072647095,
    0.3537643253803253
   ],
   [
    -0.007064311299473047,
    0.9999716877937317,
    -0.002582526532933116
   ]
  ]
 },
 {
  "rotation_euler": [
   1.573378562927246,
   0.007061254233121872,
   -0.7628905773162842
  ],
  "euler_order": "XYZ",
  "rotation_matrix": [
   [
    0.7228235602378845,
    0.0033197503071278334,
    -0.691024661064148
   ],
   [
    -0.690996527671814,
    -0.006745912600308657,
    -0.7228266000747681
   ],
   [
    -0.007061195559799671,
    0.9999717473983765,
    -0.0025821689050644636
   ]
  ]
 },
 {
  "rotation_euler": [
   -1.5682121515274048,
   -0.007058371789753437,
   -2.0347323417663574
  ],
  "euler_order": "XYZ",
  "rotation_matrix": [
   [
    -0.4474603831768036,
    -0.0008473630296066403,
    0.8943033218383789
   ],
   [
    -0.8942759037017822,
    -0.007468559313565493,
    -0.44745373725891113
   ],
   [
    0.007058313116431236,
    -0.9999717473983765,
    0.002584107918664813
   ]
  ]
 },
 {
  "rotation_euler": [
   -1.5682114362716675,
   -0.007058368064463139,
   1.1673892736434937
  ],
  "euler_order": "XYZ",
  "rotation_matrix": [
   [
    0.39254438877105713,
    0.00039336379268206656,
    -0.9197329878807068
   ],
   [
    0.9197059869766235,
    0.007506418041884899,
    0.39253607392311096
   ],
   [
    0.007058309391140938,
    -0.9999717473983765,
    0.0025848231744021177
   ]
  ]
 },
 {
  "rotation_euler": [
   -1.568184494972229,
   -0.007098897360265255,
   1.8725091218948364
  ],
  "euler_order": "XYZ",
  "rotation_matrix": [
   [
    -0.29714858531951904,
    -0.0046033053658902645,
    -0.9548201560974121
   ],
   [
    0.9548048377037048,
    0.006002031732350588,
    -0.29717275500297546
   ],
   [
    0.00709883775562048,
    -0.9999713897705078,
    0.0026117630768567324
   ]
  ]
 },
 {
  "rotation_euler": [
   1.573378562927246,
   0.007061325013637543,
   -0.46913227438926697
  ],
  "euler_order": "XYZ",
  "rotation_matrix": [
   [
    0.8919386863708496,
    0.0051308926194906235,
    -0.45212724804878235
   ],
   [
    -0.4521012008190155,
    -0.005495727062225342,
    -0.8919497132301331
   ],
   [
    -0.007061266340315342,
    0.9999717473983765,
    -0.0025821689050644636
   ]
  ]
 },
 {
  "rotation_euler": [
   1.5733786821365356,
   0.007061376702040434,
   -2.3791587352752686
  ],
  "euler_order": "XYZ",
  "rotation_matrix": [
   [
    -0.7231390476226807,
    -0.006890013813972473,
    -0.6906681060791016
   ],
   [
    -0.6906663775444031,
    -0.003009673673659563,
    0.7231672406196594
   ],
   [
    -0.007061318028718233,
    0.9999717473983765,
    -0.0025822881143540144
   ]
  ]
 },
 {
  "rotation_euler": [
   -1.5682114362716675,
   -0.007058234885334969,
   -2.705636739730835
  ],
  "euler_order": "XYZ",
  "rotation_matrix": [
   [
    -0.9064441919326782,
    -0.005306442268192768,
    0.42229223251342773
   ],
   [
    -0.42226657271385193,
    -0.0053236111998558044,
    -0.9064560532569885
   ],
   [
    0.007058176212012768,
    -0.9999717473983765,
    0.0025848231744021177
   ]
  ]
 },
 {
  "rotation_euler": [
   1.5733788013458252,
   0.007060047704726458,
   1.7506191730499268
  ],
  "euler_order": "XYZ",
  "rotation_matrix": [
   [
    -0.17885081470012665,
    0.0012781182304024696,
    0.9838753938674927
   ],
   [
    0.98385089635849,
    0.007408014964312315,
    0.17883674800395966
   ],
   [
    -0.007059989031404257,
    0.9999717473983765,
    -0.002582407323643565
   ]
  ]
 },
 {
  "rotation_euler": [
   1.5733802318572998,
   0.0070546576753258705,
   2.646486759185791
  ],
  "euler_order": "XYZ",
  "rotation_matrix": [
   [
    -0.8798965215682983,
    -0.004979774821549654,
    0.4751392900943756
   ],
   [
    0.47511300444602966,
    0.005625427234917879,
    0.8799068331718445
   ],
   [
    -0.00705459900200367,
    0.9999718070030212,
    -0.0025838378351181746
   ]
  ]
 },
 {
  "rotation_euler": [
   1.5733801126480103,
   0.007054470479488373,
   0.22464142739772797
  ],
  "euler_order": "XYZ",
  "rotation_matrix": [
   [
    0.9748497605323792,
    0.00745269563049078,
    0.22273829579353333
   ],
   [
    0.22275127470493317,
    -0.0009474498801864684,
    -0.9748748540878296
   ],
   [
    -0.007054411806166172,
    0.9999718070030212,
    -0.0025837186258286238
   ]
  ]
 }
]