[
 {
  "rotation_euler": [
   -1.5664161443710327,
   2.607630729675293,
   0.4643968641757965
  ],
  "euler_order": "XYZ",
  "rotation_matrix": [
   [
    -0.7696319818496704,
    -0.45700347423553467,
    -0.44588613510131836
   ],
   [
    -0.3855370581150055,
    -0.22403089702129364,
    0.8950817584991455
   ],
   [
    -0.5089477300643921,
    0.8607891798019409,
    -0.0037704375572502613
   ]
  ]
 },
 {
  "rotation_euler": [
   1.575179934501648,
   0.5338398814201355,
   0.35253655910491943
  ],
  "euler_order": "XYZ",
  "rotation_matrix": [
   [
    0.8079165816307068,
    0.47905778884887695,
    0.343182772397995
   ],
   [
    0.2972371280193329,
    0.17157724499702454,
    -0.9392610788345337
   ],
   [
    -0.5088427066802979,
    0.8608512282371521,
    -0.0037736583035439253
   ]
  ]
 },
 {
  "rotation_euler": [
   1.5751804113388062,
   -0.5236092209815979,
   -2.2704317569732666
  ],
  "euler_order": "XYZ",
  "rotation_matrix": [
   [
    -0.5576639771461487,
    0.31861796975135803,
    -0.7664812207221985
   ],
   [
    -0.6625721454620361,
    0.385364830493927,
    0.6422554850578308
   ],
   [
    0.5000090599060059,
    0.8660118579864502,
    -0.0037966936361044645
   ]
  ]
 },
 {
  "rotation_euler": [
   1.5752074718475342,
   0.542841374874115,
   0.6645776629447937
  ],
  "euler_order": "XYZ",
  "rotation_matrix": [
   [
    0.6740161776542664,
    0.4093494713306427,
    0.6149269938468933
   ],
   [
    0.5280687808990479,
    0.31510770320892334,
    -0.7885749936103821
   ],
   [
    -0.5165709853172302,
    0.8562360405921936,
    -0.0037770059425383806
   ]
  ]
 },
 {
  "rotation_euler": [
   1.5751960277557373,
   -2.617918014526367,
   0.31339219212532043
  ],
  "euler_order": "XYZ",
  "rotation_matrix": [
   [
    -0.8238080739974976,
    -0.47434815764427185,
    0.3103773593902588
   ],
   [
    -0.26697298884391785,
    -0.15834784507751465,
    -0.9506058096885681
   ],
   [
    0.5000656843185425,
    -0.8659790754318237,
    0.0038100737147033215
   ]
  ]
 },
 {
  "rotation_euler": [
   -1.566417932510376,
   2.607593536376953,
   -0.04055805876851082
  ],
  "euler_order": "XYZ",
  "rotation_matrix": [
   [
    -0.8600705862045288,
    -0.508378803730011,
    0.04277322441339493
   ],
   [
    0.0349019356071949,
    0.025012154132127762,
    0.9990776777267456
   ],
   [
    -0.5089797377586365,
    0.8607702255249023,
    -0.0037688156589865685
   ]
  ]
 },
 {
  "rotation_euler": [
   1.5751843452453613,
   -2.61808705329895,
   -0.40614569187164307
  ],
  "euler_order": "XYZ",
  "rotation_matrix": [
   [
    -0.7956173419952393,
    -0.46098020672798157,
    -0.39305251836776733
   ],
   [
    0.3421603739261627,
    0.19347092509269714,
    -0.919508159160614
   ],
   [
    0.4999192953109741,
    -0.86606365442276,
    0.003800327656790614
   ]
  ]
 },
 {
  "rotation_euler": [
   -1.566394567489624,
   -0.5239536166191101,
   -1.653732419013977
  ],
  "euler_order": "XYZ",
  "rotation_matrix": [
   [
    -0.07172775268554688,
    -0.037058960646390915,
    0.9967355728149414
   ],
   [
    -0.8628718256950378,
    -0.498947411775589,
    -0.0806455910205841
   ],
   [
    0.5003072619438171,
    -0.8658395409584045,
    0.003811241826042533
   ]
  ]
 },
 {
  "rotation_euler": [
   1.5751750469207764,
   0.5339691638946533,
   2.1784729957580566
  ],
  "euler_order": "XYZ",
  "rotation_matrix": [
   [
    -0.49148017168045044,
    -0.2869955599308014,
    0.8222413063049316
   ],
   [
    0.7066916823387146,
    0.42033544182777405,
    0.569126546382904
   ],
   [
    -0.5089539885520935,
    0.8607854843139648,
    -0.0037691628094762564
   ]
  ]
 },
 {
  "rotation_euler": [
   -1.5664079189300537,
   0.5238094329833984,
   2.3583014011383057
  ],
  "euler_order": "XYZ",
  "rotation_matrix": [
   [
    -0.6135866641998291,
    0.3513268530368805,
    -0.7071639895439148
   ],
   [
    0.6110065579414368,
    -0.35604262351989746,
    -0.7070393562316895
   ],
   [
    -0.5001824498176575,
    -0.8659117221832275,
    0.003799998201429844
   ]
  ]
 },
 {
  "rotation_euler": [
   -0.1450050175189972,
   -1.570719838142395,
   1.602352499961853
  ],
  "euler_order": "XYZ",
  "rotation_matrix": [
   [
    -2.4132884846039815e-06,
    -0.9935715794563293,
    -0.11320564150810242
   ],
   [
    7.645057485206053e-05,
    0.11320564150810242,
    -0.9935715794563293
   ],
   [
    1.0,
    -1.1052410627598874e-05,
    7.568591536255553e-05
   ]
  ]
 },
 {
  "rotation_euler": [
   -1.5664068460464478,
   -0.5235666036605835,
   -1.9305304288864136
  ],
  "euler_order": "XYZ",
  "rotation_matrix": [
   [
    -0.30486857891082764,
    -0.1718926876783371,
    0.9367539882659912
   ],
   [
    -0.8106065988540649,
    -0.4695098400115967,
    -0.3499678373336792
   ],
   [
    0.4999721348285675,
    -0.866033136844635,
    0.0038014601450413465
   ]
  ]
 },
 {
  "rotation_euler": [
   -1.566418170928955,
   1.5407435894012451,
   -1.3164942264556885
  ],
  "euler_order": "XYZ",
  "rotation_matrix": [
   [
    0.0075592296198010445,
    -0.24721667170524597,
    0.968930721282959
   ],
   [
    -0.029081836342811584,
    0.9684942364692688,
    0.24733218550682068
   ],
   [
    -0.9995484352111816,
    -0.03004792518913746,
    0.00013155533815734088
   ]
  ]
 },
 {
  "rotation_euler": [
   -1.5663899183273315,
   1.540694236755371,
   1.2602977752685547
  ],
  "euler_order": "XYZ",
  "rotation_matrix": [
   [
    0.009195804595947266,
    -0.309587687253952,
    -0.9508264064788818
   ],
   [
    0.028658321127295494,
    -0.9503944516181946,
    0.30972421169281006
   ],
   [
    -0.9995469450950623,
    -0.030097251757979393,
    0.0001326216442976147
   ]
  ]
 },
 {
  "rotation_euler": [
   1.576158881187439,
   0.6149269342422485,
   0.6444748044013977
  ],
  "euler_order": "XYZ",
  "rotation_matrix": [
   [
    0.6529749631881714,
    0.4643968939781189,
    0.5982969403266907
   ],
   [
    0.49072539806365967,
    0.34229665994644165,
    -0.8012624979019165
   ],
   [
    -0.5768988132476807,
    0.8168038725852966,
    -0.004380197264254093
   ]
  ]
 },
 {
  "rotation_euler": [
   -1.5663999319076538,
   0.5235493779182434,
   -1.2752164602279663
  ],
  "euler_order": "XYZ",
  "rotation_matrix": [
   [
    0.2522757351398468,
    -0.14142771065235138,
    0.9572644233703613
   ],
   [
    -0.8284924626350403,
    0.4795517921447754,
    0.2891891300678253
   ],
   [
    -0.49995723366737366,
    -0.8660417199134827,
    0.0038074860349297523
   ]
  ]
 }
]