[
 {
  "rotation_euler": [
   3.0389451239898335e-06,
   0.00014305174408946186,
   -3.0648276805877686
  ],
  "euler_order": "XYZ",
  "rotation_matrix": [
   [
    -0.9970549941062927,
    0.07668960094451904,
    -0.00014286351506598294
   ],
   [
    -0.07668960094451904,
    -0.9970549941062927,
    -7.940585419419222e-06
   ],
   [
    -0.00014305174408946186,
    3.0389451239898335e-06,
    1.0
   ]
  ]
 },
 {
  "rotation_euler": [
   -5.0350728997727856e-05,
   -0.00016697686805855483,
   0.4991854727268219
  ],
  "euler_order": "XYZ",
  "rotation_matrix": [
   [
    0.8779727816581726,
    -0.4787105619907379,
    -0.00017070457397494465
   ],
   [
    0.4787105619907379,
    0.8779727816581726,
    -3.5727021895581856e-05
   ],
   [
    0.00016697686805855483,
    -5.0350728997727856e-05,
    1.0
   ]
  ]
 },
 {
  "rotation_euler": [
   -7.660832488909364e-05,
   -0.00043518588063307106,
   1.153083086013794
  ],
  "euler_order": "XYZ",
  "rotation_matrix": [
   [
    0.4056713283061981,
    -0.914018988609314,
    -0.0002465639263391495
   ],
   [
    0.9140189290046692,
    0.4056714177131653,
    -0.0003666903357952833
   ],
   [
    0.00043518588063307106,
    -7.660831761313602e-05,
    0.9999998807907104
   ]
  ]
 },
 {
  "rotation_euler": [
   -4.920345963910222e-05,
   -0.00048233248526230454,
   1.8433822393417358
  ],
  "euler_order": "XYZ",
  "rotation_matrix": [
   [
    -0.2692227363586426,
    -0.963077962398529,
    8.246811921708286e-05
   ],
   [
    0.9630778431892395,
    -0.2692227363586426,
    -0.0004777704307343811
   ],
   [
    0.0004823324561584741,
    -4.9203452363144606e-05,
    0.9999998807907104
   ]
  ]
 },
 {
  "rotation_euler": [
   -5.456880899146199e-05,
   -0.0004284098104108125,
   -1.1602375507354736
  ],
  "euler_order": "XYZ",
  "rotation_matrix": [
   [
    0.3991217017173767,
    0.9168979525566101,
    -0.00012095362762920558
   ],
   [
    -0.9168978333473206,
    0.3991217017173767,
    0.00041458767373114824
   ],
   [
    0.0004284098104108125,
    -5.4568805353483185e-05,
    0.9999998807907104
   ]
  ]
 },
 {
  "rotation_euler": [
   -5.7084231229964644e-05,
   -0.0004379119782242924,
   -1.6588798761367798
  ],
  "euler_order": "XYZ",
  "rotation_matrix": [
   [
    -0.08796968311071396,
    0.9961231350898743,
    9.538590529700741e-05
   ],
   [
    -0.9961230754852295,
    -0.08796971291303635,
    0.0004311925731599331
   ],
   [
    0.0004379119782242924,
    -5.708422395400703e-05,
    0.9999998807907104
   ]
  ]
 },
 {
  "rotation_euler": [
   -5.579300704994239e-05,
   -0.0003717567306011915,
   0.5131822228431702
  ],
  "euler_order": "XYZ",
  "rotation_matrix": [
   [
    0.8711865544319153,
    -0.4909520149230957,
    -0.0003512611729092896
   ],
   [
    0.4909520149230957,
    0.8711866140365601,
    -0.00013390860112849623
   ],
   [
    0.0003717567306011915,
    -5.579300341196358e-05,
    0.9999999403953552
   ]
  ]
 },
 {
  "rotation_euler": [
   -5.4716711019864306e-05,
   -2.3022015739115886e-05,
   -2.206118583679199
  ],
  "euler_order": "XYZ",
  "rotation_matrix": [
   [
    -0.5934368968009949,
    0.8048804998397827,
    5.770252755610272e-05
   ],
   [
    -0.8048804998397827,
    -0.5934368968009949,
    -1.3940944882051554e-05
   ],
   [
    2.3022015739115886e-05,
    -5.4716711019864306e-05,
    1.0
   ]
  ]
 },
 {
  "rotation_euler": [
   -5.473502824315801e-05,
   -5.606681224890053e-05,
   -0.41819483041763306
  ],
  "euler_order": "XYZ",
  "rotation_matrix": [
   [
    0.9138235449790955,
    0.4061115086078644,
    -2.900664730987046e-05
   ],
   [
    -0.4061115086078644,
    0.9138235449790955,
    7.278753764694557e-05
   ],
   [
    5.606681224890053e-05,
    -5.473502824315801e-05,
    1.0
   ]
  ]
 },
 {
  "rotation_euler": [
   -5.4616528359474614e-05,
   -0.0002487923775333911,
   -0.5311926603317261
  ],
  "euler_order": "XYZ",
  "rotation_matrix": [
   [
    0.8622034788131714,
    0.5065620541572571,
    -0.00018684299720916897
   ],
   [
    -0.5065619945526123,
    0.8622035384178162,
    0.00017311933333985507
   ],
   [
    0.0002487923775333911,
    -5.4616528359474614e-05,
    0.9999999403953552
   ]
  ]
 },
 {
  "rotation_euler": [
   -5.4655592975905165e-05,
   -1.5163852367550135e-05,
   -1.8678425550460815
  ],
  "euler_order": "XYZ",
  "rotation_matrix": [
   [
    -0.29269707202911377,
    0.9562051892280579,
    5.6700377172091976e-05
   ],
   [
    -0.9562052488327026,
    -0.29269707202911377,
    -1.4977774753788253e-06
   ],
   [
    1.5163852367550135e-05,
    -5.4655592975905165e-05,
    1.0
   ]
  ]
 },
 {
  "rotation_euler": [
   -5.848523142049089e-05,
   -0.00048571857041679323,
   0.5871361494064331
  ],
  "euler_order": "XYZ",
  "rotation_matrix": [
   [
    0.8325304985046387,
    -0.5539790391921997,
    -0.0004367751535028219
   ],
   [
    0.5539789795875549,
    0.8325306177139282,
    -0.00022038715542294085
   ],
   [
    0.00048571854131296277,
    -5.8485224144533277e-05,
    0.9999998807907104
   ]
  ]
 },
 {
  "rotation_euler": [
   -5.409168443293311e-05,
   -0.0003129357355646789,
   0.9584283232688904
  ],
  "euler_order": "XYZ",
  "rotation_matrix": [
   [
    0.5748067498207092,
    -0.8182891607284546,
    -0.00022414022532757372
   ],
   [
    0.8182891011238098,
    0.574806809425354,
    -0.00022497965255752206
   ],
   [
    0.0003129357355646789,
    -5.40916807949543e-05,
    0.9999999403953552
   ]
  ]
 },
 {
  "rotation_euler": [
   -5.452149343909696e-05,
   -0.00020462404063437134,
   2.975227117538452
  ],
  "euler_order": "XYZ",
  "rotation_matrix": [
   [
    -0.9861931204795837,
    -0.16559918224811554,
    0.00019277010869700462
   ],
   [
    0.16559916734695435,
    -0.9861931204795837,
    -8.765429083723575e-05
   ],
   [
    0.00020462404063437134,
    -5.452149343909696e-05,
    1.0
   ]
  ]
 },
 {
  "rotation_euler": [
   -7.333151734201238e-05,
   -0.00031898761517368257,
   -1.480818271636963
  ],
  "euler_order": "XYZ",
  "rotation_matrix": [
   [
    0.08985669165849686,
    0.995954692363739,
    4.43716962763574e-05
   ],
   [
    -0.9959546327590942,
    0.08985666930675507,
    0.0003242865495849401
   ],
   [
    0.00031898761517368257,
    -7.333151006605476e-05,
    0.9999999403953552
   ]
  ]
 },
 {
  "rotation_euler": [
   -5.1753013394773006e-05,
   2.7855088774231263e-05,
   -0.1658816784620285
  ],
  "euler_order": "XYZ",
  "rotation_matrix": [
   [
    0.9862731695175171,
    0.16512197256088257,
    3.601828575483523e-05
   ],
   [
    -0.16512197256088257,
    0.9862731695175171,
    4.644312139134854e-05
   ],
   [
    -2.7855088774231263e-05,
    -5.1753013394773006e-05,
    1.0
   ]
  ]
 }
]