[
 {
  "rotation_euler": [
   -0.5110232830047607,
   -7.108439604053274e-05,
   0.359597772359848
  ],
  "euler_order": "XYZ",
  "rotation_matrix": [
   [
    0.9360384345054626,
    -0.30690833926200867,
    -0.17216069996356964
   ],
   [
    0.3518977463245392,
    0.8164666295051575,
    0.4577665627002716
   ],
   [
    7.108439604053274e-05,
    -0.4890700578689575,
    0.8722444772720337
   ]
  ]
 },
 {
  "rotation_euler": [
   -0.5110232830047607,
   -7.098262722138315e-05,
   0.893449068069458
  ],
  "euler_order": "XYZ",
  "rotation_matrix": [
   [
    0.6267281174659729,
    -0.6796643137931824,
    -0.3811407685279846
   ],
   [
    0.7792379856109619,
    0.5466871857643127,
    0.3064657151699066
   ],
   [
    7.098262722138315e-05,
    -0.4890700578689575,
    0.8722444772720337
   ]
  ]
 },
 {
  "rotation_euler": [
   -0.5110204815864563,
   -7.197843660833314e-05,
   -0.17688898742198944
  ],
  "euler_order": "XYZ",
  "rotation_matrix": [
   [
    0.9843959212303162,
    0.15352198481559753,
    0.08599843084812164
   ],
   [
    -0.1759679615497589,
    0.858629047870636,
    0.4814471900463104
   ],
   [
    7.197843660833314e-05,
    -0.48906761407852173,
    0.8722458481788635
   ]
  ]
 },
 {
  "rotation_euler": [
   -0.5110232830047607,
   -7.108717545634136e-05,
   0.9806204438209534
  ],
  "euler_order": "XYZ",
  "rotation_matrix": [
   [
    0.5565071702003479,
    -0.7246787548065186,
    -0.40637484192848206
   ],
   [
    0.8308427929878235,
    0.4854392111301422,
    0.2721194624900818
   ],
   [
    7.108717545634136e-05,
    -0.4890700578689575,
    0.8722444772720337
   ]
  ]
 },
 {
  "rotation_euler": [
   -0.5110232830047607,
   -7.10883759893477e-05,
   -2.752488136291504
  ],
  "euler_order": "XYZ",
  "rotation_matrix": [
   [
    -0.9252491593360901,
    0.33086252212524414,
    0.18559099733829498
   ],
   [
    -0.37936002016067505,
    -0.8070566654205322,
    -0.45248812437057495
   ],
   [
    7.10883759893477e-05,
    -0.4890700578689575,
    0.8722444772720337
   ]
  ]
 },
 {
  "rotation_euler": [
   -0.5110232830047607,
   -7.108091085683554e-05,
   2.9261622428894043
  ],
  "euler_order": "XYZ",
  "rotation_matrix": [
   [
    -0.9768844842910767,
    -0.18649184703826904,
    -0.10448691993951797
   ],
   [
    0.2137679159641266,
    -0.8520746827125549,
    -0.47777819633483887
   ],
   [
    7.108091085683554e-05,
    -0.4890700578689575,
    0.8722444772720337
   ]
  ]
 },
 {
  "rotation_euler": [
   -0.5110232830047607,
   -7.101363007677719e-05,
   -1.1492457389831543
  ],
  "euler_order": "XYZ",
  "rotation_matrix": [
   [
    0.4091757833957672,
    0.7958985567092896,
    0.44622936844825745
   ],
   [
    -0.9124555587768555,
    0.356869637966156,
    0.20017214119434357
   ],
   [
    7.101363007677719e-05,
    -0.4890700578689575,
    0.8722444772720337
   ]
  ]
 },
 {
  "rotation_euler": [
   -0.5110232830047607,
   -7.10584718035534e-05,
   -2.6114797592163086
  ],
  "euler_order": "XYZ",
  "rotation_matrix": [
   [
    -0.8627499938011169,
    0.4410036504268646,
    0.2473423331975937
   ],
   [
    -0.5056307315826416,
    -0.752546489238739,
    -0.42191386222839355
   ],
   [
    7.10584718035534e-05,
    -0.4890700578689575,
    0.8722444772720337
   ]
  ]
 },
 {
  "rotation_euler": [
   -0.5110232830047607,
   -7.10988460923545e-05,
   -0.031364113092422485
  ],
  "euler_order": "XYZ",
  "rotation_matrix": [
   [
    0.9995082020759583,
    0.02738744579255581,
    0.015274749137461185
   ],
   [
    -0.03135897219181061,
    0.8718144297599792,
    0.48883146047592163
   ],
   [
    7.10988460923545e-05,
    -0.4890700578689575,
    0.8722444772720337
   ]
  ]
 },
 {
  "rotation_euler": [
   -0.5110232830047607,
   -7.101700612111017e-05,
   2.401218891143799
  ],
  "euler_order": "XYZ",
  "rotation_matrix": [
   [
    -0.7382164597511292,
    -0.5884102582931519,
    -0.3298632502555847
   ],
   [
    0.6745638847351074,
    -0.6438818573951721,
    -0.3610813617706299
   ],
   [
    7.101700612111017e-05,
    -0.4890700578689575,
    0.8722444772720337
   ]
  ]
 },
 {
  "rotation_euler": [
   -0.511023223400116,
   -7.106509292498231e-05,
   0.11786940693855286
  ],
  "euler_order": "XYZ",
  "rotation_matrix": [
   [
    0.9930614233016968,
    -0.10253853350877762,
    -0.0575745590031147
   ],
   [
    0.11759666353464127,
    0.8661965131759644,
    0.4856692850589752
   ],
   [
    7.106509292498231e-05,
    -0.48906999826431274,
    0.8722445368766785
   ]
  ]
 },
 {
  "rotation_euler": [
   -0.5110193490982056,
   -6.942260370124131e-05,
   -0.4116556942462921
  ],
  "euler_order": "XYZ",
  "rotation_matrix": [
   [
    0.9164595603942871,
    0.349040687084198,
    0.1956333965063095
   ],
   [
    -0.40012726187705994,
    0.7993650436401367,
    0.44823402166366577
   ],
   [
    6.942260370124131e-05,
    -0.48906663060188293,
    0.8722464442253113
   ]
  ]
 },
 {
  "rotation_euler": [
   -0.5110232830047607,
   -7.111681770766154e-05,
   -2.65592360496521
  ],
  "euler_order": "XYZ",
  "rotation_matrix": [
   [
    -0.8843628168106079,
    0.4071331024169922,
    0.22835282981395721
   ],
   [
    -0.46680015325546265,
    -0.7713968753814697,
    -0.4324864149093628
   ],
   [
    7.111681770766154e-05,
    -0.4890700578689575,
    0.8722444772720337
   ]
  ]
 },
 {
  "rotation_euler": [
   -0.5110232830047607,
   -7.109405851224437e-05,
   -2.8771605491638184
  ],
  "euler_order": "XYZ",
  "rotation_matrix": [
   [
    -0.9652410745620728,
    0.2279372662305832,
    0.12788377702236176
   ],
   [
    -0.26136115193367004,
    -0.8419353365898132,
    -0.47205430269241333
   ],
   [
    7.109405851224437e-05,
    -0.4890700578689575,
    0.8722444772720337
   ]
  ]
 },
 {
  "rotation_euler": [
   -0.511023223400116,
   -7.10595486452803e-05,
   1.9378093481063843
  ],
  "euler_order": "XYZ",
  "rotation_matrix": [
   [
    -0.35882899165153503,
    -0.814168393611908,
    -0.4564773142337799
   ],
   [
    0.9334033131599426,
    -0.3129541873931885,
    -0.17555034160614014
   ],
   [
    7.10595486452803e-05,
    -0.48906999826431274,
    0.8722445368766785
   ]
  ]
 },
 {
  "rotation_euler": [
   -0.5110232830047607,
   -7.114168693078682e-05,
   1.6890153884887695
  ],
  "euler_order": "XYZ",
  "rotation_matrix": [
   [
    -0.1179438903927803,
    -0.8661605715751648,
    -0.4856491684913635
   ],
   [
    0.993020236492157,
    -0.10284135490655899,
    -0.05774444341659546
   ],
   [
    7.114168693078682e-05,
    -0.4890700578689575,
    0.8722444772720337
   ]
  ]
 }
]