[
 {
  "rotation_euler": [
   2.168608403962935e-09,
   1.1807065547486673e-08,
   1.057181477546692
  ],
  "euler_order": "XYZ",
  "rotation_matrix": [
   [
    0.4913288950920105,
    -0.8709741234779358,
    7.689954450995629e-09
   ],
   [
    0.8709741234779358,
    0.4913288950920105,
    9.218148910861146e-09
   ],
   [
    -1.1807065547486673e-08,
    2.168608403962935e-09,
    1.0
   ]
  ]
 },
 {
  "rotation_euler": [
   1.6260970880921377e-07,
   1.9587709232382622e-08,
   2.7670650482177734
  ],
  "euler_order": "XYZ",
  "rotation_matrix": [
   [
    -0.9306805729866028,
    -0.3658329248428345,
    4.1258086724837995e-08
   ],
   [
    0.3658329248428345,
    -0.9306805729866028,
    1.585035249718203e-07
   ],
   [
    -1.9587709232382622e-08,
    1.6260970880921377e-07,
    1.0
   ]
  ]
 },
 {
  "rotation_euler": [
   7.414042357822836e-08,
   6.633567917191385e-09,
   -3.094386577606201
  ],
  "euler_order": "XYZ",
  "rotation_matrix": [
   [
    -0.998885989189148,
    0.047188546508550644,
    -1.0124757032770049e-08
   ],
   [
    -0.047188546508550644,
    -0.998885989189148,
    7.37448004883845e-08
   ],
   [
    -6.633567917191385e-09,
    7.414042357822836e-08,
    1.0
   ]
  ]
 },
 {
  "rotation_euler": [
   -9.874587902913845e-08,
   -8.818356178608155e-08,
   0.7011857628822327
  ],
  "euler_order": "XYZ",
  "rotation_matrix": [
   [
    0.7640777826309204,
    -0.6451241374015808,
    -1.310824444544778e-07
   ],
   [
    0.6451241374015808,
    0.7640777826309204,
    1.8560184500415744e-08
   ],
   [
    8.818356178608155e-08,
    -9.874587902913845e-08,
    1.0
   ]
  ]
 },
 {
  "rotation_euler": [
   0.0002935515658464283,
   0.00021658852347172797,
   2.2917208671569824
  ],
  "euler_order": "XYZ",
  "rotation_matrix": [
   [
    -0.6600794196128845,
    -0.7511957883834839,
    7.754906255286187e-05
   ],
   [
    0.7511957883834839,
    -0.6600793600082397,
    0.00035646773176267743
   ],
   [
    -0.00021658852347172797,
    0.0002935515658464283,
    0.9999999403953552
   ]
  ]
 },
 {
  "rotation_euler": [
   -6.001451765769161e-05,
   0.00025079547776840627,
   0.66485595703125
  ],
  "euler_order": "XYZ",
  "rotation_matrix": [
   [
    0.7870056629180908,
    -0.6169458031654358,
    0.00016035175940487534
   ],
   [
    0.616945743560791,
    0.7870056629180908,
    0.00020195897377561778
   ],
   [
    -0.00025079547776840627,
    -6.0014514019712806e-05,
    0.9999999403953552
   ]
  ]
 },
 {
  "rotation_euler": [
   4.736329174193088e-06,
   5.079656148154754e-06,
   -0.11755222082138062
  ],
  "euler_order": "XYZ",
  "rotation_matrix": [
   [
    0.9930986762046814,
    0.11728167533874512,
    4.48911532657803e-06
   ],
   [
    -0.11728167533874512,
    0.9930986762046814,
    -5.299392796587199e-06
   ],
   [
    -5.079656148154754e-06,
    4.736329174193088e-06,
    1.0
   ]
  ]
 },
 {
  "rotation_euler": [
   -8.14008860317017e-09,
   -1.1941899025202929e-08,
   -3.0799570083618164
  ],
  "euler_order": "XYZ",
  "rotation_matrix": [
   [
    -0.9981011152267456,
    0.06159662827849388,
    1.2420624528886037e-08
   ],
   [
    -0.06159662827849388,
    -0.9981011152267456,
    -7.389050704631472e-09
   ],
   [
    1.1941899025202929e-08,
    -8.14008860317017e-09,
    1.0
   ]
  ]
 },
 {
  "rotation_euler": [
   4.475602111142507e-08,
   3.0620515900636747e-08,
   1.3620177507400513
  ],
  "euler_order": "XYZ",
  "rotation_matrix": [
   [
    0.20726515352725983,
    -0.9782847762107849,
    5.013070136783426e-08
   ],
   [
    0.9782847762107849,
    0.20726515352725983,
    2.0679221890418376e-08
   ],
   [
    -3.0620515900636747e-08,
    4.475602111142507e-08,
    1.0
   ]
  ]
 },
 {
  "rotation_euler": [
   -2.002061272321498e-08,
   -1.5533574426740415e-08,
   -1.4066038131713867
  ],
  "euler_order": "XYZ",
  "rotation_matrix": [
   [
    0.1634557545185089,
    0.9865506887435913,
    1.721229736517671e-08
   ],
   [
    -0.9865506887435913,
    0.1634557545185089,
    1.8597143380816306e-08
   ],
   [
    1.5533574426740415e-08,
    -2.002061272321498e-08,
    1.0
   ]
  ]
 },
 {
  "rotation_euler": [
   -4.412072769355291e-07,
   2.748890324255626e-07,
   2.0918684005737305
  ],
  "euler_order": "XYZ",
  "rotation_matrix": [
   [
    -0.4978102147579193,
    -0.867285966873169,
    -5.19495472417475e-07
   ],
   [
    0.867285966873169,
    -0.4978102147579193,
    1.8769915399730053e-08
   ],
   [
    -2.748890324255626e-07,
    -4.412072769355291e-07,
    1.0
   ]
  ]
 },
 {
  "rotation_euler": [
   -1.619206280167873e-08,
   4.454612323456786e-08,
   2.1115870475769043
  ],
  "euler_order": "XYZ",
  "rotation_matrix": [
   [
    -0.514814019203186,
    -0.8573018908500671,
    -3.681445548409101e-08
   ],
   [
    0.8573018908500671,
    -0.514814019203186,
    2.985357383522569e-08
   ],
   [
    -4.454612323456786e-08,
    -1.619206280167873e-08,
    1.0
   ]
  ]
 },
 {
  "rotation_euler": [
   -8.327359682880342e-05,
   -0.00017318785830866545,
   1.582049012184143
  ],
  "euler_order": "XYZ",
  "rotation_matrix": [
   [
    -0.011252447962760925,
    -0.9999366998672485,
    -8.131953654810786e-05
   ],
   [
    0.9999366998672485,
    -0.011252433061599731,
    -0.0001741139276418835
   ],
   [
    0.00017318785830866545,
    -8.327359682880342e-05,
    1.0
   ]
  ]
 },
 {
  "rotation_euler": [
   1.103768795474025e-06,
   1.2845335959354998e-06,
   -1.6685059070587158
  ],
  "euler_order": "XYZ",
  "rotation_matrix": [
   [
    -0.09755417704582214,
    0.9952301979064941,
    -1.223815729645139e-06
   ],
   [
    -0.9952301979064941,
    -0.09755417704582214,
    -1.170729433397355e-06
   ],
   [
    -1.2845335959354998e-06,
    1.103768795474025e-06,
    1.0
   ]
  ]
 },
 {
  "rotation_euler": [
   -1.1886615247647114e-08,
   1.8829403813924728e-07,
   1.520677924156189
  ],
  "euler_order": "XYZ",
  "rotation_matrix": [
   [
    0.050097424536943436,
    -0.9987443089485168,
    -2.4386435093504133e-09
   ],
   [
    0.9987443089485168,
    0.050097424536943436,
    1.8865308959448157e-07
   ],
   [
    -1.8829403813924728e-07,
    -1.1886615247647114e-08,
    1.0
   ]
  ]
 },
 {
  "rotation_euler": [
   -3.2822278228650248e-09,
   2.285523095224562e-07,
   -3.1280581951141357
  ],
  "euler_order": "XYZ",
  "rotation_matrix": [
   [
    -0.9999083876609802,
    0.013534044846892357,
    -2.2848695380162098e-07
   ],
   [
    -0.013534044846892357,
    -0.9999083876609802,
    -6.3751643963883e-09
   ],
   [
    -2.285523095224562e-07,
    -3.2822278228650248e-09,
    1.0
   ]
  ]
 }
]