[
 {
  "rotation_euler": [
   -0.4241102635860443,
   -2.6615188121795654,
   -0.9143420457839966
  ],
  "euler_order": "XYZ",
  "rotation_matrix": [
   [
    -0.5413227677345276,
    0.8379719257354736,
    0.06908512115478516
   ],
   [
    0.7026159763336182,
    0.4056882858276367,
    0.5845920443534851
   ],
   [
    0.46184468269348145,
    0.36499327421188354,
    -0.8083807229995728
   ]
  ]
 },
 {
  "rotation_euler": [
   -0.006174034439027309,
   -0.006281017325818539,
   -2.7820727825164795
  ],
  "euler_order": "XYZ",
  "rotation_matrix": [
   [
    -0.936047375202179,
    0.35178184509277344,
    0.008051459677517414
   ],
   [
    -0.35181790590286255,
    -0.936061680316925,
    -0.003569504711776972
   ],
   [
    0.006280975881963968,
    -0.006173873320221901,
    0.9999611973762512
   ]
  ]
 },
 {
  "rotation_euler": [
   -0.006173774134367704,
   -0.006295382510870695,
   -0.5584208369255066
  ],
  "euler_order": "XYZ",
  "rotation_matrix": [
   [
    0.8480761051177979,
    0.5298704504966736,
    -0.0020677936263382435
   ],
   [
    -0.5298370718955994,
    0.8480561375617981,
    0.008571408689022064
   ],
   [
    0.006295341067016125,
    -0.006173612549901009,
    0.9999611377716064
   ]
  ]
 },
 {
  "rotation_euler": [
   -0.007403533905744553,
   -0.010723340325057507,
   -1.5213466882705688
  ],
  "euler_order": "XYZ",
  "rotation_matrix": [
   [
    0.049426645040512085,
    0.9987541437149048,
    0.006864391732960939
   ],
   [
    -0.9987201690673828,
    0.04934884235262871,
    0.011075682938098907
   ],
   [
    0.010723134502768517,
    -0.007403040770441294,
    0.9999151229858398
   ]
  ]
 },
 {
  "rotation_euler": [
   -0.006173618603497744,
   -0.006296604871749878,
   -2.6122686862945557
  ],
  "euler_order": "XYZ",
  "rotation_matrix": [
   [
    -0.8631315231323242,
    0.5049067735671997,
    0.008552114479243755
   ],
   [
    -0.5049399137496948,
    -0.8631517887115479,
    -0.002149327890947461
   ],
   [
    0.0062965634278953075,
    -0.006173457019031048,
    0.9999611377716064
   ]
  ]
 },
 {
  "rotation_euler": [
   -0.006174571346491575,
   -0.006283124443143606,
   2.387524366378784
  ],
  "euler_order": "XYZ",
  "rotation_matrix": [
   [
    -0.7288953065872192,
    -0.6846250295639038,
    0.0003525676438584924
   ],
   [
    0.6845963001251221,
    -0.7288692593574524,
    -0.00880205538123846
   ],
   [
    0.006283082999289036,
    -0.006174410227686167,
    0.9999611973762512
   ]
  ]
 },
 {
  "rotation_euler": [
   -0.48804062604904175,
   -2.0985422134399414,
   2.1046857833862305
  ],
  "euler_order": "XYZ",
  "rotation_matrix": [
   [
    0.25626814365386963,
    -0.9664843082427979,
    -0.015320774167776108
   ],
   [
    -0.433505117893219,
    -0.10075050592422485,
    -0.8955013155937195
   ],
   [
    0.863944411277771,
    0.23613010346889496,
    -0.44479504227638245
   ]
  ]
 },
 {
  "rotation_euler": [
   -0.007392190862447023,
   -0.010685247369110584,
   1.9567773342132568
  ],
  "euler_order": "XYZ",
  "rotation_matrix": [
   [
    -0.3764466643333435,
    -0.9264339804649353,
    -0.00282581290230155
   ],
   [
    0.9263767004013062,
    -0.3763847053050995,
    -0.0126815689727664
   ],
   [
    0.010685044340789318,
    -0.007391701452434063,
    0.999915599822998
   ]
  ]
 },
 {
  "rotation_euler": [
   -0.00617452897131443,
   -0.006283672526478767,
   2.6978282928466797
  ],
  "euler_order": "XYZ",
  "rotation_matrix": [
   [
    -0.9031240344047546,
    -0.42936909198760986,
    0.003023932920768857
   ],
   [
    0.42933377623558044,
    -0.9031080007553101,
    -0.008274217136204243
   ],
   [
    0.006283631082624197,
    -0.006174367852509022,
    0.9999611973762512
   ]
  ]
 },
 {
  "rotation_euler": [
   -0.007403463590890169,
   -0.010723327286541462,
   0.11104660481214523
  ],
  "euler_order": "XYZ",
  "rotation_matrix": [
   [
    0.9937835335731506,
    -0.11073658615350723,
    -0.011477216146886349
   ],
   [
    0.11081214994192123,
    0.9938222169876099,
    0.006169508211314678
   ],
   [
    0.010723121464252472,
    -0.00740297045558691,
    0.9999151229858398
   ]
  ]
 },
 {
  "rotation_euler": [
   -0.007394971791654825,
   -0.010682421736419201,
   0.12777499854564667
  ],
  "euler_order": "XYZ",
  "rotation_matrix": [
   [
    0.991791307926178,
    -0.1273457556962967,
    -0.011537160724401474
   ],
   [
    0.1274203211069107,
    0.9918308258056641,
    0.005973448045551777
   ],
   [
    0.010682218708097935,
    -0.007394482381641865,
    0.999915599822998
   ]
  ]
 },
 {
  "rotation_euler": [
   -0.007403657305985689,
   -0.010723746381700039,
   -0.9494262933731079
  ],
  "euler_order": "XYZ",
  "rotation_matrix": [
   [
    0.5821161866188049,
    0.813105583190918,
    -0.0002228115772595629
   ],
   [
    -0.8130348920822144,
    0.5820691585540771,
    0.013028872199356556
   ],
   [
    0.010723540559411049,
    -0.00740316417068243,
    0.9999151229858398
   ]
  ]
 },
 {
  "rotation_euler": [
   -0.006174606271088123,
   -0.006283411290496588,
   -1.135202169418335
  ],
  "euler_order": "XYZ",
  "rotation_matrix": [
   [
    0.4219408333301544,
    0.906618595123291,
    0.0029467707499861717
   ],
   [
    -0.90660160779953,
    0.4219059348106384,
    0.008301869966089725
   ],
   [
    0.006283369846642017,
    -0.006174445152282715,
    0.9999611973762512
   ]
  ]
 },
 {
  "rotation_euler": [
   -0.006174558307975531,
   -0.006303060799837112,
   -1.4361313581466675
  ],
  "euler_order": "XYZ",
  "rotation_matrix": [
   [
    0.13425564765930176,
    0.9909327030181885,
    0.005272400565445423
   ],
   [
    -0.9909266829490662,
    0.13421720266342163,
    0.007074815221130848
   ],
   [
    0.006303018890321255,
    -0.0061743962578475475,
    0.9999610781669617
   ]
  ]
 },
 {
  "rotation_euler": [
   -0.006178203504532576,
   -0.006297689862549305,
   1.3210755586624146
  ],
  "euler_order": "XYZ",
  "rotation_matrix": [
   [
    0.24712850153446198,
    -0.9689533710479736,
    -0.00754285603761673
   ],
   [
    0.9689622521400452,
    0.24716638028621674,
    -0.004575357306748629
   ],
   [
    0.006297648418694735,
    -0.0061780414544045925,
    0.9999610781669617
   ]
  ]
 },
 {
  "rotation_euler": [
   -0.0074033793061971664,
   -0.010723338462412357,
   2.2227566242218018
  ],
  "euler_order": "XYZ",
  "rotation_matrix": [
   [
    -0.6067109107971191,
    -0.7949222922325134,
    0.0006211753352545202
   ],
   [
    0.79485023021698,
    -0.606666088104248,
    -0.013015469536185265
   ],
   [
    0.010723132640123367,
    -0.0074028861708939075,
    0.9999151229858398
   ]
  ]
 }
]