[
 {
  "rotation_euler": [
   0.0005579988937824965,
   0.0009400044218637049,
   -3.040919065475464
  ],
  "euler_order": "XYZ",
  "rotation_matrix": [
   [
    -0.9949362277984619,
    0.10050307959318161,
    -0.000991325476206839
   ],
   [
    -0.10050357133150101,
    -0.9949365854263306,
    0.0004606997244991362
   ],
   [
    -0.0009400043054483831,
    0.0005579986027441919,
    0.9999994039535522
   ]
  ]
 },
 {
  "rotation_euler": [
   0.0005640056915581226,
   0.0009403036092408001,
   -2.407923936843872
  ],
  "euler_order": "XYZ",
  "rotation_matrix": [
   [
    -0.7427225112915039,
    0.6695984601974487,
    -0.0010760424192994833
   ],
   [
    -0.6695986986160278,
    -0.7427230477333069,
    -0.00021072625531814992
   ],
   [
    -0.0009403034928254783,
    0.0005640054005198181,
    0.9999994039535522
   ]
  ]
 },
 {
  "rotation_euler": [
   0.0005637237336486578,
   0.0009572288836352527,
   -2.7414627075195312
  ],
  "euler_order": "XYZ",
  "rotation_matrix": [
   [
    -0.9210099577903748,
    0.3895374536514282,
    -0.0011012093164026737
   ],
   [
    -0.38953784108161926,
    -0.921010434627533,
    0.00014631844533141702
   ],
   [
    -0.00095722870901227,
    0.0005637234426103532,
    0.9999994039535522
   ]
  ]
 },
 {
  "rotation_euler": [
   0.0005603356403298676,
   0.0009431468788534403,
   0.7154920697212219
  ],
  "euler_order": "XYZ",
  "rotation_matrix": [
   [
    0.7547702193260193,
    -0.6559883952140808,
    0.0010794332483783364
   ],
   [
    0.6559886336326599,
    0.7547707557678223,
    0.0001957688800757751
   ],
   [
    -0.0009431467624381185,
    0.000560335349291563,
    0.9999994039535522
   ]
  ]
 },
 {
  "rotation_euler": [
   0.0005635864799842238,
   0.0009592233691364527,
   1.0411123037338257
  ],
  "euler_order": "XYZ",
  "rotation_matrix": [
   [
    0.5052604675292969,
    -0.8629663586616516,
    0.0009710140875540674
   ],
   [
    0.8629663586616516,
    0.5052610635757446,
    0.000543019559700042
   ],
   [
    -0.0009592231945134699,
    0.0005635861889459193,
    0.9999994039535522
   ]
  ]
 },
 {
  "rotation_euler": [
   0.0005600684089586139,
   0.000940261990763247,
   0.16002511978149414
  ],
  "euler_order": "XYZ",
  "rotation_matrix": [
   [
    0.9872228503227234,
    -0.1593424677848816,
    0.0010174912167713046
   ],
   [
    0.1593429297208786,
    0.987223207950592,
    -0.00040308843017555773
   ],
   [
    -0.0009402618743479252,
    0.0005600681179203093,
    0.9999994039535522
   ]
  ]
 },
 {
  "rotation_euler": [
   0.0005608478677459061,
   0.0009404116426594555,
   -2.0947916507720947
  ],
  "euler_order": "XYZ",
  "rotation_matrix": [
   [
    -0.5003431439399719,
    0.8658266663551331,
    -0.0009561258484609425
   ],
   [
    -0.8658266663551331,
    -0.5003437399864197,
    -0.0005336171016097069
   ],
   [
    -0.0009404115262441337,
    0.0005608475767076015,
    0.9999994039535522
   ]
  ]
 },
 {
  "rotation_euler": [
   0.0005632694228552282,
   0.0009438308188691735,
   2.346500873565674
  ],
  "euler_order": "XYZ",
  "rotation_matrix": [
   [
    -0.700218915939331,
    -0.7139281034469604,
    -0.0002587545895949006
   ],
   [
    0.7139275670051575,
    -0.7002187371253967,
    0.001068238983862102
   ],
   [
    -0.0009438307024538517,
    0.0005632691318169236,
    0.9999994039535522
   ]
  ]
 },
 {
  "rotation_euler": [
   0.0005639124428853393,
   0.0009359011892229319,
   0.6258981823921204
  ],
  "euler_order": "XYZ",
  "rotation_matrix": [
   [
    0.8104369044303894,
    -0.5858249068260193,
    0.0010888432152569294
   ],
   [
    0.5858251452445984,
    0.8104374408721924,
    9.125891665462404e-05
   ],
   [
    -0.00093590107280761,
    0.0005639121518470347,
    0.9999994039535522
   ]
  ]
 },
 {
  "rotation_euler": [
   0.0005620294832624495,
   0.0009516403079032898,
   3.0957648754119873
  ],
  "euler_order": "XYZ",
  "rotation_matrix": [
   [
    -0.9989496469497681,
    -0.04581226408481598,
    -0.0009248933056369424
   ],
   [
    0.045811716467142105,
    -0.9989498853683472,
    0.0006050356314517558
   ],
   [
    -0.000951640191487968,
    0.0005620291922241449,
    0.9999994039535522
   ]
  ]
 },
 {
  "rotation_euler": [
   0.0005573148373514414,
   0.000944978732150048,
   -2.819025993347168
  ],
  "euler_order": "XYZ",
  "rotation_matrix": [
   [
    -0.9484244585037231,
    0.3170013427734375,
    -0.0010729109635576606
   ],
   [
    -0.31700173020362854,
    -0.9484249353408813,
    0.00022901128977537155
   ],
   [
    -0.0009449786157347262,
    0.0005573145463131368,
    0.9999994039535522
   ]
  ]
 },
 {
  "rotation_euler": [
   0.0005635786801576614,
   0.0009518007282167673,
   -1.9266973733901978
  ],
  "euler_order": "XYZ",
  "rotation_matrix": [
   [
    -0.3484349250793457,
    0.9373325705528259,
    -0.0008599014836363494
   ],
   [
    -0.9373325109481812,
    -0.34843552112579346,
    -0.0006957832956686616
   ],
   [
    -0.0009518006118014455,
    0.0005635783891193569,
    0.9999994039535522
   ]
  ]
 },
 {
  "rotation_euler": [
   0.000557064893655479,
   0.0009526366484351456,
   1.847251296043396
  ],
  "euler_order": "XYZ",
  "rotation_matrix": [
   [
    -0.272946834564209,
    -0.9620290994644165,
    0.0002758934278972447
   ],
   [
    0.9620286226272583,
    -0.27294638752937317,
    0.0010685130255296826
   ],
   [
    -0.0009526365320198238,
    0.0005570646026171744,
    0.9999994039535522
   ]
  ]
 },
 {
  "rotation_euler": [
   0.0005602174205705523,
   0.0009447636548429728,
   -1.1146241426467896
  ],
  "euler_order": "XYZ",
  "rotation_matrix": [
   [
    0.4405147433280945,
    0.8977453708648682,
    -8.675014396430925e-05
   ],
   [
    -0.89774489402771,
    0.44051438570022583,
    -0.0010949409333989024
   ],
   [
    -0.0009447635384276509,
    0.0005602171295322478,
    0.9999994039535522
   ]
  ]
 },
 {
  "rotation_euler": [
   0.0005639398004859686,
   0.000959860160946846,
   -2.124847888946533
  ],
  "euler_order": "XYZ",
  "rotation_matrix": [
   [
    -0.5261367559432983,
    0.8503994345664978,
    -0.0009845920139923692
   ],
   [
    -0.8503994345664978,
    -0.5261373519897461,
    -0.0005195551202632487
   ],
   [
    -0.0009598599863238633,
    0.000563939509447664,
    0.9999994039535522
   ]
  ]
 },
 {
  "rotation_euler": [
   0.0005638148286379874,
   0.0009594951989129186,
   0.8974062204360962
  ],
  "euler_order": "XYZ",
  "rotation_matrix": [
   [
    0.6236393451690674,
    -0.7817115187644958,
    0.0010391197865828872
   ],
   [
    0.7817115783691406,
    0.6236400008201599,
    0.0003984313807450235
   ],
   [
    -0.0009594950242899358,
    0.0005638145375996828,
    0.9999994039535522
   ]
  ]
 }
]