[
 {
  "rotation_euler": [
   0.12822940945625305,
   0.01533021405339241,
   -2.817188024520874
  ],
  "euler_order": "XYZ",
  "rotation_matrix": [
   [
    -0.9477292895317078,
    0.3142695128917694,
    -0.05517124384641647
   ],
   [
    -0.31870707869529724,
    -0.9406836032867432,
    0.11636213213205338
   ],
   [
    -0.015329613350331783,
    0.12786325812339783,
    0.9916733503341675
   ]
  ]
 },
 {
  "rotation_euler": [
   0.12823010981082916,
   0.01532923337072134,
   -2.9151153564453125
  ],
  "euler_order": "XYZ",
  "rotation_matrix": [
   [
    -0.9743489623069763,
    0.22079245746135712,
    -0.043529290705919266
   ],
   [
    -0.22451980412006378,
    -0.966903030872345,
    0.12119966745376587
   ],
   [
    -0.015328632667660713,
    0.12786395847797394,
    0.9916732311248779
   ]
  ]
 },
 {
  "rotation_euler": [
   0.12822936475276947,
   0.015330206602811813,
   -0.38334906101226807
  ],
  "euler_order": "XYZ",
  "rotation_matrix": [
   [
    0.927308201789856,
    0.37277576327323914,
    -0.03372989594936371
   ],
   [
    -0.37398457527160645,
    0.919069766998291,
    -0.12428312003612518
   ],
   [
    -0.015329605899751186,
    0.12786321341991425,
    0.9916733503341675
   ]
  ]
 },
 {
  "rotation_euler": [
   0.12822844088077545,
   0.015331265516579151,
   2.580709457397461
  ],
  "euler_order": "XYZ",
  "rotation_matrix": [
   [
    -0.8466861248016357,
    -0.5292271971702576,
    0.05514713004231453
   ],
   [
    0.5318717956542969,
    -0.8387907147407532,
    0.11637263745069504
   ],
   [
    -0.015330664813518524,
    0.12786230444908142,
    0.9916734099388123
   ]
  ]
 },
 {
  "rotation_euler": [
   0.12198816239833832,
   0.020983539521694183,
   -0.9651981592178345
  ],
  "euler_order": "XYZ",
  "rotation_matrix": [
   [
    0.5691286325454712,
    0.817505419254303,
    -0.08819010853767395
   ],
   [
    -0.8219807147979736,
    0.5629245042800903,
    -0.08639254420995712
   ],
   [
    -0.02098199911415577,
    0.1216590479016304,
    0.992350161075592
   ]
  ]
 },
 {
  "rotation_euler": [
   0.1282282918691635,
   0.015333154238760471,
   1.7164335250854492
  ],
  "euler_order": "XYZ",
  "rotation_matrix": [
   [
    -0.14510585367679596,
    -0.981575071811676,
    0.12431658804416656
   ],
   [
    0.9892973303794861,
    -0.141991525888443,
    0.033603597432374954
   ],
   [
    -0.015332553535699844,
    0.12786215543746948,
    0.9916734099388123
   ]
  ]
 },
 {
  "rotation_euler": [
   0.12822939455509186,
   0.01533016562461853,
   2.3857262134552
  ],
  "euler_order": "XYZ",
  "rotation_matrix": [
   [
    -0.7275919914245605,
    -0.6817144155502319,
    0.07665079832077026
   ],
   [
    0.6858388185501099,
    -0.7203585505485535,
    0.10348266363143921
   ],
   [
    -0.015329564921557903,
    0.12786324322223663,
    0.9916733503341675
   ]
  ]
 },
 {
  "rotation_euler": [
   0.12822823226451874,
   0.015330166555941105,
   -0.4891738295555115
  ],
  "euler_order": "XYZ",
  "rotation_matrix": [
   [
    0.8826176524162292,
    0.4677693247795105,
    -0.0466684065759182
   ],
   [
    -0.4698415696620941,
    0.8745530843734741,
    -0.12002404034137726
   ],
   [
    -0.015329565852880478,
    0.1278620958328247,
    0.991673469543457
   ]
  ]
 },
 {
  "rotation_euler": [
   0.12822693586349487,
   0.015326714143157005,
   -0.05581147223711014
  ],
  "euler_order": "XYZ",
  "rotation_matrix": [
   [
    0.9983256459236145,
    0.05728132650256157,
    0.008043387904763222
   ],
   [
    -0.055775951594114304,
    0.9901365637779236,
    -0.12852463126182556
   ],
   [
    -0.015326114371418953,
    0.12786081433296204,
    0.9916737079620361
   ]
  ]
 },
 {
  "rotation_euler": [
   0.12821590900421143,
   0.01532356720417738,
   1.01565682888031
  ],
  "euler_order": "XYZ",
  "rotation_matrix": [
   [
    0.5269999504089355,
    -0.8418185710906982,
    0.11667289584875107
   ],
   [
    0.8497271537780762,
    0.524400532245636,
    -0.05447772890329361
   ],
   [
    -0.015322967432439327,
    0.12784989178180695,
    0.9916751384735107
   ]
  ]
 },
 {
  "rotation_euler": [
   0.1282251924276352,
   0.015325905755162239,
   2.4169840812683105
  ],
  "euler_order": "XYZ",
  "rotation_matrix": [
   [
    -0.7486709952354431,
    -0.6588680744171143,
    0.07337962836027145
   ],
   [
    0.6627645492553711,
    -0.7413129210472107,
    0.10582175105810165
   ],
   [
    -0.015325305983424187,
    0.12785908579826355,
    0.9916739463806152
   ]
  ]
 },
 {
  "rotation_euler": [
   0.12822452187538147,
   0.015325848944485188,
   0.7702344059944153
  ],
  "euler_order": "XYZ",
  "rotation_matrix": [
   [
    0.7176631689071655,
    -0.6891806125640869,
    0.09994808584451675
   ],
   [
    0.6962217092514038,
    0.7132196426391602,
    -0.08119741827249527
   ],
   [
    -0.015325249172747135,
    0.12785843014717102,
    0.99167400598526
   ]
  ]
 },
 {
  "rotation_euler": [
   0.12823182344436646,
   0.015324778854846954,
   3.139096736907959
  ],
  "euler_order": "XYZ",
  "rotation_matrix": [
   [
    -0.9998794794082642,
    -0.0044350819662213326,
    -0.014879134483635426
   ],
   [
    0.002495621098205447,
    -0.9917815923690796,
    0.12791821360588074
   ],
   [
    -0.015324179083108902,
    0.12786567211151123,
    0.9916731119155884
   ]
  ]
 },
 {
  "rotation_euler": [
   0.12822867929935455,
   0.015330004505813122,
   -0.25764477252960205
  ],
  "euler_order": "XYZ",
  "rotation_matrix": [
   [
    0.96687912940979,
    0.2546074092388153,
    -0.017881963402032852
   ],
   [
    -0.2547738254070282,
    0.9585542678833008,
    -0.12753060460090637
   ],
   [
    -0.015329403802752495,
    0.12786254286766052,
    0.9916734099388123
   ]
  ]
 },
 {
  "rotation_euler": [
   0.12822909653186798,
   0.015329726040363312,
   1.758367657661438
  ],
  "euler_order": "XYZ",
  "rotation_matrix": [
   [
    -0.18645146489143372,
    -0.9747594594955444,
    0.12280000001192093
   ],
   [
    0.9823445677757263,
    -0.18301653861999512,
    0.03878244385123253
   ],
   [
    -0.015329125337302685,
    0.12786296010017395,
    0.9916733503341675
   ]
  ]
 },
 {
  "rotation_euler": [
   0.12823012471199036,
   0.015332129783928394,
   0.9805843830108643
  ],
  "euler_order": "XYZ",
  "rotation_matrix": [
   [
    0.5564717054367065,
    -0.8229103684425354,
    0.11470729112625122
   ],
   [
    0.8307250738143921,
    0.5535967350006104,
    -0.05853620916604996
   ],
   [
    -0.015331529080867767,
    0.12786397337913513,
    0.9916732311248779
   ]
  ]
 }
]