[
 {
  "rotation_euler": [
   -0.011820822022855282,
   0.07443718612194061,
   0.6877201199531555
  ],
  "euler_order": "XYZ",
  "rotation_matrix": [
   [
    0.7705554962158203,
    -0.6354120969772339,
    0.049956731498241425
   ],
   [
    0.6330193877220154,
    0.7720832228660583,
    0.056337784975767136
   ],
   [
    -0.07436846196651459,
    -0.01178781408816576,
    0.9971611499786377
   ]
  ]
 },
 {
  "rotation_euler": [
   -0.011821298860013485,
   0.07443615049123764,
   -2.868121862411499
  ],
  "euler_order": "XYZ",
  "rotation_matrix": [
   [
    -0.9601731300354004,
    0.2709024250507355,
    -0.06840632110834122
   ],
   [
    -0.2693270146846771,
    -0.9625346064567566,
    -0.03146511688828468
   ],
   [
    -0.07436743378639221,
    -0.011788289994001389,
    0.9971612095832825
   ]
  ]
 },
 {
  "rotation_euler": [
   -0.01182064600288868,
   0.07443703711032867,
   -1.002738118171692
  ],
  "euler_order": "XYZ",
  "rotation_matrix": [
   [
    0.5365064144134521,
    0.8424153923988342,
    0.04997102916240692
   ],
   [
    -0.8406130075454712,
    0.5386996269226074,
    -0.05632487311959267
   ],
   [
    -0.07436831295490265,
    -0.011787638068199158,
    0.9971611499786377
   ]
  ]
 },
 {
  "rotation_euler": [
   -0.011821302585303783,
   0.07443702220916748,
   -0.33547937870025635
  ],
  "euler_order": "XYZ",
  "rotation_matrix": [
   [
    0.9416378140449524,
    0.32836875319480896,
    0.07410929352045059
   ],
   [
    -0.32831019163131714,
    0.9444760680198669,
    -0.013319923542439938
   ],
   [
    -0.07436829805374146,
    -0.011788292787969112,
    0.9971611499786377
   ]
  ]
 },
 {
  "rotation_euler": [
   -0.011821904219686985,
   0.07444106042385101,
   -0.7252764701843262
  ],
  "euler_order": "XYZ",
  "rotation_matrix": [
   [
    0.7462436556816101,
    0.6626380681991577,
    0.06349190324544907
   ],
   [
    -0.6615052819252014,
    0.7488469481468201,
    -0.04048455134034157
   ],
   [
    -0.07437232881784439,
    -0.011788889765739441,
    0.9971608519554138
   ]
  ]
 },
 {
  "rotation_euler": [
   -0.011822030879557133,
   0.07444151490926743,
   0.9140322208404541
  ],
  "euler_order": "XYZ",
  "rotation_matrix": [
   [
    0.6088663935661316,
    -0.7924535274505615,
    0.03604317083954811
   ],
   [
    0.7897787094116211,
    0.6098183393478394,
    0.06611490994691849
   ],
   [
    -0.0743727833032608,
    -0.011789015494287014,
    0.9971608519554138
   ]
  ]
 },
 {
  "rotation_euler": [
   -0.011821121908724308,
   0.07444038987159729,
   1.3492811918258667
  ],
  "euler_order": "XYZ",
  "rotation_matrix": [
   [
    0.2190995216369629,
    -0.9756906628608704,
    0.004806893412023783
   ],
   [
    0.9728639721870422,
    0.2188349813222885,
    0.07514650374650955
   ],
   [
    -0.07437165826559067,
    -0.011788110248744488,
    0.9971609115600586
   ]
  ]
 },
 {
  "rotation_euler": [
   -0.011821910738945007,
   0.07444106787443161,
   1.9002436399459839
  ],
  "euler_order": "XYZ",
  "rotation_matrix": [
   [
    -0.322624146938324,
    -0.9458707571029663,
    -0.0352451466023922
   ],
   [
    0.9436007738113403,
    -0.3243294358253479,
    0.06654322892427444
   ],
   [
    -0.07437233626842499,
    -0.011788896284997463,
    0.9971608519554138
   ]
  ]
 },
 {
  "rotation_euler": [
   -0.011821514926850796,
   0.07443591207265854,
   1.2547146081924438
  ],
  "euler_order": "XYZ",
  "rotation_matrix": [
   [
    0.309984028339386,
    -0.9506675601005554,
    0.01187941525131464
   ],
   [
    0.9478287696838379,
    0.30998751521110535,
    0.07435272634029388
   ],
   [
    -0.07436719536781311,
    -0.0117885060608387,
    0.9971612691879272
   ]
  ]
 },
 {
  "rotation_euler": [
   -0.011820761486887932,
   0.07444073259830475,
   -2.1618707180023193
  ],
  "euler_order": "XYZ",
  "rotation_matrix": [
   [
    -0.5557101964950562,
    0.8307743072509766,
    -0.03162610903382301
   ],
   [
    -0.8280428647994995,
    -0.556484580039978,
    -0.06833691895008087
   ],
   [
    -0.07437200099229813,
    -0.011787749826908112,
    0.9971609115600586
   ]
  ]
 },
 {
  "rotation_euler": [
   -0.011820700950920582,
   0.07443999499082565,
   0.2302132546901703
  ],
  "euler_order": "XYZ",
  "rotation_matrix": [
   [
    0.9709214568138123,
    -0.22902512550354004,
    0.06970687955617905
   ],
   [
    0.22755323350429535,
    0.9733491539955139,
    0.028477810323238373
   ],
   [
    -0.07437126338481903,
    -0.011787690222263336,
    0.9971609711647034
   ]
  ]
 },
 {
  "rotation_euler": [
   -0.011822156608104706,
   0.07444170862436295,
   -0.4402129054069519
  ],
  "euler_order": "XYZ",
  "rotation_matrix": [
   [
    0.9021555185317993,
    0.42530688643455505,
    0.07231530547142029
   ],
   [
    -0.4249519109725952,
    0.9049724340438843,
    -0.020995700731873512
   ],
   [
    -0.07437297701835632,
    -0.011789140291512012,
    0.997160792350769
   ]
  ]
 },
 {
  "rotation_euler": [
   -0.01182152796536684,
   0.07443579286336899,
   -2.1102917194366455
  ],
  "euler_order": "XYZ",
  "rotation_matrix": [
   [
    -0.5122806429862976,
    0.8583596348762512,
    -0.028057672083377838
   ],
   [
    -0.8555922508239746,
    -0.5129129886627197,
    -0.06987272948026657
   ],
   [
    -0.07436707615852356,
    -0.011788519099354744,
    0.9971612691879272
   ]
  ]
 },
 {
  "rotation_euler": [
   -0.01182152796536684,
   0.07443864643573761,
   2.9674432277679443
  ],
  "euler_order": "XYZ",
  "rotation_matrix": [
   [
    -0.9821468591690063,
    -0.17239253222942352,
    -0.07528817653656006
   ],
   [
    0.17279066145420074,
    -0.9849578142166138,
    0.001242764643393457
   ],
   [
    -0.07436992228031158,
    -0.01178851630538702,
    0.9971610307693481
   ]
  ]
 },
 {
  "rotation_euler": [
   -0.011822097934782505,
   0.07444141805171967,
   0.6370872259140015
  ],
  "euler_order": "XYZ",
  "rotation_matrix": [
   [
    0.8016056418418884,
    -0.5955217480659485,
    0.052746664732694626
   ],
   [
    0.5932091474533081,
    0.803252637386322,
    0.05374074727296829
   ],
   [
    -0.07437268644571304,
    -0.011789082549512386,
    0.9971608519554138
   ]
  ]
 },
 {
  "rotation_euler": [
   -0.011820754036307335,
   0.07444066554307938,
   -1.8118613958358765
  ],
  "euler_order": "XYZ",
  "rotation_matrix": [
   [
    -0.2380758672952652,
    0.9712262749671936,
    -0.006275413557887077
   ],
   [
    -0.968394935131073,
    -0.23786666989326477,
    -0.0750383511185646
   ],
   [
    -0.07437193393707275,
    -0.011787742376327515,
    0.9971609115600586
   ]
  ]
 }
]