[
 {
  "rotation_euler": [
   1.2843268450524192e-05,
   0.00012283085379749537,
   -0.2351893186569214
  ],
  "euler_order": "XYZ",
  "rotation_matrix": [
   [
    0.972470223903656,
    0.23302710056304932,
    0.00011645651829894632
   ],
   [
    -0.23302710056304932,
    0.972470223903656,
    -4.1112612962024286e-05
   ],
   [
    -0.00012283085379749537,
    1.2843268450524192e-05,
    1.0
   ]
  ]
 },
 {
  "rotation_euler": [
   -8.564100426156074e-06,
   0.00013549128198064864,
   2.3811540603637695
  ],
  "euler_order": "XYZ",
  "rotation_matrix": [
   [
    -0.7245337963104248,
    -0.6892392635345459,
    -0.00010407072841189802
   ],
   [
    0.6892392635345459,
    -0.7245337963104248,
    8.71809315867722e-05
   ],
   [
    -0.00013549128198064864,
    -8.564100426156074e-06,
    1.0
   ]
  ]
 },
 {
  "rotation_euler": [
   -1.4866616766084917e-05,
   0.00011297152377665043,
   1.0194069147109985
  ],
  "euler_order": "XYZ",
  "rotation_matrix": [
   [
    0.5238712430000305,
    -0.8517974615097046,
    4.6519184252247214e-05
   ],
   [
    0.8517974615097046,
    0.5238712430000305,
    0.00010401705367257819
   ],
   [
    -0.00011297152377665043,
    -1.4866616766084917e-05,
    1.0
   ]
  ]
 },
 {
  "rotation_euler": [
   1.1984816410404164e-05,
   0.00010909677803283557,
   -0.45740580558776855
  ],
  "euler_order": "XYZ",
  "rotation_matrix": [
   [
    0.8972011804580688,
    0.4416220784187317,
    9.258899808628485e-05
   ],
   [
    -0.4416220784187317,
    0.8972011804580688,
    -5.893233901588246e-05
   ],
   [
    -0.00010909677803283557,
    1.1984816410404164e-05,
    1.0
   ]
  ]
 },
 {
  "rotation_euler": [
   -0.0001349982776446268,
   0.0002638541045598686,
   -1.856642246246338
  ],
  "euler_order": "XYZ",
  "rotation_matrix": [
   [
    -0.2819691300392151,
    0.9594234824180603,
    5.512179996003397e-05
   ],
   [
    -0.9594234228134155,
    -0.2819691002368927,
    -0.0002912131603807211
   ],
   [
    -0.0002638541045598686,
    -0.0001349982776446268,
    0.9999999403953552
   ]
  ]
 },
 {
  "rotation_euler": [
   0.00029535466455854475,
   0.00047920242650434375,
   1.2350099086761475
  ],
  "euler_order": "XYZ",
  "rotation_matrix": [
   [
    0.32951173186302185,
    -0.9441514015197754,
    0.0004367623769212514
   ],
   [
    0.9441513419151306,
    0.3295118808746338,
    0.00035511679016053677
   ],
   [
    -0.0004792023974005133,
    0.0002953546354547143,
    0.9999998211860657
   ]
  ]
 },
 {
  "rotation_euler": [
   -5.76259772060439e-05,
   0.00012982654152438045,
   0.5777267217636108
  ],
  "euler_order": "XYZ",
  "rotation_matrix": [
   [
    0.8377062678337097,
    -0.5461210012435913,
    7.728575292276219e-05
   ],
   [
    0.5461210012435913,
    0.8377062678337097,
    0.00011917464871658012
   ],
   [
    -0.00012982654152438045,
    -5.76259772060439e-05,
    1.0
   ]
  ]
 },
 {
  "rotation_euler": [
   4.0832001104718074e-05,
   0.0001250514469575137,
   -0.4545273184776306
  ],
  "euler_order": "XYZ",
  "rotation_matrix": [
   [
    0.8984686732292175,
    0.4390376806259155,
    9.442801820114255e-05
   ],
   [
    -0.4390376806259155,
    0.8984686732292175,
    -9.158856846624985e-05
   ],
   [
    -0.0001250514469575137,
    4.0832001104718074e-05,
    1.0
   ]
  ]
 },
 {
  "rotation_euler": [
   -0.0002873391204047948,
   0.0003032774548046291,
   -2.482036590576172
  ],
  "euler_order": "XYZ",
  "rotation_matrix": [
   [
    -0.7902643084526062,
    0.6127661466598511,
    -6.359767576213926e-05
   ],
   [
    -0.6127660274505615,
    -0.7902642488479614,
    -0.00041291199158877134
   ],
   [
    -0.0003032774548046291,
    -0.00028733909130096436,
    0.9999999403953552
   ]
  ]
 },
 {
  "rotation_euler": [
   6.68131178827025e-07,
   0.00011153932427987456,
   2.768125295639038
  ],
  "euler_order": "XYZ",
  "rotation_matrix": [
   [
    -0.9310678839683533,
    -0.36484596133232117,
    -0.00010360691521782428
   ],
   [
    0.36484596133232117,
    -0.9310678839683533,
    4.1316747228847817e-05
   ],
   [
    -0.00011153932427987456,
    6.68131178827025e-07,
    1.0
   ]
  ]
 },
 {
  "rotation_euler": [
   0.009516291320323944,
   0.00825200229883194,
   -2.928814649581909
  ],
  "euler_order": "XYZ",
  "rotation_matrix": [
   [
    -0.9774147868156433,
    0.21108974516391754,
    -0.010075028985738754
   ],
   [
    -0.21116887032985687,
    -0.9774203896522522,
    0.007559013087302446
   ],
   [
    -0.008251908235251904,
    0.009515823796391487,
    0.999920666217804
   ]
  ]
 },
 {
  "rotation_euler": [
   -2.4324590413016267e-05,
   0.00011343313235556707,
   -2.268156051635742
  ],
  "euler_order": "XYZ",
  "rotation_matrix": [
   [
    -0.6421960592269897,
    0.7665404081344604,
    -5.4200529120862484e-05
   ],
   [
    -0.7665404081344604,
    -0.6421960592269897,
    -0.00010257223766529933
   ],
   [
    -0.00011343313235556707,
    -2.4324590413016267e-05,
    1.0
   ]
  ]
 },
 {
  "rotation_euler": [
   -2.4527742425561883e-05,
   0.00011162189184688032,
   0.8629439473152161
  ],
  "euler_order": "XYZ",
  "rotation_matrix": [
   [
    0.6502035856246948,
    -0.7597600221633911,
    5.394175605033524e-05
   ],
   [
    0.7597600221633911,
    0.6502035856246948,
    0.00010075387399410829
   ],
   [
    -0.00011162189184688032,
    -2.4527742425561883e-05,
    1.0
   ]
  ]
 },
 {
  "rotation_euler": [
   -7.866330633987673e-06,
   0.00011470466415630654,
   3.029850482940674
  ],
  "euler_order": "XYZ",
  "rotation_matrix": [
   [
    -0.9937633275985718,
    -0.111509770154953,
    -0.00011486645962577313
   ],
   [
    0.111509770154953,
    -0.9937633275985718,
    4.973420345777413e-06
   ],
   [
    -0.00011470466415630654,
    -7.866330633987673e-06,
    1.0
   ]
  ]
 },
 {
  "rotation_euler": [
   -9.194980520987883e-06,
   0.00011256622383370996,
   -0.14891991019248962
  ],
  "euler_order": "XYZ",
  "rotation_matrix": [
   [
    0.9889318943023682,
    0.14837008714675903,
    0.00011268458911217749
   ],
   [
    -0.14837008714675903,
    0.9889318943023682,
    -7.608250598423183e-06
   ],
   [
    -0.00011256622383370996,
    -9.194980520987883e-06,
    1.0
   ]
  ]
 },
 {
  "rotation_euler": [
   5.3149033192312345e-05,
   9.895865514408797e-05,
   -2.982192039489746
  ],
  "euler_order": "XYZ",
  "rotation_matrix": [
   [
    -0.9873225688934326,
    0.15872643887996674,
    -0.0001061402726918459
   ],
   [
    -0.15872645378112793,
    -0.9873225688934326,
    3.6767884012078866e-05
   ],
   [
    -9.895865514408797e-05,
    5.3149033192312345e-05,
    1.0
   ]
  ]
 }
]