[
 {
  "rotation_euler": [
   -1.5712056159973145,
   -0.4199634790420532,
   1.2942368984222412
  ],
  "euler_order": "XYZ",
  "rotation_matrix": [
   [
    0.24932065606117249,
    0.11172256618738174,
    -0.9619549512863159
   ],
   [
    0.8784064054489136,
    0.39212191104888916,
    0.27320796251296997
   ],
   [
    0.40772709250450134,
    -0.9131037592887878,
    -0.00037372353835962713
   ]
  ]
 },
 {
  "rotation_euler": [
   1.5738506317138672,
   1.3286219835281372,
   0.9442177414894104
  ],
  "euler_order": "XYZ",
  "rotation_matrix": [
   [
    0.1406213939189911,
    0.5717369914054871,
    0.8082960247993469
   ],
   [
    0.1942586451768875,
    0.7846059799194336,
    -0.5887758731842041
   ],
   [
    -0.970818817615509,
    0.239812970161438,
    -0.0007324641919694841
   ]
  ]
 },
 {
  "rotation_euler": [
   -1.5687159299850464,
   0.3235146105289459,
   -0.6757301092147827
  ],
  "euler_order": "XYZ",
  "rotation_matrix": [
   [
    0.739774227142334,
    -0.24674050509929657,
    0.6259818077087402
   ],
   [
    -0.5930203795433044,
    0.2004593163728714,
    0.7798351645469666
   ],
   [
    -0.31790080666542053,
    -0.9481219053268433,
    0.0019724727608263493
   ]
  ]
 },
 {
  "rotation_euler": [
   1.5693868398666382,
   0.7760590314865112,
   1.840870976448059
  ],
  "euler_order": "XYZ",
  "rotation_matrix": [
   [
    -0.19041213393211365,
    -0.18824657797813416,
    0.9634866118431091
   ],
   [
    0.687809407711029,
    0.6747041344642639,
    0.2677546441555023
   ],
   [
    -0.7004722952842712,
    0.7136788964271545,
    0.001005921745672822
   ]
  ]
 },
 {
  "rotation_euler": [
   1.570197582244873,
   -0.9170476198196411,
   0.23986516892910004
  ],
  "euler_order": "XYZ",
  "rotation_matrix": [
   [
    0.5907546281814575,
    -0.7712249159812927,
    0.2371099293231964
   ],
   [
    0.14448310434818268,
    -0.1880050152540207,
    -0.9714827537536621
   ],
   [
    0.7938095331192017,
    0.6081663370132446,
    0.0003641363000497222
   ]
  ]
 },
 {
  "rotation_euler": [
   1.5702658891677856,
   0.484602689743042,
   0.24131688475608826
  ],
  "euler_order": "XYZ",
  "rotation_matrix": [
   [
    0.8592205047607422,
    0.45223137736320496,
    0.2392214685678482
   ],
   [
    0.2114652544260025,
    0.11184624582529068,
    -0.9709649085998535
   ],
   [
    -0.4658568203449249,
    0.8848599791526794,
    0.00046936306171119213
   ]
  ]
 },
 {
  "rotation_euler": [
   1.5686594247817993,
   0.8686966896057129,
   0.5875340104103088
  ],
  "euler_order": "XYZ",
  "rotation_matrix": [
   [
    0.5375243425369263,
    0.6342727541923523,
    0.5556668639183044
   ],
   [
    0.35798582434654236,
    0.42498674988746643,
    -0.8314038515090942
   ],
   [
    -0.7634878754615784,
    0.645820677280426,
    0.0013800576562061906
   ]
  ]
 },
 {
  "rotation_euler": [
   -1.5707430839538574,
   0.10867463052272797,
   -0.41022682189941406
  ],
  "euler_order": "XYZ",
  "rotation_matrix": [
   [
    0.911620557308197,
    -0.09944065660238266,
    0.3988226354122162
   ],
   [
    -0.39646461606025696,
    0.043304890394210815,
    0.9170280694961548
   ],
   [
    -0.10846084356307983,
    -0.9941007494926453,
    5.292874629958533e-05
   ]
  ]
 },
 {
  "rotation_euler": [
   -1.575217366218567,
   -1.0416100025177002,
   1.7193745374679565
  ],
  "euler_order": "XYZ",
  "rotation_matrix": [
   [
    -0.0747312381863594,
    -0.12341047823429108,
    -0.9895378351211548
   ],
   [
    0.49926918745040894,
    0.8543537855148315,
    -0.14425644278526306
   ],
   [
    0.8632181286811829,
    -0.5048261880874634,
    -0.002231871010735631
   ]
  ]
 },
 {
  "rotation_euler": [
   1.5711305141448975,
   -0.39283230900764465,
   1.5552361011505127
  ],
  "euler_order": "XYZ",
  "rotation_matrix": [
   [
    0.014374400489032269,
    -0.005622168071568012,
    0.999880850315094
   ],
   [
    0.9237167239189148,
    -0.38276535272598267,
    -0.015431683510541916
   ],
   [
    0.3828065097332001,
    0.9238284826278687,
    -0.00030873180367052555
   ]
  ]
 },
 {
  "rotation_euler": [
   -1.5701892375946045,
   0.8400141000747681,
   -2.075396776199341
  ],
  "euler_order": "XYZ",
  "rotation_matrix": [
   [
    -0.32268497347831726,
    0.36053937673568726,
    0.8751490116119385
   ],
   [
    -0.584266185760498,
    0.6515511870384216,
    -0.48385336995124817
   ],
   [
    -0.744652509689331,
    -0.6674522161483765,
    0.00040520308539271355
   ]
  ]
 },
 {
  "rotation_euler": [
   -1.5688250064849854,
   1.141969919204712,
   0.5092490315437317
  ],
  "euler_order": "XYZ",
  "rotation_matrix": [
   [
    0.36304277181625366,
    -0.7950140237808228,
    -0.4859554171562195
   ],
   [
    0.20271335542201996,
    -0.4416567087173462,
    0.8739832043647766
   ],
   [
    -0.909454345703125,
    -0.4158029556274414,
    0.0008196818525902927
   ]
  ]
 },
 {
  "rotation_euler": [
   1.5686988830566406,
   -1.9931727647781372,
   -0.7392818331718445
  ],
  "euler_order": "XYZ",
  "rotation_matrix": [
   [
    -0.3029182553291321,
    -0.6725968718528748,
    -0.6751695871353149
   ],
   [
    0.2761928141117096,
    0.6160943508148193,
    -0.7376620173454285
   ],
   [
    0.9121173620223999,
    -0.4099282920360565,
    -0.0008598028216511011
   ]
  ]
 },
 {
  "rotation_euler": [
   1.5791294574737549,
   -1.4623677730560303,
   -1.0518211126327515
  ],
  "euler_order": "XYZ",
  "rotation_matrix": [
   [
    0.05367422103881836,
    -0.5002964735031128,
    -0.8641889095306396
   ],
   [
    -0.09396716207265854,
    0.8590654730796814,
    -0.5031666159629822
   ],
   [
    0.9941273927688599,
    0.10821246355772018,
    -0.0009017694392241538
   ]
  ]
 },
 {
  "rotation_euler": [
   -1.57098388671875,
   -2.5320258140563965,
   -0.3269367218017578
  ],
  "euler_order": "XYZ",
  "rotation_matrix": [
   [
    -0.7764666080474854,
    0.542126476764679,
    0.3212452232837677
   ],
   [
    0.26330432295799255,
    -0.1840362548828125,
    0.9469960331916809
   ],
   [
    0.5725123882293701,
    0.8198960423469543,
    0.00015377964882645756
   ]
  ]
 },
 {
  "rotation_euler": [
   -1.5751972198486328,
   -1.3644216060638428,
   0.022110478952527046
  ],
  "euler_order": "XYZ",
  "rotation_matrix": [
   [
    0.2048628181219101,
    0.9786288142204285,
    -0.017802022397518158
   ],
   [
    0.004530353471636772,
    0.01723952405154705,
    0.9998411536216736
   ],
   [
    0.978780210018158,
    -0.20491091907024384,
    -0.000901796855032444
   ]
  ]
 }
]