[
 {
  "rotation_euler": [
   -0.18023282289505005,
   0.7114102244377136,
   -1.6347546577453613
  ],
  "euler_order": "XYZ",
  "rotation_matrix": [
   [
    -0.04841169714927673,
    0.9892709255218506,
    0.1378379613161087
   ],
   [
    -0.7558931708335876,
    0.053919680416584015,
    -0.6524708271026611
   ],
   [
    -0.6529026031494141,
    -0.13577799499034882,
    0.7451728582382202
   ]
  ]
 },
 {
  "rotation_euler": [
   -0.32267650961875916,
   0.48679402470588684,
   -0.4307306706905365
  ],
  "euler_order": "XYZ",
  "rotation_matrix": [
   [
    0.803108274936676,
    0.26119464635849,
    0.5355319380760193
   ],
   [
    -0.3690328001976013,
    0.9237023591995239,
    0.10290176421403885
   ],
   [
    -0.4677947461605072,
    -0.28027012944221497,
    0.8382223844528198
   ]
  ]
 },
 {
  "rotation_euler": [
   0.8054406642913818,
   1.198182225227356,
   0.22973057627677917
  ],
  "euler_order": "XYZ",
  "rotation_matrix": [
   [
    0.35448694229125977,
    0.49624547362327576,
    0.7925146222114563
   ],
   [
    0.0829000324010849,
    0.8275374174118042,
    -0.555256187915802
   ],
   [
    -0.9313788414001465,
    0.2625305652618408,
    0.25221243500709534
   ]
  ]
 },
 {
  "rotation_euler": [
   -0.3272516131401062,
   0.4797055721282959,
   -1.6553963422775269
  ],
  "euler_order": "XYZ",
  "rotation_matrix": [
   [
    -0.07496178895235062,
    0.956078290939331,
    0.28336387872695923
   ],
   [
    -0.8839580416679382,
    0.06780585646629333,
    -0.4626235067844391
   ],
   [
    -0.46151798963546753,
    -0.2851608693599701,
    0.840050220489502
   ]
  ]
 },
 {
  "rotation_euler": [
   -0.35364407300949097,
   0.44227826595306396,
   -2.648151397705078
  ],
  "euler_order": "XYZ",
  "rotation_matrix": [
   [
    -0.7959653735160828,
    0.5748902559280396,
    -0.18957926332950592
   ],
   [
    -0.4280833899974823,
    -0.7559993863105774,
    -0.49518638849258423
   ],
   [
    -0.4279996156692505,
    -0.3129954934120178,
    0.8478503227233887
   ]
  ]
 },
 {
  "rotation_euler": [
   0.8059204816818237,
   1.19826078414917,
   -0.5807936191558838
  ],
  "euler_order": "XYZ",
  "rotation_matrix": [
   [
    0.30429577827453613,
    0.941731870174408,
    0.14333577454090118
   ],
   [
    -0.19971033930778503,
    0.21019743382930756,
    -0.9570437669754028
   ],
   [
    -0.9314074516296387,
    0.26259875297546387,
    0.25203579664230347
   ]
  ]
 },
 {
  "rotation_euler": [
   0.8054443597793579,
   1.198183536529541,
   -1.6245375871658325
  ],
  "euler_order": "XYZ",
  "rotation_matrix": [
   [
    -0.019555099308490753,
    0.6557125449180603,
    -0.7547573447227478
   ],
   [
    -0.36352458596229553,
    -0.707897424697876,
    -0.6055833101272583
   ],
   [
    -0.9313793182373047,
    0.2625306248664856,
    0.2522106170654297
   ]
  ]
 },
 {
  "rotation_euler": [
   -2.3363704681396484,
   1.9434359073638916,
   -0.19609691202640533
  ],
  "euler_order": "XYZ",
  "rotation_matrix": [
   [
    -0.35709744691848755,
    -0.7936498522758484,
    -0.4925457835197449
   ],
   [
    0.07093732059001923,
    -0.5488329529762268,
    0.8329167366027832
   ],
   [
    -0.9313696026802063,
    0.2624925673007965,
    0.25228625535964966
   ]
  ]
 },
 {
  "rotation_euler": [
   0.8052279353141785,
   1.198157787322998,
   -0.7534313201904297
  ],
  "euler_order": "XYZ",
  "rotation_matrix": [
   [
    0.2655358910560608,
    0.9638372659683228,
    -0.022548696026206017
   ],
   [
    -0.2490796595811844,
    0.045989297330379486,
    -0.9673904776573181
   ],
   [
    -0.931369960308075,
    0.2624933123588562,
    0.25228404998779297
   ]
  ]
 },
 {
  "rotation_euler": [
   0.8054550886154175,
   1.19818913936615,
   1.2936224937438965
  ],
  "euler_order": "XYZ",
  "rotation_matrix": [
   [
    0.09961669147014618,
    -0.48254886269569397,
    0.8701856732368469
   ],
   [
    0.35015031695365906,
    0.8355984687805176,
    0.42328470945358276
   ],
   [
    -0.9313814043998718,
    0.26252955198287964,
    0.25220420956611633
   ]
  ]
 },
 {
  "rotation_euler": [
   0.8054335713386536,
   1.1981823444366455,
   1.120080590248108
  ],
  "euler_order": "XYZ",
  "rotation_matrix": [
   [
    0.1585843414068222,
    -0.33103689551353455,
    0.9301965236663818
   ],
   [
    0.32769548892974854,
    0.9063626527786255,
    0.2666878402233124
   ],
   [
    -0.9313789010047913,
    0.2625286877155304,
    0.2522142231464386
   ]
  ]
 },
 {
  "rotation_euler": [
   0.8054424524307251,
   1.1981829404830933,
   1.6752138137817383
  ],
  "euler_order": "XYZ",
  "rotation_matrix": [
   [
    -0.03794422373175621,
    -0.7590237855911255,
    0.6499562859535217
   ],
   [
    0.36206790804862976,
    0.5957857370376587,
    0.7169004082679749
   ],
   [
    -0.9313791394233704,
    0.26253053545951843,
    0.2522115111351013
   ]
  ]
 },
 {
  "rotation_euler": [
   0.8052473068237305,
   1.198163628578186,
   -0.2140597254037857
  ],
  "euler_order": "XYZ",
  "rotation_matrix": [
   [
    0.3557594120502472,
    0.8033936023712158,
    0.47748711705207825
   ],
   [
    -0.07733864337205887,
    0.5344674587249756,
    -0.841643214225769
   ],
   [
    -0.9313721060752869,
    0.262494295835495,
    0.2522751986980438
   ]
  ]
 },
 {
  "rotation_euler": [
   -2.3361568450927734,
   1.9434099197387695,
   -0.3328687846660614
  ],
  "euler_order": "XYZ",
  "rotation_matrix": [
   [
    -0.3440677523612976,
    -0.8611556887626648,
    -0.37420356273651123
   ],
   [
    0.11895570904016495,
    -0.43530383706092834,
    0.8923901319503784
   ],
   [
    -0.9313790202140808,
    0.2625289857387543,
    0.25221338868141174
   ]
  ]
 },
 {
  "rotation_euler": [
   -0.33002063632011414,
   0.47543856501579285,
   1.9756762981414795
  ],
  "euler_order": "XYZ",
  "rotation_matrix": [
   [
    -0.35022085905075073,
    -0.8111189007759094,
    -0.468435138463974
   ],
   [
    0.8172087073326111,
    -0.5089913010597229,
    0.27036601305007935
   ],
   [
    -0.45772841572761536,
    -0.28812143206596375,
    0.8411127924919128
   ]
  ]
 },
 {
  "rotation_euler": [
   0.8054373264312744,
   1.198182225227356,
   -2.296177864074707
  ],
  "euler_order": "XYZ",
  "rotation_matrix": [
   [
    -0.24151933193206787,
    0.07279621064662933,
    -0.9676616787910461
   ],
   [
    -0.2724001407623291,
    -0.9621739983558655,
    -0.004394850227981806
   ],
   [
    -0.9313788414001465,
    0.26252973079681396,
    0.25221332907676697
   ]
  ]
 }
]