[
 {
  "rotation_euler": [
   -0.5286220908164978,
   -0.0003154565638396889,
   -0.11387786269187927
  ],
  "euler_order": "XYZ",
  "rotation_matrix": [
   [
    0.9935228824615479,
    0.09827952831983566,
    0.05703892931342125
   ],
   [
    -0.11363188177347183,
    0.8578917980194092,
    0.5011082887649536
   ],
   [
    0.0003154565638396889,
    -0.5043439865112305,
    0.8635028004646301
   ]
  ]
 },
 {
  "rotation_euler": [
   -0.5286222100257874,
   -0.0003150975680910051,
   0.4628313481807709
  ],
  "euler_order": "XYZ",
  "rotation_matrix": [
   [
    0.8947919011116028,
    -0.38539743423461914,
    -0.22542470693588257
   ],
   [
    0.4464833438396454,
    0.77272629737854,
    0.45116153359413147
   ],
   [
    0.0003150975680910051,
    -0.5043440461158752,
    0.8635027408599854
   ]
  ]
 },
 {
  "rotation_euler": [
   -0.5286223888397217,
   -0.0003155370650347322,
   0.8935939073562622
  ],
  "euler_order": "XYZ",
  "rotation_matrix": [
   [
    0.6266152262687683,
    -0.6728527545928955,
    -0.3932207226753235
   ],
   [
    0.7793287634849548,
    0.5412079691886902,
    0.3158174455165863
   ],
   [
    0.0003155370650347322,
    -0.5043442249298096,
    0.8635026216506958
   ]
  ]
 },
 {
  "rotation_euler": [
   -0.5286224484443665,
   -0.000315213343128562,
   -0.16713759303092957
  ],
  "euler_order": "XYZ",
  "rotation_matrix": [
   [
    0.9860649704933167,
    0.143809512257576,
    0.08363458514213562
   ],
   [
    -0.1663605123758316,
    0.8514432907104492,
    0.49736154079437256
   ],
   [
    0.000315213343128562,
    -0.5043442845344543,
    0.8635026216506958
   ]
  ]
 },
 {
  "rotation_euler": [
   -0.5286223292350769,
   -0.0003151198907289654,
   3.112813949584961
  ],
  "euler_order": "XYZ",
  "rotation_matrix": [
   [
    -0.9995858669281006,
    -0.025005921721458435,
    -0.01424037478864193
   ],
   [
    0.02877473086118698,
    -0.8631405830383301,
    -0.5041431784629822
   ],
   [
    0.0003151198907289654,
    -0.5043441653251648,
    0.8635026812553406
   ]
  ]
 },
 {
  "rotation_euler": [
   -0.5286223888397217,
   -0.0003158266481477767,
   -2.4326601028442383
  ],
  "euler_order": "XYZ",
  "rotation_matrix": [
   [
    -0.7590572237968445,
    0.5620399713516235,
    0.3285471498966217
   ],
   [
    -0.6510238647460938,
    -0.6555516719818115,
    -0.38264861702919006
   ],
   [
    0.0003158266481477767,
    -0.5043442249298096,
    0.8635026216506958
   ]
  ]
 },
 {
  "rotation_euler": [
   -0.5286222100257874,
   -0.0003153987636324018,
   -2.175102949142456
  ],
  "euler_order": "XYZ",
  "rotation_matrix": [
   [
    -0.5681915879249573,
    0.7104828357696533,
    0.4151776134967804
   ],
   [
    -0.8228962421417236,
    -0.4907659590244293,
    -0.28633996844291687
   ],
   [
    0.0003153987636324018,
    -0.5043440461158752,
    0.8635027408599854
   ]
  ]
 },
 {
  "rotation_euler": [
   -0.5286223292350769,
   -0.00031497780582867563,
   2.9355556964874268
  ],
  "euler_order": "XYZ",
  "rotation_matrix": [
   [
    -0.9788492918014526,
    -0.17681285738945007,
    -0.10291366279125214
   ],
   [
    0.20458228886127472,
    -0.8452065587043762,
    -0.49373263120651245
   ],
   [
    0.00031497780582867563,
    -0.5043441653251648,
    0.8635026812553406
   ]
  ]
 },
 {
  "rotation_euler": [
   -0.5286223292350769,
   -0.00031545982346870005,
   -2.9718947410583496
  ],
  "euler_order": "XYZ",
  "rotation_matrix": [
   [
    -0.9856357574462891,
    0.14567549526691437,
    0.08544445782899857
   ],
   [
    -0.16888460516929626,
    -0.8511260747909546,
    -0.49705371260643005
   ],
   [
    0.00031545982346870005,
    -0.5043441653251648,
    0.8635026812553406
   ]
  ]
 },
 {
  "rotation_euler": [
   -0.5286222100257874,
   -0.00031486389343626797,
   2.8212473392486572
  ],
  "euler_order": "XYZ",
  "rotation_matrix": [
   [
    -0.949126660823822,
    -0.27206283807754517,
    -0.15855704247951508
   ],
   [
    0.31489431858062744,
    -0.8195235729217529,
    -0.4787720739841461
   ],
   [
    0.00031486389343626797,
    -0.5043440461158752,
    0.8635027408599854
   ]
  ]
 },
 {
  "rotation_euler": [
   -0.5286222696304321,
   -0.00031542658689431846,
   0.7696413993835449
  ],
  "euler_order": "XYZ",
  "rotation_matrix": [
   [
    0.7181602120399475,
    -0.6007781028747559,
    -0.3511574864387512
   ],
   [
    0.695877730846405,
    0.620244026184082,
    0.3620103895664215
   ],
   [
    0.00031542658689431846,
    -0.50434410572052,
    0.8635026812553406
   ]
  ]
 },
 {
  "rotation_euler": [
   -0.5286220908164978,
   -0.0003154698060825467,
   -2.792069435119629
  ],
  "euler_order": "XYZ",
  "rotation_matrix": [
   [
    -0.9395360350608826,
    0.2955569624900818,
    0.17296847701072693
   ],
   [
    -0.3424498736858368,
    -0.8113465905189514,
    -0.4737561047077179
   ],
   [
    0.0003154698060825467,
    -0.5043439865112305,
    0.8635028004646301
   ]
  ]
 },
 {
  "rotation_euler": [
   -0.5286222696304321,
   -0.0003151365672238171,
   0.9765567779541016
  ],
  "euler_order": "XYZ",
  "rotation_matrix": [
   [
    0.5598788261413574,
    -0.7153873443603516,
    -0.4180390536785126
   ],
   [
    0.8285744786262512,
    0.4835886061191559,
    0.2821461260318756
   ],
   [
    0.0003151365672238171,
    -0.50434410572052,
    0.8635026812553406
   ]
  ]
 },
 {
  "rotation_euler": [
   -0.5286223292350769,
   -0.0003154020814690739,
   -0.3112267255783081
  ],
  "euler_order": "XYZ",
  "rotation_matrix": [
   [
    0.9519585967063904,
    0.2645789682865143,
    0.15418437123298645
   ],
   [
    -0.3062266409397125,
    0.8219701647758484,
    0.4801982045173645
   ],
   [
    0.0003154020814690739,
    -0.5043441653251648,
    0.8635026812553406
   ]
  ]
 },
 {
  "rotation_euler": [
   -0.5286222100257874,
   -0.00031540083000436425,
   2.9787988662719727
  ],
  "euler_order": "XYZ",
  "rotation_matrix": [
   [
    -0.9867782592773438,
    -0.14010976254940033,
    -0.08147316426038742
   ],
   [
    0.1620756834745407,
    -0.8520600199699402,
    -0.49771997332572937
   ],
   [
    0.00031540083000436425,
    -0.5043440461158752,
    0.8635027408599854
   ]
  ]
 },
 {
  "rotation_euler": [
   -0.5286222100257874,
   -0.0003155188460368663,
   0.8744497895240784
  ],
  "euler_order": "XYZ",
  "rotation_matrix": [
   [
    0.6414190530776978,
    -0.6623692512512207,
    -0.3871028423309326
   ],
   [
    0.7671906352043152,
    0.5539892315864563,
    0.32328689098358154
   ],
   [
    0.0003155188460368663,
    -0.5043440461158752,
    0.8635027408599854
   ]
  ]
 }
]