[
 {
  "rotation_euler": [
   -0.039008814841508865,
   1.5413193702697754,
   0.6094310283660889
  ],
  "euler_order": "XYZ",
  "rotation_matrix": [
   [
    0.024166833609342575,
    -0.6039297580718994,
    0.7966710925102234
   ],
   [
    0.016870196908712387,
    0.7970367074012756,
    0.6036952137947083
   ],
   [
    -0.999565601348877,
    -0.00114940304774791,
    0.029450267553329468
   ]
  ]
 },
 {
  "rotation_euler": [
   -0.03757430613040924,
   1.5413297414779663,
   2.872436761856079
  ],
  "euler_order": "XYZ",
  "rotation_matrix": [
   [
    -0.028401551768183708,
    -0.2295328974723816,
    -0.9728864431381226
   ],
   [
    0.007834556512534618,
    -0.9733002781867981,
    0.22940181195735931
   ],
   [
    -0.9995658993721008,
    -0.0011067658197134733,
    0.029441526159644127
   ]
  ]
 },
 {
  "rotation_euler": [
   -0.039023734629154205,
   1.5413193702697754,
   2.9215798377990723
  ],
  "euler_order": "XYZ",
  "rotation_matrix": [
   [
    -0.02876223810017109,
    -0.18001912534236908,
    -0.9832425117492676
   ],
   [
    0.006432182155549526,
    -0.9836624264717102,
    0.17990785837173462
   ],
   [
    -0.999565601348877,
    -0.0011498425155878067,
    0.029450248926877975
   ]
  ]
 },
 {
  "rotation_euler": [
   -0.03854544833302498,
   1.5413209199905396,
   2.2755298614501953
  ],
  "euler_order": "XYZ",
  "rotation_matrix": [
   [
    -0.019092313945293427,
    -0.7362644672393799,
    -0.676424503326416
   ],
   [
    0.022450648248195648,
    -0.6766929626464844,
    0.7359229922294617
   ],
   [
    -0.9995656609535217,
    -0.0011356970062479377,
    0.02944924868643284
   ]
  ]
 },
 {
  "rotation_euler": [
   -0.03881389647722244,
   1.5413209199905396,
   2.3595173358917236
  ],
  "euler_order": "XYZ",
  "rotation_matrix": [
   [
    -0.020908372476696968,
    -0.6767047643661499,
    -0.7359575629234314
   ],
   [
    0.020769881084561348,
    -0.7362536191940308,
    0.6763868927955627
   ],
   [
    -0.9995656609535217,
    -0.0011436025379225612,
    0.029448943212628365
   ]
  ]
 },
 {
  "rotation_euler": [
   -0.03877853974699974,
   1.5413209199905396,
   0.14450672268867493
  ],
  "euler_order": "XYZ",
  "rotation_matrix": [
   [
    0.029163962230086327,
    -0.18224412202835083,
    0.9828206896781921
   ],
   [
    0.004243970848619938,
    0.9832526445388794,
    0.18219828605651855
   ],
   [
    -0.9995656609535217,
    -0.001142561319284141,
    0.0294489823281765
   ]
  ]
 },
 {
  "rotation_euler": [
   -0.038796015083789825,
   1.5413212776184082,
   -0.24932897090911865
  ],
  "euler_order": "XYZ",
  "rotation_matrix": [
   [
    0.028559492900967598,
    0.208997443318367,
    0.9774990677833557
   ],
   [
    -0.007272025570273399,
    0.9779155254364014,
    -0.20887401700019836
   ],
   [
    -0.9995656609535217,
    -0.0011430621379986405,
    0.029448606073856354
   ]
  ]
 },
 {
  "rotation_euler": [
   -0.038998521864414215,
   1.5413192510604858,
   -2.598750114440918
  ],
  "euler_order": "XYZ",
  "rotation_matrix": [
   [
    -0.02523590810596943,
    0.5495485067367554,
    -0.835080623626709
   ],
   [
    -0.015224826522171497,
    -0.8354610204696655,
    -0.5493387579917908
   ],
   [
    -0.999565601348877,
    -0.0011491045588627458,
    0.029450397938489914
   ]
  ]
 },
 {
  "rotation_euler": [
   -0.03901323676109314,
   1.5413192510604858,
   0.5791405439376831
  ],
  "euler_order": "XYZ",
  "rotation_matrix": [
   [
    0.02466677501797676,
    -0.5795173645019531,
    0.8145864605903625
   ],
   [
    0.016130609437823296,
    0.8149590492248535,
    0.579293966293335
   ],
   [
    -0.999565601348877,
    -0.0011495379731059074,
    0.02945038117468357
   ]
  ]
 },
 {
  "rotation_euler": [
   -0.038826972246170044,
   1.54132080078125,
   -2.145192861557007
  ],
  "euler_order": "XYZ",
  "rotation_matrix": [
   [
    -0.016012568026781082,
    0.8599689602851868,
    -0.5100951194763184
   ],
   [
    -0.024741720408201218,
    -0.5103451013565063,
    -0.8596137166023254
   ],
   [
    -0.999565601348877,
    -0.001143992180004716,
    0.029449045658111572
   ]
  ]
 },
 {
  "rotation_euler": [
   -0.03879166021943092,
   1.5413209199905396,
   1.6257160902023315
  ],
  "euler_order": "XYZ",
  "rotation_matrix": [
   [
    -0.0016177344368770719,
    -0.9956132173538208,
    -0.09355049580335617
   ],
   [
    0.029426705092191696,
    -0.09355750679969788,
    0.9951789379119873
   ],
   [
    -0.9995656609535217,
    -0.0011429477017372847,
    0.029448967427015305
   ]
  ]
 },
 {
  "rotation_euler": [
   -0.03880893066525459,
   1.5413213968276978,
   0.36313092708587646
  ],
  "euler_order": "XYZ",
  "rotation_matrix": [
   [
    0.027548858895897865,
    -0.3911885917186737,
    0.9198980927467346
   ],
   [
    0.010468059219419956,
    0.920309841632843,
    0.39105015993118286
   ],
   [
    -0.9995656609535217,
    -0.001143437810242176,
    0.02944847196340561
   ]
  ]
 },
 {
  "rotation_euler": [
   -0.03901901841163635,
   1.5413193702697754,
   -1.7415213584899902
  ],
  "euler_order": "XYZ",
  "rotation_matrix": [
   [
    -0.005007317755371332,
    0.9913364052772522,
    -0.13125182688236237
   ],
   [
    -0.02904420904815197,
    -0.13134227693080902,
    -0.9909115433692932
   ],
   [
    -0.999565601348877,
    -0.0011497035156935453,
    0.029450254514813423
   ]
  ]
 },
 {
  "rotation_euler": [
   -0.038806717842817307,
   1.541321039199829,
   1.6621462106704712
  ],
  "euler_order": "XYZ",
  "rotation_matrix": [
   [
    -0.002688431413844228,
    -0.9915431141853333,
    -0.1297498345375061
   ],
   [
    0.029348140582442284,
    -0.1297726333141327,
    0.9911093711853027
   ],
   [
    -0.9995656609535217,
    -0.0011433864710852504,
    0.02944883145391941
   ]
  ]
 },
 {
  "rotation_euler": [
   -0.03900979086756706,
   1.541319727897644,
   1.4808398485183716
  ],
  "euler_order": "XYZ",
  "rotation_matrix": [
   [
    0.002647652756422758,
    -0.9987009763717651,
    0.050885654985904694
   ],
   [
    0.02935316413640976,
    0.05094152316451073,
    0.9982701539993286
   ],
   [
    -0.999565601348877,
    -0.001149417832493782,
    0.029449908062815666
   ]
  ]
 },
 {
  "rotation_euler": [
   -0.038808949291706085,
   1.5413209199905396,
   -1.9626424312591553
  ],
  "euler_order": "XYZ",
  "rotation_matrix": [
   [
    -0.011254888027906418,
    0.938320517539978,
    -0.3455834984779358
   ],
   [
    -0.027237392961978912,
    -0.34576481580734253,
    -0.9379258155822754
   ],
   [
    -0.9995656609535217,
    -0.0011434569023549557,
    0.029448948800563812
   ]
  ]
 }
]