[
 {
  "rotation_euler": [
   0.5560832023620605,
   1.485007405281067,
   0.0334128811955452
  ],
  "euler_order": "XYZ",
  "rotation_matrix": [
   [
    0.08563590794801712,
    0.4972555339336395,
    0.86336749792099
   ],
   [
    0.0028624075930565596,
    0.8664243817329407,
    -0.4993000626564026
   ],
   [
    -0.9963223934173584,
    0.04522932320833206,
    0.07277368754148483
   ]
  ]
 },
 {
  "rotation_euler": [
   0.6803064942359924,
   1.4770060777664185,
   2.0339512825012207
  ],
  "euler_order": "XYZ",
  "rotation_matrix": [
   [
    -0.0418415330350399,
    -0.9752799272537231,
    0.2169754058122635
   ],
   [
    0.08378623425960541,
    0.21297554671764374,
    0.9734584093093872
   ],
   [
    -0.995604932308197,
    0.0589105449616909,
    0.0728038102388382
   ]
  ]
 },
 {
  "rotation_euler": [
   1.2366254329681396,
   1.347571611404419,
   1.2629929780960083
  ],
  "euler_order": "XYZ",
  "rotation_matrix": [
   [
    0.06706923246383667,
    -0.0334656648337841,
    0.9971868991851807
   ],
   [
    0.21097113192081451,
    0.9773151278495789,
    0.018609177321195602
   ],
   [
    -0.975188672542572,
    0.20912955701351166,
    0.07260806858539581
   ]
  ]
 },
 {
  "rotation_euler": [
   1.407137155532837,
   -1.281136155128479,
   0.5046165585517883
  ],
  "euler_order": "XYZ",
  "rotation_matrix": [
   [
    0.25002604722976685,
    -0.9064556360244751,
    0.3403310179710388
   ],
   [
    0.13809239864349365,
    -0.31451770663261414,
    -0.9391533732414246
   ],
   [
    0.9583410024642944,
    0.2818099558353424,
    0.04653701186180115
   ]
  ]
 },
 {
  "rotation_euler": [
   1.3862719535827637,
   -0.3290055990219116,
   -0.7653688788414001
  ],
  "euler_order": "XYZ",
  "rotation_matrix": [
   [
    0.6824485659599304,
    -0.10192734748125076,
    -0.7237919569015503
   ],
   [
    -0.6556439399719238,
    0.3523576855659485,
    -0.6678136587142944
   ],
   [
    0.32310211658477783,
    0.9302982687950134,
    0.17363794147968292
   ]
  ]
 },
 {
  "rotation_euler": [
   -0.05429084226489067,
   1.4977912902832031,
   -2.4988021850585938
  ],
  "euler_order": "XYZ",
  "rotation_matrix": [
   [
    -0.05838324874639511,
    0.64186692237854,
    -0.7645902633666992
   ],
   [
    -0.043722644448280334,
    -0.7668058276176453,
    -0.6403882503509521
   ],
   [
    -0.9973363280296326,
    -0.003958039917051792,
    0.07283273339271545
   ]
  ]
 },
 {
  "rotation_euler": [
   -1.258368730545044,
   -1.4204401969909668,
   -0.3124142587184906
  ],
  "euler_order": "XYZ",
  "rotation_matrix": [
   [
    0.14253954589366913,
    0.9897836446762085,
    0.003286607563495636
   ],
   [
    -0.046039070934057236,
    0.0033131323289126158,
    0.9989341497421265
   ],
   [
    0.988717794418335,
    -0.14253893494606018,
    0.04604097455739975
   ]
  ]
 },
 {
  "rotation_euler": [
   0.5672690868377686,
   1.484323501586914,
   0.1633463054895401
  ],
  "euler_order": "XYZ",
  "rotation_matrix": [
   [
    0.08521545678377151,
    0.39104747772216797,
    0.9164170622825623
   ],
   [
    0.014044767245650291,
    0.9191998243331909,
    -0.3935409188270569
   ],
   [
    -0.9962635636329651,
    0.04640663415193558,
    0.07283786684274673
   ]
  ]
 },
 {
  "rotation_euler": [
   -1.8458881378173828,
   -1.741987943649292,
   -0.8701220750808716
  ],
  "euler_order": "XYZ",
  "rotation_matrix": [
   [
    -0.10983460396528244,
    0.40378129482269287,
    0.908238410949707
   ],
   [
    0.13022193312644958,
    -0.9000447988510132,
    0.4158865213394165
   ],
   [
    0.9853824377059937,
    0.1639513075351715,
    0.04627488553524017
   ]
  ]
 },
 {
  "rotation_euler": [
   -1.8140432834625244,
   1.8749898672103882,
   0.9048665761947632
  ],
  "euler_order": "XYZ",
  "rotation_matrix": [
   [
    -0.18504297733306885,
    -0.38268011808395386,
    -0.9051602482795715
   ],
   [
    -0.2355283945798874,
    -0.876952588558197,
    0.4189039468765259
   ],
   [
    -0.9540888071060181,
    0.29070615768432617,
    0.07214189320802689
   ]
  ]
 },
 {
  "rotation_euler": [
   -0.5661212205886841,
   1.4797964096069336,
   2.3618392944335938
  ],
  "euler_order": "XYZ",
  "rotation_matrix": [
   [
    -0.06461958587169647,
    -0.21358895301818848,
    -0.9747841358184814
   ],
   [
    0.06389413774013519,
    -0.975706934928894,
    0.20955553650856018
   ],
   [
    -0.9958623647689819,
    -0.048741601407527924,
    0.07669685781002045
   ]
  ]
 },
 {
  "rotation_euler": [
   1.0603200197219849,
   1.0741591453552246,
   0.9360979199409485
  ],
  "euler_order": "XYZ",
  "rotation_matrix": [
   [
    0.28251659870147705,
    0.061402615159749985,
    0.9572951793670654
   ],
   [
    0.3836790919303894,
    0.9074142575263977,
    -0.17143438756465912
   ],
   [
    -0.8791897892951965,
    0.4157271981239319,
    0.2328006774187088
   ]
  ]
 },
 {
  "rotation_euler": [
   -0.9268736839294434,
   -1.4939759969711304,
   1.4191864728927612
  ],
  "euler_order": "XYZ",
  "rotation_matrix": [
   [
    0.011590744368731976,
    -0.4730215072631836,
    -0.8809746503829956
   ],
   [
    0.07586447149515152,
    0.878910481929779,
    -0.4709150493144989
   ],
   [
    0.9970507621765137,
    -0.0613764189183712,
    0.04607275500893593
   ]
  ]
 },
 {
  "rotation_euler": [
   -1.7877620458602905,
   1.910946249961853,
   0.7142279744148254
  ],
  "euler_order": "XYZ",
  "rotation_matrix": [
   [
    -0.25208935141563416,
    -0.5545993447303772,
    -0.7930135726928711
   ],
   [
    -0.2185380607843399,
    -0.7656824588775635,
    0.6049557328224182
   ],
   [
    -0.9427046775817871,
    0.32580655813217163,
    0.07181935012340546
   ]
  ]
 },
 {
  "rotation_euler": [
   1.1435720920562744,
   -1.4594955444335938,
   -0.5123541951179504
  ],
  "euler_order": "XYZ",
  "rotation_matrix": [
   [
    0.09680879861116409,
    -0.5852200984954834,
    -0.8050748109817505
   ],
   [
    -0.05445045605301857,
    0.8045486807823181,
    -0.5913852453231812
   ],
   [
    0.9938124418258667,
    0.10108798742294312,
    0.04602188989520073
   ]
  ]
 },
 {
  "rotation_euler": [
   -0.9546105265617371,
   1.4460994005203247,
   0.38911327719688416
  ],
  "euler_order": "XYZ",
  "rotation_matrix": [
   [
    0.11507654190063477,
    -0.9684666991233826,
    0.22097425162792206
   ],
   [
    0.04718353971838951,
    0.22753006219863892,
    0.9726272821426392
   ],
   [
    -0.9922354221343994,
    -0.10150023549795151,
    0.0718790590763092
   ]
  ]
 }
]