[
 {
  "rotation_euler": [
   1.569954752922058,
   0.006951315328478813,
   1.384587287902832
  ],
  "euler_order": "XYZ",
  "rotation_matrix": [
   [
    0.18513032793998718,
    0.000459894014056772,
    0.9827138781547546
   ],
   [
    0.982689380645752,
    0.00698689604178071,
    -0.18512898683547974
   ],
   [
    -0.006951259449124336,
    0.9999755024909973,
    0.000841553439386189
   ]
  ]
 },
 {
  "rotation_euler": [
   1.5699161291122437,
   1.0471137762069702,
   1.909553050994873
  ],
  "euler_order": "XYZ",
  "rotation_matrix": [
   [
    -0.16618147492408752,
    -0.2886091470718384,
    0.9429149031639099
   ],
   [
    0.47165271639823914,
    0.8164755702018738,
    0.3330335319042206
   ],
   [
    -0.8659834861755371,
    0.5000723600387573,
    0.00044016263564117253
   ]
  ]
 },
 {
  "rotation_euler": [
   -1.5716801881790161,
   3.5290184314362705e-05,
   1.0348930358886719
  ],
  "euler_order": "XYZ",
  "rotation_matrix": [
   [
    0.5106179118156433,
    0.0007419309695251286,
    -0.8598074316978455
   ],
   [
    0.8598077297210693,
    -0.000481658149510622,
    0.5106176733970642
   ],
   [
    -3.5290184314362705e-05,
    -0.9999995827674866,
    -0.0008838612702675164
   ]
  ]
 },
 {
  "rotation_euler": [
   -1.5691535472869873,
   0.8984647393226624,
   -1.2303264141082764
  ],
  "euler_order": "XYZ",
  "rotation_matrix": [
   [
    0.2079755961894989,
    -0.25970858335494995,
    0.9430257678031921
   ],
   [
    -0.5870611071586609,
    0.7380093932151794,
    0.3327181339263916
   ],
   [
    -0.7823716402053833,
    -0.6228110194206238,
    0.0010231421329081059
   ]
  ]
 },
 {
  "rotation_euler": [
   1.5699208974838257,
   -0.0003541019978001714,
   -1.0517464876174927
  ],
  "euler_order": "XYZ",
  "rotation_matrix": [
   [
    0.4960553050041199,
    0.0005844730767421424,
    -0.8682907223701477
   ],
   [
    -0.8682908415794373,
    0.0007417247397825122,
    -0.49605488777160645
   ],
   [
    0.0003541019978001714,
    0.9999995827674866,
    0.0008754291338846087
   ]
  ]
 },
 {
  "rotation_euler": [
   1.5699161291122437,
   0.00010458425094839185,
   1.664712905883789
  ],
  "euler_order": "XYZ",
  "rotation_matrix": [
   [
    -0.0937785804271698,
    -0.000886126363184303,
    0.9955927133560181
   ],
   [
    0.9955930709838867,
    2.1579638996627182e-05,
    0.09377863258123398
   ],
   [
    -0.00010458425094839185,
    0.9999995827674866,
    0.0008801975636743009
   ]
  ]
 },
 {
  "rotation_euler": [
   -1.5713905096054077,
   -1.0199698209762573,
   -1.7028980255126953
  ],
  "euler_order": "XYZ",
  "rotation_matrix": [
   [
    -0.06894000619649887,
    -0.11282471567392349,
    0.9912204146385193
   ],
   [
    -0.5188314914703369,
    -0.8445897698402405,
    -0.13221968710422516
   ],
   [
    0.8520922064781189,
    -0.5233915448188782,
    -0.000310990319121629
   ]
  ]
 },
 {
  "rotation_euler": [
   -1.5722533464431763,
   -1.290165662765503,
   1.028855800628662
  ],
  "euler_order": "XYZ",
  "rotation_matrix": [
   [
    0.1428566873073578,
    0.4968695640563965,
    -0.8559863567352295
   ],
   [
    0.23727567493915558,
    0.8224433064460754,
    0.516998291015625
   ],
   [
    0.9608809351921082,
    -0.27696141600608826,
    -0.00040353849180974066
   ]
  ]
 },
 {
  "rotation_euler": [
   -1.5717476606369019,
   -1.184114694595337,
   0.026405973359942436
  ],
  "euler_order": "XYZ",
  "rotation_matrix": [
   [
    0.37698566913604736,
    0.9258673787117004,
    -0.025522107258439064
   ],
   [
    0.00995698757469654,
    0.023502448573708534,
    0.9996742010116577
   ],
   [
    0.9261655807495117,
    -0.37711697816848755,
    -0.0003587642568163574
   ]
  ]
 },
 {
  "rotation_euler": [
   -1.57163667678833,
   -1.0467357635498047,
   -1.0293374061584473
  ],
  "euler_order": "XYZ",
  "rotation_matrix": [
   [
    0.2578994631767273,
    0.44549867510795593,
    0.8573323488235474
   ],
   [
    -0.42882150411605835,
    -0.7423820495605469,
    0.5147631168365479
   ],
   [
    0.8657944202423096,
    -0.5003997087478638,
    -0.00042051097261719406
   ]
  ]
 },
 {
  "rotation_euler": [
   -1.5717014074325562,
   0.0001921444636536762,
   -2.172067165374756
  ],
  "euler_order": "XYZ",
  "rotation_matrix": [
   [
    -0.5656908750534058,
    -0.0006376507808454335,
    0.8246171474456787
   ],
   [
    -0.8246173858642578,
    0.0006704413681291044,
    -0.5656905174255371
   ],
   [
    -0.0001921444636536762,
    -0.9999995827674866,
    -0.0009050805238075554
   ]
  ]
 },
 {
  "rotation_euler": [
   1.5767192840576172,
   1.203994631767273,
   1.8403838872909546
  ],
  "euler_order": "XYZ",
  "rotation_matrix": [
   [
    -0.09551578760147095,
    -0.24290379881858826,
    0.9653364419937134
   ],
   [
    0.3456782400608063,
    0.9013243317604065,
    0.26100000739097595
   ],
   [
    -0.9334791302680969,
    0.3586254417896271,
    -0.002124147955328226
   ]
  ]
 },
 {
  "rotation_euler": [
   1.569726586341858,
   -1.0478323698043823,
   1.2458956241607666
  ],
  "euler_order": "XYZ",
  "rotation_matrix": [
   [
    0.1594318151473999,
    -0.2775629162788391,
    0.9473860263824463
   ],
   [
    0.4733201265335083,
    -0.8206757307052612,
    -0.3200927674770355
   ],
   [
    0.8663426637649536,
    0.49944984912872314,
    0.0005342818913049996
   ]
  ]
 },
 {
  "rotation_euler": [
   -1.571683406829834,
   -0.00020515418145805597,
   -2.8099591732025146
  ],
  "euler_order": "XYZ",
  "rotation_matrix": [
   [
    -0.9455117583274841,
    -0.0004827981465496123,
    0.3255876302719116
   ],
   [
    -0.3255879282951355,
    0.0007719487766735256,
    -0.9455114603042603
   ],
   [
    0.00020515418145805597,
    -0.9999995827674866,
    -0.0008870799210853875
   ]
  ]
 },
 {
  "rotation_euler": [
   -1.571675419807434,
   2.094496726989746,
   0.11399375647306442
  ],
  "euler_order": "XYZ",
  "rotation_matrix": [
   [
    -0.49684229493141174,
    -0.8602538704872131,
    -0.11450332403182983
   ],
   [
    -0.05688352882862091,
    -0.09937538951635361,
    0.9934227466583252
   ],
   [
    -0.8659746050834656,
    0.5000877976417542,
    0.00043962380732409656
   ]
  ]
 },
 {
  "rotation_euler": [
   -1.571672797203064,
   1.046931266784668,
   -0.5204262137413025
  ],
  "euler_order": "XYZ",
  "rotation_matrix": [
   [
    0.43400371074676514,
    -0.7516899704933167,
    0.49659132957458496
   ],
   [
    -0.24873964488506317,
    0.4298042953014374,
    0.8679843544960022
   ],
   [
    -0.865892231464386,
    -0.5002303719520569,
    -0.00043843724415637553
   ]
  ]
 }
]