[
 {
  "rotation_euler": [
   -0.00018468545749783516,
   1.1460017503850395e-06,
   -1.3435313701629639
  ],
  "euler_order": "XYZ",
  "rotation_matrix": [
   [
    0.22531364858150482,
    0.9742862582206726,
    0.00018019472190644592
   ],
   [
    -0.9742862582206726,
    0.22531364858150482,
    4.049562267027795e-05
   ],
   [
    -1.1460017503850395e-06,
    -0.00018468545749783516,
    1.0
   ]
  ]
 },
 {
  "rotation_euler": [
   -0.00018590720719657838,
   -1.1044779739677324e-06,
   -0.34512507915496826
  ],
  "euler_order": "XYZ",
  "rotation_matrix": [
   [
    0.941033124923706,
    0.33831438422203064,
    6.185573147376999e-05
   ],
   [
    -0.33831438422203064,
    0.941033124923706,
    0.00017531850608065724
   ],
   [
    1.1044779739677324e-06,
    -0.00018590720719657838,
    1.0
   ]
  ]
 },
 {
  "rotation_euler": [
   -0.00018814204668160528,
   9.109283638508714e-08,
   -1.15140962600708
  ],
  "euler_order": "XYZ",
  "rotation_matrix": [
   [
    0.4072003662586212,
    0.913338840007782,
    0.00017187453340739012
   ],
   [
    -0.913338840007782,
    0.4072003662586212,
    7.652831118321046e-05
   ],
   [
    -9.109283638508714e-08,
    -0.00018814204668160528,
    1.0
   ]
  ]
 },
 {
  "rotation_euler": [
   -0.00018623803043738008,
   9.963589491235325e-07,
   1.915584921836853
  ],
  "euler_order": "XYZ",
  "rotation_matrix": [
   [
    -0.3379977345466614,
    -0.9411469101905823,
    -0.0001756141136866063
   ],
   [
    0.9411469101905823,
    -0.337997704744339,
    -6.201030919328332e-05
   ],
   [
    -9.963589491235325e-07,
    -0.00018623803043738008,
    1.0
   ]
  ]
 },
 {
  "rotation_euler": [
   -0.00018654143786989152,
   -8.175045991265506e-07,
   -2.135697603225708
  ],
  "euler_order": "XYZ",
  "rotation_matrix": [
   [
    -0.535332441329956,
    0.8446414470672607,
    0.00015799826360307634
   ],
   [
    -0.8446414470672607,
    -0.535332441329956,
    -9.917118586599827e-05
   ],
   [
    8.175045991265506e-07,
    -0.00018654143786989152,
    1.0
   ]
  ]
 },
 {
  "rotation_euler": [
   -0.00018818028911482543,
   3.9726916156723746e-07,
   -0.995957612991333
  ],
  "euler_order": "XYZ",
  "rotation_matrix": [
   [
    0.5436994433403015,
    0.8392800092697144,
    0.00015815194637980312
   ],
   [
    -0.8392800092697144,
    0.5436994433403015,
    0.00010198009840678424
   ],
   [
    -3.9726916156723746e-07,
    -0.00018818028911482543,
    1.0
   ]
  ]
 },
 {
  "rotation_euler": [
   -0.00018817973614204675,
   7.284405683094519e-07,
   -1.5184731483459473
  ],
  "euler_order": "XYZ",
  "rotation_matrix": [
   [
    0.05229930579662323,
    0.9986314177513123,
    0.00018796029326040298
   ],
   [
    -0.998631477355957,
    0.05229930579662323,
    9.114226486417465e-06
   ],
   [
    -7.284405683094519e-07,
    -0.00018817973614204675,
    1.0
   ]
  ]
 },
 {
  "rotation_euler": [
   -0.00018672103760764003,
   5.646662657454726e-07,
   2.2407028675079346
  ],
  "euler_order": "XYZ",
  "rotation_matrix": [
   [
    -0.6209127306938171,
    -0.7838796973228455,
    -0.00014671744429506361
   ],
   [
    0.7838796973228455,
    -0.6209127306938171,
    -0.00011549484042916447
   ],
   [
    -5.646662657454726e-07,
    -0.00018672103760764003,
    1.0
   ]
  ]
 },
 {
  "rotation_euler": [
   -0.00018690463912207633,
   -1.0174934459428187e-06,
   0.19685815274715424
  ],
  "euler_order": "XYZ",
  "rotation_matrix": [
   [
    0.9806859493255615,
    -0.1955891251564026,
    -3.755435682251118e-05
   ],
   [
    0.19558914005756378,
    0.9806858897209167,
    0.00018309573351871222
   ],
   [
    1.0174934459428187e-06,
    -0.00018690463912207633,
    1.0
   ]
  ]
 },
 {
  "rotation_euler": [
   -0.00018861162243410945,
   1.4184509566916859e-08,
   1.0238760709762573
  ],
  "euler_order": "XYZ",
  "rotation_matrix": [
   [
    0.5200591683387756,
    -0.854130208492279,
    -0.00016109150601550937
   ],
   [
    0.854130208492279,
    0.5200591683387756,
    9.810132178245112e-05
   ],
   [
    -1.4184509566916859e-08,
    -0.00018861162243410945,
    1.0
   ]
  ]
 },
 {
  "rotation_euler": [
   -0.00018855991947930306,
   9.178771875895109e-08,
   2.7869787216186523
  ],
  "euler_order": "XYZ",
  "rotation_matrix": [
   [
    -0.9377806186676025,
    -0.34722834825515747,
    -6.555942673003301e-05
   ],
   [
    0.34722834825515747,
    -0.9377806186676025,
    -0.00017679596203379333
   ],
   [
    -9.178771875895109e-08,
    -0.00018855991947930306,
    1.0
   ]
  ]
 },
 {
  "rotation_euler": [
   -0.0001881691423477605,
   6.127010010459344e-07,
   -0.22263072431087494
  ],
  "euler_order": "XYZ",
  "rotation_matrix": [
   [
    0.9753199815750122,
    0.22079618275165558,
    4.214460568618961e-05
   ],
   [
    -0.22079618275165558,
    0.9753199815750122,
    0.00018338984227739275
   ],
   [
    -6.127010010459344e-07,
    -0.0001881691423477605,
    1.0
   ]
  ]
 },
 {
  "rotation_euler": [
   -0.0001890955463750288,
   -1.545616967746355e-08,
   -3.106884717941284
  ],
  "euler_order": "XYZ",
  "rotation_matrix": [
   [
    -0.9993977546691895,
    0.034700967371463776,
    6.577245130756637e-06
   ],
   [
    -0.034700967371463776,
    -0.9993976950645447,
    -0.00018898112466558814
   ],
   [
    1.545616967746355e-08,
    -0.0001890955463750288,
    1.0
   ]
  ]
 },
 {
  "rotation_euler": [
   -0.00018923250900115818,
   1.284281552216271e-06,
   1.8649967908859253
  ],
  "euler_order": "XYZ",
  "rotation_matrix": [
   [
    -0.28997474908828735,
    -0.9570342898368835,
    -0.00018147440277971327
   ],
   [
    0.9570342898368835,
    -0.28997474908828735,
    -5.3643550927517936e-05
   ],
   [
    -1.284281552216271e-06,
    -0.00018923250900115818,
    1.0
   ]
  ]
 },
 {
  "rotation_euler": [
   -0.00018898608686868101,
   5.608435458270833e-07,
   1.1910825967788696
  ],
  "euler_order": "XYZ",
  "rotation_matrix": [
   [
    0.3706546127796173,
    -0.9287707805633545,
    -0.00017531687626615167
   ],
   [
    0.9287707805633545,
    0.3706546127796173,
    7.056945469230413e-05
   ],
   [
    -5.608435458270833e-07,
    -0.00018898608686868101,
    1.0
   ]
  ]
 },
 {
  "rotation_euler": [
   -0.00018846809689421207,
   1.4686285965126444e-07,
   0.22178608179092407
  ],
  "euler_order": "XYZ",
  "rotation_matrix": [
   [
    0.9755061268806458,
    -0.21997229754924774,
    -4.131449531996623e-05
   ],
   [
    0.21997231245040894,
    0.9755061268806458,
    0.000183884083526209
   ],
   [
    -1.4686285965126444e-07,
    -0.00018846809689421207,
    1.0
   ]
  ]
 }
]