[
 {
  "rotation_euler": [
   1.3369572116062045e-07,
   -1.9115680061077e-06,
   1.039989948272705
  ],
  "euler_order": "XYZ",
  "rotation_matrix": [
   [
    0.5062289237976074,
    -0.862399160861969,
    -8.523919632352772e-07
   ],
   [
    0.862399160861969,
    0.5062289237976074,
    -1.7162152516903006e-06
   ],
   [
    1.9115680061077e-06,
    1.3369572116062045e-07,
    1.0
   ]
  ]
 },
 {
  "rotation_euler": [
   -0.6808451414108276,
   -1.3285620212554932,
   2.153585433959961
  ],
  "euler_order": "XYZ",
  "rotation_matrix": [
   [
    -0.13201487064361572,
    -0.9850823879241943,
    -0.11038439720869064
   ],
   [
    0.20027679204940796,
    0.08255533874034882,
    -0.9762549996376038
   ],
   [
    0.9708044528961182,
    -0.15098761022090912,
    0.18639060854911804
   ]
  ]
 },
 {
  "rotation_euler": [
   2.085220330627635e-06,
   4.991251216779347e-07,
   -2.686884641647339
  ],
  "euler_order": "XYZ",
  "rotation_matrix": [
   [
    -0.8983892798423767,
    0.4392000138759613,
    -1.3642375051858835e-06
   ],
   [
    -0.4392000138759613,
    -0.8983892798423767,
    1.6541239347134251e-06
   ],
   [
    -4.991251216779347e-07,
    2.085220330627635e-06,
    1.0
   ]
  ]
 },
 {
  "rotation_euler": [
   1.1064427951623657e-07,
   -2.823251406880445e-06,
   -2.412079095840454
  ],
  "euler_order": "XYZ",
  "rotation_matrix": [
   [
    -0.7454987168312073,
    0.6665070652961731,
    2.0309851151978364e-06
   ],
   [
    -0.6665070652961731,
    -0.7454987168312073,
    1.964202283488703e-06
   ],
   [
    2.823251406880445e-06,
    1.1064427951623657e-07,
    1.0
   ]
  ]
 },
 {
  "rotation_euler": [
   2.8221181764820358e-06,
   3.0312531862364267e-07,
   0.5477579236030579
  ],
  "euler_order": "XYZ",
  "rotation_matrix": [
   [
    0.8536942601203918,
    -0.5207744836807251,
    1.7284635305259144e-06
   ],
   [
    0.5207744836807251,
    0.8536942601203918,
    -2.2513661406264873e-06
   ],
   [
    -3.0312531862364267e-07,
    2.8221181764820358e-06,
    1.0
   ]
  ]
 },
 {
  "rotation_euler": [
   -2.441923243168276e-06,
   2.101950485666748e-06,
   -0.3644040524959564
  ],
  "euler_order": "XYZ",
  "rotation_matrix": [
   [
    0.9343363046646118,
    0.3563925325870514,
    2.834211954905186e-06
   ],
   [
    -0.3563925325870514,
    0.9343363046646118,
    1.5324580999731552e-06
   ],
   [
    -2.101950485666748e-06,
    -2.441923243168276e-06,
    1.0
   ]
  ]
 },
 {
  "rotation_euler": [
   -1.3345481875148835e-07,
   -4.905065793536778e-07,
   -2.5042405128479004
  ],
  "euler_order": "XYZ",
  "rotation_matrix": [
   [
    -0.8036742210388184,
    0.5950695276260376,
    4.7362240707116143e-07
   ],
   [
    -0.5950695276260376,
    -0.8036742210388184,
    1.846313182340964e-07
   ],
   [
    4.905065793536778e-07,
    -1.3345481875148835e-07,
    1.0
   ]
  ]
 },
 {
  "rotation_euler": [
   3.1878205390967196e-06,
   -3.5023882105633675e-07,
   -1.4737472534179688
  ],
  "euler_order": "XYZ",
  "rotation_matrix": [
   [
    0.09689680486917496,
    0.995294451713562,
    -3.2067571282823337e-06
   ],
   [
    -0.995294451713562,
    0.09689680486917496,
    3.9701134824099427e-08
   ],
   [
    3.5023882105633675e-07,
    3.1878205390967196e-06,
    1.0
   ]
  ]
 },
 {
  "rotation_euler": [
   3.453860472291126e-06,
   -1.8813798874361964e-07,
   2.8558332920074463
  ],
  "euler_order": "XYZ",
  "rotation_matrix": [
   [
    -0.9594478607177734,
    -0.28188610076904297,
    1.154103870248946e-06
   ],
   [
    0.28188610076904297,
    -0.9594478607177734,
    3.2607656521577155e-06
   ],
   [
    1.8813798874361964e-07,
    3.453860472291126e-06,
    1.0
   ]
  ]
 },
 {
  "rotation_euler": [
   3.8340526771207806e-06,
   -2.842940318714682e-07,
   -2.461261510848999
  ],
  "euler_order": "XYZ",
  "rotation_matrix": [
   [
    -0.7773644328117371,
    0.6290504932403564,
    -2.190812665503472e-06
   ],
   [
    -0.6290504932403564,
    -0.7773644328117371,
    3.1592915092915064e-06
   ],
   [
    2.842940318714682e-07,
    3.8340526771207806e-06,
    1.0
   ]
  ]
 },
 {
  "rotation_euler": [
   3.287569597887341e-06,
   4.4659060449703247e-07,
   -1.9491385221481323
  ],
  "euler_order": "XYZ",
  "rotation_matrix": [
   [
    -0.3693804144859314,
    0.9292782545089722,
    -3.220028929717955e-06
   ],
   [
    -0.9292782545089722,
    -0.3693804144859314,
    7.993568829078868e-07
   ],
   [
    -4.4659060449703247e-07,
    3.287569597887341e-06,
    1.0
   ]
  ]
 },
 {
  "rotation_euler": [
   2.644084133862634e-06,
   1.5322818569529773e-08,
   0.18922244012355804
  ],
  "euler_order": "XYZ",
  "rotation_matrix": [
   [
    0.9821507930755615,
    -0.18809527158737183,
    5.123890218783345e-07
   ],
   [
    0.18809527158737183,
    0.9821507930755615,
    -2.5940071282093413e-06
   ],
   [
    -1.5322818569529773e-08,
    2.644084133862634e-06,
    1.0
   ]
  ]
 },
 {
  "rotation_euler": [
   4.139816667247942e-07,
   1.7979438098336686e-06,
   -1.839321255683899
  ],
  "euler_order": "XYZ",
  "rotation_matrix": [
   [
    -0.26530951261520386,
    0.9641633033752441,
    -8.761575145399547e-07
   ],
   [
    -0.9641633033752441,
    -0.26530951261520386,
    -1.6236781448242255e-06
   ],
   [
    -1.7979438098336686e-06,
    4.139816667247942e-07,
    1.0
   ]
  ]
 },
 {
  "rotation_euler": [
   3.824200575763825e-06,
   2.6201785203738837e-06,
   -2.536264419555664
  ],
  "euler_order": "XYZ",
  "rotation_matrix": [
   [
    -0.8223153948783875,
    0.5690320134162903,
    -4.330705451138783e-06
   ],
   [
    -0.5690320134162903,
    -0.8223153948783875,
    1.6537334204258514e-06
   ],
   [
    -2.6201785203738837e-06,
    3.824200575763825e-06,
    1.0
   ]
  ]
 },
 {
  "rotation_euler": [
   2.8711681920867704e-07,
   -2.524836418160703e-06,
   0.7745062708854675
  ],
  "euler_order": "XYZ",
  "rotation_matrix": [
   [
    0.7147664427757263,
    -0.6993632316589355,
    -1.603869350219611e-06
   ],
   [
    0.6993632316589355,
    0.7147664427757263,
    -1.970999392142403e-06
   ],
   [
    2.524836418160703e-06,
    2.8711681920867704e-07,
    1.0
   ]
  ]
 },
 {
  "rotation_euler": [
   1.432750593721721e-07,
   1.2824914392695064e-06,
   0.1911463439464569
  ],
  "euler_order": "XYZ",
  "rotation_matrix": [
   [
    0.9817870855331421,
    -0.1899844855070114,
    1.2863536085205851e-06
   ],
   [
    0.1899844855070114,
    0.9817870855331421,
    1.0298786889961775e-07
   ],
   [
    -1.2824914392695064e-06,
    1.432750593721721e-07,
    1.0
   ]
  ]
 }
]