[
 {
  "rotation_euler": [
   1.1164469469804317e-05,
   1.6799614968476817e-05,
   -0.04486297070980072
  ],
  "euler_order": "XYZ",
  "rotation_matrix": [
   [
    0.9989938139915466,
    0.04484792426228523,
    1.628200880077202e-05
   ],
   [
    -0.04484792426228523,
    0.9989938139915466,
    -1.1906663530680817e-05
   ],
   [
    -1.6799614968476817e-05,
    1.1164469469804317e-05,
    1.0
   ]
  ]
 },
 {
  "rotation_euler": [
   -3.0814458540362466e-08,
   -5.7431819300290954e-08,
   2.626213550567627
  ],
  "euler_order": "XYZ",
  "rotation_matrix": [
   [
    -0.8701059222221375,
    -0.4928647577762604,
    3.4784406466314977e-08
   ],
   [
    0.4928647577762604,
    -0.8701059222221375,
    -5.511796175028394e-08
   ],
   [
    5.7431819300290954e-08,
    -3.0814458540362466e-08,
    1.0
   ]
  ]
 },
 {
  "rotation_euler": [
   -2.568922070622648e-07,
   2.3949422711666557e-07,
   -2.7543325424194336
  ],
  "euler_order": "XYZ",
  "rotation_matrix": [
   [
    -0.9259472489356995,
    0.3776528537273407,
    -1.2474295374431676e-07
   ],
   [
    -0.3776528537273407,
    -0.9259472489356995,
    -3.283143144017231e-07
   ],
   [
    -2.3949422711666557e-07,
    -2.568922070622648e-07,
    1.0
   ]
  ]
 },
 {
  "rotation_euler": [
   2.7784844860434532e-06,
   9.005433639686089e-06,
   0.19285717606544495
  ],
  "euler_order": "XYZ",
  "rotation_matrix": [
   [
    0.9814606308937073,
    -0.19166387617588043,
    9.371013220516033e-06
   ],
   [
    0.19166387617588043,
    0.9814606308937073,
    -1.0009567859015078e-06
   ],
   [
    -9.005433639686089e-06,
    2.7784844860434532e-06,
    1.0
   ]
  ]
 },
 {
  "rotation_euler": [
   9.62129888648633e-07,
   -4.670593356514985e-10,
   1.7272205352783203
  ],
  "euler_order": "XYZ",
  "rotation_matrix": [
   [
    -0.15578708052635193,
    -0.9877906441688538,
    9.504556715000945e-07
   ],
   [
    0.9877906441688538,
    -0.15578708052635193,
    1.49426043094536e-07
   ],
   [
    4.670593356514985e-10,
    9.62129888648633e-07,
    1.0
   ]
  ]
 },
 {
  "rotation_euler": [
   -2.558373779493195e-08,
   4.29072706253919e-08,
   -1.733697772026062
  ],
  "euler_order": "XYZ",
  "rotation_matrix": [
   [
    -0.16218191385269165,
    0.9867608547210693,
    1.8286247183141313e-08
   ],
   [
    -0.9867608547210693,
    -0.16218191385269165,
    -4.648843443533224e-08
   ],
   [
    -4.29072706253919e-08,
    -2.558373779493195e-08,
    1.0
   ]
  ]
 },
 {
  "rotation_euler": [
   -4.959322907893693e-08,
   -1.0297003250059333e-08,
   1.4083635807037354
  ],
  "euler_order": "XYZ",
  "rotation_matrix": [
   [
    0.161719411611557,
    -0.9868367910385132,
    -5.0605649448698387e-08
   ],
   [
    0.9868367910385132,
    0.161719411611557,
    -2.141274046962849e-09
   ],
   [
    1.0297003250059333e-08,
    -4.959322907893693e-08,
    1.0
   ]
  ]
 },
 {
  "rotation_euler": [
   4.489531946205716e-08,
   -2.5385128310517757e-07,
   0.05007655918598175
  ],
  "euler_order": "XYZ",
  "rotation_matrix": [
   [
    0.9987464547157288,
    -0.05005563423037529,
    -2.5128579750344215e-07
   ],
   [
    0.05005563423037529,
    0.9987464547157288,
    -5.7545726406260655e-08
   ],
   [
    2.5385128310517757e-07,
    4.489531946205716e-08,
    1.0
   ]
  ]
 },
 {
  "rotation_euler": [
   -6.67645622343116e-07,
   -1.2469206467358163e-06,
   2.73085355758667
  ],
  "euler_order": "XYZ",
  "rotation_matrix": [
   [
    -0.9168259501457214,
    -0.39928704500198364,
    8.766269843363261e-07
   ],
   [
    0.39928704500198364,
    -0.9168259501457214,
    -1.109994173020823e-06
   ],
   [
    1.2469206467358163e-06,
    -6.67645622343116e-07,
    1.0
   ]
  ]
 },
 {
  "rotation_euler": [
   -1.5635239947187074e-07,
   1.4482206097454764e-05,
   2.640077829360962
  ],
  "euler_order": "XYZ",
  "rotation_matrix": [
   [
    -0.8768553137779236,
    -0.48075437545776367,
    -1.2773966773238499e-05
   ],
   [
    0.48075437545776367,
    -0.8768553137779236,
    6.825285254308255e-06
   ],
   [
    -1.4482206097454764e-05,
    -1.5635239947187074e-07,
    1.0
   ]
  ]
 },
 {
  "rotation_euler": [
   -3.1062519667557353e-08,
   8.705345777570983e-08,
   -0.5338078141212463
  ],
  "euler_order": "XYZ",
  "rotation_matrix": [
   [
    0.8608758449554443,
    0.5088150501251221,
    9.0747299452687e-08
   ],
   [
    -0.5088150501251221,
    0.8608758449554443,
    -1.755313938645031e-08
   ],
   [
    -8.705345777570983e-08,
    -3.1062519667557353e-08,
    1.0
   ]
  ]
 },
 {
  "rotation_euler": [
   0.011738100089132786,
   0.01693941280245781,
   -0.15003281831741333
  ],
  "euler_order": "XYZ",
  "rotation_matrix": [
   [
    0.9886243343353271,
    0.14965687692165375,
    0.01499270275235176
   ],
   [
    -0.14944913983345032,
    0.9886683225631714,
    -0.014137618243694305
   ],
   [
    -0.016938602551817894,
    0.011736146174371243,
    0.9997876286506653
   ]
  ]
 },
 {
  "rotation_euler": [
   -1.5438206268925114e-10,
   -3.959605692216428e-06,
   -0.03149279206991196
  ],
  "euler_order": "XYZ",
  "rotation_matrix": [
   [
    0.9995041489601135,
    0.031487587839365005,
    -3.957637545681791e-06
   ],
   [
    -0.031487587839365005,
    0.9995041489601135,
    1.248327379244074e-07
   ],
   [
    3.959605692216428e-06,
    -1.5438206268925114e-10,
    1.0
   ]
  ]
 },
 {
  "rotation_euler": [
   1.410547383784433e-06,
   -2.530253198074206e-07,
   -1.3769326210021973
  ],
  "euler_order": "XYZ",
  "rotation_matrix": [
   [
    0.1926516443490982,
    0.9812672138214111,
    -1.4328696806842345e-06
   ],
   [
    -0.9812672138214111,
    0.1926516443490982,
    -2.3458833098288778e-08
   ],
   [
    2.530253198074206e-07,
    1.410547383784433e-06,
    1.0
   ]
  ]
 },
 {
  "rotation_euler": [
   -3.410300664086208e-08,
   1.2447333119780524e-07,
   -1.0878740549087524
  ],
  "euler_order": "XYZ",
  "rotation_matrix": [
   [
    0.4643692374229431,
    0.8856416940689087,
    8.800463291436245e-08
   ],
   [
    -0.8856416940689087,
    0.4643692374229431,
    -9.440238102342846e-08
   ],
   [
    -1.2447333119780524e-07,
    -3.410300664086208e-08,
    1.0
   ]
  ]
 },
 {
  "rotation_euler": [
   -6.02337948407694e-08,
   1.4287577698723908e-07,
   2.0246238708496094
  ],
  "euler_order": "XYZ",
  "rotation_matrix": [
   [
    -0.43840885162353516,
    -0.8987756371498108,
    -1.1677467171011813e-07
   ],
   [
    0.8987756371498108,
    -0.43840885162353516,
    1.0200623989931046e-07
   ],
   [
    -1.4287577698723908e-07,
    -6.02337948407694e-08,
    1.0
   ]
  ]
 }
]