[
 {
  "rotation_euler": [
   -0.08570026606321335,
   -0.06743041425943375,
   0.4256715774536133
  ],
  "euler_order": "XYZ",
  "rotation_matrix": [
   [
    0.9086918830871582,
    -0.40616434812545776,
    -0.0964864119887352
   ],
   [
    0.4119940996170044,
    0.90980064868927,
    0.05023600161075592
   ],
   [
    0.06737932562828064,
    -0.08540087938308716,
    0.9940657615661621
   ]
  ]
 },
 {
  "rotation_euler": [
   -1.5310472249984741,
   -0.030129514634609222,
   2.158505916595459
  ],
  "euler_order": "XYZ",
  "rotation_matrix": [
   [
    -0.5542047023773193,
    -0.04976078122854233,
    -0.8308916687965393
   ],
   [
    0.8318350911140442,
    0.0030172315891832113,
    -0.5550146698951721
   ],
   [
    0.030124956741929054,
    -0.9987565875053406,
    0.039720598608255386
   ]
  ]
 },
 {
  "rotation_euler": [
   -1.8306279182434082,
   -0.4530649781227112,
   1.6682438850402832
  ],
  "euler_order": "XYZ",
  "rotation_matrix": [
   [
    -0.08747744560241699,
    0.21454085409641266,
    -0.9727897644042969
   ],
   [
    0.894844114780426,
    0.44601982831954956,
    0.017897801473736763
   ],
   [
    0.4377233386039734,
    -0.8689295053482056,
    -0.23099729418754578
   ]
  ]
 },
 {
  "rotation_euler": [
   1.7948522567749023,
   -0.1745796501636505,
   0.02373603731393814
  ],
  "euler_order": "XYZ",
  "rotation_matrix": [
   [
    0.9845222234725952,
    -0.16403156518936157,
    0.06172211095690727
   ],
   [
    0.02337304688990116,
    -0.2261427789926529,
    -0.9738137125968933
   ],
   [
    0.1736941933631897,
    0.96018385887146,
    -0.21880868077278137
   ]
  ]
 },
 {
  "rotation_euler": [
   -2.33967924118042,
   0.4876088798046112,
   -1.5688940286636353
  ],
  "euler_order": "XYZ",
  "rotation_matrix": [
   [
    0.0016805949853733182,
    -0.6959720849990845,
    0.7180668711662292
   ],
   [
    -0.8834540843963623,
    0.3353925347328186,
    0.32714027166366577
   ],
   [
    -0.4685147702693939,
    -0.6349288821220398,
    -0.6142957210540771
   ]
  ]
 },
 {
  "rotation_euler": [
   1.669212818145752,
   0.1393110603094101,
   0.3019656836986542
  ],
  "euler_order": "XYZ",
  "rotation_matrix": [
   [
    0.9455040097236633,
    0.1611579954624176,
    0.2829316258430481
   ],
   [
    0.29451629519462585,
    -0.05271485447883606,
    -0.9541914463043213
   ],
   [
    -0.13886088132858276,
    0.9855197668075562,
    -0.0973057672381401
   ]
  ]
 },
 {
  "rotation_euler": [
   0.6202155351638794,
   -0.007656809873878956,
   1.0862531661987305
  ],
  "euler_order": "XYZ",
  "rotation_matrix": [
   [
    0.4657905101776123,
    -0.7221532464027405,
    0.5114038586616516
   ],
   [
    0.8848618865013123,
    0.37511172890663147,
    -0.27624377608299255
   ],
   [
    0.007656734902411699,
    0.5811935067176819,
    0.8137293457984924
   ]
  ]
 },
 {
  "rotation_euler": [
   -1.6870473623275757,
   -0.032638613134622574,
   -1.6433494091033936
  ],
  "euler_order": "XYZ",
  "rotation_matrix": [
   [
    -0.07245083898305893,
    -0.11803378909826279,
    0.9903630018234253
   ],
   [
    -0.9968379735946655,
    -0.023919284343719482,
    -0.07577528059482574
   ],
   [
    0.032632820308208466,
    -0.992721438407898,
    -0.11592759191989899
   ]
  ]
 },
 {
  "rotation_euler": [
   -0.052846524864435196,
   0.03672058507800102,
   -2.565203905105591
  ],
  "euler_order": "XYZ",
  "rotation_matrix": [
   [
    -0.8378710150718689,
    0.5458647608757019,
    -0.0019500431371852756
   ],
   [
    -0.5446323156356812,
    -0.8362088799476624,
    -0.064268097281456
   ],
   [
    -0.03671233355998993,
    -0.05278632044792175,
    0.9979307651519775
   ]
  ]
 },
 {
  "rotation_euler": [
   1.577739953994751,
   0.17031735181808472,
   -2.7450380325317383
  ],
  "euler_order": "XYZ",
  "rotation_matrix": [
   [
    -0.9090510606765747,
    -0.15901996195316315,
    -0.38514775037765503
   ],
   [
    -0.38065409660339355,
    -0.059059932827949524,
    0.9228295683860779
   ],
   [
    -0.1694951206445694,
    0.9855072498321533,
    -0.006843104958534241
   ]
  ]
 },
 {
  "rotation_euler": [
   1.6801180839538574,
   0.1333095133304596,
   1.1780426502227783
  ],
  "euler_order": "XYZ",
  "rotation_matrix": [
   [
    0.3793380558490753,
    0.15136419236660004,
    0.9127932786941528
   ],
   [
    0.915661633014679,
    0.08030379563570023,
    -0.3938464820384979
   ],
   [
    -0.13291501998901367,
    0.9852107167243958,
    -0.10813610255718231
   ]
  ]
 },
 {
  "rotation_euler": [
   1.7550606727600098,
   0.0853206142783165,
   1.797552466392517
  ],
  "euler_order": "XYZ",
  "rotation_matrix": [
   [
    -0.22400009632110596,
    0.1596989929676056,
    0.961415708065033
   ],
   [
    0.9708563089370728,
    0.1228218525648117,
    0.20579794049263
   ],
   [
    -0.08521713316440582,
    0.9794952869415283,
    -0.1825568974018097
   ]
  ]
 },
 {
  "rotation_euler": [
   1.5319744348526,
   -0.05555598437786102,
   -1.083243489265442
  ],
  "euler_order": "XYZ",
  "rotation_matrix": [
   [
    0.4677425026893616,
    0.00829676166176796,
    -0.8838258385658264
   ],
   [
    -0.882118821144104,
    0.06720264256000519,
    -0.466208279132843
   ],
   [
    0.05552741140127182,
    0.9977048635482788,
    0.03875226154923439
   ]
  ]
 },
 {
  "rotation_euler": [
   1.5460540056228638,
   0.025799667462706566,
   -0.8001219034194946
  ],
  "euler_order": "XYZ",
  "rotation_matrix": [
   [
    0.6963874101638794,
    0.035714395344257355,
    -0.7167768478393555
   ],
   [
    -0.7172022461891174,
    -0.001267802668735385,
    -0.6968638896942139
   ],
   [
    -0.025796804577112198,
    0.9993612170219421,
    0.02473156340420246
   ]
  ]
 },
 {
  "rotation_euler": [
   0.02029024250805378,
   -0.002577055711299181,
   0.6710774898529053
  ],
  "euler_order": "XYZ",
  "rotation_matrix": [
   [
    0.7831494808197021,
    -0.6217431426048279,
    0.010598410852253437
   ],
   [
    0.6218281388282776,
    0.7829583883285522,
    -0.017491415143013
   ],
   [
    0.002577052917331457,
    0.020288782194256783,
    0.9997908473014832
   ]
  ]
 },
 {
  "rotation_euler": [
   0.6781939268112183,
   2.491102457046509,
   -0.5473641753196716
  ],
  "euler_order": "XYZ",
  "rotation_matrix": [
   [
    -0.6795219779014587,
    0.7296920418739319,
    0.0761539563536644
   ],
   [
    0.41415807604789734,
    0.4672066271305084,
    -0.7811472415924072
   ],
   [
    -0.6055765748023987,
    -0.49926695227622986,
    -0.6196849942207336
   ]
  ]
 }
]