[
 {
  "rotation_euler": [
   4.261800246041503e-09,
   -1.014891948258878e-09,
   -0.9012906551361084
  ],
  "euler_order": "XYZ",
  "rotation_matrix": [
   [
    0.6205984354019165,
    0.7841285467147827,
    -3.9716394617528294e-09
   ],
   [
    -0.7841285467147827,
    0.6205984354019165,
    -1.8490609043908535e-09
   ],
   [
    1.014891948258878e-09,
    4.261800246041503e-09,
    1.0
   ]
  ]
 },
 {
  "rotation_euler": [
   3.8796926560280554e-08,
   2.6878279602016164e-09,
   0.4738023281097412
  ],
  "euler_order": "XYZ",
  "rotation_matrix": [
   [
    0.8898398280143738,
    -0.45627304911613464,
    2.0093727570724695e-08
   ],
   [
    0.45627304911613464,
    0.8898398280143738,
    -3.32966685334668e-08
   ],
   [
    -2.6878279602016164e-09,
    3.8796926560280554e-08,
    1.0
   ]
  ]
 },
 {
  "rotation_euler": [
   6.53732058708556e-07,
   -1.8589577166494564e-07,
   -2.168212413787842
  ],
  "euler_order": "XYZ",
  "rotation_matrix": [
   [
    -0.5625079870223999,
    0.8267918229103088,
    -4.3593246346063097e-07
   ],
   [
    -0.8267918229103088,
    -0.5625079870223999,
    5.214266138864332e-07
   ],
   [
    1.8589577166494564e-07,
    6.53732058708556e-07,
    1.0
   ]
  ]
 },
 {
  "rotation_euler": [
   -7.700823090317499e-09,
   3.927987268781408e-09,
   0.6138008832931519
  ],
  "euler_order": "XYZ",
  "rotation_matrix": [
   [
    0.8174647092819214,
    -0.575978696346283,
    -1.2245191527426869e-09
   ],
   [
    0.575978696346283,
    0.8174647092819214,
    8.55758841566967e-09
   ],
   [
    -3.927987268781408e-09,
    -7.700823090317499e-09,
    1.0
   ]
  ]
 },
 {
  "rotation_euler": [
   -5.5116256447718115e-08,
   2.6349230353162056e-08,
   -1.1377742290496826
  ],
  "euler_order": "XYZ",
  "rotation_matrix": [
   [
    0.41961586475372314,
    0.9077017903327942,
    6.10856787375269e-08
   ],
   [
    -0.9077017903327942,
    0.41961586475372314,
    -7.895868403551276e-10
   ],
   [
    -2.6349230353162056e-08,
    -5.5116256447718115e-08,
    1.0
   ]
  ]
 },
 {
  "rotation_euler": [
   -2.604989646215472e-08,
   3.1968276914540183e-08,
   -1.5218825340270996
  ],
  "euler_order": "XYZ",
  "rotation_matrix": [
   [
    0.04889428988099098,
    0.998803973197937,
    2.7581805284171423e-08
   ],
   [
    -0.998803973197937,
    0.04889428988099098,
    -3.065634857080113e-08
   ],
   [
    -3.1968276914540183e-08,
    -2.604989646215472e-08,
    1.0
   ]
  ]
 },
 {
  "rotation_euler": [
   -2.143171862201143e-09,
   1.0632277280819835e-09,
   -2.6888420581817627
  ],
  "euler_order": "XYZ",
  "rotation_matrix": [
   [
    -0.8992472887039185,
    0.4374406635761261,
    -1.8594150524853248e-11
   ],
   [
    -0.4374406635761261,
    -0.8992472887039185,
    -2.3923405478853965e-09
   ],
   [
    -1.0632277280819835e-09,
    -2.143171862201143e-09,
    1.0
   ]
  ]
 },
 {
  "rotation_euler": [
   -2.6882689407869975e-09,
   -1.0366064673306141e-09,
   -0.5121090412139893
  ],
  "euler_order": "XYZ",
  "rotation_matrix": [
   [
    0.8717129826545715,
    0.4900168180465698,
    4.136736786453099e-10
   ],
   [
    -0.4900168180465698,
    0.8717129826545715,
    2.8513535976770754e-09
   ],
   [
    1.0366064673306141e-09,
    -2.6882689407869975e-09,
    1.0
   ]
  ]
 },
 {
  "rotation_euler": [
   1.5199431047108192e-08,
   -5.08616828653885e-08,
   -1.0160359144210815
  ],
  "euler_order": "XYZ",
  "rotation_matrix": [
   [
    0.5267396569252014,
    0.8500266671180725,
    -3.971078754716473e-08
   ],
   [
    -0.8500266671180725,
    0.5267396569252014,
    3.522764302488213e-08
   ],
   [
    5.08616828653885e-08,
    1.5199431047108192e-08,
    1.0
   ]
  ]
 },
 {
  "rotation_euler": [
   -8.390040745487326e-11,
   -4.387082017109911e-11,
   -0.4980824887752533
  ],
  "euler_order": "XYZ",
  "rotation_matrix": [
   [
    0.87850022315979,
    0.47774189710617065,
    1.542212104549412e-12
   ],
   [
    -0.47774189710617065,
    0.87850022315979,
    9.466545602965226e-11
   ],
   [
    4.387082017109911e-11,
    -8.390040745487326e-11,
    1.0
   ]
  ]
 },
 {
  "rotation_euler": [
   -6.254718964981976e-10,
   4.151863852719373e-10,
   -2.2816667556762695
  ],
  "euler_order": "XYZ",
  "rotation_matrix": [
   [
    -0.6524935960769653,
    0.757794201374054,
    2.030725171353609e-10
   ],
   [
    -0.757794201374054,
    -0.6524935960769653,
    -7.2274225493274e-10
   ],
   [
    -4.151863852719373e-10,
    -6.254718964981976e-10,
    1.0
   ]
  ]
 },
 {
  "rotation_euler": [
   2.3399910276111768e-07,
   -4.3149100292794174e-08,
   1.1931599378585815
  ],
  "euler_order": "XYZ",
  "rotation_matrix": [
   [
    0.36872443556785583,
    -0.9295387268066406,
    2.0160111091627186e-07
   ],
   [
    0.9295387268066406,
    0.36872443556785583,
    -1.2638994917324453e-07
   ],
   [
    4.3149100292794174e-08,
    2.3399910276111768e-07,
    1.0
   ]
  ]
 },
 {
  "rotation_euler": [
   2.2029956880942336e-07,
   7.452657513340455e-08,
   -0.47872763872146606
  ],
  "euler_order": "XYZ",
  "rotation_matrix": [
   [
    0.8875817656517029,
    0.460650235414505,
    -3.5332618608663324e-08
   ],
   [
    -0.460650235414505,
    0.8875817656517029,
    -2.2986456826856738e-07
   ],
   [
    -7.452657513340455e-08,
    2.2029956880942336e-07,
    1.0
   ]
  ]
 },
 {
  "rotation_euler": [
   3.736399634135523e-08,
   3.1832885216687146e-09,
   -2.7723004817962646
  ],
  "euler_order": "XYZ",
  "rotation_matrix": [
   [
    -0.9325830936431885,
    0.3609554171562195,
    -1.6455418361260854e-08
   ],
   [
    -0.3609554171562195,
    -0.9325830936431885,
    3.369600420910501e-08
   ],
   [
    -3.1832885216687146e-09,
    3.736399634135523e-08,
    1.0
   ]
  ]
 },
 {
  "rotation_euler": [
   -0.296636164188385,
   -3.063804864883423,
   0.684985339641571
  ],
  "euler_order": "XYZ",
  "rotation_matrix": [
   [
    -0.772086501121521,
    -0.587439239025116,
    -0.24248209595680237
   ],
   [
    -0.6307485103607178,
    0.7549760937690735,
    0.17935271561145782
   ],
   [
    0.07770936191082001,
    0.2914210259914398,
    -0.9534332752227783
   ]
  ]
 },
 {
  "rotation_euler": [
   -2.4794235553571298e-09,
   1.1350810291688163e-09,
   2.056053638458252
  ],
  "euler_order": "XYZ",
  "rotation_matrix": [
   [
    -0.466435968875885,
    -0.8845549821853638,
    -2.7226290111315166e-09
   ],
   [
    0.8845549821853638,
    -0.466435968875885,
    -1.5245080198234007e-10
   ],
   [
    -1.1350810291688163e-09,
    -2.4794235553571298e-09,
    1.0
   ]
  ]
 }
]