[
 {
  "rotation_euler": [
   -2.265596876771525e-10,
   3.224351341479803e-10,
   -1.4288647174835205
  ],
  "euler_order": "XYZ",
  "rotation_matrix": [
   [
    0.14145556092262268,
    0.989944577217102,
    2.698917755949992e-10
   ],
   [
    -0.989944577217102,
    0.14145556092262268,
    -2.8714478017555223e-10
   ],
   [
    -3.224351341479803e-10,
    -2.265596876771525e-10,
    1.0
   ]
  ]
 },
 {
  "rotation_euler": [
   -3.558628502986494e-09,
   2.342236626873273e-09,
   0.5470400452613831
  ],
  "euler_order": "XYZ",
  "rotation_matrix": [
   [
    0.8540679216384888,
    -0.520161509513855,
    1.4936758774286574e-10
   ],
   [
    0.520161509513855,
    0.8540679216384888,
    4.2576515646430835e-09
   ],
   [
    -2.342236626873273e-09,
    -3.558628502986494e-09,
    1.0
   ]
  ]
 },
 {
  "rotation_euler": [
   -1.8023725715465844e-05,
   9.052661334862933e-05,
   -0.6865575909614563
  ],
  "euler_order": "XYZ",
  "rotation_matrix": [
   [
    0.7734326720237732,
    0.6338784694671631,
    8.144108869601041e-05
   ],
   [
    -0.6338784694671631,
    0.7734326720237732,
    -4.344273474998772e-05
   ],
   [
    -9.052661334862933e-05,
    -1.8023725715465844e-05,
    1.0
   ]
  ]
 },
 {
  "rotation_euler": [
   1.0841381958837104e-10,
   8.668945422618535e-11,
   -2.4619996547698975
  ],
  "euler_order": "XYZ",
  "rotation_matrix": [
   [
    -0.777828574180603,
    0.6284765005111694,
    -1.3556507305612087e-10
   ],
   [
    -0.6284765005111694,
    -0.777828574180603,
    2.9845081267465545e-11
   ],
   [
    -8.668945422618535e-11,
    1.0841381958837104e-10,
    1.0
   ]
  ]
 },
 {
  "rotation_euler": [
   -0.04948640614748001,
   -0.014257597737014294,
   -2.682126522064209
  ],
  "euler_order": "XYZ",
  "rotation_matrix": [
   [
    -0.8961982727050781,
    0.4422946572303772,
    0.03469962254166603
   ],
   [
    -0.4434245824813843,
    -0.895504891872406,
    -0.03802118077874184
   ],
   [
    0.014257114380598068,
    -0.049461182206869125,
    0.9986742734909058
   ]
  ]
 },
 {
  "rotation_euler": [
   8.198561829431128e-08,
   -8.19462826484596e-08,
   -2.462090015411377
  ],
  "euler_order": "XYZ",
  "rotation_matrix": [
   [
    -0.777885377407074,
    0.6284062266349792,
    1.222454226734726e-08
   ],
   [
    -0.6284062266349792,
    -0.777885377407074,
    1.1527096432928374e-07
   ],
   [
    8.19462826484596e-08,
    8.198561829431128e-08,
    1.0
   ]
  ]
 },
 {
  "rotation_euler": [
   6.289941012482814e-09,
   -5.844321471215608e-09,
   -2.7657997608184814
  ],
  "euler_order": "XYZ",
  "rotation_matrix": [
   [
    -0.930216908454895,
    0.3670102059841156,
    3.128014069986307e-09
   ],
   [
    -0.3670102059841156,
    -0.930216908454895,
    7.995935469296e-09
   ],
   [
    5.844321471215608e-09,
    6.289941012482814e-09,
    1.0
   ]
  ]
 },
 {
  "rotation_euler": [
   1.5484799220644163e-08,
   1.4363716438481333e-08,
   2.1595444679260254
  ],
  "euler_order": "XYZ",
  "rotation_matrix": [
   [
    -0.5553203821182251,
    -0.8316364884376526,
    4.9012602865161625e-09
   ],
   [
    0.8316364884376526,
    -0.5553203821182251,
    2.054441594623313e-08
   ],
   [
    -1.4363716438481333e-08,
    1.5484799220644163e-08,
    1.0
   ]
  ]
 },
 {
  "rotation_euler": [
   8.3755514879158e-07,
   2.057950268863351e-06,
   -0.22505269944667816
  ],
  "euler_order": "XYZ",
  "rotation_matrix": [
   [
    0.9747823476791382,
    0.22315773367881775,
    1.8191466324424255e-06
   ],
   [
    -0.22315773367881775,
    0.9747823476791382,
    -1.2756814840031439e-06
   ],
   [
    -2.057950268863351e-06,
    8.3755514879158e-07,
    1.0
   ]
  ]
 },
 {
  "rotation_euler": [
   -7.859626727224622e-09,
   1.737087362840839e-09,
   1.2197296619415283
  ],
  "euler_order": "XYZ",
  "rotation_matrix": [
   [
    0.34389960765838623,
    -0.9390064477920532,
    -6.782856498688261e-09
   ],
   [
    0.9390064477920532,
    0.34389960765838623,
    4.334058889554626e-09
   ],
   [
    -1.737087362840839e-09,
    -7.859626727224622e-09,
    1.0
   ]
  ]
 },
 {
  "rotation_euler": [
   2.1655125692632282e-08,
   -6.443542588385753e-09,
   -1.5243985652923584
  ],
  "euler_order": "XYZ",
  "rotation_matrix": [
   [
    0.04638111591339111,
    0.9989238381385803,
    -2.1930679494630567e-08
   ],
   [
    -0.9989238381385803,
    0.04638111591339111,
    5.4322191189726254e-09
   ],
   [
    6.443542588385753e-09,
    2.1655125692632282e-08,
    1.0
   ]
  ]
 },
 {
  "rotation_euler": [
   -1.2429429041560525e-08,
   3.465425990611948e-08,
   -2.321498394012451
  ],
  "euler_order": "XYZ",
  "rotation_matrix": [
   [
    -0.682152271270752,
    0.7312101125717163,
    -1.4550957772030415e-08
   ],
   [
    -0.7312101125717163,
    -0.682152271270752,
    -3.38183099302114e-08
   ],
   [
    -3.465425990611948e-08,
    -1.2429429041560525e-08,
    1.0
   ]
  ]
 },
 {
  "rotation_euler": [
   6.201637734193355e-05,
   -1.882608739833813e-05,
   0.41825905442237854
  ],
  "euler_order": "XYZ",
  "rotation_matrix": [
   [
    0.9137974381446838,
    -0.40617018938064575,
    7.9859737525112e-06
   ],
   [
    0.40617018938064575,
    0.9137974381446838,
    -6.431700603570789e-05
   ],
   [
    1.882608739833813e-05,
    6.201637734193355e-05,
    1.0
   ]
  ]
 },
 {
  "rotation_euler": [
   9.068487088370603e-06,
   -4.558325235848315e-05,
   1.9271475076675415
  ],
  "euler_order": "XYZ",
  "rotation_matrix": [
   [
    -0.34885698556900024,
    -0.937175989151001,
    2.4400804250035435e-05
   ],
   [
    0.937175989151001,
    -0.34885698556900024,
    -3.955592546844855e-05
   ],
   [
    4.558325235848315e-05,
    9.068487088370603e-06,
    1.0
   ]
  ]
 },
 {
  "rotation_euler": [
   1.913156069122124e-07,
   -4.395393489176058e-07,
   2.8313052654266357
  ],
  "euler_order": "XYZ",
  "rotation_matrix": [
   [
    -0.952245831489563,
    -0.3053323030471802,
    4.769643737745355e-07
   ],
   [
    0.3053323030471802,
    -0.952245831489563,
    4.797392705313541e-08
   ],
   [
    4.395393489176058e-07,
    1.913156069122124e-07,
    1.0
   ]
  ]
 },
 {
  "rotation_euler": [
   -1.0956038209997132e-07,
   -8.027476461336391e-09,
   2.3513495922088623
  ],
  "euler_order": "XYZ",
  "rotation_matrix": [
   [
    -0.7036726474761963,
    -0.710524320602417,
    -7.219659892143682e-08
   ],
   [
    0.710524320602417,
    -0.7036726474761963,
    -8.279835839175576e-08
   ],
   [
    8.027476461336391e-09,
    -1.0956038209997132e-07,
    1.0
   ]
  ]
 }
]