[
 {
  "rotation_euler": [
   8.652041287859902e-06,
   6.1691293922194745e-06,
   -1.4640443325042725
  ],
  "euler_order": "XYZ",
  "rotation_matrix": [
   [
    0.10654935240745544,
    0.9943073987960815,
    -7.945472134451848e-06
   ],
   [
    -0.9943073987960815,
    0.10654935240745544,
    -7.055880359985167e-06
   ],
   [
    -6.1691293922194745e-06,
    8.652041287859902e-06,
    1.0
   ]
  ]
 },
 {
  "rotation_euler": [
   4.5978549678693525e-06,
   3.792832103499677e-06,
   1.859196424484253
  ],
  "euler_order": "XYZ",
  "rotation_matrix": [
   [
    -0.2844187617301941,
    -0.9587001204490662,
    3.3292114949290408e-06
   ],
   [
    0.9587001204490662,
    -0.2844187617301941,
    4.943904968968127e-06
   ],
   [
    -3.792832103499677e-06,
    4.5978549678693525e-06,
    1.0
   ]
  ]
 },
 {
  "rotation_euler": [
   -2.9977175017847912e-06,
   6.67429412715137e-06,
   -0.9713860750198364
  ],
  "euler_order": "XYZ",
  "rotation_matrix": [
   [
    0.564155638217926,
    0.825668454170227,
    6.240461516426876e-06
   ],
   [
    -0.825668454170227,
    0.564155638217926,
    -3.819574885710608e-06
   ],
   [
    -6.67429412715137e-06,
    -2.9977175017847912e-06,
    1.0
   ]
  ]
 },
 {
  "rotation_euler": [
   -4.911535711471515e-07,
   -5.630893610941712e-06,
   -0.5705562829971313
  ],
  "euler_order": "XYZ",
  "rotation_matrix": [
   [
    0.8416006565093994,
    0.5401002764701843,
    -4.473691660678014e-06
   ],
   [
    -0.5401002764701843,
    0.8416006565093994,
    3.454602392594097e-06
   ],
   [
    5.630893610941712e-06,
    -4.911535711471515e-07,
    1.0
   ]
  ]
 },
 {
  "rotation_euler": [
   -1.5680095657444326e-06,
   4.1534012780175544e-06,
   -1.8297474384307861
  ],
  "euler_order": "XYZ",
  "rotation_matrix": [
   [
    -0.25606676936149597,
    0.9666590690612793,
    4.521826326708833e-07
   ],
   [
    -0.9666590690612793,
    -0.25606676936149597,
    -4.4164380597067066e-06
   ],
   [
    -4.1534012780175544e-06,
    -1.5680095657444326e-06,
    1.0
   ]
  ]
 },
 {
  "rotation_euler": [
   -7.963024472701363e-06,
   4.835812887904467e-06,
   -1.672460675239563
  ],
  "euler_order": "XYZ",
  "rotation_matrix": [
   [
    -0.10148931294679642,
    0.9948366284370422,
    7.4311251410108525e-06
   ],
   [
    -0.9948366284370422,
    -0.10148931294679642,
    -5.619005605694838e-06
   ],
   [
    -4.835812887904467e-06,
    -7.963024472701363e-06,
    1.0
   ]
  ]
 },
 {
  "rotation_euler": [
   3.300370281067444e-06,
   -5.651383503391116e-07,
   -1.9637006521224976
  ],
  "euler_order": "XYZ",
  "rotation_matrix": [
   [
    -0.3828730583190918,
    0.9238009452819824,
    -2.832508926076116e-06
   ],
   [
    -0.9238009452819824,
    -0.3828730583190918,
    1.7856981457953225e-06
   ],
   [
    5.651383503391116e-07,
    3.300370281067444e-06,
    1.0
   ]
  ]
 },
 {
  "rotation_euler": [
   1.6751439571380615,
   3.286598087015591e-07,
   2.7875378131866455
  ],
  "euler_order": "XYZ",
  "rotation_matrix": [
   [
    -0.9379745721817017,
    0.03611181676387787,
    0.34481820464134216
   ],
   [
    0.34670397639274597,
    0.09769801795482635,
    0.9328727126121521
   ],
   [
    -3.286598087015591e-07,
    0.994560718536377,
    -0.10415837168693542
   ]
  ]
 },
 {
  "rotation_euler": [
   3.3904505016835174e-06,
   4.831420483242255e-06,
   1.018555998802185
  ],
  "euler_order": "XYZ",
  "rotation_matrix": [
   [
    0.5245958566665649,
    -0.8513513803482056,
    5.42100769962417e-06
   ],
   [
    0.8513513803482056,
    0.5245958566665649,
    2.3346203761320794e-06
   ],
   [
    -4.831420483242255e-06,
    3.3904505016835174e-06,
    1.0
   ]
  ]
 },
 {
  "rotation_euler": [
   1.2089216170352302e-06,
   -3.889883828378515e-06,
   0.06414046138525009
  ],
  "euler_order": "XYZ",
  "rotation_matrix": [
   [
    0.9979436993598938,
    -0.06409648805856705,
    -3.804397465501097e-06
   ],
   [
    0.06409648805856705,
    0.9979436993598938,
    -1.4557635950041004e-06
   ],
   [
    3.889883828378515e-06,
    1.2089216170352302e-06,
    1.0
   ]
  ]
 },
 {
  "rotation_euler": [
   4.743087174574612e-06,
   -3.2492334867129102e-06,
   -1.6979689598083496
  ],
  "euler_order": "XYZ",
  "rotation_matrix": [
   [
    -0.1268301159143448,
    0.9919244647026062,
    -4.292683570383815e-06
   ],
   [
    -0.9919244647026062,
    -0.1268301159143448,
    3.8245602809183765e-06
   ],
   [
    3.2492334867129102e-06,
    4.743087174574612e-06,
    1.0
   ]
  ]
 },
 {
  "rotation_euler": [
   8.802261618257035e-06,
   7.202733286248986e-06,
   1.8684476613998413
  ],
  "euler_order": "XYZ",
  "rotation_matrix": [
   [
    -0.2932756245136261,
    -0.9560279250144958,
    6.302821930148639e-06
   ],
   [
    0.9560279250144958,
    -0.2932756245136261,
    9.467503332416527e-06
   ],
   [
    -7.202733286248986e-06,
    8.802261618257035e-06,
    1.0
   ]
  ]
 },
 {
  "rotation_euler": [
   2.8132371880928986e-06,
   7.162124802562175e-06,
   -1.703392505645752
  ],
  "euler_order": "XYZ",
  "rotation_matrix": [
   [
    -0.1322079747915268,
    0.9912220239639282,
    -3.735432528628735e-06
   ],
   [
    -0.9912220239639282,
    -0.1322079747915268,
    -6.727323125232942e-06
   ],
   [
    -7.162124802562175e-06,
    2.8132371880928986e-06,
    1.0
   ]
  ]
 },
 {
  "rotation_euler": [
   2.249188810310443e-06,
   -3.3474343581474386e-06,
   0.6872110366821289
  ],
  "euler_order": "XYZ",
  "rotation_matrix": [
   [
    0.7730183005332947,
    -0.6343837380409241,
    -1.160779220299446e-06
   ],
   [
    0.6343837380409241,
    0.7730183005332947,
    -3.862222001771443e-06
   ],
   [
    3.3474343581474386e-06,
    2.249188810310443e-06,
    1.0
   ]
  ]
 },
 {
  "rotation_euler": [
   -1.012229586194735e-05,
   -4.769481165567413e-06,
   0.8503289818763733
  ],
  "euler_order": "XYZ",
  "rotation_matrix": [
   [
    0.6597359776496887,
    -0.7514975070953369,
    -1.0753477909020148e-05
   ],
   [
    0.7514975070953369,
    0.6597359776496887,
    3.0937894734961446e-06
   ],
   [
    4.769481165567413e-06,
    -1.012229586194735e-05,
    1.0
   ]
  ]
 },
 {
  "rotation_euler": [
   5.1321808314241935e-06,
   2.492653948138468e-06,
   -2.480640172958374
  ],
  "euler_order": "XYZ",
  "rotation_matrix": [
   [
    -0.7894079089164734,
    0.6138690114021301,
    -5.118207354826154e-06
   ],
   [
    -0.6138690114021301,
    -0.7894079089164734,
    2.52122094934748e-06
   ],
   [
    -2.492653948138468e-06,
    5.1321808314241935e-06,
    1.0
   ]
  ]
 }
]