[
 {
  "rotation_euler": [
   1.477639079093933,
   0.42825058102607727,
   -2.098276138305664
  ],
  "euler_order": "XYZ",
  "rotation_matrix": [
   [
    -0.4579009413719177,
    -0.12774907052516937,
    -0.8797765970230103
   ],
   [
    -0.7860466241836548,
    -0.4041021466255188,
    0.4677950441837311
   ],
   [
    -0.4152800142765045,
    0.9057492017745972,
    0.08462203294038773
   ]
  ]
 },
 {
  "rotation_euler": [
   -0.00021195709996391088,
   8.525785960955545e-05,
   -2.207235097885132
  ],
  "euler_order": "XYZ",
  "rotation_matrix": [
   [
    -0.5943351984024048,
    0.8042173981666565,
    0.00011978784459643066
   ],
   [
    -0.8042173981666565,
    -0.5943351984024048,
    -0.00019453941786196083
   ],
   [
    -8.525785960955545e-05,
    -0.00021195709996391088,
    1.0
   ]
  ]
 },
 {
  "rotation_euler": [
   -1.1686885356903076,
   0.5997770428657532,
   -2.0990941524505615
  ],
  "euler_order": "XYZ",
  "rotation_matrix": [
   [
    -0.4160853922367096,
    0.5998325347900391,
    0.6834280490875244
   ],
   [
    -0.7129232883453369,
    0.25134962797164917,
    -0.6546478271484375
   ],
   [
    -0.564458429813385,
    -0.7596211433410645,
    0.32305169105529785
   ]
  ]
 },
 {
  "rotation_euler": [
   -1.4776394367218018,
   0.4282507300376892,
   0.3759741485118866
  ],
  "euler_order": "XYZ",
  "rotation_matrix": [
   [
    0.8461518287658691,
    -0.41875389218330383,
    -0.3296547532081604
   ],
   [
    0.33402019739151,
    -0.06529626250267029,
    0.9403014779090881
   ],
   [
    -0.41528013348579407,
    -0.9057492017745972,
    0.08462170511484146
   ]
  ]
 },
 {
  "rotation_euler": [
   -1.4776383638381958,
   0.4282456040382385,
   1.6139936447143555
  ],
  "euler_order": "XYZ",
  "rotation_matrix": [
   [
    -0.03928419575095177,
    -0.07508105039596558,
    -0.9964033365249634
   ],
   [
    0.9088470935821533,
    -0.4171062111854553,
    -0.004402387421578169
   ],
   [
    -0.4152754843235016,
    -0.9057512283325195,
    0.08462287485599518
   ]
  ]
 },
 {
  "rotation_euler": [
   -0.00019902562780771405,
   3.353409192641266e-05,
   -2.7796545028686523
  ],
  "euler_order": "XYZ",
  "rotation_matrix": [
   [
    -0.9352123141288757,
    0.3540874719619751,
    3.9110986108426005e-05
   ],
   [
    -0.3540874719619751,
    -0.9352123141288757,
    -0.0001980052184080705
   ],
   [
    -3.353409192641266e-05,
    -0.00019902562780771405,
    1.0
   ]
  ]
 },
 {
  "rotation_euler": [
   -1.477639079093933,
   0.4282503128051758,
   0.228390172123909
  ],
  "euler_order": "XYZ",
  "rotation_matrix": [
   [
    0.886070966720581,
    -0.4238031506538391,
    -0.1878008395433426
   ],
   [
    0.20596358180046082,
    -0.003008750732988119,
    0.9785550236701965
   ],
   [
    -0.415279746055603,
    -0.9057493209838867,
    0.08462204784154892
   ]
  ]
 },
 {
  "rotation_euler": [
   0.5392432808876038,
   0.7247408032417297,
   -0.1449609398841858
  ],
  "euler_order": "XYZ",
  "rotation_matrix": [
   [
    0.7408188581466675,
    0.46079668402671814,
    0.4887267053127289
   ],
   [
    -0.10814839601516724,
    0.7999235987663269,
    -0.590276300907135
   ],
   [
    -0.6629413962364197,
    0.3844328224658966,
    0.6424329280853271
   ]
  ]
 },
 {
  "rotation_euler": [
   -1.477639079093933,
   0.4282504916191101,
   2.19291090965271
  ],
  "euler_order": "XYZ",
  "rotation_matrix": [
   [
    -0.5301284193992615,
    0.16536246240139008,
    -0.8316364288330078
   ],
   [
    0.739260733127594,
    -0.3902224600315094,
    -0.5488351583480835
   ],
   [
    -0.41527992486953735,
    -0.9057492613792419,
    0.08462204039096832
   ]
  ]
 },
 {
  "rotation_euler": [
   1.477639079093933,
   0.4282504618167877,
   0.28110554814338684
  ],
  "euler_order": "XYZ",
  "rotation_matrix": [
   [
    0.87398761510849,
    0.3714437782764435,
    0.31332921981811523
   ],
   [
    0.252365380525589,
    0.20407794415950775,
    -0.9458667635917664
   ],
   [
    -0.41527989506721497,
    0.9057492613792419,
    0.08462204039096832
   ]
  ]
 },
 {
  "rotation_euler": [
   1.6623858213424683,
   2.733604669570923,
   -0.23995080590248108
  ],
  "euler_order": "XYZ",
  "rotation_matrix": [
   [
    -0.8916222453117371,
    0.36204424500465393,
    -0.27190762758255005
   ],
   [
    0.2181483656167984,
    -0.18273858726024628,
    -0.9586542248725891
   ],
   [
    -0.39676326513290405,
    -0.9140735864639282,
    0.08395442366600037
   ]
  ]
 },
 {
  "rotation_euler": [
   1.4776389598846436,
   0.428251177072525,
   -0.4167517423629761
  ],
  "euler_order": "XYZ",
  "rotation_matrix": [
   [
    0.8318315148353577,
    0.41574445366859436,
    -0.3677130937576294
   ],
   [
    -0.3682369291782379,
    -0.08231275528669357,
    -0.9260810613632202
   ],
   [
    -0.4152805507183075,
    0.9057489633560181,
    0.08462212234735489
   ]
  ]
 },
 {
  "rotation_euler": [
   -0.00016127702838275582,
   7.36340880393982e-05,
   3.0768067836761475
  ],
  "euler_order": "XYZ",
  "rotation_matrix": [
   [
    -0.9979021549224854,
    -0.06474054604768753,
    -8.392077870666981e-05
   ],
   [
    0.06474056094884872,
    -0.9979020953178406,
    -0.00015617157623637468
   ],
   [
    -7.36340880393982e-05,
    -0.00016127702838275582,
    1.0
   ]
  ]
 },
 {
  "rotation_euler": [
   -0.000244296359596774,
   0.0001692430960247293,
   -0.2268563210964203
  ],
  "euler_order": "XYZ",
  "rotation_matrix": [
   [
    0.974378228187561,
    0.22491545975208282,
    0.00021985282364767045
   ],
   [
    -0.2249155044555664,
    0.974378228187561,
    0.0001999716623686254
   ],
   [
    -0.0001692430960247293,
    -0.000244296359596774,
    0.9999999403953552
   ]
  ]
 },
 {
  "rotation_euler": [
   -1.477639079093933,
   0.4282504916191101,
   -2.658477544784546
  ],
  "euler_order": "XYZ",
  "rotation_matrix": [
   [
    -0.8055811524391174,
    0.40937015414237976,
    0.42831653356552124
   ],
   [
    -0.42258912324905396,
    0.10970133543014526,
    -0.8996577262878418
   ],
   [
    -0.41527992486953735,
    -0.9057492613792419,
    0.08462204039096832
   ]
  ]
 },
 {
  "rotation_euler": [
   -0.0001857252646004781,
   8.547300240024924e-06,
   -1.2183287143707275
  ],
  "euler_order": "XYZ",
  "rotation_matrix": [
   [
    0.34521475434303284,
    0.9385237097740173,
    0.00017725821817293763
   ],
   [
    -0.9385237097740173,
    0.34521475434303284,
    5.609326035482809e-05
   ],
   [
    -8.547300240024924e-06,
    -0.0001857252646004781,
    1.0
   ]
  ]
 }
]