[
 {
  "rotation_euler": [
   0.03346778824925423,
   0.7331935167312622,
   -1.7126802206039429
  ],
  "euler_order": "XYZ",
  "rotation_matrix": [
   [
    -0.10507217794656754,
    0.9862303137779236,
    -0.1277092546224594
   ],
   [
    -0.7355743646621704,
    -0.16349811851978302,
    -0.6574181914329529
   ],
   [
    -0.6692459583282471,
    0.024863295257091522,
    0.742624819278717
   ]
  ]
 },
 {
  "rotation_euler": [
   -0.04668176546692848,
   0.7328685522079468,
   -1.3475489616394043
  ],
  "euler_order": "XYZ",
  "rotation_matrix": [
   [
    0.1645555943250656,
    0.9672094583511353,
    0.1934613585472107
   ],
   [
    -0.7248134016990662,
    0.25160059332847595,
    -0.6413599848747253
   ],
   [
    -0.6690044403076172,
    -0.034684013575315475,
    0.7424486875534058
   ]
  ]
 },
 {
  "rotation_euler": [
   1.0432617664337158,
   0.6860601902008057,
   0.5039205551147461
  ],
  "euler_order": "XYZ",
  "rotation_matrix": [
   [
    0.6775680780410767,
    0.23625528812408447,
    0.696480393409729
   ],
   [
    0.37361380457878113,
    0.7051342725753784,
    -0.6026594042778015
   ],
   [
    -0.6334936618804932,
    0.6685574650764465,
    0.3895082473754883
   ]
  ]
 },
 {
  "rotation_euler": [
   0.2920602560043335,
   0.7218198776245117,
   -0.724040150642395
  ],
  "euler_order": "XYZ",
  "rotation_matrix": [
   [
    0.5623045563697815,
    0.7768863439559937,
    0.2833041846752167
   ],
   [
    -0.4972129464149475,
    0.5913885831832886,
    -0.6348533630371094
   ],
   [
    -0.6607517600059509,
    0.21611842513084412,
    0.7188184261322021
   ]
  ]
 },
 {
  "rotation_euler": [
   -0.38991719484329224,
   0.7145596742630005,
   2.610480308532715
  ],
  "euler_order": "XYZ",
  "rotation_matrix": [
   [
    -0.6513236165046692,
    -0.25370657444000244,
    -0.7151297330856323
   ],
   [
    0.3825954496860504,
    -0.9236826300621033,
    -0.020764188840985298
   ],
   [
    -0.6552848815917969,
    -0.28712958097457886,
    0.6986833214759827
   ]
  ]
 },
 {
  "rotation_euler": [
   -0.3425183892250061,
   0.718630313873291,
   2.642564296722412
  ],
  "euler_order": "XYZ",
  "rotation_matrix": [
   [
    -0.66091388463974,
    -0.25662359595298767,
    -0.7052213549613953
   ],
   [
    0.36022552847862244,
    -0.9328633546829224,
    0.0018670677673071623
   ],
   [
    -0.6583543419837952,
    -0.2528047561645508,
    0.7089847326278687
   ]
  ]
 },
 {
  "rotation_euler": [
   -0.03804730623960495,
   0.7330754995346069,
   0.3295595049858093
  ],
  "euler_order": "XYZ",
  "rotation_matrix": [
   [
    0.7031289339065552,
    -0.3474757969379425,
    0.6203791499137878
   ],
   [
    0.24049313366413116,
    0.937262773513794,
    0.2523915767669678
   ],
   [
    -0.6691582798957825,
    -0.028266889974474907,
    0.7425821423530579
   ]
  ]
 },
 {
  "rotation_euler": [
   0.7656962871551514,
   0.7007423639297485,
   2.0680065155029297
  ],
  "euler_order": "XYZ",
  "rotation_matrix": [
   [
    -0.36458268761634827,
    -0.8467528820037842,
    0.3874132037162781
   ],
   [
    0.6718119978904724,
    0.04890241473913193,
    0.7391056418418884
   ],
   [
    -0.6447852849960327,
    0.5297339558601379,
    0.5510298013687134
   ]
  ]
 },
 {
  "rotation_euler": [
   0.8401024341583252,
   0.6858892440795898,
   -2.3227109909057617
  ],
  "euler_order": "XYZ",
  "rotation_matrix": [
   [
    -0.5285735130310059,
    0.1652776151895523,
    -0.8326423764228821
   ],
   [
    -0.5652109384536743,
    -0.8003512620925903,
    0.19993621110916138
   ],
   [
    -0.6333613991737366,
    0.5762995481491089,
    0.516461193561554
   ]
  ]
 },
 {
  "rotation_euler": [
   0.5479384064674377,
   0.6981991529464722,
   2.5524613857269287
  ],
  "euler_order": "XYZ",
  "rotation_matrix": [
   [
    -0.6368714570999146,
    -0.7527151703834534,
    -0.1667770892381668
   ],
   [
    0.42562004923820496,
    -0.5236348509788513,
    0.7380068898200989
   ],
   [
    -0.642839252948761,
    0.3990318477153778,
    0.6538587212562561
   ]
  ]
 },
 {
  "rotation_euler": [
   0.28626081347465515,
   0.7213571667671204,
   1.7888344526290894
  ],
  "euler_order": "XYZ",
  "rotation_matrix": [
   [
    -0.16243283450603485,
    -0.9769312143325806,
    0.13863994181156158
   ],
   [
    0.7331313490867615,
    -0.02545054256916046,
    0.6796106696128845
   ],
   [
    -0.6604043841362,
    0.21203237771987915,
    0.7203528881072998
   ]
  ]
 },
 {
  "rotation_euler": [
   0.6078004240989685,
   0.7054939270019531,
   1.58303701877594
  ],
  "euler_order": "XYZ",
  "rotation_matrix": [
   [
    -0.009318500757217407,
    -0.8253769874572754,
    0.5645050406455994
   ],
   [
    0.7612343430519104,
    0.36020711064338684,
    0.5392338037490845
   ],
   [
    -0.648409903049469,
    0.4347454905509949,
    0.6249487400054932
   ]
  ]
 },
 {
  "rotation_euler": [
   1.0196139812469482,
   0.6987313628196716,
   -2.21450138092041
  ],
  "euler_order": "XYZ",
  "rotation_matrix": [
   [
    -0.45952022075653076,
    0.09001088887453079,
    -0.8835944533348083
   ],
   [
    -0.6124333739280701,
    -0.7526239156723022,
    0.2418317198753357
   ],
   [
    -0.6432468891143799,
    0.6522693037986755,
    0.40097159147262573
   ]
  ]
 },
 {
  "rotation_euler": [
   -0.07645183801651001,
   0.7319416403770447,
   -1.072449803352356
  ],
  "euler_order": "XYZ",
  "rotation_matrix": [
   [
    0.3555542826652527,
    0.8514105677604675,
    0.3855920135974884
   ],
   [
    -0.6534032821655273,
    0.5214135050773621,
    -0.5488096475601196
   ],
   [
    -0.6683152318000793,
    -0.05681546777486801,
    0.7417052984237671
   ]
  ]
 },
 {
  "rotation_euler": [
   -0.41188398003578186,
   0.7122082114219666,
   -1.7370766401290894
  ],
  "euler_order": "XYZ",
  "rotation_matrix": [
   [
    -0.12528181076049805,
    0.9470314979553223,
    0.2956955134868622
   ],
   [
    -0.7464806437492371,
    0.10634130984544754,
    -0.6568548083305359
   ],
   [
    -0.6535068154335022,
    -0.30302292108535767,
    0.6936179995536804
   ]
  ]
 },
 {
  "rotation_euler": [
   -0.8318772315979004,
   0.701164960861206,
   0.09186402708292007
  ],
  "euler_order": "XYZ",
  "rotation_matrix": [
   [
    0.7608693838119507,
    -0.5366338491439819,
    0.3648313879966736
   ],
   [
    0.07009381055831909,
    0.6269046068191528,
    0.775936484336853
   ],
   [
    -0.6451082825660706,
    -0.5648139119148254,
    0.5146072506904602
   ]
  ]
 }
]