[
 {
  "rotation_euler": [
   0.6797598600387573,
   1.5667431354522705,
   0.39241811633110046
  ],
  "euler_order": "XYZ",
  "rotation_matrix": [
   [
    0.0037450860254466534,
    0.28339919447898865,
    0.9589947462081909
   ],
   [
    0.0015500327572226524,
    0.9589986205101013,
    -0.28340640664100647
   ],
   [
    -0.999991774559021,
    0.0025478545576334,
    0.003152254270389676
   ]
  ]
 },
 {
  "rotation_euler": [
   -1.5173015594482422,
   -1.5682398080825806,
   1.3025376796722412
  ],
  "euler_order": "XYZ",
  "rotation_matrix": [
   [
    0.0006776116206310689,
    0.2131158709526062,
    -0.9770267009735107
   ],
   [
    0.002465079305693507,
    0.9770236015319824,
    0.21311691403388977
   ],
   [
    0.9999967217445374,
    -0.0025528587866574526,
    0.00013669500185642391
   ]
  ]
 },
 {
  "rotation_euler": [
   -1.03183913230896,
   1.6099120378494263,
   0.9500943422317505
  ],
  "euler_order": "XYZ",
  "rotation_matrix": [
   [
    -0.02274414524435997,
    -0.9162851572036743,
    -0.3998802900314331
   ],
   [
    -0.03181136026978493,
    -0.39911794662475586,
    0.9163475632667542
   ],
   [
    -0.9992350935935974,
    0.033562276512384415,
    -0.020070679485797882
   ]
  ]
 },
 {
  "rotation_euler": [
   1.5764579772949219,
   -1.5958951711654663,
   0.6884496808052063
  ],
  "euler_order": "XYZ",
  "rotation_matrix": [
   [
    -0.01938009448349476,
    -0.768379271030426,
    0.639701247215271
   ],
   [
    -0.015944644808769226,
    -0.6395025253295898,
    -0.7686236500740051
   ],
   [
    0.9996850490570068,
    -0.025095807388424873,
    0.00014208520587999374
   ]
  ]
 },
 {
  "rotation_euler": [
   0.6797205209732056,
   1.5667427778244019,
   -0.9354890584945679
  ],
  "euler_order": "XYZ",
  "rotation_matrix": [
   [
    0.002405470237135887,
    0.9990108013153076,
    -0.04440244659781456
   ],
   [
    -0.0032626495230942965,
    -0.04439449682831764,
    -0.9990087747573853
   ],
   [
    -0.999991774559021,
    0.002547955373302102,
    0.0031526326201856136
   ]
  ]
 },
 {
  "rotation_euler": [
   -1.5651497840881348,
   -1.545700192451477,
   0.5562711358070374
  ],
  "euler_order": "XYZ",
  "rotation_matrix": [
   [
    0.021310150623321533,
    0.8459674715995789,
    -0.5328084826469421
   ],
   [
    0.013249950483441353,
    0.532643735408783,
    0.8462358713150024
   ],
   [
    0.9996851086616516,
    -0.02509310096502304,
    0.00014169076166581362
   ]
  ]
 },
 {
  "rotation_euler": [
   0.679608941078186,
   1.5667431354522705,
   0.36710017919540405
  ],
  "euler_order": "XYZ",
  "rotation_matrix": [
   [
    0.0037831251975148916,
    0.3074420392513275,
    0.95155930519104
   ],
   [
    0.0014547283062711358,
    0.9515634179115295,
    -0.3074491322040558
   ],
   [
    -0.999991774559021,
    0.002547378884628415,
    0.0031526389066129923
   ]
  ]
 },
 {
  "rotation_euler": [
   -0.006410364061594009,
   0.41993793845176697,
   -3.029745578765869
  ],
  "euler_order": "XYZ",
  "rotation_matrix": [
   [
    -0.9074087738990784,
    0.11420891433954239,
    -0.4044325053691864
   ],
   [
    -0.1019163578748703,
    -0.9934394955635071,
    -0.051874790340662
   ],
   [
    -0.40770378708839417,
    -0.005853354465216398,
    0.9130954742431641
   ]
  ]
 },
 {
  "rotation_euler": [
   -1.6955329179763794,
   1.5960888862609863,
   -1.3112339973449707
  ],
  "euler_order": "XYZ",
  "rotation_matrix": [
   [
    -0.0064908345229923725,
    -0.3748278319835663,
    0.9270716905593872
   ],
   [
    0.02444271370768547,
    0.9267547726631165,
    0.37487083673477173
   ],
   [
    -0.9996801614761353,
    0.02509337291121483,
    0.0031463971827179193
   ]
  ]
 },
 {
  "rotation_euler": [
   1.6242200136184692,
   -1.5733554363250732,
   0.9085850119590759
  ],
  "euler_order": "XYZ",
  "rotation_matrix": [
   [
    -0.0015734981279820204,
    -0.5718713402748108,
    0.8203418254852295
   ],
   [
    -0.0020181997679173946,
    -0.8203393816947937,
    -0.5718734860420227
   ],
   [
    0.9999967217445374,
    -0.002555455546826124,
    0.0001366518990835175
   ]
  ]
 },
 {
  "rotation_euler": [
   1.4460718631744385,
   1.5455037355422974,
   -0.9804672002792358
  ],
  "euler_order": "XYZ",
  "rotation_matrix": [
   [
    0.01407722756266594,
    0.655481219291687,
    -0.7550802826881409
   ],
   [
    -0.021009769290685654,
    -0.7547944784164429,
    -0.6556248068809509
   ],
   [
    -0.9996801614761353,
    0.02509344182908535,
    0.003146096831187606
   ]
  ]
 },
 {
  "rotation_euler": [
   -1.6955145597457886,
   1.5960890054702759,
   -0.5405675172805786
  ],
  "euler_order": "XYZ",
  "rotation_matrix": [
   [
    -0.021684054285287857,
    -0.9145014882087708,
    0.4040010869503021
   ],
   [
    0.013014798052608967,
    0.40380364656448364,
    0.9147530794143677
   ],
   [
    -0.9996801614761353,
    0.025093547999858856,
    0.003145951312035322
   ]
  ]
 },
 {
  "rotation_euler": [
   1.5764546394348145,
   -1.5958951711654663,
   0.5916131138801575
  ],
  "euler_order": "XYZ",
  "rotation_matrix": [
   [
    -0.0208309106528759,
    -0.8266117572784424,
    0.5623869299888611
   ],
   [
    -0.01399617362767458,
    -0.5622127056121826,
    -0.8268741965293884
   ],
   [
    0.9996850490570068,
    -0.025095807388424873,
    0.00014200144505593926
   ]
  ]
 },
 {
  "rotation_euler": [
   1.4460688829421997,
   1.5455025434494019,
   0.7317536473274231
  ],
  "euler_order": "XYZ",
  "rotation_matrix": [
   [
    0.018816664814949036,
    0.6548640727996826,
    0.7555124163627625
   ],
   [
    0.016898881644010544,
    0.755329966545105,
    -0.6551268100738525
   ],
   [
    -0.9996801018714905,
    0.025094615295529366,
    0.0031463198829442263
   ]
  ]
 },
 {
  "rotation_euler": [
   0.6793680787086487,
   1.5667436122894287,
   -1.2514588832855225
  ],
  "euler_order": "XYZ",
  "rotation_matrix": [
   [
    0.0012722958344966173,
    0.935884416103363,
    -0.3523049056529999
   ],
   [
    -0.003847813466563821,
    -0.35229799151420593,
    -0.9358799457550049
   ],
   [
    -0.999991774559021,
    0.0025463197380304337,
    0.003152881283313036
   ]
  ]
 },
 {
  "rotation_euler": [
   -1.517634391784668,
   -1.5682367086410522,
   1.4695230722427368
  ],
  "euler_order": "XYZ",
  "rotation_matrix": [
   [
    0.00025877769803628325,
    0.04809242859482765,
    -0.9988428354263306
   ],
   [
    0.002546500414609909,
    0.9988396167755127,
    0.04809293523430824
   ],
   [
    0.9999967217445374,
    -0.002555999206379056,
    0.00013601001410279423
   ]
  ]
 }
]