[
 {
  "rotation_euler": [
   6.203136990734492e-07,
   3.418180938297155e-08,
   2.7936155796051025
  ],
  "euler_order": "XYZ",
  "rotation_matrix": [
   [
    -0.9400644302368164,
    -0.3409968316555023,
    1.7939190399829386e-07
   ],
   [
    0.3409968316555023,
    -0.9400644302368164,
    5.947907197878521e-07
   ],
   [
    -3.418180938297155e-08,
    6.203136990734492e-07,
    1.0
   ]
  ]
 },
 {
  "rotation_euler": [
   -1.4383542179530195e-07,
   -4.504823536422009e-08,
   1.9267152547836304
  ],
  "euler_order": "XYZ",
  "rotation_matrix": [
   [
    -0.3484518527984619,
    -0.9373266696929932,
    -1.1912364072941273e-07
   ],
   [
    0.9373266696929932,
    -0.3484518527984619,
    -9.23446350498125e-08
   ],
   [
    4.504823536422009e-08,
    -1.4383542179530195e-07,
    1.0
   ]
  ]
 },
 {
  "rotation_euler": [
   -5.763885368992305e-09,
   -2.5165117989445207e-08,
   -1.6338809728622437
  ],
  "euler_order": "XYZ",
  "rotation_matrix": [
   [
    -0.06304281204938889,
    0.9980108141899109,
    7.338899710163105e-09
   ],
   [
    -0.9980108141899109,
    -0.06304281204938889,
    2.4751688698643193e-08
   ],
   [
    2.5165117989445207e-08,
    -5.763885368992305e-09,
    1.0
   ]
  ]
 },
 {
  "rotation_euler": [
   -7.186753947507896e-08,
   4.7368228450750394e-08,
   1.4526596069335938
  ],
  "euler_order": "XYZ",
  "rotation_matrix": [
   [
    0.11786212027072906,
    -0.9930299520492554,
    -6.57837020412444e-08
   ],
   [
    0.9930299520492554,
    0.11786212027072906,
    5.550852932856287e-08
   ],
   [
    -4.7368228450750394e-08,
    -7.186753947507896e-08,
    1.0
   ]
  ]
 },
 {
  "rotation_euler": [
   3.153022731794408e-08,
   -1.7161050891445484e-07,
   -2.350210428237915
  ],
  "euler_order": "XYZ",
  "rotation_matrix": [
   [
    -0.7028627991676331,
    0.711325466632843,
    9.819038382374856e-08
   ],
   [
    -0.711325466632843,
    -0.7028627991676331,
    1.4423234517835226e-07
   ],
   [
    1.7161050891445484e-07,
    3.153022731794408e-08,
    1.0
   ]
  ]
 },
 {
  "rotation_euler": [
   -1.2330345100508566e-07,
   8.93297169568541e-08,
   1.0634422302246094
  ],
  "euler_order": "XYZ",
  "rotation_matrix": [
   [
    0.48586633801460266,
    -0.8740330934524536,
    -6.436899724349132e-08
   ],
   [
    0.8740330934524536,
    0.48586633801460266,
    1.379861345185418e-07
   ],
   [
    -8.93297169568541e-08,
    -1.2330345100508566e-07,
    1.0
   ]
  ]
 },
 {
  "rotation_euler": [
   5.613828761852346e-07,
   1.5375148620933032e-07,
   0.6348674297332764
  ],
  "euler_order": "XYZ",
  "rotation_matrix": [
   [
    0.8051503300666809,
    -0.5930708050727844,
    4.567328346638533e-07
   ],
   [
    0.5930708050727844,
    0.8051503300666809,
    -3.6081209486837906e-07
   ],
   [
    -1.5375148620933032e-07,
    5.613828761852346e-07,
    1.0
   ]
  ]
 },
 {
  "rotation_euler": [
   5.567493133185053e-08,
   1.0243718406854896e-06,
   -2.3494887351989746
  ],
  "euler_order": "XYZ",
  "rotation_matrix": [
   [
    -0.7023492455482483,
    0.7118325233459473,
    -7.590979862470704e-07
   ],
   [
    -0.7118325233459473,
    -0.7023492455482483,
    -6.900779681018321e-07
   ],
   [
    -1.0243718406854896e-06,
    5.567493133185053e-08,
    1.0
   ]
  ]
 },
 {
  "rotation_euler": [
   -1.5985660795081458e-08,
   1.8954570180085284e-07,
   -2.988398551940918
  ],
  "euler_order": "XYZ",
  "rotation_matrix": [
   [
    -0.9882887005805969,
    0.15259559452533722,
    -1.848865309739267e-07
   ],
   [
    -0.15259559452533722,
    -0.9882887005805969,
    -4.472228809504486e-08
   ],
   [
    -1.8954570180085284e-07,
    -1.5985660795081458e-08,
    1.0
   ]
  ]
 },
 {
  "rotation_euler": [
   -6.281310902522819e-07,
   2.561263556799531e-07,
   -2.984325885772705
  ],
  "euler_order": "XYZ",
  "rotation_matrix": [
   [
    -0.9876590371131897,
    0.15661929547786713,
    -1.5458806501555955e-07
   ],
   [
    -0.15661929547786713,
    -0.9876590371131897,
    -6.604936970688868e-07
   ],
   [
    -2.561263556799531e-07,
    -6.281310902522819e-07,
    1.0
   ]
  ]
 },
 {
  "rotation_euler": [
   -3.451040342383749e-09,
   -1.0070395717320935e-07,
   -1.0351412296295166
  ],
  "euler_order": "XYZ",
  "rotation_matrix": [
   [
    0.5104044675827026,
    0.8599344491958618,
    -4.8432085009153525e-08
   ],
   [
    -0.8599344491958618,
    0.5104044675827026,
    8.836023113190095e-08
   ],
   [
    1.0070395717320935e-07,
    -3.451040342383749e-09,
    1.0
   ]
  ]
 },
 {
  "rotation_euler": [
   -1.0936357597302049e-07,
   -5.5610794191807145e-08,
   1.3465076684951782
  ],
  "euler_order": "XYZ",
  "rotation_matrix": [
   [
    0.22241289913654327,
    -0.9749525785446167,
    -1.1899285823346872e-07
   ],
   [
    0.9749525785446167,
    0.22241289913654327,
    -2.9894017927745153e-08
   ],
   [
    5.5610794191807145e-08,
    -1.0936357597302049e-07,
    1.0
   ]
  ]
 },
 {
  "rotation_euler": [
   -2.0268389278044197e-07,
   -5.311851936085077e-08,
   -0.7301123738288879
  ],
  "euler_order": "XYZ",
  "rotation_matrix": [
   [
    0.7450994849205017,
    0.6669533848762512,
    9.560212532733203e-08
   ],
   [
    -0.6669533848762512,
    0.7450994849205017,
    1.8644723809302377e-07
   ],
   [
    5.311851936085077e-08,
    -2.0268389278044197e-07,
    1.0
   ]
  ]
 },
 {
  "rotation_euler": [
   -4.786486442753812e-07,
   4.2129101984755835e-08,
   2.698627233505249
  ],
  "euler_order": "XYZ",
  "rotation_matrix": [
   [
    -0.903484582901001,
    -0.4286205470561981,
    -2.4322164904333476e-07
   ],
   [
    0.4286205470561981,
    -0.903484582901001,
    -4.1439426468059537e-07
   ],
   [
    -4.2129101984755835e-08,
    -4.786486442753812e-07,
    1.0
   ]
  ]
 },
 {
  "rotation_euler": [
   1.0541978845424183e-08,
   1.8648523791853222e-07,
   -3.1052358150482178
  ],
  "euler_order": "XYZ",
  "rotation_matrix": [
   [
    -0.9993391633033752,
    0.03634883090853691,
    -1.867451970838374e-07
   ],
   [
    -0.03634883090853691,
    -0.9993391633033752,
    3.7564920063459795e-09
   ],
   [
    -1.8648523791853222e-07,
    1.0541978845424183e-08,
    1.0
   ]
  ]
 },
 {
  "rotation_euler": [
   -2.504605163267115e-07,
   -2.9387683753157035e-07,
   -0.2697780728340149
  ],
  "euler_order": "XYZ",
  "rotation_matrix": [
   [
    0.9638300538063049,
    0.2665175497531891,
    -2.1649520931532606e-07
   ],
   [
    -0.2665175497531891,
    0.9638300538063049,
    3.197247053776664e-07
   ],
   [
    2.9387683753157035e-07,
    -2.504605163267115e-07,
    1.0
   ]
  ]
 }
]