[
 {
  "rotation_euler": [
   1.5699598789215088,
   -0.02331352047622204,
   1.3135114908218384
  ],
  "euler_order": "XYZ",
  "rotation_matrix": [
   [
    0.2543865442276001,
    -0.0067406343296170235,
    0.9670791029930115
   ],
   [
    0.9668216109275818,
    -0.022331252694129944,
    -0.2544744610786438
   ],
   [
    0.02331140823662281,
    0.9997279047966003,
    0.0008362204534932971
   ]
  ]
 },
 {
  "rotation_euler": [
   1.5699596405029297,
   -0.023314155638217926,
   -2.1431822776794434
  ],
  "euler_order": "XYZ",
  "rotation_matrix": [
   [
    -0.5414920449256897,
    0.013330040499567986,
    -0.8406001925468445
   ],
   [
    -0.8403825759887695,
    0.01914317160844803,
    0.5416554808616638
   ],
   [
    0.023312043398618698,
    0.9997279047966003,
    0.0008364588138647377
   ]
  ]
 },
 {
  "rotation_euler": [
   1.5699596405029297,
   -0.023312706500291824,
   -2.1424925327301025
  ],
  "euler_order": "XYZ",
  "rotation_matrix": [
   [
    -0.5409122705459595,
    0.013316050171852112,
    -0.8409736156463623
   ],
   [
    -0.8407559394836426,
    0.019151143729686737,
    0.5410755276679993
   ],
   [
    0.023310594260692596,
    0.9997279047966003,
    0.0008364588138647377
   ]
  ]
 },
 {
  "rotation_euler": [
   -1.5483474731445312,
   -0.06168355792760849,
   -1.1810057163238525
  ],
  "euler_order": "XYZ",
  "rotation_matrix": [
   [
    0.3792720437049866,
    0.04418185353279114,
    0.9242298007011414
   ],
   [
    -0.923229455947876,
    -0.04847631976008415,
    0.38117894530296326
   ],
   [
    0.06164444983005524,
    -0.9978466629981995,
    0.022404277697205544
   ]
  ]
 },
 {
  "rotation_euler": [
   -1.548343539237976,
   -0.061669107526540756,
   1.9772040843963623
  ],
  "euler_order": "XYZ",
  "rotation_matrix": [
   [
    -0.3945607841014862,
    -0.044979166239500046,
    -0.9177682995796204
   ],
   [
    0.9168006777763367,
    0.04772067815065384,
    -0.39648354053497314
   ],
   [
    0.06163002550601959,
    -0.9978474974632263,
    0.022408222779631615
   ]
  ]
 },
 {
  "rotation_euler": [
   1.5699595212936401,
   -0.02331320010125637,
   2.123770236968994
  ],
  "euler_order": "XYZ",
  "rotation_matrix": [
   [
    -0.5250775218009949,
    0.011531357653439045,
    0.850976288318634
   ],
   [
    0.850735068321228,
    -0.020276451483368874,
    0.5252034664154053
   ],
   [
    0.023311087861657143,
    0.9997279047966003,
    0.0008365780231542885
   ]
  ]
 },
 {
  "rotation_euler": [
   -1.548345685005188,
   -0.061667878180742264,
   -0.8385898470878601
  ],
  "euler_order": "XYZ",
  "rotation_matrix": [
   [
    0.6672414541244507,
    0.05788438767194748,
    0.7425888776779175
   ],
   [
    -0.7422874569892883,
    -0.03081459179520607,
    0.6693726778030396
   ],
   [
    0.0616287998855114,
    -0.9978476166725159,
    0.022406084463000298
   ]
  ]
 },
 {
  "rotation_euler": [
   1.5699604749679565,
   -0.02331186830997467,
   -1.4315295219421387
  ],
  "euler_order": "XYZ",
  "rotation_matrix": [
   [
    0.13877934217453003,
    -0.0024080316070467234,
    -0.9903203845024109
   ],
   [
    -0.9900489449501038,
    0.02320009469985962,
    -0.13879771530628204
   ],
   [
    0.023309756070375443,
    0.9997279644012451,
    0.0008356246398761868
   ]
  ]
 },
 {
  "rotation_euler": [
   -1.5483440160751343,
   -0.06167582795023918,
   -0.8882660865783691
  ],
  "euler_order": "XYZ",
  "rotation_matrix": [
   [
    0.6295591592788696,
    0.056289155036211014,
    0.7749108076095581
   ],
   [
    -0.7745038270950317,
    -0.03365597501397133,
    0.631673276424408
   ],
   [
    0.06163673475384712,
    -0.9978470802307129,
    0.022407738491892815
   ]
  ]
 },
 {
  "rotation_euler": [
   1.5690537691116333,
   -0.021599479019641876,
   2.8192861080169678
  ],
  "euler_order": "XYZ",
  "rotation_matrix": [
   [
    -0.9482860565185547,
    0.019933676347136497,
    0.3167904019355774
   ],
   [
    0.31668129563331604,
    -0.008494032546877861,
    0.9484939575195312
   ],
   [
    0.02159779891371727,
    0.9997652173042297,
    0.001742150285281241
   ]
  ]
 },
 {
  "rotation_euler": [
   1.569960355758667,
   -0.023312602192163467,
   1.4062689542770386
  ],
  "euler_order": "XYZ",
  "rotation_matrix": [
   [
    0.1637416034936905,
    -0.004642615094780922,
    0.9864923357963562
   ],
   [
    0.986227810382843,
    -0.022858774289488792,
    -0.1638052761554718
   ],
   [
    0.02331048995256424,
    0.9997279047966003,
    0.0008357437909580767
   ]
  ]
 },
 {
  "rotation_euler": [
   1.5699602365493774,
   -0.023315444588661194,
   -2.5600266456604004
  ],
  "euler_order": "XYZ",
  "rotation_matrix": [
   [
    -0.8353763222694397,
    0.019939985126256943,
    -0.5493167042732239
   ],
   [
    -0.5491838455200195,
    0.012108142487704754,
    0.8356138467788696
   ],
   [
    0.023313332349061966,
    0.9997278451919556,
    0.0008358628838323057
   ]
  ]
 },
 {
  "rotation_euler": [
   1.569960117340088,
   -0.023312609642744064,
   -0.24478228390216827
  ],
  "euler_order": "XYZ",
  "rotation_matrix": [
   [
    0.9699264764785767,
    -0.02241295576095581,
    -0.24236392974853516
   ],
   [
    -0.24227924644947052,
    0.006460465025156736,
    -0.9701850414276123
   ],
   [
    0.023310497403144836,
    0.9997279047966003,
    0.0008359821513295174
   ]
  ]
 },
 {
  "rotation_euler": [
   1.5699607133865356,
   -0.023314716294407845,
   -1.3778382539749146
  ],
  "euler_order": "XYZ",
  "rotation_matrix": [
   [
    0.19171078503131866,
    -0.0036503856536000967,
    -0.9814446568489075
   ],
   [
    -0.9811745285987854,
    0.023040182888507843,
    -0.19174371659755707
   ],
   [
    0.023312604054808617,
    0.9997279047966003,
    0.0008353862212970853
   ]
  ]
 },
 {
  "rotation_euler": [
   1.569960355758667,
   -0.02331228367984295,
   -2.5418310165405273
  ],
  "euler_order": "XYZ",
  "rotation_matrix": [
   [
    -0.8252458572387695,
    0.01971370540559292,
    -0.5644294619560242
   ],
   [
    -0.5642923712730408,
    0.012467253021895885,
    0.8254808783531189
   ],
   [
    0.02331017144024372,
    0.9997279047966003,
    0.0008357437909580767
   ]
  ]
 },
 {
  "rotation_euler": [
   1.5699604749679565,
   -0.023315422236919403,
   0.2995763123035431
  ],
  "euler_order": "XYZ",
  "rotation_matrix": [
   [
    0.9552019238471985,
    -0.02252163738012314,
    0.2950966954231262
   ],
   [
    0.2950352132320404,
    -0.006081490311771631,
    -0.9554670453071594
   ],
   [
    0.023313309997320175,
    0.9997278451919556,
    0.000835624523460865
   ]
  ]
 }
]