[
 {
  "rotation_euler": [
   -0.022553306072950363,
   0.006038449238985777,
   -2.778672695159912
  ],
  "euler_order": "XYZ",
  "rotation_matrix": [
   [
    -0.9348471760749817,
    0.3550425171852112,
    0.0023622089065611362
   ],
   [
    -0.35499903559684753,
    -0.9345781207084656,
    -0.02322561666369438
   ],
   [
    -0.00603841245174408,
    -0.022550983354449272,
    0.9997274875640869
   ]
  ]
 },
 {
  "rotation_euler": [
   -0.022549688816070557,
   0.006035220809280872,
   -0.7209336161613464
  ],
  "euler_order": "XYZ",
  "rotation_matrix": [
   [
    0.751176118850708,
    0.6598162651062012,
    0.019415894523262978
   ],
   [
    -0.6600742340087891,
    0.7510886192321777,
    0.012954930774867535
   ],
   [
    -0.006035184022039175,
    -0.022547367960214615,
    0.9997275471687317
   ]
  ]
 },
 {
  "rotation_euler": [
   0.022549420595169067,
   -0.006036856211721897,
   0.11313004046678543
  ],
  "euler_order": "XYZ",
  "rotation_matrix": [
   [
    0.9935895204544067,
    -0.11299542337656021,
    -0.003451341763138771
   ],
   [
    0.11288682371377945,
    0.9933396577835083,
    -0.023084694519639015
   ],
   [
    0.0060368194244802,
    0.022547099739313126,
    0.9997275471687317
   ]
  ]
 },
 {
  "rotation_euler": [
   0.022552840411663055,
   -0.006043515633791685,
   -0.14430996775627136
  ],
  "euler_order": "XYZ",
  "rotation_matrix": [
   [
    0.9895873069763184,
    0.14363816380500793,
    -0.009222178719937801
   ],
   [
    -0.14380697906017303,
    0.9893733263015747,
    -0.02144763059914112
   ],
   [
    0.006043478846549988,
    0.022550517693161964,
    0.9997274279594421
   ]
  ]
 },
 {
  "rotation_euler": [
   0.022539447993040085,
   -0.0060470146127045155,
   -3.0227789878845215
  ],
  "euler_order": "XYZ",
  "rotation_matrix": [
   [
    -0.9929317831993103,
    0.11863953620195389,
    0.003331349231302738
   ],
   [
    -0.11853215098381042,
    -0.9926815629005432,
    0.02309524081647396
   ],
   [
    0.006046977825462818,
    0.022537127137184143,
    0.999727725982666
   ]
  ]
 },
 {
  "rotation_euler": [
   -0.02254195511341095,
   0.006044760812073946,
   1.2418746948242188
  ],
  "euler_order": "XYZ",
  "rotation_matrix": [
   [
    0.3230167627334595,
    -0.9461948275566101,
    -0.019379615783691406
   ],
   [
    0.9463739395141602,
    0.32281163334846497,
    0.013000166043639183
   ],
   [
    -0.006044724024832249,
    -0.022539634257555008,
    0.9997276663780212
   ]
  ]
 },
 {
  "rotation_euler": [
   0.02254912443459034,
   -0.00603830348700285,
   -0.22700726985931396
  ],
  "euler_order": "XYZ",
  "rotation_matrix": [
   [
    0.9743265509605408,
    0.22487272322177887,
    -0.01095638982951641
   ],
   [
    -0.22505848109722137,
    0.9741272330284119,
    -0.020610107108950615
   ],
   [
    0.006038266699761152,
    0.02254680171608925,
    0.9997275471687317
   ]
  ]
 },
 {
  "rotation_euler": [
   -0.02254190482199192,
   0.006044724490493536,
   0.2693532407283783
  ],
  "euler_order": "XYZ",
  "rotation_matrix": [
   [
    0.9639256000518799,
    -0.26617178320884705,
    -0.00017281911277677864
   ],
   [
    0.26610317826271057,
    0.9636620283126831,
    0.023335406556725502
   ],
   [
    -0.006044687703251839,
    -0.02253958396613598,
    0.9997276663780212
   ]
  ]
 },
 {
  "rotation_euler": [
   -0.0225378330796957,
   0.0060470388270914555,
   -2.719275712966919
  ],
  "euler_order": "XYZ",
  "rotation_matrix": [
   [
    -0.9121250510215759,
    0.4098951518535614,
    0.003722588764503598
   ],
   [
    -0.40986743569374084,
    -0.9118542075157166,
    -0.02303384244441986
   ],
   [
    -0.006047002039849758,
    -0.02253551222383976,
    0.999727725982666
   ]
  ]
 },
 {
  "rotation_euler": [
   0.022545842453837395,
   -0.0060602701269090176,
   -2.013282299041748
  ],
  "euler_order": "XYZ",
  "rotation_matrix": [
   [
    -0.42817947268486023,
    0.903518795967102,
    -0.017778471112251282
   ],
   [
    -0.9036734104156494,
    -0.4279550611972809,
    0.015128206461668015
   ],
   [
    0.006060232874006033,
    0.022543517872691154,
    0.9997274875640869
   ]
  ]
 },
 {
  "rotation_euler": [
   0.022538498044013977,
   -0.006051139440387487,
   0.9466129541397095
  ],
  "euler_order": "XYZ",
  "rotation_matrix": [
   [
    0.5844241380691528,
    -0.8113142848014832,
    0.014751528389751911
   ],
   [
    0.8114258050918579,
    0.584175705909729,
    -0.018080031499266624
   ],
   [
    0.00605110265314579,
    0.022536177188158035,
    0.999727725982666
   ]
  ]
 },
 {
  "rotation_euler": [
   0.022464392706751823,
   -0.006046130787581205,
   0.8073846101760864
  ],
  "euler_order": "XYZ",
  "rotation_matrix": [
   [
    0.6913776993751526,
    -0.7223929762840271,
    0.012049584649503231
   ],
   [
    0.7224681973457336,
    0.6911178231239319,
    -0.019897446036338806
   ],
   [
    0.006046094000339508,
    0.022462092339992523,
    0.9997293949127197
   ]
  ]
 },
 {
  "rotation_euler": [
   0.02254125289618969,
   -0.006022732239216566,
   -2.568807363510132
  ],
  "euler_order": "XYZ",
  "rotation_matrix": [
   [
    -0.8403794169425964,
    0.5419512987136841,
    -0.007155602797865868
   ],
   [
    -0.5419650673866272,
    -0.8401076197624207,
    0.02220526523888111
   ],
   [
    0.006022695917636156,
    0.022538935765624046,
    0.9997278451919556
   ]
  ]
 },
 {
  "rotation_euler": [
   -0.022539658471941948,
   0.00604453356936574,
   -3.080601930618286
  ],
  "euler_order": "XYZ",
  "rotation_matrix": [
   [
    -0.9981223940849304,
    0.061073411256074905,
    -0.0046579837799072266
   ],
   [
    -0.060951802879571915,
    -0.9978787899017334,
    -0.02286417968571186
   ],
   [
    -0.0060444967821240425,
    -0.022537337616086006,
    0.999727725982666
   ]
  ]
 },
 {
  "rotation_euler": [
   -0.02255018800497055,
   0.006036301143467426,
   -0.7053902745246887
  ],
  "euler_order": "XYZ",
  "rotation_matrix": [
   [
    0.7613447308540344,
    0.648062527179718,
    0.019213341176509857
   ],
   [
    -0.6483191847801208,
    0.7612532377243042,
    0.013254821300506592
   ],
   [
    -0.006036264356225729,
    -0.02254786528646946,
    0.9997275471687317
   ]
  ]
 },
 {
  "rotation_euler": [
   -0.022555258125066757,
   0.006040530279278755,
   -2.932643413543701
  ],
  "euler_order": "XYZ",
  "rotation_matrix": [
   [
    -0.9782315492630005,
    0.20751261711120605,
    -0.0012293182080611587
   ],
   [
    -0.20742832124233246,
    -0.9779723286628723,
    -0.023315470665693283
   ],
   [
    -0.006040493492037058,
    -0.022552933543920517,
    0.9997274279594421
   ]
  ]
 }
]