[
 {
  "rotation_euler": [
   1.666696548461914,
   0.19271528720855713,
   0.8691579103469849
  ],
  "euler_order": "XYZ",
  "rotation_matrix": [
   [
    0.6335209012031555,
    0.19619034230709076,
    0.7484387755393982
   ],
   [
    0.7496463060379028,
    0.08380572497844696,
    -0.6565112471580505
   ],
   [
    -0.19152462482452393,
    0.9769779443740845,
    -0.09398069232702255
   ]
  ]
 },
 {
  "rotation_euler": [
   1.6674619913101196,
   -0.2586883008480072,
   2.501438856124878
  ],
  "euler_order": "XYZ",
  "rotation_matrix": [
   [
    -0.7753183245658875,
    0.2618553340435028,
    0.5747289061546326
   ],
   [
    0.5774438381195068,
    -0.07468283176422119,
    0.8130074739456177
   ],
   [
    0.25581270456314087,
    0.9622132182121277,
    -0.09330377727746964
   ]
  ]
 },
 {
  "rotation_euler": [
   1.665080189704895,
   -0.016603196039795876,
   2.0279040336608887
  ],
  "euler_order": "XYZ",
  "rotation_matrix": [
   [
    -0.44129377603530884,
    0.09177372604608536,
    0.892657458782196
   ],
   [
    0.897209107875824,
    0.02671925351023674,
    0.4407969117164612
   ],
   [
    0.01660243235528469,
    0.9954213500022888,
    -0.09413126111030579
   ]
  ]
 },
 {
  "rotation_euler": [
   1.664490818977356,
   0.03995289281010628,
   1.694214940071106
  ],
  "euler_order": "XYZ",
  "rotation_matrix": [
   [
    -0.12300729006528854,
    0.08795028179883957,
    0.9885008335113525
   ],
   [
    0.9916016459465027,
    0.0509820282459259,
    0.11885710060596466
   ],
   [
    -0.039942264556884766,
    0.9948193430900574,
    -0.09348280727863312
   ]
  ]
 },
 {
  "rotation_euler": [
   1.666106104850769,
   -0.17083822190761566,
   -1.4816735982894897
  ],
  "euler_order": "XYZ",
  "rotation_matrix": [
   [
    0.08770911395549774,
    -0.10985074192285538,
    -0.990070641040802
   ],
   [
    -0.98153156042099,
    0.1600949764251709,
    -0.10471557825803757
   ],
   [
    0.17000842094421387,
    0.9809701442718506,
    -0.09378018230199814
   ]
  ]
 },
 {
  "rotation_euler": [
   1.6651899814605713,
   0.10231414437294006,
   1.0819263458251953
  ],
  "euler_order": "XYZ",
  "rotation_matrix": [
   [
    0.4671725928783417,
    0.13096538186073303,
    0.8744128346443176
   ],
   [
    0.8782471418380737,
    0.045506395399570465,
    -0.4760368764400482
   ],
   [
    -0.10213573276996613,
    0.9903419613838196,
    -0.09376063942909241
   ]
  ]
 },
 {
  "rotation_euler": [
   1.6666288375854492,
   -0.20591601729393005,
   1.8019264936447144
  ],
  "euler_order": "XYZ",
  "rotation_matrix": [
   [
    -0.2242383062839508,
    0.13976465165615082,
    0.9644599556922913
   ],
   [
    0.9528440237045288,
    -0.17619410157203674,
    0.24707074463367462
   ],
   [
    0.2044639140367508,
    0.9743826389312744,
    -0.09366444498300552
   ]
  ]
 },
 {
  "rotation_euler": [
   1.6653834581375122,
   -0.0068497504107654095,
   1.2109339237213135
  ],
  "euler_order": "XYZ",
  "rotation_matrix": [
   [
    0.35213717818260193,
    0.08599512279033661,
    0.9319893717765808
   ],
   [
    0.9359233379364014,
    -0.03964106738567352,
    -0.3499658703804016
   ],
   [
    0.006849696859717369,
    0.9955066442489624,
    -0.09444393962621689
   ]
  ]
 },
 {
  "rotation_euler": [
   -1.4732261896133423,
   2.813114643096924,
   0.2750362753868103
  ],
  "euler_order": "XYZ",
  "rotation_matrix": [
   [
    -0.9109592437744141,
    -0.335457444190979,
    -0.24004483222961426
   ],
   [
    -0.25706157088279724,
    0.00655771978199482,
    0.9663727879524231
   ],
   [
    -0.322602778673172,
    0.942032516002655,
    -0.09220702946186066
   ]
  ]
 },
 {
  "rotation_euler": [
   1.6674246788024902,
   -0.2563423216342926,
   -0.8672581315040588
  ],
  "euler_order": "XYZ",
  "rotation_matrix": [
   [
    0.6257809400558472,
    -0.23682767152786255,
    -0.7431762218475342
   ],
   [
    -0.7376405596733093,
    0.13002660870552063,
    -0.6625552773475647
   ],
   [
    0.2535440921783447,
    0.9628113508224487,
    -0.09332551807165146
   ]
  ]
 },
 {
  "rotation_euler": [
   1.6650699377059937,
   -0.020701322704553604,
   -2.7905848026275635
  ],
  "euler_order": "XYZ",
  "rotation_matrix": [
   [
    -0.9388254284858704,
    -0.013016064651310444,
    -0.34414729475975037
   ],
   [
    -0.34377071261405945,
    0.0954802855849266,
    0.9341869354248047
   ],
   [
    0.020699843764305115,
    0.9953462481498718,
    -0.09411386400461197
   ]
  ]
 },
 {
  "rotation_euler": [
   1.667907476425171,
   -0.2863227128982544,
   -1.3615913391113281
  ],
  "euler_order": "XYZ",
  "rotation_matrix": [
   [
    0.19922731816768646,
    -0.1532231718301773,
    -0.9679003953933716
   ],
   [
    -0.9383729100227356,
    0.25483039021492004,
    -0.23349039256572723
   ],
   [
    0.2824265658855438,
    0.9547691345214844,
    -0.0930112972855568
   ]
  ]
 },
 {
  "rotation_euler": [
   1.665545105934143,
   0.000291134841972962,
   0.2186231017112732
  ],
  "euler_order": "XYZ",
  "rotation_matrix": [
   [
    0.9761969447135925,
    0.020801853388547897,
    0.21588601171970367
   ],
   [
    0.21688570082187653,
    -0.09229228645563126,
    -0.9718244075775146
   ],
   [
    -0.000291134841972962,
    0.9955146312713623,
    -0.09460707008838654
   ]
  ]
 },
 {
  "rotation_euler": [
   1.664496898651123,
   0.03976397588849068,
   1.3813776969909668
  ],
  "euler_order": "XYZ",
  "rotation_matrix": [
   [
    0.18813911080360413,
    0.09934230148792267,
    0.9771053194999695
   ],
   [
    0.9813375473022461,
    0.02125431038439274,
    -0.19111494719982147
   ],
   [
    -0.039753496646881104,
    0.9948263168334961,
    -0.09348955750465393
   ]
  ]
 },
 {
  "rotation_euler": [
   1.6667671203613281,
   -0.21475109457969666,
   0.2487957775592804
  ],
  "euler_order": "XYZ",
  "rotation_matrix": [
   [
    0.946946382522583,
    -0.18199695646762848,
    0.26489555835723877
   ],
   [
    0.24058079719543457,
    -0.14510577917099,
    -0.9597213864326477
   ],
   [
    0.213104248046875,
    0.9725335240364075,
    -0.09362242370843887
   ]
  ]
 },
 {
  "rotation_euler": [
   1.6649093627929688,
   0.08556409180164337,
   -2.925168037414551
  ],
  "euler_order": "XYZ",
  "rotation_matrix": [
   [
    -0.9730984568595886,
    -0.10327662527561188,
    -0.20594507455825806
   ],
   [
    -0.21395343542099,
    0.07351156324148178,
    0.9740738868713379
   ],
   [
    -0.08545972406864166,
    0.9919324517250061,
    -0.09363037347793579
   ]
  ]
 }
]