[
 {
  "rotation_euler": [
   0.00722486013546586,
   -0.004263717215508223,
   0.6913526058197021
  ],
  "euler_order": "XYZ",
  "rotation_matrix": [
   [
    0.7703773379325867,
    -0.6375868916511536,
    0.0013217795640230179
   ],
   [
    0.6375740170478821,
    0.7703445553779602,
    -0.00828425120562315
   ],
   [
    0.004263704176992178,
    0.007224731612950563,
    0.9999648332595825
   ]
  ]
 },
 {
  "rotation_euler": [
   0.0072339000180363655,
   -0.004261057823896408,
   -2.3089959621429443
  ],
  "euler_order": "XYZ",
  "rotation_matrix": [
   [
    -0.6729512214660645,
    0.7396827340126038,
    -0.0024833078496158123
   ],
   [
    -0.7396746277809143,
    -0.6729168891906738,
    0.008019796572625637
   ],
   [
    0.0042610447853803635,
    0.007233771029859781,
    0.9999647736549377
   ]
  ]
 },
 {
  "rotation_euler": [
   0.007230979390442371,
   -0.004265223164111376,
   2.4310107231140137
  ],
  "euler_order": "XYZ",
  "rotation_matrix": [
   [
    -0.7579755187034607,
    -0.6522345542907715,
    0.00794941559433937
   ],
   [
    0.6522690653800964,
    -0.7579827308654785,
    0.0026988903991878033
   ],
   [
    0.004265210125595331,
    0.007230850402265787,
    0.9999647736549377
   ]
  ]
 },
 {
  "rotation_euler": [
   0.00724464375525713,
   -0.004260952118784189,
   2.3360276222229004
  ],
  "euler_order": "XYZ",
  "rotation_matrix": [
   [
    -0.6926975250244141,
    -0.7211818695068359,
    0.008176443167030811
   ],
   [
    0.7212156057357788,
    -0.692707896232605,
    0.0019453454297035933
   ],
   [
    0.004260939080268145,
    0.007244514767080545,
    0.9999646544456482
   ]
  ]
 },
 {
  "rotation_euler": [
   0.007230363320559263,
   -0.004263474140316248,
   -2.985891342163086
  ],
  "euler_order": "XYZ",
  "rotation_matrix": [
   [
    -0.9878940582275391,
    0.15509936213493347,
    0.0030905520543456078
   ],
   [
    -0.15507155656814575,
    -0.9878724217414856,
    0.007803965825587511
   ],
   [
    0.004263461101800203,
    0.007230234798043966,
    0.9999647736549377
   ]
  ]
 },
 {
  "rotation_euler": [
   0.007227427791804075,
   -0.004261014051735401,
   2.6166656017303467
  ],
  "euler_order": "XYZ",
  "rotation_matrix": [
   [
    -0.8653526306152344,
    -0.5011101365089417,
    0.007309198845177889
   ],
   [
    0.5011453032493591,
    -0.8653533458709717,
    0.004118931479752064
   ],
   [
    0.0042610010132193565,
    0.007227299269288778,
    0.9999648332595825
   ]
  ]
 },
 {
  "rotation_euler": [
   0.007237378507852554,
   -0.0042619118466973305,
   -0.8144363760948181
  ],
  "euler_order": "XYZ",
  "rotation_matrix": [
   [
    0.6862722039222717,
    0.7272986769676208,
    -0.008188753388822079
   ],
   [
    -0.7273322939872742,
    0.6862829327583313,
    -0.0018670497229322791
   ],
   [
    0.004261898808181286,
    0.00723724951967597,
    0.999964714050293
   ]
  ]
 },
 {
  "rotation_euler": [
   0.0072400374338030815,
   -0.004266973119229078,
   -2.372591495513916
  ],
  "euler_order": "XYZ",
  "rotation_matrix": [
   [
    -0.7185990810394287,
    0.6954218149185181,
    -0.0019686257001012564
   ],
   [
    -0.6954115033149719,
    -0.7185653448104858,
    0.008169928565621376
   ],
   [
    0.004266960080713034,
    0.007239908445626497,
    0.999964714050293
   ]
  ]
 },
 {
  "rotation_euler": [
   0.007222454529255629,
   -0.004262383561581373,
   1.3521817922592163
  ],
  "euler_order": "XYZ",
  "rotation_matrix": [
   [
    0.2168753743171692,
    -0.9761800765991211,
    0.006126102991402149
   ],
   [
    0.9761899709701538,
    0.21684163808822632,
    -0.005727185867726803
   ],
   [
    0.004262370523065329,
    0.007222326006740332,
    0.9999648332595825
   ]
  ]
 },
 {
  "rotation_euler": [
   0.0072265551425516605,
   -0.004266192205250263,
   2.0979480743408203
  ],
  "euler_order": "XYZ",
  "rotation_matrix": [
   [
    -0.5030692219734192,
    -0.8642053604125977,
    0.00839159544557333
   ],
   [
    0.8642355799674988,
    -0.5030872821807861,
    -5.146230978425592e-05
   ],
   [
    0.004266179166734219,
    0.007226426620036364,
    0.9999647736549377
   ]
  ]
 },
 {
  "rotation_euler": [
   0.007231011986732483,
   -0.00426164036616683,
   2.951577663421631
  ],
  "euler_order": "XYZ",
  "rotation_matrix": [
   [
    -0.9819924831390381,
    -0.1888384222984314,
    0.0055505502969026566
   ],
   [
    0.18887190520763397,
    -0.9819815754890442,
    0.0062959142960608006
   ],
   [
    0.0042616273276507854,
    0.007230883464217186,
    0.9999647736549377
   ]
  ]
 },
 {
  "rotation_euler": [
   0.007240676786750555,
   -0.004263653419911861,
   -0.5532947778701782
  ],
  "euler_order": "XYZ",
  "rotation_matrix": [
   [
    0.8507900238037109,
    0.5254532098770142,
    -0.0074322945438325405
   ],
   [
    -0.5254884958267212,
    0.8507916927337646,
    -0.003919842187315226
   ],
   [
    0.004263640381395817,
    0.007240547798573971,
    0.999964714050293
   ]
  ]
 },
 {
  "rotation_euler": [
   0.007235400378704071,
   -0.004260455258190632,
   0.5839643478393555
  ],
  "euler_order": "XYZ",
  "rotation_matrix": [
   [
    0.8342759609222412,
    -0.5513469576835632,
    0.0004347755166236311
   ],
   [
    0.5513306260108948,
    0.8342446684837341,
    -0.008385195396840572
   ],
   [
    0.004260442219674587,
    0.007235271390527487,
    0.9999647736549377
   ]
  ]
 },
 {
  "rotation_euler": [
   0.007233557291328907,
   -0.004261115565896034,
   -0.08121487498283386
  ],
  "euler_order": "XYZ",
  "rotation_matrix": [
   [
    0.9966948628425598,
    0.08109278231859207,
    -0.004833768121898174
   ],
   [
    -0.08112488687038422,
    0.9966803193092346,
    -0.006863976363092661
   ],
   [
    0.00426110252737999,
    0.00723342876881361,
    0.9999647736549377
   ]
  ]
 },
 {
  "rotation_euler": [
   0.007229397539049387,
   -0.004261071793735027,
   1.7976638078689575
  ],
  "euler_order": "XYZ",
  "rotation_matrix": [
   [
    -0.22492434084415436,
    -0.9743433594703674,
    0.008002487942576408
   ],
   [
    0.9743669033050537,
    -0.22495052218437195,
    -0.0025256958324462175
   ],
   [
    0.004261058755218983,
    0.00722926901653409,
    0.9999647736549377
   ]
  ]
 },
 {
  "rotation_euler": [
   0.007240680977702141,
   -0.004262655973434448,
   -1.3983291387557983
  ],
  "euler_order": "XYZ",
  "rotation_matrix": [
   [
    0.17161189019680023,
    0.9851332306861877,
    -0.007864706218242645
   ],
   [
    -0.9851554036140442,
    0.1716393679380417,
    0.002956706564873457
   ],
   [
    0.004262642934918404,
    0.0072405519895255566,
    0.999964714050293
   ]
  ]
 }
]