[
 {
  "rotation_euler": [
   -0.00019097341282758862,
   -9.707596859698242e-08,
   0.8777094483375549
  ],
  "euler_order": "XYZ",
  "rotation_matrix": [
   [
    0.6389148831367493,
    -0.7692773938179016,
    -0.00014697355800308287
   ],
   [
    0.7692774534225464,
    0.6389148831367493,
    0.00012194107694085687
   ],
   [
    9.707596859698242e-08,
    -0.00019097341282758862,
    1.0
   ]
  ]
 },
 {
  "rotation_euler": [
   -0.00019078355398960412,
   -1.6878775710438276e-08,
   -0.5072517991065979
  ],
  "euler_order": "XYZ",
  "rotation_matrix": [
   [
    0.8740828037261963,
    0.4857769310474396,
    9.266349661629647e-05
   ],
   [
    -0.4857769310474396,
    0.8740828037261963,
    0.00016676881932653487
   ],
   [
    1.6878775710438276e-08,
    -0.00019078355398960412,
    1.0
   ]
  ]
 },
 {
  "rotation_euler": [
   -0.00018852255016099662,
   -1.5765010175528005e-05,
   -2.5310733318328857
  ],
  "euler_order": "XYZ",
  "rotation_matrix": [
   [
    -0.8193504214286804,
    0.5732930302619934,
    0.00012099573359591886
   ],
   [
    -0.5732930302619934,
    -0.8193504214286804,
    -0.00014542805729433894
   ],
   [
    1.5765010175528005e-05,
    -0.00018852255016099662,
    1.0
   ]
  ]
 },
 {
  "rotation_euler": [
   -0.00018234510207548738,
   -9.43350369198015e-06,
   2.14701509475708
  ],
  "euler_order": "XYZ",
  "rotation_matrix": [
   [
    -0.5448571443557739,
    -0.8385288715362549,
    -0.00014776171883568168
   ],
   [
    0.8385288715362549,
    -0.5448571443557739,
    -0.00010726229811552912
   ],
   [
    9.43350369198015e-06,
    -0.00018234510207548738,
    1.0
   ]
  ]
 },
 {
  "rotation_euler": [
   -0.00018997411825694144,
   -1.060870818037074e-05,
   0.5229983925819397
  ],
  "euler_order": "XYZ",
  "rotation_matrix": [
   [
    0.8663254380226135,
    -0.4994799494743347,
    -0.00010407885565655306
   ],
   [
    0.4994799494743347,
    0.8663254380226135,
    0.00015928057837300003
   ],
   [
    1.060870818037074e-05,
    -0.00018997411825694144,
    1.0
   ]
  ]
 },
 {
  "rotation_euler": [
   -0.00019089633133262396,
   -2.648868360211054e-07,
   -1.7460225820541382
  ],
  "euler_order": "XYZ",
  "rotation_matrix": [
   [
    -0.174330934882164,
    0.984687089920044,
    0.00018801933038048446
   ],
   [
    -0.9846871495246887,
    -0.174330934882164,
    -3.3018302929122e-05
   ],
   [
    2.648868360211054e-07,
    -0.00019089633133262396,
    1.0
   ]
  ]
 },
 {
  "rotation_euler": [
   -0.00017735728761181235,
   -4.0905538298829924e-06,
   -0.169328972697258
  ],
  "euler_order": "XYZ",
  "rotation_matrix": [
   [
    0.9856980443000793,
    0.1685209572315216,
    2.5856368665699847e-05
   ],
   [
    -0.1685209572315216,
    0.9856980443000793,
    0.0001755100820446387
   ],
   [
    4.0905538298829924e-06,
    -0.00017735728761181235,
    1.0
   ]
  ]
 },
 {
  "rotation_euler": [
   -0.00019110908033326268,
   -2.48382639256306e-05,
   -0.16850486397743225
  ],
  "euler_order": "XYZ",
  "rotation_matrix": [
   [
    0.9858366250991821,
    0.16770857572555542,
    7.564162388007389e-06
   ],
   [
    -0.16770857572555542,
    0.9858366250991821,
    0.0001925679243868217
   ],
   [
    2.48382639256306e-05,
    -0.00019110908033326268,
    1.0
   ]
  ]
 },
 {
  "rotation_euler": [
   -0.00018280412768945098,
   -9.20963520911755e-06,
   -3.0375938415527344
  ],
  "euler_order": "XYZ",
  "rotation_matrix": [
   [
    -0.9945970177650452,
    0.10381143540143967,
    2.8137035769759677e-05
   ],
   [
    -0.10381144285202026,
    -0.9945969581604004,
    -0.0001808603701647371
   ],
   [
    9.20963520911755e-06,
    -0.00018280412768945098,
    1.0
   ]
  ]
 },
 {
  "rotation_euler": [
   -0.00019085645908489823,
   8.762969372355656e-08,
   2.9909660816192627
  ],
  "euler_order": "XYZ",
  "rotation_matrix": [
   [
    -0.9886772632598877,
    -0.15005764365196228,
    -2.8726106393150985e-05
   ],
   [
    0.15005764365196228,
    -0.9886772036552429,
    -0.0001886822865344584
   ],
   [
    -8.762969372355656e-08,
    -0.00019085645908489823,
    1.0
   ]
  ]
 },
 {
  "rotation_euler": [
   -0.00019092188449576497,
   -3.0654356919512793e-07,
   -2.9277429580688477
  ],
  "euler_order": "XYZ",
  "rotation_matrix": [
   [
    -0.9772211909294128,
    0.21222347021102905,
    4.0817663830239326e-05
   ],
   [
    -0.21222347021102905,
    -0.9772211313247681,
    -0.00018650785204954445
   ],
   [
    3.0654356919512793e-07,
    -0.00019092188449576497,
    1.0
   ]
  ]
 },
 {
  "rotation_euler": [
   -0.00019091265858151019,
   5.423867577292185e-09,
   -3.0158326625823975
  ],
  "euler_order": "XYZ",
  "rotation_matrix": [
   [
    -0.9921026229858398,
    0.12542875111103058,
    2.3940556275192648e-05
   ],
   [
    -0.12542876601219177,
    -0.9921026229858398,
    -0.00018940563313663006
   ],
   [
    -5.423867577292185e-09,
    -0.00019091265858151019,
    1.0
   ]
  ]
 },
 {
  "rotation_euler": [
   -0.00018921314040198922,
   -1.2184800652903505e-05,
   0.9203296899795532
  ],
  "euler_order": "XYZ",
  "rotation_matrix": [
   [
    0.6055577993392944,
    -0.7958012819290161,
    -0.00015795466606505215
   ],
   [
    0.7958012819290161,
    0.6055577993392944,
    0.00010488281986908987
   ],
   [
    1.2184800652903505e-05,
    -0.00018921314040198922,
    1.0
   ]
  ]
 },
 {
  "rotation_euler": [
   -0.0001906405814224854,
   -6.149173970015909e-08,
   -1.3696413040161133
  ],
  "euler_order": "XYZ",
  "rotation_matrix": [
   [
    0.19980119168758392,
    0.9798364639282227,
    0.00018678430933505297
   ],
   [
    -0.9798364639282227,
    0.19980119168758392,
    3.8150468753883615e-05
   ],
   [
    6.149173970015909e-08,
    -0.0001906405814224854,
    1.0
   ]
  ]
 },
 {
  "rotation_euler": [
   -0.00019056837481912225,
   -1.3675510672328528e-05,
   2.5254721641540527
  ],
  "euler_order": "XYZ",
  "rotation_matrix": [
   [
    -0.8161264657974243,
    -0.5778733491897583,
    -9.896343544824049e-05
   ],
   [
    0.5778733491897583,
    -0.8161264657974243,
    -0.0001634306099731475
   ],
   [
    1.3675510672328528e-05,
    -0.00019056837481912225,
    1.0
   ]
  ]
 },
 {
  "rotation_euler": [
   -0.0001909728453028947,
   -9.879853024585827e-08,
   -0.10686945170164108
  ],
  "euler_order": "XYZ",
  "rotation_matrix": [
   [
    0.9942948818206787,
    0.10666614025831223,
    2.0272102119633928e-05
   ],
   [
    -0.10666614025831223,
    0.9942948818206787,
    0.000189893864444457
   ],
   [
    9.879853024585827e-08,
    -0.0001909728453028947,
    1.0
   ]
  ]
 }
]