[
 {
  "rotation_euler": [
   0.005925466772168875,
   -1.0242456482956186e-06,
   2.087291717529297
  ],
  "euler_order": "XYZ",
  "rotation_matrix": [
   [
    -0.4938357174396515,
    -0.8695399761199951,
    0.00515299616381526
   ],
   [
    0.8695552349090576,
    -0.49382707476615906,
    0.0029252993408590555
   ],
   [
    1.0242456482956186e-06,
    0.005925432313233614,
    0.9999824166297913
   ]
  ]
 },
 {
  "rotation_euler": [
   0.005925995297729969,
   -1.0928907840934698e-06,
   -1.8984874486923218
  ],
  "euler_order": "XYZ",
  "rotation_matrix": [
   [
    -0.32185786962509155,
    0.9467713832855225,
    -0.0056102764792740345
   ],
   [
    -0.9467880129814148,
    -0.3218522071838379,
    0.0019083517836406827
   ],
   [
    1.0928907840934698e-06,
    0.005925960838794708,
    0.9999824166297913
   ]
  ]
 },
 {
  "rotation_euler": [
   0.005903188604861498,
   -9.742037718751817e-07,
   -0.7448113560676575
  ],
  "euler_order": "XYZ",
  "rotation_matrix": [
   [
    0.7352157831192017,
    0.6778213381767273,
    -0.004002069588750601
   ],
   [
    -0.6778331398963928,
    0.735202968120575,
    -0.004339431878179312
   ],
   [
    9.742037718751817e-07,
    0.005903154145926237,
    0.9999825954437256
   ]
  ]
 },
 {
  "rotation_euler": [
   0.005920408293604851,
   1.2888066294181044e-06,
   3.009406805038452
  ],
  "euler_order": "XYZ",
  "rotation_matrix": [
   [
    -0.9912761449813843,
    -0.13179893791675568,
    0.000779035035520792
   ],
   [
    0.13180123269557953,
    -0.9912588000297546,
    0.005868894979357719
   ],
   [
    -1.2888066294181044e-06,
    0.00592037383466959,
    0.999982476234436
   ]
  ]
 },
 {
  "rotation_euler": [
   0.0059270597994327545,
   6.665411547146505e-07,
   2.100834369659424
  ],
  "euler_order": "XYZ",
  "rotation_matrix": [
   [
    -0.5055661797523499,
    -0.8627727031707764,
    0.005113427992910147
   ],
   [
    0.8627878427505493,
    -0.5055572986602783,
    0.0029970784671604633
   ],
   [
    -6.665411547146505e-07,
    0.0059270248748362064,
    0.9999824166297913
   ]
  ]
 },
 {
  "rotation_euler": [
   0.0059068771079182625,
   8.945201557253313e-07,
   0.1435004025697708
  ],
  "euler_order": "XYZ",
  "rotation_matrix": [
   [
    0.9897214770317078,
    -0.14300590753555298,
    0.0008456134819425642
   ],
   [
    0.14300841093063354,
    0.9897041916847229,
    -0.005846001207828522
   ],
   [
    -8.945201557253313e-07,
    0.005906842648983002,
    0.9999825358390808
   ]
  ]
 },
 {
  "rotation_euler": [
   0.005924995522946119,
   -3.468326497113594e-07,
   1.6027674674987793
  ],
  "euler_order": "XYZ",
  "rotation_matrix": [
   [
    -0.031965695321559906,
    -0.9994714260101318,
    0.005921944044530392
   ],
   [
    0.9994889497756958,
    -0.03196513652801514,
    0.00018904883472714573
   ],
   [
    3.468326497113594e-07,
    0.0059249610640108585,
    0.999982476234436
   ]
  ]
 },
 {
  "rotation_euler": [
   0.005916207563132048,
   3.322989812204469e-07,
   3.1235015392303467
  ],
  "euler_order": "XYZ",
  "rotation_matrix": [
   [
    -0.9998363852500916,
    -0.018089812248945236,
    0.00010669208859326318
   ],
   [
    0.018090127035975456,
    -0.9998188614845276,
    0.005915211047977209
   ],
   [
    -3.322989812204469e-07,
    0.005916173104196787,
    0.999982476234436
   ]
  ]
 },
 {
  "rotation_euler": [
   0.005914065521210432,
   7.134391353247338e-07,
   -0.2659023702144623
  ],
  "euler_order": "XYZ",
  "rotation_matrix": [
   [
    0.9648557901382446,
    0.2627754509449005,
    -0.0015534008853137493
   ],
   [
    -0.2627800405025482,
    0.9648389220237732,
    -0.005706374533474445
   ],
   [
    -7.134391353247338e-07,
    0.005914031062275171,
    0.9999825358390808
   ]
  ]
 },
 {
  "rotation_euler": [
   -1.7625529766082764,
   0.001053891726769507,
   -0.1315702646970749
  ],
  "euler_order": "XYZ",
  "rotation_matrix": [
   [
    0.9913565516471863,
    -0.02602849155664444,
    0.1285872757434845
   ],
   [
    -0.1311909258365631,
    -0.18880072236061096,
    0.9732128381729126
   ],
   [
    -0.0010538914939388633,
    -0.9816704392433167,
    -0.19058352708816528
   ]
  ]
 },
 {
  "rotation_euler": [
   1.5394513607025146,
   0.0011054323986172676,
   2.7837347984313965
  ],
  "euler_order": "XYZ",
  "rotation_matrix": [
   [
    -0.9366487264633179,
    -0.012012253515422344,
    0.35006409883499146
   ],
   [
    0.3502683937549591,
    -0.028967425227165222,
    0.9362013339996338
   ],
   [
    -0.001105432165786624,
    0.9995082020759583,
    0.03133981302380562
   ]
  ]
 },
 {
  "rotation_euler": [
   0.005903692450374365,
   -7.121641374396859e-07,
   1.5783807039260864
  ],
  "euler_order": "XYZ",
  "rotation_matrix": [
   [
    -0.007584304548799992,
    -0.9999538064002991,
    0.0059034936130046844
   ],
   [
    0.9999712109565735,
    -0.007584176491945982,
    4.406301013659686e-05
   ],
   [
    7.121641374396859e-07,
    0.005903657991439104,
    0.9999825954437256
   ]
  ]
 },
 {
  "rotation_euler": [
   1.5498584508895874,
   0.0009675051551312208,
   -1.9488985538482666
  ],
  "euler_order": "XYZ",
  "rotation_matrix": [
   [
    -0.36915722489356995,
    0.019100463017821312,
    -0.9291706681251526
   ],
   [
    -0.9293664693832397,
    -0.008627776987850666,
    0.36905765533447266
   ],
   [
    -0.0009675049805082381,
    0.9997803568840027,
    0.020936336368322372
   ]
  ]
 },
 {
  "rotation_euler": [
   0.005922672338783741,
   4.645300180072809e-07,
   -0.21606333553791046
  ],
  "euler_order": "XYZ",
  "rotation_matrix": [
   [
    0.9767490029335022,
    0.21438241004943848,
    -0.0012692778836935759
   ],
   [
    -0.21438616514205933,
    0.9767318367958069,
    -0.005785029847174883
   ],
   [
    -4.645300180072809e-07,
    0.00592263787984848,
    0.999982476234436
   ]
  ]
 },
 {
  "rotation_euler": [
   0.0059143854305148125,
   4.1244229009862465e-07,
   1.2026838064193726
  ],
  "euler_order": "XYZ",
  "rotation_matrix": [
   [
    0.3598550260066986,
    -0.9329919219017029,
    0.0055182864889502525
   ],
   [
    0.9330082535743713,
    0.3598487377166748,
    -0.002127924235537648
   ],
   [
    -4.1244229009862465e-07,
    0.005914350971579552,
    0.9999825358390808
   ]
  ]
 },
 {
  "rotation_euler": [
   1.5481268167495728,
   0.0010014941217377782,
   -0.09274443984031677
  ],
  "euler_order": "XYZ",
  "rotation_matrix": [
   [
    0.995701789855957,
    0.0030962119344621897,
    -0.0925651416182518
   ],
   [
    -0.09261149168014526,
    0.022477423772215843,
    -0.9954485893249512
   ],
   [
    -0.0010014940053224564,
    0.9997425675392151,
    0.02266755700111389
   ]
  ]
 }
]