[
 {
  "rotation_euler": [
   -1.4589993953704834,
   0.48045116662979126,
   2.0013489723205566
  ],
  "euler_order": "XYZ",
  "rotation_matrix": [
   [
    -0.3701207935810089,
    0.09031464904546738,
    -0.9245830774307251
   ],
   [
    0.8058541417121887,
    -0.4639405608177185,
    -0.3679107129573822
   ],
   [
    -0.4621793031692505,
    -0.8812505006790161,
    0.0989336222410202
   ]
  ]
 },
 {
  "rotation_euler": [
   -1.6827031373977661,
   2.6609809398651123,
   0.12213532626628876
  ],
  "euler_order": "XYZ",
  "rotation_matrix": [
   [
    -0.8801069259643555,
    -0.44240203499794006,
    -0.17231427133083344
   ],
   [
    -0.10802984237670898,
    -0.16681471467018127,
    0.9800522327423096
   ],
   [
    -0.4623216688632965,
    0.8811658620834351,
    0.09902216494083405
   ]
  ]
 },
 {
  "rotation_euler": [
   1.4588878154754639,
   0.4806128144264221,
   -2.0227065086364746
  ],
  "euler_order": "XYZ",
  "rotation_matrix": [
   [
    -0.3872135281562805,
    -0.10016186535358429,
    -0.9165332913398743
   ],
   [
    -0.7976988554000854,
    -0.46207737922668457,
    0.3875061571598053
   ],
   [
    -0.4623226523399353,
    0.8811652064323425,
    0.09902360290288925
   ]
  ]
 },
 {
  "rotation_euler": [
   1.4588936567306519,
   0.4806158244609833,
   -1.5524511337280273
  ],
  "euler_order": "XYZ",
  "rotation_matrix": [
   [
    0.016265960410237312,
    0.12007840722799301,
    -0.9926311373710632
   ],
   [
    -0.8865611553192139,
    -0.4573078751564026,
    -0.06984827667474747
   ],
   [
    -0.4623253345489502,
    0.8811643719673157,
    0.09901830554008484
   ]
  ]
 },
 {
  "rotation_euler": [
   -0.0042096758261322975,
   0.05174994096159935,
   -0.684293806552887
  ],
  "euler_order": "XYZ",
  "rotation_matrix": [
   [
    0.7738283276557922,
    0.631951630115509,
    0.042742036283016205
   ],
   [
    -0.631279706954956,
    0.7749963998794556,
    -0.029435668140649796
   ],
   [
    -0.051726844161748886,
    -0.004204027820378542,
    0.9986523985862732
   ]
  ]
 },
 {
  "rotation_euler": [
   1.4588828086853027,
   0.48061269521713257,
   0.8733914494514465
  ],
  "euler_order": "XYZ",
  "rotation_matrix": [
   [
    0.5694735050201416,
    0.20945622026920319,
    0.7948760986328125
   ],
   [
    0.6796747446060181,
    0.42388296127319336,
    -0.5986363291740417
   ],
   [
    -0.46232253313064575,
    0.8811647295951843,
    0.09902802109718323
   ]
  ]
 },
 {
  "rotation_euler": [
   0.2811364233493805,
   0.6066500544548035,
   -2.8309526443481445
  ],
  "euler_order": "XYZ",
  "rotation_matrix": [
   [
    -0.7822409868240356,
    0.14306044578552246,
    -0.6063272953033447
   ],
   [
    -0.25112542510032654,
    -0.9631078839302063,
    0.09674304723739624
   ],
   [
    -0.5701184868812561,
    0.22794057428836823,
    0.7893085479736328
   ]
  ]
 },
 {
  "rotation_euler": [
   1.6825933456420898,
   2.6611413955688477,
   0.15650664269924164
  ],
  "euler_order": "XYZ",
  "rotation_matrix": [
   [
    -0.8759479522705078,
    0.471069872379303,
    0.10396295040845871
   ],
   [
    -0.1382220834493637,
    -0.038611236959695816,
    -0.9896483421325684
   ],
   [
    -0.46217939257621765,
    -0.8812504410743713,
    0.09893368929624557
   ]
  ]
 },
 {
  "rotation_euler": [
   -1.458998203277588,
   0.48045051097869873,
   2.7078452110290527
  ],
  "euler_order": "XYZ",
  "rotation_matrix": [
   [
    -0.8046678304672241,
    0.3698734641075134,
    -0.46443867683410645
   ],
   [
    0.37269356846809387,
    -0.29426324367523193,
    -0.8800617456436157
   ],
   [
    -0.4621787369251251,
    -0.8812506794929504,
    0.09893470257520676
   ]
  ]
 },
 {
  "rotation_euler": [
   -1.4589990377426147,
   0.48045146465301514,
   -0.05194242298603058
  ],
  "euler_order": "XYZ",
  "rotation_matrix": [
   [
    0.8855903148651123,
    -0.4528824985027313,
    0.10308825969696045
   ],
   [
    -0.04604112356901169,
    0.135260209441185,
    0.9897398352622986
   ],
   [
    -0.462179571390152,
    -0.8812503218650818,
    0.09893392026424408
   ]
  ]
 },
 {
  "rotation_euler": [
   0.004849589429795742,
   0.04386937990784645,
   0.8834525942802429
  ],
  "euler_order": "XYZ",
  "rotation_matrix": [
   [
    0.633875846862793,
    -0.7727900743484497,
    0.031573664397001266
   ],
   [
    0.7721904516220093,
    0.6346432566642761,
    0.030819879844784737
   ],
   [
    -0.04385530948638916,
    0.004844904411584139,
    0.9990261197090149
   ]
  ]
 },
 {
  "rotation_euler": [
   -1.4590052366256714,
   0.4804556667804718,
   -1.660211443901062
  ],
  "euler_order": "XYZ",
  "rotation_matrix": [
   [
    -0.0791863203048706,
    0.1521262377500534,
    0.985183835029602
   ],
   [
    -0.8832418322563171,
    0.4475017488002777,
    -0.14009307324886322
   ],
   [
    -0.46218329668045044,
    -0.8812490105628967,
    0.09892824292182922
   ]
  ]
 },
 {
  "rotation_euler": [
   -1.458999752998352,
   0.4804518222808838,
   -1.0357775688171387
  ],
  "euler_order": "XYZ",
  "rotation_matrix": [
   [
    0.45213431119918823,
    -0.13820086419582367,
    0.8811782598495483
   ],
   [
    -0.7628658413887024,
    0.45199400186538696,
    0.4623171091079712
   ],
   [
    -0.46217989921569824,
    -0.8812502026557922,
    0.09893327206373215
   ]
  ]
 },
 {
  "rotation_euler": [
   -1.458999752998352,
   0.4804517924785614,
   2.5675852298736572
  ],
  "euler_order": "XYZ",
  "rotation_matrix": [
   [
    -0.7446624636650085,
    0.32510489225387573,
    -0.5829104781150818
   ],
   [
    0.48152628540992737,
    -0.34308138489723206,
    -0.8064908981323242
   ],
   [
    -0.46217986941337585,
    -0.881250262260437,
    0.09893327206373215
   ]
  ]
 },
 {
  "rotation_euler": [
   -1.4589991569519043,
   0.48045098781585693,
   1.912759780883789
  ],
  "euler_order": "XYZ",
  "rotation_matrix": [
   [
    -0.2973727881908417,
    0.04891382157802582,
    -0.953507661819458
   ],
   [
    0.835439920425415,
    -0.470111608505249,
    -0.28466689586639404
   ],
   [
    -0.46217915415763855,
    -0.8812505602836609,
    0.09893383830785751
   ]
  ]
 },
 {
  "rotation_euler": [
   -1.458999514579773,
   0.480451375246048,
   1.1308153867721558
  ],
  "euler_order": "XYZ",
  "rotation_matrix": [
   [
    0.3777020275592804,
    -0.2965623140335083,
    -0.8771499395370483
   ],
   [
    0.8023286461830139,
    -0.3680333197116852,
    0.46991509199142456
   ],
   [
    -0.4621794819831848,
    -0.8812503814697266,
    0.09893350303173065
   ]
  ]
 }
]