[
 {
  "rotation_euler": [
   0.00028543747612275183,
   -4.744416344237834e-07,
   2.9207675457000732
  ],
  "euler_order": "XYZ",
  "rotation_matrix": [
   [
    -0.9757170677185059,
    -0.21903476119041443,
    6.298365042312071e-05
   ],
   [
    0.21903477609157562,
    -0.9757170081138611,
    0.00027840229449793696
   ],
   [
    4.744416344237834e-07,
    0.00028543747612275183,
    0.9999999403953552
   ]
  ]
 },
 {
  "rotation_euler": [
   0.0002777033660095185,
   -1.9598473954829387e-06,
   0.7095430493354797
  ],
  "euler_order": "XYZ",
  "rotation_matrix": [
   [
    0.7586596608161926,
    -0.6514871716499329,
    0.00017943332204595208
   ],
   [
    0.6514871716499329,
    0.7586596012115479,
    -0.00021195915178395808
   ],
   [
    1.9598473954829387e-06,
    0.0002777033660095185,
    0.9999999403953552
   ]
  ]
 },
 {
  "rotation_euler": [
   0.0002749508712440729,
   1.8118710158887552e-06,
   -2.9266927242279053
  ],
  "euler_order": "XYZ",
  "rotation_matrix": [
   [
    -0.9769977331161499,
    0.21324965357780457,
    -6.040337393642403e-05
   ],
   [
    -0.21324965357780457,
    -0.9769976735115051,
    0.00026823999360203743
   ],
   [
    -1.8118710158887552e-06,
    0.0002749508712440729,
    0.9999999403953552
   ]
  ]
 },
 {
  "rotation_euler": [
   -1.8258472681045532,
   1.1060120414185803e-05,
   0.6919972896575928
  ],
  "euler_order": "XYZ",
  "rotation_matrix": [
   [
    0.76997309923172,
    0.16097503900527954,
    -0.6174370050430298
   ],
   [
    0.6380763053894043,
    -0.19426697492599487,
    0.745063066482544
   ],
   [
    -1.1060120414185803e-05,
    -0.9676504731178284,
    -0.2522946894168854
   ]
  ]
 },
 {
  "rotation_euler": [
   0.0002777483023237437,
   1.8860163208955782e-06,
   0.8507455587387085
  ],
  "euler_order": "XYZ",
  "rotation_matrix": [
   [
    0.6594228148460388,
    -0.7517722249031067,
    0.0002100471465382725
   ],
   [
    0.7517722249031067,
    0.6594228148460388,
    -0.00018173571152146906
   ],
   [
    -1.8860163208955782e-06,
    0.0002777483023237437,
    0.9999999403953552
   ]
  ]
 },
 {
  "rotation_euler": [
   0.010494637303054333,
   0.0025158184580504894,
   -1.005496859550476
  ],
  "euler_order": "XYZ",
  "rotation_matrix": [
   [
    0.5356670022010803,
    0.8443958759307861,
    -0.0075142355635762215
   ],
   [
    -0.8444255590438843,
    0.535616934299469,
    -0.007745854556560516
   ],
   [
    -0.0025158158969134092,
    0.010494410991668701,
    0.9999417662620544
   ]
  ]
 },
 {
  "rotation_euler": [
   0.00028203261899761856,
   -9.676625012389195e-08,
   0.9306766390800476
  ],
  "euler_order": "XYZ",
  "rotation_matrix": [
   [
    0.5972914099693298,
    -0.802024245262146,
    0.00022613920737057924
   ],
   [
    0.8020243048667908,
    0.5972914099693298,
    -0.0001685332681518048
   ],
   [
    9.676625012389195e-08,
    0.00028203261899761856,
    0.9999999403953552
   ]
  ]
 },
 {
  "rotation_euler": [
   0.00028761394787579775,
   5.339214794730651e-07,
   -2.3148326873779297
  ],
  "euler_order": "XYZ",
  "rotation_matrix": [
   [
    -0.6772631406784058,
    0.7357408404350281,
    -0.00021197093883529305
   ],
   [
    -0.7357409000396729,
    -0.677263081073761,
    0.00019439749303273857
   ],
   [
    -5.339214794730651e-07,
    0.00028761394787579775,
    0.9999999403953552
   ]
  ]
 },
 {
  "rotation_euler": [
   0.0002783086383715272,
   -3.4347997370787198e-06,
   0.6715178489685059
  ],
  "euler_order": "XYZ",
  "rotation_matrix": [
   [
    0.7828782200813293,
    -0.6221749782562256,
    0.00017046763969119638
   ],
   [
    0.6221749782562256,
    0.7828781604766846,
    -0.0002200188027927652
   ],
   [
    3.4347997370787198e-06,
    0.0002783086383715272,
    0.9999999403953552
   ]
  ]
 },
 {
  "rotation_euler": [
   -0.029816096648573875,
   -0.04138448089361191,
   1.6299296617507935
  ],
  "euler_order": "XYZ",
  "rotation_matrix": [
   [
    -0.05904827639460564,
    -0.9978813529014587,
    -0.02731558121740818
   ],
   [
    0.9973974227905273,
    -0.057841379195451736,
    -0.0430438369512558
   ],
   [
    0.041372667998075485,
    -0.029786154627799988,
    0.9986997246742249
   ]
  ]
 },
 {
  "rotation_euler": [
   0.00028549981652759016,
   4.655213956539228e-07,
   2.807872772216797
  ],
  "euler_order": "XYZ",
  "rotation_matrix": [
   [
    -0.9448304176330566,
    -0.3275599181652069,
    9.30784663069062e-05
   ],
   [
    0.3275599479675293,
    -0.9448303580284119,
    0.0002699013857636601
   ],
   [
    -4.655213956539228e-07,
    0.00028549981652759016,
    0.9999999403953552
   ]
  ]
 },
 {
  "rotation_euler": [
   -0.03790191560983658,
   -0.04972141981124878,
   -2.1121153831481934
  ],
  "euler_order": "XYZ",
  "rotation_matrix": [
   [
    -0.514630138874054,
    0.8554438352584839,
    0.058066148310899734
   ],
   [
    -0.8559706211090088,
    -0.5165109038352966,
    0.02303966134786606
   ],
   [
    0.04970093443989754,
    -0.03784601017832756,
    0.9980468153953552
   ]
  ]
 },
 {
  "rotation_euler": [
   1.7209405899047852,
   -8.7376408330897e-09,
   2.8038039207458496
  ],
  "euler_order": "XYZ",
  "rotation_matrix": [
   [
    -0.9434897899627686,
    0.04957131668925285,
    0.32767316699028015
   ],
   [
    0.3314015865325928,
    0.14112792909145355,
    0.9328750371932983
   ],
   [
    8.7376408330897e-09,
    0.9887495040893555,
    -0.14958077669143677
   ]
  ]
 },
 {
  "rotation_euler": [
   0.003426537150517106,
   -0.00725371902808547,
   0.4595792889595032
  ],
  "euler_order": "XYZ",
  "rotation_matrix": [
   [
    0.8962156176567078,
    -0.44359076023101807,
    -0.00498106237500906
   ],
   [
    0.4435594081878662,
    0.8962228894233704,
    -0.006288483738899231
   ],
   [
    0.007253655232489109,
    0.003426440292969346,
    0.9999678134918213
   ]
  ]
 },
 {
  "rotation_euler": [
   0.0002784874814096838,
   -3.2042130442277994e-06,
   -0.7923299670219421
  ],
  "euler_order": "XYZ",
  "rotation_matrix": [
   [
    0.7021883130073547,
    0.7119912505149841,
    -0.0002005306159844622
   ],
   [
    -0.7119912505149841,
    0.70218825340271,
    -0.00019326928304508328
   ],
   [
    3.2042130442277994e-06,
    0.0002784874814096838,
    0.9999999403953552
   ]
  ]
 },
 {
  "rotation_euler": [
   0.00027479746495373547,
   7.977188261065749e-07,
   1.6060255765914917
  ],
  "euler_order": "XYZ",
  "rotation_matrix": [
   [
    -0.03522196412086487,
    -0.9993794560432434,
    0.0002745988604146987
   ],
   [
    0.9993795156478882,
    -0.03522196039557457,
    1.0476130228198599e-05
   ],
   [
    -7.977188261065749e-07,
    0.00027479746495373547,
    0.9999999403953552
   ]
  ]
 }
]