[
 {
  "rotation_euler": [
   0.10359697043895721,
   0.29577115178108215,
   -0.47026240825653076
  ],
  "euler_order": "XYZ",
  "rotation_matrix": [
   [
    0.8527405858039856,
    0.4775611460208893,
    0.21158649027347565
   ],
   [
    -0.43344467878341675,
    0.8730120062828064,
    -0.2235526591539383
   ],
   [
    -0.29147759079933167,
    0.09892138093709946,
    0.9514490962028503
   ]
  ]
 },
 {
  "rotation_euler": [
   0.4876803159713745,
   -0.04874486103653908,
   0.02811570093035698
  ],
  "euler_order": "XYZ",
  "rotation_matrix": [
   [
    0.9984174370765686,
    -0.04765745997428894,
    -0.02985556796193123
   ],
   [
    0.028078606352210045,
    0.8824312090873718,
    -0.4696027934551239
   ],
   [
    0.04872556030750275,
    0.46802130341529846,
    0.8823728561401367
   ]
  ]
 },
 {
  "rotation_euler": [
   -0.07592418044805527,
   -0.3212657570838928,
   -2.695585012435913
  ],
  "euler_order": "XYZ",
  "rotation_matrix": [
   [
    -0.8560179471969604,
    0.4085160791873932,
    0.3167773485183716
   ],
   [
    -0.4092969000339508,
    -0.9099092483520508,
    0.06738824397325516
   ],
   [
    0.3157678246498108,
    -0.07197044044733047,
    0.946103036403656
   ]
  ]
 },
 {
  "rotation_euler": [
   0.09540873020887375,
   -0.27279379963874817,
   2.8142173290252686
  ],
  "euler_order": "XYZ",
  "rotation_matrix": [
   [
    -0.9118754267692566,
    -0.29579323530197144,
    0.2845865488052368
   ],
   [
    0.30966824293136597,
    -0.9508364200592041,
    0.003963204566389322
   ],
   [
    0.2694229781627655,
    0.09174136817455292,
    0.9586421847343445
   ]
  ]
 },
 {
  "rotation_euler": [
   -0.006640325300395489,
   -0.26357048749923706,
   -2.4862632751464844
  ],
  "euler_order": "XYZ",
  "rotation_matrix": [
   [
    -0.7654669880867004,
    0.6080353856086731,
    0.21060217916965485
   ],
   [
    -0.588374674320221,
    -0.7938840389251709,
    0.15350370109081268
   ],
   [
    0.26052939891815186,
    -0.006410960573703051,
    0.9654446244239807
   ]
  ]
 },
 {
  "rotation_euler": [
   -0.2896007299423218,
   0.2167123407125473,
   2.423624277114868
  ],
  "euler_order": "XYZ",
  "rotation_matrix": [
   [
    -0.735527515411377,
    -0.5842160582542419,
    -0.3430611193180084
   ],
   [
    0.6424684524536133,
    -0.7621757984161377,
    -0.07951313257217407
   ],
   [
    -0.21502003073692322,
    -0.2788900136947632,
    0.9359416365623474
   ]
  ]
 },
 {
  "rotation_euler": [
   -0.42347121238708496,
   -0.018396377563476562,
   -2.6726322174072266
  ],
  "euler_order": "XYZ",
  "rotation_matrix": [
   [
    -0.8918876647949219,
    0.40529370307922363,
    0.2006823569536209
   ],
   [
    -0.4518827199935913,
    -0.8166595101356506,
    -0.3589836657047272
   ],
   [
    0.01839534007012844,
    -0.4108579754829407,
    0.9115137457847595
   ]
  ]
 },
 {
  "rotation_euler": [
   0.30971699953079224,
   -0.28202149271965027,
   2.325942039489746
  ],
  "euler_order": "XYZ",
  "rotation_matrix": [
   [
    -0.6583181619644165,
    -0.6353884935379028,
    0.4036070704460144
   ],
   [
    0.6994051337242126,
    -0.7145487070083618,
    0.01589430309832096
   ],
   [
    0.2782978415489197,
    0.292748361825943,
    0.9147943258285522
   ]
  ]
 },
 {
  "rotation_euler": [
   0.39129528403282166,
   -0.5305827260017395,
   1.472090244293213
  ],
  "euler_order": "XYZ",
  "rotation_matrix": [
   [
    0.0849970355629921,
    -0.9389351010322571,
    0.3334311544895172
   ],
   [
    0.858314037322998,
    -0.10095834732055664,
    -0.5030947923660278
   ],
   [
    0.5060360431671143,
    0.3289502263069153,
    0.7973200678825378
   ]
  ]
 },
 {
  "rotation_euler": [
   0.4454551637172699,
   -0.3264637887477875,
   -1.770180344581604
  ],
  "euler_order": "XYZ",
  "rotation_matrix": [
   [
    -0.18760421872138977,
    0.9119049310684204,
    -0.36501237750053406
   ],
   [
    -0.928417444229126,
    -0.043297071009874344,
    0.36900728940963745
   ],
   [
    0.3206956088542938,
    0.40811118483543396,
    0.8547511696815491
   ]
  ]
 },
 {
  "rotation_euler": [
   0.10756304115056992,
   -0.09342286735773087,
   2.853742837905884
  ],
  "euler_order": "XYZ",
  "rotation_matrix": [
   [
    -0.9546751976013184,
    -0.2726476192474365,
    0.11940927058458328
   ],
   [
    0.28265318274497986,
    -0.9561581015586853,
    0.07660844922065735
   ],
   [
    0.09328702837228775,
    0.10688759386539459,
    0.989885151386261
   ]
  ]
 },
 {
  "rotation_euler": [
   -0.21574078500270844,
   0.03582127392292023,
   -2.9394686222076416
  ],
  "euler_order": "XYZ",
  "rotation_matrix": [
   [
    -0.9790139198303223,
    0.20360738039016724,
    0.008703689090907574
   ],
   [
    -0.20062178373336792,
    -0.9553933143615723,
    -0.2167360633611679
   ],
   [
    -0.03581361472606659,
    -0.2139337658882141,
    0.9761914610862732
   ]
  ]
 },
 {
  "rotation_euler": [
   -0.4199865758419037,
   0.2837497889995575,
   -2.532166004180908
  ],
  "euler_order": "XYZ",
  "rotation_matrix": [
   [
    -0.7871874570846558,
    0.6162549257278442,
    0.023785443976521492
   ],
   [
    -0.5495086312294006,
    -0.6833754181861877,
    -0.4806644320487976
   ],
   [
    -0.27995744347572327,
    -0.3914433419704437,
    0.8765819668769836
   ]
  ]
 },
 {
  "rotation_euler": [
   -0.19862079620361328,
   -0.23324686288833618,
   -1.2227718830108643
  ],
  "euler_order": "XYZ",
  "rotation_matrix": [
   [
    0.3318063020706177,
    0.9371206760406494,
    0.10821018368005753
   ],
   [
    -0.9145928025245667,
    0.29146310687065125,
    0.28030216693878174
   ],
   [
    0.23113767802715302,
    -0.19197428226470947,
    0.9537931084632874
   ]
  ]
 },
 {
  "rotation_euler": [
   -0.24616765975952148,
   -0.059925902634859085,
   -2.1084132194519043
  ],
  "euler_order": "XYZ",
  "rotation_matrix": [
   [
    -0.511171281337738,
    0.825563907623291,
    0.23905666172504425
   ],
   [
    -0.8573896884918213,
    -0.5091884732246399,
    -0.07490014284849167
   ],
   [
    0.05989004299044609,
    -0.2432515174150467,
    0.9681125283241272
   ]
  ]
 },
 {
  "rotation_euler": [
   -0.1441563069820404,
   -0.23859074711799622,
   -1.986736536026001
  ],
  "euler_order": "XYZ",
  "rotation_matrix": [
   [
    -0.3926042318344116,
    0.8915307521820068,
    0.22590896487236023
   ],
   [
    -0.8888241648674011,
    -0.4309154450893402,
    0.15589576959609985
   ],
   [
    0.23633353412151337,
    -0.13958801329135895,
    0.9615932703018188
   ]
  ]
 }
]