[
 {
  "rotation_euler": [
   -4.549397999653593e-06,
   2.3183226858236594e-06,
   -0.5943529009819031
  ],
  "euler_order": "XYZ",
  "rotation_matrix": [
   [
    0.8285110592842102,
    0.5599727630615234,
    4.468294719117694e-06
   ],
   [
    -0.5599727630615234,
    0.8285110592842102,
    2.471028892614413e-06
   ],
   [
    -2.3183226858236594e-06,
    -4.549397999653593e-06,
    1.0
   ]
  ]
 },
 {
  "rotation_euler": [
   3.520048892369232e-07,
   -5.00086389365606e-06,
   0.06390414386987686
  ],
  "euler_order": "XYZ",
  "rotation_matrix": [
   [
    0.9979588389396667,
    -0.06386065483093262,
    -4.968177108821692e-06
   ],
   [
    0.06386065483093262,
    0.9979588389396667,
    -6.706448516524688e-07
   ],
   [
    5.00086389365606e-06,
    3.520048892369232e-07,
    1.0
   ]
  ]
 },
 {
  "rotation_euler": [
   -2.3766071990394266e-06,
   -3.993165591964498e-06,
   -3.050959587097168
  ],
  "euler_order": "XYZ",
  "rotation_matrix": [
   [
    -0.9958956241607666,
    0.09050903469324112,
    4.191880634607514e-06
   ],
   [
    -0.09050903469324112,
    -0.9958956241607666,
    -2.0054351352882804e-06
   ],
   [
    3.993165591964498e-06,
    -2.3766071990394266e-06,
    1.0
   ]
  ]
 },
 {
  "rotation_euler": [
   0.0013398212613537908,
   0.009745808318257332,
   1.3559491634368896
  ],
  "euler_order": "XYZ",
  "rotation_matrix": [
   [
    0.21318797767162323,
    -0.9770053029060364,
    0.0033867701422423124
   ],
   [
    0.9769625663757324,
    0.21321067214012146,
    0.009235936217010021
   ],
   [
    -0.009745653718709946,
    0.001339757232926786,
    0.9999516010284424
   ]
  ]
 },
 {
  "rotation_euler": [
   1.877199906630267e-06,
   6.9917537075525615e-06,
   -1.4299476146697998
  ],
  "euler_order": "XYZ",
  "rotation_matrix": [
   [
    0.14038346707820892,
    0.9900972247123718,
    -8.770837212068727e-07
   ],
   [
    -0.9900972247123718,
    0.14038346707820892,
    -7.1860436037241016e-06
   ],
   [
    -6.9917537075525615e-06,
    1.877199906630267e-06,
    1.0
   ]
  ]
 },
 {
  "rotation_euler": [
   -2.47160585331585e-07,
   -3.4902111565315863e-06,
   2.0153181552886963
  ],
  "euler_order": "XYZ",
  "rotation_matrix": [
   [
    -0.43002623319625854,
    -0.9028164148330688,
    1.277741716876335e-06
   ],
   [
    0.9028164148330688,
    -0.43002623319625854,
    -3.2573054795648204e-06
   ],
   [
    3.4902111565315863e-06,
    -2.47160585331585e-07,
    1.0
   ]
  ]
 },
 {
  "rotation_euler": [
   -2.2531328340846812e-06,
   3.5585903788160067e-06,
   0.15935423970222473
  ],
  "euler_order": "XYZ",
  "rotation_matrix": [
   [
    0.9873299598693848,
    -0.15868066251277924,
    3.155974354740465e-06
   ],
   [
    0.15868066251277924,
    0.9873299598693848,
    2.789264954117243e-06
   ],
   [
    -3.5585903788160067e-06,
    -2.2531328340846812e-06,
    1.0
   ]
  ]
 },
 {
  "rotation_euler": [
   -2.8150484467914794e-06,
   3.5175416996935382e-06,
   -2.4874870777130127
  ],
  "euler_order": "XYZ",
  "rotation_matrix": [
   [
    -0.7935924530029297,
    0.6084496974945068,
    -1.0786792472572415e-06
   ],
   [
    -0.6084496974945068,
    -0.7935924530029297,
    -4.374248419480864e-06
   ],
   [
    -3.5175416996935382e-06,
    -2.8150484467914794e-06,
    1.0
   ]
  ]
 },
 {
  "rotation_euler": [
   -1.8884653627537773e-06,
   -3.538786586432252e-06,
   -1.2206685543060303
  ],
  "euler_order": "XYZ",
  "rotation_matrix": [
   [
    0.3430178165435791,
    0.9393289089202881,
    5.600231816060841e-07
   ],
   [
    -0.9393289089202881,
    0.3430178165435791,
    3.971861588070169e-06
   ],
   [
    3.538786586432252e-06,
    -1.8884653627537773e-06,
    1.0
   ]
  ]
 },
 {
  "rotation_euler": [
   -3.3394485399185214e-06,
   -1.0390793931946973e-06,
   2.7388226985931396
  ],
  "euler_order": "XYZ",
  "rotation_matrix": [
   [
    -0.9199787974357605,
    -0.39196813106536865,
    -3.530264507389802e-07
   ],
   [
    0.39196813106536865,
    -0.9199787974357605,
    -3.4795077681337716e-06
   ],
   [
    1.0390793931946973e-06,
    -3.3394485399185214e-06,
    1.0
   ]
  ]
 },
 {
  "rotation_euler": [
   -3.932369963877136e-06,
   2.734568852247321e-06,
   -0.22993524372577667
  ],
  "euler_order": "XYZ",
  "rotation_matrix": [
   [
    0.9736811518669128,
    0.2279144674539566,
    3.5588420814747224e-06
   ],
   [
    -0.2279144674539566,
    0.9736811518669128,
    3.20562662636803e-06
   ],
   [
    -2.734568852247321e-06,
    -3.932369963877136e-06,
    1.0
   ]
  ]
 },
 {
  "rotation_euler": [
   5.2838495321339e-06,
   6.859644372525509e-07,
   -0.8960489630699158
  ],
  "euler_order": "XYZ",
  "rotation_matrix": [
   [
    0.6247000694274902,
    0.7808647751808167,
    -3.6974499835196184e-06
   ],
   [
    -0.7808647751808167,
    0.6247000694274902,
    -3.836466476059286e-06
   ],
   [
    -6.859644372525509e-07,
    5.2838495321339e-06,
    1.0
   ]
  ]
 },
 {
  "rotation_euler": [
   4.146824721829034e-06,
   -1.112705376726808e-05,
   -1.2729436159133911
  ],
  "euler_order": "XYZ",
  "rotation_matrix": [
   [
    0.2934681475162506,
    0.9559688568115234,
    -7.229671155073447e-06
   ],
   [
    -0.9559688568115234,
    0.2934681475162506,
    9.42015594773693e-06
   ],
   [
    1.112705376726808e-05,
    4.146824721829034e-06,
    1.0
   ]
  ]
 },
 {
  "rotation_euler": [
   -1.0487751751497854e-05,
   2.1964792722428683e-06,
   -1.8428585529327393
  ],
  "euler_order": "XYZ",
  "rotation_matrix": [
   [
    -0.2687183916568756,
    0.9632188081741333,
    9.511764801573008e-06
   ],
   [
    -0.9632188081741333,
    -0.2687183916568756,
    -4.933941909257555e-06
   ],
   [
    -2.1964792722428683e-06,
    -1.0487751751497854e-05,
    1.0
   ]
  ]
 },
 {
  "rotation_euler": [
   -3.870639829983702e-06,
   4.324105162822889e-08,
   1.2063097953796387
  ],
  "euler_order": "XYZ",
  "rotation_matrix": [
   [
    0.35646960139274597,
    -0.9343069195747375,
    -3.6009514587931335e-06
   ],
   [
    0.9343069195747375,
    0.35646960139274597,
    1.4201658586898702e-06
   ],
   [
    -4.324105162822889e-08,
    -3.870639829983702e-06,
    1.0
   ]
  ]
 },
 {
  "rotation_euler": [
   1.9561382487154333e-06,
   3.2040716178016737e-06,
   -0.50284343957901
  ],
  "euler_order": "XYZ",
  "rotation_matrix": [
   [
    0.8762158155441284,
    0.48191896080970764,
    1.864758132796851e-06
   ],
   [
    -0.48191896080970764,
    0.8762158155441284,
    -3.258101969549898e-06
   ],
   [
    -3.2040716178016737e-06,
    1.9561382487154333e-06,
    1.0
   ]
  ]
 }
]