[
 {
  "rotation_euler": [
   0.001869245432317257,
   0.016406551003456116,
   -0.8614639639854431
  ],
  "euler_order": "XYZ",
  "rotation_matrix": [
   [
    0.6512396335601807,
    0.7588155269622803,
    0.00926715973764658
   ],
   [
    -0.7586947679519653,
    0.6513029336929321,
    -0.013666149228811264
   ],
   [
    -0.01640581525862217,
    0.0018689928110688925,
    0.9998636841773987
   ]
  ]
 },
 {
  "rotation_euler": [
   0.0018726438283920288,
   0.01640325039625168,
   -1.5812147855758667
  ],
  "euler_order": "XYZ",
  "rotation_matrix": [
   [
    -0.010416869074106216,
    0.9999436736106873,
    -0.0020434267353266478
   ],
   [
    -0.9998112320899963,
    -0.010448966175317764,
    -0.016382087022066116
   ],
   [
    -0.016402514651417732,
    0.0018723908578976989,
    0.9998637437820435
   ]
  ]
 },
 {
  "rotation_euler": [
   0.001870128558948636,
   0.01640440709888935,
   -0.13047872483730316
  ],
  "euler_order": "XYZ",
  "rotation_matrix": [
   [
    0.9913663268089294,
    0.13013900816440582,
    0.016020886600017548
   ],
   [
    -0.13009130954742432,
    0.9914939999580383,
    -0.003988489508628845
   ],
   [
    -0.016403671354055405,
    0.0018698758212849498,
    0.9998636841773987
   ]
  ]
 },
 {
  "rotation_euler": [
   0.0018778570229187608,
   0.01642216369509697,
   -0.43041354417800903
  ],
  "euler_order": "XYZ",
  "rotation_matrix": [
   [
    0.9086707234382629,
    0.41727393865585327,
    0.01414012536406517
   ],
   [
    -0.41719040274620056,
    0.9087787866592407,
    -0.008558356203138828
   ],
   [
    -0.016421426087617874,
    0.001877602655440569,
    0.9998633861541748
   ]
  ]
 },
 {
  "rotation_euler": [
   0.0018712406745180488,
   0.016405798494815826,
   2.7032558917999268
  ],
  "euler_order": "XYZ",
  "rotation_matrix": [
   [
    -0.9053369760513306,
    -0.42446112632751465,
    -0.014059864915907383
   ],
   [
    0.4243769347667694,
    -0.9054442644119263,
    0.008657185360789299
   ],
   [
    -0.01640506274998188,
    0.0018709878204390407,
    0.9998636841773987
   ]
  ]
 },
 {
  "rotation_euler": [
   0.0018658742774277925,
   0.016401391476392746,
   0.058156222105026245
  ],
  "euler_order": "XYZ",
  "rotation_matrix": [
   [
    0.9981751441955566,
    -0.05809279531240463,
    0.016481351107358932
   ],
   [
    0.058115627616643906,
    0.9983094334602356,
    -0.0009094577981159091
   ],
   [
    -0.0164006557315588,
    0.0018656222382560372,
    0.9998637437820435
   ]
  ]
 },
 {
  "rotation_euler": [
   0.0018704099347814918,
   0.01640409417450428,
   -3.0633559226989746
  ],
  "euler_order": "XYZ",
  "rotation_matrix": [
   [
    -0.9968069195747375,
    0.0781262144446373,
    -0.016499338671565056
   ],
   [
    -0.07814642786979675,
    -0.9969417452812195,
    0.0005826533306390047
   ],
   [
    -0.016403358429670334,
    0.0018701571971178055,
    0.9998636841773987
   ]
  ]
 },
 {
  "rotation_euler": [
   0.001869291067123413,
   0.016403505578637123,
   0.7546207308769226
  ],
  "euler_order": "XYZ",
  "rotation_matrix": [
   [
    0.72843337059021,
    -0.6849888563156128,
    0.01323039922863245
   ],
   [
    0.6849202513694763,
    0.7285511493682861,
    0.009874245151877403
   ],
   [
    -0.016402769833803177,
    0.0018690384458750486,
    0.9998637437820435
   ]
  ]
 },
 {
  "rotation_euler": [
   0.0018726072739809752,
   0.01640322059392929,
   -1.522242546081543
  ],
  "euler_order": "XYZ",
  "rotation_matrix": [
   [
    0.04852817580103874,
    0.9988212585449219,
    -0.0010743109742179513
   ],
   [
    -0.9986871480941772,
    0.04850394278764725,
    -0.016474012285470963
   ],
   [
    -0.016402484849095345,
    0.0018723543034866452,
    0.9998637437820435
   ]
  ]
 },
 {
  "rotation_euler": [
   0.0018702356610447168,
   0.01640426181256771,
   -1.8566075563430786
  ],
  "euler_order": "XYZ",
  "rotation_matrix": [
   [
    -0.2818979322910309,
    0.9594229459762573,
    -0.006419099401682615
   ],
   [
    -0.95930415391922,
    -0.28196480870246887,
    -0.015210774727165699
   ],
   [
    -0.016403526067733765,
    0.0018699829233810306,
    0.9998636841773987
   ]
  ]
 },
 {
  "rotation_euler": [
   0.0018698375206440687,
   0.016404692083597183,
   2.3262782096862793
  ],
  "euler_order": "XYZ",
  "rotation_matrix": [
   [
    -0.6855472922325134,
    -0.727961003780365,
    -0.009886050596833229
   ],
   [
    0.7278432846069336,
    -0.6856160163879395,
    0.013223129324615002
   ],
   [
    -0.016403956338763237,
    0.0018695847829803824,
    0.9998636841773987
   ]
  ]
 },
 {
  "rotation_euler": [
   0.00187269551679492,
   0.016405656933784485,
   -2.0280237197875977
  ],
  "euler_order": "XYZ",
  "rotation_matrix": [
   [
    -0.4414025843143463,
    0.897264838218689,
    -0.008922467939555645
   ],
   [
    -0.897159218788147,
    -0.4414888024330139,
    -0.013893057592213154
   ],
   [
    -0.01640492118895054,
    0.0018724424298852682,
    0.9998636841773987
   ]
  ]
 },
 {
  "rotation_euler": [
   0.0018723909743130207,
   0.016402998939156532,
   -2.6176366806030273
  ],
  "euler_order": "XYZ",
  "rotation_matrix": [
   [
    -0.8657302856445312,
    0.5002818703651428,
    -0.01513859536498785
   ],
   [
    -0.5002419948577881,
    -0.8658605813980103,
    -0.006584987975656986
   ],
   [
    -0.016402263194322586,
    0.0018721380038186908,
    0.9998637437820435
   ]
  ]
 },
 {
  "rotation_euler": [
   0.001876121386885643,
   0.01642104610800743,
   2.178987503051758
  ],
  "euler_order": "XYZ",
  "rotation_matrix": [
   [
    -0.5713068842887878,
    -0.8206990361213684,
    -0.00784258358180523
   ],
   [
    0.8205722570419312,
    -0.5713576078414917,
    0.014547827653586864
   ],
   [
    -0.016420308500528336,
    0.0018758673686534166,
    0.9998634457588196
   ]
  ]
 },
 {
  "rotation_euler": [
   0.0018758451333269477,
   0.01640482060611248,
   -1.2956026792526245
  ],
  "euler_order": "XYZ",
  "rotation_matrix": [
   [
    0.2716967463493347,
    0.9623792767524719,
    0.002652267459779978
   ],
   [
    -0.9622430801391602,
    0.27170321345329285,
    -0.016296543180942535
   ],
   [
    -0.016404084861278534,
    0.0018755915807560086,
    0.9998636841773987
   ]
  ]
 },
 {
  "rotation_euler": [
   0.0018716177437454462,
   0.01640363037586212,
   2.6791529655456543
  ],
  "euler_order": "XYZ",
  "rotation_matrix": [
   [
    -0.8948463201522827,
    -0.44615957140922546,
    -0.013845030218362808
   ],
   [
    0.44607284665107727,
    -0.8949514627456665,
    0.008992892690002918
   ],
   [
    -0.016402894631028175,
    0.001871364889666438,
    0.9998636841773987
   ]
  ]
 }
]