[
 {
  "rotation_euler": [
   -9.488695650361478e-05,
   4.347093181422679e-06,
   -0.5264146327972412
  ],
  "euler_order": "XYZ",
  "rotation_matrix": [
   [
    0.8646140694618225,
    0.502436637878418,
    5.143323869560845e-05
   ],
   [
    -0.502436637878418,
    0.8646140694618225,
    7.98564578872174e-05
   ],
   [
    -4.347093181422679e-06,
    -9.488695650361478e-05,
    1.0
   ]
  ]
 },
 {
  "rotation_euler": [
   -9.492582466918975e-05,
   8.904881951821153e-07,
   -0.6865878105163574
  ],
  "euler_order": "XYZ",
  "rotation_matrix": [
   [
    0.7734134793281555,
    0.633901834487915,
    6.086237044655718e-05
   ],
   [
    -0.633901834487915,
    0.7734134793281555,
    7.285243191290647e-05
   ],
   [
    -8.904881951821153e-07,
    -9.492582466918975e-05,
    1.0
   ]
  ]
 },
 {
  "rotation_euler": [
   -9.425584721611813e-05,
   -7.446499694196973e-06,
   -0.4789885878562927
  ],
  "euler_order": "XYZ",
  "rotation_matrix": [
   [
    0.8874615430831909,
    0.4608818292617798,
    3.683232353068888e-05
   ],
   [
    -0.4608818292617798,
    0.8874615430831909,
    8.708039240445942e-05
   ],
   [
    7.446499694196973e-06,
    -9.425584721611813e-05,
    1.0
   ]
  ]
 },
 {
  "rotation_euler": [
   -9.581728227203712e-05,
   8.279557732748799e-06,
   2.7076499462127686
  ],
  "euler_order": "XYZ",
  "rotation_matrix": [
   [
    -0.9073150753974915,
    -0.4204513430595398,
    -4.779867231263779e-05
   ],
   [
    0.4204513430595398,
    -0.9073150753974915,
    -8.345531387021765e-05
   ],
   [
    -8.279557732748799e-06,
    -9.581728227203712e-05,
    1.0
   ]
  ]
 },
 {
  "rotation_euler": [
   0.2755061984062195,
   1.4218406677246094,
   1.953529953956604
  ],
  "euler_order": "XYZ",
  "rotation_matrix": [
   [
    -0.055423155426979065,
    -0.9931316375732422,
    -0.10304258018732071
   ],
   [
    0.13766789436340332,
    -0.10981646180152893,
    0.9843718409538269
   ],
   [
    -0.9889265894889832,
    0.04037133604288101,
    0.1428087204694748
   ]
  ]
 },
 {
  "rotation_euler": [
   -9.422687435289845e-05,
   7.266517968673725e-06,
   0.7270287275314331
  ],
  "euler_order": "XYZ",
  "rotation_matrix": [
   [
    0.74715256690979,
    -0.6646525859832764,
    -5.7198936701752245e-05
   ],
   [
    0.6646525859832764,
    0.74715256690979,
    7.523156091338024e-05
   ],
   [
    -7.266517968673725e-06,
    -9.422687435289845e-05,
    1.0
   ]
  ]
 },
 {
  "rotation_euler": [
   -9.481646702624857e-05,
   -4.527423243416706e-06,
   -2.8484368324279785
  ],
  "euler_order": "XYZ",
  "rotation_matrix": [
   [
    -0.9573366641998291,
    0.2889748513698578,
    3.173384175170213e-05
   ],
   [
    -0.2889748513698578,
    -0.9573366641998291,
    -8.946297020884231e-05
   ],
   [
    4.527423243416706e-06,
    -9.481646702624857e-05,
    1.0
   ]
  ]
 },
 {
  "rotation_euler": [
   0.2755032181739807,
   1.4218404293060303,
   2.9415781497955322
  ],
  "euler_order": "XYZ",
  "rotation_matrix": [
   [
    -0.1454470157623291,
    -0.4548465311527252,
    -0.8786124587059021
   ],
   [
    0.02948576584458351,
    -0.8896543383598328,
    0.4556816518306732
   ],
   [
    -0.9889265894889832,
    0.04037097468972206,
    0.14280906319618225
   ]
  ]
 },
 {
  "rotation_euler": [
   0.2755061984062195,
   -1.421840786933899,
   1.0672916173934937
  ],
  "euler_order": "XYZ",
  "rotation_matrix": [
   [
    0.07160530984401703,
    -0.9726672768592834,
    -0.22088688611984253
   ],
   [
    0.12998776137828827,
    0.2286667823791504,
    -0.9647873640060425
   ],
   [
    0.9889266490936279,
    0.040371306240558624,
    0.14280860126018524
   ]
  ]
 },
 {
  "rotation_euler": [
   0.2755056619644165,
   1.4218405485153198,
   0.23946483433246613
  ],
  "euler_order": "XYZ",
  "rotation_matrix": [
   [
    0.14417080581188202,
    0.033106643706560135,
    0.9889988303184509
   ],
   [
    0.03519923985004425,
    0.9986361265182495,
    -0.038560401648283005
   ],
   [
    -0.9889265894889832,
    0.04037129133939743,
    0.14280885457992554
   ]
  ]
 },
 {
  "rotation_euler": [
   -9.454283281229436e-05,
   -5.022307504987111e-06,
   -0.5219503045082092
  ],
  "euler_order": "XYZ",
  "rotation_matrix": [
   [
    0.8668484687805176,
    0.4985716938972473,
    4.278280175640248e-05
   ],
   [
    -0.4985716938972473,
    0.8668484687805176,
    8.445829007541761e-05
   ],
   [
    5.022307504987111e-06,
    -9.454283281229436e-05,
    1.0
   ]
  ]
 },
 {
  "rotation_euler": [
   0.27550849318504333,
   -1.4218416213989258,
   1.6146633625030518
  ],
  "euler_order": "XYZ",
  "rotation_matrix": [
   [
    -0.00650797737762332,
    -0.94956374168396,
    0.31350645422935486
   ],
   [
    0.14826172590255737,
    -0.31096428632736206,
    -0.9387862682342529
   ],
   [
    0.9889267683029175,
    0.04037140682339668,
    0.1428077071905136
   ]
  ]
 },
 {
  "rotation_euler": [
   -9.699249494588003e-05,
   -1.9932172108383384e-06,
   -0.5831639766693115
  ],
  "euler_order": "XYZ",
  "rotation_matrix": [
   [
    0.8347245454788208,
    0.5506677627563477,
    5.174685065867379e-05
   ],
   [
    -0.5506677627563477,
    0.8347245454788208,
    8.205961785279214e-05
   ],
   [
    1.9932172108383384e-06,
    -9.699249494588003e-05,
    1.0
   ]
  ]
 },
 {
  "rotation_euler": [
   -9.629976557334885e-05,
   -5.654539108945755e-06,
   1.0811846256256104
  ],
  "euler_order": "XYZ",
  "rotation_matrix": [
   [
    0.47028324007987976,
    -0.882515549659729,
    -8.764527592575178e-05
   ],
   [
    0.882515549659729,
    0.47028324007987976,
    4.029794581583701e-05
   ],
   [
    5.654539108945755e-06,
    -9.629976557334885e-05,
    1.0
   ]
  ]
 },
 {
  "rotation_euler": [
   -9.403639705851674e-05,
   -6.9748475652886555e-06,
   0.36729639768600464
  ],
  "euler_order": "XYZ",
  "rotation_matrix": [
   [
    0.9333016276359558,
    -0.35909345746040344,
    -4.027749309898354e-05
   ],
   [
    0.35909345746040344,
    0.933301568031311,
    8.525970042683184e-05
   ],
   [
    6.9748475652886555e-06,
    -9.403639705851674e-05,
    1.0
   ]
  ]
 },
 {
  "rotation_euler": [
   0.2755063474178314,
   1.4218404293060303,
   2.1140570640563965
  ],
  "euler_order": "XYZ",
  "rotation_matrix": [
   [
    -0.07671535015106201,
    -0.9628102779388428,
    -0.2590582072734833
   ],
   [
    0.1270393580198288,
    -0.26714515686035156,
    0.9552457332611084
   ],
   [
    -0.9889265894889832,
    0.04037142172455788,
    0.1428089290857315
   ]
  ]
 }
]