[
 {
  "rotation_euler": [
   0.00010304243915015832,
   2.938827719844994e-06,
   -2.795504570007324
  ],
  "euler_order": "XYZ",
  "rotation_matrix": [
   [
    -0.9407069087028503,
    0.33922043442726135,
    -3.77186770492699e-05
   ],
   [
    -0.33922043442726135,
    -0.9407069087028503,
    9.59358221734874e-05
   ],
   [
    -2.938827719844994e-06,
    0.00010304243915015832,
    1.0
   ]
  ]
 },
 {
  "rotation_euler": [
   0.00010791764361783862,
   -2.7974831482424634e-06,
   -1.706349492073059
  ],
  "euler_order": "XYZ",
  "rotation_matrix": [
   [
    -0.13513842225074768,
    0.9908267259597778,
    -0.0001065496398950927
   ],
   [
    -0.9908267259597778,
    -0.13513842225074768,
    1.735564183036331e-05
   ],
   [
    2.7974831482424634e-06,
    0.00010791764361783862,
    1.0
   ]
  ]
 },
 {
  "rotation_euler": [
   0.00010453267896082252,
   -5.075849074387406e-08,
   -1.6819137334823608
  ],
  "euler_order": "XYZ",
  "rotation_matrix": [
   [
    -0.11088888347148895,
    0.9938328266143799,
    -0.00010388237569713965
   ],
   [
    -0.9938328266143799,
    -0.11088888347148895,
    1.1641957826213911e-05
   ],
   [
    5.075849074387406e-08,
    0.00010453267896082252,
    1.0
   ]
  ]
 },
 {
  "rotation_euler": [
   0.0001129224692704156,
   2.4457982362946495e-05,
   0.31432756781578064
  ],
  "euler_order": "XYZ",
  "rotation_matrix": [
   [
    0.9510045051574707,
    -0.309177041053772,
    5.8172689023194835e-05
   ],
   [
    0.309177041053772,
    0.9510045051574707,
    -9.982792835216969e-05
   ],
   [
    -2.4457982362946495e-05,
    0.0001129224692704156,
    1.0
   ]
  ]
 },
 {
  "rotation_euler": [
   0.00010382111940998584,
   -3.93120762964827e-06,
   2.9563350677490234
  ],
  "euler_order": "XYZ",
  "rotation_matrix": [
   [
    -0.9828888177871704,
    -0.184199720621109,
    2.298776053066831e-05
   ],
   [
    0.184199720621109,
    -0.9828888177871704,
    0.00010132048919331282
   ],
   [
    3.93120762964827e-06,
    0.00010382111940998584,
    1.0
   ]
  ]
 },
 {
  "rotation_euler": [
   0.00010389411909272894,
   -7.288185770448763e-07,
   0.025923864915966988
  ],
  "euler_order": "XYZ",
  "rotation_matrix": [
   [
    0.9996640086174011,
    -0.025920961052179337,
    1.9644617168523837e-06
   ],
   [
    0.025920961052179337,
    0.9996640086174011,
    -0.00010387810471002012
   ],
   [
    7.288185770448763e-07,
    0.00010389411909272894,
    1.0
   ]
  ]
 },
 {
  "rotation_euler": [
   0.00010842958727153018,
   -1.0535106866882415e-06,
   -1.2842249870300293
  ],
  "euler_order": "XYZ",
  "rotation_matrix": [
   [
    0.28266504406929016,
    0.9592186808586121,
    -0.00010430547263240442
   ],
   [
    -0.9592186808586121,
    0.28266504406929016,
    -2.963870792882517e-05
   ],
   [
    1.0535106866882415e-06,
    0.00010842958727153018,
    1.0
   ]
  ]
 },
 {
  "rotation_euler": [
   0.00010275308886775747,
   3.2060968351288466e-06,
   0.9798180460929871
  ],
  "euler_order": "XYZ",
  "rotation_matrix": [
   [
    0.5571736693382263,
    -0.8303959965705872,
    8.711210830369964e-05
   ],
   [
    0.8303959965705872,
    0.5571736693382263,
    -5.458898522192612e-05
   ],
   [
    -3.2060968351288466e-06,
    0.00010275308886775747,
    1.0
   ]
  ]
 },
 {
  "rotation_euler": [
   0.00010389134695287794,
   -2.100854089803761e-06,
   2.160632848739624
  ],
  "euler_order": "XYZ",
  "rotation_matrix": [
   [
    -0.5562251806259155,
    -0.8310316205024719,
    8.750554115977138e-05
   ],
   [
    0.8310316205024719,
    -0.5562251806259155,
    5.604110629064962e-05
   ],
   [
    2.100854089803761e-06,
    0.00010389134695287794,
    1.0
   ]
  ]
 },
 {
  "rotation_euler": [
   0.00010359187581343576,
   6.466366357926745e-07,
   -1.653344988822937
  ],
  "euler_order": "XYZ",
  "rotation_matrix": [
   [
    -0.08245494216680527,
    0.9965947866439819,
    -0.00010329244105378166
   ],
   [
    -0.9965947866439819,
    -0.08245494216680527,
    7.8972270785016e-06
   ],
   [
    -6.466366357926745e-07,
    0.00010359187581343576,
    1.0
   ]
  ]
 },
 {
  "rotation_euler": [
   0.0001030980929499492,
   2.4919590941863135e-06,
   1.36581552028656
  ],
  "euler_order": "XYZ",
  "rotation_matrix": [
   [
    0.2035483717918396,
    -0.9790648818016052,
    0.00010144695988856256
   ],
   [
    0.9790648818016052,
    0.2035483717918396,
    -1.8545659258961678e-05
   ],
   [
    -2.4919590941863135e-06,
    0.0001030980929499492,
    1.0
   ]
  ]
 },
 {
  "rotation_euler": [
   0.00010380693129263818,
   -6.265391334636661e-07,
   -1.4716671705245972
  ],
  "euler_order": "XYZ",
  "rotation_matrix": [
   [
    0.09896688908338547,
    0.9950907230377197,
    -0.00010335932165617123
   ],
   [
    -0.9950907230377197,
    0.09896688163280487,
    -9.649985258874949e-06
   ],
   [
    6.265391334636661e-07,
    0.00010380693129263818,
    1.0
   ]
  ]
 },
 {
  "rotation_euler": [
   0.00010477456817170605,
   3.818511231656885e-06,
   2.3988051414489746
  ],
  "euler_order": "XYZ",
  "rotation_matrix": [
   [
    -0.7365860939025879,
    -0.6763437986373901,
    6.80509619996883e-05
   ],
   [
    0.6763437986373901,
    -0.7365860939025879,
    7.97581160441041e-05
   ],
   [
    -3.818511231656885e-06,
    0.00010477456817170605,
    1.0
   ]
  ]
 },
 {
  "rotation_euler": [
   0.00010397681762697175,
   7.14530244749767e-07,
   1.7347615957260132
  ],
  "euler_order": "XYZ",
  "rotation_matrix": [
   [
    -0.16323156654834747,
    -0.9865877628326416,
    0.0001024656230583787
   ],
   [
    0.9865877628326416,
    -0.16323156654834747,
    1.767724461387843e-05
   ],
   [
    -7.14530244749767e-07,
    0.00010397681762697175,
    1.0
   ]
  ]
 },
 {
  "rotation_euler": [
   0.0001038402842823416,
   -4.403763341542799e-06,
   -0.5994210243225098
  ],
  "euler_order": "XYZ",
  "rotation_matrix": [
   [
    0.82566237449646,
    0.5641645193099976,
    -6.221902731340379e-05
   ],
   [
    -0.5641645193099976,
    0.82566237449646,
    -8.325256931129843e-05
   ],
   [
    4.403763341542799e-06,
    0.0001038402842823416,
    1.0
   ]
  ]
 },
 {
  "rotation_euler": [
   0.00010379980085417628,
   2.7127855446451576e-06,
   -2.4010589122772217
  ],
  "euler_order": "XYZ",
  "rotation_matrix": [
   [
    -0.7381085753440857,
    0.6746819615364075,
    -7.203418499557301e-05
   ],
   [
    -0.6746819615364075,
    -0.7381085753440857,
    7.478525367332622e-05
   ],
   [
    -2.7127855446451576e-06,
    0.00010379980085417628,
    1.0
   ]
  ]
 }
]