[
 {
  "rotation_euler": [
   -1.3317979574203491,
   -0.8449124693870544,
   1.12795889377594
  ],
  "euler_order": "XYZ",
  "rotation_matrix": [
   [
    0.28444015979766846,
    0.09748030453920364,
    -0.9537249803543091
   ],
   [
    0.5997665524482727,
    0.758000373840332,
    0.25635042786598206
   ],
   [
    0.7479130029678345,
    -0.6449286937713623,
    0.1571403294801712
   ]
  ]
 },
 {
  "rotation_euler": [
   -1.4603192806243896,
   -0.7912944555282593,
   -1.1436915397644043
  ],
  "euler_order": "XYZ",
  "rotation_matrix": [
   [
    0.2911779284477234,
    0.39318421483039856,
    0.8721362352371216
   ],
   [
    -0.6397806406021118,
    -0.5977528095245361,
    0.4830861985683441
   ],
   [
    0.7112637758255005,
    -0.6986399292945862,
    0.07749922573566437
   ]
  ]
 },
 {
  "rotation_euler": [
   1.6966077089309692,
   -2.3431265354156494,
   -0.06969544291496277
  ],
  "euler_order": "XYZ",
  "rotation_matrix": [
   [
    -0.6961121559143066,
    -0.7176382541656494,
    0.020572634413838387
   ],
   [
    0.04859454929828644,
    -0.07568786293268204,
    -0.9959467649459839
   ],
   [
    0.7162865996360779,
    -0.6922909021377563,
    0.08756054937839508
   ]
  ]
 },
 {
  "rotation_euler": [
   -1.4919099807739258,
   -0.7911523580551147,
   -2.40592098236084
  ],
  "euler_order": "XYZ",
  "rotation_matrix": [
   [
    -0.521209716796875,
    -0.4727185368537903,
    0.7105473875999451
   ],
   [
    -0.4717905819416046,
    -0.5341915488243103,
    -0.7014649510383606
   ],
   [
    0.7111638784408569,
    -0.7008399367332458,
    0.055401671677827835
   ]
  ]
 },
 {
  "rotation_euler": [
   1.6603806018829346,
   -2.34981107711792,
   -0.4583192467689514
  ],
  "euler_order": "XYZ",
  "rotation_matrix": [
   [
    -0.630070686340332,
    -0.675190269947052,
    -0.3835740089416504
   ],
   [
    0.3108499050140381,
    0.2333499789237976,
    -0.9213685989379883
   ],
   [
    0.7116060853004456,
    -0.6997613310813904,
    0.06285584717988968
   ]
  ]
 },
 {
  "rotation_euler": [
   -1.444899320602417,
   -0.7985060214996338,
   0.4932399392127991
  ],
  "euler_order": "XYZ",
  "rotation_matrix": [
   [
    0.6146049499511719,
    0.5664860010147095,
    -0.5489575266838074
   ],
   [
    0.3303852379322052,
    0.44707557559013367,
    0.831245481967926
   ],
   [
    0.716314435005188,
    -0.6922550201416016,
    0.08761623501777649
   ]
  ]
 },
 {
  "rotation_euler": [
   1.7147358655929565,
   -2.3349316120147705,
   0.5427173376083374
  ],
  "euler_order": "XYZ",
  "rotation_matrix": [
   [
    -0.5924909114837646,
    -0.5377616286277771,
    0.5998057723045349
   ],
   [
    -0.3573486804962158,
    -0.49185308814048767,
    -0.7939662933349609
   ],
   [
    0.7219809293746948,
    -0.6847575902938843,
    0.09925007820129395
   ]
  ]
 },
 {
  "rotation_euler": [
   -1.5059728622436523,
   -0.7930421233177185,
   -2.0523629188537598
  ],
  "euler_order": "XYZ",
  "rotation_matrix": [
   [
    -0.32499635219573975,
    -0.2718992233276367,
    0.9057859778404236
   ],
   [
    -0.6218791604042053,
    -0.6601366996765137,
    -0.4212906062602997
   ],
   [
    0.7124911546707153,
    -0.7002073526382446,
    0.045453548431396484
   ]
  ]
 },
 {
  "rotation_euler": [
   1.6812734603881836,
   -2.3502981662750244,
   -0.4856812655925751
  ],
  "euler_order": "XYZ",
  "rotation_matrix": [
   [
    -0.6216369271278381,
    -0.6766436100006104,
    -0.3946149945259094
   ],
   [
    0.32813316583633423,
    0.23249894380569458,
    -0.9155724048614502
   ],
   [
    0.7112637758255005,
    -0.6986398696899414,
    0.07749928534030914
   ]
  ]
 },
 {
  "rotation_euler": [
   1.6812729835510254,
   -2.3502984046936035,
   -0.09866651892662048
  ],
  "euler_order": "XYZ",
  "rotation_matrix": [
   [
    -0.6995065808296204,
    -0.7143498659133911,
    -0.019869090989232063
   ],
   [
    0.06924272328615189,
    -0.04007888212800026,
    -0.9967944025993347
   ],
   [
    0.7112636566162109,
    -0.6986401081085205,
    0.07749897241592407
   ]
  ]
 },
 {
  "rotation_euler": [
   1.6812736988067627,
   -2.3502981662750244,
   -0.2633042633533478
  ],
  "euler_order": "XYZ",
  "rotation_matrix": [
   [
    -0.6786990165710449,
    -0.7112593054771423,
    -0.18296949565410614
   ],
   [
    0.18295198678970337,
    0.07754077762365341,
    -0.9800592064857483
   ],
   [
    0.7112637758255005,
    -0.6986398696899414,
    0.07749944925308228
   ]
  ]
 },
 {
  "rotation_euler": [
   -1.448134422302246,
   -0.797011137008667,
   2.3276960849761963
  ],
  "euler_order": "XYZ",
  "rotation_matrix": [
   [
    -0.47987839579582214,
    -0.576413094997406,
    -0.6614111065864563
   ],
   [
    0.5080401301383972,
    0.4320548474788666,
    -0.7451334595680237
   ],
   [
    0.7152705192565918,
    -0.6935968399047852,
    0.08550718426704407
   ]
  ]
 },
 {
  "rotation_euler": [
   -1.433577537536621,
   -0.8036582469940186,
   -1.6004210710525513
  ],
  "euler_order": "XYZ",
  "rotation_matrix": [
   [
    -0.02055886946618557,
    0.11560526490211487,
    0.9930824637413025
   ],
   [
    -0.6937732100486755,
    -0.716871976852417,
    0.0690889060497284
   ],
   [
    0.7199000120162964,
    -0.6875536441802979,
    0.09494191408157349
   ]
  ]
 },
 {
  "rotation_euler": [
   1.6812728643417358,
   -2.3502981662750244,
   -0.3962075114250183
  ],
  "euler_order": "XYZ",
  "rotation_matrix": [
   [
    -0.6484704613685608,
    -0.6947115659713745,
    -0.311226487159729
   ],
   [
    0.271274596452713,
    0.1711083948612213,
    -0.9471705555915833
   ],
   [
    0.7112637758255005,
    -0.6986399292945862,
    0.07749886810779572
   ]
  ]
 },
 {
  "rotation_euler": [
   -1.4482375383377075,
   -0.7969633340835571,
   -1.3802546262741089
  ],
  "euler_order": "XYZ",
  "rotation_matrix": [
   [
    0.13236181437969208,
    0.2544829249382019,
    0.9579764008522034
   ],
   [
    -0.6862333416938782,
    -0.6738713383674622,
    0.2738270163536072
   ],
   [
    0.7152371406555176,
    -0.6936395764350891,
    0.08543984591960907
   ]
  ]
 },
 {
  "rotation_euler": [
   1.7019582986831665,
   -2.3406760692596436,
   -0.033011626452207565
  ],
  "euler_order": "XYZ",
  "rotation_matrix": [
   [
    -0.6956696510314941,
    -0.7157560586929321,
    0.06113047897815704
   ],
   [
    0.02297353371977806,
    -0.10722065716981888,
    -0.9939697980880737
   ],
   [
    0.7179943919181824,
    -0.6900702714920044,
    0.09103360772132874
   ]
  ]
 }
]