[
 {
  "rotation_euler": [
   1.7522400617599487,
   0.013411471620202065,
   -1.0887068510055542
  ],
  "euler_order": "XYZ",
  "rotation_matrix": [
   [
    0.4635898172855377,
    -0.15376786887645721,
    -0.8726052641868591
   ],
   [
    -0.8859484195709229,
    -0.0953497365117073,
    -0.45387643575668335
   ],
   [
    -0.01341106928884983,
    0.9834957122802734,
    -0.18043357133865356
   ]
  ]
 },
 {
  "rotation_euler": [
   1.7522399425506592,
   0.013411466032266617,
   1.0031880140304565
  ],
  "euler_order": "XYZ",
  "rotation_matrix": [
   [
    0.5375685691833496,
    0.15924488008022308,
    0.8280465602874756
   ],
   [
    0.843113362789154,
    -0.08589036762714386,
    -0.530832052230835
   ],
   [
    -0.013411063700914383,
    0.9834957718849182,
    -0.180433452129364
   ]
  ]
 },
 {
  "rotation_euler": [
   0.1851181983947754,
   0.04629024863243103,
   2.426086187362671
  ],
  "euler_order": "XYZ",
  "rotation_matrix": [
   [
    -0.7539526224136353,
    -0.6512202024459839,
    0.08641621470451355
   ],
   [
    0.655297040939331,
    -0.7362782955169678,
    0.168760284781456
   ],
   [
    -0.046273719519376755,
    0.18386554718017578,
    0.9818615913391113
   ]
  ]
 },
 {
  "rotation_euler": [
   1.7522398233413696,
   0.013410898856818676,
   1.1269716024398804
  ],
  "euler_order": "XYZ",
  "rotation_matrix": [
   [
    0.4293581545352936,
    0.16863077878952026,
    0.8872514963150024
   ],
   [
    0.9030347466468811,
    -0.06557203829288483,
    -0.4245333671569824
   ],
   [
    -0.013410496525466442,
    0.9834957718849182,
    -0.18043333292007446
   ]
  ]
 },
 {
  "rotation_euler": [
   1.7522398233413696,
   0.013411241583526134,
   1.1200692653656006
  ],
  "euler_order": "XYZ",
  "rotation_matrix": [
   [
    0.43558093905448914,
    0.16817431151866913,
    0.8843001127243042
   ],
   [
    0.9000496864318848,
    -0.06673411279916763,
    -0.4306473731994629
   ],
   [
    -0.0134108392521739,
    0.9834957718849182,
    -0.18043333292007446
   ]
  ]
 },
 {
  "rotation_euler": [
   1.75223970413208,
   0.013411104679107666,
   -1.3122313022613525
  ],
  "euler_order": "XYZ",
  "rotation_matrix": [
   [
    0.25567054748535156,
    -0.17107819020748138,
    -0.9515066146850586
   ],
   [
    -0.9666709303855896,
    -0.05889183282852173,
    -0.2491566389799118
   ],
   [
    -0.013410702347755432,
    0.983495831489563,
    -0.1804332137107849
   ]
  ]
 },
 {
  "rotation_euler": [
   1.7522400617599487,
   0.013411917723715305,
   0.9975529313087463
  ],
  "euler_order": "XYZ",
  "rotation_matrix": [
   [
    0.5423110723495483,
    0.15875868499279022,
    0.8250420689582825
   ],
   [
    0.8400707244873047,
    -0.08678605407476425,
    -0.5354897975921631
   ],
   [
    -0.013411515392363071,
    0.9834957122802734,
    -0.18043357133865356
   ]
  ]
 },
 {
  "rotation_euler": [
   0.18511910736560822,
   0.04628806188702583,
   -1.8877860307693481
  ],
  "euler_order": "XYZ",
  "rotation_matrix": [
   [
    -0.3113738000392914,
    0.9312888383865356,
    -0.1890699565410614
   ],
   [
    -0.9491603374481201,
    -0.314474493265152,
    0.014159031212329865
   ],
   [
    -0.04627153277397156,
    0.1838664561510086,
    0.9818615317344666
   ]
  ]
 },
 {
  "rotation_euler": [
   0.18511812388896942,
   0.04629024863243103,
   2.2592244148254395
  ],
  "euler_order": "XYZ",
  "rotation_matrix": [
   [
    -0.6346434950828552,
    -0.7644626498222351,
    0.11324505507946014
   ],
   [
    0.7714183926582336,
    -0.6178918480873108,
    0.15206356346607208
   ],
   [
    -0.046273719519376755,
    0.1838654726743698,
    0.9818615913391113
   ]
  ]
 },
 {
  "rotation_euler": [
   0.18512779474258423,
   0.04629279300570488,
   -2.8706789016723633
  ],
  "euler_order": "XYZ",
  "rotation_matrix": [
   [
    -0.9624944925308228,
    0.2548317313194275,
    -0.09308642894029617
   ],
   [
    -0.2673252820968628,
    -0.9493423104286194,
    0.16518597304821014
   ],
   [
    -0.046276260167360306,
    0.1838749498128891,
    0.9818597435951233
   ]
  ]
 },
 {
  "rotation_euler": [
   1.7504582405090332,
   0.012710693292319775,
   2.913031578063965
  ],
  "euler_order": "XYZ",
  "rotation_matrix": [
   [
    -0.9739147424697876,
    0.028307948261499405,
    0.22514155507087708
   ],
   [
    0.22655795514583588,
    0.17688316106796265,
    0.9578015804290771
   ],
   [
    -0.01271035149693489,
    0.9838246703147888,
    -0.17868250608444214
   ]
  ]
 },
 {
  "rotation_euler": [
   1.7522399425506592,
   0.01341151725500822,
   -1.5445005893707275
  ],
  "euler_order": "XYZ",
  "rotation_matrix": [
   [
    0.026290342211723328,
    -0.18004046380519867,
    -0.9833078384399414
   ],
   [
    -0.9995644092559814,
    -0.017930911853909492,
    -0.023441897705197334
   ],
   [
    -0.013411114923655987,
    0.9834957718849182,
    -0.180433452129364
   ]
  ]
 },
 {
  "rotation_euler": [
   1.7522400617599487,
   0.013411883264780045,
   1.6580995321273804
  ],
  "euler_order": "XYZ",
  "rotation_matrix": [
   [
    -0.08718450367450714,
    0.1786123663187027,
    0.9800492525100708
   ],
   [
    0.9961019158363342,
    0.028874922543764114,
    0.08335012942552567
   ],
   [
    -0.01341148093342781,
    0.9834957122802734,
    -0.18043357133865356
   ]
  ]
 },
 {
  "rotation_euler": [
   1.752239465713501,
   0.013410443440079689,
   1.4525549411773682
  ],
  "euler_order": "XYZ",
  "rotation_matrix": [
   [
    0.11795544624328613,
    0.1807452142238617,
    0.9764310717582703
   ],
   [
    0.9929283261299133,
    -0.008189071901142597,
    -0.11843249946832657
   ],
   [
    -0.013410041108727455,
    0.983495831489563,
    -0.180432990193367
   ]
  ]
 },
 {
  "rotation_euler": [
   1.7522399425506592,
   0.013411827385425568,
   2.4272961616516113
  ],
  "euler_order": "XYZ",
  "rotation_matrix": [
   [
    -0.7554863095283508,
    0.10824334621429443,
    0.6461607813835144
   ],
   [
    0.6550271511077881,
    0.14498093724250793,
    0.7415658831596375
   ],
   [
    -0.013411425054073334,
    0.9834957718849182,
    -0.180433452129364
   ]
  ]
 },
 {
  "rotation_euler": [
   1.7522400617599487,
   0.013411839492619038,
   1.9578160047531128
  ],
  "euler_order": "XYZ",
  "rotation_matrix": [
   [
    -0.37739625573158264,
    0.16212458908557892,
    0.9117497801780701
   ],
   [
    0.9259547591209412,
    0.08032283186912537,
    0.36899328231811523
   ],
   [
    -0.013411437161266804,
    0.9834957122802734,
    -0.18043357133865356
   ]
  ]
 }
]