[
 {
  "rotation_euler": [
   -0.7484806180000305,
   -1.6394091844558716,
   -0.10422839224338531
  ],
  "euler_order": "XYZ",
  "rotation_matrix": [
   [
    -0.06818697601556778,
    0.7514730095863342,
    -0.6562308073043823
   ],
   [
    0.007132866885513067,
    0.658112108707428,
    0.752886176109314
   ],
   [
    0.9976470470428467,
    0.04665622487664223,
    -0.050234828144311905
   ]
  ]
 },
 {
  "rotation_euler": [
   0.004544505383819342,
   -1.6328613758087158,
   3.0411996841430664
  ],
  "euler_order": "XYZ",
  "rotation_matrix": [
   [
    0.06171290576457977,
    -0.09571047872304916,
    0.9934943318367004
   ],
   [
    -0.006216440349817276,
    -0.9954091906547546,
    -0.09550879895687103
   ],
   [
    0.9980745911598206,
    -0.00028187292627990246,
    -0.062024571001529694
   ]
  ]
 },
 {
  "rotation_euler": [
   0.004614660516381264,
   -1.6307193040847778,
   -1.2049463987350464
  ],
  "euler_order": "XYZ",
  "rotation_matrix": [
   [
    -0.021424204111099243,
    0.9321622252464294,
    -0.36140644550323486
   ],
   [
    0.05592379346489906,
    0.36204081773757935,
    0.9304832220077515
   ],
   [
    0.9982051849365234,
    -0.0002763577504083514,
    -0.05988648533821106
   ]
  ]
 },
 {
  "rotation_euler": [
   -0.9613585472106934,
   -1.6495577096939087,
   -1.3258612155914307
  ],
  "euler_order": "XYZ",
  "rotation_matrix": [
   [
    -0.01907937228679657,
    0.7535428404808044,
    0.6571218967437744
   ],
   [
    0.07633162289857864,
    -0.6542254686355591,
    0.7524377107620239
   ],
   [
    0.9968999028205872,
    0.06451521813869476,
    -0.045036934316158295
   ]
  ]
 },
 {
  "rotation_euler": [
   -0.8543228507041931,
   -1.6440142393112183,
   2.106478214263916
  ],
  "euler_order": "XYZ",
  "rotation_matrix": [
   [
    0.03733905404806137,
    -0.9486307501792908,
    -0.3141743242740631
   ],
   [
    -0.06290536373853683,
    0.31153878569602966,
    -0.9481489658355713
   ],
   [
    0.9973207712173462,
    0.05516624078154564,
    -0.04804139956831932
   ]
  ]
 },
 {
  "rotation_euler": [
   -0.015167737379670143,
   -1.6307408809661865,
   -0.6733006834983826
  ],
  "euler_order": "XYZ",
  "rotation_matrix": [
   [
    -0.04683465510606766,
    0.6353338956832886,
    -0.7708160281181335
   ],
   [
    0.037357229739427567,
    0.7722370028495789,
    0.6342353224754333
   ],
   [
    0.9982038736343384,
    0.0009086439968086779,
    -0.05990177020430565
   ]
  ]
 },
 {
  "rotation_euler": [
   -0.0528070442378521,
   -1.6288893222808838,
   -2.536667585372925
  ],
  "euler_order": "XYZ",
  "rotation_matrix": [
   [
    0.047757215797901154,
    0.5245649814605713,
    0.8500298857688904
   ],
   [
    0.03301893174648285,
    -0.8513649106025696,
    0.5235337018966675
   ],
   [
    0.9983130693435669,
    0.003064569318667054,
    -0.057979390025138855
   ]
  ]
 },
 {
  "rotation_euler": [
   0.0035033924505114555,
   -1.6301605701446533,
   -0.06491904705762863
  ],
  "euler_order": "XYZ",
  "rotation_matrix": [
   [
    -0.059204403311014175,
    0.0613832101225853,
    -0.9963568449020386
   ],
   [
    0.0038489021826535463,
    0.9981142282485962,
    0.06126277521252632
   ],
   [
    0.9982384443283081,
    -0.00020785367814823985,
    -0.059329017996788025
   ]
  ]
 },
 {
  "rotation_euler": [
   -0.02880033664405346,
   -1.6330797672271729,
   2.945380210876465
  ],
  "euler_order": "XYZ",
  "rotation_matrix": [
   [
    0.06104885786771774,
    -0.22306405007839203,
    0.9728902578353882
   ],
   [
    -0.01213467214256525,
    -0.9748021364212036,
    -0.22274096310138702
   ],
   [
    0.9980610013008118,
    0.0017923767445608974,
    -0.06221736595034599
   ]
  ]
 },
 {
  "rotation_euler": [
   -0.7568279504776001,
   -1.6393824815750122,
   -0.35993292927742004
  ],
  "euler_order": "XYZ",
  "rotation_matrix": [
   [
    -0.06414087116718292,
    0.8971736431121826,
    -0.4369959235191345
   ],
   [
    0.024137895554304123,
    0.43916428089141846,
    0.898082435131073
   ],
   [
    0.9976488947868347,
    0.04705562815070152,
    -0.04982426017522812
   ]
  ]
 },
 {
  "rotation_euler": [
   -0.30711475014686584,
   -1.629307746887207,
   0.7180800437927246
  ],
  "euler_order": "XYZ",
  "rotation_matrix": [
   [
    -0.044038075953722,
    -0.39988401532173157,
    -0.9155071973800659
   ],
   [
    -0.03847504407167435,
    0.9163952469825745,
    -0.39842116832733154
   ],
   [
    0.9982886910438538,
    0.017678475007414818,
    -0.05574183911085129
   ]
  ]
 },
 {
  "rotation_euler": [
   2.450674533843994,
   -1.5048329830169678,
   -0.6143930554389954
  ],
  "euler_order": "XYZ",
  "rotation_matrix": [
   [
    0.053861118853092194,
    -0.9638329148292542,
    0.2610079348087311
   ],
   [
    -0.037997834384441376,
    -0.2631763517856598,
    -0.9639991521835327
   ],
   [
    0.9978252053260803,
    0.042004335671663284,
    -0.05079853534698486
   ]
  ]
 },
 {
  "rotation_euler": [
   0.003504727501422167,
   -1.6301602125167847,
   -0.36086082458496094
  ],
  "euler_order": "XYZ",
  "rotation_matrix": [
   [
    -0.0555078350007534,
    0.3498043715953827,
    -0.9351768493652344
   ],
   [
    0.020947877317667007,
    0.936822772026062,
    0.34917664527893066
   ],
   [
    0.9982385039329529,
    -0.0002079316327581182,
    -0.05932866036891937
   ]
  ]
 },
 {
  "rotation_euler": [
   0.003507489338517189,
   -1.6301603317260742,
   -1.8227568864822388
  ],
  "euler_order": "XYZ",
  "rotation_matrix": [
   [
    0.014790939167141914,
    0.9692924618721008,
    0.24546568095684052
   ],
   [
    0.05745585635304451,
    -0.24591080844402313,
    0.9675880670547485
   ],
   [
    0.9982385039329529,
    -0.00020809590932913125,
    -0.05932877957820892
   ]
  ]
 },
 {
  "rotation_euler": [
   -0.13260553777217865,
   -1.629085659980774,
   2.745974540710449
  ],
  "euler_order": "XYZ",
  "rotation_matrix": [
   [
    0.05375652760267258,
    -0.5037927031517029,
    0.8621503114700317
   ],
   [
    -0.022450745105743408,
    -0.8637902736663818,
    -0.5033511519432068
   ],
   [
    0.9983016848564148,
    0.00770249217748642,
    -0.05774488300085068
   ]
  ]
 },
 {
  "rotation_euler": [
   0.0074033490382134914,
   -1.6306991577148438,
   0.32225894927978516
  ],
  "euler_order": "XYZ",
  "rotation_matrix": [
   [
    -0.05678520351648331,
    -0.32371094822883606,
    -0.9444504380226135
   ],
   [
    -0.018960483372211456,
    0.9461559057235718,
    -0.3231554925441742
   ],
   [
    0.998206377029419,
    -0.0004432123387232423,
    -0.05986537039279938
   ]
  ]
 }
]