[
 {
  "rotation_euler": [
   0.01194154191762209,
   0.0006709597655571997,
   1.2121721506118774
  ],
  "euler_order": "XYZ",
  "rotation_matrix": [
   [
    0.35098618268966675,
    -0.9363110065460205,
    0.011417043395340443
   ],
   [
    0.9363803863525391,
    0.35096874833106995,
    -0.0035629887133836746
   ],
   [
    -0.0006709597073495388,
    0.011941255070269108,
    0.9999284744262695
   ]
  ]
 },
 {
  "rotation_euler": [
   -0.011651135981082916,
   0.002498262096196413,
   1.9516619443893433
  ],
  "euler_order": "XYZ",
  "rotation_matrix": [
   [
    -0.3717230260372162,
    -0.9282693862915039,
    -0.011744609102606773
   ],
   [
    0.9283403158187866,
    -0.37172597646713257,
    -0.0020118262618780136
   ],
   [
    -0.002498259535059333,
    -0.01165083609521389,
    0.9999290108680725
   ]
  ]
 },
 {
  "rotation_euler": [
   0.011941631324589252,
   0.0006719037191942334,
   -0.5411785840988159
  ],
  "euler_order": "XYZ",
  "rotation_matrix": [
   [
    0.8571019172668457,
    0.5151166915893555,
    -0.0055756946094334126
   ],
   [
    -0.5151463747024536,
    0.8570368885993958,
    -0.010581058450043201
   ],
   [
    -0.0006719036609865725,
    0.011941344477236271,
    0.9999284744262695
   ]
  ]
 },
 {
  "rotation_euler": [
   0.003029948566108942,
   0.018681639805436134,
   -0.6038669943809509
  ],
  "euler_order": "XYZ",
  "rotation_matrix": [
   [
    0.8230023384094238,
    0.5678737759590149,
    0.013656259514391422
   ],
   [
    -0.567730724811554,
    0.823110044002533,
    -0.013101412914693356
   ],
   [
    -0.018680553883314133,
    0.003029415151104331,
    0.99982088804245
   ]
  ]
 },
 {
  "rotation_euler": [
   0.011938149109482765,
   0.0006733383634127676,
   -1.4272890090942383
  ],
  "euler_order": "XYZ",
  "rotation_matrix": [
   [
    0.14301522076129913,
    0.989651083946228,
    -0.01171885896474123
   ],
   [
    -0.9897202849388123,
    0.14299710094928741,
    -0.002373666036874056
   ],
   [
    -0.0006733383052051067,
    0.011937863193452358,
    0.9999285340309143
   ]
  ]
 },
 {
  "rotation_euler": [
   0.011939475312829018,
   0.0006779224495403469,
   1.7537368535995483
  ],
  "euler_order": "XYZ",
  "rotation_matrix": [
   [
    -0.18192176520824432,
    -0.9832443594932556,
    0.011616642586886883
   ],
   [
    0.9833127856254578,
    -0.18190088868141174,
    0.002838561777025461
   ],
   [
    -0.000677922391332686,
    0.011939188465476036,
    0.9999284744262695
   ]
  ]
 },
 {
  "rotation_euler": [
   0.011940776370465755,
   0.0006748660234734416,
   0.5865760445594788
  ],
  "euler_order": "XYZ",
  "rotation_matrix": [
   [
    0.8328405618667603,
    -0.5534664988517761,
    0.007171229459345341
   ],
   [
    0.5535125136375427,
    0.8327858448028564,
    -0.009571008384227753
   ],
   [
    -0.0006748659652657807,
    0.011940489523112774,
    0.9999284744262695
   ]
  ]
 },
 {
  "rotation_euler": [
   0.011940582655370235,
   0.0006737929652445018,
   -0.9370514154434204
  ],
  "euler_order": "XYZ",
  "rotation_matrix": [
   [
    0.5921664834022522,
    0.8057628870010376,
    -0.009222709573805332
   ],
   [
    -0.8058153986930847,
    0.5921179056167603,
    -0.007613560650497675
   ],
   [
    -0.0006737929070368409,
    0.011940295808017254,
    0.9999284744262695
   ]
  ]
 },
 {
  "rotation_euler": [
   0.011937335133552551,
   0.0006706209387630224,
   0.495956689119339
  ],
  "euler_order": "XYZ",
  "rotation_matrix": [
   [
    0.879513680934906,
    -0.47583234310150146,
    0.006270302459597588
   ],
   [
    0.4758731722831726,
    0.8794549703598022,
    -0.01017969474196434
   ],
   [
    -0.0006706208805553615,
    0.011937049217522144,
    0.9999285340309143
   ]
  ]
 },
 {
  "rotation_euler": [
   0.011939662508666515,
   0.000667423359118402,
   -2.4129648208618164
  ],
  "euler_order": "XYZ",
  "rotation_matrix": [
   [
    -0.7460885643959045,
    0.6657931208610535,
    -0.00844771508127451
   ],
   [
    -0.6658463478088379,
    -0.7460408806800842,
    0.008463466539978981
   ],
   [
    -0.0006674233009107411,
    0.011939376592636108,
    0.9999284744262695
   ]
  ]
 },
 {
  "rotation_euler": [
   0.011939188465476036,
   0.0006751649198122323,
   -0.4259091019630432
  ],
  "euler_order": "XYZ",
  "rotation_matrix": [
   [
    0.9106633067131042,
    0.41312673687934875,
    -0.004317740444093943
   ],
   [
    -0.4131487309932709,
    0.9105952978134155,
    -0.011151248589158058
   ],
   [
    -0.0006751648616045713,
    0.011938902549445629,
    0.9999284744262695
   ]
  ]
 },
 {
  "rotation_euler": [
   0.01193937100470066,
   0.0006760339019820094,
   2.188323974609375
  ],
  "euler_order": "XYZ",
  "rotation_matrix": [
   [
    -0.5790210366249084,
    -0.8152590394020081,
    0.00934267695993185
   ],
   [
    0.8153123259544373,
    -0.5789733529090881,
    0.007464124355465174
   ],
   [
    -0.0006760338437743485,
    0.01193908415734768,
    0.9999284744262695
   ]
  ]
 },
 {
  "rotation_euler": [
   0.011937473900616169,
   0.0006679301732219756,
   2.7031848430633545
  ],
  "euler_order": "XYZ",
  "rotation_matrix": [
   [
    -0.9054284691810608,
    -0.42447537183761597,
    0.004462597891688347
   ],
   [
    0.4244982898235321,
    -0.9053608179092407,
    0.011091790162026882
   ],
   [
    -0.0006679301150143147,
    0.011937187984585762,
    0.9999285340309143
   ]
  ]
 },
 {
  "rotation_euler": [
   0.012021931819617748,
   0.0008703959756530821,
   1.6231032609939575
  ],
  "euler_order": "XYZ",
  "rotation_matrix": [
   [
    -0.052283067256212234,
    -0.9985606670379639,
    0.011959696188569069
   ],
   [
    0.9986319541931152,
    -0.0522688589990139,
    0.0014976711245253682
   ],
   [
    -0.0008703958592377603,
    0.01202163752168417,
    0.9999273419380188
   ]
  ]
 },
 {
  "rotation_euler": [
   0.011939805932343006,
   0.0006754069472663105,
   0.8490266799926758
  ],
  "euler_order": "XYZ",
  "rotation_matrix": [
   [
    0.6607139110565186,
    -0.7505788207054138,
    0.00940847396850586
   ],
   [
    0.7506375312805176,
    0.6606730222702026,
    -0.007381660398095846
   ],
   [
    -0.0006754068890586495,
    0.011939519084990025,
    0.9999284744262695
   ]
  ]
 },
 {
  "rotation_euler": [
   0.011940756812691689,
   0.0006748790037818253,
   0.16887106001377106
  ],
  "euler_order": "XYZ",
  "rotation_matrix": [
   [
    0.9857749342918396,
    -0.1680496484041214,
    0.002672061789780855
   ],
   [
    0.16806954145431519,
    0.9857062101364136,
    -0.011657202616333961
   ],
   [
    -0.0006748789455741644,
    0.011940469965338707,
    0.9999284744262695
   ]
  ]
 }
]