[
 {
  "rotation_euler": [
   5.3871403906669e-06,
   -0.00020831527945119888,
   -2.3103811740875244
  ],
  "euler_order": "XYZ",
  "rotation_matrix": [
   [
    -0.673981249332428,
    0.7387484312057495,
    0.0001364208583254367
   ],
   [
    -0.7387484312057495,
    -0.673981249332428,
    0.0001575234200572595
   ],
   [
    0.00020831527945119888,
    5.3871403906669e-06,
    1.0
   ]
  ]
 },
 {
  "rotation_euler": [
   6.83749703966896e-07,
   -0.00020604154269676656,
   0.33628833293914795
  ],
  "euler_order": "XYZ",
  "rotation_matrix": [
   [
    0.9439859390258789,
    -0.3299856185913086,
    -0.00019427468942012638
   ],
   [
    0.3299856185913086,
    0.9439859390258789,
    -6.863619637442753e-05
   ],
   [
    0.00020604154269676656,
    6.83749703966896e-07,
    1.0
   ]
  ]
 },
 {
  "rotation_euler": [
   -4.0393733797827736e-06,
   -0.00019395512936171144,
   -1.2262111902236938
  ],
  "euler_order": "XYZ",
  "rotation_matrix": [
   [
    0.33780622482299805,
    0.9412156939506531,
    -6.1717328208033e-05
   ],
   [
    -0.9412156343460083,
    0.33780622482299805,
    0.00018391813500784338
   ],
   [
    0.00019395512936171144,
    -4.0393733797827736e-06,
    1.0
   ]
  ]
 },
 {
  "rotation_euler": [
   -2.619476390464115e-06,
   -0.00020033745386172086,
   -2.2652194499969482
  ],
  "euler_order": "XYZ",
  "rotation_matrix": [
   [
    -0.6399422287940979,
    0.7684230208396912,
    0.00013021727500017732
   ],
   [
    -0.7684229612350464,
    -0.6399422883987427,
    0.00015226758841890842
   ],
   [
    0.00020033745386172086,
    -2.619476390464115e-06,
    1.0
   ]
  ]
 },
 {
  "rotation_euler": [
   4.599035946739605e-06,
   -0.0001985055860131979,
   2.3872900009155273
  ],
  "euler_order": "XYZ",
  "rotation_matrix": [
   [
    -0.7287492156028748,
    -0.6847806572914124,
    0.00014781013305764645
   ],
   [
    0.6847806572914124,
    -0.7287492752075195,
    -0.00013258123362902552
   ],
   [
    0.0001985055860131979,
    4.599035946739605e-06,
    1.0
   ]
  ]
 },
 {
  "rotation_euler": [
   5.973394308966817e-06,
   -0.00020031011081300676,
   1.5956032276153564
  ],
  "euler_order": "XYZ",
  "rotation_matrix": [
   [
    -0.024804355576634407,
    -0.9996923208236694,
    1.094011986424448e-05
   ],
   [
    0.9996923208236694,
    -0.024804357439279556,
    -0.0002001003158511594
   ],
   [
    0.00020031011081300676,
    5.973394308966817e-06,
    1.0
   ]
  ]
 },
 {
  "rotation_euler": [
   4.768083726958139e-06,
   -0.00020669821242336184,
   1.9247785806655884
  ],
  "euler_order": "XYZ",
  "rotation_matrix": [
   [
    -0.3466358780860901,
    -0.9379997849464417,
    7.612148328917101e-05
   ],
   [
    0.9379997253417969,
    -0.3466359078884125,
    -0.00019223008712287992
   ],
   [
    0.00020669821242336184,
    4.768083726958139e-06,
    1.0
   ]
  ]
 },
 {
  "rotation_euler": [
   5.535551736102207e-06,
   -0.0001946877600857988,
   -1.371453046798706
  ],
  "euler_order": "XYZ",
  "rotation_matrix": [
   [
    0.1980256587266922,
    0.9801968336105347,
    -4.3979103793390095e-05
   ],
   [
    -0.9801968336105347,
    0.1980256587266922,
    0.00018973615078721195
   ],
   [
    0.0001946877600857988,
    5.535551736102207e-06,
    1.0
   ]
  ]
 },
 {
  "rotation_euler": [
   5.421680725703482e-06,
   -0.00020747560483869165,
   -2.1604669094085693
  ],
  "euler_order": "XYZ",
  "rotation_matrix": [
   [
    -0.5560872554779053,
    0.8311238884925842,
    0.0001108684518840164
   ],
   [
    -0.8311238884925842,
    -0.5560872554779053,
    0.00017545286391396075
   ],
   [
    0.00020747560483869165,
    5.421680725703482e-06,
    1.0
   ]
  ]
 },
 {
  "rotation_euler": [
   -2.77670278592268e-06,
   -0.00020000123186036944,
   1.3862342834472656
  ],
  "euler_order": "XYZ",
  "rotation_matrix": [
   [
    0.1835160255432129,
    -0.9830167293548584,
    -3.943297633668408e-05
   ],
   [
    0.9830166697502136,
    0.1835160255432129,
    -0.0001960949884960428
   ],
   [
    0.00020000123186036944,
    -2.77670278592268e-06,
    1.0
   ]
  ]
 },
 {
  "rotation_euler": [
   3.252848955526133e-06,
   -0.0002000826789299026,
   2.33467435836792
  ],
  "euler_order": "XYZ",
  "rotation_matrix": [
   [
    -0.6917271614074707,
    -0.7221589088439941,
    0.00014075169747229666
   ],
   [
    0.7221589088439941,
    -0.6917272210121155,
    -0.00014224140613805503
   ],
   [
    0.0002000826789299026,
    3.252848955526133e-06,
    1.0
   ]
  ]
 },
 {
  "rotation_euler": [
   9.576069714967161e-06,
   -0.00019983485981356353,
   -0.7181150913238525
  ],
  "euler_order": "XYZ",
  "rotation_matrix": [
   [
    0.7530472874641418,
    0.6579664349555969,
    -0.00015678582713007927
   ],
   [
    -0.6579663753509521,
    0.7530472874641418,
    0.0001242733997059986
   ],
   [
    0.00019983485981356353,
    9.576069714967161e-06,
    1.0
   ]
  ]
 },
 {
  "rotation_euler": [
   -2.888911296849983e-07,
   -0.00019297623657621443,
   0.31002795696258545
  ],
  "euler_order": "XYZ",
  "rotation_matrix": [
   [
    0.9523250460624695,
    -0.30508527159690857,
    -0.0001838642347138375
   ],
   [
    0.3050852417945862,
    0.9523250460624695,
    -5.859908560523763e-05
   ],
   [
    0.00019297623657621443,
    -2.888911296849983e-07,
    1.0
   ]
  ]
 },
 {
  "rotation_euler": [
   5.02554394188337e-06,
   -0.0001952480524778366,
   1.9879094362258911
  ],
  "euler_order": "XYZ",
  "rotation_matrix": [
   [
    -0.4051227569580078,
    -0.9142622947692871,
    8.369409624719992e-05
   ],
   [
    0.9142622947692871,
    -0.4051227569580078,
    -0.00017647196364123374
   ],
   [
    0.0001952480524778366,
    5.02554394188337e-06,
    1.0
   ]
  ]
 },
 {
  "rotation_euler": [
   4.616458227246767e-06,
   -0.00019512581638991833,
   -0.626286506652832
  ],
  "euler_order": "XYZ",
  "rotation_matrix": [
   [
    0.8102096915245056,
    0.5861400961875916,
    -0.00016079872148111463
   ],
   [
    -0.5861400961875916,
    0.8102096915245056,
    0.00011063076817663386
   ],
   [
    0.00019512581638991833,
    4.616458227246767e-06,
    1.0
   ]
  ]
 },
 {
  "rotation_euler": [
   1.2305832569836639e-05,
   -0.0001978067448362708,
   -0.5811173915863037
  ],
  "euler_order": "XYZ",
  "rotation_matrix": [
   [
    0.8358497619628906,
    0.5489582419395447,
    -0.00017209211364388466
   ],
   [
    -0.5489582419395447,
    0.8358497619628906,
    9.830181807046756e-05
   ],
   [
    0.0001978067448362708,
    1.2305832569836639e-05,
    1.0
   ]
  ]
 }
]