[
 {
  "rotation_euler": [
   -0.014129306189715862,
   0.024927061051130295,
   -2.0133256912231445
  ],
  "euler_order": "XYZ",
  "rotation_matrix": [
   [
    -0.4280935227870941,
    0.9037320017814636,
    0.0020955668296664953
   ],
   [
    -0.9033907055854797,
    -0.42786556482315063,
    -0.028571633622050285
   ],
   [
    -0.02492447942495346,
    -0.014124446548521519,
    0.9995895624160767
   ]
  ]
 },
 {
  "rotation_euler": [
   -0.014129402115941048,
   0.024924881756305695,
   -0.9488146305084229
  ],
  "euler_order": "XYZ",
  "rotation_matrix": [
   [
    0.5824658870697021,
    0.8124391436576843,
    0.026002394035458565
   ],
   [
    -0.8124729990959167,
    0.5828748941421509,
    -0.01202078815549612
   ],
   [
    -0.02492230199277401,
    -0.014124543406069279,
    0.9995896220207214
   ]
  ]
 },
 {
  "rotation_euler": [
   -0.014129518531262875,
   0.024923553690314293,
   1.7661705017089844
  ],
  "euler_order": "XYZ",
  "rotation_matrix": [
   [
    -0.19407330453395844,
    -0.9808087944984436,
    -0.01869776099920273
   ],
   [
    0.9806704521179199,
    -0.19445963203907013,
    0.021701490506529808
   ],
   [
    -0.024920973926782608,
    -0.014124659821391106,
    0.9995896220207214
   ]
  ]
 },
 {
  "rotation_euler": [
   -0.01412951946258545,
   0.024923551827669144,
   -2.827357530593872
  ],
  "euler_order": "XYZ",
  "rotation_matrix": [
   [
    -0.950737714767456,
    0.30939316749572754,
    -0.01933116652071476
   ],
   [
    -0.3089931309223175,
    -0.9508293271064758,
    -0.021139224991202354
   ],
   [
    -0.02492097206413746,
    -0.01412466075271368,
    0.9995896220207214
   ]
  ]
 },
 {
  "rotation_euler": [
   -0.014129772782325745,
   0.024924270808696747,
   0.07840514928102493
  ],
  "euler_order": "XYZ",
  "rotation_matrix": [
   [
    0.9966182708740234,
    -0.07866806536912918,
    0.023735972121357918
   ],
   [
    0.07830051332712173,
    0.9968007802963257,
    0.01603768765926361
   ],
   [
    -0.024921691045165062,
    -0.014124914072453976,
    0.9995896220207214
   ]
  ]
 },
 {
  "rotation_euler": [
   -0.014129070565104485,
   0.024922991171479225,
   -2.9479873180389404
  ],
  "euler_order": "XYZ",
  "rotation_matrix": [
   [
    -0.9810121655464172,
    0.19272442162036896,
    -0.02173406444489956
   ],
   [
    -0.19233836233615875,
    -0.981151282787323,
    -0.018658796325325966
   ],
   [
    -0.02492041140794754,
    -0.01412421278655529,
    0.9995896816253662
   ]
  ]
 },
 {
  "rotation_euler": [
   -0.014129899442195892,
   0.0249226912856102,
   2.793769121170044
  ],
  "euler_order": "XYZ",
  "rotation_matrix": [
   [
    -0.9398248195648193,
    -0.34048742055892944,
    -0.028241528198122978
   ],
   [
    0.3407466411590576,
    -0.9401429891586304,
    -0.004790079779922962
   ],
   [
    -0.024920111522078514,
    -0.014125041663646698,
    0.9995896220207214
   ]
  ]
 },
 {
  "rotation_euler": [
   -0.014131590723991394,
   0.024924466386437416,
   -0.9673237800598145
  ],
  "euler_order": "XYZ",
  "rotation_matrix": [
   [
    0.5673288106918335,
    0.8230878114700317,
    0.025777023285627365
   ],
   [
    -0.8231141567230225,
    0.56773841381073,
    -0.012498399242758751
   ],
   [
    -0.02492188662290573,
    -0.01412673108279705,
    0.9995895624160767
   ]
  ]
 },
 {
  "rotation_euler": [
   -0.01412906963378191,
   0.024922987446188927,
   -0.7399582862854004
  ],
  "euler_order": "XYZ",
  "rotation_matrix": [
   [
    0.7382673621177673,
    0.6739298105239868,
    0.02792811021208763
   ],
   [
    -0.6740477085113525,
    0.7386603951454163,
    -0.006367160473018885
   ],
   [
    -0.024920407682657242,
    -0.014124211855232716,
    0.9995896816253662
   ]
  ]
 },
 {
  "rotation_euler": [
   -0.01413075253367424,
   0.02492283657193184,
   -2.6969656944274902
  ],
  "euler_order": "XYZ",
  "rotation_matrix": [
   [
    -0.9024907946586609,
    0.43039608001708984,
    -0.016417309641838074
   ],
   [
    -0.4299875497817993,
    -0.9025295972824097,
    -0.02347407117486
   ],
   [
    -0.024920256808400154,
    -0.014125893823802471,
    0.9995896220207214
   ]
  ]
 },
 {
  "rotation_euler": [
   -0.01412951946258545,
   0.024923551827669144,
   2.22788143157959
  ],
  "euler_order": "XYZ",
  "rotation_matrix": [
   [
    -0.6106218099594116,
    -0.7914819121360779,
    -0.02640753984451294
   ],
   [
    0.7915301322937012,
    -0.611029326915741,
    0.011099672876298428
   ],
   [
    -0.02492097206413746,
    -0.01412466075271368,
    0.9995896220207214
   ]
  ]
 },
 {
  "rotation_euler": [
   -0.014129518531262875,
   0.02492355741560459,
   0.4060807526111603
  ],
  "euler_order": "XYZ",
  "rotation_matrix": [
   [
    0.918390691280365,
    -0.3952958881855011,
    0.01731087639927864
   ],
   [
    0.3948891758918762,
    0.9184452295303345,
    0.022823115810751915
   ],
   [
    -0.024920977652072906,
    -0.014124659821391106,
    0.9995896220207214
   ]
  ]
 },
 {
  "rotation_euler": [
   -0.014130583964288235,
   0.02492287941277027,
   -1.6652225255966187
  ],
  "euler_order": "XYZ",
  "rotation_matrix": [
   [
    -0.09425665438175201,
    0.9954789876937866,
    0.01171776745468378
   ],
   [
    -0.9952359795570374,
    -0.09392596781253815,
    -0.02613907679915428
   ],
   [
    -0.024920299649238586,
    -0.014125725254416466,
    0.9995896220207214
   ]
  ]
 },
 {
  "rotation_euler": [
   -0.014129525050520897,
   0.024921651929616928,
   -2.204481840133667
  ],
  "euler_order": "XYZ",
  "rotation_matrix": [
   [
    -0.591934859752655,
    0.8059787750244141,
    -0.0033676677849143744
   ],
   [
    -0.8056004643440247,
    -0.5917758941650391,
    -0.028445126488804817
   ],
   [
    -0.024919072166085243,
    -0.014124667271971703,
    0.9995896816253662
   ]
  ]
 },
 {
  "rotation_euler": [
   -0.01412754412740469,
   0.02492685802280903,
   -1.4246457815170288
  ],
  "euler_order": "XYZ",
  "rotation_matrix": [
   [
    0.1455855667591095,
    0.9891890287399292,
    0.017605844885110855
   ],
   [
    -0.9890316724777222,
    0.1459646224975586,
    -0.022598762065172195
   ],
   [
    -0.024924276396632195,
    -0.01412268541753292,
    0.9995895624160767
   ]
  ]
 },
 {
  "rotation_euler": [
   -0.014130750671029091,
   0.02492210641503334,
   -0.5727432370185852
  ],
  "euler_order": "XYZ",
  "rotation_matrix": [
   [
    0.8401564955711365,
    0.5415894985198975,
    0.028598472476005554
   ],
   [
    -0.5417712330818176,
    0.8405243754386902,
    -0.0016281942371279001
   ],
   [
    -0.024919526651501656,
    -0.014125891961157322,
    0.9995896816253662
   ]
  ]
 }
]