[
 {
  "rotation_euler": [
   -0.053375888615846634,
   0.7151626944541931,
   -0.6820794343948364
  ],
  "euler_order": "XYZ",
  "rotation_matrix": [
   [
    0.5860685110092163,
    0.6023538708686829,
    0.5419349670410156
   ],
   [
    -0.4759500026702881,
    0.7972122430801392,
    -0.3713814616203308
   ],
   [
    -0.6557402610778809,
    -0.04027894511818886,
    0.7539113759994507
   ]
  ]
 },
 {
  "rotation_euler": [
   -8.192910172510892e-06,
   4.810181053471752e-07,
   0.8305237889289856
  ],
  "euler_order": "XYZ",
  "rotation_matrix": [
   [
    0.6744891405105591,
    -0.7382847666740417,
    -5.724259153794264e-06
   ],
   [
    0.7382847666740417,
    0.6744891405105591,
    5.881157449039165e-06
   ],
   [
    -4.810181053471752e-07,
    -8.192910172510892e-06,
    1.0
   ]
  ]
 },
 {
  "rotation_euler": [
   1.270841121673584,
   0.5827572345733643,
   -2.7233850955963135
  ],
  "euler_order": "XYZ",
  "rotation_matrix": [
   [
    -0.762991189956665,
    -0.36044514179229736,
    -0.5365852117538452
   ],
   [
    -0.3390918970108032,
    -0.4835343062877655,
    0.8069766163825989
   ],
   [
    -0.5503281950950623,
    0.7976677417755127,
    0.24670840799808502
   ]
  ]
 },
 {
  "rotation_euler": [
   1.280657172203064,
   0.5306355357170105,
   -1.3998706340789795
  ],
  "euler_order": "XYZ",
  "rotation_matrix": [
   [
    0.14670416712760925,
    0.3644005358219147,
    -0.9196141362190247
   ],
   [
    -0.8499172329902649,
    -0.42920130491256714,
    -0.3056581914424896
   ],
   [
    -0.5060815811157227,
    0.82643723487854,
    0.24674467742443085
   ]
  ]
 },
 {
  "rotation_euler": [
   -1.2704384326934814,
   0.5849166512489319,
   1.461177945137024
  ],
  "euler_order": "XYZ",
  "rotation_matrix": [
   [
    0.09121228754520416,
    -0.3517845869064331,
    -0.9316264986991882
   ],
   [
    0.8287538290023804,
    -0.49187883734703064,
    0.26687508821487427
   ],
   [
    -0.552129864692688,
    -0.796431303024292,
    0.246677428483963
   ]
  ]
 },
 {
  "rotation_euler": [
   0.002170189982280135,
   0.0025404691696166992,
   -2.5021400451660156
  ],
  "euler_order": "XYZ",
  "rotation_matrix": [
   [
    -0.8024199604988098,
    0.5967504382133484,
    -0.0033335962798446417
   ],
   [
    -0.5967543721199036,
    -0.8024239540100098,
    0.0002253722195746377
   ],
   [
    -0.0025404663756489754,
    0.00217018136754632,
    0.9999943971633911
   ]
  ]
 },
 {
  "rotation_euler": [
   1.62147462106077e-05,
   4.659196292777779e-06,
   -1.5581560134887695
  ],
  "euler_order": "XYZ",
  "rotation_matrix": [
   [
    0.012639977037906647,
    0.999920129776001,
    -1.6154559489223175e-05
   ],
   [
    -0.999920129776001,
    0.012639977037906647,
    -4.863778030994581e-06
   ],
   [
    -4.659196292777779e-06,
    1.62147462106077e-05,
    1.0
   ]
  ]
 },
 {
  "rotation_euler": [
   0.0321851447224617,
   0.03529921919107437,
   0.3660840392112732
  ],
  "euler_order": "XYZ",
  "rotation_matrix": [
   [
    0.9331545829772949,
    -0.3567158877849579,
    0.04445531219244003
   ],
   [
    0.3577387034893036,
    0.9336591958999634,
    -0.01742064580321312
   ],
   [
    -0.035291887819767,
    0.03215954080224037,
    0.9988594651222229
   ]
  ]
 },
 {
  "rotation_euler": [
   -3.299548916402273e-05,
   0.00015750955208204687,
   -0.6580871939659119
  ],
  "euler_order": "XYZ",
  "rotation_matrix": [
   [
    0.7911635637283325,
    0.611604630947113,
    0.00014479600940831006
   ],
   [
    -0.611604630947113,
    0.7911635637283325,
    -7.022874342510477e-05
   ],
   [
    -0.00015750955208204687,
    -3.299548916402273e-05,
    1.0
   ]
  ]
 },
 {
  "rotation_euler": [
   0.4003032147884369,
   0.4374256134033203,
   2.3913378715515137
  ],
  "euler_order": "XYZ",
  "rotation_matrix": [
   [
    -0.6626394987106323,
    -0.748680055141449,
    -0.019672758877277374
   ],
   [
    0.6176280379295349,
    -0.5611284375190735,
    0.551063060760498
   ],
   [
    -0.4236088693141937,
    0.35300570726394653,
    0.8342316746711731
   ]
  ]
 },
 {
  "rotation_euler": [
   -0.054827190935611725,
   -0.0003634162712842226,
   0.1050705835223198
  ],
  "euler_order": "XYZ",
  "rotation_matrix": [
   [
    0.994485080242157,
    -0.10469996929168701,
    -0.006108119618147612
   ],
   [
    0.10487735271453857,
    0.9929928779602051,
    0.054459456354379654
   ],
   [
    0.0003634162712842226,
    -0.054799724370241165,
    0.9984973073005676
   ]
  ]
 },
 {
  "rotation_euler": [
   1.2708407640457153,
   0.582754373550415,
   0.25509369373321533
  ],
  "euler_order": "XYZ",
  "rotation_matrix": [
   [
    0.8079307675361633,
    0.43418025970458984,
    0.39841610193252563
   ],
   [
    0.2106880098581314,
    0.418582558631897,
    -0.8834020495414734
   ],
   [
    -0.5503258109092712,
    0.7976691722869873,
    0.24670915305614471
   ]
  ]
 },
 {
  "rotation_euler": [
   1.2471381425857544,
   0.590527355670929,
   -1.4751970767974854
  ],
  "euler_order": "XYZ",
  "rotation_matrix": [
   [
    0.07928834110498428,
    0.3669736981391907,
    -0.9268460869789124
   ],
   [
    -0.8268543481826782,
    -0.4951210021972656,
    -0.26677170395851135
   ],
   [
    -0.5567991733551025,
    0.7875185608863831,
    0.26417645812034607
   ]
  ]
 },
 {
  "rotation_euler": [
   1.2708407640457153,
   0.5827566981315613,
   -1.706201434135437
  ],
  "euler_order": "XYZ",
  "rotation_matrix": [
   [
    -0.11271116882562637,
    0.2218005359172821,
    -0.9685559868812561
   ],
   [
    -0.8273062109947205,
    -0.5608300566673279,
    -0.03215689957141876
   ],
   [
    -0.550327718257904,
    0.7976679801940918,
    0.24670878052711487
   ]
  ]
 },
 {
  "rotation_euler": [
   -1.2884955406188965,
   0.4833403527736664,
   -1.4344419240951538
  ],
  "euler_order": "XYZ",
  "rotation_matrix": [
   [
    0.12036088109016418,
    0.21530796587467194,
    0.9691004753112793
   ],
   [
    -0.877228856086731,
    0.4800669252872467,
    0.002292643766850233
   ],
   [
    -0.46473947167396545,
    -0.85039883852005,
    0.2466556429862976
   ]
  ]
 },
 {
  "rotation_euler": [
   -0.010999239049851894,
   -0.02203161083161831,
   -1.7396578788757324
  ],
  "euler_order": "XYZ",
  "rotation_matrix": [
   [
    -0.16801941394805908,
    0.9856764078140259,
    0.01454468909651041
   ],
   [
    -0.9855374693870544,
    -0.16828890144824982,
    0.019866682589054108
   ],
   [
    0.022029828280210495,
    -0.010996348224580288,
    0.9996968507766724
   ]
  ]
 }
]