[
 {
  "rotation_euler": [
   -0.00014212598034646362,
   -1.4563603656370105e-07,
   -1.782495379447937
  ],
  "euler_order": "XYZ",
  "rotation_matrix": [
   [
    -0.21012131869792938,
    0.9776753187179565,
    0.00013898366887588054
   ],
   [
    -0.9776753187179565,
    -0.21012131869792938,
    -2.9721313694608398e-05
   ],
   [
    1.4563603656370105e-07,
    -0.00014212598034646362,
    1.0
   ]
  ]
 },
 {
  "rotation_euler": [
   -0.0001452385331504047,
   -1.704218703935112e-07,
   -0.8387088775634766
  ],
  "euler_order": "XYZ",
  "rotation_matrix": [
   [
    0.6684237122535706,
    0.7437807321548462,
    0.00010791170643642545
   ],
   [
    -0.7437807321548462,
    0.6684237122535706,
    9.72076304606162e-05
   ],
   [
    1.704218703935112e-07,
    -0.0001452385331504047,
    1.0
   ]
  ]
 },
 {
  "rotation_euler": [
   -0.0001456754980608821,
   -1.7910457472680719e-07,
   -2.120600700378418
  ],
  "euler_order": "XYZ",
  "rotation_matrix": [
   [
    -0.5225204229354858,
    0.8526267409324646,
    0.00012430040806066245
   ],
   [
    -0.8526267409324646,
    -0.5225204229354858,
    -7.596571958856657e-05
   ],
   [
    1.7910457472680719e-07,
    -0.0001456754980608821,
    1.0
   ]
  ]
 },
 {
  "rotation_euler": [
   -0.00014393558376468718,
   8.08267657248507e-08,
   0.10702698677778244
  ],
  "euler_order": "XYZ",
  "rotation_matrix": [
   [
    0.994278073310852,
    -0.10682277381420135,
    -1.5295234334189445e-05
   ],
   [
    0.10682277381420135,
    0.994278073310852,
    0.00014312063285615295
   ],
   [
    -8.08267657248507e-08,
    -0.00014393558376468718,
    1.0
   ]
  ]
 },
 {
  "rotation_euler": [
   -0.00014266501239035279,
   -2.8861760981158113e-08,
   -1.5717979669570923
  ],
  "euler_order": "XYZ",
  "rotation_matrix": [
   [
    -0.0010016399901360273,
    0.999999463558197,
    0.0001426649687346071
   ],
   [
    -0.9999995231628418,
    -0.0010016399901360273,
    -1.1403723476632877e-07
   ],
   [
    2.8861760981158113e-08,
    -0.00014266501239035279,
    1.0
   ]
  ]
 },
 {
  "rotation_euler": [
   -0.00014109982294030488,
   8.050966471273568e-08,
   -2.1073036193847656
  ],
  "euler_order": "XYZ",
  "rotation_matrix": [
   [
    -0.5111371278762817,
    0.8594991564750671,
    0.00012123402848374099
   ],
   [
    -0.8594991564750671,
    -0.5111371278762817,
    -7.219055987661704e-05
   ],
   [
    -8.050966471273568e-08,
    -0.00014109982294030488,
    1.0
   ]
  ]
 },
 {
  "rotation_euler": [
   -0.00014540576376020908,
   -1.8358345243996155e-07,
   2.7374255657196045
  ],
  "euler_order": "XYZ",
  "rotation_matrix": [
   [
    -0.9194302558898926,
    -0.3932530879974365,
    -5.701247209799476e-05
   ],
   [
    0.3932530879974365,
    -0.9194302558898926,
    -0.00013376265997067094
   ],
   [
    1.8358345243996155e-07,
    -0.00014540576376020908,
    1.0
   ]
  ]
 },
 {
  "rotation_euler": [
   -0.00013959976786281914,
   1.4513327073473192e-07,
   -2.425405502319336
  ],
  "euler_order": "XYZ",
  "rotation_matrix": [
   [
    -0.7543143630027771,
    0.6565133333206177,
    9.153963765129447e-05
   ],
   [
    -0.6565133929252625,
    -0.7543143630027771,
    -0.00010539739741943777
   ],
   [
    -1.4513327073473192e-07,
    -0.00013959976786281914,
    1.0
   ]
  ]
 },
 {
  "rotation_euler": [
   -0.00014436477795243263,
   -1.5590288171551947e-07,
   -2.322131633758545
  ],
  "euler_order": "XYZ",
  "rotation_matrix": [
   [
    -0.6826151609420776,
    0.7307780385017395,
    0.00010560503142187372
   ],
   [
    -0.7307780385017395,
    -0.6826151609420776,
    -9.843165753409266e-05
   ],
   [
    1.5590288171551947e-07,
    -0.00014436477795243263,
    1.0
   ]
  ]
 },
 {
  "rotation_euler": [
   -0.0001444484369130805,
   1.674756617831008e-07,
   -3.0046944618225098
  ],
  "euler_order": "XYZ",
  "rotation_matrix": [
   [
    -0.990644097328186,
    0.1364709883928299,
    1.9547112970030867e-05
   ],
   [
    -0.1364709883928299,
    -0.9906440377235413,
    -0.00014311984705273062
   ],
   [
    -1.674756617831008e-07,
    -0.0001444484369130805,
    1.0
   ]
  ]
 },
 {
  "rotation_euler": [
   -0.00014454775373451412,
   -1.7378216625729692e-06,
   -2.293394088745117
  ],
  "euler_order": "XYZ",
  "rotation_matrix": [
   [
    -0.6613354682922363,
    0.7500902414321899,
    0.00010957314952975139
   ],
   [
    -0.7500902414321899,
    -0.6613354682922363,
    -9.429103374714032e-05
   ],
   [
    1.7378216625729692e-06,
    -0.00014454775373451412,
    1.0
   ]
  ]
 },
 {
  "rotation_euler": [
   -0.0001412095152772963,
   1.4816329496625258e-07,
   1.5284688472747803
  ],
  "euler_order": "XYZ",
  "rotation_matrix": [
   [
    0.04231484234333038,
    -0.9991043210029602,
    -0.00014107677270658314
   ],
   [
    0.9991043210029602,
    0.04231484234333038,
    6.123289040260715e-06
   ],
   [
    -1.4816329496625258e-07,
    -0.0001412095152772963,
    1.0
   ]
  ]
 },
 {
  "rotation_euler": [
   -0.0001399544271407649,
   3.9069161061888735e-07,
   -0.9453364610671997
  ],
  "euler_order": "XYZ",
  "rotation_matrix": [
   [
    0.5854701399803162,
    0.8106939792633057,
    0.00011368894774932414
   ],
   [
    -0.8106939792633057,
    0.5854701399803162,
    8.162240555975586e-05
   ],
   [
    -3.9069161061888735e-07,
    -0.0001399544271407649,
    1.0
   ]
  ]
 },
 {
  "rotation_euler": [
   -0.00014254843699745834,
   4.748422099964955e-08,
   1.6101807355880737
  ],
  "euler_order": "XYZ",
  "rotation_matrix": [
   [
    -0.039374228566884995,
    -0.9992245435714722,
    -0.0001424397632945329
   ],
   [
    0.9992245435714722,
    -0.039374228566884995,
    -5.565287210629322e-06
   ],
   [
    -4.748422099964955e-08,
    -0.00014254843699745834,
    1.0
   ]
  ]
 },
 {
  "rotation_euler": [
   -0.0001432720891898498,
   -4.637812622831916e-08,
   0.8503267168998718
  ],
  "euler_order": "XYZ",
  "rotation_matrix": [
   [
    0.6597376465797424,
    -0.7514959573745728,
    -0.00010769900109153241
   ],
   [
    0.7514960169792175,
    0.6597376465797424,
    9.448713535675779e-05
   ],
   [
    4.637812622831916e-08,
    -0.0001432720891898498,
    1.0
   ]
  ]
 },
 {
  "rotation_euler": [
   -0.0001426485541742295,
   -7.630425358229331e-08,
   -0.5452442169189453
  ],
  "euler_order": "XYZ",
  "rotation_matrix": [
   [
    0.8550006747245789,
    0.5186269283294678,
    7.391614053631201e-05
   ],
   [
    -0.5186269283294678,
    0.8550006747245789,
    0.00012200418132124469
   ],
   [
    7.630425358229331e-08,
    -0.0001426485541742295,
    1.0
   ]
  ]
 }
]