[
 {
  "rotation_euler": [
   0.00011168712080689147,
   1.1764532246161252e-06,
   -0.6106031537055969
  ],
  "euler_order": "XYZ",
  "rotation_matrix": [
   [
    0.8193023204803467,
    0.5733617544174194,
    -6.307324656518176e-05
   ],
   [
    -0.5733617544174194,
    0.8193023204803467,
    -9.218005288857967e-05
   ],
   [
    -1.1764532246161252e-06,
    0.00011168712080689147,
    1.0
   ]
  ]
 },
 {
  "rotation_euler": [
   0.00011108307808171958,
   6.396561502697296e-07,
   -3.0858852863311768
  ],
  "euler_order": "XYZ",
  "rotation_matrix": [
   [
    -0.9984487295150757,
    0.055678557604551315,
    -6.823609510320239e-06
   ],
   [
    -0.055678557604551315,
    -0.9984487295150757,
    0.00011087514576502144
   ],
   [
    -6.396561502697296e-07,
    0.00011108307808171958,
    1.0
   ]
  ]
 },
 {
  "rotation_euler": [
   0.00011118647671537474,
   3.521998905853252e-07,
   -0.8735255599021912
  ],
  "euler_order": "XYZ",
  "rotation_matrix": [
   [
    0.6421278715133667,
    0.7665975689888,
    -8.500912372255698e-05
   ],
   [
    -0.7665975689888,
    0.6421278715133667,
    -7.166592695284635e-05
   ],
   [
    -3.521998905853252e-07,
    0.00011118647671537474,
    1.0
   ]
  ]
 },
 {
  "rotation_euler": [
   0.00011145402095280588,
   3.1249817311618244e-07,
   -1.6429146528244019
  ],
  "euler_order": "XYZ",
  "rotation_matrix": [
   [
    -0.07205582410097122,
    0.9974005818367004,
    -0.00011118682596134022
   ],
   [
    -0.9974005818367004,
    -0.07205582410097122,
    7.719226232438814e-06
   ],
   [
    -3.1249817311618244e-07,
    0.00011145402095280588,
    1.0
   ]
  ]
 },
 {
  "rotation_euler": [
   0.00011154919775435701,
   9.166444669972407e-08,
   3.029759645462036
  ],
  "euler_order": "XYZ",
  "rotation_matrix": [
   [
    -0.99375319480896,
    -0.11160004138946533,
    1.235780382558005e-05
   ],
   [
    0.11160004138946533,
    -0.99375319480896,
    0.00011086260201409459
   ],
   [
    -9.166444669972407e-08,
    0.00011154919775435701,
    1.0
   ]
  ]
 },
 {
  "rotation_euler": [
   -1.5803554058074951,
   1.0233203172683716,
   0.8179525136947632
  ],
  "euler_order": "XYZ",
  "rotation_matrix": [
   [
    0.3558976948261261,
    -0.5767831802368164,
    -0.7352944612503052
   ],
   [
    0.37985822558403015,
    -0.6295954585075378,
    0.6777294874191284
   ],
   [
    -0.8538410663604736,
    -0.5205100178718567,
    -0.004975747782737017
   ]
  ]
 },
 {
  "rotation_euler": [
   0.000111251552880276,
   3.7515445683311555e-07,
   1.6711620092391968
  ],
  "euler_order": "XYZ",
  "rotation_matrix": [
   [
    -0.10019726306200027,
    -0.9949675798416138,
    0.00011065410217270255
   ],
   [
    0.9949675798416138,
    -0.10019726306200027,
    1.1520367479533888e-05
   ],
   [
    -3.7515445683311555e-07,
    0.000111251552880276,
    1.0
   ]
  ]
 },
 {
  "rotation_euler": [
   0.00011192892998224124,
   2.1338407805160386e-06,
   1.6250489950180054
  ],
  "euler_order": "XYZ",
  "rotation_matrix": [
   [
    -0.05422605946660042,
    -0.9985286593437195,
    0.00011164853640366346
   ],
   [
    0.9985286593437195,
    -0.05422605574131012,
    8.200166121241637e-06
   ],
   [
    -2.1338407805160386e-06,
    0.00011192892998224124,
    1.0
   ]
  ]
 },
 {
  "rotation_euler": [
   0.00011176384577993304,
   -3.7241886730043916e-07,
   -0.713657557964325
  ],
  "euler_order": "XYZ",
  "rotation_matrix": [
   [
    0.755972683429718,
    0.654603123664856,
    -7.344250479945913e-05
   ],
   [
    -0.6546031832695007,
    0.755972683429718,
    -8.42466251924634e-05
   ],
   [
    3.7241886730043916e-07,
    0.00011176384577993304,
    1.0
   ]
  ]
 },
 {
  "rotation_euler": [
   0.00011166050535393879,
   -4.0074098706099903e-07,
   1.755935788154602
  ],
  "euler_order": "XYZ",
  "rotation_matrix": [
   [
    -0.18408361077308655,
    -0.9829105734825134,
    0.0001098260618164204
   ],
   [
    0.9829105734825134,
    -0.18408361077308655,
    2.0160976418992504e-05
   ],
   [
    4.0074098706099903e-07,
    0.00011166050535393879,
    1.0
   ]
  ]
 },
 {
  "rotation_euler": [
   0.00011154894309584051,
   2.0034305237004446e-07,
   2.1385912895202637
  ],
  "euler_order": "XYZ",
  "rotation_matrix": [
   [
    -0.5377743244171143,
    -0.8430888056755066,
    9.3937931524124e-05
   ],
   [
    0.8430888652801514,
    -0.5377743244171143,
    6.015706458128989e-05
   ],
   [
    -2.0034305237004446e-07,
    0.00011154894309584051,
    1.0
   ]
  ]
 },
 {
  "rotation_euler": [
   0.00011134165833937004,
   6.950880901968048e-07,
   -1.0876481533050537
  ],
  "euler_order": "XYZ",
  "rotation_matrix": [
   [
    0.4645693004131317,
    0.885536789894104,
    -9.827421308727935e-05
   ],
   [
    -0.885536789894104,
    0.4645693004131317,
    -5.234144191490486e-05
   ],
   [
    -6.950880901968048e-07,
    0.00011134165833937004,
    1.0
   ]
  ]
 },
 {
  "rotation_euler": [
   1.8694097995758057,
   2.138639450073242,
   0.13859419524669647
  ],
  "euler_order": "XYZ",
  "rotation_matrix": [
   [
    -0.5326579213142395,
    0.8386706113815308,
    -0.11360980570316315
   ],
   [
    -0.07429962605237961,
    -0.18005874752998352,
    -0.9808457493782043
   ],
   [
    -0.8430629372596741,
    -0.5140140652656555,
    0.15822263062000275
   ]
  ]
 },
 {
  "rotation_euler": [
   -1.7055782079696655,
   1.0192638635635376,
   0.24729956686496735
  ],
  "euler_order": "XYZ",
  "rotation_matrix": [
   [
    0.5080516338348389,
    -0.785427987575531,
    -0.35353413224220276
   ],
   [
    0.12826646864414215,
    -0.3368854820728302,
    0.9327678680419922
   ],
   [
    -0.8517225384712219,
    -0.5192407965660095,
    -0.07041113823652267
   ]
  ]
 },
 {
  "rotation_euler": [
   0.00011148695193696767,
   3.088791515892808e-07,
   1.7243473529815674
  ],
  "euler_order": "XYZ",
  "rotation_matrix": [
   [
    -0.15294833481311798,
    -0.9882341623306274,
    0.00011012797767762095
   ],
   [
    0.9882341623306274,
    -0.15294833481311798,
    1.7356987882521935e-05
   ],
   [
    -3.088791515892808e-07,
    0.00011148695193696767,
    1.0
   ]
  ]
 },
 {
  "rotation_euler": [
   0.00011160765279782936,
   6.633990068394269e-08,
   -0.014664885587990284
  ],
  "euler_order": "XYZ",
  "rotation_matrix": [
   [
    0.9998924732208252,
    0.0146643603220582,
    -1.570322069710528e-06
   ],
   [
    -0.0146643603220582,
    0.9998924732208252,
    -0.00011159662244608626
   ],
   [
    -6.633990068394269e-08,
    0.00011160765279782936,
    1.0
   ]
  ]
 }
]