[
 {
  "rotation_euler": [
   3.3588005265983156e-08,
   1.3266053144889156e-07,
   0.26182684302330017
  ],
  "euler_order": "XYZ",
  "rotation_matrix": [
   [
    0.9659187197685242,
    -0.25884556770324707,
    1.3683339261660876e-07
   ],
   [
    0.25884556770324707,
    0.9659187197685242,
    1.8953070224370094e-09
   ],
   [
    -1.3266053144889156e-07,
    3.3588005265983156e-08,
    1.0
   ]
  ]
 },
 {
  "rotation_euler": [
   4.244490592331118e-10,
   -8.390015864279121e-07,
   1.6374911069869995
  ],
  "euler_order": "XYZ",
  "rotation_matrix": [
   [
    -0.06664534658193588,
    -0.9977767467498779,
    5.63390578633971e-08
   ],
   [
    0.9977767467498779,
    -0.06664534658193588,
    -8.37107961615402e-07
   ],
   [
    8.390015864279121e-07,
    4.244490592331118e-10,
    1.0
   ]
  ]
 },
 {
  "rotation_euler": [
   1.862689558151942e-08,
   7.809076407738758e-08,
   1.194923996925354
  ],
  "euler_order": "XYZ",
  "rotation_matrix": [
   [
    0.3670840859413147,
    -0.9301877617835999,
    4.599238678792972e-08
   ],
   [
    0.9301877617835999,
    0.3670840859413147,
    6.580143718792897e-08
   ],
   [
    -7.809076407738758e-08,
    1.862689558151942e-08,
    1.0
   ]
  ]
 },
 {
  "rotation_euler": [
   -2.390363817994512e-08,
   -6.590108370119196e-08,
   1.5404789447784424
  ],
  "euler_order": "XYZ",
  "rotation_matrix": [
   [
    0.030312737450003624,
    -0.9995404481887817,
    -2.5890296129205126e-08
   ],
   [
    0.9995404481887817,
    0.030312737450003624,
    -6.514621730957515e-08
   ],
   [
    6.590108370119196e-08,
    -2.390363817994512e-08,
    1.0
   ]
  ]
 },
 {
  "rotation_euler": [
   1.6392472934612101e-09,
   3.911443684501137e-07,
   1.4327185153961182
  ],
  "euler_order": "XYZ",
  "rotation_matrix": [
   [
    0.13763947784900665,
    -0.9904823899269104,
    5.546054993033067e-08
   ],
   [
    0.9904823899269104,
    0.13763947784900665,
    3.8719599615433253e-07
   ],
   [
    -3.911443684501137e-07,
    1.6392472934612101e-09,
    1.0
   ]
  ]
 },
 {
  "rotation_euler": [
   8.299340770179242e-09,
   1.1596905835631333e-07,
   0.8896350264549255
  ],
  "euler_order": "XYZ",
  "rotation_matrix": [
   [
    0.6296955943107605,
    -0.7768419981002808,
    7.947247837591931e-08
   ],
   [
    0.7768419981002808,
    0.6296955943107605,
    8.486357216952456e-08
   ],
   [
    -1.1596905835631333e-07,
    8.299340770179242e-09,
    1.0
   ]
  ]
 },
 {
  "rotation_euler": [
   -4.229097960717354e-09,
   -5.414736961029121e-07,
   0.14799341559410095
  ],
  "euler_order": "XYZ",
  "rotation_matrix": [
   [
    0.9890689253807068,
    -0.14745378494262695,
    -5.361783905755146e-07
   ],
   [
    0.14745378494262695,
    0.9890689253807068,
    -7.565947157672781e-08
   ],
   [
    5.414736961029121e-07,
    -4.229097960717354e-09,
    1.0
   ]
  ]
 },
 {
  "rotation_euler": [
   -1.5710869050167275e-08,
   -1.7041865874034556e-07,
   0.3601279556751251
  ],
  "euler_order": "XYZ",
  "rotation_matrix": [
   [
    0.9358517527580261,
    -0.3523939847946167,
    -1.650230103678041e-07
   ],
   [
    0.3523939847946167,
    0.9358517527580261,
    -4.535146658213307e-08
   ],
   [
    1.7041865874034556e-07,
    -1.5710869050167275e-08,
    1.0
   ]
  ]
 },
 {
  "rotation_euler": [
   6.17207263076125e-08,
   -1.1032843616476384e-07,
   -0.41674190759658813
  ],
  "euler_order": "XYZ",
  "rotation_matrix": [
   [
    0.9144126176834106,
    0.40478336811065674,
    -1.258692350347701e-07
   ],
   [
    -0.40478336811065674,
    0.9144126176834106,
    -1.1779095032693476e-08
   ],
   [
    1.1032843616476384e-07,
    6.17207263076125e-08,
    1.0
   ]
  ]
 },
 {
  "rotation_euler": [
   3.312986507353344e-08,
   4.974365452881102e-08,
   -1.1082569360733032
  ],
  "euler_order": "XYZ",
  "rotation_matrix": [
   [
    0.44622209668159485,
    0.8949222564697266,
    -7.45193506901387e-09
   ],
   [
    -0.8949222564697266,
    0.44622209668159485,
    -5.929998181386509e-08
   ],
   [
    -4.974365452881102e-08,
    3.312986507353344e-08,
    1.0
   ]
  ]
 },
 {
  "rotation_euler": [
   -2.6940679020981406e-08,
   1.13986277483491e-06,
   -2.6518077850341797
  ],
  "euler_order": "XYZ",
  "rotation_matrix": [
   [
    -0.882434070110321,
    0.47043606638908386,
    -9.93179924080323e-07
   ],
   [
    -0.47043606638908386,
    -0.882434070110321,
    -5.600059012067504e-07
   ],
   [
    -1.13986277483491e-06,
    -2.6940679020981406e-08,
    1.0
   ]
  ]
 },
 {
  "rotation_euler": [
   1.9919159655046315e-08,
   -3.526343732573878e-07,
   2.8650310039520264
  ],
  "euler_order": "XYZ",
  "rotation_matrix": [
   [
    -0.9619999527931213,
    -0.27304956316947937,
    3.446731682288373e-07
   ],
   [
    0.27304956316947937,
    -0.9619999527931213,
    -7.71244330621812e-08
   ],
   [
    3.526343732573878e-07,
    1.9919159655046315e-08,
    1.0
   ]
  ]
 },
 {
  "rotation_euler": [
   6.059189416873778e-08,
   -5.402712233149032e-08,
   -2.7502877712249756
  ],
  "euler_order": "XYZ",
  "rotation_matrix": [
   [
    -0.924412190914154,
    0.38139498233795166,
    2.6833884447796663e-08
   ],
   [
    -0.38139498233795166,
    -0.924412190914154,
    7.661756029619937e-08
   ],
   [
    5.402712233149032e-08,
    6.059189416873778e-08,
    1.0
   ]
  ]
 },
 {
  "rotation_euler": [
   8.583381116977762e-09,
   -1.0386037274656701e-07,
   2.9454245567321777
  ],
  "euler_order": "XYZ",
  "rotation_matrix": [
   [
    -0.9808206558227539,
    -0.1949123591184616,
    1.035414101124843e-07
   ],
   [
    0.1949123591184616,
    -0.9808206558227539,
    -1.1824912604652127e-08
   ],
   [
    1.0386037274656701e-07,
    8.583381116977762e-09,
    1.0
   ]
  ]
 },
 {
  "rotation_euler": [
   -3.3122233844551374e-08,
   4.0076841401059937e-07,
   0.40824806690216064
  ],
  "euler_order": "XYZ",
  "rotation_matrix": [
   [
    0.9178177714347839,
    -0.3970019817352295,
    3.5468278269945586e-07
   ],
   [
    0.3970019817352295,
    0.9178177714347839,
    1.89506025094488e-07
   ],
   [
    -4.0076841401059937e-07,
    -3.3122233844551374e-08,
    1.0
   ]
  ]
 },
 {
  "rotation_euler": [
   -4.2228855079429195e-08,
   -5.743093538512767e-07,
   0.4210319519042969
  ],
  "euler_order": "XYZ",
  "rotation_matrix": [
   [
    0.9126676917076111,
    -0.4087024927139282,
    -5.414125894276367e-07
   ],
   [
    0.4087024927139282,
    0.9126676917076111,
    -1.9618076407823537e-07
   ],
   [
    5.743093538512767e-07,
    -4.2228855079429195e-08,
    1.0
   ]
  ]
 }
]