[
 {
  "rotation_euler": [
   -0.6036609411239624,
   -1.77556574344635,
   1.430262565612793
  ],
  "euler_order": "XYZ",
  "rotation_matrix": [
   [
    -0.028482362627983093,
    -0.7372948527336121,
    -0.6749704480171204
   ],
   [
    -0.20133672654628754,
    0.6656369566917419,
    -0.7186034917831421
   ],
   [
    0.9791079163551331,
    0.11542882025241852,
    -0.167403444647789
   ]
  ]
 },
 {
  "rotation_euler": [
   0.41712892055511475,
   1.2979285717010498,
   -1.2100343704223633
  ],
  "euler_order": "XYZ",
  "rotation_matrix": [
   [
    0.09512801468372345,
    0.9931207895278931,
    -0.06827713549137115
   ],
   [
    -0.2521463632583618,
    -0.04231274500489235,
    -0.9667636156082153
   ],
   [
    -0.9630020260810852,
    0.10918212682008743,
    0.24638664722442627
   ]
  ]
 },
 {
  "rotation_euler": [
   -0.1509048044681549,
   2.5136780738830566,
   1.6801512241363525
  ],
  "euler_order": "XYZ",
  "rotation_matrix": [
   [
    0.08831965178251266,
    -0.973091721534729,
    -0.21281960606575012
   ],
   [
    -0.8044204711914062,
    -0.19568347930908203,
    0.560906171798706
   ],
   [
    -0.5874583721160889,
    0.12165740877389908,
    -0.800057590007782
   ]
  ]
 },
 {
  "rotation_euler": [
   2.4264864921569824,
   1.3922462463378906,
   0.8867919445037842
  ],
  "euler_order": "XYZ",
  "rotation_matrix": [
   [
    0.11222756654024124,
    0.9929293394088745,
    0.038681600242853165
   ],
   [
    0.13765086233615875,
    0.023017562925815582,
    -0.9902133345603943
   ],
   [
    -0.9841022491455078,
    0.11645378172397614,
    -0.13409438729286194
   ]
  ]
 },
 {
  "rotation_euler": [
   2.7246737480163574,
   -1.2872564792633057,
   -0.583909273147583
  ],
  "euler_order": "XYZ",
  "rotation_matrix": [
   [
    0.2334042340517044,
    -0.8284281492233276,
    0.5091456174850464
   ],
   [
    -0.15422654151916504,
    -0.5485190153121948,
    -0.8217913508415222
   ],
   [
    0.9600711464881897,
    0.11328580975532532,
    -0.2557922899723053
   ]
  ]
 },
 {
  "rotation_euler": [
   -0.8991257548332214,
   1.7199187278747559,
   0.6906467080116272
  ],
  "euler_order": "XYZ",
  "rotation_matrix": [
   [
    -0.11452309042215347,
    -0.9931233525276184,
    -0.02429862692952156
   ],
   [
    -0.09464462101459503,
    -0.013440780341625214,
    0.9954203963279724
   ],
   [
    -0.9889018535614014,
    0.11629835516214371,
    -0.09245450794696808
   ]
  ]
 },
 {
  "rotation_euler": [
   0.10603450983762741,
   -0.2605338394641876,
   1.9701409339904785
  ],
  "euler_order": "XYZ",
  "rotation_matrix": [
   [
    -0.37569311261177063,
    -0.9055413007736206,
    0.19710305333137512
   ],
   [
    0.8902239799499512,
    -0.4117486774921417,
    -0.19484421610832214
   ],
   [
    0.2575964033603668,
    0.10226424038410187,
    0.9608257412910461
   ]
  ]
 },
 {
  "rotation_euler": [
   -0.5330878496170044,
   1.8054434061050415,
   1.8067365884780884
  ],
  "euler_order": "XYZ",
  "rotation_matrix": [
   [
    0.05434851348400116,
    -0.7218422889709473,
    -0.6899202466011047
   ],
   [
    -0.22605833411216736,
    -0.6818966865539551,
    0.6956396698951721
   ],
   [
    -0.9725964665412903,
    0.11815524101257324,
    -0.20023854076862335
   ]
  ]
 },
 {
  "rotation_euler": [
   -0.44767510890960693,
   1.8486846685409546,
   2.0975141525268555
  ],
  "euler_order": "XYZ",
  "rotation_matrix": [
   [
    0.1379031389951706,
    -0.5700183510780334,
    -0.8099763989448547
   ],
   [
    -0.23714397847652435,
    -0.8130055665969849,
    0.5317749977111816
   ],
   [
    -0.9616368412971497,
    0.11874757707118988,
    -0.2472924441099167
   ]
  ]
 },
 {
  "rotation_euler": [
   -0.3335123360157013,
   1.9336609840393066,
   0.5836458206176758
  ],
  "euler_order": "XYZ",
  "rotation_matrix": [
   [
    -0.2961944341659546,
    -0.7760888934135437,
    0.5567359328269958
   ],
   [
    -0.1956043541431427,
    0.6198256611824036,
    0.7599704265594482
   ],
   [
    -0.9348838329315186,
    0.11619903892278671,
    -0.33539527654647827
   ]
  ]
 },
 {
  "rotation_euler": [
   3.0225601196289062,
   -0.0100643215700984,
   -0.8291059732437134
  ],
  "euler_order": "XYZ",
  "rotation_matrix": [
   [
    0.6755009889602661,
    -0.7329177260398865,
    -0.08080829679965973
   ],
   [
    -0.7372903823852539,
    -0.6698738932609558,
    -0.08758898824453354
   ],
   [
    0.01006415206938982,
    0.11874562501907349,
    -0.9928737282752991
   ]
  ]
 },
 {
  "rotation_euler": [
   2.6292943954467773,
   1.3268834352493286,
   -0.04113458842039108
  ],
  "euler_order": "XYZ",
  "rotation_matrix": [
   [
    0.24129724502563477,
    0.43942657113075256,
    -0.8652629256248474
   ],
   [
    -0.009931265376508236,
    -0.8904440402984619,
    -0.4549844264984131
   ],
   [
    -0.9704004526138306,
    0.11837964504957199,
    -0.2104976326227188
   ]
  ]
 },
 {
  "rotation_euler": [
   0.21173159778118134,
   -1.0363826751708984,
   -0.7289851903915405
  ],
  "euler_order": "XYZ",
  "rotation_matrix": [
   [
    0.37988904118537903,
    0.5163499712944031,
    -0.767507016658783
   ],
   [
    -0.3392757177352905,
    0.8496619462966919,
    0.4036911129951477
   ],
   [
    0.8605674505233765,
    0.10703867673873901,
    0.49796226620674133
   ]
  ]
 },
 {
  "rotation_euler": [
   2.905021905899048,
   1.0495543479919434,
   -0.6437917351722717
  ],
  "euler_order": "XYZ",
  "rotation_matrix": [
   [
    0.39827921986579895,
    -0.4209529161453247,
    -0.814967691898346
   ],
   [
    -0.29889029264450073,
    -0.8995433449745178,
    0.31856921315193176
   ],
   [
    -0.8672013878822327,
    0.11670645326375961,
    -0.48408815264701843
   ]
  ]
 },
 {
  "rotation_euler": [
   -0.13352717459201813,
   -2.7594547271728516,
   1.1453789472579956
  ],
  "euler_order": "XYZ",
  "rotation_matrix": [
   [
    -0.3829326629638672,
    -0.8822698593139648,
    -0.27379268407821655
   ],
   [
    -0.8451653122901917,
    0.4542474150657654,
    -0.2816999852657318
   ],
   [
    0.37290504574775696,
    0.12352795898914337,
    -0.9196100831031799
   ]
  ]
 },
 {
  "rotation_euler": [
   -0.6719522476196289,
   -1.753521203994751,
   0.6733185648918152
  ],
  "euler_order": "XYZ",
  "rotation_matrix": [
   [
    -0.1420527994632721,
    -0.009468051604926586,
    -0.9898138046264648
   ],
   [
    -0.11331124603748322,
    0.9935365319252014,
    0.006758164148777723
   ],
   [
    0.9833521842956543,
    0.11311705410480499,
    -0.14220748841762543
   ]
  ]
 }
]