[
 {
  "rotation_euler": [
   0.00043093165731988847,
   0.0050463429652154446,
   2.9919257164001465
  ],
  "euler_order": "XYZ",
  "rotation_matrix": [
   [
    -0.9888082146644592,
    -0.14911094307899475,
    -0.004925651475787163
   ],
   [
    0.14910690486431122,
    -0.9888203740119934,
    0.0011785650858655572
   ],
   [
    -0.005046321544796228,
    0.00043092615669593215,
    0.9999871850013733
   ]
  ]
 },
 {
  "rotation_euler": [
   -1.5707963705062866,
   0.5318505764007568,
   -0.03897415101528168
  ],
  "euler_order": "XYZ",
  "rotation_matrix": [
   [
    0.8612155914306641,
    -0.5067440271377563,
    0.03896426409482956
   ],
   [
    -0.03358215093612671,
    0.019759882241487503,
    0.9992405772209167
   ],
   [
    -0.5071291923522949,
    -0.8618700504302979,
    -3.767353717876176e-08
   ]
  ]
 },
 {
  "rotation_euler": [
   1.5707966089248657,
   0.5171435475349426,
   1.5113670825958252
  ],
  "euler_order": "XYZ",
  "rotation_matrix": [
   [
    0.05162757262587547,
    0.02936476282775402,
    0.9982345700263977
   ],
   [
    0.8677003979682922,
    0.4935263991355896,
    -0.05939440801739693
   ],
   [
    -0.49439921975135803,
    0.8692349791526794,
    -2.452372314110107e-07
   ]
  ]
 },
 {
  "rotation_euler": [
   -1.570796251296997,
   2.624448776245117,
   0.2703303098678589
  ],
  "euler_order": "XYZ",
  "rotation_matrix": [
   [
    -0.8376665711402893,
    -0.4764443039894104,
    -0.26704972982406616
   ],
   [
    -0.23212894797325134,
    -0.1320292055606842,
    0.9636827707290649
   ],
   [
    -0.4943995177745819,
    0.8692348003387451,
    -6.56254002251444e-08
   ]
  ]
 },
 {
  "rotation_euler": [
   0.0011839026119560003,
   0.0045710098929703236,
   -0.43912509083747864
  ],
  "euler_order": "XYZ",
  "rotation_matrix": [
   [
    0.9051145315170288,
    0.42515233159065247,
    0.0036339799407869577
   ],
   [
    -0.4251432716846466,
    0.9051210284233093,
    -0.003014924703165889
   ],
   [
    -0.004570994060486555,
    0.0011838899226859212,
    0.999988853931427
   ]
  ]
 },
 {
  "rotation_euler": [
   1.5707944631576538,
   0.5178372859954834,
   -2.5203089714050293
  ],
  "euler_order": "XYZ",
  "rotation_matrix": [
   [
    -0.706523597240448,
    -0.4025009572505951,
    -0.5820801854133606
   ],
   [
    -0.5057640075683594,
    -0.28813207149505615,
    0.8131313920021057
   ],
   [
    -0.4950021207332611,
    0.8688917756080627,
    1.6192990415220265e-06
   ]
  ]
 },
 {
  "rotation_euler": [
   -1.5707964897155762,
   0.5318503975868225,
   -0.532318651676178
  ],
  "euler_order": "XYZ",
  "rotation_matrix": [
   [
    0.7426154017448425,
    -0.4369589686393738,
    0.5075324773788452
   ],
   [
    -0.4374271333217621,
    0.257384330034256,
    0.8616326451301575
   ],
   [
    -0.5071290135383606,
    -0.8618701696395874,
    -1.4041647489193565e-07
   ]
  ]
 },
 {
  "rotation_euler": [
   -1.5707966089248657,
   2.6244499683380127,
   -0.21830199658870697
  ],
  "euler_order": "XYZ",
  "rotation_matrix": [
   [
    -0.8486054539680481,
    -0.4826647937297821,
    0.2165720909833908
   ],
   [
    0.18825224041938782,
    0.10707270354032516,
    0.976266622543335
   ],
   [
    -0.49439847469329834,
    0.8692353963851929,
    2.4523734509784845e-07
   ]
  ]
 },
 {
  "rotation_euler": [
   1.5707963705062866,
   0.5171436071395874,
   -1.9425147771835327
  ],
  "euler_order": "XYZ",
  "rotation_matrix": [
   [
    -0.31572094559669495,
    -0.17957429587841034,
    -0.9317045211791992
   ],
   [
    -0.8098701238632202,
    -0.4606340527534485,
    0.3632170855998993
   ],
   [
    -0.4943992793560028,
    0.8692349195480347,
    -3.799546632876627e-08
   ]
  ]
 },
 {
  "rotation_euler": [
   -1.570796251296997,
   0.5318503379821777,
   -1.5123200416564941
  ],
  "euler_order": "XYZ",
  "rotation_matrix": [
   [
    0.05037024989724159,
    -0.02963804453611374,
    0.9982907772064209
   ],
   [
    -0.8603970408439636,
    0.5062621831893921,
    0.05844292789697647
   ],
   [
    -0.5071289539337158,
    -0.8618701696395874,
    6.506938632355741e-08
   ]
  ]
 },
 {
  "rotation_euler": [
   0.004053145181387663,
   0.006846874952316284,
   0.7820703983306885
  ],
  "euler_order": "XYZ",
  "rotation_matrix": [
   [
    0.7094393372535706,
    -0.7047243118286133,
    0.007713923696428537
   ],
   [
    0.7047332525253296,
    0.7094696760177612,
    0.0019497362663969398
   ],
   [
    -0.006846821401268244,
    0.004053039010614157,
    0.9999683499336243
   ]
  ]
 },
 {
  "rotation_euler": [
   -0.00019955348398070782,
   0.003968050703406334,
   -1.5408384799957275
  ],
  "euler_order": "XYZ",
  "rotation_matrix": [
   [
    0.029953129589557648,
    0.9995512366294861,
    0.0003183200897183269
   ],
   [
    -0.9995434284210205,
    0.029954155907034874,
    -0.003960282541811466
   ],
   [
    -0.003968040458858013,
    -0.00019955191237386316,
    0.9999921321868896
   ]
  ]
 },
 {
  "rotation_euler": [
   1.5707963705062866,
   2.6097421646118164,
   -0.11674771457910538
  ],
  "euler_order": "XYZ",
  "rotation_matrix": [
   [
    -0.8560031056404114,
    0.5036768913269043,
    -0.1164827048778534
   ],
   [
    0.10039294511079788,
    -0.059071801602840424,
    -0.993192732334137
   ],
   [
    -0.5071290731430054,
    -0.8618701100349426,
    3.767354073147544e-08
   ]
  ]
 },
 {
  "rotation_euler": [
   1.5708104372024536,
   0.22992083430290222,
   -2.8630948066711426
  ],
  "euler_order": "XYZ",
  "rotation_matrix": [
   [
    -0.9361678957939148,
    -0.21912319958209991,
    -0.2749086022377014
   ],
   [
    -0.2676772177219391,
    -0.06263893097639084,
    0.961470365524292
   ],
   [
    -0.2279004454612732,
    0.9736844301223755,
    -1.3739084351982456e-05
   ]
  ]
 },
 {
  "rotation_euler": [
   -1.570796251296997,
   0.5318505167961121,
   -0.06359269469976425
  ],
  "euler_order": "XYZ",
  "rotation_matrix": [
   [
    0.8601279854774475,
    -0.506104052066803,
    0.06354987621307373
   ],
   [
    -0.05477170646190643,
    0.032228048890829086,
    0.997978687286377
   ],
   [
    -0.5071291327476501,
    -0.8618701100349426,
    6.506937921813005e-08
   ]
  ]
 },
 {
  "rotation_euler": [
   -0.0006792038911953568,
   0.00414904672652483,
   2.894700527191162
  ],
  "euler_order": "XYZ",
  "rotation_matrix": [
   [
    -0.9696682691574097,
    -0.24438872933387756,
    -0.004189212806522846
   ],
   [
    0.24438941478729248,
    -0.9696770906448364,
    0.00035538055817596614
   ],
   [
    -0.00414903461933136,
    -0.0006791980122216046,
    0.9999911785125732
   ]
  ]
 }
]