[
 {
  "rotation_euler": [
   0.012120489031076431,
   0.04455283656716347,
   -1.1197985410690308
  ],
  "euler_order": "XYZ",
  "rotation_matrix": [
   [
    0.43543127179145813,
    0.9001818299293518,
    0.00850279163569212
   ],
   [
    -0.8991195559501648,
    0.43534591794013977,
    -0.045364659279584885
   ],
   [
    -0.04453809931874275,
    0.012108164839446545,
    0.9989343285560608
   ]
  ]
 },
 {
  "rotation_euler": [
   -0.008874550461769104,
   0.03372400254011154,
   2.6132569313049316
  ],
  "euler_order": "XYZ",
  "rotation_matrix": [
   [
    -0.8631561398506165,
    -0.5038183927536011,
    -0.033592548221349716
   ],
   [
    0.5038100481033325,
    -0.8637640476226807,
    0.009331886656582355
   ],
   [
    -0.03371760994195938,
    -0.00886938814073801,
    0.999392032623291
   ]
  ]
 },
 {
  "rotation_euler": [
   -1.1057440042495728,
   2.410590171813965,
   0.4634817838668823
  ],
  "euler_order": "XYZ",
  "rotation_matrix": [
   [
    -0.6659611463546753,
    -0.7342568039894104,
    -0.1317673772573471
   ],
   [
    -0.33284255862236023,
    0.13438643515110016,
    0.9333574175834656
   ],
   [
    -0.6676163077354431,
    0.6654375791549683,
    -0.33388805389404297
   ]
  ]
 },
 {
  "rotation_euler": [
   -1.1789300441741943,
   2.865827798843384,
   0.5292377471923828
  ],
  "euler_order": "XYZ",
  "rotation_matrix": [
   [
    -0.8305783867835999,
    -0.41003555059432983,
    -0.3768427073955536
   ],
   [
    -0.4857999086380005,
    0.20261651277542114,
    0.8502616882324219
   ],
   [
    -0.27228298783302307,
    0.8892791271209717,
    -0.36748412251472473
   ]
  ]
 },
 {
  "rotation_euler": [
   2.027195930480957,
   -0.028285136446356773,
   -0.35585305094718933
  ],
  "euler_order": "XYZ",
  "rotation_matrix": [
   [
    0.9369747042655945,
    -0.17733831703662872,
    -0.3010474145412445
   ],
   [
    -0.34825074672698975,
    -0.404263436794281,
    -0.8457496762275696
   ],
   [
    0.02828136458992958,
    0.8972859978675842,
    -0.4405428171157837
   ]
  ]
 },
 {
  "rotation_euler": [
   0.5985615253448486,
   1.1298046112060547,
   -2.2589306831359863
  ],
  "euler_order": "XYZ",
  "rotation_matrix": [
   [
    -0.27108266949653625,
    0.3145298659801483,
    -0.9097170829772949
   ],
   [
    -0.3297022879123688,
    -0.9182751774787903,
    -0.21924221515655518
   ],
   [
    -0.9043288230895996,
    0.24050302803516388,
    0.352629691362381
   ]
  ]
 },
 {
  "rotation_euler": [
   -0.8032615780830383,
   -1.800857663154602,
   1.4965143203735352
  ],
  "euler_order": "XYZ",
  "rotation_matrix": [
   [
    -0.016923490911722183,
    -0.640449583530426,
    -0.7678137421607971
   ],
   [
    -0.22740839421749115,
    0.7502633333206177,
    -0.6207981109619141
   ],
   [
    0.9736524224281311,
    0.16410121321678162,
    -0.1583406925201416
   ]
  ]
 },
 {
  "rotation_euler": [
   -1.2019493579864502,
   -2.949246883392334,
   0.25119319558143616
  ],
  "euler_order": "XYZ",
  "rotation_matrix": [
   [
    -0.9507538080215454,
    0.08309341967105865,
    -0.2986012101173401
   ],
   [
    -0.24397607147693634,
    0.39354467391967773,
    0.8863397836685181
   ],
   [
    0.19116193056106567,
    0.915542483329773,
    -0.3538912832736969
   ]
  ]
 },
 {
  "rotation_euler": [
   1.9816642999649048,
   0.47754278779029846,
   -1.1744801998138428
  ],
  "euler_order": "XYZ",
  "rotation_matrix": [
   [
    0.3428370952606201,
    -0.2057971954345703,
    -0.9165752530097961
   ],
   [
    -0.8192875981330872,
    -0.542868435382843,
    -0.18455809354782104
   ],
   [
    -0.45959824323654175,
    0.8142121434211731,
    -0.3547225296497345
   ]
  ]
 },
 {
  "rotation_euler": [
   2.3111143112182617,
   1.0970392227172852,
   0.3978005051612854
  ],
  "euler_order": "XYZ",
  "rotation_matrix": [
   [
    0.4206079840660095,
    0.8669503331184387,
    -0.2673688232898712
   ],
   [
    0.17674072086811066,
    -0.36735856533050537,
    -0.9131321907043457
   ],
   [
    -0.8898604512214661,
    0.336815744638443,
    -0.30773937702178955
   ]
  ]
 },
 {
  "rotation_euler": [
   -1.1941906213760376,
   -2.751291275024414,
   0.10732443630695343
  ],
  "euler_order": "XYZ",
  "rotation_matrix": [
   [
    -0.91947340965271,
    0.3123731017112732,
    -0.2387293428182602
   ],
   [
    -0.09906260669231415,
    0.40354904532432556,
    0.9095794558525085
   ],
   [
    0.38046714663505554,
    0.8599832653999329,
    -0.34010812640190125
   ]
  ]
 },
 {
  "rotation_euler": [
   -1.1497844457626343,
   2.6211366653442383,
   -0.36109599471092224
  ],
  "euler_order": "XYZ",
  "rotation_matrix": [
   [
    -0.8116416335105896,
    -0.28019478917121887,
    0.5125707387924194
   ],
   [
    0.3065202236175537,
    0.5426738858222961,
    0.7820168733596802
   ],
   [
    -0.49727579951286316,
    0.7918307781219482,
    -0.3545713424682617
   ]
  ]
 },
 {
  "rotation_euler": [
   2.270522117614746,
   1.0694246292114258,
   0.013476109132170677
  ],
  "euler_order": "XYZ",
  "rotation_matrix": [
   [
    0.4805852174758911,
    0.6794809699058533,
    -0.5543856620788574
   ],
   [
    0.0064768111333251,
    -0.6349090933799744,
    -0.7725597023963928
   ],
   [
    -0.8769240975379944,
    0.3676901161670685,
    -0.30952879786491394
   ]
  ]
 },
 {
  "rotation_euler": [
   -0.25334975123405457,
   2.226233959197998,
   1.1541781425476074
  ],
  "euler_order": "XYZ",
  "rotation_matrix": [
   [
    -0.24664902687072754,
    -0.965683102607727,
    0.08136559277772903
   ],
   [
    -0.5573707222938538,
    0.21004031598567963,
    0.8032564520835876
   ],
   [
    -0.7927812933921814,
    0.15277163684368134,
    -0.5900497436523438
   ]
  ]
 },
 {
  "rotation_euler": [
   -1.194319486618042,
   3.083859920501709,
   0.2725137770175934
  ],
  "euler_order": "XYZ",
  "rotation_matrix": [
   [
    -0.9614927768707275,
    -0.15063267946243286,
    -0.2298727184534073
   ],
   [
    -0.2687048614025116,
    0.33963653445243835,
    0.9013571739196777
   ],
   [
    -0.05770066753029823,
    0.9284163117408752,
    -0.36703380942344666
   ]
  ]
 },
 {
  "rotation_euler": [
   -0.6945105195045471,
   1.9829477071762085,
   0.6401193737983704
  ],
  "euler_order": "XYZ",
  "rotation_matrix": [
   [
    -0.32127615809440613,
    -0.9292586445808411,
    0.18237319588661194
   ],
   [
    -0.23926378786563873,
    0.26598823070526123,
    0.9338110685348511
   ],
   [
    -0.9162611365318298,
    0.25637590885162354,
    -0.30779361724853516
   ]
  ]
 }
]