[
 {
  "rotation_euler": [
   -0.5138161778450012,
   -1.5994375944137573,
   -2.4649806022644043
  ],
  "euler_order": "XYZ",
  "rotation_matrix": [
   [
    0.02232850156724453,
    0.16223491728305817,
    0.9864994883537292
   ],
   [
    0.017931422218680382,
    -0.9866517782211304,
    0.1618541032075882
   ],
   [
    0.9995898604393005,
    0.014075379818677902,
    -0.024939559400081635
   ]
  ]
 },
 {
  "rotation_euler": [
   -0.24202360212802887,
   1.615665316581726,
   0.5522375106811523
  ],
  "euler_order": "XYZ",
  "rotation_matrix": [
   [
    -0.03818652778863907,
    -0.713140606880188,
    0.6999801993370056
   ],
   [
    -0.023530080914497375,
    0.7009385824203491,
    0.7128334045410156
   ],
   [
    -0.9989935755729675,
    0.010750041343271732,
    -0.04354666545987129
   ]
  ]
 },
 {
  "rotation_euler": [
   -0.24202413856983185,
   -1.615665316581726,
   1.3044896125793457
  ],
  "euler_order": "XYZ",
  "rotation_matrix": [
   [
    -0.011804216541349888,
    -0.8736215829849243,
    -0.48646268248558044
   ],
   [
    -0.04327280819416046,
    0.48648712038993835,
    -0.8726154565811157
   ],
   [
    0.9989935755729675,
    0.010750064626336098,
    -0.043546661734580994
   ]
  ]
 },
 {
  "rotation_euler": [
   -0.36942437291145325,
   -1.6059197187423706,
   -2.4656991958618164
  ],
  "euler_order": "XYZ",
  "rotation_matrix": [
   [
    0.0273958221077919,
    0.30186787247657776,
    0.9529560804367065
   ],
   [
    0.021968485787510872,
    -0.9532654285430908,
    0.30133432149887085
   ],
   [
    0.9993832111358643,
    0.012679701671004295,
    -0.032747071236371994
   ]
  ]
 },
 {
  "rotation_euler": [
   5.614605811388174e-07,
   2.473497443133965e-05,
   -2.599200963973999
  ],
  "euler_order": "XYZ",
  "rotation_matrix": [
   [
    -0.8564766049385071,
    0.5161858797073364,
    -2.1474743334692903e-05
   ],
   [
    -0.5161858797073364,
    -0.8564766049385071,
    -1.2286966921237763e-05
   ],
   [
    -2.473497443133965e-05,
    5.614605811388174e-07,
    1.0
   ]
  ]
 },
 {
  "rotation_euler": [
   -4.4073981371184345e-06,
   -8.333180630870629e-06,
   0.4992145597934723
  ],
  "euler_order": "XYZ",
  "rotation_matrix": [
   [
    0.8779588341712952,
    -0.47873610258102417,
    -9.426170436199754e-06
   ],
   [
    0.47873610258102417,
    0.8779588341712952,
    -1.1988021242359537e-07
   ],
   [
    8.333180630870629e-06,
    -4.4073981371184345e-06,
    1.0
   ]
  ]
 },
 {
  "rotation_euler": [
   -0.2400941401720047,
   -1.6157541275024414,
   1.662079095840454
  ],
  "euler_order": "XYZ",
  "rotation_matrix": [
   [
    0.004096795339137316,
    -0.988926112651825,
    -0.14835220575332642
   ],
   [
    -0.044755544513463974,
    0.14802347123622894,
    -0.9879706501960754
   ],
   [
    0.9989895820617676,
    0.01068709697574377,
    -0.04365350306034088
   ]
  ]
 },
 {
  "rotation_euler": [
   0.34154072403907776,
   1.75081205368042,
   -1.1637473106384277
  ],
  "euler_order": "XYZ",
  "rotation_matrix": [
   [
    -0.07088414579629898,
    0.9957123398780823,
    0.059433549642562866
   ],
   [
    0.16441583633422852,
    0.07043154537677765,
    -0.9838733673095703
   ],
   [
    -0.9838408827781677,
    -0.059969209134578705,
    -0.1687033623456955
   ]
  ]
 },
 {
  "rotation_euler": [
   -0.24227483570575714,
   -1.6156538724899292,
   -0.6940436959266663
  ],
  "euler_order": "XYZ",
  "rotation_matrix": [
   [
    -0.03446889668703079,
    0.8051958680152893,
    -0.5920063853263855
   ],
   [
    0.028683535754680634,
    0.5929113626480103,
    0.8047567009925842
   ],
   [
    0.9989940524101257,
    0.010758238844573498,
    -0.04353286698460579
   ]
  ]
 },
 {
  "rotation_euler": [
   -0.21090289950370789,
   1.617483377456665,
   1.6506587266921997
  ],
  "euler_order": "XYZ",
  "rotation_matrix": [
   [
    0.0037232248578220606,
    -0.9580429792404175,
    -0.2866004705429077
   ],
   [
    -0.04652133956551552,
    -0.2864581048488617,
    0.9569626450538635
   ],
   [
    -0.9989103674888611,
    0.009770051576197147,
    -0.04563599079847336
   ]
  ]
 },
 {
  "rotation_euler": [
   -0.24205663800239563,
   1.615664005279541,
   1.3467912673950195
  ],
  "euler_order": "XYZ",
  "rotation_matrix": [
   [
    -0.009963400661945343,
    -0.9997835159301758,
    -0.018267635256052017
   ],
   [
    -0.04373200982809067,
    -0.017815394327044487,
    0.9988844394683838
   ],
   [
    -0.9989936351776123,
    0.010751166380941868,
    -0.04354504123330116
   ]
  ]
 },
 {
  "rotation_euler": [
   0.2523529529571533,
   -1.6855765581130981,
   -0.7792215347290039
  ],
  "euler_order": "XYZ",
  "rotation_matrix": [
   [
    -0.08148244768381119,
    0.5039979219436646,
    -0.8598527312278748
   ],
   [
    0.08048203587532043,
    0.863231360912323,
    0.4983515441417694
   ],
   [
    0.9934200048446655,
    -0.02859579585492611,
    -0.11090098321437836
   ]
  ]
 },
 {
  "rotation_euler": [
   -0.14738178253173828,
   -1.6205024719238281,
   -2.4094924926757812
  ],
  "euler_order": "XYZ",
  "rotation_matrix": [
   [
    0.03695482760667801,
    0.5520994663238525,
    0.8329588770866394
   ],
   [
    0.03321155533194542,
    -0.8337463140487671,
    0.5511479377746582
   ],
   [
    0.9987649321556091,
    0.007296282798051834,
    -0.04914703592658043
   ]
  ]
 },
 {
  "rotation_euler": [
   -0.2815755605697632,
   -1.6120295524597168,
   0.452618807554245
  ],
  "euler_order": "XYZ",
  "rotation_matrix": [
   [
    -0.03707073628902435,
    -0.17042286694049835,
    -0.9846734404563904
   ],
   [
    -0.01802709326148033,
    0.9853044152259827,
    -0.16985338926315308
   ],
   [
    0.9991500377655029,
    0.011454209685325623,
    -0.039598189294338226
   ]
  ]
 },
 {
  "rotation_euler": [
   -0.2993488013744354,
   1.610601544380188,
   -1.6051609516143799
  ],
  "euler_order": "XYZ",
  "rotation_matrix": [
   [
    0.0013672610512003303,
    0.9650886058807373,
    0.2619200050830841
   ],
   [
    0.03977121040225029,
    0.26166054606437683,
    -0.9643402099609375
   ],
   [
    -0.9992078542709351,
    0.011735380627214909,
    -0.038024984300136566
   ]
  ]
 },
 {
  "rotation_euler": [
   -0.6968931555747986,
   -1.5945913791656494,
   -0.053959429264068604
  ],
  "euler_order": "XYZ",
  "rotation_matrix": [
   [
    -0.0237581767141819,
    0.6820809245109558,
    -0.730890691280365
   ],
   [
    0.0012832233915105462,
    0.7311172485351562,
    0.6822506189346313
   ],
   [
    0.9997169375419617,
    0.015271135605871677,
    -0.01824527606368065
   ]
  ]
 }
]