[
 {
  "rotation_euler": [
   0.0008708752575330436,
   -0.012534508481621742,
   -1.161291480064392
  ],
  "euler_order": "XYZ",
  "rotation_matrix": [
   [
    0.3981238901615143,
    0.9173133969306946,
    -0.005789416376501322
   ],
   [
    -0.9172460436820984,
    0.3981650173664093,
    0.011151082813739777
   ],
   [
    0.012534180656075478,
    0.0008708067471161485,
    0.9999210834503174
   ]
  ]
 },
 {
  "rotation_euler": [
   0.0008707860833965242,
   -0.012534497305750847,
   2.7839159965515137
  ],
  "euler_order": "XYZ",
  "rotation_matrix": [
   [
    -0.9366391897201538,
    -0.350088506937027,
    0.01204577274620533
   ],
   [
    0.35007137060165405,
    -0.9367161989212036,
    -0.0035725205671042204
   ],
   [
    0.012534169480204582,
    0.000870717572979629,
    0.9999210834503174
   ]
  ]
 },
 {
  "rotation_euler": [
   0.0008707851520739496,
   -0.012534498237073421,
   -0.7801227569580078
  ],
  "euler_order": "XYZ",
  "rotation_matrix": [
   [
    0.710771381855011,
    0.7033586502075195,
    -0.009522106498479843
   ],
   [
    -0.7033114433288574,
    0.7108346223831177,
    0.008197136223316193
   ],
   [
    0.012534170411527157,
    0.0008707166416570544,
    0.9999210834503174
   ]
  ]
 },
 {
  "rotation_euler": [
   0.0008707852684892714,
   -0.012534498237073421,
   -1.6776195764541626
  ],
  "euler_order": "XYZ",
  "rotation_matrix": [
   [
    -0.10661182552576065,
    0.9943006038665771,
    0.0004705736937467009
   ],
   [
    -0.9942216873168945,
    -0.10660930722951889,
    0.0125555619597435
   ],
   [
    0.012534170411527157,
    0.0008707167580723763,
    0.9999210834503174
   ]
  ]
 },
 {
  "rotation_euler": [
   0.0008715076837688684,
   -0.012535138055682182,
   1.0185073614120483
  ],
  "euler_order": "XYZ",
  "rotation_matrix": [
   [
    0.5245960354804993,
    -0.8513312935829163,
    -0.0058342888951301575
   ],
   [
    0.8512589931488037,
    0.5246277451515198,
    -0.01112842932343483
   ],
   [
    0.012534810230135918,
    0.0008714391151443124,
    0.9999210834503174
   ]
  ]
 },
 {
  "rotation_euler": [
   0.000870803720317781,
   -0.012534519657492638,
   -0.9606043696403503
  ],
  "euler_order": "XYZ",
  "rotation_matrix": [
   [
    0.572979748249054,
    0.8195315003395081,
    -0.007896056398749352
   ],
   [
    -0.8194736838340759,
    0.5730335116386414,
    0.009773250669240952
   ],
   [
    0.012534191831946373,
    0.0008707352099008858,
    0.9999210834503174
   ]
  ]
 },
 {
  "rotation_euler": [
   0.0008707853266969323,
   -0.012534497305750847,
   -2.3252551555633545
  ],
  "euler_order": "XYZ",
  "rotation_matrix": [
   [
    -0.6848406195640564,
    0.7286494970321655,
    0.007950088940560818
   ],
   [
    -0.7285850644111633,
    -0.6848862171173096,
    0.00972931832075119
   ],
   [
    0.012534169480204582,
    0.0008707168162800372,
    0.9999210834503174
   ]
  ]
 },
 {
  "rotation_euler": [
   0.000870785559527576,
   -0.012534497305750847,
   -2.030024290084839
  ],
  "euler_order": "XYZ",
  "rotation_matrix": [
   [
    -0.4432213604450226,
    0.8963994979858398,
    0.004775278270244598
   ],
   [
    -0.8963245749473572,
    -0.4432462453842163,
    0.01162154320627451
   ],
   [
    0.012534169480204582,
    0.0008707170491106808,
    0.9999210834503174
   ]
  ]
 },
 {
  "rotation_euler": [
   0.000870768039021641,
   -0.012534484267234802,
   0.8526406288146973
  ],
  "euler_order": "XYZ",
  "rotation_matrix": [
   [
    0.6579453349113464,
    -0.7530274391174316,
    -0.007591727655380964
   ],
   [
    0.7529613971710205,
    0.6579885482788086,
    -0.01001143641769886
   ],
   [
    0.012534156441688538,
    0.0008706995286047459,
    0.9999210834503174
   ]
  ]
 },
 {
  "rotation_euler": [
   0.0008721618796698749,
   -0.012534727342426777,
   3.0038950443267822
  ],
  "euler_order": "XYZ",
  "rotation_matrix": [
   [
    -0.9904568195343018,
    -0.13725200295448303,
    0.012535467743873596
   ],
   [
    0.1372520923614502,
    -0.9905357956886292,
    -0.0008566006436012685
   ],
   [
    0.012534399516880512,
    0.0008720932528376579,
    0.9999210834503174
   ]
  ]
 },
 {
  "rotation_euler": [
   0.0008707857341505587,
   -0.012534499168395996,
   -0.9397688508033752
  ],
  "euler_order": "XYZ",
  "rotation_matrix": [
   [
    0.5899283289909363,
    0.8074150085449219,
    -0.008097931742668152
   ],
   [
    -0.8073583245277405,
    0.5899832844734192,
    0.009606616571545601
   ],
   [
    0.012534171342849731,
    0.0008707172237336636,
    0.9999210834503174
   ]
  ]
 },
 {
  "rotation_euler": [
   0.0008705159998498857,
   -0.012534373439848423,
   1.2556021213531494
  ],
  "euler_order": "XYZ",
  "rotation_matrix": [
   [
    0.3099767565727234,
    -0.9507392048835754,
    -0.003057935507968068
   ],
   [
    0.9506614804267883,
    0.30999061465263367,
    -0.012186426669359207
   ],
   [
    0.012534045614302158,
    0.0008704474894329906,
    0.9999210834503174
   ]
  ]
 },
 {
  "rotation_euler": [
   0.0008707853849045932,
   -0.012534498237073421,
   -0.21338129043579102
  ],
  "euler_order": "XYZ",
  "rotation_matrix": [
   [
    0.9772436618804932,
    0.2117549628019333,
    -0.012434299103915691
   ],
   [
    -0.21174907684326172,
    0.9773223996162415,
    0.0018032700754702091
   ],
   [
    0.012534170411527157,
    0.0008707168744876981,
    0.9999210834503174
   ]
  ]
 },
 {
  "rotation_euler": [
   0.0008707864326424897,
   -0.012534497305750847,
   2.2911782264709473
  ],
  "euler_order": "XYZ",
  "rotation_matrix": [
   [
    -0.659619927406311,
    -0.7515463829040527,
    0.008922876790165901
   ],
   [
    0.751494824886322,
    -0.6596797108650208,
    -0.00884566642343998
   ],
   [
    0.012534169480204582,
    0.0008707179222255945,
    0.9999210834503174
   ]
  ]
 },
 {
  "rotation_euler": [
   0.0008707836386747658,
   -0.012534495443105698,
   2.0157699584960938
  ],
  "euler_order": "XYZ",
  "rotation_matrix": [
   [
    -0.4304002523422241,
    -0.9026169776916504,
    0.006181119009852409
   ],
   [
    0.9025511145591736,
    -0.43044376373291016,
    -0.01093879621475935
   ],
   [
    0.012534167617559433,
    0.0008707151282578707,
    0.9999210834503174
   ]
  ]
 },
 {
  "rotation_euler": [
   0.0008709018584340811,
   -0.012534637935459614,
   0.44294631481170654
  ],
  "euler_order": "XYZ",
  "rotation_matrix": [
   [
    0.9034218192100525,
    -0.42861300706863403,
    -0.010951383039355278
   ],
   [
    0.42856961488723755,
    0.9034877419471741,
    -0.006159097887575626
   ],
   [
    0.01253431010991335,
    0.0008708333480171859,
    0.9999210834503174
   ]
  ]
 }
]