[
 {
  "rotation_euler": [
   1.519116921144814e-07,
   3.5268172382529883e-07,
   -1.5724859237670898
  ],
  "euler_order": "XYZ",
  "rotation_matrix": [
   [
    -0.0016895962180569768,
    0.9999985694885254,
    -1.5250736851157853e-07
   ],
   [
    -0.9999985694885254,
    -0.0016895962180569768,
    -3.5242456419837254e-07
   ],
   [
    -3.5268172382529883e-07,
    1.519116921144814e-07,
    1.0
   ]
  ]
 },
 {
  "rotation_euler": [
   3.660574421360252e-08,
   8.700236975300868e-08,
   2.516955852508545
  ],
  "euler_order": "XYZ",
  "rotation_matrix": [
   [
    -0.8111755847930908,
    -0.5848026871681213,
    -4.9167059756882736e-08
   ],
   [
    0.5848026871681213,
    -0.8111755847930908,
    8.057290301621833e-08
   ],
   [
    -8.700236975300868e-08,
    3.660574421360252e-08,
    1.0
   ]
  ]
 },
 {
  "rotation_euler": [
   3.6212486520526e-07,
   1.1647921738244804e-08,
   -1.6520912647247314
  ],
  "euler_order": "XYZ",
  "rotation_matrix": [
   [
    -0.08120542019605637,
    0.9966973662376404,
    -3.6187478258398187e-07
   ],
   [
    -0.9966973662376404,
    -0.08120542019605637,
    1.779704916771152e-08
   ],
   [
    -1.1647921738244804e-08,
    3.6212486520526e-07,
    1.0
   ]
  ]
 },
 {
  "rotation_euler": [
   -1.2096233348302121e-08,
   2.7379093126000953e-07,
   1.906463623046875
  ],
  "euler_order": "XYZ",
  "rotation_matrix": [
   [
    -0.3293992877006531,
    -0.9441907405853271,
    -1.0160768937339526e-07
   ],
   [
    0.9441907405853271,
    -0.3293992877006531,
    2.5452635554756853e-07
   ],
   [
    -2.7379093126000953e-07,
    -1.2096233348302121e-08,
    1.0
   ]
  ]
 },
 {
  "rotation_euler": [
   -3.4775283097587817e-07,
   2.033937249734663e-07,
   1.3954603672027588
  ],
  "euler_order": "XYZ",
  "rotation_matrix": [
   [
    0.1744389533996582,
    -0.9846680164337158,
    -3.06941302596897e-07
   ],
   [
    0.9846680164337158,
    0.1744389533996582,
    2.60936928953015e-07
   ],
   [
    -2.033937249734663e-07,
    -3.4775283097587817e-07,
    1.0
   ]
  ]
 },
 {
  "rotation_euler": [
   3.931958053726703e-05,
   -3.0288003472378477e-05,
   -1.817372441291809
  ],
  "euler_order": "XYZ",
  "rotation_matrix": [
   [
    -0.24408507347106934,
    0.9697538018226624,
    -3.073746484005824e-05
   ],
   [
    -0.9697538018226624,
    -0.24408507347106934,
    3.896922862622887e-05
   ],
   [
    3.0288003472378477e-05,
    3.931958053726703e-05,
    1.0
   ]
  ]
 },
 {
  "rotation_euler": [
   9.421361824024643e-08,
   -1.1264126698051768e-07,
   -0.2535575330257416
  ],
  "euler_order": "XYZ",
  "rotation_matrix": [
   [
    0.9680261611938477,
    0.25084933638572693,
    -1.3267310805531451e-07
   ],
   [
    -0.25084933638572693,
    0.9680261611938477,
    -6.294526144756674e-08
   ],
   [
    1.1264126698051768e-07,
    9.421361824024643e-08,
    1.0
   ]
  ]
 },
 {
  "rotation_euler": [
   -1.827965934353415e-05,
   2.448551094857976e-05,
   -2.2568130493164062
  ],
  "euler_order": "XYZ",
  "rotation_matrix": [
   [
    -0.6334600448608398,
    0.7737753987312317,
    -1.366242486255942e-06
   ],
   [
    -0.7737753987312317,
    -0.6334600448608398,
    -3.052571992157027e-05
   ],
   [
    -2.448551094857976e-05,
    -1.827965934353415e-05,
    1.0
   ]
  ]
 },
 {
  "rotation_euler": [
   0.010349025949835777,
   -0.016486868262290955,
   0.034920770674943924
  ],
  "euler_order": "XYZ",
  "rotation_matrix": [
   [
    0.9992545247077942,
    -0.03508231043815613,
    -0.016113871708512306
   ],
   [
    0.034908927977085114,
    0.9993308782577515,
    -0.010918091982603073
   ],
   [
    0.016486121341586113,
    0.01034743431955576,
    0.9998105764389038
   ]
  ]
 },
 {
  "rotation_euler": [
   3.1564168239128776e-06,
   -2.872333880077349e-06,
   2.3165628910064697
  ],
  "euler_order": "XYZ",
  "rotation_matrix": [
   [
    -0.6785351037979126,
    -0.7345679998397827,
    4.267581971362233e-06
   ],
   [
    0.7345679998397827,
    -0.6785351037979126,
    3.181512653327445e-08
   ],
   [
    2.872333880077349e-06,
    3.1564168239128776e-06,
    1.0
   ]
  ]
 },
 {
  "rotation_euler": [
   1.7920207255883724e-06,
   -1.344289898952411e-06,
   2.0459561347961426
  ],
  "euler_order": "XYZ",
  "rotation_matrix": [
   [
    -0.4574805498123169,
    -0.8892196416854858,
    2.2084864212956745e-06
   ],
   [
    0.8892196416854858,
    -0.4574805498123169,
    -3.755543218630919e-07
   ],
   [
    1.344289898952411e-06,
    1.7920207255883724e-06,
    1.0
   ]
  ]
 },
 {
  "rotation_euler": [
   1.4131167347386508e-07,
   -6.955750198045507e-09,
   0.372042715549469
  ],
  "euler_order": "XYZ",
  "rotation_matrix": [
   [
    0.931586742401123,
    -0.36351916193962097,
    4.4889617356602685e-08
   ],
   [
    0.36351916193962097,
    0.931586742401123,
    -1.3417262323400792e-07
   ],
   [
    6.955750198045507e-09,
    1.4131167347386508e-07,
    1.0
   ]
  ]
 },
 {
  "rotation_euler": [
   -1.6664164377289126e-06,
   1.3878157005819958e-06,
   -1.2275025844573975
  ],
  "euler_order": "XYZ",
  "rotation_matrix": [
   [
    0.3365904688835144,
    0.9416511058807373,
    2.0363083876873134e-06
   ],
   [
    -0.9416511058807373,
    0.3365904688835144,
    -7.459383368768613e-07
   ],
   [
    -1.3878157005819958e-06,
    -1.6664164377289126e-06,
    1.0
   ]
  ]
 },
 {
  "rotation_euler": [
   1.3609758298116503e-06,
   -5.074644491287472e-07,
   -2.44767427444458
  ],
  "euler_order": "XYZ",
  "rotation_matrix": [
   [
    -0.7687458992004395,
    0.6395543217658997,
    -4.80306766803551e-07
   ],
   [
    -0.6395543217658997,
    -0.7687458992004395,
    1.3707956441066926e-06
   ],
   [
    5.074644491287472e-07,
    1.3609758298116503e-06,
    1.0
   ]
  ]
 },
 {
  "rotation_euler": [
   -2.18738776425198e-07,
   -9.342435447479147e-08,
   0.6395858526229858
  ],
  "euler_order": "XYZ",
  "rotation_matrix": [
   [
    0.8023430109024048,
    -0.5968632102012634,
    -2.0551550505842897e-07
   ],
   [
    0.5968632102012634,
    0.8023430109024048,
    1.1974196922892588e-07
   ],
   [
    9.342435447479147e-08,
    -2.18738776425198e-07,
    1.0
   ]
  ]
 },
 {
  "rotation_euler": [
   1.216198057818474e-07,
   -2.5500970224356934e-08,
   -3.072544574737549
  ],
  "euler_order": "XYZ",
  "rotation_matrix": [
   [
    -0.9976171255111694,
    0.0689932256937027,
    1.7049261558099715e-08
   ],
   [
    -0.0689932256937027,
    -0.9976171255111694,
    1.2308939290051057e-07
   ],
   [
    2.5500970224356934e-08,
    1.216198057818474e-07,
    1.0
   ]
  ]
 }
]