[
 {
  "rotation_euler": [
   -0.036877427250146866,
   0.07711309939622879,
   0.7776873111724854
  ],
  "euler_order": "XYZ",
  "rotation_matrix": [
   [
    0.7104206085205078,
    -0.703180193901062,
    0.02898569032549858
   ],
   [
    0.6995483636856079,
    0.7100608348846436,
    0.08028538525104523
   ],
   [
    -0.07703670114278793,
    -0.036759503185749054,
    0.9963504076004028
   ]
  ]
 },
 {
  "rotation_euler": [
   0.04038045555353165,
   -0.055316269397735596,
   1.8438118696212769
  ],
  "euler_order": "XYZ",
  "rotation_matrix": [
   [
    -0.26922407746315,
    -0.9615753889083862,
    0.05376981198787689
   ],
   [
    0.9614892601966858,
    -0.2715660035610199,
    -0.04231182858347893
   ],
   [
    0.05528806522488594,
    0.04030773416161537,
    0.997656524181366
   ]
  ]
 },
 {
  "rotation_euler": [
   0.055941324681043625,
   -0.037869714200496674,
   -2.045167922973633
  ],
  "euler_order": "XYZ",
  "rotation_matrix": [
   [
    -0.45645201206207275,
    0.8891553282737732,
    -0.03247140720486641
   ],
   [
    -0.8889421224594116,
    -0.45418184995651245,
    0.05916692689061165
   ],
   [
    0.03786066174507141,
    0.05587206408381462,
    0.9977198243141174
   ]
  ]
 },
 {
  "rotation_euler": [
   0.09240160882472992,
   0.06079127639532089,
   1.7538881301879883
  ],
  "euler_order": "XYZ",
  "rotation_matrix": [
   [
    -0.18173423409461975,
    -0.9801114201545715,
    0.07971362769603729
   ],
   [
    0.9814690947532654,
    -0.17578178644180298,
    0.07628320902585983
   ],
   [
    -0.06075384095311165,
    0.09209973365068436,
    0.9938946962356567
   ]
  ]
 },
 {
  "rotation_euler": [
   0.014743761159479618,
   0.08124753087759018,
   2.3189196586608887
  ],
  "euler_order": "XYZ",
  "rotation_matrix": [
   [
    -0.6780204176902771,
    -0.7337011098861694,
    -0.044396720826625824
   ],
   [
    0.7305489182472229,
    -0.6793134808540344,
    0.06950907409191132
   ],
   [
    -0.08115817606449127,
    0.014694592915475368,
    0.9965928792953491
   ]
  ]
 },
 {
  "rotation_euler": [
   0.04961081221699715,
   0.05365639925003052,
   -1.173183798789978
  ],
  "euler_order": "XYZ",
  "rotation_matrix": [
   [
    0.38666096329689026,
    0.9218835234642029,
    -0.02498060092329979
   ],
   [
    -0.920661211013794,
    0.3842897117137909,
    -0.06858832389116287
   ],
   [
    -0.053630657494068146,
    0.049519095569849014,
    0.9973322749137878
   ]
  ]
 },
 {
  "rotation_euler": [
   -0.027360374107956886,
   3.0930898189544678,
   -0.05825275182723999
  ],
  "euler_order": "XYZ",
  "rotation_matrix": [
   [
    -0.9971297383308411,
    0.056873902678489685,
    0.049976181238889694
   ],
   [
    0.05815134197473526,
    0.9980073571205139,
    0.024488894268870354
   ],
   [
    -0.048483818769454956,
    0.02732478827238083,
    -0.9984501600265503
   ]
  ]
 },
 {
  "rotation_euler": [
   0.02352297678589821,
   -0.006777827627956867,
   -2.1877381801605225
  ],
  "euler_order": "XYZ",
  "rotation_matrix": [
   [
    -0.5785301923751831,
    0.8155181407928467,
    -0.015264629386365414
   ],
   [
    -0.8156328201293945,
    -0.5782533884048462,
    0.019134582951664925
   ],
   [
    0.006777775939553976,
    0.023520266637206078,
    0.9997003674507141
   ]
  ]
 },
 {
  "rotation_euler": [
   3.114232301712036,
   0.04850288853049278,
   1.1438989639282227
  ],
  "euler_order": "XYZ",
  "rotation_matrix": [
   [
    0.4135616719722748,
    0.910463273525238,
    0.004834616556763649
   ],
   [
    0.9091842770576477,
    -0.4126863181591034,
    -0.055443260818719864
   ],
   [
    -0.04848387464880943,
    0.027324765920639038,
    -0.9984501600265503
   ]
  ]
 },
 {
  "rotation_euler": [
   3.114232301712036,
   0.04850288853049278,
   0.6159008145332336
  ],
  "euler_order": "XYZ",
  "rotation_matrix": [
   [
    0.8152934312820435,
    0.578560471534729,
    -0.023756373673677444
   ],
   [
    0.577014684677124,
    -0.8151816725730896,
    -0.05032855644822121
   ],
   [
    -0.04848387464880943,
    0.027324765920639038,
    -0.9984501600265503
   ]
  ]
 },
 {
  "rotation_euler": [
   3.114232301712036,
   0.04850289225578308,
   0.32979726791381836
  ],
  "euler_order": "XYZ",
  "rotation_matrix": [
   [
    0.9449953436851501,
    0.32498490810394287,
    -0.03699423745274544
   ],
   [
    0.3234703540802002,
    -0.9453243613243103,
    -0.04157830402255058
   ],
   [
    -0.04848387837409973,
    0.027324765920639038,
    -0.9984501600265503
   ]
  ]
 },
 {
  "rotation_euler": [
   3.1142327785491943,
   0.048502832651138306,
   -0.8261426687240601
  ],
  "euler_order": "XYZ",
  "rotation_matrix": [
   [
    0.6769201755523682,
    -0.7341485619544983,
    -0.05296184495091438
   ],
   [
    -0.7344579100608826,
    -0.6784388422966003,
    0.017097963020205498
   ],
   [
    -0.048483818769454956,
    0.027324289083480835,
    -0.9984501600265503
   ]
  ]
 },
 {
  "rotation_euler": [
   3.1142327785491943,
   0.048502907156944275,
   -0.8968989253044128
  ],
  "euler_order": "XYZ",
  "rotation_matrix": [
   [
    0.6233022212982178,
    -0.7802753448486328,
    -0.051620591431856155
   ],
   [
    -0.7804765105247498,
    -0.6248390078544617,
    0.02079949527978897
   ],
   [
    -0.048483893275260925,
    0.027324289083480835,
    -0.9984501600265503
   ]
  ]
 },
 {
  "rotation_euler": [
   0.0356324203312397,
   -0.08903244137763977,
   0.30456820130348206
  ],
  "euler_order": "XYZ",
  "rotation_matrix": [
   [
    0.9501980543136597,
    -0.30271270871162415,
    -0.07408561557531357
   ],
   [
    0.2986935079097748,
    0.9524210691452026,
    -0.06063227728009224
   ],
   [
    0.08891486376523972,
    0.03548377752304077,
    0.995406985282898
   ]
  ]
 },
 {
  "rotation_euler": [
   0.057311490178108215,
   -0.03320042043924332,
   0.5636864304542542
  ],
  "euler_order": "XYZ",
  "rotation_matrix": [
   [
    0.8448253273963928,
    -0.5350359082221985,
    0.002592309843748808
   ],
   [
    0.5340114831924438,
    0.8428874015808105,
    -0.06612518429756165
   ],
   [
    0.033194322139024734,
    0.057248555123806,
    0.9978079795837402
   ]
  ]
 },
 {
  "rotation_euler": [
   0.0663355365395546,
   0.05033610016107559,
   -1.95778489112854
  ],
  "euler_order": "XYZ",
  "rotation_matrix": [
   [
    -0.3769233822822571,
    0.9227542877197266,
    -0.08033209294080734
   ],
   [
    -0.924876868724823,
    -0.3796599209308624,
    -0.0214748065918684
   ],
   [
    -0.05031484737992287,
    0.06620293855667114,
    0.9965367913246155
   ]
  ]
 }
]