[
 {
  "rotation_euler": [
   -0.22674578428268433,
   -0.0013710217317566276,
   2.6598169803619385
  ],
  "euler_order": "XYZ",
  "rotation_matrix": [
   [
    -0.8861727118492126,
    -0.4517661929130554,
    -0.10298161208629608
   ],
   [
    0.4633530378341675,
    -0.8633474707603455,
    -0.19983772933483124
   ],
   [
    0.0013710212660953403,
    -0.22480759024620056,
    0.9744021892547607
   ]
  ]
 },
 {
  "rotation_euler": [
   -0.2799763083457947,
   0.15350273251533508,
   -0.6858971118927002
  ],
  "euler_order": "XYZ",
  "rotation_matrix": [
   [
    0.7647519111633301,
    0.5760090947151184,
    0.2887353301048279
   ],
   [
    -0.6259201169013977,
    0.7704796195030212,
    0.12076909095048904
   ],
   [
    -0.1529006063938141,
    -0.2730836272239685,
    0.9497613906860352
   ]
  ]
 },
 {
  "rotation_euler": [
   -0.22685173153877258,
   0.0017115859081968665,
   3.0805535316467285
  ],
  "euler_order": "XYZ",
  "rotation_matrix": [
   [
    -0.9981362223625183,
    -0.059054095298051834,
    -0.015384475700557232
   ],
   [
    0.061001136898994446,
    -0.9725881814956665,
    -0.22439044713974
   ],
   [
    -0.0017115850932896137,
    -0.224910706281662,
    0.9743778705596924
   ]
  ]
 },
 {
  "rotation_euler": [
   -0.2154739797115326,
   -0.038248807191848755,
   1.2334257364273071
  ],
  "euler_order": "XYZ",
  "rotation_matrix": [
   [
    0.3307649493217468,
    -0.9191007018089294,
    -0.2141224443912506
   ],
   [
    0.9429380893707275,
    0.33106768131256104,
    0.03552335128188133
   ],
   [
    0.038239482790231705,
    -0.21365408599376678,
    0.9761607050895691
   ]
  ]
 },
 {
  "rotation_euler": [
   -0.22957129776477814,
   -0.009571457281708717,
   2.7868993282318115
  ],
  "euler_order": "XYZ",
  "rotation_matrix": [
   [
    -0.9377101063728333,
    -0.3402334451675415,
    -0.07029221206903458
   ],
   [
    0.3472868800163269,
    -0.9123937487602234,
    -0.21663209795951843
   ],
   [
    0.009571311064064503,
    -0.22754967212677002,
    0.9737194180488586
   ]
  ]
 },
 {
  "rotation_euler": [
   -0.20971572399139404,
   -0.008940237574279308,
   2.426017999649048
  ],
  "euler_order": "XYZ",
  "rotation_matrix": [
   [
    -0.754686176776886,
    -0.6430819034576416,
    -0.12997853755950928
   ],
   [
    0.6560249924659729,
    -0.7369596362113953,
    -0.16285492479801178
   ],
   [
    0.008940118364989758,
    -0.20817354321479797,
    0.9780510663986206
   ]
  ]
 },
 {
  "rotation_euler": [
   -0.22673191130161285,
   -0.0013703294098377228,
   -2.1193294525146484
  ],
  "euler_order": "XYZ",
  "rotation_matrix": [
   [
    -0.5214356184005737,
    0.8312907814979553,
    0.19251103699207306
   ],
   [
    -0.8532895445823669,
    -0.5083534717559814,
    -0.1160764992237091
   ],
   [
    0.0013703289441764355,
    -0.22479407489299774,
    0.9744053483009338
   ]
  ]
 },
 {
  "rotation_euler": [
   -0.22673679888248444,
   -0.0013345017796382308,
   -2.099003314971924
  ],
  "euler_order": "XYZ",
  "rotation_matrix": [
   [
    -0.5039850473403931,
    0.8414543271064758,
    0.19481700658798218
   ],
   [
    -0.8637113571166992,
    -0.4913451671600342,
    -0.11217233538627625
   ],
   [
    0.0013345014303922653,
    -0.22479884326457977,
    0.9744042754173279
   ]
  ]
 },
 {
  "rotation_euler": [
   -0.22673656046390533,
   -0.00137376319617033,
   -0.09131256490945816
  ],
  "euler_order": "XYZ",
  "rotation_matrix": [
   [
    0.9958329796791077,
    0.08915937691926956,
    0.019165417179465294
   ],
   [
    -0.09118563681840897,
    0.9703176021575928,
    0.22398434579372406
   ],
   [
    0.0013737627305090427,
    -0.22479860484600067,
    0.9744042754173279
   ]
  ]
 },
 {
  "rotation_euler": [
   -0.22186852991580963,
   0.0075697810389101505,
   2.4337034225463867
  ],
  "euler_order": "XYZ",
  "rotation_matrix": [
   [
    -0.7597143054008484,
    -0.6330275535583496,
    -0.14869524538516998
   ],
   [
    0.6502129435539246,
    -0.7421965003013611,
    -0.16238057613372803
   ],
   [
    -0.007569708861410618,
    -0.22004643082618713,
    0.9754600524902344
   ]
  ]
 },
 {
  "rotation_euler": [
   -0.22674597799777985,
   -0.0013337896671146154,
   -1.4106658697128296
  ],
  "euler_order": "XYZ",
  "rotation_matrix": [
   [
    0.1594468504190445,
    0.9619848728179932,
    0.22172468900680542
   ],
   [
    -0.9872056245803833,
    0.15506963431835175,
    0.03712797909975052
   ],
   [
    0.00133378931786865,
    -0.22480778396129608,
    0.9744021892547607
   ]
  ]
 },
 {
  "rotation_euler": [
   -0.2267082780599594,
   -0.0014224241022020578,
   2.975653648376465
  ],
  "euler_order": "XYZ",
  "rotation_matrix": [
   [
    -0.9862626791000366,
    -0.16126717627048492,
    -0.03576039522886276
   ],
   [
    0.1651783436536789,
    -0.9609739184379578,
    -0.2219126671552658
   ],
   [
    0.0014224236365407705,
    -0.22477102279663086,
    0.9744105935096741
   ]
  ]
 },
 {
  "rotation_euler": [
   -0.22674022614955902,
   -0.0013695340603590012,
   1.0812852382659912
  ],
  "euler_order": "XYZ",
  "rotation_matrix": [
   [
    0.470194011926651,
    -0.8598283529281616,
    -0.19902969896793365
   ],
   [
    0.8825620412826538,
    0.4584312438964844,
    0.10452307015657425
   ],
   [
    0.0013695335946977139,
    -0.2248021811246872,
    0.974403440952301
   ]
  ]
 },
 {
  "rotation_euler": [
   -0.22211049497127533,
   0.011560410261154175,
   2.8375961780548096
  ],
  "euler_order": "XYZ",
  "rotation_matrix": [
   [
    -0.954084038734436,
    -0.2895527482032776,
    -0.07669945061206818
   ],
   [
    0.29931581020355225,
    -0.9314711689949036,
    -0.20681267976760864
   ],
   [
    -0.011560153216123581,
    -0.22027404606342316,
    0.9753695130348206
   ]
  ]
 },
 {
  "rotation_euler": [
   -0.22637411952018738,
   -0.0028196857310831547,
   0.3581254780292511
  ],
  "euler_order": "XYZ",
  "rotation_matrix": [
   [
    0.9365518093109131,
    -0.3409835994243622,
    -0.08124592900276184
   ],
   [
    0.3505178689956665,
    0.9128826260566711,
    0.20924265682697296
   ],
   [
    0.002819682005792856,
    -0.22444474697113037,
    0.9744827151298523
   ]
  ]
 },
 {
  "rotation_euler": [
   -0.2453327476978302,
   -0.03432821109890938,
   -2.5158162117004395
  ],
  "euler_order": "XYZ",
  "rotation_matrix": [
   [
    -0.8100310564041138,
    0.5614317059516907,
    0.16924569010734558
   ],
   [
    -0.5853816866874695,
    -0.791121780872345,
    -0.17735455930233002
   ],
   [
    0.03432146832346916,
    -0.24273602664470673,
    0.9694850444793701
   ]
  ]
 }
]