[
 {
  "rotation_euler": [
   0.001146505936048925,
   0.00027898329426534474,
   0.7286875247955322
  ],
  "euler_order": "XYZ",
  "rotation_matrix": [
   [
    0.7460489869117737,
    -0.6658903360366821,
    0.0009715829510241747
   ],
   [
    0.6658909916877747,
    0.7460487484931946,
    -0.0006695771007798612
   ],
   [
    -0.00027898329426534474,
    0.0011465055868029594,
    0.9999992847442627
   ]
  ]
 },
 {
  "rotation_euler": [
   1.6093764305114746,
   0.03865855932235718,
   2.517761468887329
  ],
  "euler_order": "XYZ",
  "rotation_matrix": [
   [
    -0.8110400438308716,
    -0.008814985863864422,
    0.5849242806434631
   ],
   [
    0.5837125778198242,
    0.053865570574998856,
    0.8101716637611389
   ],
   [
    -0.038648929446935654,
    0.9985092878341675,
    -0.03854171559214592
   ]
  ]
 },
 {
  "rotation_euler": [
   1.6081452369689941,
   -0.12293867766857147,
   -2.773007392883301
  ],
  "euler_order": "XYZ",
  "rotation_matrix": [
   [
    -0.9257974624633789,
    0.10085989534854889,
    -0.36431628465652466
   ],
   [
    -0.35757675766944885,
    0.07898440212011337,
    0.9305376410484314
   ],
   [
    0.12262923270463943,
    0.9917604327201843,
    -0.037058405578136444
   ]
  ]
 },
 {
  "rotation_euler": [
   1.6170884370803833,
   0.10845143347978592,
   -1.4980285167694092
  ],
  "euler_order": "XYZ",
  "rotation_matrix": [
   [
    0.07227646559476852,
    -0.03829218074679375,
    -0.9966493248939514
   ],
   [
    -0.9914940595626831,
    -0.11120127141475677,
    -0.06763015687465668
   ],
   [
    -0.10823896527290344,
    0.9930599331855774,
    -0.04600370675325394
   ]
  ]
 },
 {
  "rotation_euler": [
   0.0008931258344091475,
   -1.4938956499099731,
   -0.8499733805656433
  ],
  "euler_order": "XYZ",
  "rotation_matrix": [
   [
    0.050704680383205414,
    0.7506747841835022,
    -0.6587232947349548
   ],
   [
    -0.05771569535136223,
    0.6606718897819519,
    0.7484527826309204
   ],
   [
    0.9970446228981018,
    6.861429574200884e-05,
    0.07682487368583679
   ]
  ]
 },
 {
  "rotation_euler": [
   1.6059379577636719,
   -0.03350099176168442,
   0.5992868542671204
  ],
  "euler_order": "XYZ",
  "rotation_matrix": [
   [
    0.8252747654914856,
    -0.007823104970157146,
    0.5646772384643555
   ],
   [
    0.5637372732162476,
    -0.0478929728269577,
    -0.8245644569396973
   ],
   [
    0.033494725823402405,
    0.9988218545913696,
    -0.03511468321084976
   ]
  ]
 },
 {
  "rotation_euler": [
   0.001308686682023108,
   -1.493894338607788,
   -2.9765310287475586
  ],
  "euler_order": "XYZ",
  "rotation_matrix": [
   [
    -0.07578200846910477,
    0.16560006141662598,
    0.9832770228385925
   ],
   [
    -0.012623554095625877,
    -0.9861930012702942,
    0.1651182472705841
   ],
   [
    0.9970445036888123,
    0.00010054140875581652,
    0.07682614773511887
   ]
  ]
 },
 {
  "rotation_euler": [
   0.0009760524262674153,
   -1.4939048290252686,
   -1.1691380739212036
  ],
  "euler_order": "XYZ",
  "rotation_matrix": [
   [
    0.0300307460129261,
    0.9200330972671509,
    -0.3906882107257843
   ],
   [
    -0.07070229202508926,
    0.39184069633483887,
    0.9173123836517334
   ],
   [
    0.9970452785491943,
    7.497618935303763e-05,
    0.07681571692228317
   ]
  ]
 },
 {
  "rotation_euler": [
   0.0009914101101458073,
   -1.493904709815979,
   0.3370310962200165
  ],
  "euler_order": "XYZ",
  "rotation_matrix": [
   [
    0.0724942535161972,
    -0.33161938190460205,
    -0.9406238198280334
   ],
   [
    0.02540198527276516,
    0.943413257598877,
    -0.33064505457878113
   ],
   [
    0.9970452785491943,
    7.615602225996554e-05,
    0.07681583613157272
   ]
  ]
 },
 {
  "rotation_euler": [
   1.6067343950271606,
   -0.07030146569013596,
   -2.9299275875091553
  ],
  "euler_order": "XYZ",
  "rotation_matrix": [
   [
    -0.9752674698829651,
    0.061083029955625534,
    -0.21241998672485352
   ],
   [
    -0.20956915616989136,
    0.04987626522779465,
    0.9765209555625916
   ],
   [
    0.07024357467889786,
    0.9968857765197754,
    -0.03584158048033714
   ]
  ]
 },
 {
  "rotation_euler": [
   0.0011213868856430054,
   0.000299228384392336,
   -0.35097429156303406
  ],
  "euler_order": "XYZ",
  "rotation_matrix": [
   [
    0.9390381574630737,
    0.3438129723072052,
    -0.00010456045856699347
   ],
   [
    -0.34381285309791565,
    0.9390375018119812,
    -0.0011559033300727606
   ],
   [
    -0.000299228384392336,
    0.0011213866528123617,
    0.9999993443489075
   ]
  ]
 },
 {
  "rotation_euler": [
   0.05042581260204315,
   0.00028821005253121257,
   -0.4332301616668701
  ],
  "euler_order": "XYZ",
  "rotation_matrix": [
   [
    0.9076144099235535,
    0.41928428411483765,
    -0.02089877426624298
   ],
   [
    -0.41980472207069397,
    0.9064546823501587,
    -0.0458686426281929
   ],
   [
    -0.00028821005253121257,
    0.050404444336891174,
    0.99872887134552
   ]
  ]
 },
 {
  "rotation_euler": [
   1.6066153049468994,
   -0.08462096750736237,
   -2.9231064319610596
  ],
  "euler_order": "XYZ",
  "rotation_matrix": [
   [
    -0.9727335572242737,
    0.07469558715820312,
    -0.21956786513328552
   ],
   [
    -0.21597649157047272,
    0.053268104791641235,
    0.9749444127082825
   ],
   [
    0.08452001214027405,
    0.9957826733589172,
    -0.035683177411556244
   ]
  ]
 },
 {
  "rotation_euler": [
   1.6065478324890137,
   -0.02066986821591854,
   -2.890876531600952
  ],
  "euler_order": "XYZ",
  "rotation_matrix": [
   [
    -0.9685280919075012,
    0.011141425929963589,
    -0.24865488708019257
   ],
   [
    -0.24804475903511047,
    0.03975086286664009,
    0.9679327011108398
   ],
   [
    0.02066839672625065,
    0.9991475343704224,
    -0.03573625534772873
   ]
  ]
 },
 {
  "rotation_euler": [
   -1.5350526571273804,
   -3.0245847702026367,
   0.13157328963279724
  ],
  "euler_order": "XYZ",
  "rotation_matrix": [
   [
    -0.9845781922340393,
    0.11096977442502975,
    -0.13524600863456726
   ],
   [
    -0.13029694557189941,
    0.05073312669992447,
    0.9901762008666992
   ],
   [
    0.11674107611179352,
    0.9925280213356018,
    -0.0354917086660862
   ]
  ]
 },
 {
  "rotation_euler": [
   1.6067211627960205,
   -0.06836708635091782,
   -0.3533853590488434
  ],
  "euler_order": "XYZ",
  "rotation_matrix": [
   [
    0.936014711856842,
    -0.07648118585348129,
    -0.3435506224632263
   ],
   [
    -0.34526747465133667,
    -0.010071142576634884,
    -0.938450276851654
   ],
   [
    0.0683138370513916,
    0.9970201849937439,
    -0.0358332023024559
   ]
  ]
 }
]