[
 {
  "rotation_euler": [
   0.010213613510131836,
   -0.013795953243970871,
   2.1124136447906494
  ],
  "euler_order": "XYZ",
  "rotation_matrix": [
   [
    -0.5154734253883362,
    -0.856758713722229,
    0.015863176435232162
   ],
   [
    0.8567944765090942,
    -0.5156163573265076,
    -0.006555174011737108
   ],
   [
    0.013795515522360802,
    0.01021246425807476,
    0.9998526573181152
   ]
  ]
 },
 {
  "rotation_euler": [
   0.025390081107616425,
   -0.016440434381365776,
   -0.9214563965797424
  ],
  "euler_order": "XYZ",
  "rotation_matrix": [
   [
    0.6045790910720825,
    0.7959740161895752,
    -0.03015783242881298
   ],
   [
    -0.7963754534721375,
    0.6047983169555664,
    -0.0022610195446759462
   ],
   [
    0.016439693048596382,
    0.025383923202753067,
    0.9995425939559937
   ]
  ]
 },
 {
  "rotation_euler": [
   0.003599682589992881,
   -0.013489319011569023,
   2.808795213699341
  ],
  "euler_order": "XYZ",
  "rotation_matrix": [
   [
    -0.9450461864471436,
    -0.326640248298645,
    0.013924690894782543
   ],
   [
    0.3266585171222687,
    -0.9451419115066528,
    -0.001004471443593502
   ],
   [
    0.013488910160958767,
    0.0035993473138660192,
    0.9999025464057922
   ]
  ]
 },
 {
  "rotation_euler": [
   0.011628950946033001,
   -0.013937144540250301,
   -2.92484974861145
  ],
  "euler_order": "XYZ",
  "rotation_matrix": [
   [
    -0.9765082001686096,
    0.21519361436367035,
    0.011108948849141598
   ],
   [
    -0.21502900123596191,
    -0.9765021800994873,
    0.014353495091199875
   ],
   [
    0.013936693780124187,
    0.011627559550106525,
    0.9998352527618408
   ]
  ]
 },
 {
  "rotation_euler": [
   0.13122177124023438,
   -0.016727600246667862,
   -0.9846311211585999
  ],
  "euler_order": "XYZ",
  "rotation_matrix": [
   [
    0.5530930757522583,
    0.824695348739624,
    -0.11817645281553268
   ],
   [
    -0.832951545715332,
    0.5502380132675171,
    -0.058565087616443634
   ],
   [
    0.016726819798350334,
    0.13082720339298248,
    0.9912640452384949
   ]
  ]
 },
 {
  "rotation_euler": [
   0.04246481508016586,
   -0.019823966547846794,
   -0.26600465178489685
  ],
  "euler_order": "XYZ",
  "rotation_matrix": [
   [
    0.9646393060684204,
    0.26182982325553894,
    -0.030267981812357903
   ],
   [
    -0.262827068567276,
    0.9641802906990051,
    -0.03575270622968674
   ],
   [
    0.01982266828417778,
    0.042443711310625076,
    0.9989022016525269
   ]
  ]
 },
 {
  "rotation_euler": [
   0.38237786293029785,
   -0.026635538786649704,
   0.9406066536903381
  ],
  "euler_order": "XYZ",
  "rotation_matrix": [
   [
    0.5890889763832092,
    -0.7554240822792053,
    0.2868947386741638
   ],
   [
    0.8076291680335999,
    0.5387104153633118,
    -0.23984616994857788
   ],
   [
    0.026632389053702354,
    0.3729953169822693,
    0.9274508953094482
   ]
  ]
 },
 {
  "rotation_euler": [
   0.04246395081281662,
   -0.01982385478913784,
   -2.9863944053649902
  ],
  "euler_order": "XYZ",
  "rotation_matrix": [
   [
    -0.9877867698669434,
    0.15526799857616425,
    0.013004719279706478
   ],
   [
    -0.1545455902814865,
    -0.986960232257843,
    0.0450022928416729
   ],
   [
    0.019822556525468826,
    0.04244285076856613,
    0.9989022612571716
   ]
  ]
 },
 {
  "rotation_euler": [
   0.011037521995604038,
   -0.013904075138270855,
   -0.13265471160411835
  ],
  "euler_order": "XYZ",
  "rotation_matrix": [
   [
    0.9911184310913086,
    0.13210582733154297,
    -0.015240493230521679
   ],
   [
    -0.13225321471691132,
    0.9911741614341736,
    -0.009101461619138718
   ],
   [
    0.013903627172112465,
    0.011036231182515621,
    0.9998424053192139
   ]
  ]
 },
 {
  "rotation_euler": [
   0.02171999029815197,
   -0.015968477353453636,
   -1.9923491477966309
  ],
  "euler_order": "XYZ",
  "rotation_matrix": [
   [
    -0.4091256558895111,
    0.9123813509941101,
    -0.013284820131957531
   ],
   [
    -0.9123383164405823,
    -0.40876486897468567,
    0.02345309592783451
   ],
   [
    0.015967799350619316,
    0.021715514361858368,
    0.9996366500854492
   ]
  ]
 },
 {
  "rotation_euler": [
   0.05301875248551369,
   -0.019430719316005707,
   -1.2589576244354248
  ],
  "euler_order": "XYZ",
  "rotation_matrix": [
   [
    0.3067512512207031,
    0.9501177668571472,
    -0.05639084801077843
   ],
   [
    -0.9515913724899292,
    0.307358056306839,
    0.002207427518442273
   ],
   [
    0.01942949742078781,
    0.05298391357064247,
    0.9984063506126404
   ]
  ]
 },
 {
  "rotation_euler": [
   2.5204625129699707,
   -0.011447167955338955,
   -1.566812515258789
  ],
  "euler_order": "XYZ",
  "rotation_matrix": [
   [
    0.003983539994806051,
    -0.8132413625717163,
    -0.5819128751754761
   ],
   [
    -0.9999265670776367,
    0.003421821864321828,
    -0.011627194471657276
   ],
   [
    0.011446918360888958,
    0.5819164514541626,
    -0.8131679892539978
   ]
  ]
 },
 {
  "rotation_euler": [
   0.042456936091184616,
   -0.01982601173222065,
   2.9716336727142334
  ],
  "euler_order": "XYZ",
  "rotation_matrix": [
   [
    -0.98539799451828,
    -0.16816017031669617,
    0.02670055441558361
   ],
   [
    0.16910867393016815,
    -0.9848458766937256,
    0.03848246484994888
   ],
   [
    0.019824713468551636,
    0.042435839772224426,
    0.9989024996757507
   ]
  ]
 },
 {
  "rotation_euler": [
   0.012063384987413883,
   -0.013763455674052238,
   -2.467254400253296
  ],
  "euler_order": "XYZ",
  "rotation_matrix": [
   [
    -0.7810463309288025,
    0.6244648098945618,
    0.003217832650989294
   ],
   [
    -0.6243214011192322,
    -0.7809597849845886,
    0.018015464767813683
   ],
   [
    0.013763020746409893,
    0.0120619498193264,
    0.9998325109481812
   ]
  ]
 },
 {
  "rotation_euler": [
   0.0012503477046266198,
   -0.01330543588846922,
   -0.4155552387237549
  ],
  "euler_order": "XYZ",
  "rotation_matrix": [
   [
    0.9148113131523132,
    0.4036824405193329,
    -0.012677434831857681
   ],
   [
    -0.40366223454475403,
    0.9148983359336853,
    0.0042272815480828285
   ],
   [
    0.013305042870342731,
    0.0012502367608249187,
    0.9999107122421265
   ]
  ]
 },
 {
  "rotation_euler": [
   0.0025309959892183542,
   -0.013281404972076416,
   -2.92732834815979
  ],
  "euler_order": "XYZ",
  "rotation_matrix": [
   [
    -0.9770469069480896,
    0.2126607745885849,
    0.012439115904271603
   ],
   [
    -0.21260985732078552,
    -0.9771227836608887,
    0.005297032184898853
   ],
   [
    0.013281014747917652,
    0.00253077014349401,
    0.9999086260795593
   ]
  ]
 }
]