[
 {
  "rotation_euler": [
   2.2782617179473164e-06,
   1.0993306887030485e-06,
   1.9516922235488892
  ],
  "euler_order": "XYZ",
  "rotation_matrix": [
   [
    -0.3717523217201233,
    -0.9283319711685181,
    1.706304487925081e-06
   ],
   [
    0.9283319711685181,
    -0.3717523217201233,
    1.8674928696782445e-06
   ],
   [
    -1.0993306887030485e-06,
    2.2782617179473164e-06,
    1.0
   ]
  ]
 },
 {
  "rotation_euler": [
   6.795271929149749e-06,
   1.7934638663064106e-06,
   -0.5368680953979492
  ],
  "euler_order": "XYZ",
  "rotation_matrix": [
   [
    0.8593146800994873,
    0.5114471912384033,
    -1.9342730865901103e-06
   ],
   [
    -0.5114471912384033,
    0.8593146800994873,
    -6.756539278285345e-06
   ],
   [
    -1.7934638663064106e-06,
    6.795271929149749e-06,
    1.0
   ]
  ]
 },
 {
  "rotation_euler": [
   1.994879539779504e-06,
   6.192662453941011e-07,
   -0.34603291749954224
  ],
  "euler_order": "XYZ",
  "rotation_matrix": [
   [
    0.9407256245613098,
    0.3391685485839844,
    -9.404077871977279e-08
   ],
   [
    -0.3391685485839844,
    0.9407256245613098,
    -2.0866698378085857e-06
   ],
   [
    -6.192662453941011e-07,
    1.994879539779504e-06,
    1.0
   ]
  ]
 },
 {
  "rotation_euler": [
   1.3259449360703002e-07,
   -1.173957286937366e-08,
   2.106609344482422
  ],
  "euler_order": "XYZ",
  "rotation_matrix": [
   [
    -0.5105403065681458,
    -0.8598538637161255,
    1.200054100536363e-07
   ],
   [
    0.8598538637161255,
    -0.5105403065681458,
    5.760051280390144e-08
   ],
   [
    1.173957286937366e-08,
    1.3259449360703002e-07,
    1.0
   ]
  ]
 },
 {
  "rotation_euler": [
   3.4662170378396695e-07,
   1.7447182187879662e-07,
   1.5019434690475464
  ],
  "euler_order": "XYZ",
  "rotation_matrix": [
   [
    0.06879846751689911,
    -0.9976305961608887,
    3.5780379903371795e-07
   ],
   [
    0.9976305961608887,
    0.06879846751689911,
    1.502113775586622e-07
   ],
   [
    -1.7447182187879662e-07,
    3.4662170378396695e-07,
    1.0
   ]
  ]
 },
 {
  "rotation_euler": [
   1.0113900827946054e-07,
   4.634687300608675e-08,
   0.8985273838043213
  ],
  "euler_order": "XYZ",
  "rotation_matrix": [
   [
    0.6227628588676453,
    -0.7824106812477112,
    1.0799534777561348e-07
   ],
   [
    0.7824106812477112,
    0.6227628588676453,
    -2.672332755082607e-08
   ],
   [
    -4.634687300608675e-08,
    1.0113900827946054e-07,
    1.0
   ]
  ]
 },
 {
  "rotation_euler": [
   -3.307706037958269e-06,
   -1.8752322716864e-07,
   1.3318307399749756
  ],
  "euler_order": "XYZ",
  "rotation_matrix": [
   [
    0.2366977334022522,
    -0.971583366394043,
    -3.258098331571091e-06
   ],
   [
    0.971583366394043,
    0.2366977334022522,
    6.007321076140215e-07
   ],
   [
    1.8752322716864e-07,
    -3.307706037958269e-06,
    1.0
   ]
  ]
 },
 {
  "rotation_euler": [
   2.6948171125695808e-06,
   2.8413731456566893e-07,
   1.0933997631072998
  ],
  "euler_order": "XYZ",
  "rotation_matrix": [
   [
    0.45946836471557617,
    -0.8881941437721252,
    2.5240728973585647e-06
   ],
   [
    0.8881941437721252,
    0.45946836471557617,
    -9.858141538643395e-07
   ],
   [
    -2.8413731456566893e-07,
    2.6948171125695808e-06,
    1.0
   ]
  ]
 },
 {
  "rotation_euler": [
   -1.7887323338072747e-06,
   -1.2073381867594435e-06,
   2.0796046257019043
  ],
  "euler_order": "XYZ",
  "rotation_matrix": [
   [
    -0.4871368408203125,
    -0.8733256459236145,
    -9.740068662722479e-07
   ],
   [
    0.8733256459236145,
    -0.4871368408203125,
    -1.925756805576384e-06
   ],
   [
    1.2073381867594435e-06,
    -1.7887323338072747e-06,
    1.0
   ]
  ]
 },
 {
  "rotation_euler": [
   -5.7498247940657166e-08,
   2.8714162159104717e-09,
   2.0783066749572754
  ],
  "euler_order": "XYZ",
  "rotation_matrix": [
   [
    -0.4860028922557831,
    -0.8739572167396545,
    -5.164652350231336e-08
   ],
   [
    0.8739572167396545,
    -0.4860028922557831,
    -2.5434820472014508e-08
   ],
   [
    -2.8714162159104717e-09,
    -5.7498247940657166e-08,
    1.0
   ]
  ]
 },
 {
  "rotation_euler": [
   1.8065446615219116,
   -0.007767651695758104,
   0.13507863879203796
  ],
  "euler_order": "XYZ",
  "rotation_matrix": [
   [
    0.9908608794212341,
    0.023970630019903183,
    0.1327410340309143
   ],
   [
    0.13466417789459229,
    -0.2324601411819458,
    -0.9632381796836853
   ],
   [
    0.007767573464661837,
    0.972310483455658,
    -0.2335636466741562
   ]
  ]
 },
 {
  "rotation_euler": [
   -9.336380912827735e-08,
   2.7705153726742537e-08,
   2.7266576290130615
  ],
  "euler_order": "XYZ",
  "rotation_matrix": [
   [
    -0.9151425361633301,
    -0.4031304717063904,
    -6.299195831616089e-08
   ],
   [
    0.4031304717063904,
    -0.9151425361633301,
    -7.427239978596845e-08
   ],
   [
    -2.7705153726742537e-08,
    -9.336380912827735e-08,
    1.0
   ]
  ]
 },
 {
  "rotation_euler": [
   3.5692385154106887e-06,
   -3.1856524174145306e-07,
   -3.109581708908081
  ],
  "euler_order": "XYZ",
  "rotation_matrix": [
   [
    -0.9994876980781555,
    0.03200547769665718,
    2.0416685231339216e-07
   ],
   [
    -0.03200547769665718,
    -0.9994876980781555,
    3.5776058666669996e-06
   ],
   [
    3.1856524174145306e-07,
    3.5692385154106887e-06,
    1.0
   ]
  ]
 },
 {
  "rotation_euler": [
   -2.393139538980904e-06,
   -4.6576457179980935e-07,
   1.9597282409667969
  ],
  "euler_order": "XYZ",
  "rotation_matrix": [
   [
    -0.3792003095149994,
    -0.9253146052360535,
    -2.0377888176881243e-06
   ],
   [
    0.9253146052360535,
    -0.3792003095149994,
    -1.3384579915509676e-06
   ],
   [
    4.6576457179980935e-07,
    -2.393139538980904e-06,
    1.0
   ]
  ]
 },
 {
  "rotation_euler": [
   1.1438908842364981e-07,
   4.587655055843243e-08,
   0.6652992963790894
  ],
  "euler_order": "XYZ",
  "rotation_matrix": [
   [
    0.7867320775985718,
    -0.6172946095466614,
    1.0670432004644681e-07
   ],
   [
    0.6172946095466614,
    0.7867320775985718,
    -6.167421418012964e-08
   ],
   [
    -4.587655055843243e-08,
    1.1438908842364981e-07,
    1.0
   ]
  ]
 },
 {
  "rotation_euler": [
   -2.920981842180481e-06,
   3.32469426211901e-07,
   2.1000449657440186
  ],
  "euler_order": "XYZ",
  "rotation_matrix": [
   [
    -0.5048848986625671,
    -0.8631866574287415,
    -2.6892114419752033e-06
   ],
   [
    0.8631866574287415,
    -0.5048848986625671,
    -1.187776547340036e-06
   ],
   [
    -3.32469426211901e-07,
    -2.920981842180481e-06,
    1.0
   ]
  ]
 }
]