[
 {
  "rotation_euler": [
   0.00035146449226886034,
   -7.647087159057264e-07,
   3.003948211669922
  ],
  "euler_order": "XYZ",
  "rotation_matrix": [
   [
    -0.990541934967041,
    -0.1372102051973343,
    4.8981994041241705e-05
   ],
   [
    0.13721022009849548,
    -0.9905418753623962,
    0.0003480353916529566
   ],
   [
    7.647087159057264e-07,
    0.00035146449226886034,
    0.9999999403953552
   ]
  ]
 },
 {
  "rotation_euler": [
   0.0003518633311614394,
   -4.083923954567581e-07,
   3.0094566345214844
  ],
  "euler_order": "XYZ",
  "rotation_matrix": [
   [
    -0.9912827014923096,
    -0.13175183534622192,
    4.676347452914342e-05
   ],
   [
    0.13175183534622192,
    -0.9912826418876648,
    0.0003487422363832593
   ],
   [
    4.083923954567581e-07,
    0.0003518633311614394,
    0.9999999403953552
   ]
  ]
 },
 {
  "rotation_euler": [
   0.0003514157433528453,
   6.881174385853228e-08,
   -1.4699978828430176
  ],
  "euler_order": "XYZ",
  "rotation_matrix": [
   [
    0.1006278395652771,
    0.9949240684509277,
    -0.00034962507197633386
   ],
   [
    -0.9949241280555725,
    0.1006278321146965,
    -3.543066850397736e-05
   ],
   [
    -6.881174385853228e-08,
    0.0003514157433528453,
    0.9999999403953552
   ]
  ]
 },
 {
  "rotation_euler": [
   0.0003515986609272659,
   -8.861511560098734e-07,
   0.8930078148841858
  ],
  "euler_order": "XYZ",
  "rotation_matrix": [
   [
    0.6270719170570374,
    -0.7789613604545593,
    0.00027332609170116484
   ],
   [
    0.7789613604545593,
    0.6270718574523926,
    -0.00022116790933068842
   ],
   [
    8.861511560098734e-07,
    0.0003515986609272659,
    0.9999999403953552
   ]
  ]
 },
 {
  "rotation_euler": [
   0.00035115284845232964,
   -3.2088909307503855e-08,
   -0.558102548122406
  ],
  "euler_order": "XYZ",
  "rotation_matrix": [
   [
    0.8482614755630493,
    0.5295776128768921,
    -0.0001859899057308212
   ],
   [
    -0.5295776128768921,
    0.8482614159584045,
    -0.000297852442599833
   ],
   [
    3.2088909307503855e-08,
    0.00035115284845232964,
    0.9999999403953552
   ]
  ]
 },
 {
  "rotation_euler": [
   0.0003511122486088425,
   -1.2364240831175266e-07,
   0.42047441005706787
  ],
  "euler_order": "XYZ",
  "rotation_matrix": [
   [
    0.9128953814506531,
    -0.40819355845451355,
    0.000143208890222013
   ],
   [
    0.40819358825683594,
    0.9128953218460083,
    -0.00032057921634986997
   ],
   [
    1.2364240831175266e-07,
    0.0003511122486088425,
    0.9999999403953552
   ]
  ]
 },
 {
  "rotation_euler": [
   0.00035135805956088006,
   -8.247581604337029e-07,
   0.34474050998687744
  ],
  "euler_order": "XYZ",
  "rotation_matrix": [
   [
    0.941163182258606,
    -0.3379524350166321,
    0.00011796609032899141
   ],
   [
    0.33795246481895447,
    0.9411631226539612,
    -0.0003309639869257808
   ],
   [
    8.247581604337029e-07,
    0.00035135805956088006,
    0.9999999403953552
   ]
  ]
 },
 {
  "rotation_euler": [
   0.0003514806739985943,
   1.6966060911727254e-07,
   -1.3540704250335693
  ],
  "euler_order": "XYZ",
  "rotation_matrix": [
   [
    0.21503327786922455,
    0.9766066670417786,
    -0.0003432219091337174
   ],
   [
    -0.9766067266464233,
    0.21503326296806335,
    -7.574573101010174e-05
   ],
   [
    -1.6966060911727254e-07,
    0.0003514806739985943,
    0.9999999403953552
   ]
  ]
 },
 {
  "rotation_euler": [
   0.0003513946430757642,
   2.957646074719378e-07,
   -0.7462430596351624
  ],
  "euler_order": "XYZ",
  "rotation_matrix": [
   [
    0.7342445850372314,
    0.6788849830627441,
    -0.00023833940213080496
   ],
   [
    -0.6788850426673889,
    0.7342445254325867,
    -0.0002582104061730206
   ],
   [
    -2.957646074719378e-07,
    0.0003513946430757642,
    0.9999999403953552
   ]
  ]
 },
 {
  "rotation_euler": [
   0.00035152092459611595,
   1.1644369806163013e-06,
   -2.0055952072143555
  ],
  "euler_order": "XYZ",
  "rotation_matrix": [
   [
    -0.42122799158096313,
    0.9069547057151794,
    -0.00031930406112223864
   ],
   [
    -0.9069547653198242,
    -0.42122799158096313,
    0.0001470143615733832
   ],
   [
    -1.1644369806163013e-06,
    0.00035152092459611595,
    0.9999999403953552
   ]
  ]
 },
 {
  "rotation_euler": [
   0.0003516061697155237,
   -2.5347034693368187e-07,
   0.8169726133346558
  ],
  "euler_order": "XYZ",
  "rotation_matrix": [
   [
    0.6844315528869629,
    -0.7290771007537842,
    0.00025617453502491117
   ],
   [
    0.729077160358429,
    0.6844314932823181,
    -0.00024083514290396124
   ],
   [
    2.5347034693368187e-07,
    0.0003516061697155237,
    0.9999999403953552
   ]
  ]
 },
 {
  "rotation_euler": [
   0.0003514596610330045,
   -5.436060064312187e-07,
   -2.722691535949707
  ],
  "euler_order": "XYZ",
  "rotation_matrix": [
   [
    -0.9135364890098572,
    0.40675681829452515,
    -0.00014246201317291707
   ],
   [
    -0.40675681829452515,
    -0.9135364294052124,
    0.00032129231840372086
   ],
   [
    5.436060064312187e-07,
    0.0003514596610330045,
    0.9999999403953552
   ]
  ]
 },
 {
  "rotation_euler": [
   0.0003516692959237844,
   -7.30352155642322e-07,
   -1.2700297832489014
  ],
  "euler_order": "XYZ",
  "rotation_matrix": [
   [
    0.29625242948532104,
    0.9551095962524414,
    -0.0003360990958753973
   ],
   [
    -0.9551096558570862,
    0.29625239968299866,
    -0.00010348531213821843
   ],
   [
    7.30352155642322e-07,
    0.0003516692959237844,
    0.9999999403953552
   ]
  ]
 },
 {
  "rotation_euler": [
   0.0003511713584885001,
   -2.889094616875809e-07,
   3.0311079025268555
  ],
  "euler_order": "XYZ",
  "rotation_matrix": [
   [
    -0.9939027428627014,
    -0.11026009917259216,
    3.900734009221196e-05
   ],
   [
    0.11026010662317276,
    -0.9939026832580566,
    0.0003489983209874481
   ],
   [
    2.889094616875809e-07,
    0.0003511713584885001,
    0.9999999403953552
   ]
  ]
 },
 {
  "rotation_euler": [
   0.00035159196704626083,
   -1.1612945627348381e-06,
   1.1993739604949951
  ],
  "euler_order": "XYZ",
  "rotation_matrix": [
   [
    0.362941175699234,
    -0.9318119883537292,
    0.0003271961468271911
   ],
   [
    0.931812047958374,
    0.3629411458969116,
    -0.00012868930934928358
   ],
   [
    1.1612945627348381e-06,
    0.00035159196704626083,
    0.9999999403953552
   ]
  ]
 },
 {
  "rotation_euler": [
   0.00035137447412125766,
   -1.0027760026787291e-06,
   -1.9660359621047974
  ],
  "euler_order": "XYZ",
  "rotation_matrix": [
   [
    -0.3850293457508087,
    0.9229042530059814,
    -0.00032389891566708684
   ],
   [
    -0.9229043126106262,
    -0.3850293457508087,
    0.00013621494872495532
   ],
   [
    1.0027760026787291e-06,
    0.00035137447412125766,
    0.9999999403953552
   ]
  ]
 }
]