[
 {
  "rotation_euler": [
   -0.30490919947624207,
   0.0008225268684327602,
   0.04593701660633087
  ],
  "euler_order": "XYZ",
  "rotation_matrix": [
   [
    0.9989447593688965,
    -0.04404939338564873,
    -0.013001984916627407
   ],
   [
    0.04592084512114525,
    0.9528566002845764,
    0.29992589354515076
   ],
   [
    -0.0008225267520174384,
    -0.3002064526081085,
    0.953873872756958
   ]
  ]
 },
 {
  "rotation_euler": [
   -0.30490922927856445,
   0.0008224997436627746,
   2.5557024478912354
  ],
  "euler_order": "XYZ",
  "rotation_matrix": [
   [
    -0.8332198858261108,
    -0.5272307395935059,
    -0.16665035486221313
   ],
   [
    0.5529411435127258,
    -0.7949237823486328,
    -0.24970437586307526
   ],
   [
    -0.0008224996272474527,
    -0.3002064824104309,
    0.953873872756958
   ]
  ]
 },
 {
  "rotation_euler": [
   -0.3049091398715973,
   0.0008225111523643136,
   0.9307159185409546
  ],
  "euler_order": "XYZ",
  "rotation_matrix": [
   [
    0.5972597599029541,
    -0.765200138092041,
    -0.24031135439872742
   ],
   [
    0.8020474910736084,
    0.5695128440856934,
    0.17993058264255524
   ],
   [
    -0.0008225110359489918,
    -0.30020639300346375,
    0.9538739323616028
   ]
  ]
 },
 {
  "rotation_euler": [
   -0.30490922927856445,
   0.0008224951452575624,
   -1.2219752073287964
  ],
  "euler_order": "XYZ",
  "rotation_matrix": [
   [
    0.3417900502681732,
    0.8963439464569092,
    0.2823951840400696
   ],
   [
    -0.9397760033607483,
    0.3262568712234497,
    0.1018703505396843
   ],
   [
    -0.0008224950288422406,
    -0.3002064824104309,
    0.953873872756958
   ]
  ]
 },
 {
  "rotation_euler": [
   -0.30490922927856445,
   0.0008225332130677998,
   1.5405763387680054
  ],
  "euler_order": "XYZ",
  "rotation_matrix": [
   [
    0.03021537885069847,
    -0.9534461498260498,
    -0.30004581809043884
   ],
   [
    0.9995430707931519,
    0.028574863448739052,
    0.00985509343445301
   ],
   [
    -0.000822533096652478,
    -0.3002064824104309,
    0.953873872756958
   ]
  ]
 },
 {
  "rotation_euler": [
   -0.30490922927856445,
   0.0008225846104323864,
   -1.3531455993652344
  ],
  "euler_order": "XYZ",
  "rotation_matrix": [
   [
    0.2159363031387329,
    0.9313165545463562,
    0.29329338669776917
   ],
   [
    -0.9764071106910706,
    0.20621725916862488,
    0.06405939161777496
   ],
   [
    -0.0008225844940170646,
    -0.3002064824104309,
    0.953873872756958
   ]
  ]
 },
 {
  "rotation_euler": [
   -0.30490925908088684,
   0.000822527683340013,
   0.4528394043445587
  ],
  "euler_order": "XYZ",
  "rotation_matrix": [
   [
    0.899208128452301,
    -0.4175615608692169,
    -0.13064104318618774
   ],
   [
    0.4375203549861908,
    0.8576236963272095,
    0.27029159665107727
   ],
   [
    -0.0008225275669246912,
    -0.3002065122127533,
    0.953873872756958
   ]
  ]
 },
 {
  "rotation_euler": [
   -0.30490922927856445,
   0.0008225520141422749,
   1.6216182708740234
  ],
  "euler_order": "XYZ",
  "rotation_matrix": [
   [
    -0.05080005154013634,
    -0.9526300430297852,
    -0.29985883831977844
   ],
   [
    0.9987084865570068,
    -0.04870349168777466,
    -0.01446691807359457
   ],
   [
    -0.000822551897726953,
    -0.3002064824104309,
    0.953873872756958
   ]
  ]
 },
 {
  "rotation_euler": [
   -0.30490925908088684,
   0.0008225612691603601,
   2.4976272583007812
  ],
  "euler_order": "XYZ",
  "rotation_matrix": [
   [
    -0.7997210621833801,
    -0.5724812746047974,
    -0.1808629333972931
   ],
   [
    0.6003711819648743,
    -0.7629818320274353,
    -0.23961058259010315
   ],
   [
    -0.0008225611527450383,
    -0.3002065122127533,
    0.953873872756958
   ]
  ]
 },
 {
  "rotation_euler": [
   -0.30490919947624207,
   0.0008225354249589145,
   1.3657608032226562
  ],
  "euler_order": "XYZ",
  "rotation_matrix": [
   [
    0.2036018669605255,
    -0.9339444041252136,
    -0.2937586307525635
   ],
   [
    0.9790534377098083,
    0.19396887719631195,
    0.061890799552202225
   ],
   [
    -0.0008225353085435927,
    -0.3002064526081085,
    0.953873872756958
   ]
  ]
 },
 {
  "rotation_euler": [
   -0.30490925908088684,
   0.0008225262281484902,
   1.788364291191101
  ],
  "euler_order": "XYZ",
  "rotation_matrix": [
   [
    -0.21585549414157867,
    -0.931333601474762,
    -0.2932986915111542
   ],
   [
    0.9764249920845032,
    -0.2061401605606079,
    -0.06403517723083496
   ],
   [
    -0.0008225261117331684,
    -0.3002065122127533,
    0.953873872756958
   ]
  ]
 },
 {
  "rotation_euler": [
   -0.30490922927856445,
   0.0008225469500757754,
   -1.7500407695770264
  ],
  "euler_order": "XYZ",
  "rotation_matrix": [
   [
    -0.1782861053943634,
    0.9386358857154846,
    0.29525700211524963
   ],
   [
    -0.9839783310890198,
    -0.16981960833072662,
    -0.05429472029209137
   ],
   [
    -0.0008225468336604536,
    -0.3002064824104309,
    0.953873872756958
   ]
  ]
 },
 {
  "rotation_euler": [
   -0.30490922927856445,
   0.0008225386263802648,
   1.41414213180542
  ],
  "euler_order": "XYZ",
  "rotation_matrix": [
   [
    0.15601420402526855,
    -0.9422323703765869,
    -0.296408087015152
   ],
   [
    0.9877544641494751,
    0.1485740691423416,
    0.04761149734258652
   ],
   [
    -0.0008225385099649429,
    -0.3002064824104309,
    0.953873872756958
   ]
  ]
 },
 {
  "rotation_euler": [
   -0.30490922927856445,
   0.0008224853663705289,
   -1.0918502807617188
  ],
  "euler_order": "XYZ",
  "rotation_matrix": [
   [
    0.46084392070770264,
    0.8464315533638,
    0.2667892277240753
   ],
   [
    -0.8874807953834534,
    0.43980640172958374,
    0.13765215873718262
   ],
   [
    -0.0008224852499552071,
    -0.3002064824104309,
    0.953873872756958
   ]
  ]
 },
 {
  "rotation_euler": [
   -0.30490928888320923,
   0.0008225583005696535,
   0.932989239692688
  ],
  "euler_order": "XYZ",
  "rotation_matrix": [
   [
    0.5954349040985107,
    -0.7664928436279297,
    -0.24071985483169556
   ],
   [
    0.8034031391143799,
    0.5677717924118042,
    0.17938393354415894
   ],
   [
    -0.0008225581841543317,
    -0.3002065420150757,
    0.953873872756958
   ]
  ]
 },
 {
  "rotation_euler": [
   -0.30490925908088684,
   0.0008224959019571543,
   -1.3306951522827148
  ],
  "euler_order": "XYZ",
  "rotation_matrix": [
   [
    0.23780082166194916,
    0.9264525771141052,
    0.2917814254760742
   ],
   [
    -0.9713135957717896,
    0.22707197070121765,
    0.0706273540854454
   ],
   [
    -0.0008224957855418324,
    -0.3002065122127533,
    0.953873872756958
   ]
  ]
 }
]