[
 {
  "rotation_euler": [
   0.018096012994647026,
   -0.0797206461429596,
   0.7504275441169739
  ],
  "euler_order": "XYZ",
  "rotation_matrix": [
   [
    0.7290744185447693,
    -0.6828938126564026,
    -0.0458962619304657
   ],
   [
    0.6797856688499451,
    0.730294942855835,
    -0.06753381341695786
   ],
   [
    0.07963623106479645,
    0.01803755573928356,
    0.9966607689857483
   ]
  ]
 },
 {
  "rotation_euler": [
   1.5720040798187256,
   -0.07337292283773422,
   0.6761434078216553
  ],
  "euler_order": "XYZ",
  "rotation_matrix": [
   [
    0.7778933048248291,
    -0.05642310902476311,
    0.6258581876754761
   ],
   [
    0.6241058111190796,
    -0.04681682586669922,
    -0.7799359560012817
   ],
   [
    0.073307104408741,
    0.9973086714744568,
    -0.0012045031180605292
   ]
  ]
 },
 {
  "rotation_euler": [
   1.5710777044296265,
   1.9929507970809937,
   1.124687910079956
  ],
  "euler_order": "XYZ",
  "rotation_matrix": [
   [
    -0.17677991092205048,
    0.3938334882259369,
    0.9020221829414368
   ],
   [
    -0.369627982378006,
    0.8228117823600769,
    -0.43168962001800537
   ],
   [
    -0.9122083187103271,
    -0.40972670912742615,
    0.00011528793402248994
   ]
  ]
 },
 {
  "rotation_euler": [
   -1.570513129234314,
   -2.1311492919921875,
   -0.07845445722341537
  ],
  "euler_order": "XYZ",
  "rotation_matrix": [
   [
    -0.5298503637313843,
    0.8444841504096985,
    0.07813484966754913
   ],
   [
    0.041654620319604874,
    -0.06610574573278427,
    0.9969427585601807
   ],
   [
    0.8470675945281982,
    0.5314851999282837,
    -0.00015051531954668462
   ]
  ]
 },
 {
  "rotation_euler": [
   -1.571063756942749,
   -0.9711508750915527,
   -1.6972935199737549
  ],
  "euler_order": "XYZ",
  "rotation_matrix": [
   [
    -0.07119843363761902,
    -0.10441496968269348,
    0.9919819831848145
   ],
   [
    -0.5598406195640564,
    -0.8189058899879456,
    -0.1263791024684906
   ],
   [
    0.825535774230957,
    -0.5643497705459595,
    -0.0001509241556050256
   ]
  ]
 },
 {
  "rotation_euler": [
   1.5710365772247314,
   -0.588269829750061,
   0.021579783409833908
  ],
  "euler_order": "XYZ",
  "rotation_matrix": [
   [
    0.8317083120346069,
    -0.5547881126403809,
    0.021711397916078568
   ],
   [
    0.01795087195932865,
    -0.012214372865855694,
    -0.9997642636299133
   ],
   [
    0.5549225211143494,
    0.831902027130127,
    -0.00019986482220701873
   ]
  ]
 },
 {
  "rotation_euler": [
   1.571359634399414,
   -1.2567058801651,
   1.8318926095962524
  ],
  "euler_order": "XYZ",
  "rotation_matrix": [
   [
    -0.07975269854068756,
    0.2460552304983139,
    0.9659690856933594
   ],
   [
    0.29848042130470276,
    -0.9186978936195374,
    0.25865739583969116
   ],
   [
    0.9510777592658997,
    0.3089514970779419,
    -0.00017403475067112595
   ]
  ]
 },
 {
  "rotation_euler": [
   -1.5704385042190552,
   2.0044748783111572,
   -0.06308003515005112
  ],
  "euler_order": "XYZ",
  "rotation_matrix": [
   [
    -0.4193758964538574,
    -0.9055987596511841,
    0.063362255692482
   ],
   [
    0.026489390060305595,
    0.057559624314308167,
    0.997990608215332
   ],
   [
    -0.907426118850708,
    0.4202116131782532,
    -0.00015036121476441622
   ]
  ]
 },
 {
  "rotation_euler": [
   1.570561170578003,
   -2.513423442840576,
   -0.4704241156578064
  ],
  "euler_order": "XYZ",
  "rotation_matrix": [
   [
    -0.7212166786193848,
    -0.5237234830856323,
    -0.4533875286579132
   ],
   [
    0.36673834919929504,
    0.26657694578170776,
    -0.8913134932518005
   ],
   [
    0.5876644253730774,
    -0.8091047406196594,
    -0.00019026601512450725
   ]
  ]
 },
 {
  "rotation_euler": [
   1.4065704345703125,
   3.094536781311035,
   -0.20009471476078033
  ],
  "euler_order": "XYZ",
  "rotation_matrix": [
   [
    -0.9789628982543945,
    0.0779750868678093,
    -0.18855102360248566
   ],
   [
    0.19854214787483215,
    0.15100304782390594,
    -0.9683899283409119
   ],
   [
    -0.04703851044178009,
    -0.985453188419342,
    -0.16330771148204803
   ]
  ]
 },
 {
  "rotation_euler": [
   1.5710272789001465,
   -0.5999860763549805,
   -0.43558409810066223
  ],
  "euler_order": "XYZ",
  "rotation_matrix": [
   [
    0.7482759952545166,
    -0.5120052695274353,
    -0.42182180285453796
   ],
   [
    -0.34824544191360474,
    0.23803101480007172,
    -0.9066787362098694
   ],
   [
    0.5646309852600098,
    0.8253434300422668,
    -0.00019061480998061597
   ]
  ]
 },
 {
  "rotation_euler": [
   1.5710071325302124,
   -0.2474828064441681,
   0.42190349102020264
  ],
  "euler_order": "XYZ",
  "rotation_matrix": [
   [
    0.8845149278640747,
    -0.22339726984500885,
    0.4095448851585388
   ],
   [
    0.39702123403549194,
    -0.10050462931394577,
    -0.9122899770736694
   ],
   [
    0.24496424198150635,
    0.9695320725440979,
    -0.00020438292995095253
   ]
  ]
 },
 {
  "rotation_euler": [
   -1.571625828742981,
   -0.11649300903081894,
   -1.8659002780914307
  ],
  "euler_order": "XYZ",
  "rotation_matrix": [
   [
    -0.28886809945106506,
    -0.03459779918193817,
    0.9567435383796692
   ],
   [
    -0.9502872824668884,
    -0.11096403002738953,
    -0.29093146324157715
   ],
   [
    0.11622970551252365,
    -0.9932219982147217,
    -0.000823879789095372
   ]
  ]
 },
 {
  "rotation_euler": [
   -1.5710220336914062,
   0.6282260417938232,
   -0.5683717727661133
  ],
  "euler_order": "XYZ",
  "rotation_matrix": [
   [
    0.6818679571151733,
    -0.49543118476867676,
    0.5381487011909485
   ],
   [
    -0.4354911744594574,
    0.31615108251571655,
    0.8428499102592468
   ],
   [
    -0.587710440158844,
    -0.8090713620185852,
    -0.00018261298828292638
   ]
  ]
 },
 {
  "rotation_euler": [
   1.5707420110702515,
   -1.02387273311615,
   -0.7790601253509521
  ],
  "euler_order": "XYZ",
  "rotation_matrix": [
   [
    0.3700627386569977,
    -0.60773766040802,
    -0.7026439309120178
   ],
   [
    -0.3654012978076935,
    0.60015869140625,
    -0.7115415930747986
   ],
   [
    0.8541284799575806,
    0.5200620293617249,
    2.8247546651982702e-05
   ]
  ]
 },
 {
  "rotation_euler": [
   1.5709998607635498,
   -2.1759837181889452e-05,
   -0.902777373790741
  ],
  "euler_order": "XYZ",
  "rotation_matrix": [
   [
    0.6194319725036621,
    -0.00017326314991805702,
    -0.7850503325462341
   ],
   [
    -0.7850503325462341,
    -0.00010899288463406265,
    -0.6194319725036621
   ],
   [
    2.1759837181889452e-05,
    1.0,
    -0.0002035339712165296
   ]
  ]
 }
]