[
 {
  "rotation_euler": [
   -7.891508721513674e-05,
   -4.3391555664129555e-05,
   0.8102970123291016
  ],
  "euler_order": "XYZ",
  "rotation_matrix": [
   [
    0.6892832517623901,
    -0.7244919538497925,
    -8.708241512067616e-05
   ],
   [
    0.7244919538497925,
    0.6892832517623901,
    2.2958018234930933e-05
   ],
   [
    4.3391555664129555e-05,
    -7.891508721513674e-05,
    1.0
   ]
  ]
 },
 {
  "rotation_euler": [
   -8.632082608528435e-05,
   -3.868987550958991e-05,
   -0.7177684903144836
  ],
  "euler_order": "XYZ",
  "rotation_matrix": [
   [
    0.7532752752304077,
    0.6577053666114807,
    2.7629545002127998e-05
   ],
   [
    -0.6577053666114807,
    0.7532752752304077,
    9.046988270711154e-05
   ],
   [
    3.868987550958991e-05,
    -8.632082608528435e-05,
    1.0
   ]
  ]
 },
 {
  "rotation_euler": [
   -8.288175013149157e-05,
   -3.695740451803431e-05,
   -2.230637550354004
  ],
  "euler_order": "XYZ",
  "rotation_matrix": [
   [
    -0.6129913926124573,
    0.7900895476341248,
    8.81385785760358e-05
   ],
   [
    -0.7900895476341248,
    -0.6129913926124573,
    -2.1606141672236845e-05
   ],
   [
    3.695740451803431e-05,
    -8.288175013149157e-05,
    1.0
   ]
  ]
 },
 {
  "rotation_euler": [
   -7.897051546024159e-05,
   -4.3235693738097325e-05,
   -2.8131558895111084
  ],
  "euler_order": "XYZ",
  "rotation_matrix": [
   [
    -0.9465477466583252,
    0.3225637376308441,
    6.639767525484785e-05
   ],
   [
    -0.3225637376308441,
    -0.9465477466583252,
    -6.0803096857853234e-05
   ],
   [
    4.3235693738097325e-05,
    -7.897051546024159e-05,
    1.0
   ]
  ]
 },
 {
  "rotation_euler": [
   -8.643901674076915e-05,
   -4.144547347095795e-05,
   1.5075064897537231
  ],
  "euler_order": "XYZ",
  "rotation_matrix": [
   [
    0.06324759125709534,
    -0.9979978799819946,
    -8.888728189049289e-05
   ],
   [
    0.9979978799819946,
    0.06324759870767593,
    -3.589543484849855e-05
   ],
   [
    4.144547347095795e-05,
    -8.643901674076915e-05,
    1.0
   ]
  ]
 },
 {
  "rotation_euler": [
   -8.794436871539801e-05,
   -4.243803778081201e-05,
   -1.3809869289398193
  ],
  "euler_order": "XYZ",
  "rotation_matrix": [
   [
    0.18867172300815582,
    0.9820402264595032,
    7.835804717615247e-05
   ],
   [
    -0.9820402264595032,
    0.18867170810699463,
    5.826847336720675e-05
   ],
   [
    4.243803778081201e-05,
    -8.794436871539801e-05,
    1.0
   ]
  ]
 },
 {
  "rotation_euler": [
   -8.12006983323954e-05,
   -4.2812851461349055e-05,
   -0.920084536075592
  ],
  "euler_order": "XYZ",
  "rotation_matrix": [
   [
    0.6057528853416443,
    0.7956528067588806,
    3.86735555366613e-05
   ],
   [
    -0.7956528067588806,
    0.6057528853416443,
    8.325172530021518e-05
   ],
   [
    4.2812851461349055e-05,
    -8.12006983323954e-05,
    1.0
   ]
  ]
 },
 {
  "rotation_euler": [
   -8.858694491209462e-05,
   -3.9350459701381624e-05,
   -3.0339200496673584
  ],
  "euler_order": "XYZ",
  "rotation_matrix": [
   [
    -0.9942089319229126,
    0.10746467113494873,
    4.86425451526884e-05
   ],
   [
    -0.10746467858552933,
    -0.9942088723182678,
    -8.384514512727037e-05
   ],
   [
    3.9350459701381624e-05,
    -8.858694491209462e-05,
    1.0
   ]
  ]
 },
 {
  "rotation_euler": [
   -8.91280360519886e-05,
   -4.211066698189825e-05,
   -0.8584079146385193
  ],
  "euler_order": "XYZ",
  "rotation_matrix": [
   [
    0.6536431908607483,
    0.7568028569221497,
    3.992700294475071e-05
   ],
   [
    -0.7568028569221497,
    0.6536431908607483,
    9.012741065816954e-05
   ],
   [
    4.211066698189825e-05,
    -8.91280360519886e-05,
    1.0
   ]
  ]
 },
 {
  "rotation_euler": [
   -7.366003410425037e-05,
   -4.20488795498386e-05,
   0.43963393568992615
  ],
  "euler_order": "XYZ",
  "rotation_matrix": [
   [
    0.9049075245857239,
    -0.42560824751853943,
    -6.940066668903455e-05
   ],
   [
    0.42560824751853943,
    0.9049075245857239,
    4.875916783930734e-05
   ],
   [
    4.20488795498386e-05,
    -7.366003410425037e-05,
    1.0
   ]
  ]
 },
 {
  "rotation_euler": [
   -8.739037730265409e-05,
   -4.038363476865925e-05,
   1.1240029335021973
  ],
  "euler_order": "XYZ",
  "rotation_matrix": [
   [
    0.4320759177207947,
    -0.9018372297286987,
    -9.626069368096069e-05
   ],
   [
    0.9018372297286987,
    0.4320759177207947,
    1.3398125702224206e-06
   ],
   [
    4.038363476865925e-05,
    -8.739037730265409e-05,
    1.0
   ]
  ]
 },
 {
  "rotation_euler": [
   -7.361645839409903e-05,
   2.402954123681411e-05,
   1.110232949256897
  ],
  "euler_order": "XYZ",
  "rotation_matrix": [
   [
    0.44445285201072693,
    -0.8958022594451904,
    -5.526579116121866e-05
   ],
   [
    0.8958022594451904,
    0.44445285201072693,
    5.424476330517791e-05
   ],
   [
    -2.402954123681411e-05,
    -7.361645839409903e-05,
    1.0
   ]
  ]
 },
 {
  "rotation_euler": [
   -7.747853669570759e-05,
   -4.1912153392331675e-05,
   -0.24022150039672852
  ],
  "euler_order": "XYZ",
  "rotation_matrix": [
   [
    0.9712852835655212,
    0.23791778087615967,
    -2.2275136871030554e-05
   ],
   [
    -0.23791776597499847,
    0.9712852835655212,
    8.52254088385962e-05
   ],
   [
    4.1912153392331675e-05,
    -7.747853669570759e-05,
    1.0
   ]
  ]
 },
 {
  "rotation_euler": [
   -7.760044536553323e-05,
   -4.3387903133407235e-05,
   1.5221012830734253
  ],
  "euler_order": "XYZ",
  "rotation_matrix": [
   [
    0.04867580160498619,
    -0.9988146424293518,
    -7.962040399434045e-05
   ],
   [
    0.9988146424293518,
    0.04867580533027649,
    -3.9559206925332546e-05
   ],
   [
    4.3387903133407235e-05,
    -7.760044536553323e-05,
    1.0
   ]
  ]
 },
 {
  "rotation_euler": [
   -7.267487671924755e-05,
   -4.208952304907143e-05,
   -3.108290195465088
  ],
  "euler_order": "XYZ",
  "rotation_matrix": [
   [
    -0.9994454979896545,
    0.03329629823565483,
    4.44859906565398e-05
   ],
   [
    -0.03329630196094513,
    -0.9994454979896545,
    -7.123315299395472e-05
   ],
   [
    4.208952304907143e-05,
    -7.267487671924755e-05,
    1.0
   ]
  ]
 },
 {
  "rotation_euler": [
   -4.982862083124928e-05,
   3.489903247100301e-05,
   1.928997278213501
  ],
  "euler_order": "XYZ",
  "rotation_matrix": [
   [
    -0.35058993101119995,
    -0.9365290403366089,
    -5.8901201555272564e-05
   ],
   [
    0.9365290403366089,
    -0.35058993101119995,
    1.5214544873742852e-05
   ],
   [
    -3.489903247100301e-05,
    -4.982862083124928e-05,
    1.0
   ]
  ]
 }
]