[
 {
  "rotation_euler": [
   -0.0011640404118224978,
   0.04870354011654854,
   -0.28611692786216736
  ],
  "euler_order": "XYZ",
  "rotation_matrix": [
   [
    0.9582094550132751,
    0.28217458724975586,
    0.04703362286090851
   ],
   [
    -0.2818944752216339,
    0.9593623876571655,
    -0.012623397633433342
   ],
   [
    -0.04868428781628609,
    -0.0011626598425209522,
    0.9988135695457458
   ]
  ]
 },
 {
  "rotation_euler": [
   0.02373635210096836,
   0.0432463176548481,
   -2.0080044269561768
  ],
  "euler_order": "XYZ",
  "rotation_matrix": [
   [
    -0.4230159521102905,
    0.905247688293457,
    -0.039801765233278275
   ],
   [
    -0.9050902724266052,
    -0.4242221415042877,
    -0.0291058998554945
   ],
   [
    -0.043232839554548264,
    0.023711932823061943,
    0.9987835884094238
   ]
  ]
 },
 {
  "rotation_euler": [
   -0.001163588953204453,
   0.04870191588997841,
   0.2549869120121002
  ],
  "euler_order": "XYZ",
  "rotation_matrix": [
   [
    0.9665192365646362,
    -0.2522873878479004,
    0.046815063804388046
   ],
   [
    0.25193366408348083,
    0.9676516652107239,
    0.01340532023459673
   ],
   [
    -0.048682667315006256,
    -0.0011622089659795165,
    0.9988136291503906
   ]
  ]
 },
 {
  "rotation_euler": [
   -0.0011604345636442304,
   0.048705264925956726,
   0.7541587948799133
  ],
  "euler_order": "XYZ",
  "rotation_matrix": [
   [
    0.7279834151268005,
    -0.684716522693634,
    0.034690145403146744
   ],
   [
    0.6838638782501221,
    0.728808581829071,
    0.034179892390966415
   ],
   [
    -0.048686008900403976,
    -0.0011590581852942705,
    0.9988134503364563
   ]
  ]
 },
 {
  "rotation_euler": [
   -0.0011651098029688,
   0.04870370775461197,
   1.0627107620239258
  ],
  "euler_order": "XYZ",
  "rotation_matrix": [
   [
    0.48592865467071533,
    -0.8737044930458069,
    0.022667311131954193
   ],
   [
    0.8726415038108826,
    0.48645564913749695,
    0.04310131445527077
   ],
   [
    -0.04868445545434952,
    -0.0011637279530987144,
    0.9988135099411011
   ]
  ]
 },
 {
  "rotation_euler": [
   -0.0011650490341708064,
   0.048702117055654526,
   -1.5813802480697632
  ],
  "euler_order": "XYZ",
  "rotation_matrix": [
   [
    -0.010571174323558807,
    0.9999439120292664,
    0.0006497378344647586
   ],
   [
    -0.9987583160400391,
    -0.010527001693844795,
    -0.04869243875145912
   ],
   [
    -0.048682864755392075,
    -0.0011636673007160425,
    0.9988136291503906
   ]
  ]
 },
 {
  "rotation_euler": [
   -0.0011617837008088827,
   0.04870373383164406,
   2.5798468589782715
  ],
  "euler_order": "XYZ",
  "rotation_matrix": [
   [
    -0.8453229069709778,
    -0.5326163172721863,
    -0.04182177782058716
   ],
   [
    0.5320329070091248,
    -0.8463560342788696,
    0.02494923025369644
   ],
   [
    -0.04868448153138161,
    -0.0011604058090597391,
    0.9988135099411011
   ]
  ]
 },
 {
  "rotation_euler": [
   -0.001163982436992228,
   0.04870149865746498,
   -1.188758373260498
  ],
  "euler_order": "XYZ",
  "rotation_matrix": [
   [
    0.37237024307250977,
    0.9278850555419922,
    0.01922939531505108
   ],
   [
    -0.9268065690994263,
    0.37286460399627686,
    -0.044738613069057465
   ],
   [
    -0.04868225008249283,
    -0.001162602100521326,
    0.9988136291503906
   ]
  ]
 },
 {
  "rotation_euler": [
   0.02541780285537243,
   0.042869970202445984,
   -1.2521214485168457
  ],
  "euler_order": "XYZ",
  "rotation_matrix": [
   [
    0.3130205571651459,
    0.9496859312057495,
    -0.010712381452322006
   ],
   [
    -0.9487789273262024,
    0.31217285990715027,
    -0.048648666590452194
   ],
   [
    -0.042856838554143906,
    0.0253917146474123,
    0.9987584948539734
   ]
  ]
 },
 {
  "rotation_euler": [
   -0.0011626672931015491,
   0.04870167002081871,
   -1.9677108526229858
  ],
  "euler_order": "XYZ",
  "rotation_matrix": [
   [
    -0.38611623644828796,
    0.922279417514801,
    -0.017747094854712486
   ],
   [
    -0.9211646318435669,
    -0.386522114276886,
    -0.0453471839427948
   ],
   [
    -0.04868242144584656,
    -0.001161288470029831,
    0.9988136291503906
   ]
  ]
 },
 {
  "rotation_euler": [
   -0.0011636087438091636,
   0.04870302602648735,
   2.742084264755249
  ],
  "euler_order": "XYZ",
  "rotation_matrix": [
   [
    -0.9201599359512329,
    -0.38891303539276123,
    -0.045302614569664
   ],
   [
    0.3885042667388916,
    -0.9212737083435059,
    0.017864318564534187
   ],
   [
    -0.0486837737262249,
    -0.001162228756584227,
    0.9988135695457458
   ]
  ]
 },
 {
  "rotation_euler": [
   -0.0011665638303384185,
   0.04870351776480675,
   -1.8541431427001953
  ],
  "euler_order": "XYZ",
  "rotation_matrix": [
   [
    -0.27923905849456787,
    0.9601403474807739,
    -0.012490632012486458
   ],
   [
    -0.9589866399765015,
    -0.2795158624649048,
    -0.047069091349840164
   ],
   [
    -0.048684265464544296,
    -0.0011651802342385054,
    0.9988135099411011
   ]
  ]
 },
 {
  "rotation_euler": [
   -0.001165985595434904,
   0.048703595995903015,
   -2.1239218711853027
  ],
  "euler_order": "XYZ",
  "rotation_matrix": [
   [
    -0.5247263312339783,
    0.8509159088134766,
    -0.024584146216511726
   ],
   [
    -0.8498777151107788,
    -0.5253006219863892,
    -0.04203738272190094
   ],
   [
    -0.048684343695640564,
    -0.001164602697826922,
    0.9988135099411011
   ]
  ]
 },
 {
  "rotation_euler": [
   -0.001166128902696073,
   0.04870348796248436,
   -0.16028374433517456
  ],
  "euler_order": "XYZ",
  "rotation_matrix": [
   [
    0.9860114455223083,
    0.15954217314720154,
    0.04824628308415413
   ],
   [
    -0.1594090759754181,
    0.9871904253959656,
    -0.00661873584613204
   ],
   [
    -0.04868423566222191,
    -0.001164745888672769,
    0.9988135695457458
   ]
  ]
 },
 {
  "rotation_euler": [
   -0.0011660594027489424,
   0.048703525215387344,
   -0.357468843460083
  ],
  "euler_order": "XYZ",
  "rotation_matrix": [
   [
    0.9356746673583984,
    0.34985077381134033,
    0.0460147000849247
   ],
   [
    -0.3494893014431,
    0.9368047118186951,
    -0.015942472964525223
   ],
   [
    -0.04868427291512489,
    -0.0011646763887256384,
    0.9988135099411011
   ]
  ]
 },
 {
  "rotation_euler": [
   0.022533545270562172,
   0.04351062327623367,
   -1.57241952419281
  ],
  "euler_order": "XYZ",
  "rotation_matrix": [
   [
    -0.0016216604271903634,
    0.9997432231903076,
    -0.022602194920182228
   ],
   [
    -0.9990522265434265,
    -0.002602839609608054,
    -0.043449223041534424
   ],
   [
    -0.04349689558148384,
    0.022510314360260963,
    0.9987999200820923
   ]
  ]
 }
]