[
 {
  "rotation_euler": [
   -0.010075947269797325,
   -0.0003062540490645915,
   -0.4162669777870178
  ],
  "euler_order": "XYZ",
  "rotation_matrix": [
   [
    0.9146047234535217,
    0.4043313264846802,
    0.003794043557718396
   ],
   [
    -0.40434902906417847,
    0.9145570993423462,
    0.009339180774986744
   ],
   [
    0.0003062540490645915,
    -0.010075775906443596,
    0.9999492168426514
   ]
  ]
 },
 {
  "rotation_euler": [
   -0.010160066187381744,
   -0.00028538182959891856,
   -2.7372593879699707
  ],
  "euler_order": "XYZ",
  "rotation_matrix": [
   [
    -0.919364869594574,
    0.3933829069137573,
    0.004259317647665739
   ],
   [
    -0.39340585470199585,
    -0.9193186163902283,
    -0.009228382259607315
   ],
   [
    0.00028538182959891856,
    -0.010159891098737717,
    0.9999483227729797
   ]
  ]
 },
 {
  "rotation_euler": [
   -0.010135423392057419,
   -0.00035220413701608777,
   -1.819178581237793
  ],
  "euler_order": "XYZ",
  "rotation_matrix": [
   [
    -0.24583616852760315,
    0.9692607522010803,
    0.009910793043673038
   ],
   [
    -0.9693113565444946,
    -0.24582701921463013,
    -0.0021502331364899874
   ],
   [
    0.00035220413701608777,
    -0.010135249234735966,
    0.9999485611915588
   ]
  ]
 },
 {
  "rotation_euler": [
   -0.4172738790512085,
   2.5232999324798584,
   -0.1726924628019333
  ],
  "euler_order": "XYZ",
  "rotation_matrix": [
   [
    -0.8027486205101013,
    -0.07432691752910614,
    0.5916672348976135
   ],
   [
    0.1400233656167984,
    0.9409653544425964,
    0.308184415102005
   ],
   [
    -0.5796447992324829,
    0.330241858959198,
    -0.7449511289596558
   ]
  ]
 },
 {
  "rotation_euler": [
   -0.010088182054460049,
   -0.00026816994068212807,
   -0.9789925813674927
  ],
  "euler_order": "XYZ",
  "rotation_matrix": [
   [
    0.5578588843345642,
    0.8298950791358948,
    0.008222808130085468
   ],
   [
    -0.8299357891082764,
    0.5578283071517944,
    0.0058502391912043095
   ],
   [
    0.00026816994068212807,
    -0.01008801069110632,
    0.9999490976333618
   ]
  ]
 },
 {
  "rotation_euler": [
   -0.009535864926874638,
   0.0004475866735447198,
   -2.751344919204712
  ],
  "euler_order": "XYZ",
  "rotation_matrix": [
   [
    -0.924814760684967,
    0.38040417432785034,
    0.003213639371097088
   ],
   [
    -0.38041749596595764,
    -0.9247711896896362,
    -0.008989037945866585
   ],
   [
    -0.00044758664444088936,
    -0.009535719640552998,
    0.9999544620513916
   ]
  ]
 },
 {
  "rotation_euler": [
   -0.009859235025942326,
   -7.252345312735997e-06,
   -0.23534007370471954
  ],
  "euler_order": "XYZ",
  "rotation_matrix": [
   [
    0.9724351167678833,
    0.23316243290901184,
    0.0022918249014765024
   ],
   [
    -0.2331736981868744,
    0.9723878502845764,
    0.009589001536369324
   ],
   [
    7.252345312735997e-06,
    -0.009859074838459492,
    0.9999514222145081
   ]
  ]
 },
 {
  "rotation_euler": [
   -0.27333006262779236,
   2.966574192047119,
   -0.3644377887248993
  ],
  "euler_order": "XYZ",
  "rotation_matrix": [
   [
    -0.9200509190559387,
    0.29927608370780945,
    0.2528638243675232
   ],
   [
    0.3509790897369385,
    0.9163928627967834,
    0.19245204329490662
   ],
   [
    -0.17412631213665009,
    0.2658155858516693,
    -0.9481677412986755
   ]
  ]
 },
 {
  "rotation_euler": [
   -0.010358987376093864,
   -0.0007123656687326729,
   1.0548564195632935
  ],
  "euler_order": "XYZ",
  "rotation_matrix": [
   [
    0.4933525025844574,
    -0.869779109954834,
    -0.009361819364130497
   ],
   [
    0.8698291778564453,
    0.49333256483078003,
    0.0044909389689564705
   ],
   [
    0.000712365610525012,
    -0.010358799248933792,
    0.999946117401123
   ]
  ]
 },
 {
  "rotation_euler": [
   0.8735681772232056,
   1.756617546081543,
   -0.7686474323272705
  ],
  "euler_order": "XYZ",
  "rotation_matrix": [
   [
    -0.13281047344207764,
    0.9879636168479919,
    -0.07930459827184677
   ],
   [
    0.12843403220176697,
    -0.06218412145972252,
    -0.989766538143158
   ],
   [
    -0.9827848672866821,
    -0.14163677394390106,
    -0.11862944811582565
   ]
  ]
 },
 {
  "rotation_euler": [
   -0.007306977640837431,
   0.003590991720557213,
   -1.9105719327926636
  ],
  "euler_order": "XYZ",
  "rotation_matrix": [
   [
    -0.33327338099479675,
    0.9428130388259888,
    0.0056924172677099705
   ],
   [
    -0.9428234100341797,
    -0.33324190974235535,
    -0.005820810329169035
   ],
   [
    -0.0035909840371459723,
    -0.00730686541646719,
    0.9999668598175049
   ]
  ]
 },
 {
  "rotation_euler": [
   -0.005649212747812271,
   0.006470713298767805,
   -0.4746207892894745
  ],
  "euler_order": "XYZ",
  "rotation_matrix": [
   [
    0.8894474506378174,
    0.45696139335632324,
    0.008337031118571758
   ],
   [
    -0.45699161291122437,
    0.8894686102867126,
    0.002067700494080782
   ],
   [
    -0.006470668129622936,
    -0.00564906420186162,
    0.999963104724884
   ]
  ]
 },
 {
  "rotation_euler": [
   -0.010401255451142788,
   -0.0007807085639797151,
   -2.5750343799591064
  ],
  "euler_order": "XYZ",
  "rotation_matrix": [
   [
    -0.8437529802322388,
    0.5366953611373901,
    0.006241268012672663
   ],
   [
    -0.5367311239242554,
    -0.8437119722366333,
    -0.008356926962733269
   ],
   [
    0.0007807085057720542,
    -0.010401064530014992,
    0.9999455809593201
   ]
  ]
 },
 {
  "rotation_euler": [
   -0.008397547528147697,
   0.002040729857981205,
   -2.696504831314087
  ],
  "euler_order": "XYZ",
  "rotation_matrix": [
   [
    -0.9025709629058838,
    0.4305374324321747,
    0.001773572526872158
   ],
   [
    -0.4305362403392792,
    -0.9025336503982544,
    -0.008457887917757034
   ],
   [
    -0.002040728460997343,
    -0.00839743111282587,
    0.9999626874923706
   ]
  ]
 },
 {
  "rotation_euler": [
   -0.010733597911894321,
   -0.0014054375933483243,
   -0.7526761889457703
  ],
  "euler_order": "XYZ",
  "rotation_matrix": [
   [
    0.729861319065094,
    0.6835660934448242,
    0.006311570759862661
   ],
   [
    -0.68359375,
    0.7298097014427185,
    0.008794588968157768
   ],
   [
    0.001405437127687037,
    -0.010733380913734436,
    0.9999414086341858
   ]
  ]
 },
 {
  "rotation_euler": [
   1.3282967805862427,
   1.7377333641052246,
   -0.3962875306606293
  ],
  "euler_order": "XYZ",
  "rotation_matrix": [
   [
    -0.1532851904630661,
    0.9757488369941711,
    -0.15626199543476105
   ],
   [
    0.06413819640874863,
    -0.14797352254390717,
    -0.9869093894958496
   ],
   [
    -0.9860983490943909,
    -0.16130095720291138,
    -0.03990062698721886
   ]
  ]
 }
]