[
 {
  "rotation_euler": [
   -1.5706794261932373,
   -1.5871920585632324,
   0.6917610168457031
  ],
  "euler_order": "XYZ",
  "rotation_matrix": [
   [
    -0.012626178562641144,
    0.7699458003044128,
    -0.6379843950271606
   ],
   [
    -0.010458276607096195,
    0.6378986835479736,
    0.7700492739677429
   ],
   [
    0.9998655915260315,
    0.016394997015595436,
    -1.916585006256355e-06
   ]
  ]
 },
 {
  "rotation_euler": [
   -1.5708636045455933,
   -1.5871922969818115,
   -0.17462067306041718
  ],
  "euler_order": "XYZ",
  "rotation_matrix": [
   [
    -0.01614590547978878,
    0.9846484661102295,
    0.17380084097385406
   ],
   [
    0.0028484195936471224,
    -0.1737774908542633,
    0.9847808480262756
   ],
   [
    0.9998655915260315,
    0.016395235434174538,
    1.1030346058760188e-06
   ]
  ]
 },
 {
  "rotation_euler": [
   -1.570851445198059,
   -1.5871822834014893,
   1.0174235105514526
  ],
  "euler_order": "XYZ",
  "rotation_matrix": [
   [
    -0.008611412718892097,
    0.5255360007286072,
    -0.8507277965545654
   ],
   [
    -0.013939839787781239,
    0.8506135940551758,
    0.5256065726280212
   ],
   [
    0.9998657703399658,
    0.01638522371649742,
    9.03127329365816e-07
   ]
  ]
 },
 {
  "rotation_euler": [
   -1.2361005544662476,
   -0.038100238889455795,
   2.962568759918213
  ],
  "euler_order": "XYZ",
  "rotation_matrix": [
   [
    -0.9833038449287415,
    -0.0938948541879654,
    -0.15587590634822845
   ],
   [
    0.17793992161750793,
    -0.3168255686759949,
    -0.9316431283950806
   ],
   [
    0.0380910225212574,
    -0.943824827671051,
    0.3282434642314911
   ]
  ]
 },
 {
  "rotation_euler": [
   -1.2350375652313232,
   -0.08550173789262772,
   -1.4962602853775024
  ],
  "euler_order": "XYZ",
  "rotation_matrix": [
   [
    0.0741950124502182,
    0.33457502722740173,
    0.9394437670707703
   ],
   [
    -0.9935805797576904,
    -0.05586935579776764,
    0.09836801141500473
   ],
   [
    0.08539760112762451,
    -0.940711498260498,
    0.32828202843666077
   ]
  ]
 },
 {
  "rotation_euler": [
   -1.2346115112304688,
   -0.10441607236862183,
   -2.954366445541382
  ],
  "euler_order": "XYZ",
  "rotation_matrix": [
   [
    -0.9771730899810791,
    -0.03526894003152847,
    0.20949669182300568
   ],
   [
    -0.18512053787708282,
    -0.3424369692802429,
    -0.9211228489875793
   ],
   [
    0.10422644019126892,
    -0.93887859582901,
    0.32809117436408997
   ]
  ]
 },
 {
  "rotation_euler": [
   -1.5707201957702637,
   1.5544006824493408,
   -0.21319231390953064
  ],
  "euler_order": "XYZ",
  "rotation_matrix": [
   [
    0.01602373644709587,
    -0.9772129654884338,
    0.2116554081439972
   ],
   [
    -0.0034688515588641167,
    0.21162697672843933,
    0.9773443341255188
   ],
   [
    -0.9998655915260315,
    -0.016394909471273422,
    1.2481613111958723e-06
   ]
  ]
 },
 {
  "rotation_euler": [
   1.5376487970352173,
   -1.5533984899520874,
   -0.8071222305297852
  ],
  "euler_order": "XYZ",
  "rotation_matrix": [
   [
    0.01203138753771782,
    -0.6671572923660278,
    -0.744819700717926
   ],
   [
    -0.012565823271870613,
    0.7447139024734497,
    -0.6672655344009399
   ],
   [
    0.9998486638069153,
    0.017387403175234795,
    0.0005765606183558702
   ]
  ]
 },
 {
  "rotation_euler": [
   -1.236648440361023,
   -0.015438331291079521,
   -1.8734914064407349
  ],
  "euler_order": "XYZ",
  "rotation_matrix": [
   [
    -0.29805830121040344,
    0.3087065517902374,
    0.903250515460968
   ],
   [
    -0.9544228315353394,
    -0.11168496310710907,
    -0.27677345275878906
   ],
   [
    0.015437718480825424,
    -0.9445775151252747,
    0.3279252350330353
   ]
  ]
 },
 {
  "rotation_euler": [
   -1.2366360425949097,
   -0.015596292912960052,
   -1.2321796417236328
  ],
  "euler_order": "XYZ",
  "rotation_matrix": [
   [
    0.3321422338485718,
    0.31424596905708313,
    0.8893430233001709
   ],
   [
    -0.9431003928184509,
    0.09505154937505722,
    0.3186328709125519
   ],
   [
    0.015595660544931889,
    -0.9445711374282837,
    0.3279361426830292
   ]
  ]
 },
 {
  "rotation_euler": [
   -1.5707011222839355,
   -1.5871918201446533,
   -1.05531644821167
  ],
  "euler_order": "XYZ",
  "rotation_matrix": [
   [
    -0.008081835694611073,
    0.49296900629997253,
    0.8700093626976013
   ],
   [
    0.0142643628641963,
    -0.869892418384552,
    0.4930352568626404
   ],
   [
    0.9998655915260315,
    0.016394758597016335,
    -1.5608550256729359e-06
   ]
  ]
 },
 {
  "rotation_euler": [
   -1.5709667205810547,
   1.5544074773788452,
   -0.20365969836711884
  ],
  "euler_order": "XYZ",
  "rotation_matrix": [
   [
    0.016049422323703766,
    -0.9792358875274658,
    0.2020878940820694
   ],
   [
    -0.0033145740162581205,
    0.20206069946289062,
    0.9793673753738403
   ],
   [
    -0.999865710735321,
    -0.016388116404414177,
    -2.792433178910869e-06
   ]
  ]
 },
 {
  "rotation_euler": [
   -1.2363951206207275,
   -0.02201256714761257,
   1.5839442014694214
  ],
  "euler_order": "XYZ",
  "rotation_matrix": [
   [
    -0.013144310563802719,
    -0.3284485936164856,
    -0.944430410861969
   ],
   [
    0.9996713399887085,
    0.01647469401359558,
    -0.01964261196553707
   ],
   [
    0.022010790184140205,
    -0.944378137588501,
    0.32812410593032837
   ]
  ]
 },
 {
  "rotation_euler": [
   1.5717426538467407,
   -1.5544072389602661,
   1.3765522241592407
  ],
  "euler_order": "XYZ",
  "rotation_matrix": [
   [
    0.0031633605249226093,
    -0.1920703649520874,
    0.981376051902771
   ],
   [
    0.016080152243375778,
    -0.9812443256378174,
    -0.19209641218185425
   ],
   [
    0.999865710735321,
    0.01638834737241268,
    -1.5508740034420043e-05
   ]
  ]
 },
 {
  "rotation_euler": [
   -1.2362596988677979,
   -0.029969895258545876,
   0.892393946647644
  ],
  "euler_order": "XYZ",
  "rotation_matrix": [
   [
    0.6272681355476379,
    -0.23786884546279907,
    -0.7415882349014282
   ],
   [
    0.7782266736030579,
    0.22808142006397247,
    0.5851001143455505
   ],
   [
    0.029965408146381378,
    -0.9441384077072144,
    0.3281840682029724
   ]
  ]
 },
 {
  "rotation_euler": [
   1.5708767175674438,
   -1.554399847984314,
   1.379131555557251
  ],
  "euler_order": "XYZ",
  "rotation_matrix": [
   [
    0.003123281756415963,
    -0.19038891792297363,
    0.9817037582397461
   ],
   [
    0.016095513477921486,
    -0.9815717935562134,
    -0.19041453301906586
   ],
   [
    0.9998655915260315,
    0.016395743936300278,
    -1.31806655190303e-06
   ]
  ]
 }
]