[
 {
  "rotation_euler": [
   4.300051659811288e-05,
   1.5623362064361572,
   2.6507620811462402
  ],
  "euler_order": "XYZ",
  "rotation_matrix": [
   [
    -0.007461243774741888,
    -0.47139647603034973,
    -0.881889820098877
   ],
   [
    0.003987702541053295,
    -0.8819214105606079,
    0.4713796079158783
   ],
   [
    -0.9999642372131348,
    3.6378520462676533e-07,
    0.008460019715130329
   ]
  ]
 },
 {
  "rotation_euler": [
   -5.79218176426366e-05,
   1.56233549118042,
   -1.0882841348648071
  ],
  "euler_order": "XYZ",
  "rotation_matrix": [
   [
    0.003925831988453865,
    0.8858051896095276,
    0.46404072642326355
   ],
   [
    -0.007494790013879538,
    0.4640573263168335,
    -0.8857734799385071
   ],
   [
    -0.99996417760849,
    -4.900611543234845e-07,
    0.008460734970867634
   ]
  ]
 },
 {
  "rotation_euler": [
   5.3525018302025273e-05,
   1.562340259552002,
   -0.4456598460674286
  ],
  "euler_order": "XYZ",
  "rotation_matrix": [
   [
    0.007630042266100645,
    0.4311016798019409,
    0.9022710919380188
   ],
   [
    -0.0036449728067964315,
    0.9023033380508423,
    -0.4310862421989441
   ],
   [
    -0.9999642372131348,
    4.5260574665917375e-07,
    0.008455966599285603
   ]
  ]
 },
 {
  "rotation_euler": [
   -0.00012231699656695127,
   -1.579256296157837,
   -1.8785680532455444
  ],
  "euler_order": "XYZ",
  "rotation_matrix": [
   [
    0.002562797162681818,
    0.9529739022254944,
    0.30304154753685
   ],
   [
    0.008062347769737244,
    -0.3030523955821991,
    0.9529398083686829
   ],
   [
    0.9999642372131348,
    1.0347856687076273e-06,
    -0.008459868840873241
   ]
  ]
 },
 {
  "rotation_euler": [
   0.00030483902082778513,
   -1.5792545080184937,
   0.15670697391033173
  ],
  "euler_order": "XYZ",
  "rotation_matrix": [
   [
    -0.008354440331459045,
    -0.1563674658536911,
    -0.9876636266708374
   ],
   [
    -0.0013200220419093966,
    0.9876989722251892,
    -0.1563618928194046
   ],
   [
    0.9999642372131348,
    -2.5783529054024257e-06,
    -0.008458079770207405
   ]
  ]
 },
 {
  "rotation_euler": [
   4.030182753922418e-05,
   1.562333583831787,
   -0.47095662355422974
  ],
  "euler_order": "XYZ",
  "rotation_matrix": [
   [
    0.007541353348642588,
    0.45377489924430847,
    0.8910844326019287
   ],
   [
    -0.0038398304022848606,
    0.8911163806915283,
    -0.4537586271762848
   ],
   [
    -0.99996417760849,
    3.410599447306595e-07,
    0.008462642319500446
   ]
  ]
 },
 {
  "rotation_euler": [
   3.576528251869604e-05,
   -1.5792573690414429,
   3.0114970207214355
  ],
  "euler_order": "XYZ",
  "rotation_matrix": [
   [
    0.008389442227780819,
    -0.12969350814819336,
    0.9915186166763306
   ],
   [
    -0.00109762919601053,
    -0.9915541410446167,
    -0.12968885898590088
   ],
   [
    0.99996417760849,
    -3.02607958246881e-07,
    -0.008460941724479198
   ]
  ]
 },
 {
  "rotation_euler": [
   6.97574796504341e-05,
   -1.5792574882507324,
   1.4904271364212036
  ],
  "euler_order": "XYZ",
  "rotation_matrix": [
   [
    -0.0006792767671868205,
    -0.9967777132987976,
    -0.08021029084920883
   ],
   [
    -0.008433748967945576,
    0.08021316677331924,
    -0.9967420697212219
   ],
   [
    0.99996417760849,
    -5.902222710574279e-07,
    -0.00846106093376875
   ]
  ]
 },
 {
  "rotation_euler": [
   8.541692659491673e-05,
   1.5623345375061035,
   -1.9398342370986938
  ],
  "euler_order": "XYZ",
  "rotation_matrix": [
   [
    -0.0030522856395691633,
    0.9326440095901489,
    -0.36078503727912903
   ],
   [
    -0.007892003282904625,
    -0.3607979416847229,
    -0.9326106309890747
   ],
   [
    -0.99996417760849,
    7.22771403616207e-07,
    0.00846168864518404
   ]
  ]
 },
 {
  "rotation_euler": [
   4.2470728658372536e-05,
   -1.5792573690414429,
   1.1263710260391235
  ],
  "euler_order": "XYZ",
  "rotation_matrix": [
   [
    -0.003637689398601651,
    -0.9028761386871338,
    -0.4298853576183319
   ],
   [
    -0.007639027666300535,
    0.42990073561668396,
    -0.9028438329696655
   ],
   [
    0.99996417760849,
    -3.59342351430314e-07,
    -0.008460941724479198
   ]
  ]
 },
 {
  "rotation_euler": [
   -0.00016176182543858886,
   1.5623326301574707,
   -0.5063384771347046
  ],
  "euler_order": "XYZ",
  "rotation_matrix": [
   [
    0.007401635404676199,
    0.4848369359970093,
    0.8745732307434082
   ],
   [
    -0.004104661289602518,
    0.8746045827865601,
    -0.48481956124305725
   ],
   [
    -0.99996417760849,
    -1.3690867035620613e-06,
    0.008463595062494278
   ]
  ]
 },
 {
  "rotation_euler": [
   -0.00020509825844783336,
   1.5623255968093872,
   2.0697972774505615
  ],
  "euler_order": "XYZ",
  "rotation_matrix": [
   [
    -0.004053607117384672,
    -0.8779629468917847,
    -0.47871145606040955
   ],
   [
    0.007437729276716709,
    -0.47872862219810486,
    0.8779314160346985
   ],
   [
    -0.9999641180038452,
    -1.7373112086715992e-06,
    0.008470628410577774
   ]
  ]
 },
 {
  "rotation_euler": [
   4.6075176214799285e-05,
   -1.5792573690414429,
   -1.525397777557373
  ],
  "euler_order": "XYZ",
  "rotation_matrix": [
   [
    -0.00038398252218030393,
    0.9989675879478455,
    -0.0454273596405983
   ],
   [
    0.008452223613858223,
    0.045428983867168427,
    0.9989318251609802
   ],
   [
    0.99996417760849,
    -3.8983935723990726e-07,
    -0.008460941724479198
   ]
  ]
 },
 {
  "rotation_euler": [
   8.555780368624255e-05,
   -1.5792567729949951,
   -1.606408715248108
  ],
  "euler_order": "XYZ",
  "rotation_matrix": [
   [
    0.00030122941825538874,
    0.9993689656257629,
    0.03551808372139931
   ],
   [
    0.00845498126000166,
    -0.03551936149597168,
    0.9993332028388977
   ],
   [
    0.9999642372131348,
    -7.238485864036193e-07,
    -0.008460345678031445
   ]
  ]
 },
 {
  "rotation_euler": [
   -1.4634938452218194e-05,
   1.5623314380645752,
   1.6891168355941772
  ],
  "euler_order": "XYZ",
  "rotation_matrix": [
   [
    -0.0009992227423936129,
    -0.9930065870285034,
    -0.11805492639541626
   ],
   [
    0.008405604399740696,
    -0.11805915832519531,
    0.9929710030555725
   ],
   [
    -0.99996417760849,
    -1.2388164805088309e-07,
    0.00846478808671236
   ]
  ]
 },
 {
  "rotation_euler": [
   1.870190430963703e-06,
   1.5623338222503662,
   2.842337131500244
  ],
  "euler_order": "XYZ",
  "rotation_matrix": [
   [
    -0.008086302317678928,
    -0.2948106825351715,
    -0.9555214643478394
   ],
   [
    0.002494791755452752,
    -0.9555556774139404,
    0.29480013251304626
   ],
   [
    -0.99996417760849,
    1.58263055993757e-08,
    0.008462403900921345
   ]
  ]
 }
]