[
 {
  "rotation_euler": [
   -1.2815895615858608e-06,
   8.209573024942074e-06,
   -1.69288170337677
  ],
  "euler_order": "XYZ",
  "rotation_matrix": [
   [
    -0.1217823252081871,
    0.9925568103790283,
    2.7226957399761886e-07
   ],
   [
    -0.9925568103790283,
    -0.1217823252081871,
    -8.304542461701203e-06
   ],
   [
    -8.209573024942074e-06,
    -1.2815895615858608e-06,
    1.0
   ]
  ]
 },
 {
  "rotation_euler": [
   1.8239668607711792,
   1.4677742719650269,
   0.06863152235746384
  ],
  "euler_order": "XYZ",
  "rotation_matrix": [
   [
    0.10259780287742615,
    0.977899968624115,
    -0.18216848373413086
   ],
   [
    0.007052520290017128,
    -0.1838454008102417,
    -0.9829298853874207
   ],
   [
    -0.9946979284286499,
    0.09956169873476028,
    -0.025758793577551842
   ]
  ]
 },
 {
  "rotation_euler": [
   -1.6217494476222782e-06,
   -1.1816003279818688e-05,
   -0.818566083908081
  ],
  "euler_order": "XYZ",
  "rotation_matrix": [
   [
    0.6832689046859741,
    0.7301668524742126,
    -6.88936006554286e-06
   ],
   [
    -0.7301668524742126,
    0.6832689046859741,
    9.735744242789224e-06
   ],
   [
    1.1816003279818688e-05,
    -1.6217494476222782e-06,
    1.0
   ]
  ]
 },
 {
  "rotation_euler": [
   -4.310224539949559e-06,
   9.443027011002414e-06,
   -1.6501078605651855
  ],
  "euler_order": "XYZ",
  "rotation_matrix": [
   [
    -0.07922840863466263,
    0.9968565106391907,
    3.5485193166095996e-06
   ],
   [
    -0.9968565106391907,
    -0.07922840863466263,
    -9.754834536579438e-06
   ],
   [
    -9.443027011002414e-06,
    -4.310224539949559e-06,
    1.0
   ]
  ]
 },
 {
  "rotation_euler": [
   -1.2359347343444824,
   -1.6780771017074585,
   -0.8084589838981628
  ],
  "euler_order": "XYZ",
  "rotation_matrix": [
   [
    -0.07394754141569138,
    0.8861834406852722,
    0.4573954939842224
   ],
   [
    0.07743926346302032,
    -0.4521637558937073,
    0.8885668516159058
   ],
   [
    0.9942509531974792,
    0.10112770646810532,
    -0.03518899902701378
   ]
  ]
 },
 {
  "rotation_euler": [
   -2.760885763564147e-06,
   1.5056408301461488e-05,
   -1.6591885089874268
  ],
  "euler_order": "XYZ",
  "rotation_matrix": [
   [
    -0.08827712386846542,
    0.9960959553718567,
    1.4209707615009393e-06
   ],
   [
    -0.9960959553718567,
    -0.08827712386846542,
    -1.5241350411088206e-05
   ],
   [
    -1.5056408301461488e-05,
    -2.760885763564147e-06,
    1.0
   ]
  ]
 },
 {
  "rotation_euler": [
   -2.8187949657440186,
   -1.093855857849121,
   -0.5241844654083252
  ],
  "euler_order": "XYZ",
  "rotation_matrix": [
   [
    0.39742591977119446,
    -0.2306758314371109,
    0.8881673812866211
   ],
   [
    -0.2297644168138504,
    -0.9620718359947205,
    -0.14705829322338104
   ],
   [
    0.888403594493866,
    -0.14562448859214783,
    -0.4353533685207367
   ]
  ]
 },
 {
  "rotation_euler": [
   2.9626805782318115,
   -1.4560065269470215,
   0.020956125110387802
  ],
  "euler_order": "XYZ",
  "rotation_matrix": [
   [
    0.11451272666454315,
    -0.15612901747226715,
    0.9810762405395508
   ],
   [
    0.002400094410404563,
    -0.9875263571739197,
    -0.15743564069271088
   ],
   [
    0.9934188723564148,
    0.020383059978485107,
    -0.11270960420370102
   ]
  ]
 },
 {
  "rotation_euler": [
   3.647046014521038e-06,
   1.1816462574643083e-05,
   -1.2405285835266113
  ],
  "euler_order": "XYZ",
  "rotation_matrix": [
   [
    0.32429632544517517,
    0.9459555745124817,
    3.8209182662285457e-07
   ],
   [
    -0.9459555745124817,
    0.32429632544517517,
    -1.2360572327452246e-05
   ],
   [
    -1.1816462574643083e-05,
    3.647046014521038e-06,
    1.0
   ]
  ]
 },
 {
  "rotation_euler": [
   4.063559572387021e-06,
   -1.3460185982694384e-05,
   -1.5803793668746948
  ],
  "euler_order": "XYZ",
  "rotation_matrix": [
   [
    -0.00958289299160242,
    0.999954104423523,
    -3.934385404136265e-06
   ],
   [
    -0.999954104423523,
    -0.00958289299160242,
    1.3498508451448288e-05
   ],
   [
    1.3460185982694384e-05,
    4.063559572387021e-06,
    1.0
   ]
  ]
 },
 {
  "rotation_euler": [
   -1.5255508422851562,
   1.678320050239563,
   0.0007591434405185282
  ],
  "euler_order": "XYZ",
  "rotation_matrix": [
   [
    -0.10731662809848785,
    -0.9932414293289185,
    0.04421046003699303
   ],
   [
    -8.14687300589867e-05,
    0.04447604715824127,
    0.999010443687439
   ],
   [
    -0.9942249059677124,
    0.10720682889223099,
    -0.004853937774896622
   ]
  ]
 },
 {
  "rotation_euler": [
   1.7297961676376872e-06,
   8.819286449579522e-06,
   3.0834996700286865
  ],
  "euler_order": "XYZ",
  "rotation_matrix": [
   [
    -0.9983130693435669,
    -0.05806031450629234,
    -8.703976163815241e-06
   ],
   [
    0.05806031450629234,
    -0.9983130693435669,
    2.238928573206067e-06
   ],
   [
    -8.819286449579522e-06,
    1.7297961676376872e-06,
    1.0
   ]
  ]
 },
 {
  "rotation_euler": [
   0.0007374242413789034,
   -0.027569375932216644,
   2.0175940990448
  ],
  "euler_order": "XYZ",
  "rotation_matrix": [
   [
    -0.43191567063331604,
    -0.9018263220787048,
    0.012575695291161537
   ],
   [
    0.9014926552772522,
    -0.4320980906486511,
    -0.024541255086660385
   ],
   [
    0.027565883472561836,
    0.000737143971491605,
    0.999619722366333
   ]
  ]
 },
 {
  "rotation_euler": [
   -9.821296771406196e-07,
   -8.859233275870793e-06,
   -2.777194023132324
  ],
  "euler_order": "XYZ",
  "rotation_matrix": [
   [
    -0.9343382716178894,
    0.3563874661922455,
    8.627539500594139e-06
   ],
   [
    -0.3563874661922455,
    -0.9343382716178894,
    2.239678451587679e-06
   ],
   [
    8.859233275870793e-06,
    -9.821296771406196e-07,
    1.0
   ]
  ]
 },
 {
  "rotation_euler": [
   -1.3741806745529175,
   1.6776659488677979,
   -0.6978027820587158
  ],
  "euler_order": "XYZ",
  "rotation_matrix": [
   [
    -0.08173368126153946,
    -0.6216850876808167,
    0.778991162776947
   ],
   [
    0.0685368999838829,
    0.7762500643730164,
    0.626688539981842
   ],
   [
    -0.9942948818206787,
    0.10461120307445526,
    -0.02083740383386612
   ]
  ]
 },
 {
  "rotation_euler": [
   1.6336240768432617,
   1.4816426038742065,
   -1.0302104949951172
  ],
  "euler_order": "XYZ",
  "rotation_matrix": [
   [
    0.0458211712539196,
    0.4577495753765106,
    -0.88789963722229
   ],
   [
    -0.07633983343839645,
    -0.8846294283866882,
    -0.4600032567977905
   ],
   [
    -0.9960284233093262,
    0.08885999768972397,
    -0.005590231157839298
   ]
  ]
 }
]