[
 {
  "rotation_euler": [
   -0.10302472114562988,
   -0.05175315961241722,
   -2.8910622596740723
  ],
  "euler_order": "XYZ",
  "rotation_matrix": [
   [
    -0.9674839377403259,
    0.24144931137561798,
    0.07534588128328323
   ],
   [
    -0.24758589267730713,
    -0.9649631977081299,
    -0.08687512576580048
   ],
   [
    0.05173005908727646,
    -0.10270486772060394,
    0.9933658242225647
   ]
  ]
 },
 {
  "rotation_euler": [
   -2.7309439182281494,
   0.04253257066011429,
   1.8702679872512817
  ],
  "euler_order": "XYZ",
  "rotation_matrix": [
   [
    -0.2947486340999603,
    0.881062388420105,
    -0.3699355125427246
   ],
   [
    0.9546283483505249,
    0.2542698383331299,
    -0.15502102673053741
   ],
   [
    -0.04251974821090698,
    -0.3988431692123413,
    -0.9160328507423401
   ]
  ]
 },
 {
  "rotation_euler": [
   -2.037754535675049,
   0.5258482694625854,
   1.9538726806640625
  ],
  "euler_order": "XYZ",
  "rotation_matrix": [
   [
    -0.32327795028686523,
    0.5850730538368225,
    -0.7437613010406494
   ],
   [
    0.8022099137306213,
    -0.2474593073129654,
    -0.5433444380760193
   ],
   [
    -0.5019468665122986,
    -0.7723039388656616,
    -0.38935327529907227
   ]
  ]
 },
 {
  "rotation_euler": [
   -2.75640869140625,
   0.11062240600585938,
   -1.1616559028625488
  ],
  "euler_order": "XYZ",
  "rotation_matrix": [
   [
    0.395389199256897,
    -0.8667413592338562,
    0.3040177822113037
   ],
   [
    -0.9118552207946777,
    -0.33061644434928894,
    0.24333696067333221
   ],
   [
    -0.11039692163467407,
    -0.373432993888855,
    -0.9210647940635681
   ]
  ]
 },
 {
  "rotation_euler": [
   -0.05435123294591904,
   -0.015938904136419296,
   -0.410734087228775
  ],
  "euler_order": "XYZ",
  "rotation_matrix": [
   [
    0.9167115092277527,
    0.3994866907596588,
    0.00709977513179183
   ],
   [
    -0.39923176169395447,
    0.9151284098625183,
    0.05616065859794617
   ],
   [
    0.015938229858875275,
    -0.05431757867336273,
    0.9983965158462524
   ]
  ]
 },
 {
  "rotation_euler": [
   0.6011519432067871,
   2.9087302684783936,
   -0.02388269640505314
  ],
  "euler_order": "XYZ",
  "rotation_matrix": [
   [
    -0.9727323651313782,
    0.1501748412847519,
    0.17674632370471954
   ],
   [
    0.02323588915169239,
    0.8213326334953308,
    -0.5699761509895325
   ],
   [
    -0.23076359927654266,
    -0.5503274202346802,
    -0.802426278591156
   ]
  ]
 },
 {
  "rotation_euler": [
   -2.8041739463806152,
   0.028620535507798195,
   1.1554431915283203
  ],
  "euler_order": "XYZ",
  "rotation_matrix": [
   [
    0.40334782004356384,
    0.8595579266548157,
    -0.3138004243373871
   ],
   [
    0.9145991802215576,
    -0.3894280195236206,
    0.10887695103883743
   ],
   [
    -0.02861662767827511,
    -0.3309168815612793,
    -0.9432259202003479
   ]
  ]
 },
 {
  "rotation_euler": [
   0.4957243800163269,
   2.9559998512268066,
   1.050096035003662
  ],
  "euler_order": "XYZ",
  "rotation_matrix": [
   [
    -0.488944411277771,
    -0.7193817496299744,
    0.4933794438838959
   ],
   [
    -0.8525739312171936,
    0.5137444734573364,
    -0.09583473205566406
   ],
   [
    -0.18452918529510498,
    -0.4675002992153168,
    -0.8645186424255371
   ]
  ]
 },
 {
  "rotation_euler": [
   0.22289907932281494,
   3.0499751567840576,
   -0.6619598865509033
  ],
  "euler_order": "XYZ",
  "rotation_matrix": [
   [
    -0.7854809165000916,
    0.6154104471206665,
    -0.06549584120512009
   ],
   [
    0.6120861172676086,
    0.7568437457084656,
    -0.22921206057071686
   ],
   [
    -0.09148938208818436,
    -0.2201308012008667,
    -0.9711704850196838
   ]
  ]
 },
 {
  "rotation_euler": [
   -0.11980129033327103,
   -0.0016448611859232187,
   2.1265549659729004
  ],
  "euler_order": "XYZ",
  "rotation_matrix": [
   [
    -0.5275871753692627,
    -0.8435152769088745,
    -0.10066638886928558
   ],
   [
    0.8494992852210999,
    -0.5236393809318542,
    -0.06444192677736282
   ],
   [
    0.0016448604874312878,
    -0.11951476335525513,
    0.9928310513496399
   ]
  ]
 },
 {
  "rotation_euler": [
   -0.10896669328212738,
   -0.029745446518063545,
   -1.542127251625061
  ],
  "euler_order": "XYZ",
  "rotation_matrix": [
   [
    0.02865246683359146,
    0.99375319480896,
    0.10785901546478271
   ],
   [
    -0.9991468787193298,
    0.02526208944618702,
    0.03266988694667816
   ],
   [
    0.029741059988737106,
    -0.10870307683944702,
    0.9936292767524719
   ]
  ]
 },
 {
  "rotation_euler": [
   0.3356323838233948,
   3.0820412635803223,
   1.2560678720474243
  ],
  "euler_order": "XYZ",
  "rotation_matrix": [
   [
    -0.30900952219963074,
    -0.8917552828788757,
    0.33058375120162964
   ],
   [
    -0.9491949081420898,
    0.31092536449432373,
    -0.048523034900426865
   ],
   [
    -0.05951619893312454,
    -0.32878246903419495,
    -0.942528486251831
   ]
  ]
 },
 {
  "rotation_euler": [
   -0.07630155980587006,
   0.005209030583500862,
   -1.6439323425292969
  ],
  "euler_order": "XYZ",
  "rotation_matrix": [
   [
    -0.07306984066963196,
    0.9944539666175842,
    0.07564424723386765
   ],
   [
    -0.9973132014274597,
    -0.07246222347021103,
    -0.010749977082014084
   ],
   [
    -0.005209006834775209,
    -0.07622651010751724,
    0.9970769286155701
   ]
  ]
 },
 {
  "rotation_euler": [
   0.3957560658454895,
   -3.120938777923584,
   0.7800589799880981
  ],
  "euler_order": "XYZ",
  "rotation_matrix": [
   [
    -0.710720419883728,
    -0.6546180844306946,
    0.25758811831474304
   ],
   [
    -0.7031713128089905,
    0.6503258943557739,
    -0.2874479293823242
   ],
   [
    0.02065240778028965,
    -0.3854236900806427,
    -0.9225085377693176
   ]
  ]
 },
 {
  "rotation_euler": [
   -0.21259109675884247,
   0.3660658597946167,
   1.6439063549041748
  ],
  "euler_order": "XYZ",
  "rotation_matrix": [
   [
    -0.06820516288280487,
    -0.9693596363067627,
    -0.23598715662956238
   ],
   [
    0.9312484264373779,
    -0.1467227041721344,
    0.33353984355926514
   ],
   [
    -0.3579447269439697,
    -0.19701352715492249,
    0.9127218723297119
   ]
  ]
 },
 {
  "rotation_euler": [
   -2.56982684135437,
   0.13497887551784515,
   1.2348912954330444
  ],
  "euler_order": "XYZ",
  "rotation_matrix": [
   [
    0.3266255557537079,
    0.7699457406997681,
    -0.5481781363487244
   ],
   [
    0.9355248808860779,
    -0.3459443151950836,
    0.07152417302131653
   ],
   [
    -0.13456937670707703,
    -0.5361959338188171,
    -0.8332976698875427
   ]
  ]
 }
]