[
 {
  "rotation_euler": [
   0.9269842505455017,
   0.7170606851577759,
   -1.0395618677139282
  ],
  "euler_order": "XYZ",
  "rotation_matrix": [
   [
    0.38184353709220886,
    0.783799409866333,
    -0.48974892497062683
   ],
   [
    -0.6498618721961975,
    -0.14909112453460693,
    -0.7452861070632935
   ],
   [
    -0.6571720242500305,
    0.6028518080711365,
    0.452431857585907
   ]
  ]
 },
 {
  "rotation_euler": [
   0.9600409865379333,
   2.5818076133728027,
   0.5820467472076416
  ],
  "euler_order": "XYZ",
  "rotation_matrix": [
   [
    -0.7078408002853394,
    0.048112574964761734,
    0.7047315835952759
   ],
   [
    -0.46582838892936707,
    0.7181939482688904,
    -0.5169152617454529
   ],
   [
    -0.5310040712356567,
    -0.6941776871681213,
    -0.48595476150512695
   ]
  ]
 },
 {
  "rotation_euler": [
   -0.12247057259082794,
   -2.2881860733032227,
   -1.9140936136245728
  ],
  "euler_order": "XYZ",
  "rotation_matrix": [
   [
    0.22128351032733917,
    0.9036120176315308,
    0.3667682111263275
   ],
   [
    0.6190595030784607,
    -0.4207553267478943,
    0.6631215810775757
   ],
   [
    0.7535243034362793,
    0.08031348139047623,
    -0.6524958610534668
   ]
  ]
 },
 {
  "rotation_euler": [
   -0.20078600943088531,
   -3.0598456859588623,
   -1.009331226348877
  ],
  "euler_order": "XYZ",
  "rotation_matrix": [
   [
    -0.530648946762085,
    0.838141143321991,
    0.12621843814849854
   ],
   [
    0.8436492085456848,
    0.5079452991485596,
    0.173918217420578
   ],
   [
    0.08165594935417175,
    0.198773592710495,
    -0.9766377806663513
   ]
  ]
 },
 {
  "rotation_euler": [
   -1.1342195272445679,
   -0.27844446897506714,
   1.4153587818145752
  ],
  "euler_order": "XYZ",
  "rotation_matrix": [
   [
    0.14884965121746063,
    -0.3791814148426056,
    -0.9132717251777649
   ],
   [
    0.9498924016952515,
    0.31153759360313416,
    0.025470944121479988
   ],
   [
    0.27486035227775574,
    -0.8713012337684631,
    0.40655380487442017
   ]
  ]
 },
 {
  "rotation_euler": [
   3.7947083910694346e-06,
   -1.236185056541217e-07,
   -0.2265457659959793
  ],
  "euler_order": "XYZ",
  "rotation_matrix": [
   [
    0.9744480848312378,
    0.22461289167404175,
    -9.728003078635084e-07
   ],
   [
    -0.22461289167404175,
    0.9744480848312378,
    -3.6699800602946198e-06
   ],
   [
    1.236185056541217e-07,
    3.7947083910694346e-06,
    1.0
   ]
  ]
 },
 {
  "rotation_euler": [
   3.7525749121414265e-06,
   -7.233826693209267e-08,
   -1.8007242679595947
  ],
  "euler_order": "XYZ",
  "rotation_matrix": [
   [
    -0.22790735960006714,
    0.9736828207969666,
    -3.6373312468640506e-06
   ],
   [
    -0.9736828207969666,
    -0.22790735960006714,
    9.256739872398612e-07
   ],
   [
    7.233826693209267e-08,
    3.7525749121414265e-06,
    1.0
   ]
  ]
 },
 {
  "rotation_euler": [
   3.7569973301287973e-06,
   -1.113879477543378e-07,
   0.6096290349960327
  ],
  "euler_order": "XYZ",
  "rotation_matrix": [
   [
    0.8198604583740234,
    -0.5725633502006531,
    2.05979654310795e-06
   ],
   [
    0.5725633502006531,
    0.8198604583740234,
    -3.1439901704288786e-06
   ],
   [
    1.113879477543378e-07,
    3.7569973301287973e-06,
    1.0
   ]
  ]
 },
 {
  "rotation_euler": [
   1.8962615728378296,
   -0.10673002898693085,
   -0.6658433675765991
  ],
  "euler_order": "XYZ",
  "rotation_matrix": [
   [
    0.7819213271141052,
    -0.2768914997577667,
    -0.5585070848464966
   ],
   [
    -0.6142075657844543,
    -0.1891000121831894,
    -0.7661528587341309
   ],
   [
    0.10652751475572586,
    0.942110538482666,
    -0.3179301917552948
   ]
  ]
 },
 {
  "rotation_euler": [
   -0.006823235657066107,
   -0.663569450378418,
   3.0080041885375977
  ],
  "euler_order": "XYZ",
  "rotation_matrix": [
   [
    -0.7807796597480774,
    -0.1373535692691803,
    0.6095220446586609
   ],
   [
    0.10492808371782303,
    -0.9905074834823608,
    -0.08879747986793518
   ],
   [
    0.6159327626228333,
    -0.005375294480472803,
    0.7877804040908813
   ]
  ]
 },
 {
  "rotation_euler": [
   3.808788051173906e-06,
   2.267515597509373e-08,
   1.6091346740722656
  ],
  "euler_order": "XYZ",
  "rotation_matrix": [
   [
    -0.03832895681262016,
    -0.999265193939209,
    3.8051200590416556e-06
   ],
   [
    0.999265193939209,
    -0.03832895681262016,
    1.6864535723470908e-07
   ],
   [
    -2.267515597509373e-08,
    3.808788051173906e-06,
    1.0
   ]
  ]
 },
 {
  "rotation_euler": [
   2.856597347999923e-06,
   -5.7535512354434104e-08,
   -1.110433578491211
  ],
  "euler_order": "XYZ",
  "rotation_matrix": [
   [
    0.44427311420440674,
    0.8958913683891296,
    -2.5847625693131704e-06
   ],
   [
    -0.8958913683891296,
    0.44427311420440674,
    -1.217563863065152e-06
   ],
   [
    5.7535512354434104e-08,
    2.856597347999923e-06,
    1.0
   ]
  ]
 },
 {
  "rotation_euler": [
   3.7948807403154206e-06,
   -2.8288670961273965e-08,
   -1.5822256803512573
  ],
  "euler_order": "XYZ",
  "rotation_matrix": [
   [
    -0.011429104954004288,
    0.9999346733093262,
    -3.794309577642707e-06
   ],
   [
    -0.9999346733093262,
    -0.011429104954004288,
    7.165890991700508e-08
   ],
   [
    2.8288670961273965e-08,
    3.7948807403154206e-06,
    1.0
   ]
  ]
 },
 {
  "rotation_euler": [
   2.4547336101531982,
   -1.1677329540252686,
   -0.4767366051673889
  ],
  "euler_order": "XYZ",
  "rotation_matrix": [
   [
    0.34850239753723145,
    -0.873083770275116,
    0.3409850001335144
   ],
   [
    -0.17999103665351868,
    -0.4193587005138397,
    -0.8897985816001892
   ],
   [
    0.919863760471344,
    0.24872270226478577,
    -0.3032947778701782
   ]
  ]
 },
 {
  "rotation_euler": [
   1.854167103767395,
   0.7048531770706177,
   -1.218193769454956
  ],
  "euler_order": "XYZ",
  "rotation_matrix": [
   [
    0.26304885745048523,
    -0.04756154119968414,
    -0.9636094570159912
   ],
   [
    -0.714844286441803,
    -0.6803648471832275,
    -0.16155900061130524
   ],
   [
    -0.6479219794273376,
    0.7313286662101746,
    -0.21296828985214233
   ]
  ]
 },
 {
  "rotation_euler": [
   3.119863748550415,
   0.0045508164912462234,
   0.43004894256591797
  ],
  "euler_order": "XYZ",
  "rotation_matrix": [
   [
    0.9089359045028687,
    0.4169067442417145,
    0.004922946915030479
   ],
   [
    0.41691097617149353,
    -0.908689558506012,
    -0.0216456837952137
   ],
   [
    -0.004550800658762455,
    0.02172696962952614,
    -0.9997535943984985
   ]
  ]
 }
]