[
 {
  "rotation_euler": [
   -1.2271881103515625,
   3.133479595184326,
   -0.2849596440792084
  ],
  "euler_order": "XYZ",
  "rotation_matrix": [
   [
    -0.9596413969993591,
    0.08737444132566452,
    0.26730892062187195
   ],
   [
    0.281109482049942,
    0.32544833421707153,
    0.9028071761131287
   ],
   [
    -0.008112969808280468,
    0.941514253616333,
    -0.3368754982948303
   ]
  ]
 },
 {
  "rotation_euler": [
   -1.2247064113616943,
   3.138183116912842,
   0.19682706892490387
  ],
  "euler_order": "XYZ",
  "rotation_matrix": [
   [
    -0.9806863069534302,
    -0.06948326528072357,
    -0.18282899260520935
   ],
   [
    -0.19555751979351044,
    0.33204522728919983,
    0.92276930809021
   ],
   [
    -0.003409530036151409,
    0.9407008290290833,
    -0.33922019600868225
   ]
  ]
 },
 {
  "rotation_euler": [
   1.9227744340896606,
   -0.008873013779520988,
   0.4701990783214569
  ],
  "euler_order": "XYZ",
  "rotation_matrix": [
   [
    0.8914430141448975,
    0.14877109229564667,
    0.4280146062374115
   ],
   [
    0.45304593443870544,
    -0.3111153542995453,
    -0.8354379534721375
   ],
   [
    0.008872897364199162,
    0.9386556148529053,
    -0.34474173188209534
   ]
  ]
 },
 {
  "rotation_euler": [
   1.8103461265563965,
   0.23122964799404144,
   0.5293611288070679
  ],
  "euler_order": "XYZ",
  "rotation_matrix": [
   [
    0.8401579260826111,
    0.3119737505912781,
    0.44362935423851013
   ],
   [
    0.4915420711040497,
    -0.09236636757850647,
    -0.86594158411026
   ],
   [
    -0.22917461395263672,
    0.9455901980400085,
    -0.23095056414604187
   ]
  ]
 },
 {
  "rotation_euler": [
   1.9093693494796753,
   0.01603800058364868,
   -1.1196907758712769
  ],
  "euler_order": "XYZ",
  "rotation_matrix": [
   [
    0.43590468168258667,
    -0.29232120513916016,
    -0.8511964678764343
   ],
   [
    -0.8998499512672424,
    -0.1584143042564392,
    -0.40641728043556213
   ],
   [
    -0.016037313267588615,
    0.9431082606315613,
    -0.33209875226020813
   ]
  ]
 },
 {
  "rotation_euler": [
   1.9209274053573608,
   -0.0074222800321877,
   0.4723491072654724
  ],
  "euler_order": "XYZ",
  "rotation_matrix": [
   [
    0.8904774188995361,
    0.1498589813709259,
    0.429641991853714
   ],
   [
    0.4549669027328491,
    -0.30863288044929504,
    -0.8353148102760315
   ],
   [
    0.007422212045639753,
    0.9393019080162048,
    -0.3430114984512329
   ]
  ]
 },
 {
  "rotation_euler": [
   2.3219311237335205,
   -0.6578378081321716,
   0.6959706544876099
  ],
  "euler_order": "XYZ",
  "rotation_matrix": [
   [
    0.6072810888290405,
    0.09459652751684189,
    0.788835346698761
   ],
   [
    0.5073369741439819,
    -0.8102608323097229,
    -0.29340505599975586
   ],
   [
    0.6114072799682617,
    0.5783846974372864,
    -0.5400484204292297
   ]
  ]
 },
 {
  "rotation_euler": [
   1.9163572788238525,
   0.002285953378304839,
   -2.6224417686462402
  ],
  "euler_order": "XYZ",
  "rotation_matrix": [
   [
    -0.8682385087013245,
    -0.16992326080799103,
    -0.46614158153533936
   ],
   [
    -0.49614179134368896,
    0.2930273413658142,
    0.8172994256019592
   ],
   [
    -0.0022859512828290462,
    0.9408831596374512,
    -0.33872362971305847
   ]
  ]
 },
 {
  "rotation_euler": [
   1.9092473983764648,
   0.01706031709909439,
   -2.558074474334717
  ],
  "euler_order": "XYZ",
  "rotation_matrix": [
   [
    -0.8344079852104187,
    -0.1963634043931961,
    -0.5149803161621094
   ],
   [
    -0.5508831739425659,
    0.26821988821029663,
    0.7903074026107788
   ],
   [
    -0.017059490084648132,
    0.9431328177452087,
    -0.33197811245918274
   ]
  ]
 },
 {
  "rotation_euler": [
   1.9189741611480713,
   -0.003982825670391321,
   1.6983100175857544
  ],
  "euler_order": "XYZ",
  "rotation_matrix": [
   [
    -0.12716740369796753,
    0.3388915956020355,
    0.9321914911270142
   ],
   [
    0.9918732643127441,
    0.03967459127306938,
    0.12088564038276672
   ],
   [
    0.003982814960181713,
    0.9399884939193726,
    -0.3411828279495239
   ]
  ]
 },
 {
  "rotation_euler": [
   1.9136202335357666,
   0.01197378896176815,
   1.951300024986267
  ],
  "euler_order": "XYZ",
  "rotation_matrix": [
   [
    -0.37136155366897583,
    0.30791786313056946,
    0.8759436011314392
   ],
   [
    0.9284111261367798,
    0.13531161844730377,
    0.3460398018360138
   ],
   [
    -0.011973503045737743,
    0.9417416453361511,
    -0.33612391352653503
   ]
  ]
 },
 {
  "rotation_euler": [
   1.909419298171997,
   0.018353022634983063,
   2.6006829738616943
  ],
  "euler_order": "XYZ",
  "rotation_matrix": [
   [
    -0.857096254825592,
    0.1562105268239975,
    0.49090149998664856
   ],
   [
    0.5148292779922485,
    0.2936786413192749,
    0.8054214119911194
   ],
   [
    -0.018351992592215538,
    0.9430541396141052,
    -0.33213263750076294
   ]
  ]
 },
 {
  "rotation_euler": [
   1.922467827796936,
   -0.011559548787772655,
   1.6494919061660767
  ],
  "euler_order": "XYZ",
  "rotation_matrix": [
   [
    -0.07860912382602692,
    0.3442545235157013,
    0.9355797171592712
   ],
   [
    0.9968385100364685,
    0.016261840239167213,
    0.07777251303195953
   ],
   [
    0.011559291742742062,
    0.9387355446815491,
    -0.34444448351860046
   ]
  ]
 },
 {
  "rotation_euler": [
   1.9460573196411133,
   -0.05841289460659027,
   -2.673320770263672
  ],
  "euler_order": "XYZ",
  "rotation_matrix": [
   [
    -0.8908276557922363,
    -0.11695494502782822,
    -0.43903034925460815
   ],
   [
    -0.4505750834941864,
    0.3515756130218506,
    0.8205953240394592
   ],
   [
    0.05837968364357948,
    0.9288251399993896,
    -0.3658902645111084
   ]
  ]
 },
 {
  "rotation_euler": [
   -3.1337437629699707,
   -0.9676047563552856,
   0.5167503356933594
  ],
  "euler_order": "XYZ",
  "rotation_matrix": [
   [
    0.49320438504219055,
    0.499661922454834,
    0.7121006846427917
   ],
   [
    0.28026577830314636,
    -0.8662090301513672,
    0.4136821925640106
   ],
   [
    0.8235293030738831,
    -0.00445242365822196,
    -0.5672562122344971
   ]
  ]
 },
 {
  "rotation_euler": [
   -1.2515660524368286,
   3.0943355560302734,
   0.3238566219806671
  ],
  "euler_order": "XYZ",
  "rotation_matrix": [
   [
    -0.9469568133354187,
    -0.14239159226417542,
    -0.288092702627182
   ],
   [
    -0.31786978244781494,
    0.28324782848358154,
    0.9048367142677307
   ],
   [
    -0.0472395084798336,
    0.9484172463417053,
    -0.31348544359207153
   ]
  ]
 }
]