[
 {
  "rotation_euler": [
   4.649068068829365e-05,
   2.1282043235260062e-05,
   -1.1051905155181885
  ],
  "euler_order": "XYZ",
  "rotation_matrix": [
   [
    0.4489642083644867,
    0.8935497403144836,
    -3.198685953975655e-05
   ],
   [
    -0.8935497403144836,
    0.4489642083644867,
    -3.988921525888145e-05
   ],
   [
    -2.1282043235260062e-05,
    4.649068068829365e-05,
    1.0
   ]
  ]
 },
 {
  "rotation_euler": [
   4.445036393008195e-05,
   2.3607999537489377e-06,
   -2.9303689002990723
  ],
  "euler_order": "XYZ",
  "rotation_matrix": [
   [
    -0.9777750968933105,
    0.20965661108493805,
    -1.1627644198597409e-05
   ],
   [
    -0.20965661108493805,
    -0.9777750968933105,
    4.2967501940438524e-05
   ],
   [
    -2.3607999537489377e-06,
    4.445036393008195e-05,
    1.0
   ]
  ]
 },
 {
  "rotation_euler": [
   4.5201970351627097e-05,
   -2.167818422549317e-07,
   2.203260898590088
  ],
  "euler_order": "XYZ",
  "rotation_matrix": [
   [
    -0.5911344289779663,
    -0.8065730929374695,
    3.658683999674395e-05
   ],
   [
    0.8065730929374695,
    -0.5911344289779663,
    2.6545589207671583e-05
   ],
   [
    2.167818422549317e-07,
    4.5201970351627097e-05,
    1.0
   ]
  ]
 },
 {
  "rotation_euler": [
   4.520671791397035e-05,
   -2.7220244191994425e-07,
   -2.8909566402435303
  ],
  "euler_order": "XYZ",
  "rotation_matrix": [
   [
    -0.9687548875808716,
    0.24802015721797943,
    -1.0948479939543176e-05
   ],
   [
    -0.24802015721797943,
    -0.9687548875808716,
    4.386173895909451e-05
   ],
   [
    2.7220244191994425e-07,
    4.520671791397035e-05,
    1.0
   ]
  ]
 },
 {
  "rotation_euler": [
   4.5189539378043264e-05,
   -2.5061413566618285e-07,
   -2.613773822784424
  ],
  "euler_order": "XYZ",
  "rotation_matrix": [
   [
    -0.8639076948165894,
    0.5036501884460449,
    -2.2543214072356932e-05
   ],
   [
    -0.5036501884460449,
    -0.8639076948165894,
    3.916581044904888e-05
   ],
   [
    2.5061413566618285e-07,
    4.5189539378043264e-05,
    1.0
   ]
  ]
 },
 {
  "rotation_euler": [
   4.5214183046482503e-05,
   -2.7345163289282937e-07,
   -1.7723256349563599
  ],
  "euler_order": "XYZ",
  "rotation_matrix": [
   [
    -0.2001679241657257,
    0.9797616004943848,
    -4.424438520800322e-05
   ],
   [
    -0.9797616004943848,
    -0.2001679241657257,
    9.318346201325767e-06
   ],
   [
    2.7345163289282937e-07,
    4.5214183046482503e-05,
    1.0
   ]
  ]
 },
 {
  "rotation_euler": [
   4.4559554225998e-05,
   -9.263482780852428e-08,
   -1.684203028678894
  ],
  "euler_order": "XYZ",
  "rotation_matrix": [
   [
    -0.1131637692451477,
    0.9935763478279114,
    -4.426283703651279e-05
   ],
   [
    -0.9935763478279114,
    -0.1131637692451477,
    5.134566890774295e-06
   ],
   [
    9.263482780852428e-08,
    4.4559554225998e-05,
    1.0
   ]
  ]
 },
 {
  "rotation_euler": [
   4.438932955963537e-05,
   1.6219771623582346e-06,
   1.7094383239746094
  ],
  "euler_order": "XYZ",
  "rotation_matrix": [
   [
    -0.13819827139377594,
    -0.9904046058654785,
    4.373924093670212e-05
   ],
   [
    0.9904046058654785,
    -0.13819827139377594,
    7.740942237433046e-06
   ],
   [
    -1.6219771623582346e-06,
    4.438932955963537e-05,
    1.0
   ]
  ]
 },
 {
  "rotation_euler": [
   4.471449938137084e-05,
   -1.8115579791810887e-07,
   1.189833641052246
  ],
  "euler_order": "XYZ",
  "rotation_matrix": [
   [
    0.3718143105506897,
    -0.9283071160316467,
    4.144143167650327e-05
   ],
   [
    0.9283071160316467,
    0.3718143105506897,
    -1.6793659597169608e-05
   ],
   [
    1.8115579791810887e-07,
    4.471449938137084e-05,
    1.0
   ]
  ]
 },
 {
  "rotation_euler": [
   4.48382124886848e-05,
   -2.1919656489899353e-07,
   0.8457030653953552
  ],
  "euler_order": "XYZ",
  "rotation_matrix": [
   [
    0.6632052659988403,
    -0.7484375834465027,
    3.3413230994483456e-05
   ],
   [
    0.7484375834465027,
    0.6632052659988403,
    -2.9900993467890657e-05
   ],
   [
    2.1919656489899353e-07,
    4.48382124886848e-05,
    1.0
   ]
  ]
 },
 {
  "rotation_euler": [
   4.5206837967270985e-05,
   -2.727827279613848e-07,
   -2.8574345111846924
  ],
  "euler_order": "XYZ",
  "rotation_matrix": [
   [
    -0.9598979949951172,
    0.280349463224411,
    -1.2411868738126941e-05
   ],
   [
    -0.280349463224411,
    -0.9598979949951172,
    4.3470427044667304e-05
   ],
   [
    2.727827279613848e-07,
    4.5206837967270985e-05,
    1.0
   ]
  ]
 },
 {
  "rotation_euler": [
   4.5186061470303684e-05,
   -8.590301376898424e-07,
   0.6148003935813904
  ],
  "euler_order": "XYZ",
  "rotation_matrix": [
   [
    0.8168885707855225,
    -0.5767954587936401,
    2.5361383450217545e-05
   ],
   [
    0.5767954587936401,
    0.8168885707855225,
    -3.740746251423843e-05
   ],
   [
    8.590301376898424e-07,
    4.5186061470303684e-05,
    1.0
   ]
  ]
 },
 {
  "rotation_euler": [
   4.3409130739746615e-05,
   8.554184773856832e-07,
   2.648937702178955
  ],
  "euler_order": "XYZ",
  "rotation_matrix": [
   [
    -0.8810802698135376,
    -0.4729667901992798,
    1.9777384295593947e-05
   ],
   [
    0.4729667901992798,
    -0.8810802698135376,
    3.865151302306913e-05
   ],
   [
    -8.554184773856832e-07,
    4.3409130739746615e-05,
    1.0
   ]
  ]
 },
 {
  "rotation_euler": [
   4.324438123148866e-05,
   1.334853436674166e-06,
   2.7794718742370605
  ],
  "euler_order": "XYZ",
  "rotation_matrix": [
   [
    -0.9351476430892944,
    -0.354258269071579,
    1.4071394616621546e-05
   ],
   [
    0.354258269071579,
    -0.9351476430892944,
    4.091276423423551e-05
   ],
   [
    -1.334853436674166e-06,
    4.324438123148866e-05,
    1.0
   ]
  ]
 },
 {
  "rotation_euler": [
   4.598180021275766e-05,
   1.2517798495537136e-06,
   -1.8221251964569092
  ],
  "euler_order": "XYZ",
  "rotation_matrix": [
   [
    -0.24869130551815033,
    0.968582808971405,
    -4.484848614083603e-05
   ],
   [
    -0.968582808971405,
    -0.24869130551815033,
    1.022282140183961e-05
   ],
   [
    -1.2517798495537136e-06,
    4.598180021275766e-05,
    1.0
   ]
  ]
 },
 {
  "rotation_euler": [
   4.4538308429764584e-05,
   2.15440643103193e-08,
   -1.3031656742095947
  ],
  "euler_order": "XYZ",
  "rotation_matrix": [
   [
    0.2644471824169159,
    0.9644001722335815,
    -4.294705649954267e-05
   ],
   [
    -0.9644001722335815,
    0.2644471824169159,
    -1.1798807463492267e-05
   ],
   [
    -2.15440643103193e-08,
    4.4538308429764584e-05,
    1.0
   ]
  ]
 }
]