[
 {
  "rotation_euler": [
   -1.640026330947876,
   0.09883463382720947,
   2.7821123600006104
  ],
  "euler_order": "XYZ",
  "rotation_matrix": [
   [
    -0.9315115213394165,
    0.11648011207580566,
    -0.34455567598342896
   ],
   [
    0.3500710129737854,
    0.030123963952064514,
    -0.9362386465072632
   ],
   [
    -0.09867380559444427,
    -0.9927361011505127,
    -0.06883713603019714
   ]
  ]
 },
 {
  "rotation_euler": [
   1.6637954711914062,
   -0.051866866648197174,
   2.2334885597229004
  ],
  "euler_order": "XYZ",
  "rotation_matrix": [
   [
    -0.6144140958786011,
    0.10496769845485687,
    0.7819700241088867
   ],
   [
    0.7872785925865173,
    0.016440773382782936,
    0.6163782477378845
   ],
   [
    0.051843613386154175,
    0.9943397045135498,
    -0.0927402600646019
   ]
  ]
 },
 {
  "rotation_euler": [
   -0.3633275032043457,
   -0.08226944506168365,
   1.533569097518921
  ],
  "euler_order": "XYZ",
  "rotation_matrix": [
   [
    0.037092749029397964,
    -0.9329848885536194,
    -0.3579990863800049
   ],
   [
    0.9959272742271423,
    0.06397322565317154,
    -0.06353192031383514
   ],
   [
    0.08217667043209076,
    -0.35418447852134705,
    0.9315580129623413
   ]
  ]
 },
 {
  "rotation_euler": [
   0.010774367488920689,
   0.04109134525060654,
   -1.033524990081787
  ],
  "euler_order": "XYZ",
  "rotation_matrix": [
   [
    0.5113616585731506,
    0.8592850565910339,
    0.011766982264816761
   ],
   [
    -0.8583831787109375,
    0.5113837122917175,
    -0.04080408439040184
   ],
   [
    -0.04107978194952011,
    0.010765064507722855,
    0.9990978837013245
   ]
  ]
 },
 {
  "rotation_euler": [
   -1.5873689651489258,
   -0.029440179467201233,
   2.65740966796875
  ],
  "euler_order": "XYZ",
  "rotation_matrix": [
   [
    -0.8846720457077026,
    -0.01833488419651985,
    -0.465853214263916
   ],
   [
    0.46528369188308716,
    0.028367146849632263,
    -0.884706974029541
   ],
   [
    0.02943592704832554,
    -0.9994294047355652,
    -0.01656469888985157
   ]
  ]
 },
 {
  "rotation_euler": [
   -1.54051673412323,
   0.05044226348400116,
   -0.2610214054584503
  ],
  "euler_order": "XYZ",
  "rotation_matrix": [
   [
    0.9648980498313904,
    -0.04087764769792557,
    0.25942397117614746
   ],
   [
    -0.25773924589157104,
    0.04225548356771469,
    0.9652900695800781
   ],
   [
    -0.05042087659239769,
    -0.9982702732086182,
    0.030236458405852318
   ]
  ]
 },
 {
  "rotation_euler": [
   1.463012933731079,
   -0.05739884823560715,
   -3.0493619441986084
  ],
  "euler_order": "XYZ",
  "rotation_matrix": [
   [
    -0.9941099286079407,
    0.06669966131448746,
    -0.08542049676179886
   ],
   [
    -0.09194833040237427,
    -0.10186473280191422,
    0.9905397891998291
   ],
   [
    0.05736733600497246,
    0.9925596714019775,
    0.10739766061306
   ]
  ]
 },
 {
  "rotation_euler": [
   1.5706716775894165,
   0.0001802205079002306,
   -2.545337200164795
  ],
  "euler_order": "XYZ",
  "rotation_matrix": [
   [
    -0.8274441361427307,
    -7.912589353509247e-05,
    -0.5615480542182922
   ],
   [
    -0.5615479946136475,
    -0.00020434272300917655,
    0.8274441361427307
   ],
   [
    -0.0001802205079002306,
    1.0,
    0.00012464920291677117
   ]
  ]
 },
 {
  "rotation_euler": [
   -1.7803140878677368,
   0.026370469480752945,
   1.4399527311325073
  ],
  "euler_order": "XYZ",
  "rotation_matrix": [
   [
    0.13042521476745605,
    0.20284543931484222,
    -0.9704859256744385
   ],
   [
    0.9911074638366699,
    -0.052706681191921234,
    0.12218011915683746
   ],
   [
    -0.026367412880063057,
    -0.9777912497520447,
    -0.20791591703891754
   ]
  ]
 },
 {
  "rotation_euler": [
   -0.010497601702809334,
   -0.19256749749183655,
   1.5626599788665771
  ],
  "euler_order": "XYZ",
  "rotation_matrix": [
   [
    0.007985868491232395,
    -0.999895453453064,
    -0.012054089456796646
   ],
   [
    0.9814836382865906,
    0.010144732892513275,
    -0.19127728044986725
   ],
   [
    0.19137956202030182,
    -0.010303376242518425,
    0.9814620018005371
   ]
  ]
 },
 {
  "rotation_euler": [
   -1.5094712972640991,
   0.03197517246007919,
   0.3598509430885315
  ],
  "euler_order": "XYZ",
  "rotation_matrix": [
   [
    0.9354708790779114,
    -0.051446933299303055,
    -0.349638968706131
   ],
   [
    0.35195472836494446,
    0.0461246632039547,
    0.9348798990249634
   ],
   [
    -0.03196972236037254,
    -0.9976100325584412,
    0.06125527247786522
   ]
  ]
 },
 {
  "rotation_euler": [
   1.6500335931777954,
   -0.022856421768665314,
   1.7310994863510132
  ],
  "euler_order": "XYZ",
  "rotation_matrix": [
   [
    -0.15957579016685486,
    0.08177605271339417,
    0.983792781829834
   ],
   [
    0.9869210720062256,
    -0.009856201708316803,
    0.1609025001525879
   ],
   [
    0.022854432463645935,
    0.9966019988059998,
    -0.07913370430469513
   ]
  ]
 },
 {
  "rotation_euler": [
   -1.5242578983306885,
   0.13299518823623657,
   -2.811164379119873
  ],
  "euler_order": "XYZ",
  "rotation_matrix": [
   [
    -0.9375503659248352,
    0.1403881311416626,
    0.31826165318489075
   ],
   [
    -0.32158300280570984,
    -0.0010286016622558236,
    -0.9468808174133301
   ],
   [
    -0.1326034665107727,
    -0.9900960326194763,
    0.04611080512404442
   ]
  ]
 },
 {
  "rotation_euler": [
   -0.02265295758843422,
   -0.02536655217409134,
   -1.5135321617126465
  ],
  "euler_order": "XYZ",
  "rotation_matrix": [
   [
    0.057214461266994476,
    0.9981375932693481,
    0.021162619814276695
   ],
   [
    -0.9980396628379822,
    0.05664461478590965,
    0.026612142100930214
   ],
   [
    0.025363832712173462,
    -0.022643733769655228,
    0.9994217753410339
   ]
  ]
 },
 {
  "rotation_euler": [
   1.5233111381530762,
   -0.0652502104640007,
   3.0838141441345215
  ],
  "euler_order": "XYZ",
  "rotation_matrix": [
   [
    -0.9962068200111389,
    0.062280669808387756,
    0.060771167278289795
   ],
   [
    0.0576234795153141,
    -0.05114918202161789,
    0.9970272183418274
   ],
   [
    0.06520392000675201,
    0.9967471361160278,
    0.04736633226275444
   ]
  ]
 },
 {
  "rotation_euler": [
   -1.5840667486190796,
   -0.042081158608198166,
   2.2861905097961426
  ],
  "euler_order": "XYZ",
  "rotation_matrix": [
   [
    -0.6553343534469604,
    -0.017574407160282135,
    -0.7551344633102417
   ],
   [
    0.7541664838790894,
    0.04045616462826729,
    -0.6554358601570129
   ],
   [
    0.042068738490343094,
    -0.9990267753601074,
    -0.013258284889161587
   ]
  ]
 }
]