[
 {
  "rotation_euler": [
   -0.004430441185832024,
   0.012875797227025032,
   0.7383838295936584
  ],
  "euler_order": "XYZ",
  "rotation_matrix": [
   [
    0.7394960522651672,
    -0.673129141330719,
    0.006539942231029272
   ],
   [
    0.6730377674102783,
    0.7395117282867432,
    0.011942845769226551
   ],
   [
    -0.012875441461801529,
    -0.004430059343576431,
    0.9999073147773743
   ]
  ]
 },
 {
  "rotation_euler": [
   1.624614953994751,
   -1.5269248485565186,
   0.035316720604896545
  ],
  "euler_order": "XYZ",
  "rotation_matrix": [
   [
    0.043830059468746185,
    -0.9950698614120483,
    0.08896563947200775
   ],
   [
    0.0015485777985304594,
    -0.0889834389090538,
    -0.9960318803787231
   ],
   [
    0.9990378022193909,
    0.04379390552639961,
    -0.0023592060897499323
   ]
  ]
 },
 {
  "rotation_euler": [
   1.7639496326446533,
   1.742449164390564,
   0.5467802286148071
  ],
  "euler_order": "XYZ",
  "rotation_matrix": [
   [
    -0.14590738713741302,
    0.9258027672767639,
    0.348712295293808
   ],
   [
    -0.0888114646077156,
    0.3388035297393799,
    -0.93665611743927
   ],
   [
    -0.9853038191795349,
    -0.16763469576835632,
    0.03278796747326851
   ]
  ]
 },
 {
  "rotation_euler": [
   -0.0044282786548137665,
   0.01286282017827034,
   0.99691241979599
  ],
  "euler_order": "XYZ",
  "rotation_matrix": [
   [
    0.5428529381752014,
    -0.839821457862854,
    0.00326408538967371
   ],
   [
    0.8397292494773865,
    0.5428446531295776,
    0.013205871917307377
   ],
   [
    -0.012862465344369411,
    -0.004427897743880749,
    0.9999074935913086
   ]
  ]
 },
 {
  "rotation_euler": [
   -1.5169957876205444,
   -1.6146674156188965,
   0.5960781574249268
  ],
  "euler_order": "XYZ",
  "rotation_matrix": [
   [
    -0.036293599754571915,
    0.795362114906311,
    -0.6050469875335693
   ],
   [
    -0.0246213860809803,
    0.6045504212379456,
    0.7961862683296204
   ],
   [
    0.9990378022193909,
    0.043793559074401855,
    -0.002358393045142293
   ]
  ]
 },
 {
  "rotation_euler": [
   -1.3777107000350952,
   1.3991432189941406,
   -0.42185935378074646
  ],
  "euler_order": "XYZ",
  "rotation_matrix": [
   [
    0.15583622455596924,
    -0.8036465048789978,
    0.5743407607078552
   ],
   [
    -0.0699400082230568,
    0.5710079073905945,
    0.8179598450660706
   ],
   [
    -0.9853037595748901,
    -0.1676371693611145,
    0.03277667239308357
   ]
  ]
 },
 {
  "rotation_euler": [
   -0.004417272750288248,
   0.012831022031605244,
   -2.2258965969085693
  ],
  "euler_order": "XYZ",
  "rotation_matrix": [
   [
    -0.6091886162757874,
    0.7930136322975159,
    -0.0043140375055372715
   ],
   [
    -0.7929215431213379,
    -0.60918790102005,
    -0.012865617871284485
   ],
   [
    -0.012830669991672039,
    -0.004416894633322954,
    0.999907910823822
   ]
  ]
 },
 {
  "rotation_euler": [
   -0.004430300090461969,
   0.012875258922576904,
   -0.06459848582744598
  ],
  "euler_order": "XYZ",
  "rotation_matrix": [
   [
    0.9978315234184265,
    0.0644960105419159,
    0.013133914209902287
   ],
   [
    -0.06454821676015854,
    0.9979081153869629,
    0.0035899323411285877
   ],
   [
    -0.012874903157353401,
    -0.004429918248206377,
    0.9999073147773743
   ]
  ]
 },
 {
  "rotation_euler": [
   -0.004430262837558985,
   0.01287441048771143,
   -2.6687984466552734
  ],
  "euler_order": "XYZ",
  "rotation_matrix": [
   [
    -0.8902255892753601,
    0.455422043800354,
    -0.009444222785532475
   ],
   [
    -0.4553380012512207,
    -0.890264630317688,
    -0.009806722402572632
   ],
   [
    -0.012874054722487926,
    -0.004429880995303392,
    0.9999073147773743
   ]
  ]
 },
 {
  "rotation_euler": [
   -0.004430400673300028,
   0.012875470332801342,
   -2.932598114013672
  ],
  "euler_order": "XYZ",
  "rotation_matrix": [
   [
    -0.9781589508056641,
    0.2075301855802536,
    -0.011675627902150154
   ],
   [
    -0.2074592262506485,
    -0.9782185554504395,
    -0.0070052375085651875
   ],
   [
    -0.012875114567577839,
    -0.0044300188310444355,
    0.9999073147773743
   ]
  ]
 },
 {
  "rotation_euler": [
   -1.5169528722763062,
   -1.6146682500839233,
   -0.7959123849868774
  ],
  "euler_order": "XYZ",
  "rotation_matrix": [
   [
    -0.03068440593779087,
    0.7363997101783752,
    0.675850510597229
   ],
   [
    0.03133653104305267,
    -0.6751278042793274,
    0.7370349168777466
   ],
   [
    0.9990378022193909,
    0.04379429295659065,
    -0.002360317390412092
   ]
  ]
 },
 {
  "rotation_euler": [
   -0.004416917450726032,
   0.012828702107071877,
   -1.5361649990081787
  ],
  "euler_order": "XYZ",
  "rotation_matrix": [
   [
    0.03462155535817146,
    0.9993886947631836,
    0.004858424421399832
   ],
   [
    -0.9993181824684143,
    0.034680694341659546,
    -0.012667600996792316
   ],
   [
    -0.012828350067138672,
    -0.004416539799422026,
    0.9999079704284668
   ]
  ]
 },
 {
  "rotation_euler": [
   -1.3780049085617065,
   1.3991267681121826,
   -0.20199130475521088
  ],
  "euler_order": "XYZ",
  "rotation_matrix": [
   [
    0.1673545092344284,
    -0.908946692943573,
    0.3818485736846924
   ],
   [
    -0.03427152708172798,
    0.381713330745697,
    0.9236451387405396
   ],
   [
    -0.9853009581565857,
    -0.16766272485256195,
    0.032730456441640854
   ]
  ]
 },
 {
  "rotation_euler": [
   -0.0044312626123428345,
   0.012878898531198502,
   0.16548804938793182
  ],
  "euler_order": "XYZ",
  "rotation_matrix": [
   [
    0.9862563014030457,
    -0.1647884100675583,
    0.011972496286034584
   ],
   [
    0.1647200733423233,
    0.9863190054893494,
    0.006492218468338251
   ],
   [
    -0.012878542765974998,
    -0.004430880770087242,
    0.9999072551727295
   ]
  ]
 },
 {
  "rotation_euler": [
   1.763649582862854,
   1.742466688156128,
   0.5839278697967529
  ],
  "euler_order": "XYZ",
  "rotation_matrix": [
   [
    -0.14252275228500366,
    0.9124637246131897,
    0.3835325539112091
   ],
   [
    -0.09417858719825745,
    0.37322860956192017,
    -0.9229468107223511
   ],
   [
    -0.9853007793426514,
    -0.16766147315502167,
    0.03274097666144371
   ]
  ]
 },
 {
  "rotation_euler": [
   -0.00441580917686224,
   0.01282851304858923,
   1.0492959022521973
  ],
  "euler_order": "XYZ",
  "rotation_matrix": [
   [
    0.49814069271087646,
    -0.8670924305915833,
    0.0025618774816393852
   ],
   [
    0.8670013546943665,
    0.49812769889831543,
    0.013322707265615463
   ],
   [
    -0.012828161008656025,
    -0.004415431525558233,
    0.9999079704284668
   ]
  ]
 }
]