[
 {
  "rotation_euler": [
   1.0676988363265991,
   -0.027982089668512344,
   1.5321810245513916
  ],
  "euler_order": "XYZ",
  "rotation_matrix": [
   [
    0.03859059140086174,
    -0.48272839188575745,
    0.8749194741249084
   ],
   [
    0.9988633394241333,
    -0.005880035925656557,
    -0.04730171337723732
   ],
   [
    0.02797843888401985,
    0.8757503628730774,
    0.4819527864456177
   ]
  ]
 },
 {
  "rotation_euler": [
   7.5786251727549825e-06,
   1.0816722351592034e-05,
   0.5293576717376709
  ],
  "euler_order": "XYZ",
  "rotation_matrix": [
   [
    0.863131582736969,
    -0.5049790143966675,
    1.316330144618405e-05
   ],
   [
    0.5049790143966675,
    0.863131582736969,
    -1.0791329714265885e-06
   ],
   [
    -1.0816722351592034e-05,
    7.5786251727549825e-06,
    1.0
   ]
  ]
 },
 {
  "rotation_euler": [
   9.510512427368667e-06,
   -7.151963018259266e-06,
   -2.723736524581909
  ],
  "euler_order": "XYZ",
  "rotation_matrix": [
   [
    -0.9139610528945923,
    0.4058019816875458,
    2.6772306682687486e-06
   ],
   [
    -0.4058019816875458,
    -0.9139610528945923,
    1.1594518582569435e-05
   ],
   [
    7.151963018259266e-06,
    9.510512427368667e-06,
    1.0
   ]
  ]
 },
 {
  "rotation_euler": [
   -1.9067779248871375e-06,
   -7.085067750267626e-07,
   -0.004256550222635269
  ],
  "euler_order": "XYZ",
  "rotation_matrix": [
   [
    0.9999909400939941,
    0.0042565371841192245,
    -7.003840778452286e-07
   ],
   [
    -0.0042565371841192245,
    0.9999909400939941,
    1.909776528918883e-06
   ],
   [
    7.085067750267626e-07,
    -1.9067779248871375e-06,
    1.0
   ]
  ]
 },
 {
  "rotation_euler": [
   7.128258403099608e-06,
   -8.431536116404459e-06,
   -2.8235867023468018
  ],
  "euler_order": "XYZ",
  "rotation_matrix": [
   [
    -0.9498608112335205,
    0.3126731216907501,
    5.779970706498716e-06
   ],
   [
    -0.3126731216907501,
    -0.9498608112335205,
    9.407167453900911e-06
   ],
   [
    8.431536116404459e-06,
    7.128258403099608e-06,
    1.0
   ]
  ]
 },
 {
  "rotation_euler": [
   1.063094139099121,
   -5.425134986580815e-06,
   -2.9505491256713867
  ],
  "euler_order": "XYZ",
  "rotation_matrix": [
   [
    -0.9818066358566284,
    0.09232044219970703,
    -0.16592979431152344
   ],
   [
    -0.1898835450410843,
    -0.47732457518577576,
    0.857965886592865
   ],
   [
    5.425134986580815e-06,
    0.873863935470581,
    0.48617056012153625
   ]
  ]
 },
 {
  "rotation_euler": [
   1.063093900680542,
   5.8871773944702e-06,
   2.9803919792175293
  ],
  "euler_order": "XYZ",
  "rotation_matrix": [
   [
    -0.9870352745056152,
    -0.07803715020418167,
    0.14025531709194183
   ],
   [
    0.16050343215465546,
    -0.4798668622970581,
    0.8625348806381226
   ],
   [
    -5.8871773944702e-06,
    0.8738638162612915,
    0.48617076873779297
   ]
  ]
 },
 {
  "rotation_euler": [
   -0.011381528340280056,
   1.4754003286361694,
   0.044777482748031616
  ],
  "euler_order": "XYZ",
  "rotation_matrix": [
   [
    0.09515590220689774,
    -0.05607780069112778,
    0.9938815832138062
   ],
   [
    0.004263691604137421,
    0.9984258413314819,
    0.05592598393559456
   ],
   [
    -0.9954532384872437,
    -0.0010840827599167824,
    0.09524520486593246
   ]
  ]
 },
 {
  "rotation_euler": [
   1.073652982711792,
   0.06478667259216309,
   -0.5654549598693848
  ],
  "euler_order": "XYZ",
  "rotation_matrix": [
   [
    0.8425735235214233,
    0.30357882380485535,
    -0.4448704421520233
   ],
   [
    -0.5346759557723999,
    0.3721928000450134,
    -0.758679211139679
   ],
   [
    -0.0647413581609726,
    0.8771045804023743,
    0.4759160876274109
   ]
  ]
 },
 {
  "rotation_euler": [
   7.078180351527408e-05,
   -0.00010984985419781879,
   -2.815946578979492
  ],
  "euler_order": "XYZ",
  "rotation_matrix": [
   [
    -0.9474442005157471,
    0.31992098689079285,
    8.143203012878075e-05
   ],
   [
    -0.31992095708847046,
    -0.9474442005157471,
    0.00010220508556813002
   ],
   [
    0.00010984985419781879,
    7.078180351527408e-05,
    1.0
   ]
  ]
 },
 {
  "rotation_euler": [
   1.2182308435440063,
   1.2277781963348389,
   -1.4022246599197388
  ],
  "euler_order": "XYZ",
  "rotation_matrix": [
   [
    0.0564277321100235,
    0.4886939525604248,
    -0.8706285953521729
   ],
   [
    -0.3315635621547699,
    -0.8133557438850403,
    -0.478035569190979
   ],
   [
    -0.9417438507080078,
    0.31564319133758545,
    0.11613729596138
   ]
  ]
 },
 {
  "rotation_euler": [
   1.2483654022216797,
   1.1895450353622437,
   2.084615468978882
  ],
  "euler_order": "XYZ",
  "rotation_matrix": [
   [
    -0.1828809380531311,
    -0.7086632251739502,
    0.6814330220222473
   ],
   [
    0.3240366280078888,
    0.6109437942504883,
    0.7223212122917175
   ],
   [
    -0.9281997680664062,
    0.35290804505348206,
    0.11790286004543304
   ]
  ]
 },
 {
  "rotation_euler": [
   -1.377223014831543,
   -1.4199259281158447,
   1.0511969327926636
  ],
  "euler_order": "XYZ",
  "rotation_matrix": [
   [
    0.07462818175554276,
    0.31474602222442627,
    -0.9462375640869141
   ],
   [
    0.13046200573444366,
    0.9376466274261475,
    0.3221777379512787
   ],
   [
    0.9886406064033508,
    -0.14749158918857574,
    0.028912464156746864
   ]
  ]
 },
 {
  "rotation_euler": [
   1.063092589378357,
   -5.678331035596784e-06,
   2.8512065410614014
  ],
  "euler_order": "XYZ",
  "rotation_matrix": [
   [
    -0.9581333994865417,
    -0.13919705152511597,
    0.2502090632915497
   ],
   [
    0.2863222062587738,
    -0.46581897139549255,
    0.8372766971588135
   ],
   [
    5.678331035596784e-06,
    0.873863160610199,
    0.4861719012260437
   ]
  ]
 },
 {
  "rotation_euler": [
   1.0630937814712524,
   5.539431185752619e-06,
   2.9916303157806396
  ],
  "euler_order": "XYZ",
  "rotation_matrix": [
   [
    -0.988776683807373,
    -0.07263914495706558,
    0.13055336475372314
   ],
   [
    0.14940088987350464,
    -0.48071369528770447,
    0.8640565276145935
   ],
   [
    -5.539431185752619e-06,
    0.8738637566566467,
    0.48617085814476013
   ]
  ]
 },
 {
  "rotation_euler": [
   1.829354187066201e-05,
   -1.8968976291944273e-05,
   -1.5427279472351074
  ],
  "euler_order": "XYZ",
  "rotation_matrix": [
   [
    0.02806469425559044,
    0.9996061325073242,
    -1.881869502540212e-05
   ],
   [
    -0.9996061325073242,
    0.02806469425559044,
    1.8448101400281303e-05
   ],
   [
    1.8968976291944273e-05,
    1.829354187066201e-05,
    1.0
   ]
  ]
 }
]