[
 {
  "rotation_euler": [
   0.2307383418083191,
   -2.064493179321289,
   -1.8725197315216064
  ],
  "euler_order": "XYZ",
  "rotation_matrix": [
   [
    0.14082245528697968,
    0.9893662333488464,
    0.03638039901852608
   ],
   [
    0.4524771571159363,
    -0.0970011055469513,
    0.8864847421646118
   ],
   [
    0.8805869817733765,
    -0.1083756610751152,
    -0.4613255262374878
   ]
  ]
 },
 {
  "rotation_euler": [
   0.1882072538137436,
   -1.9805681705474854,
   -1.019742488861084
  ],
  "euler_order": "XYZ",
  "rotation_matrix": [
   [
    -0.20859643816947937,
    0.747076690196991,
    -0.6311607956886292
   ],
   [
    0.339426189661026,
    0.6605454087257385,
    0.6696787476539612
   ],
   [
    0.9172117710113525,
    -0.0745398998260498,
    -0.39136481285095215
   ]
  ]
 },
 {
  "rotation_euler": [
   0.2320680469274521,
   -2.0684499740600586,
   1.7616409063339233
  ],
  "euler_order": "XYZ",
  "rotation_matrix": [
   [
    0.09055053442716599,
    -0.9171890616416931,
    0.38802677392959595
   ],
   [
    -0.4686982333660126,
    -0.3830280005931854,
    -0.7959972023963928
   ],
   [
    0.8787050247192383,
    -0.10978949815034866,
    -0.4645683169364929
   ]
  ]
 },
 {
  "rotation_euler": [
   -0.10617668926715851,
   1.7723876237869263,
   -0.3082561492919922
  ],
  "euler_order": "XYZ",
  "rotation_matrix": [
   [
    -0.19079069793224335,
    0.20275187492370605,
    0.9604637622833252
   ],
   [
    0.0607488639652729,
    0.9790002107620239,
    -0.19459746778011322
   ],
   [
    -0.9797492027282715,
    0.02121969312429428,
    -0.19910107553005219
   ]
  ]
 },
 {
  "rotation_euler": [
   -2.9774131774902344,
   1.1946436166763306,
   -0.4793071448802948
  ],
  "euler_order": "XYZ",
  "rotation_matrix": [
   [
    0.3259505033493042,
    -0.5898489356040955,
    -0.7388061285018921
   ],
   [
    -0.16940642893314362,
    -0.805278480052948,
    0.5681795477867126
   ],
   [
    -0.9300848245620728,
    -0.060039911419153214,
    -0.36240512132644653
   ]
  ]
 },
 {
  "rotation_euler": [
   0.18897667527198792,
   -1.9817155599594116,
   0.10527025908231735
  ],
  "euler_order": "XYZ",
  "rotation_matrix": [
   [
    -0.39724090695381165,
    -0.27446770668029785,
    -0.8757094740867615
   ],
   [
    -0.041972815990448,
    0.9586640000343323,
    -0.281427800655365
   ],
   [
    0.9167540073394775,
    -0.07503864914178848,
    -0.392340749502182
   ]
  ]
 },
 {
  "rotation_euler": [
   0.08404884487390518,
   -1.8675955533981323,
   0.06994104385375977
  ],
  "euler_order": "XYZ",
  "rotation_matrix": [
   [
    -0.2917458415031433,
    -0.14972048997879028,
    -0.9447053074836731
   ],
   [
    -0.02043834701180458,
    0.9884234666824341,
    -0.15033729374408722
   ],
   [
    0.9562774896621704,
    -0.02455206960439682,
    -0.29142847657203674
   ]
  ]
 },
 {
  "rotation_euler": [
   -2.9149715900421143,
   -1.0860257148742676,
   0.3303173780441284
  ],
  "euler_order": "XYZ",
  "rotation_matrix": [
   [
    0.4408129155635834,
    0.5041013956069946,
    0.7426747679710388
   ],
   [
    0.15114571154117584,
    -0.8572739958763123,
    0.49217507243156433
   ],
   [
    0.8847818970680237,
    -0.10470502078533173,
    -0.4540902078151703
   ]
  ]
 },
 {
  "rotation_euler": [
   0.23109601438045502,
   2.066953420639038,
   -2.289324998855591
  ],
  "euler_order": "XYZ",
  "rotation_matrix": [
   [
    0.3133728504180908,
    0.6001690030097961,
    -0.7359310984611511
   ],
   [
    0.358358234167099,
    -0.7924065589904785,
    -0.49363061785697937
   ],
   [
    -0.8794184923171997,
    -0.10903654992580414,
    -0.4633942246437073
   ]
  ]
 },
 {
  "rotation_euler": [
   2.8048384189605713,
   1.4182294607162476,
   0.19847115874290466
  ],
  "euler_order": "XYZ",
  "rotation_matrix": [
   [
    0.14899227023124695,
    0.5062721371650696,
    -0.8494055867195129
   ],
   [
    0.029965156689286232,
    -0.8609104752540588,
    -0.5078732967376709
   ],
   [
    -0.9883842468261719,
    0.05021662265062332,
    -0.14343953132629395
   ]
  ]
 },
 {
  "rotation_euler": [
   0.2192872017621994,
   2.039083957672119,
   0.07431614398956299
  ],
  "euler_order": "XYZ",
  "rotation_matrix": [
   [
    -0.45011308789253235,
    0.12110926955938339,
    0.8847207427024841
   ],
   [
    -0.03351238742470741,
    0.9877712726593018,
    -0.15226569771766663
   ],
   [
    -0.8923425078392029,
    -0.09818588942289352,
    -0.4405501186847687
   ]
  ]
 },
 {
  "rotation_euler": [
   0.21762454509735107,
   2.034914970397949,
   -0.5594596266746521
  ],
  "euler_order": "XYZ",
  "rotation_matrix": [
   [
    -0.37938934564590454,
    0.6818458437919617,
    0.6254198551177979
   ],
   [
    0.23757247626781464,
    0.7250828742980957,
    -0.6463854312896729
   ],
   [
    -0.8942164182662964,
    -0.09664919972419739,
    -0.43707653880119324
   ]
  ]
 },
 {
  "rotation_euler": [
   0.23323549330234528,
   -2.0713043212890625,
   -1.9577797651290894
  ],
  "euler_order": "XYZ",
  "rotation_matrix": [
   [
    0.18110181391239166,
    0.9775047898292542,
    0.10810445994138718
   ],
   [
    0.4443856179714203,
    -0.17939671874046326,
    0.8776891231536865
   ],
   [
    0.8773388862609863,
    -0.11091102659702301,
    -0.46687814593315125
   ]
  ]
 },
 {
  "rotation_euler": [
   0.2528591752052307,
   -2.1270906925201416,
   0.5226671695709229
  ],
  "euler_order": "XYZ",
  "rotation_matrix": [
   [
    -0.45754435658454895,
    -0.6674064993858337,
    -0.5875557065010071
   ],
   [
    -0.2635953426361084,
    0.7328830361366272,
    -0.6272160410881042
   ],
   [
    0.8492176532745361,
    -0.13210220634937286,
    -0.5112517476081848
   ]
  ]
 },
 {
  "rotation_euler": [
   0.12259522080421448,
   1.9027211666107178,
   0.15202592313289642
  ],
  "euler_order": "XYZ",
  "rotation_matrix": [
   [
    -0.3221049904823303,
    -0.03602435067296028,
    0.9460182785987854
   ],
   [
    -0.04934908077120781,
    0.9985560774803162,
    0.021222369745373726
   ],
   [
    -0.9454168677330017,
    -0.03984929993748665,
    -0.32341766357421875
   ]
  ]
 },
 {
  "rotation_euler": [
   -2.917215585708618,
   1.0906530618667603,
   -0.28408148884773254
  ],
  "euler_order": "XYZ",
  "rotation_matrix": [
   [
    0.443392813205719,
    -0.46268150210380554,
    -0.7676774263381958
   ],
   [
    -0.1294611692428589,
    -0.8805472254753113,
    0.45593464374542236
   ],
   [
    -0.8869287371635437,
    -0.10277371853590012,
    -0.450327605009079
   ]
  ]
 }
]