[
 {
  "rotation_euler": [
   0.0490032359957695,
   -0.08802357316017151,
   -2.85546612739563
  ],
  "euler_order": "XYZ",
  "rotation_matrix": [
   [
    -0.9556301236152649,
    0.2860306203365326,
    0.0704096108675003
   ],
   [
    -0.2811456620693207,
    -0.956977367401123,
    0.0717739388346672
   ],
   [
    0.08790994435548782,
    0.0487939827144146,
    0.9949326515197754
   ]
  ]
 },
 {
  "rotation_euler": [
   0.044705577194690704,
   0.1273508071899414,
   -1.8931928873062134
  ],
  "euler_order": "XYZ",
  "rotation_matrix": [
   [
    -0.31427472829818726,
    0.9457327723503113,
    -0.08258888870477676
   ],
   [
    -0.9407978653907776,
    -0.32190757989883423,
    -0.10618312656879425
   ],
   [
    -0.12700685858726501,
    0.04432877525687218,
    0.9909108281135559
   ]
  ]
 },
 {
  "rotation_euler": [
   0.044705502688884735,
   0.12735073268413544,
   -2.7939839363098145
  ],
  "euler_order": "XYZ",
  "rotation_matrix": [
   [
    -0.9325761795043945,
    0.33497363328933716,
    -0.13451507687568665
   ],
   [
    -0.3378918766975403,
    -0.9411841630935669,
    -0.0012040314031764865
   ],
   [
    -0.12700678408145905,
    0.04432870075106621,
    0.9909108281135559
   ]
  ]
 },
 {
  "rotation_euler": [
   0.044705674052238464,
   0.12735047936439514,
   -1.5652800798416138
  ],
  "euler_order": "XYZ",
  "rotation_matrix": [
   [
    0.005471548065543175,
    0.9990170001983643,
    -0.04399020969867706
   ],
   [
    -0.9918867945671082,
    -0.00016522737860213965,
    -0.12712422013282776
   ],
   [
    -0.12700653076171875,
    0.04432887211441994,
    0.9909108281135559
   ]
  ]
 },
 {
  "rotation_euler": [
   0.044705506414175034,
   0.12735077738761902,
   -0.1998569816350937
  ],
  "euler_order": "XYZ",
  "rotation_matrix": [
   [
    0.9721580147743225,
    0.20389384031295776,
    0.11548198759555817
   ],
   [
    -0.1969214379787445,
    0.9779888987541199,
    -0.06899041682481766
   ],
   [
    -0.12700682878494263,
    0.044328704476356506,
    0.9909108281135559
   ]
  ]
 },
 {
  "rotation_euler": [
   0.04900319501757622,
   -0.08802271634340286,
   -2.2136640548706055
  ],
  "euler_order": "XYZ",
  "rotation_matrix": [
   [
    -0.5971722602844238,
    0.8020005822181702,
    0.013432162813842297
   ],
   [
    -0.7972812056541443,
    -0.5953270196914673,
    0.09964153170585632
   ],
   [
    0.08790909498929977,
    0.04879394546151161,
    0.9949327111244202
   ]
  ]
 },
 {
  "rotation_euler": [
   0.04470551013946533,
   0.12735174596309662,
   0.9524851441383362
  ],
  "euler_order": "XYZ",
  "rotation_matrix": [
   [
    0.5749655961990356,
    -0.8107542395591736,
    0.1099642887711525
   ],
   [
    0.8082596063613892,
    0.5837058424949646,
    0.0774846151471138
   ],
   [
    -0.12700778245925903,
    0.044328704476356506,
    0.9909107089042664
   ]
  ]
 },
 {
  "rotation_euler": [
   0.04470574110746384,
   0.12735041975975037,
   2.7295260429382324
  ],
  "euler_order": "XYZ",
  "rotation_matrix": [
   [
    -0.9088748097419739,
    -0.40530455112457275,
    -0.09836027026176453
   ],
   [
    0.39726048707962036,
    -0.9131063222885132,
    0.09176576137542725
   ],
   [
    -0.12700647115707397,
    0.04432893916964531,
    0.9909108281135559
   ]
  ]
 },
 {
  "rotation_euler": [
   0.04900301620364189,
   -0.0880240947008133,
   -0.8589145541191101
  ],
  "euler_order": "XYZ",
  "rotation_matrix": [
   [
    0.6507304906845093,
    0.7534120082855225,
    -0.09444642812013626
   ],
   [
    -0.7542026042938232,
    0.6557358503341675,
    0.03448121249675751
   ],
   [
    0.08791046589612961,
    0.04879376292228699,
    0.9949325919151306
   ]
  ]
 },
 {
  "rotation_euler": [
   0.049002934247255325,
   -0.08802376687526703,
   1.0107029676437378
  ],
  "euler_order": "XYZ",
  "rotation_matrix": [
   [
    0.5292084813117981,
    -0.848476231098175,
    -0.005148600321263075
   ],
   [
    0.8439254760742188,
    0.526979386806488,
    -0.10041169077157974
   ],
   [
    0.08791013807058334,
    0.04879368096590042,
    0.9949326515197754
   ]
  ]
 },
 {
  "rotation_euler": [
   0.04470555856823921,
   0.12735049426555634,
   0.49344730377197266
  ],
  "euler_order": "XYZ",
  "rotation_matrix": [
   [
    0.8735731840133667,
    -0.46819260716438293,
    0.13291196525096893
   ],
   [
    0.4698289632797241,
    0.8825138211250305,
    0.020739110186696053
   ],
   [
    -0.12700654566287994,
    0.044328756630420685,
    0.9909108281135559
   ]
  ]
 },
 {
  "rotation_euler": [
   0.04900297522544861,
   -0.08802376687526703,
   -1.5348573923110962
  ],
  "euler_order": "XYZ",
  "rotation_matrix": [
   [
    0.03579208627343178,
    0.997999906539917,
    -0.05210665985941887
   ],
   [
    -0.9954851865768433,
    0.040191419422626495,
    0.0859878808259964
   ],
   [
    0.08791013807058334,
    0.048793721944093704,
    0.9949326515197754
   ]
  ]
 },
 {
  "rotation_euler": [
   0.044705621898174286,
   0.12735028564929962,
   2.776155710220337
  ],
  "euler_order": "XYZ",
  "rotation_matrix": [
   [
    -0.9264043569564819,
    -0.3623015880584717,
    -0.10253073275089264
   ],
   [
    0.35446351766586304,
    -0.9310061931610107,
    0.08708100765943527
   ],
   [
    -0.12700633704662323,
    0.04432882368564606,
    0.9909108877182007
   ]
  ]
 },
 {
  "rotation_euler": [
   0.04470570385456085,
   0.12735068798065186,
   1.3333052396774292
  ],
  "euler_order": "XYZ",
  "rotation_matrix": [
   [
    0.2333596646785736,
    -0.9696248173713684,
    0.07328677177429199
   ],
   [
    0.9640604257583618,
    0.24054653942584991,
    0.11280430853366852
   ],
   [
    -0.12700673937797546,
    0.044328901916742325,
    0.9909108281135559
   ]
  ]
 },
 {
  "rotation_euler": [
   0.049003053456544876,
   -0.08802381902933121,
   2.397806167602539
  ],
  "euler_order": "XYZ",
  "rotation_matrix": [
   [
    -0.7330609560012817,
    -0.673097550868988,
    0.09778201580047607
   ],
   [
    0.6744579076766968,
    -0.7379422783851624,
    -0.023403307422995567
   ],
   [
    0.08791019022464752,
    0.04879380017518997,
    0.9949326515197754
   ]
  ]
 },
 {
  "rotation_euler": [
   0.04470571130514145,
   0.12735040485858917,
   -1.3424627780914307
  ],
  "euler_order": "XYZ",
  "rotation_matrix": [
   [
    0.22452159225940704,
    0.9743565320968628,
    -0.014811092987656593
   ],
   [
    -0.9661570191383362,
    0.22059978544712067,
    -0.1337023675441742
   ],
   [
    -0.12700645625591278,
    0.04432890936732292,
    0.9909108281135559
   ]
  ]
 }
]