[
 {
  "rotation_euler": [
   4.863274079980329e-05,
   -8.34440214703136e-08,
   -0.6883484125137329
  ],
  "euler_order": "XYZ",
  "rotation_matrix": [
   [
    0.7722962498664856,
    0.6352625489234924,
    -3.0959003197494894e-05
   ],
   [
    -0.6352625489234924,
    0.7722962498664856,
    -3.750587347894907e-05
   ],
   [
    8.34440214703136e-08,
    4.863274079980329e-05,
    1.0
   ]
  ]
 },
 {
  "rotation_euler": [
   4.856849045609124e-05,
   -9.042717152851765e-08,
   -3.068213939666748
  ],
  "euler_order": "XYZ",
  "rotation_matrix": [
   [
    -0.9973089694976807,
    0.07331287860870361,
    -3.470512183412211e-06
   ],
   [
    -0.07331287860870361,
    -0.9973089694976807,
    4.8444420826854184e-05
   ],
   [
    9.042717152851765e-08,
    4.856849045609124e-05,
    1.0
   ]
  ]
 },
 {
  "rotation_euler": [
   4.862365676672198e-05,
   -8.422882302738799e-08,
   -0.42666786909103394
  ],
  "euler_order": "XYZ",
  "rotation_matrix": [
   [
    0.9103497862815857,
    0.4138396978378296,
    -2.0199076971039176e-05
   ],
   [
    -0.4138396978378296,
    0.9103497862815857,
    -4.422967685968615e-05
   ],
   [
    8.422882302738799e-08,
    4.862365676672198e-05,
    1.0
   ]
  ]
 },
 {
  "rotation_euler": [
   4.865737719228491e-05,
   -7.543865621073564e-08,
   -1.8260836601257324
  ],
  "euler_order": "XYZ",
  "rotation_matrix": [
   [
    -0.2525234520435333,
    0.9675907492637634,
    -4.706137769971974e-05
   ],
   [
    -0.9675907492637634,
    -0.2525234520435333,
    1.2360122127574869e-05
   ],
   [
    7.543865621073564e-08,
    4.865737719228491e-05,
    1.0
   ]
  ]
 },
 {
  "rotation_euler": [
   4.880360575043596e-05,
   -1.0382397874764138e-07,
   -1.3379127979278564
  ],
  "euler_order": "XYZ",
  "rotation_matrix": [
   [
    0.23078416287899017,
    0.9730049967765808,
    -4.7510111471638083e-05
   ],
   [
    -0.9730049967765808,
    0.23078416287899017,
    -1.1162078408233356e-05
   ],
   [
    1.0382397874764138e-07,
    4.880360575043596e-05,
    1.0
   ]
  ]
 },
 {
  "rotation_euler": [
   4.914190139970742e-05,
   -1.2886849276583234e-07,
   1.2059288024902344
  ],
  "euler_order": "XYZ",
  "rotation_matrix": [
   [
    0.3568255305290222,
    -0.9341710209846497,
    4.5860957470722497e-05
   ],
   [
    0.9341710209846497,
    0.3568255305290222,
    -1.7655471310717985e-05
   ],
   [
    1.2886849276583234e-07,
    4.914190139970742e-05,
    1.0
   ]
  ]
 },
 {
  "rotation_euler": [
   4.523578172666021e-05,
   3.548383631368779e-08,
   -2.83030366897583
  ],
  "euler_order": "XYZ",
  "rotation_matrix": [
   [
    -0.951939582824707,
    0.30628591775894165,
    -1.3888861758459825e-05
   ],
   [
    -0.30628591775894165,
    -0.951939582824707,
    4.3050862586824223e-05
   ],
   [
    -3.548383631368779e-08,
    4.523578172666021e-05,
    1.0
   ]
  ]
 },
 {
  "rotation_euler": [
   4.8886362492339686e-05,
   -5.587838813880808e-08,
   3.047687530517578
  ],
  "euler_order": "XYZ",
  "rotation_matrix": [
   [
    -0.9955941438674927,
    -0.09376717358827591,
    4.639568032871466e-06
   ],
   [
    0.09376717358827591,
    -0.9955941438674927,
    4.866573726758361e-05
   ],
   [
    5.587838813880808e-08,
    4.8886362492339686e-05,
    1.0
   ]
  ]
 },
 {
  "rotation_euler": [
   4.855181759921834e-05,
   -8.136998275176666e-08,
   1.6451743841171265
  ],
  "euler_order": "XYZ",
  "rotation_matrix": [
   [
    -0.07430949807167053,
    -0.9972352385520935,
    4.8423629777971655e-05
   ],
   [
    0.9972352385520935,
    -0.07430949807167053,
    3.5267162274976727e-06
   ],
   [
    8.136998275176666e-08,
    4.855181759921834e-05,
    1.0
   ]
  ]
 },
 {
  "rotation_euler": [
   4.856658051721752e-05,
   -8.633843151528708e-08,
   -1.1525033712387085
  ],
  "euler_order": "XYZ",
  "rotation_matrix": [
   [
    0.40620118379592896,
    0.9137836694717407,
    -4.441442069946788e-05
   ],
   [
    -0.9137836694717407,
    0.40620118379592896,
    -1.96489072550321e-05
   ],
   [
    8.633843151528708e-08,
    4.856658051721752e-05,
    1.0
   ]
  ]
 },
 {
  "rotation_euler": [
   4.863350841333158e-05,
   -8.352392200094982e-08,
   1.706699013710022
  ],
  "euler_order": "XYZ",
  "rotation_matrix": [
   [
    -0.1354847252368927,
    -0.990779459476471,
    4.81963979837019e-05
   ],
   [
    0.990779459476471,
    -0.1354847252368927,
    6.506344107037876e-06
   ],
   [
    8.352392200094982e-08,
    4.863350841333158e-05,
    1.0
   ]
  ]
 },
 {
  "rotation_euler": [
   4.863525464315899e-05,
   -8.379421245763297e-08,
   1.9547616243362427
  ],
  "euler_order": "XYZ",
  "rotation_matrix": [
   [
    -0.37459996342658997,
    -0.9271865487098694,
    4.5125343604013324e-05
   ],
   [
    0.9271865487098694,
    -0.37459996342658997,
    1.8141072359867394e-05
   ],
   [
    8.379421245763297e-08,
    4.863525464315899e-05,
    1.0
   ]
  ]
 },
 {
  "rotation_euler": [
   4.883139263256453e-05,
   -9.986931104322139e-08,
   -1.5147076845169067
  ],
  "euler_order": "XYZ",
  "rotation_matrix": [
   [
    0.05605923756957054,
    0.9984274506568909,
    -4.876020102528855e-05
   ],
   [
    -0.9984274506568909,
    0.05605923756957054,
    -2.637738361954689e-06
   ],
   [
    9.986931104322139e-08,
    4.883139263256453e-05,
    1.0
   ]
  ]
 },
 {
  "rotation_euler": [
   4.7657242248533294e-05,
   -1.852387612188977e-07,
   -0.5624992251396179
  ],
  "euler_order": "XYZ",
  "rotation_matrix": [
   [
    0.8459249138832092,
    0.5333020091056824,
    -2.5572400772944093e-05
   ],
   [
    -0.5333020091056824,
    0.8459249138832092,
    -4.021566201117821e-05
   ],
   [
    1.852387612188977e-07,
    4.7657242248533294e-05,
    1.0
   ]
  ]
 },
 {
  "rotation_euler": [
   8.048880408750847e-05,
   -5.8661512412072625e-06,
   -1.2840991020202637
  ],
  "euler_order": "XYZ",
  "rotation_matrix": [
   [
    0.2827858030796051,
    0.9591830968856812,
    -7.886236562626436e-05
   ],
   [
    -0.9591830968856812,
    0.2827858030796051,
    -1.713437814032659e-05
   ],
   [
    5.8661512412072625e-06,
    8.048880408750847e-05,
    1.0
   ]
  ]
 },
 {
  "rotation_euler": [
   4.8824120312929153e-05,
   -1.0242121106784907e-07,
   2.731204032897949
  ],
  "euler_order": "XYZ",
  "rotation_matrix": [
   [
    -0.9169658422470093,
    -0.3989657163619995,
    1.957306631084066e-05
   ],
   [
    0.3989657163619995,
    -0.9169658422470093,
    4.472918953979388e-05
   ],
   [
    1.0242121106784907e-07,
    4.8824120312929153e-05,
    1.0
   ]
  ]
 }
]