[
 {
  "rotation_euler": [
   1.399927020072937,
   -0.013221238739788532,
   0.6068503856658936
  ],
  "euler_order": "XYZ",
  "rotation_matrix": [
   [
    0.8213764429092407,
    -0.10767249017953873,
    0.5601315498352051
   ],
   [
    0.5702332258224487,
    0.13224846124649048,
    -0.8107678294181824
   ],
   [
    0.013220853172242641,
    0.9853512048721313,
    0.17002420127391815
   ]
  ]
 },
 {
  "rotation_euler": [
   1.4648067951202393,
   -0.01322382315993309,
   2.450993299484253
  ],
  "euler_order": "XYZ",
  "rotation_matrix": [
   [
    -0.7707969546318054,
    -0.05725264549255371,
    0.6345030665397644
   ],
   [
    0.6369436383247375,
    -0.08992671966552734,
    0.7656474709510803
   ],
   [
    0.0132234375923872,
    0.994301438331604,
    0.10578195005655289
   ]
  ]
 },
 {
  "rotation_euler": [
   1.1484668254852295,
   -0.012696273624897003,
   -1.8463813066482544
  ],
  "euler_order": "XYZ",
  "rotation_matrix": [
   [
    -0.272087961435318,
    0.39757096767425537,
    -0.876302182674408
   ],
   [
    -0.9621886014938354,
    -0.10039068758487701,
    0.2532089054584503
   ],
   [
    0.012695932760834694,
    0.9120630621910095,
    0.40985333919525146
   ]
  ]
 },
 {
  "rotation_euler": [
   0.8549850583076477,
   -0.007832754403352737,
   0.8971949815750122
  ],
  "euler_order": "XYZ",
  "rotation_matrix": [
   [
    0.6237856149673462,
    -0.5165830254554749,
    0.586543619632721
   ],
   [
    0.781556248664856,
    0.40473994612693787,
    -0.4747161567211151
   ],
   [
    0.00783267430961132,
    0.7545379400253296,
    0.6562096476554871
   ]
  ]
 },
 {
  "rotation_euler": [
   1.1151903867721558,
   -0.012565577402710915,
   -3.0483734607696533
  ],
  "euler_order": "XYZ",
  "rotation_matrix": [
   [
    -0.9955796599388123,
    0.05219220742583275,
    -0.07808435708284378
   ],
   [
    -0.09307689219713211,
    -0.4370458126068115,
    0.8946103453636169
   ],
   [
    0.012565246783196926,
    0.8979237079620361,
    0.43997177481651306
   ]
  ]
 },
 {
  "rotation_euler": [
   1.4525439739227295,
   -0.013437735848128796,
   -2.8995838165283203
  ],
  "euler_order": "XYZ",
  "rotation_matrix": [
   [
    -0.9707708358764648,
    0.041228216141462326,
    -0.23644064366817474
   ],
   [
    -0.2396317720413208,
    -0.11134111136198044,
    0.9644582867622375
   ],
   [
    0.013437331654131413,
    0.9929266571998596,
    0.11796629428863525
   ]
  ]
 },
 {
  "rotation_euler": [
   1.4500384330749512,
   -0.013228152878582478,
   -1.0339633226394653
  ],
  "euler_order": "XYZ",
  "rotation_matrix": [
   [
    0.5113723278045654,
    0.09680353850126266,
    -0.8538895845413208
   ],
   [
    -0.8592574596405029,
    0.07289193570613861,
    -0.5063233971595764
   ],
   [
    0.013227767311036587,
    0.9926307797431946,
    0.1204540804028511
   ]
  ]
 },
 {
  "rotation_euler": [
   -1.0444964170455933,
   0.010861698538064957,
   -1.2953463792800903
  ],
  "euler_order": "XYZ",
  "rotation_matrix": [
   [
    0.271963894367218,
    0.48084643483161926,
    0.833560049533844
   ],
   [
    -0.9622461795806885,
    0.1456632912158966,
    0.22992290556430817
   ],
   [
    -0.01086148526519537,
    -0.8646206855773926,
    0.5023077726364136
   ]
  ]
 },
 {
  "rotation_euler": [
   -1.0437233448028564,
   0.010443981736898422,
   -2.6449170112609863
  ],
  "euler_order": "XYZ",
  "rotation_matrix": [
   [
    -0.8791235685348511,
    0.24762074649333954,
    0.4072170853614807
   ],
   [
    -0.47647950053215027,
    -0.43792715668678284,
    -0.7623562812805176
   ],
   [
    -0.0104437917470932,
    -0.8642359375953674,
    0.5029782652854919
   ]
  ]
 },
 {
  "rotation_euler": [
   1.071356177330017,
   -0.009227492846548557,
   1.0312623977661133
  ],
  "euler_order": "XYZ",
  "rotation_matrix": [
   [
    0.5137143135070801,
    -0.4150620996952057,
    0.7508801817893982
   ],
   [
    0.8579117059707642,
    0.23909620940685272,
    -0.45477527379989624
   ],
   [
    0.009227361530065536,
    0.877813458442688,
    0.4789137542247772
   ]
  ]
 },
 {
  "rotation_euler": [
   1.295070767402649,
   -0.013103516772389412,
   -1.8227664232254028
  ],
  "euler_order": "XYZ",
  "rotation_matrix": [
   [
    -0.24929092824459076,
    0.2667918801307678,
    -0.9309543967247009
   ],
   [
    -0.9683399796485901,
    -0.05566399544477463,
    0.24334990978240967
   ],
   [
    0.013103141449391842,
    0.9621453285217285,
    0.27222180366516113
   ]
  ]
 },
 {
  "rotation_euler": [
   -0.9709424376487732,
   0.003206404857337475,
   1.7180968523025513
  ],
  "euler_order": "XYZ",
  "rotation_matrix": [
   [
    -0.14676767587661743,
    -0.5580201745033264,
    -0.8167452216148376
   ],
   [
    0.9891657829284668,
    -0.08547195047140121,
    -0.11935483664274216
   ],
   [
    -0.003206399269402027,
    -0.8254138827323914,
    0.5645189881324768
   ]
  ]
 },
 {
  "rotation_euler": [
   1.010581612586975,
   -0.011058672331273556,
   0.5364890694618225
  ],
  "euler_order": "XYZ",
  "rotation_matrix": [
   [
    0.859455943107605,
    -0.2796455919742584,
    0.4279414117336273
   ],
   [
    0.5110902190208435,
    0.45192718505859375,
    -0.7311283349990845
   ],
   [
    0.011058446951210499,
    0.8470892310142517,
    0.5313355922698975
   ]
  ]
 },
 {
  "rotation_euler": [
   -0.9524804353713989,
   0.00024326708808075637,
   0.8572967052459717
  ],
  "euler_order": "XYZ",
  "rotation_matrix": [
   [
    0.6544837355613708,
    -0.4383995831012726,
    -0.6160007119178772
   ],
   [
    0.7560760378837585,
    0.3792305886745453,
    0.5334165096282959
   ],
   [
    -0.00024326708808075637,
    -0.8148558139801025,
    0.5796636343002319
   ]
  ]
 },
 {
  "rotation_euler": [
   1.0512828826904297,
   -0.01035872008651495,
   -0.8733581900596619
  ],
  "euler_order": "XYZ",
  "rotation_matrix": [
   [
    0.6422216892242432,
    0.374754935503006,
    -0.6686628460884094
   ],
   [
    -0.766448974609375,
    0.32574525475502014,
    -0.5535756945610046
   ],
   [
    0.010358534753322601,
    0.8680142760276794,
    0.4964312016963959
   ]
  ]
 },
 {
  "rotation_euler": [
   1.508304476737976,
   -0.013192921876907349,
   2.3340699672698975
  ],
  "euler_order": "XYZ",
  "rotation_matrix": [
   [
    -0.6912304162979126,
    -0.03602370247244835,
    0.721735954284668
   ],
   [
    0.7225139737129211,
    -0.0526859313249588,
    0.6893458962440491
   ],
   [
    0.013192539103329182,
    0.997961163520813,
    0.0624457485973835
   ]
  ]
 }
]