[
 {
  "rotation_euler": [
   -1.5703667402267456,
   0.24061398208141327,
   1.7975108623504639
  ],
  "euler_order": "XYZ",
  "rotation_matrix": [
   [
    -0.2183019369840622,
    0.05314561352133751,
    -0.9744330644607544
   ],
   [
    0.9463391900062561,
    -0.23229746520519257,
    -0.22467757761478424
   ],
   [
    -0.23829896748065948,
    -0.9711917638778687,
    0.00041721094748936594
   ]
  ]
 },
 {
  "rotation_euler": [
   1.6330548524856567,
   2.1426761150360107,
   -0.6320862770080566
  ],
  "euler_order": "XYZ",
  "rotation_matrix": [
   [
    -0.4366493821144104,
    0.6403484344482422,
    -0.6318948864936829
   ],
   [
    0.3197648823261261,
    -0.546054482460022,
    -0.7743222713470459
   ],
   [
    -0.8408851027488708,
    -0.5401651263237,
    0.033673401921987534
   ]
  ]
 },
 {
  "rotation_euler": [
   -1.5548347234725952,
   -0.38427016139030457,
   -2.740832805633545
  ],
  "euler_order": "XYZ",
  "rotation_matrix": [
   [
    -0.8536155819892883,
    -0.3389081060886383,
    0.3955777883529663
   ],
   [
    -0.361667662858963,
    -0.16092611849308014,
    -0.9183132648468018
   ],
   [
    0.37488260865211487,
    -0.9269542098045349,
    0.01479693129658699
   ]
  ]
 },
 {
  "rotation_euler": [
   -1.542807698249817,
   0.7119772434234619,
   -0.21549774706363678
  ],
  "euler_order": "XYZ",
  "rotation_matrix": [
   [
    0.7395605444908142,
    -0.6319863796234131,
    0.2316105216741562
   ],
   [
    -0.16188740730285645,
    0.166987344622612,
    0.9725778698921204
   ],
   [
    -0.6533319354057312,
    -0.7567750215530396,
    0.021186627447605133
   ]
  ]
 },
 {
  "rotation_euler": [
   1.604622483253479,
   0.34767094254493713,
   2.21842360496521
  ],
  "euler_order": "XYZ",
  "rotation_matrix": [
   [
    -0.5671998858451843,
    -0.17845894396305084,
    0.8040128350257874
   ],
   [
    0.7498010396957397,
    0.29196926951408386,
    0.593761146068573
   ],
   [
    -0.34070903062820435,
    0.9396309852600098,
    -0.031796231865882874
   ]
  ]
 },
 {
  "rotation_euler": [
   1.5923912525177002,
   -2.2808127403259277,
   -0.7937241196632385
  ],
  "euler_order": "XYZ",
  "rotation_matrix": [
   [
    -0.45707130432128906,
    -0.5470234155654907,
    -0.7013210654258728
   ],
   [
    0.46474650502204895,
    0.5254141688346863,
    -0.7127065658569336
   ],
   [
    0.75835120677948,
    -0.6516942381858826,
    0.014075476676225662
   ]
  ]
 },
 {
  "rotation_euler": [
   1.6021205186843872,
   0.3599484860897064,
   2.2452926635742188
  ],
  "euler_order": "XYZ",
  "rotation_matrix": [
   [
    -0.5844826698303223,
    -0.19539779424667358,
    0.7875276207923889
   ],
   [
    0.7309697866439819,
    0.2945200502872467,
    0.6155819296836853
   ],
   [
    -0.35222601890563965,
    0.935455858707428,
    -0.02931198664009571
   ]
  ]
 },
 {
  "rotation_euler": [
   -1.5491863489151,
   -0.8611335754394531,
   2.067127227783203
  ],
  "euler_order": "XYZ",
  "rotation_matrix": [
   [
    -0.31028297543525696,
    -0.3801549971103668,
    -0.8713246583938599
   ],
   [
    0.5729557871818542,
    0.6566022634506226,
    -0.4905049502849579
   ],
   [
    0.7585816383361816,
    -0.651425838470459,
    0.01407948974519968
   ]
  ]
 },
 {
  "rotation_euler": [
   -1.559322714805603,
   -0.401701956987381,
   -0.9929327368736267
  ],
  "euler_order": "XYZ",
  "rotation_matrix": [
   [
    0.5027536153793335,
    0.2231665551662445,
    0.8351260423660278
   ],
   [
    -0.7709534764289856,
    -0.3212129771709442,
    0.549957275390625
   ],
   [
    0.390985369682312,
    -0.9203363060951233,
    0.010560045018792152
   ]
  ]
 },
 {
  "rotation_euler": [
   1.6348971128463745,
   -0.6891782879829407,
   0.33630359172821045
  ],
  "euler_order": "XYZ",
  "rotation_matrix": [
   [
    0.7285350561141968,
    -0.5779089331626892,
    0.3677743971347809
   ],
   [
    0.2546837031841278,
    -0.2698855996131897,
    -0.928600013256073
   ],
   [
    0.6359032392501831,
    0.770183801651001,
    -0.04943711683154106
   ]
  ]
 },
 {
  "rotation_euler": [
   -1.549161672592163,
   -0.8607291579246521,
   -1.0198599100112915
  ],
  "euler_order": "XYZ",
  "rotation_matrix": [
   [
    0.34125205874443054,
    0.41530752182006836,
    0.8432477116584778
   ],
   [
    -0.5554283857345581,
    -0.6346375942230225,
    0.5373401641845703
   ],
   [
    0.7583180665969849,
    -0.6517321467399597,
    0.014102200046181679
   ]
  ]
 },
 {
  "rotation_euler": [
   -1.556315541267395,
   -0.390333354473114,
   -0.41967692971229553
  ],
  "euler_order": "XYZ",
  "rotation_matrix": [
   [
    0.8445302248001099,
    0.3533412218093872,
    0.40239113569259644
   ],
   [
    -0.3768168091773987,
    -0.14179931581020355,
    0.9153698682785034
   ],
   [
    0.38049671053886414,
    -0.9246852993965149,
    0.013391105458140373
   ]
  ]
 },
 {
  "rotation_euler": [
   -1.5602120161056519,
   0.397912859916687,
   -1.36867356300354
  ],
  "euler_order": "XYZ",
  "rotation_matrix": [
   [
    0.1850651353597641,
    -0.06741637736558914,
    0.9804111123085022
   ],
   [
    -0.9031049013137817,
    0.3817102313041687,
    0.19672028720378876
   ],
   [
    -0.38749510049819946,
    -0.9218201041221619,
    0.00975719466805458
   ]
  ]
 },
 {
  "rotation_euler": [
   1.6087541580200195,
   -0.5824391841888428,
   -0.04979051649570465
  ],
  "euler_order": "XYZ",
  "rotation_matrix": [
   [
    0.8340884447097778,
    -0.550873875617981,
    -0.028885796666145325
   ],
   [
    -0.04156404733657837,
    -0.010544821619987488,
    -0.9990801811218262
   ],
   [
    0.5500625967979431,
    0.8345218896865845,
    -0.031691864132881165
   ]
  ]
 },
 {
  "rotation_euler": [
   1.5608854293823242,
   0.5431210398674011,
   -0.9640138745307922
  ],
  "euler_order": "XYZ",
  "rotation_matrix": [
   [
    0.48817145824432373,
    0.302826464176178,
    -0.8185259699821472
   ],
   [
    -0.7032749056816101,
    -0.418880820274353,
    -0.5744068622589111
   ],
   [
    -0.516810417175293,
    0.8560578227043152,
    0.00848457869142294
   ]
  ]
 },
 {
  "rotation_euler": [
   1.1970274448394775,
   1.3274158239364624,
   0.17629195749759674
  ],
  "euler_order": "XYZ",
  "rotation_matrix": [
   [
    0.23724979162216187,
    0.8254815936088562,
    0.5121451616287231
   ],
   [
    0.04226398095488548,
    0.5179272890090942,
    -0.8543799519538879
   ],
   [
    -0.9705289006233215,
    0.22434675693511963,
    0.08799000829458237
   ]
  ]
 }
]