[
 {
  "rotation_euler": [
   1.046081781387329,
   1.607158899307251,
   -0.5676596760749817
  ],
  "euler_order": "XYZ",
  "rotation_matrix": [
   [
    -0.030652768909931183,
    0.9985955953598022,
    -0.04321115463972092
   ],
   [
    0.019546402618288994,
    -0.042624328285455704,
    -0.9988999366760254
   ],
   [
    -0.9993389248847961,
    -0.03146367147564888,
    -0.018212396651506424
   ]
  ]
 },
 {
  "rotation_euler": [
   -0.002736840397119522,
   0.01451426837593317,
   2.1873631477355957
  ],
  "euler_order": "XYZ",
  "rotation_matrix": [
   [
    -0.5781766176223755,
    -0.8158424496650696,
    -0.010625267401337624
   ],
   [
    0.8157825469970703,
    -0.5782678127288818,
    0.010258731432259083
   ],
   [
    -0.014513758942484856,
    -0.002736548660323024,
    0.999890923500061
   ]
  ]
 },
 {
  "rotation_euler": [
   -0.0027372674085199833,
   0.014515719376504421,
   0.5122299790382385
  ],
  "euler_order": "XYZ",
  "rotation_matrix": [
   [
    0.8715618848800659,
    -0.49015504121780396,
    0.011310595087707043
   ],
   [
    0.4900706112384796,
    0.8716309666633606,
    0.009500146843492985
   ],
   [
    -0.014515209943056107,
    -0.002736975671723485,
    0.999890923500061
   ]
  ]
 },
 {
  "rotation_euler": [
   -0.0027362548280507326,
   0.014514783397316933,
   3.0488967895507812
  ],
  "euler_order": "XYZ",
  "rotation_matrix": [
   [
    -0.9956019520759583,
    -0.09252328425645828,
    -0.014705182984471321
   ],
   [
    0.09255342185497284,
    -0.9957067370414734,
    -0.001381021924316883
   ],
   [
    -0.014514273963868618,
    -0.0027359630912542343,
    0.999890923500061
   ]
  ]
 },
 {
  "rotation_euler": [
   -0.0027374988421797752,
   0.01451569888740778,
   1.7664977312088013
  ],
  "euler_order": "XYZ",
  "rotation_matrix": [
   [
    -0.19443410634994507,
    -0.9809001088142395,
    -0.005507775582373142
   ],
   [
    0.9808081984519958,
    -0.19449284672737122,
    0.013705744408071041
   ],
   [
    -0.014515189453959465,
    -0.002737207105383277,
    0.999890923500061
   ]
  ]
 },
 {
  "rotation_euler": [
   1.8436425924301147,
   -1.536552906036377,
   -0.3371991217136383
  ],
  "euler_order": "XYZ",
  "rotation_matrix": [
   [
    0.03230868652462959,
    -0.9973973035812378,
    -0.06445752829313278
   ],
   [
    -0.011327059008181095,
    0.06412166357040405,
    -0.9978777766227722
   ],
   [
    0.9994137287139893,
    0.03297023847699165,
    -0.009225890971720219
   ]
  ]
 },
 {
  "rotation_euler": [
   -0.0027369309682399035,
   0.014514298178255558,
   1.5651302337646484
  ],
  "euler_order": "XYZ",
  "rotation_matrix": [
   [
    0.005665465723723173,
    -0.9999804496765137,
    -0.002654647920280695
   ],
   [
    0.9998786449432373,
    0.005626318976283073,
    0.01452900841832161
   ],
   [
    -0.014513788744807243,
    -0.002736639231443405,
    0.999890923500061
   ]
  ]
 },
 {
  "rotation_euler": [
   -0.0027225043158978224,
   0.01450663898140192,
   1.7276911735534668
  ],
  "euler_order": "XYZ",
  "rotation_matrix": [
   [
    -0.15623551607131958,
    -0.9877073764801025,
    -0.004955663811415434
   ],
   [
    0.987613320350647,
    -0.15629038214683533,
    0.013902505859732628
   ],
   [
    -0.01450613047927618,
    -0.0027222144417464733,
    0.9998911023139954
   ]
  ]
 },
 {
  "rotation_euler": [
   -0.0027375381905585527,
   0.014515677466988564,
   -0.02991451323032379
  ],
  "euler_order": "XYZ",
  "rotation_matrix": [
   [
    0.9994472861289978,
    0.02987022139132023,
    0.014590498991310596
   ],
   [
    -0.029906900599598885,
    0.9995500445365906,
    0.002302162116393447
   ],
   [
    -0.014515168033540249,
    -0.0027372464537620544,
    0.999890923500061
   ]
  ]
 },
 {
  "rotation_euler": [
   -0.002737745875492692,
   0.014515628106892109,
   -0.4723924696445465
  ],
  "euler_order": "XYZ",
  "rotation_matrix": [
   [
    0.8903884291648865,
    0.4549809396266937,
    0.014171128161251545
   ],
   [
    -0.4549700915813446,
    0.8904969692230225,
    -0.004166705068200827
   ],
   [
    -0.014515118673443794,
    -0.0027374541386961937,
    0.999890923500061
   ]
  ]
 },
 {
  "rotation_euler": [
   -0.002736319787800312,
   0.014514880254864693,
   -1.976401686668396
  ],
  "euler_order": "XYZ",
  "rotation_matrix": [
   [
    -0.39453351497650146,
    0.9188759326934814,
    -0.0032126856967806816
   ],
   [
    -0.9187669157981873,
    -0.394537091255188,
    -0.014416360296308994
   ],
   [
    -0.014514370821416378,
    -0.0027360280510038137,
    0.999890923500061
   ]
  ]
 },
 {
  "rotation_euler": [
   -0.002722910139709711,
   0.01450714748352766,
   3.0498621463775635
  ],
  "euler_order": "XYZ",
  "rotation_matrix": [
   [
    -0.9956909418106079,
    -0.09156224131584167,
    -0.014695018529891968
   ],
   [
    0.09159227460622787,
    -0.9957956075668335,
    -0.0013826278736814857
   ],
   [
    -0.01450663898140192,
    -0.002722620265558362,
    0.9998910427093506
   ]
  ]
 },
 {
  "rotation_euler": [
   -0.0027376774232834578,
   0.014515618793666363,
   -0.4064219295978546
  ],
  "euler_order": "XYZ",
  "rotation_matrix": [
   [
    0.9184444546699524,
    0.39528727531433105,
    0.014414947479963303
   ],
   [
    -0.39528360962867737,
    0.9185534715652466,
    -0.003223501378670335
   ],
   [
    -0.014515109360218048,
    -0.0027373856864869595,
    0.999890923500061
   ]
  ]
 },
 {
  "rotation_euler": [
   -0.0027327467687427998,
   0.014499969780445099,
   -2.555271625518799
  ],
  "euler_order": "XYZ",
  "rotation_matrix": [
   [
    -0.8328943252563477,
    0.553331196308136,
    -0.010565715841948986
   ],
   [
    -0.5532420873641968,
    -0.832956850528717,
    -0.010298851877450943
   ],
   [
    -0.014499461278319359,
    -0.0027324561960995197,
    0.9998911619186401
   ]
  ]
 },
 {
  "rotation_euler": [
   -0.002736771246418357,
   0.014514305628836155,
   -2.7992193698883057
  ],
  "euler_order": "XYZ",
  "rotation_matrix": [
   [
    -0.9418613314628601,
    0.3357597291469574,
    -0.012752574868500233
   ],
   [
    -0.33568820357322693,
    -0.9419437050819397,
    -0.007450532633811235
   ],
   [
    -0.01451379619538784,
    -0.0027364795096218586,
    0.999890923500061
   ]
  ]
 },
 {
  "rotation_euler": [
   -0.0027368743903934956,
   0.014513915404677391,
   0.015342622064054012
  ],
  "euler_order": "XYZ",
  "rotation_matrix": [
   [
    0.9997770190238953,
    -0.015381678938865662,
    0.01446965429931879
   ],
   [
    0.015340404585003853,
    0.9998779296875,
    0.002959212986752391
   ],
   [
    -0.014513405971229076,
    -0.0027365826535969973,
    0.999890923500061
   ]
  ]
 }
]