[
 {
  "rotation_euler": [
   -1.5680553913116455,
   -0.7854653000831604,
   1.4159746170043945
  ],
  "euler_order": "XYZ",
  "rotation_matrix": [
   [
    0.10903133451938629,
    0.10633742064237595,
    -0.9883342385292053
   ],
   [
    0.6986021995544434,
    0.699116051197052,
    0.1522882878780365
   ],
   [
    0.7071542739868164,
    -0.7070566415786743,
    0.001938001485541463
   ]
  ]
 },
 {
  "rotation_euler": [
   1.5703679323196411,
   -0.7853996753692627,
   2.138578414916992
  ],
  "euler_order": "XYZ",
  "rotation_matrix": [
   [
    -0.3802556097507477,
    0.37989553809165955,
    0.8432585597038269
   ],
   [
    0.5961578488349915,
    -0.5963899493217468,
    0.5375080108642578
   ],
   [
    0.7071078419685364,
    0.7071056365966797,
    0.0003029201761819422
   ]
  ]
 },
 {
  "rotation_euler": [
   1.5587328672409058,
   1.7280811071395874,
   0.4207018315792084
  ],
  "euler_order": "XYZ",
  "rotation_matrix": [
   [
    -0.1429787278175354,
    0.8965429067611694,
    0.4192468523979187
   ],
   [
    -0.06397077441215515,
    0.41434192657470703,
    -0.9078702926635742
   ],
   [
    -0.9876562356948853,
    -0.1566256880760193,
    -0.0018895393004640937
   ]
  ]
 },
 {
  "rotation_euler": [
   -1.5676566362380981,
   0.6181777715682983,
   -1.1392520666122437
  ],
  "euler_order": "XYZ",
  "rotation_matrix": [
   [
    0.34086647629737854,
    -0.2395581156015396,
    0.909077525138855
   ],
   [
    -0.7402232885360718,
    0.5277290344238281,
    0.41661912202835083
   ],
   [
    -0.579551100730896,
    -0.8149318695068359,
    0.0025586422998458147
   ]
  ]
 },
 {
  "rotation_euler": [
   1.5734819173812866,
   1.7008321285247803,
   1.3249646425247192
  ],
  "euler_order": "XYZ",
  "rotation_matrix": [
   [
    -0.03155680373311043,
    0.24391241371631622,
    0.9692836999893188
   ],
   [
    -0.125771164894104,
    0.9610893130302429,
    -0.2459450662136078
   ],
   [
    -0.991557240486145,
    -0.1296691745519638,
    0.0003482391475699842
   ]
  ]
 },
 {
  "rotation_euler": [
   -1.568291187286377,
   -0.017177853733301163,
   -2.2955141067504883
  ],
  "euler_order": "XYZ",
  "rotation_matrix": [
   [
    -0.6628263592720032,
    -0.009511456824839115,
    0.7487127184867859
   ],
   [
    -0.7485761046409607,
    -0.01452087052166462,
    -0.6628898978233337
   ],
   [
    0.017177008092403412,
    -0.9998493194580078,
    0.002504767384380102
   ]
  ]
 },
 {
  "rotation_euler": [
   -1.5673513412475586,
   -0.38856908679008484,
   -2.3169145584106445
  ],
  "euler_order": "XYZ",
  "rotation_matrix": [
   [
    -0.6281907558441162,
    -0.25463947653770447,
    0.7352108955383301
   ],
   [
    -0.67958664894104,
    -0.2805481255054474,
    -0.6778309345245361
   ],
   [
    0.3788645565509796,
    -0.925446629524231,
    0.003188162809237838
   ]
  ]
 },
 {
  "rotation_euler": [
   -1.556470274925232,
   1.6437968015670776,
   -0.04007353261113167
  ],
  "euler_order": "XYZ",
  "rotation_matrix": [
   [
    -0.07287710160017014,
    -0.9958597421646118,
    0.05433463305234909
   ],
   [
    0.00292200711555779,
    0.0542660653591156,
    0.9985222220420837
   ],
   [
    -0.9973366260528564,
    0.07292816787958145,
    -0.001044844277203083
   ]
  ]
 },
 {
  "rotation_euler": [
   1.5722146034240723,
   -0.13640451431274414,
   1.5655261278152466
  ],
  "euler_order": "XYZ",
  "rotation_matrix": [
   [
    0.005221221596002579,
    0.0007016087765805423,
    0.9999861121177673
   ],
   [
    0.9906975626945496,
    -0.13598735630512238,
    -0.005077312234789133
   ],
   [
    0.13598191738128662,
    0.9907103180885315,
    -0.001405102200806141
   ]
  ]
 },
 {
  "rotation_euler": [
   1.5748755931854248,
   1.3085509538650513,
   -1.1415300369262695
  ],
  "euler_order": "XYZ",
  "rotation_matrix": [
   [
    0.10790074616670609,
    0.3982613980770111,
    -0.9109035730361938
   ],
   [
    -0.2357284277677536,
    -0.8798741698265076,
    -0.4126179814338684
   ],
   [
    -0.9658102989196777,
    0.25924766063690186,
    -0.0010575461201369762
   ]
  ]
 },
 {
  "rotation_euler": [
   -1.5549012422561646,
   -1.5096663236618042,
   -0.37191060185432434
  ],
  "euler_order": "XYZ",
  "rotation_matrix": [
   [
    0.05691537261009216,
    0.9355530738830566,
    0.3485700488090515
   ],
   [
    -0.02220057137310505,
    -0.34786370396614075,
    0.9372822046279907
   ],
   [
    0.9981321692466736,
    -0.06108422204852104,
    0.0009710206068120897
   ]
  ]
 },
 {
  "rotation_euler": [
   -1.5725390911102295,
   -1.9499640464782715,
   -0.8136005997657776
  ],
  "euler_order": "XYZ",
  "rotation_matrix": [
   [
    -0.25424912571907043,
    0.6368311047554016,
    0.7278760075569153
   ],
   [
    0.2690102159976959,
    -0.6763412356376648,
    0.6857084631919861
   ],
   [
    0.9289730191230774,
    0.37014687061309814,
    0.0006450794171541929
   ]
  ]
 },
 {
  "rotation_euler": [
   -1.5700916051864624,
   2.6512062549591064,
   -0.3079586923122406
  ],
  "euler_order": "XYZ",
  "rotation_matrix": [
   [
    -0.8406495451927185,
    -0.4485960900783539,
    0.3034301996231079
   ],
   [
    0.2673923075199127,
    0.14342816174030304,
    0.9528534412384033
   ],
   [
    -0.47096678614616394,
    0.8821507096290588,
    -0.0006216707988642156
   ]
  ]
 },
 {
  "rotation_euler": [
   -1.5657354593276978,
   -1.2986726760864258,
   0.44382449984550476
  ],
  "euler_order": "XYZ",
  "rotation_matrix": [
   [
    0.2427373081445694,
    0.8676992058753967,
    -0.43379342555999756
   ],
   [
    0.1154121533036232,
    0.41816097497940063,
    0.9010113477706909
   ],
   [
    0.9632022976875305,
    -0.2687740921974182,
    0.0013602417893707752
   ]
  ]
 },
 {
  "rotation_euler": [
   -1.5695949792861938,
   0.8843868374824524,
   1.5683900117874146
  ],
  "euler_order": "XYZ",
  "rotation_matrix": [
   [
    0.0015250341966748238,
    -0.003062689211219549,
    -0.999994158744812
   ],
   [
    0.6337620615959167,
    -0.773520827293396,
    0.0033355820924043655
   ],
   [
    -0.7735265493392944,
    -0.6337634325027466,
    0.0007613705238327384
   ]
  ]
 },
 {
  "rotation_euler": [
   1.5702085494995117,
   -0.5097470879554749,
   -0.4286718964576721
  ],
  "euler_order": "XYZ",
  "rotation_matrix": [
   [
    0.7938896417617798,
    -0.4435611069202423,
    -0.4159240126609802
   ],
   [
    -0.362819105386734,
    0.20336014032363892,
    -0.9093992114067078
   ],
   [
    0.4879564940929413,
    0.8728678226470947,
    0.0005130519275553524
   ]
  ]
 }
]