[
 {
  "rotation_euler": [
   6.223941454663873e-05,
   -3.7735371734015644e-05,
   -0.980356752872467
  ],
  "euler_order": "XYZ",
  "rotation_matrix": [
   [
    0.5567262172698975,
    0.8306960463523865,
    -7.271030335687101e-05
   ],
   [
    -0.8306960463523865,
    0.5567262172698975,
    -3.303690846223617e-06
   ],
   [
    3.7735371734015644e-05,
    6.223941454663873e-05,
    1.0
   ]
  ]
 },
 {
  "rotation_euler": [
   6.66897976770997e-05,
   -2.660047721292358e-05,
   -0.8562842607498169
  ],
  "euler_order": "XYZ",
  "rotation_matrix": [
   [
    0.6552488803863525,
    0.7554130554199219,
    -6.780827970942482e-05
   ],
   [
    -0.7554130554199219,
    0.6552488803863525,
    -2.3604068701388314e-05
   ],
   [
    2.660047721292358e-05,
    6.66897976770997e-05,
    1.0
   ]
  ]
 },
 {
  "rotation_euler": [
   7.185767026385292e-05,
   -3.018261668330524e-05,
   3.1065351963043213
  ],
  "euler_order": "XYZ",
  "rotation_matrix": [
   [
    -0.9993855357170105,
    -0.035050272941589355,
    3.26827030221466e-05
   ],
   [
    0.035050276666879654,
    -0.9993855357170105,
    7.075561006786302e-05
   ],
   [
    3.018261668330524e-05,
    7.185767026385292e-05,
    1.0
   ]
  ]
 },
 {
  "rotation_euler": [
   6.397436663974077e-05,
   -3.194022792740725e-05,
   2.8732974529266357
  ],
  "euler_order": "XYZ",
  "rotation_matrix": [
   [
    -0.9642242193222046,
    -0.2650880217552185,
    4.775638080900535e-05
   ],
   [
    0.2650880217552185,
    -0.9642242193222046,
    5.321866046870127e-05
   ],
   [
    3.194022792740725e-05,
    6.397436663974077e-05,
    1.0
   ]
  ]
 },
 {
  "rotation_euler": [
   6.727976870024577e-05,
   7.324795205931878e-06,
   -1.5431843996047974
  ],
  "euler_order": "XYZ",
  "rotation_matrix": [
   [
    0.027608418837189674,
    0.9996188282966614,
    -6.705189298372716e-05
   ],
   [
    -0.9996188282966614,
    0.027608418837189674,
    -9.179490916721988e-06
   ],
   [
    -7.324795205931878e-06,
    6.727976870024577e-05,
    1.0
   ]
  ]
 },
 {
  "rotation_euler": [
   6.468313949881122e-05,
   -2.9049075237708166e-05,
   -1.0031113624572754
  ],
  "euler_order": "XYZ",
  "rotation_matrix": [
   [
    0.5376815795898438,
    0.8431479930877686,
    -7.015660958131775e-05
   ],
   [
    -0.8431479930877686,
    0.5376815795898438,
    -1.028626320476178e-05
   ],
   [
    2.9049075237708166e-05,
    6.468313949881122e-05,
    1.0
   ]
  ]
 },
 {
  "rotation_euler": [
   6.496340211015195e-05,
   -3.1717197998659685e-05,
   -2.1027133464813232
  ],
  "euler_order": "XYZ",
  "rotation_matrix": [
   [
    -0.5071864128112793,
    0.8618363738059998,
    -3.990128971054219e-05
   ],
   [
    -0.8618363738059998,
    -0.5071864128112793,
    6.028358984622173e-05
   ],
   [
    3.1717197998659685e-05,
    6.496340211015195e-05,
    1.0
   ]
  ]
 },
 {
  "rotation_euler": [
   0.00013111403677612543,
   5.650842285831459e-05,
   -1.8225260972976685
  ],
  "euler_order": "XYZ",
  "rotation_matrix": [
   [
    -0.24907958507537842,
    0.968483030796051,
    -0.00014105680747888982
   ],
   [
    -0.968483030796051,
    -0.24907958507537842,
    -2.2069618353270926e-05
   ],
   [
    -5.650842285831459e-05,
    0.00013111403677612543,
    1.0
   ]
  ]
 },
 {
  "rotation_euler": [
   6.490421947091818e-05,
   -3.25463515764568e-05,
   0.23873445391654968
  ],
  "euler_order": "XYZ",
  "rotation_matrix": [
   [
    0.971638023853302,
    -0.23647315800189972,
    -1.627516576263588e-05
   ],
   [
    0.23647315800189972,
    0.971638023853302,
    -7.075974281178787e-05
   ],
   [
    3.25463515764568e-05,
    6.490421947091818e-05,
    1.0
   ]
  ]
 },
 {
  "rotation_euler": [
   6.878604472149163e-05,
   -3.489838491077535e-06,
   1.0296880006790161
  ],
  "euler_order": "XYZ",
  "rotation_matrix": [
   [
    0.51508629322052,
    -0.8571383357048035,
    5.7161585573339835e-05
   ],
   [
    0.8571383357048035,
    0.51508629322052,
    -3.842202204396017e-05
   ],
   [
    3.489838491077535e-06,
    6.878604472149163e-05,
    1.0
   ]
  ]
 },
 {
  "rotation_euler": [
   6.711777677992359e-05,
   -9.229156603396405e-06,
   2.4200916290283203
  ],
  "euler_order": "XYZ",
  "rotation_matrix": [
   [
    -0.7508151531219482,
    -0.660512387752533,
    5.12615151819773e-05
   ],
   [
    0.660512387752533,
    -0.7508151531219482,
    4.4297070417087525e-05
   ],
   [
    9.229156603396405e-06,
    6.711777677992359e-05,
    1.0
   ]
  ]
 },
 {
  "rotation_euler": [
   6.513126572826877e-05,
   2.9391583666438237e-05,
   0.49634772539138794
  ],
  "euler_order": "XYZ",
  "rotation_matrix": [
   [
    0.8793277144432068,
    -0.4762171804904938,
    5.686145959771238e-05
   ],
   [
    0.4762171804904938,
    0.8793277144432068,
    -4.3274947529425845e-05
   ],
   [
    -2.9391583666438237e-05,
    6.513126572826877e-05,
    1.0
   ]
  ]
 },
 {
  "rotation_euler": [
   7.065400859573856e-05,
   3.49239599017892e-05,
   -0.7139410972595215
  ],
  "euler_order": "XYZ",
  "rotation_matrix": [
   [
    0.7557870745658875,
    0.6548174619674683,
    -1.9870403775712475e-05
   ],
   [
    -0.6548174619674683,
    0.7557870745658875,
    -7.626820297446102e-05
   ],
   [
    -3.49239599017892e-05,
    7.065400859573856e-05,
    1.0
   ]
  ]
 },
 {
  "rotation_euler": [
   6.698718061670661e-05,
   7.268476110766642e-06,
   0.310286283493042
  ],
  "euler_order": "XYZ",
  "rotation_matrix": [
   [
    0.9522461891174316,
    -0.3053312599658966,
    2.7374659111956134e-05
   ],
   [
    0.3053312599658966,
    0.9522461891174316,
    -6.156899326015264e-05
   ],
   [
    -7.268476110766642e-06,
    6.698718061670661e-05,
    1.0
   ]
  ]
 },
 {
  "rotation_euler": [
   9.282791870646179e-05,
   0.00032785863731987774,
   3.0164318084716797
  ],
  "euler_order": "XYZ",
  "rotation_matrix": [
   [
    -0.9921775460243225,
    -0.12483435124158859,
    -0.000313705881126225
   ],
   [
    0.12483431398868561,
    -0.9921776056289673,
    0.00013302979641593993
   ],
   [
    -0.00032785863731987774,
    9.282791143050417e-05,
    0.9999999403953552
   ]
  ]
 },
 {
  "rotation_euler": [
   6.054501500329934e-05,
   3.7166410038480535e-05,
   1.0344291925430298
  ],
  "euler_order": "XYZ",
  "rotation_matrix": [
   [
    0.5110166668891907,
    -0.8595708012580872,
    7.10353851900436e-05
   ],
   [
    0.8595708012580872,
    0.5110166668891907,
    1.007649302664504e-06
   ],
   [
    -3.7166410038480535e-05,
    6.054501500329934e-05,
    1.0
   ]
  ]
 }
]