[
 {
  "rotation_euler": [
   1.0393017530441284,
   -1.2187626361846924,
   0.6993530988693237
  ],
  "euler_order": "XYZ",
  "rotation_matrix": [
   [
    0.26386696100234985,
    -0.9454881548881531,
    0.19085688889026642
   ],
   [
    0.22196044027805328,
    -0.1330399215221405,
    -0.9659368395805359
   ],
   [
    0.9386734366416931,
    0.2972414791584015,
    0.17475612461566925
   ]
  ]
 },
 {
  "rotation_euler": [
   1.0314555168151855,
   1.2253131866455078,
   0.8950678110122681
  ],
  "euler_order": "XYZ",
  "rotation_matrix": [
   [
    0.21181485056877136,
    0.10425391793251038,
    0.9717332720756531
   ],
   [
    0.26423320174217224,
    0.9511545896530151,
    -0.15964268147945404
   ],
   [
    -0.9409119486808777,
    0.2905788719654083,
    0.17392131686210632
   ]
  ]
 },
 {
  "rotation_euler": [
   0.8124158978462219,
   1.332337737083435,
   2.4757399559020996
  ],
  "euler_order": "XYZ",
  "rotation_matrix": [
   [
    -0.18574941158294678,
    -0.9795683026313782,
    -0.07709180563688278
   ],
   [
    0.14591096341609955,
    -0.10508520901203156,
    0.983700692653656
   ],
   [
    -0.9717032313346863,
    0.17147329449653625,
    0.16244927048683167
   ]
  ]
 },
 {
  "rotation_euler": [
   1.0448702573776245,
   1.2146720886230469,
   0.00028295692754909396
  ],
  "euler_order": "XYZ",
  "rotation_matrix": [
   [
    0.3486442565917969,
    0.8104518055915833,
    0.4707600176334381
   ],
   [
    9.865131141850725e-05,
    0.5022434592247009,
    -0.8647262454032898
   ],
   [
    -0.9372551441192627,
    0.30152830481529236,
    0.1750243604183197
   ]
  ]
 },
 {
  "rotation_euler": [
   0.8209853768348694,
   0.007328635081648827,
   -2.1761069297790527
  ],
  "euler_order": "XYZ",
  "rotation_matrix": [
   [
    -0.5690022110939026,
    0.5573633909225464,
    -0.6046342253684998
   ],
   [
    -0.822303295135498,
    -0.3921959698200226,
    0.41231006383895874
   ],
   [
    -0.007328569423407316,
    0.7317980527877808,
    0.6814821362495422
   ]
  ]
 },
 {
  "rotation_euler": [
   0.12855765223503113,
   1.376462697982788,
   -1.2792900800704956
  ],
  "euler_order": "XYZ",
  "rotation_matrix": [
   [
    0.055499687790870667,
    0.9860596656799316,
    0.15686331689357758
   ],
   [
    -0.18496572971343994,
    0.1645398736000061,
    -0.9688727259635925
   ],
   [
    -0.9811765551567078,
    0.02475779503583908,
    0.19151915609836578
   ]
  ]
 },
 {
  "rotation_euler": [
   0.8196561932563782,
   1.164496825367678e-05,
   3.1371519565582275
  ],
  "euler_order": "XYZ",
  "rotation_matrix": [
   [
    -0.9999901652336121,
    -0.0030391551554203033,
    0.003237797413021326
   ],
   [
    0.004440682474523783,
    -0.6824657917022705,
    0.7309040427207947
   ],
   [
    -1.164496825367678e-05,
    0.7309112548828125,
    0.6824725270271301
   ]
  ]
 },
 {
  "rotation_euler": [
   0.8196563720703125,
   6.366472007357515e-06,
   2.928647041320801
  ],
  "euler_order": "XYZ",
  "rotation_matrix": [
   [
    -0.9774126410484314,
    -0.1442381888628006,
    0.15446648001670837
   ],
   [
    0.21133989095687866,
    -0.667056143283844,
    0.7144029140472412
   ],
   [
    -6.366472007357515e-06,
    0.730911374092102,
    0.6824724078178406
   ]
  ]
 },
 {
  "rotation_euler": [
   0.8682876229286194,
   1.3092151880264282,
   -0.04845234751701355
  ],
  "euler_order": "XYZ",
  "rotation_matrix": [
   [
    0.2583047151565552,
    0.7676897644996643,
    0.5864564180374146
   ],
   [
    -0.012525273486971855,
    0.6096680760383606,
    -0.7925578355789185
   ],
   [
    -0.9659823179244995,
    0.19737590849399567,
    0.16709567606449127
   ]
  ]
 },
 {
  "rotation_euler": [
   0.09148453176021576,
   -1.3761098384857178,
   1.5887064933776855
  ],
  "euler_order": "XYZ",
  "rotation_matrix": [
   [
    -0.003464696928858757,
    -0.9940532445907593,
    0.1088397204875946
   ],
   [
    0.1934279352426529,
    -0.10745102912187576,
    -0.9752127528190613
   ],
   [
    0.9811083674430847,
    0.017673823982477188,
    0.1926499456167221
   ]
  ]
 },
 {
  "rotation_euler": [
   1.0712305307388306,
   -1.181295394897461,
   0.9718897938728333
  ],
  "euler_order": "XYZ",
  "rotation_matrix": [
   [
    0.21406704187393188,
    -0.8534488081932068,
    0.4751846492290497
   ],
   [
    0.31363630294799805,
    -0.40065261721611023,
    -0.8608773350715637
   ],
   [
    0.9250986576080322,
    0.33332061767578125,
    0.18190599977970123
   ]
  ]
 },
 {
  "rotation_euler": [
   0.24080054461956024,
   1.3793301582336426,
   2.8281984329223633
  ],
  "euler_order": "XYZ",
  "rotation_matrix": [
   [
    -0.1810295432806015,
    -0.5221130847930908,
    -0.8334423899650574
   ],
   [
    0.05866698548197746,
    -0.8516680002212524,
    0.5207877159118652
   ],
   [
    -0.9817262887954712,
    0.045382410287857056,
    0.18480786681175232
   ]
  ]
 },
 {
  "rotation_euler": [
   0.8196570873260498,
   -8.183740646927617e-06,
   -0.4518614113330841
  ],
  "euler_order": "XYZ",
  "rotation_matrix": [
   [
    0.899635910987854,
    0.29798975586891174,
    -0.31915101408958435
   ],
   [
    -0.4366408884525299,
    0.6139788031578064,
    -0.6575520634651184
   ],
   [
    8.183740646927617e-06,
    0.7309118509292603,
    0.6824718713760376
   ]
  ]
 },
 {
  "rotation_euler": [
   0.8233227729797363,
   -0.020219264551997185,
   2.340449810028076
  ],
  "euler_order": "XYZ",
  "rotation_matrix": [
   [
    -0.6957442164421082,
    -0.47787243127822876,
    0.5362629890441895
   ],
   [
    0.7180050611495972,
    -0.48370400071144104,
    0.5004989504814148
   ],
   [
    0.020217886194586754,
    0.7332587242126465,
    0.6796490550041199
   ]
  ]
 },
 {
  "rotation_euler": [
   0.953792929649353,
   -1.2756773233413696,
   -0.5684390664100647
  ],
  "euler_order": "XYZ",
  "rotation_matrix": [
   [
    0.24511471390724182,
    -0.3461710512638092,
    -0.9055851101875305
   ],
   [
    -0.15657156705856323,
    0.9076838493347168,
    -0.38935256004333496
   ],
   [
    0.9567675590515137,
    0.23722492158412933,
    0.16828611493110657
   ]
  ]
 },
 {
  "rotation_euler": [
   -2.078660011291504,
   1.946210265159607,
   -0.24500522017478943
  ],
  "euler_order": "XYZ",
  "rotation_matrix": [
   [
    -0.3557078242301941,
    -0.9066145420074463,
    -0.22698462009429932
   ],
   [
    0.08893699198961258,
    -0.2746027112007141,
    0.9574359059333801
   ],
   [
    -0.9303559064865112,
    0.3203801214694977,
    0.17830990254878998
   ]
  ]
 }
]