[
 {
  "rotation_euler": [
   -1.9626414775848389,
   0.6686549186706543,
   -0.36426016688346863
  ],
  "euler_order": "XYZ",
  "rotation_matrix": [
   [
    0.7331730723381042,
    -0.6714047789573669,
    0.10804128646850586
   ],
   [
    -0.27954015135765076,
    -0.15272139012813568,
    0.9479100704193115
   ],
   [
    -0.6199311017990112,
    -0.7251839637756348,
    -0.2996557950973511
   ]
  ]
 },
 {
  "rotation_euler": [
   1.319698691368103,
   -0.7985194325447083,
   -2.2298922538757324
  ],
  "euler_order": "XYZ",
  "rotation_matrix": [
   [
    -0.427314817905426,
    0.6213464736938477,
    -0.656757652759552
   ],
   [
    -0.5516178607940674,
    0.3963664770126343,
    0.7339014410972595
   ],
   [
    0.7163237929344177,
    0.6758862137794495,
    0.1733725517988205
   ]
  ]
 },
 {
  "rotation_euler": [
   0.003478585509583354,
   -2.6828236514120363e-05,
   -0.33759865164756775
  ],
  "euler_order": "XYZ",
  "rotation_matrix": [
   [
    0.9435527920722961,
    0.3312201499938965,
    -0.001177496276795864
   ],
   [
    -0.3312222361564636,
    0.9435470700263977,
    -0.0032733362168073654
   ],
   [
    2.6828236514120363e-05,
    0.0034785785246640444,
    0.9999939203262329
   ]
  ]
 },
 {
  "rotation_euler": [
   1.7612740993499756,
   -0.678291916847229,
   0.6521759033203125
  ],
  "euler_order": "XYZ",
  "rotation_matrix": [
   [
    0.6188403367996216,
    -0.3747606873512268,
    0.6903557181358337
   ],
   [
    0.4725733995437622,
    -0.5244024395942688,
    -0.708291232585907
   ],
   [
    0.6274639368057251,
    0.7645629644393921,
    -0.14741945266723633
   ]
  ]
 },
 {
  "rotation_euler": [
   0.28975990414619446,
   -0.7667675018310547,
   0.5994570255279541
  ],
  "euler_order": "XYZ",
  "rotation_matrix": [
   [
    0.5945920348167419,
    -0.7043473720550537,
    -0.38775649666786194
   ],
   [
    0.40630853176116943,
    0.679378867149353,
    -0.6110300421714783
   ],
   [
    0.6938109397888184,
    0.20576485991477966,
    0.6901355981826782
   ]
  ]
 },
 {
  "rotation_euler": [
   2.5442399978637695,
   -0.7316557168960571,
   -0.5729486346244812
  ],
  "euler_order": "XYZ",
  "rotation_matrix": [
   [
    0.6252459287643433,
    -0.7640017867088318,
    0.15927578508853912
   ],
   [
    -0.4033689796924591,
    -0.49107444286346436,
    -0.7721006274223328
   ],
   [
    0.668102502822876,
    0.41850587725639343,
    -0.6152169108390808
   ]
  ]
 },
 {
  "rotation_euler": [
   -0.021106179803609848,
   -0.07287239283323288,
   -1.5405395030975342
  ],
  "euler_order": "XYZ",
  "rotation_matrix": [
   [
    0.030171917751431465,
    0.9993661642074585,
    0.018892843276262283
   ],
   [
    -0.9968894720077515,
    0.028709590435028076,
    0.07339683920145035
   ],
   [
    0.0728079155087471,
    -0.02104859985411167,
    0.9971238374710083
   ]
  ]
 },
 {
  "rotation_euler": [
   2.472541332244873,
   -0.6726128458976746,
   0.9566300511360168
  ],
  "euler_order": "XYZ",
  "rotation_matrix": [
   [
    0.4507620930671692,
    0.4183714985847473,
    0.7885295152664185
   ],
   [
    0.6392533183097839,
    -0.7678499817848206,
    0.04197101294994354
   ],
   [
    0.6230318546295166,
    0.48515117168426514,
    -0.613563060760498
   ]
  ]
 },
 {
  "rotation_euler": [
   -0.9259322285652161,
   -2.9608020782470703,
   -0.14541596174240112
  ],
  "euler_order": "XYZ",
  "rotation_matrix": [
   [
    -0.9733195900917053,
    0.22928236424922943,
    0.008864960633218288
   ],
   [
    0.14254234731197357,
    0.5739232301712036,
    0.8064079284667969
   ],
   [
    0.17980732023715973,
    0.7861562967300415,
    -0.5912931561470032
   ]
  ]
 },
 {
  "rotation_euler": [
   1.3638520240783691,
   0.7732211947441101,
   2.1620264053344727
  ],
  "euler_order": "XYZ",
  "rotation_matrix": [
   [
    -0.39889904856681824,
    -0.5515872836112976,
    0.7325510382652283
   ],
   [
    0.5941845774650574,
    0.45298874378204346,
    0.6646396517753601
   ],
   [
    -0.698444128036499,
    0.7003946900367737,
    0.14704786241054535
   ]
  ]
 },
 {
  "rotation_euler": [
   -1.9364203214645386,
   0.4355311095714569,
   1.7971510887145996
  ],
  "euler_order": "XYZ",
  "rotation_matrix": [
   [
    -0.20347565412521362,
    0.4368371367454529,
    -0.8762254118919373
   ],
   [
    0.883518397808075,
    -0.3037148118019104,
    -0.35658448934555054
   ],
   [
    -0.421891987323761,
    -0.8467175364494324,
    -0.3241550922393799
   ]
  ]
 },
 {
  "rotation_euler": [
   -0.586322009563446,
   1.1023041009902954,
   1.6826746463775635
  ],
  "euler_order": "XYZ",
  "rotation_matrix": [
   [
    -0.0504123829305172,
    -0.7726563811302185,
    -0.632819652557373
   ],
   [
    0.44871851801872253,
    -0.583594799041748,
    0.6768078207969666
   ],
   [
    -0.892250120639801,
    -0.24983839690685272,
    0.37612563371658325
   ]
  ]
 },
 {
  "rotation_euler": [
   -0.0019822255708277225,
   0.032741304486989975,
   -1.5544692277908325
  ],
  "euler_order": "XYZ",
  "rotation_matrix": [
   [
    0.016317622736096382,
    0.9998636841773987,
    0.0025164103135466576
   ],
   [
    -0.9993308186531067,
    0.016391221433877945,
    -0.03269866481423378
   ],
   [
    -0.03273545578122139,
    -0.0019811620004475117,
    0.9994620680809021
   ]
  ]
 },
 {
  "rotation_euler": [
   -0.000241402696701698,
   -0.017438095062971115,
   -0.3382459580898285
  ],
  "euler_order": "XYZ",
  "rotation_matrix": [
   [
    0.9431947469711304,
    0.33183690905570984,
    -0.016369080170989037
   ],
   [
    -0.3317824900150299,
    0.9433367252349854,
    0.006013965234160423
   ],
   [
    0.01743721216917038,
    -0.00024136599677149206,
    0.999847948551178
   ]
  ]
 },
 {
  "rotation_euler": [
   0.0031607532873749733,
   -0.0015415902016684413,
   0.7380192875862122
  ],
  "euler_order": "XYZ",
  "rotation_matrix": [
   [
    0.739801824092865,
    -0.6728241443634033,
    0.0009861603612080216
   ],
   [
    0.6728230714797974,
    0.7397956848144531,
    -0.003375543048605323
   ],
   [
    0.0015415896195918322,
    0.003160744206979871,
    0.9999938011169434
   ]
  ]
 },
 {
  "rotation_euler": [
   0.0030592132825404406,
   0.001500039710663259,
   -1.3227827548980713
  ],
  "euler_order": "XYZ",
  "rotation_matrix": [
   [
    0.2454785257577896,
    0.969398558139801,
    -0.0025973767042160034
   ],
   [
    -0.9694008827209473,
    0.2454732060432434,
    -0.002205104799941182
   ],
   [
    -0.00150003912858665,
    0.0030592051334679127,
    0.9999942183494568
   ]
  ]
 }
]