[
 {
  "rotation_euler": [
   0.015977803617715836,
   -0.0015232957666739821,
   2.0009543895721436
  ],
  "euler_order": "XYZ",
  "rotation_matrix": [
   [
    -0.4170139729976654,
    -0.90877366065979,
    0.015156760811805725
   ],
   [
    0.9088987708091736,
    -0.41698336601257324,
    0.005278345663100481
   ],
   [
    0.001523295184597373,
    0.015977105125784874,
    0.9998711943626404
   ]
  ]
 },
 {
  "rotation_euler": [
   0.5964891910552979,
   -0.004222562536597252,
   -0.5730875134468079
  ],
  "euler_order": "XYZ",
  "rotation_matrix": [
   [
    0.8402233719825745,
    0.44659990072250366,
    -0.307527631521225
   ],
   [
    -0.5422239899635315,
    0.6964199542999268,
    -0.47009825706481934
   ],
   [
    0.004222549963742495,
    0.5617364048957825,
    0.8273054957389832
   ]
  ]
 },
 {
  "rotation_euler": [
   2.400865077972412,
   5.3863583815427774e-08,
   -2.0869362354278564
  ],
  "euler_order": "XYZ",
  "rotation_matrix": [
   [
    -0.4935265779495239,
    -0.6418419480323792,
    -0.5869160294532776
   ],
   [
    -0.8697307109832764,
    0.3642116189002991,
    0.3330441117286682
   ],
   [
    -5.3863583815427774e-08,
    0.6748250126838684,
    -0.7379777431488037
   ]
  ]
 },
 {
  "rotation_euler": [
   -0.31432971358299255,
   -0.179580420255661,
   0.48477208614349365
  ],
  "euler_order": "XYZ",
  "rotation_matrix": [
   [
    0.8705527782440186,
    -0.3943125009536743,
    -0.294373095035553
   ],
   [
    0.45851272344589233,
    0.8671653270721436,
    0.19439750909805298
   ],
   [
    0.17861676216125488,
    -0.30420708656311035,
    0.9357104897499084
   ]
  ]
 },
 {
  "rotation_euler": [
   0.5622227787971497,
   -2.8178220645713736e-07,
   2.084500789642334
  ],
  "euler_order": "XYZ",
  "rotation_matrix": [
   [
    -0.49140694737434387,
    -0.736869752407074,
    0.46426519751548767
   ],
   [
    0.8709300756454468,
    -0.4157659411430359,
    0.2619531750679016
   ],
   [
    2.8178220645713736e-07,
    0.5330681204795837,
    0.8460723161697388
   ]
  ]
 },
 {
  "rotation_euler": [
   2.400865077972412,
   -1.3284218169928863e-08,
   -1.5384681224822998
  ],
  "euler_order": "XYZ",
  "rotation_matrix": [
   [
    0.03232257440686226,
    -0.7375921607017517,
    -0.6744723916053772
   ],
   [
    -0.9994775056838989,
    -0.023853331804275513,
    -0.021812090650200844
   ],
   [
    1.3284218169928863e-08,
    0.6748250126838684,
    -0.7379777431488037
   ]
  ]
 },
 {
  "rotation_euler": [
   0.5622018575668335,
   9.447430784348398e-07,
   2.273719310760498
  ],
  "euler_order": "XYZ",
  "rotation_matrix": [
   [
    -0.6464505791664124,
    -0.6455246806144714,
    0.4066934585571289
   ],
   [
    0.762955904006958,
    -0.5469507575035095,
    0.3445913791656494
   ],
   [
    -9.447430784348398e-07,
    0.5330504179000854,
    0.8460834622383118
   ]
  ]
 },
 {
  "rotation_euler": [
   -0.3143148720264435,
   -0.17957980930805206,
   2.993774890899658
  ],
  "euler_order": "XYZ",
  "rotation_matrix": [
   [
    -0.9731890559196472,
    -0.1946842223405838,
    0.12247922271490097
   ],
   [
    0.14491161704063416,
    -0.932504415512085,
    -0.3308112919330597
   ],
   [
    0.17861615121364594,
    -0.30419325828552246,
    0.9357150793075562
   ]
  ]
 },
 {
  "rotation_euler": [
   -0.31431421637535095,
   -0.1795797348022461,
   -1.558213233947754
  ],
  "euler_order": "XYZ",
  "rotation_matrix": [
   [
    0.012380415573716164,
    0.9516281485557556,
    0.3070025146007538
   ],
   [
    -0.9838409423828125,
    -0.04325104132294655,
    0.1737421303987503
   ],
   [
    0.17861607670783997,
    -0.3041926324367523,
    0.9357153177261353
   ]
  ]
 },
 {
  "rotation_euler": [
   0.5622018575668335,
   2.2938777419767575e-06,
   -0.8552336096763611
  ],
  "euler_order": "XYZ",
  "rotation_matrix": [
   [
    0.656042218208313,
    0.6385604739189148,
    -0.4023047983646393
   ],
   [
    -0.7547242045402527,
    0.5550655722618103,
    -0.3497050702571869
   ],
   [
    -2.2938777419767575e-06,
    0.5330504179000854,
    0.8460834622383118
   ]
  ]
 },
 {
  "rotation_euler": [
   0.016984259709715843,
   -0.0006185582024045289,
   1.6322965621948242
  ],
  "euler_order": "XYZ",
  "rotation_matrix": [
   [
    -0.06146146357059479,
    -0.9979648590087891,
    0.016989346593618393
   ],
   [
    0.9981092810630798,
    -0.061463095247745514,
    0.0004265277530066669
   ],
   [
    0.0006185581441968679,
    0.01698344014585018,
    0.9998555779457092
   ]
  ]
 },
 {
  "rotation_euler": [
   2.400865077972412,
   6.31772891779292e-08,
   1.3224890232086182
  ],
  "euler_order": "XYZ",
  "rotation_matrix": [
   [
    0.24576352536678314,
    0.7153438329696655,
    0.6541280150413513
   ],
   [
    0.969329833984375,
    -0.18136797845363617,
    -0.16584742069244385
   ],
   [
    -6.31772891779292e-08,
    0.6748250126838684,
    -0.7379777431488037
   ]
  ]
 },
 {
  "rotation_euler": [
   0.7173162698745728,
   -8.546675900333867e-08,
   -0.7754825949668884
  ],
  "euler_order": "XYZ",
  "rotation_matrix": [
   [
    0.7140832543373108,
    0.5275465846061707,
    -0.46019524335861206
   ],
   [
    -0.7000607848167419,
    0.5381136536598206,
    -0.46941307187080383
   ],
   [
    8.546675900333867e-08,
    0.6573646664619446,
    0.7535726428031921
   ]
  ]
 },
 {
  "rotation_euler": [
   2.400865077972412,
   5.767724076122249e-08,
   1.0435199737548828
  ],
  "euler_order": "XYZ",
  "rotation_matrix": [
   [
    0.5031814575195312,
    0.6377462148666382,
    0.5831707715988159
   ],
   [
    0.8641807436943054,
    -0.3713367283344269,
    -0.33955949544906616
   ],
   [
    -5.767724076122249e-08,
    0.6748250126838684,
    -0.7379777431488037
   ]
  ]
 },
 {
  "rotation_euler": [
   -0.3143152594566345,
   -0.17957979440689087,
   3.0947937965393066
  ],
  "euler_order": "XYZ",
  "rotation_matrix": [
   [
    -0.9828415513038635,
    -0.09965132176876068,
    0.15521614253520966
   ],
   [
    0.0460294708609581,
    -0.9473837018013,
    -0.3167734742164612
   ],
   [
    0.17861613631248474,
    -0.3041936159133911,
    0.9357149600982666
   ]
  ]
 },
 {
  "rotation_euler": [
   -0.7407276630401611,
   3.1415927410125732,
   0.250278115272522
  ],
  "euler_order": "XYZ",
  "rotation_matrix": [
   [
    -0.9688435792922974,
    -0.18277740478515625,
    -0.1671362966299057
   ],
   [
    -0.2476734220981598,
    0.7149849534034729,
    0.6537999510765076
   ],
   [
    8.742277657347586e-08,
    0.6748250722885132,
    -0.7379776835441589
   ]
  ]
 }
]