[
 {
  "rotation_euler": [
   0.04284727945923805,
   -0.013044898398220539,
   -2.7904720306396484
  ],
  "euler_order": "XYZ",
  "rotation_matrix": [
   [
    -0.9389079809188843,
    0.34415924549102783,
    -0.0024954124819487333
   ],
   [
    -0.3439210057258606,
    -0.9379338622093201,
    0.04470331594347954
   ],
   [
    0.013044528663158417,
    0.04283052682876587,
    0.9989972114562988
   ]
  ]
 },
 {
  "rotation_euler": [
   0.04284496605396271,
   -0.013046816922724247,
   -2.250586986541748
  ],
  "euler_order": "XYZ",
  "rotation_matrix": [
   [
    -0.6285767555236816,
    0.777341902256012,
    -0.025116657838225365
   ],
   [
    -0.7776381373405457,
    -0.6276187300682068,
    0.03706236928701401
   ],
   [
    0.013046447187662125,
    0.042828213423490524,
    0.9989972710609436
   ]
  ]
 },
 {
  "rotation_euler": [
   0.04284442588686943,
   -0.013046935200691223,
   1.3562445640563965
  ],
  "euler_order": "XYZ",
  "rotation_matrix": [
   [
    0.2128913700580597,
    -0.9762942790985107,
    0.039074089378118515
   ],
   [
    0.9769887924194336,
    0.2121681123971939,
    -0.021854927763342857
   ],
   [
    0.0130465654656291,
    0.04282767325639725,
    0.9989972710609436
   ]
  ]
 },
 {
  "rotation_euler": [
   0.7969762682914734,
   -0.021705714985728264,
   2.9397976398468018
  ],
  "euler_order": "XYZ",
  "rotation_matrix": [
   [
    -0.97947758436203,
    -0.1248650997877121,
    0.15821607410907745
   ],
   [
    0.20038102567195892,
    -0.6878027319908142,
    0.6976925134658813
   ],
   [
    0.021704010665416718,
    0.7150776982307434,
    0.6987079977989197
   ]
  ]
 },
 {
  "rotation_euler": [
   0.04285469651222229,
   -0.01304456777870655,
   -2.5993828773498535
  ],
  "euler_order": "XYZ",
  "rotation_matrix": [
   [
    -0.856497585773468,
    0.5160349607467651,
    -0.010944527573883533
   ],
   [
    -0.5159862041473389,
    -0.8554956316947937,
    0.043421849608421326
   ],
   [
    0.013044198043644428,
    0.04283793643116951,
    0.9989968538284302
   ]
  ]
 },
 {
  "rotation_euler": [
   0.042844466865062714,
   -0.013046953827142715,
   2.1470887660980225
  ],
  "euler_order": "XYZ",
  "rotation_matrix": [
   [
    -0.5448725819587708,
    -0.8374147415161133,
    0.04301641881465912
   ],
   [
    0.8384173512458801,
    -0.5448874235153198,
    0.012410244904458523
   ],
   [
    0.013046584092080593,
    0.04282771423459053,
    0.9989972710609436
   ]
  ]
 },
 {
  "rotation_euler": [
   0.042853131890296936,
   -0.013043569400906563,
   -0.0786244198679924
  ],
  "euler_order": "XYZ",
  "rotation_matrix": [
   [
    0.9968258738517761,
    0.0779142826795578,
    -0.016355769708752632
   ],
   [
    -0.078536756336689,
    0.9960393905639648,
    -0.04168415442109108
   ],
   [
    0.01304319966584444,
    0.042836371809244156,
    0.9989969730377197
   ]
  ]
 },
 {
  "rotation_euler": [
   0.04285880923271179,
   -0.013043681159615517,
   2.7549703121185303
  ],
  "euler_order": "XYZ",
  "rotation_matrix": [
   [
    -0.9261091351509094,
    -0.3761983811855316,
    0.02822495438158512
   ],
   [
    0.3770301640033722,
    -0.9255481362342834,
    0.034769535064697266
   ],
   [
    0.013043311424553394,
    0.04284204542636871,
    0.9989967346191406
   ]
  ]
 },
 {
  "rotation_euler": [
   0.04284891113638878,
   -0.013043105602264404,
   -3.1272897720336914
  ],
  "euler_order": "XYZ",
  "rotation_matrix": [
   [
    -0.999812662601471,
    0.01484790537506342,
    0.012416777200996876
   ],
   [
    -0.014301177114248276,
    -0.9989719390869141,
    0.04301778972148895
   ],
   [
    0.013042735867202282,
    0.042832158505916595,
    0.998997151851654
   ]
  ]
 },
 {
  "rotation_euler": [
   0.796970546245575,
   -0.021702036261558533,
   0.062057122588157654
  ],
  "euler_order": "XYZ",
  "rotation_matrix": [
   [
    0.9978400468826294,
    -0.05883356183767319,
    0.02922072261571884
   ],
   [
    0.062002696096897125,
    0.6965688467025757,
    -0.7148059010505676
   ],
   [
    0.021700331941246986,
    0.7150737643241882,
    0.6987121105194092
   ]
  ]
 },
 {
  "rotation_euler": [
   0.042844995856285095,
   -0.013046812266111374,
   -0.9230762124061584
  ],
  "euler_order": "XYZ",
  "rotation_matrix": [
   [
    0.6033185124397278,
    0.7963925004005432,
    -0.042021386325359344
   ],
   [
    -0.7973936200141907,
    0.6032617688179016,
    -0.015448982827365398
   ],
   [
    0.013046442531049252,
    0.04282824322581291,
    0.9989972710609436
   ]
  ]
 },
 {
  "rotation_euler": [
   0.04289828613400459,
   -0.013162001967430115,
   3.0140132904052734
  ],
  "euler_order": "XYZ",
  "rotation_matrix": [
   [
    -0.9917868971824646,
    -0.1265566498041153,
    0.018499072641134262
   ],
   [
    0.12722253799438477,
    -0.991032063961029,
    0.040863532572984695
   ],
   [
    0.013161621987819672,
    0.04288141429424286,
    0.998993456363678
   ]
  ]
 },
 {
  "rotation_euler": [
   0.042850058525800705,
   -0.013042946346104145,
   0.6485848426818848
  ],
  "euler_order": "XYZ",
  "rotation_matrix": [
   [
    0.7968716621398926,
    -0.6039499640464783,
    0.01549145020544529
   ],
   [
    0.6040078401565552,
    0.7958704233169556,
    -0.042009707540273666
   ],
   [
    0.013042576611042023,
    0.04283330217003822,
    0.9989970922470093
   ]
  ]
 },
 {
  "rotation_euler": [
   0.042849086225032806,
   -0.013047099113464355,
   -2.985506296157837
  ],
  "euler_order": "XYZ",
  "rotation_matrix": [
   [
    -0.9877591729164124,
    0.1558627337217331,
    0.0062172976322472095
   ],
   [
    -0.15544010698795319,
    -0.9868496060371399,
    0.044341523200273514
   ],
   [
    0.013046729378402233,
    0.042832329869270325,
    0.9989970922470093
   ]
  ]
 },
 {
  "rotation_euler": [
   0.04285114258527756,
   -0.01304221898317337,
   0.8571280241012573
  ],
  "euler_order": "XYZ",
  "rotation_matrix": [
   [
    0.65455561876297,
    -0.7556374073028564,
    0.02385457418859005
   ],
   [
    0.7559013366699219,
    0.6535879969596863,
    -0.03789239749312401
   ],
   [
    0.013041849248111248,
    0.042834386229515076,
    0.9989970326423645
   ]
  ]
 },
 {
  "rotation_euler": [
   0.04284873232245445,
   -0.01304385345429182,
   0.25870856642723083
  ],
  "euler_order": "XYZ",
  "rotation_matrix": [
   [
    0.9666389226913452,
    -0.2561376094818115,
    -0.0016391020035371184
   ],
   [
    0.25581055879592896,
    0.9656909108161926,
    -0.04474398493766785
   ],
   [
    0.013043483719229698,
    0.04283197596669197,
    0.998997151851654
   ]
  ]
 }
]