[
 {
  "rotation_euler": [
   -1.5659701824188232,
   6.411460162780713e-07,
   -0.5312908291816711
  ],
  "euler_order": "XYZ",
  "rotation_matrix": [
   [
    0.8621537685394287,
    0.0024445876479148865,
    0.5066407322883606
   ],
   [
    -0.5066466331481934,
    0.004161187447607517,
    0.8621437549591064
   ],
   [
    -6.411460162780713e-07,
    -0.9999883770942688,
    0.00482612568885088
   ]
  ]
 },
 {
  "rotation_euler": [
   1.5764741897583008,
   2.0443478206289e-05,
   -0.5233216285705566
  ],
  "euler_order": "XYZ",
  "rotation_matrix": [
   [
    0.866163969039917,
    -0.002819846151396632,
    -0.499752014875412
   ],
   [
    -0.4997599720954895,
    -0.004928150214254856,
    -0.86614990234375
   ],
   [
    -2.0443478206289e-05,
    0.9999839067459106,
    -0.005677832290530205
   ]
  ]
 },
 {
  "rotation_euler": [
   0.004463803023099899,
   -0.00556277995929122,
   1.576180338859558
  ],
  "euler_order": "XYZ",
  "rotation_matrix": [
   [
    -0.005383902695029974,
    -0.9999753832817078,
    0.004493672866374254
   ],
   [
    0.999970018863678,
    -0.005408762954175472,
    -0.00553858233615756
   ],
   [
    0.005562751088291407,
    0.004463719204068184,
    0.9999745488166809
   ]
  ]
 },
 {
  "rotation_euler": [
   -1.5659699440002441,
   1.9890039766323753e-06,
   0.9739640355110168
  ],
  "euler_order": "XYZ",
  "rotation_matrix": [
   [
    0.562025249004364,
    -0.0039931004866957664,
    -0.8271104693412781
   ],
   [
    0.8271200656890869,
    0.0027108932845294476,
    0.5620186924934387
   ],
   [
    -1.9890039766323753e-06,
    -0.9999883770942688,
    0.004826364107429981
   ]
  ]
 },
 {
  "rotation_euler": [
   -1.5659523010253906,
   -2.0871109427389456e-06,
   2.868624687194824
  ],
  "euler_order": "XYZ",
  "rotation_matrix": [
   [
    -0.962975025177002,
    -0.001307909027673304,
    -0.26958751678466797
   ],
   [
    0.26959070563316345,
    -0.004664094652980566,
    -0.9629637002944946
   ],
   [
    2.0871109427389456e-06,
    -0.9999882578849792,
    0.0048440066166222095
   ]
  ]
 },
 {
  "rotation_euler": [
   0.010711176320910454,
   -0.0056373742409050465,
   1.8251336812973022
  ],
  "euler_order": "XYZ",
  "rotation_matrix": [
   [
    -0.25160014629364014,
    -0.9677595496177673,
    0.011784699745476246
   ],
   [
    0.9678148627281189,
    -0.2516481280326843,
    -0.0027607546653598547
   ],
   [
    0.005637344438582659,
    0.010710800997912884,
    0.999926745891571
   ]
  ]
 },
 {
  "rotation_euler": [
   -1.5659734010696411,
   7.248050337693712e-07,
   1.303053855895996
  ],
  "euler_order": "XYZ",
  "rotation_matrix": [
   [
    0.2645550072193146,
    -0.004651261493563652,
    -0.9643594026565552
   ],
   [
    0.964370608329773,
    0.0012752253096550703,
    0.26455193758010864
   ],
   [
    -7.248050337693712e-07,
    -0.9999883770942688,
    0.004822907038033009
   ]
  ]
 },
 {
  "rotation_euler": [
   1.5764753818511963,
   7.442227797582746e-05,
   2.0297021865844727
  ],
  "euler_order": "XYZ",
  "rotation_matrix": [
   [
    -0.4429674446582794,
    0.005058493465185165,
    0.8965234160423279
   ],
   [
    0.896537721157074,
    0.002582344226539135,
    0.44295990467071533
   ],
   [
    -7.442227797582746e-05,
    0.9999838471412659,
    -0.005679024383425713
   ]
  ]
 },
 {
  "rotation_euler": [
   -0.1036476418375969,
   -0.005610229447484016,
   0.5211995244026184
  ],
  "euler_order": "XYZ",
  "rotation_matrix": [
   [
    0.8672088980674744,
    -0.4947452247142792,
    -0.05635514110326767
   ],
   [
    0.4979129135608673,
    0.8628575205802917,
    0.0869462788105011
   ],
   [
    0.005610200110822916,
    -0.10346053540706635,
    0.994617760181427
   ]
  ]
 },
 {
  "rotation_euler": [
   -0.02058861032128334,
   -0.005651997867971659,
   1.0450373888015747
  ],
  "euler_order": "XYZ",
  "rotation_matrix": [
   [
    0.501861572265625,
    -0.8647015690803528,
    -0.02064267173409462
   ],
   [
    0.8649294972419739,
    0.5018638372421265,
    0.005444471724331379
   ],
   [
    0.005651967599987984,
    -0.020586827769875526,
    0.9997720718383789
   ]
  ]
 },
 {
  "rotation_euler": [
   1.5764732360839844,
   -3.670939622679725e-05,
   1.9116032123565674
  ],
  "euler_order": "XYZ",
  "rotation_matrix": [
   [
    -0.3342476785182953,
    0.005362644325941801,
    0.9424700140953064
   ],
   [
    0.9424852728843689,
    0.001862886012531817,
    0.33424249291419983
   ],
   [
    3.670939622679725e-05,
    0.9999839067459106,
    -0.0056768786162137985
   ]
  ]
 },
 {
  "rotation_euler": [
   -1.5659689903259277,
   7.48782986192964e-06,
   -0.34239616990089417
  ],
  "euler_order": "XYZ",
  "rotation_matrix": [
   [
    0.9419528841972351,
    0.0016136952908709645,
    0.335741251707077
   ],
   [
    -0.3357451260089874,
    0.0045496197417378426,
    0.9419418573379517
   ],
   [
    -7.48782986192964e-06,
    -0.9999883770942688,
    0.0048273177817463875
   ]
  ]
 },
 {
  "rotation_euler": [
   0.03738853335380554,
   -0.005634438246488571,
   2.2674808502197266
  ],
  "euler_order": "XYZ",
  "rotation_matrix": [
   [
    -0.6416681408882141,
    -0.7663027048110962,
    0.03228230029344559
   ],
   [
    0.7669616937637329,
    -0.641391396522522,
    0.019667398184537888
   ],
   [
    0.0056344084441661835,
    0.03737923130393028,
    0.9992852807044983
   ]
  ]
 },
 {
  "rotation_euler": [
   0.0043900031596422195,
   -0.005588380619883537,
   -2.529816150665283
  ],
  "euler_order": "XYZ",
  "rotation_matrix": [
   [
    -0.8186162710189819,
    0.5743371844291687,
    0.0020534724462777376
   ],
   [
    -0.5743137001991272,
    -0.8186070322990417,
    0.0068032583221793175
   ],
   [
    0.005588351748883724,
    0.004389920737594366,
    0.9999747276306152
   ]
  ]
 },
 {
  "rotation_euler": [
   -1.5659691095352173,
   3.520650807331549e-06,
   1.649604082107544
  ],
  "euler_order": "XYZ",
  "rotation_matrix": [
   [
    -0.07872620224952698,
    -0.004811938852071762,
    -0.9968846440315247
   ],
   [
    0.9968962669372559,
    -0.0003835367097053677,
    -0.07872527092695236
   ],
   [
    -3.520650807331549e-06,
    -0.9999883770942688,
    0.004827198572456837
   ]
  ]
 },
 {
  "rotation_euler": [
   -1.0181409120559692,
   -0.002957858145236969,
   -0.9644476175308228
  ],
  "euler_order": "XYZ",
  "rotation_matrix": [
   [
    0.5698683857917786,
    0.4328033924102783,
    0.6985207796096802
   ],
   [
    -0.8217306733131409,
    0.2970845103263855,
    0.4863121509552002
   ],
   [
    0.0029578537214547396,
    -0.8511298298835754,
    0.5249468684196472
   ]
  ]
 }
]