[
 {
  "rotation_euler": [
   1.5751814999021008e-06,
   -1.55059728967899e-06,
   0.36650776863098145
  ],
  "euler_order": "XYZ",
  "rotation_matrix": [
   [
    0.9335845112800598,
    -0.35835734009742737,
    -8.831357831695641e-07
   ],
   [
    0.35835734009742737,
    0.9335845112800598,
    -2.026233005381073e-06
   ],
   [
    1.55059728967899e-06,
    1.5751814999021008e-06,
    1.0
   ]
  ]
 },
 {
  "rotation_euler": [
   6.073119038774166e-07,
   -1.6999323406707845e-06,
   -1.492788314819336
  ],
  "euler_order": "XYZ",
  "rotation_matrix": [
   [
    0.07792892307043076,
    0.9969589114189148,
    -7.379389330708364e-07
   ],
   [
    -0.9969589114189148,
    0.07792892307043076,
    1.647435510676587e-06
   ],
   [
    1.6999323406707845e-06,
    6.073119038774166e-07,
    1.0
   ]
  ]
 },
 {
  "rotation_euler": [
   9.447983870813914e-07,
   1.7751617633621208e-06,
   -1.863186240196228
  ],
  "euler_order": "XYZ",
  "rotation_matrix": [
   [
    -0.28824153542518616,
    0.957557737827301,
    -1.4163742889650166e-06
   ],
   [
    -0.957557737827301,
    -0.28824153542518616,
    -1.4274897921495722e-06
   ],
   [
    -1.7751617633621208e-06,
    9.447983870813914e-07,
    1.0
   ]
  ]
 },
 {
  "rotation_euler": [
   -2.934506710516871e-06,
   -3.6384506074682577e-06,
   1.652528166770935
  ],
  "euler_order": "XYZ",
  "rotation_matrix": [
   [
    -0.08164087682962418,
    -0.9966618418693542,
    -2.6276645712641766e-06
   ],
   [
    0.9966617822647095,
    -0.08164087682962418,
    -3.865880444209324e-06
   ],
   [
    3.6384506074682577e-06,
    -2.934506710516871e-06,
    1.0
   ]
  ]
 },
 {
  "rotation_euler": [
   -1.426192283630371,
   -0.011679436080157757,
   0.8019440770149231
  ],
  "euler_order": "XYZ",
  "rotation_matrix": [
   [
    0.6952633857727051,
    -0.09553053975105286,
    -0.7123782634735107
   ],
   [
    0.7186601758003235,
    0.10850103199481964,
    0.6868442893028259
   ],
   [
    0.011679170653223991,
    -0.989495575428009,
    0.14409078657627106
   ]
  ]
 },
 {
  "rotation_euler": [
   3.598404134663724e-07,
   2.5324170564999804e-06,
   -0.5020238757133484
  ],
  "euler_order": "XYZ",
  "rotation_matrix": [
   [
    0.8766104578971863,
    0.4812006652355194,
    2.0467878130148165e-06
   ],
   [
    -0.4812006652355194,
    0.8766104578971863,
    -1.53404062075424e-06
   ],
   [
    -2.5324170564999804e-06,
    3.598404134663724e-07,
    1.0
   ]
  ]
 },
 {
  "rotation_euler": [
   -3.5410146210779203e-06,
   -1.9874544250342296e-06,
   -1.2396715879440308
  ],
  "euler_order": "XYZ",
  "rotation_matrix": [
   [
    0.3251068592071533,
    0.9456772804260254,
    2.70252189693565e-06
   ],
   [
    -0.9456772804260254,
    0.3251068592071533,
    3.0306987355288584e-06
   ],
   [
    1.9874544250342296e-06,
    -3.5410146210779203e-06,
    1.0
   ]
  ]
 },
 {
  "rotation_euler": [
   -1.426192045211792,
   -0.011682619340717793,
   -0.14168114960193634
  ],
  "euler_order": "XYZ",
  "rotation_matrix": [
   [
    0.9899124503135681,
    0.03179272636771202,
    0.13806726038455963
   ],
   [
    -0.14119797945022583,
    0.14102454483509064,
    0.9798852801322937
   ],
   [
    0.011682353913784027,
    -0.9894954562187195,
    0.14409102499485016
   ]
  ]
 },
 {
  "rotation_euler": [
   1.308185687776131e-06,
   1.4314399550130474e-06,
   -0.2954428791999817
  ],
  "euler_order": "XYZ",
  "rotation_matrix": [
   [
    0.956673264503479,
    0.2911635637283325,
    9.88524334388785e-07
   ],
   [
    -0.2911635637283325,
    0.956673264503479,
    -1.6682894283803762e-06
   ],
   [
    -1.4314399550130474e-06,
    1.308185687776131e-06,
    1.0
   ]
  ]
 },
 {
  "rotation_euler": [
   -1.087905161512026e-06,
   -1.6060039342846721e-06,
   2.1292929649353027
  ],
  "euler_order": "XYZ",
  "rotation_matrix": [
   [
    -0.5299118757247925,
    -0.8480527400970459,
    -7.156038606126458e-08
   ],
   [
    0.8480527400970459,
    -0.5299118757247925,
    -1.9384699498914415e-06
   ],
   [
    1.6060039342846721e-06,
    -1.087905161512026e-06,
    1.0
   ]
  ]
 },
 {
  "rotation_euler": [
   -1.426192283630371,
   -0.011680207215249538,
   -0.46587395668029785
  ],
  "euler_order": "XYZ",
  "rotation_matrix": [
   [
    0.8933683633804321,
    0.07505683600902557,
    0.4430117607116699
   ],
   [
    -0.4491731524467468,
    0.12355180084705353,
    0.8848606944084167
   ],
   [
    0.011679941788315773,
    -0.9894955158233643,
    0.14409078657627106
   ]
  ]
 },
 {
  "rotation_euler": [
   8.634048072053702e-07,
   -2.3393199626298156e-06,
   -1.5527325868606567
  ],
  "euler_order": "XYZ",
  "rotation_matrix": [
   [
    0.018062757328152657,
    0.9998368620872498,
    -9.055185046236147e-07
   ],
   [
    -0.9998368620872498,
    0.018062757328152657,
    2.3233428692037705e-06
   ],
   [
    2.3393199626298156e-06,
    8.634048072053702e-07,
    1.0
   ]
  ]
 },
 {
  "rotation_euler": [
   1.3439550912153209e-06,
   -3.003128313139314e-06,
   -0.007504051551222801
  ],
  "euler_order": "XYZ",
  "rotation_matrix": [
   [
    0.999971866607666,
    0.007503981236368418,
    -3.013128662132658e-06
   ],
   [
    -0.007503981236368418,
    0.999971866607666,
    -1.3213818874646677e-06
   ],
   [
    3.003128313139314e-06,
    1.3439550912153209e-06,
    1.0
   ]
  ]
 },
 {
  "rotation_euler": [
   -2.346100927752559e-06,
   2.5965300665120594e-06,
   -0.7818153500556946
  ],
  "euler_order": "XYZ",
  "rotation_matrix": [
   [
    0.7096356749534607,
    0.7045688033103943,
    3.495579903756152e-06
   ],
   [
    -0.7045688033103943,
    0.7096356749534607,
    -1.6455722118280391e-07
   ],
   [
    -2.5965300665120594e-06,
    -2.346100927752559e-06,
    1.0
   ]
  ]
 },
 {
  "rotation_euler": [
   -2.0929558104398893e-06,
   -2.4066591777227586e-06,
   0.22711898386478424
  ],
  "euler_order": "XYZ",
  "rotation_matrix": [
   [
    0.9743191599845886,
    -0.22517143189907074,
    -2.816128017002484e-06
   ],
   [
    0.22517143189907074,
    0.9743191599845886,
    1.4972960116210743e-06
   ],
   [
    2.4066591777227586e-06,
    -2.0929558104398893e-06,
    1.0
   ]
  ]
 },
 {
  "rotation_euler": [
   1.37819415613194e-06,
   -6.044412259598175e-08,
   1.5708198547363281
  ],
  "euler_order": "XYZ",
  "rotation_matrix": [
   [
    -2.3527942175860517e-05,
    -1.0,
    1.3781956340608303e-06
   ],
   [
    1.0,
    -2.3527942175860517e-05,
    -6.041169342552166e-08
   ],
   [
    6.044412259598175e-08,
    1.37819415613194e-06,
    1.0
   ]
  ]
 }
]