[
 {
  "rotation_euler": [
   0.5286343097686768,
   1.4587126970291138,
   2.1270651817321777
  ],
  "euler_order": "XYZ",
  "rotation_matrix": [
   [
    -0.05905870348215103,
    -0.9979471564292908,
    -0.024770068004727364
   ],
   [
    0.09498573839664459,
    -0.030318608507514,
    0.9950168132781982
   ],
   [
    -0.9937251806259155,
    0.05641160160303116,
    0.09658132493495941
   ]
  ]
 },
 {
  "rotation_euler": [
   0.5285024642944336,
   1.4586875438690186,
   -0.5984755158424377
  ],
  "euler_order": "XYZ",
  "rotation_matrix": [
   [
    0.09242986887693405,
    0.900503396987915,
    0.42491209506988525
   ],
   [
    -0.06302803009748459,
    0.4311743676662445,
    -0.9000645279884338
   ],
   [
    -0.9937223792076111,
    0.05641147121787071,
    0.09661034494638443
   ]
  ]
 },
 {
  "rotation_euler": [
   0.48819026350975037,
   -1.4611598253250122,
   0.08122957497835159
  ],
  "euler_order": "XYZ",
  "rotation_matrix": [
   [
    0.10905621200799942,
    -0.5363367199897766,
    -0.8369287252426147
   ],
   [
    0.008878124877810478,
    0.8424423933029175,
    -0.538713276386261
   ],
   [
    0.9939959645271301,
    0.051319669932127,
    0.09663523733615875
   ]
  ]
 },
 {
  "rotation_euler": [
   0.4701879620552063,
   -1.4572709798812866,
   -1.8028143644332886
  ],
  "euler_order": "XYZ",
  "rotation_matrix": [
   [
    -0.02604820393025875,
    0.9711007475852966,
    -0.2372441440820694
   ],
   [
    -0.1102461963891983,
    0.23308640718460083,
    0.9661865830421448
   ],
   [
    0.9935629367828369,
    0.05132269114255905,
    0.10098868608474731
   ]
  ]
 },
 {
  "rotation_euler": [
   0.4881798028945923,
   -1.4611579179763794,
   1.2559585571289062
  ],
  "euler_order": "XYZ",
  "rotation_matrix": [
   [
    0.03388289734721184,
    -0.9841418266296387,
    0.17411735653877258
   ],
   [
    0.10404057800769806,
    -0.16979755461215973,
    -0.9799715876579285
   ],
   [
    0.993995726108551,
    0.05131954699754715,
    0.09663745015859604
   ]
  ]
 },
 {
  "rotation_euler": [
   0.5287116169929504,
   1.4587254524230957,
   1.9739737510681152
  ],
  "euler_order": "XYZ",
  "rotation_matrix": [
   [
    -0.043878234922885895,
    -0.9908893704414368,
    0.1273299753665924
   ],
   [
    0.10286926478147507,
    0.12229404598474503,
    0.9871484637260437
   ],
   [
    -0.9937266111373901,
    0.056412674486637115,
    0.09656601399183273
   ]
  ]
 },
 {
  "rotation_euler": [
   0.488360732793808,
   -1.4611982107162476,
   1.7528157234191895
  ],
  "euler_order": "XYZ",
  "rotation_matrix": [
   [
    -0.01979931630194187,
    -0.7840951085090637,
    0.6203247904777527
   ],
   [
    0.10757191479206085,
    -0.6185153722763062,
    -0.7783746123313904
   ],
   [
    0.9940001368522644,
    0.05131823942065239,
    0.09659279882907867
   ]
  ]
 },
 {
  "rotation_euler": [
   0.48829033970832825,
   -1.461183786392212,
   -0.8290762901306152
  ],
  "euler_order": "XYZ",
  "rotation_matrix": [
   [
    0.07390133291482925,
    0.33612990379333496,
    -0.9389117360115051
   ],
   [
    -0.08065642416477203,
    0.9404164552688599,
    0.3303201496601105
   ],
   [
    0.9939985871315002,
    0.05131816491484642,
    0.09660907089710236
   ]
  ]
 },
 {
  "rotation_euler": [
   0.4881837069988251,
   -1.4611589908599854,
   -2.418055534362793
  ],
  "euler_order": "XYZ",
  "rotation_matrix": [
   [
    -0.08200523257255554,
    0.9341115355491638,
    0.3474345803260803
   ],
   [
    -0.07243894785642624,
    -0.3532732129096985,
    0.9327114224433899
   ],
   [
    0.9939958453178406,
    0.0513194240629673,
    0.09663631021976471
   ]
  ]
 },
 {
  "rotation_euler": [
   0.5284329652786255,
   1.4586682319641113,
   0.9180750846862793
  ],
  "euler_order": "XYZ",
  "rotation_matrix": [
   [
    0.06795844435691833,
    -0.38178032636642456,
    0.9217512607574463
   ],
   [
    0.08889182657003403,
    0.9225297570228577,
    0.3755490183830261
   ],
   [
    -0.9937202334403992,
    0.05641442909836769,
    0.09663084149360657
   ]
  ]
 },
 {
  "rotation_euler": [
   0.5287300944328308,
   1.458733081817627,
   1.8662116527557373
  ],
  "euler_order": "XYZ",
  "rotation_matrix": [
   [
    -0.03255753591656685,
    -0.9719841480255127,
    0.2327805459499359
   ],
   [
    0.10698456317186356,
    0.22817671298980713,
    0.9677239656448364
   ],
   [
    -0.9937275052070618,
    0.05641063302755356,
    0.09655842930078506
   ]
  ]
 },
 {
  "rotation_euler": [
   0.8276483416557312,
   1.494633674621582,
   -1.1373149156570435
  ],
  "euler_order": "XYZ",
  "rotation_matrix": [
   [
    0.031959887593984604,
    0.9224202036857605,
    -0.384863018989563
   ],
   [
    -0.06905148178339005,
    -0.3821019232273102,
    -0.9215367436408997
   ],
   [
    -0.9971010088920593,
    0.056027576327323914,
    0.05148254707455635
   ]
  ]
 },
 {
  "rotation_euler": [
   0.48837774991989136,
   -1.461200475692749,
   -1.4423260688781738
  ],
  "euler_order": "XYZ",
  "rotation_matrix": [
   [
    0.014013017527759075,
    0.8160665035247803,
    -0.5777881741523743
   ],
   [
    -0.1084752157330513,
    0.5756751298904419,
    0.8104512691497803
   ],
   [
    0.9940003752708435,
    0.051318828016519547,
    0.09658993780612946
   ]
  ]
 },
 {
  "rotation_euler": [
   -2.6130635738372803,
   1.682899832725525,
   0.168003648519516
  ],
  "euler_order": "XYZ",
  "rotation_matrix": [
   [
    -0.11029379814863205,
    -0.3496452271938324,
    -0.9303674101829529
   ],
   [
    -0.01870608702301979,
    -0.9351823329925537,
    0.3536723256111145
   ],
   [
    -0.9937229752540588,
    0.05641139671206474,
    0.09660431742668152
   ]
  ]
 },
 {
  "rotation_euler": [
   -2.613064765930176,
   1.682900309562683,
   0.210830420255661
  ],
  "euler_order": "XYZ",
  "rotation_matrix": [
   [
    -0.10939225554466248,
    -0.30928486585617065,
    -0.9446566700935364
   ],
   [
    -0.023411117494106293,
    -0.9492948055267334,
    0.31351447105407715
   ],
   [
    -0.9937229156494141,
    0.05641151964664459,
    0.09660479426383972
   ]
  ]
 },
 {
  "rotation_euler": [
   0.4881938397884369,
   -1.4611594676971436,
   2.074873685836792
  ],
  "euler_order": "XYZ",
  "rotation_matrix": [
   [
    -0.05284855142235756,
    -0.548149824142456,
    0.8347088098526001
   ],
   [
    0.09580807387828827,
    -0.8348041772842407,
    -0.5421465039253235
   ],
   [
    0.9939959049224854,
    0.05132018029689789,
    0.0966353714466095
   ]
  ]
 }
]