[
 {
  "rotation_euler": [
   8.014764318886591e-08,
   1.9625169045411894e-07,
   1.325461745262146
  ],
  "euler_order": "XYZ",
  "rotation_matrix": [
   [
    0.2428808957338333,
    -0.9700561165809631,
    1.2541349292405357e-07
   ],
   [
    0.9700561165809631,
    0.2428808957338333,
    1.709088195411823e-07
   ],
   [
    -1.9625169045411894e-07,
    8.014764318886591e-08,
    1.0
   ]
  ]
 },
 {
  "rotation_euler": [
   -1.8932402099380852e-06,
   1.300733174502966e-06,
   -2.055727958679199
  ],
  "euler_order": "XYZ",
  "rotation_matrix": [
   [
    -0.46614786982536316,
    0.8847067952156067,
    1.0686285349947866e-06
   ],
   [
    -0.8847067952156067,
    -0.46614786982536316,
    -2.033297505477094e-06
   ],
   [
    -1.300733174502966e-06,
    -1.8932402099380852e-06,
    1.0
   ]
  ]
 },
 {
  "rotation_euler": [
   -1.2512639386841329e-06,
   -1.5391095757877338e-06,
   -2.698765516281128
  ],
  "euler_order": "XYZ",
  "rotation_matrix": [
   [
    -0.9035438895225525,
    0.4284956157207489,
    1.926814093167195e-06
   ],
   [
    -0.4284956157207489,
    -0.9035438895225525,
    -4.7107013756431115e-07
   ],
   [
    1.5391095757877338e-06,
    -1.2512639386841329e-06,
    1.0
   ]
  ]
 },
 {
  "rotation_euler": [
   3.3352515060869337e-07,
   4.518275602549693e-07,
   -1.7567723989486694
  ],
  "euler_order": "XYZ",
  "rotation_matrix": [
   [
    -0.18490585684776306,
    0.9827562570571899,
    -4.1131949046757654e-07
   ],
   [
    -0.9827562570571899,
    -0.18490585684776306,
    -3.823655845280882e-07
   ],
   [
    -4.518275602549693e-07,
    3.3352515060869337e-07,
    1.0
   ]
  ]
 },
 {
  "rotation_euler": [
   -4.51707819593139e-07,
   -2.624239243687043e-07,
   -2.6060726642608643
  ],
  "euler_order": "XYZ",
  "rotation_matrix": [
   [
    -0.8600034117698669,
    0.5102882981300354,
    4.5618668309543864e-07
   ],
   [
    -0.5102882981300354,
    -0.8600034117698669,
    -2.54558415235806e-07
   ],
   [
    2.624239243687043e-07,
    -4.51707819593139e-07,
    1.0
   ]
  ]
 },
 {
  "rotation_euler": [
   -1.456631935070618e-06,
   1.0285342568749911e-06,
   -1.3304839134216309
  ],
  "euler_order": "XYZ",
  "rotation_matrix": [
   [
    0.23800607025623322,
    0.9712636470794678,
    1.6595711258560186e-06
   ],
   [
    -0.9712636470794678,
    0.23800607025623322,
    -6.522906801365025e-07
   ],
   [
    -1.0285342568749911e-06,
    -1.456631935070618e-06,
    1.0
   ]
  ]
 },
 {
  "rotation_euler": [
   -1.0630257065713522e-06,
   1.4387258033821126e-06,
   2.6696083545684814
  ],
  "euler_order": "XYZ",
  "rotation_matrix": [
   [
    -0.8906678557395935,
    -0.4546545445919037,
    -1.7647363392825355e-06
   ],
   [
    0.4546545445919037,
    -0.8906678557395935,
    -2.9267962986523344e-07
   ],
   [
    -1.4387258033821126e-06,
    -1.0630257065713522e-06,
    1.0
   ]
  ]
 },
 {
  "rotation_euler": [
   2.3738229160130686e-08,
   3.1305739867093507e-07,
   -1.0853286981582642
  ],
  "euler_order": "XYZ",
  "rotation_matrix": [
   [
    0.466621994972229,
    0.8844568133354187,
    1.2508402846833633e-07
   ],
   [
    -0.8844568133354187,
    0.466621994972229,
    -2.8796253559448814e-07
   ],
   [
    -3.1305739867093507e-07,
    2.3738229160130686e-08,
    1.0
   ]
  ]
 },
 {
  "rotation_euler": [
   8.50867138524336e-07,
   4.1074937939811207e-07,
   -2.309058666229248
  ],
  "euler_order": "XYZ",
  "rotation_matrix": [
   [
    -0.6730036735534668,
    0.7396391034126282,
    -9.057704914994247e-07
   ],
   [
    -0.7396391034126282,
    -0.6730036735534668,
    2.688304050479928e-07
   ],
   [
    -4.1074937939811207e-07,
    8.50867138524336e-07,
    1.0
   ]
  ]
 },
 {
  "rotation_euler": [
   -1.867905552899174e-06,
   1.7964468952413881e-06,
   0.452200710773468
  ],
  "euler_order": "XYZ",
  "rotation_matrix": [
   [
    0.8994876742362976,
    -0.4369460940361023,
    7.997078341759334e-07
   ],
   [
    0.4369460940361023,
    0.8994876742362976,
    2.465108536853222e-06
   ],
   [
    -1.7964468952413881e-06,
    -1.867905552899174e-06,
    1.0
   ]
  ]
 },
 {
  "rotation_euler": [
   -1.4162093293634825e-06,
   1.5462421742995502e-06,
   0.1657823920249939
  ],
  "euler_order": "XYZ",
  "rotation_matrix": [
   [
    0.9862895607948303,
    -0.1650240421295166,
    1.291333887820656e-06
   ],
   [
    0.1650240421295166,
    0.9862895607948303,
    1.651959564696881e-06
   ],
   [
    -1.5462421742995502e-06,
    -1.4162093293634825e-06,
    1.0
   ]
  ]
 },
 {
  "rotation_euler": [
   4.193968727861375e-09,
   3.641945056642726e-07,
   -2.3748903274536133
  ],
  "euler_order": "XYZ",
  "rotation_matrix": [
   [
    -0.7202023863792419,
    0.6937640309333801,
    -2.652033685990318e-07
   ],
   [
    -0.6937640309333801,
    -0.7202023863792419,
    -2.496445290489646e-07
   ],
   [
    -3.641945056642726e-07,
    4.193968727861375e-09,
    1.0
   ]
  ]
 },
 {
  "rotation_euler": [
   -1.6156185722593364e-07,
   -1.4994520824984647e-07,
   -1.2397468090057373
  ],
  "euler_order": "XYZ",
  "rotation_matrix": [
   [
    0.3250357508659363,
    0.9457017183303833,
    1.0405177874872606e-07
   ],
   [
    -0.9457017183303833,
    0.3250357508659363,
    1.9431682574122533e-07
   ],
   [
    1.4994520824984647e-07,
    -1.6156185722593364e-07,
    1.0
   ]
  ]
 },
 {
  "rotation_euler": [
   -1.7292462928253372e-07,
   -1.7701928811675316e-07,
   2.061189651489258
  ],
  "euler_order": "XYZ",
  "rotation_matrix": [
   [
    -0.4709728956222534,
    -0.8821476697921753,
    -6.917377248782941e-08
   ],
   [
    0.8821476697921753,
    -0.4709728956222534,
    -2.375999628156933e-07
   ],
   [
    1.7701928811675316e-07,
    -1.7292462928253372e-07,
    1.0
   ]
  ]
 },
 {
  "rotation_euler": [
   -1.2329269338806625e-06,
   1.139634036917414e-06,
   0.5384292602539062
  ],
  "euler_order": "XYZ",
  "rotation_matrix": [
   [
    0.858515202999115,
    -0.5127881169319153,
    3.461628637069225e-07
   ],
   [
    0.5127881169319153,
    0.858515202999115,
    1.6428773506049765e-06
   ],
   [
    -1.139634036917414e-06,
    -1.2329269338806625e-06,
    1.0
   ]
  ]
 },
 {
  "rotation_euler": [
   2.645307404236519e-07,
   5.709624701921712e-07,
   -2.8439221382141113
  ],
  "euler_order": "XYZ",
  "rotation_matrix": [
   [
    -0.956022322177887,
    0.29329395294189453,
    -6.234381544345524e-07
   ],
   [
    -0.29329395294189453,
    -0.956022322177887,
    8.54374420100612e-08
   ],
   [
    -5.709624701921712e-07,
    2.645307404236519e-07,
    1.0
   ]
  ]
 }
]