[
 {
  "rotation_euler": [
   0.7473497986793518,
   -1.4624160528182983,
   0.5798595547676086
  ],
  "euler_order": "XYZ",
  "rotation_matrix": [
   [
    0.09048700332641602,
    -0.9671429395675659,
    -0.23758503794670105
   ],
   [
    0.059266068041324615,
    0.24337033927440643,
    -0.9681210517883301
   ],
   [
    0.9941325783729553,
    0.07352164387702942,
    0.0793406069278717
   ]
  ]
 },
 {
  "rotation_euler": [
   -0.010241121053695679,
   -0.006962418556213379,
   -0.5270220637321472
  ],
  "euler_order": "XYZ",
  "rotation_matrix": [
   [
    0.8642877340316772,
    0.5029969811439514,
    -0.0008665128843858838
   ],
   [
    -0.5029495358467102,
    0.8642274737358093,
    0.012352953664958477
   ],
   [
    0.006962362211197615,
    -0.01024069357663393,
    0.9999233484268188
   ]
  ]
 },
 {
  "rotation_euler": [
   -0.23388671875,
   1.3682936429977417,
   2.994274139404297
  ],
  "euler_order": "XYZ",
  "rotation_matrix": [
   [
    -0.19894300401210785,
    0.08177570253610611,
    -0.9765932559967041
   ],
   [
    0.029521865770220757,
    -0.9955601692199707,
    -0.08937784284353256
   ],
   [
    -0.9795662760734558,
    -0.04661194980144501,
    0.1956455558538437
   ]
  ]
 },
 {
  "rotation_euler": [
   -0.010239411145448685,
   -0.006959956139326096,
   -0.16922099888324738
  ],
  "euler_order": "XYZ",
  "rotation_matrix": [
   [
    0.9856923818588257,
    0.168475940823555,
    -0.00513569125905633
   ],
   [
    -0.16841045022010803,
    0.9856525659561157,
    0.011265064589679241
   ],
   [
    0.006959899794310331,
    -0.01023898459970951,
    0.9999233484268188
   ]
  ]
 },
 {
  "rotation_euler": [
   -0.1545531153678894,
   -1.9113298654556274,
   1.3461482524871826
  ],
  "euler_order": "XYZ",
  "rotation_matrix": [
   [
    -0.07440072298049927,
    -0.9309297800064087,
    -0.35753917694091797
   ],
   [
    -0.32559773325920105,
    0.36156097054481506,
    -0.8736473917961121
   ],
   [
    0.9425765872001648,
    0.051413945853710175,
    -0.33000901341438293
   ]
  ]
 },
 {
  "rotation_euler": [
   -0.01024602074176073,
   -0.006988001521676779,
   -2.233609199523926
  ],
  "euler_order": "XYZ",
  "rotation_matrix": [
   [
    -0.6153215765953064,
    0.7881790399551392,
    0.012376145459711552
   ],
   [
    -0.7882452607154846,
    -0.6153607368469238,
    -0.0007965815020725131
   ],
   [
    0.006987944710999727,
    -0.010245591402053833,
    0.9999231100082397
   ]
  ]
 },
 {
  "rotation_euler": [
   -0.10792460292577744,
   -1.356695532798767,
   1.7446037530899048
  ],
  "euler_order": "XYZ",
  "rotation_matrix": [
   [
    -0.03674301132559776,
    -0.9974052309989929,
    0.06190969794988632
   ],
   [
    0.20926767587661743,
    -0.06825748831033707,
    -0.9754732251167297
   ],
   [
    0.9771678447723389,
    -0.0228861253708601,
    0.21123264729976654
   ]
  ]
 },
 {
  "rotation_euler": [
   -0.0692046731710434,
   1.978955864906311,
   2.320335865020752
  ],
  "euler_order": "XYZ",
  "rotation_matrix": [
   [
    0.2704227864742279,
    -0.6870089173316956,
    -0.6744555234909058
   ],
   [
    -0.29054704308509827,
    -0.7261304259300232,
    0.6231508851051331
   ],
   [
    -0.9178528785705566,
    0.027446849271655083,
    -0.3959706127643585
   ]
  ]
 },
 {
  "rotation_euler": [
   -0.010246288031339645,
   -0.006984945386648178,
   -2.6014926433563232
  ],
  "euler_order": "XYZ",
  "rotation_matrix": [
   [
    -0.8576363325119019,
    0.5141333937644958,
    0.011259098537266254
   ],
   [
    -0.5142092108726501,
    -0.857649028301239,
    -0.005196056328713894
   ],
   [
    0.0069848885759711266,
    -0.010245858691632748,
    0.9999231100082397
   ]
  ]
 },
 {
  "rotation_euler": [
   -0.34079039096832275,
   -1.3723869323730469,
   1.7070266008377075
  ],
  "euler_order": "XYZ",
  "rotation_matrix": [
   [
    -0.026769394055008888,
    -0.9782599210739136,
    -0.20564763247966766
   ],
   [
    0.1952839493751526,
    0.1966400295495987,
    -0.960831344127655
   ],
   [
    0.9803813695907593,
    -0.06588055938482285,
    0.1857745349407196
   ]
  ]
 },
 {
  "rotation_euler": [
   -0.010249603539705276,
   -0.00698790093883872,
   -1.9981744289398193
  ],
  "euler_order": "XYZ",
  "rotation_matrix": [
   [
    -0.41447603702545166,
    0.9099781513214111,
    0.012223758734762669
   ],
   [
    -0.9100334048271179,
    -0.41452956199645996,
    0.0021107483189553022
   ],
   [
    0.006987844128161669,
    -0.010249174199998379,
    0.999923050403595
   ]
  ]
 },
 {
  "rotation_euler": [
   -0.37835997343063354,
   -1.7985033988952637,
   1.1729209423065186
  ],
  "euler_order": "XYZ",
  "rotation_matrix": [
   [
    -0.08746704459190369,
    -0.7172507047653198,
    -0.6913038492202759
   ],
   [
    -0.20811064541339874,
    0.6918075680732727,
    -0.6914421916007996
   ],
   [
    0.9741865992546082,
    0.0833892822265625,
    -0.2097778618335724
   ]
  ]
 },
 {
  "rotation_euler": [
   -0.01024511456489563,
   -0.00696567865088582,
   -1.4330674409866333
  ],
  "euler_order": "XYZ",
  "rotation_matrix": [
   [
    0.13729053735733032,
    0.9904881715774536,
    0.009191632270812988
   ],
   [
    -0.9905063509941101,
    0.1372159719467163,
    0.008305865339934826
   ],
   [
    0.006965622305870056,
    -0.010244687087833881,
    0.9999232888221741
   ]
  ]
 },
 {
  "rotation_euler": [
   -0.010245587676763535,
   -0.006967001128941774,
   1.9334237575531006
  ],
  "euler_order": "XYZ",
  "rotation_matrix": [
   [
    -0.35472342371940613,
    -0.9349442720413208,
    -0.007107860408723354
   ],
   [
    0.9349453449249268,
    -0.3546466529369354,
    -0.010147903114557266
   ],
   [
    0.00696694478392601,
    -0.010245160199701786,
    0.9999232292175293
   ]
  ]
 },
 {
  "rotation_euler": [
   -0.010247888043522835,
   -0.006987725850194693,
   -0.9277055263519287
  ],
  "euler_order": "XYZ",
  "rotation_matrix": [
   [
    0.5996570587158203,
    0.8002470135688782,
    0.0040106019005179405
   ],
   [
    -0.8002265691757202,
    0.5995829105377197,
    0.011736822314560413
   ],
   [
    0.006987669039517641,
    -0.010247458703815937,
    0.999923050403595
   ]
  ]
 },
 {
  "rotation_euler": [
   -0.010245981626212597,
   -0.006965000182390213,
   -1.399343729019165
  ],
  "euler_order": "XYZ",
  "rotation_matrix": [
   [
    0.17060968279838562,
    0.9852984547615051,
    0.008907324634492397
   ],
   [
    -0.9853140711784363,
    0.17053455114364624,
    0.008610539138317108
   ],
   [
    0.006964943837374449,
    -0.010245554149150848,
    0.9999232292175293
   ]
  ]
 }
]