[
 {
  "rotation_euler": [
   0.007912717759609222,
   -0.018523583188652992,
   -1.1051406860351562
  ],
  "euler_order": "XYZ",
  "rotation_matrix": [
   [
    0.4489316940307617,
    0.8934335708618164,
    -0.0153866708278656
   ],
   [
    -0.8933740854263306,
    0.44912561774253845,
    0.012997021898627281
   ],
   [
    0.01852252334356308,
    0.007911277934908867,
    0.9997971653938293
   ]
  ]
 },
 {
  "rotation_euler": [
   0.007920144125819206,
   -0.018520884215831757,
   2.4985578060150146
  ],
  "euler_order": "XYZ",
  "rotation_matrix": [
   [
    -0.8001424074172974,
    -0.599490761756897,
    0.019569657742977142
   ],
   [
    0.5995240807533264,
    -0.8003425002098083,
    -0.0047663734294474125
   ],
   [
    0.018519826233386993,
    0.007918703369796276,
    0.9997971057891846
   ]
  ]
 },
 {
  "rotation_euler": [
   0.007931764237582684,
   -0.018531380221247673,
   1.384477972984314
  ],
  "euler_order": "XYZ",
  "rotation_matrix": [
   [
    0.1852104216814041,
    -0.9826892018318176,
    0.004361916799098253
   ],
   [
    0.9825241565704346,
    0.18509197235107422,
    -0.019678322598338127
   ],
   [
    0.01853032037615776,
    0.00793031882494688,
    0.9997968673706055
   ]
  ]
 },
 {
  "rotation_euler": [
   0.007917901501059532,
   -0.018520936369895935,
   -0.6861387491226196
  ],
  "euler_order": "XYZ",
  "rotation_matrix": [
   [
    0.773565411567688,
    0.6334211826324463,
    -0.019344713538885117
   ],
   [
    -0.6334457993507385,
    0.7737667560577393,
    0.005606981925666332
   ],
   [
    0.018519878387451172,
    0.007916460745036602,
    0.9997971653938293
   ]
  ]
 },
 {
  "rotation_euler": [
   0.007921000942587852,
   -0.018523063510656357,
   -2.3784260749816895
  ],
  "euler_order": "XYZ",
  "rotation_matrix": [
   [
    -0.7225269079208374,
    0.6912975907325745,
    0.00790947861969471
   ],
   [
    -0.6910946369171143,
    -0.7225267887115479,
    0.018526311963796616
   ],
   [
    0.018522003665566444,
    0.007919559255242348,
    0.9997971057891846
   ]
  ]
 },
 {
  "rotation_euler": [
   0.007932056672871113,
   -0.018531452864408493,
   2.7805850505828857
  ],
  "euler_order": "XYZ",
  "rotation_matrix": [
   [
    -0.935380756855011,
    -0.35306844115257263,
    0.020137112587690353
   ],
   [
    0.3531564176082611,
    -0.935563862323761,
    0.0008756446768529713
   ],
   [
    0.01853039301931858,
    0.00793061126023531,
    0.9997968673706055
   ]
  ]
 },
 {
  "rotation_euler": [
   0.007907875813543797,
   -0.018524901941418648,
   2.7295846939086914
  ],
  "euler_order": "XYZ",
  "rotation_matrix": [
   [
    -0.9161613583564758,
    -0.40030330419540405,
    0.02013988606631756
   ],
   [
    0.4003813564777374,
    -0.9163485765457153,
    -0.00017158393166027963
   ],
   [
    0.018523842096328735,
    0.007906436920166016,
    0.9997971653938293
   ]
  ]
 },
 {
  "rotation_euler": [
   0.007914864458143711,
   -0.01852406933903694,
   2.169428825378418
  ],
  "euler_order": "XYZ",
  "rotation_matrix": [
   [
    -0.563416600227356,
    -0.8259984850883484,
    0.016976092010736465
   ],
   [
    0.8259652853012085,
    -0.5636167526245117,
    -0.010841423645615578
   ],
   [
    0.01852300949394703,
    0.007913423702120781,
    0.9997971057891846
   ]
  ]
 },
 {
  "rotation_euler": [
   0.00791239831596613,
   -0.018530678004026413,
   1.8695650100708008
  ],
  "euler_order": "XYZ",
  "rotation_matrix": [
   [
    -0.2942931354045868,
    -0.9556265473365784,
    0.013015702366828918
   ],
   [
    0.9555355906486511,
    -0.2944745719432831,
    -0.015379254706203938
   ],
   [
    0.0185296181589365,
    0.0079109575599432,
    0.999796986579895
   ]
  ]
 },
 {
  "rotation_euler": [
   0.007916032336652279,
   -0.018530530855059624,
   -1.4409539699554443
  ],
  "euler_order": "XYZ",
  "rotation_matrix": [
   [
    0.1294555962085724,
    0.9915322661399841,
    -0.010248396545648575
   ],
   [
    -0.9914121031761169,
    0.12961921095848083,
    0.01734798029065132
   ],
   [
    0.01852947100996971,
    0.007914590649306774,
    0.999796986579895
   ]
  ]
 },
 {
  "rotation_euler": [
   0.00790455099195242,
   -0.01852269656956196,
   0.7124067544937134
  ],
  "euler_order": "XYZ",
  "rotation_matrix": [
   [
    0.756661057472229,
    -0.6537474393844604,
    -0.00884975679218769
   ],
   [
    0.6535449624061584,
    0.7566715478897095,
    -0.01808845065534115
   ],
   [
    0.018521636724472046,
    0.007903113029897213,
    0.9997972249984741
   ]
  ]
 },
 {
  "rotation_euler": [
   0.007928344421088696,
   -0.01853102259337902,
   2.521998405456543
  ],
  "euler_order": "XYZ",
  "rotation_matrix": [
   [
    -0.8139743804931641,
    -0.5805670022964478,
    0.019689010456204414
   ],
   [
    0.580605149269104,
    -0.8141738772392273,
    -0.004305591341108084
   ],
   [
    0.01852996274828911,
    0.007926899939775467,
    0.9997968673706055
   ]
  ]
 },
 {
  "rotation_euler": [
   0.00792901124805212,
   -0.018530867993831635,
   2.6918559074401855
  ],
  "euler_order": "XYZ",
  "rotation_matrix": [
   [
    -0.9004069566726685,
    -0.43458250164985657,
    0.020133638754487038
   ],
   [
    0.4346538484096527,
    -0.9005971550941467,
    -0.0009146936354227364
   ],
   [
    0.018529808148741722,
    0.007927566766738892,
    0.9997968673706055
   ]
  ]
 },
 {
  "rotation_euler": [
   0.007930492982268333,
   -0.018530894070863724,
   -1.8720446825027466
  ],
  "euler_order": "XYZ",
  "rotation_matrix": [
   [
    -0.2966616451740265,
    0.9549803733825684,
    -0.002075416734442115
   ],
   [
    -0.9548028707504272,
    -0.29656291007995605,
    0.02004787139594555
   ],
   [
    0.01852983422577381,
    0.007929048500955105,
    0.9997968673706055
   ]
  ]
 },
 {
  "rotation_euler": [
   0.007931695319712162,
   -0.018531598150730133,
   1.9868525266647339
  ],
  "euler_order": "XYZ",
  "rotation_matrix": [
   [
    -0.4040868580341339,
    -0.9146018028259277,
    0.01474396325647831
   ],
   [
    0.9145328998565674,
    -0.4042779803276062,
    -0.013743552379310131
   ],
   [
    0.01853053830564022,
    0.007930249907076359,
    0.9997968673706055
   ]
  ]
 },
 {
  "rotation_euler": [
   0.007913930341601372,
   -0.018530692905187607,
   -2.677553176879883
  ],
  "euler_order": "XYZ",
  "rotation_matrix": [
   [
    -0.8940983414649963,
    0.447681188583374,
    0.013027685694396496
   ],
   [
    -0.4474872052669525,
    -0.8941582441329956,
    0.01536991074681282
   ],
   [
    0.018529633060097694,
    0.007912488654255867,
    0.999796986579895
   ]
  ]
 }
]