[
 {
  "rotation_euler": [
   0.9741147756576538,
   -0.05574589967727661,
   1.0328500270843506
  ],
  "euler_order": "XYZ",
  "rotation_matrix": [
   [
    0.5115774869918823,
    -0.5061542391777039,
    0.6943315863609314
   ],
   [
    0.8574287295341492,
    0.24832305312156677,
    -0.45072340965270996
   ],
   [
    0.05571703240275383,
    0.8259198069572449,
    0.5610277056694031
   ]
  ]
 },
 {
  "rotation_euler": [
   1.0303459167480469,
   -0.28508704900741577,
   -0.2608128786087036
  ],
  "euler_order": "XYZ",
  "rotation_matrix": [
   [
    0.9271829128265381,
    -0.10032408684492111,
    -0.3609251379966736
   ],
   [
    -0.247457817196846,
    0.5593078136444092,
    -0.7911633253097534
   ],
   [
    0.2812409996986389,
    0.8228667974472046,
    0.49375468492507935
   ]
  ]
 },
 {
  "rotation_euler": [
   0.9787502288818359,
   -0.0729658305644989,
   2.3814704418182373
  ],
  "euler_order": "XYZ",
  "rotation_matrix": [
   [
    -0.7228233814239502,
    -0.340666264295578,
    0.6012261509895325
   ],
   [
    0.6871767044067383,
    -0.44613558053970337,
    0.5733683109283447
   ],
   [
    0.07290109992027283,
    0.8275926113128662,
    0.5565751194953918
   ]
  ]
 },
 {
  "rotation_euler": [
   0.9644867181777954,
   0.008701853454113007,
   2.691694498062134
  ],
  "euler_order": "XYZ",
  "rotation_matrix": [
   [
    -0.9004573225975037,
    -0.25424709916114807,
    0.35289523005485535
   ],
   [
    0.4348573684692383,
    -0.5100252032279968,
    0.74214106798172
   ],
   [
    -0.008701743558049202,
    0.8217254281044006,
    0.5698171854019165
   ]
  ]
 },
 {
  "rotation_euler": [
   1.0550001859664917,
   -0.3675585985183716,
   0.24340641498565674
  ],
  "euler_order": "XYZ",
  "rotation_matrix": [
   [
    0.9056988954544067,
    -0.42224690318107605,
    0.037643637508153915
   ],
   [
    0.2249123454093933,
    0.4033515751361847,
    -0.88697350025177
   ],
   [
    0.3593381643295288,
    0.8117974400520325,
    0.46028363704681396
   ]
  ]
 },
 {
  "rotation_euler": [
   1.0213356018066406,
   -0.2538106441497803,
   0.32746973633766174
  ],
  "euler_order": "XYZ",
  "rotation_matrix": [
   [
    0.916524350643158,
    -0.3707290589809418,
    0.150143563747406
   ],
   [
    0.3113434910774231,
    0.42559975385665894,
    -0.8496646881103516
   ],
   [
    0.25109434127807617,
    0.825484573841095,
    0.505496621131897
   ]
  ]
 },
 {
  "rotation_euler": [
   0.9628266096115112,
   0.00015067755884956568,
   1.9138771295547485
  ],
  "euler_order": "XYZ",
  "rotation_matrix": [
   [
    -0.3363899290561676,
    -0.5379557013511658,
    0.7729460000991821
   ],
   [
    0.9417227506637573,
    -0.1920301914215088,
    0.2761930823326111
   ],
   [
    -0.00015067755884956568,
    0.8208094239234924,
    0.5712021589279175
   ]
  ]
 },
 {
  "rotation_euler": [
   1.0763927698135376,
   0.4406118392944336,
   -1.555125117301941
  ],
  "euler_order": "XYZ",
  "rotation_matrix": [
   [
    0.014173885807394981,
    0.48033151030540466,
    -0.876972496509552
   ],
   [
    -0.9043798446655273,
    -0.3679393231868744,
    -0.21614296734333038
   ],
   [
    -0.42649295926094055,
    0.7961798310279846,
    0.42918699979782104
   ]
  ]
 },
 {
  "rotation_euler": [
   0.9730618000030518,
   -0.052542854100465775,
   -0.023718921467661858
  ],
  "euler_order": "XYZ",
  "rotation_matrix": [
   [
    0.998339056968689,
    -0.03005332127213478,
    -0.04915221408009529
   ],
   [
    -0.02368396706879139,
    0.5636425614356995,
    -0.8256791830062866
   ],
   [
    0.052518680691719055,
    0.8254718780517578,
    0.5619946122169495
   ]
  ]
 },
 {
  "rotation_euler": [
   1.0390976667404175,
   -0.31490761041641235,
   -2.7147626876831055
  ],
  "euler_order": "XYZ",
  "rotation_matrix": [
   [
    -0.8655195236206055,
    0.4529086947441101,
    -0.21389172971248627
   ],
   [
    -0.39362943172454834,
    -0.3509896397590637,
    0.8496246933937073
   ],
   [
    0.30972862243652344,
    0.8195608258247375,
    0.4820666015148163
   ]
  ]
 },
 {
  "rotation_euler": [
   0.9854757189750671,
   0.09983617067337036,
   -0.7859424352645874
  ],
  "euler_order": "XYZ",
  "rotation_matrix": [
   [
    0.7032027244567871,
    0.44957906007766724,
    -0.5508036017417908
   ],
   [
    -0.7039685845375061,
    0.33166271448135376,
    -0.6280350685119629
   ],
   [
    -0.0996704027056694,
    0.829384446144104,
    0.5497156381607056
   ]
  ]
 },
 {
  "rotation_euler": [
   1.0361467599868774,
   0.3049146234989166,
   1.0891221761703491
  ],
  "euler_order": "XYZ",
  "rotation_matrix": [
   [
    0.4418943524360657,
    -0.3318958878517151,
    0.8334113359451294
   ],
   [
    0.8453415036201477,
    0.46497634053230286,
    -0.26304885745048523
   ],
   [
    -0.30021172761917114,
    0.8207570314407349,
    0.4860357940196991
   ]
  ]
 },
 {
  "rotation_euler": [
   1.0774009227752686,
   0.4443095326423645,
   1.5312230587005615
  ],
  "euler_order": "XYZ",
  "rotation_matrix": [
   [
    0.035721682012081146,
    -0.45827096700668335,
    0.888094425201416
   ],
   [
    0.9022007584571838,
    0.3970094919204712,
    0.16857418417930603
   ],
   [
    -0.4298345446586609,
    0.7952176928520203,
    0.42763426899909973
   ]
  ]
 },
 {
  "rotation_euler": [
   1.060355544090271,
   0.38480088114738464,
   -0.41147202253341675
  ],
  "euler_order": "XYZ",
  "rotation_matrix": [
   [
    0.8495099544525146,
    0.4955924451351166,
    -0.18088944256305695
   ],
   [
    -0.37071120738983154,
    0.3167864680290222,
    -0.8730518817901611
   ],
   [
    -0.37537458539009094,
    0.8087239861488342,
    0.45283493399620056
   ]
  ]
 },
 {
  "rotation_euler": [
   1.0295886993408203,
   0.28248167037963867,
   1.9864095449447632
  ],
  "euler_order": "XYZ",
  "rotation_matrix": [
   [
    -0.3877490162849426,
    -0.5677721500396729,
    0.7261442542076111
   ],
   [
    0.8786095976829529,
    0.010565153323113918,
    0.47742387652397156
   ],
   [
    -0.2787398099899292,
    0.8231179118156433,
    0.4947534501552582
   ]
  ]
 },
 {
  "rotation_euler": [
   1.0252368450164795,
   -0.2674212157726288,
   -1.9604390859603882
  ],
  "euler_order": "XYZ",
  "rotation_matrix": [
   [
    -0.36635613441467285,
    0.5658072829246521,
    -0.7386780977249146
   ],
   [
    -0.8921645879745483,
    0.01184827834367752,
    0.4515550434589386
   ],
   [
    0.2642451822757721,
    0.8244524002075195,
    0.5004525184631348
   ]
  ]
 }
]