[
 {
  "rotation_euler": [
   0.012101048603653908,
   -0.012098574079573154,
   -1.58515465259552
  ],
  "euler_order": "XYZ",
  "rotation_matrix": [
   [
    -0.014356781728565693,
    0.9998258352279663,
    -0.011925813741981983
   ],
   [
    -0.9998237490653992,
    -0.014210398308932781,
    0.012269887141883373
   ],
   [
    0.012098278850317001,
    0.012099867686629295,
    0.9998536109924316
   ]
  ]
 },
 {
  "rotation_euler": [
   0.012095557525753975,
   -0.012100083753466606,
   -1.6255488395690918
  ],
  "euler_order": "XYZ",
  "rotation_matrix": [
   [
    -0.054721154272556305,
    0.998436450958252,
    -0.011415022425353527
   ],
   [
    -0.9984283447265625,
    -0.05457502603530884,
    0.012742687948048115
   ],
   [
    0.012099788524210453,
    0.012094377540051937,
    0.9998536705970764
   ]
  ]
 },
 {
  "rotation_euler": [
   0.01209466252475977,
   -0.012082015164196491,
   -0.4837115406990051
  ],
  "euler_order": "XYZ",
  "rotation_matrix": [
   [
    0.8852102756500244,
    0.4649047255516052,
    -0.01631956733763218
   ],
   [
    -0.465034157037735,
    0.8852781057357788,
    -0.005088428035378456
   ],
   [
    0.012081720866262913,
    0.012093485333025455,
    0.9998538494110107
   ]
  ]
 },
 {
  "rotation_euler": [
   0.012081915512681007,
   -0.01211386639624834,
   -2.992112874984741
  ],
  "euler_order": "XYZ",
  "rotation_matrix": [
   [
    -0.9887761473655701,
    0.14905758202075958,
    0.01017837319523096
   ],
   [
    -0.14891280233860016,
    -0.9887546896934509,
    0.01375076174736023
   ],
   [
    0.012113570235669613,
    0.01208073552697897,
    0.9998536705970764
   ]
  ]
 },
 {
  "rotation_euler": [
   0.012098277918994427,
   -0.012098036706447601,
   1.7054051160812378
  ],
  "euler_order": "XYZ",
  "rotation_matrix": [
   [
    -0.1341928243637085,
    -0.9908617734909058,
    0.013611973263323307
   ],
   [
    0.9908813834190369,
    -0.13433785736560822,
    -0.010363846085965633
   ],
   [
    0.012097741477191448,
    0.012097097001969814,
    0.9998536705970764
   ]
  ]
 },
 {
  "rotation_euler": [
   0.01210115011781454,
   -0.012095662765204906,
   0.5329611301422119
  ],
  "euler_order": "XYZ",
  "rotation_matrix": [
   [
    0.8612433075904846,
    -0.5081748962402344,
    -0.004268779419362545
   ],
   [
    0.5080488324165344,
    0.8611689209938049,
    -0.01656758040189743
   ],
   [
    0.012095367535948753,
    0.012099969200789928,
    0.9998536109924316
   ]
  ]
 },
 {
  "rotation_euler": [
   0.012081491760909557,
   -0.012088616378605366,
   0.48719143867492676
  ],
  "euler_order": "XYZ",
  "rotation_matrix": [
   [
    0.883586585521698,
    -0.4682408273220062,
    -0.005025316495448351
   ],
   [
    0.4681117534637451,
    0.8835182785987854,
    -0.016334250569343567
   ],
   [
    0.012088322080671787,
    0.012080315500497818,
    0.9998539686203003
   ]
  ]
 },
 {
  "rotation_euler": [
   0.012095470912754536,
   -0.012100020423531532,
   -2.439321517944336
  ],
  "euler_order": "XYZ",
  "rotation_matrix": [
   [
    -0.7633212208747864,
    0.6460175514221191,
    0.0014230613596737385
   ],
   [
    -0.6459057927131653,
    -0.7632267475128174,
    0.017048463225364685
   ],
   [
    0.01209972519427538,
    0.012094290927052498,
    0.9998536705970764
   ]
  ]
 },
 {
  "rotation_euler": [
   0.012097167782485485,
   -0.01209272351115942,
   -1.737439751625061
  ],
  "euler_order": "XYZ",
  "rotation_matrix": [
   [
    -0.1658610850572586,
    0.9860991835594177,
    -0.009923632256686687
   ],
   [
    -0.9860749840736389,
    -0.16571682691574097,
    0.013930588029325008
   ],
   [
    0.012092429213225842,
    0.012095987796783447,
    0.9998537302017212
   ]
  ]
 },
 {
  "rotation_euler": [
   0.012088578194379807,
   -0.0121057890355587,
   -1.010133147239685
  ],
  "euler_order": "XYZ",
  "rotation_matrix": [
   [
    0.5317090153694153,
    0.8467629551887512,
    -0.01667420007288456
   ],
   [
    -0.8468406200408936,
    0.5318330526351929,
    0.0038235050160437822
   ],
   [
    0.012105493806302547,
    0.012087398208677769,
    0.9998536705970764
   ]
  ]
 },
 {
  "rotation_euler": [
   0.012095055542886257,
   -0.01209402084350586,
   -0.029330406337976456
  ],
  "euler_order": "XYZ",
  "rotation_matrix": [
   [
    0.9994968175888062,
    0.029177848249673843,
    -0.012442333623766899
   ],
   [
    -0.029324056580662727,
    0.9995010495185852,
    -0.011734921485185623
   ],
   [
    0.012093725614249706,
    0.012093876488506794,
    0.9998537302017212
   ]
  ]
 },
 {
  "rotation_euler": [
   0.01209969725459814,
   -0.012090408243238926,
   2.9891862869262695
  ],
  "euler_order": "XYZ",
  "rotation_matrix": [
   [
    -0.9883363842964172,
    -0.15166133642196655,
    0.013785992749035358
   ],
   [
    0.15180595219135284,
    -0.9883584976196289,
    0.010123802348971367
   ],
   [
    0.012090113945305347,
    0.012098517268896103,
    0.9998537302017212
   ]
  ]
 },
 {
  "rotation_euler": [
   -0.0005484044668264687,
   0.003613059176132083,
   2.2640275955200195
  ],
  "euler_order": "XYZ",
  "rotation_matrix": [
   [
    -0.6390218138694763,
    -0.7691838145256042,
    -0.0027306578122079372
   ],
   [
    0.769180178642273,
    -0.6390273571014404,
    0.002428660402074456
   ],
   [
    -0.0036130512598901987,
    -0.0005484008579514921,
    0.9999933242797852
   ]
  ]
 },
 {
  "rotation_euler": [
   0.013588120229542255,
   -0.0019319688435643911,
   -0.01024471316486597
  ],
  "euler_order": "XYZ",
  "rotation_matrix": [
   [
    0.9999456405639648,
    0.010217338800430298,
    -0.002070887479931116
   ],
   [
    -0.010244514793157578,
    0.9998554587364197,
    -0.013567198999226093
   ],
   [
    0.0019319676794111729,
    0.013587676919996738,
    0.9999058246612549
   ]
  ]
 },
 {
  "rotation_euler": [
   0.012106670066714287,
   -0.012108619324862957,
   -1.713945984840393
  ],
  "euler_order": "XYZ",
  "rotation_matrix": [
   [
    -0.1426507979631424,
    0.9897199273109436,
    -0.010255282744765282
   ],
   [
    -0.9896990060806274,
    -0.1425057202577591,
    0.013710706494748592
   ],
   [
    0.01210832316428423,
    0.01210548635572195,
    0.9998534321784973
   ]
  ]
 },
 {
  "rotation_euler": [
   0.012094905599951744,
   -0.012093628756701946,
   -0.289541631937027
  ],
  "euler_order": "XYZ",
  "rotation_matrix": [
   [
    0.958304762840271,
    0.2853519022464752,
    -0.015042267739772797
   ],
   [
    -0.28549209237098694,
    0.9583464860916138,
    -0.008138619363307953
   ],
   [
    0.012093333527445793,
    0.012093726545572281,
    0.9998537302017212
   ]
  ]
 }
]