[
 {
  "rotation_euler": [
   0.05017257481813431,
   -1.2701350450515747,
   2.9187686443328857
  ],
  "euler_order": "XYZ",
  "rotation_matrix": [
   [
    -0.2888302206993103,
    -0.17398910224437714,
    0.9414376616477966
   ],
   [
    0.06544503569602966,
    -0.984635591506958,
    -0.16189426183700562
   ],
   [
    0.9551408290863037,
    0.01485246978700161,
    0.2957792282104492
   ]
  ]
 },
 {
  "rotation_euler": [
   0.006045405752956867,
   -0.013080053962767124,
   2.128632068634033
  ],
  "euler_order": "XYZ",
  "rotation_matrix": [
   [
    -0.5293059945106506,
    -0.8483453989028931,
    0.012052526697516441
   ],
   [
    0.8483301997184753,
    -0.5294086933135986,
    -0.007896510884165764
   ],
   [
    0.013079681433737278,
    0.006044851616024971,
    0.9998961687088013
   ]
  ]
 },
 {
  "rotation_euler": [
   0.002187545644119382,
   -0.011686557903885841,
   -1.5912787914276123
  ],
  "euler_order": "XYZ",
  "rotation_matrix": [
   [
    -0.020479634404182434,
    0.9997883439064026,
    -0.001947738346643746
   ],
   [
    -0.9997219443321228,
    -0.02045542374253273,
    0.011728615500032902
   ],
   [
    0.011686291545629501,
    0.0021873945370316505,
    0.9999293088912964
   ]
  ]
 },
 {
  "rotation_euler": [
   -0.00423493841663003,
   -0.009068850427865982,
   -1.6315170526504517
  ],
  "euler_order": "XYZ",
  "rotation_matrix": [
   [
    -0.060680925846099854,
    0.9981457591056824,
    0.004777437541633844
   ],
   [
    -0.9981160163879395,
    -0.06072121113538742,
    0.008794941939413548
   ],
   [
    0.009068726561963558,
    -0.004234751686453819,
    0.9999499320983887
   ]
  ]
 },
 {
  "rotation_euler": [
   1.3598045110702515,
   -0.1263265758752823,
   0.41892409324645996
  ],
  "euler_order": "XYZ",
  "rotation_matrix": [
   [
    0.906247615814209,
    -0.19773505628108978,
    0.3736524283885956
   ],
   [
    0.4035363793373108,
    0.14120608568191528,
    -0.904001772403717
   ],
   [
    0.1259908527135849,
    0.9700317978858948,
    0.20776095986366272
   ]
  ]
 },
 {
  "rotation_euler": [
   1.3578513860702515,
   -0.15287792682647705,
   -1.515937089920044
  ],
  "euler_order": "XYZ",
  "rotation_matrix": [
   [
    0.05419221520423889,
    0.20285995304584503,
    -0.977707028388977
   ],
   [
    -0.9868500828742981,
    0.16020764410495758,
    -0.021458245813846588
   ],
   [
    0.15228311717510223,
    0.9660131335258484,
    0.20887435972690582
   ]
  ]
 },
 {
  "rotation_euler": [
   1.3578517436981201,
   -0.15287858247756958,
   0.27067673206329346
  ],
  "euler_order": "XYZ",
  "rotation_matrix": [
   [
    0.9523516297340393,
    -0.1999332755804062,
    0.23033246397972107
   ],
   [
    0.2642650306224823,
    0.16384559869766235,
    -0.9504307508468628
   ],
   [
    0.15228377282619476,
    0.9660130739212036,
    0.20887400209903717
   ]
  ]
 },
 {
  "rotation_euler": [
   0.6423229575157166,
   -0.9281032085418701,
   -1.5292855501174927
  ],
  "euler_order": "XYZ",
  "rotation_matrix": [
   [
    0.02487248182296753,
    0.7801163792610168,
    -0.6251398324966431
   ],
   [
    -0.5988370776176453,
    0.5123512148857117,
    0.6155406832695007
   ],
   [
    0.8004845380783081,
    0.35904690623283386,
    0.4799060821533203
   ]
  ]
 },
 {
  "rotation_euler": [
   0.00769523112103343,
   -0.01367378979921341,
   -1.792974829673767
  ],
  "euler_order": "XYZ",
  "rotation_matrix": [
   [
    -0.2203345000743866,
    0.9754140377044678,
    -0.004493100102990866
   ],
   [
    -0.9753285050392151,
    -0.22024594247341156,
    0.015032540075480938
   ],
   [
    0.013673363253474236,
    0.0076944357715547085,
    0.9998769164085388
   ]
  ]
 },
 {
  "rotation_euler": [
   0.00980669166892767,
   -0.014376480132341385,
   1.86194908618927
  ],
  "euler_order": "XYZ",
  "rotation_matrix": [
   [
    -0.2870270013809204,
    -0.957827091217041,
    0.013520336709916592
   ],
   [
    0.957814633846283,
    -0.2871778905391693,
    -0.010955258272588253
   ],
   [
    0.01437598466873169,
    0.009805520996451378,
    0.9998486042022705
   ]
  ]
 },
 {
  "rotation_euler": [
   1.3578522205352783,
   -0.15287669003009796,
   -1.2947252988815308
  ],
  "euler_order": "XYZ",
  "rotation_matrix": [
   [
    0.2693985104560852,
    0.162764772772789,
    -0.9491744041442871
   ],
   [
    -0.9509125351905823,
    0.20081232488155365,
    -0.23545648157596588
   ],
   [
    0.15228189527988434,
    0.966013491153717,
    0.20887359976768494
   ]
  ]
 },
 {
  "rotation_euler": [
   0.004839207977056503,
   -0.01264959666877985,
   -3.0322132110595703
  ],
  "euler_order": "XYZ",
  "rotation_matrix": [
   [
    -0.993944525718689,
    0.10922104120254517,
    0.012045267038047314
   ],
   [
    -0.10915274173021317,
    -0.9940056800842285,
    0.00619106600061059
   ],
   [
    0.01264925953000784,
    0.004838801920413971,
    0.9999082684516907
   ]
  ]
 },
 {
  "rotation_euler": [
   1.3578513860702515,
   -0.15287795662879944,
   0.2027801126241684
  ],
  "euler_order": "XYZ",
  "rotation_matrix": [
   [
    0.9680863618850708,
    -0.18835605680942535,
    0.16532035171985626
   ],
   [
    0.1990443915128708,
    0.17703291773796082,
    -0.9638675451278687
   ],
   [
    0.15228314697742462,
    0.9660131335258484,
    0.20887435972690582
   ]
  ]
 },
 {
  "rotation_euler": [
   1.357851266860962,
   -0.15287776291370392,
   2.170027017593384
  ],
  "euler_order": "XYZ",
  "rotation_matrix": [
   [
    -0.557429313659668,
    -0.0905689224600792,
    0.8252695202827454
   ],
   [
    0.816138744354248,
    -0.24210725724697113,
    0.5246919393539429
   ],
   [
    0.1522829532623291,
    0.9660131335258484,
    0.20887449383735657
   ]
  ]
 },
 {
  "rotation_euler": [
   1.3578513860702515,
   -0.15287840366363525,
   -0.5573680400848389
  ],
  "euler_order": "XYZ",
  "rotation_matrix": [
   [
    0.838752269744873,
    -0.014527612365782261,
    -0.5443193316459656
   ],
   [
    -0.5227851271629333,
    0.2580847442150116,
    -0.8124579787254333
   ],
   [
    0.15228359401226044,
    0.9660130739212036,
    0.20887434482574463
   ]
  ]
 },
 {
  "rotation_euler": [
   0.003273711772635579,
   -0.012108293361961842,
   2.473118782043457
  ],
  "euler_order": "XYZ",
  "rotation_matrix": [
   [
    -0.7847109436988831,
    -0.6197546124458313,
    0.011530931107699871
   ],
   [
    0.6197436451911926,
    -0.7847888469696045,
    -0.0049352627247571945
   ],
   [
    0.012107997201383114,
    0.0032734659034758806,
    0.9999213218688965
   ]
  ]
 }
]