[
 {
  "rotation_euler": [
   -0.8477530479431152,
   -0.7249487638473511,
   -0.36617058515548706
  ],
  "euler_order": "XYZ",
  "rotation_matrix": [
   [
    0.69890958070755,
    0.7011321783065796,
    -0.1412055939435959
   ],
   [
    -0.2680067718029022,
    0.43979018926620483,
    0.8571796417236328
   ],
   [
    0.663097083568573,
    -0.5612469911575317,
    0.49528178572654724
   ]
  ]
 },
 {
  "rotation_euler": [
   -0.7967127561569214,
   -0.9458370208740234,
   -0.9783761501312256
  ],
  "euler_order": "XYZ",
  "rotation_matrix": [
   [
    0.32668256759643555,
    0.9037376046180725,
    0.2766529321670532
   ],
   [
    -0.48536449670791626,
    -0.09075015038251877,
    0.8695893883705139
   ],
   [
    0.8109869360923767,
    -0.4183572232723236,
    0.408995658159256
   ]
  ]
 },
 {
  "rotation_euler": [
   -0.7026525735855103,
   -1.0852525234222412,
   -0.9238744378089905
  ],
  "euler_order": "XYZ",
  "rotation_matrix": [
   [
    0.28128913044929504,
    0.9534280896186829,
    0.10886389762163162
   ],
   [
    -0.3723914623260498,
    0.0038981647230684757,
    0.9280675649642944
   ],
   [
    0.8844212889671326,
    -0.3015953004360199,
    0.3561449646949768
   ]
  ]
 },
 {
  "rotation_euler": [
   -0.6951031684875488,
   -1.0914801359176636,
   0.21632368862628937
  ],
  "euler_order": "XYZ",
  "rotation_matrix": [
   [
    0.45042404532432556,
    0.3902047276496887,
    -0.803030788898468
   ],
   [
    0.09898628294467926,
    0.8720664978027344,
    0.47927212715148926
   ],
   [
    0.8873105049133301,
    -0.29536470770835876,
    0.35417479276657104
   ]
  ]
 },
 {
  "rotation_euler": [
   -0.8424360156059265,
   -0.687321126461029,
   2.2690088748931885
  ],
  "euler_order": "XYZ",
  "rotation_matrix": [
   [
    -0.49688956141471863,
    -0.814258873462677,
    -0.3001387417316437
   ],
   [
    0.5920726656913757,
    -0.06522633135318756,
    -0.8032405972480774
   ],
   [
    0.6344688534736633,
    -0.5768257975578308,
    0.5145107507705688
   ]
  ]
 },
 {
  "rotation_euler": [
   -0.7757598161697388,
   -0.9864108562469482,
   -0.0788409560918808
  ],
  "euler_order": "XYZ",
  "rotation_matrix": [
   [
    0.54997318983078,
    0.6384628415107727,
    -0.538418710231781
   ],
   [
    -0.043450478464365005,
    0.6656720638275146,
    0.7449783682823181
   ],
   [
    0.834051251411438,
    -0.38632357120513916,
    0.39384332299232483
   ]
  ]
 },
 {
  "rotation_euler": [
   -0.7325001358985901,
   -1.056283712387085,
   -2.66965913772583
  ],
  "euler_order": "XYZ",
  "rotation_matrix": [
   [
    -0.43831849098205566,
    -0.1805131733417511,
    0.8805066347122192
   ],
   [
    -0.22371806204319,
    -0.926884651184082,
    -0.30138859152793884
   ],
   [
    0.8705326914787292,
    -0.3290894329547882,
    0.3658866286277771
   ]
  ]
 },
 {
  "rotation_euler": [
   -0.8452000617980957,
   -0.7106454968452454,
   -2.547126054763794
  ],
  "euler_order": "XYZ",
  "rotation_matrix": [
   [
    -0.6279141902923584,
    -0.032636724412441254,
    0.777597963809967
   ],
   [
    -0.42449766397476196,
    -0.8230581879615784,
    -0.37732869386672974
   ],
   [
    0.6523231267929077,
    -0.5670185685157776,
    0.5029556751251221
   ]
  ]
 },
 {
  "rotation_euler": [
   2.3190016746520996,
   -2.284580945968628,
   0.041706543415784836
  ],
  "euler_order": "XYZ",
  "rotation_matrix": [
   [
    -0.6541298627853394,
    -0.5251522064208984,
    0.5443612933158875
   ],
   [
    -0.027297325432300568,
    -0.7028316259384155,
    -0.7108322978019714
   ],
   [
    0.7558895349502563,
    -0.47983625531196594,
    0.4454079270362854
   ]
  ]
 },
 {
  "rotation_euler": [
   -0.8434340953826904,
   -0.6946048736572266,
   -2.576981782913208
  ],
  "euler_order": "XYZ",
  "rotation_matrix": [
   [
    -0.6490631103515625,
    -0.04811444878578186,
    0.7592114806175232
   ],
   [
    -0.4111109972000122,
    -0.8175303936004639,
    -0.4032762944698334
   ],
   [
    0.6400818824768066,
    -0.5738719701766968,
    0.5108484029769897
   ]
  ]
 },
 {
  "rotation_euler": [
   -0.735076904296875,
   -1.0536158084869385,
   2.296755313873291
  ],
  "euler_order": "XYZ",
  "rotation_matrix": [
   [
    -0.32822972536087036,
    -0.9417325258255005,
    -0.07351972162723541
   ],
   [
    0.3697669804096222,
    -0.05647659674286842,
    -0.9274064898490906
   ],
   [
    0.8692166805267334,
    -0.3315875232219696,
    0.36675888299942017
   ]
  ]
 },
 {
  "rotation_euler": [
   -0.825010359287262,
   -0.8443046808242798,
   1.182073712348938
  ],
  "euler_order": "XYZ",
  "rotation_matrix": [
   [
    0.25175562500953674,
    -0.4198179841041565,
    -0.8719931244850159
   ],
   [
    0.6146940588951111,
    0.7652961611747742,
    -0.19097906351089478
   ],
   [
    0.7475094199180603,
    -0.48792892694473267,
    0.4507272243499756
   ]
  ]
 },
 {
  "rotation_euler": [
   -0.8202811479568481,
   -0.517703652381897,
   -1.796534776687622
  ],
  "euler_order": "XYZ",
  "rotation_matrix": [
   [
    -0.19449548423290253,
    0.5837031602859497,
    0.7883287072181702
   ],
   [
    -0.8469116687774658,
    -0.505399227142334,
    0.1652643233537674
   ],
   [
    0.49488601088523865,
    -0.6355015635490417,
    0.5926428437232971
   ]
  ]
 },
 {
  "rotation_euler": [
   -0.8401225209236145,
   -0.6665576696395874,
   0.8141123056411743
  ],
  "euler_order": "XYZ",
  "rotation_matrix": [
   [
    0.5395689606666565,
    -0.16915035247802734,
    -0.8247748017311096
   ],
   [
    0.5714805722236633,
    0.7929619550704956,
    0.21123751997947693
   ],
   [
    0.6182841658592224,
    -0.585319995880127,
    0.5245237946510315
   ]
  ]
 },
 {
  "rotation_euler": [
   -0.84366375207901,
   -0.7063719630241394,
   -1.4077212810516357
  ],
  "euler_order": "XYZ",
  "rotation_matrix": [
   [
    0.1235056221485138,
    0.7346385717391968,
    0.6671225428581238
   ],
   [
    -0.7506290078163147,
    -0.37056097388267517,
    0.5470288991928101
   ],
   [
    0.6490781307220459,
    -0.5683227181434631,
    0.5056747198104858
   ]
  ]
 },
 {
  "rotation_euler": [
   -0.8368979692459106,
   -0.6368265748023987,
   -2.2181992530822754
  ],
  "euler_order": "XYZ",
  "rotation_matrix": [
   [
    -0.48489806056022644,
    0.267927348613739,
    0.83251953125
   ],
   [
    -0.6413024067878723,
    -0.7561660408973694,
    -0.1301695853471756
   ],
   [
    0.5946470499038696,
    -0.5970157384872437,
    0.5384858846664429
   ]
  ]
 }
]