[
 {
  "rotation_euler": [
   -9.897245945467148e-06,
   1.4150964489090256e-05,
   3.1038882732391357
  ],
  "euler_order": "XYZ",
  "rotation_matrix": [
   [
    -0.9992892742156982,
    -0.037695448845624924,
    -1.4513988389808219e-05
   ],
   [
    0.037695448845624924,
    -0.9992892742156982,
    -9.356785085401498e-06
   ],
   [
    -1.4150964489090256e-05,
    -9.897245945467148e-06,
    1.0
   ]
  ]
 },
 {
  "rotation_euler": [
   -1.3046503067016602,
   0.5267144441604614,
   -1.319775104522705
  ],
  "euler_order": "XYZ",
  "rotation_matrix": [
   [
    0.21472690999507904,
    0.1343020796775818,
    0.9673961400985718
   ],
   [
    -0.8373704552650452,
    0.5351278185844421,
    0.11157497018575668
   ],
   [
    -0.5026957988739014,
    -0.834027111530304,
    0.22736692428588867
   ]
  ]
 },
 {
  "rotation_euler": [
   -3.50317386619281e-05,
   1.2344032711553155e-06,
   0.3392059803009033
  ],
  "euler_order": "XYZ",
  "rotation_matrix": [
   [
    0.9430191516876221,
    -0.3327384293079376,
    -1.0492339242773596e-05
   ],
   [
    0.3327384293079376,
    0.9430191516876221,
    3.3446332963649184e-05
   ],
   [
    -1.2344032711553155e-06,
    -3.50317386619281e-05,
    1.0
   ]
  ]
 },
 {
  "rotation_euler": [
   -0.14995530247688293,
   0.6034464836120605,
   2.9256882667541504
  ],
  "euler_order": "XYZ",
  "rotation_matrix": [
   [
    -0.8042681813240051,
    -0.1290164440870285,
    -0.5800926089286804
   ],
   [
    0.17639444768428802,
    -0.98398357629776,
    -0.025717251002788544
   ],
   [
    -0.5674836039543152,
    -0.12300868332386017,
    0.814144492149353
   ]
  ]
 },
 {
  "rotation_euler": [
   -0.05365084111690521,
   0.6080197691917419,
   0.4448666274547577
  ],
  "euler_order": "XYZ",
  "rotation_matrix": [
   [
    0.7408926486968994,
    -0.45736971497535706,
    0.491824209690094
   ],
   [
    0.35321277379989624,
    0.8881867527961731,
    0.29387935996055603
   ],
   [
    -0.5712432265281677,
    -0.04401445761322975,
    0.8195998072624207
   ]
  ]
 },
 {
  "rotation_euler": [
   7.141622518247459e-06,
   5.777007118012989e-06,
   0.47491008043289185
  ],
  "euler_order": "XYZ",
  "rotation_matrix": [
   [
    0.8893338441848755,
    -0.4572584927082062,
    8.40325537865283e-06
   ],
   [
    0.4572584927082062,
    0.8893338441848755,
    -3.709701104526175e-06
   ],
   [
    -5.777007118012989e-06,
    7.141622518247459e-06,
    1.0
   ]
  ]
 },
 {
  "rotation_euler": [
   1.8331624269485474,
   2.6152901649475098,
   -0.21071094274520874
  ],
  "euler_order": "XYZ",
  "rotation_matrix": [
   [
    -0.8455460071563721,
    0.42017096281051636,
    -0.3294059932231903
   ],
   [
    0.18085028231143951,
    -0.3551012873649597,
    -0.9171674847602844
   ],
   [
    -0.5023396611213684,
    -0.8350805044174194,
    0.22426645457744598
   ]
  ]
 },
 {
  "rotation_euler": [
   1.3029797077178955,
   0.5861487984657288,
   1.0815027952194214
  ],
  "euler_order": "XYZ",
  "rotation_matrix": [
   [
    0.3915483057498932,
    0.017140217125415802,
    0.9199979305267334
   ],
   [
    0.7353281378746033,
    0.5952215790748596,
    -0.32404282689094543
   ],
   [
    -0.5531567931175232,
    0.8033787608146667,
    0.22045432031154633
   ]
  ]
 },
 {
  "rotation_euler": [
   1.3046257495880127,
   0.5860530138015747,
   -0.6136581897735596
  ],
  "euler_order": "XYZ",
  "rotation_matrix": [
   [
    0.6811229586601257,
    0.5877175331115723,
    -0.4366459250450134
   ],
   [
    -0.4797680377960205,
    -0.09223373234272003,
    -0.8725339770317078
   ],
   [
    -0.553076982498169,
    0.8037917017936707,
    0.21914555132389069
   ]
  ]
 },
 {
  "rotation_euler": [
   0.012242911383509636,
   0.6099815964698792,
   1.0793746709823608
  ],
  "euler_order": "XYZ",
  "rotation_matrix": [
   [
    0.3867802917957306,
    -0.8782874345779419,
    0.28109103441238403
   ],
   [
    0.7226625680923462,
    0.47802770137786865,
    0.49924778938293457
   ],
   [
    -0.572852373123169,
    0.010034756734967232,
    0.8195971250534058
   ]
  ]
 },
 {
  "rotation_euler": [
   -1.746424641169142e-05,
   8.250742212112527e-06,
   -0.0629439726471901
  ],
  "euler_order": "XYZ",
  "rotation_matrix": [
   [
    0.9980196952819824,
    0.06290242075920105,
    9.332946319773328e-06
   ],
   [
    -0.06290242075920105,
    0.9980196952819824,
    1.6910669728531502e-05
   ],
   [
    -8.250742212112527e-06,
    -1.746424641169142e-05,
    1.0
   ]
  ]
 },
 {
  "rotation_euler": [
   0.6048295497894287,
   0.6137182712554932,
   -0.4055526852607727
  ],
  "euler_order": "XYZ",
  "rotation_matrix": [
   [
    0.7511993646621704,
    0.6254495978355408,
    0.21097949147224426
   ],
   [
    -0.3225303888320923,
    0.6266756057739258,
    -0.7094024419784546
   ],
   [
    -0.5759111642837524,
    0.4648553729057312,
    0.672484815120697
   ]
  ]
 },
 {
  "rotation_euler": [
   -1.8402458429336548,
   2.5552947521209717,
   -0.049991436302661896
  ],
  "euler_order": "XYZ",
  "rotation_matrix": [
   [
    -0.8319540023803711,
    -0.5459532141685486,
    -0.09893231838941574
   ],
   [
    0.0416252575814724,
    -0.2392181009054184,
    0.9700732231140137
   ],
   [
    -0.5532810091972351,
    0.8029382228851318,
    0.2217438966035843
   ]
  ]
 },
 {
  "rotation_euler": [
   -0.10308648645877838,
   0.6052167415618896,
   1.426568627357483
  ],
  "euler_order": "XYZ",
  "rotation_matrix": [
   [
    0.11819902062416077,
    -0.9927783608436584,
    -0.02049691416323185
   ],
   [
    0.8138402104377747,
    0.085026815533638,
    0.5748343467712402
   ],
   [
    -0.5689403414726257,
    -0.08462607115507126,
    0.8180130124092102
   ]
  ]
 },
 {
  "rotation_euler": [
   -1.0270490747643635e-05,
   1.5433851103807683e-06,
   1.1216373443603516
  ],
  "euler_order": "XYZ",
  "rotation_matrix": [
   [
    0.43420809507369995,
    -0.9008126258850098,
    -8.58163730299566e-06
   ],
   [
    0.9008126258850098,
    0.43420809507369995,
    5.849830813531298e-06
   ],
   [
    -1.5433851103807683e-06,
    -1.0270490747643635e-05,
    1.0
   ]
  ]
 },
 {
  "rotation_euler": [
   -1.3052866458892822,
   0.5266454815864563,
   -2.4097177982330322
  ],
  "euler_order": "XYZ",
  "rotation_matrix": [
   [
    -0.6431198120117188,
    0.5361735224723816,
    0.5467311143875122
   ],
   [
    -0.5777142643928528,
    0.12891815602779388,
    -0.8059940338134766
   ],
   [
    -0.502636194229126,
    -0.8342050313949585,
    0.22684524953365326
   ]
  ]
 }
]