[
 {
  "rotation_euler": [
   -1.8552477359771729,
   -0.9039804339408875,
   0.3507988154888153
  ],
  "euler_order": "XYZ",
  "rotation_matrix": [
   [
    0.5808202624320984,
    0.8047236204147339,
    -0.12275035679340363
   ],
   [
    0.21254189312458038,
    -0.004354397300630808,
    0.9771422743797302
   ],
   [
    0.7857949733734131,
    -0.5936336517333984,
    -0.17356660962104797
   ]
  ]
 },
 {
  "rotation_euler": [
   0.007768569514155388,
   0.005409207195043564,
   -2.981072187423706
  ],
  "euler_order": "XYZ",
  "rotation_matrix": [
   [
    -0.987129807472229,
    0.1597857028245926,
    -0.006581134162843227
   ],
   [
    -0.15982966125011444,
    -0.9871211647987366,
    0.006804087199270725
   ],
   [
    -0.005409180652350187,
    0.007768377661705017,
    0.9999551773071289
   ]
  ]
 },
 {
  "rotation_euler": [
   -1.6378802061080933,
   -0.6709847450256348,
   2.1418566703796387
  ],
  "euler_order": "XYZ",
  "rotation_matrix": [
   [
    -0.42334404587745667,
    -0.2789219915866852,
    -0.861964225769043
   ],
   [
    0.6589365601539612,
    0.5581589341163635,
    -0.5042432546615601
   ],
   [
    0.6217575669288635,
    -0.7814481258392334,
    -0.05250135064125061
   ]
  ]
 },
 {
  "rotation_euler": [
   -1.8552480936050415,
   -0.9039815664291382,
   -1.150827169418335
  ],
  "euler_order": "XYZ",
  "rotation_matrix": [
   [
    0.25217679142951965,
    0.051274579018354416,
    0.9663217663764954
   ],
   [
    -0.5647406578063965,
    -0.8031009435653687,
    0.18999172747135162
   ],
   [
    0.7857956886291504,
    -0.593632698059082,
    -0.17356657981872559
   ]
  ]
 },
 {
  "rotation_euler": [
   -0.002523633884266019,
   -0.01270760502666235,
   -0.1857624351978302
  ],
  "euler_order": "XYZ",
  "rotation_matrix": [
   [
    0.9827163815498352,
    0.18472683429718018,
    -0.012022499926388264
   ],
   [
    -0.1846809983253479,
    0.9827866554260254,
    0.004827185999602079
   ],
   [
    0.012707263231277466,
    -0.002523427363485098,
    0.9999160766601562
   ]
  ]
 },
 {
  "rotation_euler": [
   1.2863445281982422,
   -2.2376112937927246,
   -0.9578542709350586
  ],
  "euler_order": "XYZ",
  "rotation_matrix": [
   [
    -0.3558006286621094,
    -0.204339399933815,
    -0.9119492173194885
   ],
   [
    0.5058965086936951,
    0.7783607244491577,
    -0.37178391218185425
   ],
   [
    0.7857955694198608,
    -0.5936328768730164,
    -0.17356663942337036
   ]
  ]
 },
 {
  "rotation_euler": [
   -1.5778179168701172,
   -0.5573645234107971,
   2.4079723358154297
  ],
  "euler_order": "XYZ",
  "rotation_matrix": [
   [
    -0.6303408145904541,
    -0.38817042112350464,
    -0.672305166721344
   ],
   [
    0.5682260394096375,
    0.3593728840351105,
    -0.7402501702308655
   ],
   [
    0.5289514064788818,
    -0.8486312031745911,
    -0.005958838388323784
   ]
  ]
 },
 {
  "rotation_euler": [
   1.232656478881836,
   -2.2310643196105957,
   1.1235674619674683
  ],
  "euler_order": "XYZ",
  "rotation_matrix": [
   [
    -0.26524534821510315,
    -0.6213400959968567,
    0.7372797727584839
   ],
   [
    -0.5530070662498474,
    -0.5283569693565369,
    -0.64422208070755
   ],
   [
    0.7898278832435608,
    -0.5785978436470032,
    -0.20346122980117798
   ]
  ]
 },
 {
  "rotation_euler": [
   1.2863438129425049,
   -2.2376136779785156,
   -1.0701749324798584
  ],
  "euler_order": "XYZ",
  "rotation_matrix": [
   [
    -0.29685625433921814,
    -0.1158081442117691,
    -0.9478738307952881
   ],
   [
    0.5425901412963867,
    0.7963582873344421,
    -0.2672254741191864
   ],
   [
    0.7857940793037415,
    -0.5936345458030701,
    -0.17356759309768677
   ]
  ]
 },
 {
  "rotation_euler": [
   -1.5012379884719849,
   -0.29465025663375854,
   2.4070286750793457
  ],
  "euler_order": "XYZ",
  "rotation_matrix": [
   [
    -0.7101403474807739,
    -0.26158007979393005,
    -0.6536639332771301
   ],
   [
    0.6413778066635132,
    0.14259810745716095,
    -0.7538569569587708
   ],
   [
    0.29040518403053284,
    -0.9545897841453552,
    0.06650697439908981
   ]
  ]
 },
 {
  "rotation_euler": [
   -1.8552476167678833,
   -0.9039811491966248,
   0.46415430307388306
  ],
  "euler_order": "XYZ",
  "rotation_matrix": [
   [
    0.5530509352684021,
    0.8000519275665283,
    -0.2324899286031723
   ],
   [
    0.2768758535385132,
    0.08669846504926682,
    0.9569864869117737
   ],
   [
    0.7857953906059265,
    -0.5936331152915955,
    -0.17356638610363007
   ]
  ]
 },
 {
  "rotation_euler": [
   1.232529640197754,
   -2.198608636856079,
   -0.21612857282161713
  ],
  "euler_order": "XYZ",
  "rotation_matrix": [
   [
    -0.5737103223800659,
    -0.674524188041687,
    -0.46462196111679077
   ],
   [
    0.12596262991428375,
    0.4878540635108948,
    -0.8637892007827759
   ],
   [
    0.8093144297599792,
    -0.5540897846221924,
    -0.19492207467556
   ]
  ]
 },
 {
  "rotation_euler": [
   -1.858407735824585,
   -0.9066311120986938,
   -0.32769161462783813
  ],
  "euler_order": "XYZ",
  "rotation_matrix": [
   [
    0.5836019515991211,
    0.6236082315444946,
    0.5201168656349182
   ],
   [
    -0.19839411973953247,
    -0.5115993618965149,
    0.8360058665275574
   ],
   [
    0.7874315977096558,
    -0.5910828113555908,
    -0.17485016584396362
   ]
  ]
 },
 {
  "rotation_euler": [
   -1.6110976934432983,
   -0.6255394220352173,
   -2.2256083488464355
  ],
  "euler_order": "XYZ",
  "rotation_matrix": [
   [
    -0.4936924874782562,
    -0.38826388120651245,
    0.7781509160995483
   ],
   [
    -0.6429750323295593,
    -0.43950966000556946,
    -0.6272274851799011
   ],
   [
    0.5855346322059631,
    -0.8099891543388367,
    -0.032661356031894684
   ]
  ]
 },
 {
  "rotation_euler": [
   -1.8552511930465698,
   -0.9039639830589294,
   -1.6497610807418823
  ],
  "euler_order": "XYZ",
  "rotation_matrix": [
   [
    -0.04878896102309227,
    -0.3392537534236908,
    0.9394288063049316
   ],
   [
    -0.6165726780891418,
    -0.7297204732894897,
    -0.2955437898635864
   ],
   [
    0.7857847809791565,
    -0.593645453453064,
    -0.17357228696346283
   ]
  ]
 },
 {
  "rotation_euler": [
   -1.8552486896514893,
   -0.9039798378944397,
   -0.3727356791496277
  ],
  "euler_order": "XYZ",
  "rotation_matrix": [
   [
    0.5760188698768616,
    0.6002329587936401,
    0.5549077987670898
   ],
   [
    -0.22523127496242523,
    -0.5360215902328491,
    0.8136041164398193
   ],
   [
    0.7857946157455444,
    -0.5936338901519775,
    -0.17356730997562408
   ]
  ]
 }
]