[
 {
  "rotation_euler": [
   2.8153953552246094,
   -1.0047521591186523,
   0.7819669246673584
  ],
  "euler_order": "XYZ",
  "rotation_matrix": [
   [
    0.38051849603652954,
    0.47561562061309814,
    0.7930923104286194
   ],
   [
    0.3779161274433136,
    -0.8627029657363892,
    0.3360402286052704
   ],
   [
    0.8440290689468384,
    0.17185284197330475,
    -0.5080172419548035
   ]
  ]
 },
 {
  "rotation_euler": [
   0.4249291718006134,
   -2.2681188583374023,
   -0.7433055639266968
  ],
  "euler_order": "XYZ",
  "rotation_matrix": [
   [
    -0.47278663516044617,
    0.38387683033943176,
    -0.7931654453277588
   ],
   [
    0.4345709979534149,
    0.8846200108528137,
    0.16910189390182495
   ],
   [
    0.7665643095970154,
    -0.2647375762462616,
    -0.5850582718849182
   ]
  ]
 },
 {
  "rotation_euler": [
   -0.6966280937194824,
   -2.1404025554656982,
   -0.938968300819397
  ],
  "euler_order": "XYZ",
  "rotation_matrix": [
   [
    -0.3185221254825592,
    0.9380680322647095,
    0.13627927005290985
   ],
   [
    0.43518808484077454,
    0.016993725672364235,
    0.9001791477203369
   ],
   [
    0.8421133756637573,
    0.34603410959243774,
    -0.41364890336990356
   ]
  ]
 },
 {
  "rotation_euler": [
   0.8612328767776489,
   -2.8036229610443115,
   0.4548039734363556
  ],
  "euler_order": "XYZ",
  "rotation_matrix": [
   [
    -0.8475275039672852,
    -0.5121718645095825,
    0.13920171558856964
   ],
   [
    -0.4144357144832611,
    0.4747748076915741,
    -0.7764225006103516
   ],
   [
    0.3315723240375519,
    -0.7157295942306519,
    -0.6146470308303833
   ]
  ]
 },
 {
  "rotation_euler": [
   2.8154215812683105,
   -1.004756212234497,
   0.6866813898086548
  ],
  "euler_order": "XYZ",
  "rotation_matrix": [
   [
    0.4147452116012573,
    0.39140036702156067,
    0.8214573264122009
   ],
   [
    0.3399965763092041,
    -0.904033899307251,
    0.2590849697589874
   ],
   [
    0.8440312743186951,
    0.1718384325504303,
    -0.5080184936523438
   ]
  ]
 },
 {
  "rotation_euler": [
   -0.326180100440979,
   -2.1368355751037598,
   1.8946551084518433
  ],
  "euler_order": "XYZ",
  "rotation_matrix": [
   [
    0.1706630438566208,
    -0.984093427658081,
    -0.04933764785528183
   ],
   [
    -0.5084137916564941,
    -0.04505706578493118,
    -0.8599333167076111
   ],
   [
    0.8440316915512085,
    0.1718427836894989,
    -0.5080162882804871
   ]
  ]
 },
 {
  "rotation_euler": [
   0.18884819746017456,
   -1.333288550376892,
   -0.1529761105775833
  ],
  "euler_order": "XYZ",
  "rotation_matrix": [
   [
    0.23253346979618073,
    -0.03065592609345913,
    -0.9721051454544067
   ],
   [
    -0.03585217148065567,
    0.9985536336898804,
    -0.04006605222821236
   ],
   [
    0.9719273447990417,
    0.044168777763843536,
    0.23109805583953857
   ]
  ]
 },
 {
  "rotation_euler": [
   -0.32617393136024475,
   -2.136834144592285,
   -1.7416356801986694
  ],
  "euler_order": "XYZ",
  "rotation_matrix": [
   [
    0.09117476642131805,
    0.8875068426132202,
    0.4516843855381012
   ],
   [
    0.5284849405288696,
    -0.42755454778671265,
    0.7334172129631042
   ],
   [
    0.8440324664115906,
    0.17183926701545715,
    -0.5080161690711975
   ]
  ]
 },
 {
  "rotation_euler": [
   -0.39348089694976807,
   -1.9391511678695679,
   -1.9013748168945312
  ],
  "euler_order": "XYZ",
  "rotation_matrix": [
   [
    0.11687882244586945,
    0.7574707865715027,
    0.6423218250274658
   ],
   [
    0.3405844271183014,
    -0.6381051540374756,
    0.6905244588851929
   ],
   [
    0.9329209923744202,
    0.13805712759494781,
    -0.33256372809410095
   ]
  ]
 },
 {
  "rotation_euler": [
   2.933818817138672,
   -1.0049207210540771,
   -0.7603422999382019
  ],
  "euler_order": "XYZ",
  "rotation_matrix": [
   [
    0.38849809765815735,
    -0.8005195260047913,
    0.45633071660995483
   ],
   [
    -0.3695017695426941,
    -0.5890129804611206,
    -0.7187017202377319
   ],
   [
    0.8441194891929626,
    0.11059921979904175,
    -0.5246238112449646
   ]
  ]
 },
 {
  "rotation_euler": [
   -0.32620564103126526,
   -2.1368422508239746,
   1.5365183353424072
  ],
  "euler_order": "XYZ",
  "rotation_matrix": [
   [
    -0.01837964914739132,
    -0.9374392628669739,
    -0.34766334295272827
   ],
   [
    -0.5359838604927063,
    0.3027748167514801,
    -0.7880664467811584
   ],
   [
    0.844028115272522,
    0.1718575656414032,
    -0.5080171823501587
   ]
  ]
 },
 {
  "rotation_euler": [
   -0.32616353034973145,
   -2.136834144592285,
   -1.67683744430542
  ],
  "euler_order": "XYZ",
  "rotation_matrix": [
   [
    0.056762490421533585,
    0.9133338332176208,
    0.40323606133461
   ],
   [
    0.5332796573638916,
    -0.36918070912361145,
    0.7611296772956848
   ],
   [
    0.8440324664115906,
    0.17183397710323334,
    -0.5080179572105408
   ]
  ]
 },
 {
  "rotation_euler": [
   -0.32620811462402344,
   -2.1368422508239746,
   1.3016703128814697
  ],
  "euler_order": "XYZ",
  "rotation_matrix": [
   [
    -0.14259599149227142,
    -0.8412507772445679,
    -0.5215012431144714
   ],
   [
    -0.5169941186904907,
    0.5126028656959534,
    -0.6855329275131226
   ],
   [
    0.844028115272522,
    0.17185881733894348,
    -0.5080167651176453
   ]
  ]
 },
 {
  "rotation_euler": [
   -0.32620444893836975,
   -2.1368420124053955,
   -0.5623120665550232
  ],
  "euler_order": "XYZ",
  "rotation_matrix": [
   [
    -0.45372194051742554,
    0.7338519096374512,
    -0.5055667757987976
   ],
   [
    0.2859242558479309,
    0.6572112441062927,
    0.6973669528961182
   ],
   [
    0.8440282344818115,
    0.17185689508914948,
    -0.5080172419548035
   ]
  ]
 },
 {
  "rotation_euler": [
   -2.5248188972473145,
   -0.7686136364936829,
   0.5863502025604248
  ],
  "euler_order": "XYZ",
  "rotation_matrix": [
   [
    0.5987983345985413,
    0.7862868905067444,
    0.15229429304599762
   ],
   [
    0.3977712392807007,
    -0.45701393485069275,
    0.795560359954834
   ],
   [
    0.6951392889022827,
    -0.41580191254615784,
    -0.5864214897155762
   ]
  ]
 },
 {
  "rotation_euler": [
   -0.32620134949684143,
   -2.1368422508239746,
   -0.7554023265838623
  ],
  "euler_order": "XYZ",
  "rotation_matrix": [
   [
    -0.39042332768440247,
    0.8463267683982849,
    -0.36235424876213074
   ],
   [
    0.36767667531967163,
    0.5041792392730713,
    0.7814199328422546
   ],
   [
    0.844028115272522,
    0.1718553751707077,
    -0.5080179572105408
   ]
  ]
 }
]