[
 {
  "rotation_euler": [
   -7.452855061274022e-05,
   -1.5013019947218709e-06,
   1.9373329877853394
  ],
  "euler_order": "XYZ",
  "rotation_matrix": [
   [
    -0.35838431119918823,
    -0.9335741400718689,
    -6.903988833073527e-05
   ],
   [
    0.9335741400718689,
    -0.35838431119918823,
    -2.811143895087298e-05
   ],
   [
    1.5013019947218709e-06,
    -7.452855061274022e-05,
    1.0
   ]
  ]
 },
 {
  "rotation_euler": [
   -8.022004476515576e-05,
   4.083295607415494e-06,
   -0.5446972250938416
  ],
  "euler_order": "XYZ",
  "rotation_matrix": [
   [
    0.8552842140197754,
    0.5181591510772705,
    4.505912875174545e-05
   ],
   [
    -0.5181591510772705,
    0.8552842140197754,
    6.649514398304746e-05
   ],
   [
    -4.083295607415494e-06,
    -8.022004476515576e-05,
    1.0
   ]
  ]
 },
 {
  "rotation_euler": [
   -7.385372737189755e-05,
   3.0864095606375486e-05,
   -1.3142292499542236
  ],
  "euler_order": "XYZ",
  "rotation_matrix": [
   [
    0.25376150012016296,
    0.9672667980194092,
    7.926837861305103e-05
   ],
   [
    -0.9672667980194092,
    0.25376150012016296,
    -1.1112582797068171e-05
   ],
   [
    -3.0864095606375486e-05,
    -7.385372737189755e-05,
    1.0
   ]
  ]
 },
 {
  "rotation_euler": [
   -7.737123087281361e-05,
   -7.794614589329285e-07,
   -2.4932923316955566
  ],
  "euler_order": "XYZ",
  "rotation_matrix": [
   [
    -0.7971112728118896,
    0.6038324236869812,
    4.73405780212488e-05
   ],
   [
    -0.6038324236869812,
    -0.7971112728118896,
    -6.120281614130363e-05
   ],
   [
    7.794614589329285e-07,
    -7.737123087281361e-05,
    1.0
   ]
  ]
 },
 {
  "rotation_euler": [
   -7.951882435008883e-05,
   -6.10213555773953e-06,
   -2.8016560077667236
  ],
  "euler_order": "XYZ",
  "rotation_matrix": [
   [
    -0.9427757859230042,
    0.333427369594574,
    3.226669650757685e-05
   ],
   [
    -0.333427369594574,
    -0.9427757859230042,
    -7.29338062228635e-05
   ],
   [
    6.10213555773953e-06,
    -7.951882435008883e-05,
    1.0
   ]
  ]
 },
 {
  "rotation_euler": [
   -8.02208815002814e-05,
   4.410431756696198e-06,
   -2.017489433288574
  ],
  "euler_order": "XYZ",
  "rotation_matrix": [
   [
    -0.431985467672348,
    0.9018805623054504,
    7.044441008474678e-05
   ],
   [
    -0.9018805623054504,
    -0.431985467672348,
    -3.863193705910817e-05
   ],
   [
    -4.410431756696198e-06,
    -8.02208815002814e-05,
    1.0
   ]
  ]
 },
 {
  "rotation_euler": [
   -7.974378968356177e-05,
   -4.563888978736941e-06,
   1.379112720489502
  ],
  "euler_order": "XYZ",
  "rotation_matrix": [
   [
    0.19051194190979004,
    -0.9816848635673523,
    -7.915274909464642e-05
   ],
   [
    0.9816848635673523,
    0.19051194190979004,
    1.0711843060562387e-05
   ],
   [
    4.563888978736941e-06,
    -7.974378968356177e-05,
    1.0
   ]
  ]
 },
 {
  "rotation_euler": [
   -7.575752533739433e-05,
   -1.726896152831614e-05,
   -0.6557294130325317
  ],
  "euler_order": "XYZ",
  "rotation_matrix": [
   [
    0.7926033735275269,
    0.6097375154495239,
    3.250476947869174e-05
   ],
   [
    -0.6097375154495239,
    0.7926033735275269,
    7.057520269881934e-05
   ],
   [
    1.726896152831614e-05,
    -7.575752533739433e-05,
    1.0
   ]
  ]
 },
 {
  "rotation_euler": [
   -7.889201515354216e-05,
   7.426889624184696e-06,
   3.0673747062683105
  ],
  "euler_order": "XYZ",
  "rotation_matrix": [
   [
    -0.9972470998764038,
    -0.07414983212947845,
    -1.3256273632578086e-05
   ],
   [
    0.07414983212947845,
    -0.9972470998764038,
    -7.812413241481408e-05
   ],
   [
    -7.426889624184696e-06,
    -7.889201515354216e-05,
    1.0
   ]
  ]
 },
 {
  "rotation_euler": [
   -0.007638044189661741,
   0.005040816031396389,
   -3.119004249572754
  ],
  "euler_order": "XYZ",
  "rotation_matrix": [
   [
    -0.9997321963310242,
    0.022624315693974495,
    -0.004866846837103367
   ],
   [
    -0.022586196660995483,
    -0.9997148513793945,
    -0.00774987181648612
   ],
   [
    -0.005040794610977173,
    -0.007637872826308012,
    0.9999580979347229
   ]
  ]
 },
 {
  "rotation_euler": [
   -8.190442167688161e-05,
   4.941047336615156e-06,
   -1.5029875040054321
  ],
  "euler_order": "XYZ",
  "rotation_matrix": [
   [
    0.06775686889886856,
    0.99770188331604,
    8.205098129110411e-05
   ],
   [
    -0.99770188331604,
    0.06775686889886856,
    6.198951609803771e-07
   ],
   [
    -4.941047336615156e-06,
    -8.190442167688161e-05,
    1.0
   ]
  ]
 },
 {
  "rotation_euler": [
   -7.336835551541299e-05,
   -3.732813866008655e-06,
   0.17242315411567688
  ],
  "euler_order": "XYZ",
  "rotation_matrix": [
   [
    0.985171914100647,
    -0.1715700775384903,
    -1.6265277736238204e-05
   ],
   [
    0.1715700775384903,
    0.985171914100647,
    7.164000271586701e-05
   ],
   [
    3.732813866008655e-06,
    -7.336835551541299e-05,
    1.0
   ]
  ]
 },
 {
  "rotation_euler": [
   -7.965560507727787e-05,
   5.17927173859789e-06,
   1.7099429368972778
  ],
  "euler_order": "XYZ",
  "rotation_matrix": [
   [
    -0.1386980265378952,
    -0.990334689617157,
    -7.960406946949661e-05
   ],
   [
    0.9903347492218018,
    -0.1386980265378952,
    -5.918862370890565e-06
   ],
   [
    -5.17927173859789e-06,
    -7.965560507727787e-05,
    1.0
   ]
  ]
 },
 {
  "rotation_euler": [
   -7.633025961695239e-05,
   -6.467399089160608e-06,
   1.1548906564712524
  ],
  "euler_order": "XYZ",
  "rotation_matrix": [
   [
    0.4040185511112213,
    -0.9147508144378662,
    -7.243611617013812e-05
   ],
   [
    0.9147508144378662,
    0.4040185511112213,
    2.4922783268266357e-05
   ],
   [
    6.467399089160608e-06,
    -7.633025961695239e-05,
    1.0
   ]
  ]
 },
 {
  "rotation_euler": [
   -8.096902456600219e-05,
   3.856816874758806e-06,
   -2.724436044692993
  ],
  "euler_order": "XYZ",
  "rotation_matrix": [
   [
    -0.9142446517944336,
    0.4051625430583954,
    2.9279541195137426e-05
   ],
   [
    -0.4051625430583954,
    -0.9142446517944336,
    -7.558813376817852e-05
   ],
   [
    -3.856816874758806e-06,
    -8.096902456600219e-05,
    1.0
   ]
  ]
 },
 {
  "rotation_euler": [
   -7.92435894254595e-05,
   -4.607443315762794e-06,
   -2.6651453971862793
  ],
  "euler_order": "XYZ",
  "rotation_matrix": [
   [
    -0.8886299133300781,
    0.4586249887943268,
    4.0437404095428064e-05
   ],
   [
    -0.4586249887943268,
    -0.8886299133300781,
    -6.830513302702457e-05
   ],
   [
    4.607443315762794e-06,
    -7.92435894254595e-05,
    1.0
   ]
  ]
 }
]