[
 {
  "rotation_euler": [
   1.570776343345642,
   -1.7312967777252197,
   1.362505316734314
  ],
  "euler_order": "XYZ",
  "rotation_matrix": [
   [
    -0.033047277480363846,
    -0.20414994657039642,
    0.9783816337585449
   ],
   [
    -0.1563580185174942,
    -0.9658068418502808,
    -0.2068074494600296
   ],
   [
    0.9871474504470825,
    -0.15981224179267883,
    -3.1935999231791357e-06
   ]
  ]
 },
 {
  "rotation_euler": [
   0.00021591033146250993,
   0.0007995786727406085,
   2.377546787261963
  ],
  "euler_order": "XYZ",
  "rotation_matrix": [
   [
    -0.7220425605773926,
    -0.6918485164642334,
    -0.0004279527347534895
   ],
   [
    0.6918481588363647,
    -0.7220426797866821,
    0.0007090836297720671
   ],
   [
    -0.0007995786145329475,
    0.0002159102587029338,
    0.9999996423721313
   ]
  ]
 },
 {
  "rotation_euler": [
   0.00020142026187386364,
   0.0007887438987381756,
   -1.0820242166519165
  ],
  "euler_order": "XYZ",
  "rotation_matrix": [
   [
    0.4695419669151306,
    0.8829101324081421,
    0.00019251246703788638
   ],
   [
    -0.8829097747802734,
    0.4695419669151306,
    -0.0007909651612862945
   ],
   [
    -0.0007887438405305147,
    0.00020142020366620272,
    0.9999996423721313
   ]
  ]
 },
 {
  "rotation_euler": [
   1.5707963705062866,
   0.6381043791770935,
   1.434083104133606
  ],
  "euler_order": "XYZ",
  "rotation_matrix": [
   [
    0.10946991294622421,
    0.08118309825658798,
    0.990669310092926
   ],
   [
    0.7957317233085632,
    0.5901158452033997,
    -0.13628777861595154
   ],
   [
    -0.5956739187240601,
    0.8032263517379761,
    -3.511014057266948e-08
   ]
  ]
 },
 {
  "rotation_euler": [
   -1.5707963705062866,
   2.503488302230835,
   0.5911070108413696
  ],
  "euler_order": "XYZ",
  "rotation_matrix": [
   [
    -0.6669383645057678,
    -0.4946024417877197,
    -0.5572805404663086
   ],
   [
    -0.4476224482059479,
    -0.33195748925209045,
    0.8303242325782776
   ],
   [
    -0.5956738591194153,
    0.8032264113426208,
    3.511014057266948e-08
   ]
  ]
 },
 {
  "rotation_euler": [
   1.5707967281341553,
   0.6381044387817383,
   -0.13996264338493347
  ],
  "euler_order": "XYZ",
  "rotation_matrix": [
   [
    0.7953717708587646,
    0.5898489356040955,
    -0.13950635492801666
   ],
   [
    -0.11205499619245529,
    -0.08310055732727051,
    -0.9902212023735046
   ],
   [
    -0.5956739187240601,
    0.8032263517379761,
    -3.22366275895547e-07
   ]
  ]
 },
 {
  "rotation_euler": [
   0.00016800433513708413,
   0.0007620613905601203,
   1.7867413759231567
  ],
  "euler_order": "XYZ",
  "rotation_matrix": [
   [
    -0.21427056193351746,
    -0.9767743349075317,
    8.149705763571546e-07
   ],
   [
    0.9767740368843079,
    -0.21427050232887268,
    0.0007803603075444698
   ],
   [
    -0.0007620613323524594,
    0.00016800429148133844,
    0.9999997019767761
   ]
  ]
 },
 {
  "rotation_euler": [
   -1.5709692239761353,
   -1.410241723060608,
   0.7427689433097839
  ],
  "euler_order": "XYZ",
  "rotation_matrix": [
   [
    0.11775686591863632,
    0.7272420525550842,
    -0.6762043833732605
   ],
   [
    0.10812198370695114,
    0.6675043106079102,
    0.7367140650749207
   ],
   [
    0.9871387481689453,
    -0.15986569225788116,
    -2.764032979030162e-05
   ]
  ]
 },
 {
  "rotation_euler": [
   1.5707963705062866,
   0.6381039619445801,
   -2.1702332496643066
  ],
  "euler_order": "XYZ",
  "rotation_matrix": [
   [
    -0.4531625211238861,
    -0.33606573939323425,
    -0.8256534337997437
   ],
   [
    -0.66318678855896,
    -0.4918198883533478,
    0.5641776919364929
   ],
   [
    -0.5956735610961914,
    0.8032266497612,
    -3.5110151230810516e-08
   ]
  ]
 },
 {
  "rotation_euler": [
   1.5707963705062866,
   0.6380950212478638,
   1.6659168004989624
  ],
  "euler_order": "XYZ",
  "rotation_matrix": [
   [
    -0.07628864049911499,
    -0.05657462030649185,
    0.9954794645309448
   ],
   [
    0.7996008992195129,
    0.5929736495018005,
    0.09497707337141037
   ],
   [
    -0.5956664085388184,
    0.803231954574585,
    -3.5110385709913317e-08
   ]
  ]
 },
 {
  "rotation_euler": [
   1.5707966089248657,
   0.6381043195724487,
   0.6036252379417419
  ],
  "euler_order": "XYZ",
  "rotation_matrix": [
   [
    0.6612828373908997,
    0.49040845036506653,
    0.5676306486129761
   ],
   [
    0.4559360444545746,
    0.33812257647514343,
    -0.823283314704895
   ],
   [
    -0.5956738591194153,
    0.8032264113426208,
    -2.2661424736725166e-07
   ]
  ]
 },
 {
  "rotation_euler": [
   1.570796251296997,
   0.6381042003631592,
   1.0342704057693481
  ],
  "euler_order": "XYZ",
  "rotation_matrix": [
   [
    0.41057175397872925,
    0.3044804632663727,
    0.8594896793365479
   ],
   [
    0.6903648376464844,
    0.5119754672050476,
    -0.5111531019210815
   ],
   [
    -0.5956737399101257,
    0.8032264709472656,
    6.064190927190793e-08
   ]
  ]
 },
 {
  "rotation_euler": [
   1.570796251296997,
   0.6381043195724487,
   2.340881824493408
  ],
  "euler_order": "XYZ",
  "rotation_matrix": [
   [
    -0.5592035055160522,
    -0.41470617055892944,
    0.7178511023521423
   ],
   [
    0.5765969753265381,
    0.4276050925254822,
    0.6961966753005981
   ],
   [
    -0.5956738591194153,
    0.8032264113426208,
    6.064190927190793e-08
   ]
  ]
 },
 {
  "rotation_euler": [
   1.5706613063812256,
   0.638306736946106,
   1.2800531387329102
  ],
  "euler_order": "XYZ",
  "rotation_matrix": [
   [
    0.23022176325321198,
    0.17067568004131317,
    0.9580541253089905
   ],
   [
    0.7694003582000732,
    0.5708685517311096,
    -0.2865872383117676
   ],
   [
    -0.5958364009857178,
    0.8031058311462402,
    0.00010843567724805325
   ]
  ]
 },
 {
  "rotation_euler": [
   -1.5705876350402832,
   2.317263126373291,
   0.36367493867874146
  ],
  "euler_order": "XYZ",
  "rotation_matrix": [
   [
    -0.6346367001533508,
    -0.6861542463302612,
    -0.3555680215358734
   ],
   [
    -0.24154545366764069,
    -0.2609299421310425,
    0.9346504211425781
   ],
   [
    -0.734092652797699,
    0.6790493130683899,
    -0.0001417119929101318
   ]
  ]
 },
 {
  "rotation_euler": [
   1.570796251296997,
   0.6381043791770935,
   1.2233173847198486
  ],
  "euler_order": "XYZ",
  "rotation_matrix": [
   [
    0.2735214829444885,
    0.20284387469291687,
    0.9402341842651367
   ],
   [
    0.755220890045166,
    0.5600730180740356,
    -0.3405284583568573
   ],
   [
    -0.5956739187240601,
    0.8032263517379761,
    6.064190216648058e-08
   ]
  ]
 }
]