[
 {
  "rotation_euler": [
   0.002288821153342724,
   -3.7774506722598744e-07,
   -2.3997642993927
  ],
  "euler_order": "XYZ",
  "rotation_matrix": [
   [
    -0.7372344732284546,
    0.6756352186203003,
    -0.0015461323782801628
   ],
   [
    -0.6756369471549988,
    -0.7372325658798218,
    0.0016876516165211797
   ],
   [
    3.7774506722598744e-07,
    0.002288819057866931,
    0.9999973773956299
   ]
  ]
 },
 {
  "rotation_euler": [
   0.0022684538271278143,
   1.7563210349180736e-05,
   2.561373710632324
  ],
  "euler_order": "XYZ",
  "rotation_matrix": [
   [
    -0.8363426327705383,
    -0.5482056736946106,
    0.0012288924772292376
   ],
   [
    0.5482070446014404,
    -0.8363404870033264,
    0.001906831283122301
   ],
   [
    -1.7563210349180736e-05,
    0.002268451964482665,
    0.9999974370002747
   ]
  ]
 },
 {
  "rotation_euler": [
   0.002291731536388397,
   -2.1662642666342435e-06,
   -2.9015862941741943
  ],
  "euler_order": "XYZ",
  "rotation_matrix": [
   [
    -0.9713364839553833,
    0.237708181142807,
    -0.0005426601273939013
   ],
   [
    -0.23770880699157715,
    -0.971333920955658,
    0.002226555487141013
   ],
   [
    2.1662642666342435e-06,
    0.0022917294409126043,
    0.9999973773956299
   ]
  ]
 },
 {
  "rotation_euler": [
   0.0022925480734556913,
   5.615640930045629e-08,
   0.8450239896774292
  ],
  "euler_order": "XYZ",
  "rotation_matrix": [
   [
    0.6637133359909058,
    -0.7479850649833679,
    0.0017148320330306888
   ],
   [
    0.7479870319366455,
    0.6637116074562073,
    -0.0015215513994917274
   ],
   [
    -5.615640930045629e-08,
    0.0022925459779798985,
    0.9999973773956299
   ]
  ]
 },
 {
  "rotation_euler": [
   0.002276550978422165,
   2.9486245693988167e-06,
   1.7718117237091064
  ],
  "euler_order": "XYZ",
  "rotation_matrix": [
   [
    -0.1996643841266632,
    -0.9798617959022522,
    0.0022301203571259975
   ],
   [
    0.9798643589019775,
    -0.19966386258602142,
    0.0004574350023176521
   ],
   [
    -2.9486245693988167e-06,
    0.0022765491157770157,
    0.9999974370002747
   ]
  ]
 },
 {
  "rotation_euler": [
   0.002254222286865115,
   2.7570242309593596e-05,
   2.5734429359436035
  ],
  "euler_order": "XYZ",
  "rotation_matrix": [
   [
    -0.8428980112075806,
    -0.5380720496177673,
    0.0011896970681846142
   ],
   [
    0.5380733609199524,
    -0.8428958058357239,
    0.0019149126019328833
   ],
   [
    -2.7570242309593596e-05,
    0.002254220424219966,
    0.9999974370002747
   ]
  ]
 },
 {
  "rotation_euler": [
   0.002359760459512472,
   5.777750402558013e-07,
   -0.440653920173645
  ],
  "euler_order": "XYZ",
  "rotation_matrix": [
   [
    0.9044729471206665,
    0.42652982473373413,
    -0.0010059875203296542
   ],
   [
    -0.42653101682662964,
    0.9044704437255859,
    -0.00213458389043808
   ],
   [
    -5.777750402558013e-07,
    0.0023597583640366793,
    0.9999971985816956
   ]
  ]
 },
 {
  "rotation_euler": [
   0.002062721410766244,
   6.873506208648905e-05,
   -0.23046469688415527
  ],
  "euler_order": "XYZ",
  "rotation_matrix": [
   [
    0.9735603332519531,
    0.2284296154975891,
    -0.00040426943451166153
   ],
   [
    -0.22842995822429657,
    0.973558247089386,
    -0.0020238833967596292
   ],
   [
    -6.873506208648905e-05,
    0.002062720013782382,
    0.9999978542327881
   ]
  ]
 },
 {
  "rotation_euler": [
   0.0022736939135938883,
   4.435741175257135e-06,
   0.8693215250968933
  ],
  "euler_order": "XYZ",
  "rotation_matrix": [
   [
    0.6453449726104736,
    -0.7638892531394958,
    0.0017397160409018397
   ],
   [
    0.7638912796974182,
    0.6453433036804199,
    -0.0014639272121712565
   ],
   [
    -4.435741175257135e-06,
    0.002273692050948739,
    0.9999974370002747
   ]
  ]
 },
 {
  "rotation_euler": [
   0.0022544427774846554,
   2.7553893232834525e-05,
   -2.3949880599975586
  ],
  "euler_order": "XYZ",
  "rotation_matrix": [
   [
    -0.7339990735054016,
    0.6791486740112305,
    -0.0015513290418311954
   ],
   [
    -0.6791504621505737,
    -0.7339972853660583,
    0.001636044355109334
   ],
   [
    -2.7553893232834525e-05,
    0.002254440914839506,
    0.9999974370002747
   ]
  ]
 },
 {
  "rotation_euler": [
   0.002274437341839075,
   -1.349539076045403e-07,
   2.5256359577178955
  ],
  "euler_order": "XYZ",
  "rotation_matrix": [
   [
    -0.8162211179733276,
    -0.5777381658554077,
    0.0013141416711732745
   ],
   [
    0.5777396559715271,
    -0.8162189722061157,
    0.0018563641933724284
   ],
   [
    1.349539076045403e-07,
    0.002274435479193926,
    0.9999974370002747
   ]
  ]
 },
 {
  "rotation_euler": [
   0.002261016983538866,
   -3.562010533642024e-06,
   -2.1244328022003174
  ],
  "euler_order": "XYZ",
  "rotation_matrix": [
   [
    -0.5257839560508728,
    0.8506159782409668,
    -0.0019213876221328974
   ],
   [
    -0.8506181240081787,
    -0.525782585144043,
    0.0011918353848159313
   ],
   [
    3.562010533642024e-06,
    0.002261015120893717,
    0.9999974370002747
   ]
  ]
 },
 {
  "rotation_euler": [
   0.0023629721254110336,
   1.4813589643836167e-07,
   0.6838173866271973
  ],
  "euler_order": "XYZ",
  "rotation_matrix": [
   [
    0.7751666903495789,
    -0.631754994392395,
    0.001492936979047954
   ],
   [
    0.6317567229270935,
    0.7751645445823669,
    -0.0018316020723432302
   ],
   [
    -1.4813589643836167e-07,
    0.0023629700299352407,
    0.9999971985816956
   ]
  ]
 },
 {
  "rotation_euler": [
   0.002284575952216983,
   -1.0208712410531007e-05,
   0.39912286400794983
  ],
  "euler_order": "XYZ",
  "rotation_matrix": [
   [
    0.9214022159576416,
    -0.38860929012298584,
    0.0008784026722423732
   ],
   [
    0.388610303401947,
    0.9213997721672058,
    -0.002108978806063533
   ],
   [
    1.0208712410531007e-05,
    0.00228457385674119,
    0.9999973773956299
   ]
  ]
 },
 {
  "rotation_euler": [
   0.002279865788295865,
   -1.4720793842570856e-05,
   0.32038602232933044
  ],
  "euler_order": "XYZ",
  "rotation_matrix": [
   [
    0.9491139054298401,
    -0.3149321675300598,
    0.00070403260178864
   ],
   [
    0.3149329721927643,
    0.9491114616394043,
    -0.0021684865932911634
   ],
   [
    1.4720793842570856e-05,
    0.002279863925650716,
    0.9999973773956299
   ]
  ]
 },
 {
  "rotation_euler": [
   0.002257318003103137,
   -4.024750978715019e-06,
   -2.0379066467285156
  ],
  "euler_order": "XYZ",
  "rotation_matrix": [
   [
    -0.45030805468559265,
    0.8928709626197815,
    -0.002013684716075659
   ],
   [
    -0.8928732872009277,
    -0.45030689239501953,
    0.0010200812248513103
   ],
   [
    4.024750978715019e-06,
    0.002257316140457988,
    0.9999974370002747
   ]
  ]
 }
]