[
 {
  "rotation_euler": [
   1.6494994163513184,
   1.8997830152511597,
   0.8496375679969788
  ],
  "euler_order": "XYZ",
  "rotation_matrix": [
   [
    -0.2133181095123291,
    0.6819601058959961,
    0.699589729309082
   ],
   [
    -0.24264955520629883,
    0.6566523313522339,
    -0.7140930891036987
   ],
   [
    -0.9463702440261841,
    -0.32208412885665894,
    0.025401484221220016
   ]
  ]
 },
 {
  "rotation_euler": [
   -1.3442726135253906,
   1.2707620859146118,
   0.021212603896856308
  ],
  "euler_order": "XYZ",
  "rotation_matrix": [
   [
    0.2954864203929901,
    -0.9354750514030457,
    0.19384068250656128
   ],
   [
    0.0062689767219126225,
    0.20479510724544525,
    0.9787847995758057
   ],
   [
    -0.9553263783454895,
    -0.2880024313926697,
    0.0663786455988884
   ]
  ]
 },
 {
  "rotation_euler": [
   -1.4920750856399536,
   1.2443203926086426,
   -0.006349083501845598
  ],
  "euler_order": "XYZ",
  "rotation_matrix": [
   [
    0.32070064544677734,
    -0.9437267780303955,
    0.0808139517903328
   ],
   [
    -0.0020361824426800013,
    0.08463342487812042,
    0.996410071849823
   ],
   [
    -0.9471784234046936,
    -0.31971389055252075,
    0.025220394134521484
   ]
  ]
 },
 {
  "rotation_euler": [
   1.8381463289260864,
   1.8651894330978394,
   0.7071486115455627
  ],
  "euler_order": "XYZ",
  "rotation_matrix": [
   [
    -0.22058402001857758,
    0.8732935786247253,
    0.4343973398208618
   ],
   [
    -0.1885073035955429,
    0.39880040287971497,
    -0.8974537253379822
   ],
   [
    -0.956978440284729,
    -0.2798510193824768,
    0.07665322721004486
   ]
  ]
 },
 {
  "rotation_euler": [
   1.7767059803009033,
   1.8738692998886108,
   0.16216130554676056
  ],
  "euler_order": "XYZ",
  "rotation_matrix": [
   [
    -0.2945390045642853,
    0.9550151228904724,
    -0.034538254141807556
   ],
   [
    -0.04818594083189964,
    -0.050937291234731674,
    -0.9975387454032898
   ],
   [
    -0.9544238448143005,
    -0.2921498119831085,
    0.06102132052183151
   ]
  ]
 },
 {
  "rotation_euler": [
   -0.5591051578521729,
   1.285522222518921,
   0.657996416091919
  ],
  "euler_order": "XYZ",
  "rotation_matrix": [
   [
    0.22266526520252228,
    -0.9211376309394836,
    0.3192579448223114
   ],
   [
    0.17209786176681519,
    0.3594759404659271,
    0.9171473979949951
   ],
   [
    -0.9595845341682434,
    -0.14927326142787933,
    0.23856861889362335
   ]
  ]
 },
 {
  "rotation_euler": [
   -1.6969462633132935,
   1.1737449169158936,
   -0.2795494496822357
  ],
  "euler_order": "XYZ",
  "rotation_matrix": [
   [
    0.3716890513896942,
    -0.9140767455101013,
    0.16220644116401672
   ],
   [
    -0.10669950395822525,
    0.13150383532047272,
    0.9855566620826721
   ],
   [
    -0.9222052097320557,
    -0.3836279511451721,
    -0.048653002828359604
   ]
  ]
 },
 {
  "rotation_euler": [
   -1.6850636005401611,
   1.1786267757415771,
   -0.13167952001094818
  ],
  "euler_order": "XYZ",
  "rotation_matrix": [
   [
    0.378885418176651,
    -0.9250785112380981,
    0.025992501527071
   ],
   [
    -0.05018182843923569,
    0.00750839663669467,
    0.998711884021759
   ],
   [
    -0.9240820407867432,
    -0.37970170378685,
    -0.04357730969786644
   ]
  ]
 },
 {
  "rotation_euler": [
   1.6365827322006226,
   1.9031060934066772,
   -0.41473841667175293
  ],
  "euler_order": "XYZ",
  "rotation_matrix": [
   [
    -0.29857033491134644,
    0.8367902040481567,
    -0.45895305275917053
   ],
   [
    0.1314534693956375,
    -0.44024744629859924,
    -0.8882016539573669
   ],
   [
    -0.9452913403511047,
    -0.3255216181278229,
    0.02144584432244301
   ]
  ]
 },
 {
  "rotation_euler": [
   -1.512450933456421,
   1.2363938093185425,
   0.29918810725212097
  ],
  "euler_order": "XYZ",
  "rotation_matrix": [
   [
    0.31362470984458923,
    -0.9182947278022766,
    -0.24160772562026978
   ],
   [
    0.09673656523227692,
    -0.2222219705581665,
    0.9701852798461914
   ],
   [
    -0.944606602191925,
    -0.3276463747024536,
    0.019138377159833908
   ]
  ]
 },
 {
  "rotation_euler": [
   -1.5207666158676147,
   1.2335702180862427,
   -1.802648663520813
  ],
  "euler_order": "XYZ",
  "rotation_matrix": [
   [
    -0.07602769881486893,
    0.265237957239151,
    0.9611808657646179
   ],
   [
    -0.3220174312591553,
    0.9057853817939758,
    -0.2754225730895996
   ],
   [
    -0.9436761140823364,
    -0.3304567337036133,
    0.01654646173119545
   ]
  ]
 },
 {
  "rotation_euler": [
   1.7126288414001465,
   1.8845527172088623,
   1.0414592027664185
  ],
  "euler_order": "XYZ",
  "rotation_matrix": [
   [
    -0.15584813058376312,
    0.5974981784820557,
    0.7865794897079468
   ],
   [
    -0.26639479398727417,
    0.7413801550865173,
    -0.6159458756446838
   ],
   [
    -0.9511809349060059,
    -0.305534690618515,
    0.04362769424915314
   ]
  ]
 },
 {
  "rotation_euler": [
   -1.2950433492660522,
   1.2772942781448364,
   -1.81226646900177
  ],
  "euler_order": "XYZ",
  "rotation_matrix": [
   [
    -0.06918191909790039,
    0.48462870717048645,
    0.8719798922538757
   ],
   [
    -0.2809127867221832,
    0.8292415738105774,
    -0.48316293954849243
   ],
   [
    -0.9572365880012512,
    -0.27837643027305603,
    0.07876987010240555
   ]
  ]
 },
 {
  "rotation_euler": [
   -1.7154541015625,
   1.1659778356552124,
   0.2302166074514389
  ],
  "euler_order": "XYZ",
  "rotation_matrix": [
   [
    0.3834609389305115,
    -0.8526818752288818,
    -0.3548116385936737
   ],
   [
    0.08987244963645935,
    -0.34790468215942383,
    0.9332123398780823
   ],
   [
    -0.9191738963127136,
    -0.3897382616996765,
    -0.05677524581551552
   ]
  ]
 },
 {
  "rotation_euler": [
   -1.398418664932251,
   1.2629870176315308,
   -1.0081050395965576
  ],
  "euler_order": "XYZ",
  "rotation_matrix": [
   [
    0.16162461042404175,
    -0.35577699542045593,
    0.9204891324043274
   ],
   [
    -0.2562602162361145,
    0.8856249451637268,
    0.38729730248451233
   ],
   [
    -0.9529995918273926,
    -0.2984815239906311,
    0.05196728929877281
   ]
  ]
 },
 {
  "rotation_euler": [
   1.48624587059021,
   1.95136296749115,
   0.04488794133067131
  ],
  "euler_order": "XYZ",
  "rotation_matrix": [
   [
    -0.3710724711418152,
    0.9204162359237671,
    0.12304133176803589
   ],
   [
    -0.01666787639260292,
    0.1258782595396042,
    -0.991905689239502
   ],
   [
    -0.9284542798995972,
    -0.37011972069740295,
    -0.03136857599020004
   ]
  ]
 }
]