[
 {
  "rotation_euler": [
   0.00020843370293732733,
   -1.5159813165664673,
   -1.257338285446167
  ],
  "euler_order": "XYZ",
  "rotation_matrix": [
   [
    0.016893746331334114,
    0.951208770275116,
    -0.3080851435661316
   ],
   [
    -0.052117928862571716,
    0.3085479736328125,
    0.9497799277305603
   ],
   [
    0.9984980225563049,
    1.1419574548199307e-05,
    0.05478756129741669
   ]
  ]
 },
 {
  "rotation_euler": [
   0.0002083874715026468,
   -1.5159811973571777,
   0.27706378698349
  ],
  "euler_order": "XYZ",
  "rotation_matrix": [
   [
    0.05269823223352432,
    -0.2737327218055725,
    -0.9603610038757324
   ],
   [
    0.014986217021942139,
    0.9618058204650879,
    -0.273322194814682
   ],
   [
    0.9984980225563049,
    1.141706707130652e-05,
    0.05478768050670624
   ]
  ]
 },
 {
  "rotation_euler": [
   0.0016258483519777656,
   1.518211841583252,
   2.863967180252075
  ],
  "euler_order": "XYZ",
  "rotation_matrix": [
   [
    -0.05054766684770584,
    -0.27563390135765076,
    -0.9599327445030212
   ],
   [
    0.014405337162315845,
    -0.9612627029418945,
    0.2752572000026703
   ],
   [
    -0.9986177682876587,
    8.545496530132368e-05,
    0.05256018415093422
   ]
  ]
 },
 {
  "rotation_euler": [
   0.00021607174130622298,
   1.518277645111084,
   1.1071046590805054
  ],
  "euler_order": "XYZ",
  "rotation_matrix": [
   [
    0.023478342220187187,
    -0.8943109512329102,
    0.44682958722114563
   ],
   [
    0.04695151001214981,
    0.44744598865509033,
    0.8930776119232178
   ],
   [
    -0.9986212253570557,
    1.134258673118893e-05,
    0.05249454081058502
   ]
  ]
 },
 {
  "rotation_euler": [
   0.00020786661480087787,
   -1.5159813165664673,
   0.3224164843559265
  ],
  "euler_order": "XYZ",
  "rotation_matrix": [
   [
    0.051964499056339264,
    -0.3170562982559204,
    -0.9469820261001587
   ],
   [
    0.017359957098960876,
    0.9484066963195801,
    -0.3165806829929352
   ],
   [
    0.9984980225563049,
    1.1388505299692042e-05,
    0.05478756129741669
   ]
  ]
 },
 {
  "rotation_euler": [
   1.3212578296661377,
   -0.16163653135299683,
   -1.8284090757369995
  ],
  "euler_order": "XYZ",
  "rotation_matrix": [
   [
    -0.25145190954208374,
    0.2785389721393585,
    -0.926923930644989
   ],
   [
    -0.9543963074684143,
    0.08788490295410156,
    0.28531375527381897
   ],
   [
    0.16093361377716064,
    0.9563954472541809,
    0.24373775720596313
   ]
  ]
 },
 {
  "rotation_euler": [
   0.00020815953030250967,
   -1.5159810781478882,
   3.0544426441192627
  ],
  "euler_order": "XYZ",
  "rotation_matrix": [
   [
    -0.05457987263798714,
    -0.0868326723575592,
    0.9947266578674316
   ],
   [
    0.00476871570572257,
    -0.9962229132652283,
    -0.08670163154602051
   ],
   [
    0.9984980225563049,
    1.1404603355913423e-05,
    0.05478779971599579
   ]
  ]
 },
 {
  "rotation_euler": [
   0.00020712065452244133,
   1.5182775259017944,
   -0.9664504528045654
  ],
  "euler_order": "XYZ",
  "rotation_matrix": [
   [
    0.029828723520040512,
    0.8229914903640747,
    0.567270040512085
   ],
   [
    -0.04319648817181587,
    0.5680537223815918,
    -0.8218570351600647
   ],
   [
    -0.9986212253570557,
    1.087272812583251e-05,
    0.05249466001987457
   ]
  ]
 },
 {
  "rotation_euler": [
   0.00012921393499709666,
   1.5182780027389526,
   -1.9450966119766235
  ],
  "euler_order": "XYZ",
  "rotation_matrix": [
   [
    -0.019192995503544807,
    0.9307165145874023,
    -0.3652375042438507
   ],
   [
    -0.04885968193411827,
    -0.36574146151542664,
    -0.9294331073760986
   ],
   [
    -0.9986212253570557,
    6.782980108255288e-06,
    0.05249418318271637
   ]
  ]
 },
 {
  "rotation_euler": [
   0.00020827296248171479,
   -1.5159811973571777,
   -0.46190428733825684
  ],
  "euler_order": "XYZ",
  "rotation_matrix": [
   [
    0.04904623329639435,
    0.445467472076416,
    -0.8939536809921265
   ],
   [
    -0.024416331201791763,
    0.8952981233596802,
    0.4447978138923645
   ],
   [
    0.9984980225563049,
    1.141079337685369e-05,
    0.05478768050670624
   ]
  ]
 },
 {
  "rotation_euler": [
   0.00020638425485230982,
   1.5182771682739258,
   -1.7037166357040405
  ],
  "euler_order": "XYZ",
  "rotation_matrix": [
   [
    -0.006957125384360552,
    0.991151750087738,
    -0.13255107402801514
   ],
   [
    -0.05203196406364441,
    -0.1327335387468338,
    -0.9897850751876831
   ],
   [
    -0.9986211657524109,
    1.0834145541593898e-05,
    0.052495017647743225
   ]
  ]
 },
 {
  "rotation_euler": [
   0.0005747927934862673,
   -1.5159783363342285,
   -0.032659538090229034
  ],
  "euler_order": "XYZ",
  "rotation_matrix": [
   [
    0.05476132035255432,
    0.03208010271191597,
    -0.997983992099762
   ],
   [
    -0.0017891156021505594,
    0.9994853138923645,
    0.03203019127249718
   ],
   [
    0.9984978437423706,
    3.149320400552824e-05,
    0.05479053035378456
   ]
  ]
 },
 {
  "rotation_euler": [
   -2.7621943950653076,
   1.6216329336166382,
   -0.27846580743789673
  ],
  "euler_order": "XYZ",
  "rotation_matrix": [
   [
    -0.04885724186897278,
    -0.6109680533409119,
    -0.7901461720466614
   ],
   [
    0.01396799273788929,
    -0.7914315462112427,
    0.6110982298851013
   ],
   [
    -0.9987080693244934,
    0.018819818273186684,
    0.047201160341501236
   ]
  ]
 },
 {
  "rotation_euler": [
   1.8501707315444946,
   2.6510467529296875,
   0.02571091428399086
  ],
  "euler_order": "XYZ",
  "rotation_matrix": [
   [
    -0.8817842602729797,
    0.4597812294960022,
    -0.10515567660331726
   ],
   [
    -0.02267647720873356,
    -0.26402154564857483,
    -0.9642502069473267
   ],
   [
    -0.47110748291015625,
    -0.8478760719299316,
    0.2432362586259842
   ]
  ]
 },
 {
  "rotation_euler": [
   0.00020834177848882973,
   -1.5159811973571777,
   1.8422963619232178
  ],
  "euler_order": "XYZ",
  "rotation_matrix": [
   [
    -0.014692787081003189,
    -0.96331387758255,
    0.26797473430633545
   ],
   [
    0.052780795842409134,
    -0.2683772146701813,
    -0.9618668556213379
   ],
   [
    0.9984980225563049,
    1.1414563232392538e-05,
    0.05478768050670624
   ]
  ]
 },
 {
  "rotation_euler": [
   -1.9018148183822632,
   -2.2238972187042236,
   0.1513286828994751
  ],
  "euler_order": "XYZ",
  "rotation_matrix": [
   [
    -0.6007075905799866,
    0.7914990782737732,
    0.11260354518890381
   ],
   [
    -0.09160462021827698,
    -0.20806434750556946,
    0.9738160967826843
   ],
   [
    0.7942033410072327,
    0.5746637582778931,
    0.19749081134796143
   ]
  ]
 }
]