[
 {
  "rotation_euler": [
   -1.5719701051712036,
   0.12366615235805511,
   1.512608289718628
  ],
  "euler_order": "XYZ",
  "rotation_matrix": [
   [
    0.057711079716682434,
    -0.006001716945320368,
    -0.9983152747154236
   ],
   [
    0.9906835556030273,
    -0.1232105940580368,
    0.05801062658429146
   ],
   [
    -0.12335117906332016,
    -0.992362380027771,
    -0.0011648141080513597
   ]
  ]
 },
 {
  "rotation_euler": [
   1.570794939994812,
   1.2875566482543945,
   -0.15646545588970184
  ],
  "euler_order": "XYZ",
  "rotation_matrix": [
   [
    0.276053786277771,
    0.9484263062477112,
    -0.15582650899887085
   ],
   [
    -0.04354884475469589,
    -0.1496175080537796,
    -0.9877844452857971
   ],
   [
    -0.9601550698280334,
    0.27946770191192627,
    3.875658478591504e-07
   ]
  ]
 },
 {
  "rotation_euler": [
   -1.5708210468292236,
   -2.7482306957244873,
   -0.08547386527061462
  ],
  "euler_order": "XYZ",
  "rotation_matrix": [
   [
    -0.9202538132667542,
    0.38189437985420227,
    0.08537926524877548
   ],
   [
    0.07884976267814636,
    -0.03274652361869812,
    0.99634850025177
   ],
   [
    0.38329577445983887,
    0.923625648021698,
    2.2832058675703593e-05
   ]
  ]
 },
 {
  "rotation_euler": [
   1.5706626176834106,
   0.8823493123054504,
   1.3506672382354736
  ],
  "euler_order": "XYZ",
  "rotation_matrix": [
   [
    0.1387297511100769,
    0.16849105060100555,
    0.9758918285369873
   ],
   [
    0.6200075149536133,
    0.7536282539367676,
    -0.21825483441352844
   ],
   [
    -0.7722336053848267,
    0.6353386640548706,
    8.495056681567803e-05
   ]
  ]
 },
 {
  "rotation_euler": [
   1.570796251296997,
   -0.6209315061569214,
   -1.6012585163116455
  ],
  "euler_order": "XYZ",
  "rotation_matrix": [
   [
    -0.024772189557552338,
    0.017720025032758713,
    -0.9995360374450684
   ],
   [
    -0.8129595518112183,
    0.5815231204032898,
    0.030457522720098495
   ],
   [
    0.5817930698394775,
    0.8133368492126465,
    6.140522401665294e-08
   ]
  ]
 },
 {
  "rotation_euler": [
   -1.5707985162734985,
   -0.4710676074028015,
   -1.1072736978530884
  ],
  "euler_order": "XYZ",
  "rotation_matrix": [
   [
    0.39840540289878845,
    0.20290976762771606,
    0.8944835066795349
   ],
   [
    -0.7970598340034485,
    -0.40595126152038574,
    0.4471009075641632
   ],
   [
    0.45383787155151367,
    -0.8910842537879944,
    -1.9510100628394866e-06
   ]
  ]
 },
 {
  "rotation_euler": [
   -1.5707951784133911,
   0.4202904999256134,
   0.2990775406360626
  ],
  "euler_order": "XYZ",
  "rotation_matrix": [
   [
    0.8724424839019775,
    -0.3899132311344147,
    -0.29463836550712585
   ],
   [
    0.26899653673171997,
    -0.12021911144256592,
    0.9556088447570801
   ],
   [
    -0.40802568197250366,
    -0.9129704236984253,
    1.0484383210496162e-06
   ]
  ]
 },
 {
  "rotation_euler": [
   -1.5708309412002563,
   -0.1618986874818802,
   -2.1263856887817383
  ],
  "euler_order": "XYZ",
  "rotation_matrix": [
   [
    -0.5205467343330383,
    -0.08504936844110489,
    0.8495867848396301
   ],
   [
    -0.8384796380996704,
    -0.13692910969257355,
    -0.527448832988739
   ],
   [
    0.16119235754013062,
    -0.9869229793548584,
    -3.416175241000019e-05
   ]
  ]
 },
 {
  "rotation_euler": [
   -1.5707980394363403,
   -1.0829218626022339,
   0.23494960367679596
  ],
  "euler_order": "XYZ",
  "rotation_matrix": [
   [
    0.45587101578712463,
    0.8590630292892456,
    -0.23279249668121338
   ],
   [
    0.10912203788757324,
    0.2056325078010559,
    0.9725264310836792
   ],
   [
    0.8833311796188354,
    -0.46874940395355225,
    -8.027996614146105e-07
   ]
  ]
 },
 {
  "rotation_euler": [
   1.5708844661712646,
   -1.6903942823410034,
   -1.1352229118347168
  ],
  "euler_order": "XYZ",
  "rotation_matrix": [
   [
    -0.05034179240465164,
    -0.41899627447128296,
    -0.9065912961959839
   ],
   [
    0.10817257314920425,
    0.9001147150993347,
    -0.42200967669487
   ],
   [
    0.9928566813468933,
    -0.11931304633617401,
    1.0516177098907065e-05
   ]
  ]
 },
 {
  "rotation_euler": [
   -1.5707696676254272,
   1.9759886264801025,
   0.9361201524734497
  ],
  "euler_order": "XYZ",
  "rotation_matrix": [
   [
    -0.23372513055801392,
    -0.5449277758598328,
    -0.8052492141723633
   ],
   [
    -0.31743133068084717,
    -0.7400429844856262,
    0.5929365158081055
   ],
   [
    -0.9190266132354736,
    0.3941954970359802,
    -1.0508924788155127e-05
   ]
  ]
 },
 {
  "rotation_euler": [
   -1.5709019899368286,
   0.004817725159227848,
   2.02774715423584
  ],
  "euler_order": "XYZ",
  "rotation_matrix": [
   [
    -0.44120872020721436,
    0.002220461145043373,
    -0.897401750087738
   ],
   [
    0.8973916172981262,
    -0.004276799503713846,
    -0.44121429324150085
   ],
   [
    -0.004817706532776356,
    -0.9999883770942688,
    -0.0001056619148585014
   ]
  ]
 },
 {
  "rotation_euler": [
   1.570763349533081,
   0.1666852831840515,
   -0.14821474254131317
  ],
  "euler_order": "XYZ",
  "rotation_matrix": [
   [
    0.9753283858299255,
    0.16410031914710999,
    -0.1476672738790512
   ],
   [
    -0.14562596380710602,
    -0.024468421936035156,
    -0.9890370965003967
   ],
   [
    -0.16591449081897736,
    0.9861401319503784,
    3.2520201784791425e-05
   ]
  ]
 },
 {
  "rotation_euler": [
   1.570796251296997,
   1.0802515745162964,
   0.8059405088424683
  ],
  "euler_order": "XYZ",
  "rotation_matrix": [
   [
    0.3262096643447876,
    0.6107786893844604,
    0.7214822769165039
   ],
   [
    0.3398949205875397,
    0.636402428150177,
    -0.6924329400062561
   ],
   [
    -0.8820763826370239,
    0.47110646963119507,
    3.5567548906101365e-08
   ]
  ]
 },
 {
  "rotation_euler": [
   -1.5707963705062866,
   0.5135728120803833,
   1.1873416900634766
  ],
  "euler_order": "XYZ",
  "rotation_matrix": [
   [
    0.32586216926574707,
    -0.18380539119243622,
    -0.9273777008056641
   ],
   [
    0.807741105556488,
    -0.45561352372169495,
    0.3741264343261719
   ],
   [
    -0.491292268037796,
    -0.8709947466850281,
    -3.807239323805334e-08
   ]
  ]
 },
 {
  "rotation_euler": [
   1.5707186460494995,
   -0.5854108333587646,
   1.2394177913665771
  ],
  "euler_order": "XYZ",
  "rotation_matrix": [
   [
    0.27117177844047546,
    -0.17984122037887573,
    0.945580780506134
   ],
   [
    0.7881391644477844,
    -0.5224553942680359,
    -0.32538744807243347
   ],
   [
    0.5525418519973755,
    0.8334851264953613,
    6.474574911408126e-05
   ]
  ]
 }
]