[
 {
  "rotation_euler": [
   -6.040441036248012e-08,
   -8.191437217419661e-08,
   -2.6737492084503174
  ],
  "euler_order": "XYZ",
  "rotation_matrix": [
   [
    -0.8925428986549377,
    0.45096251368522644,
    1.0035221720272602e-07
   ],
   [
    -0.45096251368522644,
    -0.8925428986549377,
    -1.697321572180499e-08
   ],
   [
    8.191437217419661e-08,
    -6.040441036248012e-08,
    1.0
   ]
  ]
 },
 {
  "rotation_euler": [
   3.0888983815202664e-07,
   -6.478990854930089e-08,
   1.3390241861343384
  ],
  "euler_order": "XYZ",
  "rotation_matrix": [
   [
    0.2297026365995407,
    -0.9732608795166016,
    2.857479728390899e-07
   ],
   [
    0.9732608795166016,
    0.2297026365995407,
    -1.3401029264059616e-07
   ],
   [
    6.478990854930089e-08,
    3.0888983815202664e-07,
    1.0
   ]
  ]
 },
 {
  "rotation_euler": [
   2.0254661592389311e-07,
   3.074415246828721e-07,
   2.100459098815918
  ],
  "euler_order": "XYZ",
  "rotation_matrix": [
   [
    -0.5052423477172852,
    -0.8629775047302246,
    1.9460694389294986e-08
   ],
   [
    0.8629775047302246,
    -0.5052423477172852,
    3.6765024447049655e-07
   ],
   [
    -3.074415246828721e-07,
    2.0254661592389311e-07,
    1.0
   ]
  ]
 },
 {
  "rotation_euler": [
   1.9011662288903608e-07,
   7.093063345564588e-07,
   -1.643602967262268
  ],
  "euler_order": "XYZ",
  "rotation_matrix": [
   [
    -0.07274233549833298,
    0.9973507523536682,
    -2.4120956254591874e-07
   ],
   [
    -0.9973507523536682,
    -0.07274233549833298,
    -6.935977125976933e-07
   ],
   [
    -7.093063345564588e-07,
    1.9011662288903608e-07,
    1.0
   ]
  ]
 },
 {
  "rotation_euler": [
   -0.00037472022813744843,
   -2.6397432520752773e-05,
   -1.5286409854888916
  ],
  "euler_order": "XYZ",
  "rotation_matrix": [
   [
    0.04214285686612129,
    0.999111533164978,
    0.00037327484460547566
   ],
   [
    -0.9991115927696228,
    0.0421428456902504,
    4.2165760532952845e-05
   ],
   [
    2.6397432520752773e-05,
    -0.00037472022813744843,
    0.9999999403953552
   ]
  ]
 },
 {
  "rotation_euler": [
   2.496784645700245e-07,
   1.1213570871859702e-07,
   2.22051739692688
  ],
  "euler_order": "XYZ",
  "rotation_matrix": [
   [
    -0.6049643158912659,
    -0.7962525486946106,
    1.3096901341214107e-07
   ],
   [
    0.7962525486946106,
    -0.6049643158912659,
    2.403349128599075e-07
   ],
   [
    -1.1213570871859702e-07,
    2.496784645700245e-07,
    1.0
   ]
  ]
 },
 {
  "rotation_euler": [
   8.143530294546508e-08,
   -5.5663573306219405e-08,
   2.377664566040039
  ],
  "euler_order": "XYZ",
  "rotation_matrix": [
   [
    -0.7221242785453796,
    -0.6917633414268494,
    9.652997334796964e-08
   ],
   [
    0.6917633414268494,
    -0.7221242785453796,
    2.030039070177736e-08
   ],
   [
    5.5663573306219405e-08,
    8.143530294546508e-08,
    1.0
   ]
  ]
 },
 {
  "rotation_euler": [
   -1.532261961756376e-07,
   1.9336130208102986e-07,
   -1.046295404434204
  ],
  "euler_order": "XYZ",
  "rotation_matrix": [
   [
    0.5007810592651367,
    0.8655740022659302,
    2.294602836627746e-07
   ],
   [
    -0.8655740022659302,
    0.5007810592651367,
    -9.063573003231795e-08
   ],
   [
    -1.9336130208102986e-07,
    -1.532261961756376e-07,
    1.0
   ]
  ]
 },
 {
  "rotation_euler": [
   1.863430441062519e-07,
   6.250106565630631e-08,
   -2.813199281692505
  ],
  "euler_order": "XYZ",
  "rotation_matrix": [
   [
    -0.9465617537498474,
    0.32252267003059387,
    -1.1926097442938044e-07
   ],
   [
    -0.32252267003059387,
    -0.9465617537498474,
    1.562271876309751e-07
   ],
   [
    -6.250106565630631e-08,
    1.863430441062519e-07,
    1.0
   ]
  ]
 },
 {
  "rotation_euler": [
   -2.3569002394197014e-07,
   7.201629159681033e-08,
   -0.5770243406295776
  ],
  "euler_order": "XYZ",
  "rotation_matrix": [
   [
    0.8380897045135498,
    0.5455324649810791,
    1.8893267395014846e-07
   ],
   [
    -0.5455324649810791,
    0.8380897045135498,
    1.582421447210436e-07
   ],
   [
    -7.201629159681033e-08,
    -2.3569002394197014e-07,
    1.0
   ]
  ]
 },
 {
  "rotation_euler": [
   1.2449887343279897e-08,
   4.469018222152954e-07,
   0.8954281806945801
  ],
  "euler_order": "XYZ",
  "rotation_matrix": [
   [
    0.6251847147941589,
    -0.7804768681526184,
    2.8911301797052147e-07
   ],
   [
    0.7804768681526184,
    0.6251847147941589,
    3.410130489100993e-07
   ],
   [
    -4.469018222152954e-07,
    1.2449887343279897e-08,
    1.0
   ]
  ]
 },
 {
  "rotation_euler": [
   1.2179884834040422e-07,
   8.038194110326913e-09,
   -1.9240771532058716
  ],
  "euler_order": "XYZ",
  "rotation_matrix": [
   [
    -0.34597787261009216,
    0.9382426738739014,
    -1.1705791536087418e-07
   ],
   [
    -0.9382426738739014,
    -0.34597787261009216,
    3.4597931630742096e-08
   ],
   [
    -8.038194110326913e-09,
    1.2179884834040422e-07,
    1.0
   ]
  ]
 },
 {
  "rotation_euler": [
   -3.2176467357203364e-07,
   6.557832055165136e-10,
   0.8297092318534851
  ],
  "euler_order": "XYZ",
  "rotation_matrix": [
   [
    0.6750903129577637,
    -0.7377350926399231,
    -2.369343832242521e-07
   ],
   [
    0.7377350926399231,
    0.6750903129577637,
    2.1770399882825586e-07
   ],
   [
    -6.557832055165136e-10,
    -3.2176467357203364e-07,
    1.0
   ]
  ]
 },
 {
  "rotation_euler": [
   -9.037538256961852e-05,
   -3.380358248250559e-05,
   -2.3281960487365723
  ],
  "euler_order": "XYZ",
  "rotation_matrix": [
   [
    -0.6870343685150146,
    0.7266249656677246,
    8.889322634786367e-05
   ],
   [
    -0.7266249656677246,
    -0.6870343685150146,
    -3.752846532734111e-05
   ],
   [
    3.380358248250559e-05,
    -9.037538256961852e-05,
    1.0
   ]
  ]
 },
 {
  "rotation_euler": [
   -8.392498074272225e-08,
   2.4230899953181506e-07,
   -0.6455117464065552
  ],
  "euler_order": "XYZ",
  "rotation_matrix": [
   [
    0.7987920045852661,
    0.6016073226928711,
    2.4404437226621667e-07
   ],
   [
    -0.6016073226928711,
    0.7987920045852661,
    -7.873625662568884e-08
   ],
   [
    -2.4230899953181506e-07,
    -8.392498074272225e-08,
    1.0
   ]
  ]
 },
 {
  "rotation_euler": [
   -3.116575442163594e-07,
   -2.1441174169467558e-07,
   -2.5274670124053955
  ],
  "euler_order": "XYZ",
  "rotation_matrix": [
   [
    -0.8172776103019714,
    0.5762441754341125,
    3.548247491380607e-07
   ],
   [
    -0.5762441754341125,
    -0.8172776103019714,
    -1.311572219719892e-07
   ],
   [
    2.1441174169467558e-07,
    -3.116575442163594e-07,
    1.0
   ]
  ]
 }
]