[
 {
  "rotation_euler": [
   -0.032872941344976425,
   -0.04496143385767937,
   1.5046383142471313
  ],
  "euler_order": "XYZ",
  "rotation_matrix": [
   [
    0.0660429522395134,
    -0.9971756339073181,
    -0.0357649028301239
   ],
   [
    0.9968039989471436,
    0.06754806637763977,
    -0.04265090078115463
   ],
   [
    0.04494628682732582,
    -0.03283380717039108,
    0.9984496831893921
   ]
  ]
 },
 {
  "rotation_euler": [
   -0.04387925565242767,
   -0.0531747043132782,
   -0.716472864151001
  ],
  "euler_order": "XYZ",
  "rotation_matrix": [
   [
    0.7530608773231506,
    0.6578549146652222,
    -0.011235467158257961
   ],
   [
    -0.6558005809783936,
    0.751869797706604,
    0.06795121729373932
   ],
   [
    0.05314964801073074,
    -0.043803174048662186,
    0.9976253509521484
   ]
  ]
 },
 {
  "rotation_euler": [
   0.08726758509874344,
   -0.038890909403562546,
   0.9909451007843018
  ],
  "euler_order": "XYZ",
  "rotation_matrix": [
   [
    0.5474851727485657,
    -0.8352174758911133,
    0.05168869346380234
   ],
   [
    0.8359116315841675,
    0.5429796576499939,
    -0.08015518635511398
   ],
   [
    0.03888110816478729,
    0.08709095418453217,
    0.9954413175582886
   ]
  ]
 },
 {
  "rotation_euler": [
   -0.005235154647380114,
   -0.004481041803956032,
   2.275890350341797
  ],
  "euler_order": "XYZ",
  "rotation_matrix": [
   [
    -0.6480989456176758,
    -0.7615553736686707,
    -0.0010826790239661932
   ],
   [
    0.7615429759025574,
    -0.6480786800384521,
    -0.006805398501455784
   ],
   [
    0.004481026902794838,
    -0.005235078278928995,
    0.9999762773513794
   ]
  ]
 },
 {
  "rotation_euler": [
   -0.05591675266623497,
   0.08461808413267136,
   -0.20507372915744781
  ],
  "euler_order": "XYZ",
  "rotation_matrix": [
   [
    0.9755429625511169,
    0.1986965835094452,
    0.09399775415658951
   ],
   [
    -0.20291072130203247,
    0.9784776568412781,
    0.03753243386745453
   ],
   [
    -0.08451713621616364,
    -0.05568765476346016,
    0.9948647022247314
   ]
  ]
 },
 {
  "rotation_euler": [
   -0.09202680736780167,
   -0.014559728093445301,
   2.2435081005096436
  ],
  "euler_order": "XYZ",
  "rotation_matrix": [
   [
    -0.6230431795120239,
    -0.7796589136123657,
    -0.0628422275185585
   ],
   [
    0.7820519208908081,
    -0.6194261312484741,
    -0.06860093027353287
   ],
   [
    0.014559214003384113,
    -0.0918872281908989,
    0.9956629872322083
   ]
  ]
 },
 {
  "rotation_euler": [
   -0.020785022526979446,
   -0.08069294691085815,
   2.6935951709747314
  ],
  "euler_order": "XYZ",
  "rotation_matrix": [
   [
    -0.8983834981918335,
    -0.4345778822898865,
    0.06363265216350555
   ],
   [
    0.4317520260810852,
    -0.9003959894180298,
    -0.05364014953374863
   ],
   [
    0.0806054025888443,
    -0.020715897902846336,
    0.9965307712554932
   ]
  ]
 },
 {
  "rotation_euler": [
   0.019339669495821,
   -0.2448667585849762,
   -1.924251675605774
  ],
  "euler_order": "XYZ",
  "rotation_matrix": [
   [
    -0.33581608533859253,
    0.9396296143531799,
    0.06575539708137512
   ],
   [
    -0.9101959466934204,
    -0.34167852997779846,
    0.2340920865535736
   ],
   [
    0.2424270659685135,
    0.018761590123176575,
    0.969988226890564
   ]
  ]
 },
 {
  "rotation_euler": [
   0.15372513234615326,
   -0.20700444281101227,
   -3.0957417488098145
  ],
  "euler_order": "XYZ",
  "rotation_matrix": [
   [
    -0.9776224493980408,
    0.07673197239637375,
    0.19587382674217224
   ],
   [
    -0.04485631361603737,
    -0.985726535320282,
    0.1622687727212906
   ],
   [
    0.20552922785282135,
    0.14985142648220062,
    0.967110276222229
   ]
  ]
 },
 {
  "rotation_euler": [
   -0.13180148601531982,
   0.2330777794122696,
   0.6013253331184387
  ],
  "euler_order": "XYZ",
  "rotation_matrix": [
   [
    0.8022898435592651,
    -0.5858590006828308,
    0.11445636302232742
   ],
   [
    0.550438404083252,
    0.8002620339393616,
    0.23790380358695984
   ],
   [
    -0.23097316920757294,
    -0.12786662578582764,
    0.9645214080810547
   ]
  ]
 },
 {
  "rotation_euler": [
   -0.03332480415701866,
   -0.03227480500936508,
   -1.8035271167755127
  ],
  "euler_order": "XYZ",
  "rotation_matrix": [
   [
    -0.23051543533802032,
    0.9722520112991333,
    0.03985866531729698
   ],
   [
    -0.9725334644317627,
    -0.23155367374420166,
    0.02369733527302742
   ],
   [
    0.032269202172756195,
    -0.03330128267407417,
    0.9989242553710938
   ]
  ]
 },
 {
  "rotation_euler": [
   0.052829939872026443,
   0.04675920680165291,
   2.0270795822143555
  ],
  "euler_order": "XYZ",
  "rotation_matrix": [
   [
    -0.44013306498527527,
    -0.8975314497947693,
    0.026836635544896126
   ],
   [
    0.8967151641845703,
    -0.43778419494628906,
    0.06516855210065842
   ],
   [
    -0.04674217104911804,
    0.05274765193462372,
    0.9975133538246155
   ]
  ]
 },
 {
  "rotation_euler": [
   -0.05217161029577255,
   0.27687883377075195,
   1.6421787738800049
  ],
  "euler_order": "XYZ",
  "rotation_matrix": [
   [
    -0.06860543042421341,
    -0.995079517364502,
    -0.07148477435112
   ],
   [
    0.9594636559486389,
    -0.08544338494539261,
    0.2685682773590088
   ],
   [
    -0.2733546793460846,
    -0.050161805003881454,
    0.9606044888496399
   ]
  ]
 },
 {
  "rotation_euler": [
   0.2379918247461319,
   0.0589977502822876,
   -0.1911231279373169
  ],
  "euler_order": "XYZ",
  "rotation_matrix": [
   [
    0.9800833463668823,
    0.19825494289398193,
    0.011474411934614182
   ],
   [
    -0.18963117897510529,
    0.9514774680137634,
    -0.2423439472913742
   ],
   [
    -0.058963529765605927,
    0.23534135520458221,
    0.9701225161552429
   ]
  ]
 },
 {
  "rotation_euler": [
   0.054544366896152496,
   0.23319111764431,
   1.892595648765564
  ],
  "euler_order": "XYZ",
  "rotation_matrix": [
   [
    -0.30771374702453613,
    -0.9512414932250977,
    -0.021258166059851646
   ],
   [
    0.922991156578064,
    -0.3038523197174072,
    0.23613783717155457
   ],
   [
    -0.2310834378004074,
    0.05304175615310669,
    0.9714869856834412
   ]
  ]
 },
 {
  "rotation_euler": [
   0.039629168808460236,
   0.007102892734110355,
   -2.847059726715088
  ],
  "euler_order": "XYZ",
  "rotation_matrix": [
   [
    -0.9569137096405029,
    0.28979572653770447,
    -0.018292689695954323
   ],
   [
    -0.290285587310791,
    -0.9562681913375854,
    0.03585244342684746
   ],
   [
    -0.00710283312946558,
    0.03961779922246933,
    0.9991896748542786
   ]
  ]
 }
]