[
 {
  "rotation_euler": [
   -1.585878849029541,
   -0.1573115438222885,
   0.4209743142127991
  ],
  "euler_order": "XYZ",
  "rotation_matrix": [
   [
    0.9014213681221008,
    0.1491323858499527,
    -0.4064469039440155
   ],
   [
    0.4036039113998413,
    0.05024808272719383,
    0.9135529398918152
   ],
   [
    0.15666352212429047,
    -0.9875397086143494,
    -0.014895719476044178
   ]
  ]
 },
 {
  "rotation_euler": [
   1.5151578187942505,
   1.8449878692626953,
   -0.7790030837059021
  ],
  "euler_order": "XYZ",
  "rotation_matrix": [
   [
    -0.1926829218864441,
    0.723041296005249,
    -0.663388729095459
   ],
   [
    0.19023410975933075,
    -0.6357061266899109,
    -0.7481234669685364
   ],
   [
    -0.9626443982124329,
    -0.27034977078437805,
    -0.015057398937642574
   ]
  ]
 },
 {
  "rotation_euler": [
   1.4759193658828735,
   -1.732751727104187,
   0.877327024936676
  ],
  "euler_order": "XYZ",
  "rotation_matrix": [
   [
    -0.10307138413190842,
    -0.7008611559867859,
    0.7058115005493164
   ],
   [
    -0.1240052878856659,
    -0.6950007081031799,
    -0.708234965801239
   ],
   [
    0.9869138598442078,
    -0.16052311658859253,
    -0.015275808982551098
   ]
  ]
 },
 {
  "rotation_euler": [
   1.764566421508789,
   1.4908864498138428,
   -0.8447741866111755
  ],
  "euler_order": "XYZ",
  "rotation_matrix": [
   [
    0.05299573764204979,
    0.5053962469100952,
    -0.8612584471702576
   ],
   [
    -0.059694722294807434,
    -0.8593246936798096,
    -0.5079346299171448
   ],
   [
    -0.9968088865280151,
    0.07833095639944077,
    -0.015371058136224747
   ]
  ]
 },
 {
  "rotation_euler": [
   1.4963239431381226,
   1.777735948562622,
   1.3739361763000488
  ],
  "euler_order": "XYZ",
  "rotation_matrix": [
   [
    -0.040187276899814606,
    0.11792095005512238,
    0.9922094941139221
   ],
   [
    -0.20149731636047363,
    0.9716543555259705,
    -0.12363924831151962
   ],
   [
    -0.9786642789840698,
    -0.20489627122879028,
    -0.015287386253476143
   ]
  ]
 },
 {
  "rotation_euler": [
   1.591942548751831,
   0.7390286326408386,
   0.02635253593325615
  ],
  "euler_order": "XYZ",
  "rotation_matrix": [
   [
    0.7388665676116943,
    0.6737430095672607,
    0.012106135487556458
   ],
   [
    0.01947551593184471,
    -0.0033930421341210604,
    -0.9998045563697815
   ],
   [
    -0.6735702753067017,
    0.738957941532135,
    -0.015628498047590256
   ]
  ]
 },
 {
  "rotation_euler": [
   1.5867427587509155,
   0.3238174617290497,
   -0.6795767545700073
  ],
  "euler_order": "XYZ",
  "rotation_matrix": [
   [
    0.737412691116333,
    0.2374461144208908,
    -0.6323305368423462
   ],
   [
    -0.5958011150360107,
    -0.21234741806983948,
    -0.7745512127876282
   ],
   [
    -0.3181879222393036,
    0.9479071497917175,
    -0.015117017552256584
   ]
  ]
 },
 {
  "rotation_euler": [
   1.5862637758255005,
   -0.03779346123337746,
   -0.31367331743240356
  ],
  "euler_order": "XYZ",
  "rotation_matrix": [
   [
    0.9505273103713989,
    -0.04070889577269554,
    -0.30796200037002563
   ],
   [
    -0.30833446979522705,
    -0.003054969245567918,
    -0.9512730836868286
   ],
   [
    0.03778446465730667,
    0.9991663694381714,
    -0.015455788001418114
   ]
  ]
 },
 {
  "rotation_euler": [
   -1.5905181169509888,
   -0.6791124939918518,
   2.3427982330322266
  ],
  "euler_order": "XYZ",
  "rotation_matrix": [
   [
    -0.5428012609481812,
    -0.42393097281455994,
    -0.7250167727470398
   ],
   [
    0.557542622089386,
    0.4637143313884735,
    -0.6885602474212646
   ],
   [
    0.6281026601791382,
    -0.7779791355133057,
    -0.015345131047070026
   ]
  ]
 },
 {
  "rotation_euler": [
   1.5169793367385864,
   -1.8536378145217896,
   -0.8477848768234253
  ],
  "euler_order": "XYZ",
  "rotation_matrix": [
   [
    -0.18465562164783478,
    -0.5941027998924255,
    -0.7829074859619141
   ],
   [
    0.20926283299922943,
    0.754571795463562,
    -0.621957004070282
   ],
   [
    0.9602662920951843,
    -0.27868130803108215,
    -0.015012284740805626
   ]
  ]
 },
 {
  "rotation_euler": [
   -1.6574286222457886,
   1.3955490589141846,
   -0.27141401171684265
  ],
  "euler_order": "XYZ",
  "rotation_matrix": [
   [
    0.16796909272670746,
    -0.9682758450508118,
    0.185008704662323
   ],
   [
    -0.04674261435866356,
    0.17964109778404236,
    0.9826210737228394
   ],
   [
    -0.9846834540367126,
    -0.17369776964187622,
    -0.015085594728589058
   ]
  ]
 },
 {
  "rotation_euler": [
   1.616848349571228,
   -1.2245901823043823,
   -0.15817700326442719
  ],
  "euler_order": "XYZ",
  "rotation_matrix": [
   [
    0.3350953161716461,
    -0.9351902604103088,
    -0.11458753794431686
   ],
   [
    -0.053450897336006165,
    0.10255404561758041,
    -0.9932903051376343
   ],
   [
    0.9406668543815613,
    0.33897173404693604,
    -0.015621379017829895
   ]
  ]
 },
 {
  "rotation_euler": [
   1.588830828666687,
   0.538959264755249,
   -0.20256048440933228
  ],
  "euler_order": "XYZ",
  "rotation_matrix": [
   [
    0.8406962156295776,
    0.4990399479866028,
    -0.21021175384521484
   ],
   [
    -0.172659769654274,
    -0.12090130895376205,
    -0.9775333404541016
   ],
   [
    -0.5132430791854858,
    0.8581037521362305,
    -0.015477151609957218
   ]
  ]
 },
 {
  "rotation_euler": [
   1.5856183767318726,
   0.0060405065305531025,
   1.7615357637405396
  ],
  "euler_order": "XYZ",
  "rotation_matrix": [
   [
    -0.1895815134048462,
    0.013407652266323566,
    0.9817734360694885
   ],
   [
    0.9818463921546936,
    0.008740205317735672,
    0.18947623670101166
   ],
   [
    -0.006040469743311405,
    0.9998719096183777,
    -0.014821236953139305
   ]
  ]
 },
 {
  "rotation_euler": [
   1.6001712083816528,
   1.029853343963623,
   1.451108694076538
  ],
  "euler_order": "XYZ",
  "rotation_matrix": [
   [
    0.06148545444011688,
    0.13147065043449402,
    0.989411473274231
   ],
   [
    0.5112606287002563,
    0.847216784954071,
    -0.1443476676940918
   ],
   [
    -0.8572234511375427,
    0.5147224068641663,
    -0.015124260447919369
   ]
  ]
 },
 {
  "rotation_euler": [
   -1.5905101299285889,
   0.6759042143821716,
   -0.09465497732162476
  ],
  "euler_order": "XYZ",
  "rotation_matrix": [
   [
    0.7766493558883667,
    -0.624544620513916,
    0.08221831917762756
   ],
   [
    -0.07373406738042831,
    0.039492275565862656,
    0.9964956641197205
   ],
   [
    -0.6256029605865479,
    -0.779990017414093,
    -0.015378561802208424
   ]
  ]
 }
]