[
 {
  "rotation_euler": [
   -0.0022730575874447823,
   -0.002210854785516858,
   0.14941629767417908
  ],
  "euler_order": "XYZ",
  "rotation_matrix": [
   [
    0.9888557195663452,
    -0.14885561168193817,
    -0.002524583600461483
   ],
   [
    0.14886058866977692,
    0.988856315612793,
    0.0019186206627637148
   ],
   [
    0.002210852922871709,
    -0.0022730501368641853,
    0.9999949932098389
   ]
  ]
 },
 {
  "rotation_euler": [
   -0.0022674205247312784,
   -0.00221427483484149,
   0.7332756519317627
  ],
  "euler_order": "XYZ",
  "rotation_matrix": [
   [
    0.7429841756820679,
    -0.6693015098571777,
    -0.003162768669426441
   ],
   [
    0.6693053245544434,
    0.7429874539375305,
    0.00020263560872990638
   ],
   [
    0.0022142729721963406,
    -0.0022674130741506815,
    0.9999949932098389
   ]
  ]
 },
 {
  "rotation_euler": [
   -0.0022918174508959055,
   -0.0021950555965304375,
   -2.3426523208618164
  ],
  "euler_order": "XYZ",
  "rotation_matrix": [
   [
    -0.6974648237228394,
    0.7166120409965515,
    0.0031733273062855005
   ],
   [
    -0.7166156768798828,
    -0.6974682211875916,
    -2.5454779461142607e-05
   ],
   [
    0.0021950537338852882,
    -0.0022918100003153086,
    0.9999949932098389
   ]
  ]
 },
 {
  "rotation_euler": [
   -0.0022724911104887724,
   -0.0022115709725767374,
   2.8092305660247803
  ],
  "euler_order": "XYZ",
  "rotation_matrix": [
   [
    -0.9452719688415527,
    -0.3262806534767151,
    0.0013490737183019519
   ],
   [
    0.32627594470977783,
    -0.9452701807022095,
    -0.0028697072993963957
   ],
   [
    0.002211569109931588,
    -0.0022724836599081755,
    0.9999949932098389
   ]
  ]
 },
 {
  "rotation_euler": [
   -0.0022849086672067642,
   -0.0021988374646753073,
   1.828445553779602
  ],
  "euler_order": "XYZ",
  "rotation_matrix": [
   [
    -0.2548074722290039,
    -0.9669904112815857,
    -0.0016492060385644436
   ],
   [
    0.966989278793335,
    -0.25480255484580994,
    -0.002708462765440345
   ],
   [
    0.002198835602030158,
    -0.0022849012166261673,
    0.9999949932098389
   ]
  ]
 },
 {
  "rotation_euler": [
   -0.0022880244068801403,
   -0.0021977927535772324,
   -0.9521539211273193
  ],
  "euler_order": "XYZ",
  "rotation_matrix": [
   [
    0.5799282789230347,
    0.814667284488678,
    0.0005894143250770867
   ],
   [
    -0.8146645426750183,
    0.5799241065979004,
    0.0031173541210591793
   ],
   [
    0.002197790890932083,
    -0.0022880169562995434,
    0.9999949932098389
   ]
  ]
 },
 {
  "rotation_euler": [
   -0.00229207263328135,
   -0.002195958746597171,
   -1.1455224752426147
  ],
  "euler_order": "XYZ",
  "rotation_matrix": [
   [
    0.4125692546367645,
    0.9109254479408264,
    0.0011819220380857587
   ],
   [
    -0.9109236001968384,
    0.41256457567214966,
    0.0029459886718541384
   ],
   [
    0.0021959568839520216,
    -0.002292065182700753,
    0.9999949336051941
   ]
  ]
 },
 {
  "rotation_euler": [
   -0.0022719961125403643,
   -0.002212177962064743,
   -1.9709899425506592
  ],
  "euler_order": "XYZ",
  "rotation_matrix": [
   [
    -0.38959571719169617,
    0.920981228351593,
    0.0029543281998485327
   ],
   [
    -0.9209833145141602,
    -0.3896002769470215,
    0.0011522157583385706
   ],
   [
    0.002212176099419594,
    -0.0022719886619597673,
    0.9999949932098389
   ]
  ]
 },
 {
  "rotation_euler": [
   -0.0022946507669985294,
   -0.002194445813074708,
   -3.125016450881958
  ],
  "euler_order": "XYZ",
  "rotation_matrix": [
   [
    -0.9998602271080017,
    0.01657036505639553,
    0.002232171595096588
   ],
   [
    -0.0165754035115242,
    -0.9998600482940674,
    -0.002257959684357047
   ],
   [
    0.0021944439504295588,
    -0.0022946433164179325,
    0.9999949336051941
   ]
  ]
 },
 {
  "rotation_euler": [
   -0.0022709467448294163,
   -0.0022124750539660454,
   0.05190892145037651
  ],
  "euler_order": "XYZ",
  "rotation_matrix": [
   [
    0.9986506104469299,
    -0.05188046023249626,
    -0.0023273166734725237
   ],
   [
    0.05188548564910889,
    0.9986507296562195,
    0.0021530906669795513
   ],
   [
    0.002212473191320896,
    -0.0022709392942488194,
    0.9999949932098389
   ]
  ]
 },
 {
  "rotation_euler": [
   -0.0022966417018324137,
   -0.0021953482646495104,
   1.123000979423523
  ],
  "euler_order": "XYZ",
  "rotation_matrix": [
   [
    0.4329782724380493,
    -0.9013993144035339,
    -0.003020737087354064
   ],
   [
    0.901401698589325,
    0.4329827129840851,
    -0.0009844910819083452
   ],
   [
    0.002195346402004361,
    -0.0022966342512518167,
    0.9999949336051941
   ]
  ]
 },
 {
  "rotation_euler": [
   -0.002269471064209938,
   -0.0022140054497867823,
   -3.069542407989502
  ],
  "euler_order": "XYZ",
  "rotation_matrix": [
   [
    -0.997403085231781,
    0.0719827264547348,
    0.0023716280702501535
   ],
   [
    -0.07198774814605713,
    -0.9974033236503601,
    -0.002104199957102537
   ],
   [
    0.002214003587141633,
    -0.002269463613629341,
    0.9999949932098389
   ]
  ]
 },
 {
  "rotation_euler": [
   -0.0022690165787935257,
   -0.0022129956632852554,
   1.3922300338745117
  ],
  "euler_order": "XYZ",
  "rotation_matrix": [
   [
    0.17761841416358948,
    -0.9840959310531616,
    -0.0026260041631758213
   ],
   [
    0.9840969443321228,
    0.17762333154678345,
    -0.0017747804522514343
   ],
   [
    0.002212993800640106,
    -0.0022690091282129288,
    0.9999949932098389
   ]
  ]
 },
 {
  "rotation_euler": [
   -0.00229735323227942,
   -0.002194838598370552,
   2.8236122131347656
  ],
  "euler_order": "XYZ",
  "rotation_matrix": [
   [
    -0.9498664736747742,
    -0.3126528561115265,
    0.0013665371807292104
   ],
   [
    0.31264811754226685,
    -0.9498646855354309,
    -0.0028683936689049006
   ],
   [
    0.002194836735725403,
    -0.002297345781698823,
    0.9999949336051941
   ]
  ]
 },
 {
  "rotation_euler": [
   -0.0022900912445038557,
   -0.002196640707552433,
   -1.378811001777649
  ],
  "euler_order": "XYZ",
  "rotation_matrix": [
   [
    0.19080765545368195,
    0.9816257357597351,
    0.0018288787687197328
   ],
   [
    -0.981624960899353,
    0.1908026784658432,
    0.002593242796137929
   ],
   [
    0.0021966388449072838,
    -0.0022900837939232588,
    0.9999949932098389
   ]
  ]
 },
 {
  "rotation_euler": [
   -0.002289280528202653,
   -0.002197024878114462,
   0.6484330296516418
  ],
  "euler_order": "XYZ",
  "rotation_matrix": [
   [
    0.7970291972160339,
    -0.6039326190948486,
    -0.00313367391936481
   ],
   [
    0.6039367914199829,
    0.7970320582389832,
    0.0004977635107934475
   ],
   [
    0.0021970230154693127,
    -0.002289273077622056,
    0.9999949932098389
   ]
  ]
 }
]