[
 {
  "rotation_euler": [
   -1.392360806465149,
   -0.0012305708369240165,
   1.3431397676467896
  ],
  "euler_order": "XYZ",
  "rotation_matrix": [
   [
    0.22569499909877777,
    -0.1726372241973877,
    -0.958779513835907
   ],
   [
    0.9741972088813782,
    0.0412384532392025,
    0.22189892828464508
   ],
   [
    0.001230570487678051,
    -0.9841218590736389,
    0.1774900108575821
   ]
  ]
 },
 {
  "rotation_euler": [
   0.027413884177803993,
   1.4798095226287842,
   0.06380841135978699
  ],
  "euler_order": "XYZ",
  "rotation_matrix": [
   [
    0.09067640453577042,
    -0.03649964556097984,
    0.9952113032341003
   ],
   [
    0.0057937828823924065,
    0.9993305802345276,
    0.03612283244729042
   ],
   [
    -0.9958635568618774,
    0.0024905495811253786,
    0.09082717448472977
   ]
  ]
 },
 {
  "rotation_euler": [
   0.02742401883006096,
   1.4798113107681274,
   1.8455618619918823
  ],
  "euler_order": "XYZ",
  "rotation_matrix": [
   [
    -0.02465212531387806,
    -0.9695359468460083,
    -0.2437054067850113
   ],
   [
    0.08745128661394119,
    -0.24493642151355743,
    0.9655870795249939
   ],
   [
    -0.9958637356758118,
    0.0024914212990552187,
    0.09082537144422531
   ]
  ]
 },
 {
  "rotation_euler": [
   1.396685004234314,
   -0.002472958527505398,
   -0.923397421836853
  ],
  "euler_order": "XYZ",
  "rotation_matrix": [
   [
    0.6031118035316467,
    0.1367112547159195,
    -0.7858538031578064
   ],
   [
    -0.7976528406143188,
    0.10642191022634506,
    -0.5936533808708191
   ],
   [
    0.0024729559663683176,
    0.98487788438797,
    0.17323243618011475
   ]
  ]
 },
 {
  "rotation_euler": [
   -0.02515009045600891,
   -1.4717185497283936,
   -0.7261658906936646
  ],
  "euler_order": "XYZ",
  "rotation_matrix": [
   [
    0.07396186143159866,
    0.6825088262557983,
    -0.7271254062652588
   ],
   [
    -0.06568082422018051,
    0.7308731079101562,
    0.6793456673622131
   ],
   [
    0.9950957894325256,
    -0.0024874780792742968,
    0.0988844782114029
   ]
  ]
 },
 {
  "rotation_euler": [
   0.2862909436225891,
   -0.7272834181785583,
   -2.7576518058776855
  ],
  "euler_order": "XYZ",
  "rotation_matrix": [
   [
    -0.6925996541976929,
    0.5334113240242004,
    0.48556986451148987
   ],
   [
    -0.27980297803878784,
    -0.8191303610801697,
    0.5007352232933044
   ],
   [
    0.6648428440093994,
    0.21094514429569244,
    0.7165794372558594
   ]
  ]
 },
 {
  "rotation_euler": [
   -0.025152206420898438,
   -1.4717185497283936,
   -0.9276363253593445
  ],
  "euler_order": "XYZ",
  "rotation_matrix": [
   [
    0.059322457760572433,
    0.8149604201316833,
    -0.5764723420143127
   ],
   [
    -0.07915284484624863,
    0.579511284828186,
    0.8111112713813782
   ],
   [
    0.9950957894325256,
    -0.002487687161192298,
    0.0988844707608223
   ]
  ]
 },
 {
  "rotation_euler": [
   -1.3927736282348633,
   0.002507064025849104,
   0.4474411606788635
  ],
  "euler_order": "XYZ",
  "rotation_matrix": [
   [
    0.9015543460845947,
    -0.07884164899587631,
    -0.42542189359664917
   ],
   [
    0.4326586425304413,
    0.15858367085456848,
    0.8875008225440979
   ],
   [
    -0.0025070614647120237,
    -0.9841926693916321,
    0.1770833134651184
   ]
  ]
 },
 {
  "rotation_euler": [
   -0.025155533105134964,
   -1.471718668937683,
   1.4581657648086548
  ],
  "euler_order": "XYZ",
  "rotation_matrix": [
   [
    0.01111738383769989,
    -0.9905363917350769,
    -0.13679951429367065
   ],
   [
    0.09828890115022659,
    0.13722795248031616,
    -0.9856509566307068
   ],
   [
    0.9950958490371704,
    -0.0024880131240934134,
    0.09888434410095215
   ]
  ]
 },
 {
  "rotation_euler": [
   0.0011387043632566929,
   -0.004283207003027201,
   2.019453287124634
  ],
  "euler_order": "XYZ",
  "rotation_matrix": [
   [
    -0.43375182151794434,
    -0.9010277390480042,
    0.002883866196498275
   ],
   [
    0.90102219581604,
    -0.4337599277496338,
    -0.003365366254001856
   ],
   [
    0.004283193964511156,
    0.0011386936530470848,
    0.9999901652336121
   ]
  ]
 },
 {
  "rotation_euler": [
   -0.025188133120536804,
   -1.4717187881469727,
   1.947293996810913
  ],
  "euler_order": "XYZ",
  "rotation_matrix": [
   [
    -0.03636784479022026,
    -0.9388774633407593,
    0.3423251211643219
   ],
   [
    0.09198728203773499,
    -0.34424251317977905,
    -0.9343636631965637
   ],
   [
    0.9950958490371704,
    -0.0024912338703870773,
    0.09888414293527603
   ]
  ]
 },
 {
  "rotation_euler": [
   0.027388595044612885,
   1.479809045791626,
   -2.1115221977233887
  ],
  "euler_order": "XYZ",
  "rotation_matrix": [
   [
    -0.04677187278866768,
    0.8429752588272095,
    -0.5359151363372803
   ],
   [
    -0.0778990164399147,
    -0.5379465222358704,
    -0.839371919631958
   ],
   [
    -0.9958634972572327,
    0.002488265745341778,
    0.09082771092653275
   ]
  ]
 },
 {
  "rotation_euler": [
   -0.02518118917942047,
   -1.471718192100525,
   -1.5118335485458374
  ],
  "euler_order": "XYZ",
  "rotation_matrix": [
   [
    0.005828990135341883,
    0.9994221925735474,
    -0.033486258238554
   ],
   [
    -0.0987442210316658,
    0.033898431807756424,
    0.9945353269577026
   ],
   [
    0.9950957894325256,
    -0.002490562153980136,
    0.09888475388288498
   ]
  ]
 },
 {
  "rotation_euler": [
   -0.024870797991752625,
   -1.471716284751892,
   2.573002815246582
  ],
  "euler_order": "XYZ",
  "rotation_matrix": [
   [
    -0.08335436135530472,
    -0.5591304898262024,
    0.8248788714408875
   ],
   [
    0.05326183885335922,
    -0.8290759921073914,
    -0.5565933585166931
   ],
   [
    0.9950956106185913,
    -0.0024599162861704826,
    0.09888742119073868
   ]
  ]
 },
 {
  "rotation_euler": [
   0.02738613449037075,
   1.479809045791626,
   -0.49480298161506653
  ],
  "euler_order": "XYZ",
  "rotation_matrix": [
   [
    0.0799640342593193,
    0.4986790120601654,
    0.8630903959274292
   ],
   [
    -0.04314647242426872,
    0.8667831420898438,
    -0.49681520462036133
   ],
   [
    -0.9958634972572327,
    0.00248804222792387,
    0.09082771837711334
   ]
  ]
 },
 {
  "rotation_euler": [
   -1.3915958404541016,
   -0.008131815120577812,
   1.596331000328064
  ],
  "euler_order": "XYZ",
  "rotation_matrix": [
   [
    -0.02553105540573597,
    -0.17838910222053528,
    -0.9836287498474121
   ],
   [
    0.999640941619873,
    0.0034480197355151176,
    -0.02657199464738369
   ],
   [
    0.008131725713610649,
    -0.9839539527893066,
    0.17823702096939087
   ]
  ]
 }
]