[
 {
  "rotation_euler": [
   5.809092726849485e-06,
   4.252437975083012e-06,
   0.8591030240058899
  ],
  "euler_order": "XYZ",
  "rotation_matrix": [
   [
    0.6531170010566711,
    -0.7572570443153381,
    7.176315648393938e-06
   ],
   [
    0.7572570443153381,
    0.6531170010566711,
    -5.738284585277142e-07
   ],
   [
    -4.252437975083012e-06,
    5.809092726849485e-06,
    1.0
   ]
  ]
 },
 {
  "rotation_euler": [
   1.4616523912991397e-05,
   2.761328914857586e-06,
   -0.17260926961898804
  ],
  "euler_order": "XYZ",
  "rotation_matrix": [
   [
    0.9851399660110474,
    0.1717534214258194,
    2.0985741855383822e-07
   ],
   [
    -0.1717534214258194,
    0.9851399660110474,
    -1.487358986196341e-05
   ],
   [
    -2.761328914857586e-06,
    1.4616523912991397e-05,
    1.0
   ]
  ]
 },
 {
  "rotation_euler": [
   -4.452134874100011e-07,
   -1.5343067616413464e-07,
   -0.11869130283594131
  ],
  "euler_order": "XYZ",
  "rotation_matrix": [
   [
    0.9929644465446472,
    0.11841282248497009,
    -9.963222424858031e-08
   ],
   [
    -0.11841282248497009,
    0.9929644465446472,
    4.6024933908483945e-07
   ],
   [
    1.5343067616413464e-07,
    -4.452134874100011e-07,
    1.0
   ]
  ]
 },
 {
  "rotation_euler": [
   2.2538901589541638e-07,
   8.513406157817371e-08,
   1.2487297058105469
  ],
  "euler_order": "XYZ",
  "rotation_matrix": [
   [
    0.3165276050567627,
    -0.9485833048820496,
    2.407475392374181e-07
   ],
   [
    0.9485833048820496,
    0.3165276050567627,
    9.414905299820475e-09
   ],
   [
    -8.513406157817371e-08,
    2.2538901589541638e-07,
    1.0
   ]
  ]
 },
 {
  "rotation_euler": [
   4.5037941163172945e-06,
   3.902900687080546e-07,
   -2.702422857284546
  ],
  "euler_order": "XYZ",
  "rotation_matrix": [
   [
    -0.9051049947738647,
    0.42518818378448486,
    -2.268213620482129e-06
   ],
   [
    -0.42518818378448486,
    -0.9051049947738647,
    3.910459781764075e-06
   ],
   [
    -3.902900687080546e-07,
    4.5037941163172945e-06,
    1.0
   ]
  ]
 },
 {
  "rotation_euler": [
   2.2995558538241312e-05,
   3.058186621274217e-06,
   -0.9642107486724854
  ],
  "euler_order": "XYZ",
  "rotation_matrix": [
   [
    0.5700654983520508,
    0.8215992450714111,
    -1.7149766790680587e-05
   ],
   [
    -0.8215992450714111,
    0.5700654983520508,
    -1.5621579223079607e-05
   ],
   [
    -3.058186621274217e-06,
    2.2995558538241312e-05,
    1.0
   ]
  ]
 },
 {
  "rotation_euler": [
   8.14096347312443e-06,
   5.242127826932119e-06,
   2.3248496055603027
  ],
  "euler_order": "XYZ",
  "rotation_matrix": [
   [
    -0.6845988631248474,
    -0.7289199829101562,
    2.345356051591807e-06
   ],
   [
    0.7289199829101562,
    -0.6845988631248474,
    9.394386324856896e-06
   ],
   [
    -5.242127826932119e-06,
    8.14096347312443e-06,
    1.0
   ]
  ]
 },
 {
  "rotation_euler": [
   1.70352232089499e-05,
   2.3847455850045662e-06,
   0.2740895450115204
  ],
  "euler_order": "XYZ",
  "rotation_matrix": [
   [
    0.9626720547676086,
    -0.2706705927848816,
    6.906661838002037e-06
   ],
   [
    0.2706705927848816,
    0.9626720547676086,
    -1.5753852494526654e-05
   ],
   [
    -2.3847455850045662e-06,
    1.70352232089499e-05,
    1.0
   ]
  ]
 },
 {
  "rotation_euler": [
   6.772926099074539e-06,
   2.1679215933545493e-06,
   -2.3914248943328857
  ],
  "euler_order": "XYZ",
  "rotation_matrix": [
   [
    -0.731574535369873,
    0.6817615032196045,
    -6.203516477398807e-06
   ],
   [
    -0.6817615032196045,
    -0.731574535369873,
    3.4768945624819025e-06
   ],
   [
    -2.1679215933545493e-06,
    6.772926099074539e-06,
    1.0
   ]
  ]
 },
 {
  "rotation_euler": [
   8.352291843038984e-06,
   2.1953944440156192e-07,
   0.6360182762145996
  ],
  "euler_order": "XYZ",
  "rotation_matrix": [
   [
    0.8044672608375549,
    -0.5939970016479492,
    5.1378483476582915e-06
   ],
   [
    0.5939970016479492,
    0.8044672608375549,
    -6.588739779544994e-06
   ],
   [
    -2.1953944440156192e-07,
    8.352291843038984e-06,
    1.0
   ]
  ]
 },
 {
  "rotation_euler": [
   1.8828247903002193e-06,
   3.6757256793862325e-07,
   1.6148513555526733
  ],
  "euler_order": "XYZ",
  "rotation_matrix": [
   [
    -0.044040780514478683,
    -0.9990297555923462,
    1.8648097466211766e-06
   ],
   [
    0.9990297555923462,
    -0.044040780514478683,
    4.501370085563394e-07
   ],
   [
    -3.6757256793862325e-07,
    1.8828247903002193e-06,
    1.0
   ]
  ]
 },
 {
  "rotation_euler": [
   1.604275530553423e-05,
   1.8247834532303386e-06,
   1.586821436882019
  ],
  "euler_order": "XYZ",
  "rotation_matrix": [
   [
    -0.016024423763155937,
    -0.9998716115951538,
    1.601145413587801e-05
   ],
   [
    0.9998716115951538,
    -0.016024423763155937,
    2.0816250980715267e-06
   ],
   [
    -1.8247834532303386e-06,
    1.604275530553423e-05,
    1.0
   ]
  ]
 },
 {
  "rotation_euler": [
   1.7247492678507115e-06,
   5.787333634543756e-07,
   1.908556580543518
  ],
  "euler_order": "XYZ",
  "rotation_matrix": [
   [
    -0.33137473464012146,
    -0.9434992074966431,
    1.4355219946082798e-06
   ],
   [
    0.9434992074966431,
    -0.33137473464012146,
    1.1175727649970213e-06
   ],
   [
    -5.787333634543756e-07,
    1.7247492678507115e-06,
    1.0
   ]
  ]
 },
 {
  "rotation_euler": [
   9.754166967468336e-06,
   5.018935553380288e-06,
   -0.5483360290527344
  ],
  "euler_order": "XYZ",
  "rotation_matrix": [
   [
    0.8533930778503418,
    0.5212679505348206,
    -8.014095556063694e-07
   ],
   [
    -0.5212679505348206,
    0.8533930778503418,
    -1.0940349056909326e-05
   ],
   [
    -5.018935553380288e-06,
    9.754166967468336e-06,
    1.0
   ]
  ]
 },
 {
  "rotation_euler": [
   4.4154228362458525e-07,
   3.220202131615224e-07,
   -1.6069326400756836
  ],
  "euler_order": "XYZ",
  "rotation_matrix": [
   [
    -0.0361284501850605,
    0.9993471503257751,
    -4.528881163423648e-07
   ],
   [
    -0.9993471503257751,
    -0.0361284501850605,
    -3.058577533465723e-07
   ],
   [
    -3.220202131615224e-07,
    4.4154228362458525e-07,
    1.0
   ]
  ]
 },
 {
  "rotation_euler": [
   7.787317372276448e-06,
   1.8204908656116459e-06,
   -2.3176863193511963
  ],
  "euler_order": "XYZ",
  "rotation_matrix": [
   [
    -0.6793599128723145,
    0.733805239200592,
    -6.951142495381646e-06
   ],
   [
    -0.733805239200592,
    -0.6793599128723145,
    3.954505700676236e-06
   ],
   [
    -1.8204908656116459e-06,
    7.787317372276448e-06,
    1.0
   ]
  ]
 }
]