[
 {
  "rotation_euler": [
   -0.0026294870767742395,
   -2.038655566138914e-06,
   -0.3898344337940216
  ],
  "euler_order": "XYZ",
  "rotation_matrix": [
   [
    0.9249719977378845,
    0.3800339698791504,
    0.0009974109707400203
   ],
   [
    -0.38003528118133545,
    0.9249687790870667,
    0.002432973822578788
   ],
   [
    2.038655566138914e-06,
    -0.002629484049975872,
    0.999996542930603
   ]
  ]
 },
 {
  "rotation_euler": [
   -1.3672621250152588,
   0.21794766187667847,
   2.544048309326172
  ],
  "euler_order": "XYZ",
  "rotation_matrix": [
   [
    -0.8071622252464294,
    0.06134645268321037,
    -0.587133526802063
   ],
   [
    0.5493044257164001,
    -0.28624722361564636,
    -0.7850650548934937
   ],
   [
    -0.21622629463672638,
    -0.9561899304389954,
    0.19735005497932434
   ]
  ]
 },
 {
  "rotation_euler": [
   1.7537074089050293,
   2.568470001220703,
   0.22337332367897034
  ],
  "euler_order": "XYZ",
  "rotation_matrix": [
   [
    -0.8193373680114746,
    0.5602583289146423,
    0.12164260447025299
   ],
   [
    -0.1861240416765213,
    -0.05925639718770981,
    -0.9807377457618713
   ],
   [
    -0.5422583818435669,
    -0.8261956572532654,
    0.15282852947711945
   ]
  ]
 },
 {
  "rotation_euler": [
   -1.3757290840148926,
   0.4247889220714569,
   -0.829008936882019
  ],
  "euler_order": "XYZ",
  "rotation_matrix": [
   [
    0.6155627369880676,
    -0.1302507519721985,
    0.777249813079834
   ],
   [
    -0.6717385649681091,
    0.4290387034416199,
    0.603898286819458
   ],
   [
    -0.4121284782886505,
    -0.8938459157943726,
    0.17660579085350037
   ]
  ]
 },
 {
  "rotation_euler": [
   -0.0031740153208374977,
   -6.476473936345428e-05,
   -1.6064138412475586
  ],
  "euler_order": "XYZ",
  "rotation_matrix": [
   [
    -0.035609982907772064,
    0.9993607401847839,
    0.003174303099513054
   ],
   [
    -0.9993657469749451,
    -0.03561000898480415,
    -4.8303107178071514e-05
   ],
   [
    6.476473936345428e-05,
    -0.0031740099657326937,
    0.9999949336051941
   ]
  ]
 },
 {
  "rotation_euler": [
   -1.3711504936218262,
   0.0001799947931431234,
   -2.4174447059631348
  ],
  "euler_order": "XYZ",
  "rotation_matrix": [
   [
    -0.7490641474723816,
    0.1315201073884964,
    0.6493114233016968
   ],
   [
    -0.6624974012374878,
    -0.1484391838312149,
    -0.7342090606689453
   ],
   [
    -0.0001799947931431234,
    -0.9801368713378906,
    0.19832220673561096
   ]
  ]
 },
 {
  "rotation_euler": [
   0.00021358919912017882,
   -0.004444751422852278,
   1.175896167755127
  ],
  "euler_order": "XYZ",
  "rotation_matrix": [
   [
    0.38471221923828125,
    -0.9230353236198425,
    -0.0015128111699596047
   ],
   [
    0.9230258464813232,
    0.38471513986587524,
    -0.00418481882661581
   ],
   [
    0.004444736987352371,
    0.0002135870890924707,
    0.9999901056289673
   ]
  ]
 },
 {
  "rotation_euler": [
   -1.371159315109253,
   0.00019823547336272895,
   -0.6693079471588135
  ],
  "euler_order": "XYZ",
  "rotation_matrix": [
   [
    0.7842512130737305,
    0.12288996577262878,
    0.608151376247406
   ],
   [
    -0.6204434037208557,
    0.15564820170402527,
    0.7686505317687988
   ],
   [
    -0.00019823547336272895,
    -0.9801385998725891,
    0.19831356406211853
   ]
  ]
 },
 {
  "rotation_euler": [
   -1.3711590766906738,
   0.00019633582269307226,
   -1.0318868160247803
  ],
  "euler_order": "XYZ",
  "rotation_matrix": [
   [
    0.5132003426551819,
    0.17010779678821564,
    0.8412423729896545
   ],
   [
    -0.8582687973976135,
    0.10193987935781479,
    0.5029740333557129
   ],
   [
    -0.00019633582269307226,
    -0.9801385402679443,
    0.19831378757953644
   ]
  ]
 },
 {
  "rotation_euler": [
   -0.8813799619674683,
   -1.2373137474060059,
   -1.6854935884475708
  ],
  "euler_order": "XYZ",
  "rotation_matrix": [
   [
    -0.03746224567294121,
    0.5484641194343567,
    0.8353344798088074
   ],
   [
    -0.32518497109413147,
    -0.7971144914627075,
    0.5087860822677612
   ],
   [
    0.944908082485199,
    -0.25257793068885803,
    0.20821398496627808
   ]
  ]
 },
 {
  "rotation_euler": [
   -1.3664777278900146,
   -0.11403097957372665,
   1.2212753295898438
  ],
  "euler_order": "XYZ",
  "rotation_matrix": [
   [
    0.3402237892150879,
    -0.1524774134159088,
    -0.9279000163078308
   ],
   [
    0.9334350228309631,
    0.17416326701641083,
    0.31363382935523987
   ],
   [
    0.11378401517868042,
    -0.9728400707244873,
    0.20158225297927856
   ]
  ]
 },
 {
  "rotation_euler": [
   -0.0028985273092985153,
   -1.0689241207728628e-06,
   -2.0658533573150635
  ],
  "euler_order": "XYZ",
  "rotation_matrix": [
   [
    -0.47508183121681213,
    0.8799379467964172,
    0.002551038982346654
   ],
   [
    -0.8799416422843933,
    -0.47507983446121216,
    -0.0013760951114818454
   ],
   [
    1.0689241207728628e-06,
    -0.002898523351177573,
    0.9999958276748657
   ]
  ]
 },
 {
  "rotation_euler": [
   -0.0008390845614485443,
   -9.558829333400354e-06,
   0.433662086725235
  ],
  "euler_order": "XYZ",
  "rotation_matrix": [
   [
    0.907433032989502,
    -0.4201965630054474,
    -0.0003612545260693878
   ],
   [
    0.4201967120170593,
    0.9074327349662781,
    0.0007573963957838714
   ],
   [
    9.558829333400354e-06,
    -0.0008390844450332224,
    0.9999996423721313
   ]
  ]
 },
 {
  "rotation_euler": [
   -0.24477632343769073,
   1.3305332660675049,
   -0.046070631593465805
  ],
  "euler_order": "XYZ",
  "rotation_matrix": [
   [
    0.23770564794540405,
    -0.19044694304466248,
    0.952484130859375
   ],
   [
    -0.010959004051983356,
    0.9800022840499878,
    0.19868411123752594
   ],
   [
    -0.9712753891944885,
    -0.05766661465167999,
    0.2308649718761444
   ]
  ]
 },
 {
  "rotation_euler": [
   -1.3710993528366089,
   0.00016839210002217442,
   -0.1724971979856491
  ],
  "euler_order": "XYZ",
  "rotation_matrix": [
   [
    0.9851592183113098,
    0.0338866300880909,
    0.16826482117176056
   ],
   [
    -0.17164301872253418,
    0.19545666873455048,
    0.9655751585960388
   ],
   [
    -0.00016839210002217442,
    -0.9801267385482788,
    0.19837233424186707
   ]
  ]
 },
 {
  "rotation_euler": [
   -0.0018250681459903717,
   2.318354290764546e-06,
   -2.340644598007202
  ],
  "euler_order": "XYZ",
  "rotation_matrix": [
   [
    -0.6960263252258301,
    0.7180150747299194,
    0.0013088142732158303
   ],
   [
    -0.7180162668228149,
    -0.6960251331329346,
    -0.0012719593942165375
   ],
   [
    -2.318354290764546e-06,
    -0.0018250670982524753,
    0.9999983310699463
   ]
  ]
 }
]