[
 {
  "rotation_euler": [
   -1.6388697624206543,
   1.4971699714660645,
   0.6940167546272278
  ],
  "euler_order": "XYZ",
  "rotation_matrix": [
   [
    0.05654420703649521,
    -0.7213167548179626,
    -0.6902933120727539
   ],
   [
    0.0470510870218277,
    -0.68870609998703,
    0.7235123515129089
   ],
   [
    -0.9972907900810242,
    -0.07338948547840118,
    -0.005003605503588915
   ]
  ]
 },
 {
  "rotation_euler": [
   1.5534342527389526,
   1.6551591157913208,
   0.6452088952064514
  ],
  "euler_order": "XYZ",
  "rotation_matrix": [
   [
    -0.06732376664876938,
    0.7855722308158875,
    0.6150965094566345
   ],
   [
    -0.05067270249128342,
    0.6130074858665466,
    -0.7884504199028015
   ],
   [
    -0.9964435696601868,
    -0.0842500552535057,
    -0.0014629026409238577
   ]
  ]
 },
 {
  "rotation_euler": [
   -1.5898666381835938,
   -1.485572338104248,
   1.019256830215454
  ],
  "euler_order": "XYZ",
  "rotation_matrix": [
   [
    0.04460325092077255,
    0.5382438898086548,
    -0.8416079878807068
   ],
   [
    0.07249903678894043,
    0.8384811282157898,
    0.5400863885879517
   ],
   [
    0.9963706135749817,
    -0.08510538190603256,
    -0.001623182906769216
   ]
  ]
 },
 {
  "rotation_euler": [
   0.002874542260542512,
   0.015963323414325714,
   1.5107887983322144
  ],
  "euler_order": "XYZ",
  "rotation_matrix": [
   [
    0.059963881969451904,
    -0.9981932044029236,
    0.0038266645278781652
   ],
   [
    0.9980729222297668,
    0.06001707538962364,
    0.01576145738363266
   ],
   [
    -0.015962645411491394,
    0.0028741720598191023,
    0.9998684525489807
   ]
  ]
 },
 {
  "rotation_euler": [
   1.5922534465789795,
   -1.750227451324463,
   0.15235638618469238
  ],
  "euler_order": "XYZ",
  "rotation_matrix": [
   [
    -0.1764024943113327,
    -0.9690674543380737,
    0.1725991666316986
   ],
   [
    -0.02708595059812069,
    -0.170503631234169,
    -0.9849846959114075
   ],
   [
    0.983945369720459,
    -0.1784287840127945,
    0.0038291553501039743
   ]
  ]
 },
 {
  "rotation_euler": [
   -1.3355085849761963,
   1.5923243761062622,
   -0.13111814856529236
  ],
  "euler_order": "XYZ",
  "rotation_matrix": [
   [
    -0.021341610699892044,
    -0.9333975911140442,
    0.35820865631103516
   ],
   [
    0.0028144195675849915,
    0.3582327663898468,
    0.9336280822753906
   ],
   [
    -0.9997682571411133,
    0.020933276042342186,
    -0.005018291529268026
   ]
  ]
 },
 {
  "rotation_euler": [
   -1.6278804540634155,
   -1.4833991527557373,
   0.3199087381362915
  ],
  "euler_order": "XYZ",
  "rotation_matrix": [
   [
    0.08285742998123169,
    0.9620428085327148,
    -0.26001590490341187
   ],
   [
    0.027449680492281914,
    0.25861087441444397,
    0.9655914902687073
   ],
   [
    0.9961832761764526,
    -0.08714377880096436,
    -0.004979936871677637
   ]
  ]
 },
 {
  "rotation_euler": [
   1.5137163400650024,
   -1.6582188606262207,
   1.3451972007751465
  ],
  "euler_order": "XYZ",
  "rotation_matrix": [
   [
    -0.019530676305294037,
    -0.27807655930519104,
    0.9603603482246399
   ],
   [
    -0.08509877324104309,
    -0.9565955400466919,
    -0.2787170708179474
   ],
   [
    0.996181070804596,
    -0.08716902136802673,
    -0.004981017205864191
   ]
  ]
 },
 {
  "rotation_euler": [
   1.4004167318344116,
   -1.600319743156433,
   -1.1031192541122437
  ],
  "euler_order": "XYZ",
  "rotation_matrix": [
   [
    -0.013307636603713036,
    -0.2927437126636505,
    -0.9560983180999756
   ],
   [
    0.026349302381277084,
    0.9557483196258545,
    -0.29300326108932495
   ],
   [
    0.9995642304420471,
    -0.02909170463681221,
    -0.0050051589496433735
   ]
  ]
 },
 {
  "rotation_euler": [
   1.5026780366897583,
   1.6444157361984253,
   0.06732376664876938
  ],
  "euler_order": "XYZ",
  "rotation_matrix": [
   [
    -0.0733863040804863,
    0.9881454706192017,
    0.13484437763690948
   ],
   [
    -0.0049481200985610485,
    0.1348465383052826,
    -0.9908541440963745
   ],
   [
    -0.9972913265228271,
    -0.07338234782218933,
    -0.005006426014006138
   ]
  ]
 },
 {
  "rotation_euler": [
   1.5137131214141846,
   -1.6581939458847046,
   -1.4106578826904297
  ],
  "euler_order": "XYZ",
  "rotation_matrix": [
   [
    -0.013918242417275906,
    -0.10226531326770782,
    -0.9946597814559937
   ],
   [
    0.08616958558559418,
    0.9909327626228333,
    -0.1030878871679306
   ],
   [
    0.9961832761764526,
    -0.08714422583580017,
    -0.004979881923645735
   ]
  ]
 },
 {
  "rotation_euler": [
   -1.6124064922332764,
   -1.4808475971221924,
   -1.2350430488586426
  ],
  "euler_order": "XYZ",
  "rotation_matrix": [
   [
    0.029596403241157532,
    0.2885890603065491,
    0.9569954872131348
   ],
   [
    -0.084811732172966,
    -0.9532372951507568,
    0.29007863998413086
   ],
   [
    0.9959573149681091,
    -0.08974973112344742,
    -0.0037366580218076706
   ]
  ]
 },
 {
  "rotation_euler": [
   1.5026776790618896,
   1.6444157361984253,
   -0.5241855382919312
  ],
  "euler_order": "XYZ",
  "rotation_matrix": [
   [
    -0.0636771097779274,
    0.895452082157135,
    -0.44058001041412354
   ],
   [
    0.03681383281946182,
    -0.4390678405761719,
    -0.8976993560791016
   ],
   [
    -0.9972913265228271,
    -0.07338234782218933,
    -0.005006452091038227
   ]
  ]
 },
 {
  "rotation_euler": [
   -0.20010906457901,
   -0.5550886392593384,
   1.4175269603729248
  ],
  "euler_order": "XYZ",
  "rotation_matrix": [
   [
    0.1297471523284912,
    -0.9525625109672546,
    -0.27530035376548767
   ],
   [
    0.8398910760879517,
    0.2531541585922241,
    -0.4800999164581299
   ],
   [
    0.5270186066627502,
    -0.16893070936203003,
    0.8328948020935059
   ]
  ]
 },
 {
  "rotation_euler": [
   1.6373474597930908,
   1.4061039686203003,
   -0.1652657389640808
  ],
  "euler_order": "XYZ",
  "rotation_matrix": [
   [
    0.16171500086784363,
    0.959933340549469,
    -0.2288585901260376
   ],
   [
    -0.026971956714987755,
    -0.2275250256061554,
    -0.9733986258506775
   ],
   [
    -0.9864688515663147,
    0.16358593106269836,
    -0.010902930051088333
   ]
  ]
 },
 {
  "rotation_euler": [
   1.5027234554290771,
   1.6444231271743774,
   -0.9076160788536072
  ],
  "euler_order": "XYZ",
  "rotation_matrix": [
   [
    -0.04528564214706421,
    0.6661388874053955,
    -0.7444515824317932
   ],
   [
    0.05796833708882332,
    -0.7422081232070923,
    -0.6676576733589172
   ],
   [
    -0.9972907900810242,
    -0.0733899250626564,
    -0.0050035943277180195
   ]
  ]
 }
]