[
 {
  "rotation_euler": [
   -1.3007664680480957,
   1.0080327987670898,
   0.552696704864502
  ],
  "euler_order": "XYZ",
  "rotation_matrix": [
   [
    0.4540899693965912,
    -0.8338161706924438,
    -0.31393128633499146
   ],
   [
    0.2800925672054291,
    -0.2008904218673706,
    0.9387178421020508
   ],
   [
    -0.8457839488983154,
    -0.5141921639442444,
    0.14232340455055237
   ]
  ]
 },
 {
  "rotation_euler": [
   -1.218293309211731,
   1.1639163494110107,
   -1.128096580505371
  ],
  "euler_order": "XYZ",
  "rotation_matrix": [
   [
    0.16952985525131226,
    -0.0572519414126873,
    0.9838606715202332
   ],
   [
    -0.35759541392326355,
    0.9267012476921082,
    0.11554333567619324
   ],
   [
    -0.9183600544929504,
    -0.37141212821006775,
    0.13663050532341003
   ]
  ]
 },
 {
  "rotation_euler": [
   1.263471007347107,
   -0.11115498840808868,
   -0.28248482942581177
  ],
  "euler_order": "XYZ",
  "rotation_matrix": [
   [
    0.9544390439987183,
    -0.017215823754668236,
    -0.2979090213775635
   ],
   [
    -0.2770226299762726,
    0.3199917674064636,
    -0.9060152769088745
   ],
   [
    0.11092623323202133,
    0.9472638964653015,
    0.3006434738636017
   ]
  ]
 },
 {
  "rotation_euler": [
   1.8473743200302124,
   2.115847110748291,
   0.17058642208576202
  ],
  "euler_order": "XYZ",
  "rotation_matrix": [
   [
    -0.5109362602233887,
    0.8570191264152527,
    -0.06680062413215637
   ],
   [
    -0.08801417797803879,
    -0.12945649027824402,
    -0.9876712560653687
   ],
   [
    -0.8551009893417358,
    -0.49875766038894653,
    0.14157384634017944
   ]
  ]
 },
 {
  "rotation_euler": [
   1.2654513120651245,
   0.06395284831523895,
   -2.9506092071533203
  ],
  "euler_order": "XYZ",
  "rotation_matrix": [
   [
    -0.979810893535614,
    -0.0027793007902801037,
    -0.199907124042511
   ],
   [
    -0.18943649530410767,
    -0.30672672390937805,
    0.9327553510665894
   ],
   [
    -0.06390926241874695,
    0.9517935514450073,
    0.300007700920105
   ]
  ]
 },
 {
  "rotation_euler": [
   -1.20846426486969,
   1.1768934726715088,
   2.0474371910095215
  ],
  "euler_order": "XYZ",
  "rotation_matrix": [
   [
    -0.17608414590358734,
    0.08120577782392502,
    -0.9810198545455933
   ],
   [
    0.3410179018974304,
    -0.9298458099365234,
    -0.13817936182022095
   ],
   [
    -0.9234182238578796,
    -0.3588765263557434,
    0.13603848218917847
   ]
  ]
 },
 {
  "rotation_euler": [
   -1.2799198627471924,
   -1.0622295141220093,
   -2.158146858215332
  ],
  "euler_order": "XYZ",
  "rotation_matrix": [
   [
    -0.26983368396759033,
    -0.22496362030506134,
    0.9362591505050659
   ],
   [
    -0.4053229093551636,
    -0.8554505705833435,
    -0.3223626911640167
   ],
   [
    0.8734432458877563,
    -0.4664715826511383,
    0.13964645564556122
   ]
  ]
 },
 {
  "rotation_euler": [
   -0.1870853155851364,
   -1.4167193174362183,
   -0.9994205236434937
  ],
  "euler_order": "XYZ",
  "rotation_matrix": [
   [
    0.0829939916729927,
    0.9258731007575989,
    -0.368606835603714
   ],
   [
    -0.12909089028835297,
    0.37675485014915466,
    0.9172738790512085
   ],
   [
    0.9881535768508911,
    -0.028544433414936066,
    0.15079016983509064
   ]
  ]
 },
 {
  "rotation_euler": [
   1.2664551734924316,
   0.03808290883898735,
   -0.22552520036697388
  ],
  "euler_order": "XYZ",
  "rotation_matrix": [
   [
    0.9739701151847839,
    0.10241467505693436,
    -0.20222139358520508
   ],
   [
    -0.22345615923404694,
    0.2839534878730774,
    -0.932436466217041
   ],
   [
    -0.03807370364665985,
    0.9533528685569763,
    0.2994473874568939
   ]
  ]
 },
 {
  "rotation_euler": [
   1.257720708847046,
   0.17204439640045166,
   2.20206880569458
  ],
  "euler_order": "XYZ",
  "rotation_matrix": [
   [
    -0.581459641456604,
    -0.344754695892334,
    0.7369185090065002
   ],
   [
    0.795359194278717,
    -0.050279565155506134,
    0.6040493845939636
   ],
   [
    -0.17119692265987396,
    0.9373452663421631,
    0.30343934893608093
   ]
  ]
 },
 {
  "rotation_euler": [
   -1.253596305847168,
   -1.1136868000030518,
   -1.5123423337936401
  ],
  "euler_order": "XYZ",
  "rotation_matrix": [
   [
    0.025784345343708992,
    0.361182302236557,
    0.9321386814117432
   ],
   [
    -0.4406024217605591,
    -0.8328883051872253,
    0.3349127769470215
   ],
   [
    0.897331953048706,
    -0.41933807730674744,
    0.13766232132911682
   ]
  ]
 },
 {
  "rotation_euler": [
   1.2667824029922485,
   0.0170376505702734,
   2.874569892883301
  ],
  "euler_order": "XYZ",
  "rotation_matrix": [
   [
    -0.964420735836029,
    -0.09466688334941864,
    0.2468416392803192
   ],
   [
    0.2638225853443146,
    -0.28445443511009216,
    0.9216741919517517
   ],
   [
    -0.01703682541847229,
    0.9540041089057922,
    0.29930901527404785
   ]
  ]
 },
 {
  "rotation_euler": [
   -1.3075495958328247,
   0.9903746843338013,
   1.1633658409118652
  ],
  "euler_order": "XYZ",
  "rotation_matrix": [
   [
    0.21729502081871033,
    -0.5588587522506714,
    -0.8002873063087463
   ],
   [
    0.5034875869750977,
    -0.6382181644439697,
    0.582389771938324
   ],
   [
    -0.836231529712677,
    -0.5294851064682007,
    0.1426967978477478
   ]
  ]
 },
 {
  "rotation_euler": [
   -1.346055030822754,
   -0.8725656867027283,
   -0.07229790091514587
  ],
  "euler_order": "XYZ",
  "rotation_matrix": [
   [
    0.6411840319633484,
    0.7608649730682373,
    -0.09983773529529572
   ],
   [
    -0.04643719643354416,
    0.16833288967609406,
    0.9846357703208923
   ],
   [
    0.7659808397293091,
    -0.6266965270042419,
    0.1432647854089737
   ]
  ]
 },
 {
  "rotation_euler": [
   1.2664554119110107,
   0.03583645448088646,
   -1.8726283311843872
  ],
  "euler_order": "XYZ",
  "rotation_matrix": [
   [
    -0.29707902669906616,
    0.27595630288124084,
    -0.9141073226928711
   ],
   [
    -0.9541804790496826,
    -0.12171821296215057,
    0.2733575105667114
   ],
   [
    -0.035828784108161926,
    0.9534321427345276,
    0.29947203397750854
   ]
  ]
 },
 {
  "rotation_euler": [
   1.2574920654296875,
   0.17454013228416443,
   -2.5155930519104004
  ],
  "euler_order": "XYZ",
  "rotation_matrix": [
   [
    -0.7980653643608093,
    0.0467030294239521,
    -0.6007582545280457
   ],
   [
    -0.5770056247711182,
    -0.3465544581413269,
    0.7395704984664917
   ],
   [
    -0.17365527153015137,
    0.9368665218353271,
    0.3035210371017456
   ]
  ]
 }
]