[
 {
  "rotation_euler": [
   -0.0032732419203966856,
   0.02017786353826523,
   -1.46604585647583
  ],
  "euler_order": "XYZ",
  "rotation_matrix": [
   [
    0.1045377254486084,
    0.9945064783096313,
    0.00536491721868515
   ],
   [
    -0.9943162202835083,
    0.10462412983179092,
    -0.019723547622561455
   ],
   [
    -0.020176494494080544,
    -0.003272569738328457,
    0.9997910857200623
   ]
  ]
 },
 {
  "rotation_euler": [
   -0.00340512627735734,
   0.020162109285593033,
   -1.6029306650161743
  ],
  "euler_order": "XYZ",
  "rotation_matrix": [
   [
    -0.03212227672338486,
    0.999480128288269,
    0.0027556249406188726
   ],
   [
    -0.999280571937561,
    -0.032060008496046066,
    -0.020259620621800423
   ],
   [
    -0.020160743966698647,
    -0.0034044275525957346,
    0.9997909665107727
   ]
  ]
 },
 {
  "rotation_euler": [
   -0.003401413792744279,
   0.02016431838274002,
   2.080077648162842
  ],
  "euler_order": "XYZ",
  "rotation_matrix": [
   [
    -0.4874507784843445,
    -0.8730566501617432,
    -0.012800140306353569
   ],
   [
    0.872917652130127,
    -0.487606942653656,
    0.015945717692375183
   ],
   [
    -0.020162951201200485,
    -0.0034007157664746046,
    0.9997909069061279
   ]
  ]
 },
 {
  "rotation_euler": [
   0.15492881834506989,
   -0.9150230884552002,
   2.861239194869995
  ],
  "euler_order": "XYZ",
  "rotation_matrix": [
   [
    -0.5859653353691101,
    -0.15585385262966156,
    0.7952070236206055
   ],
   [
    0.16872113943099976,
    -0.9832883477210999,
    -0.06839040666818619
   ],
   [
    0.7925766706466675,
    0.09409382194280624,
    0.602468729019165
   ]
  ]
 },
 {
  "rotation_euler": [
   -0.07843069732189178,
   -0.046115681529045105,
   2.5357892513275146
  ],
  "euler_order": "XYZ",
  "rotation_matrix": [
   [
    -0.8211709260940552,
    -0.5706413388252258,
    -0.006835216656327248
   ],
   [
    0.5688173174858093,
    -0.8174611330032349,
    -0.09057679027318954
   ],
   [
    0.04609933868050575,
    -0.07826701551675797,
    0.9958660006523132
   ]
  ]
 },
 {
  "rotation_euler": [
   1.172015905380249,
   -0.9081729650497437,
   -0.18666204810142517
  ],
  "euler_order": "XYZ",
  "rotation_matrix": [
   [
    0.6045008897781372,
    -0.641840934753418,
    -0.47182509303092957
   ],
   [
    -0.11416641622781754,
    0.5163774490356445,
    -0.8487168550491333
   ],
   [
    0.7883810997009277,
    0.5669166445732117,
    0.2388739436864853
   ]
  ]
 },
 {
  "rotation_euler": [
   1.841507077217102,
   0.20303750038146973,
   0.6950622797012329
  ],
  "euler_order": "XYZ",
  "rotation_matrix": [
   [
    0.7522377371788025,
    0.32048869132995605,
    0.5756955742835999
   ],
   [
    0.6272778511047363,
    -0.08094222098588943,
    -0.7745778560638428
   ],
   [
    -0.2016453593969345,
    0.9437877535820007,
    -0.26192325353622437
   ]
  ]
 },
 {
  "rotation_euler": [
   -1.622408390045166,
   -0.8951965570449829,
   -0.37416335940361023
  ],
  "euler_order": "XYZ",
  "rotation_matrix": [
   [
    0.5820987224578857,
    0.7065210342407227,
    0.4024786651134491
   ],
   [
    -0.22856725752353668,
    -0.3328467011451721,
    0.9148606657981873
   ],
   [
    0.7803320288658142,
    -0.6245326995849609,
    -0.03226207196712494
   ]
  ]
 },
 {
  "rotation_euler": [
   -0.04541553929448128,
   -0.309160053730011,
   2.6038975715637207
  ],
  "euler_order": "XYZ",
  "rotation_matrix": [
   [
    -0.818170964717865,
    -0.5234937071800232,
    0.23780374228954315
   ],
   [
    0.4878759980201721,
    -0.8509312272071838,
    -0.19466131925582886
   ],
   [
    0.3042586147785187,
    -0.04324749484658241,
    0.9516072273254395
   ]
  ]
 },
 {
  "rotation_euler": [
   0.8381929993629456,
   -1.032615065574646,
   -2.553102970123291
  ],
  "euler_order": "XYZ",
  "rotation_matrix": [
   [
    -0.42634978890419006,
    0.9022215604782104,
    0.0649779736995697
   ],
   [
    -0.2845332622528076,
    -0.2019515335559845,
    0.9371533393859863
   ],
   [
    0.8586423397064209,
    0.3810667395591736,
    0.34281402826309204
   ]
  ]
 },
 {
  "rotation_euler": [
   -1.673526406288147,
   -0.4526350200176239,
   0.3912147581577301
  ],
  "euler_order": "XYZ",
  "rotation_matrix": [
   [
    0.8313527703285217,
    0.4412662386894226,
    -0.3378411829471588
   ],
   [
    0.3429127633571625,
    0.07108090072870255,
    0.9366740584373474
   ],
   [
    0.4373367130756378,
    -0.8945566415786743,
    -0.09222252666950226
   ]
  ]
 },
 {
  "rotation_euler": [
   -1.0798652172088623,
   -0.6940175294876099,
   1.4797499179840088
  ],
  "euler_order": "XYZ",
  "rotation_matrix": [
   [
    0.0698891282081604,
    -0.41820743680000305,
    -0.9056589007377625
   ],
   [
    0.765498697757721,
    0.6046144366264343,
    -0.2201206386089325
   ],
   [
    0.6396305561065674,
    -0.6778966784477234,
    0.36239323019981384
   ]
  ]
 },
 {
  "rotation_euler": [
   1.0653953552246094,
   -2.4280805587768555,
   0.2854621112346649
  ],
  "euler_order": "XYZ",
  "rotation_matrix": [
   [
    -0.7254710793495178,
    -0.6858331561088562,
    -0.05765950679779053
   ],
   [
    -0.21290940046310425,
    0.3033011853694916,
    -0.9288045763969421
   ],
   [
    0.6544932126998901,
    -0.6615446209907532,
    -0.36605656147003174
   ]
  ]
 },
 {
  "rotation_euler": [
   0.10787811130285263,
   0.06699158996343613,
   2.7466466426849365
  ],
  "euler_order": "XYZ",
  "rotation_matrix": [
   [
    -0.9209468960762024,
    -0.38917434215545654,
    -0.020002426579594612
   ],
   [
    0.38389530777931213,
    -0.9148784875869751,
    0.1249869167804718
   ],
   [
    -0.06694149225950241,
    0.10742747783660889,
    0.9919567108154297
   ]
  ]
 },
 {
  "rotation_euler": [
   -0.13985593616962433,
   -0.9799215793609619,
   -0.9550760984420776
  ],
  "euler_order": "XYZ",
  "rotation_matrix": [
   [
    0.3217441141605377,
    0.8752468824386597,
    -0.3611420691013336
   ],
   [
    -0.4547828137874603,
    0.47740137577056885,
    0.7518380880355835
   ],
   [
    0.8304536938667297,
    -0.0776582807302475,
    0.5516483187675476
   ]
  ]
 },
 {
  "rotation_euler": [
   0.1652870774269104,
   0.15074777603149414,
   3.0994372367858887
  ],
  "euler_order": "XYZ",
  "rotation_matrix": [
   [
    -0.987780749797821,
    -0.06625614315271378,
    -0.14106512069702148
   ],
   [
    0.04166499152779579,
    -0.984453558921814,
    0.1706319898366928
   ],
   [
    -0.150177463889122,
    0.16266950964927673,
    0.9751847982406616
   ]
  ]
 }
]