[
 {
  "rotation_euler": [
   -1.950039029121399,
   0.43758895993232727,
   1.147237777709961
  ],
  "euler_order": "XYZ",
  "rotation_matrix": [
   [
    0.37228038907051086,
    0.17571009695529938,
    -0.9113360047340393
   ],
   [
    0.8257344961166382,
    -0.5110230445861816,
    0.23878444731235504
   ],
   [
    -0.42375683784484863,
    -0.8414162993431091,
    -0.3353337347507477
   ]
  ]
 },
 {
  "rotation_euler": [
   -1.825493574142456,
   -0.23189574480056763,
   -0.4066513180732727
  ],
  "euler_order": "XYZ",
  "rotation_matrix": [
   [
    0.8938658237457275,
    0.10461518913507462,
    0.4359581768512726
   ],
   [
    -0.3849484324455261,
    -0.31937649846076965,
    0.8659176230430603
   ],
   [
    0.22982293367385864,
    -0.9418355822563171,
    -0.24520829319953918
   ]
  ]
 },
 {
  "rotation_euler": [
   -1.8467293977737427,
   -0.3649919927120209,
   0.4085789620876312
  ],
  "euler_order": "XYZ",
  "rotation_matrix": [
   [
    0.8572352528572083,
    0.42341333627700806,
    -0.2930339574813843
   ],
   [
    0.37113380432128906,
    -0.11356855183839798,
    0.9216083288192749
   ],
   [
    0.356941819190979,
    -0.8987899422645569,
    -0.2544979751110077
   ]
  ]
 },
 {
  "rotation_euler": [
   1.3094662427902222,
   -2.8652310371398926,
   -0.2978523373603821
  ],
  "euler_order": "XYZ",
  "rotation_matrix": [
   [
    -0.9196943044662476,
    -0.17616459727287292,
    -0.35089659690856934
   ],
   [
    0.28233203291893005,
    0.3243456184864044,
    -0.9028225541114807
   ],
   [
    0.272857129573822,
    -0.9293900728225708,
    -0.24856190383434296
   ]
  ]
 },
 {
  "rotation_euler": [
   -1.8297066688537598,
   -0.2611396610736847,
   -1.5538198947906494
  ],
  "euler_order": "XYZ",
  "rotation_matrix": [
   [
    0.016400082036852837,
    -0.2517537474632263,
    0.9676523804664612
   ],
   [
    -0.9659571647644043,
    -0.2538866698741913,
    -0.04968225583434105
   ],
   [
    0.25818175077438354,
    -0.9338959455490112,
    -0.24734710156917572
   ]
  ]
 },
 {
  "rotation_euler": [
   -1.9518464803695679,
   0.4361409842967987,
   0.7318515181541443
  ],
  "euler_order": "XYZ",
  "rotation_matrix": [
   [
    0.6742973327636719,
    -0.043213095515966415,
    -0.7371945381164551
   ],
   [
    0.6056925654411316,
    -0.5387174487113953,
    0.5855937600135803
   ],
   [
    -0.4224448502063751,
    -0.8413775563240051,
    -0.3370818495750427
   ]
  ]
 },
 {
  "rotation_euler": [
   -1.9518462419509888,
   0.4361419379711151,
   0.7294758558273315
  ],
  "euler_order": "XYZ",
  "rotation_matrix": [
   [
    0.6757340431213379,
    -0.04449355602264404,
    -0.7358015179634094
   ],
   [
    0.6040886640548706,
    -0.5386136174201965,
    0.5873433351516724
   ],
   [
    -0.42244571447372437,
    -0.8413772583007812,
    -0.3370814919471741
   ]
  ]
 },
 {
  "rotation_euler": [
   -1.833343505859375,
   -0.28396812081336975,
   2.1768054962158203
  ],
  "euler_order": "XYZ",
  "rotation_matrix": [
   [
    -0.5467804074287415,
    0.05921182408928871,
    -0.8351796865463257
   ],
   [
    0.7890105247497559,
    0.37021851539611816,
    -0.49030667543411255
   ],
   [
    0.2801670432090759,
    -0.9270556569099426,
    -0.2491469830274582
   ]
  ]
 },
 {
  "rotation_euler": [
   -1.8446547985076904,
   -0.35533371567726135,
   -0.4293341636657715
  ],
  "euler_order": "XYZ",
  "rotation_matrix": [
   [
    0.8524430990219116,
    0.19196228682994843,
    0.4863036572933197
   ],
   [
    -0.39026156067848206,
    -0.38532641530036926,
    0.8361934423446655
   ],
   [
    0.3479032516479492,
    -0.9025929570198059,
    -0.2535533607006073
   ]
  ]
 },
 {
  "rotation_euler": [
   -1.8327465057373047,
   -0.28024059534072876,
   1.2631657123565674
  ],
  "euler_order": "XYZ",
  "rotation_matrix": [
   [
    0.2909887433052063,
    0.3277011215686798,
    -0.8988534808158875
   ],
   [
    0.9158740639686584,
    0.176194965839386,
    0.3607354462146759
   ],
   [
    0.2765868604183197,
    -0.9282065033912659,
    -0.24886220693588257
   ]
  ]
 },
 {
  "rotation_euler": [
   -1.8531243801116943,
   -0.40274015069007874,
   -0.8594461679458618
  ],
  "euler_order": "XYZ",
  "rotation_matrix": [
   [
    0.600622296333313,
    0.03472241014242172,
    0.7987785935401917
   ],
   [
    -0.6968753933906555,
    -0.46701470017433167,
    0.5442994832992554
   ],
   [
    0.391940712928772,
    -0.8835675716400146,
    -0.25630223751068115
   ]
  ]
 },
 {
  "rotation_euler": [
   1.3163130283355713,
   -2.908627986907959,
   -0.07921592146158218
  ],
  "euler_order": "XYZ",
  "rotation_matrix": [
   [
    -0.9699349999427795,
    -0.2028057724237442,
    -0.13452096283435822
   ],
   [
    0.07699541747570038,
    0.26863646507263184,
    -0.960159420967102
   ],
   [
    0.23086310923099518,
    -0.9416497349739075,
    -0.24494479596614838
   ]
  ]
 },
 {
  "rotation_euler": [
   -1.8252803087234497,
   -0.23296251893043518,
   0.2690523564815521
  ],
  "euler_order": "XYZ",
  "rotation_matrix": [
   [
    0.9379818439483643,
    0.2823062539100647,
    -0.20122945308685303
   ],
   [
    0.258637398481369,
    -0.18329843878746033,
    0.9484241604804993
   ],
   [
    0.23086102306842804,
    -0.9416500926017761,
    -0.24494555592536926
   ]
  ]
 },
 {
  "rotation_euler": [
   1.1897993087768555,
   2.7048134803771973,
   -0.6613860726356506
  ],
  "euler_order": "XYZ",
  "rotation_matrix": [
   [
    -0.7150561213493347,
    0.538280189037323,
    -0.4460372030735016
   ],
   [
    0.5565484166145325,
    0.052244655787944794,
    -0.8291708827018738
   ],
   [
    -0.4230232238769531,
    -0.8411450386047363,
    -0.3369368314743042
   ]
  ]
 },
 {
  "rotation_euler": [
   -1.8403184413909912,
   -0.3305525481700897,
   -1.9504764080047607
  ],
  "euler_order": "XYZ",
  "rotation_matrix": [
   [
    -0.35055896639823914,
    -0.3632567822933197,
    0.8632224202156067
   ],
   [
    -0.878501832485199,
    -0.19188208878040314,
    -0.4375108778476715
   ],
   [
    0.32456570863723755,
    -0.9117158651351929,
    -0.2518557608127594
   ]
  ]
 },
 {
  "rotation_euler": [
   -1.823272705078125,
   -0.193094402551651,
   1.600467324256897
  ],
  "euler_order": "XYZ",
  "rotation_matrix": [
   [
    -0.02911529317498207,
    0.24418018758296967,
    -0.9692927002906799
   ],
   [
    0.9809831380844116,
    0.19314198195934296,
    0.019189078360795975
   ],
   [
    0.1918967068195343,
    -0.9503011107444763,
    -0.2451600432395935
   ]
  ]
 }
]