[
 {
  "rotation_euler": [
   -1.697225542329761e-07,
   -1.3646599938965664e-07,
   1.323851466178894
  ],
  "euler_order": "XYZ",
  "rotation_matrix": [
   [
    0.2444426417350769,
    -0.9696637392044067,
    -1.9793192507222557e-07
   ],
   [
    0.9696637392044067,
    0.2444426417350769,
    -9.083870367021518e-08
   ],
   [
    1.3646599938965664e-07,
    -1.697225542329761e-07,
    1.0
   ]
  ]
 },
 {
  "rotation_euler": [
   4.082910953773222e-10,
   3.102539025690021e-08,
   0.4256788492202759
  ],
  "euler_order": "XYZ",
  "rotation_matrix": [
   [
    0.9107586145401001,
    -0.4129391312599182,
    2.8425240827800735e-08
   ],
   [
    0.4129391312599182,
    0.9107586145401001,
    1.2439743457548502e-08
   ],
   [
    -3.102539025690021e-08,
    4.082910953773222e-10,
    1.0
   ]
  ]
 },
 {
  "rotation_euler": [
   3.964090211638904e-08,
   4.21117967164264e-08,
   1.2114489078521729
  ],
  "euler_order": "XYZ",
  "rotation_matrix": [
   [
    0.35166341066360474,
    -0.9361265301704407,
    5.191807872506615e-08
   ],
   [
    0.9361265301704407,
    0.35166341066360474,
    2.5481714516217835e-08
   ],
   [
    -4.21117967164264e-08,
    3.964090211638904e-08,
    1.0
   ]
  ]
 },
 {
  "rotation_euler": [
   9.227305497461202e-08,
   -2.097879647777745e-09,
   0.498335063457489
  ],
  "euler_order": "XYZ",
  "rotation_matrix": [
   [
    0.8783795833587646,
    -0.47796374559402466,
    4.226044225674741e-08
   ],
   [
    0.47796374559402466,
    0.8783795833587646,
    -8.205347512557637e-08
   ],
   [
    2.097879647777745e-09,
    9.227305497461202e-08,
    1.0
   ]
  ]
 },
 {
  "rotation_euler": [
   -6.027331096447597e-07,
   -3.412841564909286e-08,
   1.9048353433609009
  ],
  "euler_order": "XYZ",
  "rotation_matrix": [
   [
    -0.3278614580631256,
    -0.9447258114814758,
    -5.582281232818787e-07
   ],
   [
    0.9447258114814758,
    -0.3278614580631256,
    -2.298549475199252e-07
   ],
   [
    3.412841564909286e-08,
    -6.027331096447597e-07,
    1.0
   ]
  ]
 },
 {
  "rotation_euler": [
   4.580237202844728e-07,
   6.636648564040115e-09,
   -2.387979507446289
  ],
  "euler_order": "XYZ",
  "rotation_matrix": [
   [
    -0.7292212247848511,
    0.6842780113220215,
    -3.1825513246985793e-07
   ],
   [
    -0.6842780113220215,
    -0.7292212247848511,
    3.2945931138783635e-07
   ],
   [
    -6.636648564040115e-09,
    4.580237202844728e-07,
    1.0
   ]
  ]
 },
 {
  "rotation_euler": [
   1.0486947843446615e-07,
   5.932286217813498e-09,
   -1.9495739936828613
  ],
  "euler_order": "XYZ",
  "rotation_matrix": [
   [
    -0.36978504061698914,
    0.9291173219680786,
    -9.962972313815044e-08
   ],
   [
    -0.9291173219680786,
    -0.36978504061698914,
    3.326737640918509e-08
   ],
   [
    -5.932286217813498e-09,
    1.0486947843446615e-07,
    1.0
   ]
  ]
 },
 {
  "rotation_euler": [
   -8.518725280737272e-08,
   3.450076890842979e-09,
   1.6449190378189087
  ],
  "euler_order": "XYZ",
  "rotation_matrix": [
   [
    -0.07405485212802887,
    -0.9972541928291321,
    -8.520883909568511e-08
   ],
   [
    0.9972541928291321,
    -0.07405485212802887,
    -2.86792611881026e-09
   ],
   [
    -3.450076890842979e-09,
    -8.518725280737272e-08,
    1.0
   ]
  ]
 },
 {
  "rotation_euler": [
   -7.360892482211057e-07,
   6.119229567502771e-08,
   -0.9821007251739502
  ],
  "euler_order": "XYZ",
  "rotation_matrix": [
   [
    0.5552766919136047,
    0.8316656947135925,
    6.461588100137305e-07
   ],
   [
    -0.8316656947135925,
    0.5552766919136047,
    3.5784165675067925e-07
   ],
   [
    -6.119229567502771e-08,
    -7.360892482211057e-07,
    1.0
   ]
  ]
 },
 {
  "rotation_euler": [
   5.744583031486172e-09,
   4.060848013409668e-08,
   -1.7251348495483398
  ],
  "euler_order": "XYZ",
  "rotation_matrix": [
   [
    -0.1537265181541443,
    0.9881134629249573,
    -1.1918899645024794e-08
   ],
   [
    -0.9881134629249573,
    -0.1537265181541443,
    -3.924268909827333e-08
   ],
   [
    -4.060848013409668e-08,
    5.744583031486172e-09,
    1.0
   ]
  ]
 },
 {
  "rotation_euler": [
   9.495568065176485e-08,
   2.9266397305605096e-08,
   2.882145881652832
  ],
  "euler_order": "XYZ",
  "rotation_matrix": [
   [
    -0.9665320515632629,
    -0.25654587149620056,
    -3.926422742495106e-09
   ],
   [
    0.25654587149620056,
    -0.9665320515632629,
    9.928588440288877e-08
   ],
   [
    -2.9266397305605096e-08,
    9.495568065176485e-08,
    1.0
   ]
  ]
 },
 {
  "rotation_euler": [
   1.4275967714638682e-06,
   5.271707337328735e-08,
   -1.4178965091705322
  ],
  "euler_order": "XYZ",
  "rotation_matrix": [
   [
    0.1523047536611557,
    0.9883335828781128,
    -1.4029127441972378e-06
   ],
   [
    -0.9883335828781128,
    0.1523047536611557,
    -2.6953182441502577e-07
   ],
   [
    -5.271707337328735e-08,
    1.4275967714638682e-06,
    1.0
   ]
  ]
 },
 {
  "rotation_euler": [
   -1.960761210284545e-06,
   8.431768350192215e-08,
   -2.2882943153381348
  ],
  "euler_order": "XYZ",
  "rotation_matrix": [
   [
    -0.6575015783309937,
    0.7534531354904175,
    1.421902766196581e-06
   ],
   [
    -0.7534531354904175,
    -0.6575015783309937,
    -1.3527330793294823e-06
   ],
   [
    -8.431768350192215e-08,
    -1.960761210284545e-06,
    1.0
   ]
  ]
 },
 {
  "rotation_euler": [
   -1.2982712860321044e-07,
   -9.934641553854817e-09,
   -1.755172848701477
  ],
  "euler_order": "XYZ",
  "rotation_matrix": [
   [
    -0.18333366513252258,
    0.9830507636070251,
    1.2944801142111828e-07
   ],
   [
    -0.9830507636070251,
    -0.18333366513252258,
    -1.4035425266456514e-08
   ],
   [
    9.934641553854817e-09,
    -1.2982712860321044e-07,
    1.0
   ]
  ]
 },
 {
  "rotation_euler": [
   -3.1522809251782746e-08,
   -1.567285146109043e-08,
   0.7256019115447998
  ],
  "euler_order": "XYZ",
  "rotation_matrix": [
   [
    0.7481001615524292,
    -0.6635858416557312,
    -3.2642951452999114e-08
   ],
   [
    0.6635858416557312,
    0.7481001615524292,
    1.3181935543116197e-08
   ],
   [
    1.567285146109043e-08,
    -3.1522809251782746e-08,
    1.0
   ]
  ]
 },
 {
  "rotation_euler": [
   1.955779396212165e-07,
   -1.0686498796985688e-08,
   -0.24022653698921204
  ],
  "euler_order": "XYZ",
  "rotation_matrix": [
   [
    0.9712840914726257,
    0.23792266845703125,
    -5.691205018365508e-08
   ],
   [
    -0.23792266845703125,
    0.9712840914726257,
    -1.8741918950127e-07
   ],
   [
    1.0686498796985688e-08,
    1.955779396212165e-07,
    1.0
   ]
  ]
 }
]