[
 {
  "rotation_euler": [
   2.210312604904175,
   1.452545166015625,
   -0.1974356770515442
  ],
  "euler_order": "XYZ",
  "rotation_matrix": [
   [
    0.11568382382392883,
    0.6642348170280457,
    -0.7385183572769165
   ],
   [
    -0.023141590878367424,
    -0.741506040096283,
    -0.6705469489097595
   ],
   [
    -0.9930164813995361,
    0.09466192871332169,
    -0.07040880620479584
   ]
  ]
 },
 {
  "rotation_euler": [
   -1.3415822982788086,
   -1.8035260438919067,
   -1.462040901184082
  ],
  "euler_order": "XYZ",
  "rotation_matrix": [
   [
    -0.025033337995409966,
    0.32872241735458374,
    0.9440947771072388
   ],
   [
    0.22927190363407135,
    -0.9173305630683899,
    0.3254827558994293
   ],
   [
    0.9730404615402222,
    0.2246023267507553,
    -0.05240296944975853
   ]
  ]
 },
 {
  "rotation_euler": [
   -1.3415820598602295,
   -1.8035259246826172,
   1.1368829011917114
  ],
  "euler_order": "XYZ",
  "rotation_matrix": [
   [
    -0.09696441143751144,
    0.192234605550766,
    -0.9765468835830688
   ],
   [
    -0.20926089584827423,
    0.9553008675575256,
    0.20883047580718994
   ],
   [
    0.9730404615402222,
    0.22460219264030457,
    -0.05240299552679062
   ]
  ]
 },
 {
  "rotation_euler": [
   -1.34158194065094,
   -1.8035261631011963,
   1.245886206626892
  ],
  "euler_order": "XYZ",
  "rotation_matrix": [
   [
    -0.07362401485443115,
    0.08716870099306107,
    -0.99346923828125
   ],
   [
    -0.21856768429279327,
    0.9705438613891602,
    0.10135480016469955
   ],
   [
    0.9730404019355774,
    0.22460241615772247,
    -0.05240307375788689
   ]
  ]
 },
 {
  "rotation_euler": [
   -2.2500762939453125,
   1.5356831550598145,
   0.2634187340736389
  ],
  "euler_order": "XYZ",
  "rotation_matrix": [
   [
    0.033894993364810944,
    -0.5871434807777405,
    -0.8087729215621948
   ],
   [
    0.009140989743173122,
    -0.8090219497680664,
    0.5877073407173157
   ],
   [
    -0.9993835687637329,
    -0.027313321828842163,
    -0.022054720669984818
   ]
  ]
 },
 {
  "rotation_euler": [
   -1.3415822982788086,
   -1.8035260438919067,
   1.394897222518921
  ],
  "euler_order": "XYZ",
  "rotation_matrix": [
   [
    -0.04035952687263489,
    -0.05788402259349823,
    -0.9975071549415588
   ],
   [
    -0.2270757257938385,
    0.9727298021316528,
    -0.0472586527466774
   ],
   [
    0.9730404615402222,
    0.2246023267507553,
    -0.05240296944975853
   ]
  ]
 },
 {
  "rotation_euler": [
   -0.953987717628479,
   1.6947506666183472,
   -0.5364641547203064
  ],
  "euler_order": "XYZ",
  "rotation_matrix": [
   [
    -0.10626876354217529,
    -0.40011852979660034,
    0.9102813601493835
   ],
   [
    0.06319095939397812,
    0.9108971357345581,
    0.40776628255844116
   ],
   [
    -0.9923275113105774,
    0.10085437446832657,
    -0.07151603698730469
   ]
  ]
 },
 {
  "rotation_euler": [
   1.8000108003616333,
   -1.338066577911377,
   -1.5201975107192993
  ],
  "euler_order": "XYZ",
  "rotation_matrix": [
   [
    0.011664855293929577,
    -0.2748483419418335,
    -0.9614168405532837
   ],
   [
    -0.23033936321735382,
    0.9348862171173096,
    -0.2700584828853607
   ],
   [
    0.9730404615402222,
    0.2246023267507553,
    -0.05240307375788689
   ]
  ]
 },
 {
  "rotation_euler": [
   1.984194278717041,
   1.3970448970794678,
   -0.06786197423934937
  ],
  "euler_order": "XYZ",
  "rotation_matrix": [
   [
    0.17248058319091797,
    0.8726556897163391,
    -0.45686158537864685
   ],
   [
    -0.011722873896360397,
    -0.4619613587856293,
    -0.8868225812911987
   ],
   [
    -0.984943151473999,
    0.15831540524959564,
    -0.06944932788610458
   ]
  ]
 },
 {
  "rotation_euler": [
   2.162646770477295,
   1.4399571418762207,
   -0.10979773104190826
  ],
  "euler_order": "XYZ",
  "rotation_matrix": [
   [
    0.1296805739402771,
    0.7567286491394043,
    -0.6407376527786255
   ],
   [
    -0.01429612748324871,
    -0.6447001099586487,
    -0.7643018960952759
   ],
   [
    -0.9914527535438538,
    0.1082751676440239,
    -0.07278679311275482
   ]
  ]
 },
 {
  "rotation_euler": [
   1.8000102043151855,
   -1.3380664587020874,
   -1.5327856540679932
  ],
  "euler_order": "XYZ",
  "rotation_matrix": [
   [
    0.00876446720212698,
    -0.26305779814720154,
    -0.9647402763366699
   ],
   [
    -0.23046806454658508,
    0.9382719993591309,
    -0.2579343914985657
   ],
   [
    0.9730404019355774,
    0.22460247576236725,
    -0.05240296944975853
   ]
  ]
 },
 {
  "rotation_euler": [
   1.7624870538711548,
   -1.3003610372543335,
   -1.2118299007415771
  ],
  "euler_order": "XYZ",
  "rotation_matrix": [
   [
    0.09385191649198532,
    -0.5107128620147705,
    -0.8546134829521179
   ],
   [
    -0.2501228451728821,
    0.818775475025177,
    -0.516764223575592
   ],
   [
    0.9636546969413757,
    0.2622576653957367,
    -0.05089730769395828
   ]
  ]
 },
 {
  "rotation_euler": [
   -1.0039929151535034,
   1.7122611999511719,
   -0.8522259593009949
  ],
  "euler_order": "XYZ",
  "rotation_matrix": [
   [
    -0.09281732141971588,
    -0.14563721418380737,
    0.9849745035171509
   ],
   [
    0.10613252967596054,
    0.982161819934845,
    0.155222550034523
   ],
   [
    -0.9900104999542236,
    0.1189451739192009,
    -0.07570478320121765
   ]
  ]
 },
 {
  "rotation_euler": [
   -0.9840611219406128,
   -1.097307562828064,
   0.06391415745019913
  ],
  "euler_order": "XYZ",
  "rotation_matrix": [
   [
    0.4550629258155823,
    0.7042606472969055,
    -0.544917106628418
   ],
   [
    0.029124632477760315,
    0.5998516082763672,
    0.7995810508728027
   ],
   [
    0.8899828791618347,
    -0.3797301948070526,
    0.2524589002132416
   ]
  ]
 },
 {
  "rotation_euler": [
   0.8929161429405212,
   -1.2664432525634766,
   0.9216256141662598
  ],
  "euler_order": "XYZ",
  "rotation_matrix": [
   [
    0.18116196990013123,
    -0.948800265789032,
    0.2587631940841675
   ],
   [
    0.23871755599975586,
    -0.21282316744327545,
    -0.9474809765815735
   ],
   [
    0.9540410041809082,
    0.23341883718967438,
    0.1879398226737976
   ]
  ]
 },
 {
  "rotation_euler": [
   1.8001327514648438,
   -1.3381402492523193,
   1.1126381158828735
  ],
  "euler_order": "XYZ",
  "rotation_matrix": [
   [
    0.10197725892066956,
    -0.21522556245326996,
    0.9712253212928772
   ],
   [
    0.20678459107875824,
    -0.9504030346870422,
    -0.23232339322566986
   ],
   [
    0.9730574488639832,
    0.22452612221240997,
    -0.052414167672395706
   ]
  ]
 }
]