[
 {
  "rotation_euler": [
   1.495694637298584,
   -0.41528886556625366,
   0.4592788815498352
  ],
  "euler_order": "XYZ",
  "rotation_matrix": [
   [
    0.8201805949211121,
    -0.3938872814178467,
    0.41491761803627014
   ],
   [
    0.40562108159065247,
    -0.11109204590320587,
    -0.9072651863098145
   ],
   [
    0.4034542739391327,
    0.9124206304550171,
    0.06865344941616058
   ]
  ]
 },
 {
  "rotation_euler": [
   2.8209849915583618e-05,
   1.7338792531518266e-05,
   -1.0952785015106201
  ],
  "euler_order": "XYZ",
  "rotation_matrix": [
   [
    0.45779889822006226,
    0.8890557885169983,
    -1.7142450815299526e-05
   ],
   [
    -0.8890557885169983,
    0.45779889822006226,
    -2.8329592169029638e-05
   ],
   [
    -1.7338792531518266e-05,
    2.8209849915583618e-05,
    1.0
   ]
  ]
 },
 {
  "rotation_euler": [
   6.383683739841217e-06,
   1.5804524764462258e-06,
   3.0490565299987793
  ],
  "euler_order": "XYZ",
  "rotation_matrix": [
   [
    -0.9957215785980225,
    -0.09240411967039108,
    -9.83812014965224e-07
   ],
   [
    0.09240411967039108,
    -0.9957215785980225,
    6.5024119066947605e-06
   ],
   [
    -1.5804524764462258e-06,
    6.383683739841217e-06,
    1.0
   ]
  ]
 },
 {
  "rotation_euler": [
   -5.6719522945059e-07,
   7.2338034442509525e-06,
   -2.8785102367401123
  ],
  "euler_order": "XYZ",
  "rotation_matrix": [
   [
    -0.9655929803848267,
    0.26005813479423523,
    -6.837406090198783e-06
   ],
   [
    -0.26005813479423523,
    -0.9655929803848267,
    -2.428889274597168e-06
   ],
   [
    -7.2338034442509525e-06,
    -5.6719522945059e-07,
    1.0
   ]
  ]
 },
 {
  "rotation_euler": [
   -1.4529080390930176,
   0.6185914874076843,
   0.5020729303359985
  ],
  "euler_order": "XYZ",
  "rotation_matrix": [
   [
    0.7141518592834473,
    -0.5613959431648254,
    -0.4181169271469116
   ],
   [
    0.3920673131942749,
    -0.17403046786785126,
    0.9033253192901611
   ],
   [
    -0.5798882246017456,
    -0.809041440486908,
    0.09582081437110901
   ]
  ]
 },
 {
  "rotation_euler": [
   5.24647839483805e-06,
   2.6773777790367603e-06,
   2.620892286300659
  ],
  "euler_order": "XYZ",
  "rotation_matrix": [
   [
    -0.8674709796905518,
    -0.4974878132343292,
    2.875115399092465e-07
   ],
   [
    0.4974878132343292,
    -0.8674709796905518,
    5.883130597794661e-06
   ],
   [
    -2.6773777790367603e-06,
    5.24647839483805e-06,
    1.0
   ]
  ]
 },
 {
  "rotation_euler": [
   0.03912702202796936,
   -0.006182219833135605,
   -0.7933666110038757
  ],
  "euler_order": "XYZ",
  "rotation_matrix": [
   [
    0.701436460018158,
    0.7120037078857422,
    -0.03221261873841286
   ],
   [
    -0.7127051949501038,
    0.7010853290557861,
    -0.02303585782647133
   ],
   [
    0.006182180251926184,
    0.03911629319190979,
    0.9992155432701111
   ]
  ]
 },
 {
  "rotation_euler": [
   2.5454593924223445e-05,
   0.00033668597461655736,
   -2.778578042984009
  ],
  "euler_order": "XYZ",
  "rotation_matrix": [
   [
    -0.9348305463790894,
    0.35509398579597473,
    -0.0003237831115256995
   ],
   [
    -0.35509398579597473,
    -0.9348306059837341,
    -9.575943113304675e-05
   ],
   [
    -0.00033668597461655736,
    2.5454592105234042e-05,
    0.9999999403953552
   ]
  ]
 },
 {
  "rotation_euler": [
   3.340659077366581e-06,
   -1.621148294361774e-05,
   1.0260831117630005
  ],
  "euler_order": "XYZ",
  "rotation_matrix": [
   [
    0.5181728601455688,
    -0.8552759289741516,
    -5.543164661503397e-06
   ],
   [
    0.8552759289741516,
    0.5181728601455688,
    -1.5596329831168987e-05
   ],
   [
    1.621148294361774e-05,
    3.340659077366581e-06,
    1.0
   ]
  ]
 },
 {
  "rotation_euler": [
   -0.024485211819410324,
   0.0026266088243573904,
   -0.14434416592121124
  ],
  "euler_order": "XYZ",
  "rotation_matrix": [
   [
    0.9895970225334167,
    0.14373669028282166,
    0.006120196543633938
   ],
   [
    -0.14384295046329498,
    0.9893130660057068,
    0.023850448429584503
   ],
   [
    -0.002626605797559023,
    -0.02448268048465252,
    0.9996967911720276
   ]
  ]
 },
 {
  "rotation_euler": [
   -8.004531991900876e-06,
   6.651780040556332e-06,
   -0.456749826669693
  ],
  "euler_order": "XYZ",
  "rotation_matrix": [
   [
    0.8974906802177429,
    0.4410334527492523,
    9.50017692957772e-06
   ],
   [
    -0.4410334527492523,
    0.8974906802177429,
    4.250335223332513e-06
   ],
   [
    -6.651780040556332e-06,
    -8.004531991900876e-06,
    1.0
   ]
  ]
 },
 {
  "rotation_euler": [
   3.0683684599353e-05,
   2.3650547518627718e-05,
   2.976508140563965
  ],
  "euler_order": "XYZ",
  "rotation_matrix": [
   [
    -0.9864044785499573,
    -0.164335697889328,
    -1.828658059821464e-05
   ],
   [
    0.164335697889328,
    -0.9864044785499573,
    3.4153152228100225e-05
   ],
   [
    -2.3650547518627718e-05,
    3.0683684599353e-05,
    1.0
   ]
  ]
 },
 {
  "rotation_euler": [
   -1.4657264947891235,
   0.4965285360813141,
   0.2106441855430603
  ],
  "euler_order": "XYZ",
  "rotation_matrix": [
   [
    0.8598071932792664,
    -0.48520615696907043,
    -0.1590804010629654
   ],
   [
    0.1838405281305313,
    0.0035023288801312447,
    0.9829498529434204
   ],
   [
    -0.47637614607810974,
    -0.8743927478790283,
    0.09221187978982925
   ]
  ]
 },
 {
  "rotation_euler": [
   7.708310477028135e-06,
   1.9877343220287003e-05,
   -1.1461734771728516
  ],
  "euler_order": "XYZ",
  "rotation_matrix": [
   [
    0.4119771420955658,
    0.9111941456794739,
    1.1652437024167739e-06
   ],
   [
    -0.9111941456794739,
    0.4119771420955658,
    -2.128776759491302e-05
   ],
   [
    -1.9877343220287003e-05,
    7.708310477028135e-06,
    1.0
   ]
  ]
 },
 {
  "rotation_euler": [
   -1.686426367086824e-05,
   -1.862200065261277e-06,
   2.328986167907715
  ],
  "euler_order": "XYZ",
  "rotation_matrix": [
   [
    -0.6876082420349121,
    -0.726081907749176,
    -1.0964372449961957e-05
   ],
   [
    0.726081907749176,
    -0.6876082420349121,
    -1.2948116818733979e-05
   ],
   [
    1.862200065261277e-06,
    -1.686426367086824e-05,
    1.0
   ]
  ]
 },
 {
  "rotation_euler": [
   -1.6896992921829224,
   2.513230800628662,
   -0.05360963195562363
  ],
  "euler_order": "XYZ",
  "rotation_matrix": [
   [
    -0.8078292608261108,
    -0.5891876816749573,
    -0.01642320491373539
   ],
   [
    0.04334896802902222,
    -0.08717722445726395,
    0.9952492117881775
   ],
   [
    -0.587820291519165,
    0.8032795190811157,
    0.09596499055624008
   ]
  ]
 }
]