[
 {
  "rotation_euler": [
   -0.38299691677093506,
   -0.6255367994308472,
   -3.09602689743042
  ],
  "euler_order": "XYZ",
  "rotation_matrix": [
   [
    -0.809807538986206,
    -0.17633767426013947,
    0.5595684051513672
   ],
   [
    -0.0369250513613224,
    -0.9365531206130981,
    -0.3485753834247589
   ],
   [
    0.5855324864387512,
    -0.30294105410575867,
    0.7519164681434631
   ]
  ]
 },
 {
  "rotation_euler": [
   -0.3829970359802246,
   -0.6255366206169128,
   -2.7752630710601807
  ],
  "euler_order": "XYZ",
  "rotation_matrix": [
   [
    -0.75686115026474,
    0.12794367969036102,
    0.6409302949905396
   ],
   [
    -0.29036715626716614,
    -0.944381833076477,
    -0.15436924993991852
   ],
   [
    0.5855323672294617,
    -0.3029412031173706,
    0.7519165277481079
   ]
  ]
 },
 {
  "rotation_euler": [
   -0.3829971253871918,
   -0.6255366802215576,
   2.333272695541382
  ],
  "euler_order": "XYZ",
  "rotation_matrix": [
   [
    -0.5599268674850464,
    -0.821874737739563,
    0.10489936918020248
   ],
   [
    0.5862028002738953,
    -0.48244020342826843,
    -0.6508592367172241
   ],
   [
    0.5855324268341064,
    -0.3029412627220154,
    0.7519164681434631
   ]
  ]
 },
 {
  "rotation_euler": [
   -0.38299697637557983,
   -0.6255367398262024,
   2.180741786956787
  ],
  "euler_order": "XYZ",
  "rotation_matrix": [
   [
    -0.4643581807613373,
    -0.8856345415115356,
    0.004789971746504307
   ],
   [
    0.6644721627235413,
    -0.35196325182914734,
    -0.6592409610748291
   ],
   [
    0.5855324864387512,
    -0.30294111371040344,
    0.7519164681434631
   ]
  ]
 },
 {
  "rotation_euler": [
   -0.38299739360809326,
   -0.625536322593689,
   1.8413830995559692
  ],
  "euler_order": "XYZ",
  "rotation_matrix": [
   [
    -0.216684028506279,
    -0.9522876143455505,
    -0.21493342518806458
   ],
   [
    0.7811530828475952,
    -0.0370778888463974,
    -0.6232375502586365
   ],
   [
    0.5855321288108826,
    -0.30294153094291687,
    0.7519165873527527
   ]
  ]
 },
 {
  "rotation_euler": [
   -0.38299715518951416,
   -0.6255366802215576,
   1.826996922492981
  ],
  "euler_order": "XYZ",
  "rotation_matrix": [
   [
    -0.20542412996292114,
    -0.9527225494384766,
    -0.22387658059597015
   ],
   [
    0.7841892242431641,
    -0.02337479032576084,
    -0.62008136510849
   ],
   [
    0.5855324268341064,
    -0.3029412627220154,
    0.7519164681434631
   ]
  ]
 },
 {
  "rotation_euler": [
   -0.38299649953842163,
   -0.6255371570587158,
   2.3691210746765137
  ],
  "euler_order": "XYZ",
  "rotation_matrix": [
   [
    -0.5805768370628357,
    -0.8040556907653809,
    0.12815998494625092
   ],
   [
    0.5657578110694885,
    -0.5115870833396912,
    -0.6466813087463379
   ],
   [
    0.5855327844619751,
    -0.3029406666755676,
    0.7519164085388184
   ]
  ]
 },
 {
  "rotation_euler": [
   -0.3829971253871918,
   -0.6255366802215576,
   1.0902873277664185
  ],
  "euler_order": "XYZ",
  "rotation_matrix": [
   [
    0.37470677495002747,
    -0.7213701009750366,
    -0.5824260115623474
   ],
   [
    0.7188509106636047,
    0.62277752161026,
    -0.30887141823768616
   ],
   [
    0.5855324268341064,
    -0.3029412627220154,
    0.7519164681434631
   ]
  ]
 },
 {
  "rotation_euler": [
   -0.38299697637557983,
   -0.6255367994308472,
   -0.9034144878387451
  ],
  "euler_order": "XYZ",
  "rotation_matrix": [
   [
    0.5017362833023071,
    0.8639697432518005,
    -0.04262569919228554
   ],
   [
    -0.6367200016975403,
    0.40222251415252686,
    0.6578789353370667
   ],
   [
    0.5855324864387512,
    -0.30294111371040344,
    0.7519164681434631
   ]
  ]
 },
 {
  "rotation_euler": [
   -0.3829972445964813,
   -0.6255366802215576,
   -1.9952318668365479
  ],
  "euler_order": "XYZ",
  "rotation_matrix": [
   [
    -0.33383050560951233,
    0.7551392316818237,
    0.5642002820968628
   ],
   [
    -0.7387211918830872,
    -0.5813701748847961,
    0.3410274386405945
   ],
   [
    0.5855324268341064,
    -0.30294135212898254,
    0.7519164681434631
   ]
  ]
 },
 {
  "rotation_euler": [
   -0.38299697637557983,
   -0.6255367398262024,
   -0.9935172200202942
  ],
  "euler_order": "XYZ",
  "rotation_matrix": [
   [
    0.44240841269493103,
    0.8966573476791382,
    0.016743753105401993
   ],
   [
    -0.679283857345581,
    0.32285016775131226,
    0.6590456962585449
   ],
   [
    0.5855324864387512,
    -0.30294111371040344,
    0.7519164681434631
   ]
  ]
 },
 {
  "rotation_euler": [
   -0.38299664855003357,
   -0.6255372166633606,
   0.6523126363754272
  ],
  "euler_order": "XYZ",
  "rotation_matrix": [
   [
    0.6442080140113831,
    -0.38915812969207764,
    -0.6584466695785522
   ],
   [
    0.49208468198776245,
    0.8699326515197754,
    -0.032708000391721725
   ],
   [
    0.5855328440666199,
    -0.3029407858848572,
    0.7519163489341736
   ]
  ]
 },
 {
  "rotation_euler": [
   -0.3829973042011261,
   -0.6255365014076233,
   2.5141048431396484
  ],
  "euler_order": "XYZ",
  "rotation_matrix": [
   [
    -0.6562244892120361,
    -0.7217075228691101,
    0.22024455666542053
   ],
   [
    0.47594261169433594,
    -0.6223863363265991,
    -0.621380627155304
   ],
   [
    0.5855322480201721,
    -0.3029414117336273,
    0.7519165277481079
   ]
  ]
 },
 {
  "rotation_euler": [
   -0.3829973042011261,
   -0.6255364418029785,
   1.795367956161499
  ],
  "euler_order": "XYZ",
  "rotation_matrix": [
   [
    -0.18052245676517487,
    -0.9529851675033569,
    -0.2433740496635437
   ],
   [
    0.7902933955192566,
    0.006765526253730059,
    -0.6126912236213684
   ],
   [
    0.5855322480201721,
    -0.3029414415359497,
    0.7519165277481079
   ]
  ]
 },
 {
  "rotation_euler": [
   -0.3829973042011261,
   -0.6255367398262024,
   2.3515963554382324
  ],
  "euler_order": "XYZ",
  "rotation_matrix": [
   [
    -0.570573627948761,
    -0.8128972053527832,
    0.11680710315704346
   ],
   [
    0.5758450031280518,
    -0.49741798639297485,
    -0.6488280296325684
   ],
   [
    0.5855324864387512,
    -0.30294138193130493,
    0.7519164085388184
   ]
  ]
 },
 {
  "rotation_euler": [
   -0.3829971253871918,
   -0.6255365610122681,
   1.9182227849960327
  ],
  "euler_order": "XYZ",
  "rotation_matrix": [
   [
    -0.27600911259651184,
    -0.9466314911842346,
    -0.16645662486553192
   ],
   [
    0.7622144818305969,
    -0.11007007956504822,
    -0.6378979086875916
   ],
   [
    0.5855323076248169,
    -0.3029412627220154,
    0.7519165277481079
   ]
  ]
 }
]