[
 {
  "rotation_euler": [
   0.016367865726351738,
   -0.030022837221622467,
   -0.48744910955429077
  ],
  "euler_order": "XYZ",
  "rotation_matrix": [
   [
    0.8831323385238647,
    0.4678767919540405,
    -0.03418448939919472
   ],
   [
    -0.46816256642341614,
    0.8836422562599182,
    -0.00040295353392139077
   ],
   [
    0.03001832775771618,
    0.016359759494662285,
    0.9994154572486877
   ]
  ]
 },
 {
  "rotation_euler": [
   1.5507789850234985,
   1.7747939825057983,
   -0.8034931421279907
  ],
  "euler_order": "XYZ",
  "rotation_matrix": [
   [
    -0.14063431322574615,
    0.6940732002258301,
    -0.7060343027114868
   ],
   [
    0.14581823348999023,
    -0.6908240914344788,
    -0.7081660628318787
   ],
   [
    -0.9792645573616028,
    -0.20254512131214142,
    -0.00405495660379529
   ]
  ]
 },
 {
  "rotation_euler": [
   -1.5751643180847168,
   0.4789789617061615,
   -1.9293938875198364
  ],
  "euler_order": "XYZ",
  "rotation_matrix": [
   [
    -0.311466246843338,
    0.15765702724456787,
    0.9370875358581543
   ],
   [
    -0.8310142159461975,
    0.43308597803115845,
    -0.34907296299934387
   ],
   [
    -0.4608732759952545,
    -0.8874574899673462,
    -0.0038764311466366053
   ]
  ]
 },
 {
  "rotation_euler": [
   1.5747861862182617,
   0.31415069103240967,
   -0.8694243431091309
  ],
  "euler_order": "XYZ",
  "rotation_matrix": [
   [
    0.6136865615844727,
    0.19634336233139038,
    -0.7647470831871033
   ],
   [
    -0.726568877696991,
    -0.23864229023456573,
    -0.6443194150924683
   ],
   [
    -0.3090088367462158,
    0.9510515928268433,
    -0.0037945823278278112
   ]
  ]
 },
 {
  "rotation_euler": [
   -1.5757211446762085,
   -0.659274697303772,
   2.291461706161499
  ],
  "euler_order": "XYZ",
  "rotation_matrix": [
   [
    -0.521597146987915,
    -0.4005030393600464,
    -0.7533483505249023
   ],
   [
    0.5939079523086548,
    0.46348923444747925,
    -0.6576101183891296
   ],
   [
    0.6125437021255493,
    -0.7904271483421326,
    -0.0038927411660552025
   ]
  ]
 },
 {
  "rotation_euler": [
   1.5770865678787231,
   -0.9068875312805176,
   1.0599846839904785
  ],
  "euler_order": "XYZ",
  "rotation_matrix": [
   [
    0.30125126242637634,
    -0.37954625487327576,
    0.8747527003288269
   ],
   [
    0.5375409126281738,
    -0.6901138424873352,
    -0.48455408215522766
   ],
   [
    0.7875896692276001,
    0.6161878705024719,
    -0.003876021597534418
   ]
  ]
 },
 {
  "rotation_euler": [
   1.5766208171844482,
   0.7993821501731873,
   0.7792813777923584
  ],
  "euler_order": "XYZ",
  "rotation_matrix": [
   [
    0.4959654211997986,
    0.5141188502311707,
    0.6997857689857483
   ],
   [
    0.4899348318576813,
    0.49968037009239197,
    -0.7143412232398987
   ],
   [
    -0.7169255018234253,
    0.6971379518508911,
    -0.004060519393533468
   ]
  ]
 },
 {
  "rotation_euler": [
   1.5750805139541626,
   -0.4186711609363556,
   -1.4440295696258545
  ],
  "euler_order": "XYZ",
  "rotation_matrix": [
   [
    0.11550796031951904,
    -0.055648017674684525,
    -0.9917465448379517
   ],
   [
    -0.9062988758087158,
    0.4027392268180847,
    -0.12815408408641815
   ],
   [
    0.4065467417240143,
    0.9136216044425964,
    -0.003914149943739176
   ]
  ]
 },
 {
  "rotation_euler": [
   1.2736661434173584,
   1.5846667289733887,
   0.9931986927986145
  ],
  "euler_order": "XYZ",
  "rotation_matrix": [
   [
    -0.007573175244033337,
    0.2767546474933624,
    0.9609107971191406
   ],
   [
    -0.011619928292930126,
    0.9608491063117981,
    -0.27682846784591675
   ],
   [
    -0.9999037981033325,
    -0.013262185268104076,
    -0.004060809500515461
   ]
  ]
 },
 {
  "rotation_euler": [
   1.5749963521957397,
   0.28963983058929443,
   1.434933066368103
  ],
  "euler_order": "XYZ",
  "rotation_matrix": [
   [
    0.12980392575263977,
    0.04284520819783211,
    0.990613579750061
   ],
   [
    0.9495154023170471,
    0.28240376710891724,
    -0.13663296401500702
   ],
   [
    -0.28560706973075867,
    0.9583383798599243,
    -0.004025069065392017
   ]
  ]
 },
 {
  "rotation_euler": [
   1.5789594650268555,
   0.8862122893333435,
   -2.1412854194641113
  ],
  "euler_order": "XYZ",
  "rotation_matrix": [
   [
    -0.34149712324142456,
    -0.4252186417579651,
    -0.8381937742233276
   ],
   [
    -0.5322098135948181,
    -0.6475709676742554,
    0.545348048210144
   ],
   [
    -0.7746821641921997,
    0.6323297619819641,
    -0.005161909852176905
   ]
  ]
 },
 {
  "rotation_euler": [
   -1.5781259536743164,
   -0.9712365865707397,
   -2.1094727516174316
  ],
  "euler_order": "XYZ",
  "rotation_matrix": [
   [
    -0.28947532176971436,
    -0.42980512976646423,
    0.8552611470222473
   ],
   [
    -0.484370619058609,
    -0.7048927545547485,
    -0.518180787563324
   ],
   [
    0.8255841135978699,
    -0.5642638802528381,
    -0.0041359178721904755
   ]
  ]
 },
 {
  "rotation_euler": [
   -1.554197072982788,
   -1.8080390691757202,
   0.690008282661438
  ],
  "euler_order": "XYZ",
  "rotation_matrix": [
   [
    -0.18125969171524048,
    0.738969087600708,
    -0.648898720741272
   ],
   [
    -0.14960269629955292,
    0.6314299702644348,
    0.760864794254303
   ],
   [
    0.9719896912574768,
    0.23499111831188202,
    -0.003901035524904728
   ]
  ]
 },
 {
  "rotation_euler": [
   1.5752241611480713,
   0.056395769119262695,
   1.0177977085113525
  ],
  "euler_order": "XYZ",
  "rotation_matrix": [
   [
    0.5244062542915344,
    0.033373262733221054,
    0.8508139252662659
   ],
   [
    0.8496004939079285,
    0.045638591051101685,
    -0.5254485011100769
   ],
   [
    -0.056365881115198135,
    0.9984003901481628,
    -0.004420780576765537
   ]
  ]
 },
 {
  "rotation_euler": [
   1.5766485929489136,
   -0.8472504615783691,
   -0.09893573075532913
  ],
  "euler_order": "XYZ",
  "rotation_matrix": [
   [
    0.6588088274002075,
    -0.7463632225990295,
    -0.09440813213586807
   ],
   [
    -0.06539323180913925,
    0.06820287555456161,
    -0.9955260157585144
   ],
   [
    0.749462902545929,
    0.6620349884033203,
    -0.00387444905936718
   ]
  ]
 },
 {
  "rotation_euler": [
   -1.6228747367858887,
   -1.0777199268341064,
   0.4530232846736908
  ],
  "euler_order": "XYZ",
  "rotation_matrix": [
   [
    0.42559149861335754,
    0.8137344717979431,
    -0.39586371183395386
   ],
   [
    0.20717337727546692,
    0.3382223844528198,
    0.9179786443710327
   ],
   [
    0.8808808326721191,
    -0.47269633412361145,
    -0.02463955245912075
   ]
  ]
 }
]