[
 {
  "rotation_euler": [
   -1.5727545022964478,
   -8.145059837261215e-05,
   -2.041565418243408
  ],
  "euler_order": "XYZ",
  "rotation_matrix": [
   [
    -0.4535718560218811,
    -0.0017821071669459343,
    0.8912179470062256
   ],
   [
    -0.8912197351455688,
    0.0008155824616551399,
    -0.4535711109638214
   ],
   [
    8.145059837261215e-05,
    -0.9999980926513672,
    -0.001958174165338278
   ]
  ]
 },
 {
  "rotation_euler": [
   0.803260087966919,
   1.8678958415985107,
   -0.33638426661491394
  ],
  "euler_order": "XYZ",
  "rotation_matrix": [
   [
    -0.2763407528400421,
    0.8787248730659485,
    0.38920220732688904
   ],
   [
    0.09662915021181107,
    0.4283239245414734,
    -0.898443877696991
   ],
   [
    -0.9561896324157715,
    -0.2106683850288391,
    -0.20327380299568176
   ]
  ]
 },
 {
  "rotation_euler": [
   -1.5514464378356934,
   -0.10190200060606003,
   1.7798388004302979
  ],
  "euler_order": "XYZ",
  "rotation_matrix": [
   [
    -0.2064467817544937,
    -0.040033970028162,
    -0.9776384830474854
   ],
   [
    0.9731554985046387,
    0.09547723829746246,
    -0.20940987765789032
   ],
   [
    0.101725734770298,
    -0.9946262240409851,
    0.01924831047654152
   ]
  ]
 },
 {
  "rotation_euler": [
   1.5807013511657715,
   0.016419976949691772,
   1.2244538068771362
  ],
  "euler_order": "XYZ",
  "rotation_matrix": [
   [
    0.3394140303134918,
    0.014890115708112717,
    0.9405192136764526
   ],
   [
    0.9404937624931335,
    0.012081214226782322,
    -0.33959609270095825
   ],
   [
    -0.016419239342212677,
    0.9998161196708679,
    -0.009903526864945889
   ]
  ]
 },
 {
  "rotation_euler": [
   0.006376941222697496,
   1.7642686367034912,
   0.5551148653030396
  ],
  "euler_order": "XYZ",
  "rotation_matrix": [
   [
    -0.1633966565132141,
    -0.5217119455337524,
    0.8373279571533203
   ],
   [
    -0.1013328805565834,
    0.8531208038330078,
    0.5117778182029724
   ],
   [
    -0.9813425540924072,
    -0.0012260706862434745,
    -0.192263662815094
   ]
  ]
 },
 {
  "rotation_euler": [
   1.580776572227478,
   -0.03486982360482216,
   -3.072434425354004
  ],
  "euler_order": "XYZ",
  "rotation_matrix": [
   [
    -0.9970030784606934,
    0.03408803418278694,
    -0.06944677233695984
   ],
   [
    -0.06906110793352127,
    0.012365227565169334,
    0.9975358247756958
   ],
   [
    0.03486275672912598,
    0.9993423223495483,
    -0.009974013082683086
   ]
  ]
 },
 {
  "rotation_euler": [
   1.580694317817688,
   0.015000537037849426,
   -2.1834840774536133
  ],
  "euler_order": "XYZ",
  "rotation_matrix": [
   [
    -0.5750036835670471,
    -0.01672305539250374,
    -0.8179798722267151
   ],
   [
    -0.8180133104324341,
    -0.006579028908163309,
    0.5751616954803467
   ],
   [
    -0.014999974519014359,
    0.9998385310173035,
    -0.009896716102957726
   ]
  ]
 },
 {
  "rotation_euler": [
   0.00638017849996686,
   1.7642682790756226,
   -1.76421058177948
  ],
  "euler_order": "XYZ",
  "rotation_matrix": [
   [
    0.03695579990744591,
    0.9801302552223206,
    -0.19488178193569183
   ],
   [
    0.18868215382099152,
    -0.19835104048252106,
    -0.9617982506752014
   ],
   [
    -0.981342613697052,
    -0.0012266908306628466,
    -0.19226330518722534
   ]
  ]
 },
 {
  "rotation_euler": [
   1.5806549787521362,
   -0.012469583190977573,
   -3.033928394317627
  ],
  "euler_order": "XYZ",
  "rotation_matrix": [
   [
    -0.9941325187683105,
    0.0113371005281806,
    -0.10757337510585785
   ],
   [
    -0.1074480265378952,
    0.011141246184706688,
    0.9941482543945312
   ],
   [
    0.012469260022044182,
    0.9998736381530762,
    -0.009857726283371449
   ]
  ]
 },
 {
  "rotation_euler": [
   -3.1351842880249023,
   1.3773236274719238,
   0.07354553788900375
  ],
  "euler_order": "XYZ",
  "rotation_matrix": [
   [
    0.19174820184707642,
    0.0672059878706932,
    -0.9791404008865356
   ],
   [
    0.014127706177532673,
    -0.9977383613586426,
    -0.06571583449840546
   ],
   [
    -0.9813424944877625,
    -0.0012321148533374071,
    -0.19226400554180145
   ]
  ]
 },
 {
  "rotation_euler": [
   1.1074621677398682,
   2.0500457286834717,
   -1.2095938920974731
  ],
  "euler_order": "XYZ",
  "rotation_matrix": [
   [
    -0.1629571169614792,
    0.6986173987388611,
    -0.6966912746429443
   ],
   [
    0.43135881423950195,
    -0.5846195816993713,
    -0.6871313452720642
   ],
   [
    -0.8873412609100342,
    -0.4124968647956848,
    -0.20608682930469513
   ]
  ]
 },
 {
  "rotation_euler": [
   1.6004250049591064,
   0.11969796568155289,
   -0.010668612085282803
  ],
  "euler_order": "XYZ",
  "rotation_matrix": [
   [
    0.9927882552146912,
    0.11903709173202515,
    -0.014201038517057896
   ],
   [
    -0.010592074133455753,
    -0.030896037817001343,
    -0.9994664788246155
   ],
   [
    -0.11941234022378922,
    0.9924089908599854,
    -0.029412373900413513
   ]
  ]
 },
 {
  "rotation_euler": [
   0.06957736611366272,
   1.7656813859939575,
   -2.53181529045105
  ],
  "euler_order": "XYZ",
  "rotation_matrix": [
   [
    0.15875262022018433,
    0.5153864026069641,
    -0.8421249985694885
   ],
   [
    0.11090259999036789,
    -0.8568521738052368,
    -0.5034927725791931
   ],
   [
    -0.9810699224472046,
    -0.013463051058351994,
    -0.1931852251291275
   ]
  ]
 },
 {
  "rotation_euler": [
   0.005738585256040096,
   1.764266848564148,
   0.6407183408737183
  ],
  "euler_order": "XYZ",
  "rotation_matrix": [
   [
    -0.15413308143615723,
    -0.5932470560073853,
    0.790127158164978
   ],
   [
    -0.11493101716041565,
    0.8050196766853333,
    0.5820087194442749
   ],
   [
    -0.9813429117202759,
    -0.0011033277260139585,
    -0.1922626495361328
   ]
  ]
 },
 {
  "rotation_euler": [
   1.580795407295227,
   0.02877853438258171,
   1.1042841672897339
  ],
  "euler_order": "XYZ",
  "rotation_matrix": [
   [
    0.4495876431465149,
    0.02187185361981392,
    0.8929684162139893
   ],
   [
    0.8927726149559021,
    0.021201247349381447,
    -0.450008362531662
   ],
   [
    -0.0287745613604784,
    0.9995359778404236,
    -0.00999477319419384
   ]
  ]
 },
 {
  "rotation_euler": [
   0.0064115566201508045,
   1.7642700672149658,
   -1.8645802736282349
  ],
  "euler_order": "XYZ",
  "rotation_matrix": [
   [
    0.055676501244306564,
    0.9553133249282837,
    -0.2903042435646057
   ],
   [
    0.18403120338916779,
    -0.2955924868583679,
    -0.9374207258224487
   ],
   [
    -0.9813422560691833,
    -0.0012327349977567792,
    -0.19226501882076263
   ]
  ]
 }
]