[
 {
  "rotation_euler": [
   -1.645124077796936,
   1.6396101713180542,
   0.6064810752868652
  ],
  "euler_order": "XYZ",
  "rotation_matrix": [
   [
    -0.056496888399124146,
    -0.7751246094703674,
    -0.6292773485183716
   ],
   [
    -0.03919154405593872,
    -0.6280764937400818,
    0.7771640419960022
   ],
   [
    -0.9976332783699036,
    0.06856969743967056,
    0.005106037948280573
   ]
  ]
 },
 {
  "rotation_euler": [
   -2.647984266281128,
   1.7163759469985962,
   -0.12814459204673767
  ],
  "euler_order": "XYZ",
  "rotation_matrix": [
   [
    -0.14387650787830353,
    -0.5774901509284973,
    -0.8036197423934937
   ],
   [
    0.0185385812073946,
    -0.8134991526603699,
    0.5812705159187317
   ],
   [
    -0.9894219636917114,
    0.06873320043087006,
    0.1277492642402649
   ]
  ]
 },
 {
  "rotation_euler": [
   1.340571641921997,
   -1.5492955446243286,
   1.8150484561920166
  ],
  "euler_order": "XYZ",
  "rotation_matrix": [
   [
    -0.005199149250984192,
    0.013972564600408077,
    0.9998888373374939
   ],
   [
    0.020860997959971428,
    -0.9996832609176636,
    0.014078162610530853
   ],
   [
    0.999768853187561,
    0.020931873470544815,
    0.00490602059289813
   ]
  ]
 },
 {
  "rotation_euler": [
   1.4964796304702759,
   1.5019828081130981,
   0.4009794592857361
  ],
  "euler_order": "XYZ",
  "rotation_matrix": [
   [
    0.06330518424510956,
    0.8869842886924744,
    0.45744001865386963
   ],
   [
    0.026838120073080063,
    0.456680566072464,
    -0.8892258405685425
   ],
   [
    -0.9976332783699036,
    0.06856942921876907,
    0.005105256102979183
   ]
  ]
 },
 {
  "rotation_euler": [
   2.4009487628936768,
   1.4716439247131348,
   -0.7556337714195251
  ],
  "euler_order": "XYZ",
  "rotation_matrix": [
   [
    0.0720486044883728,
    -0.017401481047272682,
    -0.9972493052482605
   ],
   [
    -0.06788241118192673,
    -0.9976149797439575,
    0.012503537349402905
   ],
   [
    -0.9950883984565735,
    0.06679482758045197,
    -0.07305802404880524
   ]
  ]
 },
 {
  "rotation_euler": [
   2.1864185333251953,
   1.4877357482910156,
   -0.8444361686706543
  ],
  "euler_order": "XYZ",
  "rotation_matrix": [
   [
    0.05510151386260986,
    0.10864242166280746,
    -0.9925525784492493
   ],
   [
    -0.062024444341659546,
    -0.9917706251144409,
    -0.11200010776519775
   ],
   [
    -0.9965524673461914,
    0.06773389875888824,
    -0.04790957644581795
   ]
  ]
 },
 {
  "rotation_euler": [
   -1.6498045921325684,
   1.6396327018737793,
   -0.5824648141860962
  ],
  "euler_order": "XYZ",
  "rotation_matrix": [
   [
    -0.057440511882305145,
    -0.8739485740661621,
    0.48261216282844543
   ],
   [
    0.03783589228987694,
    0.4811573922634125,
    0.8758173584938049
   ],
   [
    -0.9976317286491394,
    0.06856745481491089,
    0.005428696516901255
   ]
  ]
 },
 {
  "rotation_euler": [
   1.7432681322097778,
   1.5014351606369019,
   -0.43528586626052856
  ],
  "euler_order": "XYZ",
  "rotation_matrix": [
   [
    0.06284278631210327,
    0.8187825679779053,
    -0.5706539154052734
   ],
   [
    -0.029224051162600517,
    -0.5700292587280273,
    -0.8211045265197754
   ],
   [
    -0.997595489025116,
    0.06827731430530548,
    -0.01189408265054226
   ]
  ]
 },
 {
  "rotation_euler": [
   1.4919357299804688,
   1.5019609928131104,
   1.4539390802383423
  ],
  "euler_order": "XYZ",
  "rotation_matrix": [
   [
    0.008019275963306427,
    0.037712253630161285,
    0.9992564916610718
   ],
   [
    0.0683118999004364,
    0.9969334602355957,
    -0.038172800093889236
   ],
   [
    -0.9976317882537842,
    0.06856722384691238,
    0.005418489221483469
   ]
  ]
 },
 {
  "rotation_euler": [
   1.3696273565292358,
   1.5006675720214844,
   1.1362699270248413
  ],
  "euler_order": "XYZ",
  "rotation_matrix": [
   [
    0.029498670250177383,
    0.23023134469985962,
    0.9726887345314026
   ],
   [
    0.06355952471494675,
    0.9707108736038208,
    -0.23169074952602386
   ],
   [
    -0.9975419640541077,
    0.06865820288658142,
    0.01400128472596407
   ]
  ]
 },
 {
  "rotation_euler": [
   -1.6454516649246216,
   1.639612078666687,
   1.3953675031661987
  ],
  "euler_order": "XYZ",
  "rotation_matrix": [
   [
    -0.01200096309185028,
    -0.10019107162952423,
    -0.9948958158493042
   ],
   [
    -0.06770608574151993,
    -0.9926025867462158,
    0.10077683627605438
   ],
   [
    -0.997633159160614,
    0.06856992095708847,
    0.005128642078489065
   ]
  ]
 },
 {
  "rotation_euler": [
   1.4738678932189941,
   1.5017492771148682,
   -1.2069592475891113
  ],
  "euler_order": "XYZ",
  "rotation_matrix": [
   [
    0.02455175295472145,
    0.4437899589538574,
    -0.8957944512367249
   ],
   [
    -0.06447584927082062,
    -0.893496036529541,
    -0.44441840052604675
   ],
   [
    -0.9976171851158142,
    0.06866835802793503,
    0.0066768391989171505
   ]
  ]
 },
 {
  "rotation_euler": [
   0.5164096355438232,
   1.4348403215408325,
   2.6587183475494385
  ],
  "euler_order": "XYZ",
  "rotation_matrix": [
   [
    -0.12004072964191437,
    -0.8370485305786133,
    -0.5337977409362793
   ],
   [
    0.06293371319770813,
    -0.5430203080177307,
    0.8373578786849976
   ],
   [
    -0.9907721877098083,
    0.06692317873239517,
    0.11786312609910965
   ]
  ]
 },
 {
  "rotation_euler": [
   1.4965896606445312,
   1.501984715461731,
   1.270359992980957
  ],
  "euler_order": "XYZ",
  "rotation_matrix": [
   [
    0.02034783735871315,
    0.2236064374446869,
    0.9744670987129211
   ],
   [
    0.06567750126123428,
    0.9722646474838257,
    -0.22447246313095093
   ],
   [
    -0.9976333975791931,
    0.06856809556484222,
    0.005097569897770882
   ]
  ]
 },
 {
  "rotation_euler": [
   1.4964065551757812,
   1.501983642578125,
   -0.6096175312995911
  ],
  "euler_order": "XYZ",
  "rotation_matrix": [
   [
    0.056372739374637604,
    0.8582174777984619,
    -0.510181188583374
   ],
   [
    -0.03936788812279701,
    -0.5086856484413147,
    -0.8600517511367798
   ],
   [
    -0.9976333379745483,
    0.06856822967529297,
    0.0051102046854794025
   ]
  ]
 },
 {
  "rotation_euler": [
   -1.6496893167495728,
   1.6396318674087524,
   0.7166345119476318
  ],
  "euler_order": "XYZ",
  "rotation_matrix": [
   [
    -0.0518624372780323,
    -0.6981279850006104,
    -0.7140921950340271
   ],
   [
    -0.04517897963523865,
    -0.7126821875572205,
    0.7000306844711304
   ],
   [
    -0.9976317882537842,
    0.06856725364923477,
    0.005420726723968983
   ]
  ]
 }
]