[
 {
  "rotation_euler": [
   1.0655601024627686,
   0.2950810492038727,
   -1.2415605783462524
  ],
  "euler_order": "XYZ",
  "rotation_matrix": [
   [
    0.3093455731868744,
    0.5402969717979431,
    -0.7825499773025513
   ],
   [
    -0.9053897261619568,
    -0.0843229591846466,
    -0.4161238670349121
   ],
   [
    -0.29081740975379944,
    0.8372387886047363,
    0.4630943834781647
   ]
  ]
 },
 {
  "rotation_euler": [
   1.2610831260681152,
   0.5198379755020142,
   -2.0669593811035156
  ],
  "euler_order": "XYZ",
  "rotation_matrix": [
   [
    -0.413167804479599,
    0.042809151113033295,
    -0.9096481204032898
   ],
   [
    -0.7632445096969604,
    -0.5611506700515747,
    0.3202619254589081
   ],
   [
    -0.49673953652381897,
    0.8266059160232544,
    0.2645232379436493
   ]
  ]
 },
 {
  "rotation_euler": [
   1.0575315952301025,
   0.28470277786254883,
   -2.6261649131774902
  ],
  "euler_order": "XYZ",
  "rotation_matrix": [
   [
    -0.8350569605827332,
    0.029136870056390762,
    -0.5493913888931274
   ],
   [
    -0.47306516766548157,
    -0.5478358864784241,
    0.6899892687797546
   ],
   [
    -0.2808721959590912,
    0.8360782861709595,
    0.4712578356266022
   ]
  ]
 },
 {
  "rotation_euler": [
   0.9114970564842224,
   0.2382974773645401,
   -1.7421807050704956
  ],
  "euler_order": "XYZ",
  "rotation_matrix": [
   [
    -0.1657271832227707,
    0.5717686414718628,
    -0.8035017848014832
   ],
   [
    -0.9575048685073853,
    -0.2883150279521942,
    -0.007672540843486786
   ],
   [
    -0.23604856431484222,
    0.7680853605270386,
    0.5952528715133667
   ]
  ]
 },
 {
  "rotation_euler": [
   0.9274877309799194,
   0.24383434653282166,
   -0.0684460997581482
  ],
  "euler_order": "XYZ",
  "rotation_matrix": [
   [
    0.9681471586227417,
    0.233740895986557,
    0.08975687623023987
   ],
   [
    -0.06636957079172134,
    0.5852301716804504,
    -0.8081464767456055
   ],
   [
    -0.2414253205060959,
    0.776447594165802,
    0.5821021795272827
   ]
  ]
 },
 {
  "rotation_euler": [
   1.2733865976333618,
   0.532041072845459,
   -2.451993942260742
  ],
  "euler_order": "XYZ",
  "rotation_matrix": [
   [
    -0.664859414100647,
    -0.18775245547294617,
    -0.7229875326156616
   ],
   [
    -0.5482840538024902,
    -0.5346691012382507,
    0.6430501937866211
   ],
   [
    -0.5072933435440063,
    0.8239405155181885,
    0.2525380849838257
   ]
  ]
 },
 {
  "rotation_euler": [
   1.2487263679504395,
   0.5073411464691162,
   -2.169048309326172
  ],
  "euler_order": "XYZ",
  "rotation_matrix": [
   [
    -0.4922580420970917,
    0.0019927057437598705,
    -0.870447039604187
   ],
   [
    -0.7222374081611633,
    -0.5590993762016296,
    0.4071621298789978
   ],
   [
    -0.48585501313209534,
    0.8290982842445374,
    0.27666035294532776
   ]
  ]
 },
 {
  "rotation_euler": [
   1.0575343370437622,
   0.28471484780311584,
   -1.268816351890564
  ],
  "euler_order": "XYZ",
  "rotation_matrix": [
   [
    0.2854379117488861,
    0.5415764451026917,
    -0.790708601474762
   ],
   [
    -0.9163129925727844,
    -0.0875835046172142,
    -0.39076802134513855
   ],
   [
    -0.2808837890625,
    0.8360766172409058,
    0.4712538719177246
   ]
  ]
 },
 {
  "rotation_euler": [
   1.0500715970993042,
   0.28244709968566895,
   -2.6983706951141357
  ],
  "euler_order": "XYZ",
  "rotation_matrix": [
   [
    -0.8675795793533325,
    -0.005047872196882963,
    -0.497272789478302
   ],
   [
    -0.4118596017360687,
    -0.5531190633773804,
    0.7241760492324829
   ],
   [
    -0.2787066102027893,
    0.8330869078636169,
    0.4777957797050476
   ]
  ]
 },
 {
  "rotation_euler": [
   1.2675889730453491,
   0.5263203978538513,
   0.8464167714118958
  ],
  "euler_order": "XYZ",
  "rotation_matrix": [
   [
    0.5729859471321106,
    0.09409881383180618,
    0.8141452670097351
   ],
   [
    0.6475541591644287,
    0.5569195747375488,
    -0.5201097726821899
   ],
   [
    -0.50235515832901,
    0.8252187967300415,
    0.25817298889160156
   ]
  ]
 },
 {
  "rotation_euler": [
   1.286694884300232,
   0.5421487092971802,
   1.0359034538269043
  ],
  "euler_order": "XYZ",
  "rotation_matrix": [
   [
    0.43665188550949097,
    0.011331354267895222,
    0.8995591998100281
   ],
   [
    0.7369545698165894,
    0.5689932107925415,
    -0.364889919757843
   ],
   [
    -0.5159777402877808,
    0.8222641348838806,
    0.24010127782821655
   ]
  ]
 },
 {
  "rotation_euler": [
   1.057529091835022,
   0.28470471501350403,
   2.6640536785125732
  ],
  "euler_order": "XYZ",
  "rotation_matrix": [
   [
    -0.8523767590522766,
    -0.44298216700553894,
    0.2778860926628113
   ],
   [
    0.44109371304512024,
    -0.32363978028297424,
    0.8370744585990906
   ],
   [
    -0.2808740735054016,
    0.8360766172409058,
    0.4712596535682678
   ]
  ]
 },
 {
  "rotation_euler": [
   1.0575295686721802,
   0.2847044765949249,
   0.44910889863967896
  ],
  "euler_order": "XYZ",
  "rotation_matrix": [
   [
    0.8645709753036499,
    0.007232658099383116,
    0.5024586319923401
   ],
   [
    0.4166856110095978,
    0.548564612865448,
    -0.724879264831543
   ],
   [
    -0.2808738350868225,
    0.8360769152641296,
    0.47125929594039917
   ]
  ]
 },
 {
  "rotation_euler": [
   2.1762328147888184,
   0.21972107887268066,
   1.2735131978988647
  ],
  "euler_order": "XYZ",
  "rotation_matrix": [
   [
    0.2858811914920807,
    0.5966536998748779,
    0.749850869178772
   ],
   [
    0.9331486821174622,
    0.004646156448870897,
    -0.35946059226989746
   ],
   [
    -0.21795742213726044,
    0.8024853467941284,
    -0.5554383993148804
   ]
  ]
 },
 {
  "rotation_euler": [
   1.0575288534164429,
   0.28470057249069214,
   -2.544543504714966
  ],
  "euler_order": "XYZ",
  "rotation_matrix": [
   [
    -0.7937080264091492,
    0.07370855659246445,
    -0.6038166880607605
   ],
   [
    -0.5395734906196594,
    -0.543637216091156,
    0.6428989171981812
   ],
   [
    -0.28087007999420166,
    0.8360775113105774,
    0.4712604284286499
   ]
  ]
 },
 {
  "rotation_euler": [
   1.0575436353683472,
   0.284710556268692,
   1.7311675548553467
  ],
  "euler_order": "XYZ",
  "rotation_matrix": [
   [
    -0.15325625240802765,
    -0.5237858295440674,
    0.8379504084587097
   ],
   [
    0.9474276304244995,
    0.16314174234867096,
    0.27525559067726135
   ],
   [
    -0.2808796763420105,
    0.8360820412635803,
    0.4712466895580292
   ]
  ]
 }
]