[
 {
  "rotation_euler": [
   0.08399013429880142,
   -3.0482169677270576e-07,
   0.5387965440750122
  ],
  "euler_order": "XYZ",
  "rotation_matrix": [
   [
    0.85832679271698,
    -0.5112946629524231,
    0.04304471239447594
   ],
   [
    0.5131034255027771,
    0.8553010821342468,
    -0.07200641185045242
   ],
   [
    3.0482169677270576e-07,
    0.08389142155647278,
    0.9964749217033386
   ]
  ]
 },
 {
  "rotation_euler": [
   0.08399178832769394,
   -6.440620836656308e-07,
   -2.792802333831787
  ],
  "euler_order": "XYZ",
  "rotation_matrix": [
   [
    -0.9397868514060974,
    0.34055647253990173,
    -0.028670793399214745
   ],
   [
    -0.34176120162010193,
    -0.9364738464355469,
    0.07884182035923004
   ],
   [
    6.440620836656308e-07,
    0.0838930681347847,
    0.9964747428894043
   ]
  ]
 },
 {
  "rotation_euler": [
   0.08399125933647156,
   -6.5099345647468e-07,
   0.16254086792469025
  ],
  "euler_order": "XYZ",
  "rotation_matrix": [
   [
    0.9868192672729492,
    -0.16125568747520447,
    0.013575362972915173
   ],
   [
    0.16182610392570496,
    0.9833405613899231,
    -0.08278688043355942
   ],
   [
    6.5099345647468e-07,
    0.08389253914356232,
    0.9964748024940491
   ]
  ]
 },
 {
  "rotation_euler": [
   0.08399151265621185,
   -4.268340489943512e-07,
   0.7301003336906433
  ],
  "euler_order": "XYZ",
  "rotation_matrix": [
   [
    0.7451074719429016,
    -0.6645932793617249,
    0.05595151335000992
   ],
   [
    0.6669443845748901,
    0.7424808144569397,
    -0.0625094324350357
   ],
   [
    4.268340489943512e-07,
    0.08389279246330261,
    0.9964748024940491
   ]
  ]
 },
 {
  "rotation_euler": [
   0.08399035781621933,
   -3.6542235193337547e-07,
   1.1757923364639282
  ],
  "euler_order": "XYZ",
  "rotation_matrix": [
   [
    0.3848118782043457,
    -0.9197413921356201,
    0.07743142545223236
   ],
   [
    0.9229950308799744,
    0.3834553360939026,
    -0.032282836735248566
   ],
   [
    3.6542235193337547e-07,
    0.08389164507389069,
    0.9964748620986938
   ]
  ]
 },
 {
  "rotation_euler": [
   0.0839906558394432,
   -3.3018545764207374e-07,
   -0.4802348017692566
  ],
  "euler_order": "XYZ",
  "rotation_matrix": [
   [
    0.886886477470398,
    0.4603588283061981,
    -0.038757313042879105
   ],
   [
    -0.4619874358177185,
    0.8837600946426392,
    -0.07440247386693954
   ],
   [
    3.3018545764207374e-07,
    0.08389194309711456,
    0.9964748620986938
   ]
  ]
 },
 {
  "rotation_euler": [
   0.08399108052253723,
   -3.914836952390033e-07,
   3.0259740352630615
  ],
  "euler_order": "XYZ",
  "rotation_matrix": [
   [
    -0.9933236241340637,
    -0.11495449393987656,
    0.009678310714662075
   ],
   [
    0.11536119878292084,
    -0.9898219704627991,
    0.08333221822977066
   ],
   [
    3.914836952390033e-07,
    0.08389236032962799,
    0.9964748024940491
   ]
  ]
 },
 {
  "rotation_euler": [
   0.08399046957492828,
   -2.828350886829867e-07,
   -2.398529529571533
  ],
  "euler_order": "XYZ",
  "rotation_matrix": [
   [
    -0.7363996505737305,
    0.6741618514060974,
    -0.05675648897886276
   ],
   [
    -0.6765467524528503,
    -0.7338037490844727,
    0.061778049916028976
   ],
   [
    2.828350886829867e-07,
    0.08389175683259964,
    0.9964748620986938
   ]
  ]
 },
 {
  "rotation_euler": [
   0.08399152755737305,
   -1.0287254781360389e-06,
   1.8825926780700684
  ],
  "euler_order": "XYZ",
  "rotation_matrix": [
   [
    -0.30676886439323425,
    -0.948428750038147,
    0.07984814792871475
   ],
   [
    0.9517840147018433,
    -0.3056875169277191,
    0.02573472633957863
   ],
   [
    1.0287254781360389e-06,
    0.0838928073644638,
    0.9964748024940491
   ]
  ]
 },
 {
  "rotation_euler": [
   0.08399059623479843,
   -5.609581990029255e-07,
   -0.0355311781167984
  ],
  "euler_order": "XYZ",
  "rotation_matrix": [
   [
    0.9993688464164734,
    0.03539843112230301,
    -0.0029807088430970907
   ],
   [
    -0.03552370145916939,
    0.9958459138870239,
    -0.08383890986442566
   ],
   [
    5.609581990029255e-07,
    0.08389188349246979,
    0.9964748620986938
   ]
  ]
 },
 {
  "rotation_euler": [
   0.08399038761854172,
   -2.914462982062105e-07,
   2.9692397117614746
  ],
  "euler_order": "XYZ",
  "rotation_matrix": [
   [
    -0.9851839542388916,
    -0.17089632153511047,
    0.014387783594429493
   ],
   [
    0.17150090634822845,
    -0.9817110896110535,
    0.08264867961406708
   ],
   [
    2.914462982062105e-07,
    0.08389167487621307,
    0.9964748620986938
   ]
  ]
 },
 {
  "rotation_euler": [
   0.08399069309234619,
   -5.153490292286733e-07,
   0.3741401135921478
  ],
  "euler_order": "XYZ",
  "rotation_matrix": [
   [
    0.9308222532272339,
    -0.3641839623451233,
    0.030659712851047516
   ],
   [
    0.3654722571372986,
    0.9275409579277039,
    -0.07808870822191238
   ],
   [
    5.153490292286733e-07,
    0.08389198035001755,
    0.9964748620986938
   ]
  ]
 },
 {
  "rotation_euler": [
   0.08399026840925217,
   -2.997845740537741e-07,
   1.971890926361084
  ],
  "euler_order": "XYZ",
  "rotation_matrix": [
   [
    -0.39042630791664124,
    -0.9173888564109802,
    0.07723354548215866
   ],
   [
    0.9206342101097107,
    -0.38905003666877747,
    0.032753195613622665
   ],
   [
    2.997845740537741e-07,
    0.08389155566692352,
    0.9964748620986938
   ]
  ]
 },
 {
  "rotation_euler": [
   0.08399070054292679,
   -2.828726053394348e-07,
   -0.70892333984375
  ],
  "euler_order": "XYZ",
  "rotation_matrix": [
   [
    0.7590632438659668,
    0.6487219333648682,
    -0.054615311324596405
   ],
   [
    -0.651016891002655,
    0.75638747215271,
    -0.06367913633584976
   ],
   [
    2.828726053394348e-07,
    0.08389198780059814,
    0.9964748620986938
   ]
  ]
 },
 {
  "rotation_euler": [
   0.08399181813001633,
   -6.164353294479952e-07,
   -0.17124834656715393
  ],
  "euler_order": "XYZ",
  "rotation_matrix": [
   [
    0.98537278175354,
    0.16981177031993866,
    -0.014297043904662132
   ],
   [
    -0.1704125702381134,
    0.9818991422653198,
    -0.08266587555408478
   ],
   [
    6.164353294479952e-07,
    0.08389309793710709,
    0.9964747428894043
   ]
  ]
 },
 {
  "rotation_euler": [
   0.08399192243814468,
   -1.1593479030125309e-06,
   -1.3566734790802002
  ],
  "euler_order": "XYZ",
  "rotation_matrix": [
   [
    0.21249039471149445,
    0.9737184047698975,
    -0.08197759091854095
   ],
   [
    -0.9771631360054016,
    0.2117414027452469,
    -0.017825370654463768
   ],
   [
    1.1593479030125309e-06,
    0.08389320224523544,
    0.9964747428894043
   ]
  ]
 }
]