[
 {
  "rotation_euler": [
   -0.31763339042663574,
   0.16397543251514435,
   -1.3295012712478638
  ],
  "euler_order": "XYZ",
  "rotation_matrix": [
   [
    0.23575498163700104,
    0.9102727174758911,
    0.34032806754112244
   ],
   [
    -0.9580040574073792,
    0.27651336789131165,
    -0.0759512335062027
   ],
   [
    -0.16324159502983093,
    -0.30812978744506836,
    0.9372343420982361
   ]
  ]
 },
 {
  "rotation_euler": [
   0.42891302704811096,
   -0.44175079464912415,
   -2.2945964336395264
  ],
  "euler_order": "XYZ",
  "rotation_matrix": [
   [
    -0.5986651182174683,
    0.7991674542427063,
    -0.054142750799655914
   ],
   [
    -0.6773657202720642,
    -0.4690262973308563,
    0.5667362809181213
   ],
   [
    0.42752283811569214,
    0.37595969438552856,
    0.8221182823181152
   ]
  ]
 },
 {
  "rotation_euler": [
   -0.34124666452407837,
   0.006416370160877705,
   2.4194629192352295
  ],
  "euler_order": "XYZ",
  "rotation_matrix": [
   [
    -0.7503842711448669,
    -0.6212594509124756,
    -0.2257436066865921
   ],
   [
    0.6609706878662109,
    -0.7085496187210083,
    -0.24713382124900818
   ],
   [
    -0.00641632592305541,
    -0.3346552550792694,
    0.9423187971115112
   ]
  ]
 },
 {
  "rotation_euler": [
   0.37450578808784485,
   0.09056058526039124,
   2.0910496711730957
  ],
  "euler_order": "XYZ",
  "rotation_matrix": [
   [
    -0.4950629472732544,
    -0.8239976763725281,
    0.2755729556083679
   ],
   [
    0.8641376495361328,
    -0.4339393973350525,
    0.2548779249191284
   ],
   [
    -0.09043685346841812,
    0.3643135726451874,
    0.9268747568130493
   ]
  ]
 },
 {
  "rotation_euler": [
   -0.23563674092292786,
   -0.27308452129364014,
   -0.693816065788269
  ],
  "euler_order": "XYZ",
  "rotation_matrix": [
   [
    0.740321934223175,
    0.6702128648757935,
    -0.052327338606119156
   ],
   [
    -0.6157789826393127,
    0.7073010802268982,
    0.34719082713127136
   ],
   [
    0.2697029411792755,
    -0.2248108983039856,
    0.9363334774971008
   ]
  ]
 },
 {
  "rotation_euler": [
   -0.16159173846244812,
   -0.4615895748138428,
   -1.947587013244629
  ],
  "euler_order": "XYZ",
  "rotation_matrix": [
   [
    -0.3294318616390228,
    0.8913717269897461,
    0.31133756041526794
   ],
   [
    -0.8325374126434326,
    -0.42977383732795715,
    0.3495367169380188
   ],
   [
    0.4453718960285187,
    -0.14405164122581482,
    0.8836815357208252
   ]
  ]
 },
 {
  "rotation_euler": [
   -0.48759862780570984,
   0.09316564351320267,
   -1.248733639717102
  ],
  "euler_order": "XYZ",
  "rotation_matrix": [
   [
    0.315151184797287,
    0.8242411017417908,
    0.4704321026802063
   ],
   [
    -0.9444707632064819,
    0.32098087668418884,
    0.07032988965511322
   ],
   [
    -0.09303092211484909,
    -0.46647390723228455,
    0.8796290755271912
   ]
  ]
 },
 {
  "rotation_euler": [
   0.19273704290390015,
   0.0011422015959396958,
   0.4330320954322815
  ],
  "euler_order": "XYZ",
  "rotation_matrix": [
   [
    0.9076969623565674,
    -0.4116564393043518,
    0.08139504492282867
   ],
   [
    0.4196246862411499,
    0.8909821510314941,
    -0.17339539527893066
   ],
   [
    -0.0011422013631090522,
    0.19154584407806396,
    0.981482982635498
   ]
  ]
 },
 {
  "rotation_euler": [
   0.33934181928634644,
   0.3154866099357605,
   0.6581101417541504
  ],
  "euler_order": "XYZ",
  "rotation_matrix": [
   [
    0.7521027326583862,
    -0.49503323435783386,
    0.4350673258304596
   ],
   [
    0.5814364552497864,
    0.8092027306556702,
    -0.08439546823501587
   ],
   [
    -0.31027910113334656,
    0.31643804907798767,
    0.89643394947052
   ]
  ]
 },
 {
  "rotation_euler": [
   0.18500283360481262,
   -0.4695027470588684,
   -0.0520014688372612
  ],
  "euler_order": "XYZ",
  "rotation_matrix": [
   [
    0.8905878663063049,
    -0.03202299028635025,
    -0.45368245244026184
   ],
   [
    -0.046353667974472046,
    0.9859330058097839,
    -0.16058486700057983
   ],
   [
    0.45244288444519043,
    0.16404478251934052,
    0.8765755891799927
   ]
  ]
 },
 {
  "rotation_euler": [
   -0.25045931339263916,
   -0.16572582721710205,
   -0.3946484327316284
  ],
  "euler_order": "XYZ",
  "rotation_matrix": [
   [
    0.9104838371276855,
    0.4102315604686737,
    -0.05224199220538139
   ],
   [
    -0.379215806722641,
    0.8786084055900574,
    0.29024583101272583
   ],
   [
    0.16496825218200684,
    -0.24445316195487976,
    0.9555250406265259
   ]
  ]
 },
 {
  "rotation_euler": [
   0.15379664301872253,
   -0.3876963257789612,
   -0.003981197718530893
  ],
  "euler_order": "XYZ",
  "rotation_matrix": [
   [
    0.9257751107215881,
    -0.053980253636837006,
    -0.3742012679576874
   ],
   [
    -0.003685713279992342,
    0.9884193539619446,
    -0.15170249342918396
   ],
   [
    0.37805670499801636,
    0.14182159304618835,
    0.9148550629615784
   ]
  ]
 },
 {
  "rotation_euler": [
   -0.0036417203955352306,
   -0.03740585595369339,
   2.381075382232666
  ],
  "euler_order": "XYZ",
  "rotation_matrix": [
   [
    -0.7239727973937988,
    -0.6893903613090515,
    0.024583060294389725
   ],
   [
    0.688814103603363,
    -0.7243808507919312,
    -0.028415881097316742
   ],
   [
    0.03739713504910469,
    -0.0036391648463904858,
    0.999293863773346
   ]
  ]
 },
 {
  "rotation_euler": [
   -0.02369643747806549,
   -0.05019596591591835,
   1.1236011981964111
  ],
  "euler_order": "XYZ",
  "rotation_matrix": [
   [
    0.4318934977054596,
    -0.9008963108062744,
    -0.043055661022663116
   ],
   [
    0.9005278944969177,
    0.43338873982429504,
    -0.03498188406229019
   ],
   [
    0.05017488822340965,
    -0.023664375767111778,
    0.998460054397583
   ]
  ]
 },
 {
  "rotation_euler": [
   -0.4495663344860077,
   -0.20606718957424164,
   -1.5110605955123901
  ],
  "euler_order": "XYZ",
  "rotation_matrix": [
   [
    0.05843714624643326,
    0.9043377041816711,
    0.4227982759475708
   ],
   [
    -0.9770972728729248,
    -0.03499247133731842,
    0.2098962813615799
   ],
   [
    0.2046118825674057,
    -0.42538076639175415,
    0.8815810680389404
   ]
  ]
 },
 {
  "rotation_euler": [
   0.14028912782669067,
   -0.2175421416759491,
   3.017190933227539
  ],
  "euler_order": "XYZ",
  "rotation_matrix": [
   [
    -0.9688851237297058,
    -0.09291587024927139,
    0.2294086068868637
   ],
   [
    0.12115661799907684,
    -0.9862682819366455,
    0.11223145574331284
   ],
   [
    0.21583035588264465,
    0.13653375208377838,
    0.9668380618095398
   ]
  ]
 }
]