[
 {
  "rotation_euler": [
   0.010310965590178967,
   -0.008241751231253147,
   -1.6788221597671509
  ],
  "euler_order": "XYZ",
  "rotation_matrix": [
   [
    -0.10781218856573105,
    0.9941272139549255,
    -0.009362146258354187
   ],
   [
    -0.9941371083259583,
    -0.10772564262151718,
    0.00930484663695097
   ],
   [
    0.008241658098995686,
    0.010310432873666286,
    0.9999128580093384
   ]
  ]
 },
 {
  "rotation_euler": [
   -0.5933345556259155,
   2.208650588989258,
   -0.8972485661506653
  ],
  "euler_order": "XYZ",
  "rotation_matrix": [
   [
    -0.37143394351005554,
    0.3678326904773712,
    0.852488100528717
   ],
   [
    0.46542978286743164,
    0.8682430982589722,
    -0.17184023559093475
   ],
   [
    -0.8033753633499146,
    0.3329460620880127,
    -0.4936952292919159
   ]
  ]
 },
 {
  "rotation_euler": [
   0.0069710263051092625,
   -0.005117732100188732,
   -1.8574544191360474
  ],
  "euler_order": "XYZ",
  "rotation_matrix": [
   [
    -0.28274455666542053,
    0.9591809511184692,
    -0.005239524878561497
   ],
   [
    -0.9591816067695618,
    -0.28270718455314636,
    0.006879787426441908
   ],
   [
    0.005117709748446941,
    0.006970878690481186,
    0.9999626278877258
   ]
  ]
 },
 {
  "rotation_euler": [
   2.7852835655212402,
   -0.7225278615951538,
   -0.056083716452121735
  ],
  "euler_order": "XYZ",
  "rotation_matrix": [
   [
    0.748957097530365,
    -0.28283801674842834,
    0.5992211103439331
   ],
   [
    -0.042048390954732895,
    -0.9227872490882874,
    -0.3830086588859558
   ],
   [
    0.661283016204834,
    0.26166075468063354,
    -0.7030209302902222
   ]
  ]
 },
 {
  "rotation_euler": [
   0.009978956542909145,
   -0.007931098341941833,
   -1.6823817491531372
  ],
  "euler_order": "XYZ",
  "rotation_matrix": [
   [
    -0.11135049909353256,
    0.9937401413917542,
    -0.0090336250141263
   ],
   [
    -0.9937495589256287,
    -0.11126980930566788,
    0.008992476388812065
   ],
   [
    0.007931015454232693,
    0.009978476911783218,
    0.9999187588691711
   ]
  ]
 },
 {
  "rotation_euler": [
   0.007310470100492239,
   -0.0039979275315999985,
   -2.064089775085449
  ],
  "euler_order": "XYZ",
  "rotation_matrix": [
   [
    -0.4735254645347595,
    0.8807684183120728,
    -0.004545764531940222
   ],
   [
    -0.8807710409164429,
    -0.4734908640384674,
    0.006982874125242233
   ],
   [
    0.00399791682139039,
    0.0073103467002511024,
    0.9999653100967407
   ]
  ]
 },
 {
  "rotation_euler": [
   0.009390301071107388,
   -0.007373976521193981,
   -0.02911379747092724
  ],
  "euler_order": "XYZ",
  "rotation_matrix": [
   [
    0.9995490312576294,
    0.029039189219474792,
    -0.007643804419785738
   ],
   [
    -0.029108893126249313,
    0.9995341897010803,
    -0.009171540848910809
   ],
   [
    0.007373909465968609,
    0.0093899080529809,
    0.9999287128448486
   ]
  ]
 },
 {
  "rotation_euler": [
   0.0069637177512049675,
   -0.005114707164466381,
   -2.0647099018096924
  ],
  "euler_order": "XYZ",
  "rotation_matrix": [
   [
    -0.47406914830207825,
    0.8804798126220703,
    -0.003706707153469324
   ],
   [
    -0.8804727792739868,
    -0.4740324914455414,
    0.007804590743035078
   ],
   [
    0.00511468481272459,
    0.006963570602238178,
    0.9999626874923706
   ]
  ]
 },
 {
  "rotation_euler": [
   0.007251024711877108,
   -0.0053863367065787315,
   -2.674262762069702
  ],
  "euler_order": "XYZ",
  "rotation_matrix": [
   [
    -0.8927614092826843,
    0.4505271017551422,
    0.0015420459676533937
   ],
   [
    -0.450497567653656,
    -0.8927332758903503,
    0.008899963460862637
   ],
   [
    0.005386310629546642,
    0.007250856142491102,
    0.9999592304229736
   ]
  ]
 },
 {
  "rotation_euler": [
   0.008240917697548866,
   -0.0063098156824707985,
   0.21029789745807648
  ],
  "euler_order": "XYZ",
  "rotation_matrix": [
   [
    0.977949321269989,
    -0.20879501104354858,
    -0.004450269974768162
   ],
   [
    0.20874708890914917,
    0.9779247045516968,
    -0.009376397356390953
   ],
   [
    0.006309773772954941,
    0.008240660652518272,
    0.999946117401123
   ]
  ]
 },
 {
  "rotation_euler": [
   0.01246634591370821,
   0.03868982940912247,
   2.919912576675415
  ],
  "euler_order": "XYZ",
  "rotation_matrix": [
   [
    -0.974799394607544,
    -0.22032220661640167,
    -0.03498983010649681
   ],
   [
    0.21970435976982117,
    -0.975347638130188,
    0.0206648800522089
   ],
   [
    -0.03868017718195915,
    0.012456693686544895,
    0.9991739988327026
   ]
  ]
 },
 {
  "rotation_euler": [
   0.007463871967047453,
   -0.005578402429819107,
   -2.040391445159912
  ],
  "euler_order": "XYZ",
  "rotation_matrix": [
   [
    -0.4525182247161865,
    0.8917455673217773,
    -0.004131573252379894
   ],
   [
    -0.891737699508667,
    -0.45247554779052734,
    0.008351944386959076
   ],
   [
    0.005578373558819294,
    0.0074636866338551044,
    0.9999566078186035
   ]
  ]
 },
 {
  "rotation_euler": [
   0.010295437648892403,
   -0.00822041928768158,
   2.517751932144165
  ],
  "euler_order": "XYZ",
  "rotation_matrix": [
   [
    -0.8116134405136108,
    -0.584057092666626,
    0.012685642577707767
   ],
   [
    0.5841370224952698,
    -0.8116472959518433,
    0.0035543455742299557
   ],
   [
    0.008220327086746693,
    0.010294907726347446,
    0.999913215637207
   ]
  ]
 },
 {
  "rotation_euler": [
   0.0071342699229717255,
   -0.005273033399134874,
   1.1552835702896118
  ],
  "euler_order": "XYZ",
  "rotation_matrix": [
   [
    0.40365350246429443,
    -0.9149013757705688,
    0.004398711957037449
   ],
   [
    0.9148967266082764,
    0.40361443161964417,
    -0.007703991606831551
   ],
   [
    0.005273009184747934,
    0.007134110201150179,
    0.9999606609344482
   ]
  ]
 },
 {
  "rotation_euler": [
   0.00952813122421503,
   -0.007616570219397545,
   1.3357759714126587
  ],
  "euler_order": "XYZ",
  "rotation_matrix": [
   [
    0.23285602033138275,
    -0.9724823832511902,
    0.007492540869861841
   ],
   [
    0.972481369972229,
    0.23278163373470306,
    -0.009625493548810482
   ],
   [
    0.00761649664491415,
    0.009527710266411304,
    0.9999256134033203
   ]
  ]
 },
 {
  "rotation_euler": [
   0.010264897719025612,
   -0.00818630587309599,
   -1.9588184356689453
  ],
  "euler_order": "XYZ",
  "rotation_matrix": [
   [
    -0.37834563851356506,
    0.9256422519683838,
    -0.00640447111800313
   ],
   [
    -0.9256281852722168,
    -0.3782605826854706,
    0.0114609869197011
   ],
   [
    0.008186214603483677,
    0.010264373384416103,
    0.9999138116836548
   ]
  ]
 }
]