[
 {
  "rotation_euler": [
   0.0004841558984480798,
   -1.5749163627624512,
   2.09733510017395
  ],
  "euler_order": "XYZ",
  "rotation_matrix": [
   [
    0.00207049329765141,
    -0.86430823802948,
    0.5029581785202026
   ],
   [
    -0.0035619738046079874,
    -0.5029624700546265,
    -0.8643009066581726
   ],
   [
    0.9999915361404419,
    -1.99473402062722e-06,
    -0.004120023921132088
   ]
  ]
 },
 {
  "rotation_euler": [
   0.000657967641018331,
   -1.5749131441116333,
   1.3681654930114746
  ],
  "euler_order": "XYZ",
  "rotation_matrix": [
   [
    -0.000828494899906218,
    -0.9796727299690247,
    -0.2006007730960846
   ],
   [
    -0.004032577853649855,
    0.2006024867296219,
    -0.9796644449234009
   ],
   [
    0.9999915361404419,
    -2.7087246508017415e-06,
    -0.004116804804652929
   ]
  ]
 },
 {
  "rotation_euler": [
   0.0005197697319090366,
   -1.5749192237854004,
   -3.046200752258301
  ],
  "euler_order": "XYZ",
  "rotation_matrix": [
   [
    0.004104141145944595,
    0.09576468169689178,
    0.9953955411911011
   ],
   [
    0.00039269367698580027,
    -0.9954040050506592,
    0.09576387703418732
   ],
   [
    0.9999914765357971,
    -2.1429509615700226e-06,
    -0.0041228849440813065
   ]
  ]
 },
 {
  "rotation_euler": [
   0.00044171669287607074,
   -1.5749191045761108,
   3.049268960952759
  ],
  "euler_order": "XYZ",
  "rotation_matrix": [
   [
    0.004105207975953817,
    -0.09175275266170502,
    0.9957733750343323
   ],
   [
    -0.0003800884878728539,
    -0.9957818388938904,
    -0.09175196290016174
   ],
   [
    0.9999914765357971,
    -1.8210945427199476e-06,
    -0.004122765734791756
   ]
  ]
 },
 {
  "rotation_euler": [
   0.0004712763475254178,
   -1.5749166011810303,
   0.8868169784545898
  ],
  "euler_order": "XYZ",
  "rotation_matrix": [
   [
    -0.0026035208720713854,
    -0.7753620743751526,
    -0.6315115690231323
   ],
   [
    -0.003193468786776066,
    0.6315169334411621,
    -0.7753555178642273
   ],
   [
    0.9999915361404419,
    -1.9417823295952985e-06,
    -0.004120262339711189
   ]
  ]
 },
 {
  "rotation_euler": [
   0.0004728316853288561,
   -1.5749157667160034,
   -1.4829031229019165
  ],
  "euler_order": "XYZ",
  "rotation_matrix": [
   [
    -0.00036160374293103814,
    0.9960982799530029,
    -0.08825033158063889
   ],
   [
    0.004103526938706636,
    0.08825107663869858,
    0.9960898160934448
   ],
   [
    0.9999915361404419,
    -1.9477961359370966e-06,
    -0.004119427874684334
   ]
  ]
 },
 {
  "rotation_euler": [
   0.00030878224060870707,
   -1.5749125480651855,
   2.462127447128296
  ],
  "euler_order": "XYZ",
  "rotation_matrix": [
   [
    0.0032020360231399536,
    -0.6281368732452393,
    0.7780962586402893
   ],
   [
    -0.0025865319184958935,
    -0.7781028747558594,
    -0.6281315088272095
   ],
   [
    0.9999915361404419,
    -1.271012365577917e-06,
    -0.004116209223866463
   ]
  ]
 },
 {
  "rotation_euler": [
   0.0004844093637075275,
   -1.5749157667160034,
   0.5460935235023499
  ],
  "euler_order": "XYZ",
  "rotation_matrix": [
   [
    -0.0035202980507165194,
    -0.5197667479515076,
    -0.8543009757995605
   ],
   [
    -0.002139437012374401,
    0.8543081879615784,
    -0.519762396812439
   ],
   [
    0.9999915361404419,
    -1.995489583350718e-06,
    -0.004119427874684334
   ]
  ]
 },
 {
  "rotation_euler": [
   -1.394443643221166e-05,
   1.5799641609191895,
   1.3050978183746338
  ],
  "euler_order": "XYZ",
  "rotation_matrix": [
   [
    -0.0024072867818176746,
    -0.964913010597229,
    0.26255884766578674
   ],
   [
    -0.008846004493534565,
    0.2625698745250702,
    0.964872419834137
   ],
   [
    -0.9999579787254333,
    1.278384900160745e-07,
    -0.009167705662548542
   ]
  ]
 },
 {
  "rotation_euler": [
   -1.0003185707319062e-05,
   1.579964518547058,
   -1.7921010255813599
  ],
  "euler_order": "XYZ",
  "rotation_matrix": [
   [
    0.002012414624914527,
    0.975614070892334,
    -0.21948370337486267
   ],
   [
    0.00894447136670351,
    -0.21949292719364166,
    -0.9755730628967285
   ],
   [
    -0.9999579787254333,
    9.170984327511178e-08,
    -0.009168063290417194
   ]
  ]
 },
 {
  "rotation_euler": [
   0.0004952274612151086,
   -1.5749150514602661,
   1.1304609775543213
  ],
  "euler_order": "XYZ",
  "rotation_matrix": [
   [
    -0.00175557192414999,
    -0.9048197269439697,
    -0.4257912039756775
   ],
   [
    -0.0037258239462971687,
    0.4257948100566864,
    -0.9048120975494385
   ],
   [
    0.9999915361404419,
    -2.039699666056549e-06,
    -0.004118712618947029
   ]
  ]
 },
 {
  "rotation_euler": [
   0.0005195967969484627,
   -1.5749197006225586,
   2.976182222366333
  ],
  "euler_order": "XYZ",
  "rotation_matrix": [
   [
    0.004067081958055496,
    -0.16414465010166168,
    0.986427903175354
   ],
   [
    -0.0006789411418139935,
    -0.9864363074302673,
    -0.16414324939250946
   ],
   [
    0.9999914765357971,
    -2.1424857550300658e-06,
    -0.00412336178123951
   ]
  ]
 },
 {
  "rotation_euler": [
   0.00044132009497843683,
   -1.57491934299469,
   -0.2265138030052185
  ],
  "euler_order": "XYZ",
  "rotation_matrix": [
   [
    -0.004017683211714029,
    0.22415168583393097,
    -0.9745460152626038
   ],
   [
    0.0009259515791200101,
    0.9745542407035828,
    0.22414977848529816
   ],
   [
    0.9999914765357971,
    -1.8195646589447279e-06,
    -0.004123004153370857
   ]
  ]
 },
 {
  "rotation_euler": [
   0.0006683894316665828,
   -1.5749127864837646,
   1.4742968082427979
  ],
  "euler_order": "XYZ",
  "rotation_matrix": [
   [
    -0.00039661902701482177,
    -0.9954116940498352,
    -0.09568370133638382
   ],
   [
    -0.004097296390682459,
    0.09568452090024948,
    -0.9954032897949219
   ],
   [
    0.9999915361404419,
    -2.751390184130287e-06,
    -0.004116447176784277
   ]
  ]
 },
 {
  "rotation_euler": [
   3.509966006731702e-07,
   1.5799604654312134,
   0.3141477704048157
  ],
  "euler_order": "XYZ",
  "rotation_matrix": [
   [
    -0.008715524338185787,
    -0.3090057373046875,
    0.9510202407836914
   ],
   [
    -0.0028317347168922424,
    0.9510601758956909,
    0.30899274349212646
   ],
   [
    -0.9999580383300781,
    -3.216536592631769e-09,
    -0.009164010174572468
   ]
  ]
 },
 {
  "rotation_euler": [
   -2.8227013899595477e-06,
   1.5799601078033447,
   -2.488156795501709
  ],
  "euler_order": "XYZ",
  "rotation_matrix": [
   [
    0.007275938056409359,
    0.6079202890396118,
    -0.7939647436141968
   ],
   [
    0.005570750217884779,
    -0.7939980626106262,
    -0.607894778251648
   ],
   [
    -0.9999580383300781,
    2.5866254915740683e-08,
    -0.009163652546703815
   ]
  ]
 }
]