[
 {
  "rotation_euler": [
   -0.014080192893743515,
   0.021891426295042038,
   -3.0093302726745605
  ],
  "euler_order": "XYZ",
  "rotation_matrix": [
   [
    -0.9910285472869873,
    0.13216952979564667,
    -0.01983955129981041
   ],
   [
    -0.13184550404548645,
    -0.9911271929740906,
    -0.016843218356370926
   ],
   [
    -0.02188967727124691,
    -0.01407635398209095,
    0.9996612668037415
   ]
  ]
 },
 {
  "rotation_euler": [
   -0.012943717651069164,
   0.022327817976474762,
   -1.7136452198028564
  ],
  "euler_order": "XYZ",
  "rotation_matrix": [
   [
    -0.14232808351516724,
    0.9897726774215698,
    0.009633383713662624
   ],
   [
    -0.9895676970481873,
    -0.1420656144618988,
    -0.02393937110900879
   ],
   [
    -0.022325962781906128,
    -0.012940130196511745,
    0.9996669888496399
   ]
  ]
 },
 {
  "rotation_euler": [
   -0.014761854894459248,
   0.021649813279509544,
   3.0364692211151123
  ],
  "euler_order": "XYZ",
  "rotation_matrix": [
   [
    -0.9942465424537659,
    -0.1046006977558136,
    -0.023075174540281296
   ],
   [
    0.10490532964468002,
    -0.9944047927856445,
    -0.012408542446792126
   ],
   [
    -0.021648121997714043,
    -0.014757859520614147,
    0.9996567368507385
   ]
  ]
 },
 {
  "rotation_euler": [
   -0.01703205518424511,
   0.020960593596100807,
   -1.7459537982940674
  ],
  "euler_order": "XYZ",
  "rotation_matrix": [
   [
    -0.17422492802143097,
    0.9846184849739075,
    0.013118775561451912
   ],
   [
    -0.9844828248023987,
    -0.17388643324375153,
    -0.02360329031944275
   ],
   [
    -0.02095905877649784,
    -0.017027489840984344,
    0.9996353387832642
   ]
  ]
 },
 {
  "rotation_euler": [
   -0.0011395146138966084,
   0.02707541547715664,
   -2.0795931816101074
  ],
  "euler_order": "XYZ",
  "rotation_matrix": [
   [
    -0.48694831132888794,
    0.873345673084259,
    -0.012192368507385254
   ],
   [
    -0.8730111122131348,
    -0.4870995879173279,
    -0.02419799007475376
   ],
   [
    -0.027072107419371605,
    -0.0011390966828912497,
    0.9996328353881836
   ]
  ]
 },
 {
  "rotation_euler": [
   -0.0072655766271054745,
   0.024614030495285988,
   -0.9582916498184204
  ],
  "euler_order": "XYZ",
  "rotation_matrix": [
   [
    0.574744462966919,
    0.8180862069129944,
    0.02009398117661476
   ],
   [
    -0.8179627656936646,
    0.5750497579574585,
    -0.01595981791615486
   ],
   [
    -0.024611545726656914,
    -0.007263312116265297,
    0.999670684337616
   ]
  ]
 },
 {
  "rotation_euler": [
   -0.014351855963468552,
   0.02180727943778038,
   0.5283713340759277
  ],
  "euler_order": "XYZ",
  "rotation_matrix": [
   [
    0.8634239435195923,
    -0.5043457746505737,
    0.011595056392252445
   ],
   [
    0.5040075778961182,
    0.8633825778961182,
    0.023385902866721153
   ],
   [
    -0.021805550903081894,
    -0.014347950927913189,
    0.9996592402458191
   ]
  ]
 },
 {
  "rotation_euler": [
   -0.013856192119419575,
   0.021969620138406754,
   -2.4374465942382812
  ],
  "euler_order": "XYZ",
  "rotation_matrix": [
   [
    -0.7619807124137878,
    0.6475530862808228,
    -0.007771534379571676
   ],
   [
    -0.6472269892692566,
    -0.7618944644927979,
    -0.02478061616420746
   ],
   [
    -0.021967852488160133,
    -0.013852405361831188,
    0.9996626973152161
   ]
  ]
 },
 {
  "rotation_euler": [
   -0.024782083928585052,
   0.018456272780895233,
   -2.071803092956543
  ],
  "euler_order": "XYZ",
  "rotation_matrix": [
   [
    -0.4802270233631134,
    0.8770498037338257,
    0.012872641906142235
   ],
   [
    -0.8769500851631165,
    -0.47976022958755493,
    -0.028083931654691696
   ],
   [
    -0.018455224111676216,
    -0.024775326251983643,
    0.9995226860046387
   ]
  ]
 },
 {
  "rotation_euler": [
   -0.01377391442656517,
   0.022039301693439484,
   1.821075439453125
  ],
  "euler_order": "XYZ",
  "rotation_matrix": [
   [
    -0.24761423468589783,
    -0.9686762690544128,
    -0.01880195364356041
   ],
   [
    0.968608021736145,
    -0.24794496595859528,
    0.017937539145350456
   ],
   [
    -0.02203751727938652,
    -0.013770134188234806,
    0.9996622800827026
   ]
  ]
 },
 {
  "rotation_euler": [
   -0.015799665823578835,
   0.021349478513002396,
   -2.794942617416382
  ],
  "euler_order": "XYZ",
  "rotation_matrix": [
   [
    -0.940301775932312,
    0.34002384543418884,
    -0.01470780000090599
   ],
   [
    -0.33967161178588867,
    -0.9402841329574585,
    -0.022111231461167336
   ],
   [
    -0.021347856149077415,
    -0.015795407816767693,
    0.999647319316864
   ]
  ]
 },
 {
  "rotation_euler": [
   -0.014473943039774895,
   0.021765826269984245,
   -0.20304204523563385
  ],
  "euler_order": "XYZ",
  "rotation_matrix": [
   [
    0.9792256951332092,
    0.20132015645503998,
    0.02423335611820221
   ],
   [
    -0.2016020566225052,
    0.9794186353683472,
    0.009787851013243198
   ],
   [
    -0.021764107048511505,
    -0.014470009133219719,
    0.9996584057807922
   ]
  ]
 },
 {
  "rotation_euler": [
   -0.01402044016867876,
   0.021939266473054886,
   0.37333381175994873
  ],
  "euler_order": "XYZ",
  "rotation_matrix": [
   [
    0.9308925271034241,
    -0.36497214436531067,
    0.015310978516936302
   ],
   [
    0.36463385820388794,
    0.9309129118919373,
    0.02105453424155712
   ],
   [
    -0.021937506273388863,
    -0.014016606844961643,
    0.9996610879898071
   ]
  ]
 },
 {
  "rotation_euler": [
   -0.014861457981169224,
   0.021645015105605125,
   0.4420730471611023
  ],
  "euler_order": "XYZ",
  "rotation_matrix": [
   [
    0.9036549925804138,
    -0.42805761098861694,
    0.01320281345397234
   ],
   [
    0.42771393060684204,
    0.9036293029785156,
    0.022690581157803535
   ],
   [
    -0.021643325686454773,
    -0.014857430011034012,
    0.9996553659439087
   ]
  ]
 },
 {
  "rotation_euler": [
   -0.014668245799839497,
   0.02170640416443348,
   2.511411190032959
  ],
  "euler_order": "XYZ",
  "rotation_matrix": [
   [
    -0.8077302575111389,
    -0.5889707803726196,
    -0.02617734856903553
   ],
   [
    0.5891525745391846,
    -0.8080213069915771,
    0.0009386635501869023
   ],
   [
    -0.021704699844121933,
    -0.014664264395833015,
    0.9996568560600281
   ]
  ]
 },
 {
  "rotation_euler": [
   -0.013987823389470577,
   0.02192065119743347,
   -1.8914375305175781
  ],
  "euler_order": "XYZ",
  "rotation_matrix": [
   [
    -0.31509941816329956,
    0.9490373134613037,
    0.006366864778101444
   ],
   [
    -0.9488055109977722,
    -0.31485334038734436,
    -0.025208203122019768
   ],
   [
    -0.021918896585702896,
    -0.013984006829559803,
    0.999661922454834
   ]
  ]
 }
]