[
 {
  "rotation_euler": [
   -0.5763430595397949,
   -1.4084045886993408,
   0.6190958619117737
  ],
  "euler_order": "XYZ",
  "rotation_matrix": [
   [
    0.13167189061641693,
    -0.04857891425490379,
    -0.9901022911071777
   ],
   [
    0.09382213652133942,
    0.9949256181716919,
    -0.036338333040475845
   ],
   [
    0.9868434071540833,
    -0.08810877799987793,
    0.1355615109205246
   ]
  ]
 },
 {
  "rotation_euler": [
   -0.7548090815544128,
   -1.4489803314208984,
   -1.4147015810012817
  ],
  "euler_order": "XYZ",
  "rotation_matrix": [
   [
    0.01889091171324253,
    0.8252715468406677,
    0.5644200444221497
   ],
   [
    -0.12003755569458008,
    -0.5585653781890869,
    0.8207287192344666
   ],
   [
    0.9925895929336548,
    -0.08325591683387756,
    0.08851177245378494
   ]
  ]
 },
 {
  "rotation_euler": [
   -1.470375895500183,
   1.2544431686401367,
   -1.3394695520401
  ],
  "euler_order": "XYZ",
  "rotation_matrix": [
   [
    0.07132627069950104,
    -0.11921291053295135,
    0.9903033971786499
   ],
   [
    -0.3028159439563751,
    0.9433854222297668,
    0.13537512719631195
   ],
   [
    -0.9503762722015381,
    -0.3095354735851288,
    0.031188592314720154
   ]
  ]
 },
 {
  "rotation_euler": [
   -0.5523556470870972,
   -1.3915457725524902,
   2.0042190551757812
  ],
  "euler_order": "XYZ",
  "rotation_matrix": [
   [
    -0.07487906515598297,
    -0.98940509557724,
    -0.12438113987445831
   ],
   [
    0.1618061512708664,
    0.11102321743965149,
    -0.9805573225021362
   ],
   [
    0.9839776158332825,
    -0.09354884177446365,
    0.15177851915359497
   ]
  ]
 },
 {
  "rotation_euler": [
   2.521796941757202,
   -1.71945059299469,
   -0.3079974055290222
  ],
  "euler_order": "XYZ",
  "rotation_matrix": [
   [
    -0.14113782346248627,
    -0.7941938638687134,
    0.5910466909408569
   ],
   [
    0.04489888250827789,
    -0.601543664932251,
    -0.7975771427154541
   ],
   [
    0.9889712929725647,
    -0.08603096753358841,
    0.1205589771270752
   ]
  ]
 },
 {
  "rotation_euler": [
   -0.5600224733352661,
   -1.3968415260314941,
   1.1741465330123901
  ],
  "euler_order": "XYZ",
  "rotation_matrix": [
   [
    0.06686560809612274,
    -0.5793400406837463,
    -0.812338650226593
   ],
   [
    0.15964104235172272,
    0.8098840117454529,
    -0.5644490122795105
   ],
   [
    0.9849079847335815,
    -0.09194036573171616,
    0.1466398388147354
   ]
  ]
 },
 {
  "rotation_euler": [
   -0.5763462781906128,
   -1.4084099531173706,
   2.0935659408569336
  ],
  "euler_order": "XYZ",
  "rotation_matrix": [
   [
    -0.0807207003235817,
    -0.9949855804443359,
    -0.059058383107185364
   ],
   [
    0.14008046686649323,
    0.04733918607234955,
    -0.989007830619812
   ],
   [
    0.9868443012237549,
    -0.08810632675886154,
    0.13555678725242615
   ]
  ]
 },
 {
  "rotation_euler": [
   -0.6282607913017273,
   -1.423234224319458,
   1.1236459016799927
  ],
  "euler_order": "XYZ",
  "rotation_matrix": [
   [
    0.06357423216104507,
    -0.47813233733177185,
    -0.8759838938713074
   ],
   [
    0.13257189095020294,
    0.8740264177322388,
    -0.4674425423145294
   ],
   [
    0.9891324639320374,
    -0.08641353249549866,
    0.11895246803760529
   ]
  ]
 },
 {
  "rotation_euler": [
   2.565246105194092,
   -1.733182668685913,
   -0.21669401228427887
  ],
  "euler_order": "XYZ",
  "rotation_matrix": [
   [
    -0.157892644405365,
    -0.7054883241653442,
    0.6909096240997314
   ],
   [
    0.03476016968488693,
    -0.7032236456871033,
    -0.7101184725761414
   ],
   [
    0.9868443012237549,
    -0.08810634911060333,
    0.13555672764778137
   ]
  ]
 },
 {
  "rotation_euler": [
   -1.4703800678253174,
   1.254442811012268,
   1.9301990270614624
  ],
  "euler_order": "XYZ",
  "rotation_matrix": [
   [
    -0.10941968113183975,
    0.2387353926897049,
    -0.9649003744125366
   ],
   [
    0.2912258207798004,
    -0.9204308390617371,
    -0.2607577443122864
   ],
   [
    -0.9503761529922485,
    -0.3095359206199646,
    0.031187335029244423
   ]
  ]
 },
 {
  "rotation_euler": [
   -1.4703768491744995,
   1.254442572593689,
   -1.2220816612243652
  ],
  "euler_order": "XYZ",
  "rotation_matrix": [
   [
    0.10630093514919281,
    -0.22888121008872986,
    0.9676329493522644
   ],
   [
    -0.29237884283065796,
    0.9229305386543274,
    0.2504271864891052
   ],
   [
    -0.9503760933876038,
    -0.30953606963157654,
    0.031188353896141052
   ]
  ]
 },
 {
  "rotation_euler": [
   -0.5745763182640076,
   -1.4072327613830566,
   -1.226313829421997
  ],
  "euler_order": "XYZ",
  "rotation_matrix": [
   [
    0.05499102547764778,
    0.9711953401565552,
    0.23185241222381592
   ],
   [
    -0.1532687246799469,
    -0.22124135494232178,
    0.9630996584892273
   ],
   [
    0.9866532683372498,
    -0.08849756419658661,
    0.13668757677078247
   ]
  ]
 },
 {
  "rotation_euler": [
   2.565253734588623,
   -1.7331888675689697,
   0.38849183917045593
  ],
  "euler_order": "XYZ",
  "rotation_matrix": [
   [
    -0.1496315747499466,
    -0.1801087111234665,
    0.9721992015838623
   ],
   [
    -0.06124316155910492,
    -0.9796926379203796,
    -0.19092291593551636
   ],
   [
    0.9868432879447937,
    -0.08810865134000778,
    0.13556253910064697
   ]
  ]
 },
 {
  "rotation_euler": [
   -0.8129564523696899,
   -1.4575035572052002,
   1.2475199699401855
  ],
  "euler_order": "XYZ",
  "rotation_matrix": [
   [
    0.03591332957148552,
    -0.42249372601509094,
    -0.9056540727615356
   ],
   [
    0.10719451308250427,
    0.9026387929916382,
    -0.41683632135391235
   ],
   [
    0.9935892224311829,
    -0.0821111649274826,
    0.07770577073097229
   ]
  ]
 },
 {
  "rotation_euler": [
   -1.4703811407089233,
   1.2544423341751099,
   -1.2436039447784424
  ],
  "euler_order": "XYZ",
  "rotation_matrix": [
   [
    0.09998421370983124,
    -0.208970308303833,
    0.9727972745895386
   ],
   [
    -0.2945990264415741,
    0.9276414513587952,
    0.2295491248369217
   ],
   [
    -0.950376033782959,
    -0.3095364272594452,
    0.03118704818189144
   ]
  ]
 },
 {
  "rotation_euler": [
   -0.5763515830039978,
   -1.4084118604660034,
   -0.35194525122642517
  ],
  "euler_order": "XYZ",
  "rotation_matrix": [
   [
    0.15176191926002502,
    0.793870747089386,
    -0.5888442993164062
   ],
   [
    -0.05573221296072006,
    0.6016698479652405,
    0.7967981696128845
   ],
   [
    0.9868445992469788,
    -0.08810602128505707,
    0.1355547457933426
   ]
  ]
 }
]