[
 {
  "rotation_euler": [
   -2.1126487255096436,
   0.07181163877248764,
   -2.2910139560699463
  ],
  "euler_order": "XYZ",
  "rotation_matrix": [
   [
    -0.6578483581542969,
    -0.34710636734962463,
    0.6683955788612366
   ],
   [
    -0.7497249245643616,
    0.386351078748703,
    -0.5372573137283325
   ],
   [
    -0.07174993306398392,
    -0.8545466661453247,
    -0.5143947005271912
   ]
  ]
 },
 {
  "rotation_euler": [
   -2.189488649368286,
   -0.15065403282642365,
   0.6515042781829834
  ],
  "euler_order": "XYZ",
  "rotation_matrix": [
   [
    0.786165714263916,
    0.4489058554172516,
    -0.42476698756217957
   ],
   [
    0.5995148420333862,
    -0.3870372474193573,
    0.7005598545074463
   ],
   [
    0.15008479356765747,
    -0.8054102659225464,
    -0.573401153087616
   ]
  ]
 },
 {
  "rotation_euler": [
   -2.1572725772857666,
   -0.05796452611684799,
   2.285647392272949
  ],
  "euler_order": "XYZ",
  "rotation_matrix": [
   [
    -0.6544040441513062,
    0.3863159120082855,
    -0.6500118374824524
   ],
   [
    0.7539225816726685,
    0.39921480417251587,
    -0.521755039691925
   ],
   [
    0.05793207138776779,
    -0.8314971923828125,
    -0.5525000691413879
   ]
  ]
 },
 {
  "rotation_euler": [
   -1.9261791706085205,
   0.3434682786464691,
   -0.48322826623916626
  ],
  "euler_order": "XYZ",
  "rotation_matrix": [
   [
    0.8337796330451965,
    -0.44123420119285583,
    0.33184921741485596
   ],
   [
    -0.4375016987323761,
    -0.1614164113998413,
    0.8846112489700317
   ],
   [
    -0.33675482869148254,
    -0.8827553987503052,
    -0.32762640714645386
   ]
  ]
 },
 {
  "rotation_euler": [
   -1.9438000917434692,
   0.3501269221305847,
   -2.3535866737365723
  ],
  "euler_order": "XYZ",
  "rotation_matrix": [
   [
    -0.6624716520309448,
    -0.03306950628757477,
    0.7483566999435425
   ],
   [
    -0.6659358739852905,
    0.48346641659736633,
    -0.568145751953125
   ],
   [
    -0.343017041683197,
    -0.8747380375862122,
    -0.3423049747943878
   ]
  ]
 },
 {
  "rotation_euler": [
   -1.9980531930923462,
   0.27851539850234985,
   -1.8154820203781128
  ],
  "euler_order": "XYZ",
  "rotation_matrix": [
   [
    -0.23291614651679993,
    -0.3414182960987091,
    0.910595178604126
   ],
   [
    -0.9328259825706482,
    0.3431442081928253,
    -0.10994405299425125
   ],
   [
    -0.27492856979370117,
    -0.8750346302986145,
    -0.3984076976776123
   ]
  ]
 },
 {
  "rotation_euler": [
   0.9643236994743347,
   -3.0258636474609375,
   0.25746217370033264
  ],
  "euler_order": "XYZ",
  "rotation_matrix": [
   [
    -0.9605706334114075,
    -0.23688149452209473,
    0.1455719918012619
   ],
   [
    -0.25292396545410156,
    0.527027428150177,
    -0.8113393783569336
   ],
   [
    0.11547084897756577,
    -0.816167414188385,
    -0.5661600828170776
   ]
  ]
 },
 {
  "rotation_euler": [
   -2.1253693103790283,
   0.03487672656774521,
   -2.5405330657958984
  ],
  "euler_order": "XYZ",
  "rotation_matrix": [
   [
    -0.8242353200912476,
    -0.2733418047428131,
    0.4959036111831665
   ],
   [
    -0.5651727914810181,
    0.4510541558265686,
    -0.6907458901405334
   ],
   [
    -0.03486965596675873,
    -0.8496083617210388,
    -0.5262600779533386
   ]
  ]
 },
 {
  "rotation_euler": [
   -1.93808913230896,
   0.35184451937675476,
   2.112372398376465
  ],
  "euler_order": "XYZ",
  "rotation_matrix": [
   [
    -0.4839077293872833,
    0.47350674867630005,
    -0.7359515428543091
   ],
   [
    0.8044025897979736,
    -0.09050960838794708,
    -0.587149441242218
   ],
   [
    -0.3446299135684967,
    -0.8761274814605713,
    -0.3370917737483978
   ]
  ]
 },
 {
  "rotation_euler": [
   -1.927261471748352,
   0.34006181359291077,
   -0.2007247805595398
  ],
  "euler_order": "XYZ",
  "rotation_matrix": [
   [
    0.9238061308860779,
    -0.37587788701057434,
    0.07278754562139511
   ],
   [
    -0.18796195089817047,
    -0.27963581681251526,
    0.9415275454521179
   ],
   [
    -0.33354535698890686,
    -0.8834702372550964,
    -0.328980028629303
   ]
  ]
 },
 {
  "rotation_euler": [
   -2.1514811515808105,
   -0.04113956540822983,
   1.246816873550415
  ],
  "euler_order": "XYZ",
  "rotation_matrix": [
   [
    0.3180721402168274,
    0.5310031771659851,
    -0.7854080200195312
   ],
   [
    0.9471740126609802,
    -0.14204344153404236,
    0.28755009174346924
   ],
   [
    0.04112796112895012,
    -0.8353797197341919,
    -0.5481324791908264
   ]
  ]
 },
 {
  "rotation_euler": [
   1.1991394758224487,
   2.8028812408447266,
   -0.644883930683136
  ],
  "euler_order": "XYZ",
  "rotation_matrix": [
   [
    -0.7537636160850525,
    0.4657096564769745,
    -0.46363234519958496
   ],
   [
    0.5669530034065247,
    0.104131780564785,
    -0.8171418905258179
   ],
   [
    -0.3322719931602478,
    -0.8787895441055298,
    -0.34252622723579407
   ]
  ]
 },
 {
  "rotation_euler": [
   -1.9421080350875854,
   0.34746426343917847,
   1.6508617401123047
  ],
  "euler_order": "XYZ",
  "rotation_matrix": [
   [
    -0.07520023733377457,
    0.38705408573150635,
    -0.9189853668212891
   ],
   [
    0.9372271299362183,
    -0.287273108959198,
    -0.1976853460073471
   ],
   [
    -0.3405147194862366,
    -0.8761639595031738,
    -0.3411545753479004
   ]
  ]
 },
 {
  "rotation_euler": [
   -1.9614864587783813,
   0.336667001247406,
   -1.7458497285842896
  ],
  "euler_order": "XYZ",
  "rotation_matrix": [
   [
    -0.16438350081443787,
    -0.3218090534210205,
    0.932425320148468
   ],
   [
    -0.9294361472129822,
    0.36710745096206665,
    -0.03715629130601883
   ],
   [
    -0.3303430378437042,
    -0.8727376461029053,
    -0.3594473898410797
   ]
  ]
 },
 {
  "rotation_euler": [
   1.1088862419128418,
   2.9201810359954834,
   -0.12724773585796356
  ],
  "euler_order": "XYZ",
  "rotation_matrix": [
   [
    -0.967700719833374,
    0.2515595257282257,
    -0.01652686297893524
   ],
   [
    0.1238066703081131,
    0.41710710525512695,
    -0.9003852605819702
   ],
   [
    -0.21960699558258057,
    -0.8733495473861694,
    -0.4347795844078064
   ]
  ]
 },
 {
  "rotation_euler": [
   -2.1827313899993896,
   -0.13138341903686523,
   0.7931706309318542
  ],
  "euler_order": "XYZ",
  "rotation_matrix": [
   [
    0.6955429315567017,
    0.4845777750015259,
    -0.5304756164550781
   ],
   [
    0.7064400315284729,
    -0.32661744952201843,
    0.6279040575027466
   ],
   [
    0.13100576400756836,
    -0.8114834427833557,
    -0.5695015788078308
   ]
  ]
 }
]