[
 {
  "rotation_euler": [
   -1.5040560960769653,
   0.013988558202981949,
   -0.2992500960826874
  ],
  "euler_order": "XYZ",
  "rotation_matrix": [
   [
    0.9554643630981445,
    0.0063239820301532745,
    0.2950388193130493
   ],
   [
    -0.2947748601436615,
    0.06784138083457947,
    0.9531554579734802
   ],
   [
    -0.013988101854920387,
    -0.9976760745048523,
    0.06668417155742645
   ]
  ]
 },
 {
  "rotation_euler": [
   -1.5040644407272339,
   0.013946917839348316,
   -0.192010760307312
  ],
  "euler_order": "XYZ",
  "rotation_matrix": [
   [
    0.9815270304679871,
    -0.0009344912832602859,
    0.1913212388753891
   ],
   [
    -0.1908145248889923,
    0.06811244040727615,
    0.9792602062225342
   ],
   [
    -0.013946466147899628,
    -0.997677206993103,
    0.06667588651180267
   ]
  ]
 },
 {
  "rotation_euler": [
   -1.5040642023086548,
   0.013946854509413242,
   0.16683858633041382
  ],
  "euler_order": "XYZ",
  "rotation_matrix": [
   [
    0.9860187768936157,
    -0.024795833975076675,
    -0.16477897763252258
   ],
   [
    0.1660495102405548,
    0.06344583630561829,
    0.9840742945671082
   ],
   [
    -0.013946402817964554,
    -0.997677206993103,
    0.06667612493038177
   ]
  ]
 },
 {
  "rotation_euler": [
   -1.504050612449646,
   0.013987605459988117,
   -2.4502720832824707
  ],
  "euler_order": "XYZ",
  "rotation_matrix": [
   [
    -0.7703293561935425,
    0.053274255245923996,
    0.6354168057441711
   ],
   [
    -0.6374927163124084,
    -0.042485322803258896,
    -0.7692840695381165
   ],
   [
    -0.013987149111926556,
    -0.9976757168769836,
    0.0666896402835846
   ]
  ]
 },
 {
  "rotation_euler": [
   -1.5040693283081055,
   0.013990498147904873,
   2.4875741004943848
  ],
  "euler_order": "XYZ",
  "rotation_matrix": [
   [
    -0.7935677170753479,
    -0.029486870393157005,
    -0.6077670454978943
   ],
   [
    0.6083210706710815,
    -0.06141061335802078,
    -0.7913116812705994
   ],
   [
    -0.013990041799843311,
    -0.9976769089698792,
    0.0666709691286087
   ]
  ]
 },
 {
  "rotation_euler": [
   -1.5040545463562012,
   0.013985932804644108,
   0.4601571261882782
  ],
  "euler_order": "XYZ",
  "rotation_matrix": [
   [
    0.8958951234817505,
    -0.042120132595300674,
    -0.44226446747779846
   ],
   [
    0.44404545426368713,
    0.05355812981724739,
    0.8944021463394165
   ],
   [
    -0.013985476456582546,
    -0.9976760149002075,
    0.06668572127819061
   ]
  ]
 },
 {
  "rotation_euler": [
   -1.5040545463562012,
   0.013987830840051174,
   1.6521811485290527
  ],
  "euler_order": "XYZ",
  "rotation_matrix": [
   [
    -0.08128705620765686,
    -0.0653369203209877,
    -0.9945468902587891
   ],
   [
    0.9965925812721252,
    -0.019331784918904305,
    -0.08018425107002258
   ],
   [
    -0.013987374491989613,
    -0.9976759552955627,
    0.06668571382761002
   ]
  ]
 },
 {
  "rotation_euler": [
   -1.5040565729141235,
   0.014001518487930298,
   0.24014730751514435
  ],
  "euler_order": "XYZ",
  "rotation_matrix": [
   [
    0.9712077379226685,
    -0.029430978000164032,
    -0.2364092618227005
   ],
   [
    0.23782239854335785,
    0.06145372986793518,
    0.9693626761436462
   ],
   [
    -0.014001061208546162,
    -0.9976759552955627,
    0.06668367981910706
   ]
  ]
 },
 {
  "rotation_euler": [
   -1.5040545463562012,
   0.013986489735543728,
   -0.45444008708000183
  ],
  "euler_order": "XYZ",
  "rotation_matrix": [
   [
    0.8984190821647644,
    0.016736609861254692,
    0.43882009387016296
   ],
   [
    -0.4389163553714752,
    0.06604907661676407,
    0.8960970640182495
   ],
   [
    -0.013986033387482166,
    -0.9976760149002075,
    0.06668572127819061
   ]
  ]
 },
 {
  "rotation_euler": [
   -1.5040555000305176,
   0.01398710161447525,
   0.7854068875312805
  ],
  "euler_order": "XYZ",
  "rotation_matrix": [
   [
    0.7070314288139343,
    -0.057026222348213196,
    -0.704879105091095
   ],
   [
    0.7070437669754028,
    0.0372893325984478,
    0.7061859369277954
   ],
   [
    -0.013986645266413689,
    -0.9976760745048523,
    0.0666847676038742
   ]
  ]
 },
 {
  "rotation_euler": [
   -1.5040545463562012,
   0.013986374251544476,
   -2.3601152896881104
  ],
  "euler_order": "XYZ",
  "rotation_matrix": [
   [
    -0.709804356098175,
    0.05687940865755081,
    0.7020986676216125
   ],
   [
    -0.7042600512504578,
    -0.03751431778073311,
    -0.7089502811431885
   ],
   [
    -0.013985917903482914,
    -0.9976760149002075,
    0.06668572127819061
   ]
  ]
 },
 {
  "rotation_euler": [
   -1.5040559768676758,
   0.013987887650728226,
   -1.2231694459915161
  ],
  "euler_order": "XYZ",
  "rotation_matrix": [
   [
    0.340634286403656,
    0.05794716626405716,
    0.9384084343910217
   ],
   [
    -0.9400918483734131,
    0.03584088012576103,
    0.3390321433544159
   ],
   [
    -0.013987431302666664,
    -0.9976760745048523,
    0.066684290766716
   ]
  ]
 },
 {
  "rotation_euler": [
   -1.5040547847747803,
   0.013987782411277294,
   1.3344147205352783
  ],
  "euler_order": "XYZ",
  "rotation_matrix": [
   [
    0.23416347801685333,
    -0.06810576468706131,
    -0.9698087573051453
   ],
   [
    0.9720966219902039,
    0.002050272421911359,
    0.2345719039440155
   ],
   [
    -0.013987326063215733,
    -0.9976760149002075,
    0.06668548285961151
   ]
  ]
 },
 {
  "rotation_euler": [
   -1.5040565729141235,
   0.014001214876770973,
   2.841963052749634
  ],
  "euler_order": "XYZ",
  "rotation_matrix": [
   [
    -0.955352246761322,
    -0.006337522063404322,
    -0.29540133476257324
   ],
   [
    0.2951374053955078,
    -0.06784224510192871,
    -0.9530432224273682
   ],
   [
    -0.014000757597386837,
    -0.9976759552955627,
    0.06668367981910706
   ]
  ]
 },
 {
  "rotation_euler": [
   -1.5040552616119385,
   0.013987082056701183,
   0.6863692998886108
  ],
  "euler_order": "XYZ",
  "rotation_matrix": [
   [
    0.7734763622283936,
    -0.053059905767440796,
    -0.6316003799438477
   ],
   [
    0.6336708664894104,
    0.04274531453847885,
    0.7724209427833557
   ],
   [
    -0.013986625708639622,
    -0.9976760149002075,
    0.06668500602245331
   ]
  ]
 },
 {
  "rotation_euler": [
   -1.5040545463562012,
   0.013985743746161461,
   -1.0133280754089355
  ],
  "euler_order": "XYZ",
  "rotation_matrix": [
   [
    0.52898770570755,
    0.04921255633234978,
    0.8472013473510742
   ],
   [
    -0.8485142588615417,
    0.04712428152561188,
    0.5270701050758362
   ],
   [
    -0.0139852873980999,
    -0.9976760149002075,
    0.06668572127819061
   ]
  ]
 }
]