[
 {
  "rotation_euler": [
   0.032608140259981155,
   -0.0007816767902113497,
   -2.274024248123169
  ],
  "euler_order": "XYZ",
  "rotation_matrix": [
   [
    -0.6466829776763916,
    0.762369692325592,
    -0.024362508207559586
   ],
   [
    -0.7627584934234619,
    -0.6463199853897095,
    0.021679311990737915
   ],
   [
    0.0007816767320036888,
    0.032602351158857346,
    0.9994680881500244
   ]
  ]
 },
 {
  "rotation_euler": [
   0.08212795108556747,
   -0.0003434572136029601,
   -0.9238561391830444
  ],
  "euler_order": "XYZ",
  "rotation_matrix": [
   [
    0.6027476787567139,
    0.7952253222465515,
    -0.06566517800092697
   ],
   [
    -0.7979317903518677,
    0.6007385849952698,
    -0.04917367175221443
   ],
   [
    0.0003434572136029601,
    0.08203565329313278,
    0.9966293573379517
   ]
  ]
 },
 {
  "rotation_euler": [
   0.809057354927063,
   0.542904257774353,
   0.06027182936668396
  ],
  "euler_order": "XYZ",
  "rotation_matrix": [
   [
    0.8546571731567383,
    0.3315966725349426,
    0.3995056450366974
   ],
   [
    0.0515742190182209,
    0.7114465832710266,
    -0.7008451223373413
   ],
   [
    -0.5166248083114624,
    0.6195865273475647,
    0.5909410715103149
   ]
  ]
 },
 {
  "rotation_euler": [
   0.008223694749176502,
   0.004026948474347591,
   1.6351227760314941
  ],
  "euler_order": "XYZ",
  "rotation_matrix": [
   [
    -0.06428157538175583,
    -0.997900128364563,
    0.007947742938995361
   ],
   [
    0.9979236721992493,
    -0.06424687802791595,
    0.0045471033081412315
   ],
   [
    -0.004026937764137983,
    0.008223535493016243,
    0.9999580979347229
   ]
  ]
 },
 {
  "rotation_euler": [
   0.022581899538636208,
   0.0069290343672037125,
   -2.8813326358795166
  ],
  "euler_order": "XYZ",
  "rotation_matrix": [
   [
    -0.9662998914718628,
    0.25711503624916077,
    -0.012504472397267818
   ],
   [
    -0.2573256492614746,
    -0.9661169648170471,
    0.020036963745951653
   ],
   [
    -0.006928978953510523,
    0.022579438984394073,
    0.9997210502624512
   ]
  ]
 },
 {
  "rotation_euler": [
   0.09857932478189468,
   -0.18702837824821472,
   -2.3325202465057373
  ],
  "euler_order": "XYZ",
  "rotation_matrix": [
   [
    -0.6781342029571533,
    0.7327641844749451,
    0.05648592859506607
   ],
   [
    -0.7110276818275452,
    -0.6735763549804688,
    0.2018280029296875
   ],
   [
    0.18593992292881012,
    0.0967034101486206,
    0.9777907729148865
   ]
  ]
 },
 {
  "rotation_euler": [
   -0.03945571929216385,
   0.047196634113788605,
   -1.6566013097763062
  ],
  "euler_order": "XYZ",
  "rotation_matrix": [
   [
    -0.08560430258512497,
    0.9957050681114197,
    0.03526027128100395
   ],
   [
    -0.9952115416526794,
    -0.08377888053655624,
    -0.05034942552447319
   ],
   [
    -0.04717911407351494,
    -0.03940155729651451,
    0.9981090426445007
   ]
  ]
 },
 {
  "rotation_euler": [
   -0.06078118458390236,
   0.010564024560153484,
   -0.3697296380996704
  ],
  "euler_order": "XYZ",
  "rotation_matrix": [
   [
    0.932373046875,
    0.360097736120224,
    0.0317823588848114
   ],
   [
    -0.3613431751728058,
    0.9309351444244385,
    0.05282868072390556
   ],
   [
    -0.01056382805109024,
    -0.06074037775397301,
    0.9980977177619934
   ]
  ]
 },
 {
  "rotation_euler": [
   -0.057503070682287216,
   -0.09129738807678223,
   -1.9715631008148193
  ],
  "euler_order": "XYZ",
  "rotation_matrix": [
   [
    -0.3884997069835663,
    0.9171960949897766,
    0.08842657506465912
   ],
   [
    -0.9169273972511292,
    -0.39430418610572815,
    0.061386700719594955
   ],
   [
    0.09117060899734497,
    -0.05723203346133232,
    0.9941893219947815
   ]
  ]
 },
 {
  "rotation_euler": [
   0.030395181849598885,
   0.04995786398649216,
   1.5174782276153564
  ],
  "euler_order": "XYZ",
  "rotation_matrix": [
   [
    0.053226351737976074,
    -0.998036801815033,
    0.03300737589597702
   ],
   [
    0.9973330497741699,
    0.05478367954492569,
    0.04822349175810814
   ],
   [
    -0.049937084317207336,
    0.030352585017681122,
    0.998291015625
   ]
  ]
 },
 {
  "rotation_euler": [
   0.03795000538229942,
   -0.021417925134301186,
   -1.3150520324707031
  ],
  "euler_order": "XYZ",
  "rotation_matrix": [
   [
    0.25290754437446594,
    0.9665731191635132,
    -0.042120561003685
   ],
   [
    -0.9672533869743347,
    0.2535695433616638,
    0.011107070371508598
   ],
   [
    0.02141628786921501,
    0.03793219476938248,
    0.9990507960319519
   ]
  ]
 },
 {
  "rotation_euler": [
   0.1754395216703415,
   -0.0955880880355835,
   -0.8055713176727295
  ],
  "euler_order": "XYZ",
  "rotation_matrix": [
   [
    0.6895371079444885,
    0.6986162066459656,
    -0.19098171591758728
   ],
   [
    -0.7179340720176697,
    0.6940809488296509,
    -0.0531252883374691
   ],
   [
    0.09544258564710617,
    0.17374414205551147,
    0.9801549315452576
   ]
  ]
 },
 {
  "rotation_euler": [
   0.06437543034553528,
   -0.10941638052463531,
   1.2872483730316162
  ],
  "euler_order": "XYZ",
  "rotation_matrix": [
   [
    0.2780906856060028,
    -0.9600455164909363,
    0.031275760382413864
   ],
   [
    0.9543277025222778,
    0.2724398672580719,
    -0.12261809408664703
   ],
   [
    0.1091981902718544,
    0.06394627690315247,
    0.9919610023498535
   ]
  ]
 },
 {
  "rotation_euler": [
   0.05629311874508858,
   -0.09590298682451248,
   -0.2855781614780426
  ],
  "euler_order": "XYZ",
  "rotation_matrix": [
   [
    0.9550898671150208,
    0.2760966420173645,
    -0.10758237540721893
   ],
   [
    -0.2804177403450012,
    0.959496796131134,
    -0.027051744982600212
   ],
   [
    0.09575604647397995,
    0.056004852056503296,
    0.9938280582427979
   ]
  ]
 },
 {
  "rotation_euler": [
   -0.23964336514472961,
   -0.06899765133857727,
   2.996070384979248
  ],
  "euler_order": "XYZ",
  "rotation_matrix": [
   [
    -0.9870760440826416,
    -0.1570562869310379,
    0.031846001744270325
   ],
   [
    0.14466416835784912,
    -0.9587821364402771,
    -0.24455907940864563
   ],
   [
    0.06894291937351227,
    -0.2367914319038391,
    0.9691112637519836
   ]
  ]
 },
 {
  "rotation_euler": [
   -0.7417584657669067,
   0.9192318916320801,
   -1.6668223142623901
  ],
  "euler_order": "XYZ",
  "rotation_matrix": [
   [
    -0.05814369022846222,
    0.7853893041610718,
    0.6162652969360352
   ],
   [
    -0.6036372780799866,
    0.4640181064605713,
    -0.6483125686645508
   ],
   [
    -0.795136034488678,
    -0.4096960127353668,
    0.44711053371429443
   ]
  ]
 }
]