[
 {
  "rotation_euler": [
   1.3821629636368016e-06,
   4.931648049932846e-07,
   -2.049177646636963
  ],
  "euler_order": "XYZ",
  "rotation_matrix": [
   [
    -0.4603428244590759,
    0.887741208076477,
    -1.4540279380526044e-06
   ],
   [
    -0.887741208076477,
    -0.4603428244590759,
    1.9846605425755115e-07
   ],
   [
    -4.931648049932846e-07,
    1.3821629636368016e-06,
    1.0
   ]
  ]
 },
 {
  "rotation_euler": [
   1.0422737659609993e-06,
   1.915585244205431e-06,
   0.1286817342042923
  ],
  "euler_order": "XYZ",
  "rotation_matrix": [
   [
    0.9917319416999817,
    -0.1283268928527832,
    2.0334987311798614e-06
   ],
   [
    0.1283268928527832,
    0.9917319416999817,
    -7.878350629653141e-07
   ],
   [
    -1.915585244205431e-06,
    1.0422737659609993e-06,
    1.0
   ]
  ]
 },
 {
  "rotation_euler": [
   1.6787184620170592e-07,
   -4.059636012243573e-06,
   2.9284932613372803
  ],
  "euler_order": "XYZ",
  "rotation_matrix": [
   [
    -0.977380096912384,
    -0.211490198969841,
    4.003311005362775e-06
   ],
   [
    0.211490198969841,
    -0.977380096912384,
    -6.944986239432183e-07
   ],
   [
    4.059636012243573e-06,
    1.6787184620170592e-07,
    1.0
   ]
  ]
 },
 {
  "rotation_euler": [
   -1.5443765732925385e-07,
   -1.4946115811653726e-07,
   -0.8418638706207275
  ],
  "euler_order": "XYZ",
  "rotation_matrix": [
   [
    0.666073739528656,
    0.7458859086036682,
    1.564071538950884e-08
   ],
   [
    -0.7458859086036682,
    0.666073739528656,
    2.1434783548102132e-07
   ],
   [
    1.4946115811653726e-07,
    -1.5443765732925385e-07,
    1.0
   ]
  ]
 },
 {
  "rotation_euler": [
   -1.4634935041613062e-07,
   -2.6411959197503165e-07,
   2.529130458831787
  ],
  "euler_order": "XYZ",
  "rotation_matrix": [
   [
    -0.8182350397109985,
    -0.5748838782310486,
    1.3197802672948455e-07
   ],
   [
    0.5748838782310486,
    -0.8182350397109985,
    -2.715862592594931e-07
   ],
   [
    2.6411959197503165e-07,
    -1.4634935041613062e-07,
    1.0
   ]
  ]
 },
 {
  "rotation_euler": [
   -2.977878011733992e-06,
   1.7737353346092277e-06,
   1.8207366466522217
  ],
  "euler_order": "XYZ",
  "rotation_matrix": [
   [
    -0.24734613299369812,
    -0.9689272046089172,
    -3.32407353198505e-06
   ],
   [
    0.9689272046089172,
    -0.24734613299369812,
    9.820537343330216e-07
   ],
   [
    -1.7737353346092277e-06,
    -2.977878011733992e-06,
    1.0
   ]
  ]
 },
 {
  "rotation_euler": [
   -1.5545411997663905e-06,
   4.030403488286538e-06,
   2.615623712539673
  ],
  "euler_order": "XYZ",
  "rotation_matrix": [
   [
    -0.8648378849029541,
    -0.5020512342453003,
    -4.266104951966554e-06
   ],
   [
    0.5020512342453003,
    -0.8648378849029541,
    6.790428415115457e-07
   ],
   [
    -4.030403488286538e-06,
    -1.5545411997663905e-06,
    1.0
   ]
  ]
 },
 {
  "rotation_euler": [
   1.089576699087047e-06,
   -8.620497169431474e-07,
   2.311274290084839
  ],
  "euler_order": "XYZ",
  "rotation_matrix": [
   [
    -0.6746407747268677,
    -0.738146185874939,
    1.3858408465239336e-06
   ],
   [
    0.738146185874939,
    -0.6746407747268677,
    9.875417816829213e-08
   ],
   [
    8.620497169431474e-07,
    1.089576699087047e-06,
    1.0
   ]
  ]
 },
 {
  "rotation_euler": [
   -2.709140972001478e-06,
   -1.360600663247169e-06,
   -0.6891498565673828
  ],
  "euler_order": "XYZ",
  "rotation_matrix": [
   [
    0.7717868685722351,
    0.6358813047409058,
    6.725982757416205e-07
   ],
   [
    -0.6358813047409058,
    0.7717868685722351,
    2.956059915959486e-06
   ],
   [
    1.360600663247169e-06,
    -2.709140972001478e-06,
    1.0
   ]
  ]
 },
 {
  "rotation_euler": [
   2.380235855525825e-06,
   1.0915895245489082e-06,
   1.0395232439041138
  ],
  "euler_order": "XYZ",
  "rotation_matrix": [
   [
    0.5066313743591309,
    -0.8621627688407898,
    2.6051843633467797e-06
   ],
   [
    0.8621627688407898,
    0.5066313743591309,
    -2.647742576300516e-07
   ],
   [
    -1.0915895245489082e-06,
    2.380235855525825e-06,
    1.0
   ]
  ]
 },
 {
  "rotation_euler": [
   -3.4315307857468724e-06,
   8.816620606921788e-07,
   2.0929222106933594
  ],
  "euler_order": "XYZ",
  "rotation_matrix": [
   [
    -0.4987238943576813,
    -0.8667609095573425,
    -3.414022785364068e-06
   ],
   [
    0.8667609095573425,
    -0.4987238943576813,
    -9.471962130191969e-07
   ],
   [
    -8.816620606921788e-07,
    -3.4315307857468724e-06,
    1.0
   ]
  ]
 },
 {
  "rotation_euler": [
   -3.158896788590937e-07,
   -2.7414290570959565e-07,
   -3.067075729370117
  ],
  "euler_order": "XYZ",
  "rotation_matrix": [
   [
    -0.9972249269485474,
    0.07444798201322556,
    2.968994863294938e-07
   ],
   [
    -0.07444798201322556,
    -0.9972249269485474,
    -2.9460366590683407e-07
   ],
   [
    2.7414290570959565e-07,
    -3.158896788590937e-07,
    1.0
   ]
  ]
 },
 {
  "rotation_euler": [
   2.1865093913220335e-06,
   1.4671906001240131e-06,
   -2.7839794158935547
  ],
  "euler_order": "XYZ",
  "rotation_matrix": [
   [
    -0.9367349743843079,
    0.3500394821166992,
    -2.1397333966888255e-06
   ],
   [
    -0.3500394821166992,
    -0.9367349743843079,
    1.5346051895903656e-06
   ],
   [
    -1.4671906001240131e-06,
    2.1865093913220335e-06,
    1.0
   ]
  ]
 },
 {
  "rotation_euler": [
   -3.4867910017055692e-06,
   -9.476124205320957e-07,
   -0.9333775639533997
  ],
  "euler_order": "XYZ",
  "rotation_matrix": [
   [
    0.5951230525970459,
    0.8036345839500427,
    2.2381598228093935e-06
   ],
   [
    -0.8036345839500427,
    0.5951230525970459,
    2.8366039259708486e-06
   ],
   [
    9.476124205320957e-07,
    -3.4867910017055692e-06,
    1.0
   ]
  ]
 },
 {
  "rotation_euler": [
   -2.1490929213996424e-07,
   -1.8530441536768194e-07,
   -2.681065559387207
  ],
  "euler_order": "XYZ",
  "rotation_matrix": [
   [
    -0.8958183526992798,
    0.44442033767700195,
    2.6150917165068677e-07
   ],
   [
    -0.44442033767700195,
    -0.8958183526992798,
    -1.1016663847840391e-07
   ],
   [
    1.8530441536768194e-07,
    -2.1490929213996424e-07,
    1.0
   ]
  ]
 },
 {
  "rotation_euler": [
   -3.348884263232321e-07,
   2.2058736703911563e-06,
   -2.222867488861084
  ],
  "euler_order": "XYZ",
  "rotation_matrix": [
   [
    -0.6068339347839355,
    0.7948286533355713,
    -1.0724201047196402e-06
   ],
   [
    -0.7948286533355713,
    -0.6068339347839355,
    -1.956513187906239e-06
   ],
   [
    -2.2058736703911563e-06,
    -3.348884263232321e-07,
    1.0
   ]
  ]
 }
]