[
 {
  "rotation_euler": [
   -1.514460802078247,
   -0.012860308401286602,
   1.3991955518722534
  ],
  "euler_order": "XYZ",
  "rotation_matrix": [
   [
    0.17074571549892426,
    -0.053286269307136536,
    -0.983873188495636
   ],
   [
    0.9852312207221985,
    0.022265730425715446,
    0.16977548599243164
   ],
   [
    0.012859953567385674,
    -0.9983310103416443,
    0.05630107596516609
   ]
  ]
 },
 {
  "rotation_euler": [
   1.7161413431167603,
   -0.18880799412727356,
   0.049289148300886154
  ],
  "euler_order": "XYZ",
  "rotation_matrix": [
   [
    0.9810357689857483,
    -0.17834784090518951,
    0.07590028643608093
   ],
   [
    0.048393614590168,
    -0.15380766987800598,
    -0.9869149923324585
   ],
   [
    0.1876882016658783,
    0.9718720316886902,
    -0.14225992560386658
   ]
  ]
 },
 {
  "rotation_euler": [
   1.7157899141311646,
   -0.23672933876514435,
   0.5422729253768921
  ],
  "euler_order": "XYZ",
  "rotation_matrix": [
   [
    0.8326492309570312,
    -0.12420422583818436,
    0.5396930575370789
   ],
   [
    0.501690685749054,
    -0.24352212250232697,
    -0.8300622701644897
   ],
   [
    0.2345244437456131,
    0.9619097113609314,
    -0.1404563933610916
   ]
  ]
 },
 {
  "rotation_euler": [
   -1.4258025884628296,
   -2.9048664569854736,
   -0.21593625843524933
  ],
  "euler_order": "XYZ",
  "rotation_matrix": [
   [
    -0.9495348930358887,
    0.2576290965080261,
    0.1789155751466751
   ],
   [
    0.20828647911548615,
    0.09140896052122116,
    0.9737870097160339
   ],
   [
    0.23452138900756836,
    0.9619104266166687,
    -0.1404566466808319
   ]
  ]
 },
 {
  "rotation_euler": [
   1.7157899141311646,
   -0.23673002421855927,
   -1.4446951150894165
  ],
  "euler_order": "XYZ",
  "rotation_matrix": [
   [
    0.12225963920354843,
    -0.17252491414546967,
    -0.9773882031440735
   ],
   [
    -0.96439129114151,
    0.2120499312877655,
    -0.15806414186954498
   ],
   [
    0.23452511429786682,
    0.9619095325469971,
    -0.14045637845993042
   ]
  ]
 },
 {
  "rotation_euler": [
   1.7157909870147705,
   -0.23672759532928467,
   -0.0668056458234787
  ],
  "euler_order": "XYZ",
  "rotation_matrix": [
   [
    0.9699421525001526,
    -0.24118955433368683,
    -0.032245539128780365
   ],
   [
    -0.0648941844701767,
    -0.12867332994937897,
    -0.9895614981651306
   ],
   [
    0.234522745013237,
    0.9619099497795105,
    -0.14045749604701996
   ]
  ]
 },
 {
  "rotation_euler": [
   1.715789794921875,
   -0.23672980070114136,
   1.9132431745529175
  ],
  "euler_order": "XYZ",
  "rotation_matrix": [
   [
    -0.3264276385307312,
    0.2140219509601593,
    0.9206734299659729
   ],
   [
    0.9156653881072998,
    -0.1700720340013504,
    0.3641873598098755
   ],
   [
    0.2345248907804489,
    0.9619095921516418,
    -0.14045627415180206
   ]
  ]
 },
 {
  "rotation_euler": [
   -1.4251148700714111,
   2.9012227058410645,
   0.23401042819023132
  ],
  "euler_order": "XYZ",
  "rotation_matrix": [
   [
    -0.9447778463363647,
    -0.26278170943260193,
    -0.19580748677253723
   ],
   [
    -0.2252139300107956,
    0.086592897772789,
    0.970453679561615
   ],
   [
    -0.23806194961071014,
    0.9609616994857788,
    -0.1409931480884552
   ]
  ]
 },
 {
  "rotation_euler": [
   1.7157889604568481,
   -0.23671729862689972,
   -2.0634660720825195
  ],
  "euler_order": "XYZ",
  "rotation_matrix": [
   [
    -0.45978984236717224,
    -0.017546087503433228,
    -0.8878543972969055
   ],
   [
    -0.8565028309822083,
    0.27279335260391235,
    0.4381628930568695
   ],
   [
    0.23451274633407593,
    0.9619126319885254,
    -0.14045588672161102
   ]
  ]
 },
 {
  "rotation_euler": [
   -1.514879584312439,
   0.009804890491068363,
   1.6565701961517334
  ],
  "euler_order": "XYZ",
  "rotation_matrix": [
   [
    -0.08566461503505707,
    -0.05484350025653839,
    -0.9948134422302246
   ],
   [
    0.996275782585144,
    -0.01454124040901661,
    -0.08498889207839966
   ],
   [
    -0.009804733097553253,
    -0.9983890652656555,
    0.05588492006063461
   ]
  ]
 },
 {
  "rotation_euler": [
   1.715789794921875,
   -0.23673005402088165,
   0.13963894546031952
  ],
  "euler_order": "XYZ",
  "rotation_matrix": [
   [
    0.9626478552818298,
    -0.2096950262784958,
    0.1712808459997177
   ],
   [
    0.13530370593070984,
    -0.17537957429885864,
    -0.9751589298248291
   ],
   [
    0.2345251441001892,
    0.9619095325469971,
    -0.14045625925064087
   ]
  ]
 },
 {
  "rotation_euler": [
   1.7164716720581055,
   0.24211670458316803,
   -2.3882641792297363
  ],
  "euler_order": "XYZ",
  "rotation_matrix": [
   [
    -0.7081408500671387,
    -0.272331178188324,
    -0.6514385938644409
   ],
   [
    -0.6641178727149963,
    -0.05639173835515976,
    0.7454981207847595
   ],
   [
    -0.23975813388824463,
    0.9605497121810913,
    -0.14092670381069183
   ]
  ]
 },
 {
  "rotation_euler": [
   -1.4251209497451782,
   2.8994717597961426,
   0.3822634518146515
  ],
  "euler_order": "XYZ",
  "rotation_matrix": [
   [
    -0.9007596373558044,
    -0.2742486298084259,
    -0.33677852153778076
   ],
   [
    -0.36214107275009155,
    0.046194225549697876,
    0.9309779405593872
   ],
   [
    -0.23976220190525055,
    0.9605486989021301,
    -0.14092658460140228
   ]
  ]
 },
 {
  "rotation_euler": [
   -0.012381395325064659,
   -0.012806909158825874,
   1.5331488847732544
  ],
  "euler_order": "XYZ",
  "rotation_matrix": [
   [
    0.03763546422123909,
    -0.9992088675498962,
    -0.012854289263486862
   ],
   [
    0.999209463596344,
    0.03779410943388939,
    -0.012330497615039349
   ],
   [
    0.012806558981537819,
    -0.012380063533782959,
    0.9998413324356079
   ]
  ]
 },
 {
  "rotation_euler": [
   -0.013327077031135559,
   -0.04499489814043045,
   -0.4482864439487457
  ],
  "euler_order": "XYZ",
  "rotation_matrix": [
   [
    0.9002790451049805,
    0.4339236319065094,
    -0.0347556471824646
   ],
   [
    -0.43298324942588806,
    0.900851309299469,
    0.031503353267908096
   ],
   [
    0.04497971758246422,
    -0.01331319473683834,
    0.9988991618156433
   ]
  ]
 },
 {
  "rotation_euler": [
   1.715806245803833,
   -0.23667308688163757,
   -0.3363191485404968
  ],
  "euler_order": "XYZ",
  "rotation_matrix": [
   [
    0.9176609516143799,
    -0.2666986286640167,
    -0.2945677936077118
   ],
   [
    -0.3208150267601013,
    -0.059840280562639236,
    -0.945249617099762
   ],
   [
    0.23446975648403168,
    0.961920440196991,
    -0.14047402143478394
   ]
  ]
 }
]