[
 {
  "rotation_euler": [
   0.011671380139887333,
   -0.17776954174041748,
   3.0257322788238525
  ],
  "euler_order": "XYZ",
  "rotation_matrix": [
   [
    -0.9776419401168823,
    -0.11354344338178635,
    0.17698638141155243
   ],
   [
    0.11377952247858047,
    -0.9934666156768799,
    -0.008848068304359913
   ],
   [
    0.17683470249176025,
    0.011487185023725033,
    0.9841735363006592
   ]
  ]
 },
 {
  "rotation_euler": [
   0.03350478410720825,
   -0.5577042698860168,
   0.1781878024339676
  ],
  "euler_order": "XYZ",
  "rotation_matrix": [
   [
    0.8350380659103394,
    -0.19459491968154907,
    -0.5146301984786987
   ],
   [
    0.15038862824440002,
    0.9804717898368835,
    -0.12672129273414612
   ],
   [
    0.5292397141456604,
    0.028422564268112183,
    0.847996175289154
   ]
  ]
 },
 {
  "rotation_euler": [
   0.02722475677728653,
   -0.0025996954645961523,
   -1.5518798828125
  ],
  "euler_order": "XYZ",
  "rotation_matrix": [
   [
    0.01891525276005268,
    0.9994492530822754,
    -0.027265679091215134
   ],
   [
    -0.9998177289962769,
    0.018979061394929886,
    0.0020833630114793777
   ],
   [
    0.002599692437797785,
    0.027221301570534706,
    0.9996260404586792
   ]
  ]
 },
 {
  "rotation_euler": [
   0.0022620190866291523,
   -0.3876831829547882,
   2.7336416244506836
  ],
  "euler_order": "XYZ",
  "rotation_matrix": [
   [
    -0.8498132228851318,
    -0.3959433436393738,
    0.3479170799255371
   ],
   [
    0.3672870099544525,
    -0.9182725548744202,
    -0.14790458977222443
   ],
   [
    0.3780445456504822,
    0.002094147028401494,
    0.9257850646972656
   ]
  ]
 },
 {
  "rotation_euler": [
   0.017243370413780212,
   -0.5583202838897705,
   -1.9879802465438843
  ],
  "euler_order": "XYZ",
  "rotation_matrix": [
   [
    -0.3436582386493683,
    0.9177988767623901,
    0.19885747134685516
   ],
   [
    -0.7754037380218506,
    -0.3967762589454651,
    0.4912409484386444
   ],
   [
    0.529762327671051,
    0.014624173752963543,
    0.848020076751709
   ]
  ]
 },
 {
  "rotation_euler": [
   0.0030146425124257803,
   -0.4985825717449188,
   1.8093372583389282
  ],
  "euler_order": "XYZ",
  "rotation_matrix": [
   [
    -0.20752006769180298,
    -0.9713387489318848,
    0.11591585725545883
   ],
   [
    0.8533921837806702,
    -0.23768477141857147,
    -0.46392643451690674
   ],
   [
    0.4781811535358429,
    0.0026476397179067135,
    0.8782572150230408
   ]
  ]
 },
 {
  "rotation_euler": [
   0.018133578822016716,
   -0.5531995296478271,
   1.5408239364624023
  ],
  "euler_order": "XYZ",
  "rotation_matrix": [
   [
    0.025498123839497566,
    -0.9996720552444458,
    0.0023815270978957415
   ],
   [
    0.8504656553268433,
    0.020440172404050827,
    -0.5256332755088806
   ],
   [
    0.5254122018814087,
    0.015428069978952408,
    0.8507079482078552
   ]
  ]
 },
 {
  "rotation_euler": [
   0.0030208283569663763,
   -0.498618483543396,
   1.9567053318023682
  ],
  "euler_order": "XYZ",
  "rotation_matrix": [
   [
    -0.33057233691215515,
    -0.9259086847305298,
    0.18279778957366943
   ],
   [
    0.8136550784111023,
    -0.3777380883693695,
    -0.4419042766094208
   ],
   [
    0.4782126843929291,
    0.0026530204340815544,
    0.8782400488853455
   ]
  ]
 },
 {
  "rotation_euler": [
   0.003025282174348831,
   -0.4986250102519989,
   1.7430408000946045
  ],
  "euler_order": "XYZ",
  "rotation_matrix": [
   [
    -0.1505252569913864,
    -0.984950065612793,
    0.08494392037391663
   ],
   [
    0.8652452230453491,
    -0.17281858623027802,
    -0.47062134742736816
   ],
   [
    0.4782184064388275,
    0.0026569226756691933,
    0.8782368898391724
   ]
  ]
 },
 {
  "rotation_euler": [
   0.0030206444207578897,
   -0.4986194968223572,
   -2.799715995788574
  ],
  "euler_order": "XYZ",
  "rotation_matrix": [
   [
    -0.8274171352386475,
    0.33661511540412903,
    0.44952327013015747
   ],
   [
    -0.29443618655204773,
    -0.9416385889053345,
    0.16316893696784973
   ],
   [
    0.4782135784626007,
    0.0026528574526309967,
    0.8782395720481873
   ]
  ]
 },
 {
  "rotation_euler": [
   0.01224417146295309,
   0.5223203301429749,
   -2.8983399868011475
  ],
  "euler_order": "XYZ",
  "rotation_matrix": [
   [
    -0.8411490321159363,
    0.23491421341896057,
    -0.4871176481246948
   ],
   [
    -0.20874536037445068,
    -0.9719581604003906,
    -0.10827121883630753
   ],
   [
    -0.4988924264907837,
    0.010611316189169884,
    0.8665989637374878
   ]
  ]
 },
 {
  "rotation_euler": [
   0.0030425649601966143,
   -0.5022043585777283,
   0.13933245837688446
  ],
  "euler_order": "XYZ",
  "rotation_matrix": [
   [
    0.8680291771888733,
    -0.14033180475234985,
    -0.4762692451477051
   ],
   [
    0.1217334121465683,
    0.9901009202003479,
    -0.06986488401889801
   ],
   [
    0.4813588857650757,
    0.0026668759528547525,
    0.8765195608139038
   ]
  ]
 },
 {
  "rotation_euler": [
   0.0030173202976584435,
   -0.4985972046852112,
   -1.1001771688461304
  ],
  "euler_order": "XYZ",
  "rotation_matrix": [
   [
    0.3982340395450592,
    0.8906294107437134,
    -0.2195197492837906
   ],
   [
    -0.7827771902084351,
    0.45472216606140137,
    0.4248383343219757
   ],
   [
    0.478193998336792,
    0.0026499703526496887,
    0.878250241279602
   ]
  ]
 },
 {
  "rotation_euler": [
   0.003012503031641245,
   -0.49858707189559937,
   1.7611758708953857
  ],
  "euler_order": "XYZ",
  "rotation_matrix": [
   [
    -0.1661943644285202,
    -0.9816554188728333,
    0.09344539046287537
   ],
   [
    0.8623911142349243,
    -0.1906452476978302,
    -0.4689732789993286
   ],
   [
    0.47818508744239807,
    0.002645754022523761,
    0.8782550692558289
   ]
  ]
 },
 {
  "rotation_euler": [
   0.003010949119925499,
   -0.49857521057128906,
   -2.7477540969848633
  ],
  "euler_order": "XYZ",
  "rotation_matrix": [
   [
    -0.8110273480415344,
    0.38506370782852173,
    0.4404096007347107
   ],
   [
    -0.33702173829078674,
    -0.9228861927986145,
    0.18627241253852844
   ],
   [
    0.47817468643188477,
    0.002644406398758292,
    0.8782607913017273
   ]
  ]
 },
 {
  "rotation_euler": [
   0.0030295979231595993,
   -0.49861347675323486,
   2.0727081298828125
  ],
  "euler_order": "XYZ",
  "rotation_matrix": [
   [
    -0.4225265085697174,
    -0.8759633302688599,
    0.23272204399108887
   ],
   [
    0.7699273824691772,
    -0.4823703169822693,
    -0.4177687168121338
   ],
   [
    0.4782083034515381,
    0.002660729456692934,
    0.8782424330711365
   ]
  ]
 }
]