[
 {
  "rotation_euler": [
   -7.249006739584729e-05,
   4.5077203481014294e-07,
   -0.9160619974136353
  ],
  "euler_order": "XYZ",
  "rotation_matrix": [
   [
    0.6089485287666321,
    0.7932097315788269,
    5.777432306786068e-05
   ],
   [
    -0.7932097315788269,
    0.6089485287666321,
    4.3785163143184036e-05
   ],
   [
    -4.5077203481014294e-07,
    -7.249006739584729e-05,
    1.0
   ]
  ]
 },
 {
  "rotation_euler": [
   -7.240767445182428e-05,
   3.2162725460693764e-07,
   3.087629795074463
  ],
  "euler_order": "XYZ",
  "rotation_matrix": [
   [
    -0.9985443353652954,
    -0.0539366714656353,
    -4.226588316669222e-06
   ],
   [
    0.0539366714656353,
    -0.9985443353652954,
    -7.2284929046873e-05
   ],
   [
    -3.2162725460693764e-07,
    -7.240767445182428e-05,
    1.0
   ]
  ]
 },
 {
  "rotation_euler": [
   -7.275260577443987e-05,
   -1.7548062487549032e-06,
   -1.525125503540039
  ],
  "euler_order": "XYZ",
  "rotation_matrix": [
   [
    0.04565494880080223,
    0.9989572763442993,
    7.259663107106462e-05
   ],
   [
    -0.9989572763442993,
    0.04565494880080223,
    5.074492946732789e-06
   ],
   [
    1.7548062487549032e-06,
    -7.275260577443987e-05,
    1.0
   ]
  ]
 },
 {
  "rotation_euler": [
   -7.256151729961857e-05,
   -2.3061770662025083e-06,
   -2.1006107330322266
  ],
  "euler_order": "XYZ",
  "rotation_matrix": [
   [
    -0.5053731799125671,
    0.8629008531570435,
    6.377887621056288e-05
   ],
   [
    -0.8629008531570435,
    -0.5053731799125671,
    -3.4680644603213295e-05
   ],
   [
    2.3061770662025083e-06,
    -7.256151729961857e-05,
    1.0
   ]
  ]
 },
 {
  "rotation_euler": [
   -7.360846939263865e-05,
   1.3096902875986416e-05,
   -0.405756413936615
  ],
  "euler_order": "XYZ",
  "rotation_matrix": [
   [
    0.9188041090965271,
    0.3947138786315918,
    4.1087772842729464e-05
   ],
   [
    -0.3947138786315918,
    0.9188041090965271,
    6.246223347261548e-05
   ],
   [
    -1.3096902875986416e-05,
    -7.360846939263865e-05,
    1.0
   ]
  ]
 },
 {
  "rotation_euler": [
   -7.26334037608467e-05,
   3.893186431014328e-07,
   2.300457000732422
  ],
  "euler_order": "XYZ",
  "rotation_matrix": [
   [
    -0.6666167378425598,
    -0.7454006671905518,
    -5.440051245386712e-05
   ],
   [
    0.7454006671905518,
    -0.6666167378425598,
    -4.8128444177564234e-05
   ],
   [
    -3.893186431014328e-07,
    -7.26334037608467e-05,
    1.0
   ]
  ]
 },
 {
  "rotation_euler": [
   -7.248515612445772e-05,
   2.639467538756435e-06,
   -1.5533685684204102
  ],
  "euler_order": "XYZ",
  "rotation_matrix": [
   [
    0.017426876351237297,
    0.9998481273651123,
    7.252014620462433e-05
   ],
   [
    -0.9998481273651123,
    0.017426876351237297,
    -1.3758768773186603e-06
   ],
   [
    -2.639467538756435e-06,
    -7.248515612445772e-05,
    1.0
   ]
  ]
 },
 {
  "rotation_euler": [
   -7.249779446283355e-05,
   2.556559195454611e-07,
   1.5857495069503784
  ],
  "euler_order": "XYZ",
  "rotation_matrix": [
   [
    -0.014952623285353184,
    -0.9998881816864014,
    -7.24935089237988e-05
   ],
   [
    0.9998881816864014,
    -0.014952623285353184,
    -8.284048362838803e-07
   ],
   [
    -2.556559195454611e-07,
    -7.249779446283355e-05,
    1.0
   ]
  ]
 },
 {
  "rotation_euler": [
   -7.16681097401306e-05,
   2.174687324441038e-05,
   1.5038074254989624
  ],
  "euler_order": "XYZ",
  "rotation_matrix": [
   [
    0.06693881005048752,
    -0.997757077217102,
    -7.005165389273316e-05
   ],
   [
    0.997757077217102,
    0.06693881005048752,
    2.649547423061449e-05
   ],
   [
    -2.174687324441038e-05,
    -7.16681097401306e-05,
    1.0
   ]
  ]
 },
 {
  "rotation_euler": [
   -7.237835234263912e-05,
   1.6300182323902845e-06,
   3.0870821475982666
  ],
  "euler_order": "XYZ",
  "rotation_matrix": [
   [
    -0.9985146522521973,
    -0.05448351427912712,
    -5.571024303208105e-06
   ],
   [
    0.05448351427912712,
    -0.9985146522521973,
    -7.218203973025084e-05
   ],
   [
    -1.6300182323902845e-06,
    -7.237835234263912e-05,
    1.0
   ]
  ]
 },
 {
  "rotation_euler": [
   -7.2632530645933e-05,
   -4.008129963040119e-06,
   -1.9844955205917358
  ],
  "euler_order": "XYZ",
  "rotation_matrix": [
   [
    -0.40199920535087585,
    0.9156399965286255,
    6.811651837779209e-05
   ],
   [
    -0.9156399965286255,
    -0.40199920535087585,
    -2.552821570134256e-05
   ],
   [
    4.008129963040119e-06,
    -7.2632530645933e-05,
    1.0
   ]
  ]
 },
 {
  "rotation_euler": [
   -7.250287308124825e-05,
   9.830102243313377e-08,
   2.1162619590759277
  ],
  "euler_order": "XYZ",
  "rotation_matrix": [
   [
    -0.5188162326812744,
    -0.8548858165740967,
    -6.203267548698932e-05
   ],
   [
    0.8548858165740967,
    -0.5188162326812744,
    -3.753163036890328e-05
   ],
   [
    -9.830102243313377e-08,
    -7.250287308124825e-05,
    1.0
   ]
  ]
 },
 {
  "rotation_euler": [
   -7.257932156790048e-05,
   7.240550985443406e-07,
   2.043938159942627
  ],
  "euler_order": "XYZ",
  "rotation_matrix": [
   [
    -0.45568519830703735,
    -0.8901410102844238,
    -6.493576802313328e-05
   ],
   [
    0.8901410102844238,
    -0.45568519830703735,
    -3.2428812119178474e-05
   ],
   [
    -7.240550985443406e-07,
    -7.257932156790048e-05,
    1.0
   ]
  ]
 },
 {
  "rotation_euler": [
   -7.254489901242778e-05,
   1.9826498487418576e-07,
   1.7796080112457275
  ],
  "euler_order": "XYZ",
  "rotation_matrix": [
   [
    -0.20729754865169525,
    -0.9782779216766357,
    -7.101017399691045e-05
   ],
   [
    0.9782779216766357,
    -0.20729754865169525,
    -1.484442145738285e-05
   ],
   [
    -1.9826498487418576e-07,
    -7.254489901242778e-05,
    1.0
   ]
  ]
 },
 {
  "rotation_euler": [
   -7.254456431837752e-05,
   1.6515669187811e-07,
   1.920392632484436
  ],
  "euler_order": "XYZ",
  "rotation_matrix": [
   [
    -0.34251856803894043,
    -0.9395110607147217,
    -6.821299029979855e-05
   ],
   [
    0.9395110607147217,
    -0.34251856803894043,
    -2.469269384164363e-05
   ],
   [
    -1.6515669187811e-07,
    -7.254456431837752e-05,
    1.0
   ]
  ]
 },
 {
  "rotation_euler": [
   -7.208230817923322e-05,
   -7.1063859650166705e-06,
   1.2302954196929932
  ],
  "euler_order": "XYZ",
  "rotation_matrix": [
   [
    0.33395928144454956,
    -0.9425874948501587,
    -7.031712448224425e-05
   ],
   [
    0.9425874948501587,
    0.33395928144454956,
    1.737416459945962e-05
   ],
   [
    7.1063859650166705e-06,
    -7.208230817923322e-05,
    1.0
   ]
  ]
 }
]