[
 {
  "rotation_euler": [
   -3.0951478481292725,
   1.4251856803894043,
   0.10132158547639847
  ],
  "euler_order": "XYZ",
  "rotation_matrix": [
   [
    0.1443524956703186,
    0.055338047444820404,
    -0.9879777431488037
   ],
   [
    0.014676280319690704,
    -0.9984449744224548,
    -0.05377999320626259
   ],
   [
    -0.9894174933433533,
    -0.006736562587320805,
    -0.14494016766548157
   ]
  ]
 },
 {
  "rotation_euler": [
   -1.5803247690200806,
   -0.09009896218776703,
   -0.08387559652328491
  ],
  "euler_order": "XYZ",
  "rotation_matrix": [
   [
    0.9924426078796387,
    0.0888584703207016,
    0.08462779968976974
   ],
   [
    -0.0834374725818634,
    -0.017032496631145477,
    0.9963674545288086
   ],
   [
    0.08997710794210434,
    -0.9958986043930054,
    -0.009489649906754494
   ]
  ]
 },
 {
  "rotation_euler": [
   0.20372331142425537,
   1.7194820642471313,
   2.4176840782165527
  ],
  "euler_order": "XYZ",
  "rotation_matrix": [
   [
    0.11098872870206833,
    -0.7985295057296753,
    -0.5916351079940796
   ],
   [
    -0.09811481088399887,
    -0.6012091040611267,
    0.7930454611778259
   ],
   [
    -0.9889666438102722,
    -0.029970942065119743,
    -0.1450750082731247
   ]
  ]
 },
 {
  "rotation_euler": [
   1.5803247690200806,
   -0.08993244916200638,
   -2.0915236473083496
  ],
  "euler_order": "XYZ",
  "rotation_matrix": [
   [
    -0.4955006539821625,
    0.03641469031572342,
    -0.8678439259529114
   ],
   [
    -0.8639519810676575,
    0.08264436572790146,
    0.4967462718486786
   ],
   [
    0.08981127291917801,
    0.995913565158844,
    -0.00948979239910841
   ]
  ]
 },
 {
  "rotation_euler": [
   -0.004023418296128511,
   1.7161985635757446,
   -2.113960027694702
  ],
  "euler_order": "XYZ",
  "rotation_matrix": [
   [
    0.07488618046045303,
    0.8581284284591675,
    -0.5079445242881775
   ],
   [
    0.1240374892950058,
    -0.5134347677230835,
    -0.849116861820221
   ],
   [
    -0.9894477128982544,
    0.0005829532747156918,
    -0.14488926529884338
   ]
  ]
 },
 {
  "rotation_euler": [
   -1.580324649810791,
   0.08993244916200638,
   -0.8257778286933899
  ],
  "euler_order": "XYZ",
  "rotation_matrix": [
   [
    0.6752455234527588,
    -0.06789189577102661,
    0.7344618439674377
   ],
   [
    -0.7321047782897949,
    0.059555090963840485,
    0.6785836815834045
   ],
   [
    -0.08981127291917801,
    -0.995913565158844,
    -0.009489673189818859
   ]
  ]
 },
 {
  "rotation_euler": [
   -1.5803247690200806,
   0.08993241935968399,
   -1.748541235923767
  ],
  "euler_order": "XYZ",
  "rotation_matrix": [
   [
    -0.17609593272209167,
    0.006500667426735163,
    0.9843515157699585
   ],
   [
    -0.9802674055099487,
    0.09007694572210312,
    -0.17596016824245453
   ],
   [
    -0.08981124311685562,
    -0.995913565158844,
    -0.00948979239910841
   ]
  ]
 },
 {
  "rotation_euler": [
   -1.5803248882293701,
   0.08993250131607056,
   -0.23608337342739105
  ],
  "euler_order": "XYZ",
  "rotation_matrix": [
   [
    0.9683324098587036,
    -0.08954479545354843,
    0.2330538034439087
   ],
   [
    -0.23295122385025024,
    0.01174148265272379,
    0.9724175333976746
   ],
   [
    -0.08981132507324219,
    -0.995913565158844,
    -0.009489910677075386
   ]
  ]
 },
 {
  "rotation_euler": [
   1.5803247690200806,
   0.0899323895573616,
   -1.150400996208191
  ],
  "euler_order": "XYZ",
  "rotation_matrix": [
   [
    0.4064720869064331,
    0.02795356698334217,
    -0.9132354855537415
   ],
   [
    -0.909238338470459,
    -0.08587612211704254,
    -0.40732163190841675
   ],
   [
    -0.08981121331453323,
    0.9959136247634888,
    -0.00948979239910841
   ]
  ]
 },
 {
  "rotation_euler": [
   -1.5803248882293701,
   -0.08993273228406906,
   -1.2405208349227905
  ],
  "euler_order": "XYZ",
  "rotation_matrix": [
   [
    0.32299306988716125,
    0.020111456513404846,
    0.9461876153945923
   ],
   [
    -0.9421302080154419,
    -0.08804375678300858,
    0.32347941398620605
   ],
   [
    0.08981155604124069,
    -0.995913565158844,
    -0.009489910677075386
   ]
  ]
 },
 {
  "rotation_euler": [
   -1.580324649810791,
   0.089932382106781,
   0.7888065576553345
  ],
  "euler_order": "XYZ",
  "rotation_matrix": [
   [
    0.7018448114395142,
    -0.056526053696870804,
    -0.7100836038589478
   ],
   [
    0.7066454887390137,
    -0.07043374329805374,
    0.7040534615516663
   ],
   [
    -0.08981120586395264,
    -0.9959136247634888,
    -0.009489673189818859
   ]
  ]
 },
 {
  "rotation_euler": [
   -1.5803247690200806,
   -0.0899324044585228,
   1.3635886907577515
  ],
  "euler_order": "XYZ",
  "rotation_matrix": [
   [
    0.2048966884613037,
    0.027800332754850388,
    -0.9783887267112732
   ],
   [
    0.9746544361114502,
    0.0859258621931076,
    0.20655617117881775
   ],
   [
    0.08981122821569443,
    -0.995913565158844,
    -0.00948979239910841
   ]
  ]
 },
 {
  "rotation_euler": [
   -1.5803248882293701,
   0.08993232250213623,
   -1.0264506340026855
  ],
  "euler_order": "XYZ",
  "rotation_matrix": [
   [
    0.5157657265663147,
    -0.054658591747283936,
    0.8549843430519104
   ],
   [
    -0.8520092368125916,
    0.07189255207777023,
    0.5185670256614685
   ],
   [
    -0.08981114625930786,
    -0.9959136247634888,
    -0.009489910677075386
   ]
  ]
 },
 {
  "rotation_euler": [
   1.6098263263702393,
   0.2675958573818207,
   1.2254540920257568
  ],
  "euler_order": "XYZ",
  "rotation_matrix": [
   [
    0.32647064328193665,
    0.12615713477134705,
    0.9367504119873047
   ],
   [
    0.9074702858924866,
    0.23540404438972473,
    -0.3479692041873932
   ],
   [
    -0.26441362500190735,
    0.9636749029159546,
    -0.03763134032487869
   ]
  ]
 },
 {
  "rotation_euler": [
   -1.580324649810791,
   -0.08993232995271683,
   2.161442518234253
  ],
  "euler_order": "XYZ",
  "rotation_matrix": [
   [
    -0.5546473264694214,
    -0.04209944233298302,
    -0.8310198187828064
   ],
   [
    0.8272244334220886,
    0.07989827543497086,
    -0.5561618208885193
   ],
   [
    0.08981115370988846,
    -0.9959136247634888,
    -0.009489674121141434
   ]
  ]
 },
 {
  "rotation_euler": [
   -1.5803247690200806,
   -0.08993249386548996,
   2.304966926574707
  ],
  "euler_order": "XYZ",
  "rotation_matrix": [
   [
    -0.6672641634941101,
    -0.05309462174773216,
    -0.742926299571991
   ],
   [
    0.7393865585327148,
    0.07305538654327393,
    -0.6693059206008911
   ],
   [
    0.08981131762266159,
    -0.995913565158844,
    -0.00948979239910841
   ]
  ]
 }
]