[
 {
  "rotation_euler": [
   0.300436407327652,
   1.5019378662109375,
   2.298846960067749
  ],
  "euler_order": "XYZ",
  "rotation_matrix": [
   [
    -0.045783303678035736,
    -0.9094910621643066,
    -0.4131947457790375
   ],
   [
    0.051360368728637695,
    -0.415224552154541,
    0.9082679748535156
   ],
   [
    -0.9976301789283752,
    0.020361673086881638,
    0.06572214514017105
   ]
  ]
 },
 {
  "rotation_euler": [
   -0.0882101058959961,
   -1.5083057880401611,
   1.3622767925262451
  ],
  "euler_order": "XYZ",
  "rotation_matrix": [
   [
    0.012927856296300888,
    -0.9563334584236145,
    -0.29199182987213135
   ],
   [
    0.06109711527824402,
    0.292226105928421,
    -0.9543956518173218
   ],
   [
    0.9980481266975403,
    -0.005501568783074617,
    0.062207069247961044
   ]
  ]
 },
 {
  "rotation_euler": [
   -0.42696613073349,
   -1.525290608406067,
   -2.2250261306762695
  ],
  "euler_order": "XYZ",
  "rotation_matrix": [
   [
    -0.027682868763804436,
    0.47053414583206177,
    0.8819474577903748
   ],
   [
    -0.03609709441661835,
    -0.8821806907653809,
    0.469525545835495
   ],
   [
    0.998964786529541,
    -0.018837925046682358,
    0.04140620678663254
   ]
  ]
 },
 {
  "rotation_euler": [
   -0.08821500837802887,
   -1.5083061456680298,
   1.0328869819641113
  ],
  "euler_order": "XYZ",
  "rotation_matrix": [
   [
    0.031995490193367004,
    -0.8103928565979004,
    -0.5850125551223755
   ],
   [
    0.05363050103187561,
    0.5858610272407532,
    -0.8086350560188293
   ],
   [
    0.9980481266975403,
    -0.005501842591911554,
    0.0622066892683506
   ]
  ]
 },
 {
  "rotation_euler": [
   0.30043724179267883,
   1.501937985420227,
   -2.1352295875549316
  ],
  "euler_order": "XYZ",
  "rotation_matrix": [
   [
    -0.03680577874183655,
    0.6491138339042664,
    -0.759800374507904
   ],
   [
    -0.05813189223408699,
    -0.760418713092804,
    -0.6468261480331421
   ],
   [
    -0.9976301789283752,
    0.02036169357597828,
    0.0657220184803009
   ]
  ]
 },
 {
  "rotation_euler": [
   0.3004362881183624,
   1.5019378662109375,
   0.6690078973770142
  ],
  "euler_order": "XYZ",
  "rotation_matrix": [
   [
    0.05397247523069382,
    -0.36083346605300903,
    0.9310672283172607
   ],
   [
    0.04267283156514168,
    0.9324079751968384,
    0.3588793873786926
   ],
   [
    -0.9976301789283752,
    0.02036166563630104,
    0.06572215259075165
   ]
  ]
 },
 {
  "rotation_euler": [
   -0.08821167796850204,
   -1.5083059072494507,
   -0.2510850131511688
  ],
  "euler_order": "XYZ",
  "rotation_matrix": [
   [
    0.060491543263196945,
    0.3326573967933655,
    -0.9411056637763977
   ],
   [
    -0.015515959821641445,
    0.9430317282676697,
    0.33234089612960815
   ],
   [
    0.9980481266975403,
    -0.005501656327396631,
    0.0622069425880909
   ]
  ]
 },
 {
  "rotation_euler": [
   0.003418639302253723,
   0.013482772745192051,
   2.337064027786255
  ],
  "euler_order": "XYZ",
  "rotation_matrix": [
   [
    -0.6933879256248474,
    -0.7205315828323364,
    -0.006886165589094162
   ],
   [
    0.7204383611679077,
    -0.6934136748313904,
    0.01208469271659851
   ],
   [
    -0.013482363894581795,
    0.003418321954086423,
    0.9999032616615295
   ]
  ]
 },
 {
  "rotation_euler": [
   -0.0021189015824347734,
   -0.017320917919278145,
   0.41488122940063477
  ],
  "euler_order": "XYZ",
  "rotation_matrix": [
   [
    0.9150269031524658,
    -0.40304675698280334,
    -0.016704745590686798
   ],
   [
    0.4030207693576813,
    0.9151769280433655,
    -0.00504223071038723
   ],
   [
    0.017320051789283752,
    -0.0021185821387916803,
    0.9998477697372437
   ]
  ]
 },
 {
  "rotation_euler": [
   -0.08821164816617966,
   -1.5083059072494507,
   2.6261019706726074
  ],
  "euler_order": "XYZ",
  "rotation_matrix": [
   [
    -0.05433446913957596,
    -0.5675446391105652,
    0.82154780626297
   ],
   [
    0.030785346403717995,
    -0.8233242630958557,
    -0.5667358040809631
   ],
   [
    0.9980481266975403,
    -0.005501654464751482,
    0.0622069425880909
   ]
  ]
 },
 {
  "rotation_euler": [
   -0.08821192383766174,
   -1.5083059072494507,
   2.2153892517089844
  ],
  "euler_order": "XYZ",
  "rotation_matrix": [
   [
    -0.037524379789829254,
    -0.8490685820579529,
    0.5269482135772705
   ],
   [
    0.04991886392235756,
    -0.528253972530365,
    -0.8476177453994751
   ],
   [
    0.9980481266975403,
    -0.005501671694219112,
    0.0622069425880909
   ]
  ]
 },
 {
  "rotation_euler": [
   0.30043649673461914,
   1.501937985420227,
   1.0679652690887451
  ],
  "euler_order": "XYZ",
  "rotation_matrix": [
   [
    0.03315717726945877,
    -0.6946969628334045,
    0.7185379266738892
   ],
   [
    0.060287509113550186,
    0.7190142869949341,
    0.6923755407333374
   ],
   [
    -0.9976301789283752,
    0.02036164328455925,
    0.0657220333814621
   ]
  ]
 },
 {
  "rotation_euler": [
   0.30043718218803406,
   1.5019378662109375,
   2.7607104778289795
  ],
  "euler_order": "XYZ",
  "rotation_matrix": [
   [
    -0.06387335807085037,
    -0.6291673183441162,
    -0.7746409773826599
   ],
   [
    0.02557719126343727,
    -0.7770031690597534,
    0.6289768815040588
   ],
   [
    -0.9976301789283752,
    0.020361723378300667,
    0.06572213023900986
   ]
  ]
 },
 {
  "rotation_euler": [
   -0.08821222186088562,
   -1.5083059072494507,
   -1.7110241651535034
  ],
  "euler_order": "XYZ",
  "rotation_matrix": [
   [
    -0.008728522807359695,
    0.9740448594093323,
    0.2261866331100464
   ],
   [
    -0.061836760491132736,
    -0.2262881100177765,
    0.9720956087112427
   ],
   [
    0.9980481266975403,
    -0.005501690320670605,
    0.0622069388628006
   ]
  ]
 },
 {
  "rotation_euler": [
   -2.8411550521850586,
   1.6396547555923462,
   -0.09918928891420364
  ],
  "euler_order": "XYZ",
  "rotation_matrix": [
   [
    -0.06846583634614944,
    -0.38837680220603943,
    -0.9189537167549133
   ],
   [
    0.006813437212258577,
    -0.9212756752967834,
    0.38885051012039185
   ],
   [
    -0.9976301789283752,
    0.02036174200475216,
    0.06572209298610687
   ]
  ]
 },
 {
  "rotation_euler": [
   0.30043530464172363,
   1.501937985420227,
   2.4955272674560547
  ],
  "euler_order": "XYZ",
  "rotation_matrix": [
   [
    -0.05493710935115814,
    -0.8108150959014893,
    -0.5827184915542603
   ],
   [
    0.04142337292432785,
    -0.5849481225013733,
    0.8100122213363647
   ],
   [
    -0.9976301789283752,
    0.020361565053462982,
    0.06572205573320389
   ]
  ]
 }
]