[
 {
  "rotation_euler": [
   -0.5612073540687561,
   1.1904323101043701,
   -2.3757784366607666
  ],
  "euler_order": "XYZ",
  "rotation_matrix": [
   [
    -0.2676098942756653,
    0.9430158734321594,
    -0.19775234162807465
   ],
   [
    -0.25732821226119995,
    -0.26773199439048767,
    -0.9284943342208862
   ],
   [
    -0.9285295605659485,
    -0.1975870132446289,
    0.3143123388290405
   ]
  ]
 },
 {
  "rotation_euler": [
   -0.6498351097106934,
   1.162225604057312,
   0.4585123360157013
  ],
  "euler_order": "XYZ",
  "rotation_matrix": [
   [
    0.3562619686126709,
    -0.8503043055534363,
    0.3873758018016815
   ],
   [
    0.17584992945194244,
    0.46818432211875916,
    0.8659562468528748
   ],
   [
    -0.9176896214485168,
    -0.24038726091384888,
    0.3163222372531891
   ]
  ]
 },
 {
  "rotation_euler": [
   -1.2476252317428589,
   -0.09241645783185959,
   0.662496030330658
  ],
  "euler_order": "XYZ",
  "rotation_matrix": [
   [
    0.7850947976112366,
    -0.12634000182151794,
    -0.6063533425331116
   ],
   [
    0.6124619841575623,
    0.3042198717594147,
    0.7296167612075806
   ],
   [
    0.09228496253490448,
    -0.9441866874694824,
    0.31621989607810974
   ]
  ]
 },
 {
  "rotation_euler": [
   -1.1258610486984253,
   0.6455643177032471,
   -1.4560149908065796
  ],
  "euler_order": "XYZ",
  "rotation_matrix": [
   [
    0.09148159623146057,
    0.36536964774131775,
    0.9263563752174377
   ],
   [
    -0.7935044169425964,
    0.5887917280197144,
    -0.15386690199375153
   ],
   [
    -0.601649284362793,
    -0.7209919095039368,
    0.3437860310077667
   ]
  ]
 },
 {
  "rotation_euler": [
   -1.0725369453430176,
   -0.8963438272476196,
   -2.239945888519287
  ],
  "euler_order": "XYZ",
  "rotation_matrix": [
   [
    -0.38737058639526367,
    -0.050753623247146606,
    0.9205259680747986
   ],
   [
    -0.4898025691509247,
    -0.8345798254013062,
    -0.2521308958530426
   ],
   [
    0.7810489535331726,
    -0.5485441088676453,
    0.2984324097633362
   ]
  ]
 },
 {
  "rotation_euler": [
   -0.8632780909538269,
   -1.09588623046875,
   -0.7585889101028442
  ],
  "euler_order": "XYZ",
  "rotation_matrix": [
   [
    0.3318816125392914,
    0.9376530647277832,
    0.10325394570827484
   ],
   [
    -0.31454718112945557,
    0.006806332152336836,
    0.9492174386978149
   ],
   [
    0.8893338441848755,
    -0.347506046295166,
    0.2971950173377991
   ]
  ]
 },
 {
  "rotation_euler": [
   -1.2436420917510986,
   -0.0955992043018341,
   -1.183940052986145
  ],
  "euler_order": "XYZ",
  "rotation_matrix": [
   [
    0.37555617094039917,
    0.3317042291164398,
    0.8654073476791382
   ],
   [
    -0.9218710064888,
    0.03752743825316429,
    0.38567543029785156
   ],
   [
    0.0954536572098732,
    -0.9426367282867432,
    0.31988218426704407
   ]
  ]
 },
 {
  "rotation_euler": [
   -1.109944224357605,
   -0.8376601338386536,
   2.032585859298706
  ],
  "euler_order": "XYZ",
  "rotation_matrix": [
   [
    -0.29816415905952454,
    -0.6946703195571899,
    -0.6546230316162109
   ],
   [
    0.5991087555885315,
    0.3977024555206299,
    -0.6949111223220825
   ],
   [
    0.7430793046951294,
    -0.5993880033493042,
    0.29760241508483887
   ]
  ]
 },
 {
  "rotation_euler": [
   -1.242501974105835,
   -0.05703581124544144,
   -2.3138351440429688
  ],
  "euler_order": "XYZ",
  "rotation_matrix": [
   [
    -0.6754287481307983,
    0.20093604922294617,
    0.709521472454071
   ],
   [
    -0.7352186441421509,
    -0.2578698396682739,
    -0.6268625855445862
   ],
   [
    0.0570048913359642,
    -0.9450544118881226,
    0.32190462946891785
   ]
  ]
 },
 {
  "rotation_euler": [
   -0.5505311489105225,
   -1.209235429763794,
   -1.474931001663208
  ],
  "euler_order": "XYZ",
  "rotation_matrix": [
   [
    0.03385896980762482,
    0.8951703310012817,
    0.44443634152412415
   ],
   [
    -0.35211044549942017,
    -0.40549421310424805,
    0.8435595035552979
   ],
   [
    0.9353458285331726,
    -0.18505273759365082,
    0.30146920680999756
   ]
  ]
 },
 {
  "rotation_euler": [
   -1.110766887664795,
   -0.8362890481948853,
   -2.5790281295776367
  ],
  "euler_order": "XYZ",
  "rotation_matrix": [
   [
    -0.5669337511062622,
    -0.32572463154792786,
    0.7566304206848145
   ],
   [
    -0.35746753215789795,
    -0.7302391529083252,
    -0.5822093486785889
   ],
   [
    0.7421610951423645,
    -0.6005449295043945,
    0.29756125807762146
   ]
  ]
 },
 {
  "rotation_euler": [
   0.9971327185630798,
   -1.026497721672058,
   2.562278985977173
  ],
  "euler_order": "XYZ",
  "rotation_matrix": [
   [
    -0.433330237865448,
    0.30419594049453735,
    0.8483452796936035
   ],
   [
    0.2834794223308563,
    -0.8475288152694702,
    0.44870296120643616
   ],
   [
    0.8554906845092773,
    0.43492498993873596,
    0.28102657198905945
   ]
  ]
 },
 {
  "rotation_euler": [
   2.143484592437744,
   2.191408395767212,
   0.12680606544017792
  ],
  "euler_order": "XYZ",
  "rotation_matrix": [
   [
    -0.5768640041351318,
    0.7467645406723022,
    -0.3310145139694214
   ],
   [
    -0.0735444724559784,
    -0.45107439160346985,
    -0.8894510269165039
   ],
   [
    -0.8135226964950562,
    -0.4887479841709137,
    0.31512898206710815
   ]
  ]
 },
 {
  "rotation_euler": [
   -1.1607491970062256,
   -0.7244758605957031,
   -0.3838633596897125
  ],
  "euler_order": "XYZ",
  "rotation_matrix": [
   [
    0.6943493485450745,
    0.7128674983978271,
    0.09848305583000183
   ],
   [
    -0.28044724464416504,
    0.14201496541500092,
    0.9493055939674377
   ],
   [
    0.6627430319786072,
    -0.6867690086364746,
    0.298529714345932
   ]
  ]
 },
 {
  "rotation_euler": [
   0.8914217948913574,
   -1.1140599250793457,
   -2.3313770294189453
  ],
  "euler_order": "XYZ",
  "rotation_matrix": [
   [
    -0.3040146827697754,
    0.9364814758300781,
    -0.17486418783664703
   ],
   [
    -0.3194916844367981,
    0.07269857078790665,
    0.9447962641716003
   ],
   [
    0.8974965810775757,
    0.34309959411621094,
    0.27709662914276123
   ]
  ]
 },
 {
  "rotation_euler": [
   -1.2341272830963135,
   -0.2567828893661499,
   -0.23662586510181427
  ],
  "euler_order": "XYZ",
  "rotation_matrix": [
   [
    0.9402601718902588,
    0.3104734420776367,
    0.1397034227848053
   ],
   [
    -0.22673757374286652,
    0.2649454176425934,
    0.9372267723083496
   ],
   [
    0.2539702355861664,
    -0.9129130244255066,
    0.31951361894607544
   ]
  ]
 }
]