[
 {
  "rotation_euler": [
   -3.5998767998535186e-05,
   -1.0331250438477824e-10,
   0.1488107591867447
  ],
  "euler_order": "XYZ",
  "rotation_matrix": [
   [
    0.9889481067657471,
    -0.1482621431350708,
    -5.337356469681254e-06
   ],
   [
    0.1482621431350708,
    0.9889481067657471,
    3.5600896808318794e-05
   ],
   [
    1.0331250438477824e-10,
    -3.5998767998535186e-05,
    1.0
   ]
  ]
 },
 {
  "rotation_euler": [
   -3.6542624002322555e-05,
   -4.7639026057311185e-09,
   1.992546558380127
  ],
  "euler_order": "XYZ",
  "rotation_matrix": [
   [
    -0.4093579351902008,
    -0.9123738408088684,
    -3.333858330734074e-05
   ],
   [
    0.9123738408088684,
    -0.4093579351902008,
    -1.4963359717512503e-05
   ],
   [
    4.7639026057311185e-09,
    -3.6542624002322555e-05,
    1.0
   ]
  ]
 },
 {
  "rotation_euler": [
   -3.7382065784186125e-05,
   4.3607818156488065e-07,
   0.2942895293235779
  ],
  "euler_order": "XYZ",
  "rotation_matrix": [
   [
    0.9570084810256958,
    -0.29005998373031616,
    -1.0425711479911115e-05
   ],
   [
    0.29005998373031616,
    0.9570084810256958,
    3.590144115150906e-05
   ],
   [
    -4.3607818156488065e-07,
    -3.7382065784186125e-05,
    1.0
   ]
  ]
 },
 {
  "rotation_euler": [
   -0.00020748632960021496,
   5.556887117563747e-05,
   0.43706709146499634
  ],
  "euler_order": "XYZ",
  "rotation_matrix": [
   [
    0.9059970378875732,
    -0.4232840836048126,
    -3.748042945517227e-05
   ],
   [
    0.4232840836048126,
    0.9059969782829285,
    0.00021150341490283608
   ],
   [
    -5.556887117563747e-05,
    -0.00020748632960021496,
    1.0
   ]
  ]
 },
 {
  "rotation_euler": [
   -3.6029854527441785e-05,
   -4.971074218929061e-09,
   -1.8005646467208862
  ],
  "euler_order": "XYZ",
  "rotation_matrix": [
   [
    -0.2277519404888153,
    0.9737191796302795,
    3.508409281494096e-05
   ],
   [
    -0.9737191796302795,
    -0.2277519404888153,
    -8.201028322218917e-06
   ],
   [
    4.971074218929061e-09,
    -3.6029854527441785e-05,
    1.0
   ]
  ]
 },
 {
  "rotation_euler": [
   -3.547323285602033e-05,
   -4.140273013319984e-09,
   0.05057568848133087
  ],
  "euler_order": "XYZ",
  "rotation_matrix": [
   [
    0.9987213015556335,
    -0.05055413022637367,
    -1.7974533648157376e-06
   ],
   [
    0.05055413022637367,
    0.9987213015556335,
    3.54276635334827e-05
   ],
   [
    4.140273013319984e-09,
    -3.547323285602033e-05,
    1.0
   ]
  ]
 },
 {
  "rotation_euler": [
   -0.0001202410931000486,
   7.363422355410876e-06,
   2.552140951156616
  ],
  "euler_order": "XYZ",
  "rotation_matrix": [
   [
    -0.8312456011772156,
    -0.5559053421020508,
    -7.296347757801414e-05
   ],
   [
    0.5559053421020508,
    -0.8312456011772156,
    -9.58565142354928e-05
   ],
   [
    -7.363422355410876e-06,
    -0.0001202410931000486,
    1.0
   ]
  ]
 },
 {
  "rotation_euler": [
   -3.79076118406374e-05,
   -7.939231494447085e-08,
   2.268709182739258
  ],
  "euler_order": "XYZ",
  "rotation_matrix": [
   [
    -0.6426199674606323,
    -0.7661851048469543,
    -2.89932286250405e-05
   ],
   [
    0.7661851048469543,
    -0.6426199674606323,
    -2.4421016860287637e-05
   ],
   [
    7.939231494447085e-08,
    -3.79076118406374e-05,
    1.0
   ]
  ]
 },
 {
  "rotation_euler": [
   -3.620961797423661e-05,
   -2.968598700192615e-08,
   1.0285937786102295
  ],
  "euler_order": "XYZ",
  "rotation_matrix": [
   [
    0.5160238742828369,
    -0.8565741777420044,
    -3.10315444949083e-05
   ],
   [
    0.8565741777420044,
    0.5160238742828369,
    1.8659598936210386e-05
   ],
   [
    2.968598700192615e-08,
    -3.620961797423661e-05,
    1.0
   ]
  ]
 },
 {
  "rotation_euler": [
   -3.590272172004916e-05,
   -4.807546361007553e-09,
   0.45004236698150635
  ],
  "euler_order": "XYZ",
  "rotation_matrix": [
   [
    0.9004286527633667,
    -0.4350036680698395,
    -1.562214492878411e-05
   ],
   [
    0.4350036680698395,
    0.9004286527633667,
    3.2325748179573566e-05
   ],
   [
    4.807546361007553e-09,
    -3.590272172004916e-05,
    1.0
   ]
  ]
 },
 {
  "rotation_euler": [
   -3.600193667807616e-05,
   2.0517802568065235e-07,
   -2.721813678741455
  ],
  "euler_order": "XYZ",
  "rotation_matrix": [
   [
    -0.9131790399551392,
    0.4075586199760437,
    1.4485535757557955e-05
   ],
   [
    -0.4075586199760437,
    -0.9131790399551392,
    -3.295983697171323e-05
   ],
   [
    -2.0517802568065235e-07,
    -3.600193667807616e-05,
    1.0
   ]
  ]
 },
 {
  "rotation_euler": [
   -3.566925443010405e-05,
   2.093209161557752e-08,
   -0.1464281529188156
  ],
  "euler_order": "XYZ",
  "rotation_matrix": [
   [
    0.9892985224723816,
    0.14590544998645782,
    5.225046606938122e-06
   ],
   [
    -0.14590544998645782,
    0.9892985224723816,
    3.52844872395508e-05
   ],
   [
    -2.093209161557752e-08,
    -3.566925443010405e-05,
    1.0
   ]
  ]
 },
 {
  "rotation_euler": [
   -3.5988385207019746e-05,
   1.4092141342736397e-10,
   1.7724312543869019
  ],
  "euler_order": "XYZ",
  "rotation_matrix": [
   [
    -0.2002713978290558,
    -0.9797404408454895,
    -3.525930515024811e-05
   ],
   [
    0.9797404408454895,
    -0.2002713978290558,
    -7.2073062256095e-06
   ],
   [
    -1.4092141342736397e-10,
    -3.5988385207019746e-05,
    1.0
   ]
  ]
 },
 {
  "rotation_euler": [
   -3.602142896852456e-05,
   -2.940020005226529e-09,
   -2.689405679702759
  ],
  "euler_order": "XYZ",
  "rotation_matrix": [
   [
    -0.8994936943054199,
    0.4369337558746338,
    1.5741621609777212e-05
   ],
   [
    -0.4369337558746338,
    -0.8994936943054199,
    -3.239976285840385e-05
   ],
   [
    2.940020005226529e-09,
    -3.602142896852456e-05,
    1.0
   ]
  ]
 },
 {
  "rotation_euler": [
   -3.6009252653457224e-05,
   3.1700704283821324e-08,
   1.7353919744491577
  ],
  "euler_order": "XYZ",
  "rotation_matrix": [
   [
    -0.1638534516096115,
    -0.986484706401825,
    -3.552776979631744e-05
   ],
   [
    0.986484706401825,
    -0.1638534516096115,
    -5.868968401046004e-06
   ],
   [
    -3.1700704283821324e-08,
    -3.6009252653457224e-05,
    1.0
   ]
  ]
 },
 {
  "rotation_euler": [
   -3.59711266355589e-05,
   3.150386840289343e-09,
   0.9826374053955078
  ],
  "euler_order": "XYZ",
  "rotation_matrix": [
   [
    0.5548302531242371,
    -0.8319635987281799,
    -2.9924918635515496e-05
   ],
   [
    0.8319635987281799,
    0.5548302531242371,
    1.9960491044912487e-05
   ],
   [
    -3.150386840289343e-09,
    -3.59711266355589e-05,
    1.0
   ]
  ]
 }
]