[
 {
  "rotation_euler": [
   -0.8993958234786987,
   0.003461218439042568,
   -2.8179163932800293
  ],
  "euler_order": "XYZ",
  "rotation_matrix": [
   [
    -0.9480668902397156,
    0.20042529702186584,
    0.2469794601202011
   ],
   [
    -0.31805217266082764,
    -0.5889180302619934,
    -0.7429794073104858
   ],
   [
    -0.0034612114541232586,
    -0.7829465270042419,
    0.6220793724060059
   ]
  ]
 },
 {
  "rotation_euler": [
   -0.8148717284202576,
   -0.46279004216194153,
   -1.0357340574264526
  ],
  "euler_order": "XYZ",
  "rotation_matrix": [
   [
    0.45625898241996765,
    0.7557294368743896,
    0.46978795528411865
   ],
   [
    -0.769748866558075,
    0.07031921297311783,
    0.6344618797302246
   ],
   [
    0.44644638895988464,
    -0.6510977149009705,
    0.6138056516647339
   ]
  ]
 },
 {
  "rotation_euler": [
   -0.8965514302253723,
   -0.054913707077503204,
   -2.6816396713256836
  ],
  "euler_order": "XYZ",
  "rotation_matrix": [
   [
    -0.8947226405143738,
    0.23871397972106934,
    0.3774745464324951
   ],
   [
    -0.4432368278503418,
    -0.578458309173584,
    -0.6847825050354004
   ],
   [
    0.0548861138522625,
    -0.7800010442733765,
    0.6233665347099304
   ]
  ]
 },
 {
  "rotation_euler": [
   -0.8965209126472473,
   -0.056479502469301224,
   -2.9032249450683594
  ],
  "euler_order": "XYZ",
  "rotation_matrix": [
   [
    -0.9701752066612244,
    0.10456593334674835,
    0.21869157254695892
   ],
   [
    -0.2357403039932251,
    -0.617090106010437,
    -0.7507504820823669
   ],
   [
    0.05644948035478592,
    -0.7799139618873596,
    0.6233359575271606
   ]
  ]
 },
 {
  "rotation_euler": [
   -0.8830426931381226,
   0.30469977855682373,
   3.0054140090942383
  ],
  "euler_order": "XYZ",
  "rotation_matrix": [
   [
    -0.9451055526733398,
    0.14348168671131134,
    -0.2935788631439209
   ],
   [
    0.1295047253370285,
    -0.6603958010673523,
    -0.7396660447120667
   ],
   [
    -0.30000680685043335,
    -0.737082302570343,
    0.6055622100830078
   ]
  ]
 },
 {
  "rotation_euler": [
   -0.8343145847320557,
   -0.4145057201385498,
   0.2297007292509079
  ],
  "euler_order": "XYZ",
  "rotation_matrix": [
   [
    0.8912743330001831,
    0.13759249448776245,
    -0.4320860207080841
   ],
   [
    0.20840463042259216,
    0.7219765186309814,
    0.6597858667373657
   ],
   [
    0.402737557888031,
    -0.6780989766120911,
    0.6148042678833008
   ]
  ]
 },
 {
  "rotation_euler": [
   -0.8183529376983643,
   -0.454681932926178,
   2.6017608642578125
  ],
  "euler_order": "XYZ",
  "rotation_matrix": [
   [
    -0.7706438302993774,
    -0.6262906789779663,
    -0.1177627220749855
   ],
   [
    0.46177053451538086,
    -0.421448290348053,
    -0.7804802060127258
   ],
   [
    0.4391765892505646,
    -0.6558516025543213,
    0.6139891147613525
   ]
  ]
 },
 {
  "rotation_euler": [
   -0.9038026928901672,
   0.13228337466716766,
   0.41668766736984253
  ],
  "euler_order": "XYZ",
  "rotation_matrix": [
   [
    0.9064454436302185,
    -0.3451421856880188,
    -0.24337944388389587
   ],
   [
    0.40119773149490356,
    0.5237510204315186,
    0.7514820098876953
   ],
   [
    -0.1318979114294052,
    -0.7788207530975342,
    0.6132220029830933
   ]
  ]
 },
 {
  "rotation_euler": [
   -0.9040101170539856,
   0.12570782005786896,
   -2.1302871704101562
  ],
  "euler_order": "XYZ",
  "rotation_matrix": [
   [
    -0.5265666246414185,
    0.576455295085907,
    0.6248415112495422
   ],
   [
    -0.8408377766609192,
    -0.24475188553333282,
    -0.4827922284603119
   ],
   [
    -0.12537699937820435,
    -0.7796126008033752,
    0.6135835647583008
   ]
  ]
 },
 {
  "rotation_euler": [
   -0.8846805095672607,
   -0.18932096660137177,
   1.595607876777649
  ],
  "euler_order": "XYZ",
  "rotation_matrix": [
   [
    -0.024365723133087158,
    -0.6369540691375732,
    -0.770516574382782
   ],
   [
    0.9818299412727356,
    0.1298443228006363,
    -0.13838490843772888
   ],
   [
    0.18819203972816467,
    -0.7598881125450134,
    0.6222168803215027
   ]
  ]
 },
 {
  "rotation_euler": [
   -0.8961527347564697,
   -0.0650431215763092,
   0.8599183559417725
  ],
  "euler_order": "XYZ",
  "rotation_matrix": [
   [
    0.651119589805603,
    -0.44020986557006836,
    -0.6182706356048584
   ],
   [
    0.7561869025230408,
    0.44602760672569275,
    0.47879093885421753
   ],
   [
    0.06499727070331573,
    -0.7792782783508301,
    0.6232982277870178
   ]
  ]
 },
 {
  "rotation_euler": [
   -0.8912755846977234,
   -0.13046997785568237,
   -0.9406205415725708
  ],
  "euler_order": "XYZ",
  "rotation_matrix": [
   [
    0.5842783451080322,
    0.5673525333404541,
    0.5802843570709229
   ],
   [
    -0.8010572791099548,
    0.28855666518211365,
    0.5244447588920593
   ],
   [
    0.13010014593601227,
    -0.7712627053260803,
    0.623079240322113
   ]
  ]
 },
 {
  "rotation_euler": [
   -0.89164799451828,
   -0.12709766626358032,
   -0.098703533411026
  ],
  "euler_order": "XYZ",
  "rotation_matrix": [
   [
    0.9871059656143188,
    0.16004769504070282,
    -0.0025542795192450285
   ],
   [
    -0.09774848818778992,
    0.6153540015220642,
    0.7821666598320007
   ],
   [
    0.1267557591199875,
    -0.7718316912651062,
    0.6230640411376953
   ]
  ]
 },
 {
  "rotation_euler": [
   -0.8084872364997864,
   -0.4774602949619293,
   -1.0214192867279053
  ],
  "euler_order": "XYZ",
  "rotation_matrix": [
   [
    0.463760644197464,
    0.7625101804733276,
    0.4511144757270813
   ],
   [
    -0.7574713826179504,
    0.07715418189764023,
    0.6482934355735779
   ],
   [
    0.4595249891281128,
    -0.6423592567443848,
    0.6133607029914856
   ]
  ]
 },
 {
  "rotation_euler": [
   -0.8034272789955139,
   -0.4881511628627777,
   -0.3679879903793335
  ],
  "euler_order": "XYZ",
  "rotation_matrix": [
   [
    0.8240737915039062,
    0.5647017955780029,
    -0.04488014802336693
   ],
   [
    -0.3177218735218048,
    0.5263354182243347,
    0.7886849045753479
   ],
   [
    0.46899378299713135,
    -0.6356751322746277,
    0.613157331943512
   ]
  ]
 },
 {
  "rotation_euler": [
   -0.8945741653442383,
   -0.09108798950910568,
   -1.2361801862716675
  ],
  "euler_order": "XYZ",
  "rotation_matrix": [
   [
    0.32704517245292664,
    0.6144379377365112,
    0.7179884910583496
   ],
   [
    -0.9406207203865051,
    0.13852328062057495,
    0.3099095821380615
   ],
   [
    0.09096208214759827,
    -0.776709258556366,
    0.6232564449310303
   ]
  ]
 }
]