[
 {
  "rotation_euler": [
   0.003275789087638259,
   8.96724213816924e-06,
   -0.5422863364219666
  ],
  "euler_order": "XYZ",
  "rotation_matrix": [
   [
    0.8565309643745422,
    0.5160928964614868,
    -0.0016829367959871888
   ],
   [
    -0.5160956382751465,
    0.8565263152122498,
    -0.002810437697917223
   ],
   [
    -8.96724213816924e-06,
    0.0032757832668721676,
    0.9999946355819702
   ]
  ]
 },
 {
  "rotation_euler": [
   0.0032749599777162075,
   1.0810407729877625e-05,
   -2.9569153785705566
  ],
  "euler_order": "XYZ",
  "rotation_matrix": [
   [
    -0.9829955697059631,
    0.18362829089164734,
    -0.0006120040779933333
   ],
   [
    -0.18362930417060852,
    -0.9829903244972229,
    0.003217280376702547
   ],
   [
    -1.0810407729877625e-05,
    0.003274954156950116,
    0.9999946355819702
   ]
  ]
 },
 {
  "rotation_euler": [
   0.0032723499462008476,
   -7.191579697973793e-06,
   -2.1897318363189697
  ],
  "euler_order": "XYZ",
  "rotation_matrix": [
   [
    -0.5801684856414795,
    0.8144921660423279,
    -0.0026611406356096268
   ],
   [
    -0.8144965171813965,
    -0.5801653265953064,
    0.0019043684005737305
   ],
   [
    7.191579697973793e-06,
    0.0032723441254347563,
    0.9999946355819702
   ]
  ]
 },
 {
  "rotation_euler": [
   0.0032682763412594795,
   -1.6223793863900937e-06,
   3.076083183288574
  ],
  "euler_order": "XYZ",
  "rotation_matrix": [
   [
    -0.997855007648468,
    -0.06546226888895035,
    0.0002155684633180499
   ],
   [
    0.065462626516819,
    -0.997849702835083,
    0.0032611540518701077
   ],
   [
    1.6223793863900937e-06,
    0.003268270520493388,
    0.9999946355819702
   ]
  ]
 },
 {
  "rotation_euler": [
   0.0032770915422588587,
   -1.5795774743310176e-05,
   -2.6070356369018555
  ],
  "euler_order": "XYZ",
  "rotation_matrix": [
   [
    -0.8604943752288818,
    0.5094572305679321,
    -0.0016559516079723835
   ],
   [
    -0.509459912776947,
    -0.8604897260665894,
    0.002827961230650544
   ],
   [
    1.5795774743310176e-05,
    0.0032770857214927673,
    0.9999946355819702
   ]
  ]
 },
 {
  "rotation_euler": [
   0.0032722605392336845,
   9.948198567144573e-06,
   -1.1062047481536865
  ],
  "euler_order": "XYZ",
  "rotation_matrix": [
   [
    0.44805771112442017,
    0.8939998745918274,
    -0.002920953556895256
   ],
   [
    -0.8940046429634094,
    0.4480552673339844,
    -0.0014750526752322912
   ],
   [
    -9.948198567144573e-06,
    0.003272254718467593,
    0.9999946355819702
   ]
  ]
 },
 {
  "rotation_euler": [
   0.003277859417721629,
   1.3993935681355651e-05,
   -0.9483612179756165
  ],
  "euler_order": "XYZ",
  "rotation_matrix": [
   [
    0.5830153226852417,
    0.8124568462371826,
    -0.002654970157891512
   ],
   [
    -0.8124611377716064,
    0.5830121636390686,
    -0.001922408351674676
   ],
   [
    -1.3993935681355651e-05,
    0.003277853596955538,
    0.9999946355819702
   ]
  ]
 },
 {
  "rotation_euler": [
   0.003272630972787738,
   -6.703701274091145e-06,
   1.014676570892334
  ],
  "euler_order": "XYZ",
  "rotation_matrix": [
   [
    0.5278946757316589,
    -0.8493053317070007,
    0.0027759340591728687
   ],
   [
    0.8493098616600037,
    0.5278918147087097,
    -0.0017332948045805097
   ],
   [
    6.703701274091145e-06,
    0.0032726251520216465,
    0.9999946355819702
   ]
  ]
 },
 {
  "rotation_euler": [
   0.003102758899331093,
   -2.9537317459471524e-05,
   1.5654679536819458
  ],
  "euler_order": "XYZ",
  "rotation_matrix": [
   [
    0.005328347906470299,
    -0.9999809861183167,
    0.003102552378550172
   ],
   [
    0.9999858140945435,
    0.005328230559825897,
    -4.6069308154983446e-05
   ],
   [
    2.9537317459471524e-05,
    0.003102754009887576,
    0.9999951720237732
   ]
  ]
 },
 {
  "rotation_euler": [
   0.0032724386546760798,
   9.68087806541007e-06,
   2.588352918624878
  ],
  "euler_order": "XYZ",
  "rotation_matrix": [
   [
    -0.8508266806602478,
    -0.5254436731338501,
    0.0017112514469772577
   ],
   [
    0.5254464149475098,
    -0.8508220911026001,
    0.0027893600054085255
   ],
   [
    -9.68087806541007e-06,
    0.0032724328339099884,
    0.9999946355819702
   ]
  ]
 },
 {
  "rotation_euler": [
   0.0032700051087886095,
   -1.5151899788179435e-05,
   1.1637636423110962
  ],
  "euler_order": "XYZ",
  "rotation_matrix": [
   [
    0.3958861827850342,
    -0.9182946681976318,
    0.002996840514242649
   ],
   [
    0.9182995557785034,
    0.39588403701782227,
    -0.0013084614183753729
   ],
   [
    1.5151899788179435e-05,
    0.003269999288022518,
    0.9999946355819702
   ]
  ]
 },
 {
  "rotation_euler": [
   0.0032755080610513687,
   -1.0428121640870813e-05,
   2.8683557510375977
  ],
  "euler_order": "XYZ",
  "rotation_matrix": [
   [
    -0.9629024863243103,
    -0.26984819769859314,
    0.0008939343970268965
   ],
   [
    0.26984965801239014,
    -0.9628973007202148,
    0.0031511751003563404
   ],
   [
    1.0428121640870813e-05,
    0.0032755022402852774,
    0.9999946355819702
   ]
  ]
 },
 {
  "rotation_euler": [
   -0.12579329311847687,
   -0.05527863651514053,
   1.4468005895614624
  ],
  "euler_order": "XYZ",
  "rotation_matrix": [
   [
    0.12348932772874832,
    -0.9836241602897644,
    -0.13127784430980682
   ],
   [
    0.9908066391944885,
    0.1295796036720276,
    -0.038876187056303024
   ],
   [
    0.055250488221645355,
    -0.12527015805244446,
    0.990583062171936
   ]
  ]
 },
 {
  "rotation_euler": [
   0.0032752673141658306,
   -8.712609997019172e-06,
   -1.0858395099639893
  ],
  "euler_order": "XYZ",
  "rotation_matrix": [
   [
    0.46617016196250916,
    0.8846903443336487,
    -0.0029016691260039806
   ],
   [
    -0.8846950531005859,
    0.466167688369751,
    -0.00151912122964859
   ],
   [
    8.712609997019172e-06,
    0.0032752614933997393,
    0.9999946355819702
   ]
  ]
 },
 {
  "rotation_euler": [
   0.011320265009999275,
   -0.004835453350096941,
   -2.5014548301696777
  ],
  "euler_order": "XYZ",
  "rotation_matrix": [
   [
    -0.8020040392875671,
    0.5973116159439087,
    -0.0028836827259510756
   ],
   [
    -0.5972989797592163,
    -0.8019293546676636,
    0.011966859921813011
   ],
   [
    0.004835434723645449,
    0.01131989061832428,
    0.9999242424964905
   ]
  ]
 },
 {
  "rotation_euler": [
   0.003274780698120594,
   4.242322575009894e-06,
   -0.48266488313674927
  ],
  "euler_order": "XYZ",
  "rotation_matrix": [
   [
    0.8857612013816833,
    0.46413880586624146,
    -0.0015162004856392741
   ],
   [
    -0.46414127945899963,
    0.8857564330101013,
    -0.002902637468650937
   ],
   [
    -4.242322575009894e-06,
    0.0032747748773545027,
    0.9999946355819702
   ]
  ]
 }
]