[
 {
  "rotation_euler": [
   1.4494198560714722,
   2.3330576419830322,
   -0.08783306181430817
  ],
  "euler_order": "XYZ",
  "rotation_matrix": [
   [
    -0.6878967881202698,
    0.7258085012435913,
    0.0001609393657417968
   ],
   [
    0.060575932264328,
    0.05763278156518936,
    -0.9964984059333801
   ],
   [
    -0.7232763171195984,
    -0.6854782700538635,
    -0.08361193537712097
   ]
  ]
 },
 {
  "rotation_euler": [
   -1.6236639022827148,
   0.8115271925926208,
   -0.6945281624794006
  ],
  "euler_order": "XYZ",
  "rotation_matrix": [
   [
    0.528929591178894,
    -0.590360701084137,
    0.6096783876419067
   ],
   [
    -0.4405863881111145,
    0.4229830205440521,
    0.7918137311935425
   ],
   [
    -0.7253393530845642,
    -0.6874297261238098,
    -0.03637664020061493
   ]
  ]
 },
 {
  "rotation_euler": [
   -1.688486099243164,
   0.8084971904754639,
   0.3991560935974121
  ],
  "euler_order": "XYZ",
  "rotation_matrix": [
   [
    0.636298656463623,
    -0.6161516904830933,
    -0.4641994535923004
   ],
   [
    0.268390029668808,
    -0.3873281478881836,
    0.8820111751556396
   ],
   [
    -0.723250150680542,
    -0.6858090162277222,
    -0.08108743280172348
   ]
  ]
 },
 {
  "rotation_euler": [
   0.00012046338815707713,
   -0.00012798936222679913,
   -2.6748292446136475
  ],
  "euler_order": "XYZ",
  "rotation_matrix": [
   [
    -0.8930293917655945,
    0.44999828934669495,
    6.008994751027785e-05
   ],
   [
    -0.44999825954437256,
    -0.8930293917655945,
    0.00016517234325874597
   ],
   [
    0.00012798936222679913,
    0.00012046338815707713,
    1.0
   ]
  ]
 },
 {
  "rotation_euler": [
   -1.5898360013961792,
   0.8122043013572693,
   0.5491185188293457
  ],
  "euler_order": "XYZ",
  "rotation_matrix": [
   [
    0.5867685079574585,
    -0.6090518832206726,
    -0.5336276888847351
   ],
   [
    0.3590395748615265,
    -0.39499449729919434,
    0.8456180691719055
   ],
   [
    -0.7258052825927734,
    -0.6877755522727966,
    -0.013096604496240616
   ]
  ]
 },
 {
  "rotation_euler": [
   0.00012190837151138112,
   -0.0001289717183681205,
   -0.4496012330055237
  ],
  "euler_order": "XYZ",
  "rotation_matrix": [
   [
    0.9006204605102539,
    0.4346064031124115,
    -0.00016913673607632518
   ],
   [
    -0.4346064329147339,
    0.9006204605102539,
    -5.374123793444596e-05
   ],
   [
    0.0001289717183681205,
    0.00012190837151138112,
    1.0
   ]
  ]
 },
 {
  "rotation_euler": [
   0.00012079304724466056,
   -0.00012636816245503724,
   1.9040849208831787
  ],
  "euler_order": "XYZ",
  "rotation_matrix": [
   [
    -0.32715243101119995,
    -0.9449715614318848,
    0.00015548765077255666
   ],
   [
    0.9449715614318848,
    -0.32715243101119995,
    -7.989658479345962e-05
   ],
   [
    0.00012636816245503724,
    0.00012079304724466056,
    1.0
   ]
  ]
 },
 {
  "rotation_euler": [
   -1.5400909185409546,
   0.8119900226593018,
   -2.2240898609161377
  ],
  "euler_order": "XYZ",
  "rotation_matrix": [
   [
    -0.418203741312027,
    0.46522951126098633,
    0.7801712155342102
   ],
   [
    -0.5463756322860718,
    0.5573033690452576,
    -0.6252092719078064
   ],
   [
    -0.7256578803062439,
    -0.6877313852310181,
    0.02112371288239956
   ]
  ]
 },
 {
  "rotation_euler": [
   0.00012149126996519044,
   -0.0001266718318220228,
   1.1945546865463257
  ],
  "euler_order": "XYZ",
  "rotation_matrix": [
   [
    0.3674275875091553,
    -0.9300521016120911,
    6.64504841552116e-05
   ],
   [
    0.9300521016120911,
    0.3674275875091553,
    -0.00016245065489783883
   ],
   [
    0.0001266718318220228,
    0.00012149126996519044,
    1.0
   ]
  ]
 },
 {
  "rotation_euler": [
   0.00012094731937395409,
   -0.00012607469398062676,
   0.7947931885719299
  ],
  "euler_order": "XYZ",
  "rotation_matrix": [
   [
    0.7004323601722717,
    -0.7137187719345093,
    -1.984426944545703e-06
   ],
   [
    0.7137187719345093,
    0.7004323601722717,
    -0.0001746972993714735
   ],
   [
    0.00012607469398062676,
    0.00012094731937395409,
    1.0
   ]
  ]
 },
 {
  "rotation_euler": [
   1.5155982971191406,
   2.3311421871185303,
   0.13221405446529388
  ],
  "euler_order": "XYZ",
  "rotation_matrix": [
   [
    -0.6831573247909546,
    0.7099067568778992,
    0.17125557363033295
   ],
   [
    -0.0908530056476593,
    0.15006615221500397,
    -0.9844927191734314
   ],
   [
    -0.724597692489624,
    -0.6881224513053894,
    -0.03802162781357765
   ]
  ]
 },
 {
  "rotation_euler": [
   0.00012085763592040166,
   -0.00012705494009424,
   2.5076699256896973
  ],
  "euler_order": "XYZ",
  "rotation_matrix": [
   [
    -0.8057102560997009,
    -0.5923098921775818,
    0.0001739546423777938
   ],
   [
    0.5923098921775818,
    -0.8057102560997009,
    2.2120339053799398e-05
   ],
   [
    0.00012705494009424,
    0.00012085763592040166,
    1.0
   ]
  ]
 },
 {
  "rotation_euler": [
   0.00011929238098673522,
   -0.00012710313603747636,
   1.8858668804168701
  ],
  "euler_order": "XYZ",
  "rotation_matrix": [
   [
    -0.30988356471061707,
    -0.9507744908332825,
    0.00015280733350664377
   ],
   [
    0.9507744908332825,
    -0.30988356471061707,
    -8.387967682210729e-05
   ],
   [
    0.00012710313603747636,
    0.00011929238098673522,
    1.0
   ]
  ]
 },
 {
  "rotation_euler": [
   0.00012188411346869543,
   -0.000128818181110546,
   2.6066155433654785
  ],
  "euler_order": "XYZ",
  "rotation_matrix": [
   [
    -0.8602802753448486,
    -0.509821355342865,
    0.00017295886937063187
   ],
   [
    0.509821355342865,
    -0.8602802753448486,
    3.918024231097661e-05
   ],
   [
    0.000128818181110546,
    0.00012188411346869543,
    1.0
   ]
  ]
 },
 {
  "rotation_euler": [
   0.00012052628881065175,
   -0.00012804158905055374,
   0.007751885801553726
  ],
  "euler_order": "XYZ",
  "rotation_matrix": [
   [
    0.9999699592590332,
    -0.007751823402941227,
    -0.00012710344162769616
   ],
   [
    0.007751808036118746,
    0.9999699592590332,
    -0.00012151522241765633
   ],
   [
    0.00012804158905055374,
    0.00012052628881065175,
    1.0
   ]
  ]
 },
 {
  "rotation_euler": [
   0.00012154535215813667,
   -0.00012679840438067913,
   -2.2156412601470947
  ],
  "euler_order": "XYZ",
  "rotation_matrix": [
   [
    -0.6010745167732239,
    0.7991929650306702,
    -2.092290378641337e-05
   ],
   [
    -0.7991929650306702,
    -0.6010745167732239,
    0.00017439421208109707
   ],
   [
    0.00012679840438067913,
    0.00012154535215813667,
    1.0
   ]
  ]
 }
]