[
 {
  "rotation_euler": [
   0.634347677230835,
   1.6319948434829712,
   1.5313293933868408
  ],
  "euler_order": "XYZ",
  "rotation_matrix": [
   [
    -0.00241318391636014,
    -0.7814909219741821,
    0.6239119172096252
   ],
   [
    -0.061112698167562485,
    0.6228628158569336,
    0.7799404859542847
   ],
   [
    -0.9981279373168945,
    -0.036246802657842636,
    -0.04926209896802902
   ]
  ]
 },
 {
  "rotation_euler": [
   0.6343469023704529,
   -1.6319949626922607,
   -0.36342087388038635
  ],
  "euler_order": "XYZ",
  "rotation_matrix": [
   [
    -0.05716582387685776,
    -0.2665867805480957,
    -0.9621140956878662
   ],
   [
    0.021740932017564774,
    0.9631291031837463,
    -0.26815980672836304
   ],
   [
    0.9981279373168945,
    -0.036246832460165024,
    -0.04926222562789917
   ]
  ]
 },
 {
  "rotation_euler": [
   0.6338512301445007,
   -1.632020354270935,
   1.958410382270813
  ],
  "euler_order": "XYZ",
  "rotation_matrix": [
   [
    0.023127038031816483,
    -0.5225362181663513,
    0.8523033857345581
   ],
   [
    -0.05664663016796112,
    -0.8518466353416443,
    -0.5207191705703735
   ],
   [
    0.9981263875961304,
    -0.03623742237687111,
    -0.04930060729384422
   ]
  ]
 },
 {
  "rotation_euler": [
   -0.44697150588035583,
   -0.045534227043390274,
   2.4447619915008545
  ],
  "euler_order": "XYZ",
  "rotation_matrix": [
   [
    -0.7660852074623108,
    -0.5938292741775513,
    -0.24592731893062592
   ],
   [
    0.6411252021789551,
    -0.6789149045944214,
    -0.35781702399253845
   ],
   [
    0.04551849514245987,
    -0.43178853392601013,
    0.900825560092926
   ]
  ]
 },
 {
  "rotation_euler": [
   0.6343468427658081,
   1.6319948434829712,
   0.12247764319181442
  ],
  "euler_order": "XYZ",
  "rotation_matrix": [
   [
    -0.06070217117667198,
    0.4887065589427948,
    0.8703339099884033
   ],
   [
    -0.007472058292478323,
    0.8716949224472046,
    -0.4899919331073761
   ],
   [
    -0.9981279373168945,
    -0.03624676167964935,
    -0.04926212877035141
   ]
  ]
 },
 {
  "rotation_euler": [
   0.6343465447425842,
   -1.6319949626922607,
   -0.43852952122688293
  ],
  "euler_order": "XYZ",
  "rotation_matrix": [
   [
    -0.055373258888721466,
    -0.1935635209083557,
    -0.9795238375663757
   ],
   [
    0.025969248265028,
    0.9804179668426514,
    -0.19520826637744904
   ],
   [
    0.9981279373168945,
    -0.03624681755900383,
    -0.049262236803770065
   ]
  ]
 },
 {
  "rotation_euler": [
   0.6343487501144409,
   -1.6319947242736816,
   0.068404421210289
  ],
  "euler_order": "XYZ",
  "rotation_matrix": [
   [
    -0.061017170548439026,
    -0.6452140808105469,
    -0.7615613341331482
   ],
   [
    -0.004180366639047861,
    0.7631414532661438,
    -0.646217942237854
   ],
   [
    0.9981279373168945,
    -0.036246784031391144,
    -0.04926196485757828
   ]
  ]
 },
 {
  "rotation_euler": [
   -2.5072450637817383,
   1.5095980167388916,
   -0.4134301245212555
  ],
  "euler_order": "XYZ",
  "rotation_matrix": [
   [
    0.0560072623193264,
    -0.8652993440628052,
    -0.498116672039032
   ],
   [
    -0.02457124926149845,
    -0.49994319677352905,
    0.8657095432281494
   ],
   [
    -0.9981279969215393,
    -0.03624667599797249,
    -0.04926193878054619
   ]
  ]
 },
 {
  "rotation_euler": [
   -2.507246255874634,
   -1.509597659111023,
   -0.48030370473861694
  ],
  "euler_order": "XYZ",
  "rotation_matrix": [
   [
    0.054240450263023376,
    0.15245024859905243,
    0.9868215918540955
   ],
   [
    -0.02825910784304142,
    -0.987646222114563,
    0.15413090586662292
   ],
   [
    0.9981279373168945,
    -0.036246828734874725,
    -0.04926226660609245
   ]
  ]
 },
 {
  "rotation_euler": [
   -0.445394366979599,
   -0.00012079093721695244,
   0.1998143047094345
  ],
  "euler_order": "XYZ",
  "rotation_matrix": [
   [
    0.9801034331321716,
    -0.1790720671415329,
    -0.08561792224645615
   ],
   [
    0.1984873265028,
    0.884495735168457,
    0.42222046852111816
   ],
   [
    0.00012079093721695244,
    -0.4308137893676758,
    0.9024408459663391
   ]
  ]
 },
 {
  "rotation_euler": [
   0.6343475580215454,
   1.6319948434829712,
   0.2829025685787201
  ],
  "euler_order": "XYZ",
  "rotation_matrix": [
   [
    -0.058729153126478195,
    0.3431894779205322,
    0.93742835521698
   ],
   [
    -0.017072537913918495,
    0.9385665655136108,
    -0.344675749540329
   ],
   [
    -0.9981279373168945,
    -0.03624679520726204,
    -0.04926210269331932
   ]
  ]
 },
 {
  "rotation_euler": [
   -2.5072457790374756,
   -1.5095977783203125,
   0.5021029710769653
  ],
  "euler_order": "XYZ",
  "rotation_matrix": [
   [
    0.053611479699611664,
    0.9061726927757263,
    0.41949591040611267
   ],
   [
    0.02943464368581772,
    -0.4213516116142273,
    0.906419575214386
   ],
   [
    0.9981279373168945,
    -0.036246780306100845,
    -0.0492621548473835
   ]
  ]
 },
 {
  "rotation_euler": [
   0.6343464255332947,
   1.6319948434829712,
   -1.9765106439590454
  ],
  "euler_order": "XYZ",
  "rotation_matrix": [
   [
    0.02413846179842949,
    0.5066057443618774,
    -0.8618398904800415
   ],
   [
    0.056195370852947235,
    -0.8614155650138855,
    -0.5047824382781982
   ],
   [
    -0.9981279373168945,
    -0.03624673932790756,
    -0.0492621473968029
   ]
  ]
 },
 {
  "rotation_euler": [
   0.634346604347229,
   -1.6319948434829712,
   -0.14360490441322327
  ],
  "euler_order": "XYZ",
  "rotation_matrix": [
   [
    -0.06053077057003975,
    -0.4701821208000183,
    -0.8804911971092224
   ],
   [
    0.008752766065299511,
    0.881824791431427,
    -0.47149598598480225
   ],
   [
    0.9981279373168945,
    -0.03624674677848816,
    -0.049262139946222305
   ]
  ]
 },
 {
  "rotation_euler": [
   0.6343472599983215,
   1.6319948434829712,
   -1.6132248640060425
  ],
  "euler_order": "XYZ",
  "rotation_matrix": [
   [
    0.0025941645726561546,
    0.7796431183815002,
    -0.6262187361717224
   ],
   [
    0.06110528111457825,
    -0.6251742243766785,
    -0.7780895233154297
   ],
   [
    -0.9981279373168945,
    -0.036246780306100845,
    -0.049262113869190216
   ]
  ]
 },
 {
  "rotation_euler": [
   0.634346604347229,
   1.6319949626922607,
   -2.160768747329712
  ],
  "euler_order": "XYZ",
  "rotation_matrix": [
   [
    0.0340258851647377,
    0.34020379185676575,
    -0.9397359490394592
   ],
   [
    0.050821639597415924,
    -0.9396528601646423,
    -0.3383336067199707
   ],
   [
    -0.9981279373168945,
    -0.03624681755900383,
    -0.04926223307847977
   ]
  ]
 }
]