[
 {
  "rotation_euler": [
   0.06419800966978073,
   1.3997433185577393,
   -2.022765636444092
  ],
  "euler_order": "XYZ",
  "rotation_matrix": [
   [
    -0.07434157282114029,
    0.8701260685920715,
    -0.4871898293495178
   ],
   [
    -0.15312807261943817,
    -0.4927081763744354,
    -0.8566157221794128
   ],
   [
    -0.9854060411453247,
    0.010920286178588867,
    0.16986943781375885
   ]
  ]
 },
 {
  "rotation_euler": [
   0.06419745832681656,
   1.3997434377670288,
   -1.2663090229034424
  ],
  "euler_order": "XYZ",
  "rotation_matrix": [
   [
    0.051032643765211105,
    0.9709883332252502,
    0.2336178570985794
   ],
   [
    -0.16238997876644135,
    0.2388773411512375,
    -0.9573751091957092
   ],
   [
    -0.9854061007499695,
    0.010920184664428234,
    0.1698693186044693
   ]
  ]
 },
 {
  "rotation_euler": [
   0.06419766694307327,
   1.3997433185577393,
   1.7097755670547485
  ],
  "euler_order": "XYZ",
  "rotation_matrix": [
   [
    -0.023580973967909813,
    -0.9970754384994507,
    -0.0726943239569664
   ],
   [
    0.16857880353927612,
    -0.07563912123441696,
    0.982781708240509
   ],
   [
    -0.9854060411453247,
    0.010920227505266666,
    0.16986943781375885
   ]
  ]
 },
 {
  "rotation_euler": [
   0.06419745832681656,
   1.3997433185577393,
   1.228546142578125
  ],
  "euler_order": "XYZ",
  "rotation_matrix": [
   [
    0.05712715536355972,
    -0.9188452363014221,
    0.39046114683151245
   ],
   [
    0.16034764051437378,
    0.39446693658828735,
    0.9048118591308594
   ],
   [
    -0.9854060411453247,
    0.010920192115008831,
    0.16986943781375885
   ]
  ]
 },
 {
  "rotation_euler": [
   0.06419705599546432,
   1.3997434377670288,
   -0.22701235115528107
  ],
  "euler_order": "XYZ",
  "rotation_matrix": [
   [
    0.16585266590118408,
    0.2861987054347992,
    0.9437071681022644
   ],
   [
    -0.03831098973751068,
    0.9581080675125122,
    -0.2838330864906311
   ],
   [
    -0.9854061007499695,
    0.010920116677880287,
    0.1698693335056305
   ]
  ]
 },
 {
  "rotation_euler": [
   0.06419875472784042,
   1.3997431993484497,
   2.3949081897735596
  ],
  "euler_order": "XYZ",
  "rotation_matrix": [
   [
    -0.12493223696947098,
    -0.7242087125778198,
    -0.6781693696975708
   ],
   [
    0.1156151071190834,
    -0.6894943714141846,
    0.7150039672851562
   ],
   [
    -0.9854060411453247,
    0.010920420289039612,
    0.1698695421218872
   ]
  ]
 },
 {
  "rotation_euler": [
   0.06419732421636581,
   1.3997433185577393,
   2.8664791584014893
  ],
  "euler_order": "XYZ",
  "rotation_matrix": [
   [
    -0.1638188511133194,
    -0.331936240196228,
    -0.928968071937561
   ],
   [
    0.046241335570812225,
    -0.9432386159896851,
    0.3288809061050415
   ],
   [
    -0.9854060411453247,
    0.01092016976326704,
    0.16986943781375885
   ]
  ]
 },
 {
  "rotation_euler": [
   0.0641976147890091,
   1.3997433185577393,
   0.15220415592193604
  ],
  "euler_order": "XYZ",
  "rotation_matrix": [
   [
    0.16825221478939056,
    -0.08881840854883194,
    0.9817343950271606
   ],
   [
    0.025808287784457207,
    0.9959879517555237,
    0.08568485081195831
   ],
   [
    -0.9854060411453247,
    0.010920219123363495,
    0.16986943781375885
   ]
  ]
 },
 {
  "rotation_euler": [
   0.16711647808551788,
   -1.3976726531982422,
   1.7865829467773438
  ],
  "euler_order": "XYZ",
  "rotation_matrix": [
   [
    -0.0368836335837841,
    -0.9281163215637207,
    0.37045878171920776
   ],
   [
    0.16826514899730682,
    -0.3711860477924347,
    -0.9131854772567749
   ],
   [
    0.9850515127182007,
    0.02865370362997055,
    0.16986031830310822
   ]
  ]
 },
 {
  "rotation_euler": [
   0.06419749557971954,
   1.3997433185577393,
   1.9791775941848755
  ],
  "euler_order": "XYZ",
  "rotation_matrix": [
   [
    -0.06759852170944214,
    -0.9409793615341187,
    -0.33164477348327637
   ],
   [
    0.15622201561927795,
    -0.33828768134117126,
    0.9279849529266357
   ],
   [
    -0.9854060411453247,
    0.010920198634266853,
    0.16986943781375885
   ]
  ]
 },
 {
  "rotation_euler": [
   0.06419774889945984,
   1.3997433185577393,
   2.0512099266052246
  ],
  "euler_order": "XYZ",
  "rotation_matrix": [
   [
    -0.07866653054952621,
    -0.9141927361488342,
    -0.3975716531276703
   ],
   [
    0.1509518325328827,
    -0.40513256192207336,
    0.9017101526260376
   ],
   [
    -0.9854060411453247,
    0.010920241475105286,
    0.16986943781375885
   ]
  ]
 },
 {
  "rotation_euler": [
   0.16711680591106415,
   -1.3976727724075317,
   -2.2410097122192383
  ],
  "euler_order": "XYZ",
  "rotation_matrix": [
   [
    -0.10699988156557083,
    0.8745492696762085,
    0.47298479080200195
   ],
   [
    -0.13499832153320312,
    -0.4840894043445587,
    0.8645420074462891
   ],
   [
    0.9850515127182007,
    0.028653739020228386,
    0.16986019909381866
   ]
  ]
 },
 {
  "rotation_euler": [
   0.16711768507957458,
   -1.3976726531982422,
   -2.4066455364227295
  ],
  "euler_order": "XYZ",
  "rotation_matrix": [
   [
    -0.12779399752616882,
    0.7827640771865845,
    0.6090559363365173
   ],
   [
    -0.11550869792699814,
    -0.6216585636138916,
    0.7747247219085693
   ],
   [
    0.9850515127182007,
    0.028653908520936966,
    0.16986028850078583
   ]
  ]
 },
 {
  "rotation_euler": [
   0.16711702942848206,
   -1.3976727724075317,
   -2.850128412246704
  ],
  "euler_order": "XYZ",
  "rotation_matrix": [
   [
    -0.16499483585357666,
    0.4402947425842285,
    0.8825628757476807
   ],
   [
    -0.049499787390232086,
    -0.8973959684371948,
    0.4384407103061676
   ],
   [
    0.9850515127182007,
    0.02865377627313137,
    0.16986018419265747
   ]
  ]
 },
 {
  "rotation_euler": [
   0.16711655259132385,
   -1.3976731300354004,
   1.114082932472229
  ],
  "euler_order": "XYZ",
  "rotation_matrix": [
   [
    0.07596665620803833,
    -0.9572625160217285,
    -0.27906545996665955
   ],
   [
    0.1546042412519455,
    0.2877975404262543,
    -0.9451296925544739
   ],
   [
    0.9850515723228455,
    0.028653638437390327,
    0.1698598563671112
   ]
  ]
 },
 {
  "rotation_euler": [
   0.06419766694307327,
   1.3997433185577393,
   1.7139122486114502
  ],
  "euler_order": "XYZ",
  "rotation_matrix": [
   [
    -0.024278128519654274,
    -0.9967540502548218,
    -0.07675915211439133
   ],
   [
    0.1684798151254654,
    -0.07976303994655609,
    0.9824725985527039
   ],
   [
    -0.9854060411453247,
    0.010920227505266666,
    0.16986943781375885
   ]
  ]
 }
]