[
 {
  "rotation_euler": [
   0.4207417070865631,
   1.5367634296417236,
   -0.6540665030479431
  ],
  "euler_order": "XYZ",
  "rotation_matrix": [
   [
    0.02700384519994259,
    0.879311203956604,
    0.47548145055770874
   ],
   [
    -0.02070225402712822,
    0.47604483366012573,
    -0.8791773319244385
   ],
   [
    -0.9994209408760071,
    0.01389763131737709,
    0.031058764085173607
   ]
  ]
 },
 {
  "rotation_euler": [
   -0.015517094172537327,
   -0.01457215379923582,
   -0.3737185299396515
  ],
  "euler_order": "XYZ",
  "rotation_matrix": [
   [
    0.9308773875236511,
    0.36524635553359985,
    -0.007899465039372444
   ],
   [
    -0.365041047334671,
    0.9307816028594971,
    0.01976463571190834
   ],
   [
    0.014571637846529484,
    -0.015514823608100414,
    0.9997734427452087
   ]
  ]
 },
 {
  "rotation_euler": [
   -1.0104280710220337,
   1.4899873733520508,
   1.1119494438171387
  ],
  "euler_order": "XYZ",
  "rotation_matrix": [
   [
    0.035752519965171814,
    -0.8504726886749268,
    -0.5248028039932251
   ],
   [
    0.07237155735492706,
    -0.5215563178062439,
    0.8501419425010681
   ],
   [
    -0.9967367053031921,
    -0.06837551295757294,
    0.04290308058261871
   ]
  ]
 },
 {
  "rotation_euler": [
   -0.023082107305526733,
   1.539659857749939,
   -2.6124913692474365
  ],
  "euler_order": "XYZ",
  "rotation_matrix": [
   [
    -0.026874559000134468,
    0.5245377421379089,
    -0.8509629368782043
   ],
   [
    -0.015713833272457123,
    -0.8513869047164917,
    -0.5243027806282043
   ],
   [
    -0.9995152950286865,
    -0.0007185153663158417,
    0.031123144552111626
   ]
  ]
 },
 {
  "rotation_euler": [
   -0.3695352375507355,
   -1.5448384284973145,
   -1.5576519966125488
  ],
  "euler_order": "XYZ",
  "rotation_matrix": [
   [
    0.000341151055181399,
    0.9371604919433594,
    0.34889835119247437
   ],
   [
    -0.025952741503715515,
    -0.3487725555896759,
    0.936847984790802
   ],
   [
    0.9996631145477295,
    -0.009374475106596947,
    0.024202900007367134
   ]
  ]
 },
 {
  "rotation_euler": [
   -0.06844575703144073,
   -0.031247548758983612,
   2.4627346992492676
  ],
  "euler_order": "XYZ",
  "rotation_matrix": [
   [
    -0.7779104113578796,
    -0.6280973553657532,
    -0.018685083836317062
   ],
   [
    0.6275980472564697,
    -0.7751262784004211,
    -0.07280043512582779
   ],
   [
    0.03124246373772621,
    -0.06835894286632538,
    0.9971714615821838
   ]
  ]
 },
 {
  "rotation_euler": [
   -1.9074056148529053,
   1.7789636850357056,
   0.8257227540016174
  ],
  "euler_order": "XYZ",
  "rotation_matrix": [
   [
    -0.14012569189071655,
    -0.38338419795036316,
    -0.9128972291946411
   ],
   [
    -0.15190823376178741,
    -0.9027539491653442,
    0.4024416208267212
   ],
   [
    -0.9784113168716431,
    0.19506901502609253,
    0.06825980544090271
   ]
  ]
 },
 {
  "rotation_euler": [
   -1.1806342601776123,
   0.09645188599824905,
   0.6589816808700562
  ],
  "euler_order": "XYZ",
  "rotation_matrix": [
   [
    0.7869414687156677,
    -0.30330199003219604,
    -0.5373369455337524
   ],
   [
    0.6094661355018616,
    0.24616602063179016,
    0.7536267638206482
   ],
   [
    -0.09630240499973297,
    -0.9205488562583923,
    0.3785705268383026
   ]
  ]
 },
 {
  "rotation_euler": [
   -0.01656418666243553,
   -0.018678518012166023,
   0.5221921801567078
  ],
  "euler_order": "XYZ",
  "rotation_matrix": [
   [
    0.8665766716003418,
    -0.4984447956085205,
    -0.02444755844771862
   ],
   [
    0.49869436025619507,
    0.8667632341384888,
    0.005041308235377073
   ],
   [
    0.01867743209004402,
    -0.016560539603233337,
    0.9996883869171143
   ]
  ]
 },
 {
  "rotation_euler": [
   -1.4123826026916504,
   0.0048841070383787155,
   2.3246936798095703
  ],
  "euler_order": "XYZ",
  "rotation_matrix": [
   [
    -0.6844770908355713,
    -0.11170419305562973,
    -0.7204257845878601
   ],
   [
    0.7290180325508118,
    -0.11149495840072632,
    -0.675352931022644
   ],
   [
    -0.004884087480604649,
    -0.9874669909477234,
    0.15775011479854584
   ]
  ]
 },
 {
  "rotation_euler": [
   1.1322782039642334,
   -1.4622012376785278,
   -1.9079089164733887
  ],
  "euler_order": "XYZ",
  "rotation_matrix": [
   [
    -0.035848744213581085,
    0.698402464389801,
    -0.714806854724884
   ],
   [
    -0.1022813618183136,
    0.7089464664459229,
    0.697806179523468
   ],
   [
    0.9941093325614929,
    0.09812688827514648,
    0.04601871222257614
   ]
  ]
 },
 {
  "rotation_euler": [
   -0.024077991023659706,
   -0.02699492685496807,
   -3.0456833839416504
  ],
  "euler_order": "XYZ",
  "rotation_matrix": [
   [
    -0.99504154920578,
    0.0950876846909523,
    0.029165353626012802
   ],
   [
    -0.09572740644216537,
    -0.9951779246330261,
    -0.021380985155701637
   ],
   [
    0.026991648599505424,
    -0.024066893383860588,
    0.9993458986282349
   ]
  ]
 },
 {
  "rotation_euler": [
   -0.3677493929862976,
   -1.5448672771453857,
   1.0056581497192383
  ],
  "euler_order": "XYZ",
  "rotation_matrix": [
   [
    0.013884292915463448,
    -0.5955814719200134,
    -0.8031749129295349
   ],
   [
    0.02189500816166401,
    0.8032408356666565,
    -0.5952518582344055
   ],
   [
    0.9996638894081116,
    -0.009320869110524654,
    0.02419269271194935
   ]
  ]
 },
 {
  "rotation_euler": [
   -0.02342725358903408,
   1.539655089378357,
   0.7162594199180603
  ],
  "euler_order": "XYZ",
  "rotation_matrix": [
   [
    0.023485010489821434,
    -0.6740479469299316,
    0.7383142113685608
   ],
   [
    0.020443031564354897,
    0.73868727684021,
    0.6737382411956787
   ],
   [
    -0.999515175819397,
    -0.0007293690578080714,
    0.03112765960395336
   ]
  ]
 },
 {
  "rotation_euler": [
   -0.3691486120223999,
   -1.5448434352874756,
   -1.256591558456421
  ],
  "euler_order": "XYZ",
  "rotation_matrix": [
   [
    0.008020107634365559,
    0.9984534382820129,
    0.0550132691860199
   ],
   [
    -0.024679530411958694,
    -0.054800644516944885,
    0.9981922507286072
   ],
   [
    0.999663233757019,
    -0.009363310411572456,
    0.024201855063438416
   ]
  ]
 },
 {
  "rotation_euler": [
   -0.022577358409762383,
   1.539660930633545,
   1.9355374574661255
  ],
  "euler_order": "XYZ",
  "rotation_matrix": [
   [
    -0.011104433797299862,
    -0.9259291291236877,
    -0.37753406167030334
   ],
   [
    0.029082490131258965,
    -0.3776966631412506,
    0.9254725575447083
   ],
   [
    -0.9995153546333313,
    -0.0007027817191556096,
    0.03112243115901947
   ]
  ]
 }
]