[
 {
  "rotation_euler": [
   1.5742988586425781,
   0.0450909286737442,
   0.6024484634399414
  ],
  "euler_order": "XYZ",
  "rotation_matrix": [
   [
    0.8231131434440613,
    0.03912463039159775,
    0.5665280222892761
   ],
   [
    0.5660856366157532,
    0.022656574845314026,
    -0.8240350484848022
   ],
   [
    -0.04507565125823021,
    0.9989774227142334,
    -0.00349896471016109
   ]
  ]
 },
 {
  "rotation_euler": [
   -1.5374095439910889,
   -0.044984836131334305,
   -0.27249738574028015
  ],
  "euler_order": "XYZ",
  "rotation_matrix": [
   [
    0.9621274471282959,
    0.05227019265294075,
    0.2675417959690094
   ],
   [
    -0.2688652276992798,
    0.02005261741578579,
    0.9629690647125244
   ],
   [
    0.04496966674923897,
    -0.9984316229820251,
    0.033346809446811676
   ]
  ]
 },
 {
  "rotation_euler": [
   1.5743498802185059,
   0.04509006068110466,
   -0.5092452168464661
  ],
  "euler_order": "XYZ",
  "rotation_matrix": [
   [
    0.872225284576416,
    0.03762270137667656,
    -0.4876551628112793
   ],
   [
    -0.48702287673950195,
    -0.025077292695641518,
    -0.8730291128158569
   ],
   [
    -0.04507478326559067,
    0.9989773035049438,
    -0.003549934132024646
   ]
  ]
 },
 {
  "rotation_euler": [
   1.4414891004562378,
   -1.5152709484100342,
   1.2965768575668335
  ],
  "euler_order": "XYZ",
  "rotation_matrix": [
   [
    0.015028306283056736,
    -0.3922503590583801,
    0.9197357296943665
   ],
   [
    0.05342331528663635,
    -0.9182107448577881,
    -0.39247292280197144
   ],
   [
    0.9984588623046875,
    0.05503353476524353,
    0.0071561625227332115
   ]
  ]
 },
 {
  "rotation_euler": [
   1.5743125677108765,
   0.04513860493898392,
   -2.348501205444336
  ],
  "euler_order": "XYZ",
  "rotation_matrix": [
   [
    -0.7009312510490417,
    -0.03416577726602554,
    -0.712410032749176
   ],
   [
    -0.7118000388145447,
    -0.029684148728847504,
    0.701754629611969
   ],
   [
    -0.045123279094696045,
    0.9989752769470215,
    -0.00351265212520957
   ]
  ]
 },
 {
  "rotation_euler": [
   -1.5374094247817993,
   -0.04500337317585945,
   -0.36483776569366455
  ],
  "euler_order": "XYZ",
  "rotation_matrix": [
   [
    0.9332358241081238,
    0.05391387268900871,
    0.3551959991455078
   ],
   [
    -0.35643649101257324,
    0.015140900388360023,
    0.9341968894004822
   ],
   [
    0.04498818516731262,
    -0.9984307885169983,
    0.03334690257906914
   ]
  ]
 },
 {
  "rotation_euler": [
   -1.5374091863632202,
   -0.045003894716501236,
   -0.7952502369880676
  ],
  "euler_order": "XYZ",
  "rotation_matrix": [
   [
    0.6993972659111023,
    0.055314600467681885,
    0.7125895023345947
   ],
   [
    -0.7133158445358276,
    -0.008735580369830132,
    0.7007882595062256
   ],
   [
    0.04498870298266411,
    -0.9984307885169983,
    0.03334714099764824
   ]
  ]
 },
 {
  "rotation_euler": [
   -1.5374093055725098,
   -0.04500369727611542,
   -1.106764793395996
  ],
  "euler_order": "XYZ",
  "rotation_matrix": [
   [
    0.4471037983894348,
    0.049974676221609116,
    0.8930849432945251
   ],
   [
    -0.8933500051498413,
    -0.025268979370594025,
    0.4486504793167114
   ],
   [
    0.04498850926756859,
    -0.9984307885169983,
    0.03334702178835869
   ]
  ]
 },
 {
  "rotation_euler": [
   1.5743097066879272,
   0.04514201357960701,
   -1.6429743766784668
  ],
  "euler_order": "XYZ",
  "rotation_matrix": [
   [
    -0.07204192876815796,
    -0.006758533418178558,
    -0.9973787069320679
   ],
   [
    -0.9963802099227905,
    -0.044755540788173676,
    0.07227308303117752
   ],
   [
    -0.04512668401002884,
    0.9989750981330872,
    -0.0035097934305667877
   ]
  ]
 },
 {
  "rotation_euler": [
   -1.5374093055725098,
   -0.04500328376889229,
   -2.2481319904327393
  ],
  "euler_order": "XYZ",
  "rotation_matrix": [
   [
    -0.626084566116333,
    -0.0021673389710485935,
    0.7797521948814392
   ],
   [
    -0.7784563302993774,
    -0.0559576191008091,
    -0.6251996159553528
   ],
   [
    0.04498809576034546,
    -0.9984307885169983,
    0.03334702178835869
   ]
  ]
 },
 {
  "rotation_euler": [
   -1.537409782409668,
   -0.045002344995737076,
   -0.6287074685096741
  ],
  "euler_order": "XYZ",
  "rotation_matrix": [
   [
    0.8079694509506226,
    0.05599578469991684,
    0.5865575671195984
   ],
   [
    -0.5875044465065002,
    0.0005554341478273273,
    0.8092207312583923
   ],
   [
    0.04498715698719025,
    -0.9984308481216431,
    0.033346548676490784
   ]
  ]
 },
 {
  "rotation_euler": [
   -1.5374091863632202,
   -0.04500224441289902,
   -1.9652584791183472
  ],
  "euler_order": "XYZ",
  "rotation_matrix": [
   [
    -0.38392260670661926,
    0.013537978753447533,
    0.9232660531997681
   ],
   [
    -0.9222687482833862,
    -0.054337743669748306,
    -0.38271114230155945
   ],
   [
    0.04498705640435219,
    -0.9984308481216431,
    0.03334714099764824
   ]
  ]
 },
 {
  "rotation_euler": [
   1.5742729902267456,
   0.04518309235572815,
   1.3715360164642334
  ],
  "euler_order": "XYZ",
  "rotation_matrix": [
   [
    0.1977423131465912,
    0.012348504737019539,
    0.9801762700080872
   ],
   [
    0.9792128801345825,
    0.04358554631471634,
    -0.19809706509113312
   ],
   [
    -0.045167721807956696,
    0.9989733695983887,
    -0.0034731081686913967
   ]
  ]
 },
 {
  "rotation_euler": [
   -1.5374116897583008,
   -0.044983964413404465,
   -0.6393473148345947
  ],
  "euler_order": "XYZ",
  "rotation_matrix": [
   [
    0.8016735911369324,
    0.05598266422748566,
    0.5951347947120667
   ],
   [
    -0.5960682034492493,
    -3.095412102993578e-05,
    0.8029338121414185
   ],
   [
    0.04496879503130913,
    -0.9984317421913147,
    0.03334467113018036
   ]
  ]
 },
 {
  "rotation_euler": [
   -1.5374093055725098,
   -0.045003436505794525,
   2.2113194465637207
  ],
  "euler_order": "XYZ",
  "rotation_matrix": [
   [
    -0.5970098972320557,
    -0.053634848445653915,
    -0.8004389405250549
   ],
   [
    0.8009714484214783,
    0.016101844608783722,
    -0.5984860062599182
   ],
   [
    0.044988248497247696,
    -0.9984307885169983,
    0.03334702178835869
   ]
  ]
 },
 {
  "rotation_euler": [
   1.574351191520691,
   0.045136045664548874,
   0.8491088151931763
  ],
  "euler_order": "XYZ",
  "rotation_matrix": [
   [
    0.6599795818328857,
    0.03247752785682678,
    0.7505812048912048
   ],
   [
    0.7499274015426636,
    0.031523022800683975,
    -0.6607686281204224
   ],
   [
    -0.045120719820261,
    0.9989752173423767,
    -0.003551236819475889
   ]
  ]
 }
]