[
 {
  "rotation_euler": [
   2.0957009837729856e-05,
   -9.335598588222638e-05,
   1.4527634382247925
  ],
  "euler_order": "XYZ",
  "rotation_matrix": [
   [
    0.11775901168584824,
    -0.9930422306060791,
    9.81768698693486e-06
   ],
   [
    0.9930421710014343,
    0.11775901168584824,
    -9.517431317362934e-05
   ],
   [
    9.335598588222638e-05,
    2.0957009837729856e-05,
    1.0
   ]
  ]
 },
 {
  "rotation_euler": [
   -0.0206943079829216,
   0.0045375763438642025,
   -0.9499903321266174
  ],
  "euler_order": "XYZ",
  "rotation_matrix": [
   [
    0.581684947013855,
    0.8131811022758484,
    0.01947064697742462
   ],
   [
    -0.8134015202522278,
    0.5816428065299988,
    0.008346726186573505
   ],
   [
    -0.004537560977041721,
    -0.020692618563771248,
    0.9997755885124207
   ]
  ]
 },
 {
  "rotation_euler": [
   3.217672565369867e-05,
   -8.181574958143756e-05,
   2.248720407485962
  ],
  "euler_order": "XYZ",
  "rotation_matrix": [
   [
    -0.6271774768829346,
    -0.7788763642311096,
    7.63746866141446e-05
   ],
   [
    0.7788763642311096,
    -0.6271774768829346,
    -4.35438341810368e-05
   ],
   [
    8.181574958143756e-05,
    3.217672565369867e-05,
    1.0
   ]
  ]
 },
 {
  "rotation_euler": [
   1.892434011097066e-05,
   -9.327194857178256e-05,
   -1.6723415851593018
  ],
  "euler_order": "XYZ",
  "rotation_matrix": [
   [
    -0.10137083381414413,
    0.9948487281799316,
    -9.371799933433067e-06
   ],
   [
    -0.9948487281799316,
    -0.10137083381414413,
    9.470985241932794e-05
   ],
   [
    9.327194857178256e-05,
    1.892434011097066e-05,
    1.0
   ]
  ]
 },
 {
  "rotation_euler": [
   2.0717754523502663e-05,
   -9.411772043677047e-05,
   -2.954789161682129
  ],
  "euler_order": "XYZ",
  "rotation_matrix": [
   [
    -0.9826028943061829,
    0.18571895360946655,
    8.863266702974215e-05
   ],
   [
    -0.18571895360946655,
    -0.9826028943061829,
    3.7836769479326904e-05
   ],
   [
    9.411772043677047e-05,
    2.0717754523502663e-05,
    1.0
   ]
  ]
 },
 {
  "rotation_euler": [
   1.580622665642295e-05,
   -9.151173435384408e-05,
   2.8751025199890137
  ],
  "euler_order": "XYZ",
  "rotation_matrix": [
   [
    -0.9647011160850525,
    -0.2633470892906189,
    9.244399552699178e-05
   ],
   [
    0.2633470892906189,
    -0.9647011756896973,
    -8.851064194459468e-06
   ],
   [
    9.151173435384408e-05,
    1.580622665642295e-05,
    1.0
   ]
  ]
 },
 {
  "rotation_euler": [
   1.9267265088274144e-05,
   -9.400529961567372e-05,
   -1.8503252267837524
  ],
  "euler_order": "XYZ",
  "rotation_matrix": [
   [
    -0.2759028673171997,
    0.9611855149269104,
    7.416915195790352e-06
   ],
   [
    -0.9611855149269104,
    -0.2759028673171997,
    9.567242523189634e-05
   ],
   [
    9.400529961567372e-05,
    1.9267265088274144e-05,
    1.0
   ]
  ]
 },
 {
  "rotation_euler": [
   2.0663934265030548e-05,
   -9.333762136520818e-05,
   -0.05510865896940231
  ],
  "euler_order": "XYZ",
  "rotation_matrix": [
   [
    0.9984818696975708,
    0.05508076772093773,
    -9.433410741621628e-05
   ],
   [
    -0.05508076772093773,
    0.9984819293022156,
    -1.549145599710755e-05
   ],
   [
    9.333762136520818e-05,
    2.0663934265030548e-05,
    1.0
   ]
  ]
 },
 {
  "rotation_euler": [
   2.0659481378970668e-05,
   -9.338089876109734e-05,
   0.8680253624916077
  ],
  "euler_order": "XYZ",
  "rotation_matrix": [
   [
    0.6463345885276794,
    -0.7630541324615479,
    -4.45910009148065e-05
   ],
   [
    0.7630541324615479,
    0.6463345885276794,
    -8.460762182949111e-05
   ],
   [
    9.338089876109734e-05,
    2.0659481378970668e-05,
    1.0
   ]
  ]
 },
 {
  "rotation_euler": [
   1.629816324566491e-05,
   -9.214899910148233e-05,
   -2.8303425312042236
  ],
  "euler_order": "XYZ",
  "rotation_matrix": [
   [
    -0.9519514441490173,
    0.3062489330768585,
    8.273008279502392e-05
   ],
   [
    -0.3062489330768585,
    -0.9519514441490173,
    4.3735592043958604e-05
   ],
   [
    9.214899910148233e-05,
    1.629816324566491e-05,
    1.0
   ]
  ]
 },
 {
  "rotation_euler": [
   2.1266921976348385e-05,
   -9.249988215742633e-05,
   1.619474172592163
  ],
  "euler_order": "XYZ",
  "rotation_matrix": [
   [
    -0.04865862429141998,
    -0.9988154768943787,
    2.5742647267179564e-05
   ],
   [
    0.9988154768943787,
    -0.04865862429141998,
    -9.13554904400371e-05
   ],
   [
    9.249988215742633e-05,
    2.1266921976348385e-05,
    1.0
   ]
  ]
 },
 {
  "rotation_euler": [
   2.070536902465392e-05,
   -9.33800547500141e-05,
   0.38331741094589233
  ],
  "euler_order": "XYZ",
  "rotation_matrix": [
   [
    0.9274290204048157,
    -0.3739991784095764,
    -7.885957893449813e-05
   ],
   [
    0.3739991784095764,
    0.9274290204048157,
    -5.4126823670230806e-05
   ],
   [
    9.33800547500141e-05,
    2.070536902465392e-05,
    1.0
   ]
  ]
 },
 {
  "rotation_euler": [
   2.224049785581883e-05,
   -9.925947961164638e-05,
   1.708155632019043
  ],
  "euler_order": "XYZ",
  "rotation_matrix": [
   [
    -0.1369277685880661,
    -0.9905810356140137,
    3.56223936250899e-05
   ],
   [
    0.9905810356140137,
    -0.1369277685880661,
    -9.527921793051064e-05
   ],
   [
    9.925947961164638e-05,
    2.224049785581883e-05,
    1.0
   ]
  ]
 },
 {
  "rotation_euler": [
   2.2813501345808618e-05,
   -0.00010648703027982265,
   2.5270872116088867
  ],
  "euler_order": "XYZ",
  "rotation_matrix": [
   [
    -0.8170586824417114,
    -0.576554536819458,
    0.0001001593773253262
   ],
   [
    0.5765544772148132,
    -0.8170586824417114,
    -4.275560786481947e-05
   ],
   [
    0.00010648703027982265,
    2.2813501345808618e-05,
    1.0
   ]
  ]
 },
 {
  "rotation_euler": [
   2.0994504666305147e-05,
   -9.308748121839017e-05,
   2.6643853187561035
  ],
  "euler_order": "XYZ",
  "rotation_matrix": [
   [
    -0.8882810473442078,
    -0.45930030941963196,
    9.233062883140519e-05
   ],
   [
    0.45930030941963196,
    -0.8882810473442078,
    -2.4106086129904725e-05
   ],
   [
    9.308748121839017e-05,
    2.0994504666305147e-05,
    1.0
   ]
  ]
 },
 {
  "rotation_euler": [
   1.8879938579630107e-05,
   -9.151925769401714e-05,
   -0.7780092358589172
  ],
  "euler_order": "XYZ",
  "rotation_matrix": [
   [
    0.7123121619224548,
    0.7018627524375916,
    -7.844140782253817e-05
   ],
   [
    -0.7018627524375916,
    0.7123122215270996,
    5.078554750070907e-05
   ],
   [
    9.151925769401714e-05,
    1.8879938579630107e-05,
    1.0
   ]
  ]
 }
]