[
 {
  "rotation_euler": [
   -1.8516103029251099,
   -0.09741181880235672,
   -2.4561800956726074
  ],
  "euler_order": "XYZ",
  "rotation_matrix": [
   [
    -0.7704878449440002,
    -0.24776987731456757,
    0.5873317122459412
   ],
   [
    -0.6299915909767151,
    0.15539641678333282,
    -0.7608959078788757
   ],
   [
    0.0972578376531601,
    -0.9562751054763794,
    -0.2758239805698395
   ]
  ]
 },
 {
  "rotation_euler": [
   -1.8522087335586548,
   0.10146535933017731,
   -1.3512043952941895
  ],
  "euler_order": "XYZ",
  "rotation_matrix": [
   [
    0.21671102941036224,
    -0.2922404110431671,
    0.931467592716217
   ],
   [
    -0.9709667563438416,
    0.03447572514414787,
    0.23671719431877136
   ],
   [
    -0.10129135102033615,
    -0.9557232856750488,
    -0.27628445625305176
   ]
  ]
 },
 {
  "rotation_euler": [
   -1.8522266149520874,
   -0.026613304391503334,
   -2.1683316230773926
  ],
  "euler_order": "XYZ",
  "rotation_matrix": [
   [
    -0.5624073147773743,
    -0.2439883053302765,
    0.7900428771972656
   ],
   [
    -0.8264320492744446,
    0.13511887192726135,
    -0.5465829968452454
   ],
   [
    0.02661016210913658,
    -0.9603189826011658,
    -0.27763161063194275
   ]
  ]
 },
 {
  "rotation_euler": [
   -1.8522580862045288,
   -0.005619236268103123,
   2.6960504055023193
  ],
  "euler_order": "XYZ",
  "rotation_matrix": [
   [
    -0.9023628830909729,
    0.11482886970043182,
    -0.41539809107780457
   ],
   [
    0.4309404492378235,
    0.25297072529792786,
    -0.86619633436203
   ],
   [
    0.005619206465780735,
    -0.9606353044509888,
    -0.2777557969093323
   ]
  ]
 },
 {
  "rotation_euler": [
   -1.8521522283554077,
   0.11327919363975525,
   2.053624153137207
  ],
  "euler_order": "XYZ",
  "rotation_matrix": [
   [
    -0.46130988001823425,
    0.29633602499961853,
    -0.836288332939148
   ],
   [
    0.8800089955329895,
    0.03273407742381096,
    -0.47382768988609314
   ],
   [
    -0.11303707957267761,
    -0.9545226097106934,
    -0.27587890625
   ]
  ]
 },
 {
  "rotation_euler": [
   -1.8522348403930664,
   -0.021132949739694595,
   1.0140085220336914
  ],
  "euler_order": "XYZ",
  "rotation_matrix": [
   [
    0.528343915939331,
    0.24651527404785156,
    -0.812454879283905
   ],
   [
    0.8487674593925476,
    -0.12954004108905792,
    0.512653112411499
   ],
   [
    0.021131377667188644,
    -0.9604424238204956,
    -0.2776758372783661
   ]
  ]
 },
 {
  "rotation_euler": [
   -1.8523517847061157,
   0.05611071363091469,
   -0.6167798042297363
  ],
  "euler_order": "XYZ",
  "rotation_matrix": [
   [
    0.8144614696502686,
    -0.2046583741903305,
    0.5429249405860901
   ],
   [
    -0.5775009989738464,
    -0.19549420475959778,
    0.7926377654075623
   ],
   [
    -0.05608127638697624,
    -0.9591125845909119,
    -0.27741292119026184
   ]
  ]
 },
 {
  "rotation_euler": [
   -1.852250576019287,
   -0.010753053240478039,
   2.6411757469177246
  ],
  "euler_order": "XYZ",
  "rotation_matrix": [
   [
    -0.8773319125175476,
    0.12420033663511276,
    -0.4635332226753235
   ],
   [
    0.47976362705230713,
    0.24865174293518066,
    -0.8414268493652344
   ],
   [
    0.0107528455555439,
    -0.9605969786643982,
    -0.2777369022369385
   ]
  ]
 },
 {
  "rotation_euler": [
   -1.852358102798462,
   0.06035027280449867,
   1.019249439239502
  ],
  "euler_order": "XYZ",
  "rotation_matrix": [
   [
    0.523051381111145,
    0.20629417896270752,
    -0.8269582390785217
   ],
   [
    0.8501644134521484,
    -0.19494539499282837,
    0.4890979528427124
   ],
   [
    -0.060313645750284195,
    -0.9588738083839417,
    -0.27735042572021484
   ]
  ]
 },
 {
  "rotation_euler": [
   -1.8521970510482788,
   -0.04615931957960129,
   1.7344664335250854
  ],
  "euler_order": "XYZ",
  "rotation_matrix": [
   [
    -0.16276679933071136,
    0.2667675018310547,
    -0.9499168992042542
   ],
   [
    0.9855849742889404,
    0.08898439258337021,
    -0.14388877153396606
   ],
   [
    0.046142928302288055,
    -0.9596441388130188,
    -0.2774057686328888
   ]
  ]
 },
 {
  "rotation_euler": [
   -1.8522166013717651,
   -0.03319980204105377,
   2.0302791595458984
  ],
  "euler_order": "XYZ",
  "rotation_matrix": [
   [
    -0.4432402551174164,
    0.2347739189863205,
    -0.8651123046875
   ],
   [
    0.8957880735397339,
    0.1517452746629715,
    -0.4177764058113098
   ],
   [
    0.03319370374083519,
    -0.9601325988769531,
    -0.2775672972202301
   ]
  ]
 },
 {
  "rotation_euler": [
   -1.8518556356430054,
   0.10942910611629486,
   1.9275363683700562
  ],
  "euler_order": "XYZ",
  "rotation_matrix": [
   [
    -0.3471325635910034,
    0.296552449464798,
    -0.889694094657898
   ],
   [
    0.9314354658126831,
    -0.001454775221645832,
    -0.3639037013053894
   ],
   [
    -0.10921084135770798,
    -0.9550154805183411,
    -0.2757144570350647
   ]
  ]
 },
 {
  "rotation_euler": [
   -1.852096676826477,
   0.1112787052989006,
   -1.7968645095825195
  ],
  "euler_order": "XYZ",
  "rotation_matrix": [
   [
    -0.2227611243724823,
    -0.24662847816944122,
    0.9431605935096741
   ],
   [
    -0.9685274958610535,
    0.1661943644285202,
    -0.1852940171957016
   ],
   [
    -0.11104919016361237,
    -0.9547532796859741,
    -0.2758881151676178
   ]
  ]
 },
 {
  "rotation_euler": [
   -1.8522497415542603,
   -0.011359045282006264,
   -1.5616945028305054
  ],
  "euler_order": "XYZ",
  "rotation_matrix": [
   [
    0.009101111441850662,
    -0.2776413559913635,
    0.9606416821479797
   ],
   [
    -0.9998940825462341,
    -0.013439428061246872,
    0.005588770844042301
   ],
   [
    0.011358801275491714,
    -0.9605907797813416,
    -0.27773424983024597
   ]
  ]
 },
 {
  "rotation_euler": [
   -1.8522831201553345,
   0.01071401871740818,
   -0.8186477422714233
  ],
  "euler_order": "XYZ",
  "rotation_matrix": [
   [
    0.6831700801849365,
    -0.20987603068351746,
    0.6994503140449524
   ],
   [
    -0.7301807403564453,
    -0.18226920068264008,
    0.6584937572479248
   ],
   [
    -0.010713813826441765,
    -0.9605883359909058,
    -0.2777682840824127
   ]
  ]
 },
 {
  "rotation_euler": [
   -1.8523120880126953,
   0.02984696254134178,
   2.4243340492248535
  ],
  "euler_order": "XYZ",
  "rotation_matrix": [
   [
    -0.7532748579978943,
    0.2042161077260971,
    -0.6251981258392334
   ],
   [
    0.6570284366607666,
    0.19051814079284668,
    -0.7293946146965027
   ],
   [
    -0.02984253130853176,
    -0.9602075815200806,
    -0.27768832445144653
   ]
  ]
 }
]