[
 {
  "rotation_euler": [
   0.0006456808187067509,
   -2.5915440460266836e-07,
   -0.28639349341392517
  ],
  "euler_order": "XYZ",
  "rotation_matrix": [
   [
    0.9592689275741577,
    0.2824943959712982,
    -0.0001826498337322846
   ],
   [
    -0.282494455575943,
    0.9592687487602234,
    -0.0006193082663230598
   ],
   [
    2.5915440460266836e-07,
    0.00064568076049909,
    0.9999998211860657
   ]
  ]
 },
 {
  "rotation_euler": [
   0.0006435662508010864,
   -1.7436140069548856e-06,
   0.5412557125091553
  ],
  "euler_order": "XYZ",
  "rotation_matrix": [
   [
    0.8570623993873596,
    -0.5152125358581543,
    0.00033007905585691333
   ],
   [
    0.5152125954627991,
    0.8570622205734253,
    -0.0005524747539311647
   ],
   [
    1.7436140069548856e-06,
    0.0006435661925934255,
    0.9999998211860657
   ]
  ]
 },
 {
  "rotation_euler": [
   0.0006453344831243157,
   -1.7082803651646827e-06,
   2.313444137573242
  ],
  "euler_order": "XYZ",
  "rotation_matrix": [
   [
    -0.676240861415863,
    -0.7366804480552673,
    0.0004765605553984642
   ],
   [
    0.7366805672645569,
    -0.6762407422065735,
    0.0004351430688984692
   ],
   [
    1.7082803651646827e-06,
    0.0006453344249166548,
    0.9999998211860657
   ]
  ]
 },
 {
  "rotation_euler": [
   -0.8800325393676758,
   0.8757070302963257,
   0.6636150479316711
  ],
  "euler_order": "XYZ",
  "rotation_matrix": [
   [
    0.5045308470726013,
    -0.8587632179260254,
    -0.089299276471138
   ],
   [
    0.39449962973594666,
    0.1372922658920288,
    0.9085817933082581
   ],
   [
    -0.7679964900016785,
    -0.4936361014842987,
    0.40804994106292725
   ]
  ]
 },
 {
  "rotation_euler": [
   0.0006447896012105048,
   1.719592432891659e-07,
   0.22639517486095428
  ],
  "euler_order": "XYZ",
  "rotation_matrix": [
   [
    0.9744818806648254,
    -0.22446610033512115,
    0.00014490100147668272
   ],
   [
    0.22446615993976593,
    0.9744817018508911,
    -0.0006282971589826047
   ],
   [
    -1.719592432891659e-07,
    0.0006447895430028439,
    0.9999998211860657
   ]
  ]
 },
 {
  "rotation_euler": [
   0.0006452528177760541,
   -1.7270988337259041e-06,
   1.370756983757019
  ],
  "euler_order": "XYZ",
  "rotation_matrix": [
   [
    0.19870789349079132,
    -0.9800585508346558,
    0.0006320424727164209
   ],
   [
    0.9800587892532349,
    0.19870784878730774,
    -0.0001299094728892669
   ],
   [
    1.7270988337259041e-06,
    0.0006452527595683932,
    0.9999998211860657
   ]
  ]
 },
 {
  "rotation_euler": [
   0.0006452839588746428,
   -1.5457172821697895e-06,
   0.23816578090190887
  ],
  "euler_order": "XYZ",
  "rotation_matrix": [
   [
    0.971772313117981,
    -0.23592053353786469,
    0.00015073367103468627
   ],
   [
    0.23592057824134827,
    0.9717721343040466,
    -0.0006274337065406144
   ],
   [
    1.5457172821697895e-06,
    0.0006452839006669819,
    0.9999998211860657
   ]
  ]
 },
 {
  "rotation_euler": [
   0.0006442079902626574,
   -1.5720787587270024e-06,
   2.0378737449645996
  ],
  "euler_order": "XYZ",
  "rotation_matrix": [
   [
    -0.4502786695957184,
    -0.8928878903388977,
    0.0005759134655818343
   ],
   [
    0.892888069152832,
    -0.4502785801887512,
    0.0002886693982873112
   ],
   [
    1.5720787587270024e-06,
    0.0006442079320549965,
    0.9999998211860657
   ]
  ]
 },
 {
  "rotation_euler": [
   0.0006440603756345809,
   -1.483679454850062e-07,
   3.02561616897583
  ],
  "euler_order": "XYZ",
  "rotation_matrix": [
   [
    -0.9932822585105896,
    -0.11571664363145828,
    7.467588875442743e-05
   ],
   [
    0.11571666598320007,
    -0.9932820796966553,
    0.0006397165125235915
   ],
   [
    1.483679454850062e-07,
    0.0006440603174269199,
    0.9999998211860657
   ]
  ]
 },
 {
  "rotation_euler": [
   0.0006446916959248483,
   8.339314945260412e-07,
   2.9500203132629395
  ],
  "euler_order": "XYZ",
  "rotation_matrix": [
   [
    -0.9817060828208923,
    -0.19040267169475555,
    0.00012193236034363508
   ],
   [
    0.19040270149707794,
    -0.9817058444023132,
    0.0006330565083771944
   ],
   [
    -8.339314945260412e-07,
    0.0006446916377171874,
    0.9999998211860657
   ]
  ]
 },
 {
  "rotation_euler": [
   0.0006452382658608258,
   -1.6884464457689319e-06,
   -0.02510843612253666
  ],
  "euler_order": "XYZ",
  "rotation_matrix": [
   [
    0.9996848106384277,
    0.02510579116642475,
    -1.7887134163174778e-05
   ],
   [
    -0.025105798617005348,
    0.9996845722198486,
    -0.0006449924549087882
   ],
   [
    1.6884464457689319e-06,
    0.0006452382076531649,
    0.9999998211860657
   ]
  ]
 },
 {
  "rotation_euler": [
   0.0006452826783061028,
   -1.8236995629195007e-06,
   -0.3595225214958191
  ],
  "euler_order": "XYZ",
  "rotation_matrix": [
   [
    0.9360648989677429,
    0.3518272340297699,
    -0.0002287351671839133
   ],
   [
    -0.35182732343673706,
    0.9360647201538086,
    -0.0006033848039805889
   ],
   [
    1.8236995629195007e-06,
    0.0006452826200984418,
    0.9999998211860657
   ]
  ]
 },
 {
  "rotation_euler": [
   0.0006451857043430209,
   2.2058588911022525e-06,
   -1.8259512186050415
  ],
  "euler_order": "XYZ",
  "rotation_matrix": [
   [
    -0.25239530205726624,
    0.9676240086555481,
    -0.0006248540012165904
   ],
   [
    -0.9676241874694824,
    -0.25239524245262146,
    0.00016070737910922617
   ],
   [
    -2.2058588911022525e-06,
    0.00064518564613536,
    0.9999998211860657
   ]
  ]
 },
 {
  "rotation_euler": [
   0.0006438056007027626,
   -3.5134144127368927e-07,
   0.8773785829544067
  ],
  "euler_order": "XYZ",
  "rotation_matrix": [
   [
    0.6391693949699402,
    -0.7690658569335938,
    0.0004949044086970389
   ],
   [
    0.7690659761428833,
    0.6391692757606506,
    -0.00041177100501954556
   ],
   [
    3.5134144127368927e-07,
    0.0006438055424951017,
    0.9999998211860657
   ]
  ]
 },
 {
  "rotation_euler": [
   0.0006448302301578224,
   3.32445125650338e-07,
   -2.4366538524627686
  ],
  "euler_order": "XYZ",
  "rotation_matrix": [
   [
    -0.7616512179374695,
    0.6479870676994324,
    -0.0004180949181318283
   ],
   [
    -0.6479872465133667,
    -0.7616510391235352,
    0.0004909202689304948
   ],
   [
    -3.32445125650338e-07,
    0.0006448301719501615,
    0.9999998211860657
   ]
  ]
 },
 {
  "rotation_euler": [
   0.000643780454993248,
   -3.3974950497395184e-07,
   -2.4217820167541504
  ],
  "euler_order": "XYZ",
  "rotation_matrix": [
   [
    -0.7519305944442749,
    0.6592421531677246,
    -0.00042415180359967053
   ],
   [
    -0.6592422723770142,
    -0.7519304156303406,
    0.0004843021451961249
   ],
   [
    3.3974950497395184e-07,
    0.0006437803967855871,
    0.9999998211860657
   ]
  ]
 }
]