[
 {
  "rotation_euler": [
   -2.2062602043151855,
   1.2955801486968994,
   -0.8943070769309998
  ],
  "euler_order": "XYZ",
  "rotation_matrix": [
   [
    0.1701347380876541,
    -0.9477250576019287,
    0.26994699239730835
   ],
   [
    -0.21190786361694336,
    0.23234514892101288,
    0.9492685794830322
   ],
   [
    -0.9623664617538452,
    -0.21870744228363037,
    -0.1613004207611084
   ]
  ]
 },
 {
  "rotation_euler": [
   -2.119997501373291,
   -1.2988042831420898,
   -0.453784316778183
  ],
  "euler_order": "XYZ",
  "rotation_matrix": [
   [
    0.2414618730545044,
    0.5096049308776855,
    0.8258322477340698
   ],
   [
    -0.11776843667030334,
    -0.8293346762657166,
    0.5462000966072083
   ],
   [
    0.9632376432418823,
    -0.22914347052574158,
    -0.14023733139038086
   ]
  ]
 },
 {
  "rotation_euler": [
   0.8284834027290344,
   2.0475716590881348,
   0.27200159430503845
  ],
  "euler_order": "XYZ",
  "rotation_matrix": [
   [
    -0.4420444965362549,
    0.4490431547164917,
    0.7765030264854431
   ],
   [
    -0.12329249829053879,
    0.8270401358604431,
    -0.5484556555747986
   ],
   [
    -0.8884794116020203,
    -0.3381787836551666,
    -0.31022486090660095
   ]
  ]
 },
 {
  "rotation_euler": [
   0.6144927740097046,
   -1.6077462434768677,
   -1.4716224670410156
  ],
  "euler_order": "XYZ",
  "rotation_matrix": [
   [
    -0.003657629480585456,
    0.7560057044029236,
    -0.6545547842979431
   ],
   [
    0.03675999119877815,
    0.6542184352874756,
    0.7554118037223816
   ],
   [
    0.9993174076080322,
    -0.02129841223359108,
    -0.03018365055322647
   ]
  ]
 },
 {
  "rotation_euler": [
   -2.373352527618408,
   -1.0848578214645386,
   -0.6265395879745483
  ],
  "euler_order": "XYZ",
  "rotation_matrix": [
   [
    0.3783297836780548,
    0.07606522738933563,
    0.9225403070449829
   ],
   [
    -0.27384570240974426,
    -0.9428114891052246,
    0.19003956019878387
   ],
   [
    0.8842369914054871,
    -0.32453131675720215,
    -0.33586353063583374
   ]
  ]
 },
 {
  "rotation_euler": [
   0.822415292263031,
   2.0639214515686035,
   -0.6803532242774963
  ],
  "euler_order": "XYZ",
  "rotation_matrix": [
   [
    -0.36798298358917236,
    0.9298193454742432,
    0.004954990465193987
   ],
   [
    0.2977886497974396,
    0.12289698421955109,
    -0.9466880559921265
   ],
   [
    -0.8808577656745911,
    -0.34688955545425415,
    -0.32211366295814514
   ]
  ]
 },
 {
  "rotation_euler": [
   -2.3131086826324463,
   1.0940134525299072,
   0.02186153084039688
  ],
  "euler_order": "XYZ",
  "rotation_matrix": [
   [
    0.45881354808807373,
    -0.639790952205658,
    -0.6165692806243896
   ],
   [
    0.010031964629888535,
    -0.6901443004608154,
    0.7236022353172302
   ],
   [
    -0.8884759545326233,
    -0.3381839096546173,
    -0.31022921204566956
   ]
  ]
 },
 {
  "rotation_euler": [
   0.06440380215644836,
   -0.03599413111805916,
   2.05098295211792
  ],
  "euler_order": "XYZ",
  "rotation_matrix": [
   [
    -0.4616454839706421,
    -0.8840000629425049,
    0.07367005944252014
   ],
   [
    0.886334240436554,
    -0.46304112672805786,
    -0.0021200140472501516
   ],
   [
    0.03598636016249657,
    0.06431759893894196,
    0.9972804188728333
   ]
  ]
 },
 {
  "rotation_euler": [
   0.05890851840376854,
   0.006934677716344595,
   0.14571461081504822
  ],
  "euler_order": "XYZ",
  "rotation_matrix": [
   [
    0.9893786311149597,
    -0.14454369246959686,
    0.015397772192955017
   ],
   [
    0.14519600570201874,
    0.987745463848114,
    -0.057245370000600815
   ],
   [
    -0.006934622302651405,
    0.05887303873896599,
    0.9982413649559021
   ]
  ]
 },
 {
  "rotation_euler": [
   0.9731836318969727,
   -1.8166002035140991,
   1.7060168981552124
  ],
  "euler_order": "XYZ",
  "rotation_matrix": [
   [
    0.032803867012262344,
    -0.4494400918483734,
    0.8927079439163208
   ],
   [
    -0.24111485481262207,
    -0.8703663945198059,
    -0.4293319582939148
   ],
   [
    0.969942033290863,
    -0.20116139948368073,
    -0.1369180679321289
   ]
  ]
 },
 {
  "rotation_euler": [
   0.002384359249845147,
   0.10067561268806458,
   0.8190323710441589
  ],
  "euler_order": "XYZ",
  "rotation_matrix": [
   [
    0.6794703602790833,
    -0.730319619178772,
    0.07037968933582306
   ],
   [
    0.7267865538597107,
    0.6831014752388,
    0.07178933918476105
   ],
   [
    -0.10050562769174576,
    0.002372283721342683,
    0.9949336647987366
   ]
  ]
 },
 {
  "rotation_euler": [
   1.6808408498764038,
   0.009456275030970573,
   1.9921026229858398
  ],
  "euler_order": "XYZ",
  "rotation_matrix": [
   [
    -0.4089345932006836,
    0.09637545794248581,
    0.9074603319168091
   ],
   [
    0.9125146865844727,
    0.05348930135369301,
    0.40553152561187744
   ],
   [
    -0.009456134401261806,
    0.9939067959785461,
    -0.10981764644384384
   ]
  ]
 },
 {
  "rotation_euler": [
   -2.368267297744751,
   -1.088633418083191,
   0.8553891777992249
  ],
  "euler_order": "XYZ",
  "rotation_matrix": [
   [
    0.3041500747203827,
    0.946088433265686,
    -0.11139730364084244
   ],
   [
    0.35001036524772644,
    -0.0022249671164900064,
    0.9367431998252869
   ],
   [
    0.8859940767288208,
    -0.3239007294178009,
    -0.33181747794151306
   ]
  ]
 },
 {
  "rotation_euler": [
   0.01987164467573166,
   0.02032402716577053,
   -1.6593294143676758
  ],
  "euler_order": "XYZ",
  "rotation_matrix": [
   [
    -0.08839921653270721,
    0.9958511590957642,
    -0.021589035168290138
   ],
   [
    -0.9958778023719788,
    -0.08880225569009781,
    -0.018482152372598648
   ],
   [
    -0.020322628319263458,
    0.019866233691573143,
    0.9995960593223572
   ]
  ]
 },
 {
  "rotation_euler": [
   0.030238838866353035,
   -0.020187141373753548,
   1.4431092739105225
  ],
  "euler_order": "XYZ",
  "rotation_matrix": [
   [
    0.12731441855430603,
    -0.9914833307266235,
    0.02741880714893341
   ],
   [
    0.9916569590568542,
    0.12667681276798248,
    -0.023862324655056
   ],
   [
    0.020185770466923714,
    0.03022807091474533,
    0.9993391633033752
   ]
  ]
 },
 {
  "rotation_euler": [
   0.767909824848175,
   -2.1879775524139404,
   -0.05864766612648964
  ],
  "euler_order": "XYZ",
  "rotation_matrix": [
   [
    -0.5777437090873718,
    -0.5233436226844788,
    -0.6263574957847595
   ],
   [
    0.0339222215116024,
    0.7513312101364136,
    -0.6590529084205627
   ],
   [
    0.815513014793396,
    -0.40201109647750854,
    -0.41632387042045593
   ]
  ]
 }
]