[
 {
  "rotation_euler": [
   1.0147192478179932,
   -2.343777894973755,
   1.2291680574417114
  ],
  "euler_order": "XYZ",
  "rotation_matrix": [
   [
    -0.23393648862838745,
    -0.7010399103164673,
    0.6736592054367065
   ],
   [
    -0.6579197645187378,
    -0.39600032567977905,
    -0.6405664086341858
   ],
   [
    0.7158319354057312,
    -0.5930655598640442,
    -0.3685890734195709
   ]
  ]
 },
 {
  "rotation_euler": [
   -0.9843571782112122,
   -1.9147826433181763,
   0.94207364320755
  ],
  "euler_order": "XYZ",
  "rotation_matrix": [
   [
    -0.19833645224571228,
    0.013574539683759212,
    -0.9800400137901306
   ],
   [
    -0.27275481820106506,
    0.9596425294876099,
    0.06849101185798645
   ],
   [
    0.9414178133010864,
    0.2808949053287506,
    -0.18662956357002258
   ]
  ]
 },
 {
  "rotation_euler": [
   -2.0531606674194336,
   -0.4680054783821106,
   2.048280954360962
  ],
  "euler_order": "XYZ",
  "rotation_matrix": [
   [
    -0.41013145446777344,
    0.22834090888500214,
    -0.8829793930053711
   ],
   [
    0.7926503419876099,
    0.568110466003418,
    -0.2212599515914917
   ],
   [
    0.4511071443557739,
    -0.7906395792961121,
    -0.4139944612979889
   ]
  ]
 },
 {
  "rotation_euler": [
   -0.26841533184051514,
   -1.8031154870986938,
   -0.748096764087677
  ],
  "euler_order": "XYZ",
  "rotation_matrix": [
   [
    -0.16875876486301422,
    0.845055103302002,
    -0.507348358631134
   ],
   [
    0.1566161960363388,
    0.5311813354492188,
    0.8326570391654968
   ],
   [
    0.9731350541114807,
    0.06105920672416687,
    -0.22199082374572754
   ]
  ]
 },
 {
  "rotation_euler": [
   -0.23010675609111786,
   -1.7973685264587402,
   1.3330214023590088
  ],
  "euler_order": "XYZ",
  "rotation_matrix": [
   [
    -0.05291155353188515,
    -0.8938986659049988,
    -0.4451353847980499
   ],
   [
    -0.21831832826137543,
    0.4453313648700714,
    -0.8683415651321411
   ],
   [
    0.9744421243667603,
    0.05123591423034668,
    -0.21871764957904816
   ]
  ]
 },
 {
  "rotation_euler": [
   2.8906326293945312,
   -1.3477567434310913,
   -0.01062324270606041
  ],
  "euler_order": "XYZ",
  "rotation_matrix": [
   [
    0.2211824506521225,
    -0.2524592876434326,
    0.9419886469841003
   ],
   [
    -0.0023497631773352623,
    -0.9660471081733704,
    -0.25835537910461426
   ],
   [
    0.9752296209335327,
    0.05493022873997688,
    -0.2142658829689026
   ]
  ]
 },
 {
  "rotation_euler": [
   0.9727845788002014,
   -2.2664740085601807,
   1.0514785051345825
  ],
  "euler_order": "XYZ",
  "rotation_matrix": [
   [
    -0.3180738687515259,
    -0.803620457649231,
    0.5030140280723572
   ],
   [
    -0.5564074516296387,
    -0.27135276794433594,
    -0.7853524088859558
   ],
   [
    0.7676195502281189,
    -0.5296808481216431,
    -0.3608302175998688
   ]
  ]
 },
 {
  "rotation_euler": [
   -1.2616612911224365,
   0.5409242510795593,
   1.2366793155670166
  ],
  "euler_order": "XYZ",
  "rotation_matrix": [
   [
    0.28111687302589417,
    -0.44826921820640564,
    -0.8485446572303772
   ],
   [
    0.8098283410072327,
    -0.3636245131492615,
    0.4603860080242157
   ],
   [
    -0.5149285197257996,
    -0.8165977597236633,
    0.2608001232147217
   ]
  ]
 },
 {
  "rotation_euler": [
   -1.8675884008407593,
   -0.07043194770812988,
   -0.019042102620005608
  ],
  "euler_order": "XYZ",
  "rotation_matrix": [
   [
    0.9973398447036743,
    0.06171615794301033,
    0.038785822689533234
   ],
   [
    -0.018993742763996124,
    -0.29368242621421814,
    0.9557143449783325
   ],
   [
    0.07037372887134552,
    -0.9539086818695068,
    -0.2917289733886719
   ]
  ]
 },
 {
  "rotation_euler": [
   1.0924159288406372,
   -2.52420711517334,
   0.9890627264976501
  ],
  "euler_order": "XYZ",
  "rotation_matrix": [
   [
    -0.4480375647544861,
    -0.6670053005218506,
    0.5952866673469543
   ],
   [
    -0.6812715530395508,
    -0.17643903195858002,
    -0.7104493975639343
   ],
   [
    0.5789053440093994,
    -0.7238599061965942,
    -0.3753604590892792
   ]
  ]
 },
 {
  "rotation_euler": [
   1.108323574066162,
   -2.5630545616149902,
   0.18428519368171692
  ],
  "euler_order": "XYZ",
  "rotation_matrix": [
   [
    -0.8230859637260437,
    -0.5628306269645691,
    -0.07583650946617126
   ],
   [
    -0.15342330932617188,
    0.3489355444908142,
    -0.9245027303695679
   ],
   [
    0.5468004941940308,
    -0.7493101358413696,
    -0.3735552728176117
   ]
  ]
 },
 {
  "rotation_euler": [
   -1.8167511224746704,
   -0.11388404667377472,
   -2.516613006591797
  ],
  "euler_order": "XYZ",
  "rotation_matrix": [
   [
    -0.8057217001914978,
    -0.2318410724401474,
    0.5450341701507568
   ],
   [
    -0.5812907218933105,
    0.13297171890735626,
    -0.8027575016021729
   ],
   [
    0.11363803595304489,
    -0.9636224508285522,
    -0.24190527200698853
   ]
  ]
 },
 {
  "rotation_euler": [
   1.0341957807540894,
   -2.383143901824951,
   1.009552001953125
  ],
  "euler_order": "XYZ",
  "rotation_matrix": [
   [
    -0.38635507225990295,
    -0.7474149465560913,
    0.540463387966156
   ],
   [
    -0.614545464515686,
    -0.22835437953472137,
    -0.7551080584526062
   ],
   [
    0.6877962350845337,
    -0.6238791346549988,
    -0.37109458446502686
   ]
  ]
 },
 {
  "rotation_euler": [
   1.2036081552505493,
   -2.8827590942382812,
   0.291598379611969
  ],
  "euler_order": "XYZ",
  "rotation_matrix": [
   [
    -0.9258809685707092,
    -0.3320111632347107,
    0.1803136169910431
   ],
   [
    -0.27790719270706177,
    0.27516046166419983,
    -0.9203555583953857
   ],
   [
    0.2559531331062317,
    -0.9022501111030579,
    -0.34703412652015686
   ]
  ]
 },
 {
  "rotation_euler": [
   -1.9577704668045044,
   -0.3605022132396698,
   -0.5920476913452148
  ],
  "euler_order": "XYZ",
  "rotation_matrix": [
   [
    0.7764599919319153,
    0.06045719236135483,
    0.6272597908973694
   ],
   [
    -0.5221890807151794,
    -0.4954531490802765,
    0.6941503882408142
   ],
   [
    0.3527442216873169,
    -0.8665282130241394,
    -0.35312944650650024
   ]
  ]
 },
 {
  "rotation_euler": [
   0.9191440343856812,
   -2.203944206237793,
   -1.220594882965088
  ],
  "euler_order": "XYZ",
  "rotation_matrix": [
   [
    -0.20299959182739258,
    0.3497796654701233,
    -0.9145738482475281
   ],
   [
    0.5557722449302673,
    0.8101490139961243,
    0.18648262321949005
   ],
   [
    0.8061689734458923,
    -0.4704388678073883,
    -0.35885775089263916
   ]
  ]
 }
]