[
 {
  "rotation_euler": [
   -1.5755506753921509,
   0.1677938997745514,
   0.09147816151380539
  ],
  "euler_order": "XYZ",
  "rotation_matrix": [
   [
    0.9818331003189087,
    -0.16587315499782562,
    -0.09214028716087341
   ],
   [
    0.09006766229867935,
    -0.019990531727671623,
    0.9957349896430969
   ],
   [
    -0.16700764000415802,
    -0.9859444499015808,
    -0.004687558859586716
   ]
  ]
 },
 {
  "rotation_euler": [
   -1.5802867412567139,
   1.664065957069397,
   -0.335293173789978
  ],
  "euler_order": "XYZ",
  "rotation_matrix": [
   [
    -0.08794816583395004,
    -0.9432898759841919,
    0.3201083838939667
   ],
   [
    0.030645525082945824,
    0.3186393082141876,
    0.947380542755127
   ],
   [
    -0.9956535696983337,
    0.09313026815652847,
    0.0008838713401928544
   ]
  ]
 },
 {
  "rotation_euler": [
   -1.575412631034851,
   0.19149895012378693,
   -1.2140988111495972
  ],
  "euler_order": "XYZ",
  "rotation_matrix": [
   [
    0.34279850125312805,
    -0.07078495621681213,
    0.9367383122444153
   ],
   [
    -0.9199257493019104,
    0.1767364889383316,
    0.35000112652778625
   ],
   [
    -0.1903306543827057,
    -0.9817095994949341,
    -0.004531902261078358
   ]
  ]
 },
 {
  "rotation_euler": [
   -1.5752931833267212,
   -0.7980533838272095,
   1.1959197521209717
  ],
  "euler_order": "XYZ",
  "rotation_matrix": [
   [
    0.25561532378196716,
    0.26635023951530457,
    -0.9293645024299622
   ],
   [
    0.6496205925941467,
    0.6646211743354797,
    0.3691501021385193
   ],
   [
    0.7159985303878784,
    -0.6980947256088257,
    -0.003139253007248044
   ]
  ]
 },
 {
  "rotation_euler": [
   1.5661648511886597,
   -0.2750604450702667,
   2.5628843307495117
  ],
  "euler_order": "XYZ",
  "rotation_matrix": [
   [
    -0.8056995868682861,
    0.22484402358531952,
    0.5479902625083923
   ],
   [
    0.5263828039169312,
    -0.1524282544851303,
    0.8364728093147278
   ],
   [
    0.27160510420799255,
    0.9623984694480896,
    0.004457356873899698
   ]
  ]
 },
 {
  "rotation_euler": [
   -1.5752557516098022,
   0.34419310092926025,
   0.18662267923355103
  ],
  "euler_order": "XYZ",
  "rotation_matrix": [
   [
    0.925002932548523,
    -0.33074742555618286,
    -0.18701808154582977
   ],
   [
    0.17465892434120178,
    -0.06698989123106003,
    0.9823474884033203
   ],
   [
    -0.3374372124671936,
    -0.9413386583328247,
    -0.00419785687699914
   ]
  ]
 },
 {
  "rotation_euler": [
   -1.5753810405731201,
   0.37763676047325134,
   -0.9461132884025574
  ],
  "euler_order": "XYZ",
  "rotation_matrix": [
   [
    0.5436315536499023,
    -0.21936167776584625,
    0.8101513385772705
   ],
   [
    -0.7539938688278198,
    0.296406090259552,
    0.5862053036689758
   ],
   [
    -0.3687247931957245,
    -0.9295288324356079,
    -0.004261653404682875
   ]
  ]
 },
 {
  "rotation_euler": [
   1.5654956102371216,
   0.27732378244400024,
   -2.333618640899658
  ],
  "euler_order": "XYZ",
  "rotation_matrix": [
   [
    -0.664563775062561,
    -0.18533961474895477,
    -0.7238813638687134
   ],
   [
    -0.6952683329582214,
    -0.20157422125339508,
    0.6899056434631348
   ],
   [
    -0.2737826704978943,
    0.9617780447006226,
    0.005098160821944475
   ]
  ]
 },
 {
  "rotation_euler": [
   1.5652756690979004,
   0.6306760311126709,
   0.11389216780662537
  ],
  "euler_order": "XYZ",
  "rotation_matrix": [
   [
    0.8023966550827026,
    0.5852341055870056,
    0.11687874794006348
   ],
   [
    0.09178389608860016,
    0.07249990850687027,
    -0.9931361675262451
   ],
   [
    -0.5896908640861511,
    0.8076167106628418,
    0.0044586206786334515
   ]
  ]
 },
 {
  "rotation_euler": [
   1.5691072940826416,
   2.2356040477752686,
   -0.2888132631778717
  ],
  "euler_order": "XYZ",
  "rotation_matrix": [
   [
    -0.5913570523262024,
    0.7549183964729309,
    -0.28354015946388245
   ],
   [
    0.1757044941186905,
    -0.2225399762392044,
    -0.9589598178863525
   ],
   [
    -0.7870354056358337,
    -0.6169069409370422,
    -0.0010419769678264856
   ]
  ]
 },
 {
  "rotation_euler": [
   1.5643982887268066,
   1.0732402801513672,
   -1.0080664157867432
  ],
  "euler_order": "XYZ",
  "rotation_matrix": [
   [
    0.25462716817855835,
    0.4742133319377899,
    -0.842785120010376
   ],
   [
    -0.40368375182151794,
    -0.7398212552070618,
    -0.5382415056228638
   ],
   [
    -0.8787516355514526,
    0.47726956009864807,
    0.003053630469366908
   ]
  ]
 },
 {
  "rotation_euler": [
   -1.574142575263977,
   -1.819188117980957,
   1.179585337638855
  ],
  "euler_order": "XYZ",
  "rotation_matrix": [
   [
    -0.09374287724494934,
    0.3726968467235565,
    -0.9232060313224792
   ],
   [
    -0.22727130353450775,
    0.8947948217391968,
    0.38430455327033997
   ],
   [
    0.9693090319633484,
    0.2458440512418747,
    0.0008226583595387638
   ]
  ]
 },
 {
  "rotation_euler": [
   1.5661739110946655,
   0.332773894071579,
   -2.6268227100372314
  ],
  "euler_order": "XYZ",
  "rotation_matrix": [
   [
    -0.8226553797721863,
    -0.28205323219299316,
    -0.4936436414718628
   ],
   [
    -0.4653250575065613,
    -0.1648506224155426,
    0.8696532845497131
   ],
   [
    -0.326665997505188,
    0.9451297521591187,
    0.004368813708424568
   ]
  ]
 },
 {
  "rotation_euler": [
   1.5660322904586792,
   -0.41969457268714905,
   1.3564409017562866
  ],
  "euler_order": "XYZ",
  "rotation_matrix": [
   [
    0.19425661861896515,
    -0.09133252501487732,
    0.9766896963119507
   ],
   [
    0.8923133611679077,
    -0.39713791012763977,
    -0.21461205184459686
   ],
   [
    0.4074815511703491,
    0.9132030606269836,
    0.0043505653738975525
   ]
  ]
 },
 {
  "rotation_euler": [
   1.5655431747436523,
   -0.5589077472686768,
   0.5122726559638977
  ],
  "euler_order": "XYZ",
  "rotation_matrix": [
   [
    0.7390006184577942,
    -0.4647608995437622,
    0.4877247214317322
   ],
   [
    0.41557422280311584,
    -0.25532978773117065,
    -0.8729861378669739
   ],
   [
    0.530260443687439,
    0.8478230834007263,
    0.004453784786164761
   ]
  ]
 },
 {
  "rotation_euler": [
   1.5680242776870728,
   -2.0421791076660156,
   -0.11241251230239868
  ],
  "euler_order": "XYZ",
  "rotation_matrix": [
   [
    -0.45125246047973633,
    -0.8850035667419434,
    -0.11462961882352829
   ],
   [
    0.05094117671251297,
    0.10269630700349808,
    -0.9934074878692627
   ],
   [
    0.8909412026405334,
    -0.45411694049835205,
    -0.0012588377576321363
   ]
  ]
 }
]