[
 {
  "rotation_euler": [
   -0.08986339718103409,
   -1.7224617004394531,
   1.5058518648147583
  ],
  "euler_order": "XYZ",
  "rotation_matrix": [
   [
    -0.009805211797356606,
    -0.9881080389022827,
    -0.15344828367233276
   ],
   [
    -0.15076608955860138,
    0.15316225588321686,
    -0.9766324162483215
   ],
   [
    0.9885208606719971,
    0.013558709062635899,
    -0.15047496557235718
   ]
  ]
 },
 {
  "rotation_euler": [
   -0.08986736834049225,
   -1.722461462020874,
   -2.847158432006836
  ],
  "euler_order": "XYZ",
  "rotation_matrix": [
   [
    0.14458267390727997,
    0.2041289359331131,
    0.9682082533836365
   ],
   [
    0.043844450265169144,
    -0.9788501262664795,
    0.19982528686523438
   ],
   [
    0.9885208606719971,
    0.013559285551309586,
    -0.1504746824502945
   ]
  ]
 },
 {
  "rotation_euler": [
   -0.09918162226676941,
   1.7245532274246216,
   -1.3096190690994263
  ],
  "euler_order": "XYZ",
  "rotation_matrix": [
   [
    -0.039546556770801544,
    0.9360719919204712,
    0.34957876801490784
   ],
   [
    0.14795789122581482,
    0.35148152709007263,
    -0.9244291186332703
   ],
   [
    -0.988202691078186,
    0.015164950862526894,
    -0.15239912271499634
   ]
  ]
 },
 {
  "rotation_euler": [
   -0.0898670181632042,
   -1.722461462020874,
   -1.9840631484985352
  ],
  "euler_order": "XYZ",
  "rotation_matrix": [
   [
    0.0606759749352932,
    0.876489520072937,
    0.4775819182395935
   ],
   [
    0.13836513459682465,
    -0.48122990131378174,
    0.8656054735183716
   ],
   [
    0.9885208606719971,
    0.013559233397245407,
    -0.1504746824502945
   ]
  ]
 },
 {
  "rotation_euler": [
   -0.001023497199639678,
   -1.3058301192359067e-05,
   0.95554518699646
  ],
  "euler_order": "XYZ",
  "rotation_matrix": [
   [
    0.5771636366844177,
    -0.816628098487854,
    -0.0008433536277152598
   ],
   [
    0.8166285157203674,
    0.5771633386611938,
    0.0005800614599138498
   ],
   [
    1.3058301192359067e-05,
    -0.0010234969668090343,
    0.999999463558197
   ]
  ]
 },
 {
  "rotation_euler": [
   -0.0010223307181149721,
   -5.907413651584648e-06,
   -1.7625232934951782
  ],
  "euler_order": "XYZ",
  "rotation_matrix": [
   [
    -0.19055449962615967,
    0.9816761016845703,
    0.001004723715595901
   ],
   [
    -0.9816766381263733,
    -0.1905544102191925,
    -0.00018901051953434944
   ],
   [
    5.907413651584648e-06,
    -0.0010223304852843285,
    0.999999463558197
   ]
  ]
 },
 {
  "rotation_euler": [
   -0.0991814136505127,
   1.7245535850524902,
   -1.5223485231399536
  ],
  "euler_order": "XYZ",
  "rotation_matrix": [
   [
    -0.007416982203722,
    0.9891791343688965,
    0.14652502536773682
   ],
   [
    0.15297242999076843,
    0.14592675864696503,
    -0.9773969650268555
   ],
   [
    -0.9882026314735413,
    0.015164953656494617,
    -0.152399480342865
   ]
  ]
 },
 {
  "rotation_euler": [
   -0.0010112641612067819,
   -3.7714180507464334e-05,
   -0.4105914235115051
  ],
  "euler_order": "XYZ",
  "rotation_matrix": [
   [
    0.9168848991394043,
    0.3991515040397644,
    0.0003690681478474289
   ],
   [
    -0.39915165305137634,
    0.9168844223022461,
    0.0009422663715668023
   ],
   [
    3.7714180507464334e-05,
    -0.00101126404479146,
    0.999999463558197
   ]
  ]
 },
 {
  "rotation_euler": [
   -0.09918035566806793,
   1.7245533466339111,
   -0.09413069486618042
  ],
  "euler_order": "XYZ",
  "rotation_matrix": [
   [
    -0.15247389674186707,
    -0.0038866635877639055,
    0.9882998466491699
   ],
   [
    0.014395015314221382,
    0.9998774528503418,
    0.006153042893856764
   ],
   [
    -0.9882026314735413,
    0.015164769254624844,
    -0.15239925682544708
   ]
  ]
 },
 {
  "rotation_euler": [
   -0.08986648917198181,
   -1.7224613428115845,
   1.0599350929260254
  ],
  "euler_order": "XYZ",
  "rotation_matrix": [
   [
    -0.07386942207813263,
    -0.8254281878471375,
    -0.559653103351593
   ],
   [
    -0.13179437816143036,
    0.5643442869186401,
    -0.8149514198303223
   ],
   [
    0.9885209202766418,
    0.01355914305895567,
    -0.15047457814216614
   ]
  ]
 },
 {
  "rotation_euler": [
   -0.001027146354317665,
   -5.3483236115425825e-05,
   -0.21610461175441742
  ],
  "euler_order": "XYZ",
  "rotation_matrix": [
   [
    0.9767401218414307,
    0.2144264131784439,
    0.00016800813318695873
   ],
   [
    -0.21442647278308868,
    0.9767395853996277,
    0.0010147230932489038
   ],
   [
    5.3483236115425825e-05,
    -0.0010271461214870214,
    0.999999463558197
   ]
  ]
 },
 {
  "rotation_euler": [
   -0.08986615389585495,
   -1.7224615812301636,
   -1.6410720348358154
  ],
  "euler_order": "XYZ",
  "rotation_matrix": [
   [
    0.01060883142054081,
    0.9872770309448242,
    0.15865546464920044
   ],
   [
    0.1507115513086319,
    -0.15843060612678528,
    0.975800096988678
   ],
   [
    0.9885208606719971,
    0.013559113256633282,
    -0.15047481656074524
   ]
  ]
 },
 {
  "rotation_euler": [
   -0.0991789698600769,
   1.7245534658432007,
   1.139184594154358
  ],
  "euler_order": "XYZ",
  "rotation_matrix": [
   [
    -0.06406889110803604,
    -0.9447625279426575,
    0.32143256068229675
   ],
   [
    -0.1391068547964096,
    0.32740455865859985,
    0.9345884323120117
   ],
   [
    -0.9882026314735413,
    0.015164569951593876,
    -0.15239940583705902
   ]
  ]
 },
 {
  "rotation_euler": [
   3.0517258644104004,
   -1.4191313982009888,
   -0.030759014189243317
  ],
  "euler_order": "XYZ",
  "rotation_matrix": [
   [
    0.15101268887519836,
    -0.11930377036333084,
    0.9813061356544495
   ],
   [
    -0.0046464670449495316,
    -0.9927651882171631,
    -0.11998188495635986
   ],
   [
    0.9885209202766418,
    0.013559180311858654,
    -0.15047448873519897
   ]
  ]
 },
 {
  "rotation_euler": [
   -0.08986414223909378,
   -1.7224615812301636,
   1.6757599115371704
  ],
  "euler_order": "XYZ",
  "rotation_matrix": [
   [
    0.015829265117645264,
    -0.9997780919075012,
    0.013901040889322758
   ],
   [
    -0.15025296807289124,
    -0.016123374924063683,
    -0.988516092300415
   ],
   [
    0.9885208606719971,
    0.013558810576796532,
    -0.15047484636306763
   ]
  ]
 },
 {
  "rotation_euler": [
   -0.08986678719520569,
   -1.7224615812301636,
   1.3453444242477417
  ],
  "euler_order": "XYZ",
  "rotation_matrix": [
   [
    -0.03377446159720421,
    -0.9509279131889343,
    -0.3075636923313141
   ],
   [
    -0.14726100862026215,
    0.30911532044410706,
    -0.9395540952682495
   ],
   [
    0.9885208606719971,
    0.013559209182858467,
    -0.15047480165958405
   ]
  ]
 }
]