[
 {
  "rotation_euler": [
   -0.013966581784188747,
   -0.00012145412620157003,
   -2.460341453552246
  ],
  "euler_order": "XYZ",
  "rotation_matrix": [
   [
    -0.7767853736877441,
    0.6297026872634888,
    0.008889718912541866
   ],
   [
    -0.6297654509544373,
    -0.7767106890678406,
    -0.010772203095257282
   ],
   [
    0.00012145412620157003,
    -0.013966127298772335,
    0.9999024868011475
   ]
  ]
 },
 {
  "rotation_euler": [
   -0.01394559070467949,
   -0.00010714268864830956,
   1.9932098388671875
  ],
  "euler_order": "XYZ",
  "rotation_matrix": [
   [
    -0.4099630117416382,
    -0.9120140671730042,
    -0.012675470672547817
   ],
   [
    0.9121021628379822,
    -0.409921795129776,
    -0.005814706441015005
   ],
   [
    0.00010714268864830956,
    -0.0139451390132308,
    0.9999027848243713
   ]
  ]
 },
 {
  "rotation_euler": [
   -0.013937384821474552,
   -7.747691415715963e-05,
   -1.182685375213623
  ],
  "euler_order": "XYZ",
  "rotation_matrix": [
   [
    0.3784405291080475,
    0.9255360960960388,
    0.01287106517702341
   ],
   [
    -0.9256256222724915,
    0.37840279936790466,
    0.005346008110791445
   ],
   [
    7.747691415715963e-05,
    -0.013936933130025864,
    0.9999028444290161
   ]
  ]
 },
 {
  "rotation_euler": [
   -0.013953781686723232,
   -0.00012095932470401749,
   0.5385949611663818
  ],
  "euler_order": "XYZ",
  "rotation_matrix": [
   [
    0.8584302067756653,
    -0.5128790140151978,
    -0.007260911166667938
   ],
   [
    0.5129303932189941,
    0.8583475351333618,
    0.011915921233594418
   ],
   [
    0.00012095932470401749,
    -0.01395332906395197,
    0.9999026656150818
   ]
  ]
 },
 {
  "rotation_euler": [
   -0.013945963233709335,
   -0.00010769298387458548,
   1.7302874326705933
  ],
  "euler_order": "XYZ",
  "rotation_matrix": [
   [
    -0.15881578624248505,
    -0.9872124791145325,
    -0.013751416467130184
   ],
   [
    0.9873082041740417,
    -0.15879885852336884,
    -0.0023210833314806223
   ],
   [
    0.00010769298387458548,
    -0.013945511542260647,
    0.9999027252197266
   ]
  ]
 },
 {
  "rotation_euler": [
   -0.013936547562479973,
   -8.309195254696533e-05,
   -0.8008231520652771
  ],
  "euler_order": "XYZ",
  "rotation_matrix": [
   [
    0.6961159706115723,
    0.7178604006767273,
    0.009947296231985092
   ],
   [
    -0.7179293632507324,
    0.6960475444793701,
    0.009760787710547447
   ],
   [
    8.309195254696533e-05,
    -0.013936096802353859,
    0.9999029040336609
   ]
  ]
 },
 {
  "rotation_euler": [
   -0.01396256498992443,
   -0.000249522621743381,
   2.230616569519043
  ],
  "euler_order": "XYZ",
  "rotation_matrix": [
   [
    -0.6129748225212097,
    -0.7900275588035583,
    -0.01087856199592352
   ],
   [
    0.7901024222373962,
    -0.6129123568534851,
    -0.008755551651120186
   ],
   [
    0.000249522621743381,
    -0.013962110504508018,
    0.9999024868011475
   ]
  ]
 },
 {
  "rotation_euler": [
   -0.013967403210699558,
   -0.00012067321222275496,
   2.7843985557556152
  ],
  "euler_order": "XYZ",
  "rotation_matrix": [
   [
    -0.9368816018104553,
    -0.34961429238319397,
    -0.004770453553646803
   ],
   [
    0.34964680671691895,
    -0.9367896318435669,
    -0.013127566315233707
   ],
   [
    0.00012067321222275496,
    -0.013966948725283146,
    0.9999024271965027
   ]
  ]
 },
 {
  "rotation_euler": [
   -0.013955953530967236,
   -0.000126133905723691,
   -2.745640993118286
  ],
  "euler_order": "XYZ",
  "rotation_matrix": [
   [
    -0.9226299524307251,
    0.3856472074985504,
    0.005498810205608606
   ],
   [
    -0.38568639755249023,
    -0.9225407838821411,
    -0.01282711885869503
   ],
   [
    0.000126133905723691,
    -0.013955499976873398,
    0.999902606010437
   ]
  ]
 },
 {
  "rotation_euler": [
   -0.013949397951364517,
   -0.00013407781079877168,
   -0.08259141445159912
  ],
  "euler_order": "XYZ",
  "rotation_matrix": [
   [
    0.9965912699699402,
    0.08249138295650482,
    0.0010171460453420877
   ],
   [
    -0.08249755203723907,
    0.9964941740036011,
    0.013912457041442394
   ],
   [
    0.00013407781079877168,
    -0.013948945328593254,
    0.9999027252197266
   ]
  ]
 },
 {
  "rotation_euler": [
   -0.01394559070467949,
   -0.00010711965296650305,
   2.473522663116455
  ],
  "euler_order": "XYZ",
  "rotation_matrix": [
   [
    -0.7850186824798584,
    -0.6194129586219788,
    -0.008554540574550629
   ],
   [
    0.6194720268249512,
    -0.7849414348602295,
    -0.011013546027243137
   ],
   [
    0.00010711965296650305,
    -0.0139451390132308,
    0.9999027848243713
   ]
  ]
 },
 {
  "rotation_euler": [
   -0.013935246504843235,
   -7.502784865209833e-05,
   -1.714199185371399
  ],
  "euler_order": "XYZ",
  "rotation_matrix": [
   [
    -0.1429118663072586,
    0.989639163017273,
    0.013802481815218925
   ],
   [
    -0.9897354245185852,
    -0.1428990215063095,
    -0.001917197136208415
   ],
   [
    7.502784865209833e-05,
    -0.013934795744717121,
    0.9999029040336609
   ]
  ]
 },
 {
  "rotation_euler": [
   -0.013948901556432247,
   -0.00010519813804421574,
   -1.2130087614059448
  ],
  "euler_order": "XYZ",
  "rotation_matrix": [
   [
    0.3502027690410614,
    0.9365832805633545,
    0.013028311543166637
   ],
   [
    -0.9366739392280579,
    0.35016730427742004,
    0.004983311984688044
   ],
   [
    0.00010519813804421574,
    -0.013948448933660984,
    0.9999027252197266
   ]
  ]
 },
 {
  "rotation_euler": [
   -0.01394544169306755,
   -0.00010753048991318792,
   3.105422019958496
  ],
  "euler_order": "XYZ",
  "rotation_matrix": [
   [
    -0.9993458986282349,
    -0.036160729825496674,
    -0.0003968394303228706
   ],
   [
    0.03616274520754814,
    -0.9992486834526062,
    -0.013939756900072098
   ],
   [
    0.00010753048991318792,
    -0.013944990001618862,
    0.9999027848243713
   ]
  ]
 },
 {
  "rotation_euler": [
   -0.013965742662549019,
   -0.00012020555004710332,
   1.5558838844299316
  ],
  "euler_order": "XYZ",
  "rotation_matrix": [
   [
    0.014911889098584652,
    -0.9997912645339966,
    -0.013965528458356857
   ],
   [
    0.9998887777328491,
    0.014912113547325134,
    8.806838013697416e-05
   ],
   [
    0.00012020555004710332,
    -0.013965288177132607,
    0.9999024868011475
   ]
  ]
 },
 {
  "rotation_euler": [
   -0.013953874818980694,
   -0.00012274608889129013,
   0.5780177712440491
  ],
  "euler_order": "XYZ",
  "rotation_matrix": [
   [
    0.8375473022460938,
    -0.5463101863861084,
    -0.007726454176008701
   ],
   [
    0.5463647842407227,
    0.8374667167663574,
    0.01161959394812584
   ],
   [
    0.00012274608889129013,
    -0.01395342219620943,
    0.9999026656150818
   ]
  ]
 }
]