[
 {
  "rotation_euler": [
   -0.0804344043135643,
   -0.5856785178184509,
   -2.76401424407959
  ],
  "euler_order": "XYZ",
  "rotation_matrix": [
   [
    -0.7746370434761047,
    0.3261936604976654,
    0.5417888164520264
   ],
   [
    -0.30722686648368835,
    -0.942928671836853,
    0.12844125926494598
   ],
   [
    0.5527649521827698,
    -0.06695672869682312,
    0.8306429386138916
   ]
  ]
 },
 {
  "rotation_euler": [
   0.4092160761356354,
   0.11431995779275894,
   0.45504239201545715
  ],
  "euler_order": "XYZ",
  "rotation_matrix": [
   [
    0.8923792243003845,
    -0.3624429404735565,
    0.268876314163208
   ],
   [
    0.43663159012794495,
    0.844025194644928,
    -0.31140702962875366
   ],
   [
    -0.11407110840082169,
    0.39529305696487427,
    0.9114445447921753
   ]
  ]
 },
 {
  "rotation_euler": [
   -0.056115273386240005,
   0.22108587622642517,
   1.0529917478561401
  ],
  "euler_order": "XYZ",
  "rotation_matrix": [
   [
    0.48292601108551025,
    -0.8736279606819153,
    0.059638116508722305
   ],
   [
    0.8477586507797241,
    0.48350790143013,
    0.21800321340560913
   ],
   [
    -0.21928919851779938,
    -0.054720692336559296,
    0.9741241931915283
   ]
  ]
 },
 {
  "rotation_euler": [
   -0.34754064679145813,
   0.38657206296920776,
   1.9386050701141357
  ],
  "euler_order": "XYZ",
  "rotation_matrix": [
   [
    -0.33303767442703247,
    -0.8311580419540405,
    -0.4452664256095886
   ],
   [
    0.8642598390579224,
    -0.4578922688961029,
    0.20830166339874268
   ],
   [
    -0.3770156502723694,
    -0.31545358896255493,
    0.8708319067955017
   ]
  ]
 },
 {
  "rotation_euler": [
   0.041321661323308945,
   0.046345409005880356,
   1.2975553274154663
  ],
  "euler_order": "XYZ",
  "rotation_matrix": [
   [
    0.26956385374069214,
    -0.9615629315376282,
    0.05226868763566017
   ],
   [
    0.9618674516677856,
    0.27146610617637634,
    0.03342437744140625
   ],
   [
    -0.046328820288181305,
    0.04126554727554321,
    0.9980735182762146
   ]
  ]
 },
 {
  "rotation_euler": [
   -0.35212770104408264,
   -0.2453753501176834,
   -1.8963510990142822
  ],
  "euler_order": "XYZ",
  "rotation_matrix": [
   [
    -0.31025421619415283,
    0.8625409603118896,
    0.39970663189888
   ],
   [
    -0.9190930128097534,
    -0.379591166973114,
    0.10572870075702667
   ],
   [
    0.24292044341564178,
    -0.33456480503082275,
    0.9105251431465149
   ]
  ]
 },
 {
  "rotation_euler": [
   -0.43039509654045105,
   -0.14746388792991638,
   -0.6654523611068726
  ],
  "euler_order": "XYZ",
  "rotation_matrix": [
   [
    0.7781001329421997,
    0.6093311309814453,
    0.1525641828775406
   ],
   [
    -0.6107141375541687,
    0.6770472526550293,
    0.410652220249176
   ],
   [
    0.1469300240278244,
    -0.41270166635513306,
    0.8989376425743103
   ]
  ]
 },
 {
  "rotation_euler": [
   0.15251973271369934,
   0.26391032338142395,
   -2.1737539768218994
  ],
  "euler_order": "XYZ",
  "rotation_matrix": [
   [
    -0.5474472045898438,
    0.7916259765625,
    -0.27134832739830017
   ],
   [
    -0.7951446175575256,
    -0.5931412577629089,
    -0.12620806694030762
   ],
   [
    -0.2608574628829956,
    0.14666889607906342,
    0.9541706442832947
   ]
  ]
 },
 {
  "rotation_euler": [
   -0.11009809374809265,
   -0.05505266413092613,
   -0.24813677370548248
  ],
  "euler_order": "XYZ",
  "rotation_matrix": [
   [
    0.9679030776023865,
    0.24997194111347198,
    -0.026031285524368286
   ],
   [
    -0.24522614479064941,
    0.9620175957679749,
    0.11994268000125885
   ],
   [
    0.05502485856413841,
    -0.10970933735370636,
    0.9924395084381104
   ]
  ]
 },
 {
  "rotation_euler": [
   0.13763335347175598,
   0.18037296831607819,
   -3.0827183723449707
  ],
  "euler_order": "XYZ",
  "rotation_matrix": [
   [
    -0.9820723533630371,
    0.033713433891534805,
    -0.1854649931192398
   ],
   [
    -0.057885702699422836,
    -0.990275502204895,
    0.12650559842586517
   ],
   [
    -0.17939651012420654,
    0.1349734365940094,
    0.9744737148284912
   ]
  ]
 },
 {
  "rotation_euler": [
   -0.2184133231639862,
   0.4094867706298828,
   -1.2151868343353271
  ],
  "euler_order": "XYZ",
  "rotation_matrix": [
   [
    0.319377601146698,
    0.8851277828216553,
    0.33844760060310364
   ],
   [
    -0.8599323034286499,
    0.4207618832588196,
    -0.2889218330383301
   ],
   [
    -0.3981385827064514,
    -0.19876688718795776,
    0.8955318927764893
   ]
  ]
 },
 {
  "rotation_euler": [
   0.2646769881248474,
   -0.4084016978740692,
   2.674633264541626
  ],
  "euler_order": "XYZ",
  "rotation_matrix": [
   [
    -0.8195028305053711,
    -0.3417278230190277,
    0.46004045009613037
   ],
   [
    0.41314956545829773,
    -0.9086155891418457,
    0.06103380024433136
   ],
   [
    0.3971429765224457,
    0.24008288979530334,
    0.8857977390289307
   ]
  ]
 },
 {
  "rotation_euler": [
   0.014335851185023785,
   -0.1923648566007614,
   0.928303062915802
  ],
  "euler_order": "XYZ",
  "rotation_matrix": [
   [
    0.5881412029266357,
    -0.8021641969680786,
    -0.10306547582149506
   ],
   [
    0.7858370542526245,
    0.5969376564025879,
    -0.16163398325443268
   ],
   [
    0.19118066132068634,
    0.01407094206660986,
    0.9814540147781372
   ]
  ]
 },
 {
  "rotation_euler": [
   -0.21176579594612122,
   -0.27077749371528625,
   2.793304204940796
  ],
  "euler_order": "XYZ",
  "rotation_matrix": [
   [
    -0.9057091474533081,
    -0.38651078939437866,
    0.17406977713108063
   ],
   [
    0.3288540244102478,
    -0.8997731804847717,
    -0.28681570291519165
   ],
   [
    0.26748067140579224,
    -0.20252805948257446,
    0.9420384764671326
   ]
  ]
 },
 {
  "rotation_euler": [
   0.19405634701251984,
   0.21087917685508728,
   -1.3650814294815063
  ],
  "euler_order": "XYZ",
  "rotation_matrix": [
   [
    0.19974195957183838,
    0.968786358833313,
    -0.14682011306285858
   ],
   [
    -0.9572295546531677,
    0.1609187126159668,
    -0.2404511421918869
   ],
   [
    -0.20931968092918396,
    0.18856872618198395,
    0.9594931602478027
   ]
  ]
 },
 {
  "rotation_euler": [
   0.37733685970306396,
   -0.15316066145896912,
   1.0849186182022095
  ],
  "euler_order": "XYZ",
  "rotation_matrix": [
   [
    0.4615180492401123,
    -0.8483062982559204,
    0.25957179069519043
   ],
   [
    0.8739140629768372,
    0.38442641496658325,
    -0.297473669052124
   ],
   [
    0.15256255865097046,
    0.36413291096687317,
    0.9187664985656738
   ]
  ]
 }
]