[
 {
  "rotation_euler": [
   1.4047174453735352,
   0.46027469635009766,
   -2.535074234008789
  ],
  "euler_order": "XYZ",
  "rotation_matrix": [
   [
    -0.7361301183700562,
    -0.26571282744407654,
    -0.622502326965332
   ],
   [
    -0.5106896162033081,
    -0.3855416774749756,
    0.7684749364852905
   ],
   [
    -0.4441942274570465,
    0.883603036403656,
    0.14811205863952637
   ]
  ]
 },
 {
  "rotation_euler": [
   0.015076044015586376,
   0.8735121488571167,
   1.3785454034805298
  ],
  "euler_order": "XYZ",
  "rotation_matrix": [
   [
    0.12269258499145508,
    -0.9792569875717163,
    0.16125233471393585
   ],
   [
    0.6303077936172485,
    0.2023908942937851,
    0.7494998574256897
   ],
   [
    -0.7665889263153076,
    0.009680536575615406,
    0.642065167427063
   ]
  ]
 },
 {
  "rotation_euler": [
   0.16636113822460175,
   0.8636772632598877,
   1.4102792739868164
  ],
  "euler_order": "XYZ",
  "rotation_matrix": [
   [
    0.10383207350969315,
    -0.9533951282501221,
    0.2832961082458496
   ],
   [
    0.6412949562072754,
    0.2818949222564697,
    0.7136358022689819
   ],
   [
    -0.7602366209030151,
    0.10757806152105331,
    0.6406771540641785
   ]
  ]
 },
 {
  "rotation_euler": [
   -0.057882651686668396,
   0.8715652227401733,
   -1.7283142805099487
  ],
  "euler_order": "XYZ",
  "rotation_matrix": [
   [
    -0.10096445679664612,
    0.9929109811782837,
    -0.06272125989198685
   ],
   [
    -0.6356610655784607,
    -0.11287778615951538,
    -0.7636711597442627
   ],
   [
    -0.7653372883796692,
    -0.03723417595028877,
    0.6425514817237854
   ]
  ]
 },
 {
  "rotation_euler": [
   -1.4166024923324585,
   0.36109405755996704,
   2.733314275741577
  ],
  "euler_order": "XYZ",
  "rotation_matrix": [
   [
    -0.8586171865463257,
    0.2594345211982727,
    -0.44212013483047485
   ],
   [
    0.37142568826675415,
    -0.2795654535293579,
    -0.8853734135627747
   ],
   [
    -0.3532979488372803,
    -0.9244116544723511,
    0.14367908239364624
   ]
  ]
 },
 {
  "rotation_euler": [
   0.026822300627827644,
   0.873563826084137,
   -2.3529419898986816
  ],
  "euler_order": "XYZ",
  "rotation_matrix": [
   [
    -0.4525530934333801,
    0.6946569085121155,
    -0.559148907661438
   ],
   [
    -0.4555065631866455,
    -0.719135046005249,
    -0.5247461795806885
   ],
   [
    -0.7666221261024475,
    0.017220495268702507,
    0.6418675780296326
   ]
  ]
 },
 {
  "rotation_euler": [
   -1.4009361267089844,
   0.5035209059715271,
   1.4576704502105713
  ],
  "euler_order": "XYZ",
  "rotation_matrix": [
   [
    0.0988745167851448,
    -0.2216484546661377,
    -0.9701009392738342
   ],
   [
    0.8702905178070068,
    -0.4534459710121155,
    0.19230489432811737
   ],
   [
    -0.4825124442577362,
    -0.8632836937904358,
    0.1480642855167389
   ]
  ]
 },
 {
  "rotation_euler": [
   0.01665487512946129,
   0.8729996085166931,
   -2.0644524097442627
  ],
  "euler_order": "XYZ",
  "rotation_matrix": [
   [
    -0.30446240305900574,
    0.8744372129440308,
    -0.37770646810531616
   ],
   [
    -0.5658168196678162,
    -0.48502063751220703,
    -0.6667880415916443
   ],
   [
    -0.7662597298622131,
    0.010700778104364872,
    0.6424418687820435
   ]
  ]
 },
 {
  "rotation_euler": [
   -1.7368758916854858,
   2.68131685256958,
   0.15900127589702606
  ],
  "euler_order": "XYZ",
  "rotation_matrix": [
   [
    -0.8846286535263062,
    -0.4063822627067566,
    -0.22866037487983704
   ],
   [
    -0.14185453951358795,
    -0.23259449005126953,
    0.9621731042861938
   ],
   [
    -0.4441952109336853,
    0.8836024403572083,
    0.14811258018016815
   ]
  ]
 },
 {
  "rotation_euler": [
   0.021330701187253,
   0.873400092124939,
   -0.9477902054786682
  ],
  "euler_order": "XYZ",
  "rotation_matrix": [
   [
    0.3747243285179138,
    0.8214827179908752,
    0.42982298135757446
   ],
   [
    -0.5215681791305542,
    0.5700688362121582,
    -0.6348134279251099
   ],
   [
    -0.7665169835090637,
    0.013698049820959568,
    0.6420779228210449
   ]
  ]
 },
 {
  "rotation_euler": [
   -0.08137055486440659,
   0.8710241317749023,
   1.0111582279205322
  ],
  "euler_order": "XYZ",
  "rotation_matrix": [
   [
    0.3419094979763031,
    -0.8776528239250183,
    0.33589205145835876
   ],
   [
    0.5457928776741028,
    0.47642964124679565,
    0.6892930865287781
   ],
   [
    -0.764988899230957,
    -0.052348360419273376,
    0.6419124603271484
   ]
  ]
 },
 {
  "rotation_euler": [
   0.1487427055835724,
   0.8650522828102112,
   2.149524688720703
  ],
  "euler_order": "XYZ",
  "rotation_matrix": [
   [
    -0.3547583222389221,
    -0.889609694480896,
    -0.28764766454696655
   ],
   [
    0.5429815053939819,
    -0.4464927017688751,
    0.7112069725990295
   ],
   [
    -0.7611292004585266,
    0.0961192175745964,
    0.6414386034011841
   ]
  ]
 },
 {
  "rotation_euler": [
   -0.010206467472016811,
   0.8718641996383667,
   -0.7953972220420837
  ],
  "euler_order": "XYZ",
  "rotation_matrix": [
   [
    0.4503811299800873,
    0.7086352705955505,
    0.543132483959198
   ],
   [
    -0.4594791829586029,
    0.7055444121360779,
    -0.5395237803459167
   ],
   [
    -0.7655296921730042,
    -0.006566733121871948,
    0.6433670520782471
   ]
  ]
 },
 {
  "rotation_euler": [
   -0.007125707343220711,
   0.8718323707580566,
   -0.7682047486305237
  ],
  "euler_order": "XYZ",
  "rotation_matrix": [
   [
    0.4627249836921692,
    0.6909047961235046,
    0.5554602742195129
   ],
   [
    -0.4470807909965515,
    0.7229312062263489,
    -0.5267724990844727
   ],
   [
    -0.7655091881752014,
    -0.004584819078445435,
    0.6434085965156555
   ]
  ]
 },
 {
  "rotation_euler": [
   1.4285054206848145,
   0.1858290433883667,
   -1.5366826057434082
  ],
  "euler_order": "XYZ",
  "rotation_matrix": [
   [
    0.03351989760994911,
    0.14796671271324158,
    -0.9884241223335266
   ],
   [
    -0.9822115898132324,
    -0.1779509335756302,
    -0.059948403388261795
   ],
   [
    -0.18476136028766632,
    0.9728510975837708,
    0.13936972618103027
   ]
  ]
 },
 {
  "rotation_euler": [
   -1.4262603521347046,
   0.243228018283844,
   -2.020872116088867
  ],
  "euler_order": "XYZ",
  "rotation_matrix": [
   [
    -0.4222288131713867,
    0.23336929082870483,
    0.8759347200393677
   ],
   [
    -0.8739109635353088,
    0.15193243324756622,
    -0.4617316424846649
   ],
   [
    -0.24083687365055084,
    -0.9604453444480896,
    0.13979372382164001
   ]
  ]
 }
]