[
 {
  "rotation_euler": [
   0.885067343711853,
   -0.00439073983579874,
   -0.8779865503311157
  ],
  "euler_order": "XYZ",
  "rotation_matrix": [
   [
    0.6386955380439758,
    0.4850768744945526,
    -0.5973009467124939
   ],
   [
    -0.7694470286369324,
    0.4070645868778229,
    -0.4921886920928955
   ],
   [
    0.004390725865960121,
    0.7739501595497131,
    0.6332312822341919
   ]
  ]
 },
 {
  "rotation_euler": [
   -0.04577207192778587,
   1.7309516668319702,
   1.9063153266906738
  ],
  "euler_order": "XYZ",
  "rotation_matrix": [
   [
    0.052507489919662476,
    -0.9283778071403503,
    -0.36790984869003296
   ],
   [
    -0.15057934820652008,
    -0.3715662360191345,
    0.9161137342453003
   ],
   [
    -0.987202525138855,
    0.007296795025467873,
    -0.15930452942848206
   ]
  ]
 },
 {
  "rotation_euler": [
   1.6029222011566162,
   -0.0086034731939435,
   -0.20965774357318878
  ],
  "euler_order": "XYZ",
  "rotation_matrix": [
   [
    0.9780660271644592,
    -0.015095682814717293,
    -0.2077474743127823
   ],
   [
    -0.20811744034290314,
    -0.029627330601215363,
    -0.9776550531387329
   ],
   [
    0.008603367023169994,
    0.9994470477104187,
    -0.032119158655405045
   ]
  ]
 },
 {
  "rotation_euler": [
   0.06902704387903214,
   -1.7376208305358887,
   -0.06504012644290924
  ],
  "euler_order": "XYZ",
  "rotation_matrix": [
   [
    -0.16570068895816803,
    -0.003031392116099596,
    -0.9861714243888855
   ],
   [
    0.010792415589094162,
    0.9999298453330994,
    -0.004887071438133717
   ],
   [
    0.9861170053482056,
    -0.011452963575720787,
    -0.16565634310245514
   ]
  ]
 },
 {
  "rotation_euler": [
   1.602921962738037,
   -0.008602194488048553,
   -1.3553211688995361
  ],
  "euler_order": "XYZ",
  "rotation_matrix": [
   [
    0.2138037085533142,
    -0.033215608447790146,
    -0.9763118028640747
   ],
   [
    -0.9768387675285339,
    0.0015311755705624819,
    -0.21397121250629425
   ],
   [
    0.008602088317275047,
    0.9994470477104187,
    -0.03211892023682594
   ]
  ]
 },
 {
  "rotation_euler": [
   0.003309657098725438,
   -0.32423561811447144,
   2.288564682006836
  ],
  "euler_order": "XYZ",
  "rotation_matrix": [
   [
    -0.6234351992607117,
    -0.7525777816772461,
    0.21202652156352997
   ],
   [
    0.714025616645813,
    -0.6584959030151367,
    -0.2378036379814148
   ],
   [
    0.3185843229293823,
    0.003137200139462948,
    0.9478893280029297
   ]
  ]
 },
 {
  "rotation_euler": [
   1.6035935878753662,
   -0.02541991136968136,
   -1.3939669132232666
  ],
  "euler_order": "XYZ",
  "rotation_matrix": [
   [
    0.17585249245166779,
    -0.03674875944852829,
    -0.9837303757667542
   ],
   [
    -0.9840883612632751,
    0.019239062443375587,
    -0.17663519084453583
   ],
   [
    0.02541717328131199,
    0.9991393089294434,
    -0.03278078883886337
   ]
  ]
 },
 {
  "rotation_euler": [
   1.60292387008667,
   -0.00864012073725462,
   1.8859773874282837
  ],
  "euler_order": "XYZ",
  "rotation_matrix": [
   [
    -0.30997705459594727,
    0.03321661800146103,
    0.9501636028289795
   ],
   [
    0.9507047533988953,
    0.0017472900217399001,
    0.3100925087928772
   ],
   [
    0.008640013635158539,
    0.9994466304779053,
    -0.03212081640958786
   ]
  ]
 },
 {
  "rotation_euler": [
   -0.04400890693068504,
   1.7309197187423706,
   -1.4425679445266724
  ],
  "euler_order": "XYZ",
  "rotation_matrix": [
   [
    -0.020388754084706306,
    0.9852757453918457,
    0.16975268721580505
   ],
   [
    0.15813101828098297,
    0.17082878947257996,
    -0.9725286960601807
   ],
   [
    -0.9872075915336609,
    0.0070145162753760815,
    -0.15928564965724945
   ]
  ]
 },
 {
  "rotation_euler": [
   1.6029425859451294,
   -0.008566617034375668,
   1.6808855533599854
  ],
  "euler_order": "XYZ",
  "rotation_matrix": [
   [
    -0.10986295342445374,
    0.032886844128370285,
    0.9934025406837463
   ],
   [
    0.9939098358154297,
    -0.004979049786925316,
    0.11008389294147491
   ],
   [
    0.008566511794924736,
    0.99944669008255,
    -0.03213954344391823
   ]
  ]
 },
 {
  "rotation_euler": [
   0.024801628664135933,
   0.2094949334859848,
   2.6348066329956055
  ],
  "euler_order": "XYZ",
  "rotation_matrix": [
   [
    -0.8551931381225586,
    -0.4897296130657196,
    -0.16973380744457245
   ],
   [
    0.47475767135620117,
    -0.8715368509292603,
    0.12259137630462646
   ],
   [
    -0.2079658955335617,
    0.024256881326436996,
    0.9778352379798889
   ]
  ]
 },
 {
  "rotation_euler": [
   0.0024559199810028076,
   -0.3611372709274292,
   -0.7602856159210205
  ],
  "euler_order": "XYZ",
  "rotation_matrix": [
   [
    0.6778967976570129,
    0.6884975433349609,
    -0.2577345073223114
   ],
   [
    -0.6446766257286072,
    0.7252350449562073,
    0.24171513319015503
   ],
   [
    0.353338360786438,
    0.002297499915584922,
    0.935492753982544
   ]
  ]
 },
 {
  "rotation_euler": [
   1.6029373407363892,
   -0.008514816872775555,
   -0.1705302745103836
  ],
  "euler_order": "XYZ",
  "rotation_matrix": [
   [
    0.9854592084884644,
    -0.01384042389690876,
    -0.16934765875339508
   ],
   [
    -0.1696988046169281,
    -0.030225109308958054,
    -0.9850323796272278
   ],
   [
    0.008514714427292347,
    0.9994472861289978,
    -0.032134316861629486
   ]
  ]
 },
 {
  "rotation_euler": [
   -0.03625543415546417,
   1.7312415838241577,
   1.3293513059616089
  ],
  "euler_order": "XYZ",
  "rotation_matrix": [
   [
    -0.038199037313461304,
    -0.9789110422134399,
    0.20068377256393433
   ],
   [
    -0.1551237404346466,
    0.20420482754707336,
    0.9665593504905701
   ],
   [
    -0.9871562719345093,
    0.005790818016976118,
    -0.15965276956558228
   ]
  ]
 },
 {
  "rotation_euler": [
   0.022529440000653267,
   -0.3297930955886841,
   -2.9589438438415527
  ],
  "euler_order": "XYZ",
  "rotation_matrix": [
   [
    -0.9303718209266663,
    0.18876299262046814,
    0.31428781151771545
   ],
   [
    -0.17184653878211975,
    -0.9817913770675659,
    0.08095987141132355
   ],
   [
    0.32384729385375977,
    0.021313510835170746,
    0.9458692669868469
   ]
  ]
 },
 {
  "rotation_euler": [
   0.11122741550207138,
   -1.7386142015457153,
   1.6649242639541626
  ],
  "euler_order": "XYZ",
  "rotation_matrix": [
   [
    0.015699103474617004,
    -0.9791351556777954,
    0.202602818608284
   ],
   [
    -0.16629187762737274,
    -0.20236261188983917,
    -0.9650887846946716
   ],
   [
    0.9859516024589539,
    -0.018540173768997192,
    -0.1659991294145584
   ]
  ]
 }
]