[
 {
  "rotation_euler": [
   -1.321112871170044,
   -1.2882112264633179,
   1.9448689222335815
  ],
  "euler_order": "XYZ",
  "rotation_matrix": [
   [
    -0.1018904522061348,
    -0.5700445175170898,
    -0.8152714967727661
   ],
   [
    0.2595565617084503,
    0.7759157419204712,
    -0.5749653577804565
   ],
   [
    0.9603378176689148,
    -0.27019253373146057,
    0.06890038400888443
   ]
  ]
 },
 {
  "rotation_euler": [
   -1.5997389554977417,
   -1.2446579933166504,
   -0.5393407940864563
  ],
  "euler_order": "XYZ",
  "rotation_matrix": [
   [
    0.27490749955177307,
    0.7976144552230835,
    0.5368771553039551
   ],
   [
    -0.16454146802425385,
    -0.511125385761261,
    0.8436094522476196
   ],
   [
    0.9472866058349609,
    -0.3202531337738037,
    -0.00927155651152134
   ]
  ]
 },
 {
  "rotation_euler": [
   1.4438518285751343,
   1.9613666534423828,
   0.6675765514373779
  ],
  "euler_order": "XYZ",
  "rotation_matrix": [
   [
    -0.29898542165756226,
    0.6419613361358643,
    0.706040620803833
   ],
   [
    -0.23569533228874207,
    0.6672812700271606,
    -0.7065291404724121
   ],
   [
    -0.9246920943260193,
    -0.3776523768901825,
    -0.048200082033872604
   ]
  ]
 },
 {
  "rotation_euler": [
   -0.5168426632881165,
   1.2411110401153564,
   -1.9384599924087524
  ],
  "euler_order": "XYZ",
  "rotation_matrix": [
   [
    -0.11636578291654587,
    0.9793280959129333,
    0.16545556485652924
   ],
   [
    -0.3021092712879181,
    0.12379265576601028,
    -0.9452012181282043
   ],
   [
    -0.9461442828178406,
    -0.15997473895549774,
    0.28145885467529297
   ]
  ]
 },
 {
  "rotation_euler": [
   2.329841136932373,
   1.8694113492965698,
   0.27897271513938904
  ],
  "euler_order": "XYZ",
  "rotation_matrix": [
   [
    -0.2828228175640106,
    0.856096088886261,
    -0.4325629770755768
   ],
   [
    -0.08101245015859604,
    -0.47068431973457336,
    -0.878574550151825
   ],
   [
    -0.9557448625564575,
    -0.21343792974948883,
    0.2024747133255005
   ]
  ]
 },
 {
  "rotation_euler": [
   1.4011740684509277,
   -1.9304379224777222,
   0.1757185161113739
  ],
  "euler_order": "XYZ",
  "rotation_matrix": [
   [
    -0.3465193510055542,
    -0.9378936290740967,
    0.016729870811104774
   ],
   [
    -0.0615244023501873,
    0.004927447997033596,
    -0.9980934262275696
   ],
   [
    0.9360229969024658,
    -0.3468879759311676,
    -0.05941079929471016
   ]
  ]
 },
 {
  "rotation_euler": [
   -0.3218271732330322,
   1.2173912525177002,
   -0.814328670501709
  ],
  "euler_order": "XYZ",
  "rotation_matrix": [
   [
    0.23754426836967468,
    0.48624810576438904,
    0.8409134745597839
   ],
   [
    -0.25170236825942993,
    0.8669366240501404,
    -0.43019387125968933
   ],
   [
    -0.9381996989250183,
    -0.10946983098983765,
    0.32832562923431396
   ]
  ]
 },
 {
  "rotation_euler": [
   -1.91559636592865,
   -1.14540696144104,
   1.1040078401565552
  ],
  "euler_order": "XYZ",
  "rotation_matrix": [
   [
    0.18571250140666962,
    0.6876354217529297,
    -0.7019034028053284
   ],
   [
    0.3685266971588135,
    0.6134438514709473,
    0.6984803080558777
   ],
   [
    0.9108781218528748,
    -0.38838666677474976,
    -0.13948781788349152
   ]
  ]
 },
 {
  "rotation_euler": [
   -1.5561213493347168,
   -1.2531726360321045,
   -0.14598429203033447
  ],
  "euler_order": "XYZ",
  "rotation_matrix": [
   [
    0.3089880347251892,
    0.9419089555740356,
    0.13165850937366486
   ],
   [
    -0.045430585741996765,
    -0.12365689128637314,
    0.9912845492362976
   ],
   [
    0.9499802589416504,
    -0.31227636337280273,
    0.00458297785371542
   ]
  ]
 },
 {
  "rotation_euler": [
   -0.519882082939148,
   1.2414536476135254,
   0.8871840834617615
  ],
  "euler_order": "XYZ",
  "rotation_matrix": [
   [
    0.20427203178405762,
    -0.969762921333313,
    0.1335393786430359
   ],
   [
    0.2507471740245819,
    0.18369944393634796,
    0.9504632353782654
   ],
   [
    -0.9462551474571228,
    -0.16066843271255493,
    0.2806899845600128
   ]
  ]
 },
 {
  "rotation_euler": [
   1.654791235923767,
   1.897039771080017,
   0.9166187047958374
  ],
  "euler_order": "XYZ",
  "rotation_matrix": [
   [
    -0.195018470287323,
    0.6409534811973572,
    0.742392361164093
   ],
   [
    -0.2543219327926636,
    0.6979897618293762,
    -0.6694256067276001
   ],
   [
    -0.9472529292106628,
    -0.3193570077419281,
    0.026887625455856323
   ]
  ]
 },
 {
  "rotation_euler": [
   1.525447130203247,
   -1.900228500366211,
   -0.10941565781831741
  ],
  "euler_order": "XYZ",
  "rotation_matrix": [
   [
    -0.3215712606906891,
    -0.9346505403518677,
    -0.15172457695007324
   ],
   [
    0.03532601520419121,
    0.14828184247016907,
    -0.9883140325546265
   ],
   [
    0.946226179599762,
    -0.3231731951236725,
    -0.014665699563920498
   ]
  ]
 },
 {
  "rotation_euler": [
   -0.7081538438796997,
   1.2653783559799194,
   -0.5799172520637512
  ],
  "euler_order": "XYZ",
  "rotation_matrix": [
   [
    0.25153112411499023,
    -0.10270556807518005,
    0.9623843431472778
   ],
   [
    -0.16476550698280334,
    0.9752948880195618,
    0.14714689552783966
   ],
   [
    -0.9537213444709778,
    -0.19557976722717285,
    0.22839467227458954
   ]
  ]
 },
 {
  "rotation_euler": [
   0.9450385570526123,
   -2.098933696746826,
   1.0107994079589844
  ],
  "euler_order": "XYZ",
  "rotation_matrix": [
   [
    -0.2676768898963928,
    -0.8681212663650513,
    0.41798874735832214
   ],
   [
    -0.4269541800022125,
    -0.28203046321868896,
    -0.8591675758361816
   ],
   [
    0.8637471795082092,
    -0.40844136476516724,
    -0.29515495896339417
   ]
  ]
 },
 {
  "rotation_euler": [
   -0.10142963379621506,
   -0.22127161920070648,
   -2.688377618789673
  ],
  "euler_order": "XYZ",
  "rotation_matrix": [
   [
    -0.877124547958374,
    0.41562870144844055,
    0.24063514173030853
   ],
   [
    -0.4271828830242157,
    -0.9041537046432495,
    0.00456960778683424
   ],
   [
    0.21947041153907776,
    -0.0987871065735817,
    0.9706048965454102
   ]
  ]
 },
 {
  "rotation_euler": [
   -1.550686240196228,
   -1.2542502880096436,
   -1.0966876745224
  ],
  "euler_order": "XYZ",
  "rotation_matrix": [
   [
    0.14211627840995789,
    0.4516656994819641,
    0.8807957172393799
   ],
   [
    -0.27695122361183167,
    -0.8361448645591736,
    0.47345513105392456
   ],
   [
    0.9503162503242493,
    -0.3112231194972992,
    0.00625956803560257
   ]
  ]
 }
]