[
 {
  "rotation_euler": [
   -0.1959935575723648,
   0.12032350152730942,
   -2.638817310333252
  ],
  "euler_order": "XYZ",
  "rotation_matrix": [
   [
    -0.8699132204055786,
    0.4931166172027588,
    -0.009327552281320095
   ],
   [
    -0.4783753752708435,
    -0.8482088446617126,
    -0.22737352550029755
   ],
   [
    -0.1200333759188652,
    -0.19333316385746002,
    0.9737629294395447
   ]
  ]
 },
 {
  "rotation_euler": [
   -0.1866714060306549,
   0.05329333245754242,
   -1.5443644523620605
  ],
  "euler_order": "XYZ",
  "rotation_matrix": [
   [
    0.026391275227069855,
    0.9820229411125183,
    0.18690769374370575
   ],
   [
    -0.9982314109802246,
    0.03585219010710716,
    -0.04741952195763588
   ],
   [
    -0.053268108516931534,
    -0.18532566726207733,
    0.9812323451042175
   ]
  ]
 },
 {
  "rotation_euler": [
   -0.19309338927268982,
   -0.06421288847923279,
   -1.6170138120651245
  ],
  "euler_order": "XYZ",
  "rotation_matrix": [
   [
    -0.04610581696033478,
    0.979798436164856,
    0.19460035860538483
   ],
   [
    -0.9968734383583069,
    -0.05764296278357506,
    0.05404318496584892
   ],
   [
    0.0641687661409378,
    -0.1915002167224884,
    0.9793927073478699
   ]
  ]
 },
 {
  "rotation_euler": [
   -0.19143715500831604,
   0.08820804953575134,
   -1.7827588319778442
  ],
  "euler_order": "XYZ",
  "rotation_matrix": [
   [
    -0.20956097543239594,
    0.9632868766784668,
    0.16781724989414215
   ],
   [
    -0.9738191366195679,
    -0.190149188041687,
    -0.12457765638828278
   ],
   [
    -0.08809370547533035,
    -0.18953025341033936,
    0.9779149889945984
   ]
  ]
 },
 {
  "rotation_euler": [
   -0.19035719335079193,
   0.07969211041927338,
   1.6937365531921387
  ],
  "euler_order": "XYZ",
  "rotation_matrix": [
   [
    -0.12224157154560089,
    -0.9726783037185669,
    -0.1973675936460495
   ],
   [
    0.9893025755882263,
    -0.13536453247070312,
    0.054376885294914246
   ],
   [
    -0.07960778474807739,
    -0.18860915303230286,
    0.9788203239440918
   ]
  ]
 },
 {
  "rotation_euler": [
   -0.19568754732608795,
   0.11832854151725769,
   0.7061808705329895
  ],
  "euler_order": "XYZ",
  "rotation_matrix": [
   [
    0.7555254697799683,
    -0.6540120244026184,
    -0.0380735918879509
   ],
   [
    0.6443949937820435,
    0.7314286828041077,
    0.2230856865644455
   ],
   [
    -0.11805260181427002,
    -0.1930813491344452,
    0.9740549921989441
   ]
  ]
 },
 {
  "rotation_euler": [
   -0.19701887667179108,
   0.12782835960388184,
   -0.0543607622385025
  ],
  "euler_order": "XYZ",
  "rotation_matrix": [
   [
    0.9903759360313416,
    0.028365835547447205,
    0.13546538352966309
   ],
   [
    -0.053890686482191086,
    0.9805617332458496,
    0.18866507709026337
   ],
   [
    -0.12748052179813385,
    -0.1941496729850769,
    0.9726533889770508
   ]
  ]
 },
 {
  "rotation_euler": [
   -0.19957929849624634,
   0.1464143991470337,
   -2.3398427963256836
  ],
  "euler_order": "XYZ",
  "rotation_matrix": [
   [
    -0.6880094408988953,
    0.724425733089447,
    0.043015800416469574
   ],
   [
    -0.710885763168335,
    -0.660861611366272,
    -0.24063105881214142
   ],
   [
    -0.14589184522628784,
    -0.1961357593536377,
    0.9696630239486694
   ]
  ]
 },
 {
  "rotation_euler": [
   -0.1903602033853531,
   -0.043490778654813766,
   2.8409316539764404
  ],
  "euler_order": "XYZ",
  "rotation_matrix": [
   [
    -0.9542377591133118,
    -0.2986593544483185,
    -0.015259022824466228
   ],
   [
    0.2958715856075287,
    -0.9354511499404907,
    -0.19336792826652527
   ],
   [
    0.04347706958651543,
    -0.18903368711471558,
    0.9810076355934143
   ]
  ]
 },
 {
  "rotation_euler": [
   -0.19351957738399506,
   -0.06738562881946564,
   -1.6186602115631104
  ],
  "euler_order": "XYZ",
  "rotation_matrix": [
   [
    -0.04773702472448349,
    0.9795899987220764,
    0.19525523483753204
   ],
   [
    -0.9965878129005432,
    -0.05988705903291702,
    0.056800682097673416
   ],
   [
    0.06733464449644089,
    -0.19187748432159424,
    0.9791062474250793
   ]
  ]
 },
 {
  "rotation_euler": [
   -0.1928786188364029,
   -0.0625414326786995,
   0.2734013497829437
  ],
  "euler_order": "XYZ",
  "rotation_matrix": [
   [
    0.9609755873680115,
    -0.2534656524658203,
    -0.11081980913877487
   ],
   [
    0.2694801092147827,
    0.9482381343841553,
    0.1680026352405548
   ],
   [
    0.06250067055225372,
    -0.19131016731262207,
    0.9795376658439636
   ]
  ]
 },
 {
  "rotation_euler": [
   -0.20178690552711487,
   0.16251522302627563,
   0.988620936870575
  ],
  "euler_order": "XYZ",
  "rotation_matrix": [
   [
    0.542597234249115,
    -0.8361513018608093,
    -0.08024494349956512
   ],
   [
    0.8242625594139099,
    0.5115997791290283,
    0.24260452389717102
   ],
   [
    -0.1618008017539978,
    -0.19777944684028625,
    0.9668008089065552
   ]
  ]
 },
 {
  "rotation_euler": [
   -0.19603732228279114,
   0.12061956524848938,
   -1.8525538444519043
  ],
  "euler_order": "XYZ",
  "rotation_matrix": [
   [
    -0.27602410316467285,
    0.948686420917511,
    0.1542879194021225
   ],
   [
    -0.9535890221595764,
    -0.25020501017570496,
    -0.16752733290195465
   ],
   [
    -0.12032729387283325,
    -0.1933688521385193,
    0.973719596862793
   ]
  ]
 },
 {
  "rotation_euler": [
   -0.19919021427631378,
   0.1435667723417282,
   -2.6722252368927
  ],
  "euler_order": "XYZ",
  "rotation_matrix": [
   [
    -0.8826791644096375,
    0.4686276912689209,
    -0.03557470813393593
   ],
   [
    -0.4476687014102936,
    -0.8614144325256348,
    -0.2399122565984726
   ],
   [
    -0.14307409524917603,
    -0.19583986699581146,
    0.9701425433158875
   ]
  ]
 },
 {
  "rotation_euler": [
   -0.19416552782058716,
   -0.07223321497440338,
   -1.4643460512161255
  ],
  "euler_order": "XYZ",
  "rotation_matrix": [
   [
    0.1059722825884819,
    0.9771344661712646,
    0.18433167040348053
   ],
   [
    -0.9917466044425964,
    0.09040651470422745,
    0.09091400355100632
   ],
   [
    0.07217041403055191,
    -0.19244466722011566,
    0.9786503314971924
   ]
  ]
 },
 {
  "rotation_euler": [
   -0.19511771202087402,
   -0.07944177836179733,
   0.37210047245025635
  ],
  "euler_order": "XYZ",
  "rotation_matrix": [
   [
    0.9286277294158936,
    -0.3423409163951874,
    -0.14301489293575287
   ],
   [
    0.3624263107776642,
    0.9194831252098083,
    0.15230880677700043
   ],
   [
    0.07935824245214462,
    -0.19327054917812347,
    0.9779308438301086
   ]
  ]
 }
]