[
 {
  "rotation_euler": [
   -1.308558330492815e-05,
   6.076117642805912e-06,
   -2.8057861328125
  ],
  "euler_order": "XYZ",
  "rotation_matrix": [
   [
    -0.9441448450088501,
    0.3295307457447052,
    -1.4246330692913034e-06
   ],
   [
    -0.3295307457447052,
    -0.9441448450088501,
    -1.4356953215610702e-05
   ],
   [
    -6.076117642805912e-06,
    -1.308558330492815e-05,
    1.0
   ]
  ]
 },
 {
  "rotation_euler": [
   3.2561881653236924e-06,
   3.918669790436979e-06,
   1.7248140573501587
  ],
  "euler_order": "XYZ",
  "rotation_matrix": [
   [
    -0.15340952575206757,
    -0.9881626963615417,
    2.6164823339058785e-06
   ],
   [
    0.9881626963615417,
    -0.15340952575206757,
    4.371813702164218e-06
   ],
   [
    -3.918669790436979e-06,
    3.2561881653236924e-06,
    1.0
   ]
  ]
 },
 {
  "rotation_euler": [
   2.9610243927891133e-06,
   1.940039510373026e-06,
   2.1437129974365234
  ],
  "euler_order": "XYZ",
  "rotation_matrix": [
   [
    -0.5420852899551392,
    -0.8403234481811523,
    1.436551428923849e-06
   ],
   [
    0.8403234481811523,
    -0.5420852899551392,
    3.2353884762414964e-06
   ],
   [
    -1.940039510373026e-06,
    2.9610243927891133e-06,
    1.0
   ]
  ]
 },
 {
  "rotation_euler": [
   -2.6835423341253772e-06,
   -3.95982715417631e-06,
   -2.9190192222595215
  ],
  "euler_order": "XYZ",
  "rotation_matrix": [
   [
    -0.9753326177597046,
    0.22074030339717865,
    4.454514510143781e-06
   ],
   [
    -0.22074030339717865,
    -0.9753326177597046,
    -1.7432529375582817e-06
   ],
   [
    3.95982715417631e-06,
    -2.6835423341253772e-06,
    1.0
   ]
  ]
 },
 {
  "rotation_euler": [
   5.0210528570460156e-06,
   -4.369938778836513e-06,
   2.35636305809021
  ],
  "euler_order": "XYZ",
  "rotation_matrix": [
   [
    -0.7072259783744812,
    -0.7069875597953796,
    6.640356332354713e-06
   ],
   [
    0.7069875597953796,
    -0.7072259783744812,
    4.615265254415135e-07
   ],
   [
    4.369938778836513e-06,
    5.0210528570460156e-06,
    1.0
   ]
  ]
 },
 {
  "rotation_euler": [
   -1.357195174023218e-06,
   4.928164798911894e-06,
   3.0402464866638184
  ],
  "euler_order": "XYZ",
  "rotation_matrix": [
   [
    -0.9948688745498657,
    -0.10117276757955551,
    -5.040189080318669e-06
   ],
   [
    0.10117276757955551,
    -0.9948688745498657,
    -8.516351499565644e-07
   ],
   [
    -4.928164798911894e-06,
    -1.357195174023218e-06,
    1.0
   ]
  ]
 },
 {
  "rotation_euler": [
   -1.1412734238547273e-05,
   -7.964191354403738e-06,
   -3.0508649349212646
  ],
  "euler_order": "XYZ",
  "rotation_matrix": [
   [
    -0.995887041091919,
    0.0906032994389534,
    8.96546680451138e-06
   ],
   [
    -0.0906032994389534,
    -0.995887041091919,
    -1.064421212504385e-05
   ],
   [
    7.964191354403738e-06,
    -1.1412734238547273e-05,
    1.0
   ]
  ]
 },
 {
  "rotation_euler": [
   -3.7924573916825466e-06,
   2.3251579477800988e-05,
   2.0237560272216797
  ],
  "euler_order": "XYZ",
  "rotation_matrix": [
   [
    -0.43762868642807007,
    -0.8991557955741882,
    -1.3585568012786098e-05
   ],
   [
    0.8991557955741882,
    -0.43762868642807007,
    1.924710340972524e-05
   ],
   [
    -2.3251579477800988e-05,
    -3.7924573916825466e-06,
    1.0
   ]
  ]
 },
 {
  "rotation_euler": [
   3.546353582351003e-06,
   -9.63311867963057e-06,
   -0.22687096893787384
  ],
  "euler_order": "XYZ",
  "rotation_matrix": [
   [
    0.9743749499320984,
    0.2249297797679901,
    -1.0183950507780537e-05
   ],
   [
    -0.2249297797679901,
    0.9743749499320984,
    -1.2887029470221023e-06
   ],
   [
    9.63311867963057e-06,
    3.546353582351003e-06,
    1.0
   ]
  ]
 },
 {
  "rotation_euler": [
   3.1083968679013196e-06,
   -5.173257250135066e-06,
   -0.8060764670372009
  ],
  "euler_order": "XYZ",
  "rotation_matrix": [
   [
    0.6923348903656006,
    0.7215763330459595,
    -5.8245718719263095e-06
   ],
   [
    -0.7215763330459595,
    0.6923348903656006,
    1.5808484477020102e-06
   ],
   [
    5.173257250135066e-06,
    3.1083968679013196e-06,
    1.0
   ]
  ]
 },
 {
  "rotation_euler": [
   5.395836524257902e-06,
   -5.789700026070932e-06,
   -1.7561262845993042
  ],
  "euler_order": "XYZ",
  "rotation_matrix": [
   [
    -0.18427084386348724,
    0.9828755259513855,
    -4.236562745063566e-06
   ],
   [
    -0.9828755259513855,
    -0.18427084386348724,
    6.684849722660147e-06
   ],
   [
    5.789700026070932e-06,
    5.395836524257902e-06,
    1.0
   ]
  ]
 },
 {
  "rotation_euler": [
   1.8221169710159302,
   -0.0035202123690396547,
   -2.772641897201538
  ],
  "euler_order": "XYZ",
  "rotation_matrix": [
   [
    -0.9327004551887512,
    -0.08650423586368561,
    -0.3501240313053131
   ],
   [
    -0.36063477396965027,
    0.23317813873291016,
    0.9030894637107849
   ],
   [
    0.0035202051512897015,
    0.9685788154602051,
    -0.24868178367614746
   ]
  ]
 },
 {
  "rotation_euler": [
   1.670912979534478e-06,
   -5.490010607900331e-06,
   3.136479377746582
  ],
  "euler_order": "XYZ",
  "rotation_matrix": [
   [
    -0.9999869465827942,
    -0.005113253369927406,
    5.498482551047346e-06
   ],
   [
    0.005113253369927406,
    -0.9999869465827942,
    1.6428193703177385e-06
   ],
   [
    5.490010607900331e-06,
    1.670912979534478e-06,
    1.0
   ]
  ]
 },
 {
  "rotation_euler": [
   4.901863576378673e-06,
   -3.6790961530641653e-06,
   3.1180105209350586
  ],
  "euler_order": "XYZ",
  "rotation_matrix": [
   [
    -0.9997219443321228,
    -0.023579947650432587,
    3.7936588341835886e-06
   ],
   [
    0.023579947650432587,
    -0.9997219443321228,
    4.813747636944754e-06
   ],
   [
    3.6790961530641653e-06,
    4.901863576378673e-06,
    1.0
   ]
  ]
 },
 {
  "rotation_euler": [
   1.7473965272074565e-05,
   -8.733793038118165e-06,
   1.0801024436950684
  ],
  "euler_order": "XYZ",
  "rotation_matrix": [
   [
    0.47123801708221436,
    -0.8820061087608337,
    1.129644806496799e-05
   ],
   [
    0.8820061087608337,
    0.47123801708221436,
    -1.5937655916786753e-05
   ],
   [
    8.733793038118165e-06,
    1.7473965272074565e-05,
    1.0
   ]
  ]
 },
 {
  "rotation_euler": [
   7.846708285796922e-06,
   2.5683832518552663e-06,
   1.742647409439087
  ],
  "euler_order": "XYZ",
  "rotation_matrix": [
   [
    -0.1710064560174942,
    -0.9852699041366577,
    7.291915608220734e-06
   ],
   [
    0.9852699041366577,
    -0.1710064560174942,
    3.87238833354786e-06
   ],
   [
    -2.5683832518552663e-06,
    7.846708285796922e-06,
    1.0
   ]
  ]
 }
]