[
 {
  "rotation_euler": [
   0.10079557448625565,
   2.722327917581424e-05,
   2.916839361190796
  ],
  "euler_order": "XYZ",
  "rotation_matrix": [
   [
    -0.9748491048812866,
    -0.22173736989498138,
    0.02239947021007538
   ],
   [
    0.22286586463451385,
    -0.9699006080627441,
    0.0981002151966095
   ],
   [
    -2.722327917581424e-05,
    0.10062498599290848,
    0.9949244260787964
   ]
  ]
 },
 {
  "rotation_euler": [
   0.10079558193683624,
   2.8114100132370368e-05,
   1.0409687757492065
  ],
  "euler_order": "XYZ",
  "rotation_matrix": [
   [
    0.5053845643997192,
    -0.8585131168365479,
    0.0868428647518158
   ],
   [
    0.8628942370414734,
    0.5028218626976013,
    -0.05083017796278
   ],
   [
    -2.8114100132370368e-05,
    0.10062499344348907,
    0.9949244260787964
   ]
  ]
 },
 {
  "rotation_euler": [
   0.10079557448625565,
   2.815820880641695e-05,
   0.623376727104187
  ],
  "euler_order": "XYZ",
  "rotation_matrix": [
   [
    0.8119118213653564,
    -0.580814778804779,
    0.058765608817338943
   ],
   [
    0.5837801098823547,
    0.8077925443649292,
    -0.08168225735425949
   ],
   [
    -2.815820880641695e-05,
    0.10062498599290848,
    0.9949244260787964
   ]
  ]
 },
 {
  "rotation_euler": [
   0.10079557448625565,
   2.7522850359673612e-05,
   0.7340242266654968
  ],
  "euler_order": "XYZ",
  "rotation_matrix": [
   [
    0.7424847483634949,
    -0.6664609909057617,
    0.06742528080940247
   ],
   [
    0.6698629856109619,
    0.7387180328369141,
    -0.07469417154788971
   ],
   [
    -2.7522850359673612e-05,
    0.10062498599290848,
    0.9949244260787964
   ]
  ]
 },
 {
  "rotation_euler": [
   1.5717556476593018,
   1.469767689704895,
   -0.21636779606342316
  ],
  "euler_order": "XYZ",
  "rotation_matrix": [
   [
    0.09850525110960007,
    0.971497118473053,
    -0.21561561524868011
   ],
   [
    -0.021652307361364365,
    -0.21452569961547852,
    -0.9764783382415771
   ],
   [
    -0.9949009418487549,
    0.10085681825876236,
    -9.675407636677846e-05
   ]
  ]
 },
 {
  "rotation_euler": [
   1.569830298423767,
   -1.470257043838501,
   0.37227514386177063
  ],
  "euler_order": "XYZ",
  "rotation_matrix": [
   [
    0.09349486976861954,
    -0.92714923620224,
    0.3628401756286621
   ],
   [
    0.03650814667344093,
    -0.36099883913993835,
    -0.9318513870239258
   ],
   [
    0.9949501752853394,
    0.10036994516849518,
    9.696024062577635e-05
   ]
  ]
 },
 {
  "rotation_euler": [
   0.10079561173915863,
   2.771673462120816e-05,
   1.4619548320770264
  ],
  "euler_order": "XYZ",
  "rotation_matrix": [
   [
    0.10862672328948975,
    -0.9890367388725281,
    0.10003258287906647
   ],
   [
    0.9940826296806335,
    0.10807815194129944,
    -0.01090315356850624
   ],
   [
    -2.771673462120816e-05,
    0.10062502324581146,
    0.9949244260787964
   ]
  ]
 },
 {
  "rotation_euler": [
   -1.571765661239624,
   -1.6713355779647827,
   0.2672089636325836
  ],
  "euler_order": "XYZ",
  "rotation_matrix": [
   [
    -0.09680798649787903,
    0.9598965048789978,
    -0.26311013102531433
   ],
   [
    -0.0265017319470644,
    0.2617720663547516,
    0.9647657871246338
   ],
   [
    0.9949501752853394,
    0.10036991536617279,
    9.729204612085596e-05
   ]
  ]
 },
 {
  "rotation_euler": [
   0.10079558938741684,
   2.75551628874382e-05,
   1.734650731086731
  ],
  "euler_order": "XYZ",
  "rotation_matrix": [
   [
    -0.16312219202518463,
    -0.9815987348556519,
    0.09927274286746979
   ],
   [
    0.9866058826446533,
    -0.1622915118932724,
    0.016441218554973602
   ],
   [
    -2.75551628874382e-05,
    0.10062500089406967,
    0.9949244260787964
   ]
  ]
 },
 {
  "rotation_euler": [
   0.10079561173915863,
   2.755767127382569e-05,
   2.3711998462677
  ],
  "euler_order": "XYZ",
  "rotation_matrix": [
   [
    -0.7176371812820435,
    -0.6928844451904297,
    0.07005731761455536
   ],
   [
    0.6964172124862671,
    -0.7139928340911865,
    0.07223135232925415
   ],
   [
    -2.755767127382569e-05,
    0.10062502324581146,
    0.9949244260787964
   ]
  ]
 },
 {
  "rotation_euler": [
   0.10079558938741684,
   2.7475825845613144e-05,
   -1.661686658859253
  ],
  "euler_order": "XYZ",
  "rotation_matrix": [
   [
    -0.09076524525880814,
    0.9908174276351929,
    -0.10021213442087173
   ],
   [
    -0.9958723187446594,
    -0.0903073102235794,
    0.009106028825044632
   ],
   [
    -2.7475825845613144e-05,
    0.10062500089406967,
    0.9949244260787964
   ]
  ]
 },
 {
  "rotation_euler": [
   0.10079559683799744,
   2.7743964892579243e-05,
   1.6297539472579956
  ],
  "euler_order": "XYZ",
  "rotation_matrix": [
   [
    -0.058923471719026566,
    -0.9931958913803101,
    0.10044854134321213
   ],
   [
    0.9982625246047974,
    -0.0586216114461422,
    0.005956729874014854
   ],
   [
    -2.7743964892579243e-05,
    0.10062500834465027,
    0.9949244260787964
   ]
  ]
 },
 {
  "rotation_euler": [
   0.10079556703567505,
   2.8097207177779637e-05,
   -3.0653412342071533
  ],
  "euler_order": "XYZ",
  "rotation_matrix": [
   [
    -0.9970942735671997,
    0.07578808814287186,
    -0.007693237625062466
   ],
   [
    -0.07617755234241486,
    -0.9920336604118347,
    0.10033045709133148
   ],
   [
    -2.8097207177779637e-05,
    0.10062497854232788,
    0.9949244260787964
   ]
  ]
 },
 {
  "rotation_euler": [
   -1.569828748703003,
   1.6718248128890991,
   -0.005186997354030609
  ],
  "euler_order": "XYZ",
  "rotation_matrix": [
   [
    -0.10085535794496536,
    -0.9948821067810059,
    0.006149603053927422
   ],
   [
    0.0005231411778368056,
    0.006128088105469942,
    0.9999811053276062
   ],
   [
    -0.9949009418487549,
    0.10085666179656982,
    -9.7586729680188e-05
   ]
  ]
 },
 {
  "rotation_euler": [
   0.10079559683799744,
   2.755062814685516e-05,
   -2.2379250526428223
  ],
  "euler_order": "XYZ",
  "rotation_matrix": [
   [
    -0.6187328696250916,
    0.7816123366355896,
    -0.07906810939311981
   ],
   [
    -0.7856014370918274,
    -0.6155946254730225,
    0.06223846599459648
   ],
   [
    -2.755062814685516e-05,
    0.10062500834465027,
    0.9949244260787964
   ]
  ]
 },
 {
  "rotation_euler": [
   0.10079562664031982,
   2.7822976335301064e-05,
   0.7998473644256592
  ],
  "euler_order": "XYZ",
  "rotation_matrix": [
   [
    0.6968162059783936,
    -0.7136073112487793,
    0.07219257205724716
   ],
   [
    0.7172497510910034,
    0.6932814717292786,
    -0.07009729743003845
   ],
   [
    -2.7822976335301064e-05,
    0.10062503814697266,
    0.9949244260787964
   ]
  ]
 }
]