[
 {
  "rotation_euler": [
   0.4751945436000824,
   -1.344438942396664e-07,
   0.3856307864189148
  ],
  "euler_order": "XYZ",
  "rotation_matrix": [
   [
    0.9265613555908203,
    -0.33446842432022095,
    0.17208991944789886
   ],
   [
    0.3761436641216278,
    0.8239017724990845,
    -0.4239124655723572
   ],
   [
    1.344438942396664e-07,
    0.45751145482063293,
    0.8892037272453308
   ]
  ]
 },
 {
  "rotation_euler": [
   0.47519493103027344,
   -5.9516445105600724e-08,
   -2.056215524673462
  ],
  "euler_order": "XYZ",
  "rotation_matrix": [
   [
    -0.4665791690349579,
    0.7864822745323181,
    -0.4046597480773926
   ],
   [
    -0.8844794631004333,
    -0.4148838222026825,
    0.21346551179885864
   ],
   [
    5.9516445105600724e-08,
    0.4575117826461792,
    0.8892035484313965
   ]
  ]
 },
 {
  "rotation_euler": [
   0.47519493103027344,
   -2.286732225798005e-08,
   -1.0785937309265137
  ],
  "euler_order": "XYZ",
  "rotation_matrix": [
   [
    0.472568154335022,
    0.7836498618125916,
    -0.40320247411727905
   ],
   [
    -0.8812941312789917,
    0.4202093183994293,
    -0.21620549261569977
   ],
   [
    2.286732225798005e-08,
    0.4575117826461792,
    0.8892035484313965
   ]
  ]
 },
 {
  "rotation_euler": [
   0.47519341111183167,
   4.252488565725798e-07,
   -0.18998979032039642
  ],
  "euler_order": "XYZ",
  "rotation_matrix": [
   [
    0.9820061922073364,
    0.1679254025220871,
    -0.08639995753765106
   ],
   [
    -0.18884886801242828,
    0.8732039928436279,
    -0.4492781460285187
   ],
   [
    -4.252488565725798e-07,
    0.45751044154167175,
    0.8892042636871338
   ]
  ]
 },
 {
  "rotation_euler": [
   0.47519469261169434,
   -3.281366567353672e-10,
   -2.2916479110717773
  ],
  "euler_order": "XYZ",
  "rotation_matrix": [
   [
    -0.6600246429443359,
    0.6680088639259338,
    -0.3437027931213379
   ],
   [
    -0.7512439489364624,
    -0.5868963599205017,
    0.30196893215179443
   ],
   [
    3.281366567353672e-10,
    0.4575115740299225,
    0.889203667640686
   ]
  ]
 },
 {
  "rotation_euler": [
   0.4751947820186615,
   1.053351539326286e-08,
   -2.836669683456421
  ],
  "euler_order": "XYZ",
  "rotation_matrix": [
   [
    -0.9538700580596924,
    0.2669564485549927,
    -0.1373540163040161
   ],
   [
    -0.30021968483924866,
    -0.8481847047805786,
    0.436406672000885
   ],
   [
    -1.053351539326286e-08,
    0.45751166343688965,
    0.8892036080360413
   ]
  ]
 },
 {
  "rotation_euler": [
   0.4751947820186615,
   1.4879641518916742e-08,
   2.948315143585205
  ],
  "euler_order": "XYZ",
  "rotation_matrix": [
   [
    -0.9813799858093262,
    -0.1707950383424759,
    0.08787718415260315
   ],
   [
    0.1920763999223709,
    -0.8726466298103333,
    0.4489927887916565
   ],
   [
    -1.4879641518916742e-08,
    0.45751166343688965,
    0.8892036080360413
   ]
  ]
 },
 {
  "rotation_euler": [
   0.4751948416233063,
   -1.8300573501051076e-08,
   -2.0541892051696777
  ],
  "euler_order": "XYZ",
  "rotation_matrix": [
   [
    -0.46478596329689026,
    0.7873213887214661,
    -0.40509140491485596
   ],
   [
    -0.8854230642318726,
    -0.4132893681526184,
    0.2126450389623642
   ],
   [
    1.8300573501051076e-08,
    0.4575117230415344,
    0.8892036080360413
   ]
  ]
 },
 {
  "rotation_euler": [
   0.47519564628601074,
   5.470108277449981e-08,
   0.22321546077728271
  ],
  "euler_order": "XYZ",
  "rotation_matrix": [
   [
    0.9751906991004944,
    -0.19683973491191864,
    0.10127794742584229
   ],
   [
    0.22136645019054413,
    0.8671427369117737,
    -0.44616183638572693
   ],
   [
    -5.470108277449981e-08,
    0.45751243829727173,
    0.8892032504081726
   ]
  ]
 },
 {
  "rotation_euler": [
   0.47519487142562866,
   -5.634115041175392e-07,
   -1.0262116193771362
  ],
  "euler_order": "XYZ",
  "rotation_matrix": [
   [
    0.5180628895759583,
    0.7605735063552856,
    -0.39132949709892273
   ],
   [
    -0.8553425073623657,
    0.4606636166572571,
    -0.23701943457126617
   ],
   [
    5.634115041175392e-07,
    0.4575117230415344,
    0.8892036080360413
   ]
  ]
 },
 {
  "rotation_euler": [
   0.47519418597221375,
   2.0209475337651384e-07,
   -1.124956488609314
  ],
  "euler_order": "XYZ",
  "rotation_matrix": [
   [
    0.431215763092041,
    0.8022832274436951,
    -0.4127888083457947
   ],
   [
    -0.9022488594055176,
    0.38343867659568787,
    -0.19728617370128632
   ],
   [
    -2.0209475337651384e-07,
    0.45751112699508667,
    0.8892039060592651
   ]
  ]
 },
 {
  "rotation_euler": [
   0.47519445419311523,
   3.8977979954779585e-08,
   1.563572645187378
  ],
  "euler_order": "XYZ",
  "rotation_matrix": [
   [
    0.007223618682473898,
    -0.889180600643158,
    0.4574994146823883
   ],
   [
    0.9999738931655884,
    0.006423287093639374,
    -0.003304853104054928
   ],
   [
    -3.8977979954779585e-08,
    0.45751136541366577,
    0.8892037868499756
   ]
  ]
 },
 {
  "rotation_euler": [
   0.4751936197280884,
   3.767886482819449e-07,
   1.272149920463562
  ],
  "euler_order": "XYZ",
  "rotation_matrix": [
   [
    0.2942267954349518,
    -0.8498440384864807,
    0.4372592866420746
   ],
   [
    0.9557356238365173,
    0.26162785291671753,
    -0.1346115618944168
   ],
   [
    -3.767886482819449e-07,
    0.4575106203556061,
    0.8892041444778442
   ]
  ]
 },
 {
  "rotation_euler": [
   0.4751931428909302,
   4.905782020614424e-07,
   0.15969400107860565
  ],
  "euler_order": "XYZ",
  "rotation_matrix": [
   [
    0.987276017665863,
    -0.1413975954055786,
    0.07275192439556122
   ],
   [
    0.15901610255241394,
    0.8778901696205139,
    -0.4516887664794922
   ],
   [
    -4.905782020614424e-07,
    0.45751020312309265,
    0.8892043828964233
   ]
  ]
 },
 {
  "rotation_euler": [
   2.582599401473999,
   -1.2718212929030415e-05,
   0.3385874927043915
  ],
  "euler_order": "XYZ",
  "rotation_matrix": [
   [
    0.9432247877120972,
    0.2815912365913391,
    0.1761629730463028
   ],
   [
    0.33215510845184326,
    -0.7996582388877869,
    -0.5002195835113525
   ],
   [
    1.2718212929030415e-05,
    0.5303329825401306,
    -0.847789466381073
   ]
  ]
 },
 {
  "rotation_euler": [
   0.4751935601234436,
   3.819780829417141e-07,
   -1.0577154159545898
  ],
  "euler_order": "XYZ",
  "rotation_matrix": [
   [
    0.49086377024650574,
    0.7747070789337158,
    -0.39859965443611145
   ],
   [
    -0.8712363243103027,
    0.4364779591560364,
    -0.22457565367221832
   ],
   [
    -3.819780829417141e-07,
    0.4575105607509613,
    0.889204204082489
   ]
  ]
 }
]