[
 {
  "rotation_euler": [
   1.137912631034851,
   0.8859829902648926,
   0.986221969127655
  ],
  "euler_order": "XYZ",
  "rotation_matrix": [
   [
    0.34905731678009033,
    0.03816571831703186,
    0.936323881149292
   ],
   [
    0.5274952054023743,
    0.8178362846374512,
    -0.2299838662147522
   ],
   [
    -0.7745371460914612,
    0.5741839408874512,
    0.26533952355384827
   ]
  ]
 },
 {
  "rotation_euler": [
   -0.04007573798298836,
   1.2545403242111206,
   -0.1276799440383911
  ],
  "euler_order": "XYZ",
  "rotation_matrix": [
   [
    0.30847880244255066,
    0.08946298807859421,
    0.9470148682594299
   ],
   [
    -0.03960198909044266,
    0.9959121942520142,
    -0.08118236064910889
   ],
   [
    -0.9504064917564392,
    -0.012460635975003242,
    0.3107607066631317
   ]
  ]
 },
 {
  "rotation_euler": [
   -2.220534324645996,
   2.079108715057373,
   0.38006049394607544
  ],
  "euler_order": "XYZ",
  "rotation_matrix": [
   [
    -0.4519735872745514,
    -0.42150405049324036,
    -0.7861642241477966
   ],
   [
    -0.18055570125579834,
    -0.8198485374450684,
    0.5433672666549683
   ],
   [
    -0.8735671043395996,
    0.38753408193588257,
    0.2944449484348297
   ]
  ]
 },
 {
  "rotation_euler": [
   0.9860473275184631,
   1.0216619968414307,
   1.7491589784622192
  ],
  "euler_order": "XYZ",
  "rotation_matrix": [
   [
    -0.09260338544845581,
    -0.6694228649139404,
    0.7370873093605042
   ],
   [
    0.5136685967445374,
    0.6020382642745972,
    0.6113055944442749
   ],
   [
    -0.8529766798019409,
    0.43522754311561584,
    0.2881107032299042
   ]
  ]
 },
 {
  "rotation_euler": [
   1.2692207098007202,
   0.23196537792682648,
   2.7479026317596436
  ],
  "euler_order": "XYZ",
  "rotation_matrix": [
   [
    -0.8987652659416199,
    -0.31666114926338196,
    0.30322718620300293
   ],
   [
    0.3733246326446533,
    -0.1900966912508011,
    0.9080154299736023
   ],
   [
    -0.22989070415496826,
    0.9292948842048645,
    0.2890697121620178
   ]
  ]
 },
 {
  "rotation_euler": [
   0.9447617530822754,
   1.0484631061553955,
   -2.3044657707214355
  ],
  "euler_order": "XYZ",
  "rotation_matrix": [
   [
    -0.33406561613082886,
    -0.035073526203632355,
    -0.9418970346450806
   ],
   [
    -0.3705468475818634,
    -0.9139580130577087,
    0.16545619070529938
   ],
   [
    -0.8666574954986572,
    0.40429019927978516,
    0.29232555627822876
   ]
  ]
 },
 {
  "rotation_euler": [
   0.9635355472564697,
   1.0367385149002075,
   2.702855348587036
  ],
  "euler_order": "XYZ",
  "rotation_matrix": [
   [
    -0.46081939339637756,
    -0.8823090195655823,
    -0.09579300135374069
   ],
   [
    0.21623438596725464,
    -0.21630464494228363,
    0.9520792961120605
   ],
   [
    -0.8607485890388489,
    0.41802287101745605,
    0.2904629111289978
   ]
  ]
 },
 {
  "rotation_euler": [
   0.9231855869293213,
   1.0612653493881226,
   0.47297996282577515
  ],
  "euler_order": "XYZ",
  "rotation_matrix": [
   [
    0.4342181384563446,
    0.34496548771858215,
    0.8321378827095032
   ],
   [
    0.22219830751419067,
    0.8542080521583557,
    -0.4700601398944855
   ],
   [
    -0.8729733824729919,
    0.3890082538127899,
    0.2942618727684021
   ]
  ]
 },
 {
  "rotation_euler": [
   1.003435492515564,
   1.0090771913528442,
   -2.091996192932129
  ],
  "euler_order": "XYZ",
  "rotation_matrix": [
   [
    -0.26521363854408264,
    0.11066733300685883,
    -0.957817554473877
   ],
   [
    -0.46191900968551636,
    -0.8865563273429871,
    0.025468727573752403
   ],
   [
    -0.8463406562805176,
    0.44918879866600037,
    0.2862461805343628
   ]
  ]
 },
 {
  "rotation_euler": [
   1.302030324935913,
   -0.04505150392651558,
   -0.05715622007846832
  ],
  "euler_order": "XYZ",
  "rotation_matrix": [
   [
    0.9973540306091309,
    -0.028179418295621872,
    -0.06701376289129257
   ],
   [
    -0.0570671446621418,
    0.26758864521980286,
    -0.9618418216705322
   ],
   [
    0.04503626748919487,
    0.9631211161613464,
    0.26527249813079834
   ]
  ]
 },
 {
  "rotation_euler": [
   1.151719331741333,
   0.8728614449501038,
   -2.343869924545288
  ],
  "euler_order": "XYZ",
  "rotation_matrix": [
   [
    -0.44877803325653076,
    -0.1974879950284958,
    -0.8715484738349915
   ],
   [
    -0.4599786400794983,
    -0.7851106524467468,
    0.4147540330886841
   ],
   [
    -0.7661709189414978,
    0.5870261788368225,
    0.26150017976760864
   ]
  ]
 },
 {
  "rotation_euler": [
   1.2791736125946045,
   0.11560530960559845,
   3.039188861846924
  ],
  "euler_order": "XYZ",
  "rotation_matrix": [
   [
    -0.9881214499473572,
    -0.13928942382335663,
    0.06491923332214355
   ],
   [
    0.10154256969690323,
    -0.27470704913139343,
    0.9561511874198914
   ],
   [
    -0.1153479814529419,
    0.9513855576515198,
    0.28558772802352905
   ]
  ]
 },
 {
  "rotation_euler": [
   -0.12328355014324188,
   1.255948543548584,
   1.3460129499435425
  ],
  "euler_order": "XYZ",
  "rotation_matrix": [
   [
    0.06902433931827545,
    -0.9935059547424316,
    0.09045205265283585
   ],
   [
    0.3018811345100403,
    0.10721840709447861,
    0.947297215461731
   ],
   [
    -0.9508435130119324,
    -0.03808079659938812,
    0.3073213994503021
   ]
  ]
 },
 {
  "rotation_euler": [
   1.2604539394378662,
   0.3339262008666992,
   2.940829277038574
  ],
  "euler_order": "XYZ",
  "rotation_matrix": [
   [
    -0.9257869124412537,
    -0.36672815680503845,
    0.09181012958288193
   ],
   [
    0.1884021759033203,
    -0.23701319098472595,
    0.9530631303787231
   ],
   [
    -0.3277548849582672,
    0.899630606174469,
    0.288516104221344
   ]
  ]
 },
 {
  "rotation_euler": [
   1.0718066692352295,
   0.9526969790458679,
   1.5895195007324219
  ],
  "euler_order": "XYZ",
  "rotation_matrix": [
   [
    -0.010849205777049065,
    -0.49185243248939514,
    0.8706110119819641
   ],
   [
    0.5793856382369995,
    0.7065231204032898,
    0.40637093782424927
   ],
   [
    -0.8149813413619995,
    0.5088282823562622,
    0.27730703353881836
   ]
  ]
 },
 {
  "rotation_euler": [
   1.3027639389038086,
   -0.04551215097308159,
   -2.9382095336914062
  ],
  "euler_order": "XYZ",
  "rotation_matrix": [
   [
    -0.978374719619751,
    0.0964599996805191,
    -0.18297111988067627
   ],
   [
    -0.2017747163772583,
    -0.2505146265029907,
    0.9468523859977722
   ],
   [
    0.045496441423892975,
    0.9632953405380249,
    0.26456037163734436
   ]
  ]
 }
]