[
 {
  "rotation_euler": [
   1.5645228624343872,
   -1.0395846366882324,
   0.940819501876831
  ],
  "euler_order": "XYZ",
  "rotation_matrix": [
   [
    0.29843854904174805,
    -0.5130000710487366,
    0.8048387169837952
   ],
   [
    0.4093362092971802,
    -0.6929786205291748,
    -0.5934850573539734
   ],
   [
    0.8621938824653625,
    0.506568431854248,
    0.0031779808923602104
   ]
  ]
 },
 {
  "rotation_euler": [
   -1.5808848142623901,
   2.1597506999969482,
   0.789206326007843
  ],
  "euler_order": "XYZ",
  "rotation_matrix": [
   [
    -0.39129340648651123,
    -0.5785410404205322,
    -0.7156673669815063
   ],
   [
    -0.39428502321243286,
    -0.5972859263420105,
    0.6984187960624695
   ],
   [
    -0.8315219879150391,
    0.5554636120796204,
    0.005603977479040623
   ]
  ]
 },
 {
  "rotation_euler": [
   1.5679446458816528,
   -1.2607834339141846,
   -0.48282209038734436
  ],
  "euler_order": "XYZ",
  "rotation_matrix": [
   [
    0.27019771933555603,
    -0.842139720916748,
    -0.46668392419815063
   ],
   [
    -0.14163848757743835,
    0.44467198848724365,
    -0.8844237327575684
   ],
   [
    0.9523296356201172,
    0.3050696849822998,
    0.0008699637255631387
   ]
  ]
 },
 {
  "rotation_euler": [
   1.53666090965271,
   0.054799314588308334,
   1.554632544517517
  ],
  "euler_order": "XYZ",
  "rotation_matrix": [
   [
    0.016138816252350807,
    -0.033239562064409256,
    0.9993171095848083
   ],
   [
    0.9983684420585632,
    0.05528445914387703,
    -0.014284607954323292
   ],
   [
    -0.054771892726421356,
    0.9979172348976135,
    0.03407755866646767
   ]
  ]
 },
 {
  "rotation_euler": [
   -1.568558931350708,
   2.075629234313965,
   0.1271730661392212
  ],
  "euler_order": "XYZ",
  "rotation_matrix": [
   [
    -0.47975534200668335,
    -0.868468701839447,
    -0.12488775700330734
   ],
   [
    -0.06134301424026489,
    -0.10878950357437134,
    0.9921702742576599
   ],
   [
    -0.875255286693573,
    0.4836599826812744,
    -0.0010821404866874218
   ]
  ]
 },
 {
  "rotation_euler": [
   1.5695853233337402,
   -1.070576548576355,
   -1.8542158603668213
  ],
  "euler_order": "XYZ",
  "rotation_matrix": [
   [
    -0.13412067294120789,
    0.24654056131839752,
    -0.9598069787025452
   ],
   [
    -0.46048393845558167,
    0.8421307802200317,
    0.2806604206562042
   ],
   [
    0.8774771690368652,
    0.47961804270744324,
    0.0005808193818666041
   ]
  ]
 },
 {
  "rotation_euler": [
   1.5488744974136353,
   0.8497433066368103,
   -1.1973401308059692
  ],
  "euler_order": "XYZ",
  "rotation_matrix": [
   [
    0.24085567891597748,
    0.29437533020973206,
    -0.9248414635658264
   ],
   [
    -0.6146713495254517,
    -0.6911731362342834,
    -0.38007745146751404
   ],
   [
    -0.7511109709739685,
    0.6600173711776733,
    0.014471106231212616
   ]
  ]
 },
 {
  "rotation_euler": [
   -1.572706937789917,
   -1.952517032623291,
   0.7251254916191101
  ],
  "euler_order": "XYZ",
  "rotation_matrix": [
   [
    -0.2787984013557434,
    0.695814847946167,
    -0.6619011163711548
   ],
   [
    -0.24706479907035828,
    0.6140623688697815,
    0.7495908141136169
   ],
   [
    0.9280250072479248,
    0.3725171983242035,
    0.0007117363275028765
   ]
  ]
 },
 {
  "rotation_euler": [
   1.5690631866455078,
   -1.1833354234695435,
   -1.921851634979248
  ],
  "euler_order": "XYZ",
  "rotation_matrix": [
   [
    -0.12993457913398743,
    0.32002389430999756,
    -0.9384570717811584
   ],
   [
    -0.3547945022583008,
    0.8688055276870728,
    0.3453952372074127
   ],
   [
    0.9258714318275452,
    0.3778381943702698,
    0.000654847186524421
   ]
  ]
 },
 {
  "rotation_euler": [
   -1.6057792901992798,
   -1.59706711769104,
   1.2075316905975342
  ],
  "euler_order": "XYZ",
  "rotation_matrix": [
   [
    -0.009333666414022446,
    0.38768115639686584,
    -0.9217463135719299
   ],
   [
    -0.024553582072257996,
    0.9214196801185608,
    0.3877924084663391
   ],
   [
    0.9996549487113953,
    0.026251697912812233,
    0.0009187369723804295
   ]
  ]
 },
 {
  "rotation_euler": [
   1.5359930992126465,
   -0.18977323174476624,
   2.825089693069458
  ],
  "euler_order": "XYZ",
  "rotation_matrix": [
   [
    -0.9332684278488159,
    0.16832786798477173,
    0.3172944486141205
   ],
   [
    0.30565735697746277,
    -0.09174440801143646,
    0.9477112293243408
   ],
   [
    0.1886361986398697,
    0.9814523458480835,
    0.03417150676250458
   ]
  ]
 },
 {
  "rotation_euler": [
   -1.5714609622955322,
   1.0504720211029053,
   1.4781358242034912
  ],
  "euler_order": "XYZ",
  "rotation_matrix": [
   [
    0.04600134491920471,
    -0.07962082326412201,
    -0.9957632422447205
   ],
   [
    0.4950287640094757,
    -0.8639971017837524,
    0.09195373952388763
   ],
   [
    -0.8676580190658569,
    -0.4971614480018616,
    -0.00033043118310160935
   ]
  ]
 },
 {
  "rotation_euler": [
   1.5764256715774536,
   -1.7605230808258057,
   1.2596074342727661
  ],
  "euler_order": "XYZ",
  "rotation_matrix": [
   [
    -0.05774466320872307,
    -0.29533258080482483,
    0.9536478519439697
   ],
   [
    -0.17953260242938995,
    -0.936596691608429,
    -0.30092301964759827
   ],
   [
    0.9820557832717896,
    -0.18858757615089417,
    0.0010616356739774346
   ]
  ]
 },
 {
  "rotation_euler": [
   1.5730383396148682,
   1.065901279449463,
   -0.8317546248435974
  ],
  "euler_order": "XYZ",
  "rotation_matrix": [
   [
    0.3258211016654968,
    0.5878756046295166,
    -0.7404342889785767
   ],
   [
    -0.3575211465358734,
    -0.6484001278877258,
    -0.672127902507782
   ],
   [
    -0.8752252459526062,
    0.48371437191963196,
    -0.0010844956850633025
   ]
  ]
 },
 {
  "rotation_euler": [
   1.5641745328903198,
   1.7082188129425049,
   0.41234180331230164
  ],
  "euler_order": "XYZ",
  "rotation_matrix": [
   [
    -0.12550848722457886,
    0.904873788356781,
    0.4067566990852356
   ],
   [
    -0.05489969998598099,
    0.40303581953048706,
    -0.9135360717773438
   ],
   [
    -0.9905723929405212,
    -0.1369873583316803,
    -0.0009071152890101075
   ]
  ]
 },
 {
  "rotation_euler": [
   1.5363720655441284,
   0.19102665781974792,
   -0.605048418045044
  ],
  "euler_order": "XYZ",
  "rotation_matrix": [
   [
    0.8075135946273804,
    0.17564496397972107,
    -0.5630902647972107
   ],
   [
    -0.5584552884101868,
    -0.07962522655725479,
    -0.8257042765617371
   ],
   [
    -0.18986697494983673,
    0.9812281727790833,
    0.03379140421748161
   ]
  ]
 }
]