[
 {
  "rotation_euler": [
   -1.4776328802108765,
   0.0004317488055676222,
   -0.8180149793624878
  ],
  "euler_order": "XYZ",
  "rotation_matrix": [
   [
    0.6836711168289185,
    0.06759756058454514,
    0.7266528606414795
   ],
   [
    -0.7297900915145874,
    0.06391479074954987,
    0.6806771159172058
   ],
   [
    -0.0004317488055676222,
    -0.9956633448600769,
    0.0930287316441536
   ]
  ]
 },
 {
  "rotation_euler": [
   -1.4776326417922974,
   0.0004298946587368846,
   0.3830873668193817
  ],
  "euler_order": "XYZ",
  "rotation_matrix": [
   [
    0.9275149703025818,
    -0.03516991809010506,
    -0.3721277713775635
   ],
   [
    0.3737857937812805,
    0.08612578362226486,
    0.9235077500343323
   ],
   [
    -0.0004298946587368846,
    -0.9956632852554321,
    0.0930289626121521
   ]
  ]
 },
 {
  "rotation_euler": [
   -1.4776328802108765,
   0.00042995804687961936,
   2.4080328941345215
  ],
  "euler_order": "XYZ",
  "rotation_matrix": [
   [
    -0.7427957057952881,
    -0.0619664341211319,
    -0.6666443347930908
   ],
   [
    0.669517993927002,
    -0.06938797235488892,
    -0.739547848701477
   ],
   [
    -0.00042995804687961936,
    -0.9956633448600769,
    0.0930287316441536
   ]
  ]
 },
 {
  "rotation_euler": [
   -1.4776326417922974,
   0.0004323777393437922,
   -2.957982301712036
  ],
  "euler_order": "XYZ",
  "rotation_matrix": [
   [
    -0.9831908345222473,
    0.01740853488445282,
    0.18174909055233002
   ],
   [
    -0.1825803965330124,
    -0.09138663858175278,
    -0.9789345860481262
   ],
   [
    -0.0004323777393437922,
    -0.9956632852554321,
    0.0930289626121521
   ]
  ]
 },
 {
  "rotation_euler": [
   1.5708017349243164,
   -0.00040555503801442683,
   -1.145486831665039
  ],
  "euler_order": "XYZ",
  "rotation_matrix": [
   [
    0.4126026928424835,
    -0.00017225943156518042,
    -0.9109110832214355
   ],
   [
    -0.9109110236167908,
    0.0003671931626740843,
    -0.4126027226448059
   ],
   [
    0.00040555503801442683,
    0.9999999403953552,
    -5.408128799899714e-06
   ]
  ]
 },
 {
  "rotation_euler": [
   -1.477632761001587,
   0.00043181743239983916,
   2.3743083477020264
  ],
  "euler_order": "XYZ",
  "rotation_matrix": [
   [
    -0.7197984457015991,
    -0.06426957994699478,
    -0.6912015676498413
   ],
   [
    0.6941829919815063,
    -0.0672604888677597,
    -0.7166491746902466
   ],
   [
    -0.00043181743239983916,
    -0.9956633448600769,
    0.09302885085344315
   ]
  ]
 },
 {
  "rotation_euler": [
   -1.477632999420166,
   0.0004298543790355325,
   -0.8918235898017883
  ],
  "euler_order": "XYZ",
  "rotation_matrix": [
   [
    0.6279938817024231,
    0.0721277967095375,
    0.7748685479164124
   ],
   [
    -0.778218150138855,
    0.05875447764992714,
    0.6252394914627075
   ],
   [
    -0.0004298543790355325,
    -0.9956633448600769,
    0.09302861243486404
   ]
  ]
 },
 {
  "rotation_euler": [
   -1.4776324033737183,
   0.0004320931911934167,
   1.9716887474060059
  ],
  "euler_order": "XYZ",
  "rotation_matrix": [
   [
    -0.3902401328086853,
    -0.08548532426357269,
    -0.9167360067367554
   ],
   [
    0.9207130074501038,
    -0.036699842661619186,
    -0.3885108232498169
   ],
   [
    -0.0004320931911934167,
    -0.9956632852554321,
    0.0930292010307312
   ]
  ]
 },
 {
  "rotation_euler": [
   -1.477632999420166,
   0.0004293970705475658,
   -2.0401253700256348
  ],
  "euler_order": "XYZ",
  "rotation_matrix": [
   [
    -0.4522879421710968,
    0.08316298574209213,
    0.8879862427711487
   ],
   [
    -0.8918718695640564,
    -0.04169442132115364,
    -0.4503622353076935
   ],
   [
    -0.0004293970705475658,
    -0.9956633448600769,
    0.09302861243486404
   ]
  ]
 },
 {
  "rotation_euler": [
   1.5707974433898926,
   -0.0004276032268535346,
   1.4511632919311523
  ],
  "euler_order": "XYZ",
  "rotation_matrix": [
   [
    0.11934786289930344,
    -4.9924921768251806e-05,
    0.992852509021759
   ],
   [
    0.9928523898124695,
    -0.00042468018364161253,
    -0.11934787034988403
   ],
   [
    0.0004276032268535346,
    0.9999998807907104,
    -1.1165949445057777e-06
   ]
  ]
 },
 {
  "rotation_euler": [
   -1.4776313304901123,
   0.00042686250526458025,
   -0.6184158325195312
  ],
  "euler_order": "XYZ",
  "rotation_matrix": [
   [
    0.8147978186607361,
    0.05358755216002464,
    0.5772632956504822
   ],
   [
    -0.5797450542449951,
    0.07604727149009705,
    0.8112413287162781
   ],
   [
    -0.00042686250526458025,
    -0.9956631660461426,
    0.09303027391433716
   ]
  ]
 },
 {
  "rotation_euler": [
   1.5708009004592896,
   -0.00040169342537410557,
   -1.7652674913406372
  ],
  "euler_order": "XYZ",
  "rotation_matrix": [
   [
    -0.19324767589569092,
    7.313887908821926e-05,
    -0.9811500310897827
   ],
   [
    -0.9811499118804932,
    0.0003950053360313177,
    0.1932476907968521
   ],
   [
    0.00040169342537410557,
    0.9999999403953552,
    -4.573664227791596e-06
   ]
  ]
 },
 {
  "rotation_euler": [
   -1.4776309728622437,
   0.0004289376665838063,
   -2.4284262657165527
  ],
  "euler_order": "XYZ",
  "rotation_matrix": [
   [
    -0.7562940716743469,
    0.061186593025922775,
    0.6513643264770508
   ],
   [
    -0.6542317271232605,
    -0.07007911801338196,
    -0.7530403733253479
   ],
   [
    -0.0004289376665838063,
    -0.9956631660461426,
    0.09303063154220581
   ]
  ]
 },
 {
  "rotation_euler": [
   1.5708016157150269,
   -0.0004055009048897773,
   2.090819835662842
  ],
  "euler_order": "XYZ",
  "rotation_matrix": [
   [
    -0.4969004988670349,
    0.0002060833794530481,
    0.8678075075149536
   ],
   [
    0.8678074479103088,
    -0.00034926863736473024,
    0.4969005286693573
   ],
   [
    0.0004055009048897773,
    0.9999999403953552,
    -5.288919510348933e-06
   ]
  ]
 },
 {
  "rotation_euler": [
   -1.4776326417922974,
   0.00043199953506700695,
   -0.590679943561554
  ],
  "euler_order": "XYZ",
  "rotation_matrix": [
   [
    0.8305621147155762,
    0.05145299807190895,
    0.5545440912246704
   ],
   [
    -0.5569258332252502,
    0.07750590145587921,
    0.8269379734992981
   ],
   [
    -0.00043199953506700695,
    -0.9956632852554321,
    0.0930289626121521
   ]
  ]
 },
 {
  "rotation_euler": [
   1.5707964897155762,
   -0.0004228939360473305,
   1.1436948776245117
  ],
  "euler_order": "XYZ",
  "rotation_matrix": [
   [
    0.41423434019088745,
    -0.00017502890841569752,
    0.9101702570915222
   ],
   [
    0.9101701974868774,
    -0.00038497295463457704,
    -0.41423436999320984
   ],
   [
    0.0004228939360473305,
    0.9999998807907104,
    -1.6292067073209182e-07
   ]
  ]
 }
]