[
 {
  "rotation_euler": [
   1.1776870489120483,
   0.010332643054425716,
   2.4527130126953125
  ],
  "euler_order": "XYZ",
  "rotation_matrix": [
   [
    -0.771917462348938,
    -0.25087010860443115,
    0.5841297507286072
   ],
   [
    0.6356387734413147,
    -0.28964126110076904,
    0.715591549873352
   ],
   [
    -0.010332459583878517,
    0.923673152923584,
    0.3830419182777405
   ]
  ]
 },
 {
  "rotation_euler": [
   0.0019022478954866529,
   -0.038539253175258636,
   -2.66430401802063
  ],
  "euler_order": "XYZ",
  "rotation_matrix": [
   [
    -0.8875841498374939,
    0.4594367742538452,
    0.03334987536072731
   ],
   [
    -0.4590314030647278,
    -0.8882084488868713,
    0.019389118999242783
   ],
   [
    0.038529712706804276,
    0.0019008342642337084,
    0.9992556571960449
   ]
  ]
 },
 {
  "rotation_euler": [
   1.2408511638641357,
   -1.5154296159744263,
   1.683342456817627
  ],
  "euler_order": "XYZ",
  "rotation_matrix": [
   [
    -0.006214986089617014,
    -0.21585342288017273,
    0.9764059782028198
   ],
   [
    0.0549883209168911,
    -0.975021243095398,
    -0.21519728004932404
   ],
   [
    0.9984676837921143,
    0.05235347896814346,
    0.017929160967469215
   ]
  ]
 },
 {
  "rotation_euler": [
   0.001297510927543044,
   -0.02489577978849411,
   -1.700377345085144
  ],
  "euler_order": "XYZ",
  "rotation_matrix": [
   [
    -0.12917864322662354,
    0.9916194677352905,
    0.0019300325075164437
   ],
   [
    -0.9913088083267212,
    -0.12918654084205627,
    0.024852149188518524
   ],
   [
    0.024893207475543022,
    0.0012971084797754884,
    0.9996892809867859
   ]
  ]
 },
 {
  "rotation_euler": [
   1.0328772068023682,
   1.5357379913330078,
   -0.750220537185669
  ],
  "euler_order": "XYZ",
  "rotation_matrix": [
   [
    0.025641269981861115,
    0.9771625399589539,
    -0.21094051003456116
   ],
   [
    -0.02389788068830967,
    -0.2103504091501236,
    -0.9773339033126831
   ],
   [
    -0.9993855357170105,
    0.03010111302137375,
    0.017958462238311768
   ]
  ]
 },
 {
  "rotation_euler": [
   1.2406212091445923,
   -1.5153229236602783,
   -0.48884519934654236
  ],
  "euler_order": "XYZ",
  "rotation_matrix": [
   [
    0.048951007425785065,
    -0.6816524267196655,
    -0.7300367951393127
   ],
   [
    -0.026037320494651794,
    0.7297937870025635,
    -0.6831713914871216
   ],
   [
    0.9984617233276367,
    0.05245012789964676,
    0.017975736409425735
   ]
  ]
 },
 {
  "rotation_euler": [
   1.032920479774475,
   1.5357352495193481,
   -1.0740517377853394
  ],
  "euler_order": "XYZ",
  "rotation_matrix": [
   [
    0.016705498099327087,
    0.8594169616699219,
    -0.5110023021697998
   ],
   [
    -0.03081723302602768,
    -0.5103882551193237,
    -0.8593916893005371
   ],
   [
    -0.999385416507721,
    0.030104244127869606,
    0.017958562821149826
   ]
  ]
 },
 {
  "rotation_euler": [
   -1.9009665250778198,
   -1.6262701749801636,
   0.7782959938049316
  ],
  "euler_order": "XYZ",
  "rotation_matrix": [
   [
    -0.03948327526450157,
    0.9002244472503662,
    -0.4336322844028473
   ],
   [
    -0.0389263853430748,
    0.43225550651550293,
    0.9009106159210205
   ],
   [
    0.9984617233276367,
    0.05245063826441765,
    0.017975622788071632
   ]
  ]
 },
 {
  "rotation_euler": [
   1.0330207347869873,
   1.5357332229614258,
   1.0942946672439575
  ],
  "euler_order": "XYZ",
  "rotation_matrix": [
   [
    0.016079215332865715,
    -0.06147772818803787,
    0.997978925704956
   ],
   [
    0.03115086443722248,
    0.9976542592048645,
    0.06095582991838455
   ],
   [
    -0.9993853569030762,
    0.030107783153653145,
    0.017956582829356194
   ]
  ]
 },
 {
  "rotation_euler": [
   1.0329129695892334,
   1.53573477268219,
   -0.31823936104774475
  ],
  "euler_order": "XYZ",
  "rotation_matrix": [
   [
    0.03329421207308769,
    0.9754737615585327,
    0.21758313477039337
   ],
   [
    -0.01096833124756813,
    0.2180473357439041,
    -0.9758765697479248
   ],
   [
    -0.999385416507721,
    0.030104517936706543,
    0.01795903407037258
   ]
  ]
 },
 {
  "rotation_euler": [
   -1.6466472148895264,
   -1.8289729356765747,
   0.4958942234516144
  ],
  "euler_order": "XYZ",
  "rotation_matrix": [
   [
    -0.22456331551074982,
    0.8840044736862183,
    -0.4100089967250824
   ],
   [
    -0.12148499488830566,
    0.39207538962364197,
    0.9118762612342834
   ],
   [
    0.9668571352958679,
    0.2545838952064514,
    0.019347533583641052
   ]
  ]
 },
 {
  "rotation_euler": [
   -2.1086783409118652,
   1.605857253074646,
   0.5871418118476868
  ],
  "euler_order": "XYZ",
  "rotation_matrix": [
   [
    -0.02918320521712303,
    -0.4307156205177307,
    -0.902015745639801
   ],
   [
    -0.01941920444369316,
    -0.9019854664802551,
    0.4313294589519501
   ],
   [
    -0.999385416507721,
    0.030104003846645355,
    0.01795867085456848
   ]
  ]
 },
 {
  "rotation_euler": [
   0.00010070207645185292,
   0.0035542482510209084,
   -1.138563871383667
  ],
  "euler_order": "XYZ",
  "rotation_matrix": [
   [
    0.418896347284317,
    0.908033013343811,
    0.001397427055053413
   ],
   [
    -0.9080271124839783,
    0.41889867186546326,
    -0.003269551321864128
   ],
   [
    -0.0035542408004403114,
    0.00010070144344354048,
    0.9999936819076538
   ]
  ]
 },
 {
  "rotation_euler": [
   -2.29594087600708,
   -1.4270116090774536,
   0.24243442714214325
  ],
  "euler_order": "XYZ",
  "rotation_matrix": [
   [
    0.13909949362277985,
    0.878243088722229,
    0.45753732323646545
   ],
   [
    0.034399088472127914,
    -0.4660353660583496,
    0.884097158908844
   ],
   [
    0.9896807670593262,
    -0.10723859071731567,
    -0.09503604471683502
   ]
  ]
 },
 {
  "rotation_euler": [
   0.0003946894721593708,
   0.013441848568618298,
   1.6118258237838745
  ],
  "euler_order": "XYZ",
  "rotation_matrix": [
   [
    -0.041014280170202255,
    -0.9991585612297058,
    -0.00015698361676186323
   ],
   [
    0.9990681409835815,
    -0.041012682020664215,
    0.013446319848299026
   ],
   [
    -0.01344144344329834,
    0.0003946538199670613,
    0.9999095797538757
   ]
  ]
 },
 {
  "rotation_euler": [
   1.0329121351242065,
   1.5357348918914795,
   1.6957348585128784
  ],
  "euler_order": "XYZ",
  "rotation_matrix": [
   [
    -0.004368241410702467,
    -0.6152785420417786,
    0.7882976531982422
   ],
   [
    0.034781016409397125,
    0.7877347469329834,
    0.615031898021698
   ],
   [
    -0.999385416507721,
    0.03010440059006214,
    0.017958996817469597
   ]
  ]
 }
]