[
 {
  "rotation_euler": [
   -1.064490795135498,
   1.3142428398132324,
   -0.5812426209449768
  ],
  "euler_order": "XYZ",
  "rotation_matrix": [
   [
    0.2120780646800995,
    -0.4407348334789276,
    0.8722245693206787
   ],
   [
    -0.13932381570339203,
    0.8697741627693176,
    0.4733727276325226
   ],
   [
    -0.9672702550888062,
    -0.22191362082958221,
    0.12305516004562378
   ]
  ]
 },
 {
  "rotation_euler": [
   -0.815369725227356,
   1.2001529932022095,
   -0.7142738103866577
  ],
  "euler_order": "XYZ",
  "rotation_matrix": [
   [
    0.27367860078811646,
    -0.06357315927743912,
    0.9597179293632507
   ],
   [
    -0.2372758835554123,
    0.9625115990638733,
    0.13142114877700806
   ],
   [
    -0.9320945143699646,
    -0.26368507742881775,
    0.24833445250988007
   ]
  ]
 },
 {
  "rotation_euler": [
   -0.7981318831443787,
   1.187589406967163,
   -0.8331823348999023
  ],
  "euler_order": "XYZ",
  "rotation_matrix": [
   [
    0.25145450234413147,
    0.06997087597846985,
    0.9653365612030029
   ],
   [
    -0.27671173214912415,
    0.9609498977661133,
    0.00242599961347878
   ],
   [
    -0.927470326423645,
    -0.2677299678325653,
    0.26099693775177
   ]
  ]
 },
 {
  "rotation_euler": [
   -1.4267613887786865,
   1.3722403049468994,
   1.4464515447616577
  ],
  "euler_order": "XYZ",
  "rotation_matrix": [
   [
    0.024464339017868042,
    -0.26275795698165894,
    -0.964551568031311
   ],
   [
    0.19573095440864563,
    -0.9449078440666199,
    0.26237112283706665
   ],
   [
    -0.9803524017333984,
    -0.19521133601665497,
    0.028313321992754936
   ]
  ]
 },
 {
  "rotation_euler": [
   -0.8326365351676941,
   1.2118585109710693,
   -1.543079137802124
  ],
  "euler_order": "XYZ",
  "rotation_matrix": [
   [
    0.009735246188938618,
    0.653475821018219,
    0.7568848133087158
   ],
   [
    -0.35114502906799316,
    0.7109501361846924,
    -0.609300434589386
   ],
   [
    -0.9362704753875732,
    -0.2598446309566498,
    0.23638604581356049
   ]
  ]
 },
 {
  "rotation_euler": [
   1.8486992120742798,
   1.7811954021453857,
   0.48111847043037415
  ],
  "euler_order": "XYZ",
  "rotation_matrix": [
   [
    -0.18514107167720795,
    0.9606238007545471,
    0.20718282461166382
   ],
   [
    -0.09664980322122574,
    0.19200614094734192,
    -0.976622998714447
   ],
   [
    -0.9779476523399353,
    -0.20083720982074738,
    0.05729587748646736
   ]
  ]
 },
 {
  "rotation_euler": [
   -1.229764461517334,
   1.352407455444336,
   1.2596495151519775
  ],
  "euler_order": "XYZ",
  "rotation_matrix": [
   [
    0.06632968038320541,
    -0.6000664234161377,
    -0.7971954941749573
   ],
   [
    0.20625384151935577,
    -0.7734538912773132,
    0.5993566513061523
   ],
   [
    -0.9762477874755859,
    -0.2041797786951065,
    0.07246305048465729
   ]
  ]
 },
 {
  "rotation_euler": [
   -1.0913364887237549,
   1.3217815160751343,
   1.0463513135910034
  ],
  "euler_order": "XYZ",
  "rotation_matrix": [
   [
    0.12340521067380905,
    -0.8298711180686951,
    -0.5441370606422424
   ],
   [
    0.21332697570323944,
    -0.513323962688446,
    0.8312581777572632
   ],
   [
    -0.9691556692123413,
    -0.21866069734096527,
    0.11368704587221146
   ]
  ]
 },
 {
  "rotation_euler": [
   -0.850084125995636,
   1.2229342460632324,
   -1.2767289876937866
  ],
  "euler_order": "XYZ",
  "rotation_matrix": [
   [
    0.09880569577217102,
    0.42686253786087036,
    0.8989025354385376
   ],
   [
    -0.32625535130500793,
    0.8672888278961182,
    -0.3759887218475342
   ],
   [
    -0.9401036500930786,
    -0.2561219334602356,
    0.22495926916599274
   ]
  ]
 },
 {
  "rotation_euler": [
   -1.2297483682632446,
   1.3524049520492554,
   -0.39338111877441406
  ],
  "euler_order": "XYZ",
  "rotation_matrix": [
   [
    0.20011067390441895,
    -0.7215385437011719,
    0.6628256440162659
   ],
   [
    -0.0830485001206398,
    0.6615831851959229,
    0.7452588081359863
   ],
   [
    -0.976247251033783,
    -0.20418091118335724,
    0.07246715575456619
   ]
  ]
 },
 {
  "rotation_euler": [
   -1.229459524154663,
   1.3523401021957397,
   -0.986988365650177
  ],
  "euler_order": "XYZ",
  "rotation_matrix": [
   [
    0.11945872753858566,
    -0.22775761783123016,
    0.9663622975349426
   ],
   [
    -0.18082694709300995,
    0.9520613551139832,
    0.24674037098884583
   ],
   [
    -0.976233184337616,
    -0.20421962440013885,
    0.07254732400178909
   ]
  ]
 },
 {
  "rotation_euler": [
   -1.2684128284454346,
   1.357560634613037,
   -0.28603947162628174
  ],
  "euler_order": "XYZ",
  "rotation_matrix": [
   [
    0.20302490890026093,
    -0.8110743761062622,
    0.5485792756080627
   ],
   [
    -0.05971056967973709,
    0.5489494204521179,
    0.8337200880050659
   ],
   [
    -0.9773513078689575,
    -0.20202192664146423,
    0.06302069127559662
   ]
  ]
 },
 {
  "rotation_euler": [
   -1.1019012928009033,
   1.3248305320739746,
   1.7664997577667236
  ],
  "euler_order": "XYZ",
  "rotation_matrix": [
   [
    -0.04734884947538376,
    -0.27502700686454773,
    -0.9602698683738708
   ],
   [
    0.23884515464305878,
    -0.9365782737731934,
    0.2564646303653717
   ],
   [
    -0.9699026346206665,
    -0.2172124981880188,
    0.1100347712635994
   ]
  ]
 },
 {
  "rotation_euler": [
   -0.8315628170967102,
   1.211172103881836,
   -1.6717373132705688
  ],
  "euler_order": "XYZ",
  "rotation_matrix": [
   [
    -0.0354631133377552,
    0.7399958372116089,
    0.6716759204864502
   ],
   [
    -0.35013115406036377,
    0.6202999949455261,
    -0.7018803954124451
   ],
   [
    -0.9360291361808777,
    -0.2600655257701874,
    0.237097829580307
   ]
  ]
 },
 {
  "rotation_euler": [
   -1.4443949460983276,
   1.3749874830245972,
   -1.7382559776306152
  ],
  "euler_order": "XYZ",
  "rotation_matrix": [
   [
    -0.03242888301610947,
    0.28649020195007324,
    0.9575341939926147
   ],
   [
    -0.1918383538722992,
    0.9384409189224243,
    -0.287274569272995
   ],
   [
    -0.9808906316757202,
    -0.19300778210163116,
    0.02452721633017063
   ]
  ]
 },
 {
  "rotation_euler": [
   -0.8366419076919556,
   1.2144941091537476,
   -2.2563321590423584
  ],
  "euler_order": "XYZ",
  "rotation_matrix": [
   [
    -0.2208280712366104,
    0.9590857625007629,
    0.17717084288597107
   ],
   [
    -0.2700076699256897,
    0.11443811655044556,
    -0.9560333490371704
   ],
   [
    -0.9371930360794067,
    -0.2589564919471741,
    0.2336893528699875
   ]
  ]
 }
]