[
 {
  "rotation_euler": [
   1.7032729387283325,
   -0.028653860092163086,
   0.28431999683380127
  ],
  "euler_order": "XYZ",
  "rotation_matrix": [
   [
    0.959458589553833,
    0.009792966768145561,
    0.2816793918609619
   ],
   [
    0.280389666557312,
    -0.13475243747234344,
    -0.9503806829452515
   ],
   [
    0.028649939224123955,
    0.9908308982849121,
    -0.1320352405309677
   ]
  ]
 },
 {
  "rotation_euler": [
   1.7039799690246582,
   0.18508325517177582,
   0.11476626992225647
  ],
  "euler_order": "XYZ",
  "rotation_matrix": [
   [
    0.9764548540115356,
    0.19640515744686127,
    0.0892239585518837
   ],
   [
    0.11255870014429092,
    -0.11102941632270813,
    -0.9874224066734314
   ],
   [
    -0.18402837216854095,
    0.9742163419723511,
    -0.13052232563495636
   ]
  ]
 },
 {
  "rotation_euler": [
   1.7031959295272827,
   0.07019837200641632,
   1.7582411766052246
  ],
  "euler_order": "XYZ",
  "rotation_matrix": [
   [
    -0.18589015305042267,
    0.11674445867538452,
    0.9756103754043579
   ],
   [
    0.9800638556480408,
    0.09290952235460281,
    0.17562086880207062
   ],
   [
    -0.07014073431491852,
    0.9888066053390503,
    -0.1316879838705063
   ]
  ]
 },
 {
  "rotation_euler": [
   1.709061622619629,
   -0.2917362451553345,
   -1.2239603996276855
  ],
  "euler_order": "XYZ",
  "rotation_matrix": [
   [
    0.32556068897247314,
    -0.22645244002342224,
    -0.9180030226707458
   ],
   [
    -0.9007149934768677,
    0.22105742990970612,
    -0.3739599883556366
   ],
   [
    0.2876155376434326,
    0.9486057758331299,
    -0.13200150430202484
   ]
  ]
 },
 {
  "rotation_euler": [
   1.7093290090560913,
   -0.3008330464363098,
   2.0825047492980957
  ],
  "euler_order": "XYZ",
  "rotation_matrix": [
   [
    -0.46767657995224,
    0.26410818099975586,
    0.8435196876525879
   ],
   [
    0.8327517509460449,
    -0.18826723098754883,
    0.5206534266471863
   ],
   [
    0.2963159382343292,
    0.9459398984909058,
    -0.13188837468624115
   ]
  ]
 },
 {
  "rotation_euler": [
   1.703118085861206,
   -0.02017068676650524,
   -0.7490364909172058
  ],
  "euler_order": "XYZ",
  "rotation_matrix": [
   [
    0.7321963310241699,
    -0.10448139160871506,
    -0.6730321049690247
   ],
   [
    -0.6807949542999268,
    -0.083008773624897,
    -0.7277553081512451
   ],
   [
    0.020169319584965706,
    0.9910566210746765,
    -0.13190911710262299
   ]
  ]
 },
 {
  "rotation_euler": [
   1.7033476829528809,
   0.09193090349435806,
   1.9755781888961792
  ],
  "euler_order": "XYZ",
  "rotation_matrix": [
   [
    -0.3921552896499634,
    0.08564723283052444,
    0.9159032702445984
   ],
   [
    0.9153069257736206,
    0.13569104671478271,
    0.37921130657196045
   ],
   [
    -0.0918014720082283,
    0.9870423078536987,
    -0.13160546123981476
   ]
  ]
 },
 {
  "rotation_euler": [
   1.7046507596969604,
   -0.10930515080690384,
   -2.5128962993621826
  ],
  "euler_order": "XYZ",
  "rotation_matrix": [
   [
    -0.803968071937561,
    0.00895657017827034,
    -0.594605028629303
   ],
   [
    -0.5845812559127808,
    0.17151735723018646,
    0.7929984927177429
   ],
   [
    0.10908762365579605,
    0.9851403832435608,
    -0.13265863060951233
   ]
  ]
 },
 {
  "rotation_euler": [
   1.7047536373138428,
   -0.11986883729696274,
   -1.3627548217773438
  ],
  "euler_order": "XYZ",
  "rotation_matrix": [
   [
    0.20506194233894348,
    -0.15515485405921936,
    -0.9663729071617126
   ],
   [
    -0.9714163541793823,
    0.08836984634399414,
    -0.22032026946544647
   ],
   [
    0.11958198994398117,
    0.9839297533035278,
    -0.1325986683368683
   ]
  ]
 },
 {
  "rotation_euler": [
   1.7060528993606567,
   0.30682119727134705,
   -2.146291494369507
  ],
  "euler_order": "XYZ",
  "rotation_matrix": [
   [
    -0.5188329219818115,
    -0.2760026752948761,
    -0.8090950846672058
   ],
   [
    -0.7997439503669739,
    -0.17767637968063354,
    0.5734463930130005
   ],
   [
    -0.3020298182964325,
    0.944591760635376,
    -0.12854710221290588
   ]
  ]
 },
 {
  "rotation_euler": [
   1.7032841444015503,
   0.07384008914232254,
   -0.6000434756278992
  ],
  "euler_order": "XYZ",
  "rotation_matrix": [
   [
    0.8230621218681335,
    -0.014242232777178288,
    -0.5677727460861206
   ],
   [
    -0.5631396174430847,
    -0.1503169983625412,
    -0.8125752806663513
   ],
   [
    -0.07377300411462784,
    0.9885352849960327,
    -0.13174059987068176
   ]
  ]
 },
 {
  "rotation_euler": [
   1.70351243019104,
   0.14208611845970154,
   -0.295110285282135
  ],
  "euler_order": "XYZ",
  "rotation_matrix": [
   [
    0.9471284747123718,
    0.09580869227647781,
    -0.3062162697315216
   ],
   [
    -0.2879144549369812,
    -0.1674303561449051,
    -0.9429063200950623
   ],
   [
    -0.14160852134227753,
    0.9812175035476685,
    -0.13099335134029388
   ]
  ]
 },
 {
  "rotation_euler": [
   1.7058192491531372,
   0.29349228739738464,
   -1.6656705141067505
  ],
  "euler_order": "XYZ",
  "rotation_matrix": [
   [
    -0.09068112820386887,
    -0.16116386651992798,
    -0.9827528595924377
   ],
   [
    -0.9529345035552979,
    -0.2726224958896637,
    0.13263769447803497
   ],
   [
    -0.2892969250679016,
    0.9485268592834473,
    -0.12885689735412598
   ]
  ]
 },
 {
  "rotation_euler": [
   1.71024489402771,
   -0.331584095954895,
   -1.2633305788040161
  ],
  "euler_order": "XYZ",
  "rotation_matrix": [
   [
    0.2861585319042206,
    -0.2300453782081604,
    -0.9301571846008301
   ],
   [
    -0.9011859893798828,
    0.26519596576690674,
    -0.34283360838890076
   ],
   [
    0.32554125785827637,
    0.9363493919372559,
    -0.13142558932304382
   ]
  ]
 },
 {
  "rotation_euler": [
   1.70651376247406,
   0.33278053998947144,
   -1.8484562635421753
  ],
  "euler_order": "XYZ",
  "rotation_matrix": [
   [
    -0.2590678632259369,
    -0.21883851289749146,
    -0.9407409429550171
   ],
   [
    -0.9089384078979492,
    -0.27418485283851624,
    0.3140917122364044
   ],
   [
    -0.3266722857952118,
    0.9364466667175293,
    -0.12787824869155884
   ]
  ]
 },
 {
  "rotation_euler": [
   1.7049808502197266,
   -0.14144690334796906,
   1.7431098222732544
  ],
  "euler_order": "XYZ",
  "rotation_matrix": [
   [
    -0.1697496622800827,
    0.1557556837797165,
    0.9731008410453796
   ],
   [
    0.9753516912460327,
    -0.11470089852809906,
    0.18850146234035492
   ],
   [
    0.1409757137298584,
    0.981113612651825,
    -0.13244614005088806
   ]
  ]
 }
]