[
 {
  "rotation_euler": [
   -2.861403118004091e-06,
   2.9517932489397936e-06,
   -0.6753329634666443
  ],
  "euler_order": "XYZ",
  "rotation_matrix": [
   [
    0.7804988622665405,
    0.6251572370529175,
    4.092697963642422e-06
   ],
   [
    -0.6251572370529175,
    0.7804988622665405,
    3.879869154843618e-07
   ],
   [
    -2.9517932489397936e-06,
    -2.861403118004091e-06,
    1.0
   ]
  ]
 },
 {
  "rotation_euler": [
   3.537797965691425e-06,
   -2.990591838170076e-06,
   2.761927604675293
  ],
  "euler_order": "XYZ",
  "rotation_matrix": [
   [
    -0.9287888407707214,
    -0.3706094026565552,
    4.088769401278114e-06
   ],
   [
    0.3706094026565552,
    -0.9287888407707214,
    2.1775258574052714e-06
   ],
   [
    2.990591838170076e-06,
    3.537797965691425e-06,
    1.0
   ]
  ]
 },
 {
  "rotation_euler": [
   -0.9656861424446106,
   2.5771976197574986e-06,
   -0.2468470185995102
  ],
  "euler_order": "XYZ",
  "rotation_matrix": [
   [
    0.9696876406669617,
    0.13899584114551544,
    0.20096266269683838
   ],
   [
    -0.24434776604175568,
    0.551609992980957,
    0.7975090146064758
   ],
   [
    -2.5771976197574986e-06,
    -0.822439432144165,
    0.5688527226448059
   ]
  ]
 },
 {
  "rotation_euler": [
   1.909389766296954e-06,
   4.112373062525876e-06,
   3.041616201400757
  ],
  "euler_order": "XYZ",
  "rotation_matrix": [
   [
    -0.9950065016746521,
    -0.09980998933315277,
    -3.901261607097695e-06
   ],
   [
    0.09980998933315277,
    -0.9950065016746521,
    2.310311174369417e-06
   ],
   [
    -4.112373062525876e-06,
    1.909389766296954e-06,
    1.0
   ]
  ]
 },
 {
  "rotation_euler": [
   4.111734597245231e-06,
   1.4303041098173708e-06,
   0.32524242997169495
  ],
  "euler_order": "XYZ",
  "rotation_matrix": [
   [
    0.9475733041763306,
    -0.31953850388526917,
    2.669175501068821e-06
   ],
   [
    0.31953850388526917,
    0.9475733041763306,
    -3.439132569837966e-06
   ],
   [
    -1.4303041098173708e-06,
    4.111734597245231e-06,
    1.0
   ]
  ]
 },
 {
  "rotation_euler": [
   1.8775807575366343e-06,
   1.5133770148167969e-06,
   1.4201998710632324
  ],
  "euler_order": "XYZ",
  "rotation_matrix": [
   [
    0.15002787113189697,
    -0.9886817932128906,
    2.083378603856545e-06
   ],
   [
    0.9886817932128906,
    0.15002787113189697,
    1.2145587788836565e-06
   ],
   [
    -1.5133770148167969e-06,
    1.8775807575366343e-06,
    1.0
   ]
  ]
 },
 {
  "rotation_euler": [
   -2.227426193712745e-06,
   -3.8055713957874104e-06,
   0.4475167393684387
  ],
  "euler_order": "XYZ",
  "rotation_matrix": [
   [
    0.9015244841575623,
    -0.4327281415462494,
    -4.3946856749244034e-06
   ],
   [
    0.4327281415462494,
    0.9015244841575623,
    3.613013177528046e-07
   ],
   [
    3.8055713957874104e-06,
    -2.227426193712745e-06,
    1.0
   ]
  ]
 },
 {
  "rotation_euler": [
   -4.119656750845024e-06,
   4.10308484788402e-06,
   0.7090636491775513
  ],
  "euler_order": "XYZ",
  "rotation_matrix": [
   [
    0.7589718699455261,
    -0.6511234045028687,
    4.3172116193090915e-07
   ],
   [
    0.6511234045028687,
    0.7589718699455261,
    5.798318397864932e-06
   ],
   [
    -4.10308484788402e-06,
    -4.119656750845024e-06,
    1.0
   ]
  ]
 },
 {
  "rotation_euler": [
   2.78324841929134e-06,
   4.96471329824999e-07,
   1.8094121217727661
  ],
  "euler_order": "XYZ",
  "rotation_matrix": [
   [
    -0.23635786771774292,
    -0.9716660976409912,
    2.587043127277866e-06
   ],
   [
    0.9716660976409912,
    -0.23635786771774292,
    1.140247036346409e-06
   ],
   [
    -4.96471329824999e-07,
    2.78324841929134e-06,
    1.0
   ]
  ]
 },
 {
  "rotation_euler": [
   -1.5597631931304932,
   0.007093161344528198,
   -0.30681851506233215
  ],
  "euler_order": "XYZ",
  "rotation_matrix": [
   [
    0.9532753229141235,
    -0.0034291979391127825,
    0.30208349227905273
   ],
   [
    -0.3020196557044983,
    0.012659844942390919,
    0.953217625617981
   ],
   [
    -0.007093101739883423,
    -0.9999139904975891,
    0.011032632552087307
   ]
  ]
 },
 {
  "rotation_euler": [
   2.9737000204477226e-06,
   -2.191589828726137e-06,
   -1.1821019649505615
  ],
  "euler_order": "XYZ",
  "rotation_matrix": [
   [
    0.37898048758506775,
    0.9254046678543091,
    -3.5824457427224843e-06
   ],
   [
    -0.9254046678543091,
    0.37898048758506775,
    9.011331485453411e-07
   ],
   [
    2.191589828726137e-06,
    2.9737000204477226e-06,
    1.0
   ]
  ]
 },
 {
  "rotation_euler": [
   -4.1599255382607225e-06,
   1.7039968724930077e-06,
   2.3380801677703857
  ],
  "euler_order": "XYZ",
  "rotation_matrix": [
   [
    -0.6941826939582825,
    -0.7197988033294678,
    -4.177194568910636e-06
   ],
   [
    0.7197988033294678,
    -0.6941826939582825,
    -1.661213445913745e-06
   ],
   [
    -1.7039968724930077e-06,
    -4.1599255382607225e-06,
    1.0
   ]
  ]
 },
 {
  "rotation_euler": [
   2.910128841904225e-06,
   2.665532065293519e-06,
   2.887795925140381
  ],
  "euler_order": "XYZ",
  "rotation_matrix": [
   [
    -0.9679661393165588,
    -0.25108087062835693,
    -1.8494670257496182e-06
   ],
   [
    0.25108087062835693,
    -0.9679661393165588,
    3.486170271571609e-06
   ],
   [
    -2.665532065293519e-06,
    2.910128841904225e-06,
    1.0
   ]
  ]
 },
 {
  "rotation_euler": [
   -6.732174369972199e-06,
   1.0097737686010078e-06,
   1.7522130012512207
  ],
  "euler_order": "XYZ",
  "rotation_matrix": [
   [
    -0.18042318522930145,
    -0.9835890531539917,
    -6.803879841754679e-06
   ],
   [
    0.9835890531539917,
    -0.18042318522930145,
    -2.2143785827211104e-07
   ],
   [
    -1.0097737686010078e-06,
    -6.732174369972199e-06,
    1.0
   ]
  ]
 },
 {
  "rotation_euler": [
   -2.476343979651574e-06,
   3.4119761949114036e-06,
   3.0437564849853516
  ],
  "euler_order": "XYZ",
  "rotation_matrix": [
   [
    -0.9952178597450256,
    -0.09768016636371613,
    -3.6375492982188007e-06
   ],
   [
    0.09768016636371613,
    -0.9952178597450256,
    -2.1312193894118536e-06
   ],
   [
    -3.4119761949114036e-06,
    -2.476343979651574e-06,
    1.0
   ]
  ]
 },
 {
  "rotation_euler": [
   -1.4463392972174915e-06,
   1.4046247542864876e-06,
   -1.8454433679580688
  ],
  "euler_order": "XYZ",
  "rotation_matrix": [
   [
    -0.27120721340179443,
    0.962520956993103,
    1.0111875781149138e-06
   ],
   [
    -0.962520956993103,
    -0.27120721340179443,
    -1.7442384887544904e-06
   ],
   [
    -1.4046247542864876e-06,
    -1.4463392972174915e-06,
    1.0
   ]
  ]
 }
]