[
 {
  "rotation_euler": [
   1.5755099058151245,
   -2.138613224029541,
   0.17964309453964233
  ],
  "euler_order": "XYZ",
  "rotation_matrix": [
   [
    -0.5291383862495422,
    -0.828658401966095,
    0.18258638679981232
   ],
   [
    -0.09609197080135345,
    -0.15527571737766266,
    -0.9831865429878235
   ],
   [
    0.8430770635604858,
    -0.5377868413925171,
    0.0025349194183945656
   ]
  ]
 },
 {
  "rotation_euler": [
   -1.5550824403762817,
   1.7118983268737793,
   0.15258407592773438
  ],
  "euler_order": "XYZ",
  "rotation_matrix": [
   [
    -0.1390003114938736,
    -0.980826199054718,
    -0.13659760355949402
   ],
   [
    -0.021375378593802452,
    -0.13493287563323975,
    0.9906241297721863
   ],
   [
    -0.9900616407394409,
    0.14061687886714935,
    -0.002209819620475173
   ]
  ]
 },
 {
  "rotation_euler": [
   1.5711853504180908,
   0.17308536171913147,
   -2.902822256088257
  ],
  "euler_order": "XYZ",
  "rotation_matrix": [
   [
    -0.9571115374565125,
    -0.1674283891916275,
    -0.23644296824932098
   ],
   [
    -0.23297420144081116,
    -0.04035400599241257,
    0.9716452956199646
   ],
   [
    -0.17222242057323456,
    0.9850580096244812,
    -0.0003832108632195741
   ]
  ]
 },
 {
  "rotation_euler": [
   1.5665783882141113,
   -1.0833921432495117,
   1.9174052476882935
  ],
  "euler_order": "XYZ",
  "rotation_matrix": [
   [
    -0.15909788012504578,
    0.296181857585907,
    0.9417877793312073
   ],
   [
    0.44048216938972473,
    -0.8324323296546936,
    0.3362022042274475
   ],
   [
    0.8835515379905701,
    0.4683297574520111,
    0.001975397812202573
   ]
  ]
 },
 {
  "rotation_euler": [
   1.5697202682495117,
   -0.4551210403442383,
   0.7705885767936707
  ],
  "euler_order": "XYZ",
  "rotation_matrix": [
   [
    0.6444648504257202,
    -0.31614193320274353,
    0.6962178945541382
   ],
   [
    0.6256535649299622,
    -0.3054143190383911,
    -0.7178298830986023
   ],
   [
    0.4395710229873657,
    0.8982073068618774,
    0.0009665240067988634
   ]
  ]
 },
 {
  "rotation_euler": [
   1.5711846351623535,
   0.17307300865650177,
   -0.8942273259162903
  ],
  "euler_order": "XYZ",
  "rotation_matrix": [
   [
    0.6167673468589783,
    0.10752175748348236,
    -0.7797673344612122
   ],
   [
    -0.7680765986442566,
    -0.13451984524726868,
    -0.6260693073272705
   ],
   [
    -0.17221026122570038,
    0.9850601553916931,
    -0.0003825071034952998
   ]
  ]
 },
 {
  "rotation_euler": [
   -1.5717250108718872,
   0.40758129954338074,
   1.1484218835830688
  ],
  "euler_order": "XYZ",
  "rotation_matrix": [
   [
    0.37634706497192383,
    -0.16164393723011017,
    -0.9122686982154846
   ],
   [
    0.8373994827270508,
    -0.36193498969078064,
    0.4095914363861084
   ],
   [
    -0.3963899314403534,
    -0.9180818796157837,
    -0.0008526082383468747
   ]
  ]
 },
 {
  "rotation_euler": [
   1.5707824230194092,
   0.718544065952301,
   1.1212153434753418
  ],
  "euler_order": "XYZ",
  "rotation_matrix": [
   [
    0.32714277505874634,
    0.2860722839832306,
    0.9006332755088806
   ],
   [
    0.6779621839523315,
    0.5928807258605957,
    -0.4345799386501312
   ],
   [
    -0.65828937292099,
    0.7527649402618408,
    1.0466274943610188e-05
   ]
  ]
 },
 {
  "rotation_euler": [
   -1.5717177391052246,
   0.392314612865448,
   -0.9558042883872986
  ],
  "euler_order": "XYZ",
  "rotation_matrix": [
   [
    0.5331190228462219,
    -0.22133752703666687,
    0.8165744543075562
   ],
   [
    -0.7547246217727661,
    0.3117455244064331,
    0.5772395133972168
   ],
   [
    -0.38232821226119995,
    -0.9240261912345886,
    -0.00085140933515504
   ]
  ]
 },
 {
  "rotation_euler": [
   -1.5704598426818848,
   -0.15013910830020905,
   -1.4232680797576904
  ],
  "euler_order": "XYZ",
  "rotation_matrix": [
   [
    0.14534004032611847,
    0.022319506853818893,
    0.9891299605369568
   ],
   [
    -0.9780099391937256,
    -0.14790143072605133,
    0.14704345166683197
   ],
   [
    0.14957568049430847,
    -0.9887502193450928,
    0.00033269874984398484
   ]
  ]
 },
 {
  "rotation_euler": [
   1.5707664489746094,
   0.18322502076625824,
   -1.9962632656097412
  ],
  "euler_order": "XYZ",
  "rotation_matrix": [
   [
    -0.4058372676372528,
    -0.07517576962709427,
    -0.9108483791351318
   ],
   [
    -0.8955996632575989,
    -0.16596990823745728,
    0.41274118423461914
   ],
   [
    -0.18220154941082,
    0.983261227607727,
    2.9377701139310375e-05
   ]
  ]
 },
 {
  "rotation_euler": [
   1.5865073204040527,
   -1.7119144201278687,
   1.3526239395141602
  ],
  "euler_order": "XYZ",
  "rotation_matrix": [
   [
    -0.03044312633574009,
    -0.19892971217632294,
    0.9795408248901367
   ],
   [
    -0.1373160183429718,
    -0.9698708057403564,
    -0.20123352110385895
   ],
   [
    0.9900593757629395,
    -0.14063282310962677,
    0.0022096631582826376
   ]
  ]
 },
 {
  "rotation_euler": [
   -1.5695966482162476,
   -0.43529820442199707,
   2.257925510406494
  ],
  "euler_order": "XYZ",
  "rotation_matrix": [
   [
    -0.5751664638519287,
    -0.26840800046920776,
    -0.7727487683296204
   ],
   [
    0.7009770274162292,
    0.32522767782211304,
    -0.6347110867500305
   ],
   [
    0.4216808080673218,
    -0.9067437052726746,
    0.001087801530957222
   ]
  ]
 },
 {
  "rotation_euler": [
   1.5711902379989624,
   0.17307361960411072,
   0.18885169923305511
  ],
  "euler_order": "XYZ",
  "rotation_matrix": [
   [
    0.9675461649894714,
    0.16922296583652496,
    0.18766449391841888
   ],
   [
    0.18492645025253296,
    0.03194243088364601,
    -0.9822331070899963
   ],
   [
    -0.17221085727214813,
    0.9850600361824036,
    -0.0003880262083839625
   ]
  ]
 },
 {
  "rotation_euler": [
   1.5697098970413208,
   -0.4596923887729645,
   0.0023752921260893345
  ],
  "euler_order": "XYZ",
  "rotation_matrix": [
   [
    0.8961864709854126,
    -0.4436735212802887,
    0.001893270993605256
   ],
   [
    0.002128708641976118,
    3.25764121953398e-05,
    -0.9999977350234985
   ],
   [
    0.44367244839668274,
    0.896188497543335,
    0.0009736462379805744
   ]
  ]
 },
 {
  "rotation_euler": [
   1.5711876153945923,
   0.17311444878578186,
   -0.794559895992279
  ],
  "euler_order": "XYZ",
  "rotation_matrix": [
   [
    0.6901270747184753,
    0.12039969861507416,
    -0.7136024832725525
   ],
   [
    -0.7028898596763611,
    -0.12318480014801025,
    -0.7005507349967957
   ],
   [
    -0.17225107550621033,
    0.9850530028343201,
    -0.00038544004200957716
   ]
  ]
 }
]