[
 {
  "rotation_euler": [
   -0.0001571115426486358,
   1.00062834462733e-06,
   2.275517225265503
  ],
  "euler_order": "XYZ",
  "rotation_matrix": [
   [
    -0.6478212475776672,
    -0.7617923617362976,
    -0.00012033460370730609
   ],
   [
    0.7617923617362976,
    -0.6478212475776672,
    -0.00010101792577188462
   ],
   [
    -1.00062834462733e-06,
    -0.0001571115426486358,
    1.0
   ]
  ]
 },
 {
  "rotation_euler": [
   -0.00015731794701423496,
   -7.452748604919179e-07,
   -0.4505225121974945
  ],
  "euler_order": "XYZ",
  "rotation_matrix": [
   [
    0.9002196788787842,
    0.435435950756073,
    6.783098069718108e-05
   ],
   [
    -0.4354359805583954,
    0.9002196788787842,
    0.00014194523100741208
   ],
   [
    7.452748604919179e-07,
    -0.00015731794701423496,
    1.0
   ]
  ]
 },
 {
  "rotation_euler": [
   -0.0001570507447468117,
   -8.749912581151875e-07,
   -1.95767080783844
  ],
  "euler_order": "XYZ",
  "rotation_matrix": [
   [
    -0.37729573249816895,
    0.926092803478241,
    0.0001457736943848431
   ],
   [
    -0.926092803478241,
    -0.37729573249816895,
    -5.844425322720781e-05
   ],
   [
    8.749912581151875e-07,
    -0.0001570507447468117,
    1.0
   ]
  ]
 },
 {
  "rotation_euler": [
   -0.00015636302123311907,
   1.6701631011528661e-07,
   1.0319875478744507
  ],
  "euler_order": "XYZ",
  "rotation_matrix": [
   [
    0.5131139159202576,
    -0.8583205342292786,
    -0.00013412389671429992
   ],
   [
    0.8583205342292786,
    0.5131139159202576,
    8.037539373617619e-05
   ],
   [
    -1.6701631011528661e-07,
    -0.00015636302123311907,
    1.0
   ]
  ]
 },
 {
  "rotation_euler": [
   -0.00017643082537688315,
   1.2136488294345327e-05,
   -2.8638229370117188
  ],
  "euler_order": "XYZ",
  "rotation_matrix": [
   [
    -0.961669385433197,
    0.2742115259170532,
    3.6708079278469086e-05
   ],
   [
    -0.2742115259170532,
    -0.961669385433197,
    -0.00017299609316978604
   ],
   [
    -1.2136488294345327e-05,
    -0.00017643082537688315,
    1.0
   ]
  ]
 },
 {
  "rotation_euler": [
   -0.0001566894061397761,
   4.26423696353595e-08,
   1.0253084897994995
  ],
  "euler_order": "XYZ",
  "rotation_matrix": [
   [
    0.518835186958313,
    -0.8548742532730103,
    -0.0001339276204816997
   ],
   [
    0.854874312877655,
    0.518835186958313,
    8.13324295450002e-05
   ],
   [
    -4.26423696353595e-08,
    -0.0001566894061397761,
    1.0
   ]
  ]
 },
 {
  "rotation_euler": [
   -0.0001573216577526182,
   -4.4943510602024617e-07,
   0.9544901847839355
  ],
  "euler_order": "XYZ",
  "rotation_matrix": [
   [
    0.5780248641967773,
    -0.8160191774368286,
    -0.00012863727170042694
   ],
   [
    0.8160191774368286,
    0.5780248641967773,
    9.056908311322331e-05
   ],
   [
    4.4943510602024617e-07,
    -0.0001573216577526182,
    1.0
   ]
  ]
 },
 {
  "rotation_euler": [
   -0.00015626964159309864,
   -5.047087370257941e-07,
   0.4215191900730133
  ],
  "euler_order": "XYZ",
  "rotation_matrix": [
   [
    0.912468433380127,
    -0.40914714336395264,
    -6.43978055450134e-05
   ],
   [
    0.40914714336395264,
    0.912468433380127,
    0.00014238461153581738
   ],
   [
    5.047087370257941e-07,
    -0.00015626964159309864,
    1.0
   ]
  ]
 },
 {
  "rotation_euler": [
   -0.00015754361811559647,
   -5.618499088200224e-08,
   -0.31070083379745483
  ],
  "euler_order": "XYZ",
  "rotation_matrix": [
   [
    0.9521195292472839,
    0.30572599172592163,
    4.811168400919996e-05
   ],
   [
    -0.30572599172592163,
    0.9521195292472839,
    0.00015001752763055265
   ],
   [
    5.618499088200224e-08,
    -0.00015754361811559647,
    1.0
   ]
  ]
 },
 {
  "rotation_euler": [
   -0.00015721310046501458,
   1.1576099723242805e-07,
   -0.6142656207084656
  ],
  "euler_order": "XYZ",
  "rotation_matrix": [
   [
    0.8171969056129456,
    0.5763585567474365,
    9.070571104530245e-05
   ],
   [
    -0.5763585567474365,
    0.8171969056129456,
    0.0001284073368879035
   ],
   [
    -1.1576099723242805e-07,
    -0.00015721310046501458,
    1.0
   ]
  ]
 },
 {
  "rotation_euler": [
   -0.00015828262257855386,
   6.357867050610366e-07,
   -0.5302971005439758
  ],
  "euler_order": "XYZ",
  "rotation_matrix": [
   [
    0.862656831741333,
    0.5057896375656128,
    8.060617983574048e-05
   ],
   [
    -0.5057896375656128,
    0.862656831741333,
    0.00013622200640384108
   ],
   [
    -6.357867050610366e-07,
    -0.00015828262257855386,
    1.0
   ]
  ]
 },
 {
  "rotation_euler": [
   -0.00015741340757813305,
   4.6243053475336637e-07,
   1.964805245399475
  ],
  "euler_order": "XYZ",
  "rotation_matrix": [
   [
    -0.383893221616745,
    -0.9233774542808533,
    -0.00014552951324731112
   ],
   [
    0.923377513885498,
    -0.383893221616745,
    -6.0002945247106254e-05
   ],
   [
    -4.6243053475336637e-07,
    -0.00015741340757813305,
    1.0
   ]
  ]
 },
 {
  "rotation_euler": [
   -0.00015681130753364414,
   1.635360291629695e-07,
   1.2990615367889404
  ],
  "euler_order": "XYZ",
  "rotation_matrix": [
   [
    0.26840296387672424,
    -0.963306725025177,
    -0.00015101348981261253
   ],
   [
    0.963306725025177,
    0.26840296387672424,
    4.2246156226610765e-05
   ],
   [
    -1.635360291629695e-07,
    -0.00015681130753364414,
    1.0
   ]
  ]
 },
 {
  "rotation_euler": [
   -0.00015762644761707634,
   6.334655466844197e-08,
   2.056063413619995
  ],
  "euler_order": "XYZ",
  "rotation_matrix": [
   [
    -0.46644464135169983,
    -0.8845503926277161,
    -0.00013945809041615576
   ],
   [
    0.8845503926277161,
    -0.46644461154937744,
    -7.346797792706639e-05
   ],
   [
    -6.334655466844197e-08,
    -0.00015762644761707634,
    1.0
   ]
  ]
 },
 {
  "rotation_euler": [
   -0.0001571325265103951,
   1.0331908129046496e-07,
   -2.577932596206665
  ],
  "euler_order": "XYZ",
  "rotation_matrix": [
   [
    -0.8453052639961243,
    0.5342836380004883,
    8.386599802179262e-05
   ],
   [
    -0.5342836380004883,
    -0.8453052639961243,
    -0.00013288015907164663
   ],
   [
    -1.0331908129046496e-07,
    -0.0001571325265103951,
    1.0
   ]
  ]
 },
 {
  "rotation_euler": [
   -0.00015723216347396374,
   -6.886945129735977e-07,
   1.4945136308670044
  ],
  "euler_order": "XYZ",
  "rotation_matrix": [
   [
    0.07620873302221298,
    -0.9970918893814087,
    -0.0001568274019518867
   ],
   [
    0.9970918893814087,
    0.07620873302221298,
    1.1295772310404573e-05
   ],
   [
    6.886945129735977e-07,
    -0.00015723216347396374,
    1.0
   ]
  ]
 }
]