[
 {
  "rotation_euler": [
   0.0019248026655986905,
   -0.00026256038108840585,
   0.6985141038894653
  ],
  "euler_order": "XYZ",
  "rotation_matrix": [
   [
    0.7657985687255859,
    -0.6430796980857849,
    0.0010367343202233315
   ],
   [
    0.643080472946167,
    0.7657968401908875,
    -0.0016428574454039335
   ],
   [
    0.00026256038108840585,
    0.0019248013850301504,
    0.9999980926513672
   ]
  ]
 },
 {
  "rotation_euler": [
   0.0021484263706952333,
   -0.004808550234884024,
   -0.5560883283615112
  ],
  "euler_order": "XYZ",
  "rotation_matrix": [
   [
    0.8493166565895081,
    0.5278579592704773,
    -0.005218088161200285
   ],
   [
    -0.5278618335723877,
    0.849329948425293,
    0.0007135500200092793
   ],
   [
    0.004808531608432531,
    0.002148399828001857,
    0.9999861121177673
   ]
  ]
 },
 {
  "rotation_euler": [
   -0.001937112887389958,
   -0.00037258033989928663,
   -2.5828874111175537
  ],
  "euler_order": "XYZ",
  "rotation_matrix": [
   [
    -0.8479421138763428,
    0.5300871729850769,
    0.0013427671510726213
   ],
   [
    -0.5300887227058411,
    -0.8479409217834473,
    -0.0014450583839789033
   ],
   [
    0.00037258033989928663,
    -0.001937111490406096,
    0.9999980330467224
   ]
  ]
 },
 {
  "rotation_euler": [
   0.0008473633206449449,
   0.00038747891085222363,
   0.4078460931777954
  ],
  "euler_order": "XYZ",
  "rotation_matrix": [
   [
    0.9179772138595581,
    -0.396632581949234,
    0.0006917889113537967
   ],
   [
    0.39663296937942505,
    0.9179770350456238,
    -0.0006241733208298683
   ],
   [
    -0.00038747891085222363,
    0.0008473631460219622,
    0.9999995827674866
   ]
  ]
 },
 {
  "rotation_euler": [
   0.00023407148546539247,
   0.0027986413333564997,
   1.360053300857544
  ],
  "euler_order": "XYZ",
  "rotation_matrix": [
   [
    0.20918571949005127,
    -0.9778755903244019,
    0.0008143301820382476
   ],
   [
    0.9778718948364258,
    0.20918717980384827,
    0.002687755273655057
   ],
   [
    -0.002798637608066201,
    0.00023407056869473308,
    0.9999960660934448
   ]
  ]
 },
 {
  "rotation_euler": [
   0.0005530510097742081,
   0.001942541915923357,
   -2.1536872386932373
  ],
  "euler_order": "XYZ",
  "rotation_matrix": [
   [
    -0.5504387617111206,
    0.834874153137207,
    -0.0015309798764064908
   ],
   [
    -0.8348733186721802,
    -0.5504406094551086,
    -0.0013173569459468126
   ],
   [
    -0.0019425407517701387,
    0.0005530499620363116,
    0.9999979734420776
   ]
  ]
 },
 {
  "rotation_euler": [
   -0.0010029175318777561,
   0.02400580234825611,
   -3.039707660675049
  ],
  "euler_order": "XYZ",
  "rotation_matrix": [
   [
    -0.9945275783538818,
    0.10173270851373672,
    -0.023777002468705177
   ],
   [
    -0.10167951136827469,
    -0.9948112368583679,
    -0.00343908229842782
   ],
   [
    -0.024003496393561363,
    -0.001002628356218338,
    0.9997113943099976
   ]
  ]
 },
 {
  "rotation_euler": [
   0.007741235196590424,
   -0.023775557056069374,
   -1.004948377609253
  ],
  "euler_order": "XYZ",
  "rotation_matrix": [
   [
    0.5359802842140198,
    0.8440103530883789,
    -0.019279826432466507
   ],
   [
    -0.8438957333564758,
    0.5362710952758789,
    0.015916990116238594
   ],
   [
    0.02377331629395485,
    0.007738970220088959,
    0.9996874332427979
   ]
  ]
 },
 {
  "rotation_euler": [
   0.02320031262934208,
   0.027738606557250023,
   1.1243596076965332
  ],
  "euler_order": "XYZ",
  "rotation_matrix": [
   [
    0.43158814311027527,
    -0.9014707803726196,
    0.03289610520005226
   ],
   [
    0.9016442894935608,
    0.43221837282180786,
    0.014994106255471706
   ],
   [
    -0.027735048905014992,
    0.023189308121800423,
    0.9993463158607483
   ]
  ]
 },
 {
  "rotation_euler": [
   0.011704817414283752,
   0.025680148974061012,
   1.2498522996902466
  ],
  "euler_order": "XYZ",
  "rotation_matrix": [
   [
    0.3153585195541382,
    -0.9487782120704651,
    0.019206572324037552
   ],
   [
    0.9486251473426819,
    0.315726101398468,
    0.020672176033258438
   ],
   [
    -0.025677327066659927,
    0.011700690723955631,
    0.9996017813682556
   ]
  ]
 },
 {
  "rotation_euler": [
   -2.6926512873615138e-05,
   -0.0008923796121962368,
   2.0165138244628906
  ],
  "euler_order": "XYZ",
  "rotation_matrix": [
   [
    -0.43110522627830505,
    -0.9023016095161438,
    0.00036041377461515367
   ],
   [
    0.9023011922836304,
    -0.431105375289917,
    -0.0008168036001734436
   ],
   [
    0.000892379495780915,
    -2.6926501959678717e-05,
    0.9999995827674866
   ]
  ]
 },
 {
  "rotation_euler": [
   -3.3070424251491204e-05,
   -1.2493573194660712e-05,
   2.1155171394348145
  ],
  "euler_order": "XYZ",
  "rotation_matrix": [
   [
    -0.5181793570518494,
    -0.8552719950675964,
    -2.1810295947943814e-05
   ],
   [
    0.8552719950675964,
    -0.5181793570518494,
    -2.7821814001072198e-05
   ],
   [
    1.2493573194660712e-05,
    -3.3070424251491204e-05,
    1.0
   ]
  ]
 },
 {
  "rotation_euler": [
   -0.0004470749699976295,
   -0.00012325323768891394,
   -0.023755168542265892
  ],
  "euler_order": "XYZ",
  "rotation_matrix": [
   [
    0.9997178316116333,
    0.023752987384796143,
    -0.00011259911116212606
   ],
   [
    -0.023752933368086815,
    0.9997177720069885,
    0.0004498764465097338
   ],
   [
    0.00012325323768891394,
    -0.00044707494089379907,
    0.9999998807907104
   ]
  ]
 },
 {
  "rotation_euler": [
   0.00167180597782135,
   -0.0005964373704046011,
   0.5191438794136047
  ],
  "euler_order": "XYZ",
  "rotation_matrix": [
   [
    0.8682441115379333,
    -0.49613717198371887,
    0.00031159183708950877
   ],
   [
    0.4961369037628174,
    0.8682425618171692,
    -0.001747449510730803
   ],
   [
    0.0005964373121969402,
    0.0016718049300834537,
    0.9999984502792358
   ]
  ]
 },
 {
  "rotation_euler": [
   2.9183396691223606e-05,
   0.0021187709644436836,
   0.5328750014305115
  ],
  "euler_order": "XYZ",
  "rotation_matrix": [
   [
    0.8613481521606445,
    -0.5080117583274841,
    0.0018398277461528778
   ],
   [
    0.5080106854438782,
    0.8613501191139221,
    0.0010512227891013026
   ],
   [
    -0.002118769334629178,
    2.918333120760508e-05,
    0.9999977350234985
   ]
  ]
 },
 {
  "rotation_euler": [
   -0.0231837946921587,
   -0.016767658293247223,
   -2.249699115753174
  ],
  "euler_order": "XYZ",
  "rotation_matrix": [
   [
    -0.6278511881828308,
    0.7778089642524719,
    0.028567206114530563
   ],
   [
    -0.7781527638435364,
    -0.6280732154846191,
    -0.0015112000983208418
   ],
   [
    0.016766872256994247,
    -0.0231784600764513,
    0.9995907545089722
   ]
  ]
 }
]