[
 {
  "rotation_euler": [
   1.1383332014083862,
   0.005280463490635157,
   -2.0114779472351074
  ],
  "euler_order": "XYZ",
  "rotation_matrix": [
   [
    -0.42655012011528015,
    0.37702223658561707,
    -0.8221369981765747
   ],
   [
    -0.9044485092163086,
    -0.18310950696468353,
    0.38528403639793396
   ],
   [
    -0.005280438810586929,
    0.9079235196113586,
    0.41910257935523987
   ]
  ]
 },
 {
  "rotation_euler": [
   0.8675763010978699,
   -1.602085828781128,
   -1.7900177240371704
  ],
  "euler_order": "XYZ",
  "rotation_matrix": [
   [
    0.006803409196436405,
    0.7969971299171448,
    -0.6039447784423828
   ],
   [
    0.03053566999733448,
    0.6035115122795105,
    0.796769380569458
   ],
   [
    0.9995105266571045,
    -0.023862605914473534,
    -0.02023090422153473
   ]
  ]
 },
 {
  "rotation_euler": [
   1.1402417421340942,
   0.05038224160671234,
   2.11651611328125
  ],
  "euler_order": "XYZ",
  "rotation_matrix": [
   [
    -0.5183748602867126,
    -0.3805061876773834,
    0.7658345699310303
   ],
   [
    0.853669285774231,
    -0.1775139421224594,
    0.48962998390197754
   ],
   [
    -0.05036092922091484,
    0.9075813293457031,
    0.4168452322483063
   ]
  ]
 },
 {
  "rotation_euler": [
   1.210237979888916,
   1.34260892868042,
   -1.319429636001587
  ],
  "euler_order": "XYZ",
  "rotation_matrix": [
   [
    0.05626531317830086,
    0.5684112906455994,
    -0.8208183646202087
   ],
   [
    -0.21910320222377777,
    -0.7950507998466492,
    -0.5655864477157593
   ],
   [
    -0.9740779995918274,
    0.21166682243347168,
    0.07980695366859436
   ]
  ]
 },
 {
  "rotation_euler": [
   0.2272977977991104,
   -1.604600429534912,
   2.6683194637298584
  ],
  "euler_order": "XYZ",
  "rotation_matrix": [
   [
    0.030082663521170616,
    -0.24361705780029297,
    0.9694048762321472
   ],
   [
    -0.015405047684907913,
    -0.9698415994644165,
    -0.24324877560138702
   ],
   [
    0.9994286894798279,
    -0.007616156712174416,
    -0.03292835131287575
   ]
  ]
 },
 {
  "rotation_euler": [
   0.6005826592445374,
   1.5980414152145386,
   0.27258801460266113
  ],
  "euler_order": "XYZ",
  "rotation_matrix": [
   [
    -0.026235882192850113,
    0.3219432532787323,
    0.9463953971862793
   ],
   [
    -0.007334145717322826,
    0.9466338157653809,
    -0.3222276568412781
   ],
   [
    -0.9996289014816284,
    -0.015394928865134716,
    -0.02247459441423416
   ]
  ]
 },
 {
  "rotation_euler": [
   -1.89230477809906,
   -1.6904720067977905,
   -1.0686620473861694
  ],
  "euler_order": "XYZ",
  "rotation_matrix": [
   [
    -0.05746220424771309,
    0.17637912929058075,
    0.9826436042785645
   ],
   [
    0.10465236753225327,
    -0.9777830839157104,
    0.18162645399570465
   ],
   [
    0.9928473830223083,
    0.11327263712882996,
    0.037727076560258865
   ]
  ]
 },
 {
  "rotation_euler": [
   -2.450216293334961,
   -1.2460600137710571,
   0.5502269268035889
  ],
  "euler_order": "XYZ",
  "rotation_matrix": [
   [
    0.27196767926216125,
    0.9178978204727173,
    0.28895872831344604
   ],
   [
    0.16682973504066467,
    -0.3407040536403656,
    0.9252505302429199
   ],
   [
    0.9477348923683167,
    -0.20343133807182312,
    -0.24579313397407532
   ]
  ]
 },
 {
  "rotation_euler": [
   1.138312816619873,
   0.006901673506945372,
   2.7687604427337646
  ],
  "euler_order": "XYZ",
  "rotation_matrix": [
   [
    -0.9312772750854492,
    -0.15850456058979034,
    0.328022837638855
   ],
   [
    0.36424586176872253,
    -0.3880501985549927,
    0.8466061949729919
   ],
   [
    -0.006901618558913469,
    0.9079059958457947,
    0.41911694407463074
   ]
  ]
 },
 {
  "rotation_euler": [
   -1.9375263452529907,
   -1.7328670024871826,
   0.5681840777397156
  ],
  "euler_order": "XYZ",
  "rotation_matrix": [
   [
    -0.13600879907608032,
    0.969465434551239,
    -0.2040548026561737
   ],
   [
    -0.08682931959629059,
    0.19351141154766083,
    0.9772481918334961
   ],
   [
    0.9868952631950378,
    0.15063229203224182,
    0.05785876885056496
   ]
  ]
 },
 {
  "rotation_euler": [
   1.1427583694458008,
   0.10714245587587357,
   2.8408191204071045
  ],
  "euler_order": "XYZ",
  "rotation_matrix": [
   [
    -0.9496307969093323,
    -0.21589547395706177,
    0.2271355241537094
   ],
   [
    0.2945602834224701,
    -0.3676293194293976,
    0.8820900917053223
   ],
   [
    -0.10693757981061935,
    0.9045649766921997,
    0.4127063453197479
   ]
  ]
 },
 {
  "rotation_euler": [
   1.1672863960266113,
   -0.5158050656318665,
   -2.7782278060913086
  ],
  "euler_order": "XYZ",
  "rotation_matrix": [
   [
    -0.8130970597267151,
    0.563559889793396,
    -0.14585404098033905
   ],
   [
    -0.3091796040534973,
    -0.20578399300575256,
    0.9284723401069641
   ],
   [
    0.493235319852829,
    0.8000332713127136,
    0.3415635824203491
   ]
  ]
 },
 {
  "rotation_euler": [
   1.1400892734527588,
   0.0469302199780941,
   1.2133944034576416
  ],
  "euler_order": "XYZ",
  "rotation_matrix": [
   [
    0.3494563400745392,
    -0.3762170374393463,
    0.8581031560897827
   ],
   [
    0.9357774257659912,
    0.18599824607372284,
    -0.2995416820049286
   ],
   [
    -0.04691299423575401,
    0.9076703190803528,
    0.4170536994934082
   ]
  ]
 },
 {
  "rotation_euler": [
   -1.7150460481643677,
   -1.6249758005142212,
   -1.136673927307129
  ],
  "euler_order": "XYZ",
  "rotation_matrix": [
   [
    -0.02277751825749874,
    0.2852194309234619,
    0.9581915736198425
   ],
   [
    0.04912971705198288,
    -0.9569628834724426,
    0.2860215902328491
   ],
   [
    0.9985326528549194,
    0.05359053984284401,
    0.00778448861092329
   ]
  ]
 },
 {
  "rotation_euler": [
   1.140260100364685,
   -0.03246435523033142,
   -1.7477202415466309
  ],
  "euler_order": "XYZ",
  "rotation_matrix": [
   [
    -0.1759096086025238,
    0.4160345494747162,
    -0.89217209815979
   ],
   [
    -0.9838710427284241,
    -0.044419918209314346,
    0.1732761561870575
   ],
   [
    0.032458651810884476,
    0.9082632660865784,
    0.4171382486820221
   ]
  ]
 },
 {
  "rotation_euler": [
   1.1395726203918457,
   -0.018962612375617027,
   0.4547831416130066
  ],
  "euler_order": "XYZ",
  "rotation_matrix": [
   [
    0.8981947898864746,
    -0.19908103346824646,
    0.39193475246429443
   ],
   [
    0.43918853998184204,
    0.3679308295249939,
    -0.8195976614952087
   ],
   [
    0.018961476162075996,
    0.9082916378974915,
    0.4179076552391052
   ]
  ]
 }
]