[
 {
  "rotation_euler": [
   6.671799042123894e-07,
   4.072277626221421e-09,
   0.8309093713760376
  ],
  "euler_order": "XYZ",
  "rotation_matrix": [
   [
    0.674204409122467,
    -0.738544762134552,
    4.954877681484504e-07
   ],
   [
    0.738544762134552,
    0.674204409122467,
    -4.468080874175939e-07
   ],
   [
    -4.072277626221421e-09,
    6.671799042123894e-07,
    1.0
   ]
  ]
 },
 {
  "rotation_euler": [
   -1.7700601816177368,
   1.0868845379263803e-08,
   -0.3636840581893921
  ],
  "euler_order": "XYZ",
  "rotation_matrix": [
   [
    0.9345926642417908,
    -0.07041394710540771,
    0.34868094325065613
   ],
   [
    -0.35571974515914917,
    -0.18500056862831116,
    0.916099488735199
   ],
   [
    -1.0868845379263803e-08,
    -0.9802125692367554,
    -0.19794780015945435
   ]
  ]
 },
 {
  "rotation_euler": [
   1.7183403968811035,
   3.545337392552028e-07,
   -2.646437644958496
  ],
  "euler_order": "XYZ",
  "rotation_matrix": [
   [
    -0.8798950910568237,
    -0.06985444575548172,
    -0.4700053632259369
   ],
   [
    -0.47516804933547974,
    0.1293526142835617,
    0.8703351020812988
   ],
   [
    -3.545337392552028e-07,
    0.9891350865364075,
    -0.14700932800769806
   ]
  ]
 },
 {
  "rotation_euler": [
   -5.572219663463329e-08,
   6.119802264947793e-08,
   0.049337390810251236
  ],
  "euler_order": "XYZ",
  "rotation_matrix": [
   [
    0.9987831711769104,
    -0.0493173785507679,
    5.8375480449512906e-08
   ],
   [
    0.0493173785507679,
    0.9987831711769104,
    5.867251573477006e-08
   ],
   [
    -6.119802264947793e-08,
    -5.572219663463329e-08,
    1.0
   ]
  ]
 },
 {
  "rotation_euler": [
   7.576022653665859e-06,
   9.028832437252277e-07,
   -1.8656295537948608
  ],
  "euler_order": "XYZ",
  "rotation_matrix": [
   [
    -0.29058027267456055,
    0.9568505883216858,
    -7.511482181143947e-06
   ],
   [
    -0.9568505883216858,
    -0.29058027267456055,
    1.3375183698371984e-06
   ],
   [
    -9.028832437252277e-07,
    7.576022653665859e-06,
    1.0
   ]
  ]
 },
 {
  "rotation_euler": [
   6.428096185118193e-06,
   -1.8579568177301553e-06,
   -3.060216188430786
  ],
  "euler_order": "XYZ",
  "rotation_matrix": [
   [
    -0.9966907501220703,
    0.08128668367862701,
    1.3292898302097456e-06
   ],
   [
    -0.08128668367862701,
    -0.9966907501220703,
    6.557851065736031e-06
   ],
   [
    1.8579568177301553e-06,
    6.428096185118193e-06,
    1.0
   ]
  ]
 },
 {
  "rotation_euler": [
   1.7183403968811035,
   6.891853132628967e-08,
   -1.1182405948638916
  ],
  "euler_order": "XYZ",
  "rotation_matrix": [
   [
    0.43726542592048645,
    -0.13221023976802826,
    -0.8895613551139832
   ],
   [
    -0.8993325233459473,
    -0.06428215652704239,
    -0.4325145483016968
   ],
   [
    -6.891853132628967e-08,
    0.9891350865364075,
    -0.14700932800769806
   ]
  ]
 },
 {
  "rotation_euler": [
   1.7183400392532349,
   -3.361530076517738e-08,
   2.645922899246216
  ],
  "euler_order": "XYZ",
  "rotation_matrix": [
   [
    -0.879650354385376,
    0.06992056965827942,
    0.4704533517360687
   ],
   [
    0.47562089562416077,
    0.12931647896766663,
    0.8700931072235107
   ],
   [
    3.361530076517738e-08,
    0.9891351461410522,
    -0.1470089852809906
   ]
  ]
 },
 {
  "rotation_euler": [
   1.1816289315902395e-06,
   -7.406609938698239e-07,
   -1.3751322031021118
  ],
  "euler_order": "XYZ",
  "rotation_matrix": [
   [
    0.1944180279970169,
    0.9809187650680542,
    -1.3030798982072156e-06
   ],
   [
    -0.9809187650680542,
    0.1944180279970169,
    4.967982931702863e-07
   ],
   [
    7.406609938698239e-07,
    1.1816289315902395e-06,
    1.0
   ]
  ]
 },
 {
  "rotation_euler": [
   -6.401693326552049e-07,
   -3.163456767651951e-07,
   -2.821377992630005
  ],
  "euler_order": "XYZ",
  "rotation_matrix": [
   [
    -0.9491678476333618,
    0.31477031111717224,
    5.017714670429996e-07
   ],
   [
    -0.31477031111717224,
    -0.9491678476333618,
    -5.080519258626737e-07
   ],
   [
    3.163456767651951e-07,
    -6.401693326552049e-07,
    1.0
   ]
  ]
 },
 {
  "rotation_euler": [
   -1.7700605392456055,
   -5.313121320682512e-08,
   -0.40441152453422546
  ],
  "euler_order": "XYZ",
  "rotation_matrix": [
   [
    0.9193341135978699,
    -0.07788816094398499,
    0.38569188117980957
   ],
   [
    -0.39347782731056213,
    -0.18198050558567047,
    0.9011427760124207
   ],
   [
    5.313121320682512e-08,
    -0.9802125096321106,
    -0.197948157787323
   ]
  ]
 },
 {
  "rotation_euler": [
   -3.8479474824271165e-06,
   6.970421964069828e-07,
   -2.78544282913208
  ],
  "euler_order": "XYZ",
  "rotation_matrix": [
   [
    -0.9372462034225464,
    0.34866827726364136,
    6.883570335958211e-07
   ],
   [
    -0.34866827726364136,
    -0.9372462034225464,
    -3.849510449072113e-06
   ],
   [
    -6.970421964069828e-07,
    -3.8479474824271165e-06,
    1.0
   ]
  ]
 },
 {
  "rotation_euler": [
   -3.6077731238037813e-06,
   3.9441678723051155e-07,
   -1.8775442838668823
  ],
  "euler_order": "XYZ",
  "rotation_matrix": [
   [
    -0.3019599914550781,
    0.9533206224441528,
    3.3202663871634286e-06
   ],
   [
    -0.9533206224441528,
    -0.3019599914550781,
    -1.4654087863164023e-06
   ],
   [
    -3.9441678723051155e-07,
    -3.6077731238037813e-06,
    1.0
   ]
  ]
 },
 {
  "rotation_euler": [
   -1.7700601816177368,
   6.603317004305609e-09,
   0.20182304084300995
  ],
  "euler_order": "XYZ",
  "rotation_matrix": [
   [
    0.9797027707099915,
    0.03967975825071335,
    -0.19648919999599457
   ],
   [
    0.2004556953907013,
    -0.1939300149679184,
    0.9603169560432434
   ],
   [
    -6.603317004305609e-09,
    -0.9802125692367554,
    -0.19794780015945435
   ]
  ]
 },
 {
  "rotation_euler": [
   8.328579070848718e-08,
   -5.629329535850047e-08,
   -1.6976494789123535
  ],
  "euler_order": "XYZ",
  "rotation_matrix": [
   [
    -0.12651321291923523,
    0.9919649362564087,
    -7.549473934886919e-08
   ],
   [
    -0.9919649362564087,
    -0.12651321291923523,
    6.637772997919456e-08
   ],
   [
    5.629329535850047e-08,
    8.328579070848718e-08,
    1.0
   ]
  ]
 },
 {
  "rotation_euler": [
   -8.020979862521926e-07,
   1.0211443246532781e-08,
   -1.6911144256591797
  ],
  "euler_order": "XYZ",
  "rotation_matrix": [
   [
    -0.12002801150083542,
    0.9927704930305481,
    7.950735607664683e-07
   ],
   [
    -0.9927704930305481,
    -0.12002801150083542,
    -1.0641184644555324e-07
   ],
   [
    -1.0211443246532781e-08,
    -8.020979862521926e-07,
    1.0
   ]
  ]
 }
]