[
 {
  "rotation_euler": [
   0.0013932044385001063,
   -0.002054578857496381,
   -0.8656085133552551
  ],
  "euler_order": "XYZ",
  "rotation_matrix": [
   [
    0.6481754779815674,
    0.7614872455596924,
    -0.0023926389403641224
   ],
   [
    -0.7614881992340088,
    0.6481783986091614,
    0.0006614957237616181
   ],
   [
    0.002054577460512519,
    0.0013932010624557734,
    0.9999969005584717
   ]
  ]
 },
 {
  "rotation_euler": [
   0.0013909339904785156,
   -0.0020546340383589268,
   -0.25992506742477417
  ],
  "euler_order": "XYZ",
  "rotation_matrix": [
   [
    0.9664071798324585,
    0.25700512528419495,
    -0.002343095140531659
   ],
   [
    -0.2570075988769531,
    0.9664090275764465,
    -0.0008161542355082929
   ],
   [
    0.002054632641375065,
    0.0013909306144341826,
    0.9999969005584717
   ]
  ]
 },
 {
  "rotation_euler": [
   0.0013912225840613246,
   -0.0020549381151795387,
   2.9935340881347656
  ],
  "euler_order": "XYZ",
  "rotation_matrix": [
   [
    -0.9890572428703308,
    -0.14751525223255157,
    0.002237682929262519
   ],
   [
    0.14751790463924408,
    -0.989058792591095,
    0.001072860904969275
   ],
   [
    0.002054936718195677,
    0.0013912192080169916,
    0.9999969005584717
   ]
  ]
 },
 {
  "rotation_euler": [
   0.0013911150163039565,
   -0.002054722048342228,
   1.123159646987915
  ],
  "euler_order": "XYZ",
  "rotation_matrix": [
   [
    0.4328353703022003,
    -0.9014729261398315,
    0.00036469483166001737
   ],
   [
    0.9014706611633301,
    0.4328332841396332,
    -0.0024543972685933113
   ],
   [
    0.002054720651358366,
    0.0013911116402596235,
    0.9999969005584717
   ]
  ]
 },
 {
  "rotation_euler": [
   0.0013890833361074328,
   -0.00205465080216527,
   2.847869873046875
  ],
  "euler_order": "XYZ",
  "rotation_matrix": [
   [
    -0.9571706652641296,
    -0.28951454162597656,
    0.0023688161745667458
   ],
   [
    0.28951695561408997,
    -0.9571726322174072,
    0.0007347356877289712
   ],
   [
    0.002054649405181408,
    0.0013890799600630999,
    0.9999969005584717
   ]
  ]
 },
 {
  "rotation_euler": [
   0.0013910330599173903,
   -0.0020552256610244513,
   1.1369074583053589
  ],
  "euler_order": "XYZ",
  "rotation_matrix": [
   [
    0.42040160298347473,
    -0.90733802318573,
    0.0003981158370152116
   ],
   [
    0.9073358178138733,
    0.4203994870185852,
    -0.0024495741818100214
   ],
   [
    0.0020552242640405893,
    0.0013910296838730574,
    0.9999969005584717
   ]
  ]
 },
 {
  "rotation_euler": [
   0.0013909219997003675,
   -0.0020552417263388634,
   -1.952606201171875
  ],
  "euler_order": "XYZ",
  "rotation_matrix": [
   [
    -0.37259984016418457,
    0.9279919862747192,
    -0.0005249807145446539
   ],
   [
    -0.9279898405075073,
    -0.3725976049900055,
    0.0024255025200545788
   ],
   [
    0.0020552403293550014,
    0.0013909186236560345,
    0.9999969005584717
   ]
  ]
 },
 {
  "rotation_euler": [
   0.0013905161758884788,
   -0.002055521123111248,
   1.4246456623077393
  ],
  "euler_order": "XYZ",
  "rotation_matrix": [
   [
    0.1456306129693985,
    -0.9893384575843811,
    0.0010763445170596242
   ],
   [
    0.9893369078636169,
    0.145627960562706,
    -0.0022361059673130512
   ],
   [
    0.002055519726127386,
    0.0013905127998441458,
    0.9999969005584717
   ]
  ]
 },
 {
  "rotation_euler": [
   0.0013928543776273727,
   -0.0020550331100821495,
   -2.037048816680908
  ],
  "euler_order": "XYZ",
  "rotation_matrix": [
   [
    -0.44954100251197815,
    0.8932596445083618,
    -0.0003203575615771115
   ],
   [
    -0.8932573199272156,
    -0.4495389461517334,
    0.002461820375174284
   ],
   [
    0.0020550317130982876,
    0.0013928510015830398,
    0.9999969005584717
   ]
  ]
 },
 {
  "rotation_euler": [
   0.0013946342514827847,
   -0.002056338358670473,
   1.282571792602539
  ],
  "euler_order": "XYZ",
  "rotation_matrix": [
   [
    0.28424984216690063,
    -0.9587499499320984,
    0.000752591120544821
   ],
   [
    0.9587480425834656,
    0.28424742817878723,
    -0.0023679365403950214
   ],
   [
    0.002056336961686611,
    0.0013946308754384518,
    0.9999969005584717
   ]
  ]
 },
 {
  "rotation_euler": [
   0.0013932271394878626,
   -0.002054870594292879,
   -2.4447503089904785
  ],
  "euler_order": "XYZ",
  "rotation_matrix": [
   [
    -0.7668709754943848,
    0.6418009400367737,
    0.0006816492532379925
   ],
   [
    -0.6417980194091797,
    -0.7668700218200684,
    0.002387239830568433
   ],
   [
    0.002054869197309017,
    0.0013932237634435296,
    0.9999969005584717
   ]
  ]
 },
 {
  "rotation_euler": [
   0.001393585349433124,
   -0.0020549148321151733,
   1.7229722738265991
  ],
  "euler_order": "XYZ",
  "rotation_matrix": [
   [
    -0.15158897638320923,
    -0.9884421825408936,
    0.001688982592895627
   ],
   [
    0.9884414672851562,
    -0.1515919715166092,
    -0.0018199114128947258
   ],
   [
    0.0020549134351313114,
    0.001393581973388791,
    0.9999969005584717
   ]
  ]
 },
 {
  "rotation_euler": [
   0.0013912685681134462,
   -0.002055132295936346,
   -2.8663201332092285
  ],
  "euler_order": "XYZ",
  "rotation_matrix": [
   [
    -0.9623491168022156,
    0.27181169390678406,
    0.0015995961148291826
   ],
   [
    -0.2718086242675781,
    -0.9623494744300842,
    0.001897491398267448
   ],
   [
    0.002055130898952484,
    0.0013912651920691133,
    0.9999969005584717
   ]
  ]
 },
 {
  "rotation_euler": [
   0.0013908782275393605,
   -0.0020550501067191362,
   -0.6441267132759094
  ],
  "euler_order": "XYZ",
  "rotation_matrix": [
   [
    0.7996227741241455,
    0.6004974842071533,
    -0.002478488255292177
   ],
   [
    -0.6004990935325623,
    0.7996253967285156,
    0.00012187635729787871
   ],
   [
    0.0020550487097352743,
    0.0013908748514950275,
    0.9999969005584717
   ]
  ]
 },
 {
  "rotation_euler": [
   0.001396574662066996,
   -0.002053545555099845,
   1.7301069498062134
  ],
  "euler_order": "XYZ",
  "rotation_matrix": [
   [
    -0.15863725543022156,
    -0.9873354434967041,
    0.0017046581488102674
   ],
   [
    0.9873347878456116,
    -0.1586402803659439,
    -0.0018059887224808335
   ],
   [
    0.002053544158115983,
    0.0013965712860226631,
    0.9999969005584717
   ]
  ]
 },
 {
  "rotation_euler": [
   0.0013907848624512553,
   -0.0020552759524434805,
   -0.8304662108421326
  ],
  "euler_order": "XYZ",
  "rotation_matrix": [
   [
    0.6745302081108093,
    0.7382432818412781,
    -0.0024130872916430235
   ],
   [
    -0.738244354724884,
    0.6745331287384033,
    0.0005791684379801154
   ],
   [
    0.0020552745554596186,
    0.0013907814864069223,
    0.9999969005584717
   ]
  ]
 }
]