[
 {
  "rotation_euler": [
   0.3018506169319153,
   0.16087950766086578,
   -2.218385696411133
  ],
  "euler_order": "XYZ",
  "rotation_matrix": [
   [
    -0.5954754948616028,
    0.732753574848175,
    -0.3293648064136505
   ],
   [
    -0.7872415781021118,
    -0.6139707565307617,
    0.05736435204744339
   ],
   [
    -0.16018642485141754,
    0.29344871640205383,
    0.9424585700035095
   ]
  ]
 },
 {
  "rotation_euler": [
   -0.012726154178380966,
   0.006724121980369091,
   1.139050006866455
  ],
  "euler_order": "XYZ",
  "rotation_matrix": [
   [
    0.4184480607509613,
    -0.9081986546516418,
    -0.008744534105062485
   ],
   [
    0.9082158207893372,
    0.4183458983898163,
    0.01143176294863224
   ],
   [
    -0.0067240712232887745,
    -0.012725522741675377,
    0.9998964071273804
   ]
  ]
 },
 {
  "rotation_euler": [
   0.18715800344944,
   -0.0364270843565464,
   -1.2700586318969727
  ],
  "euler_order": "XYZ",
  "rotation_matrix": [
   [
    0.29602834582328796,
    0.9364316463470459,
    -0.18831607699394226
   ],
   [
    -0.9544845819473267,
    0.2975241541862488,
    -0.020940721035003662
   ],
   [
    0.03641903027892113,
    0.1859438419342041,
    0.9818851947784424
   ]
  ]
 },
 {
  "rotation_euler": [
   0.11007684469223022,
   -0.3107738494873047,
   -3.0296859741210938
  ],
  "euler_order": "XYZ",
  "rotation_matrix": [
   [
    -0.9461418390274048,
    0.14438031613826752,
    0.2897757291793823
   ],
   [
    -0.10632379353046417,
    -0.9839790463447571,
    0.14311003684997559
   ],
   [
    0.3057955205440521,
    0.10459233820438385,
    0.9463347792625427
   ]
  ]
 },
 {
  "rotation_euler": [
   0.16280265152454376,
   -0.2714812755584717,
   -1.8090873956680298
  ],
  "euler_order": "XYZ",
  "rotation_matrix": [
   [
    -0.22739721834659576,
    0.9691527485847473,
    -0.09504453837871552
   ],
   [
    -0.936152458190918,
    -0.1906849443912506,
    0.2953944206237793
   ],
   [
    0.26815876364707947,
    0.1561480462551117,
    0.9506359100341797
   ]
  ]
 },
 {
  "rotation_euler": [
   -0.12497269362211227,
   -0.13785167038440704,
   1.9484282732009888
  ],
  "euler_order": "XYZ",
  "rotation_matrix": [
   [
    -0.36522242426872253,
    -0.9286066293716431,
    -0.06559228897094727
   ],
   [
    0.9207223057746887,
    -0.3499230444431305,
    -0.17269717156887054
   ],
   [
    0.13741548359394073,
    -0.1234651729464531,
    0.9827885627746582
   ]
  ]
 },
 {
  "rotation_euler": [
   0.07047390192747116,
   -0.08926957845687866,
   -0.6050316691398621
  ],
  "euler_order": "XYZ",
  "rotation_matrix": [
   [
    0.8192090392112732,
    0.5622130036354065,
    -0.11319486051797867
   ],
   [
    -0.5665232539176941,
    0.8240131139755249,
    -0.007333500776439905
   ],
   [
    0.0891510620713234,
    0.0701351910829544,
    0.9935457706451416
   ]
  ]
 },
 {
  "rotation_euler": [
   -0.02291915751993656,
   -0.08915217220783234,
   -1.6131691932678223
  ],
  "euler_order": "XYZ",
  "rotation_matrix": [
   [
    -0.04219195619225502,
    0.998753547668457,
    0.026667091995477676
   ],
   [
    -0.9951345324516296,
    -0.044387638568878174,
    0.08796006441116333
   ],
   [
    0.08903411775827408,
    -0.022826137021183968,
    0.9957669973373413
   ]
  ]
 },
 {
  "rotation_euler": [
   -0.22354556620121002,
   -0.3471619486808777,
   -2.322108745574951
  ],
  "euler_order": "XYZ",
  "rotation_matrix": [
   [
    -0.6418760418891907,
    0.6611246466636658,
    0.38847050070762634
   ],
   [
    -0.6871960163116455,
    -0.7207339406013489,
    0.09112739562988281
   ],
   [
    0.34023043513298035,
    -0.2084628939628601,
    0.9169440865516663
   ]
  ]
 },
 {
  "rotation_euler": [
   -0.4717877209186554,
   0.019901946187019348,
   0.6706815958023071
  ],
  "euler_order": "XYZ",
  "rotation_matrix": [
   [
    0.7832430601119995,
    -0.5607088804244995,
    -0.2685810923576355
   ],
   [
    0.6213970184326172,
    0.6921963095664978,
    0.36705583333969116
   ],
   [
    -0.01990063302218914,
    -0.45438942313194275,
    0.8905808329582214
   ]
  ]
 },
 {
  "rotation_euler": [
   0.08162421733140945,
   0.34078097343444824,
   3.0339372158050537
  ],
  "euler_order": "XYZ",
  "rotation_matrix": [
   [
    -0.9370375871658325,
    -0.13418254256248474,
    -0.32242143154144287
   ],
   [
    0.1012687236070633,
    -0.987972617149353,
    0.11685352027416229
   ],
   [
    -0.33422327041625977,
    0.07684493064880371,
    0.9393559694290161
   ]
  ]
 },
 {
  "rotation_euler": [
   0.08576091378927231,
   -0.08835985511541367,
   0.9545615315437317
  ],
  "euler_order": "XYZ",
  "rotation_matrix": [
   [
    0.5757118463516235,
    -0.8174299001693726,
    0.019085152074694633
   ],
   [
    0.8128767609596252,
    0.5696741342544556,
    -0.12125473469495773
   ],
   [
    0.08824492245912552,
    0.08532166481018066,
    0.9924379587173462
   ]
  ]
 },
 {
  "rotation_euler": [
   -0.031668536365032196,
   0.04165557026863098,
   0.004569466691464186
  ],
  "euler_order": "XYZ",
  "rotation_matrix": [
   [
    0.9991220831871033,
    -0.005885715130716562,
    0.04147752746939659
   ],
   [
    0.004565487150102854,
    0.9994821548461914,
    0.03185310587286949
   ],
   [
    -0.041643526405096054,
    -0.03163577616214752,
    0.9986315369606018
   ]
  ]
 },
 {
  "rotation_euler": [
   -0.3055427670478821,
   -0.2943122088909149,
   -2.8116097450256348
  ],
  "euler_order": "XYZ",
  "rotation_matrix": [
   [
    -0.9053695797920227,
    0.2264672964811325,
    0.359191358089447
   ],
   [
    -0.31009432673454285,
    -0.9305050373077393,
    -0.19494065642356873
   ],
   [
    0.2900817096233368,
    -0.28787654638290405,
    0.9126772284507751
   ]
  ]
 },
 {
  "rotation_euler": [
   0.017255740240216255,
   -0.41610822081565857,
   -0.20903071761131287
  ],
  "euler_order": "XYZ",
  "rotation_matrix": [
   [
    0.8947588801383972,
    0.20065824687480927,
    -0.39892706274986267
   ],
   [
    -0.18980461359024048,
    0.9795341491699219,
    0.06698529422283173
   ],
   [
    0.4042038321495056,
    0.01578250713646412,
    0.9145327806472778
   ]
  ]
 },
 {
  "rotation_euler": [
   0.23520971834659576,
   -0.083201564848423,
   -2.5858049392700195
  ],
  "euler_order": "XYZ",
  "rotation_matrix": [
   [
    -0.8465465307235718,
    0.5295374393463135,
    -0.05430538207292557
   ],
   [
    -0.5257874727249146,
    -0.8158764243125916,
    0.24061013758182526
   ],
   [
    0.08310560137033463,
    0.23224076628684998,
    0.9691014885902405
   ]
  ]
 }
]