[
 {
  "rotation_euler": [
   -1.1915394067764282,
   0.6586242914199829,
   -0.08935348689556122
  ],
  "euler_order": "XYZ",
  "rotation_matrix": [
   [
    0.7876800298690796,
    -0.5332331657409668,
    0.30858150124549866
   ],
   [
    -0.07056986540555954,
    0.4194866418838501,
    0.9050142765045166
   ],
   [
    -0.612029492855072,
    -0.7346382141113281,
    0.29279106855392456
   ]
  ]
 },
 {
  "rotation_euler": [
   9.875294381345157e-06,
   1.4755482879991177e-05,
   -1.3174290657043457
  ],
  "euler_order": "XYZ",
  "rotation_matrix": [
   [
    0.2506651282310486,
    0.968073844909668,
    -5.8613291002984624e-06
   ],
   [
    -0.968073844909668,
    0.2506651282310486,
    -1.6759790014475584e-05
   ],
   [
    -1.4755482879991177e-05,
    9.875294381345157e-06,
    1.0
   ]
  ]
 },
 {
  "rotation_euler": [
   1.19712495803833,
   0.6373820900917053,
   1.0335497856140137
  ],
  "euler_order": "XYZ",
  "rotation_matrix": [
   [
    0.41128915548324585,
    -0.030073698610067368,
    0.9110086560249329
   ],
   [
    0.6904381513595581,
    0.6627926230430603,
    -0.28982940316200256
   ],
   [
    -0.5950936079025269,
    0.7481988668441772,
    0.29336345195770264
   ]
  ]
 },
 {
  "rotation_euler": [
   1.2144595384597778,
   0.5817149877548218,
   2.4428985118865967
  ],
  "euler_order": "XYZ",
  "rotation_matrix": [
   [
    -0.6397444605827332,
    -0.6186642050743103,
    0.45604997873306274
   ],
   [
    0.5374228358268738,
    0.0641162246465683,
    0.840872049331665
   ],
   [
    -0.5494576692581177,
    0.7830349206924438,
    0.29146626591682434
   ]
  ]
 },
 {
  "rotation_euler": [
   7.27871974959271e-06,
   2.289926896992256e-06,
   1.1767797470092773
  ],
  "euler_order": "XYZ",
  "rotation_matrix": [
   [
    0.38390031456947327,
    -0.9233745336532593,
    7.600088338222122e-06
   ],
   [
    0.9233745336532593,
    0.38390031456947327,
    -6.798425715714984e-07
   ],
   [
    -2.289926896992256e-06,
    7.27871974959271e-06,
    1.0
   ]
  ]
 },
 {
  "rotation_euler": [
   -1.1915485858917236,
   0.6586200594902039,
   -1.6332106590270996
  ],
  "euler_order": "XYZ",
  "rotation_matrix": [
   [
    -0.049327556043863297,
    0.4049627482891083,
    0.9130015969276428
   ],
   [
    -0.7892976999282837,
    0.5443384647369385,
    -0.2840859591960907
   ],
   [
    -0.6120261549949646,
    -0.7346433401107788,
    0.29278528690338135
   ]
  ]
 },
 {
  "rotation_euler": [
   -3.8126881918287836e-06,
   2.4067545382422395e-05,
   -2.2450919151306152
  ],
  "euler_order": "XYZ",
  "rotation_matrix": [
   [
    -0.6243472099304199,
    0.7811469435691833,
    -1.204823547595879e-05
   ],
   [
    -0.7811469435691833,
    -0.6243472099304199,
    -2.118073098245077e-05
   ],
   [
    -2.4067545382422395e-05,
    -3.8126881918287836e-06,
    1.0
   ]
  ]
 },
 {
  "rotation_euler": [
   -1.1915512084960938,
   0.6586164832115173,
   0.9957078695297241
  ],
  "euler_order": "XYZ",
  "rotation_matrix": [
   [
    0.43014487624168396,
    -0.6198990345001221,
    -0.6562778353691101
   ],
   [
    0.6636285781860352,
    -0.27571770548820496,
    0.695396900177002
   ],
   [
    -0.6120232939720154,
    -0.7346461415290833,
    0.2927841544151306
   ]
  ]
 },
 {
  "rotation_euler": [
   -1.225752353668213,
   0.5536884665489197,
   1.5013995170593262
  ],
  "euler_order": "XYZ",
  "rotation_matrix": [
   [
    0.05898091942071915,
    -0.37173640727996826,
    -0.9264627695083618
   ],
   [
    0.8485434651374817,
    -0.4701912999153137,
    0.24268120527267456
   ],
   [
    -0.5258281826972961,
    -0.8004574775695801,
    0.28770217299461365
   ]
  ]
 },
 {
  "rotation_euler": [
   -1.1915407180786133,
   0.6586242914199829,
   -0.9043598771095276
  ],
  "euler_order": "XYZ",
  "rotation_matrix": [
   [
    0.48888537287712097,
    -0.06045343726873398,
    0.8702508211135864
   ],
   [
    -0.621619701385498,
    0.6757599115371704,
    0.39615336060523987
   ],
   [
    -0.612029492855072,
    -0.7346386313438416,
    0.29279008507728577
   ]
  ]
 },
 {
  "rotation_euler": [
   1.1971179246902466,
   0.6373845934867859,
   -0.829580545425415
  ],
  "euler_order": "XYZ",
  "rotation_matrix": [
   [
    0.5426159501075745,
    0.6433448195457458,
    -0.5400698184967041
   ],
   [
    -0.5928146243095398,
    -0.16220691800117493,
    -0.7888343930244446
   ],
   [
    -0.5950955748558044,
    0.7481954097747803,
    0.2933681607246399
   ]
  ]
 },
 {
  "rotation_euler": [
   1.3662551641464233,
   0.47735217213630676,
   0.7916718125343323
  ],
  "euler_order": "XYZ",
  "rotation_matrix": [
   [
    0.6241099238395691,
    0.1715671420097351,
    0.7622673511505127
   ],
   [
    0.631990373134613,
    0.46280476450920105,
    -0.6216107606887817
   ],
   [
    -0.45942893624305725,
    0.8696990609169006,
    0.18041227757930756
   ]
  ]
 },
 {
  "rotation_euler": [
   1.4626330994360615e-05,
   1.139184860221576e-06,
   -2.376429796218872
  ],
  "euler_order": "XYZ",
  "rotation_matrix": [
   [
    -0.7212695479393005,
    0.6926544904708862,
    -1.095265270123491e-05
   ],
   [
    -0.6926544904708862,
    -0.7212695479393005,
    9.760466127772816e-06
   ],
   [
    -1.139184860221576e-06,
    1.4626330994360615e-05,
    1.0
   ]
  ]
 },
 {
  "rotation_euler": [
   1.1971156597137451,
   0.6373864412307739,
   -0.17701251804828644
  ],
  "euler_order": "XYZ",
  "rotation_matrix": [
   [
    0.791096031665802,
    0.6096528172492981,
    0.04990480840206146
   ],
   [
    -0.14151504635810852,
    0.26178163290023804,
    -0.9546957015991211
   ],
   [
    -0.5950970649719238,
    0.7481936812400818,
    0.29336944222450256
   ]
  ]
 },
 {
  "rotation_euler": [
   1.213577151298523,
   0.585621178150177,
   0.2504021227359772
  ],
  "euler_order": "XYZ",
  "rotation_matrix": [
   [
    0.8073785305023193,
    0.4150301218032837,
    0.41939231753349304
   ],
   [
    0.20650345087051392,
    0.46707895398139954,
    -0.8597636818885803
   ],
   [
    -0.5527171492576599,
    0.7807607054710388,
    0.2914043664932251
   ]
  ]
 },
 {
  "rotation_euler": [
   -1.210444861499127e-05,
   6.224563549039885e-06,
   1.3630335330963135
  ],
  "euler_order": "XYZ",
  "rotation_matrix": [
   [
    0.20627132058143616,
    -0.9784948229789734,
    -1.0560191185504664e-05
   ],
   [
    0.9784948229789734,
    0.20627132058143616,
    8.587503543822095e-06
   ],
   [
    -6.224563549039885e-06,
    -1.210444861499127e-05,
    1.0
   ]
  ]
 }
]