[
 {
  "rotation_euler": [
   -2.5108362024184316e-05,
   -7.968192078378067e-11,
   3.0338921546936035
  ],
  "euler_order": "XYZ",
  "rotation_matrix": [
   [
    -0.994205892086029,
    -0.10749240964651108,
    -2.698879143281374e-06
   ],
   [
    0.10749240964651108,
    -0.994205892086029,
    -2.496289016562514e-05
   ],
   [
    7.968192078378067e-11,
    -2.5108362024184316e-05,
    1.0
   ]
  ]
 },
 {
  "rotation_euler": [
   -2.398205833742395e-05,
   -1.535966731580629e-08,
   0.05132207274436951
  ],
  "euler_order": "XYZ",
  "rotation_matrix": [
   [
    0.9986833333969116,
    -0.05129954591393471,
    -1.2456081321943202e-06
   ],
   [
    0.05129954591393471,
    0.9986833333969116,
    2.394969305896666e-05
   ],
   [
    1.535966731580629e-08,
    -2.398205833742395e-05,
    1.0
   ]
  ]
 },
 {
  "rotation_euler": [
   -2.5113546143984422e-05,
   1.5911226780573884e-09,
   1.3697197437286377
  ],
  "euler_order": "XYZ",
  "rotation_matrix": [
   [
    0.19972433149814606,
    -0.9798521399497986,
    -2.4607243176433258e-05
   ],
   [
    0.9798521399497986,
    0.19972433149814606,
    5.017345301894238e-06
   ],
   [
    -1.5911226780573884e-09,
    -2.5113546143984422e-05,
    1.0
   ]
  ]
 },
 {
  "rotation_euler": [
   -2.5107956389547326e-05,
   1.1185800896651443e-10,
   1.5983879566192627
  ],
  "euler_order": "XYZ",
  "rotation_matrix": [
   [
    -0.0275881290435791,
    -0.9996193647384644,
    -2.5098403057199903e-05
   ],
   [
    0.9996193647384644,
    -0.0275881290435791,
    -6.925696993675956e-07
   ],
   [
    -1.1185800896651443e-10,
    -2.5107956389547326e-05,
    1.0
   ]
  ]
 },
 {
  "rotation_euler": [
   -2.510712693037931e-05,
   1.85251786133378e-10,
   1.0729268789291382
  ],
  "euler_order": "XYZ",
  "rotation_matrix": [
   [
    0.47755470871925354,
    -0.8786020278930664,
    -2.205908458563499e-05
   ],
   [
    0.8786020278930664,
    0.47755470871925354,
    1.1990189705102239e-05
   ],
   [
    -1.85251786133378e-10,
    -2.510712693037931e-05,
    1.0
   ]
  ]
 },
 {
  "rotation_euler": [
   -4.510272992774844e-05,
   1.8071242493533646e-06,
   -2.658806085586548
  ],
  "euler_order": "XYZ",
  "rotation_matrix": [
   [
    -0.8857046961784363,
    0.46424904465675354,
    1.9338320271344855e-05
   ],
   [
    -0.46424904465675354,
    -0.8857046961784363,
    -4.078665733686648e-05
   ],
   [
    -1.8071242493533646e-06,
    -4.510272992774844e-05,
    1.0
   ]
  ]
 },
 {
  "rotation_euler": [
   4.022209395770915e-06,
   1.0372239067635292e-08,
   0.6329138875007629
  ],
  "euler_order": "XYZ",
  "rotation_matrix": [
   [
    0.8063073754310608,
    -0.5914967656135559,
    2.3874870294093853e-06
   ],
   [
    0.5914967656135559,
    0.8063073754310608,
    -3.2370019198424416e-06
   ],
   [
    -1.0372239067635292e-08,
    4.022209395770915e-06,
    1.0
   ]
  ]
 },
 {
  "rotation_euler": [
   -2.5101460778387263e-05,
   -6.7765202338421204e-09,
   -2.0499444007873535
  ],
  "euler_order": "XYZ",
  "rotation_matrix": [
   [
    -0.46102336049079895,
    0.8873879909515381,
    2.2277859898167662e-05
   ],
   [
    -0.8873879909515381,
    -0.46102336049079895,
    -1.1566346074687317e-05
   ],
   [
    6.7765202338421204e-09,
    -2.5101460778387263e-05,
    1.0
   ]
  ]
 },
 {
  "rotation_euler": [
   -0.0005704262875951827,
   -1.4502962585538626e-05,
   -1.3655943870544434
  ],
  "euler_order": "XYZ",
  "rotation_matrix": [
   [
    0.203764870762825,
    0.9790197014808655,
    0.0005555034149438143
   ],
   [
    -0.9790198802947998,
    0.20376482605934143,
    0.00013043152284808457
   ],
   [
    1.4502962585538626e-05,
    -0.0005704262293875217,
    0.9999998211860657
   ]
  ]
 },
 {
  "rotation_euler": [
   -2.5107521651079878e-05,
   5.807038877536641e-13,
   -2.5064899921417236
  ],
  "euler_order": "XYZ",
  "rotation_matrix": [
   [
    -0.8050107955932617,
    0.5932601690292358,
    1.4895292224537116e-05
   ],
   [
    -0.5932601690292358,
    -0.8050107955932617,
    -2.021182626776863e-05
   ],
   [
    -5.807038877536641e-13,
    -2.5107521651079878e-05,
    1.0
   ]
  ]
 },
 {
  "rotation_euler": [
   -9.91728957160376e-05,
   -2.497681271051988e-05,
   -0.5076736211776733
  ],
  "euler_order": "XYZ",
  "rotation_matrix": [
   [
    0.8738778233528137,
    0.48614558577537537,
    2.6385783712612465e-05
   ],
   [
    -0.48614558577537537,
    0.8738778233528137,
    9.880735888145864e-05
   ],
   [
    2.497681271051988e-05,
    -9.91728957160376e-05,
    1.0
   ]
  ]
 },
 {
  "rotation_euler": [
   -2.5113116862485185e-05,
   7.81117837078682e-10,
   3.126254081726074
  ],
  "euler_order": "XYZ",
  "rotation_matrix": [
   [
    -0.9998823404312134,
    -0.015337970107793808,
    -3.859652792925772e-07
   ],
   [
    0.015337970107793808,
    -0.9998823404312134,
    -2.5110150090768002e-05
   ],
   [
    -7.81117837078682e-10,
    -2.5113116862485185e-05,
    1.0
   ]
  ]
 },
 {
  "rotation_euler": [
   -2.869520176318474e-05,
   8.768699188976825e-08,
   -2.958493709564209
  ],
  "euler_order": "XYZ",
  "rotation_matrix": [
   [
    -0.9832841753959656,
    0.1820775866508484,
    5.138531832926674e-06
   ],
   [
    -0.1820775866508484,
    -0.9832841753959656,
    -2.8231503165443428e-05
   ],
   [
    -8.768699188976825e-08,
    -2.869520176318474e-05,
    1.0
   ]
  ]
 },
 {
  "rotation_euler": [
   -2.519351437513251e-05,
   -4.985826196346466e-10,
   -2.9275307655334473
  ],
  "euler_order": "XYZ",
  "rotation_matrix": [
   [
    -0.9771761298179626,
    0.21243081986904144,
    5.352366315491963e-06
   ],
   [
    -0.21243081986904144,
    -0.9771761298179626,
    -2.4618393581476994e-05
   ],
   [
    4.985826196346466e-10,
    -2.519351437513251e-05,
    1.0
   ]
  ]
 },
 {
  "rotation_euler": [
   -2.4915760150179267e-05,
   -4.6826741595396015e-08,
   -1.2491798400878906
  ],
  "euler_order": "XYZ",
  "rotation_matrix": [
   [
    0.3161005675792694,
    0.948725700378418,
    2.3623419110663235e-05
   ],
   [
    -0.948725700378418,
    0.3161005675792694,
    7.920311873022001e-06
   ],
   [
    4.6826741595396015e-08,
    -2.4915760150179267e-05,
    1.0
   ]
  ]
 },
 {
  "rotation_euler": [
   -2.5106934117502533e-05,
   1.579121011729967e-08,
   2.598931312561035
  ],
  "euler_order": "XYZ",
  "rotation_matrix": [
   [
    -0.8563373684883118,
    -0.5164168477058411,
    -1.2979166058357805e-05
   ],
   [
    0.5164168477058411,
    -0.8563373684883118,
    -2.149185093003325e-05
   ],
   [
    -1.579121011729967e-08,
    -2.5106934117502533e-05,
    1.0
   ]
  ]
 }
]