[
 {
  "rotation_euler": [
   -1.3396166563034058,
   0.47472211718559265,
   2.6585052013397217
  ],
  "euler_order": "XYZ",
  "rotation_matrix": [
   [
    -0.7876390218734741,
    0.2875829339027405,
    -0.5449044704437256
   ],
   [
    0.41314929723739624,
    -0.4095833897590637,
    -0.8133566975593567
   ],
   [
    -0.4570913016796112,
    -0.8657583594322205,
    0.20378917455673218
   ]
  ]
 },
 {
  "rotation_euler": [
   -1.4380358457565308,
   0.4627153277397156,
   2.5128726959228516
  ],
  "euler_order": "XYZ",
  "rotation_matrix": [
   [
    -0.723732590675354,
    0.2799977660179138,
    -0.6307237148284912
   ],
   [
    0.5262665152549744,
    -0.3672691583633423,
    -0.766913890838623
   ],
   [
    -0.44637954235076904,
    -0.8869693279266357,
    0.11845120787620544
   ]
  ]
 },
 {
  "rotation_euler": [
   1.3184154033660889,
   0.47704440355300903,
   1.9968504905700684
  ],
  "euler_order": "XYZ",
  "rotation_matrix": [
   [
    -0.3671405613422394,
    -0.411135733127594,
    0.8343711495399475
   ],
   [
    0.808940052986145,
    0.3016628324985504,
    0.5045944452285767
   ],
   [
    -0.4591555595397949,
    0.8602133393287659,
    0.22183148562908173
   ]
  ]
 },
 {
  "rotation_euler": [
   1.268103003501892,
   0.4885273575782776,
   0.9792060852050781
  ],
  "euler_order": "XYZ",
  "rotation_matrix": [
   [
    0.4924468696117401,
    0.0024024720769375563,
    0.8703392148017883
   ],
   [
    0.7329592108726501,
    0.5380960702896118,
    -0.4162012040615082
   ],
   [
    -0.4693260192871094,
    0.8428800702095032,
    0.2632228136062622
   ]
  ]
 },
 {
  "rotation_euler": [
   -1.2291145324707031,
   0.5011956691741943,
   -2.6064295768737793
  ],
  "euler_order": "XYZ",
  "rotation_matrix": [
   [
    -0.7543901205062866,
    0.5602860450744629,
    0.34201619029045105
   ],
   [
    -0.4472580552101135,
    -0.05735592171549797,
    -0.8925639986991882
   ],
   [
    -0.4804745018482208,
    -0.8263109922409058,
    0.29386118054389954
   ]
  ]
 },
 {
  "rotation_euler": [
   1.410214900970459,
   0.4597629904747009,
   0.9511173963546753
  ],
  "euler_order": "XYZ",
  "rotation_matrix": [
   [
    0.5204648971557617,
    0.12423189729452133,
    0.8447974324226379
   ],
   [
    0.7295305728912354,
    0.4494434893131256,
    -0.515544056892395
   ],
   [
    -0.4437357187271118,
    0.884628176689148,
    0.14328861236572266
   ]
  ]
 },
 {
  "rotation_euler": [
   -1.4719276428222656,
   0.4695061445236206,
   -0.6902155876159668
  ],
  "euler_order": "XYZ",
  "rotation_matrix": [
   [
    0.68766850233078,
    -0.2843337059020996,
    0.6680316925048828
   ],
   [
    -0.5678069591522217,
    0.36278143525123596,
    0.7389079332351685
   ],
   [
    -0.452445924282074,
    -0.8874367475509644,
    0.08802670985460281
   ]
  ]
 },
 {
  "rotation_euler": [
   1.4423993825912476,
   0.4628808796405792,
   -1.8701874017715454
  ],
  "euler_order": "XYZ",
  "rotation_matrix": [
   [
    -0.2639020085334778,
    -0.008265535347163677,
    -0.9645140767097473
   ],
   [
    -0.8549671173095703,
    -0.46091756224632263,
    0.23787860572338104
   ],
   [
    -0.4465276896953583,
    0.8874044418334961,
    0.11457030475139618
   ]
  ]
 },
 {
  "rotation_euler": [
   -1.3160874843597412,
   0.4800266921520233,
   1.7651876211166382
  ],
  "euler_order": "XYZ",
  "rotation_matrix": [
   [
    -0.17133782804012299,
    -0.16088996827602386,
    -0.9719865322113037
   ],
   [
    0.870276689529419,
    -0.4871579706668854,
    -0.07277105748653412
   ],
   [
    -0.4618028402328491,
    -0.8583655953407288,
    0.22348737716674805
   ]
  ]
 },
 {
  "rotation_euler": [
   1.276267170906067,
   0.48654335737228394,
   -2.2603721618652344
  ],
  "euler_order": "XYZ",
  "rotation_matrix": [
   [
    -0.5623806118965149,
    -0.060702309012413025,
    -0.8246473670005798
   ],
   [
    -0.6819849014282227,
    -0.5298912525177002,
    0.5040950775146484
   ],
   [
    -0.4675731658935547,
    0.8458903431892395,
    0.2566024959087372
   ]
  ]
 },
 {
  "rotation_euler": [
   -1.317969799041748,
   0.4795987606048584,
   -2.4235177040100098
  ],
  "euler_order": "XYZ",
  "rotation_matrix": [
   [
    -0.66811203956604,
    0.5010160803794861,
    0.55009925365448
   ],
   [
    -0.5837079286575317,
    0.10556071251630783,
    -0.8050726652145386
   ],
   [
    -0.46142324805259705,
    -0.8589760065078735,
    0.2219206839799881
   ]
  ]
 },
 {
  "rotation_euler": [
   -1.2603713274002075,
   0.49356380105018616,
   -1.8649548292160034
  ],
  "euler_order": "XYZ",
  "rotation_matrix": [
   [
    -0.2553309202194214,
    0.4231387972831726,
    0.8693444132804871
   ],
   [
    -0.8428230285644531,
    0.3431813716888428,
    -0.41457921266555786
   ],
   [
    -0.47376734018325806,
    -0.8385583758354187,
    0.26900631189346313
   ]
  ]
 },
 {
  "rotation_euler": [
   -1.327463150024414,
   0.47732236981391907,
   1.822291612625122
  ],
  "euler_order": "XYZ",
  "rotation_matrix": [
   [
    -0.22103779017925262,
    -0.1224038302898407,
    -0.9675533771514893
   ],
   [
    0.8602858185768127,
    -0.491800457239151,
    -0.13431550562381744
   ],
   [
    -0.459402471780777,
    -0.8620612621307373,
    0.21400876343250275
   ]
  ]
 },
 {
  "rotation_euler": [
   -1.3514785766601562,
   0.47233304381370544,
   -0.26043689250946045
  ],
  "euler_order": "XYZ",
  "rotation_matrix": [
   [
    0.8604791164398193,
    -0.3730686604976654,
    0.346980482339859
   ],
   [
    -0.2293085753917694,
    0.32457542419433594,
    0.9176428318023682
   ],
   [
    -0.45496511459350586,
    -0.8691781163215637,
    0.1937425434589386
   ]
  ]
 },
 {
  "rotation_euler": [
   -1.3005597591400146,
   0.4837668240070343,
   0.08092179149389267
  ],
  "euler_order": "XYZ",
  "rotation_matrix": [
   [
    0.8823522925376892,
    -0.4683493673801422,
    0.04586118087172508
   ],
   [
    0.07155779004096985,
    0.22985327243804932,
    0.9705910086631775
   ],
   [
    -0.46511703729629517,
    -0.8531215190887451,
    0.23632562160491943
   ]
  ]
 },
 {
  "rotation_euler": [
   1.2691913843154907,
   0.48821476101875305,
   -2.1911892890930176
  ],
  "euler_order": "XYZ",
  "rotation_matrix": [
   [
    -0.5134361982345581,
    -0.018678534775972366,
    -0.8579244613647461
   ],
   [
    -0.718592643737793,
    -0.537108838558197,
    0.4417450428009033
   ],
   [
    -0.46904996037483215,
    0.8433061242103577,
    0.26234886050224304
   ]
  ]
 }
]