[
 {
  "rotation_euler": [
   -0.0022817887365818024,
   5.885679001949029e-06,
   0.7258775234222412
  ],
  "euler_order": "XYZ",
  "rotation_matrix": [
   [
    0.7479172348976135,
    -0.6637902855873108,
    -0.0015102298930287361
   ],
   [
    0.6637920141220093,
    0.7479152679443359,
    0.001710494514554739
   ],
   [
    -5.885679001949029e-06,
    -0.0022817866411060095,
    0.9999973773956299
   ]
  ]
 },
 {
  "rotation_euler": [
   -0.0022800553124397993,
   4.113727754884167e-06,
   -0.9144909381866455
  ],
  "euler_order": "XYZ",
  "rotation_matrix": [
   [
    0.6101939678192139,
    0.7922499775886536,
    0.0018088871147483587
   ],
   [
    -0.7922520637512207,
    0.6101923584938049,
    0.001388015691190958
   ],
   [
    -4.113727754884167e-06,
    -0.00228005344979465,
    0.9999973773956299
   ]
  ]
 },
 {
  "rotation_euler": [
   -0.002278659725561738,
   5.296247763908468e-06,
   -3.0145885944366455
  ],
  "euler_order": "XYZ",
  "rotation_matrix": [
   [
    -0.9919458031654358,
    0.12666258215904236,
    0.0002833678445313126
   ],
   [
    -0.12666290998458862,
    -0.9919432401657104,
    -0.0022609757725149393
   ],
   [
    -5.296247763908468e-06,
    -0.002278657862916589,
    0.9999973773956299
   ]
  ]
 },
 {
  "rotation_euler": [
   0.05537795647978783,
   -1.70931077003479,
   -2.0332727432250977
  ],
  "euler_order": "XYZ",
  "rotation_matrix": [
   [
    0.06160296872258186,
    0.9180369973182678,
    0.3916798532009125
   ],
   [
    0.12356752902269363,
    -0.39642101526260376,
    0.9097150564193726
   ],
   [
    0.9904221892356873,
    -0.007642234209924936,
    -0.1378602832555771
   ]
  ]
 },
 {
  "rotation_euler": [
   -0.0022818618454039097,
   -6.525499884446617e-06,
   -1.4895031452178955
  ],
  "euler_order": "XYZ",
  "rotation_matrix": [
   [
    0.08120366930961609,
    0.9966949224472046,
    0.002273794263601303
   ],
   [
    -0.9966975450515747,
    0.08120344579219818,
    0.00019179933588020504
   ],
   [
    6.525499884446617e-06,
    -0.002281859749928117,
    0.9999973773956299
   ]
  ]
 },
 {
  "rotation_euler": [
   0.07907967269420624,
   -1.726749062538147,
   1.1711992025375366
  ],
  "euler_order": "XYZ",
  "rotation_matrix": [
   [
    -0.060427337884902954,
    -0.9486995339393616,
    -0.3103509843349457
   ],
   [
    -0.1430847942829132,
    0.31594088673591614,
    -0.9379275441169739
   ],
   [
    0.9878640174865723,
    -0.012269963510334492,
    -0.15483593940734863
   ]
  ]
 },
 {
  "rotation_euler": [
   -0.002281670458614826,
   -8.847804565448314e-06,
   -2.7283589839935303
  ],
  "euler_order": "XYZ",
  "rotation_matrix": [
   [
    -0.9158270359039307,
    0.4015718400478363,
    0.0009243592503480613
   ],
   [
    -0.40157291293144226,
    -0.9158247113227844,
    -0.002086060820147395
   ],
   [
    8.847804565448314e-06,
    -0.0022816683631390333,
    0.9999973773956299
   ]
  ]
 },
 {
  "rotation_euler": [
   -0.0022807654459029436,
   8.750649612920824e-06,
   1.512963056564331
  ],
  "euler_order": "XYZ",
  "rotation_matrix": [
   [
    0.05780103802680969,
    -0.998325526714325,
    -0.002276444574818015
   ],
   [
    0.9983281493186951,
    0.05780086666345596,
    0.00014056649524718523
   ],
   [
    -8.750649612920824e-06,
    -0.0022807635832577944,
    0.9999973773956299
   ]
  ]
 },
 {
  "rotation_euler": [
   -0.002278350992128253,
   -5.142419468029402e-06,
   1.1222639083862305
  ],
  "euler_order": "XYZ",
  "rotation_matrix": [
   [
    0.4336435794830322,
    -0.9010821580886841,
    -0.002055214950814843
   ],
   [
    0.9010844826698303,
    0.4336424767971039,
    0.0009833576623350382
   ],
   [
    5.142419468029402e-06,
    -0.0022783491294831038,
    0.9999973773956299
   ]
  ]
 },
 {
  "rotation_euler": [
   -0.0022783351596444845,
   5.464557034429163e-06,
   0.7159192562103271
  ],
  "euler_order": "XYZ",
  "rotation_matrix": [
   [
    0.7544902563095093,
    -0.6563095450401306,
    -0.0014911728212609887
   ],
   [
    0.6563112735748291,
    0.7544882893562317,
    0.0017225665505975485
   ],
   [
    -5.464557034429163e-06,
    -0.0022783332969993353,
    0.9999973773956299
   ]
  ]
 },
 {
  "rotation_euler": [
   -0.0022805824410170317,
   2.7739606593968347e-06,
   0.5282315611839294
  ],
  "euler_order": "XYZ",
  "rotation_matrix": [
   [
    0.863699734210968,
    -0.5040054321289062,
    -0.0011470320168882608
   ],
   [
    0.5040067434310913,
    0.8636974692344666,
    0.001971134915947914
   ],
   [
    -2.7739606593968347e-06,
    -0.0022805805783718824,
    0.9999973773956299
   ]
  ]
 },
 {
  "rotation_euler": [
   -0.002280864166095853,
   5.677259650838096e-06,
   2.974600315093994
  ],
  "euler_order": "XYZ",
  "rotation_matrix": [
   [
    -0.9860891699790955,
    -0.16621683537960052,
    -0.00038471698644571006
   ],
   [
    0.16621728241443634,
    -0.9860866069793701,
    -0.002248189877718687
   ],
   [
    -5.677259650838096e-06,
    -0.0022808623034507036,
    0.9999973773956299
   ]
  ]
 },
 {
  "rotation_euler": [
   -0.002278166590258479,
   8.851982784108259e-06,
   0.13512790203094482
  ],
  "euler_order": "XYZ",
  "rotation_matrix": [
   [
    0.9908841252326965,
    -0.1347167193889618,
    -0.00029813635046593845
   ],
   [
    0.13471704721450806,
    0.9908815622329712,
    0.0022585897240787745
   ],
   [
    -8.851982784108259e-06,
    -0.00227816472761333,
    0.9999973773956299
   ]
  ]
 },
 {
  "rotation_euler": [
   -0.0022787246853113174,
   -8.225455530919135e-06,
   -1.7229212522506714
  ],
  "euler_order": "XYZ",
  "rotation_matrix": [
   [
    -0.15153886377811432,
    0.9884487390518188,
    0.0022536530159413815
   ],
   [
    -0.9884513020515442,
    -0.15153847634792328,
    -0.0003371846105437726
   ],
   [
    8.225455530919135e-06,
    -0.002278722822666168,
    0.9999973773956299
   ]
  ]
 },
 {
  "rotation_euler": [
   0.0762067660689354,
   -1.7244038581848145,
   1.5390373468399048
  ],
  "euler_order": "XYZ",
  "rotation_matrix": [
   [
    -0.004858439788222313,
    -0.9989839196205139,
    0.044805947691202164
   ],
   [
    -0.15292702615261078,
    -0.04353718087077141,
    -0.9872779846191406
   ],
   [
    0.988225519657135,
    -0.011648670770227909,
    -0.15256009995937347
   ]
  ]
 },
 {
  "rotation_euler": [
   -0.0022784576285630465,
   5.383356892707525e-06,
   2.0000500679016113
  ],
  "euler_order": "XYZ",
  "rotation_matrix": [
   [
    -0.41619235277175903,
    -0.9092742204666138,
    -0.0020739869214594364
   ],
   [
    0.9092766046524048,
    -0.4161912798881531,
    -0.0009433808736503124
   ],
   [
    -5.383356892707525e-06,
    -0.0022784557659178972,
    0.9999973773956299
   ]
  ]
 }
]