[
 {
  "rotation_euler": [
   0.04579091817140579,
   -0.39715278148651123,
   -3.07423996925354
  ],
  "euler_order": "XYZ",
  "rotation_matrix": [
   [
    -0.9200751781463623,
    0.08489655703306198,
    0.3824320435523987
   ],
   [
    -0.06206340715289116,
    -0.9954952001571655,
    0.07167578488588333
   ],
   [
    0.3867942988872528,
    0.042212072759866714,
    0.921199381351471
   ]
  ]
 },
 {
  "rotation_euler": [
   -0.10396840423345566,
   -1.9890700578689575,
   -1.5502249002456665
  ],
  "euler_order": "XYZ",
  "rotation_matrix": [
   [
    -0.008355187252163887,
    0.9963404536247253,
    0.08506406843662262
   ],
   [
    0.4060976803302765,
    -0.07435540854930878,
    0.9107996225357056
   ],
   [
    0.9137914776802063,
    0.0421542227268219,
    -0.4039902687072754
   ]
  ]
 },
 {
  "rotation_euler": [
   0.10412310808897018,
   1.148081660270691,
   -0.12024733424186707
  ],
  "euler_order": "XYZ",
  "rotation_matrix": [
   [
    0.40727534890174866,
    0.2134101837873459,
    0.8880218863487244
   ],
   [
    -0.04921119287610054,
    0.9760317802429199,
    -0.21199096739292145
   ],
   [
    -0.9119786620140076,
    0.042638082057237625,
    0.4080158770084381
   ]
  ]
 },
 {
  "rotation_euler": [
   3.088629961013794,
   0.5923056602478027,
   -0.24132563173770905
  ],
  "euler_order": "XYZ",
  "rotation_matrix": [
   [
    0.8056139349937439,
    -0.20995740592479706,
    -0.5539892315864563
   ],
   [
    -0.1982794553041458,
    -0.9767235517501831,
    0.08183128386735916
   ],
   [
    -0.5582754015922546,
    0.043920259922742844,
    -0.8284923434257507
   ]
  ]
 },
 {
  "rotation_euler": [
   -0.0579308345913887,
   2.472782611846924,
   -0.1057005375623703
  ],
  "euler_order": "XYZ",
  "rotation_matrix": [
   [
    -0.780181348323822,
    0.06962710618972778,
    0.621666431427002
   ],
   [
    0.0827740877866745,
    0.9965383410453796,
    -0.0077329035848379135
   ],
   [
    -0.6200528144836426,
    0.045424800366163254,
    -0.7832439541816711
   ]
  ]
 },
 {
  "rotation_euler": [
   -0.056194327771663666,
   3.0433766841888428,
   0.6434834003448486
  ],
  "euler_order": "XYZ",
  "rotation_matrix": [
   [
    -0.7961550951004028,
    -0.6034447550773621,
    0.0446256659924984
   ],
   [
    -0.5970942974090576,
    0.7954434752464294,
    0.10367303341627121
   ],
   [
    -0.09805814176797867,
    0.05589408054947853,
    -0.9936097860336304
   ]
  ]
 },
 {
  "rotation_euler": [
   3.090336322784424,
   0.5540502071380615,
   -0.5412319898605347
  ],
  "euler_order": "XYZ",
  "rotation_matrix": [
   [
    0.7288567423820496,
    -0.4914124011993408,
    -0.4767407476902008
   ],
   [
    -0.4381197988986969,
    -0.8698365092277527,
    0.22679387032985687
   ],
   [
    -0.5261358618736267,
    0.043569326400756836,
    -0.8492836952209473
   ]
  ]
 },
 {
  "rotation_euler": [
   0.07597868889570236,
   0.3754059970378876,
   -0.28735437989234924
  ],
  "euler_order": "XYZ",
  "rotation_matrix": [
   [
    0.892211377620697,
    0.3092880845069885,
    0.3290892541408539
   ],
   [
    -0.263678640127182,
    0.9483426213264465,
    -0.176408052444458
   ],
   [
    -0.3666502833366394,
    0.07061945647001266,
    0.9276747703552246
   ]
  ]
 },
 {
  "rotation_euler": [
   0.10412107408046722,
   1.1480252742767334,
   -0.2262481302022934
  ],
  "euler_order": "XYZ",
  "rotation_matrix": [
   [
    0.3998328447341919,
    0.3154747784137726,
    0.8605866432189941
   ],
   [
    -0.09203722327947617,
    0.9479753375053406,
    -0.30474886298179626
   ],
   [
    -0.9119555354118347,
    0.04264259338378906,
    0.40806710720062256
   ]
  ]
 },
 {
  "rotation_euler": [
   -0.045698247849941254,
   2.7432408332824707,
   0.8948594927787781
  ],
  "euler_order": "XYZ",
  "rotation_matrix": [
   [
    -0.5766426920890808,
    -0.7903929948806763,
    0.2067899852991104
   ],
   [
    -0.7190389037132263,
    0.611151397228241,
    0.3308730721473694
   ],
   [
    -0.3878997266292572,
    0.04210548847913742,
    -0.9207393527030945
   ]
  ]
 },
 {
  "rotation_euler": [
   0.10411971807479858,
   1.1480658054351807,
   1.865997314453125
  ],
  "euler_order": "XYZ",
  "rotation_matrix": [
   [
    -0.11935553699731827,
    -0.9791377782821655,
    -0.16444915533065796
   ],
   [
    0.3925061523914337,
    -0.19867374002933502,
    0.89803546667099
   ],
   [
    -0.911972165107727,
    0.042638201266527176,
    0.4080303907394409
   ]
  ]
 },
 {
  "rotation_euler": [
   3.0533089637756348,
   -0.9469459056854248,
   0.6385651230812073
  ],
  "euler_order": "XYZ",
  "rotation_matrix": [
   [
    0.46905604004859924,
    0.5362625122070312,
    0.7017185688018799
   ],
   [
    0.34818777441978455,
    -0.842478334903717,
    0.4110907018184662
   ],
   [
    0.8116351962089539,
    0.05150524154305458,
    -0.5818896293640137
   ]
  ]
 },
 {
  "rotation_euler": [
   -0.08706753700971603,
   -2.228484630584717,
   0.8096001744270325
  ],
  "euler_order": "XYZ",
  "rotation_matrix": [
   [
    -0.42165979743003845,
    -0.6737984418869019,
    -0.6067937612533569
   ],
   [
    -0.4425802230834961,
    0.7370007038116455,
    -0.5108352899551392
   ],
   [
    0.7914074659347534,
    0.053156208246946335,
    -0.6089734435081482
   ]
  ]
 },
 {
  "rotation_euler": [
   -0.08851460367441177,
   -2.1382246017456055,
   -1.3881795406341553
  ],
  "euler_order": "XYZ",
  "rotation_matrix": [
   [
    -0.09760553389787674,
    0.9930598139762878,
    -0.0656149685382843
   ],
   [
    0.528528094291687,
    0.10758637636899948,
    0.8420708179473877
   ],
   [
    0.8432859778404236,
    0.04751141369342804,
    -0.5353610515594482
   ]
  ]
 },
 {
  "rotation_euler": [
   0.046469297260046005,
   -0.361301451921463,
   -1.5100288391113281
  ],
  "euler_order": "XYZ",
  "rotation_matrix": [
   [
    0.056809213012456894,
    0.9960795044898987,
    -0.0678112581372261
   ],
   [
    -0.9337109327316284,
    0.07705484330654144,
    0.34963753819465637
   ],
   [
    0.35349196195602417,
    0.043453484773635864,
    0.9344277381896973
   ]
  ]
 },
 {
  "rotation_euler": [
   -0.056963060051202774,
   2.4892616271972656,
   -1.1243643760681152
  ],
  "euler_order": "XYZ",
  "rotation_matrix": [
   [
    -0.34309911727905273,
    0.885608971118927,
    0.3130171000957489
   ],
   [
    0.7167878746986389,
    0.462222695350647,
    -0.5220778584480286
   ],
   [
    -0.6070404648780823,
    0.04524241015315056,
    -0.7933819890022278
   ]
  ]
 }
]