[
 {
  "rotation_euler": [
   0.6215094327926636,
   -1.461010217666626,
   2.366856098175049
  ],
  "euler_order": "XYZ",
  "rotation_matrix": [
   [
    -0.0782962366938591,
    -0.15513327717781067,
    0.9847859740257263
   ],
   [
    0.07664425671100616,
    -0.9858314990997314,
    -0.1492043137550354
   ],
   [
    0.9939795732498169,
    0.06379605084657669,
    0.08907696604728699
   ]
  ]
 },
 {
  "rotation_euler": [
   -0.10658887028694153,
   -2.974256992340088,
   -0.9947260618209839
  ],
  "euler_order": "XYZ",
  "rotation_matrix": [
   [
    -0.5371237993240356,
    0.8435028195381165,
    -0.0009961791802197695
   ],
   [
    0.826896071434021,
    0.5267814993858337,
    0.1968352049589157
   ],
   [
    0.16655582189559937,
    0.10490114241838455,
    -0.9804360866546631
   ]
  ]
 },
 {
  "rotation_euler": [
   -0.14406883716583252,
   -2.3526487350463867,
   0.6590737104415894
  ],
  "euler_order": "XYZ",
  "rotation_matrix": [
   [
    -0.5570245981216431,
    -0.5254988074302673,
    -0.6430976390838623
   ],
   [
    -0.43148335814476013,
    0.8447589874267578,
    -0.31655070185661316
   ],
   [
    0.7096095681190491,
    0.10115940868854523,
    -0.6972955465316772
   ]
  ]
 },
 {
  "rotation_euler": [
   2.1449949741363525,
   -1.4888802766799927,
   -1.0588572025299072
  ],
  "euler_order": "XYZ",
  "rotation_matrix": [
   [
    0.04008324444293976,
    -0.8834548592567444,
    -0.46679848432540894
   ],
   [
    -0.07133426517248154,
    0.4634517431259155,
    -0.8832462430000305
   ],
   [
    0.9966467618942261,
    0.0687021017074585,
    -0.04444395378232002
   ]
  ]
 },
 {
  "rotation_euler": [
   0.525084912776947,
   1.4487775564193726,
   -1.1301913261413574
  ],
  "euler_order": "XYZ",
  "rotation_matrix": [
   [
    0.05191035568714142,
    0.9948441386222839,
    -0.08712323009967804
   ],
   [
    -0.11009155958890915,
    -0.08100832998752594,
    -0.9906147122383118
   ],
   [
    -0.9925649166107178,
    0.06101469323039055,
    0.10531877726316452
   ]
  ]
 },
 {
  "rotation_euler": [
   -0.1251877099275589,
   2.5528688430786133,
   -0.456074059009552
  ],
  "euler_order": "XYZ",
  "rotation_matrix": [
   [
    -0.7466458082199097,
    0.37473171949386597,
    0.549632728099823
   ],
   [
    0.36628100275993347,
    0.9212997555732727,
    -0.1305564045906067
   ],
   [
    -0.5553001165390015,
    0.10384063422679901,
    -0.8251417279243469
   ]
  ]
 },
 {
  "rotation_euler": [
   -0.6241541504859924,
   1.6936008930206299,
   -1.735638976097107
  ],
  "euler_order": "XYZ",
  "rotation_matrix": [
   [
    0.020101262256503105,
    0.895635724067688,
    0.44433388113975525
   ],
   [
    0.12083559483289719,
    0.438989520072937,
    -0.8903296589851379
   ],
   [
    -0.9924690127372742,
    0.07158809900283813,
    -0.09940043091773987
   ]
  ]
 },
 {
  "rotation_euler": [
   1.8337105512619019,
   -1.501454472541809,
   -1.3737444877624512
  ],
  "euler_order": "XYZ",
  "rotation_matrix": [
   [
    0.01356480736285448,
    -0.44346338510513306,
    -0.8961898684501648
   ],
   [
    -0.06794547289609909,
    0.8937918543815613,
    -0.44330519437789917
   ],
   [
    0.997596800327301,
    0.06690539419651031,
    -0.01800721324980259
   ]
  ]
 },
 {
  "rotation_euler": [
   0.3257687985897064,
   1.3827323913574219,
   2.152552604675293
  ],
  "euler_order": "XYZ",
  "rotation_matrix": [
   [
    -0.10273157805204391,
    -0.9643130302429199,
    -0.24402178823947906
   ],
   [
    0.15620262920856476,
    -0.2579154670238495,
    0.9534570574760437
   ],
   [
    -0.9823680520057678,
    0.059833306819200516,
    0.1771242916584015
   ]
  ]
 },
 {
  "rotation_euler": [
   0.7125440239906311,
   1.473705530166626,
   -0.5748139023780823
  ],
  "euler_order": "XYZ",
  "rotation_matrix": [
   [
    0.08135970681905746,
    0.9575153589248657,
    0.27666744589805603
   ],
   [
    -0.05270329490303993,
    0.28133246302604675,
    -0.9581620097160339
   ],
   [
    -0.9952903985977173,
    0.06337449699640274,
    0.0733533427119255
   ]
  ]
 },
 {
  "rotation_euler": [
   2.587919235229492,
   -1.431318998336792,
   -0.2990654706954956
  ],
  "euler_order": "XYZ",
  "rotation_matrix": [
   [
    0.13285450637340546,
    -0.7482055425643921,
    0.6500293016433716
   ],
   [
    -0.04096071794629097,
    -0.6594274640083313,
    -0.750651478767395
   ],
   [
    0.9902887940406799,
    0.07310176640748978,
    -0.11825494468212128
   ]
  ]
 },
 {
  "rotation_euler": [
   0.2389041781425476,
   -1.3276876211166382,
   -0.09956710040569305
  ],
  "euler_order": "XYZ",
  "rotation_matrix": [
   [
    0.2395288497209549,
    -0.1319626122713089,
    -0.961879312992096
   ],
   [
    -0.023928318172693253,
    0.9896165728569031,
    -0.14172662794589996
   ],
   [
    0.9705943465232849,
    0.05696377158164978,
    0.2338840812444687
   ]
  ]
 },
 {
  "rotation_euler": [
   0.6897287964820862,
   1.4714277982711792,
   -1.5387547016143799
  ],
  "euler_order": "XYZ",
  "rotation_matrix": [
   [
    0.003178148064762354,
    0.7913075685501099,
    -0.6114100217819214
   ],
   [
    -0.09915415942668915,
    -0.6081507205963135,
    -0.7876046895980835
   ],
   [
    -0.9950670003890991,
    0.06312696635723114,
    0.0765286460518837
   ]
  ]
 },
 {
  "rotation_euler": [
   -0.12066961824893951,
   -2.6158647537231445,
   1.7143663167953491
  ],
  "euler_order": "XYZ",
  "rotation_matrix": [
   [
    0.12375596165657043,
    -0.9911579489707947,
    -0.04785832017660141
   ],
   [
    -0.8560597896575928,
    -0.08224806934595108,
    -0.5102910399436951
   ],
   [
    0.501842737197876,
    0.1041211411356926,
    -0.858669102191925
   ]
  ]
 },
 {
  "rotation_euler": [
   0.010099782608449459,
   0.053373850882053375,
   -2.4358620643615723
  ],
  "euler_order": "XYZ",
  "rotation_matrix": [
   [
    -0.7600539922714233,
    0.64814692735672,
    -0.0471540130674839
   ],
   [
    -0.6476664543151855,
    -0.7614485621452332,
    -0.026912355795502663
   ],
   [
    -0.05334851145744324,
    0.010085228830575943,
    0.9985250234603882
   ]
  ]
 },
 {
  "rotation_euler": [
   0.34201905131340027,
   1.3936259746551514,
   2.5015323162078857
  ],
  "euler_order": "XYZ",
  "rotation_matrix": [
   [
    -0.14135895669460297,
    -0.8274429440498352,
    -0.5434664487838745
   ],
   [
    0.10526119917631149,
    -0.558430016040802,
    0.8228462934494019
   ],
   [
    -0.984346330165863,
    0.05911076441407204,
    0.1660367250442505
   ]
  ]
 }
]