[
 {
  "rotation_euler": [
   0.002771092113107443,
   0.14545071125030518,
   1.5713452100753784
  ],
  "euler_order": "XYZ",
  "rotation_matrix": [
   [
    -0.0005430874298326671,
    -0.9999962449073792,
    0.0026915341150015593
   ],
   [
    0.9894405603408813,
    -0.0001472440781071782,
    0.1449393332004547
   ],
   [
    -0.1449383944272995,
    0.0027418278623372316,
    0.9894368648529053
   ]
  ]
 },
 {
  "rotation_euler": [
   0.002772229490801692,
   -0.14544838666915894,
   -3.022423267364502
  ],
  "euler_order": "XYZ",
  "rotation_matrix": [
   [
    -0.9824236035346985,
    0.11928601562976837,
    0.14357803761959076
   ],
   [
    -0.117632195353508,
    -0.9928561449050903,
    0.01998359151184559
   ],
   [
    0.14493609964847565,
    0.0027429540641605854,
    0.9894372224807739
   ]
  ]
 },
 {
  "rotation_euler": [
   0.0027721186634153128,
   -0.14544403553009033,
   1.7487175464630127
  ],
  "euler_order": "XYZ",
  "rotation_matrix": [
   [
    -0.17511533200740814,
    -0.9841388463973999,
    0.028378862887620926
   ],
   [
    0.9738220572471619,
    -0.17737874388694763,
    -0.14215269684791565
   ],
   [
    0.14493179321289062,
    0.0027428462635725737,
    0.9894378185272217
   ]
  ]
 },
 {
  "rotation_euler": [
   0.0027741396334022284,
   0.14542324841022491,
   -0.7482417821884155
  ],
  "euler_order": "XYZ",
  "rotation_matrix": [
   [
    0.7251503467559814,
    0.6806432604789734,
    0.10431563854217529
   ],
   [
    -0.6731699109077454,
    0.7326098680496216,
    -0.10062327980995178
   ],
   [
    -0.14491122961044312,
    0.0027448541950434446,
    0.9894408583641052
   ]
  ]
 },
 {
  "rotation_euler": [
   0.002772413892671466,
   -0.14545023441314697,
   -2.9528145790100098
  ],
  "euler_order": "XYZ",
  "rotation_matrix": [
   [
    -0.9718626141548157,
    0.18805278837680817,
    0.14184218645095825
   ],
   [
    -0.18567727506160736,
    -0.9821550846099854,
    0.02992193214595318
   ],
   [
    0.1449379175901413,
    0.0027431356720626354,
    0.98943692445755
   ]
  ]
 },
 {
  "rotation_euler": [
   0.002772434614598751,
   0.14542889595031738,
   0.9225995540618896
  ],
  "euler_order": "XYZ",
  "rotation_matrix": [
   [
    0.5973766446113586,
    -0.7969281673431396,
    0.0897032842040062
   ],
   [
    0.7887586951255798,
    0.604067862033844,
    0.11384958773851395
   ],
   [
    -0.1449168175458908,
    0.002743164775893092,
    0.9894400238990784
   ]
  ]
 },
 {
  "rotation_euler": [
   0.0027725505642592907,
   0.14544996619224548,
   -2.6763947010040283
  ],
  "euler_order": "XYZ",
  "rotation_matrix": [
   [
    -0.884295642375946,
    0.4482388496398926,
    -0.13077880442142487
   ],
   [
    -0.4438628554344177,
    -0.8939096331596375,
    -0.06254082918167114
   ],
   [
    -0.144937664270401,
    0.002743271179497242,
    0.9894369840621948
   ]
  ]
 },
 {
  "rotation_euler": [
   0.0027765068225562572,
   0.14543935656547546,
   1.7894845008850098
  ],
  "euler_order": "XYZ",
  "rotation_matrix": [
   [
    -0.21465875208377838,
    -0.9762664437294006,
    -0.028731340542435646
   ],
   [
    0.9658766984939575,
    -0.21655558049678802,
    0.14207723736763
   ],
   [
    -0.14492715895175934,
    0.0027471899520605803,
    0.989438533782959
   ]
  ]
 },
 {
  "rotation_euler": [
   0.0027720120269805193,
   -0.14544187486171722,
   -1.475255012512207
  ],
  "euler_order": "XYZ",
  "rotation_matrix": [
   [
    0.09438883513212204,
    0.9953972697257996,
    -0.016585025936365128
   ],
   [
    -0.9849295020103455,
    0.09579557925462723,
    0.14400368928909302
   ],
   [
    0.1449296474456787,
    0.0027427414897829294,
    0.9894381761550903
   ]
  ]
 },
 {
  "rotation_euler": [
   0.00277131050825119,
   0.14544673264026642,
   1.1131465435028076
  ],
  "euler_order": "XYZ",
  "rotation_matrix": [
   [
    0.4371756911277771,
    -0.8969124555587769,
    0.06652385741472244
   ],
   [
    0.8876212239265442,
    0.44219958782196045,
    0.12879477441310883
   ],
   [
    -0.14493446052074432,
    0.002742045558989048,
    0.989437460899353
   ]
  ]
 },
 {
  "rotation_euler": [
   0.0027732038870453835,
   0.14542615413665771,
   -1.1718438863754272
  ],
  "euler_order": "XYZ",
  "rotation_matrix": [
   [
    0.38435283303260803,
    0.9216209650039673,
    0.053736720234155655
   ],
   [
    -0.9117416143417358,
    0.38808146119117737,
    -0.13461051881313324
   ],
   [
    -0.14491410553455353,
    0.002743927063420415,
    0.9894404411315918
   ]
  ]
 },
 {
  "rotation_euler": [
   0.0027716103941202164,
   -0.1454465389251709,
   -0.5837616324424744
  ],
  "euler_order": "XYZ",
  "rotation_matrix": [
   [
    0.825585126876831,
    0.5508292317390442,
    -0.12245962023735046
   ],
   [
    -0.5453469157218933,
    0.8346134424209595,
    0.07756999135017395
   ],
   [
    0.1449342668056488,
    0.002742342185229063,
    0.989437460899353
   ]
  ]
 },
 {
  "rotation_euler": [
   0.002771352417767048,
   -0.14544683694839478,
   1.7976950407028198
  ],
  "euler_order": "XYZ",
  "rotation_matrix": [
   [
    -0.22258155047893524,
    -0.9742746353149414,
    0.03530420735478401
   ],
   [
    0.9640806317329407,
    -0.22534732520580292,
    -0.14059573411941528
   ],
   [
    0.14493456482887268,
    0.0027420867700129747,
    0.989437460899353
   ]
  ]
 },
 {
  "rotation_euler": [
   0.0027717496268451214,
   0.14544861018657684,
   -1.4002019166946411
  ],
  "euler_order": "XYZ",
  "rotation_matrix": [
   [
    0.16797557473182678,
    0.9855484366416931,
    0.021873965859413147
   ],
   [
    -0.975078284740448,
    0.1693716198205948,
    -0.14330242574214935
   ],
   [
    -0.14493632316589355,
    0.0027424790896475315,
    0.9894371628761292
   ]
  ]
 },
 {
  "rotation_euler": [
   0.002772154286503792,
   -0.14544419944286346,
   1.8449374437332153
  ],
  "euler_order": "XYZ",
  "rotation_matrix": [
   [
    -0.26786187291145325,
    -0.9625455737113953,
    0.04190449416637421
   ],
   [
    0.9524939656257629,
    -0.27110594511032104,
    -0.13876889646053314
   ],
   [
    0.14493195712566376,
    0.0027428814209997654,
    0.9894378185272217
   ]
  ]
 },
 {
  "rotation_euler": [
   0.0027805697172880173,
   -0.14542938768863678,
   1.5307049751281738
  ],
  "euler_order": "XYZ",
  "rotation_matrix": [
   [
    0.039657510817050934,
    -0.9992087483406067,
    -0.0030300198122859
   ],
   [
    0.9886487126350403,
    0.039677828550338745,
    -0.1449117362499237
   ],
   [
    0.144917294383049,
    0.0027512137312442064,
    0.9894399642944336
   ]
  ]
 }
]