[
 {
  "rotation_euler": [
   -1.8564475112725631e-07,
   4.4767734408424076e-08,
   -0.7297040820121765
  ],
  "euler_order": "XYZ",
  "rotation_matrix": [
   [
    0.7453716993331909,
    0.6666491031646729,
    1.5712851109128678e-07
   ],
   [
    -0.6666491031646729,
    0.7453716993331909,
    1.085299743408541e-07
   ],
   [
    -4.4767734408424076e-08,
    -1.8564475112725631e-07,
    1.0
   ]
  ]
 },
 {
  "rotation_euler": [
   -3.4261088188713984e-08,
   1.4278654703048232e-07,
   2.720813035964966
  ],
  "euler_order": "XYZ",
  "rotation_matrix": [
   [
    -0.9127707481384277,
    -0.4084721803665161,
    -1.4432609418690845e-07
   ],
   [
    0.4084721803665161,
    -0.9127707481384277,
    2.7051813233924804e-08
   ],
   [
    -1.4278654703048232e-07,
    -3.4261088188713984e-08,
    1.0
   ]
  ]
 },
 {
  "rotation_euler": [
   5.161043148405042e-08,
   -3.262553320837469e-07,
   2.814228057861328
  ],
  "euler_order": "XYZ",
  "rotation_matrix": [
   [
    -0.946893036365509,
    -0.3215487003326416,
    3.2552418360864976e-07
   ],
   [
    0.3215487003326416,
    -0.946893036365509,
    -5.60374218139259e-08
   ],
   [
    3.262553320837469e-07,
    5.161043148405042e-08,
    1.0
   ]
  ]
 },
 {
  "rotation_euler": [
   1.5025977972982218e-07,
   1.7073925562272052e-07,
   1.5993348360061646
  ],
  "euler_order": "XYZ",
  "rotation_matrix": [
   [
    -0.02853463590145111,
    -0.9995927810668945,
    1.4532660941313225e-07
   ],
   [
    0.9995927810668945,
    -0.02853463590145111,
    1.749573357301415e-07
   ],
   [
    -1.7073925562272052e-07,
    1.5025977972982218e-07,
    1.0
   ]
  ]
 },
 {
  "rotation_euler": [
   -3.244602808649688e-08,
   -9.019595381687395e-08,
   1.209587574005127
  ],
  "euler_order": "XYZ",
  "rotation_matrix": [
   [
    0.353405237197876,
    -0.9354703426361084,
    -6.222801829380842e-08
   ],
   [
    0.9354703426361084,
    0.353405237197876,
    -7.29090388063014e-08
   ],
   [
    9.019595381687395e-08,
    -3.244602808649688e-08,
    1.0
   ]
  ]
 },
 {
  "rotation_euler": [
   4.114466989335597e-08,
   2.1480394707396044e-07,
   3.0035533905029297
  ],
  "euler_order": "XYZ",
  "rotation_matrix": [
   [
    -0.9904876947402954,
    -0.13760130107402802,
    -2.0709910586447222e-07
   ],
   [
    0.13760130107402802,
    -0.9904876947402954,
    7.031059112705407e-08
   ],
   [
    -2.1480394707396044e-07,
    4.114466989335597e-08,
    1.0
   ]
  ]
 },
 {
  "rotation_euler": [
   1.0929805682735605e-07,
   -8.453562827526184e-08,
   -1.1869784593582153
  ],
  "euler_order": "XYZ",
  "rotation_matrix": [
   [
    0.37446328997612,
    0.9272417426109314,
    -1.330012082689791e-07
   ],
   [
    -0.9272417426109314,
    0.37446328997612,
    3.745685361877804e-08
   ],
   [
    8.453562827526184e-08,
    1.0929805682735605e-07,
    1.0
   ]
  ]
 },
 {
  "rotation_euler": [
   -4.3949040673396667e-07,
   -1.5137355546812614e-07,
   -0.004851199220865965
  ],
  "euler_order": "XYZ",
  "rotation_matrix": [
   [
    0.9999882578849792,
    0.004851180128753185,
    -1.4923972457836499e-07
   ],
   [
    -0.004851180128753185,
    0.9999882578849792,
    4.402195656894037e-07
   ],
   [
    1.5137355546812614e-07,
    -4.3949040673396667e-07,
    1.0
   ]
  ]
 },
 {
  "rotation_euler": [
   5.596488676928857e-07,
   2.5725771735096714e-08,
   1.4382479190826416
  ],
  "euler_order": "XYZ",
  "rotation_matrix": [
   [
    0.13216061890125275,
    -0.9912283420562744,
    5.581397317655501e-07
   ],
   [
    0.9912283420562744,
    0.13216061890125275,
    -4.846343060194158e-08
   ],
   [
    -2.5725771735096714e-08,
    5.596488676928857e-07,
    1.0
   ]
  ]
 },
 {
  "rotation_euler": [
   5.544025043491274e-07,
   -3.257157459302107e-07,
   -1.9916369915008545
  ],
  "euler_order": "XYZ",
  "rotation_matrix": [
   [
    -0.4085279107093811,
    0.9127458333969116,
    -3.7296459254321235e-07
   ],
   [
    -0.9127458333969116,
    -0.4085279107093811,
    5.237845925876172e-07
   ],
   [
    3.257157459302107e-07,
    5.544025043491274e-07,
    1.0
   ]
  ]
 },
 {
  "rotation_euler": [
   2.232621909570298e-08,
   -9.477450646500074e-08,
   2.014313220977783
  ],
  "euler_order": "XYZ",
  "rotation_matrix": [
   [
    -0.4291187524795532,
    -0.9032480716705322,
    6.083563164338557e-08
   ],
   [
    0.9032480716705322,
    -0.4291187524795532,
    -7.602429263897648e-08
   ],
   [
    9.477450646500074e-08,
    2.232621909570298e-08,
    1.0
   ]
  ]
 },
 {
  "rotation_euler": [
   3.5349921745364554e-07,
   -1.6416744585967535e-07,
   -1.6834660768508911
  ],
  "euler_order": "XYZ",
  "rotation_matrix": [
   [
    -0.11243151873350143,
    0.993659496307373,
    -3.328002549096709e-07
   ],
   [
    -0.993659496307373,
    -0.11243151873350143,
    2.0287099289362232e-07
   ],
   [
    1.6416744585967535e-07,
    3.5349921745364554e-07,
    1.0
   ]
  ]
 },
 {
  "rotation_euler": [
   6.928370055447886e-08,
   -1.7862815582248004e-07,
   -3.1051857471466064
  ],
  "euler_order": "XYZ",
  "rotation_matrix": [
   [
    -0.9993373155593872,
    0.03639886528253555,
    1.7598793533579737e-07
   ],
   [
    -0.03639886528253555,
    -0.9993373155593872,
    7.573964921903098e-08
   ],
   [
    1.7862815582248004e-07,
    6.928370055447886e-08,
    1.0
   ]
  ]
 },
 {
  "rotation_euler": [
   -1.7591463574717636e-07,
   3.5227145644967095e-07,
   -0.14695735275745392
  ],
  "euler_order": "XYZ",
  "rotation_matrix": [
   [
    0.9892212152481079,
    0.14642895758152008,
    3.7423339449560444e-07
   ],
   [
    -0.14642895758152008,
    0.9892212152481079,
    1.2243573621617543e-07
   ],
   [
    -3.5227145644967095e-07,
    -1.7591463574717636e-07,
    1.0
   ]
  ]
 },
 {
  "rotation_euler": [
   -5.479438769384615e-08,
   1.9280368235286005e-07,
   -0.9204210638999939
  ],
  "euler_order": "XYZ",
  "rotation_matrix": [
   [
    0.6054850816726685,
    0.7958566546440125,
    1.6034823602240067e-07
   ],
   [
    -0.7958566546440125,
    0.6054850816726685,
    -1.2026690399125073e-07
   ],
   [
    -1.9280368235286005e-07,
    -5.479438769384615e-08,
    1.0
   ]
  ]
 },
 {
  "rotation_euler": [
   -3.625328703904529e-09,
   -4.302068248307478e-07,
   -2.947761297225952
  ],
  "euler_order": "XYZ",
  "rotation_matrix": [
   [
    -0.9812734723091125,
    0.1926199048757553,
    4.228488421631482e-07
   ],
   [
    -0.1926199048757553,
    -0.9812734723091125,
    7.930896117613884e-08
   ],
   [
    4.302068248307478e-07,
    -3.625328703904529e-09,
    1.0
   ]
  ]
 }
]