[
 {
  "rotation_euler": [
   0.000491970800794661,
   1.1764220744225895e-06,
   -1.2561733722686768
  ],
  "euler_order": "XYZ",
  "rotation_matrix": [
   [
    0.3094579577445984,
    0.9509130120277405,
    -0.0004674574302043766
   ],
   [
    -0.95091313123703,
    0.309457927942276,
    -0.00015336294018197805
   ],
   [
    -1.1764220744225895e-06,
    0.000491970800794661,
    0.9999998807907104
   ]
  ]
 },
 {
  "rotation_euler": [
   0.0004920496139675379,
   1.227353550348198e-06,
   -1.3231465816497803
  ],
  "euler_order": "XYZ",
  "rotation_matrix": [
   [
    0.24512608349323273,
    0.9694910645484924,
    -0.00047673689550720155
   ],
   [
    -0.969491183757782,
    0.24512605369091034,
    -0.00012180409976281226
   ],
   [
    -1.227353550348198e-06,
    0.0004920496139675379,
    0.9999998807907104
   ]
  ]
 },
 {
  "rotation_euler": [
   0.0004922068328596652,
   1.0758267308119684e-06,
   -1.6717873811721802
  ],
  "euler_order": "XYZ",
  "rotation_matrix": [
   [
    -0.10081946849822998,
    0.994904637336731,
    -0.0004898073384538293
   ],
   [
    -0.9949047565460205,
    -0.10081946104764938,
    4.855368388234638e-05
   ],
   [
    -1.0758267308119684e-06,
    0.0004922068328596652,
    0.9999998807907104
   ]
  ]
 },
 {
  "rotation_euler": [
   0.0004934080061502755,
   1.8980156255565817e-06,
   0.31379178166389465
  ],
  "euler_order": "XYZ",
  "rotation_matrix": [
   [
    0.951170027256012,
    -0.30866745114326477,
    0.00015410433115903288
   ],
   [
    0.30866748094558716,
    0.9511699080467224,
    -0.0004687290347646922
   ],
   [
    -1.8980156255565817e-06,
    0.0004934080061502755,
    0.9999998807907104
   ]
  ]
 },
 {
  "rotation_euler": [
   0.0004935676115565002,
   8.091636232165911e-07,
   0.5136505365371704
  ],
  "euler_order": "XYZ",
  "rotation_matrix": [
   [
    0.8709565997123718,
    -0.4913599193096161,
    0.00024322410172317177
   ],
   [
    0.49135997891426086,
    0.8709564805030823,
    -0.0004294783575460315
   ],
   [
    -8.091636232165911e-07,
    0.0004935676115565002,
    0.9999998807907104
   ]
  ]
 },
 {
  "rotation_euler": [
   0.0004920760984532535,
   1.075698264685343e-06,
   1.5348732471466064
  ],
  "euler_order": "XYZ",
  "rotation_matrix": [
   [
    0.035915352404117584,
    -0.9993547201156616,
    0.0004917972255498171
   ],
   [
    0.9993548393249512,
    0.035915348678827286,
    -1.6598081856500357e-05
   ],
   [
    -1.075698264685343e-06,
    0.0004920760984532535,
    0.9999998807907104
   ]
  ]
 },
 {
  "rotation_euler": [
   0.0004922025254927576,
   1.0407260333522572e-06,
   -0.6996453404426575
  ],
  "euler_order": "XYZ",
  "rotation_matrix": [
   [
    0.7650706171989441,
    0.6439462900161743,
    -0.0003161557833664119
   ],
   [
    -0.6439464092254639,
    0.7650704979896545,
    -0.00037723983405157924
   ],
   [
    -1.0407260333522572e-06,
    0.0004922025254927576,
    0.9999998807907104
   ]
  ]
 },
 {
  "rotation_euler": [
   0.0004932130104862154,
   6.928187303856248e-07,
   2.0089831352233887
  ],
  "euler_order": "XYZ",
  "rotation_matrix": [
   [
    -0.4242982864379883,
    -0.905522346496582,
    0.00044632150093093514
   ],
   [
    0.9055224657058716,
    -0.4242982268333435,
    0.00020989678159821779
   ],
   [
    -6.928187303856248e-07,
    0.0004932130104862154,
    0.9999998807907104
   ]
  ]
 },
 {
  "rotation_euler": [
   0.0004921242361888289,
   1.1560334769455949e-06,
   2.3441829681396484
  ],
  "euler_order": "XYZ",
  "rotation_matrix": [
   [
    -0.6985625624656677,
    -0.7155489325523376,
    0.00035133142955601215
   ],
   [
    0.7155489921569824,
    -0.6985624432563782,
    0.0003446067566983402
   ],
   [
    -1.1560334769455949e-06,
    0.0004921242361888289,
    0.9999998807907104
   ]
  ]
 },
 {
  "rotation_euler": [
   0.0004922024090774357,
   1.1776579640354612e-06,
   -2.599100112915039
  ],
  "euler_order": "XYZ",
  "rotation_matrix": [
   [
    -0.8564245104789734,
    0.5162721872329712,
    -0.0002551190264057368
   ],
   [
    -0.516272246837616,
    -0.8564243912696838,
    0.0004209261969663203
   ],
   [
    -1.1776579640354612e-06,
    0.0004922024090774357,
    0.9999998807907104
   ]
  ]
 },
 {
  "rotation_euler": [
   0.0004913342418149114,
   1.3128566251907614e-06,
   2.0306344032287598
  ],
  "euler_order": "XYZ",
  "rotation_matrix": [
   [
    -0.44380301237106323,
    -0.8961242437362671,
    0.0004397139127831906
   ],
   [
    0.8961243629455566,
    -0.44380295276641846,
    0.000219232082599774
   ],
   [
    -1.3128566251907614e-06,
    0.0004913342418149114,
    0.9999998807907104
   ]
  ]
 },
 {
  "rotation_euler": [
   0.0004920933279208839,
   9.217177421305678e-07,
   -1.7949382066726685
  ],
  "euler_order": "XYZ",
  "rotation_matrix": [
   [
    -0.22226978838443756,
    0.9749850630760193,
    -0.0004799885500688106
   ],
   [
    -0.9749851822853088,
    -0.22226975858211517,
    0.00010847881640074775
   ],
   [
    -9.217177421305678e-07,
    0.0004920933279208839,
    0.9999998807907104
   ]
  ]
 },
 {
  "rotation_euler": [
   0.0004931001458317041,
   1.0113529924637987e-06,
   -2.650012731552124
  ],
  "euler_order": "XYZ",
  "rotation_matrix": [
   [
    -0.8815882205963135,
    0.4720192551612854,
    -0.0002336443867534399
   ],
   [
    -0.4720193147659302,
    -0.8815881013870239,
    0.00043423386523500085
   ],
   [
    -1.0113529924637987e-06,
    0.0004931001458317041,
    0.9999998807907104
   ]
  ]
 },
 {
  "rotation_euler": [
   0.000493368599563837,
   1.0828997574208188e-06,
   -2.170318841934204
  ],
  "euler_order": "XYZ",
  "rotation_matrix": [
   [
    -0.5642483234405518,
    0.825605034828186,
    -0.0004079386417288333
   ],
   [
    -0.8256051540374756,
    -0.564248263835907,
    0.00027748834691010416
   ],
   [
    -1.0828997574208188e-06,
    0.000493368599563837,
    0.9999998807907104
   ]
  ]
 },
 {
  "rotation_euler": [
   0.0004919778439216316,
   1.1640950106084347e-06,
   -2.664557456970215
  ],
  "euler_order": "XYZ",
  "rotation_matrix": [
   [
    -0.8883600831031799,
    0.4591473340988159,
    -0.0002269244723720476
   ],
   [
    -0.4591473937034607,
    -0.8883600234985352,
    0.00043651898158714175
   ],
   [
    -1.1640950106084347e-06,
    0.0004919778439216316,
    0.9999998807907104
   ]
  ]
 },
 {
  "rotation_euler": [
   0.0004921135841868818,
   1.171875737782102e-06,
   -1.949043869972229
  ],
  "euler_order": "XYZ",
  "rotation_matrix": [
   [
    -0.3692924678325653,
    0.9293131232261658,
    -0.00045776041224598885
   ],
   [
    -0.9293132424354553,
    -0.36929240822792053,
    0.00018064478354062885
   ],
   [
    -1.171875737782102e-06,
    0.0004921135841868818,
    0.9999998807907104
   ]
  ]
 }
]