[
 {
  "rotation_euler": [
   -1.2575719356536865,
   0.032319821417331696,
   1.539334774017334
  ],
  "euler_order": "XYZ",
  "rotation_matrix": [
   [
    0.03143993392586708,
    -0.3089422881603241,
    -0.950560986995697
   ],
   [
    0.9989831447601318,
    -0.021034156903624535,
    0.03987782448530197
   ],
   [
    -0.03231419622898102,
    -0.9508481621742249,
    0.30796682834625244
   ]
  ]
 },
 {
  "rotation_euler": [
   -0.0001498307246947661,
   -0.00011174791143275797,
   3.0935418605804443
  ],
  "euler_order": "XYZ",
  "rotation_matrix": [
   [
    -0.9988457560539246,
    -0.04803232103586197,
    0.00010442221537232399
   ],
   [
    0.04803230240941048,
    -0.9988457560539246,
    -0.00015502529277000576
   ],
   [
    0.00011174791143275797,
    -0.0001498307246947661,
    1.0
   ]
  ]
 },
 {
  "rotation_euler": [
   -0.00014887424185872078,
   -0.00011500195250846446,
   -0.014085930772125721
  ],
  "euler_order": "XYZ",
  "rotation_matrix": [
   [
    0.9999008178710938,
    0.014085481874644756,
    -0.00011289357644272968
   ],
   [
    -0.014085465110838413,
    0.999900758266449,
    0.00015047933266032487
   ],
   [
    0.00011500195250846446,
    -0.00014887424185872078,
    1.0
   ]
  ]
 },
 {
  "rotation_euler": [
   -0.00015143280324991792,
   -0.0001111157689592801,
   0.5383565425872803
  ],
  "euler_order": "XYZ",
  "rotation_matrix": [
   [
    0.8585524559020996,
    -0.5127256512641907,
    -0.00017304220818914473
   ],
   [
    0.5127257108688354,
    0.8585524559020996,
    7.304109749384224e-05
   ],
   [
    0.0001111157689592801,
    -0.00015143280324991792,
    1.0
   ]
  ]
 },
 {
  "rotation_euler": [
   -1.2683775424957275,
   -0.014891305938363075,
   -2.699369430541992
  ],
  "euler_order": "XYZ",
  "rotation_matrix": [
   [
    -0.9037022590637207,
    0.11460880190134048,
    0.4125373363494873
   ],
   [
    -0.4279024302959442,
    -0.27526289224624634,
    -0.8608890175819397
   ],
   [
    0.014890755526721478,
    -0.9545130729675293,
    0.2977970838546753
   ]
  ]
 },
 {
  "rotation_euler": [
   -1.2713358402252197,
   -0.0063747838139534,
   -0.6313610076904297
  ],
  "euler_order": "XYZ",
  "rotation_matrix": [
   [
    0.8072085380554199,
    0.17904160916805267,
    0.5624575614929199
   ],
   [
    -0.5902319550514221,
    0.23453998565673828,
    0.7724100351333618
   ],
   [
    0.00637474050745368,
    -0.9554763436317444,
    0.29499876499176025
   ]
  ]
 },
 {
  "rotation_euler": [
   -0.00015046335465740412,
   -0.00011213320976821706,
   -2.4690194129943848
  ],
  "euler_order": "XYZ",
  "rotation_matrix": [
   [
    -0.7822211384773254,
    0.6230008602142334,
    0.00018145177455153316
   ],
   [
    -0.6230008602142334,
    -0.7822211384773254,
    -4.783652548212558e-05
   ],
   [
    0.00011213320976821706,
    -0.00015046335465740412,
    1.0
   ]
  ]
 },
 {
  "rotation_euler": [
   -0.00015216028259601444,
   -0.00011116200039396062,
   -0.3255951702594757
  ],
  "euler_order": "XYZ",
  "rotation_matrix": [
   [
    0.9474605321884155,
    0.31987276673316956,
    -5.6649678299436346e-05
   ],
   [
    -0.31987273693084717,
    0.9474604725837708,
    0.00017972354544326663
   ],
   [
    0.00011116200039396062,
    -0.00015216028259601444,
    1.0
   ]
  ]
 },
 {
  "rotation_euler": [
   -0.00014970269694458693,
   -0.00011170531070092693,
   1.961289405822754
  ],
  "euler_order": "XYZ",
  "rotation_matrix": [
   [
    -0.38064441084861755,
    -0.9247214794158936,
    -9.591329580871388e-05
   ],
   [
    0.9247214794158936,
    -0.38064441084861755,
    -0.00016027980018407106
   ],
   [
    0.00011170531070092693,
    -0.00014970269694458693,
    1.0
   ]
  ]
 },
 {
  "rotation_euler": [
   -0.00015086073835846037,
   -0.0001115798659157008,
   2.519685745239258
  ],
  "euler_order": "XYZ",
  "rotation_matrix": [
   [
    -0.8127689957618713,
    -0.5825861096382141,
    2.7992864488624036e-06
   ],
   [
    0.5825861096382141,
    -0.8127689957618713,
    -0.00018761980754788965
   ],
   [
    0.0001115798659157008,
    -0.00015086073835846037,
    1.0
   ]
  ]
 },
 {
  "rotation_euler": [
   -0.00015016987163107842,
   -0.00011281600018264726,
   2.40632963180542
  ],
  "euler_order": "XYZ",
  "rotation_matrix": [
   [
    -0.7416543364524841,
    -0.6707822680473328,
    -1.7060807294910774e-05
   ],
   [
    0.6707822680473328,
    -0.7416543364524841,
    -0.00018704911053646356
   ],
   [
    0.00011281600018264726,
    -0.00015016987163107842,
    1.0
   ]
  ]
 },
 {
  "rotation_euler": [
   -0.0001510869333287701,
   -0.00011193177488166839,
   -0.3880150020122528
  ],
  "euler_order": "XYZ",
  "rotation_matrix": [
   [
    0.9256619215011597,
    0.37835174798965454,
    -4.644697764888406e-05
   ],
   [
    -0.37835171818733215,
    0.9256619215011597,
    0.00018220499623566866
   ],
   [
    0.00011193177488166839,
    -0.0001510869333287701,
    1.0
   ]
  ]
 },
 {
  "rotation_euler": [
   -0.00014924025163054466,
   -0.00011406177509343252,
   -2.875547170639038
  ],
  "euler_order": "XYZ",
  "rotation_matrix": [
   [
    -0.9648181200027466,
    0.262918084859848,
    0.00014928683231119066
   ],
   [
    -0.2629181146621704,
    -0.9648181200027466,
    -0.00011400079529266804
   ],
   [
    0.00011406177509343252,
    -0.00014924025163054466,
    1.0
   ]
  ]
 },
 {
  "rotation_euler": [
   -0.0001497841440141201,
   -0.00011183182505192235,
   -0.5010164976119995
  ],
  "euler_order": "XYZ",
  "rotation_matrix": [
   [
    0.8770947456359863,
    0.4803173542022705,
    -2.6143185095861554e-05
   ],
   [
    -0.4803173542022705,
    0.8770947456359863,
    0.00018508965149521828
   ],
   [
    0.00011183182505192235,
    -0.0001497841440141201,
    1.0
   ]
  ]
 },
 {
  "rotation_euler": [
   -0.0001455857855034992,
   -0.00011698171874741092,
   -0.8425087332725525
  ],
  "euler_order": "XYZ",
  "rotation_matrix": [
   [
    0.665592610836029,
    0.7463152408599854,
    3.079072484979406e-05
   ],
   [
    -0.7463152408599854,
    0.665592610836029,
    0.00018420605920255184
   ],
   [
    0.00011698171874741092,
    -0.0001455857855034992,
    1.0
   ]
  ]
 },
 {
  "rotation_euler": [
   -1.2652806043624878,
   0.02164221554994583,
   -1.9827786684036255
  ],
  "euler_order": "XYZ",
  "rotation_matrix": [
   [
    -0.40033280849456787,
    0.28388217091560364,
    0.8712890148162842
   ],
   [
    -0.9161142706871033,
    -0.1015307754278183,
    -0.3878481388092041
   ],
   [
    -0.02164052613079548,
    -0.9534686207771301,
    0.3007146120071411
   ]
  ]
 }
]