[
 {
  "rotation_euler": [
   -0.016467612236738205,
   6.4861583268793765e-06,
   -1.6865100860595703
  ],
  "euler_order": "XYZ",
  "rotation_matrix": [
   [
    -0.11545570194721222,
    0.9931779503822327,
    0.016355998814105988
   ],
   [
    -0.993312656879425,
    -0.11543994396924973,
    -0.0019076357129961252
   ],
   [
    -6.4861583268793765e-06,
    -0.016466867178678513,
    0.999864399433136
   ]
  ]
 },
 {
  "rotation_euler": [
   0.29992231726646423,
   -1.3794265985488892,
   -2.090322256088257
  ],
  "euler_order": "XYZ",
  "rotation_matrix": [
   [
    -0.09443022310733795,
    0.9733061790466309,
    0.20918413996696472
   ],
   [
    -0.16510729491710663,
    -0.22252459824085236,
    0.9608446359634399
   ],
   [
    0.981744647026062,
    0.05619494989514351,
    0.18171299993991852
   ]
  ]
 },
 {
  "rotation_euler": [
   0.29992178082466125,
   1.3794267177581787,
   -1.026535153388977
  ],
  "euler_order": "XYZ",
  "rotation_matrix": [
   [
    0.0984848290681839,
    0.9675046801567078,
    0.2328849881887436
   ],
   [
    -0.1627211719751358,
    0.24652954936027527,
    -0.9553768634796143
   ],
   [
    -0.981744647026062,
    0.056194815784692764,
    0.18171291053295135
   ]
  ]
 },
 {
  "rotation_euler": [
   0.3061743974685669,
   -1.3795831203460693,
   1.3040999174118042
  ],
  "euler_order": "XYZ",
  "rotation_matrix": [
   [
    0.05008696764707565,
    -0.9977730512619019,
    0.04404763877391815
   ],
   [
    0.18333125114440918,
    -0.03416850417852402,
    -0.9824572205543518
   ],
   [
    0.9817743897438049,
    0.057283610105514526,
    0.18121159076690674
   ]
  ]
 },
 {
  "rotation_euler": [
   0.30590319633483887,
   -1.3796058893203735,
   2.27636981010437
  ],
  "euler_order": "XYZ",
  "rotation_matrix": [
   [
    -0.12322740256786346,
    -0.5341680645942688,
    0.8363488912582397
   ],
   [
    0.144656702876091,
    -0.8434390425682068,
    -0.517382800579071
   ],
   [
    0.9817787408828735,
    0.0572277307510376,
    0.18120579421520233
   ]
  ]
 },
 {
  "rotation_euler": [
   0.3531152009963989,
   -1.3805054426193237,
   -0.1278301626443863
  ],
  "euler_order": "XYZ",
  "rotation_matrix": [
   [
    0.18760128319263458,
    -0.21719278395175934,
    -0.957931637763977
   ],
   [
    -0.024112582206726074,
    0.9739347100257874,
    -0.22554337978363037
   ],
   [
    0.9819492697715759,
    0.06541043519973755,
    0.17747430503368378
   ]
  ]
 },
 {
  "rotation_euler": [
   0.29920291900634766,
   1.379401445388794,
   -1.3970283269882202
  ],
  "euler_order": "XYZ",
  "rotation_matrix": [
   [
    0.03288952261209488,
    0.991212785243988,
    -0.12812307476997375
   ],
   [
    -0.18736369907855988,
    -0.11980496346950531,
    -0.9749572277069092
   ],
   [
    -0.9817398190498352,
    0.05607149004936218,
    0.1817769706249237
   ]
  ]
 },
 {
  "rotation_euler": [
   -0.016466600820422173,
   1.028740643960191e-05,
   2.2738265991210938
  ],
  "euler_order": "XYZ",
  "rotation_matrix": [
   [
    -0.646532416343689,
    -0.7627829909324646,
    -0.012568230740725994
   ],
   [
    0.7628865242004395,
    -0.6464448571205139,
    -0.010637862607836723
   ],
   [
    -1.028740643960191e-05,
    -0.01646585576236248,
    0.999864399433136
   ]
  ]
 },
 {
  "rotation_euler": [
   0.2999226748943329,
   -1.3794265985488892,
   -2.0799388885498047
  ],
  "euler_order": "XYZ",
  "rotation_matrix": [
   [
    -0.09271080046892166,
    0.9755643010139465,
    0.19919589161872864
   ],
   [
    -0.16607888042926788,
    -0.2124062478542328,
    0.9629648923873901
   ],
   [
    0.981744647026062,
    0.05619501322507858,
    0.18171297013759613
   ]
  ]
 },
 {
  "rotation_euler": [
   -0.013798306696116924,
   0.0397687666118145,
   2.243082046508789
  ],
  "euler_order": "XYZ",
  "rotation_matrix": [
   [
    -0.6222835183143616,
    -0.7819840908050537,
    -0.03555360063910484
   ],
   [
    0.7817816138267517,
    -0.6231458783149719,
    0.022510947659611702
   ],
   [
    -0.03975828364491463,
    -0.01378695946186781,
    0.9991142153739929
   ]
  ]
 },
 {
  "rotation_euler": [
   0.37097272276878357,
   1.3810912370681763,
   -1.7729506492614746
  ],
  "euler_order": "XYZ",
  "rotation_matrix": [
   [
    -0.03786098584532738,
    0.8415152430534363,
    -0.5389050841331482
   ],
   [
    -0.18472932279109955,
    -0.5358908176422119,
    -0.8238301277160645
   ],
   [
    -0.982059895992279,
    0.06836054474115372,
    0.17574188113212585
   ]
  ]
 },
 {
  "rotation_euler": [
   0.2999226450920105,
   1.3794265985488892,
   1.240768551826477
  ],
  "euler_order": "XYZ",
  "rotation_matrix": [
   [
    0.0616392120718956,
    -0.8098045587539673,
    0.5834527611732483
   ],
   [
    0.1799391359090805,
    0.5840022563934326,
    0.7915574908256531
   ],
   [
    -0.981744647026062,
    0.056195009499788284,
    0.18171297013759613
   ]
  ]
 },
 {
  "rotation_euler": [
   0.33522236347198486,
   -1.3802025318145752,
   -1.43015718460083
  ],
  "euler_order": "XYZ",
  "rotation_matrix": [
   [
    0.02655521221458912,
    0.8897334337234497,
    -0.4557073712348938
   ],
   [
    -0.18757154047489166,
    0.4522060453891754,
    0.871967077255249
   ],
   [
    0.981891930103302,
    0.0623224601149559,
    0.17889709770679474
   ]
  ]
 },
 {
  "rotation_euler": [
   -0.016465235501527786,
   1.1970597370236646e-05,
   -0.030768828466534615
  ],
  "euler_order": "XYZ",
  "rotation_matrix": [
   [
    0.9995266795158386,
    0.030759606510400772,
    0.0005184764740988612
   ],
   [
    -0.03076397441327572,
    0.9993911981582642,
    0.016456330195069313
   ],
   [
    -1.1970597370236646e-05,
    -0.016464492306113243,
    0.9998644590377808
   ]
  ]
 },
 {
  "rotation_euler": [
   0.2999214231967926,
   -1.3794265985488892,
   -1.8683243989944458
  ],
  "euler_order": "XYZ",
  "rotation_matrix": [
   [
    -0.055759724229574203,
    0.998416006565094,
    -0.007506151217967272
   ],
   [
    -0.18184702098369598,
    -0.0027631453704088926,
    0.9833229780197144
   ],
   [
    0.981744647026062,
    0.05619478598237038,
    0.1817130446434021
   ]
  ]
 },
 {
  "rotation_euler": [
   0.2999224066734314,
   1.3794265985488892,
   2.1890623569488525
  ],
  "euler_order": "XYZ",
  "rotation_matrix": [
   [
    -0.11024650186300278,
    -0.946628987789154,
    -0.302884966135025
   ],
   [
    0.1549941748380661,
    -0.3173888921737671,
    0.9355431795120239
   ],
   [
    -0.981744647026062,
    0.0561949647963047,
    0.18171298503875732
   ]
  ]
 }
]