[
 {
  "rotation_euler": [
   0.006265209522098303,
   -9.60428315011086e-06,
   1.324096441268921
  ],
  "euler_order": "XYZ",
  "rotation_matrix": [
   [
    0.24420510232448578,
    -0.9697045683860779,
    0.00607313634827733
   ],
   [
    0.9697235822677612,
    0.24420024454593658,
    -0.0015392993809655309
   ],
   [
    9.60428315011086e-06,
    0.00626516854390502,
    0.9999803900718689
   ]
  ]
 },
 {
  "rotation_euler": [
   0.006357833743095398,
   8.799434791928462e-11,
   1.2509299516677856
  ],
  "euler_order": "XYZ",
  "rotation_matrix": [
   [
    0.31443971395492554,
    -0.9492582678794861,
    0.006035307422280312
   ],
   [
    0.9492774605751038,
    0.31443336606025696,
    -0.0019991418812423944
   ],
   [
    -8.799434791928462e-11,
    0.006357790902256966,
    0.9999797940254211
   ]
  ]
 },
 {
  "rotation_euler": [
   0.006358561106026173,
   1.5521576912647106e-08,
   1.9893420934677124
  ],
  "euler_order": "XYZ",
  "rotation_matrix": [
   [
    -0.406432181596756,
    -0.9136624932289124,
    0.005809650756418705
   ],
   [
    0.9136809706687927,
    -0.406423956155777,
    0.002584320493042469
   ],
   [
    -1.5521576912647106e-08,
    0.00635851826518774,
    0.9999797940254211
   ]
  ]
 },
 {
  "rotation_euler": [
   0.00635783514007926,
   -1.8755832442707288e-09,
   -2.4277470111846924
  ],
  "euler_order": "XYZ",
  "rotation_matrix": [
   [
    -0.7558495402336121,
    0.6547321081161499,
    -0.004162733443081379
   ],
   [
    -0.65474534034729,
    -0.7558342814445496,
    0.004805535543709993
   ],
   [
    1.8755832442707288e-09,
    0.0063577922992408276,
    0.9999797940254211
   ]
  ]
 },
 {
  "rotation_euler": [
   0.006358061917126179,
   4.1966535802018257e-10,
   -0.9163234829902649
  ],
  "euler_order": "XYZ",
  "rotation_matrix": [
   [
    0.6087411046028137,
    0.7933529019355774,
    -0.005044254474341869
   ],
   [
    -0.793368935585022,
    0.6087287664413452,
    -0.0038703877944499254
   ],
   [
    -4.1966535802018257e-10,
    0.006358019076287746,
    0.9999797940254211
   ]
  ]
 },
 {
  "rotation_euler": [
   0.0063578286208212376,
   -9.20693423722696e-08,
   1.0082696676254272
  ],
  "euler_order": "XYZ",
  "rotation_matrix": [
   [
    0.5333251953125,
    -0.8458932042121887,
    0.005378067493438721
   ],
   [
    0.8459103107452393,
    0.5333144664764404,
    -0.003390845376998186
   ],
   [
    9.20693423722696e-08,
    0.006357785779982805,
    0.9999797940254211
   ]
  ]
 },
 {
  "rotation_euler": [
   0.006357833743095398,
   1.879983724251133e-09,
   -2.1824116706848145
  ],
  "euler_order": "XYZ",
  "rotation_matrix": [
   [
    -0.5741907358169556,
    0.8187050223350525,
    -0.005205261521041393
   ],
   [
    -0.8187215924263,
    -0.5741791129112244,
    0.003650583093985915
   ],
   [
    -1.879983724251133e-09,
    0.006357790902256966,
    0.9999797940254211
   ]
  ]
 },
 {
  "rotation_euler": [
   0.006370461545884609,
   -1.7830496190640588e-08,
   -0.19485288858413696
  ],
  "euler_order": "XYZ",
  "rotation_matrix": [
   [
    0.981076180934906,
    0.1936182826757431,
    -0.0012334720231592655
   ],
   [
    -0.19362221658229828,
    0.981056272983551,
    -0.006249862257391214
   ],
   [
    1.7830496190640588e-08,
    0.00637041823938489,
    0.9999797344207764
   ]
  ]
 },
 {
  "rotation_euler": [
   0.006358452141284943,
   -1.1974954361448908e-07,
   0.8082801699638367
  ],
  "euler_order": "XYZ",
  "rotation_matrix": [
   [
    0.690743088722229,
    -0.7230856418609619,
    0.00459768483415246
   ],
   [
    0.7231003046035767,
    0.6907290816307068,
    -0.004392113536596298
   ],
   [
    1.1974954361448908e-07,
    0.00635840930044651,
    0.9999797940254211
   ]
  ]
 },
 {
  "rotation_euler": [
   0.006357833277434111,
   1.7748459646416137e-10,
   -2.7407917976379395
  ],
  "euler_order": "XYZ",
  "rotation_matrix": [
   [
    -0.9207488298416138,
    0.39014795422554016,
    -0.002480529248714447
   ],
   [
    -0.3901558518409729,
    -0.9207302331924438,
    0.005853928159922361
   ],
   [
    -1.7748459646416137e-10,
    0.006357790436595678,
    0.9999797940254211
   ]
  ]
 },
 {
  "rotation_euler": [
   0.0063566481694579124,
   6.99209806498402e-07,
   -2.634645938873291
  ],
  "euler_order": "XYZ",
  "rotation_matrix": [
   [
    -0.8742309808731079,
    0.48550042510032654,
    -0.0030868081375956535
   ],
   [
    -0.4855102300643921,
    -0.8742133378982544,
    0.005556801799684763
   ],
   [
    -6.99209806498402e-07,
    0.00635660532861948,
    0.9999797940254211
   ]
  ]
 },
 {
  "rotation_euler": [
   0.006357832811772823,
   -3.597269981892026e-10,
   -2.695040702819824
  ],
  "euler_order": "XYZ",
  "rotation_matrix": [
   [
    -0.9019415378570557,
    0.4318494498729706,
    -0.002745663281530142
   ],
   [
    -0.4318581819534302,
    -0.9019232988357544,
    0.005734355188906193
   ],
   [
    3.597269981892026e-10,
    0.006357789970934391,
    0.9999797940254211
   ]
  ]
 },
 {
  "rotation_euler": [
   0.006357833743095398,
   3.0343919044106826e-10,
   -2.663668155670166
  ],
  "euler_order": "XYZ",
  "rotation_matrix": [
   [
    -0.8879514336585999,
    0.45992791652679443,
    -0.002924185013398528
   ],
   [
    -0.4599372148513794,
    -0.8879334926605225,
    0.0056454092264175415
   ],
   [
    -3.0343919044106826e-10,
    0.006357790902256966,
    0.9999797940254211
   ]
  ]
 },
 {
  "rotation_euler": [
   0.006357833277434111,
   6.134645569311203e-11,
   -1.9953522682189941
  ],
  "euler_order": "XYZ",
  "rotation_matrix": [
   [
    -0.41191619634628296,
    0.9112033247947693,
    -0.00579335680231452
   ],
   [
    -0.9112217426300049,
    -0.4119078516960144,
    0.002618876751512289
   ],
   [
    -6.134645569311203e-11,
    0.006357790436595678,
    0.9999797940254211
   ]
  ]
 },
 {
  "rotation_euler": [
   0.006357924547046423,
   2.16089235394179e-09,
   -1.5225882530212402
  ],
  "euler_order": "XYZ",
  "rotation_matrix": [
   [
    0.048189401626586914,
    0.998818039894104,
    -0.006350494921207428
   ],
   [
    -0.9988381862640381,
    0.048188429325819016,
    -0.0003063846961595118
   ],
   [
    -2.16089235394179e-09,
    0.006357881706207991,
    0.9999797940254211
   ]
  ]
 },
 {
  "rotation_euler": [
   0.00635830732062459,
   -4.5715042862326527e-10,
   -2.406747341156006
  ],
  "euler_order": "XYZ",
  "rotation_matrix": [
   [
    -0.7419344782829285,
    0.6704588532447815,
    -0.0042630406096577644
   ],
   [
    -0.6704723834991455,
    -0.7419194579124451,
    0.004717416130006313
   ],
   [
    4.5715042862326527e-10,
    0.006358264479786158,
    0.9999797940254211
   ]
  ]
 }
]