[
 {
  "rotation_euler": [
   0.06382253021001816,
   0.10257334262132645,
   0.4799758195877075
  ],
  "euler_order": "XYZ",
  "rotation_matrix": [
   [
    0.8823439478874207,
    -0.45502492785453796,
    0.12008935213088989
   ],
   [
    0.4593307077884674,
    0.8882157206535339,
    -0.009387788362801075
   ],
   [
    -0.10239356756210327,
    0.06344398856163025,
    0.9927186965942383
   ]
  ]
 },
 {
  "rotation_euler": [
   0.06381792575120926,
   0.10257507115602493,
   -2.551669120788574
  ],
  "euler_order": "XYZ",
  "rotation_matrix": [
   [
    -0.8266153931617737,
    0.5497385263442993,
    -0.12039320915937424
   ],
   [
    -0.5533734560012817,
    -0.8329243659973145,
    -0.0038506495766341686
   ],
   [
    -0.10239528864622116,
    0.06343940645456314,
    0.9927188158035278
   ]
  ]
 },
 {
  "rotation_euler": [
   0.06382255256175995,
   0.10257335007190704,
   -2.8076772689819336
  ],
  "euler_order": "XYZ",
  "rotation_matrix": [
   [
    -0.9398006200790405,
    0.32090750336647034,
    -0.11744435131549835
   ],
   [
    -0.32602202892303467,
    -0.944983184337616,
    0.0267658494412899
   ],
   [
    -0.10239357501268387,
    0.06344401091337204,
    0.9927186965942383
   ]
  ]
 },
 {
  "rotation_euler": [
   0.06382197886705399,
   0.1025737076997757,
   2.582261800765991
  ],
  "euler_order": "XYZ",
  "rotation_matrix": [
   [
    -0.8431552648544312,
    -0.5350741744041443,
    -0.05277128145098686
   ],
   [
    0.527830183506012,
    -0.842419445514679,
    0.10828101634979248
   ],
   [
    -0.10239393264055252,
    0.06344343721866608,
    0.9927186965942383
   ]
  ]
 },
 {
  "rotation_euler": [
   0.0638219341635704,
   0.10257347673177719,
   -1.2817494869232178
  ],
  "euler_order": "XYZ",
  "rotation_matrix": [
   [
    0.2835405468940735,
    0.9584259986877441,
    -0.032006073743104935
   ],
   [
    -0.9534779787063599,
    0.27819880843162537,
    -0.11612556129693985
   ],
   [
    -0.10239370167255402,
    0.0634433925151825,
    0.9927186965942383
   ]
  ]
 },
 {
  "rotation_euler": [
   0.06382311880588531,
   0.10257323831319809,
   -2.4897327423095703
  ],
  "euler_order": "XYZ",
  "rotation_matrix": [
   [
    -0.7907785177230835,
    0.6002392768859863,
    -0.11992569267749786
   ],
   [
    -0.6034773588180542,
    -0.7973002195358276,
    -0.011289974674582481
   ],
   [
    -0.10239346325397491,
    0.06344456970691681,
    0.9927186965942383
   ]
  ]
 },
 {
  "rotation_euler": [
   0.06382259726524353,
   0.10257331281900406,
   1.1100544929504395
  ],
  "euler_order": "XYZ",
  "rotation_matrix": [
   [
    0.4422758221626282,
    -0.8909956812858582,
    0.1025613397359848
   ],
   [
    0.8910149931907654,
    0.4495570957660675,
    0.06317242980003357
   ],
   [
    -0.10239353775978088,
    0.06344404816627502,
    0.9927186965942383
   ]
  ]
 },
 {
  "rotation_euler": [
   0.0638180747628212,
   0.10257288068532944,
   -2.298520088195801
  ],
  "euler_order": "XYZ",
  "rotation_matrix": [
   [
    -0.6616755723953247,
    0.7408267855644226,
    -0.11559035629034042
   ],
   [
    -0.7427658438682556,
    -0.6686936020851135,
    -0.03387914597988129
   ],
   [
    -0.10239311307668686,
    0.06343956291675568,
    0.9927190542221069
   ]
  ]
 },
 {
  "rotation_euler": [
   0.06382250785827637,
   0.10257343202829361,
   -2.4819576740264893
  ],
  "euler_order": "XYZ",
  "rotation_matrix": [
   [
    -0.7860625982284546,
    0.6064201593399048,
    -0.11983407288789749
   ],
   [
    -0.6096073985099792,
    -0.7926092743873596,
    -0.012222656980156898
   ],
   [
    -0.10239365696907043,
    0.06344395875930786,
    0.9927186965942383
   ]
  ]
 },
 {
  "rotation_euler": [
   0.06382186710834503,
   0.10257347673177719,
   0.693711519241333
  ],
  "euler_order": "XYZ",
  "rotation_matrix": [
   [
    0.7648369073867798,
    -0.6330723762512207,
    0.1193477064371109
   ],
   [
    0.6360346078872681,
    0.7714883685112,
    0.016298823058605194
   ],
   [
    -0.10239370167255402,
    0.06344332545995712,
    0.9927187561988831
   ]
  ]
 },
 {
  "rotation_euler": [
   0.06382240355014801,
   0.10257340222597122,
   0.7558797597885132
  ],
  "euler_order": "XYZ",
  "rotation_matrix": [
   [
    0.7238436937332153,
    -0.6797804832458496,
    0.11810483783483505
   ],
   [
    0.6823238134384155,
    0.7306663990020752,
    0.023681752383708954
   ],
   [
    -0.10239362716674805,
    0.0634438619017601,
    0.9927186965942383
   ]
  ]
 },
 {
  "rotation_euler": [
   0.06382156908512115,
   0.10257358103990555,
   2.7855851650238037
  ],
  "euler_order": "XYZ",
  "rotation_matrix": [
   [
    -0.9323693513870239,
    -0.3539462685585022,
    -0.07354895025491714
   ],
   [
    0.3467029333114624,
    -0.9331114888191223,
    0.09539423882961273
   ],
   [
    -0.10239380598068237,
    0.06344302743673325,
    0.9927187561988831
   ]
  ]
 },
 {
  "rotation_euler": [
   0.06382250040769577,
   0.10257312655448914,
   -0.01643962971866131
  ],
  "euler_order": "XYZ",
  "rotation_matrix": [
   [
    0.9946095943450928,
    0.02293510176241398,
    0.10112261772155762
   ],
   [
    -0.016352485865354538,
    0.9977218508720398,
    -0.06545037031173706
   ],
   [
    -0.10239335149526596,
    0.06344395875930786,
    0.9927186965942383
   ]
  ]
 },
 {
  "rotation_euler": [
   0.06381899863481522,
   0.1025734469294548,
   -0.9497447609901428
  ],
  "euler_order": "XYZ",
  "rotation_matrix": [
   [
    0.5788322687149048,
    0.8154112696647644,
    0.007593969814479351
   ],
   [
    -0.8089924454689026,
    0.5753952860832214,
    -0.12021435052156448
   ],
   [
    -0.10239367187023163,
    0.0634404793381691,
    0.9927189350128174
   ]
  ]
 },
 {
  "rotation_euler": [
   0.01492213923484087,
   0.11609206348657608,
   -1.4721637964248657
  ],
  "euler_order": "XYZ",
  "rotation_matrix": [
   [
    0.09780985116958618,
    0.9951991438865662,
    -0.0034440967720001936
   ],
   [
    -0.9884413480758667,
    0.09674173593521118,
    -0.11672503501176834
   ],
   [
    -0.11583147197961807,
    0.014821146614849567,
    0.9931582808494568
   ]
  ]
 },
 {
  "rotation_euler": [
   0.06382466852664948,
   0.10257246345281601,
   0.45283424854278564
  ],
  "euler_order": "XYZ",
  "rotation_matrix": [
   [
    0.8944844603538513,
    -0.43075254559516907,
    0.11979048699140549
   ],
   [
    0.4352163076400757,
    0.9002370834350586,
    -0.012645651586353779
   ],
   [
    -0.10239269584417343,
    0.06344611197710037,
    0.9927186369895935
   ]
  ]
 }
]