[
 {
  "rotation_euler": [
   -0.5064534544944763,
   -9.882269660010934e-05,
   -0.3005733788013458
  ],
  "euler_order": "XYZ",
  "rotation_matrix": [
   [
    0.9551668763160706,
    0.258948415517807,
    0.14353378117084503
   ],
   [
    -0.2960679233074188,
    0.8352509140968323,
    0.46335694193840027
   ],
   [
    9.882269660010934e-05,
    -0.48507896065711975,
    0.8744703531265259
   ]
  ]
 },
 {
  "rotation_euler": [
   -0.5064534544944763,
   -9.882998710963875e-05,
   -0.9344360828399658
  ],
  "euler_order": "XYZ",
  "rotation_matrix": [
   [
    0.5942720770835876,
    0.7033336162567139,
    0.39008021354675293
   ],
   [
    -0.8042640686035156,
    0.5196347236633301,
    0.2883383631706238
   ],
   [
    9.882998710963875e-05,
    -0.48507896065711975,
    0.8744703531265259
   ]
  ]
 },
 {
  "rotation_euler": [
   -0.514197587966919,
   -9.840886923484504e-05,
   0.9367868900299072
  ],
  "euler_order": "XYZ",
  "rotation_matrix": [
   [
    0.5923797488212585,
    -0.7014485597610474,
    -0.39630308747291565
   ],
   [
    0.8056588768959045,
    0.5158167481422424,
    0.29128485918045044
   ],
   [
    9.840886923484504e-05,
    -0.4918363690376282,
    0.8706876635551453
   ]
  ]
 },
 {
  "rotation_euler": [
   -0.00021057247067801654,
   3.256816683006036e-08,
   1.5609270334243774
  ],
  "euler_order": "XYZ",
  "rotation_matrix": [
   [
    0.009869133122265339,
    -0.9999513030052185,
    -0.00021056189143564552
   ],
   [
    0.9999513030052185,
    0.009869133122265339,
    2.110734385496471e-06
   ],
   [
    -3.256816683006036e-08,
    -0.00021057247067801654,
    1.0
   ]
  ]
 },
 {
  "rotation_euler": [
   -0.504180908203125,
   -5.036713446315844e-07,
   1.0371897220611572
  ],
  "euler_order": "XYZ",
  "rotation_matrix": [
   [
    0.5086418390274048,
    -0.7538469433784485,
    -0.4159305691719055
   ],
   [
    0.8609781861305237,
    0.4453519880771637,
    0.24571962654590607
   ],
   [
    5.036713446315844e-07,
    -0.48309043049812317,
    0.8755704760551453
   ]
  ]
 },
 {
  "rotation_euler": [
   -0.5232596397399902,
   -4.750048447021982e-06,
   0.02689719945192337
  ],
  "euler_order": "XYZ",
  "rotation_matrix": [
   [
    0.9996383190155029,
    -0.023293035104870796,
    -0.013443191535770893
   ],
   [
    0.02689395658671856,
    0.8658816814422607,
    0.49952539801597595
   ],
   [
    4.750048447021982e-06,
    -0.4997062683105469,
    0.8661949038505554
   ]
  ]
 },
 {
  "rotation_euler": [
   -0.5524495840072632,
   -0.0002852328179869801,
   1.9661511182785034
  ],
  "euler_order": "XYZ",
  "rotation_matrix": [
   [
    -0.38513562083244324,
    -0.785634458065033,
    -0.4841994047164917
   ],
   [
    0.9228599667549133,
    -0.3277053236961365,
    -0.2023332417011261
   ],
   [
    0.0002852328179869801,
    -0.5247739553451538,
    0.8512415885925293
   ]
  ]
 },
 {
  "rotation_euler": [
   -0.5394460558891296,
   -0.0016183005645871162,
   0.29955053329467773
  ],
  "euler_order": "XYZ",
  "rotation_matrix": [
   [
    0.955467939376831,
    -0.2523916959762573,
    -0.1529032289981842
   ],
   [
    0.2950904071331024,
    0.8200315237045288,
    0.4903773367404938
   ],
   [
    0.0016182998660951853,
    -0.5136601328849792,
    0.8579922318458557
   ]
  ]
 },
 {
  "rotation_euler": [
   -0.00021046823530923575,
   1.0516632187318464e-07,
   -1.73458993434906
  ],
  "euler_order": "XYZ",
  "rotation_matrix": [
   [
    -0.1630621999502182,
    0.986615777015686,
    0.00020763413340318948
   ],
   [
    -0.986615777015686,
    -0.1630621999502182,
    -3.4423173929098994e-05
   ],
   [
    -1.0516632187318464e-07,
    -0.00021046823530923575,
    1.0
   ]
  ]
 },
 {
  "rotation_euler": [
   -0.5064296722412109,
   -9.901420708047226e-05,
   -0.6036123633384705
  ],
  "euler_order": "XYZ",
  "rotation_matrix": [
   [
    0.8232905268669128,
    0.49641311168670654,
    0.27525752782821655
   ],
   [
    -0.5676202178001404,
    0.7199254035949707,
    0.3993929326534271
   ],
   [
    9.901420708047226e-05,
    -0.48505815863609314,
    0.8744819164276123
   ]
  ]
 },
 {
  "rotation_euler": [
   -0.00021050487703178078,
   -7.884748498554472e-08,
   -1.6999355554580688
  ],
  "euler_order": "XYZ",
  "rotation_matrix": [
   [
    -0.12878058850765228,
    0.9916731119155884,
    0.00020876218331977725
   ],
   [
    -0.9916731119155884,
    -0.12878058850765228,
    -2.7030750061385334e-05
   ],
   [
    7.884748498554472e-08,
    -0.00021050487703178078,
    1.0
   ]
  ]
 },
 {
  "rotation_euler": [
   -0.42446285486221313,
   6.91175728206872e-06,
   3.094665765762329
  ],
  "euler_order": "XYZ",
  "rotation_matrix": [
   [
    -0.9988991618156433,
    -0.04274406284093857,
    -0.01932516321539879
   ],
   [
    0.04690966755151749,
    -0.9102570414543152,
    -0.4113776981830597
   ],
   [
    -6.91175728206872e-06,
    -0.4118313491344452,
    0.9112600684165955
   ]
  ]
 },
 {
  "rotation_euler": [
   -0.5064305663108826,
   -8.609288488514721e-05,
   1.8765475749969482
  ],
  "euler_order": "XYZ",
  "rotation_matrix": [
   [
    -0.3010096549987793,
    -0.8339365124702454,
    -0.46253976225852966
   ],
   [
    0.9536210894584656,
    -0.26318755745887756,
    -0.14607922732830048
   ],
   [
    8.609288488514721e-05,
    -0.4850589334964752,
    0.8744814395904541
   ]
  ]
 },
 {
  "rotation_euler": [
   -0.5064526200294495,
   -9.86238446785137e-05,
   1.7117477655410767
  ],
  "euler_order": "XYZ",
  "rotation_matrix": [
   [
    -0.14048518240451813,
    -0.8658051490783691,
    -0.48025548458099365
   ],
   [
    0.9900828003883362,
    -0.12280281633138657,
    -0.06823169440031052
   ],
   [
    9.86238446785137e-05,
    -0.48507821559906006,
    0.8744707703590393
   ]
  ]
 },
 {
  "rotation_euler": [
   -0.5059007406234741,
   -4.532226327569333e-08,
   -0.56922447681427
  ],
  "euler_order": "XYZ",
  "rotation_matrix": [
   [
    0.8423191905021667,
    0.4714655876159668,
    0.26118677854537964
   ],
   [
    -0.5389789938926697,
    0.7368088960647583,
    0.4081841707229614
   ],
   [
    4.532226327569333e-08,
    -0.48459553718566895,
    0.874738335609436
   ]
  ]
 },
 {
  "rotation_euler": [
   -0.5086517930030823,
   3.3953975275835546e-07,
   -0.5533781051635742
  ],
  "euler_order": "XYZ",
  "rotation_matrix": [
   [
    0.8507539629936218,
    0.45902857184410095,
    0.25595009326934814
   ],
   [
    -0.5255641341209412,
    0.743050217628479,
    0.41431716084480286
   ],
   [
    -3.3953975275835546e-07,
    -0.48700016736984253,
    0.8734018802642822
   ]
  ]
 }
]