[
 {
  "rotation_euler": [
   1.509940266609192,
   -0.08200462907552719,
   0.19747793674468994
  ],
  "euler_order": "XYZ",
  "rotation_matrix": [
   [
    0.9772693514823914,
    -0.09210444986820221,
    0.1909487396478653
   ],
   [
    0.19553759694099426,
    0.04359518736600876,
    -0.9797267317771912
   ],
   [
    0.08191274851560593,
    0.9947945475578308,
    0.060614123940467834
   ]
  ]
 },
 {
  "rotation_euler": [
   -1.5444141626358032,
   0.009139575064182281,
   -0.4397737681865692
  ],
  "euler_order": "XYZ",
  "rotation_matrix": [
   [
    0.9048101902008057,
    0.002963568549603224,
    0.4258047640323639
   ],
   [
    -0.42571699619293213,
    0.027758706361055374,
    0.9044305086135864
   ],
   [
    -0.00913944747298956,
    -0.9996102452278137,
    0.026378002017736435
   ]
  ]
 },
 {
  "rotation_euler": [
   -1.593056321144104,
   0.010879144072532654,
   -0.21602290868759155
  ],
  "euler_order": "XYZ",
  "rotation_matrix": [
   [
    0.9766998291015625,
    -0.015394406393170357,
    0.214057058095932
   ],
   [
    -0.21433399617671967,
    -0.0194095391780138,
    0.9765675663948059
   ],
   [
    -0.010878929868340492,
    -0.9996930956840515,
    -0.022256838157773018
   ]
  ]
 },
 {
  "rotation_euler": [
   1.56320321559906,
   -0.07514975219964981,
   -2.8107593059539795
  ],
  "euler_order": "XYZ",
  "rotation_matrix": [
   [
    -0.9431025981903076,
    0.07347206026315689,
    -0.32428276538848877
   ],
   [
    -0.323914498090744,
    0.017206035554409027,
    0.9459298849105835
   ],
   [
    0.0750790387392044,
    0.9971488118171692,
    0.0075716073624789715
   ]
  ]
 },
 {
  "rotation_euler": [
   1.540992021560669,
   0.033367615193128586,
   1.8105946779251099
  ],
  "euler_order": "XYZ",
  "rotation_matrix": [
   [
    -0.23737454414367676,
    -0.03686723858118057,
    0.9707183837890625
   ],
   [
    0.9708451628684998,
    0.025314748287200928,
    0.2383669912815094
   ],
   [
    -0.03336142376065254,
    0.9989994764328003,
    0.029783304780721664
   ]
  ]
 },
 {
  "rotation_euler": [
   -1.5803576707839966,
   -0.038980040699243546,
   -2.4985241889953613
  ],
  "euler_order": "XYZ",
  "rotation_matrix": [
   [
    -0.7996516227722168,
    -0.03691823408007622,
    0.5993282198905945
   ],
   [
    -0.5991983413696289,
    -0.015716103836894035,
    -0.8004463911056519
   ],
   [
    0.03897016867995262,
    -0.9991946816444397,
    -0.009553935378789902
   ]
  ]
 },
 {
  "rotation_euler": [
   -1.6152799129486084,
   -0.03893842548131943,
   1.6015210151672363
  ],
  "euler_order": "XYZ",
  "rotation_matrix": [
   [
    -0.03069656901061535,
    0.043253231793642044,
    -0.9985924363136292
   ],
   [
    0.9987704157829285,
    0.040237799286842346,
    -0.02895916998386383
   ],
   [
    0.03892858698964119,
    -0.9982535243034363,
    -0.04443521052598953
   ]
  ]
 },
 {
  "rotation_euler": [
   1.4964429140090942,
   0.06149806082248688,
   -3.022548198699951
  ],
  "euler_order": "XYZ",
  "rotation_matrix": [
   [
    -0.9910455346107483,
    -0.05203338712453842,
    -0.12296853214502335
   ],
   [
    -0.11853896826505661,
    -0.08103813230991364,
    0.9896369576454163
   ],
   [
    -0.06145930290222168,
    0.9953518509864807,
    0.07414449006319046
   ]
  ]
 },
 {
  "rotation_euler": [
   1.5885409116744995,
   -0.06012953817844391,
   2.6827385425567627
  ],
  "euler_order": "XYZ",
  "rotation_matrix": [
   [
    -0.8949403166770935,
    0.0617278516292572,
    0.44189533591270447
   ],
   [
    0.44212058186531067,
    -0.010704140178859234,
    0.8968917727470398
   ],
   [
    0.06009330973029137,
    0.9980356097221375,
    -0.017711587250232697
   ]
  ]
 },
 {
  "rotation_euler": [
   1.5864317417144775,
   -0.010628562420606613,
   2.757185697555542
  ],
  "euler_order": "XYZ",
  "rotation_matrix": [
   [
    -0.9269686341285706,
    0.015714699402451515,
    0.3748095631599426
   ],
   [
    0.37498825788497925,
    0.010508518666028976,
    0.9269700050354004
   ],
   [
    0.01062836218625307,
    0.9998213052749634,
    -0.015633894130587578
   ]
  ]
 },
 {
  "rotation_euler": [
   1.5214539766311646,
   0.06235293671488762,
   2.397152900695801
  ],
  "euler_order": "XYZ",
  "rotation_matrix": [
   [
    -0.7340383529663086,
    -0.0791919082403183,
    0.674474835395813
   ],
   [
    0.6762431859970093,
    0.005894114263355732,
    0.7366548776626587
   ],
   [
    -0.0623125396668911,
    0.9968419671058655,
    0.04922648146748543
   ]
  ]
 },
 {
  "rotation_euler": [
   1.6019773483276367,
   0.00416292529553175,
   1.9233824014663696
  ],
  "euler_order": "XYZ",
  "rotation_matrix": [
   [
    -0.34532296657562256,
    0.027821248397231102,
    0.9380714297294617
   ],
   [
    0.9384746551513672,
    0.01467079482972622,
    0.3450362980365753
   ],
   [
    -0.00416291318833828,
    0.9995052218437195,
    -0.031175699084997177
   ]
  ]
 },
 {
  "rotation_euler": [
   -1.7262431383132935,
   0.1532604843378067,
   -0.8218200206756592
  ],
  "euler_order": "XYZ",
  "rotation_matrix": [
   [
    0.672908365726471,
    -0.21608123183250427,
    0.70746248960495
   ],
   [
    -0.7238016724586487,
    0.005042512435466051,
    0.6899896264076233
   ],
   [
    -0.15266120433807373,
    -0.9763623476028442,
    -0.15300680696964264
   ]
  ]
 },
 {
  "rotation_euler": [
   -1.031388282775879,
   -0.11860821396112442,
   -0.3408505320549011
  ],
  "euler_order": "XYZ",
  "rotation_matrix": [
   [
    0.935849130153656,
    0.2673881947994232,
    0.2295428216457367
   ],
   [
    -0.3319402039051056,
    0.45013952255249023,
    0.8289692997932434
   ],
   [
    0.11833031475543976,
    -0.8519847393035889,
    0.5100196003913879
   ]
  ]
 },
 {
  "rotation_euler": [
   1.4943246841430664,
   -0.009072767570614815,
   -2.144990921020508
  ],
  "euler_order": "XYZ",
  "rotation_matrix": [
   [
    -0.5431363582611084,
    0.06905881315469742,
    -0.8367997407913208
   ],
   [
    -0.8395954966545105,
    -0.033900368958711624,
    0.5421532988548279
   ],
   [
    0.009072642773389816,
    0.9970364570617676,
    0.0763939842581749
   ]
  ]
 },
 {
  "rotation_euler": [
   -1.6281481981277466,
   -0.031067010015249252,
   -2.18528151512146
  ],
  "euler_order": "XYZ",
  "rotation_matrix": [
   [
    -0.5762597322463989,
    -0.06471381336450577,
    0.8147004246711731
   ],
   [
    -0.8166760802268982,
    0.007709285710006952,
    -0.5770448446273804
   ],
   [
    0.031062012538313866,
    -0.9978740811347961,
    -0.05729277804493904
   ]
  ]
 }
]