[
 {
  "rotation_euler": [
   0.00019654480274766684,
   2.0407474039529916e-06,
   -0.6076492071151733
  ],
  "euler_order": "XYZ",
  "rotation_matrix": [
   [
    0.8209924697875977,
    0.5709390640258789,
    -0.00011053966591134667
   ],
   [
    -0.5709390640258789,
    0.8209924101829529,
    -0.00016252693603746593
   ],
   [
    -2.0407474039529916e-06,
    0.00019654480274766684,
    1.0
   ]
  ]
 },
 {
  "rotation_euler": [
   0.00019670654728543013,
   -2.1226217086223187e-06,
   2.2083468437194824
  ],
  "euler_order": "XYZ",
  "rotation_matrix": [
   [
    -0.595228910446167,
    -0.8035561442375183,
    0.00015932820679154247
   ],
   [
    0.8035561442375183,
    -0.595228910446167,
    0.00011537977843545377
   ],
   [
    2.1226217086223187e-06,
    0.00019670654728543013,
    1.0
   ]
  ]
 },
 {
  "rotation_euler": [
   0.00020034667977597564,
   -1.0633335705279023e-06,
   -1.9048779010772705
  ],
  "euler_order": "XYZ",
  "rotation_matrix": [
   [
    -0.3279016613960266,
    0.9447118639945984,
    -0.00018892121443059295
   ],
   [
    -0.9447118639945984,
    -0.3279016613960266,
    6.669855065410957e-05
   ],
   [
    1.0633335705279023e-06,
    0.00020034667977597564,
    1.0
   ]
  ]
 },
 {
  "rotation_euler": [
   0.00019749636703636497,
   -7.826038768143917e-07,
   0.7678021788597107
  ],
  "euler_order": "XYZ",
  "rotation_matrix": [
   [
    0.719438910484314,
    -0.6945556998252869,
    0.00013660918921232224
   ],
   [
    0.6945556998252869,
    0.719438910484314,
    -0.0001426301314495504
   ],
   [
    7.826038768143917e-07,
    0.00019749636703636497,
    1.0
   ]
  ]
 },
 {
  "rotation_euler": [
   0.00019898638129234314,
   -5.587074838331318e-07,
   1.9875514507293701
  ],
  "euler_order": "XYZ",
  "rotation_matrix": [
   [
    -0.40479543805122375,
    -0.9144072532653809,
    0.0001821807527448982
   ],
   [
    0.9144072532653809,
    -0.40479543805122375,
    8.00378984422423e-05
   ],
   [
    5.587074838331318e-07,
    0.00019898638129234314,
    1.0
   ]
  ]
 },
 {
  "rotation_euler": [
   0.0001989725569728762,
   -1.0097267733044646e-07,
   -0.8305109739303589
  ],
  "euler_order": "XYZ",
  "rotation_matrix": [
   [
    0.6744986176490784,
    0.7382761240005493,
    -0.0001469647977501154
   ],
   [
    -0.7382761240005493,
    0.6744986176490784,
    -0.00013413216220214963
   ],
   [
    1.0097267733044646e-07,
    0.0001989725569728762,
    1.0
   ]
  ]
 },
 {
  "rotation_euler": [
   0.0001967292046174407,
   -1.69844111042039e-06,
   -2.5427165031433105
  ],
  "euler_order": "XYZ",
  "rotation_matrix": [
   [
    -0.8259696960449219,
    0.5637145638465881,
    -0.0001094962572096847
   ],
   [
    -0.5637145638465881,
    -0.8259696364402771,
    0.0001634497893974185
   ],
   [
    1.69844111042039e-06,
    0.0001967292046174407,
    1.0
   ]
  ]
 },
 {
  "rotation_euler": [
   0.00016085040988400578,
   9.402819159731735e-06,
   2.7876479625701904
  ],
  "euler_order": "XYZ",
  "rotation_matrix": [
   [
    -0.9380127787590027,
    -0.34660065174102783,
    4.6930894313845783e-05
   ],
   [
    0.34660065174102783,
    -0.9380127787590027,
    0.0001541387609904632
   ],
   [
    -9.402819159731735e-06,
    0.00016085040988400578,
    1.0
   ]
  ]
 },
 {
  "rotation_euler": [
   0.00019825928029604256,
   1.7792817743611522e-06,
   1.7179152965545654
  ],
  "euler_order": "XYZ",
  "rotation_matrix": [
   [
    -0.14658883213996887,
    -0.9891974925994873,
    0.0001958567590918392
   ],
   [
    0.9891974925994873,
    -0.14658883213996887,
    3.082265902776271e-05
   ],
   [
    -1.7792817743611522e-06,
    0.00019825928029604256,
    1.0
   ]
  ]
 },
 {
  "rotation_euler": [
   0.00020276095892768353,
   -1.8097854308507522e-06,
   0.10424695909023285
  ],
  "euler_order": "XYZ",
  "rotation_matrix": [
   [
    0.9945712089538574,
    -0.10405824333429337,
    1.9298988263471983e-05
   ],
   [
    0.10405824333429337,
    0.9945712089538574,
    -0.0002018485392909497
   ],
   [
    1.8097854308507522e-06,
    0.00020276095892768353,
    1.0
   ]
  ]
 },
 {
  "rotation_euler": [
   0.0001991369790630415,
   -1.3064958181985276e-07,
   0.5043908953666687
  ],
  "euler_order": "XYZ",
  "rotation_matrix": [
   [
    0.8754690289497375,
    -0.48327428102493286,
    9.612339636078104e-05
   ],
   [
    0.48327428102493286,
    0.8754689693450928,
    -0.00017440138617530465
   ],
   [
    1.3064958181985276e-07,
    0.0001991369790630415,
    1.0
   ]
  ]
 },
 {
  "rotation_euler": [
   0.00010220341209787875,
   7.215145160444081e-06,
   -1.938594102859497
  ],
  "euler_order": "XYZ",
  "rotation_matrix": [
   [
    -0.35956135392189026,
    0.9331214427947998,
    -9.796248195925727e-05
   ],
   [
    -0.9331214427947998,
    -0.35956135392189026,
    3.001579170813784e-05
   ],
   [
    -7.215145160444081e-06,
    0.00010220341209787875,
    1.0
   ]
  ]
 },
 {
  "rotation_euler": [
   0.00019434963178355247,
   -1.6879433815120137e-06,
   -3.036313533782959
  ],
  "euler_order": "XYZ",
  "rotation_matrix": [
   [
    -0.9944632649421692,
    0.10508474707603455,
    -1.8744583940133452e-05
   ],
   [
    -0.10508474707603455,
    -0.9944632649421692,
    0.00019345094915479422
   ],
   [
    1.6879433815120137e-06,
    0.00019434963178355247,
    1.0
   ]
  ]
 },
 {
  "rotation_euler": [
   0.0001971622259588912,
   -5.972936492071312e-07,
   -0.24798977375030518
  ],
  "euler_order": "XYZ",
  "rotation_matrix": [
   [
    0.9694077968597412,
    0.24545572698116302,
    -4.897361941402778e-05
   ],
   [
    -0.24545572698116302,
    0.9694077968597412,
    -0.00019098399206995964
   ],
   [
    5.972936492071312e-07,
    0.0001971622259588912,
    1.0
   ]
  ]
 },
 {
  "rotation_euler": [
   0.00020038336515426636,
   2.5958226501643367e-07,
   2.2680156230926514
  ],
  "euler_order": "XYZ",
  "rotation_matrix": [
   [
    -0.6420884132385254,
    -0.7666305899620056,
    0.0001534533512312919
   ],
   [
    0.7666305899620056,
    -0.6420884132385254,
    0.00012886284093838185
   ],
   [
    -2.5958226501643367e-07,
    0.00020038336515426636,
    1.0
   ]
  ]
 },
 {
  "rotation_euler": [
   0.00019685691222548485,
   -2.3569114091515075e-06,
   -2.364354372024536
  ],
  "euler_order": "XYZ",
  "rotation_matrix": [
   [
    -0.7128530740737915,
    0.7013133764266968,
    -0.00013637825031764805
   ],
   [
    -0.7013133764266968,
    -0.7128530740737915,
    0.0001419829932274297
   ],
   [
    2.3569114091515075e-06,
    0.00019685691222548485,
    1.0
   ]
  ]
 }
]