[
 {
  "rotation_euler": [
   -0.6225520372390747,
   1.1589246988296509,
   -0.15365147590637207
  ],
  "euler_order": "XYZ",
  "rotation_matrix": [
   [
    0.3956088423728943,
    -0.4037166237831116,
    0.8249282240867615
   ],
   [
    -0.06126880273222923,
    0.8846024870872498,
    0.4623035192489624
   ],
   [
    -0.9163731932640076,
    -0.23343372344970703,
    0.32522132992744446
   ]
  ]
 },
 {
  "rotation_euler": [
   -0.6759214401245117,
   1.1471977233886719,
   1.5180171728134155
  ],
  "euler_order": "XYZ",
  "rotation_matrix": [
   [
    0.021684465929865837,
    -0.8091316223144531,
    -0.5872272253036499
   ],
   [
    0.41047126054763794,
    -0.528372049331665,
    0.7431933283805847
   ],
   [
    -0.9116156697273254,
    -0.2571556568145752,
    0.3206678032875061
   ]
  ]
 },
 {
  "rotation_euler": [
   -0.7379993796348572,
   -1.1304776668548584,
   -1.7927130460739136
  ],
  "euler_order": "XYZ",
  "rotation_matrix": [
   [
    -0.09381261467933655,
    0.5877136588096619,
    0.8036117553710938
   ],
   [
    -0.4157755374908447,
    -0.756541907787323,
    0.504752516746521
   ],
   [
    0.9046158790588379,
    -0.28676992654800415,
    0.3153301477432251
   ]
  ]
 },
 {
  "rotation_euler": [
   -0.7011255621910095,
   -1.1409684419631958,
   -0.34201863408088684
  ],
  "euler_order": "XYZ",
  "rotation_matrix": [
   [
    0.3925780653953552,
    0.808712363243103,
    -0.4380260407924652
   ],
   [
    -0.13976161181926727,
    0.5231861472129822,
    0.8406800627708435
   ],
   [
    0.9090374708175659,
    -0.2688133120536804,
    0.31841835379600525
   ]
  ]
 },
 {
  "rotation_euler": [
   -0.7380130290985107,
   1.130474328994751,
   1.6890114545822144
  ],
  "euler_order": "XYZ",
  "rotation_matrix": [
   [
    -0.05026964843273163,
    -0.6628603339195251,
    -0.7470536231994629
   ],
   [
    0.423255980014801,
    -0.6916469931602478,
    0.5852169394493103
   ],
   [
    -0.9046144485473633,
    -0.28677627444267273,
    0.315328449010849
   ]
  ]
 },
 {
  "rotation_euler": [
   -0.26401129364967346,
   -1.204364538192749,
   1.8665679693222046
  ],
  "euler_order": "XYZ",
  "rotation_matrix": [
   [
    -0.10443262755870819,
    -0.9944460391998291,
    0.013074767775833607
   ],
   [
    0.34272870421409607,
    -0.048327092081308365,
    -0.9381905794143677
   ],
   [
    0.9336117506027222,
    -0.09349660575389862,
    0.3458721339702606
   ]
  ]
 },
 {
  "rotation_euler": [
   -0.7456961870193481,
   1.1280871629714966,
   -2.47440242767334
  ],
  "euler_order": "XYZ",
  "rotation_matrix": [
   [
    -0.3365267217159271,
    0.936174750328064,
    -0.10162003338336945
   ],
   [
    -0.2650790512561798,
    -0.19772869348526,
    -0.9437353610992432
   ],
   [
    -0.903594434261322,
    -0.29065483808517456,
    0.3147013187408447
   ]
  ]
 },
 {
  "rotation_euler": [
   -0.8312100768089294,
   -1.110821008682251,
   1.9833029508590698
  ],
  "euler_order": "XYZ",
  "rotation_matrix": [
   [
    -0.17797301709651947,
    -0.8828340768814087,
    -0.4346603453159332
   ],
   [
    0.406688928604126,
    0.33623403310775757,
    -0.8494414687156677
   ],
   [
    0.8960634469985962,
    -0.327949196100235,
    0.2991982698440552
   ]
  ]
 },
 {
  "rotation_euler": [
   -0.8643125891685486,
   1.110436201095581,
   -1.163870096206665
  ],
  "euler_order": "XYZ",
  "rotation_matrix": [
   [
    0.17583723366260529,
    0.32643961906433105,
    0.9287186861038208
   ],
   [
    -0.4079923927783966,
    0.8827443718910217,
    -0.2330334186553955
   ],
   [
    -0.8958925604820251,
    -0.3379341959953308,
    0.2884041965007782
   ]
  ]
 },
 {
  "rotation_euler": [
   -0.73801189661026,
   -1.130474328994751,
   2.691282272338867
  ],
  "euler_order": "XYZ",
  "rotation_matrix": [
   [
    -0.38374069333076477,
    -0.8699646592140198,
    0.3096846044063568
   ],
   [
    0.18551480770111084,
    -0.4011496603488922,
    -0.897030234336853
   ],
   [
    0.9046144485473633,
    -0.2867759168148041,
    0.31532877683639526
   ]
  ]
 },
 {
  "rotation_euler": [
   -0.799651026725769,
   -1.1168265342712402,
   2.5172343254089355
  ],
  "euler_order": "XYZ",
  "rotation_matrix": [
   [
    -0.35580164194107056,
    -0.930315375328064,
    0.08898602426052094
   ],
   [
    0.2563583552837372,
    -0.18872056901454926,
    -0.9479793906211853
   ],
   [
    0.8987132906913757,
    -0.31448033452033997,
    0.30564120411872864
   ]
  ]
 },
 {
  "rotation_euler": [
   -0.7380118370056152,
   -1.130474328994751,
   0.6767023205757141
  ],
  "euler_order": "XYZ",
  "rotation_matrix": [
   [
    0.3323074281215668,
    0.0112359169870615,
    -0.9431042075157166
   ],
   [
    0.26691654324531555,
    0.9579318165779114,
    0.10546193271875381
   ],
   [
    0.9046144485473633,
    -0.2867758870124817,
    0.31532880663871765
   ]
  ]
 },
 {
  "rotation_euler": [
   -0.7380138635635376,
   -1.1304736137390137,
   0.5617475509643555
  ],
  "euler_order": "XYZ",
  "rotation_matrix": [
   [
    0.36073052883148193,
    0.12103991955518723,
    -0.9247825741767883
   ],
   [
    0.22703899443149567,
    0.9503201246261597,
    0.2129436433315277
   ],
   [
    0.9046141505241394,
    -0.28677695989608765,
    0.3153286874294281
   ]
  ]
 },
 {
  "rotation_euler": [
   -0.7380161881446838,
   -1.1304728984832764,
   1.4517823457717896
  ],
  "euler_order": "XYZ",
  "rotation_matrix": [
   [
    0.05060790479183197,
    -0.6623052954673767,
    -0.7475229501724243
   ],
   [
    0.42321696877479553,
    0.6921777129173279,
    -0.5846173167228699
   ],
   [
    0.9046138525009155,
    -0.28677815198898315,
    0.3153285086154938
   ]
  ]
 },
 {
  "rotation_euler": [
   -0.7380105257034302,
   1.1304744482040405,
   -1.4089919328689575
  ],
  "euler_order": "XYZ",
  "rotation_matrix": [
   [
    0.06866545975208282,
    0.6320937871932983,
    0.7718435525894165
   ],
   [
    -0.42066332697868347,
    0.7198731303215027,
    -0.5521096587181091
   ],
   [
    -0.9046145081520081,
    -0.2867754101753235,
    0.31532910466194153
   ]
  ]
 },
 {
  "rotation_euler": [
   -0.7133922576904297,
   -0.0014570910716429353,
   -2.778381109237671
  ],
  "euler_order": "XYZ",
  "rotation_matrix": [
   [
    -0.9347596764564514,
    0.26775088906288147,
    0.23352478444576263
   ],
   [
    -0.3552777171134949,
    -0.7071546316146851,
    -0.6113183498382568
   ],
   [
    0.001457090605981648,
    -0.6544018983840942,
    0.7561455368995667
   ]
  ]
 }
]