[
 {
  "rotation_euler": [
   0.011059477925300598,
   -0.08785291016101837,
   1.45375394821167
  ],
  "euler_order": "XYZ",
  "rotation_matrix": [
   [
    0.11632498353719711,
    -0.9932109117507935,
    0.0007383542251773179
   ],
   [
    0.989328145980835,
    0.11580449342727661,
    -0.08842577785253525
   ],
   [
    0.08773994445800781,
    0.01101660169661045,
    0.9960824847221375
   ]
  ]
 },
 {
  "rotation_euler": [
   1.5031439065933228,
   0.02257126197218895,
   0.7117080092430115
  ],
  "euler_order": "XYZ",
  "rotation_matrix": [
   [
    0.7570545673370361,
    -0.027100516483187675,
    0.6527893543243408
   ],
   [
    0.6529617309570312,
    0.06589750945568085,
    -0.7545186877250671
   ],
   [
    -0.02256934531033039,
    0.9974583387374878,
    0.0675836056470871
   ]
  ]
 },
 {
  "rotation_euler": [
   -1.4955127239227295,
   0.16325080394744873,
   -2.6620423793792725
  ],
  "euler_order": "XYZ",
  "rotation_matrix": [
   [
    -0.8754063844680786,
    0.17848718166351318,
    0.4492281675338745
   ],
   [
    -0.4552457928657532,
    0.008045453578233719,
    -0.8903294801712036
   ],
   [
    -0.16252663731575012,
    -0.9839093685150146,
    0.07421249896287918
   ]
  ]
 },
 {
  "rotation_euler": [
   -0.053992148488759995,
   -0.2471267282962799,
   1.9042037725448608
  ],
  "euler_order": "XYZ",
  "rotation_matrix": [
   [
    -0.3173221945762634,
    -0.9478759765625,
    0.0289443489164114
   ],
   [
    0.9162249565124512,
    -0.314313679933548,
    -0.24847279489040375
   ],
   [
    0.2446189969778061,
    -0.052326396107673645,
    0.9682063460350037
   ]
  ]
 },
 {
  "rotation_euler": [
   1.5696015357971191,
   0.048515308648347855,
   1.6511915922164917
  ],
  "euler_order": "XYZ",
  "rotation_matrix": [
   [
    -0.08021419495344162,
    -0.005085601471364498,
    0.9967646598815918
   ],
   [
    0.9955971837043762,
    0.048243653029203415,
    0.08036638796329498
   ],
   [
    -0.04849627986550331,
    0.9988226294517517,
    0.0011933848727494478
   ]
  ]
 },
 {
  "rotation_euler": [
   -1.5402880907058716,
   -0.001199366059154272,
   0.42359957098960876
  ],
  "euler_order": "XYZ",
  "rotation_matrix": [
   [
    0.9116145968437195,
    -0.011445446871221066,
    -0.41088661551475525
   ],
   [
    0.41104423999786377,
    0.028300223872065544,
    0.9111760258674622
   ],
   [
    0.0011993658263236284,
    -0.9995339512825012,
    0.03050348162651062
   ]
  ]
 },
 {
  "rotation_euler": [
   1.7146848440170288,
   0.022216955199837685,
   1.7021979093551636
  ],
  "euler_order": "XYZ",
  "rotation_matrix": [
   [
    -0.13099142909049988,
    0.13927574455738068,
    0.9815515875816345
   ],
   [
    0.9911345839500427,
    0.04058384895324707,
    0.12651173770427704
   ],
   [
    -0.02221512794494629,
    0.9894216656684875,
    -0.14335712790489197
   ]
  ]
 },
 {
  "rotation_euler": [
   -0.018801961094141006,
   0.2794554531574249,
   0.25469258427619934
  ],
  "euler_order": "XYZ",
  "rotation_matrix": [
   [
    0.930198073387146,
    -0.2569219768047333,
    0.2621501088142395
   ],
   [
    0.24217380583286285,
    0.9662631750106812,
    0.08767743408679962
   ],
   [
    -0.27583226561546326,
    -0.01807148940861225,
    0.9610359072685242
   ]
  ]
 },
 {
  "rotation_euler": [
   1.6558482646942139,
   0.054454341530799866,
   -2.573887348175049
  ],
  "euler_order": "XYZ",
  "rotation_matrix": [
   [
    -0.8418872952461243,
    -0.091401107609272,
    -0.5318567752838135
   ],
   [
    -0.5369017124176025,
    0.0424642413854599,
    0.8425754308700562
   ],
   [
    -0.054427433758974075,
    0.994908332824707,
    -0.08482351154088974
   ]
  ]
 },
 {
  "rotation_euler": [
   -3.227596607757732e-05,
   0.1334887593984604,
   2.1780338287353516
  ],
  "euler_order": "XYZ",
  "rotation_matrix": [
   [
    -0.565524697303772,
    -0.8212249875068665,
    -0.07596931606531143
   ],
   [
    0.8139214515686035,
    -0.5706045031547546,
    0.10928093641996384
   ],
   [
    -0.13309267163276672,
    -3.198882768629119e-05,
    0.9911035895347595
   ]
  ]
 },
 {
  "rotation_euler": [
   0.01914428174495697,
   -0.47480127215385437,
   -0.5325925946235657
  ],
  "euler_order": "XYZ",
  "rotation_matrix": [
   [
    0.7661982178688049,
    0.500136137008667,
    -0.40348994731903076
   ],
   [
    -0.4516010284423828,
    0.8657793998718262,
    0.21559813618659973
   ],
   [
    0.45716172456741333,
    0.017025569453835487,
    0.8892205953598022
   ]
  ]
 },
 {
  "rotation_euler": [
   0.03399328514933586,
   0.22369997203350067,
   1.091933012008667
  ],
  "euler_order": "XYZ",
  "rotation_matrix": [
   [
    0.4492897689342499,
    -0.8835325241088867,
    0.13232168555259705
   ],
   [
    0.8654052019119263,
    0.46719595789909363,
    0.18111246824264526
   ],
   [
    -0.22183892130851746,
    0.0331399030983448,
    0.9745200276374817
   ]
  ]
 },
 {
  "rotation_euler": [
   0.012623501010239124,
   -0.190638467669487,
   1.81839120388031
  ],
  "euler_order": "XYZ",
  "rotation_matrix": [
   [
    -0.2406330108642578,
    -0.9688411951065063,
    0.05867236107587814
   ],
   [
    0.9519405961036682,
    -0.2473723292350769,
    -0.1805991679430008
   ],
   [
    0.1894858330488205,
    0.012394477613270283,
    0.9818052053451538
   ]
  ]
 },
 {
  "rotation_euler": [
   0.001481623505242169,
   0.10828355699777603,
   -1.916019320487976
  ],
  "euler_order": "XYZ",
  "rotation_matrix": [
   [
    -0.33642449975013733,
    0.9409447908401489,
    -0.03796645998954773
   ],
   [
    -0.9354886412620544,
    -0.33855682611465454,
    -0.10119431465864182
   ],
   [
    -0.10807207226753235,
    0.0014729452086612582,
    0.9941419959068298
   ]
  ]
 },
 {
  "rotation_euler": [
   -1.6485164165496826,
   -0.04802963510155678,
   -0.6068124771118164
  ],
  "euler_order": "XYZ",
  "rotation_matrix": [
   [
    0.8205225467681885,
    -0.004954749718308449,
    0.5715926885604858
   ],
   [
    -0.5695942640304565,
    -0.09107626974582672,
    0.8168644309043884
   ],
   [
    0.0480111725628376,
    -0.9958316087722778,
    -0.07755233347415924
   ]
  ]
 },
 {
  "rotation_euler": [
   -1.51617431640625,
   -0.08409442007541656,
   2.706385374069214
  ],
  "euler_order": "XYZ",
  "rotation_matrix": [
   [
    -0.9035782217979431,
    -0.0990690216422081,
    -0.41681134700775146
   ],
   [
    0.42010849714279175,
    -0.014146183617413044,
    -0.9073635935783386
   ],
   [
    0.08399533480405807,
    -0.994979977607727,
    0.05440192297101021
   ]
  ]
 }
]