[
 {
  "rotation_euler": [
   -9.715076885186136e-06,
   8.0988829722628e-06,
   1.578964114189148
  ],
  "euler_order": "XYZ",
  "rotation_matrix": [
   [
    -0.008167696185410023,
    -0.9999666213989258,
    -9.780902473721653e-06
   ],
   [
    0.9999666213989258,
    -0.008167697116732597,
    8.019263077585492e-06
   ],
   [
    -8.0988829722628e-06,
    -9.715076885186136e-06,
    1.0
   ]
  ]
 },
 {
  "rotation_euler": [
   -1.3343932550924364e-05,
   -1.6548765415791422e-06,
   -1.70232355594635
  ],
  "euler_order": "XYZ",
  "rotation_matrix": [
   [
    -0.1311483383178711,
    0.9913627505302429,
    1.344571228401037e-05
   ],
   [
    -0.9913627505302429,
    -0.1311483383178711,
    -1.0945154116370759e-07
   ],
   [
    1.6548765415791422e-06,
    -1.3343932550924364e-05,
    1.0
   ]
  ]
 },
 {
  "rotation_euler": [
   -1.6309764760080725e-05,
   -2.003331758260174e-07,
   -2.3379454612731934
  ],
  "euler_order": "XYZ",
  "rotation_matrix": [
   [
    -0.6940857172012329,
    0.7198923230171204,
    1.1880322745128069e-05
   ],
   [
    -0.7198923230171204,
    -0.6940857172012329,
    -1.1176156476722099e-05
   ],
   [
    2.003331758260174e-07,
    -1.6309764760080725e-05,
    1.0
   ]
  ]
 },
 {
  "rotation_euler": [
   -1.2384466572257224e-05,
   4.1051689549931325e-06,
   -1.211172342300415
  ],
  "euler_order": "XYZ",
  "rotation_matrix": [
   [
    0.35192230343818665,
    0.9360291957855225,
    1.3036922609899193e-05
   ],
   [
    -0.9360291957855225,
    0.35192230343818665,
    5.15811848345038e-07
   ],
   [
    -4.1051689549931325e-06,
    -1.2384466572257224e-05,
    1.0
   ]
  ]
 },
 {
  "rotation_euler": [
   -1.3390861568041146e-05,
   -2.0131424207647797e-06,
   -2.2911946773529053
  ],
  "euler_order": "XYZ",
  "rotation_matrix": [
   [
    -0.6596841216087341,
    0.7515429854393005,
    1.1391846783226356e-05
   ],
   [
    -0.7515429854393005,
    -0.6596841216087341,
    -7.320775239350041e-06
   ],
   [
    2.0131424207647797e-06,
    -1.3390861568041146e-05,
    1.0
   ]
  ]
 },
 {
  "rotation_euler": [
   -1.4502530575555284e-05,
   2.8377728769277133e-13,
   2.4658567905426025
  ],
  "euler_order": "XYZ",
  "rotation_matrix": [
   [
    -0.780246913433075,
    -0.6254716515541077,
    -9.070921805687249e-06
   ],
   [
    0.6254716515541077,
    -0.780246913433075,
    -1.1315554729662836e-05
   ],
   [
    -2.8377728769277133e-13,
    -1.4502530575555284e-05,
    1.0
   ]
  ]
 },
 {
  "rotation_euler": [
   0.0225025974214077,
   -0.006262033246457577,
   2.3080263137817383
  ],
  "euler_order": "XYZ",
  "rotation_matrix": [
   [
    -0.67222660779953,
    -0.7400513887405396,
    0.02086651511490345
   ],
   [
    0.740319013595581,
    -0.6721738576889038,
    0.010491074994206429
   ],
   [
    0.006261992268264294,
    0.022500257939100266,
    0.9997272491455078
   ]
  ]
 },
 {
  "rotation_euler": [
   -1.2960582353116479e-05,
   -3.2589039165031863e-06,
   -2.973862886428833
  ],
  "euler_order": "XYZ",
  "rotation_matrix": [
   [
    -0.9859663248062134,
    0.16694441437721252,
    5.376866283768322e-06
   ],
   [
    -0.16694441437721252,
    -0.9859663248062134,
    -1.2234641872055363e-05
   ],
   [
    3.2589039165031863e-06,
    -1.2960582353116479e-05,
    1.0
   ]
  ]
 },
 {
  "rotation_euler": [
   -1.383391281706281e-05,
   -1.4534311958414037e-06,
   -0.29240649938583374
  ],
  "euler_order": "XYZ",
  "rotation_matrix": [
   [
    0.957552969455719,
    0.2882574200630188,
    2.5959905087802326e-06
   ],
   [
    -0.2882574200630188,
    0.957552969455719,
    1.3665666301676538e-05
   ],
   [
    1.4534311958414037e-06,
    -1.383391281706281e-05,
    1.0
   ]
  ]
 },
 {
  "rotation_euler": [
   -1.450252875656588e-05,
   -1.6702739451951443e-12,
   1.0008169412612915
  ],
  "euler_order": "XYZ",
  "rotation_matrix": [
   [
    0.5396146774291992,
    -0.8419120907783508,
    -1.2209855412947945e-05
   ],
   [
    0.8419120907783508,
    0.5396146774291992,
    7.825776265235618e-06
   ],
   [
    1.6702739451951443e-12,
    -1.450252875656588e-05,
    1.0
   ]
  ]
 },
 {
  "rotation_euler": [
   -1.3278288861329202e-05,
   -1.381375454911904e-06,
   1.561788558959961
  ],
  "euler_order": "XYZ",
  "rotation_matrix": [
   [
    0.009007645770907402,
    -0.999959409236908,
    -1.3290193237480707e-05
   ],
   [
    0.999959409236908,
    0.009007645770907402,
    -1.2617132369996398e-06
   ],
   [
    1.381375454911904e-06,
    -1.3278288861329202e-05,
    1.0
   ]
  ]
 },
 {
  "rotation_euler": [
   -1.378913384542102e-05,
   -1.4756695065898384e-07,
   -2.8343160152435303
  ],
  "euler_order": "XYZ",
  "rotation_matrix": [
   [
    -0.95316082239151,
    0.30246394872665405,
    4.3113709580211435e-06
   ],
   [
    -0.30246394872665405,
    -0.95316082239151,
    -1.3098628187435679e-05
   ],
   [
    1.4756695065898384e-07,
    -1.378913384542102e-05,
    1.0
   ]
  ]
 },
 {
  "rotation_euler": [
   -1.4502498743240722e-05,
   2.33565500273869e-10,
   -0.8960831165313721
  ],
  "euler_order": "XYZ",
  "rotation_matrix": [
   [
    0.6246733665466309,
    0.7808861136436462,
    1.1324946171953343e-05
   ],
   [
    -0.7808861136436462,
    0.6246733665466309,
    9.059142939804588e-06
   ],
   [
    -2.33565500273869e-10,
    -1.4502498743240722e-05,
    1.0
   ]
  ]
 },
 {
  "rotation_euler": [
   -1.3514086276700255e-05,
   1.2118923677917337e-06,
   1.098986029624939
  ],
  "euler_order": "XYZ",
  "rotation_matrix": [
   [
    0.4544995427131653,
    -0.8907469511032104,
    -1.1486827133921906e-05
   ],
   [
    0.8907469511032104,
    0.4544995427131653,
    7.2216353146359324e-06
   ],
   [
    -1.2118923677917337e-06,
    -1.3514086276700255e-05,
    1.0
   ]
  ]
 },
 {
  "rotation_euler": [
   0.010979470796883106,
   -0.01546651590615511,
   -1.5330406427383423
  ],
  "euler_order": "XYZ",
  "rotation_matrix": [
   [
    0.03774220123887062,
    0.9992206692695618,
    -0.01155517715960741
   ],
   [
    -0.999167799949646,
    0.03791412338614464,
    0.015039514750242233
   ],
   [
    0.015465899370610714,
    0.010977936908602715,
    0.9998201131820679
   ]
  ]
 },
 {
  "rotation_euler": [
   -1.2726802196993958e-05,
   -3.843616923404625e-06,
   2.024955987930298
  ],
  "euler_order": "XYZ",
  "rotation_matrix": [
   [
    -0.4387073218822479,
    -0.8986300230026245,
    -9.750463505042717e-06
   ],
   [
    0.8986300230026245,
    -0.4387073218822479,
    -9.037330528371967e-06
   ],
   [
    3.843616923404625e-06,
    -1.2726802196993958e-05,
    1.0
   ]
  ]
 }
]