[
 {
  "rotation_euler": [
   2.9265216653584503e-05,
   0.0018361926777288318,
   0.11758313328027725
  ],
  "euler_order": "XYZ",
  "rotation_matrix": [
   [
    0.9930933713912964,
    -0.11731231957674026,
    0.001826946041546762
   ],
   [
    0.11731217801570892,
    0.9930950999259949,
    0.00018634485604707152
   ],
   [
    -0.0018361916299909353,
    2.9265167540870607e-05,
    0.9999983310699463
   ]
  ]
 },
 {
  "rotation_euler": [
   9.617455361876637e-05,
   0.001847006264142692,
   -0.7577802538871765
  ],
  "euler_order": "XYZ",
  "rotation_matrix": [
   [
    0.7263622283935547,
    0.6873109340667725,
    0.001275495276786387
   ],
   [
    -0.6873096227645874,
    0.7263633012771606,
    -0.0013393242843449116
   ],
   [
    -0.0018470052164047956,
    9.617438627174124e-05,
    0.9999982714653015
   ]
  ]
 },
 {
  "rotation_euler": [
   -0.00010428066161694005,
   0.0018422198481857777,
   0.49078497290611267
  ],
  "euler_order": "XYZ",
  "rotation_matrix": [
   [
    0.8819616436958313,
    -0.4713185131549835,
    0.0015756196808069944
   ],
   [
    0.4713175594806671,
    0.8819630742073059,
    0.0009602432255633175
   ],
   [
    -0.0018422188004478812,
    -0.00010428048699395731,
    0.9999982714653015
   ]
  ]
 },
 {
  "rotation_euler": [
   -0.00023476738715544343,
   0.0018229699926450849,
   -0.2164316177368164
  ],
  "euler_order": "XYZ",
  "rotation_matrix": [
   [
    0.9766683578491211,
    0.2147454470396042,
    0.0018308543367311358
   ],
   [
    -0.21474550664424896,
    0.9766700267791748,
    -0.00016218479140661657
   ],
   [
    -0.0018229689449071884,
    -0.00023476699425373226,
    0.9999983310699463
   ]
  ]
 },
 {
  "rotation_euler": [
   0.0004951036535203457,
   0.0019090250134468079,
   2.467278480529785
  ],
  "euler_order": "XYZ",
  "rotation_matrix": [
   [
    -0.7811338901519775,
    -0.6243624091148376,
    -0.001182081992737949
   ],
   [
    0.6243606209754944,
    -0.7811346650123596,
    0.0015786642907187343
   ],
   [
    -0.0019090238492935896,
    0.0004951027221977711,
    0.9999980330467224
   ]
  ]
 },
 {
  "rotation_euler": [
   -0.002074082614853978,
   0.0008843361283652484,
   -1.8770112991333008
  ],
  "euler_order": "XYZ",
  "rotation_matrix": [
   [
    -0.30145174264907837,
    0.9534798860549927,
    0.0017110136104747653
   ],
   [
    -0.9534810185432434,
    -0.3014494478702545,
    -0.0014684316702187061
   ],
   [
    -0.0008843360119499266,
    -0.0020740802865475416,
    0.9999974370002747
   ]
  ]
 },
 {
  "rotation_euler": [
   0.000207830875297077,
   0.0010566703276708722,
   2.561279535293579
  ],
  "euler_order": "XYZ",
  "rotation_matrix": [
   [
    -0.8362905383110046,
    -0.5482860207557678,
    -0.0007697329856455326
   ],
   [
    0.5482855439186096,
    -0.8362908959388733,
    0.0007531643495894969
   ],
   [
    -0.0010566700948402286,
    0.00020783075888175517,
    0.9999994039535522
   ]
  ]
 },
 {
  "rotation_euler": [
   -8.01276764832437e-05,
   0.001845290418714285,
   -0.10919081419706345
  ],
  "euler_order": "XYZ",
  "rotation_matrix": [
   [
    0.9940429329872131,
    0.10897382348775864,
    0.0018430317286401987
   ],
   [
    -0.10897378623485565,
    0.9940446019172668,
    -0.00012143802450736985
   ],
   [
    -0.0018452893709763885,
    -8.012753824004903e-05,
    0.9999982714653015
   ]
  ]
 },
 {
  "rotation_euler": [
   -0.00013362814206629992,
   0.0018395533552393317,
   -0.9260902404785156
  ],
  "euler_order": "XYZ",
  "rotation_matrix": [
   [
    0.6009625196456909,
    0.7992762923240662,
    0.0012123096967115998
   ],
   [
    -0.7992751002311707,
    0.6009637117385864,
    -0.0013900051126256585
   ],
   [
    -0.0018395523075014353,
    -0.00013362790923565626,
    0.9999982714653015
   ]
  ]
 },
 {
  "rotation_euler": [
   0.00011153706873301417,
   0.0018441015854477882,
   2.2454230785369873
  ],
  "euler_order": "XYZ",
  "rotation_matrix": [
   [
    -0.6246048212051392,
    -0.7809402346611023,
    -0.0010647322051227093
   ],
   [
    0.7809388041496277,
    -0.6246057152748108,
    0.001509798807092011
   ],
   [
    -0.0018441005377098918,
    0.0001115368795581162,
    0.9999982714653015
   ]
  ]
 },
 {
  "rotation_euler": [
   0.00034050585236400366,
   0.001797167002223432,
   -0.8245034217834473
  ],
  "euler_order": "XYZ",
  "rotation_matrix": [
   [
    0.678920567035675,
    0.7342110872268677,
    0.000970131775829941
   ],
   [
    -0.7342095375061035,
    0.6789211630821228,
    -0.0015506752533838153
   ],
   [
    -0.0017971660709008574,
    0.000340505299391225,
    0.9999983310699463
   ]
  ]
 },
 {
  "rotation_euler": [
   -2.4816994482534938e-05,
   0.0018386960728093982,
   0.3200274109840393
  ],
  "euler_order": "XYZ",
  "rotation_matrix": [
   [
    0.9492251873016357,
    -0.3145926296710968,
    0.0017375313909724355
   ],
   [
    0.31459203362464905,
    0.9492267966270447,
    0.0006019967840984464
   ],
   [
    -0.0018386950250715017,
    -2.4816952645778656e-05,
    0.9999983310699463
   ]
  ]
 },
 {
  "rotation_euler": [
   -0.0001407806994393468,
   0.0018309646984562278,
   2.5522866249084473
  ],
  "euler_order": "XYZ",
  "rotation_matrix": [
   [
    -0.8313251733779907,
    -0.5557840466499329,
    -0.0016003724886104465
   ],
   [
    0.5557833313941956,
    -0.8313267230987549,
    0.000900586019270122
   ],
   [
    -0.0018309636507183313,
    -0.00014078046660870314,
    0.9999983310699463
   ]
  ]
 },
 {
  "rotation_euler": [
   0.00015277722559403628,
   0.00183862482663244,
   -2.352832317352295
  ],
  "euler_order": "XYZ",
  "rotation_matrix": [
   [
    -0.7047241926193237,
    0.7094799876213074,
    -0.0014041172107681632
   ],
   [
    -0.7094789743423462,
    -0.7047255635261536,
    -0.001196801196783781
   ],
   [
    -0.0018386237788945436,
    0.00015277696365956217,
    0.9999982714653015
   ]
  ]
 },
 {
  "rotation_euler": [
   -0.00015416106907650828,
   0.001836476381868124,
   0.6972473859786987
  ],
  "euler_order": "XYZ",
  "rotation_matrix": [
   [
    0.7666112780570984,
    -0.6421101689338684,
    0.0013088766718283296
   ],
   [
    0.6421088576316833,
    0.7666123509407043,
    0.0012974009150639176
   ],
   [
    -0.0018364753341302276,
    -0.00015416080714203417,
    0.9999983310699463
   ]
  ]
 },
 {
  "rotation_euler": [
   -0.000434957561083138,
   0.0017808928387239575,
   -1.7155874967575073
  ],
  "euler_order": "XYZ",
  "rotation_matrix": [
   [
    -0.14428555965423584,
    0.9895361065864563,
    0.00017344881780445576
   ],
   [
    -0.9895344972610474,
    -0.14428500831127167,
    -0.001825014827772975
   ],
   [
    -0.001780891907401383,
    -0.00043495686259120703,
    0.9999983310699463
   ]
  ]
 }
]