[
 {
  "rotation_euler": [
   1.5678539276123047,
   0.4716504216194153,
   -1.5558981895446777
  ],
  "euler_order": "XYZ",
  "rotation_matrix": [
   [
    0.013271061703562737,
    0.00971086323261261,
    -0.9998647570610046
   ],
   [
    -0.890720784664154,
    -0.454260915517807,
    -0.016234271228313446
   ],
   [
    -0.4543571174144745,
    0.890815794467926,
    0.002621143124997616
   ]
  ]
 },
 {
  "rotation_euler": [
   1.584464430809021,
   -0.7853156328201294,
   2.156041145324707
  ],
  "euler_order": "XYZ",
  "rotation_matrix": [
   [
    -0.3906404674053192,
    0.40193256735801697,
    0.8281607627868652
   ],
   [
    0.5894765257835388,
    -0.581774115562439,
    0.5604073405265808
   ],
   [
    0.7070484161376953,
    0.7070990800857544,
    -0.009665305726230145
   ]
  ]
 },
 {
  "rotation_euler": [
   -1.5737107992172241,
   -0.4408480226993561,
   -2.1028895378112793
  ],
  "euler_order": "XYZ",
  "rotation_matrix": [
   [
    -0.4588317275047302,
    -0.21899518370628357,
    0.8611124157905579
   ],
   [
    -0.7793554663658142,
    -0.36623290181159973,
    -0.5084078311920166
   ],
   [
    0.42670655250549316,
    -0.9043862819671631,
    -0.0026358163449913263
   ]
  ]
 },
 {
  "rotation_euler": [
   -1.4869245290756226,
   -1.6905279159545898,
   0.3952379524707794
  ],
  "euler_order": "XYZ",
  "rotation_matrix": [
   [
    -0.11023705452680588,
    0.8808215856552124,
    -0.4604358375072479
   ],
   [
    -0.04598992317914963,
    0.4582425057888031,
    0.8876366019248962
   ],
   [
    0.9928407073020935,
    0.11902584880590439,
    -0.01000638585537672
   ]
  ]
 },
 {
  "rotation_euler": [
   -1.5690655708312988,
   0.270556777715683,
   0.8227844834327698
  ],
  "euler_order": "XYZ",
  "rotation_matrix": [
   [
    0.6554391980171204,
    -0.18305951356887817,
    -0.7327268719673157
   ],
   [
    0.7063761949539185,
    -0.19474130868911743,
    0.68052077293396
   ],
   [
    -0.26726800203323364,
    -0.9636207818984985,
    0.0016677940730005503
   ]
  ]
 },
 {
  "rotation_euler": [
   -1.5836281776428223,
   -1.0073219537734985,
   -0.13960504531860352
  ],
  "euler_order": "XYZ",
  "rotation_matrix": [
   [
    0.5289301872253418,
    0.8353251218795776,
    0.14988282322883606
   ],
   [
    -0.07432480156421661,
    -0.1303367167711258,
    0.9886800050735474
   ],
   [
    0.8454044461250305,
    -0.5340827107429504,
    -0.006853645667433739
   ]
  ]
 },
 {
  "rotation_euler": [
   -1.5719690322875977,
   2.4937758445739746,
   -0.09583679586648941
  ],
  "euler_order": "XYZ",
  "rotation_matrix": [
   [
    -0.7937439680099487,
    -0.6007896661758423,
    0.09498567134141922
   ],
   [
    0.076303631067276,
    0.056576572358608246,
    0.9954782128334045
   ],
   [
    -0.6034469604492188,
    0.797402560710907,
    0.000935118820052594
   ]
  ]
 },
 {
  "rotation_euler": [
   1.5844683647155762,
   -0.7853670120239258,
   -1.7932652235031128
  ],
  "euler_order": "XYZ",
  "rotation_matrix": [
   [
    -0.15601973235607147,
    0.14266075193881989,
    -0.9773974418640137
   ],
   [
    -0.6897020936012268,
    0.6926111578941345,
    0.21118897199630737
   ],
   [
    0.7070847749710083,
    0.7070627212524414,
    -0.009667590260505676
   ]
  ]
 },
 {
  "rotation_euler": [
   1.5738452672958374,
   -0.4520655572414398,
   -0.5163682699203491
  ],
  "euler_order": "XYZ",
  "rotation_matrix": [
   [
    0.7822620272636414,
    -0.3813740313053131,
    -0.49256467819213867
   ],
   [
    -0.4441288709640503,
    0.21301886439323425,
    -0.8702715039253235
   ],
   [
    0.4368245303630829,
    0.8995425701141357,
    -0.0027426602318882942
   ]
  ]
 },
 {
  "rotation_euler": [
   -1.5571285486221313,
   -2.3562815189361572,
   -0.16568554937839508
  ],
  "euler_order": "XYZ",
  "rotation_matrix": [
   [
    -0.697484016418457,
    0.6995516419410706,
    0.15538202226161957
   ],
   [
    0.11663223057985306,
    -0.10312085598707199,
    0.9878071546554565
   ],
   [
    0.7070452570915222,
    0.7071022391319275,
    -0.009665118530392647
   ]
  ]
 },
 {
  "rotation_euler": [
   1.5682162046432495,
   0.3892827033996582,
   0.654232382774353
  ],
  "euler_order": "XYZ",
  "rotation_matrix": [
   [
    0.7341457009315491,
    0.2995876669883728,
    0.6093252897262573
   ],
   [
    0.5630195140838623,
    0.2330065816640854,
    -0.7929167747497559
   ],
   [
    -0.3795248866081238,
    0.9251784682273865,
    0.0023870787117630243
   ]
  ]
 },
 {
  "rotation_euler": [
   1.5781160593032837,
   0.04036402702331543,
   -1.1827900409698486
  ],
  "euler_order": "XYZ",
  "rotation_matrix": [
   [
    0.3780354857444763,
    0.00849135685712099,
    -0.9257521629333496
   ],
   [
    -0.9249112606048584,
    -0.04012177884578705,
    -0.37806010246276855
   ],
   [
    -0.040353067219257355,
    0.9991587400436401,
    -0.007313705049455166
   ]
  ]
 },
 {
  "rotation_euler": [
   -1.5755856037139893,
   -0.5218434929847717,
   0.28749847412109375
  ],
  "euler_order": "XYZ",
  "rotation_matrix": [
   [
    0.8313207626342773,
    0.47937217354774475,
    -0.2812616527080536
   ],
   [
    0.24581366777420044,
    0.13675156235694885,
    0.9596221446990967
   ],
   [
    0.49847909808158875,
    -0.8668917417526245,
    -0.004151816479861736
   ]
  ]
 },
 {
  "rotation_euler": [
   1.5750471353530884,
   -0.5077009797096252,
   -0.6584879755973816
  ],
  "euler_order": "XYZ",
  "rotation_matrix": [
   [
    0.6911554932594299,
    -0.38711807131767273,
    -0.6102816462516785
   ],
   [
    -0.5347366333007812,
    0.29413291811943054,
    -0.792175829410553
   ],
   [
    0.4861694872379303,
    0.8738566637039185,
    -0.0037146196700632572
   ]
  ]
 },
 {
  "rotation_euler": [
   -1.5571246147155762,
   -2.3563103675842285,
   0.08578260987997055
  ],
  "euler_order": "XYZ",
  "rotation_matrix": [
   [
    -0.7045883536338806,
    0.703187882900238,
    -0.09529983252286911
   ],
   [
    -0.060590118169784546,
    0.07419143617153168,
    0.9954016804695129
   ],
   [
    0.7070248126983643,
    0.7071226239204407,
    -0.009668178856372833
   ]
  ]
 },
 {
  "rotation_euler": [
   1.5571519136428833,
   -2.355989456176758,
   0.30234602093696594
  ],
  "euler_order": "XYZ",
  "rotation_matrix": [
   [
    -0.674894392490387,
    -0.6791710257530212,
    0.288520872592926
   ],
   [
    -0.2105053812265396,
    -0.19754701852798462,
    -0.9574249982833862
   ],
   [
    0.7072517275810242,
    -0.7068960070610046,
    -0.009645779617130756
   ]
  ]
 }
]