[
 {
  "rotation_euler": [
   -1.781440019607544,
   5.519914338947274e-07,
   2.094430923461914
  ],
  "euler_order": "XYZ",
  "rotation_matrix": [
   [
    -0.5000309944152832,
    0.18107326328754425,
    -0.8468656539916992
   ],
   [
    0.8660075068473816,
    0.10455071926116943,
    -0.48897871375083923
   ],
   [
    -5.519914338947274e-07,
    -0.977896511554718,
    -0.20908941328525543
   ]
  ]
 },
 {
  "rotation_euler": [
   1.7942134036275093e-06,
   2.4109382934511814e-07,
   -3.0451607704162598
  ],
  "euler_order": "XYZ",
  "rotation_matrix": [
   [
    -0.9953540563583374,
    0.09628249704837799,
    -4.1272505768574774e-07
   ],
   [
    -0.09628249704837799,
    -0.9953540563583374,
    1.7626645103518968e-06
   ],
   [
    -2.4109382934511814e-07,
    1.7942134036275093e-06,
    1.0
   ]
  ]
 },
 {
  "rotation_euler": [
   -1.5221718549728394,
   -3.1415927410125732,
   -0.04753261059522629
  ],
  "euler_order": "XYZ",
  "rotation_matrix": [
   [
    -0.9988705515861511,
    0.002309380332008004,
    0.04745855927467346
   ],
   [
    0.04751471430063248,
    0.04855041950941086,
    0.997689962387085
   ],
   [
    -8.742277657347586e-08,
    0.998818039894104,
    -0.048605311661958694
   ]
  ]
 },
 {
  "rotation_euler": [
   -1.7814396619796753,
   -7.332119356107114e-09,
   -1.1390104293823242
  ],
  "euler_order": "XYZ",
  "rotation_matrix": [
   [
    0.41849344968795776,
    -0.18989881873130798,
    0.8881450891494751
   ],
   [
    -0.9082198143005371,
    -0.08750241249799728,
    0.40924331545829773
   ],
   [
    7.332119356107114e-09,
    -0.9778966307640076,
    -0.20908905565738678
   ]
  ]
 },
 {
  "rotation_euler": [
   1.6194205284118652,
   -6.30054103112343e-07,
   0.19443388283252716
  ],
  "euler_order": "XYZ",
  "rotation_matrix": [
   [
    0.9811571836471558,
    0.009390417486429214,
    0.1929827779531479
   ],
   [
    0.1932111233472824,
    -0.04768931120634079,
    -0.9799975752830505
   ],
   [
    6.30054103112343e-07,
    0.9988180994987488,
    -0.048605043441057205
   ]
  ]
 },
 {
  "rotation_euler": [
   -1.7814395427703857,
   -6.560912169106814e-08,
   -0.5925111174583435
  ],
  "euler_order": "XYZ",
  "rotation_matrix": [
   [
    0.8295409679412842,
    -0.11676479876041412,
    0.5461023449897766
   ],
   [
    -0.5584458708763123,
    -0.1734478771686554,
    0.8112053275108337
   ],
   [
    6.560912169106814e-08,
    -0.9778966307640076,
    -0.20908893644809723
   ]
  ]
 },
 {
  "rotation_euler": [
   1.6194207668304443,
   -3.846210461233568e-08,
   -0.67314612865448
  ],
  "euler_order": "XYZ",
  "rotation_matrix": [
   [
    0.7818641066551208,
    -0.03030293993651867,
    -0.6227120161056519
   ],
   [
    -0.62344890832901,
    -0.03800269961357117,
    -0.7809399962425232
   ],
   [
    3.846210461233568e-08,
    0.998818039894104,
    -0.04860528185963631
   ]
  ]
 },
 {
  "rotation_euler": [
   1.6194208860397339,
   -2.2563572343869964e-08,
   -0.38678237795829773
  ],
  "euler_order": "XYZ",
  "rotation_matrix": [
   [
    0.926127552986145,
    -0.018334485590457916,
    -0.37676459550857544
   ],
   [
    -0.37721043825149536,
    -0.045014794915914536,
    -0.9250329732894897
   ],
   [
    2.2563572343869964e-08,
    0.998818039894104,
    -0.04860540106892586
   ]
  ]
 },
 {
  "rotation_euler": [
   -1.7814395427703857,
   1.9072514234608207e-08,
   2.751791000366211
  ],
  "euler_order": "XYZ",
  "rotation_matrix": [
   [
    -0.9249844551086426,
    0.07945485413074493,
    -0.3716055750846863
   ],
   [
    0.3800049424171448,
    0.19340401887893677,
    -0.904539167881012
   ],
   [
    -1.9072514234608207e-08,
    -0.9778966307640076,
    -0.20908893644809723
   ]
  ]
 },
 {
  "rotation_euler": [
   -1.7814396619796753,
   2.8377573357829533e-07,
   -0.24618802964687347
  ],
  "euler_order": "XYZ",
  "rotation_matrix": [
   [
    0.9698484539985657,
    -0.050957091152668,
    0.23832185566425323
   ],
   [
    -0.24370869994163513,
    -0.20278464257717133,
    0.9484115242958069
   ],
   [
    -2.8377573357829533e-07,
    -0.9778966307640076,
    -0.20908905565738678
   ]
  ]
 },
 {
  "rotation_euler": [
   -0.01126744132488966,
   -0.00011564725718926638,
   2.119471788406372
  ],
  "euler_order": "XYZ",
  "rotation_matrix": [
   [
    -0.5215575695037842,
    -0.8531625866889954,
    -0.009553045965731144
   ],
   [
    0.8532161116600037,
    -0.5215233564376831,
    -0.005975160747766495
   ],
   [
    0.00011564725718926638,
    -0.011267202906310558,
    0.9999365210533142
   ]
  ]
 },
 {
  "rotation_euler": [
   -1.6901079789022333e-06,
   -1.6159876281562902e-07,
   2.7746927738189697
  ],
  "euler_order": "XYZ",
  "rotation_matrix": [
   [
    -0.9334439039230347,
    -0.35872337222099304,
    -4.554378563170758e-07
   ],
   [
    0.35872337222099304,
    -0.9334439039230347,
    -1.6355902516806964e-06
   ],
   [
    1.6159876281562902e-07,
    -1.6901079789022333e-06,
    1.0
   ]
  ]
 },
 {
  "rotation_euler": [
   1.3601529598236084,
   -3.1415927410125732,
   -0.1495073288679123
  ],
  "euler_order": "XYZ",
  "rotation_matrix": [
   [
    -0.9888445734977722,
    0.03114410862326622,
    -0.14565862715244293
   ],
   [
    0.1489509791135788,
    0.2067566066980362,
    -0.9669877290725708
   ],
   [
    -8.742277657347586e-08,
    -0.9778965711593628,
    -0.20908908545970917
   ]
  ]
 },
 {
  "rotation_euler": [
   -1.3274257071316242e-05,
   -1.5798098047525855e-06,
   -1.7412039041519165
  ],
  "euler_order": "XYZ",
  "rotation_matrix": [
   [
    -0.16958403587341309,
    0.9855157136917114,
    1.3349899745662697e-05
   ],
   [
    -0.9855157136917114,
    -0.16958403587341309,
    -6.941746732991305e-07
   ],
   [
    1.5798098047525855e-06,
    -1.3274257071316242e-05,
    1.0
   ]
  ]
 },
 {
  "rotation_euler": [
   1.360153079032898,
   3.1415927410125732,
   0.20994782447814941
  ],
  "euler_order": "XYZ",
  "rotation_matrix": [
   [
    -0.9780417680740356,
    -0.04357608035206795,
    0.20380231738090515
   ],
   [
    -0.2084088772535324,
    0.20449773967266083,
    -0.9564237594604492
   ],
   [
    8.742277657347586e-08,
    -0.9778966307640076,
    -0.20908896625041962
   ]
  ]
 },
 {
  "rotation_euler": [
   1.4657218798674876e-06,
   -8.759882774711514e-08,
   1.7043925523757935
  ],
  "euler_order": "XYZ",
  "rotation_matrix": [
   [
    -0.13319917023181915,
    -0.9910892844200134,
    1.4643293297922355e-06
   ],
   [
    0.9910892844200134,
    -0.13319917023181915,
    1.0841468878197702e-07
   ],
   [
    8.759882774711514e-08,
    1.4657218798674876e-06,
    1.0
   ]
  ]
 }
]