[
 {
  "rotation_euler": [
   7.544524123659357e-05,
   -0.00012734717165585607,
   1.3426209688186646
  ],
  "euler_order": "XYZ",
  "rotation_matrix": [
   [
    0.22620055079460144,
    -0.9740807414054871,
    4.468375846045092e-05
   ],
   [
    0.9740807414054871,
    0.22620053589344025,
    -0.00014111217751633376
   ],
   [
    0.00012734717165585607,
    7.544524123659357e-05,
    1.0
   ]
  ]
 },
 {
  "rotation_euler": [
   -1.5468668937683105,
   -0.05554504320025444,
   -2.612011194229126
  ],
  "euler_order": "XYZ",
  "rotation_matrix": [
   [
    -0.8616876006126404,
    -0.03581071272492409,
    0.5061739683151245
   ],
   [
    -0.5043931007385254,
    -0.0486869290471077,
    -0.8621004819869995
   ],
   [
    0.05551648512482643,
    -0.9981719255447388,
    0.02389024756848812
   ]
  ]
 },
 {
  "rotation_euler": [
   -0.06637921929359436,
   -0.12244249880313873,
   1.6218048334121704
  ],
  "euler_order": "XYZ",
  "rotation_matrix": [
   [
    -0.05060466751456261,
    -0.996912956237793,
    -0.06003061309456825
   ],
   [
    0.9912223815917969,
    -0.04278324916958809,
    -0.12509123980998993
   ],
   [
    0.12213677912950516,
    -0.06583388894796371,
    0.9903274774551392
   ]
  ]
 },
 {
  "rotation_euler": [
   -1.5210044384002686,
   -1.0756152868270874,
   -0.14748026430606842
  ],
  "euler_order": "XYZ",
  "rotation_matrix": [
   [
    0.4700325131416321,
    0.8765661716461182,
    0.10344657301902771
   ],
   [
    -0.06982751190662384,
    -0.07990416884422302,
    0.9943537712097168
   ],
   [
    0.8798826932907104,
    -0.47460201382637024,
    0.02365087904036045
   ]
  ]
 },
 {
  "rotation_euler": [
   -1.545252799987793,
   -0.40535205602645874,
   -1.8901422023773193
  ],
  "euler_order": "XYZ",
  "rotation_matrix": [
   [
    -0.28850457072257996,
    -0.09951220452785492,
    0.9522932767868042
   ],
   [
    -0.8725017309188843,
    -0.3823010325431824,
    -0.3042805790901184
   ],
   [
    0.394342303276062,
    -0.9186638593673706,
    0.02347102016210556
   ]
  ]
 },
 {
  "rotation_euler": [
   -1.5419297218322754,
   -0.6223316788673401,
   1.0259623527526855
  ],
  "euler_order": "XYZ",
  "rotation_matrix": [
   [
    0.42111045122146606,
    0.2773098051548004,
    -0.8635770082473755
   ],
   [
    0.6948791742324829,
    0.5132817029953003,
    0.5036712884902954
   ],
   [
    0.5829312801361084,
    -0.8121829628944397,
    0.02345147915184498
   ]
  ]
 },
 {
  "rotation_euler": [
   -0.000587492948397994,
   -0.00023994124785531312,
   1.3044121265411377
  ],
  "euler_order": "XYZ",
  "rotation_matrix": [
   [
    0.2632448971271515,
    -0.964728832244873,
    -0.0006299347733147442
   ],
   [
    0.9647290110588074,
    0.26324498653411865,
    -7.682373689021915e-05
   ],
   [
    0.00023994124785531312,
    -0.0005874928901903331,
    0.9999998211860657
   ]
  ]
 },
 {
  "rotation_euler": [
   -4.7539419028908014e-05,
   2.8320737328613177e-05,
   -2.602804660797119
  ],
  "euler_order": "XYZ",
  "rotation_matrix": [
   [
    -0.8583312034606934,
    0.5130960941314697,
    8.371675619400776e-08
   ],
   [
    -0.5130960941314697,
    -0.8583312034606934,
    -5.533582589123398e-05
   ],
   [
    -2.8320737328613177e-05,
    -4.7539419028908014e-05,
    1.0
   ]
  ]
 },
 {
  "rotation_euler": [
   -1.602669596672058,
   2.4108176231384277,
   0.5313393473625183
  ],
  "euler_order": "XYZ",
  "rotation_matrix": [
   [
    -0.6419908404350281,
    -0.5589861869812012,
    -0.5247687101364136
   ],
   [
    -0.37730929255485535,
    -0.3654901385307312,
    0.8509140014648438
   ],
   [
    -0.6674469709396362,
    0.7442790865898132,
    0.023730644956231117
   ]
  ]
 },
 {
  "rotation_euler": [
   -1.941659502335824e-05,
   -7.802871550666168e-06,
   -1.3622108697891235
  ],
  "euler_order": "XYZ",
  "rotation_matrix": [
   [
    0.20707622170448303,
    0.978324830532074,
    1.737994716677349e-05
   ],
   [
    -0.978324830532074,
    0.20707622170448303,
    1.1654457921395078e-05
   ],
   [
    7.802871550666168e-06,
    -1.941659502335824e-05,
    1.0
   ]
  ]
 },
 {
  "rotation_euler": [
   1.5369032621383667,
   -0.6717439889907837,
   -1.2427387237548828
  ],
  "euler_order": "XYZ",
  "rotation_matrix": [
   [
    0.25220179557800293,
    -0.16833025217056274,
    -0.9529213905334473
   ],
   [
    -0.7409940958023071,
    0.59974205493927,
    -0.30205509066581726
   ],
   [
    0.6223520040512085,
    0.7822879552841187,
    0.026524292305111885
   ]
  ]
 },
 {
  "rotation_euler": [
   1.2209572560095694e-05,
   1.8602087948238477e-05,
   -1.3538264036178589
  ],
  "euler_order": "XYZ",
  "rotation_matrix": [
   [
    0.21527157723903656,
    0.9765542149543762,
    -7.91880847827997e-06
   ],
   [
    -0.9765542149543762,
    0.21527157723903656,
    -2.079432124446612e-05
   ],
   [
    -1.8602087948238477e-05,
    1.2209572560095694e-05,
    1.0
   ]
  ]
 },
 {
  "rotation_euler": [
   1.5380531549453735,
   -0.7587413787841797,
   -0.9217327237129211
  ],
  "euler_order": "XYZ",
  "rotation_matrix": [
   [
    0.438644140958786,
    -0.3895573019981384,
    -0.809837281703949
   ],
   [
    -0.5781310200691223,
    0.5675961375236511,
    -0.5861732959747314
   ],
   [
    0.6880086064338684,
    0.7253135442733765,
    0.023757556453347206
   ]
  ]
 },
 {
  "rotation_euler": [
   0.8044373393058777,
   1.5364588499069214,
   1.2893574237823486
  ],
  "euler_order": "XYZ",
  "rotation_matrix": [
   [
    0.009534955956041813,
    -0.4662556052207947,
    0.8845986723899841
   ],
   [
    0.032980047166347504,
    0.8843042254447937,
    0.4657449424266815
   ],
   [
    -0.9994105100631714,
    0.024733249098062515,
    0.023808933794498444
   ]
  ]
 },
 {
  "rotation_euler": [
   -1.5275505781173706,
   0.9990267157554626,
   -2.0763182640075684
  ],
  "euler_order": "XYZ",
  "rotation_matrix": [
   [
    -0.2620455324649811,
    0.4446834921836853,
    0.8564979434013367
   ],
   [
    -0.4734386205673218,
    0.7141371369361877,
    -0.5156199932098389
   ],
   [
    -0.8409447073936462,
    -0.5406151413917542,
    0.023393891751766205
   ]
  ]
 },
 {
  "rotation_euler": [
   0.0016734519740566611,
   0.0004749525396618992,
   -0.49358057975769043
  ],
  "euler_order": "XYZ",
  "rotation_matrix": [
   [
    0.8806419968605042,
    0.47378215193748474,
    -0.000374588678823784
   ],
   [
    -0.4737820625305176,
    0.8806405067443848,
    -0.0016987352864816785
   ],
   [
    -0.00047495251055806875,
    0.0016734510427340865,
    0.9999985098838806
   ]
  ]
 }
]