[
 {
  "rotation_euler": [
   0.0009375282097607851,
   2.3283586614297747e-08,
   0.18465456366539001
  ],
  "euler_order": "XYZ",
  "rotation_matrix": [
   [
    0.9829997420310974,
    -0.18360689282417297,
    0.0001721595908747986
   ],
   [
    0.18360698223114014,
    0.982999324798584,
    -0.0009215855970978737
   ],
   [
    -2.3283586614297747e-08,
    0.0009375280933454633,
    0.9999995827674866
   ]
  ]
 },
 {
  "rotation_euler": [
   0.000937133387196809,
   -3.033007800468113e-08,
   3.139056921005249
  ],
  "euler_order": "XYZ",
  "rotation_matrix": [
   [
    -0.9999967813491821,
    -0.0025357287377119064,
    2.4066466721706092e-06
   ],
   [
    0.0025357299018651247,
    -0.9999963641166687,
    0.0009371301857754588
   ],
   [
    3.033007800468113e-08,
    0.0009371332707814872,
    0.9999995827674866
   ]
  ]
 },
 {
  "rotation_euler": [
   0.0009371924679726362,
   4.27655777457403e-08,
   -2.4400389194488525
  ],
  "euler_order": "XYZ",
  "rotation_matrix": [
   [
    -0.7638403177261353,
    0.6454049944877625,
    -0.0006049015210010111
   ],
   [
    -0.6454052925109863,
    -0.7638399600982666,
    0.0007158376974985003
   ],
   [
    -4.27655777457403e-08,
    0.0009371923515573144,
    0.9999995827674866
   ]
  ]
 },
 {
  "rotation_euler": [
   0.0009368722676299512,
   4.086915339485131e-08,
   -1.2569185495376587
  ],
  "euler_order": "XYZ",
  "rotation_matrix": [
   [
    0.308749258518219,
    0.9511430263519287,
    -0.0008910871692933142
   ],
   [
    -0.9511434435844421,
    0.30874913930892944,
    -0.0002892974589485675
   ],
   [
    -4.086915339485131e-08,
    0.0009368721512146294,
    0.9999995827674866
   ]
  ]
 },
 {
  "rotation_euler": [
   0.000937354052439332,
   -8.289675612616065e-09,
   0.7086429595947266
  ],
  "euler_order": "XYZ",
  "rotation_matrix": [
   [
    0.759245753288269,
    -0.6508037447929382,
    0.0006100274040363729
   ],
   [
    0.6508040428161621,
    0.7592453956604004,
    -0.0007116873748600483
   ],
   [
    8.289675612616065e-09,
    0.0009373539360240102,
    0.9999995827674866
   ]
  ]
 },
 {
  "rotation_euler": [
   0.0009369300678372383,
   -6.664770779707396e-08,
   -0.30983564257621765
  ],
  "euler_order": "XYZ",
  "rotation_matrix": [
   [
    0.9523836970329285,
    0.30490198731422424,
    -0.00028573538293130696
   ],
   [
    -0.3049021065235138,
    0.952383279800415,
    -0.0008922964916564524
   ],
   [
    6.664770779707396e-08,
    0.0009369299514219165,
    0.9999995827674866
   ]
  ]
 },
 {
  "rotation_euler": [
   0.0009360709809698164,
   6.848557632110897e-08,
   -1.67005455493927
  ],
  "euler_order": "XYZ",
  "rotation_matrix": [
   [
    -0.09909532219171524,
    0.9950774908065796,
    -0.000931470247451216
   ],
   [
    -0.9950779676437378,
    -0.09909527748823166,
    9.269209112972021e-05
   ],
   [
    -6.848557632110897e-08,
    0.0009360708645544946,
    0.9999995827674866
   ]
  ]
 },
 {
  "rotation_euler": [
   0.0009371847263537347,
   2.1728634891360343e-08,
   1.9202826023101807
  ],
  "euler_order": "XYZ",
  "rotation_matrix": [
   [
    -0.3424151837825775,
    -0.9395483136177063,
    0.0008805231773294508
   ],
   [
    0.9395487308502197,
    -0.3424150347709656,
    0.00032092665787786245
   ],
   [
    -2.1728634891360343e-08,
    0.0009371846099384129,
    0.9999995827674866
   ]
  ]
 },
 {
  "rotation_euler": [
   0.0009370357147417963,
   2.6320885027075747e-08,
   1.9994120597839355
  ],
  "euler_order": "XYZ",
  "rotation_matrix": [
   [
    -0.4156121611595154,
    -0.9095415472984314,
    0.0008522621938027442
   ],
   [
    0.9095419645309448,
    -0.41561198234558105,
    0.00038946731365285814
   ],
   [
    -2.6320885027075747e-08,
    0.0009370355983264744,
    0.9999995827674866
   ]
  ]
 },
 {
  "rotation_euler": [
   0.0009372806525789201,
   -3.547192406472277e-08,
   -2.3984577655792236
  ],
  "euler_order": "XYZ",
  "rotation_matrix": [
   [
    -0.7363511323928833,
    0.6765993237495422,
    -0.0006341375410556793
   ],
   [
    -0.6765996217727661,
    -0.7363507747650146,
    0.0006901915767230093
   ],
   [
    3.547192406472277e-08,
    0.0009372805361635983,
    0.9999995827674866
   ]
  ]
 },
 {
  "rotation_euler": [
   0.0009372474742121994,
   -2.3571844920411422e-08,
   1.2599070072174072
  ],
  "euler_order": "XYZ",
  "rotation_matrix": [
   [
    0.30590543150901794,
    -0.9520614743232727,
    0.0008923102868720889
   ],
   [
    0.9520618915557861,
    0.3059053122997284,
    -0.0002867314906325191
   ],
   [
    2.3571844920411422e-08,
    0.0009372473577968776,
    0.9999995827674866
   ]
  ]
 },
 {
  "rotation_euler": [
   0.0009373780339956284,
   -1.4806978754222655e-08,
   -2.0040249824523926
  ],
  "euler_order": "XYZ",
  "rotation_matrix": [
   [
    -0.41980335116386414,
    0.9076147079467773,
    -0.0008507720776833594
   ],
   [
    -0.907615065574646,
    -0.4198031723499298,
    0.0003935278218705207
   ],
   [
    1.4806978754222655e-08,
    0.0009373779175803065,
    0.9999995827674866
   ]
  ]
 },
 {
  "rotation_euler": [
   0.0009372008498758078,
   1.466065047139864e-08,
   -2.8367063999176025
  ],
  "euler_order": "XYZ",
  "rotation_matrix": [
   [
    -0.9538810849189758,
    0.30018454790115356,
    -0.0002813472819980234
   ],
   [
    -0.3001846671104431,
    -0.9538806676864624,
    0.0008939736289903522
   ],
   [
    -1.466065047139864e-08,
    0.0009372007334604859,
    0.9999995827674866
   ]
  ]
 },
 {
  "rotation_euler": [
   0.0009369782055728137,
   2.7449653217104242e-08,
   -2.9758543968200684
  ],
  "euler_order": "XYZ",
  "rotation_matrix": [
   [
    -0.9862968325614929,
    0.1649804413318634,
    -0.0001546101993881166
   ],
   [
    -0.16498051583766937,
    -0.9862964153289795,
    0.0009241339867003262
   ],
   [
    -2.7449653217104242e-08,
    0.0009369780891574919,
    0.9999995827674866
   ]
  ]
 },
 {
  "rotation_euler": [
   0.0009374074288643897,
   -2.52731862104838e-08,
   -0.04454423859715462
  ],
  "euler_order": "XYZ",
  "rotation_matrix": [
   [
    0.999008059501648,
    0.04452949017286301,
    -4.1767536458792165e-05
   ],
   [
    -0.0445295087993145,
    0.9990076422691345,
    -0.0009364763391204178
   ],
   [
    2.52731862104838e-08,
    0.0009374073124490678,
    0.9999995827674866
   ]
  ]
 },
 {
  "rotation_euler": [
   0.0009371624910272658,
   4.718339496889712e-08,
   3.1414129734039307
  ],
  "euler_order": "XYZ",
  "rotation_matrix": [
   [
    -1.0,
    -0.00017968015163205564,
    1.2120612780108786e-07
   ],
   [
    0.0001796801807358861,
    -0.9999995231628418,
    0.000937162374611944
   ],
   [
    -4.718339496889712e-08,
    0.000937162374611944,
    0.9999995827674866
   ]
  ]
 }
]