[
 {
  "rotation_euler": [
   0.38887086510658264,
   2.572844982147217,
   -1.0817731618881226
  ],
  "euler_order": "XYZ",
  "rotation_matrix": [
   [
    -0.3958117365837097,
    0.9128058552742004,
    -0.10059095174074173
   ],
   [
    0.7438195943832397,
    0.2544255256652832,
    -0.6180615425109863
   ],
   [
    -0.5385773181915283,
    -0.3194575309753418,
    -0.7796674966812134
   ]
  ]
 },
 {
  "rotation_euler": [
   1.3784290552139282,
   -1.3897044658660889,
   1.1722056865692139
  ],
  "euler_order": "XYZ",
  "rotation_matrix": [
   [
    0.06990181654691696,
    -0.5509271025657654,
    0.8316207528114319
   ],
   [
    0.16598516702651978,
    -0.8156148195266724,
    -0.5542755126953125
   ],
   [
    0.9836476445198059,
    0.176781564950943,
    0.03443276882171631
   ]
  ]
 },
 {
  "rotation_euler": [
   0.38919055461883545,
   2.2251181602478027,
   -1.8271538019180298
  ],
  "euler_order": "XYZ",
  "rotation_matrix": [
   [
    0.15432125329971313,
    0.8186413645744324,
    -0.55318284034729
   ],
   [
    0.5887315273284912,
    -0.5258282423019409,
    -0.6139217019081116
   ],
   [
    -0.7934608459472656,
    -0.23093503713607788,
    -0.5631064772605896
   ]
  ]
 },
 {
  "rotation_euler": [
   0.00045527852489612997,
   2.522167278584675e-06,
   -2.1018543243408203
  ],
  "euler_order": "XYZ",
  "rotation_matrix": [
   [
    -0.5064458847045898,
    0.8622716665267944,
    -0.00039385113632306457
   ],
   [
    -0.8622717261314392,
    -0.5064458250999451,
    0.00022839914890937507
   ],
   [
    -2.522167278584675e-06,
    0.0004552784957922995,
    0.9999998807907104
   ]
  ]
 },
 {
  "rotation_euler": [
   0.0004558975633699447,
   -2.7507851427799324e-06,
   1.024790644645691
  ],
  "euler_order": "XYZ",
  "rotation_matrix": [
   [
    0.519277811050415,
    -0.8546053767204285,
    0.00038818412576802075
   ],
   [
    0.854605495929718,
    0.5192777514457703,
    -0.00023908831644803286
   ],
   [
    2.7507851427799324e-06,
    0.00045589753426611423,
    0.9999998807907104
   ]
  ]
 },
 {
  "rotation_euler": [
   0.00045604261686094105,
   -7.81374274083646e-06,
   2.7335987091064453
  ],
  "euler_order": "XYZ",
  "rotation_matrix": [
   [
    -0.9179186224937439,
    -0.3967686891555786,
    0.00018811582413036376
   ],
   [
    0.396768718957901,
    -0.9179185032844543,
    0.0004155097412876785
   ],
   [
    7.81374274083646e-06,
    0.0004560425877571106,
    0.9999998807907104
   ]
  ]
 },
 {
  "rotation_euler": [
   0.00045551624498330057,
   2.2163855817325384e-07,
   3.0326988697052
  ],
  "euler_order": "XYZ",
  "rotation_matrix": [
   [
    -0.9940769076347351,
    -0.10867869108915329,
    4.9284586566500366e-05
   ],
   [
    0.10867870599031448,
    -0.9940768480300903,
    0.00045284227235242724
   ],
   [
    -2.2163855817325384e-07,
    0.0004555162158794701,
    0.9999998807907104
   ]
  ]
 },
 {
  "rotation_euler": [
   0.00045471038902178407,
   -9.519470012264719e-08,
   2.9966728687286377
  ],
  "euler_order": "XYZ",
  "rotation_matrix": [
   [
    -0.9895175099372864,
    -0.1444130390882492,
    6.5760308643803e-05
   ],
   [
    0.1444130539894104,
    -0.9895173907279968,
    0.000449930113973096
   ],
   [
    9.519470012264719e-08,
    0.0004547103599179536,
    0.9999998807907104
   ]
  ]
 },
 {
  "rotation_euler": [
   0.0004551525926217437,
   6.488471171905985e-06,
   -3.0307724475860596
  ],
  "euler_order": "XYZ",
  "rotation_matrix": [
   [
    -0.9938657283782959,
    0.11059349775314331,
    -5.6785589549690485e-05
   ],
   [
    -0.1105935126543045,
    -0.9938656091690063,
    0.00045164296170696616
   ],
   [
    -6.488471171905985e-06,
    0.0004551525635179132,
    0.9999998807907104
   ]
  ]
 },
 {
  "rotation_euler": [
   1.2547193765640259,
   -1.3250027894973755,
   1.1612385511398315
  ],
  "euler_order": "XYZ",
  "rotation_matrix": [
   [
    0.09689335525035858,
    -0.6522350907325745,
    0.7517985701560974
   ],
   [
    0.22320228815078735,
    -0.7218743562698364,
    -0.6550406217575073
   ],
   [
    0.9699445366859436,
    0.23127223551273346,
    0.07563554495573044
   ]
  ]
 },
 {
  "rotation_euler": [
   -2.7447617053985596,
   -0.7084668874740601,
   1.1923030614852905
  ],
  "euler_order": "XYZ",
  "rotation_matrix": [
   [
    0.280599445104599,
    0.9499409794807434,
    -0.1373901218175888
   ],
   [
    0.7056146860122681,
    -0.10712234675884247,
    0.7004517912864685
   ],
   [
    0.6506703495979309,
    -0.29349085688591003,
    -0.7003507614135742
   ]
  ]
 },
 {
  "rotation_euler": [
   0.000458629074273631,
   -6.008423042658251e-06,
   1.7960824966430664
  ],
  "euler_order": "XYZ",
  "rotation_matrix": [
   [
    -0.2233853042125702,
    -0.9747301340103149,
    0.0004483817901927978
   ],
   [
    0.9747301936149597,
    -0.223385289311409,
    9.659440547693521e-05
   ],
   [
    6.008423042658251e-06,
    0.0004586290451698005,
    0.9999998807907104
   ]
  ]
 },
 {
  "rotation_euler": [
   0.7303203344345093,
   4.935290235152934e-06,
   -1.274923324584961
  ],
  "euler_order": "XYZ",
  "rotation_matrix": [
   [
    0.29157504439353943,
    0.7125916481018066,
    -0.6381199955940247
   ],
   [
    -0.9565479755401611,
    0.21720880270004272,
    -0.1945156455039978
   ],
   [
    -4.935290235152934e-06,
    0.6671082973480225,
    0.7449607253074646
   ]
  ]
 },
 {
  "rotation_euler": [
   0.0004548908327706158,
   -4.397515112941619e-06,
   -0.13916482031345367
  ],
  "euler_order": "XYZ",
  "rotation_matrix": [
   [
    0.9903321862220764,
    0.13871604204177856,
    -6.745565769961104e-05
   ],
   [
    -0.13871605694293976,
    0.9903320670127869,
    -0.000449883023975417
   ],
   [
    4.397515112941619e-06,
    0.00045489080366678536,
    0.9999998807907104
   ]
  ]
 },
 {
  "rotation_euler": [
   0.730319619178772,
   4.4395892473403364e-06,
   0.38098227977752686
  ],
  "euler_order": "XYZ",
  "rotation_matrix": [
   [
    0.9282998442649841,
    -0.27699804306030273,
    0.24805541336536407
   ],
   [
    0.3718324899673462,
    0.6915484666824341,
    -0.6192747950553894
   ],
   [
    -4.4395892473403364e-06,
    0.6671077609062195,
    0.7449612021446228
   ]
  ]
 },
 {
  "rotation_euler": [
   0.3981234133243561,
   -2.3952994346618652,
   1.1007721424102783
  ],
  "euler_order": "XYZ",
  "rotation_matrix": [
   [
    -0.3325296938419342,
    -0.941038966178894,
    0.06220678612589836
   ],
   [
    -0.6545907855033875,
    0.18281857669353485,
    -0.7335450053215027
   ],
   [
    0.6789218783378601,
    -0.2846454977989197,
    -0.6767880320549011
   ]
  ]
 }
]