[
 {
  "rotation_euler": [
   1.5730316638946533,
   0.001864217221736908,
   -1.6192340850830078
  ],
  "euler_order": "XYZ",
  "rotation_matrix": [
   [
    -0.04841873422265053,
    -0.002322976477444172,
    -0.998824417591095
   ],
   [
    -0.9988253712654114,
    -0.001753792748786509,
    0.048422861844301224
   ],
   [
    -0.0018642161739990115,
    0.999995768070221,
    -0.002235331339761615
   ]
  ]
 },
 {
  "rotation_euler": [
   -0.0013672095956280828,
   -0.00027084769681096077,
   -1.3914204835891724
  ],
  "euler_order": "XYZ",
  "rotation_matrix": [
   [
    0.1784154623746872,
    0.9839543700218201,
    0.0012969492236152291
   ],
   [
    -0.9839552044868469,
    0.1784149408340454,
    0.0005104330484755337
   ],
   [
    0.00027084769681096077,
    -0.0013672091299667954,
    0.9999990463256836
   ]
  ]
 },
 {
  "rotation_euler": [
   -1.5708030462265015,
   -7.462135727109853e-06,
   -0.6147527694702148
  ],
  "euler_order": "XYZ",
  "rotation_matrix": [
   [
    0.8169160485267639,
    2.2204621927812696e-06,
    0.5767565965652466
   ],
   [
    -0.5767565965652466,
    -9.793047865969129e-06,
    0.8169160485267639
   ],
   [
    7.462135727109853e-06,
    -1.0,
    -6.719431439705659e-06
   ]
  ]
 },
 {
  "rotation_euler": [
   -1.9451701518846676e-05,
   -6.795037734264042e-06,
   -1.0596022605895996
  ],
  "euler_order": "XYZ",
  "rotation_matrix": [
   [
    0.4892190098762512,
    0.8721609711647034,
    1.3640753422805574e-05
   ],
   [
    -0.8721609711647034,
    0.4892190098762512,
    1.5442508811247535e-05
   ],
   [
    6.795037734264042e-06,
    -1.9451701518846676e-05,
    1.0
   ]
  ]
 },
 {
  "rotation_euler": [
   1.5707694292068481,
   -4.000582691787713e-07,
   3.0875184535980225
  ],
  "euler_order": "XYZ",
  "rotation_matrix": [
   [
    -0.9985383749008179,
    -1.0542833024373977e-06,
    0.054047852754592896
   ],
   [
    0.054047852754592896,
    -2.6879895813181065e-05,
    0.9985383749008179
   ],
   [
    4.000582691787713e-07,
    1.0,
    2.6897587304119952e-05
   ]
  ]
 },
 {
  "rotation_euler": [
   -1.5707945823669434,
   -1.3016733646509238e-05,
   -0.13380859792232513
  ],
  "euler_order": "XYZ",
  "rotation_matrix": [
   [
    0.9910609722137451,
    1.3133100765116978e-05,
    0.13340964913368225
   ],
   [
    -0.13340964913368225,
    -7.723454764629878e-09,
    0.9910609722137451
   ],
   [
    1.3016733646509238e-05,
    -1.0,
    1.7444280047129723e-06
   ]
  ]
 },
 {
  "rotation_euler": [
   -1.570794701576233,
   -1.3003341337025631e-05,
   0.4909677505493164
  ],
  "euler_order": "XYZ",
  "rotation_matrix": [
   [
    0.8818770051002502,
    1.0701090104703326e-05,
    -0.47147953510284424
   ],
   [
    0.47147953510284424,
    7.564052339148475e-06,
    0.8818770051002502
   ],
   [
    1.3003341337025631e-05,
    -1.0,
    1.625218715162191e-06
   ]
  ]
 },
 {
  "rotation_euler": [
   -1.3623344898223877,
   -0.00017157731053885072,
   -0.4700981378555298
  ],
  "euler_order": "XYZ",
  "rotation_matrix": [
   [
    0.8915238380432129,
    0.09389497339725494,
    0.44313541054725647
   ],
   [
    -0.45297378301620483,
    0.18442952632904053,
    0.87223881483078
   ],
   [
    0.00017157731053885072,
    -0.9783504009246826,
    0.20695528388023376
   ]
  ]
 },
 {
  "rotation_euler": [
   -1.8803251577992341e-06,
   -4.010280918009812e-06,
   -2.6905319690704346
  ],
  "euler_order": "XYZ",
  "rotation_matrix": [
   [
    -0.8999852538108826,
    0.435920387506485,
    4.428865850059083e-06
   ],
   [
    -0.435920387506485,
    -0.8999852538108826,
    5.5898301098977754e-08
   ],
   [
    4.010280918009812e-06,
    -1.8803251577992341e-06,
    1.0
   ]
  ]
 },
 {
  "rotation_euler": [
   -0.7742184400558472,
   0.001705389586277306,
   -0.6739136576652527
  ],
  "euler_order": "XYZ",
  "rotation_matrix": [
   [
    0.7813842296600342,
    0.44524309039115906,
    0.437261164188385
   ],
   [
    -0.6240479350090027,
    0.5594093203544617,
    0.545550525188446
   ],
   [
    -0.0017053887713700533,
    -0.6991564631462097,
    0.7149666547775269
   ]
  ]
 },
 {
  "rotation_euler": [
   -0.03400655463337898,
   -0.00033158715814352036,
   -1.2762207984924316
  ],
  "euler_order": "XYZ",
  "rotation_matrix": [
   [
    0.29033365845680237,
    0.9563754796981812,
    0.032439250499010086
   ],
   [
    -0.9569253921508789,
    0.2901550531387329,
    0.010188465937972069
   ],
   [
    0.00033158715814352036,
    -0.03399999812245369,
    0.9994217753410339
   ]
  ]
 },
 {
  "rotation_euler": [
   1.431575401511509e-05,
   6.1111045397410635e-06,
   -2.8481273651123047
  ],
  "euler_order": "XYZ",
  "rotation_matrix": [
   [
    -0.9572471976280212,
    0.2892710864543915,
    -9.990971193474252e-06
   ],
   [
    -0.2892710864543915,
    -0.9572471976280212,
    1.1935950169572607e-05
   ],
   [
    -6.1111045397410635e-06,
    1.431575401511509e-05,
    1.0
   ]
  ]
 },
 {
  "rotation_euler": [
   -1.1223773981328122e-05,
   -1.1762277608795557e-05,
   -0.29536569118499756
  ],
  "euler_order": "XYZ",
  "rotation_matrix": [
   [
    0.9566957354545593,
    0.2910897135734558,
    -7.985795491549652e-06
   ],
   [
    -0.2910897135734558,
    0.9566957354545593,
    1.4161614672048017e-05
   ],
   [
    1.1762277608795557e-05,
    -1.1223773981328122e-05,
    1.0
   ]
  ]
 },
 {
  "rotation_euler": [
   1.5707690715789795,
   6.970080335122475e-07,
   -1.2655613422393799
  ],
  "euler_order": "XYZ",
  "rotation_matrix": [
   [
    0.30051732063293457,
    2.6204843379673548e-05,
    -0.9537763595581055
   ],
   [
    -0.9537763595581055,
    7.525874480052153e-06,
    -0.30051732063293457
   ],
   [
    -6.970080335122475e-07,
    1.0,
    2.7255215172772296e-05
   ]
  ]
 },
 {
  "rotation_euler": [
   -1.5708235502243042,
   -8.46850798552623e-06,
   -2.680305242538452
  ],
  "euler_order": "XYZ",
  "rotation_matrix": [
   [
    -0.895480215549469,
    -1.9700566554092802e-05,
    0.4451013207435608
   ],
   [
    -0.4451013207435608,
    2.0608698832802474e-05,
    -0.895480215549469
   ],
   [
    8.46850798552623e-06,
    -1.0,
    -2.7223430151934735e-05
   ]
  ]
 },
 {
  "rotation_euler": [
   4.291857749194605e-06,
   2.8958049824723275e-06,
   -2.384134292602539
  ],
  "euler_order": "XYZ",
  "rotation_matrix": [
   [
    -0.7265846729278564,
    0.6870769262313843,
    -5.052883807366015e-06
   ],
   [
    -0.6870769262313843,
    -0.7265846729278564,
    1.1287571624052362e-06
   ],
   [
    -2.8958049824723275e-06,
    4.291857749194605e-06,
    1.0
   ]
  ]
 }
]