[
 {
  "rotation_euler": [
   -2.6885485649108887,
   -0.5489556789398193,
   0.9643440246582031
  ],
  "euler_order": "XYZ",
  "rotation_matrix": [
   [
    0.4862123131752014,
    0.86895751953125,
    -0.09225203096866608
   ],
   [
    0.7009463906288147,
    -0.3247935175895691,
    0.6349671483039856
   ],
   [
    0.5217966437339783,
    -0.37339258193969727,
    -0.7670112252235413
   ]
  ]
 },
 {
  "rotation_euler": [
   -2.705528974533081,
   -0.5933728814125061,
   0.5343738794326782
  ],
  "euler_order": "XYZ",
  "rotation_matrix": [
   [
    0.7134783267974854,
    0.6648920178413391,
    0.22105950117111206
   ],
   [
    0.42224186658859253,
    -0.6597703695297241,
    0.6216227412223816
   ],
   [
    0.5591605305671692,
    -0.35017380118370056,
    -0.7514771223068237
   ]
  ]
 },
 {
  "rotation_euler": [
   0.4519181549549103,
   -2.589608669281006,
   0.6490145921707153
  ],
  "euler_order": "XYZ",
  "rotation_matrix": [
   [
    -0.6783615350723267,
    -0.7261592745780945,
    -0.11188513785600662
   ],
   [
    -0.5146394371986389,
    0.5782991647720337,
    -0.6330215930938721
   ],
   [
    0.5243775844573975,
    -0.37183699011802673,
    -0.7660061120986938
   ]
  ]
 },
 {
  "rotation_euler": [
   0.43722811341285706,
   -2.551180601119995,
   -0.12900640070438385
  ],
  "euler_order": "XYZ",
  "rotation_matrix": [
   [
    -0.8238083124160767,
    -0.11721934378147125,
    -0.5546165108680725
   ],
   [
    0.10687007009983063,
    0.9287264943122864,
    -0.3550294041633606
   ],
   [
    0.5567033886909485,
    -0.3517480790615082,
    -0.7525653839111328
   ]
  ]
 },
 {
  "rotation_euler": [
   0.44476014375686646,
   -2.57063627243042,
   0.03087186999619007
  ],
  "euler_order": "XYZ",
  "rotation_matrix": [
   [
    -0.8409835696220398,
    -0.2602715790271759,
    -0.4743472635746002
   ],
   [
    -0.025970986112952232,
    0.8951066136360168,
    -0.44509512186050415
   ],
   [
    0.5404369831085205,
    -0.36199840903282166,
    -0.7595294713973999
   ]
  ]
 },
 {
  "rotation_euler": [
   0.4416864514350891,
   -2.562631607055664,
   0.980513870716095
  ],
  "euler_order": "XYZ",
  "rotation_matrix": [
   [
    -0.4658881723880768,
    -0.8812366724014282,
    0.0798131600022316
   ],
   [
    -0.6953920125961304,
    0.30886900424957275,
    -0.6488681435585022
   ],
   [
    0.5471546053886414,
    -0.3578014373779297,
    -0.7567033767700195
   ]
  ]
 },
 {
  "rotation_euler": [
   0.4302530884742737,
   -2.5336291790008545,
   0.4177923798561096
  ],
  "euler_order": "XYZ",
  "rotation_matrix": [
   [
    -0.7502123117446899,
    -0.5865187048912048,
    -0.30524954199790955
   ],
   [
    -0.33303970098495483,
    0.7340192198753357,
    -0.5918617844581604
   ],
   [
    0.5711970329284668,
    -0.34236177802085876,
    -0.7460042834281921
   ]
  ]
 },
 {
  "rotation_euler": [
   -2.7066969871520996,
   -0.5963305830955505,
   0.19391630589962006
  ],
  "euler_order": "XYZ",
  "rotation_matrix": [
   [
    0.8118940591812134,
    0.40694567561149597,
    0.4185968339443207
   ],
   [
    0.15944306552410126,
    -0.8443192839622498,
    0.511569082736969
   ],
   [
    0.5616101622581482,
    -0.3485974967479706,
    -0.7503824234008789
   ]
  ]
 },
 {
  "rotation_euler": [
   0.4617263376712799,
   -2.616386890411377,
   0.7300353050231934
  ],
  "euler_order": "XYZ",
  "rotation_matrix": [
   [
    -0.6447200179100037,
    -0.7635037899017334,
    -0.03739073500037193
   ],
   [
    -0.5770122408866882,
    0.5181597471237183,
    -0.631321907043457
   ],
   [
    0.5013910531997681,
    -0.38545095920562744,
    -0.7746189832687378
   ]
  ]
 },
 {
  "rotation_euler": [
   -2.731559991836548,
   -0.6562120318412781,
   -0.5730313062667847
  ],
  "euler_order": "XYZ",
  "rotation_matrix": [
   [
    0.6657466292381287,
    -0.29287248849868774,
    0.6862996220588684
   ],
   [
    -0.4295753836631775,
    -0.9024784564971924,
    0.03158571571111679
   ],
   [
    0.6101199984550476,
    -0.3158454895019531,
    -0.7266327738761902
   ]
  ]
 },
 {
  "rotation_euler": [
   0.18454666435718536,
   -2.141824245452881,
   -1.1152007579803467
  ],
  "euler_order": "XYZ",
  "rotation_matrix": [
   [
    -0.23781724274158478,
    0.8148205280303955,
    -0.5286874771118164
   ],
   [
    0.48536598682403564,
    0.571165919303894,
    0.6619587540626526
   ],
   [
    0.8413458466529846,
    -0.09918172657489777,
    -0.531319260597229
   ]
  ]
 },
 {
  "rotation_euler": [
   0.42384201288223267,
   -2.5178778171539307,
   0.2719214856624603
  ],
  "euler_order": "XYZ",
  "rotation_matrix": [
   [
    -0.7818892598152161,
    -0.4761931300163269,
    -0.40235471725463867
   ],
   [
    -0.21801254153251648,
    0.8135094046592712,
    -0.5391409993171692
   ],
   [
    0.5840545892715454,
    -0.3338301479816437,
    -0.7398903369903564
   ]
  ]
 },
 {
  "rotation_euler": [
   0.44043636322021484,
   -2.5594027042388916,
   -0.11623145639896393
  ],
  "euler_order": "XYZ",
  "rotation_matrix": [
   [
    -0.8296247720718384,
    -0.12793764472007751,
    -0.5434654355049133
   ],
   [
    0.09686509519815445,
    0.9256482124328613,
    -0.36577656865119934
   ],
   [
    0.5498544573783875,
    -0.3561001420021057,
    -0.7555480003356934
   ]
  ]
 },
 {
  "rotation_euler": [
   -2.7940773963928223,
   -0.7826513648033142,
   -0.9855757355690002
  ],
  "euler_order": "XYZ",
  "rotation_matrix": [
   [
    0.39166536927223206,
    -0.6511039137840271,
    0.6501245498657227
   ],
   [
    -0.5910541415214539,
    -0.7195510268211365,
    -0.36455634236335754
   ],
   [
    0.7051618099212646,
    -0.2414747178554535,
    -0.6666609048843384
   ]
  ]
 },
 {
  "rotation_euler": [
   0.4607650935649872,
   -2.613720417022705,
   -1.4313733577728271
  ],
  "euler_order": "XYZ",
  "rotation_matrix": [
   [
    -0.12005498260259628,
    0.8558967709541321,
    -0.5030184388160706
   ],
   [
    0.8554979562759399,
    0.3462657630443573,
    0.384997695684433
   ],
   [
    0.5036963224411011,
    -0.38411036133766174,
    -0.7737888693809509
   ]
  ]
 },
 {
  "rotation_euler": [
   0.31513792276382446,
   -2.3043816089630127,
   -0.5051132440567017
  ],
  "euler_order": "XYZ",
  "rotation_matrix": [
   [
    -0.5859249830245972,
    0.25860369205474854,
    -0.7679948210716248
   ],
   [
    0.3239933252334595,
    0.9434294104576111,
    0.07049334049224854
   ],
   [
    0.7427787184715271,
    -0.20752139389514923,
    -0.6365647315979004
   ]
  ]
 }
]