[
 {
  "rotation_euler": [
   1.117230772972107,
   2.151028633117676,
   0.5626169443130493
  ],
  "euler_order": "XYZ",
  "rotation_matrix": [
   [
    -0.4637170433998108,
    0.4021746814250946,
    0.7894441485404968
   ],
   [
    -0.29242047667503357,
    0.7716315984725952,
    -0.5648671388626099
   ],
   [
    -0.836335301399231,
    -0.492788165807724,
    -0.24021463096141815
   ]
  ]
 },
 {
  "rotation_euler": [
   -1.9544235467910767,
   0.936699628829956,
   0.4447275698184967
  ],
  "euler_order": "XYZ",
  "rotation_matrix": [
   [
    0.5348212122917175,
    -0.5133604407310486,
    -0.6711388230323792
   ],
   [
    0.25487908720970154,
    -0.6592687368392944,
    0.707390546798706
   ],
   [
    -0.8056071996688843,
    -0.5493866801261902,
    -0.2217460572719574
   ]
  ]
 },
 {
  "rotation_euler": [
   -1.9544236660003662,
   0.9366996884346008,
   -0.8132851719856262
  ],
  "euler_order": "XYZ",
  "rotation_matrix": [
   [
    0.4070814549922943,
    -0.7852469086647034,
    0.46655333042144775
   ],
   [
    -0.43044358491897583,
    0.2855899930000305,
    0.8562456965446472
   ],
   [
    -0.8056071996688843,
    -0.5493866205215454,
    -0.22174610197544098
   ]
  ]
 },
 {
  "rotation_euler": [
   1.2029565572738647,
   2.1527388095855713,
   -0.045654624700546265
  ],
  "euler_order": "XYZ",
  "rotation_matrix": [
   [
    -0.5490750074386597,
    0.7951132655143738,
    0.2575102150440216
   ],
   [
    0.025085244327783585,
    0.3236497938632965,
    -0.9458443522453308
   ],
   [
    -0.8353965282440186,
    -0.5128797888755798,
    -0.1976536214351654
   ]
  ]
 },
 {
  "rotation_euler": [
   -0.061276379972696304,
   0.045824963599443436,
   1.5921891927719116
  ],
  "euler_order": "XYZ",
  "rotation_matrix": [
   [
    -0.021368777379393578,
    -0.9978348016738892,
    -0.062202099710702896
   ],
   [
    0.9987216591835022,
    -0.024155693128705025,
    0.044402532279491425
   ],
   [
    -0.04580892622470856,
    -0.061173755675554276,
    0.9970753788948059
   ]
  ]
 },
 {
  "rotation_euler": [
   -2.0187158584594727,
   0.7660623788833618,
   0.9811455011367798
  ],
  "euler_order": "XYZ",
  "rotation_matrix": [
   [
    0.40073034167289734,
    0.01246373075991869,
    -0.9161112904548645
   ],
   [
    0.5989542007446289,
    -0.7602128386497498,
    0.25165507197380066
   ],
   [
    -0.6933029890060425,
    -0.6495545506477356,
    -0.31210556626319885
   ]
  ]
 },
 {
  "rotation_euler": [
   -1.9544233083724976,
   0.9366995692253113,
   -1.7745695114135742
  ],
  "euler_order": "XYZ",
  "rotation_matrix": [
   [
    -0.1198916882276535,
    -0.21536482870578766,
    0.9691460132598877
   ],
   [
    -0.5801922678947449,
    0.8073364496231079,
    0.10763253271579742
   ],
   [
    -0.8056071400642395,
    -0.5493867993354797,
    -0.22174593806266785
   ]
  ]
 },
 {
  "rotation_euler": [
   1.1871694326400757,
   2.204892873764038,
   -1.2598512172698975
  ],
  "euler_order": "XYZ",
  "rotation_matrix": [
   [
    -0.18126513063907623,
    0.5849036574363708,
    -0.7905887961387634
   ],
   [
    0.564038872718811,
    -0.5967093110084534,
    -0.5707873106002808
   ],
   [
    -0.805607259273529,
    -0.5493866801261902,
    -0.2217458337545395
   ]
  ]
 },
 {
  "rotation_euler": [
   1.104872465133667,
   2.4314353466033936,
   -0.13439394533634186
  ],
  "euler_order": "XYZ",
  "rotation_matrix": [
   [
    -0.7514218688011169,
    0.637401819229126,
    0.17054042220115662
   ],
   [
    0.10159897804260254,
    0.3671537935733795,
    -0.9245948791503906
   ],
   [
    -0.6519530415534973,
    -0.6774341464042664,
    -0.34064677357673645
   ]
  ]
 },
 {
  "rotation_euler": [
   -1.954423427581787,
   0.936699628829956,
   0.041308432817459106
  ],
  "euler_order": "XYZ",
  "rotation_matrix": [
   [
    0.5919446349143982,
    -0.7309560775756836,
    -0.33956554532051086
   ],
   [
    0.024466224014759064,
    -0.4048177897930145,
    0.9140700101852417
   ],
   [
    -0.8056071996688843,
    -0.549386739730835,
    -0.22174598276615143
   ]
  ]
 },
 {
  "rotation_euler": [
   -2.0340449810028076,
   0.7193777561187744,
   0.39272215962409973
  ],
  "euler_order": "XYZ",
  "rotation_matrix": [
   [
    0.6949502229690552,
    -0.3735803961753845,
    -0.6143955588340759
   ],
   [
    0.28787660598754883,
    -0.6384310126304626,
    0.7138157486915588
   ],
   [
    -0.658916711807251,
    -0.6729364991188049,
    -0.3361327350139618
   ]
  ]
 },
 {
  "rotation_euler": [
   -1.9544233083724976,
   0.936699628829956,
   0.21889612078666687
  ],
  "euler_order": "XYZ",
  "rotation_matrix": [
   [
    0.578312873840332,
    -0.6479467749595642,
    -0.4957006871700287
   ],
   [
    0.12865184247493744,
    -0.527578592300415,
    0.8397080302238464
   ],
   [
    -0.8056071996688843,
    -0.549386739730835,
    -0.22174592316150665
   ]
  ]
 },
 {
  "rotation_euler": [
   -2.033839464187622,
   0.7168998718261719,
   0.5825218558311462
  ],
  "euler_order": "XYZ",
  "rotation_matrix": [
   [
    0.6295204162597656,
    -0.24518141150474548,
    -0.7372856140136719
   ],
   [
    0.4147146940231323,
    -0.6964079141616821,
    0.585685670375824
   ],
   [
    -0.6570507884025574,
    -0.6744642853736877,
    -0.3367226719856262
   ]
  ]
 },
 {
  "rotation_euler": [
   1.1120551824569702,
   2.141356945037842,
   -0.19432367384433746
  ],
  "euler_order": "XYZ",
  "rotation_matrix": [
   [
    -0.5299383997917175,
    0.8258934020996094,
    0.19252383708953857
   ],
   [
    0.10429568588733673,
    0.2887724041938782,
    -0.9517000317573547
   ],
   [
    -0.8415983319282532,
    -0.48426294326782227,
    -0.2391687035560608
   ]
  ]
 },
 {
  "rotation_euler": [
   -1.9544087648391724,
   0.9366614818572998,
   -0.02086872234940529
  ],
  "euler_order": "XYZ",
  "rotation_matrix": [
   [
    0.5923517942428589,
    -0.7546809911727905,
    -0.2820921838283539
   ],
   [
    -0.012363419868052006,
    -0.3586027920246124,
    0.9334083795547485
   ],
   [
    -0.8055846095085144,
    -0.5494184494018555,
    -0.2217494249343872
   ]
  ]
 },
 {
  "rotation_euler": [
   -2.1342012882232666,
   -0.7519873380661011,
   -1.107519268989563
  ],
  "euler_order": "XYZ",
  "rotation_matrix": [
   [
    0.3263726830482483,
    -0.21969273686408997,
    0.9193562865257263
   ],
   [
    -0.6533504724502563,
    -0.755305290222168,
    0.05144975706934929
   ],
   [
    0.6830915212631226,
    -0.6174536943435669,
    -0.3900473415851593
   ]
  ]
 }
]