[
 {
  "rotation_euler": [
   0.8904582858085632,
   2.944300413131714,
   0.46625345945358276
  ],
  "euler_order": "XYZ",
  "rotation_matrix": [
   [
    -0.8759303689002991,
    -0.14667803049087524,
    0.4595992863178253
   ],
   [
    -0.4408220946788788,
    0.6304083466529846,
    -0.6389532089233398
   ],
   [
    -0.19601482152938843,
    -0.7622800469398499,
    -0.6168527603149414
   ]
  ]
 },
 {
  "rotation_euler": [
   -0.7595558762550354,
   -0.5460143685340881,
   2.7636868953704834
  ],
  "euler_order": "XYZ",
  "rotation_matrix": [
   [
    -0.794299840927124,
    -0.5999075770378113,
    0.09590964764356613
   ],
   [
    0.3153262436389923,
    -0.5420376062393188,
    -0.7789509296417236
   ],
   [
    0.519285261631012,
    -0.5884777903556824,
    0.6197069883346558
   ]
  ]
 },
 {
  "rotation_euler": [
   -2.3593380451202393,
   0.37538737058639526,
   0.3313031494617462
  ],
  "euler_order": "XYZ",
  "rotation_matrix": [
   [
    0.8797717094421387,
    -0.013652192428708076,
    -0.475200355052948
   ],
   [
    0.30262523889541626,
    -0.7548142075538635,
    0.5819566249847412
   ],
   [
    -0.36663293838500977,
    -0.6557965874671936,
    -0.6599326729774475
   ]
  ]
 },
 {
  "rotation_euler": [
   -2.25102162361145,
   0.19659768044948578,
   -1.2404656410217285
  ],
  "euler_order": "XYZ",
  "rotation_matrix": [
   [
    0.3181077241897583,
    -0.6442192792892456,
    0.6955494284629822
   ],
   [
    -0.9277134537696838,
    -0.06036125123500824,
    0.3683806359767914
   ],
   [
    -0.19533368945121765,
    -0.7624552845954895,
    -0.6168522834777832
   ]
  ]
 },
 {
  "rotation_euler": [
   -0.4908415377140045,
   -0.34907010197639465,
   2.5222671031951904
  ],
  "euler_order": "XYZ",
  "rotation_matrix": [
   [
    -0.765162467956543,
    -0.6432279348373413,
    -0.028003359213471413
   ],
   [
    0.5454776883125305,
    -0.6245489716529846,
    -0.5589209794998169
   ],
   [
    0.34202414751052856,
    -0.4429405629634857,
    0.8287479281425476
   ]
  ]
 },
 {
  "rotation_euler": [
   -2.2315616607666016,
   0.08081301301717758,
   2.279575824737549
  ],
  "euler_order": "XYZ",
  "rotation_matrix": [
   [
    -0.6487833857536316,
    0.50739586353302,
    -0.5671238899230957
   ],
   [
    0.7566792964935303,
    0.351091593503952,
    -0.551517128944397
   ],
   [
    -0.08072508126497269,
    -0.7869460582733154,
    -0.6117183566093445
   ]
  ]
 },
 {
  "rotation_euler": [
   -0.7568569183349609,
   -0.5440755486488342,
   2.295226812362671
  ],
  "euler_order": "XYZ",
  "rotation_matrix": [
   [
    -0.5670179724693298,
    -0.7799742817878723,
    -0.2648220956325531
   ],
   [
    0.6407437324523926,
    -0.21561948955059052,
    -0.7368552684783936
   ],
   [
    0.5176273584365845,
    -0.5874933004379272,
    0.6220237612724304
   ]
  ]
 },
 {
  "rotation_euler": [
   -0.844645082950592,
   -0.6031531095504761,
   1.5135605335235596
  ],
  "euler_order": "XYZ",
  "rotation_matrix": [
   [
    0.047110870480537415,
    -0.6386462450027466,
    -0.7680569887161255
   ],
   [
    0.8222025632858276,
    0.46143609285354614,
    -0.33325621485710144
   ],
   [
    0.5672420263290405,
    -0.6157984137535095,
    0.5468352437019348
   ]
  ]
 },
 {
  "rotation_euler": [
   -0.3581237196922302,
   -0.2671709954738617,
   -1.1699305772781372
  ],
  "euler_order": "XYZ",
  "rotation_matrix": [
   [
    0.3763713836669922,
    0.8984190225601196,
    0.22624726593494415
   ],
   [
    -0.8880577087402344,
    0.28025689721107483,
    0.36443042755126953
   ],
   [
    0.2640038728713989,
    -0.33808180689811707,
    0.9033286571502686
   ]
  ]
 },
 {
  "rotation_euler": [
   -0.9654491543769836,
   -0.6777230501174927,
   0.949394702911377
  ],
  "euler_order": "XYZ",
  "rotation_matrix": [
   [
    0.45351600646972656,
    -0.16250082850456238,
    -0.8763085603713989
   ],
   [
    0.633378267288208,
    0.7505026459693909,
    0.18862062692642212
   ],
   [
    0.6270208954811096,
    -0.6405772566795349,
    0.44328945875167847
   ]
  ]
 },
 {
  "rotation_euler": [
   -0.3306647539138794,
   -0.257053017616272,
   -2.8271377086639404
  ],
  "euler_order": "XYZ",
  "rotation_matrix": [
   [
    -0.9197196364402771,
    0.2140481173992157,
    0.3290884792804718
   ],
   [
    -0.299135684967041,
    -0.9249782562255859,
    -0.23437806963920593
   ],
   [
    0.2542315125465393,
    -0.31400421261787415,
    0.9147500395774841
   ]
  ]
 },
 {
  "rotation_euler": [
   -2.197674512863159,
   -0.12372119724750519,
   -0.7136056423187256
  ],
  "euler_order": "XYZ",
  "rotation_matrix": [
   [
    0.7502279877662659,
    -0.3084232211112976,
    0.584835946559906
   ],
   [
    -0.6495606303215027,
    -0.5089064240455627,
    0.5648763179779053
   ],
   [
    0.1234058067202568,
    -0.8036724328994751,
    -0.5821354389190674
   ]
  ]
 },
 {
  "rotation_euler": [
   -0.8807398676872253,
   -0.6258814334869385,
   -2.1189966201782227
  ],
  "euler_order": "XYZ",
  "rotation_matrix": [
   [
    -0.422366201877594,
    0.3078504502773285,
    0.8525461554527283
   ],
   [
    -0.691687285900116,
    -0.7173366546630859,
    -0.08364696800708771
   ],
   [
    0.5858118534088135,
    -0.6250249743461609,
    0.5159149765968323
   ]
  ]
 },
 {
  "rotation_euler": [
   0.797832190990448,
   2.777982711791992,
   -1.0275918245315552
  ],
  "euler_order": "XYZ",
  "rotation_matrix": [
   [
    -0.4830876290798187,
    0.7293434143066406,
    -0.48444247245788574
   ],
   [
    0.8000869154930115,
    0.14297430217266083,
    -0.582597017288208
   ],
   [
    -0.3556504547595978,
    -0.6690415143966675,
    -0.652607262134552
   ]
  ]
 },
 {
  "rotation_euler": [
   -2.247584104537964,
   0.1754595786333084,
   -0.24397218227386475
  ],
  "euler_order": "XYZ",
  "rotation_matrix": [
   [
    0.9554871916770935,
    -0.28334200382232666,
    0.08222828060388565
   ],
   [
    -0.23785027861595154,
    -0.5748724341392517,
    0.7829105854034424
   ],
   [
    -0.17456068098545074,
    -0.7676190733909607,
    -0.6166762113571167
   ]
  ]
 },
 {
  "rotation_euler": [
   -2.247175693511963,
   0.17294876277446747,
   -0.6593729853630066
  ],
  "euler_order": "XYZ",
  "rotation_matrix": [
   [
    0.7785853743553162,
    -0.4895547032356262,
    0.3926079571247101
   ],
   [
    -0.6034820675849915,
    -0.4125399887561798,
    0.6823636293411255
   ],
   [
    -0.1720878630876541,
    -0.768210232257843,
    -0.6166350841522217
   ]
  ]
 }
]