[
 {
  "rotation_euler": [
   -0.0001739856816129759,
   1.8008846609518514e-06,
   1.6747171878814697
  ],
  "euler_order": "XYZ",
  "rotation_matrix": [
   [
    -0.10373391211032867,
    -0.9946050643920898,
    -0.00017323385691270232
   ],
   [
    0.9946050643920898,
    -0.10373391211032867,
    -1.625704680918716e-05
   ],
   [
    -1.8008846609518514e-06,
    -0.0001739856816129759,
    1.0
   ]
  ]
 },
 {
  "rotation_euler": [
   -0.00017266972281504422,
   2.8086360543966293e-06,
   -1.17948579788208
  ],
  "euler_order": "XYZ",
  "rotation_matrix": [
   [
    0.3814001977443695,
    0.9244099855422974,
    0.00016068883996922523
   ],
   [
    -0.9244100451469421,
    0.3814001977443695,
    6.325993308564648e-05
   ],
   [
    -2.8086360543966293e-06,
    -0.00017266972281504422,
    1.0
   ]
  ]
 },
 {
  "rotation_euler": [
   -0.00017176232358906418,
   1.5547493603662588e-06,
   -1.91705322265625
  ],
  "euler_order": "XYZ",
  "rotation_matrix": [
   [
    -0.3393792510032654,
    0.9406496286392212,
    0.00016104051610454917
   ],
   [
    -0.9406496286392212,
    -0.3393792510032654,
    -5.9755042457254604e-05
   ],
   [
    -1.5547493603662588e-06,
    -0.00017176232358906418,
    1.0
   ]
  ]
 },
 {
  "rotation_euler": [
   -0.00017469127487856895,
   -1.931204678840004e-06,
   2.955414295196533
  ],
  "euler_order": "XYZ",
  "rotation_matrix": [
   [
    -0.982718825340271,
    -0.18510465323925018,
    -3.0438337489613332e-05
   ],
   [
    0.18510465323925018,
    -0.982718825340271,
    -0.00017202987510245293
   ],
   [
    1.931204678840004e-06,
    -0.00017469127487856895,
    1.0
   ]
  ]
 },
 {
  "rotation_euler": [
   -0.00017452141037210822,
   5.68299719816423e-06,
   1.8679879903793335
  ],
  "euler_order": "XYZ",
  "rotation_matrix": [
   [
    -0.29283612966537476,
    -0.9561626315116882,
    -0.00016853504348546267
   ],
   [
    0.9561626315116882,
    -0.29283612966537476,
    -4.567230644170195e-05
   ],
   [
    -5.68299719816423e-06,
    -0.00017452141037210822,
    1.0
   ]
  ]
 },
 {
  "rotation_euler": [
   -0.0001738629216561094,
   1.6606876442892826e-06,
   -1.0148606300354004
  ],
  "euler_order": "XYZ",
  "rotation_matrix": [
   [
    0.5277383327484131,
    0.8494070172309875,
    0.00014855679182801396
   ],
   [
    -0.8494070172309875,
    0.5277383327484131,
    9.034352842718363e-05
   ],
   [
    -1.6606876442892826e-06,
    -0.0001738629216561094,
    1.0
   ]
  ]
 },
 {
  "rotation_euler": [
   -0.00019311823416501284,
   -9.142478666035458e-05,
   -1.5173975229263306
  ],
  "euler_order": "XYZ",
  "rotation_matrix": [
   [
    0.05337342992424965,
    0.9985746145248413,
    0.00018796330550685525
   ],
   [
    -0.9985746145248413,
    0.05337341129779816,
    0.0001016018504742533
   ],
   [
    9.142478666035458e-05,
    -0.00019311823416501284,
    1.0
   ]
  ]
 },
 {
  "rotation_euler": [
   -0.00017589515482541174,
   9.106328775487782e-07,
   3.0440640449523926
  ],
  "euler_order": "XYZ",
  "rotation_matrix": [
   [
    -0.9952478408813477,
    -0.0973740667104721,
    -1.803393206500914e-05
   ],
   [
    0.0973740667104721,
    -0.9952478408813477,
    -0.00017497059889137745
   ],
   [
    -9.106328775487782e-07,
    -0.00017589515482541174,
    1.0
   ]
  ]
 },
 {
  "rotation_euler": [
   -0.00017407166888006032,
   2.0162691782843467e-07,
   2.368953227996826
  ],
  "euler_order": "XYZ",
  "rotation_matrix": [
   [
    -0.7160707712173462,
    -0.6980276703834534,
    -0.00012165122461738065
   ],
   [
    0.6980276703834534,
    -0.7160707712173462,
    -0.00012450689973775297
   ],
   [
    -2.0162691782843467e-07,
    -0.00017407166888006032,
    1.0
   ]
  ]
 },
 {
  "rotation_euler": [
   -0.00017382075020577759,
   -1.836295950852218e-07,
   3.084838628768921
  ],
  "euler_order": "XYZ",
  "rotation_matrix": [
   [
    -0.9983898997306824,
    -0.05672356113791466,
    -9.676397894509137e-06
   ],
   [
    0.05672356113791466,
    -0.9983898997306824,
    -0.00017355130694340914
   ],
   [
    1.836295950852218e-07,
    -0.00017382075020577759,
    1.0
   ]
  ]
 },
 {
  "rotation_euler": [
   -0.00017279964231420308,
   3.11156986754213e-06,
   0.21378308534622192
  ],
  "euler_order": "XYZ",
  "rotation_matrix": [
   [
    0.9772353172302246,
    -0.21215836703777313,
    -3.3620155591052026e-05
   ],
   [
    0.21215836703777313,
    0.9772352576255798,
    0.0001695260580163449
   ],
   [
    -3.11156986754213e-06,
    -0.00017279964231420308,
    1.0
   ]
  ]
 },
 {
  "rotation_euler": [
   -0.00017424706311430782,
   2.6947416245093336e-06,
   -1.3936004638671875
  ],
  "euler_order": "XYZ",
  "rotation_matrix": [
   [
    0.1762700378894806,
    0.9843418598175049,
    0.00017199368448927999
   ],
   [
    -0.9843418598175049,
    0.1762700378894806,
    2.8061989723937586e-05
   ],
   [
    -2.6947416245093336e-06,
    -0.00017424706311430782,
    1.0
   ]
  ]
 },
 {
  "rotation_euler": [
   -0.00017298130842391402,
   -4.647263267543167e-06,
   0.27457505464553833
  ],
  "euler_order": "XYZ",
  "rotation_matrix": [
   [
    0.9625405073165894,
    -0.27113792300224304,
    -5.137497282703407e-05
   ],
   [
    0.27113792300224304,
    0.9625405073165894,
    0.0001652414648560807
   ],
   [
    4.647263267543167e-06,
    -0.00017298130842391402,
    1.0
   ]
  ]
 },
 {
  "rotation_euler": [
   -0.00017408891289960593,
   1.3155713531887159e-06,
   -0.07636551558971405
  ],
  "euler_order": "XYZ",
  "rotation_matrix": [
   [
    0.9970855712890625,
    0.07629131525754929,
    1.4593209016311448e-05
   ],
   [
    -0.07629131525754929,
    0.9970855712890625,
    0.00017348118126392365
   ],
   [
    -1.3155713531887159e-06,
    -0.00017408891289960593,
    1.0
   ]
  ]
 },
 {
  "rotation_euler": [
   -0.00017407588893547654,
   -3.266829082804179e-07,
   -2.970456123352051
  ],
  "euler_order": "XYZ",
  "rotation_matrix": [
   [
    -0.9853918552398682,
    0.1703023910522461,
    2.9967450245749205e-05
   ],
   [
    -0.1703023910522461,
    -0.9853918552398682,
    -0.00017147732432931662
   ],
   [
    3.266829082804179e-07,
    -0.00017407588893547654,
    1.0
   ]
  ]
 },
 {
  "rotation_euler": [
   -0.0001608193852007389,
   -2.7339899588696426e-06,
   -1.1107537746429443
  ],
  "euler_order": "XYZ",
  "rotation_matrix": [
   [
    0.4439862370491028,
    0.8960335850715637,
    0.00014288572128862143
   ],
   [
    -0.8960335850715637,
    0.4439862370491028,
    7.38513408578001e-05
   ],
   [
    2.7339899588696426e-06,
    -0.0001608193852007389,
    1.0
   ]
  ]
 }
]