[
 {
  "rotation_euler": [
   1.5915734767913818,
   -0.31222081184387207,
   1.8496263027191162
  ],
  "euler_order": "XYZ",
  "rotation_matrix": [
   [
    -0.2619246244430542,
    0.1044984981417656,
    0.9594141840934753
   ],
   [
    0.9148991107940674,
    -0.28952741622924805,
    0.28130683302879333
   ],
   [
    0.30717283487319946,
    0.9514483213424683,
    -0.019771229475736618
   ]
  ]
 },
 {
  "rotation_euler": [
   1.5916436910629272,
   0.26559752225875854,
   0.9076297283172607
  ],
  "euler_order": "XYZ",
  "rotation_matrix": [
   [
    0.5940293073654175,
    0.17798273265361786,
    0.7845070362091064
   ],
   [
    0.7604146003723145,
    0.19397318363189697,
    -0.6197935938835144
   ],
   [
    -0.26248589158058167,
    0.9647261500358582,
    -0.02011491172015667
   ]
  ]
 },
 {
  "rotation_euler": [
   1.5915734767913818,
   -0.3122207224369049,
   0.5420023202896118
  ],
  "euler_order": "XYZ",
  "rotation_matrix": [
   [
    0.8152603507041931,
    -0.2523740231990814,
    0.5212081074714661
   ],
   [
    0.49091285467147827,
    -0.1762196272611618,
    -0.8532005548477173
   ],
   [
    0.3071727454662323,
    0.951448380947113,
    -0.019771231338381767
   ]
  ]
 },
 {
  "rotation_euler": [
   1.5915734767913818,
   -0.3122207224369049,
   2.7683050632476807
  ],
  "euler_order": "XYZ",
  "rotation_matrix": [
   [
    -0.8861166834831238,
    0.2935335338115692,
    0.3586576282978058
   ],
   [
    0.34704774618148804,
    -0.09265023469924927,
    0.9332597851753235
   ],
   [
    0.3071727454662323,
    0.951448380947113,
    -0.019771231338381767
   ]
  ]
 },
 {
  "rotation_euler": [
   1.5966485738754272,
   0.297510027885437,
   -1.6754546165466309
  ],
  "euler_order": "XYZ",
  "rotation_matrix": [
   [
    -0.09987802058458328,
    -0.05632130429148674,
    -0.9934043884277344
   ],
   [
    -0.950838029384613,
    -0.2887387275695801,
    0.11196846514940262
   ],
   [
    -0.2931405305862427,
    0.9557498693466187,
    -0.02471378818154335
   ]
  ]
 },
 {
  "rotation_euler": [
   1.5916435718536377,
   0.2655976116657257,
   1.6679326295852661
  ],
  "euler_order": "XYZ",
  "rotation_matrix": [
   [
    -0.09358296543359756,
    -0.0047038402408361435,
    0.9956004023551941
   ],
   [
    0.9603870511054993,
    0.26321354508399963,
    0.09151662886142731
   ],
   [
    -0.26248598098754883,
    0.9647261500358582,
    -0.020114796236157417
   ]
  ]
 },
 {
  "rotation_euler": [
   1.5916434526443481,
   0.2655974328517914,
   2.2521982192993164
  ],
  "euler_order": "XYZ",
  "rotation_matrix": [
   [
    -0.6077961921691895,
    -0.14910869300365448,
    0.7799682021141052
   ],
   [
    0.7494564652442932,
    0.21695619821548462,
    0.6254957914352417
   ],
   [
    -0.2624858021736145,
    0.9647262096405029,
    -0.020114682614803314
   ]
  ]
 },
 {
  "rotation_euler": [
   1.5915734767913818,
   -0.3122206926345825,
   -0.4496632516384125
  ],
  "euler_order": "XYZ",
  "rotation_matrix": [
   [
    0.8570532202720642,
    -0.2856084406375885,
    -0.4288211464881897
   ],
   [
    -0.41364800930023193,
    0.11477716267108917,
    -0.90317302942276
   ],
   [
    0.3071727156639099,
    0.951448380947113,
    -0.019771231338381767
   ]
  ]
 },
 {
  "rotation_euler": [
   1.5916434526443481,
   0.26559755206108093,
   -2.5223770141601562
  ],
  "euler_order": "XYZ",
  "rotation_matrix": [
   [
    -0.7857800126075745,
    -0.2258034646511078,
    -0.5758147239685059
   ],
   [
    -0.5600454807281494,
    -0.13533753156661987,
    0.8173327445983887
   ],
   [
    -0.26248592138290405,
    0.9647261500358582,
    -0.020114680752158165
   ]
  ]
 },
 {
  "rotation_euler": [
   1.5917248725891113,
   0.2656557559967041,
   -2.2298781871795654
  ],
  "euler_order": "XYZ",
  "rotation_matrix": [
   [
    -0.590908944606781,
    -0.17728722095489502,
    -0.7870171070098877
   ],
   [
    -0.7628225684165955,
    -0.194692924618721,
    0.6166006326675415
   ],
   [
    -0.26254206895828247,
    0.9647092223167419,
    -0.020192909985780716
   ]
  ]
 },
 {
  "rotation_euler": [
   1.5916435718536377,
   0.26559755206108093,
   0.6903108358383179
  ],
  "euler_order": "XYZ",
  "rotation_matrix": [
   [
    0.7440119385719299,
    0.21561937034130096,
    0.6324195861816406
   ],
   [
    0.6144488453865051,
    0.15103557705879211,
    -0.7743648290634155
   ],
   [
    -0.26248592138290405,
    0.9647261500358582,
    -0.020114796236157417
   ]
  ]
 },
 {
  "rotation_euler": [
   -1.547803521156311,
   2.931692600250244,
   0.07960561662912369
  ],
  "euler_order": "XYZ",
  "rotation_matrix": [
   [
    -0.9749544262886047,
    -0.20947565138339996,
    -0.07472530752420425
   ],
   [
    -0.07777620851993561,
    0.006353066768497229,
    0.996950626373291
   ],
   [
    -0.2083621472120285,
    0.9777932167053223,
    -0.02248617261648178
   ]
  ]
 },
 {
  "rotation_euler": [
   1.5916435718536377,
   0.26559755206108093,
   2.6818013191223145
  ],
  "euler_order": "XYZ",
  "rotation_matrix": [
   [
    -0.8647225499153137,
    -0.2259238362312317,
    0.4485681354999542
   ],
   [
    0.42820098996162415,
    0.13513652980327606,
    0.8935222625732422
   ],
   [
    -0.26248592138290405,
    0.9647261500358582,
    -0.020114796236157417
   ]
  ]
 },
 {
  "rotation_euler": [
   1.5916436910629272,
   0.26559752225875854,
   1.0604090690612793
  ],
  "euler_order": "XYZ",
  "rotation_matrix": [
   [
    0.47138580679893494,
    0.14638963341712952,
    0.8696927428245544
   ],
   [
    0.8419599533081055,
    0.21880018711090088,
    -0.493183434009552
   ],
   [
    -0.26248589158058167,
    0.9647261500358582,
    -0.02011491172015667
   ]
  ]
 },
 {
  "rotation_euler": [
   1.5915734767913818,
   -0.3122207820415497,
   1.815587043762207
  ],
  "euler_order": "XYZ",
  "rotation_matrix": [
   [
    -0.23063641786575317,
    0.09458456188440323,
    0.9684320092201233
   ],
   [
    0.9232831001281738,
    -0.29291602969169617,
    0.24849244952201843
   ],
   [
    0.3071728050708771,
    0.9514483213424683,
    -0.019771229475736618
   ]
  ]
 },
 {
  "rotation_euler": [
   1.5916435718536377,
   0.26559755206108093,
   1.3740451335906982
  ],
  "euler_order": "XYZ",
  "rotation_matrix": [
   [
    0.18862974643707275,
    0.07174426317214966,
    0.9794241189956665
   ],
   [
    0.9463191628456116,
    0.2532907724380493,
    -0.20080791413784027
   ],
   [
    -0.26248592138290405,
    0.9647261500358582,
    -0.020114796236157417
   ]
  ]
 }
]