[
 {
  "rotation_euler": [
   1.2158030271530151,
   1.6846747398376465,
   0.28207647800445557
  ],
  "euler_order": "XYZ",
  "rotation_matrix": [
   [
    -0.10914163291454315,
    0.7980089783668518,
    0.5926801562309265
   ],
   [
    -0.031629662960767746,
    0.5931520462036133,
    -0.8044688701629639
   ],
   [
    -0.9935228824615479,
    -0.10654731839895248,
    -0.039496827870607376
   ]
  ]
 },
 {
  "rotation_euler": [
   1.0909857749938965,
   1.7004021406173706,
   -1.247330904006958
  ],
  "euler_order": "XYZ",
  "rotation_matrix": [
   [
    -0.04108051210641861,
    0.717269778251648,
    -0.6955835223197937
   ],
   [
    0.1225406676530838,
    -0.6872987151145935,
    -0.7159638404846191
   ],
   [
    -0.9916129112243652,
    -0.11464942991733551,
    -0.059660132974386215
   ]
  ]
 },
 {
  "rotation_euler": [
   -1.95346200466156,
   1.4539202451705933,
   -0.18450473248958588
  ],
  "euler_order": "XYZ",
  "rotation_matrix": [
   [
    0.11463097482919693,
    -0.9742088913917542,
    -0.19436244666576385
   ],
   [
    -0.021393267437815666,
    -0.19802768528461456,
    0.979962944984436
   ],
   [
    -0.9931777715682983,
    -0.10817606002092361,
    -0.043541617691516876
   ]
  ]
 },
 {
  "rotation_euler": [
   -0.00011721873306669295,
   -2.0146067981841043e-05,
   2.144742250442505
  ],
  "euler_order": "XYZ",
  "rotation_matrix": [
   [
    -0.542949914932251,
    -0.8397650718688965,
    -8.749789412831888e-05
   ],
   [
    0.8397650718688965,
    -0.542949914932251,
    -8.056186197791249e-05
   ],
   [
    2.0146067981841043e-05,
    -0.00011721873306669295,
    1.0
   ]
  ]
 },
 {
  "rotation_euler": [
   1.0910438299179077,
   1.7003949880599976,
   1.4656856060028076
  ],
  "euler_order": "XYZ",
  "rotation_matrix": [
   [
    -0.013559108600020409,
    -0.36671969294548035,
    0.9302326440811157
   ],
   [
    -0.12852291762828827,
    0.9232403635978699,
    0.3620898127555847
   ],
   [
    -0.9916138648986816,
    -0.11464660614728928,
    -0.059650201350450516
   ]
  ]
 },
 {
  "rotation_euler": [
   -0.00011737083696061745,
   7.285575520654675e-06,
   -1.0595682859420776
  ],
  "euler_order": "XYZ",
  "rotation_matrix": [
   [
    0.4892486333847046,
    0.872144341468811,
    0.0001059287678799592
   ],
   [
    -0.872144341468811,
    0.4892486333847046,
    5.1069448090856895e-05
   ],
   [
    -7.285575520654675e-06,
    -0.00011737083696061745,
    1.0
   ]
  ]
 },
 {
  "rotation_euler": [
   1.0904639959335327,
   -1.7001913785934448,
   -1.0528931617736816
  ],
  "euler_order": "XYZ",
  "rotation_matrix": [
   [
    -0.06387962400913239,
    -0.03389168903231621,
    -0.9973819255828857
   ],
   [
    0.1121126115322113,
    0.9928526878356934,
    -0.04091829061508179
   ],
   [
    0.9916401505470276,
    -0.1144329383969307,
    -0.05962337553501129
   ]
  ]
 },
 {
  "rotation_euler": [
   -0.0001203698047902435,
   3.642709270934574e-05,
   -2.241654872894287
  ],
  "euler_order": "XYZ",
  "rotation_matrix": [
   [
    -0.6216586828231812,
    0.7832882404327393,
    7.163903501350433e-05
   ],
   [
    -0.7832882404327393,
    -0.6216586828231812,
    -0.00010336184641346335
   ],
   [
    -3.642709270934574e-05,
    -0.0001203698047902435,
    1.0
   ]
  ]
 },
 {
  "rotation_euler": [
   -0.00011728865501936525,
   -1.904113742057234e-05,
   -2.1837880611419678
  ],
  "euler_order": "XYZ",
  "rotation_matrix": [
   [
    -0.5753170847892761,
    0.8179304599761963,
    0.00010688865586416796
   ],
   [
    -0.8179304599761963,
    -0.5753170847892761,
    -5.1903836720157415e-05
   ],
   [
    1.904113742057234e-05,
    -0.00011728865501936525,
    1.0
   ]
  ]
 },
 {
  "rotation_euler": [
   1.0910422801971436,
   1.7003936767578125,
   -1.6248406171798706
  ],
  "euler_order": "XYZ",
  "rotation_matrix": [
   [
    0.006981007754802704,
    0.41336914896965027,
    -0.9105367660522461
   ],
   [
    0.12904618680477142,
    -0.9033174514770508,
    -0.40910229086875916
   ],
   [
    -0.9916139841079712,
    -0.11464535444974899,
    -0.05964978039264679
   ]
  ]
 },
 {
  "rotation_euler": [
   1.0909818410873413,
   1.7004027366638184,
   -0.6017566323280334
  ],
  "euler_order": "XYZ",
  "rotation_matrix": [
   [
    -0.106541208922863,
    0.9864410758018494,
    -0.12483171373605728
   ],
   [
    0.07316384464502335,
    -0.11742839217185974,
    -0.9903825521469116
   ],
   [
    -0.9916128516197205,
    -0.11464972048997879,
    -0.05966085568070412
   ]
  ]
 },
 {
  "rotation_euler": [
   -2.0511913299560547,
   -1.4413915872573853,
   0.19082669913768768
  ],
  "euler_order": "XYZ",
  "rotation_matrix": [
   [
    0.1267014443874359,
    0.9510870575904846,
    0.28174474835395813
   ],
   [
    0.024475837126374245,
    -0.2869448959827423,
    0.9576343297958374
   ],
   [
    0.9916388988494873,
    -0.11443772166967392,
    -0.0596349835395813
   ]
  ]
 },
 {
  "rotation_euler": [
   1.091071605682373,
   1.7003918886184692,
   -1.3535218238830566
  ],
  "euler_order": "XYZ",
  "rotation_matrix": [
   [
    -0.02785865217447281,
    0.6403160095214844,
    -0.7676061987876892
   ],
   [
    0.12619465589523315,
    -0.7595075964927673,
    -0.6381403207778931
   ],
   [
    -0.9916142225265503,
    -0.11464553326368332,
    -0.059645600616931915
   ]
  ]
 },
 {
  "rotation_euler": [
   -2.050532579421997,
   1.441200613975525,
   -0.5443873405456543
  ],
  "euler_order": "XYZ",
  "rotation_matrix": [
   [
    0.11055190861225128,
    -0.9915470480918884,
    0.06791698932647705
   ],
   [
    -0.06692913919687271,
    0.06075336039066315,
    0.9959063529968262
   ],
   [
    -0.9916142225265503,
    -0.11464497447013855,
    -0.05964699015021324
   ]
  ]
 },
 {
  "rotation_euler": [
   -0.00011728840763680637,
   -1.9203065676265396e-05,
   0.9691816568374634
  ],
  "euler_order": "XYZ",
  "rotation_matrix": [
   [
    0.5659743547439575,
    -0.8244228363037109,
    -0.00010756368283182383
   ],
   [
    0.8244228363037109,
    0.5659743547439575,
    5.0550788728287444e-05
   ],
   [
    1.9203065676265396e-05,
    -0.00011728840763680637,
    1.0
   ]
  ]
 },
 {
  "rotation_euler": [
   1.0910791158676147,
   1.7003909349441528,
   1.1616483926773071
  ],
  "euler_order": "XYZ",
  "rotation_matrix": [
   [
    -0.05141213908791542,
    -0.07347020506858826,
    0.9959713220596313
   ],
   [
    -0.11856535822153091,
    0.9906859397888184,
    0.06695995479822159
   ],
   [
    -0.9916143417358398,
    -0.11464513838291168,
    -0.05964430421590805
   ]
  ]
 }
]