[
 {
  "rotation_euler": [
   1.6612608432769775,
   -2.3424098216651146e-09,
   -0.029989566653966904
  ],
  "euler_order": "XYZ",
  "rotation_matrix": [
   [
    0.9995503425598145,
    -0.0027088888455182314,
    -0.029862457886338234
   ],
   [
    -0.02998507209122181,
    -0.090300552546978,
    -0.9954630732536316
   ],
   [
    2.3424098216651146e-09,
    0.9959108829498291,
    -0.09034117311239243
   ]
  ]
 },
 {
  "rotation_euler": [
   -0.00018275226466357708,
   8.689844435139094e-07,
   -1.0597522258758545
  ],
  "euler_order": "XYZ",
  "rotation_matrix": [
   [
    0.4890882074832916,
    0.8722342848777771,
    0.00015982780314516276
   ],
   [
    -0.8722343444824219,
    0.4890882074832916,
    8.86240231920965e-05
   ],
   [
    -8.689844435139094e-07,
    -0.00018275226466357708,
    1.0
   ]
  ]
 },
 {
  "rotation_euler": [
   -0.00018104849732480943,
   2.1885578860292298e-07,
   1.6740412712097168
  ],
  "euler_order": "XYZ",
  "rotation_matrix": [
   [
    -0.10306161642074585,
    -0.9946749806404114,
    -0.00018010695930570364
   ],
   [
    0.9946749806404114,
    -0.10306161642074585,
    -1.8441460269968957e-05
   ],
   [
    -2.1885578860292298e-07,
    -0.00018104849732480943,
    1.0
   ]
  ]
 },
 {
  "rotation_euler": [
   -0.0001845368096837774,
   6.596312829287854e-08,
   -2.248412847518921
  ],
  "euler_order": "XYZ",
  "rotation_matrix": [
   [
    -0.6269379258155823,
    0.779069185256958,
    0.00014372559962794185
   ],
   [
    -0.7790692448616028,
    -0.6269379258155823,
    -0.00011574450763873756
   ],
   [
    -6.596312829287854e-08,
    -0.0001845368096837774,
    1.0
   ]
  ]
 },
 {
  "rotation_euler": [
   -0.0001833077985793352,
   5.11400514824345e-07,
   1.517174243927002
  ],
  "euler_order": "XYZ",
  "rotation_matrix": [
   [
    0.053596388548612595,
    -0.9985626339912415,
    -0.0001830169203458354
   ],
   [
    0.9985626935958862,
    0.053596388548612595,
    1.0335301340091974e-05
   ],
   [
    -5.11400514824345e-07,
    -0.0001833077985793352,
    1.0
   ]
  ]
 },
 {
  "rotation_euler": [
   -1.4803317785263062,
   -3.1415927410125732,
   -0.05011645331978798
  ],
  "euler_order": "XYZ",
  "rotation_matrix": [
   [
    -0.9987444281578064,
    0.00452559906989336,
    0.04989063739776611
   ],
   [
    0.05009547621011734,
    0.09022778272628784,
    0.9946604371070862
   ],
   [
    -8.742277657347586e-08,
    0.9959108829498291,
    -0.09034121036529541
   ]
  ]
 },
 {
  "rotation_euler": [
   -0.00018279837968293577,
   7.032951998553472e-07,
   2.4505813121795654
  ],
  "euler_order": "XYZ",
  "rotation_matrix": [
   [
    -0.7706018686294556,
    -0.6373168230056763,
    -0.0001170424438896589
   ],
   [
    0.6373168230056763,
    -0.7706018686294556,
    -0.00014041655231267214
   ],
   [
    -7.032951998553472e-07,
    -0.00018279837968293577,
    1.0
   ]
  ]
 },
 {
  "rotation_euler": [
   -0.00018226495012640953,
   -2.4750235638748563e-08,
   -1.3359594345092773
  ],
  "euler_order": "XYZ",
  "rotation_matrix": [
   [
    0.23268435895442963,
    0.9725522994995117,
    0.00017725644283927977
   ],
   [
    -0.9725522994995117,
    0.23268435895442963,
    4.243427247274667e-05
   ],
   [
    2.4750235638748563e-08,
    -0.00018226495012640953,
    1.0
   ]
  ]
 },
 {
  "rotation_euler": [
   -0.0001818462333176285,
   -1.0826630614246824e-06,
   -1.984874963760376
  ],
  "euler_order": "XYZ",
  "rotation_matrix": [
   [
    -0.4023466110229492,
    0.9154874086380005,
    0.00016691353812348098
   ],
   [
    -0.9154874086380005,
    -0.4023466110229492,
    -7.217405072879046e-05
   ],
   [
    1.0826630614246824e-06,
    -0.0001818462333176285,
    1.0
   ]
  ]
 },
 {
  "rotation_euler": [
   -0.00018240934878122061,
   -3.9542147334259425e-08,
   2.3068270683288574
  ],
  "euler_order": "XYZ",
  "rotation_matrix": [
   [
    -0.671351432800293,
    -0.7411391735076904,
    -0.00013516416947823018
   ],
   [
    0.7411391735076904,
    -0.671351432800293,
    -0.00012249007704667747
   ],
   [
    3.9542147334259425e-08,
    -0.00018240934878122061,
    1.0
   ]
  ]
 },
 {
  "rotation_euler": [
   -0.00018353221821598709,
   -8.24156032308565e-08,
   1.346774697303772
  ],
  "euler_order": "XYZ",
  "rotation_matrix": [
   [
    0.22215254604816437,
    -0.9750118851661682,
    -0.00017896441568154842
   ],
   [
    0.975011944770813,
    0.22215254604816437,
    4.069179340149276e-05
   ],
   [
    8.24156032308565e-08,
    -0.00018353221821598709,
    1.0
   ]
  ]
 },
 {
  "rotation_euler": [
   -0.00018454949895385653,
   3.6759874433300865e-07,
   2.2052111625671387
  ],
  "euler_order": "XYZ",
  "rotation_matrix": [
   [
    -0.5927063226699829,
    -0.8054186701774597,
    -0.00014885749260429293
   ],
   [
    0.8054186701774597,
    -0.5927063226699829,
    -0.00010908758122241125
   ],
   [
    -3.6759874433300865e-07,
    -0.00018454949895385653,
    1.0
   ]
  ]
 },
 {
  "rotation_euler": [
   -0.00018066962365992367,
   -2.422353873043903e-07,
   -0.7691787481307983
  ],
  "euler_order": "XYZ",
  "rotation_matrix": [
   [
    0.7184821367263794,
    0.6955454349517822,
    0.00012548988161142915
   ],
   [
    -0.6955454349517822,
    0.7184821367263794,
    0.00012997638259548694
   ],
   [
    2.422353873043903e-07,
    -0.00018066962365992367,
    1.0
   ]
  ]
 },
 {
  "rotation_euler": [
   -0.00018438618280924857,
   1.9389715077977598e-07,
   -0.8970001935958862
  ],
  "euler_order": "XYZ",
  "rotation_matrix": [
   [
    0.6239569783210754,
    0.7814586758613586,
    0.000144211167935282
   ],
   [
    -0.7814586758613586,
    0.6239569783210754,
    0.0001148975279647857
   ],
   [
    -1.9389715077977598e-07,
    -0.00018438618280924857,
    1.0
   ]
  ]
 },
 {
  "rotation_euler": [
   -0.00018298042414244264,
   -2.2887689965500613e-08,
   -1.2025119066238403
  ],
  "euler_order": "XYZ",
  "rotation_matrix": [
   [
    0.3600154221057892,
    0.9329463243484497,
    0.00017070268222596496
   ],
   [
    -0.9329463243484497,
    0.3600154221057892,
    6.58971257507801e-05
   ],
   [
    2.2887689965500613e-08,
    -0.00018298042414244264,
    1.0
   ]
  ]
 },
 {
  "rotation_euler": [
   -0.0001824761275202036,
   -3.3531497933836363e-07,
   2.4900336265563965
  ],
  "euler_order": "XYZ",
  "rotation_matrix": [
   [
    -0.7951393127441406,
    -0.6064267754554749,
    -0.00011039178934879601
   ],
   [
    0.6064267754554749,
    -0.7951393127441406,
    -0.00014529729378409684
   ],
   [
    3.3531497933836363e-07,
    -0.0001824761275202036,
    1.0
   ]
  ]
 }
]