[
 {
  "rotation_euler": [
   -1.1321372994643752e-06,
   1.1641184904931379e-08,
   2.1352458000183105
  ],
  "euler_order": "XYZ",
  "rotation_matrix": [
   [
    -0.5349507927894592,
    -0.8448832035064697,
    -9.627513009036193e-07
   ],
   [
    0.8448832035064697,
    -0.5349507927894592,
    -5.958022484264802e-07
   ],
   [
    -1.1641184904931379e-08,
    -1.1321372994643752e-06,
    1.0
   ]
  ]
 },
 {
  "rotation_euler": [
   -6.841592039563693e-07,
   -2.3263376647264522e-07,
   -2.9974095821380615
  ],
  "euler_order": "XYZ",
  "rotation_matrix": [
   [
    -0.9896236062049866,
    0.1436840295791626,
    3.285226171101385e-07
   ],
   [
    -0.1436840295791626,
    -0.9896236062049866,
    -6.436343369387032e-07
   ],
   [
    2.3263376647264522e-07,
    -6.841592039563693e-07,
    1.0
   ]
  ]
 },
 {
  "rotation_euler": [
   6.7880714595958125e-06,
   -8.228734600379539e-07,
   2.018136978149414
  ],
  "euler_order": "XYZ",
  "rotation_matrix": [
   [
    -0.43256938457489014,
    -0.9016006588935852,
    6.476079306594329e-06
   ],
   [
    0.9016006588935852,
    -0.43256938457489014,
    2.1944088075542822e-06
   ],
   [
    8.228734600379539e-07,
    6.7880714595958125e-06,
    1.0
   ]
  ]
 },
 {
  "rotation_euler": [
   2.535015710236621e-06,
   2.9872367690586543e-07,
   1.8301681280136108
  ],
  "euler_order": "XYZ",
  "rotation_matrix": [
   [
    -0.2564734220504761,
    -0.9665513038635254,
    2.373607912886655e-06
   ],
   [
    0.9665513038635254,
    -0.2564734220504761,
    9.388958801537228e-07
   ],
   [
    -2.9872367690586543e-07,
    2.535015710236621e-06,
    1.0
   ]
  ]
 },
 {
  "rotation_euler": [
   -1.128104258896201e-06,
   -2.6660680774170942e-08,
   1.2345775365829468
  ],
  "euler_order": "XYZ",
  "rotation_matrix": [
   [
    0.3299199640750885,
    -0.9440088868141174,
    -1.073736370926781e-06
   ],
   [
    0.9440088868141174,
    0.3299199640750885,
    3.4701619711086096e-07
   ],
   [
    2.6660680774170942e-08,
    -1.128104258896201e-06,
    1.0
   ]
  ]
 },
 {
  "rotation_euler": [
   2.904754410337773e-06,
   5.5886388850012736e-08,
   -1.6469800472259521
  ],
  "euler_order": "XYZ",
  "rotation_matrix": [
   [
    -0.07611005008220673,
    0.9970993995666504,
    -2.9005825581407407e-06
   ],
   [
    -0.9970993995666504,
    -0.07611005008220673,
    1.6535670965822646e-07
   ],
   [
    -5.5886388850012736e-08,
    2.904754410337773e-06,
    1.0
   ]
  ]
 },
 {
  "rotation_euler": [
   2.7624532776826527e-06,
   -5.437881895886676e-07,
   -0.10715112835168839
  ],
  "euler_order": "XYZ",
  "rotation_matrix": [
   [
    0.9942647814750671,
    0.10694620758295059,
    -8.36103367873875e-07
   ],
   [
    -0.10694620758295059,
    0.9942647814750671,
    -2.688454060262302e-06
   ],
   [
    5.437881895886676e-07,
    2.7624532776826527e-06,
    1.0
   ]
  ]
 },
 {
  "rotation_euler": [
   -4.305892616685014e-06,
   5.492466357281955e-07,
   -0.49360188841819763
  ],
  "euler_order": "XYZ",
  "rotation_matrix": [
   [
    0.8806319832801819,
    0.4738008975982666,
    2.5238198304577963e-06
   ],
   [
    -0.4738008975982666,
    0.8806319832801819,
    3.5316732009960106e-06
   ],
   [
    -5.492466357281955e-07,
    -4.305892616685014e-06,
    1.0
   ]
  ]
 },
 {
  "rotation_euler": [
   3.538016017046175e-06,
   8.899882004698156e-07,
   1.164933443069458
  ],
  "euler_order": "XYZ",
  "rotation_matrix": [
   [
    0.3948116898536682,
    -0.9187620878219604,
    3.601972593969549e-06
   ],
   [
    0.9187620878219604,
    0.3948116898536682,
    -5.791627017970313e-07
   ],
   [
    -8.899882004698156e-07,
    3.538016017046175e-06,
    1.0
   ]
  ]
 },
 {
  "rotation_euler": [
   4.160778189543635e-06,
   -7.530812951017651e-08,
   -2.193958044052124
  ],
  "euler_order": "XYZ",
  "rotation_matrix": [
   [
    -0.5836055278778076,
    0.8120373487472534,
    -3.3347569114994258e-06
   ],
   [
    -0.8120373487472534,
    -0.5836055278778076,
    2.489406142558437e-06
   ],
   [
    7.530812951017651e-08,
    4.160778189543635e-06,
    1.0
   ]
  ]
 },
 {
  "rotation_euler": [
   9.971324743673904e-07,
   5.329922458940928e-08,
   -0.008887805975973606
  ],
  "euler_order": "XYZ",
  "rotation_matrix": [
   [
    0.9999604821205139,
    0.008887688629329205,
    4.4434916190994045e-08
   ],
   [
    -0.008887688629329205,
    0.9999604821205139,
    -9.97566758087487e-07
   ],
   [
    -5.329922458940928e-08,
    9.971324743673904e-07,
    1.0
   ]
  ]
 },
 {
  "rotation_euler": [
   -6.307946023298427e-07,
   -9.337046691371143e-09,
   -1.2531414031982422
  ],
  "euler_order": "XYZ",
  "rotation_matrix": [
   [
    0.3123396635055542,
    0.9499704837799072,
    5.963199214420456e-07
   ],
   [
    -0.9499704837799072,
    0.3123396635055542,
    2.0589209270838182e-07
   ],
   [
    9.337046691371143e-09,
    -6.307946023298427e-07,
    1.0
   ]
  ]
 },
 {
  "rotation_euler": [
   -5.036050879425602e-06,
   -8.504765673933434e-07,
   2.725351572036743
  ],
  "euler_order": "XYZ",
  "rotation_matrix": [
   [
    -0.9146152138710022,
    -0.40432536602020264,
    -1.2583442412505974e-06
   ],
   [
    0.40432536602020264,
    -0.9146152138710022,
    -4.949918093188899e-06
   ],
   [
    8.504765673933434e-07,
    -5.036050879425602e-06,
    1.0
   ]
  ]
 },
 {
  "rotation_euler": [
   -7.866129863032256e-07,
   1.0076985290652374e-07,
   -2.181037425994873
  ],
  "euler_order": "XYZ",
  "rotation_matrix": [
   [
    -0.5730650424957275,
    0.8195098638534546,
    5.86889427722781e-07
   ],
   [
    -0.8195098638534546,
    -0.5730650424957275,
    -5.333623107617314e-07
   ],
   [
    -1.0076985290652374e-07,
    -7.866129863032256e-07,
    1.0
   ]
  ]
 },
 {
  "rotation_euler": [
   2.9103334782121237e-06,
   4.984194035273504e-08,
   0.8326066136360168
  ],
  "euler_order": "XYZ",
  "rotation_matrix": [
   [
    0.6729499697685242,
    -0.739687979221344,
    2.1862799712835113e-06
   ],
   [
    0.739687979221344,
    0.6729499697685242,
    -1.9216413420508616e-06
   ],
   [
    -4.984194035273504e-08,
    2.9103334782121237e-06,
    1.0
   ]
  ]
 },
 {
  "rotation_euler": [
   2.5970673505071318e-06,
   -2.476873248724587e-07,
   -0.46316322684288025
  ],
  "euler_order": "XYZ",
  "rotation_matrix": [
   [
    0.8946437239646912,
    0.4467802941799164,
    -1.3819104651702219e-06
   ],
   [
    -0.4467802941799164,
    0.8946437239646912,
    -2.212788103861385e-06
   ],
   [
    2.476873248724587e-07,
    2.5970673505071318e-06,
    1.0
   ]
  ]
 }
]