[
 {
  "rotation_euler": [
   1.4199659824371338,
   1.0054072141647339,
   1.669998049736023
  ],
  "euler_order": "XYZ",
  "rotation_matrix": [
   [
    -0.053059641271829605,
    -0.232197567820549,
    0.9712203741073608
   ],
   [
    0.5331104397773743,
    0.8158078789710999,
    0.22416670620441437
   ],
   [
    -0.8443801999092102,
    0.5296618938446045,
    0.08050047606229782
   ]
  ]
 },
 {
  "rotation_euler": [
   1.4603748321533203,
   0.0461103580892086,
   0.2818978428840637
  ],
  "euler_order": "XYZ",
  "rotation_matrix": [
   [
    0.9595082998275757,
    0.013350442983210087,
    0.281363844871521
   ],
   [
    0.2778834104537964,
    0.11859197169542313,
    -0.9532663822174072
   ],
   [
    -0.04609401896595955,
    0.9928533434867859,
    0.11008010804653168
   ]
  ]
 },
 {
  "rotation_euler": [
   -1.7216273546218872,
   2.13618540763855,
   0.10318903625011444
  ],
  "euler_order": "XYZ",
  "rotation_matrix": [
   [
    -0.5328946113586426,
    -0.8148754239082336,
    -0.228038027882576
   ],
   [
    -0.05518488958477974,
    -0.23544925451278687,
    0.9703186750411987
   ],
   [
    -0.8443801999092102,
    0.5296618342399597,
    0.08050083369016647
   ]
  ]
 },
 {
  "rotation_euler": [
   1.4199655055999756,
   1.0054080486297607,
   -1.645758867263794
  ],
  "euler_order": "XYZ",
  "rotation_matrix": [
   [
    -0.0401231087744236,
    0.08731789886951447,
    -0.9953721761703491
   ],
   [
    -0.5342391133308411,
    -0.8437029123306274,
    -0.0524778887629509
   ],
   [
    -0.8443806171417236,
    0.5296611785888672,
    0.08050061762332916
   ]
  ]
 },
 {
  "rotation_euler": [
   1.4199652671813965,
   1.0054072141647339,
   0.7335903644561768
  ],
  "euler_order": "XYZ",
  "rotation_matrix": [
   [
    0.39793771505355835,
    0.5194589495658875,
    0.7561798095703125
   ],
   [
    0.35870271921157837,
    0.6705375909805298,
    -0.6493933200836182
   ],
   [
    -0.8443801999092102,
    0.5296618938446045,
    0.08050085604190826
   ]
  ]
 },
 {
  "rotation_euler": [
   1.419965147972107,
   1.0054070949554443,
   1.5898821353912354
  ],
  "euler_order": "XYZ",
  "rotation_matrix": [
   [
    -0.010224496945738792,
    -0.16616429388523102,
    0.9860450625419617
   ],
   [
    0.535646915435791,
    0.8317738175392151,
    0.14572136104106903
   ],
   [
    -0.8443801403045654,
    0.5296619534492493,
    0.08050093054771423
   ]
  ]
 },
 {
  "rotation_euler": [
   1.4199655055999756,
   1.0054070949554443,
   -2.0593433380126953
  ],
  "euler_order": "XYZ",
  "rotation_matrix": [
   [
    -0.2514481246471405,
    -0.2591232359409332,
    -0.9325389862060547
   ],
   [
    -0.47307083010673523,
    -0.8076591491699219,
    0.3519810438156128
   ],
   [
    -0.8443801403045654,
    0.529662013053894,
    0.08050074428319931
   ]
  ]
 },
 {
  "rotation_euler": [
   1.4199657440185547,
   1.0054073333740234,
   -1.3475643396377563
  ],
  "euler_order": "XYZ",
  "rotation_matrix": [
   [
    0.11860445141792297,
    0.3313397169113159,
    -0.9360272288322449
   ],
   [
    -0.5224509239196777,
    -0.7808151841163635,
    -0.34259697794914246
   ],
   [
    -0.844380259513855,
    0.5296617746353149,
    0.08050058782100677
   ]
  ]
 },
 {
  "rotation_euler": [
   -1.7216274738311768,
   2.1361846923828125,
   -0.5778365135192871
  ],
  "euler_order": "XYZ",
  "rotation_matrix": [
   [
    -0.44876381754875183,
    -0.7813360095024109,
    0.43373391032218933
   ],
   [
    0.2926301956176758,
    0.330110639333725,
    0.8974377512931824
   ],
   [
    -0.8443806171417236,
    0.529661238193512,
    0.08050080388784409
   ]
  ]
 },
 {
  "rotation_euler": [
   1.4528981447219849,
   1.5136294678086415e-05,
   -0.3399809002876282
  ],
  "euler_order": "XYZ",
  "rotation_matrix": [
   [
    0.9427610635757446,
    0.03923855349421501,
    -0.33115246891975403
   ],
   [
    -0.33346909284591675,
    0.11088748276233673,
    -0.9362170100212097
   ],
   [
    -1.5136294678086415e-05,
    0.9930580854415894,
    0.11762524396181107
   ]
  ]
 },
 {
  "rotation_euler": [
   1.419965386390686,
   1.0054075717926025,
   -0.7607517838478088
  ],
  "euler_order": "XYZ",
  "rotation_matrix": [
   [
    0.38804903626441956,
    0.7082550525665283,
    -0.5897395610809326
   ],
   [
    -0.3693774342536926,
    -0.46672627329826355,
    -0.803571343421936
   ],
   [
    -0.8443803787231445,
    0.5296615958213806,
    0.08050074428319931
   ]
  ]
 },
 {
  "rotation_euler": [
   1.452903389930725,
   -1.409148535458371e-05,
   -2.844874858856201
  ],
  "euler_order": "XYZ",
  "rotation_matrix": [
   [
    -0.9563012719154358,
    0.0344034805893898,
    -0.29035189747810364
   ],
   [
    -0.29238301515579224,
    -0.11247609555721283,
    0.9496637582778931
   ],
   [
    1.409148535458371e-05,
    0.9930586814880371,
    0.11762003600597382
   ]
  ]
 },
 {
  "rotation_euler": [
   1.4199649095535278,
   1.0054066181182861,
   -1.6593290567398071
  ],
  "euler_order": "XYZ",
  "rotation_matrix": [
   [
    -0.04736902192234993,
    0.07586166262626648,
    -0.9959925413131714
   ],
   [
    -0.5336467027664185,
    -0.844809353351593,
    -0.03896647319197655
   ],
   [
    -0.8443799018859863,
    0.5296623110771179,
    0.08050111681222916
   ]
  ]
 },
 {
  "rotation_euler": [
   1.4199649095535278,
   1.005407691001892,
   -1.979446530342102
  ],
  "euler_order": "XYZ",
  "rotation_matrix": [
   [
    -0.2128891497850418,
    -0.19383542239665985,
    -0.9576565623283386
   ],
   [
    -0.49162980914115906,
    -0.8257642388343811,
    0.27643001079559326
   ],
   [
    -0.8443804383277893,
    0.5296614170074463,
    0.08050098270177841
   ]
  ]
 },
 {
  "rotation_euler": [
   1.4093730449676514,
   -1.0384361743927002,
   -1.193861722946167
  ],
  "euler_order": "XYZ",
  "rotation_matrix": [
   [
    0.18682168424129486,
    -0.16357223689556122,
    -0.9686804413795471
   ],
   [
    -0.4719356298446655,
    0.8498667478561401,
    -0.23452772200107574
   ],
   [
    0.861611545085907,
    0.500969648361206,
    0.08157797157764435
   ]
  ]
 },
 {
  "rotation_euler": [
   1.4529026746749878,
   -1.1985361197730526e-05,
   3.02231502532959
  ],
  "euler_order": "XYZ",
  "rotation_matrix": [
   [
    -0.9928948283195496,
    -0.01398446224629879,
    0.11817040294408798
   ],
   [
    0.11899499595165253,
    -0.11678645014762878,
    0.9860026240348816
   ],
   [
    1.1985361197730526e-05,
    0.9930585622787476,
    0.11762074381113052
   ]
  ]
 }
]