[
 {
  "rotation_euler": [
   1.2006118297576904,
   0.9867364764213562,
   -1.615088701248169
  ],
  "euler_order": "XYZ",
  "rotation_matrix": [
   [
    -0.024415509775280952,
    0.326996773481369,
    -0.9447100162506104
   ],
   [
    -0.5508745312690735,
    -0.7929770350456238,
    -0.26023972034454346
   ],
   [
    -0.8342308402061462,
    0.514062762260437,
    0.1994951367378235
   ]
  ]
 },
 {
  "rotation_euler": [
   0.04464272782206535,
   0.0685921311378479,
   1.7947989702224731
  ],
  "euler_order": "XYZ",
  "rotation_matrix": [
   [
    -0.22161167860031128,
    -0.9747241735458374,
    0.028303390368819237
   ],
   [
    0.9727233648300171,
    -0.2189304083585739,
    0.07667279988527298
   ],
   [
    -0.0685383602976799,
    0.044522956013679504,
    0.9966545104980469
   ]
  ]
 },
 {
  "rotation_euler": [
   1.4855830669403076,
   0.27948489785194397,
   1.9300981760025024
  ],
  "euler_order": "XYZ",
  "rotation_matrix": [
   [
    -0.3379770517349243,
    -0.1763215959072113,
    0.9244902729988098
   ],
   [
    0.8998180031776428,
    0.22738128900527954,
    0.3723241686820984
   ],
   [
    -0.27586057782173157,
    0.9577100276947021,
    0.0818076953291893
   ]
  ]
 },
 {
  "rotation_euler": [
   1.3047983646392822,
   0.8020156621932983,
   0.8053131103515625
  ],
  "euler_order": "XYZ",
  "rotation_matrix": [
   [
    0.48173511028289795,
    0.29095926880836487,
    0.826603889465332
   ],
   [
    0.5013151168823242,
    0.682172954082489,
    -0.5322811603546143
   ],
   [
    -0.7187589406967163,
    0.6708075404167175,
    0.18276439607143402
   ]
  ]
 },
 {
  "rotation_euler": [
   1.485976219177246,
   0.2888617217540741,
   -0.14356696605682373
  ],
  "euler_order": "XYZ",
  "rotation_matrix": [
   [
    0.9487069249153137,
    0.29303810000419617,
    -0.11867520213127136
   ],
   [
    -0.13714653253555298,
    0.04323704540729523,
    -0.9896066784858704
   ],
   [
    -0.284861296415329,
    0.9551226496696472,
    0.08120844513177872
   ]
  ]
 },
 {
  "rotation_euler": [
   1.4797649383544922,
   0.22422988712787628,
   -0.3900536894798279
  ],
  "euler_order": "XYZ",
  "rotation_matrix": [
   [
    0.9017346501350403,
    0.2393684685230255,
    -0.3599685728549957
   ],
   [
    -0.3707190454006195,
    -0.00012032770609948784,
    -0.9287450313568115
   ],
   [
    -0.22235558927059174,
    0.9709287881851196,
    0.08862994611263275
   ]
  ]
 },
 {
  "rotation_euler": [
   -1.5076841115951538,
   0.5764947533607483,
   -1.2959603071212769
  ],
  "euler_order": "XYZ",
  "rotation_matrix": [
   [
    0.22752678394317627,
    -0.08693330734968185,
    0.9698835611343384
   ],
   [
    -0.8069138526916504,
    0.5407033562660217,
    0.23776014149188995
   ],
   [
    -0.5450885891914368,
    -0.8367093205451965,
    0.052876804023981094
   ]
  ]
 },
 {
  "rotation_euler": [
   1.4859886169433594,
   0.2888575792312622,
   -0.2774273455142975
  ],
  "euler_order": "XYZ",
  "rotation_matrix": [
   [
    0.9219173192977905,
    0.2961801588535309,
    -0.2496914118528366
   ],
   [
    -0.26253530383110046,
    0.003730223048478365,
    -0.9649151563644409
   ],
   [
    -0.2848573327064514,
    0.9551247954368591,
    0.08119670301675797
   ]
  ]
 },
 {
  "rotation_euler": [
   -1.4800461530685425,
   0.7950916290283203,
   -0.9862884879112244
  ],
  "euler_order": "XYZ",
  "rotation_matrix": [
   [
    0.3863733410835266,
    -0.316736102104187,
    0.8662527799606323
   ],
   [
    -0.5839715600013733,
    0.6429603099822998,
    0.4955595135688782
   ],
   [
    -0.7139277458190918,
    -0.6973379850387573,
    0.06345783919095993
   ]
  ]
 },
 {
  "rotation_euler": [
   1.4859881401062012,
   0.28885868191719055,
   -2.730841875076294
  ],
  "euler_order": "XYZ",
  "rotation_matrix": [
   [
    -0.8788370490074158,
    -0.22640244662761688,
    -0.41998499631881714
   ],
   [
    -0.38275471329689026,
    -0.19099529087543488,
    0.903891384601593
   ],
   [
    -0.284858375787735,
    0.9551244378089905,
    0.08119713515043259
   ]
  ]
 },
 {
  "rotation_euler": [
   1.4851462841033936,
   0.2762928307056427,
   1.2066253423690796
  ],
  "euler_order": "XYZ",
  "rotation_matrix": [
   [
    0.34266623854637146,
    0.01686985045671463,
    0.9393057227134705
   ],
   [
    0.8989799618721008,
    0.28443586826324463,
    -0.3330635130405426
   ],
   [
    -0.27279096841812134,
    0.9585466384887695,
    0.08230090886354446
   ]
  ]
 },
 {
  "rotation_euler": [
   -1.516546607017517,
   0.2537812888622284,
   2.0280637741088867
  ],
  "euler_order": "XYZ",
  "rotation_matrix": [
   [
    -0.4273567497730255,
    0.06202966347336769,
    -0.9019526243209839
   ],
   [
    0.8685229420661926,
    -0.24887995421886444,
    -0.4286334812641144
   ],
   [
    -0.2510659098625183,
    -0.9665459394454956,
    0.052486348897218704
   ]
  ]
 },
 {
  "rotation_euler": [
   1.4859893321990967,
   0.2888576090335846,
   -0.43169963359832764
  ],
  "euler_order": "XYZ",
  "rotation_matrix": [
   [
    0.8706268072128296,
    0.29323554039001465,
    -0.3949960768222809
   ],
   [
    -0.4010801315307617,
    -0.04182610288262367,
    -0.9150875806808472
   ],
   [
    -0.2848573625087738,
    0.9551248550415039,
    0.08119602501392365
   ]
  ]
 },
 {
  "rotation_euler": [
   0.1533927619457245,
   0.5005954504013062,
   2.1968417167663574
  ],
  "euler_order": "XYZ",
  "rotation_matrix": [
   [
    -0.5140475034713745,
    -0.8438047766685486,
    -0.15410590171813965
   ],
   [
    0.7109184861183167,
    -0.5196399688720703,
    0.4738873541355133
   ],
   [
    -0.4799480140209198,
    0.134043887257576,
    0.8669960498809814
   ]
  ]
 },
 {
  "rotation_euler": [
   -1.507863163948059,
   0.4157106280326843,
   1.0399798154830933
  ],
  "euler_order": "XYZ",
  "rotation_matrix": [
   [
    0.4631211757659912,
    -0.258271723985672,
    -0.847829282283783
   ],
   [
    0.7889435291290283,
    -0.31574174761772156,
    0.5271387100219727
   ],
   [
    -0.4038401246070862,
    -0.913018524646759,
    0.05753512308001518
   ]
  ]
 },
 {
  "rotation_euler": [
   1.4859519004821777,
   0.2878265380859375,
   2.1328847408294678
  ],
  "euler_order": "XYZ",
  "rotation_matrix": [
   [
    -0.511030375957489,
    -0.22244945168495178,
    0.8302795886993408
   ],
   [
    0.8113362193107605,
    0.194165900349617,
    0.5513920187950134
   ],
   [
    -0.28386884927749634,
    0.9554139375686646,
    0.08125662058591843
   ]
  ]
 }
]