[
 {
  "rotation_euler": [
   -1.5717542171478271,
   -0.694206178188324,
   2.192383289337158
  ],
  "euler_order": "XYZ",
  "rotation_matrix": [
   [
    -0.4475535452365875,
    -0.37177905440330505,
    -0.8133118748664856
   ],
   [
    0.6248064637184143,
    0.5206665396690369,
    -0.5818275213241577
   ],
   [
    0.6397755146026611,
    -0.7685614824295044,
    -0.0007361978059634566
   ]
  ]
 },
 {
  "rotation_euler": [
   -1.5720380544662476,
   0.8888378739356995,
   -1.2520051002502441
  ],
  "euler_order": "XYZ",
  "rotation_matrix": [
   [
    0.19755253195762634,
    -0.24449855089187622,
    0.9493120908737183
   ],
   [
    -0.5985562205314636,
    0.7368341088294983,
    0.31433412432670593
   ],
   [
    -0.7763397693634033,
    -0.6303141713142395,
    -0.0007826789515092969
   ]
  ]
 },
 {
  "rotation_euler": [
   1.5697517395019531,
   2.3099851608276367,
   -0.17583511769771576
  ],
  "euler_order": "XYZ",
  "rotation_matrix": [
   [
    -0.6633009314537048,
    0.727802574634552,
    -0.17417028546333313
   ],
   [
    0.11784865707159042,
    -0.1282477229833603,
    -0.9847152829170227
   ],
   [
    -0.7390152812004089,
    -0.6736882925033569,
    -0.0007037264876998961
   ]
  ]
 },
 {
  "rotation_euler": [
   -1.5715018510818481,
   0.15812063217163086,
   -1.6628918647766113
  ],
  "euler_order": "XYZ",
  "rotation_matrix": [
   [
    -0.0908181369304657,
    0.013778571039438248,
    0.9957721829414368
   ],
   [
    -0.9833400249481201,
    0.1568601131439209,
    -0.0918547585606575
   ],
   [
    -0.15746256709098816,
    -0.987524688243866,
    -0.000696722767315805
   ]
  ]
 },
 {
  "rotation_euler": [
   -1.5719473361968994,
   0.8771572709083557,
   0.11234305053949356
  ],
  "euler_order": "XYZ",
  "rotation_matrix": [
   [
    0.6353092789649963,
    -0.7639477849006653,
    -0.11298627406358719
   ],
   [
    0.07167436927556992,
    -0.0873454287648201,
    0.9935962557792664
   ],
   [
    -0.7689245343208313,
    -0.6393391489982605,
    -0.0007358856964856386
   ]
  ]
 },
 {
  "rotation_euler": [
   1.5683050155639648,
   1.863684058189392,
   0.28079360723495483
  ],
  "euler_order": "XYZ",
  "rotation_matrix": [
   [
    -0.2774107754230499,
    0.9192245602607727,
    0.2794091999530792
   ],
   [
    -0.0800090804696083,
    0.2677098512649536,
    -0.9601718783378601
   ],
   [
    -0.9574141502380371,
    -0.28871726989746094,
    -0.0007192860939539969
   ]
  ]
 },
 {
  "rotation_euler": [
   1.571946144104004,
   -0.876639187335968,
   0.05194230005145073
  ],
  "euler_order": "XYZ",
  "rotation_matrix": [
   [
    0.6388750076293945,
    -0.7674964070320129,
    0.0528014600276947
   ],
   [
    0.0332145169377327,
    -0.041052788496017456,
    -0.9986047744750977
   ],
   [
    0.7685931921005249,
    0.6397374272346497,
    -0.0007355815032497048
   ]
  ]
 },
 {
  "rotation_euler": [
   -1.5715900659561157,
   -0.39095228910446167,
   -1.5386587381362915
  ],
  "euler_order": "XYZ",
  "rotation_matrix": [
   [
    0.029707584530115128,
    0.01145119871944189,
    0.9994930624961853
   ],
   [
    -0.9240691661834717,
    -0.3808976411819458,
    0.03182973340153694
   ],
   [
    0.38106903433799744,
    -0.9245463013648987,
    -0.0007338487775996327
   ]
  ]
 },
 {
  "rotation_euler": [
   1.5717434883117676,
   -0.7812395095825195,
   2.211174488067627
  ],
  "euler_order": "XYZ",
  "rotation_matrix": [
   [
    -0.42424875497817993,
    0.4214940369129181,
    0.8014709949493408
   ],
   [
    0.5693606734275818,
    -0.5640785694122314,
    0.5980332493782043
   ],
   [
    0.7041600346565247,
    0.7100409269332886,
    -0.0006725236889906228
   ]
  ]
 },
 {
  "rotation_euler": [
   1.571559190750122,
   -0.41829079389572144,
   -1.024780035018921
  ],
  "euler_order": "XYZ",
  "rotation_matrix": [
   [
    0.4745163321495056,
    -0.21158580482006073,
    -0.854438841342926
   ],
   [
    -0.7809202671051025,
    0.34674158692359924,
    -0.5195515751838684
   ],
   [
    0.406199187040329,
    0.9137842655181885,
    -0.0006970932590775192
   ]
  ]
 },
 {
  "rotation_euler": [
   1.5643348693847656,
   -1.6829715967178345,
   -0.2540855407714844
  ],
  "euler_order": "XYZ",
  "rotation_matrix": [
   [
    -0.10834616422653198,
    -0.9601660966873169,
    -0.257569819688797
   ],
   [
    0.02813732624053955,
    0.256029337644577,
    -0.9662594199180603
   ],
   [
    0.9937149286270142,
    -0.11193782836198807,
    -0.0007232915377244353
   ]
  ]
 },
 {
  "rotation_euler": [
   1.5796021223068237,
   1.5167677402496338,
   1.1555325984954834
  ],
  "euler_order": "XYZ",
  "rotation_matrix": [
   [
    0.021786218509078026,
    0.41088423132896423,
    0.9114271998405457
   ],
   [
    0.049412645399570465,
    0.9100868701934814,
    -0.41146114468574524
   ],
   [
    -0.9985408186912537,
    0.054000210016965866,
    -0.00047552710748277605
   ]
  ]
 },
 {
  "rotation_euler": [
   1.5773266553878784,
   1.4602601528167725,
   -0.8851256966590881
  ],
  "euler_order": "XYZ",
  "rotation_matrix": [
   [
    0.0698482021689415,
    0.6242600679397583,
    -0.7780877947807312
   ],
   [
    -0.08538028597831726,
    -0.7733895182609558,
    -0.6281551718711853
   ],
   [
    -0.9938970804214478,
    0.11030886322259903,
    -0.0007203634013421834
   ]
  ]
 },
 {
  "rotation_euler": [
   -1.5679032802581787,
   1.813700556755066,
   -0.13315056264400482
  ],
  "euler_order": "XYZ",
  "rotation_matrix": [
   [
    -0.238393634557724,
    -0.9616638422012329,
    0.135540172457695
   ],
   [
    0.03193117305636406,
    0.13172708451747894,
    0.9907715916633606
   ],
   [
    -0.9706435203552246,
    0.2405215948820114,
    -0.0006958421436138451
   ]
  ]
 },
 {
  "rotation_euler": [
   1.5715802907943726,
   0.4252045154571533,
   0.2682751417160034
  ],
  "euler_order": "XYZ",
  "rotation_matrix": [
   [
    0.878369152545929,
    0.3979592025279999,
    0.2647567689418793
   ],
   [
    0.2414654642343521,
    0.10858675092458725,
    -0.9643149375915527
   ],
   [
    -0.4125070869922638,
    0.9109541177749634,
    -0.0007141553796827793
   ]
  ]
 },
 {
  "rotation_euler": [
   -1.572229266166687,
   -1.0797199010849,
   0.9218015074729919
  ],
  "euler_order": "XYZ",
  "rotation_matrix": [
   [
    0.28501349687576294,
    0.5341041088104248,
    -0.7959271669387817
   ],
   [
    0.3757002055644989,
    0.7016764879226685,
    0.6053919792175293
   ],
   [
    0.8818257451057434,
    -0.47157490253448486,
    -0.0006757386727258563
   ]
  ]
 }
]