[
 {
  "rotation_euler": [
   -0.39323005080223083,
   0.1171569973230362,
   2.8353567123413086
  ],
  "euler_order": "XYZ",
  "rotation_matrix": [
   [
    -0.9469389915466309,
    -0.23575729131698608,
    -0.21846070885658264
   ],
   [
    0.2994052469730377,
    -0.89420485496521,
    -0.3327975571155548
   ],
   [
    -0.11688917130231857,
    -0.38054725527763367,
    0.9173443913459778
   ]
  ]
 },
 {
  "rotation_euler": [
   0.6184414625167847,
   0.05793369188904762,
   1.5095653533935547
  ],
  "euler_order": "XYZ",
  "rotation_matrix": [
   [
    0.06109005585312843,
    -0.8112019300460815,
    0.5815663933753967
   ],
   [
    0.9964514374732971,
    0.0833650752902031,
    0.011611119844019413
   ],
   [
    -0.0579012893140316,
    0.5787933468818665,
    0.813416063785553
   ]
  ]
 },
 {
  "rotation_euler": [
   0.7054367661476135,
   0.19367153942584991,
   -2.0110812187194824
  ],
  "euler_order": "XYZ",
  "rotation_matrix": [
   [
    -0.4182291030883789,
    0.6355370879173279,
    -0.6489815711975098
   ],
   [
    -0.8877174854278564,
    -0.43736177682876587,
    0.14377863705158234
   ],
   [
    -0.19246308505535126,
    0.6362447142601013,
    0.7470948100090027
   ]
  ]
 },
 {
  "rotation_euler": [
   0.24686284363269806,
   0.43469393253326416,
   -2.5451157093048096
  ],
  "euler_order": "XYZ",
  "rotation_matrix": [
   [
    -0.7503781914710999,
    0.4595627784729004,
    -0.4751153886318207
   ],
   [
    -0.5094897150993347,
    -0.8600459694862366,
    -0.027225332334637642
   ],
   [
    -0.4211328327655792,
    0.22163709998130798,
    0.8795022368431091
   ]
  ]
 },
 {
  "rotation_euler": [
   -0.28147485852241516,
   0.32304298877716064,
   2.0571155548095703
  ],
  "euler_order": "XYZ",
  "rotation_matrix": [
   [
    -0.4431995153427124,
    -0.8080554604530334,
    -0.3880986273288727
   ],
   [
    0.8383301496505737,
    -0.5269386768341064,
    0.13977932929992676
   ],
   [
    -0.31745362281799316,
    -0.26340463757514954,
    0.9109562039375305
   ]
  ]
 },
 {
  "rotation_euler": [
   -0.36872538924217224,
   0.13223902881145477,
   -0.40517348051071167
  ],
  "euler_order": "XYZ",
  "rotation_matrix": [
   [
    0.9110100865364075,
    0.32400861382484436,
    0.2551059424877167
   ],
   [
    -0.3907366991043091,
    0.8759962916374207,
    0.28276383876800537
   ],
   [
    -0.13185395300388336,
    -0.3572799563407898,
    0.9246434569358826
   ]
  ]
 },
 {
  "rotation_euler": [
   -0.5765469074249268,
   -0.15918490290641785,
   -3.109344959259033
  ],
  "euler_order": "XYZ",
  "rotation_matrix": [
   [
    -0.986843466758728,
    -0.05933571234345436,
    0.1503968983888626
   ],
   [
    -0.03183446079492569,
    -0.8407002091407776,
    -0.540564239025116
   ],
   [
    0.15851347148418427,
    -0.5382400751113892,
    0.8277506232261658
   ]
  ]
 },
 {
  "rotation_euler": [
   -0.3625331223011017,
   -0.1059669703245163,
   0.9269195795059204
  ],
  "euler_order": "XYZ",
  "rotation_matrix": [
   [
    0.5969332456588745,
    -0.7252729535102844,
    -0.34300121665000916
   ],
   [
    0.7952884435653687,
    0.591281533241272,
    0.13379999995231628
   ],
   [
    0.10576876252889633,
    -0.3526545464992523,
    0.9297568202018738
   ]
  ]
 },
 {
  "rotation_euler": [
   0.560319185256958,
   0.1530485451221466,
   0.00491343392059207
  ],
  "euler_order": "XYZ",
  "rotation_matrix": [
   [
    0.9882990121841431,
    0.07685842365026474,
    0.13174937665462494
   ],
   [
    0.004855980630964041,
    0.8474733829498291,
    -0.5308156609535217
   ],
   [
    -0.152451753616333,
    0.5252443552017212,
    0.8371838927268982
   ]
  ]
 },
 {
  "rotation_euler": [
   0.30653080344200134,
   -0.5106381773948669,
   2.451728582382202
  ],
  "euler_order": "XYZ",
  "rotation_matrix": [
   [
    -0.6729357838630676,
    -0.4930119812488556,
    0.5514495372772217
   ],
   [
    0.5552444458007812,
    -0.8292368650436401,
    -0.06379524618387222
   ],
   [
    0.4887341260910034,
    0.2632592022418976,
    0.831765353679657
   ]
  ]
 },
 {
  "rotation_euler": [
   0.3334277868270874,
   -0.38183045387268066,
   -2.090726137161255
  ],
  "euler_order": "XYZ",
  "rotation_matrix": [
   [
    -0.46104034781455994,
    0.8806462287902832,
    -0.10910560935735703
   ],
   [
    -0.8053547739982605,
    -0.36362048983573914,
    0.468170702457428
   ],
   [
    0.37261971831321716,
    0.3037143051624298,
    0.8768763542175293
   ]
  ]
 },
 {
  "rotation_euler": [
   -0.0693398267030716,
   -0.053033437579870224,
   2.2505481243133545
  ],
  "euler_order": "XYZ",
  "rotation_matrix": [
   [
    -0.6277162432670593,
    -0.7781684994697571,
    -0.02064325101673603
   ],
   [
    0.7766353487968445,
    -0.6242331266403198,
    -0.08467932790517807
   ],
   [
    0.053008582442998886,
    -0.06918686628341675,
    0.9961944222450256
   ]
  ]
 },
 {
  "rotation_euler": [
   -0.036524977535009384,
   -0.4171370267868042,
   -0.4730680584907532
  ],
  "euler_order": "XYZ",
  "rotation_matrix": [
   [
    0.8138444423675537,
    0.46848544478416443,
    -0.3437711298465729
   ],
   [
    -0.4165513515472412,
    0.8828402161598206,
    0.21697507798671722
   ],
   [
    0.4051446318626404,
    -0.03338563069701195,
    0.9136428236961365
   ]
  ]
 },
 {
  "rotation_euler": [
   0.10428907722234726,
   -0.3446750342845917,
   2.1069231033325195
  ],
  "euler_order": "XYZ",
  "rotation_matrix": [
   [
    -0.4807669222354889,
    -0.8370552659034729,
    0.26115450263023376
   ],
   [
    0.8091309666633606,
    -0.5382739901542664,
    -0.23572896420955658
   ],
   [
    0.3378908336162567,
    0.09797751903533936,
    0.9360716938972473
   ]
  ]
 },
 {
  "rotation_euler": [
   -0.06215643137693405,
   0.06873516738414764,
   2.739459991455078
  ],
  "euler_order": "XYZ",
  "rotation_matrix": [
   [
    -0.9180554151535034,
    -0.3867000639438629,
    -0.0873914435505867
   ],
   [
    0.3904575705528259,
    -0.9201210737228394,
    -0.030332686379551888
   ],
   [
    -0.06868105381727219,
    -0.06196973845362663,
    0.995712161064148
   ]
  ]
 },
 {
  "rotation_euler": [
   0.7282597422599792,
   -0.49953123927116394,
   2.1682045459747314
  ],
  "euler_order": "XYZ",
  "rotation_matrix": [
   [
    -0.4937678575515747,
    -0.43773022294044495,
    0.7513890862464905
   ],
   [
    0.7257677316665649,
    -0.6834116578102112,
    0.07880182564258575
   ],
   [
    0.4790140986442566,
    0.5842437744140625,
    0.6551371812820435
   ]
  ]
 }
]