[
 {
  "rotation_euler": [
   0.06168109551072121,
   0.0046279411762952805,
   2.84440016746521
  ],
  "euler_order": "XYZ",
  "rotation_matrix": [
   [
    -0.9561521410942078,
    -0.29255279898643494,
    0.013634419068694115
   ],
   [
    0.29283377528190613,
    -0.954260528087616,
    0.060292404145002365
   ],
   [
    -0.004627924878150225,
    0.061641331762075424,
    0.9980876445770264
   ]
  ]
 },
 {
  "rotation_euler": [
   1.2219884395599365,
   0.13309690356254578,
   0.11389993131160736
  ],
  "euler_order": "XYZ",
  "rotation_matrix": [
   [
    0.9847334027290344,
    0.08506051450967789,
    0.15187115967273712
   ],
   [
    0.1126486286520958,
    0.3537372350692749,
    -0.928536593914032
   ],
   [
    -0.13270428776741028,
    0.9314690828323364,
    0.33875492215156555
   ]
  ]
 },
 {
  "rotation_euler": [
   -1.1984423398971558,
   0.3998169004917145,
   0.02382039465010166
  ],
  "euler_order": "XYZ",
  "rotation_matrix": [
   [
    0.9208709597587585,
    -0.37113818526268005,
    0.11938644200563431
   ],
   [
    0.021939659491181374,
    0.355070024728775,
    0.9345822334289551
   ],
   [
    -0.38924968242645264,
    -0.8580103516578674,
    0.33511632680892944
   ]
  ]
 },
 {
  "rotation_euler": [
   0.012860163114964962,
   0.06206671893596649,
   2.4492835998535156
  ],
  "euler_order": "XYZ",
  "rotation_matrix": [
   [
    -0.7682919502258301,
    -0.6388775706291199,
    -0.03953411430120468
   ],
   [
    0.6370872259140015,
    -0.7692013382911682,
    0.04948864132165909
   ],
   [
    -0.06202687695622444,
    0.012835047207772732,
    0.9979919195175171
   ]
  ]
 },
 {
  "rotation_euler": [
   -2.321052312850952,
   -2.0833683013916016,
   -0.14941535890102386
  ],
  "euler_order": "XYZ",
  "rotation_matrix": [
   [
    -0.48495617508888245,
    0.5289050340652466,
    0.6964746713638306
   ],
   [
    0.07300398498773575,
    -0.7691282629966736,
    0.6349111199378967
   ],
   [
    0.8714860677719116,
    0.35874950885772705,
    0.3343813419342041
   ]
  ]
 },
 {
  "rotation_euler": [
   -0.029606793075799942,
   -0.00808781199157238,
   -2.9356069564819336
  ],
  "euler_order": "XYZ",
  "rotation_matrix": [
   [
    -0.9788278341293335,
    0.2042081207036972,
    0.013967934064567089
   ],
   [
    -0.204525426030159,
    -0.9784798622131348,
    -0.027323193848133087
   ],
   [
    0.008087723515927792,
    -0.029601499438285828,
    0.9995290637016296
   ]
  ]
 },
 {
  "rotation_euler": [
   0.028100721538066864,
   0.011980841867625713,
   -1.4232063293457031
  ],
  "euler_order": "XYZ",
  "rotation_matrix": [
   [
    0.14704421162605286,
    0.9887873530387878,
    -0.026030460372567177
   ],
   [
    -0.9890573620796204,
    0.14666374027729034,
    -0.01597742922604084
   ],
   [
    -0.011980555020272732,
    0.028095006942749023,
    0.999533474445343
   ]
  ]
 },
 {
  "rotation_euler": [
   -1.1895198822021484,
   -0.4494418799877167,
   1.7566128969192505
  ],
  "euler_order": "XYZ",
  "rotation_matrix": [
   [
    -0.16640162467956543,
    -0.4402027428150177,
    -0.8823446035385132
   ],
   [
    0.8851850032806396,
    0.327576220035553,
    -0.33036544919013977
   ],
   [
    0.43446290493011475,
    -0.8360115885734558,
    0.33515164256095886
   ]
  ]
 },
 {
  "rotation_euler": [
   2.122732639312744,
   -2.264033317565918,
   0.2869102656841278
  ],
  "euler_order": "XYZ",
  "rotation_matrix": [
   [
    -0.6129086017608643,
    -0.47981101274490356,
    0.6277933120727539
   ],
   [
    -0.18083930015563965,
    -0.6882526278495789,
    -0.7025706171989441
   ],
   [
    0.769181489944458,
    -0.5441412925720215,
    0.3350672721862793
   ]
  ]
 },
 {
  "rotation_euler": [
   -1.2224557399749756,
   -0.19834689795970917,
   -0.2150021642446518
  ],
  "euler_order": "XYZ",
  "rotation_matrix": [
   [
    0.9578210115432739,
    0.2537742853164673,
    0.13482408225536346
   ],
   [
    -0.2091665416955948,
    0.293964147567749,
    0.9326491355895996
   ],
   [
    0.19704891741275787,
    -0.9215116500854492,
    0.3346461355686188
   ]
  ]
 },
 {
  "rotation_euler": [
   -0.03017246536910534,
   -0.06215372309088707,
   -1.4772865772247314
  ],
  "euler_order": "XYZ",
  "rotation_matrix": [
   [
    0.09319323301315308,
    0.9953529238700867,
    0.0242389515042305
   ],
   [
    -0.9937086701393127,
    0.09146538376808167,
    0.06463108211755753
   ],
   [
    0.06211371347308159,
    -0.03010963648557663,
    0.9976148009300232
   ]
  ]
 },
 {
  "rotation_euler": [
   -0.435589998960495,
   -0.4493769705295563,
   -3.124805450439453
  ],
  "euler_order": "XYZ",
  "rotation_matrix": [
   [
    -0.9005910158157349,
    -0.16805019974708557,
    0.400867760181427
   ],
   [
    -0.015119824558496475,
    -0.9095703959465027,
    -0.4152747690677643
   ],
   [
    0.4344044327735901,
    -0.3800537586212158,
    0.8166100382804871
   ]
  ]
 },
 {
  "rotation_euler": [
   0.01949324458837509,
   0.018366167321801186,
   0.9843131303787231
  ],
  "euler_order": "XYZ",
  "rotation_matrix": [
   [
    0.5533419847488403,
    -0.8325358033180237,
    0.026396725326776505
   ],
   [
    0.8327516913414001,
    0.5536283254623413,
    0.00450570322573185
   ],
   [
    -0.01836513541638851,
    0.01948872208595276,
    0.9996414184570312
   ]
  ]
 },
 {
  "rotation_euler": [
   -0.07699309289455414,
   -0.025992829352617264,
   -2.7378034591674805
  ],
  "euler_order": "XYZ",
  "rotation_matrix": [
   [
    -0.9192681908607483,
    0.38990333676338196,
    0.05405009910464287
   ],
   [
    -0.3927728831768036,
    -0.917639970779419,
    -0.060549959540367126
   ],
   [
    0.025989903137087822,
    -0.07689106464385986,
    0.9967007040977478
   ]
  ]
 },
 {
  "rotation_euler": [
   0.08019796758890152,
   -0.04048742726445198,
   -3.1253175735473633
  ],
  "euler_order": "XYZ",
  "rotation_matrix": [
   [
    -0.9990481734275818,
    0.019464267417788506,
    0.039037153124809265
   ],
   [
    -0.01626102440059185,
    -0.9966011047363281,
    0.08075802773237228
   ],
   [
    0.04047636687755585,
    0.08004637807607651,
    0.9959689974784851
   ]
  ]
 },
 {
  "rotation_euler": [
   -1.2418107986450195,
   -0.08142279833555222,
   2.602145195007324
  ],
  "euler_order": "XYZ",
  "rotation_matrix": [
   [
    -0.8551501035690308,
    -0.2319961041212082,
    -0.46356889605522156
   ],
   [
    0.5119602084159851,
    -0.23766584694385529,
    -0.8254766464233398
   ],
   [
    0.08133286237716675,
    -0.9432352781295776,
    0.3220127522945404
   ]
  ]
 }
]