[
 {
  "rotation_euler": [
   -1.4996131658554077,
   -0.9399709701538086,
   0.7720972895622253
  ],
  "euler_order": "XYZ",
  "rotation_matrix": [
   [
    0.4225699007511139,
    0.5274785757064819,
    -0.7370217442512512
   ],
   [
    0.41147568821907043,
    0.6129017472267151,
    0.6745659708976746
   ],
   [
    0.8075409531593323,
    -0.5883178114891052,
    0.04194919764995575
   ]
  ]
 },
 {
  "rotation_euler": [
   1.4826613664627075,
   -1.150924563407898,
   -1.2601350545883179
  ],
  "euler_order": "XYZ",
  "rotation_matrix": [
   [
    0.12461181730031967,
    -0.19424568116664886,
    -0.9730058908462524
   ],
   [
    -0.3881301283836365,
    0.8929630517959595,
    -0.22797375917434692
   ],
   [
    0.9131412506103516,
    0.4060611426830292,
    0.03588113561272621
   ]
  ]
 },
 {
  "rotation_euler": [
   1.512316107749939,
   -1.018327236175537,
   1.8148380517959595
  ],
  "euler_order": "XYZ",
  "rotation_matrix": [
   [
    -0.12680333852767944,
    0.14861342310905457,
    0.9807318449020386
   ],
   [
    0.5092406868934631,
    -0.8387190699577332,
    0.19293585419654846
   ],
   [
    0.8512313365936279,
    0.5238934755325317,
    0.030672378838062286
   ]
  ]
 },
 {
  "rotation_euler": [
   -1.2788283824920654,
   1.4992914199829102,
   1.5194456577301025
  ],
  "euler_order": "XYZ",
  "rotation_matrix": [
   [
    0.003667084500193596,
    -0.336488276720047,
    -0.9416804909706116
   ],
   [
    0.07134981453418732,
    -0.9391987323760986,
    0.3358793258666992
   ],
   [
    -0.9974446296691895,
    -0.0684204250574112,
    0.020564254373311996
   ]
  ]
 },
 {
  "rotation_euler": [
   -1.5296498537063599,
   0.10692892223596573,
   2.3267128467559814
  ],
  "euler_order": "XYZ",
  "rotation_matrix": [
   [
    -0.6820380687713623,
    0.04321536049246788,
    -0.7300387024879456
   ],
   [
    0.7234872579574585,
    -0.10580888390541077,
    -0.6821808218955994
   ],
   [
    -0.10672526806592941,
    -0.9934470057487488,
    0.04089992493391037
   ]
  ]
 },
 {
  "rotation_euler": [
   -1.4996075630187988,
   -0.9400330185890198,
   0.9091162085533142
  ],
  "euler_order": "XYZ",
  "rotation_matrix": [
   [
    0.3623749017715454,
    0.4388360381126404,
    -0.8222574591636658
   ],
   [
    0.46529871225357056,
    0.679237961769104,
    0.5675675272941589
   ],
   [
    0.8075775504112244,
    -0.5882675647735596,
    0.04194892942905426
   ]
  ]
 },
 {
  "rotation_euler": [
   -1.4996140003204346,
   -0.939965009689331,
   -0.7657806873321533
  ],
  "euler_order": "XYZ",
  "rotation_matrix": [
   [
    0.42516404390335083,
    0.6299272179603577,
    0.6499440670013428
   ],
   [
    -0.4088016450405121,
    -0.5070189237594604,
    0.7588234543800354
   ],
   [
    0.8075374364852905,
    -0.588322639465332,
    0.04194904863834381
   ]
  ]
 },
 {
  "rotation_euler": [
   -1.443669080734253,
   1.3920931816101074,
   -0.6502853035926819
  ],
  "euler_order": "XYZ",
  "rotation_matrix": [
   [
    0.14147600531578064,
    -0.7001582980155945,
    0.6998306512832642
   ],
   [
    -0.10761438310146332,
    0.6918742060661316,
    0.7139531970024109
   ],
   [
    -0.9840750694274902,
    -0.17631909251213074,
    0.022536497563123703
   ]
  ]
 },
 {
  "rotation_euler": [
   1.482664942741394,
   -1.1509020328521729,
   -0.6494140625
  ],
  "euler_order": "XYZ",
  "rotation_matrix": [
   [
    0.3246791660785675,
    -0.6712049245834351,
    -0.6663838028907776
   ],
   [
    -0.2465224713087082,
    0.6201463937759399,
    -0.7447450160980225
   ],
   [
    0.9131320118904114,
    0.40608176589012146,
    0.035881493240594864
   ]
  ]
 },
 {
  "rotation_euler": [
   -1.4862539768218994,
   1.1528838872909546,
   -0.018751483410596848
  ],
  "euler_order": "XYZ",
  "rotation_matrix": [
   [
    0.4057820737361908,
    -0.9089305400848389,
    0.0958443209528923
   ],
   [
    -0.007609908003360033,
    0.10150232166051865,
    0.994806170463562
   ],
   [
    -0.9139381647109985,
    -0.4044038951396942,
    0.03427094593644142
   ]
  ]
 },
 {
  "rotation_euler": [
   -1.4996134042739868,
   -0.9399700164794922,
   -1.9887405633926392
  ],
  "euler_order": "XYZ",
  "rotation_matrix": [
   [
    -0.23939447104930878,
    -0.2619355320930481,
    0.9349225163459778
   ],
   [
    -0.5390443205833435,
    -0.7650300860404968,
    -0.3523637354373932
   ],
   [
    0.8075404167175293,
    -0.5883185863494873,
    0.041949111968278885
   ]
  ]
 },
 {
  "rotation_euler": [
   1.5241674184799194,
   0.9400396943092346,
   1.3903261423110962
  ],
  "euler_order": "XYZ",
  "rotation_matrix": [
   [
    0.10585656017065048,
    0.09894197434186935,
    0.989446759223938
   ],
   [
    0.5801779627799988,
    0.8019688725471497,
    -0.14226539433002472
   ],
   [
    -0.8075814843177795,
    0.5891149640083313,
    0.027489712461829185
   ]
  ]
 },
 {
  "rotation_euler": [
   1.6295974254608154,
   -2.289823055267334,
   0.1899428516626358
  ],
  "euler_order": "XYZ",
  "rotation_matrix": [
   [
    -0.6468067765235901,
    -0.7265419363975525,
    0.2319004088640213
   ],
   [
    -0.12435545027256012,
    -0.19952887296676636,
    -0.9719691276550293
   ],
   [
    0.7524471282958984,
    -0.6575143337249756,
    0.038707185536623
   ]
  ]
 },
 {
  "rotation_euler": [
   1.6553468704223633,
   1.9886605739593506,
   0.28910425305366516
  ],
  "euler_order": "XYZ",
  "rotation_matrix": [
   [
    -0.3889681398868561,
    0.8969748616218567,
    0.2100948989391327
   ],
   [
    -0.11569372564554214,
    0.1786877065896988,
    -0.9770801663398743
   ],
   [
    -0.9139577150344849,
    -0.40435972809791565,
    0.03427053987979889
   ]
  ]
 },
 {
  "rotation_euler": [
   -1.4996142387390137,
   -0.9399601221084595,
   -1.09968900680542
  ],
  "euler_order": "XYZ",
  "rotation_matrix": [
   [
    0.2677036225795746,
    0.4289645850658417,
    0.8627422451972961
   ],
   [
    -0.5255689024925232,
    -0.6854642033576965,
    0.5039008855819702
   ],
   [
    0.8075345754623413,
    -0.5883265733718872,
    0.04194919019937515
   ]
  ]
 },
 {
  "rotation_euler": [
   -1.6589303016662598,
   -1.99068021774292,
   -0.8448835015296936
  ],
  "euler_order": "XYZ",
  "rotation_matrix": [
   [
    -0.270608514547348,
    0.53797447681427,
    0.7983448505401611
   ],
   [
    0.3048822283744812,
    -0.7387075424194336,
    0.6011306047439575
   ],
   [
    0.9131363034248352,
    0.406072199344635,
    0.035881709307432175
   ]
  ]
 }
]