[
 {
  "rotation_euler": [
   -4.776910645887256e-05,
   -3.770091279875487e-05,
   -1.3158726692199707
  ],
  "euler_order": "XYZ",
  "rotation_matrix": [
   [
    0.2521715462207794,
    0.9676825404167175,
    3.671823287731968e-05
   ],
   [
    -0.9676825404167175,
    0.2521715462207794,
    4.852852362091653e-05
   ],
   [
    3.770091279875487e-05,
    -4.776910645887256e-05,
    1.0
   ]
  ]
 },
 {
  "rotation_euler": [
   1.4405760765075684,
   1.216086983680725,
   0.1633557677268982
  ],
  "euler_order": "XYZ",
  "rotation_matrix": [
   [
    0.3426940143108368,
    0.8963114619255066,
    0.2814010679721832
   ],
   [
    0.056484367698431015,
    0.27933865785598755,
    -0.9585298299789429
   ],
   [
    -0.9377474784851074,
    0.34437718987464905,
    0.045100096613168716
   ]
  ]
 },
 {
  "rotation_euler": [
   8.37272273201961e-06,
   -2.5786925107240677e-05,
   -2.7518014907836914
  ],
  "euler_order": "XYZ",
  "rotation_matrix": [
   [
    -0.9249884486198425,
    0.3799952566623688,
    2.0671011952799745e-05
   ],
   [
    -0.3799952566623688,
    -0.9249884486198425,
    1.7543581634527072e-05
   ],
   [
    2.5786925107240677e-05,
    8.37272273201961e-06,
    1.0
   ]
  ]
 },
 {
  "rotation_euler": [
   2.2778725624084473,
   1.6403172016143799,
   0.5744225978851318
  ],
  "euler_order": "XYZ",
  "rotation_matrix": [
   [
    -0.058316200971603394,
    0.9896726608276367,
    -0.13094757497310638
   ],
   [
    -0.03774375841021538,
    -0.1332627832889557,
    -0.990361750125885
   ],
   [
    -0.9975844025611877,
    -0.05281168222427368,
    0.04512534290552139
   ]
  ]
 },
 {
  "rotation_euler": [
   -1.5030418634414673,
   -0.8412764072418213,
   -0.026641584932804108
  ],
  "euler_order": "XYZ",
  "rotation_matrix": [
   [
    0.6662752628326416,
    0.7453235387802124,
    -0.023876717314124107
   ],
   [
    -0.017754830420017242,
    0.0478653721511364,
    0.998695969581604
   ],
   [
    0.7454944849014282,
    -0.6649825572967529,
    0.0451246052980423
   ]
  ]
 },
 {
  "rotation_euler": [
   -1.49077308177948,
   -0.9713981747627258,
   0.9107991456985474
  ],
  "euler_order": "XYZ",
  "rotation_matrix": [
   [
    0.3458859324455261,
    0.4414631426334381,
    -0.8279330730438232
   ],
   [
    0.4456716477870941,
    0.6992021799087524,
    0.5590108036994934
   ],
   [
    0.8256753087043762,
    -0.5623403191566467,
    0.04509659856557846
   ]
  ]
 },
 {
  "rotation_euler": [
   4.343733053246979e-06,
   1.0507825209060684e-05,
   2.203314781188965
  ],
  "euler_order": "XYZ",
  "rotation_matrix": [
   [
    -0.5911778807640076,
    -0.8065412044525146,
    -2.7085939109383617e-06
   ],
   [
    0.8065412044525146,
    -0.5911778807640076,
    1.104291277442826e-05
   ],
   [
    -1.0507825209060684e-05,
    4.343733053246979e-06,
    1.0
   ]
  ]
 },
 {
  "rotation_euler": [
   -7.804061169736087e-06,
   1.5161042483669007e-06,
   -2.3455803394317627
  ],
  "euler_order": "XYZ",
  "rotation_matrix": [
   [
    -0.6995617747306824,
    0.7145721316337585,
    4.515956334216753e-06
   ],
   [
    -0.7145721316337585,
    -0.6995617747306824,
    -6.542788469232619e-06
   ],
   [
    -1.5161042483669007e-06,
    -7.804061169736087e-06,
    1.0
   ]
  ]
 },
 {
  "rotation_euler": [
   1.5254930257797241,
   0.09140659123659134,
   0.9653047919273376
  ],
  "euler_order": "XYZ",
  "rotation_matrix": [
   [
    0.5667902231216431,
    0.014663179405033588,
    0.8237316608428955
   ],
   [
    0.8187898993492126,
    0.10075122117996216,
    -0.5651834011077881
   ],
   [
    -0.09127935767173767,
    0.9948036074638367,
    0.045098744332790375
   ]
  ]
 },
 {
  "rotation_euler": [
   1.5228163003921509,
   0.34839507937431335,
   0.23446953296661377
  ],
  "euler_order": "XYZ",
  "rotation_matrix": [
   [
    0.914203405380249,
    0.3205236494541168,
    0.24798528850078583
   ],
   [
    0.2183692753314972,
    0.12587207555770874,
    -0.9677143692970276
   ],
   [
    -0.3413897454738617,
    0.9388401508331299,
    0.04508017376065254
   ]
  ]
 },
 {
  "rotation_euler": [
   -6.032132660038769e-06,
   4.412929047248326e-05,
   2.6983132362365723
  ],
  "euler_order": "XYZ",
  "rotation_matrix": [
   [
    -0.9033499956130981,
    -0.4289042353630066,
    -4.245140007697046e-05
   ],
   [
    0.4289042353630066,
    -0.9033499956130981,
    1.3478112123266328e-05
   ],
   [
    -4.412929047248326e-05,
    -6.032132660038769e-06,
    1.0
   ]
  ]
 },
 {
  "rotation_euler": [
   -1.8845124941435643e-05,
   4.426845407579094e-05,
   -0.29153013229370117
  ],
  "euler_order": "XYZ",
  "rotation_matrix": [
   [
    0.9578052163124084,
    0.2874181270599365,
    4.781698589795269e-05
   ],
   [
    -0.2874181270599365,
    0.9578052163124084,
    5.3264025154931005e-06
   ],
   [
    -4.426845407579094e-05,
    -1.8845124941435643e-05,
    1.0
   ]
  ]
 },
 {
  "rotation_euler": [
   1.5255982875823975,
   -0.0728277787566185,
   -3.065977096557617
  ],
  "euler_order": "XYZ",
  "rotation_matrix": [
   [
    -0.9944993257522583,
    0.07589465379714966,
    -0.0721881240606308
   ],
   [
    -0.07534327358007431,
    -0.03956235200166702,
    0.9963725209236145
   ],
   [
    0.07276342064142227,
    0.9963306784629822,
    0.04506288468837738
   ]
  ]
 },
 {
  "rotation_euler": [
   1.6161551475524902,
   3.037349224090576,
   -0.031996697187423706
  ],
  "euler_order": "XYZ",
  "rotation_matrix": [
   [
    -0.9940624833106995,
    0.10244391858577728,
    -0.036674100905656815
   ],
   [
    0.03181757405400276,
    -0.04864547401666641,
    -0.9983091950416565
   ],
   [
    -0.10405473411083221,
    -0.9935486316680908,
    0.04509712755680084
   ]
  ]
 },
 {
  "rotation_euler": [
   1.5022462606430054,
   -0.8523364067077637,
   0.3839855194091797
  ],
  "euler_order": "XYZ",
  "rotation_matrix": [
   [
    0.6102933287620544,
    -0.7220198512077332,
    0.3259284496307373
   ],
   [
    0.24658380448818207,
    -0.21784982085227966,
    -0.9443187117576599
   ],
   [
    0.7528203129768372,
    0.6566801071166992,
    0.04508610814809799
   ]
  ]
 },
 {
  "rotation_euler": [
   -0.0010602620895951986,
   5.1778897613985464e-05,
   2.7613916397094727
  ],
  "euler_order": "XYZ",
  "rotation_matrix": [
   [
    -0.9285900592803955,
    -0.3711068630218506,
    -0.0004415521107148379
   ],
   [
    0.3711071312427521,
    -0.9285895824432373,
    -0.0009653331362642348
   ],
   [
    -5.1778897613985464e-05,
    -0.001060261856764555,
    0.999999463558197
   ]
  ]
 }
]