[
 {
  "rotation_euler": [
   -0.03356840834021568,
   0.16765987873077393,
   1.3381637334823608
  ],
  "euler_order": "XYZ",
  "rotation_matrix": [
   [
    0.22730736434459686,
    -0.973805844783783,
    0.005791767034679651
   ],
   [
    0.959418535232544,
    0.2249602973461151,
    0.1700262725353241
   ],
   [
    -0.16687549650669098,
    -0.03309149667620659,
    0.9854224920272827
   ]
  ]
 },
 {
  "rotation_euler": [
   -0.0067476495169103146,
   0.0844159871339798,
   -1.6273648738861084
  ],
  "euler_order": "XYZ",
  "rotation_matrix": [
   [
    -0.05633705481886864,
    0.9984098672866821,
    0.0019698366522789
   ],
   [
    -0.9948452115058899,
    -0.05596907436847687,
    -0.08456047624349594
   ],
   [
    -0.08431576192378998,
    -0.006723570637404919,
    0.9964163899421692
   ]
  ]
 },
 {
  "rotation_euler": [
   0.309081494808197,
   -0.011098277755081654,
   -0.1322646588087082
  ],
  "euler_order": "XYZ",
  "rotation_matrix": [
   [
    0.9912047386169434,
    0.12228367477655411,
    -0.050595372915267944
   ],
   [
    -0.13187123835086823,
    0.9447382092475891,
    -0.30013272166252136
   ],
   [
    0.011098049581050873,
    0.3041650652885437,
    0.9525547027587891
   ]
  ]
 },
 {
  "rotation_euler": [
   -0.14338862895965576,
   -0.11046063154935837,
   0.287885457277298
  ],
  "euler_order": "XYZ",
  "rotation_matrix": [
   [
    0.9530026316642761,
    -0.26590731739997864,
    -0.14518707990646362
   ],
   [
    0.28219494223594666,
    0.9534786939620972,
    0.10603939741849899
   ],
   [
    0.11023613810539246,
    -0.142026886343956,
    0.9837054014205933
   ]
  ]
 },
 {
  "rotation_euler": [
   0.1799817979335785,
   0.15009616315364838,
   1.9857121706008911
  ],
  "euler_order": "XYZ",
  "rotation_matrix": [
   [
    -0.3985806107521057,
    -0.9111583828926086,
    0.10451748222112656
   ],
   [
    0.9048609137535095,
    -0.3721044957637787,
    0.2067968100309372
   ],
   [
    -0.149533212184906,
    0.17699898779392242,
    0.9727852940559387
   ]
  ]
 },
 {
  "rotation_euler": [
   0.436333566904068,
   0.38786205649375916,
   -0.5408825278282166
  ],
  "euler_order": "XYZ",
  "rotation_matrix": [
   [
    0.7935775518417358,
    0.6036736965179443,
    0.07624144107103348
   ],
   [
    -0.47664639353752136,
    0.6946361660957336,
    -0.5387845635414124
   ],
   [
    -0.3782101571559906,
    0.391227126121521,
    0.8389865159988403
   ]
  ]
 },
 {
  "rotation_euler": [
   -0.20786646008491516,
   -0.010396946221590042,
   -0.13978326320648193
  ],
  "euler_order": "XYZ",
  "rotation_matrix": [
   [
    0.990192711353302,
    0.1384539157152176,
    0.018679877743124962
   ],
   [
    -0.139320969581604,
    0.9686306715011597,
    0.20577722787857056
   ],
   [
    0.010396759025752544,
    -0.20636160671710968,
    0.9784205555915833
   ]
  ]
 },
 {
  "rotation_euler": [
   -0.17759740352630615,
   -0.0024726076517254114,
   -0.7006734609603882
  ],
  "euler_order": "XYZ",
  "rotation_matrix": [
   [
    0.7644058465957642,
    0.6349255442619324,
    0.11204151809215546
   ],
   [
    -0.6447306871414185,
    0.7521031498908997,
    0.13661347329616547
   ],
   [
    0.0024726050905883312,
    -0.17666473984718323,
    0.9842679500579834
   ]
  ]
 },
 {
  "rotation_euler": [
   0.035116009414196014,
   0.6040676236152649,
   -1.3717215061187744
  ],
  "euler_order": "XYZ",
  "rotation_matrix": [
   [
    0.16276487708091736,
    0.9835893511772156,
    0.07784346491098404
   ],
   [
    -0.8067771196365356,
    0.178092822432518,
    -0.5633769631385803
   ],
   [
    -0.5679949522018433,
    0.028895661234855652,
    0.8225246667861938
   ]
  ]
 },
 {
  "rotation_euler": [
   -0.2718401849269867,
   0.41614267230033875,
   0.08403738588094711
  ],
  "euler_order": "XYZ",
  "rotation_matrix": [
   [
    0.9114271402359009,
    -0.18901212513446808,
    0.36547914147377014
   ],
   [
    0.07677477598190308,
    0.9507683515548706,
    0.3002418577671051
   ],
   [
    -0.4042353332042694,
    -0.2455889880657196,
    0.8810674548149109
   ]
  ]
 },
 {
  "rotation_euler": [
   0.17773239314556122,
   0.013555992394685745,
   -1.4675596952438354
  ],
  "euler_order": "XYZ",
  "rotation_matrix": [
   [
    0.10304388403892517,
    0.9792538285255432,
    -0.17448189854621887
   ],
   [
    -0.9945844411849976,
    0.09904612600803375,
    -0.031490642577409744
   ],
   [
    -0.013555577024817467,
    0.17678189277648926,
    0.9841566681861877
   ]
  ]
 },
 {
  "rotation_euler": [
   -0.06421131640672684,
   -0.15674065053462982,
   -2.2862777709960938
  ],
  "euler_order": "XYZ",
  "rotation_matrix": [
   [
    -0.6479393839836121,
    0.7466514110565186,
    0.15061931312084198
   ],
   [
    -0.7455249428749084,
    -0.662189245223999,
    0.0754852369427681
   ],
   [
    0.15609964728355408,
    -0.06338059157133102,
    0.9857057332992554
   ]
  ]
 },
 {
  "rotation_euler": [
   0.11436762660741806,
   0.07846150547266006,
   -2.6013247966766357
  ],
  "euler_order": "XYZ",
  "rotation_matrix": [
   [
    -0.8549326062202454,
    0.5033347010612488,
    -0.12547679245471954
   ],
   [
    -0.5127832293510437,
    -0.8565694093704224,
    0.05781155079603195
   ],
   [
    -0.0783810243010521,
    0.11376737803220749,
    0.9904107451438904
   ]
  ]
 },
 {
  "rotation_euler": [
   0.05101678520441055,
   0.2043163925409317,
   -0.29336100816726685
  ],
  "euler_order": "XYZ",
  "rotation_matrix": [
   [
    0.9373659491539001,
    0.2986997067928314,
    0.17923060059547424
   ],
   [
    -0.28315648436546326,
    0.9530399441719055,
    -0.10741191357374191
   ],
   [
    -0.2028978168964386,
    0.049933966249227524,
    0.9779258966445923
   ]
  ]
 },
 {
  "rotation_euler": [
   -0.30990904569625854,
   0.27958500385284424,
   0.17770417034626007
  ],
  "euler_order": "XYZ",
  "rotation_matrix": [
   [
    0.9460336565971375,
    -0.25118303298950195,
    0.20476184785366058
   ],
   [
    0.1699063777923584,
    0.9224867820739746,
    0.3466264605522156
   ],
   [
    -0.27595677971839905,
    -0.29312998056411743,
    0.915381133556366
   ]
  ]
 },
 {
  "rotation_euler": [
   0.07010003179311752,
   -0.22680264711380005,
   0.24599497020244598
  ],
  "euler_order": "XYZ",
  "rotation_matrix": [
   [
    0.9450567960739136,
    -0.2581992447376251,
    -0.20050129294395447
   ],
   [
    0.23728495836257935,
    0.9636780023574829,
    -0.12255856394767761
   ],
   [
    0.224863201379776,
    0.06824886798858643,
    0.9719972610473633
   ]
  ]
 }
]