[
 {
  "rotation_euler": [
   -1.2637980944418814e-05,
   -3.852428108075401e-06,
   1.0498299598693848
  ],
  "euler_order": "XYZ",
  "rotation_matrix": [
   [
    0.49771854281425476,
    -0.8673385977745056,
    -1.2878833331342321e-05
   ],
   [
    0.8673385977745056,
    0.49771854281425476,
    2.9487978281395044e-06
   ],
   [
    3.852428108075401e-06,
    -1.2637980944418814e-05,
    1.0
   ]
  ]
 },
 {
  "rotation_euler": [
   -3.006917665970832e-07,
   -1.3951704147530108e-07,
   -0.6427900195121765
  ],
  "euler_order": "XYZ",
  "rotation_matrix": [
   [
    0.8004264235496521,
    0.5994309782981873,
    6.857082723854546e-08
   ],
   [
    -0.5994309782981873,
    0.8004264235496521,
    3.2431248087050335e-07
   ],
   [
    1.3951704147530108e-07,
    -3.006917665970832e-07,
    1.0
   ]
  ]
 },
 {
  "rotation_euler": [
   -1.8463429114490282e-06,
   -1.185409132631321e-06,
   -2.513936996459961
  ],
  "euler_order": "XYZ",
  "rotation_matrix": [
   [
    -0.8094064593315125,
    0.5872488617897034,
    2.0437405510165263e-06
   ],
   [
    -0.5872488617897034,
    -0.8094064593315125,
    -7.983117029652931e-07
   ],
   [
    1.185409132631321e-06,
    -1.8463429114490282e-06,
    1.0
   ]
  ]
 },
 {
  "rotation_euler": [
   -4.2352090190433955e-07,
   -1.386048253948502e-08,
   1.260259747505188
  ],
  "euler_order": "XYZ",
  "rotation_matrix": [
   [
    0.305569589138031,
    -0.9521697163581848,
    -4.0749912955106993e-07
   ],
   [
    0.9521697163581848,
    0.305569589138031,
    1.1621757778357278e-07
   ],
   [
    1.386048253948502e-08,
    -4.2352090190433955e-07,
    1.0
   ]
  ]
 },
 {
  "rotation_euler": [
   -1.0694347110984381e-05,
   -4.571339559333865e-06,
   -1.7485851049423218
  ],
  "euler_order": "XYZ",
  "rotation_matrix": [
   [
    -0.17685364186763763,
    0.9842371344566345,
    1.1334232112858444e-05
   ],
   [
    -0.9842371344566345,
    -0.17685364186763763,
    2.607948090371792e-06
   ],
   [
    4.571339559333865e-06,
    -1.0694347110984381e-05,
    1.0
   ]
  ]
 },
 {
  "rotation_euler": [
   -1.4057080989005044e-05,
   -4.706861091108294e-06,
   1.030910611152649
  ],
  "euler_order": "XYZ",
  "rotation_matrix": [
   [
    0.5140379667282104,
    -0.8577674627304077,
    -1.4477211152552627e-05
   ],
   [
    0.8577674627304077,
    0.5140379667282104,
    3.188481059623882e-06
   ],
   [
    4.706861091108294e-06,
    -1.4057080989005044e-05,
    1.0
   ]
  ]
 },
 {
  "rotation_euler": [
   -1.416103077644948e-05,
   -4.425534825713839e-06,
   -1.3835432529449463
  ],
  "euler_order": "XYZ",
  "rotation_matrix": [
   [
    0.18616069853305817,
    0.9825193285942078,
    1.308962600887753e-05
   ],
   [
    -0.9825193285942078,
    0.18616069853305817,
    6.984400897636078e-06
   ],
   [
    4.425534825713839e-06,
    -1.416103077644948e-05,
    1.0
   ]
  ]
 },
 {
  "rotation_euler": [
   -1.0544657925493084e-05,
   -4.562145932140993e-06,
   -0.7798028588294983
  ],
  "euler_order": "XYZ",
  "rotation_matrix": [
   [
    0.7110521793365479,
    0.7031392455101013,
    4.170439297013218e-06
   ],
   [
    -0.7031392455101013,
    0.7110521793365479,
    1.0705625754781067e-05
   ],
   [
    4.562145932140993e-06,
    -1.0544657925493084e-05,
    1.0
   ]
  ]
 },
 {
  "rotation_euler": [
   -1.266442359337816e-05,
   -4.9872519412019756e-06,
   -2.525876760482788
  ],
  "euler_order": "XYZ",
  "rotation_matrix": [
   [
    -0.8163601756095886,
    0.5775430798530579,
    1.1385644029360265e-05
   ],
   [
    -0.5775430798530579,
    -0.8163601756095886,
    -7.458378604496829e-06
   ],
   [
    4.9872519412019756e-06,
    -1.266442359337816e-05,
    1.0
   ]
  ]
 },
 {
  "rotation_euler": [
   -1.8051787264994346e-06,
   -1.26927227483975e-06,
   2.349119186401367
  ],
  "euler_order": "XYZ",
  "rotation_matrix": [
   [
    -0.7020861506462097,
    -0.7120920419692993,
    -3.94314923823913e-07
   ],
   [
    0.7120920419692993,
    -0.7020861506462097,
    -2.171229652958573e-06
   ],
   [
    1.26927227483975e-06,
    -1.8051787264994346e-06,
    1.0
   ]
  ]
 },
 {
  "rotation_euler": [
   -1.0402964107925072e-05,
   -4.5144083742343355e-06,
   2.707733631134033
  ],
  "euler_order": "XYZ",
  "rotation_matrix": [
   [
    -0.9073502421379089,
    -0.42037540674209595,
    -2.770006233276945e-07
   ],
   [
    0.42037540674209595,
    -0.9073502421379089,
    -1.1336878742440604e-05
   ],
   [
    4.5144083742343355e-06,
    -1.0402964107925072e-05,
    1.0
   ]
  ]
 },
 {
  "rotation_euler": [
   -1.1399391951272264e-05,
   -3.5370246678212425e-06,
   3.082294464111328
  ],
  "euler_order": "XYZ",
  "rotation_matrix": [
   [
    -0.9982423782348633,
    -0.0592634454369545,
    2.855240609278553e-06
   ],
   [
    0.0592634454369545,
    -0.9982423782348633,
    -1.1588972483878024e-05
   ],
   [
    3.5370246678212425e-06,
    -1.1399391951272264e-05,
    1.0
   ]
  ]
 },
 {
  "rotation_euler": [
   -4.7067808850442816e-07,
   -5.809459366901137e-07,
   1.1706430912017822
  ],
  "euler_order": "XYZ",
  "rotation_matrix": [
   [
    0.38955947756767273,
    -0.9210013151168823,
    -6.598081085940066e-07
   ],
   [
    0.9210013151168823,
    0.38955947756767273,
    -3.5169486523045634e-07
   ],
   [
    5.809459366901137e-07,
    -4.7067808850442816e-07,
    1.0
   ]
  ]
 },
 {
  "rotation_euler": [
   -2.955766547074745e-07,
   -5.886045642000681e-07,
   0.08451618999242783
  ],
  "euler_order": "XYZ",
  "rotation_matrix": [
   [
    0.9964306354522705,
    -0.08441560715436935,
    -6.114548796176678e-07
   ],
   [
    0.08441560715436935,
    0.9964306354522705,
    2.448342115712876e-07
   ],
   [
    5.886045642000681e-07,
    -2.955766547074745e-07,
    1.0
   ]
  ]
 },
 {
  "rotation_euler": [
   -4.087888498816028e-07,
   -4.5207974608274526e-07,
   0.9940354228019714
  ],
  "euler_order": "XYZ",
  "rotation_matrix": [
   [
    0.545311689376831,
    -0.8382333517074585,
    -5.891848218197993e-07
   ],
   [
    0.8382333517074585,
    0.545311689376831,
    -1.5603099257077702e-07
   ],
   [
    4.5207974608274526e-07,
    -4.087888498816028e-07,
    1.0
   ]
  ]
 },
 {
  "rotation_euler": [
   -1.262784735445166e-05,
   -3.850002485705772e-06,
   -1.3066762685775757
  ],
  "euler_order": "XYZ",
  "rotation_matrix": [
   [
    0.2610599398612976,
    0.9653226137161255,
    1.1184864888491575e-05
   ],
   [
    -0.9653226137161255,
    0.2610599398612976,
    7.013119557086611e-06
   ],
   [
    3.850002485705772e-06,
    -1.262784735445166e-05,
    1.0
   ]
  ]
 }
]