[
 {
  "rotation_euler": [
   0.000785506097599864,
   -4.3195777834625915e-06,
   1.7040148973464966
  ],
  "euler_order": "XYZ",
  "rotation_matrix": [
   [
    -0.1328248828649521,
    -0.9911392331123352,
    0.000779119785875082
   ],
   [
    0.9911395311355591,
    -0.1328248381614685,
    0.0001000534393824637
   ],
   [
    4.3195777834625915e-06,
    0.0007855060393922031,
    0.9999997019767761
   ]
  ]
 },
 {
  "rotation_euler": [
   0.0007878560572862625,
   -3.8099328776297625e-06,
   2.358311653137207
  ],
  "euler_order": "XYZ",
  "rotation_matrix": [
   [
    -0.708602249622345,
    -0.7056078910827637,
    0.0005586172919720411
   ],
   [
    0.7056081295013428,
    -0.7086020112037659,
    0.0005555882235057652
   ],
   [
    3.8099328776297625e-06,
    0.0007878559990786016,
    0.9999997019767761
   ]
  ]
 },
 {
  "rotation_euler": [
   -0.4526742994785309,
   -1.4596275091171265,
   -1.5893956422805786
  ],
  "euler_order": "XYZ",
  "rotation_matrix": [
   [
    -0.0020632888190448284,
    0.8910409808158875,
    0.4539181888103485
   ],
   [
    -0.11092079430818558,
    -0.4513220489025116,
    0.8854405879974365
   ],
   [
    0.9938271045684814,
    -0.048522043973207474,
    0.09976617991924286
   ]
  ]
 },
 {
  "rotation_euler": [
   0.0007887152605690062,
   5.749838237534277e-06,
   2.5172479152679443
  ],
  "euler_order": "XYZ",
  "rotation_matrix": [
   [
    -0.8113463521003723,
    -0.5845655798912048,
    0.00045639078598469496
   ],
   [
    0.5845657587051392,
    -0.8113460540771484,
    0.0006432823138311505
   ],
   [
    -5.749838237534277e-06,
    0.0007887152023613453,
    0.9999997019767761
   ]
  ]
 },
 {
  "rotation_euler": [
   0.0007882005884312093,
   -5.301268174662255e-06,
   0.8171588182449341
  ],
  "euler_order": "XYZ",
  "rotation_matrix": [
   [
    0.6842957735061646,
    -0.7292043566703796,
    0.0005711317644454539
   ],
   [
    0.7292045950889587,
    0.6842955350875854,
    -0.0005432280013337731
   ],
   [
    5.301268174662255e-06,
    0.0007882005302235484,
    0.9999997019767761
   ]
  ]
 },
 {
  "rotation_euler": [
   0.0007876892341300845,
   -4.717973297374556e-06,
   2.976196527481079
  ],
  "euler_order": "XYZ",
  "rotation_matrix": [
   [
    -0.9863532185554504,
    -0.16464300453662872,
    0.0001343411422567442
   ],
   [
    0.1646430641412735,
    -0.9863529205322266,
    0.0007761629531159997
   ],
   [
    4.717973297374556e-06,
    0.0007876891759224236,
    0.9999997019767761
   ]
  ]
 },
 {
  "rotation_euler": [
   0.24841943383216858,
   -1.4450334310531616,
   1.298164963722229
  ],
  "euler_order": "XYZ",
  "rotation_matrix": [
   [
    0.033774543553590775,
    -0.9991840124130249,
    -0.02214824967086315
   ],
   [
    0.12079890817403793,
    0.026079677045345306,
    -0.9923343658447266
   ],
   [
    0.9921022653579712,
    0.030840156599879265,
    0.12158117443323135
   ]
  ]
 },
 {
  "rotation_euler": [
   0.0007885820232331753,
   5.916052032262087e-06,
   -1.019261360168457
  ],
  "euler_order": "XYZ",
  "rotation_matrix": [
   [
    0.5239952206611633,
    0.851720929145813,
    -0.0006685520056635141
   ],
   [
    -0.8517212271690369,
    0.523995041847229,
    -0.0004182519915048033
   ],
   [
    -5.916052032262087e-06,
    0.0007885819650255144,
    0.9999997019767761
   ]
  ]
 },
 {
  "rotation_euler": [
   0.0007913426379673183,
   -3.609219675126951e-06,
   -1.6722992658615112
  ],
  "euler_order": "XYZ",
  "rotation_matrix": [
   [
    -0.10132873058319092,
    0.9948526620864868,
    -0.0007869037799537182
   ],
   [
    -0.9948530197143555,
    -0.10132870078086853,
    8.377638005185872e-05
   ],
   [
    3.609219675126951e-06,
    0.0007913425797596574,
    0.9999997019767761
   ]
  ]
 },
 {
  "rotation_euler": [
   0.0007844452047720551,
   -9.916906492435373e-06,
   2.597656488418579
  ],
  "euler_order": "XYZ",
  "rotation_matrix": [
   [
    -0.8556783199310303,
    -0.5175079107284546,
    0.00041444235830567777
   ],
   [
    0.5175080895423889,
    -0.8556780815124512,
    0.0006661005900241435
   ],
   [
    9.916906492435373e-06,
    0.0007844451465643942,
    0.9999997019767761
   ]
  ]
 },
 {
  "rotation_euler": [
   0.0008010196615941823,
   3.903265678673051e-06,
   -1.9113918542861938
  ],
  "euler_order": "XYZ",
  "rotation_matrix": [
   [
    -0.33404847979545593,
    0.9425556063652039,
    -0.0007563096005469561
   ],
   [
    -0.9425559043884277,
    -0.3340483605861664,
    0.00026390032144263387
   ],
   [
    -3.903265678673051e-06,
    0.0008010196033865213,
    0.9999997019767761
   ]
  ]
 },
 {
  "rotation_euler": [
   0.0007910447893664241,
   4.634286597138271e-06,
   -0.009137913584709167
  ],
  "euler_order": "XYZ",
  "rotation_matrix": [
   [
    0.9999582767486572,
    0.00913778692483902,
    -2.5943058972188737e-06
   ],
   [
    -0.009137785993516445,
    0.9999579191207886,
    -0.0007910540443845093
   ],
   [
    -4.634286597138271e-06,
    0.0007910447311587632,
    0.9999997019767761
   ]
  ]
 },
 {
  "rotation_euler": [
   0.0007886668900027871,
   -5.725451046600938e-06,
   -1.6027168035507202
  ],
  "euler_order": "XYZ",
  "rotation_matrix": [
   [
    -0.03191505745053291,
    0.9994902610778809,
    -0.0007880823104642332
   ],
   [
    -0.9994905591011047,
    -0.03191504254937172,
    3.0892879294697195e-05
   ],
   [
    5.725451046600938e-06,
    0.0007886668317951262,
    0.9999997019767761
   ]
  ]
 },
 {
  "rotation_euler": [
   -0.337974488735199,
   1.4524672031402588,
   -1.6829109191894531
  ],
  "euler_order": "XYZ",
  "rotation_matrix": [
   [
    -0.013207773678004742,
    0.9743424654006958,
    0.22468258440494537
   ],
   [
    -0.11731201410293579,
    0.2216404378414154,
    -0.9680461883544922
   ],
   [
    -0.9930073022842407,
    -0.039143700152635574,
    0.11137469857931137
   ]
  ]
 },
 {
  "rotation_euler": [
   0.0007876527379266918,
   -4.173979505139869e-06,
   -0.7533637881278992
  ],
  "euler_order": "XYZ",
  "rotation_matrix": [
   [
    0.729391872882843,
    0.6840959191322327,
    -0.0005418746150098741
   ],
   [
    -0.6840961575508118,
    0.7293916344642639,
    -0.0005716520245186985
   ],
   [
    4.173979505139869e-06,
    0.0007876526797190309,
    0.9999997019767761
   ]
  ]
 },
 {
  "rotation_euler": [
   0.0007849811227060854,
   6.1525834098574705e-06,
   2.106019973754883
  ],
  "euler_order": "XYZ",
  "rotation_matrix": [
   [
    -0.5100334286689758,
    -0.8601543307304382,
    0.0006720669916830957
   ],
   [
    0.8601545691490173,
    -0.5100332498550415,
    0.00040565873496234417
   ],
   [
    -6.1525834098574705e-06,
    0.0007849810644984245,
    0.9999997019767761
   ]
  ]
 }
]