[
 {
  "rotation_euler": [
   0.4578873813152313,
   1.5208728313446045,
   -1.1679723262786865
  ],
  "euler_order": "XYZ",
  "rotation_matrix": [
   [
    0.019562773406505585,
    0.9982684850692749,
    -0.05547367036342621
   ],
   [
    -0.045908425003290176,
    -0.05452888086438179,
    -0.9974562525749207
   ],
   [
    -0.99875408411026,
    0.022059720009565353,
    0.04476219788193703
   ]
  ]
 },
 {
  "rotation_euler": [
   -0.44711869955062866,
   -1.5200759172439575,
   2.63973069190979
  ],
  "euler_order": "XYZ",
  "rotation_matrix": [
   [
    -0.044446930289268494,
    -0.8123346567153931,
    0.5814953446388245
   ],
   [
    0.024389035999774933,
    -0.5827794075012207,
    -0.8122643232345581
   ],
   [
    0.9987139701843262,
    -0.021920545026659966,
    0.045714814215898514
   ]
  ]
 },
 {
  "rotation_euler": [
   -0.447128564119339,
   -1.520075798034668,
   0.43928515911102295
  ],
  "euler_order": "XYZ",
  "rotation_matrix": [
   [
    0.04588523507118225,
    0.007340074982494116,
    -0.9989197254180908
   ],
   [
    0.021561818197369576,
    0.9997327327728271,
    0.008336488157510757
   ],
   [
    0.9987139701843262,
    -0.021921047940850258,
    0.04571470618247986
   ]
  ]
 },
 {
  "rotation_euler": [
   -0.44716230034828186,
   -1.5200754404067993,
   0.859305202960968
  ],
  "euler_order": "XYZ",
  "rotation_matrix": [
   [
    0.033104706555604935,
    -0.4009368121623993,
    -0.9155073761940002
   ],
   [
    0.03839897736907005,
    0.9158433675765991,
    -0.3996954560279846
   ],
   [
    0.9987139701843262,
    -0.021922744810581207,
    0.04571428894996643
   ]
  ]
 },
 {
  "rotation_euler": [
   -0.4471571445465088,
   -1.5200754404067993,
   -0.9206656813621521
  ],
  "euler_order": "XYZ",
  "rotation_matrix": [
   [
    0.03068770468235016,
    0.9791349172592163,
    -0.20088079571723938
   ],
   [
    -0.04035675525665283,
    0.20202532410621643,
    0.9785484671592712
   ],
   [
    0.9987139701843262,
    -0.021922508254647255,
    0.045714400708675385
   ]
  ]
 },
 {
  "rotation_euler": [
   0.4575008451938629,
   1.5208823680877686,
   1.9272485971450806
  ],
  "euler_order": "XYZ",
  "rotation_matrix": [
   [
    -0.01741033047437668,
    -0.9947069883346558,
    0.10126660019159317
   ],
   [
    0.04675698280334473,
    0.10036115348339081,
    0.9938518404960632
   ],
   [
    -0.9987545609474182,
    0.022038208320736885,
    0.044762175530195236
   ]
  ]
 },
 {
  "rotation_euler": [
   0.4574291706085205,
   1.5208853483200073,
   -0.554554283618927
  ],
  "euler_order": "XYZ",
  "rotation_matrix": [
   [
    0.042413465678691864,
    0.8474175333976746,
    0.5292301774024963
   ],
   [
    -0.026270436123013496,
    0.5304695963859558,
    -0.8472967743873596
   ],
   [
    -0.9987546801567078,
    0.022033685818314552,
    0.04476108402013779
   ]
  ]
 },
 {
  "rotation_euler": [
   0.45803317427635193,
   1.520869255065918,
   2.0614566802978516
  ],
  "euler_order": "XYZ",
  "rotation_matrix": [
   [
    -0.023516284301877022,
    -0.9992081522941589,
    -0.032094743102788925
   ],
   [
    0.04401847720146179,
    -0.03310738876461983,
    0.9984819889068604
   ],
   [
    -0.9987539052963257,
    0.022067824378609657,
    0.04476218298077583
   ]
  ]
 },
 {
  "rotation_euler": [
   -0.4465291202068329,
   -1.5200920104980469,
   -0.6504265069961548
  ],
  "euler_order": "XYZ",
  "rotation_matrix": [
   [
    0.04033450409770012,
    0.8893806338310242,
    -0.45538467168807983
   ],
   [
    -0.030689621344208717,
    0.4566432535648346,
    0.8891203999519348
   ],
   [
    0.998714804649353,
    -0.02188664861023426,
    0.045713234692811966
   ]
  ]
 },
 {
  "rotation_euler": [
   -0.4466787278652191,
   -1.5200878381729126,
   -0.3946998715400696
  ],
  "euler_order": "XYZ",
  "rotation_matrix": [
   [
    0.04678955674171448,
    0.7450500130653381,
    -0.66536545753479
   ],
   [
    -0.019490638747811317,
    0.6666491627693176,
    0.7451167702674866
   ],
   [
    0.9987146258354187,
    -0.021895287558436394,
    0.045713718980550766
   ]
  ]
 },
 {
  "rotation_euler": [
   0.4580213129520416,
   1.5208696126937866,
   0.524736762046814
  ],
  "euler_order": "XYZ",
  "rotation_matrix": [
   [
    0.043191418051719666,
    -0.06714282184839249,
    0.9968080520629883
   ],
   [
    0.02500215545296669,
    0.9974992871284485,
    0.06610604375600815
   ],
   [
    -0.9987539052963257,
    0.022067135199904442,
    0.04476212337613106
   ]
  ]
 },
 {
  "rotation_euler": [
   -2.6836142539978027,
   1.6207221746444702,
   0.2026168406009674
  ],
  "euler_order": "XYZ",
  "rotation_matrix": [
   [
    -0.04888421669602394,
    -0.2520556151866913,
    -0.9664772748947144
   ],
   [
    -0.01004257146269083,
    -0.9674611687660217,
    0.2528201639652252
   ],
   [
    -0.9987539649009705,
    0.022064832970499992,
    0.04476229473948479
   ]
  ]
 },
 {
  "rotation_euler": [
   2.695011615753174,
   -1.6215026378631592,
   0.20844513177871704
  ],
  "euler_order": "XYZ",
  "rotation_matrix": [
   [
    -0.04958745837211609,
    -0.23534846305847168,
    0.9706452488899231
   ],
   [
    -0.010488614439964294,
    -0.9716644883155823,
    -0.2361314445734024
   ],
   [
    0.9987146854400635,
    -0.021889882162213326,
    0.045713894069194794
   ]
  ]
 },
 {
  "rotation_euler": [
   -0.4465497136116028,
   -1.52009117603302,
   0.7354971766471863
  ],
  "euler_order": "XYZ",
  "rotation_matrix": [
   [
    0.03758162260055542,
    -0.2853550314903259,
    -0.9576847553253174
   ],
   [
    0.03400634229183197,
    0.9581719040870667,
    -0.28416571021080017
   ],
   [
    0.9987147450447083,
    -0.021887948736548424,
    0.04571353644132614
   ]
  ]
 },
 {
  "rotation_euler": [
   0.4574500322341919,
   1.5208842754364014,
   -1.0961918830871582
  ],
  "euler_order": "XYZ",
  "rotation_matrix": [
   [
    0.022799672558903694,
    0.9996015429496765,
    0.016642976552248
   ],
   [
    -0.04437701776623726,
    0.017642799764871597,
    -0.9988590478897095
   ],
   [
    -0.9987546801567078,
    0.02203509211540222,
    0.04476158693432808
   ]
  ]
 },
 {
  "rotation_euler": [
   -0.446554571390152,
   -1.52009117603302,
   -0.30452021956443787
  ],
  "euler_order": "XYZ",
  "rotation_matrix": [
   [
    0.048351529985666275,
    0.6818952560424805,
    -0.7298499345779419
   ],
   [
    -0.015196690335869789,
    0.7311222553253174,
    0.6820772290229797
   ],
   [
    0.9987147450447083,
    -0.02188817225396633,
    0.045713428407907486
   ]
  ]
 }
]