[
 {
  "rotation_euler": [
   -1.5698562860488892,
   0.0017788857221603394,
   -2.8541836738586426
  ],
  "euler_order": "XYZ",
  "rotation_matrix": [
   [
    -0.9589800238609314,
    0.00197238870896399,
    0.2834666967391968
   ],
   [
    -0.28346797823905945,
    -0.0003972241538576782,
    -0.9589816331863403
   ],
   [
    -0.0017788847908377647,
    -0.9999979734420776,
    0.0009400391136296093
   ]
  ]
 },
 {
  "rotation_euler": [
   1.5724689960479736,
   -0.0022030321415513754,
   -0.6049679517745972
  ],
  "euler_order": "XYZ",
  "rotation_matrix": [
   [
    0.8225183486938477,
    -0.002763340948149562,
    -0.5687319040298462
   ],
   [
    -0.568734347820282,
    -0.00012286352284718305,
    -0.8225212693214417
   ],
   [
    0.002203030278906226,
    0.9999961853027344,
    -0.001672664424404502
   ]
  ]
 },
 {
  "rotation_euler": [
   -1.568028450012207,
   0.0040356069803237915,
   -2.3566510677337646
  ],
  "euler_order": "XYZ",
  "rotation_matrix": [
   [
    -0.7074238061904907,
    0.004811177030205727,
    0.7067732214927673
   ],
   [
    -0.7067781090736389,
    0.000894207856617868,
    -0.7074347138404846
   ],
   [
    -0.004035595804452896,
    -0.9999880194664001,
    0.0027678506448864937
   ]
  ]
 },
 {
  "rotation_euler": [
   -1.569048523902893,
   0.0033611636608839035,
   0.0036859391257166862
  ],
  "euler_order": "XYZ",
  "rotation_matrix": [
   [
    0.9999875426292419,
    -0.0033675716258585453,
    -0.0036800506059080362
   ],
   [
    0.0036859100218862295,
    0.0017354011069983244,
    0.9999917149543762
   ],
   [
    -0.003361157374456525,
    -0.999992847442627,
    0.0017477921210229397
   ]
  ]
 },
 {
  "rotation_euler": [
   1.570786714553833,
   0.000978554948233068,
   -0.12142720818519592
  ],
  "euler_order": "XYZ",
  "rotation_matrix": [
   [
    0.9926363229751587,
    0.0009725138079375029,
    -0.12112902104854584
   ],
   [
    -0.12112896889448166,
    -0.00010898993059527129,
    -0.9926367998123169
   ],
   [
    -0.0009785548318177462,
    0.9999995231628418,
    9.612236681277864e-06
   ]
  ]
 },
 {
  "rotation_euler": [
   1.571882963180542,
   -0.0006661875522695482,
   -0.4665736258029938
  ],
  "euler_order": "XYZ",
  "rotation_matrix": [
   [
    0.8931146264076233,
    -0.0010837818263098598,
    -0.4498278796672821
   ],
   [
    -0.4498286843299866,
    -0.0006708207074552774,
    -0.8931146264076233
   ],
   [
    0.0006661874940618873,
    0.9999991655349731,
    -0.0010866359807550907
   ]
  ]
 },
 {
  "rotation_euler": [
   -1.5698736906051636,
   0.0017354883020743728,
   0.7306048274040222
  ],
  "euler_order": "XYZ",
  "rotation_matrix": [
   [
    0.744769811630249,
    -0.0019082337385043502,
    -0.6673187613487244
   ],
   [
    0.6673192381858826,
    -0.000470972852781415,
    0.7447716593742371
   ],
   [
    -0.00173548748716712,
    -0.9999980926513672,
    0.0009226346737705171
   ]
  ]
 },
 {
  "rotation_euler": [
   1.5724214315414429,
   -0.001533224363811314,
   1.7372688055038452
  ],
  "euler_order": "XYZ",
  "rotation_matrix": [
   [
    -0.16570444405078888,
    0.0018566995859146118,
    0.986173689365387
   ],
   [
    0.9861742854118347,
    -0.001242738333530724,
    0.16570687294006348
   ],
   [
    0.001533223781734705,
    0.9999974966049194,
    -0.001625102129764855
   ]
  ]
 },
 {
  "rotation_euler": [
   -1.5694093704223633,
   0.0019411093089729548,
   -2.9620797634124756
  ],
  "euler_order": "XYZ",
  "rotation_matrix": [
   [
    -0.983928918838501,
    0.0021575556602329016,
    0.17854748666286469
   ],
   [
    -0.17854997515678406,
    -0.00101808353792876,
    -0.9839302897453308
   ],
   [
    -0.0019411081448197365,
    -0.9999971389770508,
    0.0013869532849639654
   ]
  ]
 },
 {
  "rotation_euler": [
   1.572422742843628,
   -0.002210514387115836,
   -3.0733160972595215
  ],
  "euler_order": "XYZ",
  "rotation_matrix": [
   [
    -0.9976676106452942,
    0.002094399416819215,
    -0.06822701543569565
   ],
   [
    -0.06822335720062256,
    0.001773434691131115,
    0.9976685047149658
   ],
   [
    0.002210512524470687,
    0.9999962449073792,
    -0.0016264113364741206
   ]
  ]
 },
 {
  "rotation_euler": [
   -1.5691026449203491,
   0.002240011002868414,
   0.3666033446788788
  ],
  "euler_order": "XYZ",
  "rotation_matrix": [
   [
    0.9335479140281677,
    -0.002698252210393548,
    -0.3584425151348114
   ],
   [
    0.3584456443786621,
    0.0007782139582559466,
    0.9335502982139587
   ],
   [
    -0.0022400091402232647,
    -0.9999960660934448,
    0.0016936768079176545
   ]
  ]
 },
 {
  "rotation_euler": [
   -1.5697444677352905,
   0.0018947856733575463,
   1.2764161825180054
  ],
  "euler_order": "XYZ",
  "rotation_matrix": [
   [
    0.29014620184898376,
    -0.0015563754132017493,
    -0.9569810628890991
   ],
   [
    0.9569804668426514,
    -0.0015080806333571672,
    0.29014846682548523
   ],
   [
    -0.001894784509204328,
    -0.9999976754188538,
    0.0010518570197746158
   ]
  ]
 },
 {
  "rotation_euler": [
   -1.5694345235824585,
   0.0033497449476271868,
   -1.6799997091293335
  ],
  "euler_order": "XYZ",
  "rotation_matrix": [
   [
    -0.10898584872484207,
    0.0017187666380777955,
    0.9940418004989624
   ],
   [
    -0.9940376281738281,
    0.003181363921612501,
    -0.10899090021848679
   ],
   [
    -0.003349738661199808,
    -0.9999934434890747,
    0.001361795119009912
   ]
  ]
 },
 {
  "rotation_euler": [
   -1.5700563192367554,
   0.0017743537900969386,
   2.3893027305603027
  ],
  "euler_order": "XYZ",
  "rotation_matrix": [
   [
    -0.7301248908042908,
    0.0007898445473983884,
    -0.683313250541687
   ],
   [
    0.683311402797699,
    -0.0017527359304949641,
    -0.7301249504089355
   ],
   [
    -0.001774352858774364,
    -0.999998152256012,
    0.0007400063332170248
   ]
  ]
 },
 {
  "rotation_euler": [
   1.5716217756271362,
   -0.0004077226622030139,
   2.4343342781066895
  ],
  "euler_order": "XYZ",
  "rotation_matrix": [
   [
    -0.7601460218429565,
    0.0008462658151984215,
    0.6497517228126526
   ],
   [
    0.649752140045166,
    0.00036254303995519876,
    0.7601460814476013
   ],
   [
    0.0004077226622030139,
    0.9999995827674866,
    -0.0008254486601799726
   ]
  ]
 },
 {
  "rotation_euler": [
   1.571748971939087,
   -0.0021374414209276438,
   0.06639080494642258
  ],
  "euler_order": "XYZ",
  "rotation_matrix": [
   [
    0.9977946877479553,
    -0.0020695296116173267,
    0.06634404510259628
   ],
   [
    0.06634189188480377,
    -0.0010923483641818166,
    -0.997796356678009
   ],
   [
    0.002137439791113138,
    0.9999972581863403,
    -0.0009526428184472024
   ]
  ]
 }
]