[
 {
  "rotation_euler": [
   -0.0010806277859956026,
   3.7057665736028866e-07,
   0.46133169531822205
  ],
  "euler_order": "XYZ",
  "rotation_matrix": [
   [
    0.8954604864120483,
    -0.4451407194137573,
    -0.00048069978947751224
   ],
   [
    0.4451409876346588,
    0.8954599499702454,
    0.0009678242495283484
   ],
   [
    -3.7057665736028866e-07,
    -0.001080627553164959,
    0.9999994039535522
   ]
  ]
 },
 {
  "rotation_euler": [
   -1.9527418613433838,
   0.8561154007911682,
   -0.6768391728401184
  ],
  "euler_order": "XYZ",
  "rotation_matrix": [
   [
    0.5109028816223145,
    -0.7798231244087219,
    0.3617377281188965
   ],
   [
    -0.41048333048820496,
    0.14841997623443604,
    0.8997082710266113
   ],
   [
    -0.755302369594574,
    -0.608150839805603,
    -0.24427618086338043
   ]
  ]
 },
 {
  "rotation_euler": [
   -0.0010804226621985435,
   6.126670086814556e-06,
   2.089573860168457
  ],
  "euler_order": "XYZ",
  "rotation_matrix": [
   [
    -0.4958188831806183,
    -0.8684254288673401,
    -0.000941304606385529
   ],
   [
    0.8684259653091431,
    -0.4958186149597168,
    -0.0005303733050823212
   ],
   [
    -6.126670086814556e-06,
    -0.0010804224293679,
    0.9999994039535522
   ]
  ]
 },
 {
  "rotation_euler": [
   -2.027921199798584,
   -0.5027554631233215,
   -0.5910232663154602
  ],
  "euler_order": "XYZ",
  "rotation_matrix": [
   [
    0.7276193499565125,
    0.11309029906988144,
    0.6765949130058289
   ],
   [
    -0.4882607161998749,
    -0.6074215173721313,
    0.6266103982925415
   ],
   [
    0.4818418622016907,
    -0.7862885594367981,
    -0.3867540955543518
   ]
  ]
 },
 {
  "rotation_euler": [
   -0.0010852565756067634,
   6.713235507049831e-06,
   -0.9610816240310669
  ],
  "euler_order": "XYZ",
  "rotation_matrix": [
   [
    0.5726335644721985,
    0.8198109269142151,
    0.0008935497608035803
   ],
   [
    -0.8198114037513733,
    0.5726332664489746,
    0.0006159506738185883
   ],
   [
    -6.713235507049831e-06,
    -0.0010852563427761197,
    0.9999994039535522
   ]
  ]
 },
 {
  "rotation_euler": [
   -0.0010861908085644245,
   4.934083790431032e-06,
   -2.9552154541015625
  ],
  "euler_order": "XYZ",
  "rotation_matrix": [
   [
    -0.9826819896697998,
    0.18529994785785675,
    0.00019642255210783333
   ],
   [
    -0.1853000521659851,
    -0.982681393623352,
    -0.001068294164724648
   ],
   [
    -4.934083790431032e-06,
    -0.0010861905757337809,
    0.9999994039535522
   ]
  ]
 },
 {
  "rotation_euler": [
   0.7541259527206421,
   -1.4929797649383545,
   0.8685636520385742
  ],
  "euler_order": "XYZ",
  "rotation_matrix": [
   [
    0.05021285265684128,
    -0.9973155856132507,
    0.053294699639081955
   ],
   [
    0.05934537947177887,
    -0.05028831213712692,
    -0.996969997882843
   ],
   [
    0.9969738125801086,
    0.05322350189089775,
    0.05666095018386841
   ]
  ]
 },
 {
  "rotation_euler": [
   0.867690920829773,
   -1.4494025707244873,
   -2.1860997676849365
  ],
  "euler_order": "XYZ",
  "rotation_matrix": [
   [
    -0.06989727914333344,
    0.9650786519050598,
    -0.25246307253837585
   ],
   [
    -0.0988866463303566,
    0.2451322376728058,
    0.9644333124160767
   ],
   [
    0.9926407933235168,
    0.09237649291753769,
    0.07829931378364563
   ]
  ]
 },
 {
  "rotation_euler": [
   -0.0010870136320590973,
   2.647031578817405e-06,
   -1.0394670963287354
  ],
  "euler_order": "XYZ",
  "rotation_matrix": [
   [
    0.5066797733306885,
    0.862133800983429,
    0.0009384927689097822
   ],
   [
    -0.8621343374252319,
    0.5066794753074646,
    0.0005484856083057821
   ],
   [
    -2.647031578817405e-06,
    -0.0010870133992284536,
    0.9999994039535522
   ]
  ]
 },
 {
  "rotation_euler": [
   -0.0010806958889588714,
   -1.1421157068980392e-05,
   2.7749266624450684
  ],
  "euler_order": "XYZ",
  "rotation_matrix": [
   [
    -0.9335277676582336,
    -0.3585048317909241,
    -0.0003767728921957314
   ],
   [
    0.3585050404071808,
    -0.9335272312164307,
    -0.0010129540460184216
   ],
   [
    1.1421157068980392e-05,
    -0.0010806956561282277,
    0.9999994039535522
   ]
  ]
 },
 {
  "rotation_euler": [
   0.08730407804250717,
   -0.7592862248420715,
   0.007832476869225502
  ],
  "euler_order": "XYZ",
  "rotation_matrix": [
   [
    0.7253053188323975,
    -0.06782487779855728,
    -0.6850780844688416
   ],
   [
    0.005681053269654512,
    0.9956907033920288,
    -0.09256185591220856
   ],
   [
    0.6884039044380188,
    0.06324364244937897,
    0.7225651144981384
   ]
  ]
 },
 {
  "rotation_euler": [
   -0.0010806670179590583,
   -1.1406139492464717e-05,
   -1.6801435947418213
  ],
  "euler_order": "XYZ",
  "rotation_matrix": [
   [
    -0.10912948846817017,
    0.9940269589424133,
    0.0010754573158919811
   ],
   [
    -0.9940275549888611,
    -0.10912943631410599,
    -0.00010659460531314835
   ],
   [
    1.1406139492464717e-05,
    -0.0010806667851284146,
    0.9999994039535522
   ]
  ]
 },
 {
  "rotation_euler": [
   -0.0010805479250848293,
   6.5761819314502645e-06,
   0.21824432909488678
  ],
  "euler_order": "XYZ",
  "rotation_matrix": [
   [
    0.976279079914093,
    -0.21651580929756165,
    -0.00022753560915589333
   ],
   [
    0.2165159285068512,
    0.9762784838676453,
    0.0010563399409875274
   ],
   [
    -6.5761819314502645e-06,
    -0.0010805476922541857,
    0.9999994039535522
   ]
  ]
 },
 {
  "rotation_euler": [
   -0.0010806821519508958,
   2.018451596086379e-06,
   -1.0877368450164795
  ],
  "euler_order": "XYZ",
  "rotation_matrix": [
   [
    0.46449074149131775,
    0.8855774402618408,
    0.0009579656762070954
   ],
   [
    -0.8855779767036438,
    0.46449047327041626,
    0.0005001793033443391
   ],
   [
    -2.018451596086379e-06,
    -0.0010806819191202521,
    0.9999994039535522
   ]
  ]
 },
 {
  "rotation_euler": [
   -2.0202677249908447,
   -0.581651508808136,
   -0.697961688041687
  ],
  "euler_order": "XYZ",
  "rotation_matrix": [
   [
    0.6401646733283997,
    0.09989260137081146,
    0.7617155909538269
   ],
   [
    -0.5369765162467957,
    -0.6508957743644714,
    0.5366478562355042
   ],
   [
    0.5494046211242676,
    -0.752566397190094,
    -0.3630405068397522
   ]
  ]
 },
 {
  "rotation_euler": [
   -0.0010283382143825293,
   0.0006816071108914912,
   -1.890081763267517
  ],
  "euler_order": "XYZ",
  "rotation_matrix": [
   [
    -0.3138881325721741,
    0.9494596719741821,
    0.0007624175050295889
   ],
   [
    -0.9494597315788269,
    -0.313887357711792,
    -0.000969941436778754
   ],
   [
    -0.0006816070526838303,
    -0.001028337748721242,
    0.9999992251396179
   ]
  ]
 }
]