[
 {
  "rotation_euler": [
   0.0012240101350471377,
   0.0007662471034564078,
   -2.9103775024414062
  ],
  "euler_order": "XYZ",
  "rotation_matrix": [
   [
    -0.9733883738517761,
    0.229159414768219,
    -0.0010263503063470125
   ],
   [
    -0.22916044294834137,
    -0.973388135433197,
    0.0010158438235521317
   ],
   [
    -0.0007662470452487469,
    0.0012240094365552068,
    0.9999989867210388
   ]
  ]
 },
 {
  "rotation_euler": [
   0.0012255845358595252,
   0.0007621879922226071,
   -0.6243748664855957
  ],
  "euler_order": "XYZ",
  "rotation_matrix": [
   [
    0.8113284707069397,
    0.584590494632721,
    -9.808003960642964e-05
   ],
   [
    -0.5845900177955627,
    0.8113275766372681,
    -0.0014399189967662096
   ],
   [
    -0.0007621879340149462,
    0.0012255838373675942,
    0.9999989867210388
   ]
  ]
 },
 {
  "rotation_euler": [
   0.0012575783766806126,
   0.0007444311049766839,
   2.8848962783813477
  ],
  "euler_order": "XYZ",
  "rotation_matrix": [
   [
    -0.9672337174415588,
    -0.25388726592063904,
    -0.00040075628203339875
   ],
   [
    0.25388649106025696,
    -0.9672330021858215,
    0.0014053730992600322
   ],
   [
    -0.0007444310467690229,
    0.0012575776781886816,
    0.999998927116394
   ]
  ]
 },
 {
  "rotation_euler": [
   0.0012216896284371614,
   0.0007670739432796836,
   0.8337688446044922
  ],
  "euler_order": "XYZ",
  "rotation_matrix": [
   [
    0.6720896363258362,
    -0.740468442440033,
    0.0014201659942045808
   ],
   [
    0.7404693961143494,
    0.6720899939537048,
    -0.00025309048942290246
   ],
   [
    -0.0007670738850720227,
    0.0012216889299452305,
    0.9999989867210388
   ]
  ]
 },
 {
  "rotation_euler": [
   0.0012254026951268315,
   0.0007653389475308359,
   -1.1011731624603271
  ],
  "euler_order": "XYZ",
  "rotation_matrix": [
   [
    0.45255014300346375,
    0.8917386531829834,
    -0.0007463849033229053
   ],
   [
    -0.8917386531829834,
    0.4525490999221802,
    -0.00123703817371279
   ],
   [
    -0.000765338889323175,
    0.0012254019966349006,
    0.999998927116394
   ]
  ]
 },
 {
  "rotation_euler": [
   0.0012268945574760437,
   0.0007639150717295706,
   2.2853524684906006
  ],
  "euler_order": "XYZ",
  "rotation_matrix": [
   [
    -0.6552820205688477,
    -0.7553842067718506,
    0.00042619695886969566
   ],
   [
    0.7553839683532715,
    -0.6552810072898865,
    0.0013810108648613095
   ],
   [
    -0.0007639150135219097,
    0.0012268938589841127,
    0.999998927116394
   ]
  ]
 },
 {
  "rotation_euler": [
   0.001223195344209671,
   0.0007667142781428993,
   2.979539394378662
  ],
  "euler_order": "XYZ",
  "rotation_matrix": [
   [
    -0.9868977665901184,
    -0.1613457053899765,
    -0.0005593119421973825
   ],
   [
    0.16134485602378845,
    -0.9868971705436707,
    0.0013308741617947817
   ],
   [
    -0.0007667142199352384,
    0.00122319464571774,
    0.9999989867210388
   ]
  ]
 },
 {
  "rotation_euler": [
   0.0168224535882473,
   0.00038330245297402143,
   1.8211599588394165
  ],
  "euler_order": "XYZ",
  "rotation_matrix": [
   [
    -0.2477562576532364,
    -0.9686868786811829,
    0.016202248632907867
   ],
   [
    0.9688223004341125,
    -0.24771496653556824,
    0.004538970999419689
   ],
   [
    -0.00038330245297402143,
    0.016821658238768578,
    0.9998584389686584
   ]
  ]
 },
 {
  "rotation_euler": [
   -0.02330121211707592,
   0.0007437480380758643,
   2.6199238300323486
  ],
  "euler_order": "XYZ",
  "rotation_matrix": [
   [
    -0.8669885396957397,
    -0.4981773793697357,
    -0.012255234643816948
   ],
   [
    0.4983275532722473,
    -0.8667620420455933,
    -0.019829532131552696
   ],
   [
    -0.0007437479798682034,
    -0.023299098014831543,
    0.999728262424469
   ]
  ]
 },
 {
  "rotation_euler": [
   0.001266840030439198,
   0.0007588236476294696,
   0.9053536057472229
  ],
  "euler_order": "XYZ",
  "rotation_matrix": [
   [
    0.6174072623252869,
    -0.78664231300354,
    0.001465054228901863
   ],
   [
    0.7866432666778564,
    0.6174077391624451,
    -0.00018523310427553952
   ],
   [
    -0.0007588235894218087,
    0.001266839331947267,
    0.999998927116394
   ]
  ]
 },
 {
  "rotation_euler": [
   0.0012777225347235799,
   0.0007621856057085097,
   2.1655287742614746
  ],
  "euler_order": "XYZ",
  "rotation_matrix": [
   [
    -0.5602869987487793,
    -0.8282983303070068,
    0.0006312928744591773
   ],
   [
    0.8282982110977173,
    -0.5602859258651733,
    0.0013472079299390316
   ],
   [
    -0.0007621855475008488,
    0.001277721836231649,
    0.9999988675117493
   ]
  ]
 },
 {
  "rotation_euler": [
   0.0012244672980159521,
   0.0007660608389414847,
   0.5746210813522339
  ],
  "euler_order": "XYZ",
  "rotation_matrix": [
   [
    0.8393980860710144,
    -0.5435155630111694,
    0.0013085479149594903
   ],
   [
    0.5435166358947754,
    0.839398205280304,
    -0.0006114489515312016
   ],
   [
    -0.0007660607807338238,
    0.0012244665995240211,
    0.999998927116394
   ]
  ]
 },
 {
  "rotation_euler": [
   1.4837130308151245,
   0.00472219055518508,
   2.9542911052703857
  ],
  "euler_order": "XYZ",
  "rotation_matrix": [
   [
    -0.982499361038208,
    -0.020817149430513382,
    0.18509918451309204
   ],
   [
    0.18620623648166656,
    -0.08457615971565247,
    0.9788636565208435
   ],
   [
    -0.004722172860056162,
    0.9961995482444763,
    0.08697230368852615
   ]
  ]
 },
 {
  "rotation_euler": [
   -0.9958117604255676,
   3.1352391242980957,
   -0.54148268699646
  ],
  "euler_order": "XYZ",
  "rotation_matrix": [
   [
    -0.8569281101226807,
    0.2757205665111542,
    0.4354909062385559
   ],
   [
    0.5153967142105103,
    0.4687737226486206,
    0.7173683643341064
   ],
   [
    -0.006353486329317093,
    0.8391837477684021,
    -0.5438108444213867
   ]
  ]
 },
 {
  "rotation_euler": [
   0.0012183431535959244,
   0.0007692695362493396,
   -1.6281628608703613
  ],
  "euler_order": "XYZ",
  "rotation_matrix": [
   [
    -0.057335056364536285,
    0.9983541965484619,
    -0.0012604447547346354
   ],
   [
    -0.9983546733856201,
    -0.05733596906065941,
    -0.0006981496699154377
   ],
   [
    -0.0007692694780416787,
    0.0012183424551039934,
    0.9999989867210388
   ]
  ]
 },
 {
  "rotation_euler": [
   1.5082156658172607,
   0.0068321977742016315,
   2.2181594371795654
  ],
  "euler_order": "XYZ",
  "rotation_matrix": [
   [
    -0.6030710339546204,
    -0.05399886518716812,
    0.7958576679229736
   ],
   [
    0.7976582050323486,
    -0.032277658581733704,
    0.6022453904151917
   ],
   [
    -0.0068321446888148785,
    0.9980191588401794,
    0.06253836303949356
   ]
  ]
 }
]