[
 {
  "rotation_euler": [
   1.570855736732483,
   0.09062700718641281,
   0.9196314811706543
  ],
  "euler_order": "XYZ",
  "rotation_matrix": [
   [
    0.6036259531974792,
    0.0549023263156414,
    0.7953750491142273
   ],
   [
    0.7921141982078552,
    0.0719481110572815,
    -0.6061176061630249
   ],
   [
    -0.09050299972295761,
    0.9958961606025696,
    -5.9166130085941404e-05
   ]
  ]
 },
 {
  "rotation_euler": [
   -0.001054723747074604,
   -0.001472316449508071,
   -1.5682179927825928
  ],
  "euler_order": "XYZ",
  "rotation_matrix": [
   [
    0.002578328363597393,
    0.9999961256980896,
    0.0010509239509701729
   ],
   [
    -0.9999955892562866,
    0.0025767767801880836,
    0.0014750296249985695
   ],
   [
    0.0014723158674314618,
    -0.001054722466506064,
    0.9999983310699463
   ]
  ]
 },
 {
  "rotation_euler": [
   -1.5708527565002441,
   0.7421413660049438,
   0.19666226208209991
  ],
  "euler_order": "XYZ",
  "rotation_matrix": [
   [
    0.7228162884712219,
    -0.662828803062439,
    -0.19543442130088806
   ],
   [
    0.14401209354400635,
    -0.1321178823709488,
    0.9807167649269104
   ],
   [
    -0.6758676767349243,
    -0.7370229959487915,
    -4.158998854109086e-05
   ]
  ]
 },
 {
  "rotation_euler": [
   -1.5704779624938965,
   2.2034003734588623,
   -0.768902599811554
  ],
  "euler_order": "XYZ",
  "rotation_matrix": [
   [
    -0.4249138832092285,
    -0.579382598400116,
    0.6955314874649048
   ],
   [
    0.41112175583839417,
    0.5610195994377136,
    0.7184956073760986
   ],
   [
    -0.8064906001091003,
    0.5912468433380127,
    -0.00018823190475814044
   ]
  ]
 },
 {
  "rotation_euler": [
   -1.570930004119873,
   0.9620127081871033,
   1.8226101398468018
  ],
  "euler_order": "XYZ",
  "rotation_matrix": [
   [
    -0.14248768985271454,
    0.20452722907066345,
    -0.968434751033783
   ],
   [
    0.5538344383239746,
    -0.7944389581680298,
    -0.24926717579364777
   ],
   [
    -0.8203442096710205,
    -0.5718700289726257,
    -7.644605648238212e-05
   ]
  ]
 },
 {
  "rotation_euler": [
   -1.5697872638702393,
   0.7175207138061523,
   1.1601680517196655
  ],
  "euler_order": "XYZ",
  "rotation_matrix": [
   [
    0.3007615804672241,
    -0.2633969485759735,
    -0.9166048765182495
   ],
   [
    0.6908050775527954,
    -0.6024562120437622,
    0.3997935652732849
   ],
   [
    -0.6575186848640442,
    -0.7534378170967102,
    0.0007602664409205317
   ]
  ]
 },
 {
  "rotation_euler": [
   1.4470186233520508,
   -0.5750955939292908,
   0.06954241544008255
  ],
  "euler_order": "XYZ",
  "rotation_matrix": [
   [
    0.8371120095252991,
    -0.5470279455184937,
    0.0019643025007098913
   ],
   [
    0.05830881744623184,
    0.08565793186426163,
    -0.9946169257164001
   ],
   [
    0.5439150333404541,
    0.8327203392982483,
    0.1036018431186676
   ]
  ]
 },
 {
  "rotation_euler": [
   0.011259542778134346,
   0.036029618233442307,
   -1.1105833053588867
  ],
  "euler_order": "XYZ",
  "rotation_matrix": [
   [
    0.44385072588920593,
    0.896081268787384,
    0.005909818224608898
   ],
   [
    -0.895376443862915,
    0.4437474310398102,
    -0.03727268800139427
   ],
   [
    -0.036021824926137924,
    0.011251997202634811,
    0.9992876648902893
   ]
  ]
 },
 {
  "rotation_euler": [
   1.571729302406311,
   -2.5101685523986816,
   -0.004479239694774151
  ],
  "euler_order": "XYZ",
  "rotation_matrix": [
   [
    -0.8071795701980591,
    -0.5902928709983826,
    -0.0039284974336624146
   ],
   [
    0.0036155751440674067,
    0.0017110961489379406,
    -0.9999920129776001
   ],
   [
    0.5902948975563049,
    -0.8071873188018799,
    0.0007530862931162119
   ]
  ]
 },
 {
  "rotation_euler": [
   -1.571471095085144,
   0.9948477745056152,
   -1.75618577003479
  ],
  "euler_order": "XYZ",
  "rotation_matrix": [
   [
    -0.10039138048887253,
    0.15392935276031494,
    0.9829686284065247
   ],
   [
    -0.5352980494499207,
    0.8244291543960571,
    -0.18377305567264557
   ],
   [
    -0.8386760950088501,
    -0.5446304678916931,
    -0.00036749939317815006
   ]
  ]
 },
 {
  "rotation_euler": [
   -1.5708967447280884,
   -0.03558642417192459,
   -1.2862788438796997
  ],
  "euler_order": "XYZ",
  "rotation_matrix": [
   [
    0.280516654253006,
    0.00989041943103075,
    0.9597982168197632
   ],
   [
    -0.9591895341873169,
    -0.03417672961950302,
    0.2806909382343292
   ],
   [
    0.03557891398668289,
    -0.9993668794631958,
    -0.00010035435843747109
   ]
  ]
 },
 {
  "rotation_euler": [
   -1.5711191892623901,
   -0.6748670935630798,
   1.1930410861968994
  ],
  "euler_order": "XYZ",
  "rotation_matrix": [
   [
    0.28798261284828186,
    0.23074576258659363,
    -0.9294204711914062
   ],
   [
    0.7257403135299683,
    0.5806233286857605,
    0.369022399187088
   ],
   [
    0.624793529510498,
    -0.7807899713516235,
    -0.0002520877751521766
   ]
  ]
 },
 {
  "rotation_euler": [
   -0.017519647255539894,
   0.017310993745923042,
   -2.2390265464782715
  ],
  "euler_order": "XYZ",
  "rotation_matrix": [
   [
    -0.619504988193512,
    0.7849868535995483,
    0.0030271359719336033
   ],
   [
    -0.7848018407821655,
    -0.6192647218704224,
    -0.024439550936222076
   ],
   [
    -0.0173101294785738,
    -0.017516126856207848,
    0.9996967315673828
   ]
  ]
 },
 {
  "rotation_euler": [
   0.07229258120059967,
   0.050539784133434296,
   1.6925288438796997
  ],
  "euler_order": "XYZ",
  "rotation_matrix": [
   [
    -0.12127703428268433,
    -0.9904502034187317,
    0.06557659804821014
   ],
   [
    0.9913323521614075,
    -0.11749299615621567,
    0.05878444015979767
   ],
   [
    -0.05051827058196068,
    0.07213740050792694,
    0.9961144924163818
   ]
  ]
 },
 {
  "rotation_euler": [
   -1.5709420442581177,
   1.0945950746536255,
   0.534950852394104
  ],
  "euler_order": "XYZ",
  "rotation_matrix": [
   [
    0.3943641185760498,
    -0.7645054459571838,
    -0.5099101662635803
   ],
   [
    0.23369500041007996,
    -0.45320528745651245,
    0.860227644443512
   ],
   [
    -0.8887426853179932,
    -0.45840638875961304,
    -6.679781654383987e-05
   ]
  ]
 },
 {
  "rotation_euler": [
   0.0004997339565306902,
   -0.00042679786565713584,
   -1.2680202722549438
  ],
  "euler_order": "XYZ",
  "rotation_matrix": [
   [
    0.29817110300064087,
    0.9545122385025024,
    -0.0006042610621079803
   ],
   [
    -0.954512357711792,
    0.2981713116168976,
    0.0002583775785751641
   ],
   [
    0.00042679786565713584,
    0.0004997338983230293,
    0.9999997615814209
   ]
  ]
 }
]