[
 {
  "rotation_euler": [
   -0.030911864712834358,
   0.007594751194119453,
   -0.7390701770782471
  ],
  "euler_order": "XYZ",
  "rotation_matrix": [
   [
    0.7390738725662231,
    0.6731056571006775,
    0.02642945572733879
   ],
   [
    -0.6735815405845642,
    0.7389002442359924,
    0.017729833722114563
   ],
   [
    -0.007594678085297346,
    -0.03090605139732361,
    0.999493420124054
   ]
  ]
 },
 {
  "rotation_euler": [
   -0.030911896377801895,
   0.0075948042795062065,
   -2.752079725265503
  ],
  "euler_order": "XYZ",
  "rotation_matrix": [
   [
    -0.9250674247741699,
    0.3797736167907715,
    0.004714063834398985
   ],
   [
    -0.37972691655158997,
    -0.9245630502700806,
    -0.03147448971867561
   ],
   [
    -0.007594731170684099,
    -0.030906083062291145,
    0.999493420124054
   ]
  ]
 },
 {
  "rotation_euler": [
   -0.030910370871424675,
   0.0075914738699793816,
   -2.290078639984131
  ],
  "euler_order": "XYZ",
  "rotation_matrix": [
   [
    -0.6588259339332581,
    0.7520740032196045,
    0.018250346183776855
   ],
   [
    -0.7522571086883545,
    -0.6583537459373474,
    -0.026070021092891693
   ],
   [
    -0.007591400761157274,
    -0.030904557555913925,
    0.9994935393333435
   ]
  ]
 },
 {
  "rotation_euler": [
   -0.030906617641448975,
   0.007591478060930967,
   -2.418627977371216
  ],
  "euler_order": "XYZ",
  "rotation_matrix": [
   [
    -0.7498259544372559,
    0.6614705920219421,
    0.014755213633179665
   ],
   [
    -0.6615915894508362,
    -0.7493342757225037,
    -0.028191719204187393
   ],
   [
    -0.00759140495210886,
    -0.030900806188583374,
    0.9994935989379883
   ]
  ]
 },
 {
  "rotation_euler": [
   -0.030911481007933617,
   0.00758778490126133,
   -3.1182339191436768
  ],
  "euler_order": "XYZ",
  "rotation_matrix": [
   [
    -0.9996984004974365,
    0.023579899221658707,
    -0.0068601458333432674
   ],
   [
    -0.023355938494205475,
    -0.9992441534996033,
    -0.031075265258550644
   ],
   [
    -0.00758771225810051,
    -0.030905669555068016,
    0.9994934797286987
   ]
  ]
 },
 {
  "rotation_euler": [
   -0.04419546574354172,
   1.0461254119873047,
   -0.26195910573005676
  ],
  "euler_order": "XYZ",
  "rotation_matrix": [
   [
    0.4838387966156006,
    0.2217867225408554,
    0.8465876579284668
   ],
   [
    -0.12972703576087952,
    0.9748440384864807,
    -0.1812458336353302
   ],
   [
    -0.8654888272285461,
    -0.022131549194455147,
    0.5004390478134155
   ]
  ]
 },
 {
  "rotation_euler": [
   -0.04419589415192604,
   1.0461273193359375,
   1.9299863576889038
  ],
  "euler_order": "XYZ",
  "rotation_matrix": [
   [
    -0.1760837435722351,
    -0.921826183795929,
    -0.3452984094619751
   ],
   [
    0.4689583480358124,
    -0.3869711458683014,
    0.7939341068267822
   ],
   [
    -0.8654897809028625,
    -0.02213169075548649,
    0.5004374384880066
   ]
  ]
 },
 {
  "rotation_euler": [
   -0.044196270406246185,
   1.0461251735687256,
   0.8575706481933594
  ],
  "euler_order": "XYZ",
  "rotation_matrix": [
   [
    0.3277457356452942,
    -0.7805356979370117,
    0.5323032736778259
   ],
   [
    0.3788297772407532,
    0.6247193217277527,
    0.6827985048294067
   ],
   [
    -0.8654887080192566,
    -0.022131960839033127,
    0.5004392862319946
   ]
  ]
 },
 {
  "rotation_euler": [
   -0.030910668894648552,
   0.007586175575852394,
   -1.0175960063934326
  ],
  "euler_order": "XYZ",
  "rotation_matrix": [
   [
    0.525397777557373,
    0.8503177762031555,
    0.030280007049441338
   ],
   [
    -0.850822925567627,
    0.5253614187240601,
    0.00978674553334713
   ],
   [
    -0.007586102932691574,
    -0.03090485744178295,
    0.9994935393333435
   ]
  ]
 },
 {
  "rotation_euler": [
   -0.030911890789866447,
   0.007594650611281395,
   2.3298606872558594
  ],
  "euler_order": "XYZ",
  "rotation_matrix": [
   [
    -0.688223123550415,
    -0.724972128868103,
    -0.027646813541650772
   ],
   [
    0.7254593372344971,
    -0.6880844235420227,
    -0.015764418989419937
   ],
   [
    -0.007594577502459288,
    -0.030906077474355698,
    0.999493420124054
   ]
  ]
 },
 {
  "rotation_euler": [
   -0.030911533161997795,
   0.00759438332170248,
   0.637115478515625
  ],
  "euler_order": "XYZ",
  "rotation_matrix": [
   [
    0.803791880607605,
    -0.5947837829589844,
    -0.012284197844564915
   ],
   [
    0.594862163066864,
    0.8032914400100708,
    0.029358739033341408
   ],
   [
    -0.007594310212880373,
    -0.030905719846487045,
    0.9994934797286987
   ]
  ]
 },
 {
  "rotation_euler": [
   -0.030911466106772423,
   0.007587311789393425,
   -1.4940930604934692
  ],
  "euler_order": "XYZ",
  "rotation_matrix": [
   [
    0.07662586867809296,
    0.9965654611587524,
    0.031396787613630295
   ],
   [
    -0.997031033039093,
    0.07682527601718903,
    -0.00519300764426589
   ],
   [
    -0.007587239146232605,
    -0.030905654653906822,
    0.9994934797286987
   ]
  ]
 },
 {
  "rotation_euler": [
   -0.03091127797961235,
   0.007585922721773386,
   -1.6365482807159424
  ],
  "euler_order": "XYZ",
  "rotation_matrix": [
   [
    -0.06570269912481308,
    0.9973778128623962,
    0.030341383069753647
   ],
   [
    -0.997810423374176,
    -0.06543925404548645,
    -0.00959653127938509
   ],
   [
    -0.007585850078612566,
    -0.03090546652674675,
    0.9994935393333435
   ]
  ]
 },
 {
  "rotation_euler": [
   -0.031006446108222008,
   0.007325165905058384,
   -0.3632447421550751
  ],
  "euler_order": "XYZ",
  "rotation_matrix": [
   [
    0.9347237944602966,
    0.35492604970932007,
    0.017858946695923805
   ],
   [
    -0.35529959201812744,
    0.9343802332878113,
    0.026377173140645027
   ],
   [
    -0.0073251002468168736,
    -0.031000645831227303,
    0.9994925260543823
   ]
  ]
 },
 {
  "rotation_euler": [
   -0.04419559985399246,
   1.0461244583129883,
   -1.6533690690994263
  ],
  "euler_order": "XYZ",
  "rotation_matrix": [
   [
    -0.04131609573960304,
    0.9987735152244568,
    -0.027284178882837296
   ],
   [
    -0.4992222785949707,
    -0.04429036006331444,
    -0.8653412461280823
   ],
   [
    -0.8654883503913879,
    -0.022131653502583504,
    0.5004398822784424
   ]
  ]
 },
 {
  "rotation_euler": [
   -0.019775494933128357,
   -1.0632822513580322,
   -1.542648434638977
  ],
  "euler_order": "XYZ",
  "rotation_matrix": [
   [
    0.013678242452442646,
    0.9998947978019714,
    -0.004825571086257696
   ],
   [
    -0.4858136475086212,
    0.010863744653761387,
    0.8739948868751526
   ],
   [
    0.8739553689956665,
    -0.00961038563400507,
    0.48591113090515137
   ]
  ]
 }
]