[
 {
  "rotation_euler": [
   1.5739399194717407,
   3.0571391582489014,
   -0.042593445628881454
  ],
  "euler_order": "XYZ",
  "rotation_matrix": [
   [
    -0.995532214641571,
    0.08414236456155777,
    -0.042845290154218674
   ],
   [
    0.04242880642414093,
    -0.00673252297565341,
    -0.999076783657074
   ],
   [
    -0.08435314148664474,
    -0.9964309930801392,
    0.0031323835719376802
   ]
  ]
 },
 {
  "rotation_euler": [
   1.5687674283981323,
   0.3927915692329407,
   1.2493828535079956
  ],
  "euler_order": "XYZ",
  "rotation_matrix": [
   [
    0.2918497323989868,
    0.11899448931217194,
    0.9490332007408142
   ],
   [
    0.8765339255332947,
    0.36380741000175476,
    -0.3151704967021942
   ],
   [
    -0.3827688694000244,
    0.9238422513008118,
    0.001874384586699307
   ]
  ]
 },
 {
  "rotation_euler": [
   1.48667573928833,
   -1.5412917137145996,
   1.2106821537017822
  ],
  "euler_order": "XYZ",
  "rotation_matrix": [
   [
    0.010395359247922897,
    -0.42961421608924866,
    0.9029526710510254
   ],
   [
    0.027608081698417664,
    -0.9025339484214783,
    -0.4297328293323517
   ],
   [
    0.9995647668838501,
    0.029396018013358116,
    0.0024786596186459064
   ]
  ]
 },
 {
  "rotation_euler": [
   -1.5669647455215454,
   0.8096620440483093,
   1.7736254930496216
  ],
  "euler_order": "XYZ",
  "rotation_matrix": [
   [
    -0.13894276320934296,
    0.14210030436515808,
    -0.9800522327423096
   ],
   [
    0.6756038665771484,
    -0.7099780440330505,
    -0.19872243702411652
   ],
   [
    -0.7240540981292725,
    -0.6897380948066711,
    0.0026428005658090115
   ]
  ]
 },
 {
  "rotation_euler": [
   -1.56777024269104,
   0.8216753005981445,
   -1.1923346519470215
  ],
  "euler_order": "XYZ",
  "rotation_matrix": [
   [
    0.25162196159362793,
    -0.26776087284088135,
    0.9300486445426941
   ],
   [
    -0.6328041553497314,
    0.6815817356109619,
    0.36743059754371643
   ],
   [
    -0.7322877049446106,
    -0.6809922456741333,
    0.0020607460755854845
   ]
  ]
 },
 {
  "rotation_euler": [
   -1.550195336341858,
   -1.4280632734298706,
   -1.7133935689926147
  ],
  "euler_order": "XYZ",
  "rotation_matrix": [
   [
    -0.020215628668665886,
    -0.12024899572134018,
    0.9925379157066345
   ],
   [
    -0.14080511033535004,
    -0.9825039505958557,
    -0.12190121412277222
   ],
   [
    0.9898309111595154,
    -0.1422187238931656,
    0.0029302609618753195
   ]
  ]
 },
 {
  "rotation_euler": [
   1.5756953954696655,
   1.96354341506958,
   1.1669023036956787
  ],
  "euler_order": "XYZ",
  "rotation_matrix": [
   [
    -0.15041278302669525,
    0.36757978796958923,
    0.9177478551864624
   ],
   [
    -0.3519325852394104,
    0.8475895524024963,
    -0.3971591591835022
   ],
   [
    -0.9238611459732056,
    -0.3827231824398041,
    0.0018750021699815989
   ]
  ]
 },
 {
  "rotation_euler": [
   -1.5656414031982422,
   -1.2010411024093628,
   -1.6893386840820312
  ],
  "euler_order": "XYZ",
  "rotation_matrix": [
   [
    -0.04273942857980728,
    -0.10515189170837402,
    0.9935373067855835
   ],
   [
    -0.35885101556777954,
    -0.9264695644378662,
    -0.11349056661128998
   ],
   [
    0.9324158430099487,
    -0.361382395029068,
    0.0018629152327775955
   ]
  ]
 },
 {
  "rotation_euler": [
   1.567520260810852,
   -0.18077144026756287,
   0.5912911295890808
  ],
  "euler_order": "XYZ",
  "rotation_matrix": [
   [
    0.8166934251785278,
    -0.15108968317508698,
    0.5569414496421814
   ],
   [
    0.5483502149581909,
    -0.09749972075223923,
    -0.8305455446243286
   ],
   [
    0.1797885000705719,
    0.9837000370025635,
    0.0032226776238530874
   ]
  ]
 },
 {
  "rotation_euler": [
   1.5744528770446777,
   2.136327028274536,
   0.4730251729488373
  ],
  "euler_order": "XYZ",
  "rotation_matrix": [
   [
    -0.4770229756832123,
    0.7532556056976318,
    0.45283007621765137
   ],
   [
    -0.24412962794303894,
    0.381391704082489,
    -0.8915947079658508
   ],
   [
    -0.8443043231964111,
    -0.5358603596687317,
    0.001959409099072218
   ]
  ]
 },
 {
  "rotation_euler": [
   -1.5669656991958618,
   0.856095552444458,
   1.390259861946106
  ],
  "euler_order": "XYZ",
  "rotation_matrix": [
   [
    0.11768034845590591,
    -0.13938511908054352,
    -0.9832208156585693
   ],
   [
    0.6447396874427795,
    -0.7423207759857178,
    0.18240223824977875
   ],
   [
    -0.7552893757820129,
    -0.6553866267204285,
    0.002510554390028119
   ]
  ]
 },
 {
  "rotation_euler": [
   1.5734456777572632,
   -2.4144256114959717,
   0.13933557271957397
  ],
  "euler_order": "XYZ",
  "rotation_matrix": [
   [
    -0.7398204803466797,
    -0.6579431891441345,
    0.14062876999378204
   ],
   [
    -0.10375563055276871,
    -0.09494807571172714,
    -0.9900603890419006
   ],
   [
    0.6647559404373169,
    -0.7470579743385315,
    0.0019792234525084496
   ]
  ]
 },
 {
  "rotation_euler": [
   -1.5743489265441895,
   -2.393153667449951,
   0.22192054986953735
  ],
  "euler_order": "XYZ",
  "rotation_matrix": [
   [
    -0.7147824168205261,
    0.6645854115486145,
    -0.2177438586950302
   ],
   [
    -0.1612812727689743,
    0.14631307125091553,
    0.9760024547576904
   ],
   [
    0.6804957389831543,
    0.7327473759651184,
    0.002603169297799468
   ]
  ]
 },
 {
  "rotation_euler": [
   1.5835039615631104,
   1.8396118879318237,
   -1.1086525917053223
  ],
  "euler_order": "XYZ",
  "rotation_matrix": [
   [
    -0.11841795593500137,
    0.4184461534023285,
    -0.9004887342453003
   ],
   [
    0.2377290278673172,
    -0.8685483932495117,
    -0.43486618995666504
   ],
   [
    -0.9640861749649048,
    -0.2655682861804962,
    0.0033749262802302837
   ]
  ]
 },
 {
  "rotation_euler": [
   -1.5687201023101807,
   0.41696304082870483,
   -0.48575061559677124
  ],
  "euler_order": "XYZ",
  "rotation_matrix": [
   [
    0.8085585236549377,
    -0.35716864466667175,
    0.4676148593425751
   ],
   [
    -0.4268721044063568,
    0.1909121870994568,
    0.8839302659034729
   ],
   [
    -0.40498557686805725,
    -0.9143211245536804,
    0.0018983385525643826
   ]
  ]
 },
 {
  "rotation_euler": [
   1.5674464702606201,
   0.888465166091919,
   1.318753957748413
  ],
  "euler_order": "XYZ",
  "rotation_matrix": [
   [
    0.15726147592067719,
    0.19030171632766724,
    0.969048023223877
   ],
   [
    0.610680103302002,
    0.7524150013923645,
    -0.2468632310628891
   ],
   [
    -0.7761048078536987,
    0.6306004524230957,
    0.002112428890541196
   ]
  ]
 }
]