[
 {
  "rotation_euler": [
   -1.4786102771759033,
   0.5365638732910156,
   -0.4320201277732849
  ],
  "euler_order": "XYZ",
  "rotation_matrix": [
   [
    0.7805036306381226,
    -0.4237035810947418,
    0.45966222882270813
   ],
   [
    -0.3598655164241791,
    0.29672545194625854,
    0.8845624923706055
   ],
   [
    -0.5111857652664185,
    -0.8558208346366882,
    0.0791189968585968
   ]
  ]
 },
 {
  "rotation_euler": [
   -1.518067479133606,
   0.5255958437919617,
   -1.2904974222183228
  ],
  "euler_order": "XYZ",
  "rotation_matrix": [
   [
    0.23930306732654572,
    -0.08795920759439468,
    0.9669525623321533
   ],
   [
    -0.8312656283378601,
    0.4960576295852661,
    0.25084710121154785
   ],
   [
    -0.5017285346984863,
    -0.863822877407074,
    0.04559064656496048
   ]
  ]
 },
 {
  "rotation_euler": [
   1.475243091583252,
   0.4933781921863556,
   -2.6549160480499268
  ],
  "euler_order": "XYZ",
  "rotation_matrix": [
   [
    -0.7784773111343384,
    -0.3720836937427521,
    -0.505496621131897
   ],
   [
    -0.4119131863117218,
    -0.30482012033462524,
    0.8587270975112915
   ],
   [
    -0.47360387444496155,
    0.8767202496528625,
    0.08402935415506363
   ]
  ]
 },
 {
  "rotation_euler": [
   1.455336093902588,
   0.5014777779579163,
   -0.4793853759765625
  ],
  "euler_order": "XYZ",
  "rotation_matrix": [
   [
    0.7780307531356812,
    0.47683024406433105,
    -0.40902456641197205
   ],
   [
    -0.404443621635437,
    -0.11803103983402252,
    -0.9069145917892456
   ],
   [
    -0.4807218909263611,
    0.8710348010063171,
    0.10101917386054993
   ]
  ]
 },
 {
  "rotation_euler": [
   -0.01270036306232214,
   -0.01483086496591568,
   -0.42780062556266785
  ],
  "euler_order": "XYZ",
  "rotation_matrix": [
   [
    0.9097803235054016,
    0.415008544921875,
    -0.008223864249885082
   ],
   [
    -0.4148250222206116,
    0.9097288846969604,
    0.017707670107483864
   ],
   [
    0.014830321073532104,
    -0.012698625214397907,
    0.9998093843460083
   ]
  ]
 },
 {
  "rotation_euler": [
   1.559660792350769,
   0.4950895309448242,
   -1.5540497303009033
  ],
  "euler_order": "XYZ",
  "rotation_matrix": [
   [
    0.014735080301761627,
    0.019089359790086746,
    -0.9997091889381409
   ],
   [
    -0.8798027634620667,
    -0.4748278856277466,
    -0.022034533321857452
   ],
   [
    -0.4751104414463043,
    0.8798716068267822,
    0.009798245504498482
   ]
  ]
 },
 {
  "rotation_euler": [
   -1.6820441484451294,
   2.6419451236724854,
   -0.13634474575519562
  ],
  "euler_order": "XYZ",
  "rotation_matrix": [
   [
    -0.8696054816246033,
    -0.4868254065513611,
    0.08238535374403
   ],
   [
    0.11930634826421738,
    -0.0452679842710495,
    0.9918249845504761
   ],
   [
    -0.47911620140075684,
    0.8723255395889282,
    0.09744665026664734
   ]
  ]
 },
 {
  "rotation_euler": [
   -1.520511269569397,
   0.5253337621688843,
   -1.3820204734802246
  ],
  "euler_order": "XYZ",
  "rotation_matrix": [
   [
    0.16235238313674927,
    -0.04462026432156563,
    0.9857234358787537
   ],
   [
    -0.8497868180274963,
    0.5014021396636963,
    0.16265982389450073
   ],
   [
    -0.5015017986297607,
    -0.864063024520874,
    0.04348611831665039
   ]
  ]
 },
 {
  "rotation_euler": [
   -0.012694171629846096,
   -0.014816847629845142,
   -2.2208163738250732
  ],
  "euler_order": "XYZ",
  "rotation_matrix": [
   [
    -0.6051359176635742,
    0.7958937287330627,
    0.019071338698267937
   ],
   [
    -0.7959842681884766,
    -0.6053033471107483,
    0.0041115544736385345
   ],
   [
    0.014816305600106716,
    -0.012692437507212162,
    0.9998096823692322
   ]
  ]
 },
 {
  "rotation_euler": [
   -0.012697480618953705,
   -0.014829356223344803,
   0.20768284797668457
  ],
  "euler_order": "XYZ",
  "rotation_matrix": [
   [
    0.9784037470817566,
    -0.20599223673343658,
    -0.017127053812146187
   ],
   [
    0.20617042481899261,
    0.9784712791442871,
    0.009366942569613457
   ],
   [
    0.014828812330961227,
    -0.012695743702352047,
    0.9998094439506531
   ]
  ]
 },
 {
  "rotation_euler": [
   -1.5348525047302246,
   0.5246286392211914,
   0.09450255334377289
  ],
  "euler_order": "XYZ",
  "rotation_matrix": [
   [
    0.8616480827331543,
    -0.5017255544662476,
    -0.07638123631477356
   ],
   [
    0.08167121559381485,
    -0.011458848603069782,
    0.9965934753417969
   ],
   [
    -0.5008916258811951,
    -0.864950954914093,
    0.031103039160370827
   ]
  ]
 },
 {
  "rotation_euler": [
   -1.500006914138794,
   0.5289812684059143,
   2.205137252807617
  ],
  "euler_order": "XYZ",
  "rotation_matrix": [
   [
    -0.5116447806358337,
    0.24136197566986084,
    -0.8245993256568909
   ],
   [
    0.6953731775283813,
    -0.447380006313324,
    -0.5624120235443115
   ],
   [
    -0.5046541094779968,
    -0.8611594438552856,
    0.061063002794981
   ]
  ]
 },
 {
  "rotation_euler": [
   -1.5685638189315796,
   0.5270395874977112,
   1.5017452239990234
  ],
  "euler_order": "XYZ",
  "rotation_matrix": [
   [
    0.059633444994688034,
    -0.03693061321973801,
    -0.9975369572639465
   ],
   [
    0.862240195274353,
    -0.5016229748725891,
    0.07011629641056061
   ],
   [
    -0.5029768943786621,
    -0.8642977476119995,
    0.0019295546226203442
   ]
  ]
 },
 {
  "rotation_euler": [
   1.6526654958724976,
   2.6083247661590576,
   -0.29037854075431824
  ],
  "euler_order": "XYZ",
  "rotation_matrix": [
   [
    -0.8250988721847534,
    0.4620228111743927,
    -0.3251872956752777
   ],
   [
    0.2465602308511734,
    -0.22341491281986237,
    -0.9430237412452698
   ],
   [
    -0.5083501935005188,
    -0.8582661151885986,
    0.0704229399561882
   ]
  ]
 },
 {
  "rotation_euler": [
   -0.012695576064288616,
   -0.014829391613602638,
   2.2240543365478516
  ],
  "euler_order": "XYZ",
  "rotation_matrix": [
   [
    -0.6077100038528442,
    -0.7941582798957825,
    -0.0010694819502532482
   ],
   [
    0.7940205335617065,
    -0.6075783371925354,
    -0.019490625709295273
   ],
   [
    0.014828847721219063,
    -0.012693839147686958,
    0.9998094439506531
   ]
  ]
 },
 {
  "rotation_euler": [
   1.6040080785751343,
   2.6170427799224854,
   -0.08075938373804092
  ],
  "euler_order": "XYZ",
  "rotation_matrix": [
   [
    -0.8627284169197083,
    0.4962370991706848,
    -0.09720310568809509
   ],
   [
    0.06982528418302536,
    -0.0734773799777031,
    -0.9948495030403137
   ],
   [
    -0.500823438167572,
    -0.8650721311569214,
    0.028741128742694855
   ]
  ]
 }
]