[
 {
  "rotation_euler": [
   -3.1398191452026367,
   -0.0011553382501006126,
   1.0455690622329712
  ],
  "euler_order": "XYZ",
  "rotation_matrix": [
   [
    0.5014092922210693,
    0.865209698677063,
    -0.0009551597177051008
   ],
   [
    0.8652094602584839,
    -0.5014070868492126,
    0.0018888622289523482
   ],
   [
    0.001155338017269969,
    -0.0017735062865540385,
    -0.9999977350234985
   ]
  ]
 },
 {
  "rotation_euler": [
   -4.299808279029094e-05,
   3.1415202617645264,
   0.7959102392196655
  ],
  "euler_order": "XYZ",
  "rotation_matrix": [
   [
    -0.6996346712112427,
    -0.7145007252693176,
    1.992567013076041e-05
   ],
   [
    -0.7145007252693176,
    0.6996346712112427,
    8.180696022463962e-05
   ],
   [
    -7.239182741614059e-05,
    4.299808279029094e-05,
    -1.0
   ]
  ]
 },
 {
  "rotation_euler": [
   2.1639058589935303,
   0.5962387919425964,
   -1.8428089618682861
  ],
  "euler_order": "XYZ",
  "rotation_matrix": [
   [
    -0.22231243550777435,
    -0.6634916067123413,
    -0.7143921256065369
   ],
   [
    -0.7970297932624817,
    -0.2983364164829254,
    0.5251084566116333
   ],
   [
    -0.5615342259407043,
    0.6861299276351929,
    -0.46249866485595703
   ]
  ]
 },
 {
  "rotation_euler": [
   -0.051392074674367905,
   0.10156901925802231,
   0.4716549217700958
  ],
  "euler_order": "XYZ",
  "rotation_matrix": [
   [
    0.8862265944480896,
    -0.4584011435508728,
    0.06686443835496902
   ],
   [
    0.45201951265335083,
    0.8872748613357544,
    0.09176969528198242
   ],
   [
    -0.10139447450637817,
    -0.05110471323132515,
    0.9935328364372253
   ]
  ]
 },
 {
  "rotation_euler": [
   0.025446487590670586,
   0.06311408430337906,
   1.128350019454956
  ],
  "euler_order": "XYZ",
  "rotation_matrix": [
   [
    0.42729902267456055,
    -0.9027273058891296,
    0.04998939856886864
   ],
   [
    0.9019076824188232,
    0.42946314811706543,
    0.04608654975891113
   ],
   [
    -0.06307218968868256,
    0.025393081828951836,
    0.9976858496665955
   ]
  ]
 },
 {
  "rotation_euler": [
   -0.024055074900388718,
   2.999724864959717,
   -0.7392686605453491
  ],
  "euler_order": "XYZ",
  "rotation_matrix": [
   [
    -0.7315376400947571,
    0.6710396409034729,
    0.12065878510475159
   ],
   [
    0.6669789552688599,
    0.7410390377044678,
    -0.07746116816997528
   ],
   [
    -0.14139237999916077,
    0.023811113089323044,
    -0.9896672368049622
   ]
  ]
 },
 {
  "rotation_euler": [
   -0.011388791725039482,
   0.002395165152847767,
   -0.6478220224380493
  ],
  "euler_order": "XYZ",
  "rotation_matrix": [
   [
    0.7973977327346802,
    0.6033902168273926,
    0.00878220982849598
   ],
   [
    -0.6034494042396545,
    0.7973647117614746,
    0.007635956164449453
   ],
   [
    -0.0023951628245413303,
    -0.011388513259589672,
    0.9999322891235352
   ]
  ]
 },
 {
  "rotation_euler": [
   -0.003744902089238167,
   0.014358308166265488,
   2.367494583129883
  ],
  "euler_order": "XYZ",
  "rotation_matrix": [
   [
    -0.7149781584739685,
    -0.6990280747413635,
    -0.012884457595646381
   ],
   [
    0.6989993453025818,
    -0.715084433555603,
    0.0073592751286923885
   ],
   [
    -0.014357814565300941,
    -0.00374450720846653,
    0.9998899102210999
   ]
  ]
 },
 {
  "rotation_euler": [
   1.7965483665466309,
   0.6090841293334961,
   -1.3012800216674805
  ],
  "euler_order": "XYZ",
  "rotation_matrix": [
   [
    0.21838338673114777,
    -0.0672893300652504,
    -0.9735403656959534
   ],
   [
    -0.7905639410018921,
    -0.5970708727836609,
    -0.1360698938369751
   ],
   [
    -0.5721165537834167,
    0.7993613481521606,
    -0.18358686566352844
   ]
  ]
 },
 {
  "rotation_euler": [
   0.008182943798601627,
   3.0231075286865234,
   -0.8909876942634583
  ],
  "euler_order": "XYZ",
  "rotation_matrix": [
   [
    -0.6242367029190063,
    0.7782750725746155,
    0.06794459372758865
   ],
   [
    0.7722405195236206,
    0.6278709173202515,
    -0.09707063436508179
   ],
   [
    -0.11820808798074722,
    -0.008125481195747852,
    -0.9929556250572205
   ]
  ]
 },
 {
  "rotation_euler": [
   1.2894189357757568,
   0.6053624749183655,
   -1.3545578718185425
  ],
  "euler_order": "XYZ",
  "rotation_matrix": [
   [
    0.17642951011657715,
    0.38850677013397217,
    -0.9043976664543152
   ],
   [
    -0.8031457662582397,
    -0.4743717610836029,
    -0.3604556620121002
   ],
   [
    -0.5690601468086243,
    0.7899581789970398,
    0.22833441197872162
   ]
  ]
 },
 {
  "rotation_euler": [
   -2.796797275543213,
   0.4266450107097626,
   -0.7342200875282288
  ],
  "euler_order": "XYZ",
  "rotation_matrix": [
   [
    0.6758083701133728,
    -0.7344096302986145,
    -0.06265396624803543
   ],
   [
    -0.6099483370780945,
    -0.6049463152885437,
    0.5118622779846191
   ],
   [
    -0.413818895816803,
    -0.3077051639556885,
    -0.8567796945571899
   ]
  ]
 },
 {
  "rotation_euler": [
   -0.0009531997493468225,
   3.031799793243408,
   0.3705289959907532
  ],
  "euler_order": "XYZ",
  "rotation_matrix": [
   [
    -0.9265233874320984,
    -0.36220577359199524,
    0.10179117321968079
   ],
   [
    -0.3599282503128052,
    0.9320976734161377,
    0.040565602481365204
   ],
   [
    -0.1095724105834961,
    0.000947460241150111,
    -0.9939783811569214
   ]
  ]
 },
 {
  "rotation_euler": [
   -3.1397347450256348,
   0.0013428522506728768,
   -1.5132226943969727
  ],
  "euler_order": "XYZ",
  "rotation_matrix": [
   [
    0.057541780173778534,
    -0.9983415007591248,
    0.0017775590531527996
   ],
   [
    -0.9983422160148621,
    -0.05753923952579498,
    0.001447531976737082
   ],
   [
    -0.0013428519014269114,
    -0.0018579057650640607,
    -0.9999973773956299
   ]
  ]
 },
 {
  "rotation_euler": [
   0.012385467998683453,
   3.052888870239258,
   0.8878939747810364
  ],
  "euler_order": "XYZ",
  "rotation_matrix": [
   [
    -0.6285661458969116,
    -0.7749925851821899,
    0.06550631672143936
   ],
   [
    -0.7726945281028748,
    0.6318498849868774,
    0.060900378972291946
   ],
   [
    -0.08858750015497208,
    -0.012336458079516888,
    -0.9959920048713684
   ]
  ]
 },
 {
  "rotation_euler": [
   0.0013853367418050766,
   0.00487489765509963,
   2.715331792831421
  ],
  "euler_order": "XYZ",
  "rotation_matrix": [
   [
    -0.910507321357727,
    -0.4134748876094818,
    -0.003865867154672742
   ],
   [
    0.4134642481803894,
    -0.9105144739151001,
    0.003276983741670847
   ],
   [
    -0.004874878562986851,
    0.0013853198615834117,
    0.9999871850013733
   ]
  ]
 }
]