[
 {
  "rotation_euler": [
   0.0016558930510655046,
   -0.0011790733551606536,
   -0.2367006093263626
  ],
  "euler_order": "XYZ",
  "rotation_matrix": [
   [
    0.9721162915229797,
    0.23449429869651794,
    -0.0015344963176175952
   ],
   [
    -0.2344963550567627,
    0.9721161127090454,
    -0.0013332328526303172
   ],
   [
    0.00117907312233001,
    0.0016558911884203553,
    0.9999979138374329
   ]
  ]
 },
 {
  "rotation_euler": [
   0.001655880711041391,
   -0.0011793270241469145,
   3.1129326820373535
  ],
  "euler_order": "XYZ",
  "rotation_matrix": [
   [
    -0.9995886087417603,
    -0.028654057532548904,
    0.0012262917589396238
   ],
   [
    0.02865602821111679,
    -0.9995880126953125,
    0.001621405128389597
   ],
   [
    0.0011793267913162708,
    0.0016558788483962417,
    0.9999979138374329
   ]
  ]
 },
 {
  "rotation_euler": [
   0.0016558847855776548,
   -0.0011790788266807795,
   2.1405272483825684
  ],
  "euler_order": "XYZ",
  "rotation_matrix": [
   [
    -0.539405107498169,
    -0.842043936252594,
    0.0020303314086049795
   ],
   [
    0.8420455455780029,
    -0.539406418800354,
    -9.964425407815725e-05
   ],
   [
    0.0011790785938501358,
    0.0016558829229325056,
    0.9999979138374329
   ]
  ]
 },
 {
  "rotation_euler": [
   0.0016558856004849076,
   -0.0011790749849751592,
   3.0828020572662354
  ],
  "euler_order": "XYZ",
  "rotation_matrix": [
   [
    -0.998271644115448,
    -0.058754704892635345,
    0.0012743304250761867
   ],
   [
    0.058756694197654724,
    -0.9982710480690002,
    0.0015837455866858363
   ],
   [
    0.0011790747521445155,
    0.0016558837378397584,
    0.9999979138374329
   ]
  ]
 },
 {
  "rotation_euler": [
   0.0016558925854042172,
   -0.0011790767312049866,
   0.630199670791626
  ],
  "euler_order": "XYZ",
  "rotation_matrix": [
   [
    0.8079093098640442,
    -0.5893068313598633,
    2.324094566574786e-05
   ],
   [
    0.5893056988716125,
    0.8079075813293457,
    -0.0020326473750174046
   ],
   [
    0.001179076498374343,
    0.001655890722759068,
    0.9999979138374329
   ]
  ]
 },
 {
  "rotation_euler": [
   0.0016558803617954254,
   -0.001179079758003354,
   -2.3624889850616455
  ],
  "euler_order": "XYZ",
  "rotation_matrix": [
   [
    -0.7115431427955627,
    0.7026423215866089,
    -0.00032452508457936347
   ],
   [
    -0.7026414275169373,
    -0.7115412950515747,
    0.0020067000295966864
   ],
   [
    0.0011790795251727104,
    0.0016558784991502762,
    0.9999979138374329
   ]
  ]
 },
 {
  "rotation_euler": [
   0.0016558935167267919,
   -0.001179062994197011,
   -0.6939635872840881
  ],
  "euler_order": "XYZ",
  "rotation_matrix": [
   [
    0.7687164545059204,
    0.6395866870880127,
    -0.0019654552452266216
   ],
   [
    -0.6395886540412903,
    0.7687171697616577,
    -0.0005187983042560518
   ],
   [
    0.0011790627613663673,
    0.0016558916540816426,
    0.9999979138374329
   ]
  ]
 },
 {
  "rotation_euler": [
   0.0016561939846724272,
   -0.001178864622488618,
   -2.0794010162353516
  ],
  "euler_order": "XYZ",
  "rotation_matrix": [
   [
    -0.48695868253707886,
    0.8734245896339417,
    -0.0008725023944862187
   ],
   [
    -0.873424232006073,
    -0.4869566559791565,
    0.0018361462280154228
   ],
   [
    0.0011788643896579742,
    0.001656192122027278,
    0.9999979138374329
   ]
  ]
 },
 {
  "rotation_euler": [
   0.0016558936331421137,
   -0.0011790734715759754,
   -0.48801445960998535
  ],
  "euler_order": "XYZ",
  "rotation_matrix": [
   [
    0.88326495885849,
    0.46887069940567017,
    -0.0018178368918597698
   ],
   [
    -0.46887272596359253,
    0.8832652568817139,
    -0.0009097582660615444
   ],
   [
    0.0011790732387453318,
    0.0016558917704969645,
    0.9999979138374329
   ]
  ]
 },
 {
  "rotation_euler": [
   0.0016558906063437462,
   -0.0011790787102654576,
   0.6112627983093262
  ],
  "euler_order": "XYZ",
  "rotation_matrix": [
   [
    0.8189233541488647,
    -0.5739028453826904,
    -1.5255661310220603e-05
   ],
   [
    0.5739016532897949,
    0.818921685218811,
    -0.002032722346484661
   ],
   [
    0.001179078477434814,
    0.001655888743698597,
    0.9999979138374329
   ]
  ]
 },
 {
  "rotation_euler": [
   0.0016558897914364934,
   -0.0011791030410677195,
   -2.6775145530700684
  ],
  "euler_order": "XYZ",
  "rotation_matrix": [
   [
    -0.8942339420318604,
    0.44759973883628845,
    0.0003132194106001407
   ],
   [
    -0.44759827852249146,
    -0.8942325115203857,
    0.002008517272770405
   ],
   [
    0.0011791028082370758,
    0.0016558879287913442,
    0.9999979138374329
   ]
  ]
 },
 {
  "rotation_euler": [
   0.001655898755416274,
   -0.0011790855787694454,
   0.9229455590248108
  ],
  "euler_order": "XYZ",
  "rotation_matrix": [
   [
    0.6034736037254333,
    -0.7973827123641968,
    0.0006088379304856062
   ],
   [
    0.797382116317749,
    0.6034716367721558,
    -0.0019394722767174244
   ],
   [
    0.0011790853459388018,
    0.0016558968927711248,
    0.9999979138374329
   ]
  ]
 },
 {
  "rotation_euler": [
   0.0016558965435251594,
   -0.0011790794087573886,
   2.890561580657959
  ],
  "euler_order": "XYZ",
  "rotation_matrix": [
   [
    -0.9686561226844788,
    -0.24840061366558075,
    0.0015534507110714912
   ],
   [
    0.2484026700258255,
    -0.9686559438705444,
    0.0013111084699630737
   ],
   [
    0.001179079175926745,
    0.0016558946808800101,
    0.9999979138374329
   ]
  ]
 },
 {
  "rotation_euler": [
   0.0016558945644646883,
   -0.0011790539138019085,
   -0.6464144587516785
  ],
  "euler_order": "XYZ",
  "rotation_matrix": [
   [
    0.7982480525970459,
    0.6023257374763489,
    -0.0019385680789127946
   ],
   [
    -0.6023277044296265,
    0.7982487082481384,
    -0.0006116387085057795
   ],
   [
    0.0011790536809712648,
    0.001655892701819539,
    0.9999979138374329
   ]
  ]
 },
 {
  "rotation_euler": [
   0.0016558950301259756,
   -0.0011790711432695389,
   -0.6922648549079895
  ],
  "euler_order": "XYZ",
  "rotation_matrix": [
   [
    0.7698018550872803,
    0.638279914855957,
    -0.001964578405022621
   ],
   [
    -0.6382818818092346,
    0.7698025703430176,
    -0.0005221323226578534
   ],
   [
    0.0011790709104388952,
    0.0016558931674808264,
    0.9999979138374329
   ]
  ]
 },
 {
  "rotation_euler": [
   0.0016558816423639655,
   -0.0011790948919951916,
   0.43300214409828186
  ],
  "euler_order": "XYZ",
  "rotation_matrix": [
   [
    0.907709538936615,
    -0.4195989668369293,
    -0.0003754707577172667
   ],
   [
    0.41959747672080994,
    0.9077081084251404,
    -0.0019978047348558903
   ],
   [
    0.001179094659164548,
    0.0016558797797188163,
    0.9999979138374329
   ]
  ]
 }
]