[
 {
  "rotation_euler": [
   -2.029606482878421e-10,
   4.2650047382686296e-10,
   -1.9270817041397095
  ],
  "euler_order": "XYZ",
  "rotation_matrix": [
   [
    -0.3487952947616577,
    0.9371989369392395,
    4.145313953207719e-11
   ],
   [
    -0.9371989369392395,
    -0.3487952947616577,
    -4.705075218325305e-10
   ],
   [
    -4.2650047382686296e-10,
    -2.029606482878421e-10,
    1.0
   ]
  ]
 },
 {
  "rotation_euler": [
   -8.669569402652844e-12,
   -1.1150314612601298e-12,
   -0.8149095177650452
  ],
  "euler_order": "XYZ",
  "rotation_matrix": [
   [
    0.6859342455863953,
    0.727663516998291,
    5.54369137401034e-12
   ],
   [
    -0.727663516998291,
    0.6859342455863953,
    6.758122273603506e-12
   ],
   [
    1.1150314612601298e-12,
    -8.669569402652844e-12,
    1.0
   ]
  ]
 },
 {
  "rotation_euler": [
   0.9189852476119995,
   1.2199335098266602,
   2.0933175086975098
  ],
  "euler_order": "XYZ",
  "rotation_matrix": [
   [
    -0.1715332418680191,
    -0.8982607126235962,
    0.4046035408973694
   ],
   [
    0.2978450357913971,
    0.34418851137161255,
    0.8904058337211609
   ],
   [
    -0.9390764832496643,
    0.27324333786964417,
    0.20850272476673126
   ]
  ]
 },
 {
  "rotation_euler": [
   -8.882205293048173e-05,
   5.1346360123716295e-05,
   -2.023736000061035
  ],
  "euler_order": "XYZ",
  "rotation_matrix": [
   [
    -0.4376106560230255,
    0.8991645574569702,
    5.739592597819865e-05
   ],
   [
    -0.8991645574569702,
    -0.4376106560230255,
    -8.503830758854747e-05
   ],
   [
    -5.1346360123716295e-05,
    -8.882205293048173e-05,
    1.0
   ]
  ]
 },
 {
  "rotation_euler": [
   9.136916645502424e-08,
   2.0057027150244267e-09,
   -0.9975090622901917
  ],
  "euler_order": "XYZ",
  "rotation_matrix": [
   [
    0.5423966646194458,
    0.8401225209236145,
    -7.567340531977607e-08
   ],
   [
    -0.8401225209236145,
    0.5423966646194458,
    -5.1243368659470434e-08
   ],
   [
    -2.0057027150244267e-09,
    9.136916645502424e-08,
    1.0
   ]
  ]
 },
 {
  "rotation_euler": [
   7.210022578973962e-10,
   4.6369144635072246e-10,
   -0.5606005191802979
  ],
  "euler_order": "XYZ",
  "rotation_matrix": [
   [
    0.8469359874725342,
    0.5316948890686035,
    9.363745022417103e-12
   ],
   [
    -0.5316948890686035,
    0.8469359874725342,
    -8.57185100677782e-10
   ],
   [
    -4.6369144635072246e-10,
    7.210022578973962e-10,
    1.0
   ]
  ]
 },
 {
  "rotation_euler": [
   1.7357293380371175e-09,
   6.338667091210226e-11,
   0.6216260194778442
  ],
  "euler_order": "XYZ",
  "rotation_matrix": [
   [
    0.8129326105117798,
    -0.5823577642440796,
    1.0623445456658942e-09
   ],
   [
    0.5823577642440796,
    0.8129326105117798,
    -1.3741172644188282e-09
   ],
   [
    -6.338667091210226e-11,
    1.7357293380371175e-09,
    1.0
   ]
  ]
 },
 {
  "rotation_euler": [
   -1.3967496048650219e-09,
   2.789485864518326e-10,
   -2.1430931091308594
  ],
  "euler_order": "XYZ",
  "rotation_matrix": [
   [
    -0.5415642857551575,
    0.8406593203544617,
    1.0231220315404244e-09
   ],
   [
    -0.8406593203544617,
    -0.5415642857551575,
    -9.909304488076032e-10
   ],
   [
    -2.789485864518326e-10,
    -1.3967496048650219e-09,
    1.0
   ]
  ]
 },
 {
  "rotation_euler": [
   -8.415914720671935e-08,
   2.1655919280050284e-09,
   1.0725889205932617
  ],
  "euler_order": "XYZ",
  "rotation_matrix": [
   [
    0.47785162925720215,
    -0.8784405589103699,
    -7.289397530030328e-08
   ],
   [
    0.8784405589103699,
    0.47785162925720215,
    4.211792870023601e-08
   ],
   [
    -2.1655919280050284e-09,
    -8.415914720671935e-08,
    1.0
   ]
  ]
 },
 {
  "rotation_euler": [
   -2.4207374386270297e-12,
   1.919411829476303e-08,
   1.7505582571029663
  ],
  "euler_order": "XYZ",
  "rotation_matrix": [
   [
    -0.17879533767700195,
    -0.9838863015174866,
    -3.4342007015908393e-09
   ],
   [
    0.9838863015174866,
    -0.17879533767700195,
    1.888439626895888e-08
   ],
   [
    -1.919411829476303e-08,
    -2.4207374386270297e-12,
    1.0
   ]
  ]
 },
 {
  "rotation_euler": [
   -1.1404925999158877e-06,
   -4.939575859452816e-09,
   -2.72603702545166
  ],
  "euler_order": "XYZ",
  "rotation_matrix": [
   [
    -0.9148921370506287,
    0.4036983251571655,
    4.649341462936718e-07
   ],
   [
    -0.4036983251571655,
    -0.9148921370506287,
    -1.0414336202302366e-06
   ],
   [
    4.939575859452816e-09,
    -1.1404925999158877e-06,
    1.0
   ]
  ]
 },
 {
  "rotation_euler": [
   1.4395940439726473e-08,
   3.12172451231163e-05,
   -1.8235585689544678
  ],
  "euler_order": "XYZ",
  "rotation_matrix": [
   [
    -0.2500793933868408,
    0.968225359916687,
    -7.820727660146076e-06
   ],
   [
    -0.968225359916687,
    -0.2500793933868408,
    -3.022172677447088e-05
   ],
   [
    -3.12172451231163e-05,
    1.4395940439726473e-08,
    1.0
   ]
  ]
 },
 {
  "rotation_euler": [
   4.117887897336914e-07,
   -2.5989670415782484e-09,
   -0.6754677295684814
  ],
  "euler_order": "XYZ",
  "rotation_matrix": [
   [
    0.7804145812988281,
    0.6252623796463013,
    -2.595043326891755e-07
   ],
   [
    -0.6252623796463013,
    0.7804145812988281,
    -3.1974093417375116e-07
   ],
   [
    2.5989670415782484e-09,
    4.117887897336914e-07,
    1.0
   ]
  ]
 },
 {
  "rotation_euler": [
   2.687867484141293e-09,
   -6.383818629274174e-08,
   -1.9021168947219849
  ],
  "euler_order": "XYZ",
  "rotation_matrix": [
   [
    -0.32529205083847046,
    0.9456136226654053,
    1.8224371345354484e-08
   ],
   [
    -0.9456136226654053,
    -0.32529205083847046,
    6.124059837020468e-08
   ],
   [
    6.383818629274174e-08,
    2.687867484141293e-09,
    1.0
   ]
  ]
 },
 {
  "rotation_euler": [
   -1.8208099603652954,
   -0.09200919419527054,
   -0.15791647136211395
  ],
  "euler_order": "XYZ",
  "rotation_matrix": [
   [
    0.9833798408508301,
    0.04900604858994484,
    0.17482124269008636
   ],
   [
    -0.15659575164318085,
    -0.25833839178085327,
    0.9532780647277832
   ],
   [
    0.09187942743301392,
    -0.9648106694221497,
    -0.24637062847614288
   ]
  ]
 },
 {
  "rotation_euler": [
   4.278820415493101e-05,
   1.7848495872385683e-06,
   -0.88652503490448
  ],
  "euler_order": "XYZ",
  "rotation_matrix": [
   [
    0.6321085095405579,
    0.7748798727989197,
    -3.202749940101057e-05
   ],
   [
    -0.7748798727989197,
    0.6321085095405579,
    -2.8429833037080243e-05
   ],
   [
    -1.7848495872385683e-06,
    4.278820415493101e-05,
    1.0
   ]
  ]
 }
]