[
 {
  "rotation_euler": [
   -5.25623036082834e-05,
   -0.00021138407464604825,
   3.093305826187134
  ],
  "euler_order": "XYZ",
  "rotation_matrix": [
   [
    -0.9988343715667725,
    -0.04826807603240013,
    0.0002086006134049967
   ],
   [
    0.048268064856529236,
    -0.9988344311714172,
    -6.270413723541424e-05
   ],
   [
    0.00021138407464604825,
    -5.25623036082834e-05,
    1.0
   ]
  ]
 },
 {
  "rotation_euler": [
   2.146008014678955,
   -0.013799063861370087,
   2.1109814643859863
  ],
  "euler_order": "XYZ",
  "rotation_matrix": [
   [
    -0.5142458081245422,
    0.47250694036483765,
    0.7157432436943054
   ],
   [
    0.8575318455696106,
    0.2698532044887543,
    0.4379707872867584
   ],
   [
    0.013798626139760017,
    0.8389973044395447,
    -0.5439606308937073
   ]
  ]
 },
 {
  "rotation_euler": [
   -0.00016635646170470864,
   -0.00010039709013653919,
   -2.768541097640991
  ],
  "euler_order": "XYZ",
  "rotation_matrix": [
   [
    -0.9312195181846619,
    0.36445876955986023,
    0.00015412180800922215
   ],
   [
    -0.3644587993621826,
    -0.9312195181846619,
    -0.00011832378368126228
   ],
   [
    0.00010039709013653919,
    -0.00016635646170470864,
    1.0
   ]
  ]
 },
 {
  "rotation_euler": [
   -0.00023938129015732557,
   -0.00025698303943499923,
   1.5611101388931274
  ],
  "euler_order": "XYZ",
  "rotation_matrix": [
   [
    0.00968603603541851,
    -0.999953031539917,
    -0.0002418592048343271
   ],
   [
    0.999953031539917,
    0.009686097502708435,
    -0.0002546523173805326
   ],
   [
    0.00025698303943499923,
    -0.00023938127560541034,
    0.9999999403953552
   ]
  ]
 },
 {
  "rotation_euler": [
   -6.934890552656725e-05,
   -0.00019552746380213648,
   1.8597415685653687
  ],
  "euler_order": "XYZ",
  "rotation_matrix": [
   [
    -0.28494134545326233,
    -0.9585449695587158,
    -1.0760184522951022e-05
   ],
   [
    0.958544909954071,
    -0.28494134545326233,
    -0.00020718223822768778
   ],
   [
    0.00019552746380213648,
    -6.934890552656725e-05,
    1.0
   ]
  ]
 },
 {
  "rotation_euler": [
   -6.41841979813762e-05,
   -0.0002024658169830218,
   0.42287677526474
  ],
  "euler_order": "XYZ",
  "rotation_matrix": [
   [
    0.9119120836257935,
    -0.41038548946380615,
    -0.0002109712950186804
   ],
   [
    0.41038551926612854,
    0.9119121432304382,
    -2.4558688892284408e-05
   ],
   [
    0.0002024658169830218,
    -6.41841979813762e-05,
    1.0
   ]
  ]
 },
 {
  "rotation_euler": [
   -5.0404520152369514e-05,
   -0.0002119691635016352,
   -2.317962646484375
  ],
  "euler_order": "XYZ",
  "rotation_matrix": [
   [
    -0.6795626282691956,
    0.7336174845695496,
    0.0001810239627957344
   ],
   [
    -0.7336174845695496,
    -0.6795626878738403,
    0.00012125125067541376
   ],
   [
    0.0002119691635016352,
    -5.0404520152369514e-05,
    1.0
   ]
  ]
 },
 {
  "rotation_euler": [
   -4.594090205500834e-05,
   -0.00021809271129313856,
   2.1937971115112305
  ],
  "euler_order": "XYZ",
  "rotation_matrix": [
   [
    -0.5834748148918152,
    -0.8121312260627747,
    8.994156087283045e-05
   ],
   [
    0.8121312260627747,
    -0.5834748148918152,
    -0.00020392525766510516
   ],
   [
    0.00021809271129313856,
    -4.594090205500834e-05,
    1.0
   ]
  ]
 },
 {
  "rotation_euler": [
   -4.618238745024428e-05,
   -0.00022135034669190645,
   1.7240409851074219
  ],
  "euler_order": "XYZ",
  "rotation_matrix": [
   [
    -0.1526455581188202,
    -0.9882810115814209,
    -1.1853027899633162e-05
   ],
   [
    0.9882809519767761,
    -0.1526455581188202,
    -0.00022580588120035827
   ],
   [
    0.00022135034669190645,
    -4.618238745024428e-05,
    1.0
   ]
  ]
 },
 {
  "rotation_euler": [
   -0.00014994139201007783,
   -0.00011846612324006855,
   -3.1383252143859863
  ],
  "euler_order": "XYZ",
  "rotation_matrix": [
   [
    -0.9999946355819702,
    0.003267415566369891,
    0.00011895540956174955
   ],
   [
    -0.003267433261498809,
    -0.9999946355819702,
    -0.00014955351070966572
   ],
   [
    0.00011846612324006855,
    -0.00014994139201007783,
    1.0
   ]
  ]
 },
 {
  "rotation_euler": [
   -0.00016274223162326962,
   -0.00010243552242172882,
   -0.7248897552490234
  ],
  "euler_order": "XYZ",
  "rotation_matrix": [
   [
    0.7485725283622742,
    0.6630529165267944,
    3.1226296414388344e-05
   ],
   [
    -0.6630529165267944,
    0.7485725283622742,
    0.0001897445326903835
   ],
   [
    0.00010243552242172882,
    -0.00016274223162326962,
    1.0
   ]
  ]
 },
 {
  "rotation_euler": [
   -6.40020371065475e-05,
   -0.00019925720698665828,
   -2.864757776260376
  ],
  "euler_order": "XYZ",
  "rotation_matrix": [
   [
    -0.9619253277778625,
    0.27331238985061646,
    0.00020916310313623399
   ],
   [
    -0.27331241965293884,
    -0.9619253277778625,
    -7.1057129389373586e-06
   ],
   [
    0.00019925720698665828,
    -6.40020371065475e-05,
    1.0
   ]
  ]
 },
 {
  "rotation_euler": [
   -0.00015139166498556733,
   -0.00011499241372803226,
   0.4605996310710907
  ],
  "euler_order": "XYZ",
  "rotation_matrix": [
   [
    0.8957861065864563,
    -0.44448530673980713,
    -0.00017029998707585037
   ],
   [
    0.4444853365421295,
    0.8957861065864563,
    8.450211316812783e-05
   ],
   [
    0.00011499241372803226,
    -0.00015139166498556733,
    1.0
   ]
  ]
 },
 {
  "rotation_euler": [
   -0.00017000094521790743,
   -9.383798897033557e-05,
   -1.0745453834533691
  ],
  "euler_order": "XYZ",
  "rotation_matrix": [
   [
    0.4761320650577545,
    0.8793737888336182,
    0.00010481509525561705
   ],
   [
    -0.8793737888336182,
    0.47613203525543213,
    0.00016346156189683825
   ],
   [
    9.383798897033557e-05,
    -0.00017000094521790743,
    1.0
   ]
  ]
 },
 {
  "rotation_euler": [
   -2.4625622245366685e-05,
   -0.00023847699048928916,
   1.5450704097747803
  ],
  "euler_order": "XYZ",
  "rotation_matrix": [
   [
    0.025723079219460487,
    -0.9996691346168518,
    -3.075183485634625e-05
   ],
   [
    0.999669075012207,
    0.025723084807395935,
    -0.00023776463058311492
   ],
   [
    0.00023847699048928916,
    -2.4625622245366685e-05,
    1.0
   ]
  ]
 },
 {
  "rotation_euler": [
   -6.229893187992275e-05,
   -0.00021380354883149266,
   -0.2279958575963974
  ],
  "euler_order": "XYZ",
  "rotation_matrix": [
   [
    0.9741213321685791,
    0.22602571547031403,
    -0.0001941894443007186
   ],
   [
    -0.22602570056915283,
    0.9741213321685791,
    0.00010901181667577475
   ],
   [
    0.00021380354883149266,
    -6.229893187992275e-05,
    1.0
   ]
  ]
 }
]