[
 {
  "rotation_euler": [
   0.020600002259016037,
   0.06950584799051285,
   -1.9301973581314087
  ],
  "euler_order": "XYZ",
  "rotation_matrix": [
   [
    -0.35086435079574585,
    0.9354059100151062,
    -0.04370374605059624
   ],
   [
    -0.9338473677635193,
    -0.3529781401157379,
    -0.057753998786211014
   ],
   [
    -0.06944989413022995,
    0.020548809319734573,
    0.9973737597465515
   ]
  ]
 },
 {
  "rotation_euler": [
   0.020473666489124298,
   -0.12256072461605072,
   1.625897765159607
  ],
  "euler_order": "XYZ",
  "rotation_matrix": [
   [
    -0.05466044321656227,
    -0.9981352090835571,
    0.027172723785042763
   ],
   [
    0.9909924864768982,
    -0.057561032474040985,
    -0.12091551721096039
   ],
   [
    0.12225411832332611,
    0.020318670198321342,
    0.9922908544540405
   ]
  ]
 },
 {
  "rotation_euler": [
   0.020599931478500366,
   0.06950482726097107,
   1.46300208568573
  ],
  "euler_order": "XYZ",
  "rotation_matrix": [
   [
    0.10732584446668625,
    -0.9938309788703918,
    0.027949031442403793
   ],
   [
    0.9917953610420227,
    0.10898502171039581,
    0.06681503355503082
   ],
   [
    -0.06944888085126877,
    0.020548740401864052,
    0.9973738789558411
   ]
  ]
 },
 {
  "rotation_euler": [
   0.020599912852048874,
   0.06950490176677704,
   3.007337808609009
  ],
  "euler_order": "XYZ",
  "rotation_matrix": [
   [
    -0.9886085987091064,
    -0.13524116575717926,
    -0.06605225801467896
   ],
   [
    0.1335287094116211,
    -0.9905996322631836,
    0.02970699965953827
   ],
   [
    -0.06944895535707474,
    0.02054872177541256,
    0.9973738193511963
   ]
  ]
 },
 {
  "rotation_euler": [
   0.020473714917898178,
   -0.12255966663360596,
   1.5554022789001465
  ],
  "euler_order": "XYZ",
  "rotation_matrix": [
   [
    0.015277973376214504,
    -0.9997105002403259,
    0.018588358536362648
   ],
   [
    0.9923813343048096,
    0.012887710705399513,
    -0.12252810597419739
   ],
   [
    0.12225306779146194,
    0.02031872048974037,
    0.9922909736633301
   ]
  ]
 },
 {
  "rotation_euler": [
   0.020599903538823128,
   0.06950465589761734,
   0.49982115626335144
  ],
  "euler_order": "XYZ",
  "rotation_matrix": [
   [
    0.8755491971969604,
    -0.4779113531112671,
    0.07081218808889389
   ],
   [
    0.4781113862991333,
    0.8781676888465881,
    0.01519891805946827
   ],
   [
    -0.06944870948791504,
    0.020548712462186813,
    0.9973738789558411
   ]
  ]
 },
 {
  "rotation_euler": [
   0.020600104704499245,
   0.0695061907172203,
   -0.8900037407875061
  ],
  "euler_order": "XYZ",
  "rotation_matrix": [
   [
    0.6278893351554871,
    0.7778096199035645,
    0.02769666351377964
   ],
   [
    -0.7751978039741516,
    0.6281639337539673,
    -0.06692150980234146
   ],
   [
    -0.06945023685693741,
    0.020548909902572632,
    0.9973737597465515
   ]
  ]
 },
 {
  "rotation_euler": [
   0.020473679527640343,
   -0.1225595697760582,
   -2.0657577514648438
  ],
  "euler_order": "XYZ",
  "rotation_matrix": [
   [
    -0.47143474221229553,
    0.8809913992881775,
    0.04004240036010742
   ],
   [
    -0.8733862042427063,
    -0.4726957380771637,
    0.11728275567293167
   ],
   [
    0.12225297838449478,
    0.020318686962127686,
    0.9922909736633301
   ]
  ]
 },
 {
  "rotation_euler": [
   0.020473700016736984,
   -0.12255951017141342,
   -1.6099742650985718
  ],
  "euler_order": "XYZ",
  "rotation_matrix": [
   [
    -0.03887411579489708,
    0.9991212487220764,
    -0.015669170767068863
   ],
   [
    -0.9917373657226562,
    -0.03665883466601372,
    0.12293536216020584
   ],
   [
    0.12225291877985,
    0.020318707451224327,
    0.9922909736633301
   ]
  ]
 },
 {
  "rotation_euler": [
   0.02059982530772686,
   0.06950462609529495,
   1.6040332317352295
  ],
  "euler_order": "XYZ",
  "rotation_matrix": [
   [
    -0.03315054997801781,
    -0.9992831945419312,
    0.018279647454619408
   ],
   [
    0.9970345497131348,
    -0.031793996691703796,
    0.07008009403944016
   ],
   [
    -0.06944867968559265,
    0.020548634231090546,
    0.9973738789558411
   ]
  ]
 },
 {
  "rotation_euler": [
   0.02047366462647915,
   -0.12255944311618805,
   2.0346760749816895
  ],
  "euler_order": "XYZ",
  "rotation_matrix": [
   [
    -0.4440650939941406,
    -0.8930160999298096,
    0.07299584895372391
   ],
   [
    0.8876150250434875,
    -0.44956573843955994,
    -0.1001509502530098
   ],
   [
    0.12225285172462463,
    0.02031867206096649,
    0.9922909736633301
   ]
  ]
 },
 {
  "rotation_euler": [
   0.020600538700819016,
   0.06950689852237701,
   1.1673946380615234
  ],
  "euler_order": "XYZ",
  "rotation_matrix": [
   [
    0.3916013836860657,
    -0.9189742207527161,
    0.04620274528861046
   ],
   [
    0.9175101518630981,
    0.39378175139427185,
    0.055776480585336685
   ],
   [
    -0.06945094466209412,
    0.020549342036247253,
    0.9973737001419067
   ]
  ]
 },
 {
  "rotation_euler": [
   0.02059924229979515,
   0.0695032998919487,
   -1.3656766414642334
  ],
  "euler_order": "XYZ",
  "rotation_matrix": [
   [
    0.2031925618648529,
    0.9791202545166016,
    -0.006023648660629988
   ],
   [
    -0.9766728281974792,
    0.20224064588546753,
    -0.07217252254486084
   ],
   [
    -0.0694473534822464,
    0.020548054948449135,
    0.9973739981651306
   ]
  ]
 },
 {
  "rotation_euler": [
   0.020483555272221565,
   -0.12259168922901154,
   1.39864981174469
  ],
  "euler_order": "XYZ",
  "rotation_matrix": [
   [
    0.1700119525194168,
    -0.9854416847229004,
    -0.000763315474614501
   ],
   [
    0.9778253436088562,
    0.1687939614057541,
    -0.12396066635847092
   ],
   [
    0.12228485196828842,
    0.020328406244516373,
    0.9922868609428406
   ]
  ]
 },
 {
  "rotation_euler": [
   0.02047358825802803,
   -0.12255960702896118,
   1.6584551334381104
  ],
  "euler_order": "XYZ",
  "rotation_matrix": [
   [
    -0.08688990026712418,
    -0.9957325458526611,
    0.03109414502978325
   ],
   [
    0.9886881709098816,
    -0.09002140909433365,
    -0.1199658215045929
   ],
   [
    0.12225301563739777,
    0.020318595692515373,
    0.9922909736633301
   ]
  ]
 },
 {
  "rotation_euler": [
   0.020599903538823128,
   0.06950445473194122,
   2.2095959186553955
  ],
  "euler_order": "XYZ",
  "rotation_matrix": [
   [
    -0.5947926044464111,
    -0.8034946322441101,
    -0.02486196719110012
   ],
   [
    0.8008736968040466,
    -0.5949572324752808,
    0.06802372634410858
   ],
   [
    -0.06944850832223892,
    0.020548712462186813,
    0.9973738789558411
   ]
  ]
 }
]