[
 {
  "rotation_euler": [
   -1.5562888383865356,
   0.6161584258079529,
   -1.2561912536621094
  ],
  "euler_order": "XYZ",
  "rotation_matrix": [
   [
    0.25253617763519287,
    -0.16501347720623016,
    0.9534128308296204
   ],
   [
    -0.776049017906189,
    0.5539712309837341,
    0.3014362156391144
   ],
   [
    -0.5779042840003967,
    -0.8160186409950256,
    0.011839211918413639
   ]
  ]
 },
 {
  "rotation_euler": [
   -1.4919166564941406,
   -2.0708796977996826,
   -0.8451982736587524
  ],
  "euler_order": "XYZ",
  "rotation_matrix": [
   [
    -0.3181871771812439,
    0.639460563659668,
    0.6998907923698425
   ],
   [
    0.3587142825126648,
    -0.6021617650985718,
    0.7132498025894165
   ],
   [
    0.8775426149368286,
    0.4780077636241913,
    -0.037783488631248474
   ]
  ]
 },
 {
  "rotation_euler": [
   1.590650200843811,
   -0.6170780658721924,
   0.9798926711082458
  ],
  "euler_order": "XYZ",
  "rotation_matrix": [
   [
    0.4543651044368744,
    -0.3058253824710846,
    0.8366739153862
   ],
   [
    0.6772822141647339,
    -0.49150189757347107,
    -0.547461986541748
   ],
   [
    0.5786545872688293,
    0.8154119849205017,
    -0.016191214323043823
   ]
  ]
 },
 {
  "rotation_euler": [
   -1.5562877655029297,
   -0.6161743998527527,
   0.48951518535614014
  ],
  "euler_order": "XYZ",
  "rotation_matrix": [
   [
    0.7202538251876831,
    0.5031719207763672,
    -0.47754836082458496
   ],
   [
    0.38372641801834106,
    0.2845112681388855,
    0.8785256743431091
   ],
   [
    0.5779173374176025,
    -0.8160094022750854,
    0.011839953251183033
   ]
  ]
 },
 {
  "rotation_euler": [
   1.4474375247955322,
   2.188591718673706,
   0.9542137384414673
  ],
  "euler_order": "XYZ",
  "rotation_matrix": [
   [
    -0.3349454700946808,
    0.3673948347568512,
    0.8676592707633972
   ],
   [
    -0.47257792949676514,
    0.7311515212059021,
    -0.49202394485473633
   ],
   [
    -0.815157413482666,
    -0.5748378038406372,
    -0.07127320021390915
   ]
  ]
 },
 {
  "rotation_euler": [
   -1.612524151802063,
   -0.9298740029335022,
   -0.19318057596683502
  ],
  "euler_order": "XYZ",
  "rotation_matrix": [
   [
    0.5868125557899475,
    0.7779413461685181,
    0.22462919354438782
   ],
   [
    -0.11479231715202332,
    -0.1946873515844345,
    0.9741250276565552
   ],
   [
    0.8015446066856384,
    -0.597414493560791,
    -0.024943286553025246
   ]
  ]
 },
 {
  "rotation_euler": [
   -1.562617301940918,
   0.99493008852005,
   -0.272342324256897
  ],
  "euler_order": "XYZ",
  "rotation_matrix": [
   [
    0.5244908928871155,
    -0.8055815100669861,
    0.27558618783950806
   ],
   [
    -0.14648060500621796,
    0.2334759384393692,
    0.961266040802002
   ],
   [
    -0.8387209177017212,
    -0.5445433259010315,
    0.004453932400792837
   ]
  ]
 },
 {
  "rotation_euler": [
   -0.07480261474847794,
   -0.01423148438334465,
   -2.5348706245422363
  ],
  "euler_order": "XYZ",
  "rotation_matrix": [
   [
    -0.8214382529258728,
    0.5677094459533691,
    0.054269395768642426
   ],
   [
    -0.5701198577880859,
    -0.8198305368423462,
    -0.053303152322769165
   ],
   [
    0.014231003820896149,
    -0.07472530752420425,
    0.9971026182174683
   ]
  ]
 },
 {
  "rotation_euler": [
   1.5568941831588745,
   -0.7922078371047974,
   0.10453610122203827
  ],
  "euler_order": "XYZ",
  "rotation_matrix": [
   [
    0.6984415650367737,
    -0.7094014286994934,
    0.09449306130409241
   ],
   [
    0.0732794851064682,
    -0.06045137345790863,
    -0.9954776763916016
   ],
   [
    0.7119055390357971,
    0.7022073864936829,
    0.009762817062437534
   ]
  ]
 },
 {
  "rotation_euler": [
   -1.5614932775497437,
   -0.988409161567688,
   0.46986985206604004
  ],
  "euler_order": "XYZ",
  "rotation_matrix": [
   [
    0.49041205644607544,
    0.7404000163078308,
    -0.4596780240535736
   ],
   [
    0.24903230369091034,
    0.38641035556793213,
    0.8880708813667297
   ],
   [
    0.8351520299911499,
    -0.5499953627586365,
    0.00511678121984005
   ]
  ]
 },
 {
  "rotation_euler": [
   -1.5482897758483887,
   -0.07362004369497299,
   1.2647753953933716
  ],
  "euler_order": "XYZ",
  "rotation_matrix": [
   [
    0.30045077204704285,
    0.0006945536006242037,
    -0.9537970423698425
   ],
   [
    0.9509570002555847,
    0.07689839601516724,
    0.2996121346950531
   ],
   [
    0.07355356216430664,
    -0.997038722038269,
    0.02244369126856327
   ]
  ]
 },
 {
  "rotation_euler": [
   1.5752886533737183,
   0.41540291905403137,
   -1.6744431257247925
  ],
  "euler_order": "XYZ",
  "rotation_matrix": [
   [
    -0.09466233104467392,
    -0.04622049257159233,
    -0.9944358468055725
   ],
   [
    -0.9100436568260193,
    -0.40092408657073975,
    0.10526346415281296
   ],
   [
    -0.403558611869812,
    0.914944589138031,
    -0.0041102576069533825
   ]
  ]
 },
 {
  "rotation_euler": [
   0.01658765971660614,
   -0.0051215533167123795,
   -2.978559732437134
  ],
  "euler_order": "XYZ",
  "rotation_matrix": [
   [
    -0.9867265820503235,
    0.1623731404542923,
    0.002360674785450101
   ],
   [
    -0.16230952739715576,
    -0.9865900278091431,
    0.017198119312524796
   ],
   [
    0.005121530964970589,
    0.016586681827902794,
    0.9998493194580078
   ]
  ]
 },
 {
  "rotation_euler": [
   1.7534703016281128,
   0.4499565064907074,
   -0.9588621854782104
  ],
  "euler_order": "XYZ",
  "rotation_matrix": [
   [
    0.5172742605209351,
    0.09699169546365738,
    -0.8503057956695557
   ],
   [
    -0.7370660901069641,
    -0.4544353187084198,
    -0.5002220869064331
   ],
   [
    -0.4349263608455658,
    0.8854835629463196,
    -0.16357839107513428
   ]
  ]
 },
 {
  "rotation_euler": [
   -1.5509296655654907,
   0.48127052187919617,
   1.9721623659133911
  ],
  "euler_order": "XYZ",
  "rotation_matrix": [
   [
    -0.34629830718040466,
    0.16252394020557404,
    -0.9239391088485718
   ],
   [
    0.815963089466095,
    -0.43379461765289307,
    -0.3821341097354889
   ],
   [
    -0.46290573477745056,
    -0.8862326145172119,
    0.017608799040317535
   ]
  ]
 },
 {
  "rotation_euler": [
   1.7630157470703125,
   1.1814919710159302,
   -1.6336711645126343
  ],
  "euler_order": "XYZ",
  "rotation_matrix": [
   [
    -0.02384810522198677,
    -0.2477215975522995,
    -0.9685376882553101
   ],
   [
    -0.37879493832588196,
    -0.8943360447883606,
    0.23807013034820557
   ],
   [
    -0.925173282623291,
    0.3725547194480896,
    -0.07250746339559555
   ]
  ]
 }
]