[
 {
  "rotation_euler": [
   -0.23768608272075653,
   0.6924759149551392,
   -1.874170184135437
  ],
  "euler_order": "XYZ",
  "rotation_matrix": [
   [
    -0.2299318164587021,
    0.9724115133285522,
    0.03933437168598175
   ],
   [
    -0.7345200181007385,
    -0.1468827724456787,
    -0.6624996662139893
   ],
   [
    -0.6384447813034058,
    -0.1812216341495514,
    0.7480287551879883
   ]
  ]
 },
 {
  "rotation_euler": [
   -0.23768603801727295,
   0.6924757957458496,
   0.8759344816207886
  ],
  "euler_order": "XYZ",
  "rotation_matrix": [
   [
    0.49280232191085815,
    -0.8427959084510803,
    0.216427743434906
   ],
   [
    0.5912142395973206,
    0.5068075060844421,
    0.6273849606513977
   ],
   [
    -0.6384446620941162,
    -0.1812216192483902,
    0.7480288147926331
   ]
  ]
 },
 {
  "rotation_euler": [
   -0.23768603801727295,
   0.6924758553504944,
   -1.0315186977386475
  ],
  "euler_order": "XYZ",
  "rotation_matrix": [
   [
    0.39523687958717346,
    0.7567611932754517,
    0.5206729769706726
   ],
   [
    -0.6604363322257996,
    0.6280694603919983,
    -0.4115247130393982
   ],
   [
    -0.638444721698761,
    -0.181221604347229,
    0.7480288147926331
   ]
  ]
 },
 {
  "rotation_euler": [
   -0.23768600821495056,
   -0.6924757957458496,
   1.628149390220642
  ],
  "euler_order": "XYZ",
  "rotation_matrix": [
   [
    -0.04411860555410385,
    -0.9789042472839355,
    -0.19949939846992493
   ],
   [
    0.7684022188186646,
    0.09436734020709991,
    -0.632971465587616
   ],
   [
    0.6384446620941162,
    -0.1812215894460678,
    0.7480288147926331
   ]
  ]
 },
 {
  "rotation_euler": [
   -0.23768600821495056,
   -0.6924759149551392,
   -0.14182128012180328
  ],
  "euler_order": "XYZ",
  "rotation_matrix": [
   [
    0.7619403600692749,
    0.2861877977848053,
    -0.580984890460968
   ],
   [
    -0.10878970474004745,
    0.9408800601959229,
    0.32079511880874634
   ],
   [
    0.6384447813034058,
    -0.18122157454490662,
    0.7480287551879883
   ]
  ]
 },
 {
  "rotation_euler": [
   -0.2376859486103058,
   0.6924759149551392,
   1.2473176717758179
  ],
  "euler_order": "XYZ",
  "rotation_matrix": [
   [
    0.24465171992778778,
    -0.9692621827125549,
    -0.026007767766714096
   ],
   [
    0.7297491431236267,
    0.16640199720859528,
    0.6631565093994141
   ],
   [
    -0.6384447813034058,
    -0.18122152984142303,
    0.7480287551879883
   ]
  ]
 },
 {
  "rotation_euler": [
   -0.23768606781959534,
   -0.6924757361412048,
   1.5268844366073608
  ],
  "euler_order": "XYZ",
  "rotation_matrix": [
   [
    0.03378670662641525,
    -0.964349627494812,
    -0.26246577501296997
   ],
   [
    0.7689258456230164,
    0.19284328818321228,
    -0.6095609664916992
   ],
   [
    0.6384446024894714,
    -0.18122164905071259,
    0.7480288743972778
   ]
  ]
 },
 {
  "rotation_euler": [
   -0.23768606781959534,
   0.6924756765365601,
   -2.666257381439209
  ],
  "euler_order": "XYZ",
  "rotation_matrix": [
   [
    -0.6843419075012207,
    0.5784298181533813,
    -0.4439539611339569
   ],
   [
    -0.3522281348705292,
    -0.7953475117683411,
    -0.4933129549026489
   ],
   [
    -0.6384446024894714,
    -0.18122164905071259,
    0.7480288743972778
   ]
  ]
 },
 {
  "rotation_euler": [
   -0.23768606781959534,
   -0.6924758553504944,
   1.2655608654022217
  ],
  "euler_order": "XYZ",
  "rotation_matrix": [
   [
    0.2312988042831421,
    -0.8817859888076782,
    -0.41104060411453247
   ],
   [
    0.7340907454490662,
    0.4354448616504669,
    -0.521055281162262
   ],
   [
    0.638444721698761,
    -0.1812216341495514,
    0.7480287551879883
   ]
  ]
 },
 {
  "rotation_euler": [
   -0.23768602311611176,
   0.6924760341644287,
   0.0016345962649211287
  ],
  "euler_order": "XYZ",
  "rotation_matrix": [
   [
    0.7696665525436401,
    -0.15191304683685303,
    0.6201095581054688
   ],
   [
    0.0012580951442942023,
    0.9716383814811707,
    0.23646828532218933
   ],
   [
    -0.6384448409080505,
    -0.18122157454490662,
    0.7480286955833435
   ]
  ]
 },
 {
  "rotation_euler": [
   -0.23768602311611176,
   0.6924757957458496,
   1.8498759269714355
  ],
  "euler_order": "XYZ",
  "rotation_matrix": [
   [
    -0.2120211124420166,
    -0.8928725123405457,
    -0.39727285504341125
   ],
   [
    0.7398887872695923,
    -0.4122346341609955,
    0.5316268801689148
   ],
   [
    -0.6384446620941162,
    -0.181221604347229,
    0.7480288147926331
   ]
  ]
 },
 {
  "rotation_euler": [
   -0.23768596351146698,
   0.6924757957458496,
   -2.9490747451782227
  ],
  "euler_order": "XYZ",
  "rotation_matrix": [
   [
    -0.755448579788208,
    0.33349907398223877,
    -0.5639821290969849
   ],
   [
    -0.14726120233535767,
    -0.9251686930656433,
    -0.34982427954673767
   ],
   [
    -0.6384446620941162,
    -0.18122155964374542,
    0.7480288147926331
   ]
  ]
 },
 {
  "rotation_euler": [
   -0.23768602311611176,
   0.6924759149551392,
   -0.19942618906497955
  ],
  "euler_order": "XYZ",
  "rotation_matrix": [
   [
    0.7544131278991699,
    0.04519201070070267,
    0.6548423171043396
   ],
   [
    -0.1524764895439148,
    0.9824033975601196,
    0.10786334425210953
   ],
   [
    -0.6384447813034058,
    -0.1812215894460678,
    0.7480287551879883
   ]
  ]
 },
 {
  "rotation_euler": [
   -0.23768609762191772,
   0.6924757957458496,
   -2.7273569107055664
  ],
  "euler_order": "XYZ",
  "rotation_matrix": [
   [
    -0.7045724391937256,
    0.5287853479385376,
    -0.47324803471565247
   ],
   [
    -0.3097838759422302,
    -0.8291831612586975,
    -0.46528398990631104
   ],
   [
    -0.6384446620941162,
    -0.18122166395187378,
    0.7480288147926331
   ]
  ]
 },
 {
  "rotation_euler": [
   -0.23768600821495056,
   -0.6924759745597839,
   2.7024779319763184
  ],
  "euler_order": "XYZ",
  "rotation_matrix": [
   [
    -0.6966480016708374,
    -0.5492488145828247,
    0.46152716875076294
   ],
   [
    0.32721519470214844,
    -0.8157723546028137,
    -0.4769127070903778
   ],
   [
    0.6384448409080505,
    -0.18122155964374542,
    0.7480286955833435
   ]
  ]
 },
 {
  "rotation_euler": [
   -0.23768596351146698,
   0.6924758553504944,
   -2.3144447803497314
  ],
  "euler_order": "XYZ",
  "rotation_matrix": [
   [
    -0.521047830581665,
    0.8170774579048157,
    -0.24676616489887238
   ],
   [
    -0.5664781332015991,
    -0.5473053455352783,
    -0.6160839200019836
   ],
   [
    -0.638444721698761,
    -0.18122154474258423,
    0.7480288147926331
   ]
  ]
 }
]