[
 {
  "rotation_euler": [
   0.021213188767433167,
   -0.39561986923217773,
   2.295980453491211
  ],
  "euler_order": "XYZ",
  "rotation_matrix": [
   [
    -0.6120405793190002,
    -0.7427870035171509,
    0.271429181098938
   ],
   [
    0.6905710697174072,
    -0.6692416667938232,
    -0.27427586913108826
   ],
   [
    0.38538023829460144,
    0.019573168829083443,
    0.9225502610206604
   ]
  ]
 },
 {
  "rotation_euler": [
   -0.010114495642483234,
   0.3972742259502411,
   -2.130117416381836
  ],
  "euler_order": "XYZ",
  "rotation_matrix": [
   [
    -0.4892863929271698,
    0.8496485948562622,
    -0.19671311974525452
   ],
   [
    -0.7816024422645569,
    -0.5272667407989502,
    -0.3332977890968323
   ],
   [
    -0.38690629601478577,
    -0.009326609782874584,
    0.9220718741416931
   ]
  ]
 },
 {
  "rotation_euler": [
   -0.024247216060757637,
   0.3934806287288666,
   1.358755350112915
  ],
  "euler_order": "XYZ",
  "rotation_matrix": [
   [
    0.19437262415885925,
    -0.9792723655700684,
    0.05696425214409828
   ],
   [
    0.9028951525688171,
    0.2013063281774521,
    0.3798106908798218
   ],
   [
    -0.3834053575992584,
    -0.02239205315709114,
    0.9233086705207825
   ]
  ]
 },
 {
  "rotation_euler": [
   0.018163032829761505,
   -0.3969882130622864,
   2.6153931617736816
  ],
  "euler_order": "XYZ",
  "rotation_matrix": [
   [
    -0.797472357749939,
    -0.4960954785346985,
    0.3434050977230072
   ],
   [
    0.4631904065608978,
    -0.8681064248085022,
    -0.17845429480075836
   ],
   [
    0.38664254546165466,
    0.016749566420912743,
    0.9220775365829468
   ]
  ]
 },
 {
  "rotation_euler": [
   -0.009836646728217602,
   0.39713239669799805,
   -0.6240617036819458
  ],
  "euler_order": "XYZ",
  "rotation_matrix": [
   [
    0.748354971408844,
    0.5812203884124756,
    0.3196054995059967
   ],
   [
    -0.538859486579895,
    0.8136956095695496,
    -0.21801352500915527
   ],
   [
    -0.38677549362182617,
    -0.00907095242291689,
    0.9221292734146118
   ]
  ]
 },
 {
  "rotation_euler": [
   -4.704666571342386e-05,
   3.1415717601776123,
   -0.6196169853210449
  ],
  "euler_order": "XYZ",
  "rotation_matrix": [
   [
    -0.8141009211540222,
    0.5807234048843384,
    4.4330445234663785e-05
   ],
   [
    0.5807234048843384,
    0.8141009211540222,
    2.6167441319557838e-05
   ],
   [
    -2.0893412511213683e-05,
    4.704666571342386e-05,
    -1.0
   ]
  ]
 },
 {
  "rotation_euler": [
   0.021375415846705437,
   -0.3958010673522949,
   -1.428678274154663
  ],
  "euler_order": "XYZ",
  "rotation_matrix": [
   [
    0.13068965077400208,
    0.988524854183197,
    -0.075754813849926
   ],
   [
    -0.9133856892585754,
    0.14976529777050018,
    0.378545880317688
   ],
   [
    0.3855474591255188,
    0.019721338525414467,
    0.9224772453308105
   ]
  ]
 },
 {
  "rotation_euler": [
   -0.024569308385252953,
   -0.3938656151294708,
   0.26357319951057434
  ],
  "euler_order": "XYZ",
  "rotation_matrix": [
   [
    0.8915419578552246,
    -0.25135117769241333,
    -0.3767964243888855
   ],
   [
    0.24058371782302856,
    0.9676300883293152,
    -0.0762333944439888
   ],
   [
    0.38376089930534363,
    -0.022685814648866653,
    0.923153817653656
   ]
  ]
 },
 {
  "rotation_euler": [
   3.1415441036224365,
   -9.212059921992477e-06,
   -1.2443828582763672
  ],
  "euler_order": "XYZ",
  "rotation_matrix": [
   [
    0.3206479549407959,
    -0.9471984505653381,
    -4.303262539906427e-05
   ],
   [
    -0.9471984505653381,
    -0.3206479549407959,
    -2.4293096430483274e-05
   ],
   [
    9.212059921992477e-06,
    4.854996586800553e-05,
    -1.0
   ]
  ]
 },
 {
  "rotation_euler": [
   0.04466833919286728,
   -0.38360434770584106,
   -1.8965058326721191
  ],
  "euler_order": "XYZ",
  "rotation_matrix": [
   [
    -0.29672539234161377,
    0.9518265128135681,
    0.07733257114887238
   ],
   [
    -0.8785667419433594,
    -0.30382832884788513,
    0.3685224652290344
   ],
   [
    0.37426528334617615,
    0.041408147662878036,
    0.9263967275619507
   ]
  ]
 },
 {
  "rotation_euler": [
   0.017126785591244698,
   -0.2842619717121124,
   -1.2009692192077637
  ],
  "euler_order": "XYZ",
  "rotation_matrix": [
   [
    0.34694868326187134,
    0.9305170774459839,
    -0.11732271313667297
   ],
   [
    -0.894972026348114,
    0.36587944626808167,
    0.25525930523872375
   ],
   [
    0.28044912219047546,
    0.016438664868474007,
    0.9597281217575073
   ]
  ]
 },
 {
  "rotation_euler": [
   -0.019537445157766342,
   0.39689984917640686,
   2.6720328330993652
  ],
  "euler_order": "XYZ",
  "rotation_matrix": [
   [
    -0.8224449753761292,
    -0.445672869682312,
    -0.35349681973457336
   ],
   [
    0.4173186421394348,
    -0.8950145840644836,
    0.15746134519577026
   ],
   [
    -0.3865610361099243,
    -0.01801753230392933,
    0.9220877885818481
   ]
  ]
 },
 {
  "rotation_euler": [
   -0.011511596851050854,
   0.39696004986763,
   1.6257108449935913
  ],
  "euler_order": "XYZ",
  "rotation_matrix": [
   [
    -0.05061894655227661,
    -0.9981821179389954,
    -0.032712776213884354
   ],
   [
    0.9208503365516663,
    -0.05932705104351044,
    0.38537636399269104
   ],
   [
    -0.3866165578365326,
    -0.010616227053105831,
    0.9221794605255127
   ]
  ]
 },
 {
  "rotation_euler": [
   -0.001434114994481206,
   0.39699608087539673,
   0.44327953457832336
  ],
  "euler_order": "XYZ",
  "rotation_matrix": [
   [
    0.8330933451652527,
    -0.4294047951698303,
    0.34866461157798767
   ],
   [
    0.3955470025539398,
    0.9031111598014832,
    0.16713111102581024
   ],
   [
    -0.3866497874259949,
    -0.0013225785223767161,
    0.9222256541252136
   ]
  ]
 },
 {
  "rotation_euler": [
   0.05354858934879303,
   0.40404489636421204,
   2.1537516117095947
  ],
  "euler_order": "XYZ",
  "rotation_matrix": [
   [
    -0.5061668753623962,
    -0.8452262878417969,
    -0.17142809927463531
   ],
   [
    0.7676167488098145,
    -0.5321376919746399,
    0.35720300674438477
   ],
   [
    -0.3931407332420349,
    0.049213238060474396,
    0.9181603193283081
   ]
  ]
 },
 {
  "rotation_euler": [
   0.024231968447566032,
   -0.39382612705230713,
   2.190549373626709
  ],
  "euler_order": "XYZ",
  "rotation_matrix": [
   [
    -0.5363699197769165,
    -0.8083826303482056,
    0.24253825843334198
   ],
   [
    0.751706600189209,
    -0.5882319808006287,
    -0.2981950342655182
   ],
   [
    0.3837244510650635,
    0.02237476408481598,
    0.9231765270233154
   ]
  ]
 }
]