[
 {
  "rotation_euler": [
   0.011031638830900192,
   -0.11743216216564178,
   2.1475014686584473
  ],
  "euler_order": "XYZ",
  "rotation_matrix": [
   [
    -0.5415095686912537,
    -0.8375080227851868,
    0.07312791794538498
   ],
   [
    0.8324904441833496,
    -0.5463151931762695,
    -0.09219200909137726
   ],
   [
    0.11716244369745255,
    0.010955438949167728,
    0.9930523633956909
   ]
  ]
 },
 {
  "rotation_euler": [
   -0.007834749296307564,
   -0.11795914173126221,
   3.058342933654785
  ],
  "euler_order": "XYZ",
  "rotation_matrix": [
   [
    -0.9896116852760315,
    -0.0840698778629303,
    0.11662311851978302
   ],
   [
    0.08257574588060379,
    -0.9964295029640198,
    -0.017593231052160263
   ],
   [
    0.11768577992916107,
    -0.007780225016176701,
    0.9930204153060913
   ]
  ]
 },
 {
  "rotation_euler": [
   -0.07431042194366455,
   -0.11895628273487091,
   0.6977349519729614
  ],
  "euler_order": "XYZ",
  "rotation_matrix": [
   [
    0.7608839869499207,
    -0.6339588761329651,
    -0.13838961720466614
   ],
   [
    0.6379432082176208,
    0.7698453664779663,
    -0.019145280122756958
   ],
   [
    0.11867593228816986,
    -0.0737173855304718,
    0.9901927709579468
   ]
  ]
 },
 {
  "rotation_euler": [
   -0.07893048971891403,
   -0.11901471018791199,
   1.4180290699005127
  ],
  "euler_order": "XYZ",
  "rotation_matrix": [
   [
    0.15109728276729584,
    -0.983851969242096,
    -0.09594220668077469
   ],
   [
    0.9813622236251831,
    0.16095292568206787,
    -0.10498709976673126
   ],
   [
    0.11873394250869751,
    -0.07829079031944275,
    0.989834725856781
   ]
  ]
 },
 {
  "rotation_euler": [
   -0.010365517809987068,
   -0.1179884672164917,
   2.1378555297851562
  ],
  "euler_order": "XYZ",
  "rotation_matrix": [
   [
    -0.5334192514419556,
    -0.8440943956375122,
    0.054484620690345764
   ],
   [
    0.8376199007034302,
    -0.5360957980155945,
    -0.10485310852527618
   ],
   [
    0.11771489679813385,
    -0.010293266735970974,
    0.9929940700531006
   ]
  ]
 },
 {
  "rotation_euler": [
   -0.0789305567741394,
   -0.11901476979255676,
   2.499847888946533
  ],
  "euler_order": "XYZ",
  "rotation_matrix": [
   [
    -0.795386016368866,
    -0.6042298078536987,
    0.04761774465441704
   ],
   [
    0.5943595767021179,
    -0.7929545044898987,
    -0.1340140700340271
   ],
   [
    0.11873400211334229,
    -0.07829085737466812,
    0.989834725856781
   ]
  ]
 },
 {
  "rotation_euler": [
   -0.07893058657646179,
   -0.11901481449604034,
   -2.561061143875122
  ],
  "euler_order": "XYZ",
  "rotation_matrix": [
   [
    -0.8302562832832336,
    0.5389326214790344,
    0.14221888780593872
   ],
   [
    -0.5445886254310608,
    -0.8387026786804199,
    -0.0010118500795215368
   ],
   [
    0.11873404681682587,
    -0.07829088717699051,
    0.989834725856781
   ]
  ]
 },
 {
  "rotation_euler": [
   -0.07893025875091553,
   -0.1190154179930687,
   0.6935389041900635
  ],
  "euler_order": "XYZ",
  "rotation_matrix": [
   [
    0.763548731803894,
    -0.6300730109214783,
    -0.14142610132694244
   ],
   [
    0.63474041223526,
    0.7725791931152344,
    -0.015032839961349964
   ],
   [
    0.11873465031385422,
    -0.07829055935144424,
    0.9898346662521362
   ]
  ]
 },
 {
  "rotation_euler": [
   -0.016312381252646446,
   -0.1180545911192894,
   2.850658893585205
  ],
  "euler_order": "XYZ",
  "rotation_matrix": [
   [
    -0.9513086080551147,
    -0.28864917159080505,
    0.10813704878091812
   ],
   [
    0.2848503291606903,
    -0.9572979211807251,
    -0.04940667375922203
   ],
   [
    0.11778056621551514,
    -0.01619812287390232,
    0.9929075241088867
   ]
  ]
 },
 {
  "rotation_euler": [
   0.0031336620450019836,
   -0.1179160475730896,
   2.143993616104126
  ],
  "euler_order": "XYZ",
  "rotation_matrix": [
   [
    -0.5385552048683167,
    -0.8399672508239746,
    0.06643276661634445
   ],
   [
    0.8343371152877808,
    -0.5426281690597534,
    -0.09714032709598541
   ],
   [
    0.11764298379421234,
    0.0031118965707719326,
    0.9930510520935059
   ]
  ]
 },
 {
  "rotation_euler": [
   -0.07893063127994537,
   -0.1190146952867508,
   2.58748722076416
  ],
  "euler_order": "XYZ",
  "rotation_matrix": [
   [
    -0.8443560600280762,
    -0.5325057506561279,
    0.05916476622223854
   ],
   [
    0.5224606394767761,
    -0.8427978157997131,
    -0.12933193147182465
   ],
   [
    0.11873392760753632,
    -0.07829093188047409,
    0.989834725856781
   ]
  ]
 },
 {
  "rotation_euler": [
   -0.07893107086420059,
   -0.11901472508907318,
   0.6948456764221191
  ],
  "euler_order": "XYZ",
  "rotation_matrix": [
   [
    0.762718677520752,
    -0.6310819983482361,
    -0.1414063274860382
   ],
   [
    0.6357377171516418,
    0.7717551589012146,
    -0.01521657221019268
   ],
   [
    0.1187339574098587,
    -0.07829136401414871,
    0.9898346662521362
   ]
  ]
 },
 {
  "rotation_euler": [
   -0.07893112301826477,
   -0.11901479214429855,
   -1.5527269840240479
  ],
  "euler_order": "XYZ",
  "rotation_matrix": [
   [
    0.017940545454621315,
    0.9968929886817932,
    0.07669766992330551
   ],
   [
    -0.9927639961242676,
    0.008651550859212875,
    0.11976970732212067
   ],
   [
    0.11873402446508408,
    -0.07829141616821289,
    0.9898346662521362
   ]
  ]
 },
 {
  "rotation_euler": [
   -0.07893050462007523,
   -0.11901472508907318,
   1.1554577350616455
  ],
  "euler_order": "XYZ",
  "rotation_matrix": [
   [
    0.4006454348564148,
    -0.9083535075187683,
    -0.11990480870008469
   ],
   [
    0.9085072875022888,
    0.41080954670906067,
    -0.07648555189371109
   ],
   [
    0.1187339574098587,
    -0.07829080522060394,
    0.989834725856781
   ]
  ]
 },
 {
  "rotation_euler": [
   -0.07893048971891403,
   -0.11901470273733139,
   -3.0682592391967773
  ],
  "euler_order": "XYZ",
  "rotation_matrix": [
   [
    -0.9902574419975281,
    0.06370275467634201,
    0.12382319569587708
   ],
   [
    -0.07274941354990005,
    -0.9948931932449341,
    -0.06996435672044754
   ],
   [
    0.11873393505811691,
    -0.07829079031944275,
    0.989834725856781
   ]
  ]
 },
 {
  "rotation_euler": [
   -0.07893059402704239,
   -0.11901482939720154,
   2.2266392707824707
  ],
  "euler_order": "XYZ",
  "rotation_matrix": [
   [
    -0.6055136322975159,
    -0.7957758903503418,
    0.009691608138382435
   ],
   [
    0.7869278192520142,
    -0.6005091667175293,
    -0.14189191162586212
   ],
   [
    0.11873406171798706,
    -0.0782908946275711,
    0.989834725856781
   ]
  ]
 }
]