[
 {
  "rotation_euler": [
   -0.00010324431059416384,
   -5.8960949900210835e-06,
   3.0890862941741943
  ],
  "euler_order": "XYZ",
  "rotation_matrix": [
   [
    -0.9986218810081482,
    -0.0524822361767292,
    4.6947695864218986e-07
   ],
   [
    0.0524822361767292,
    -0.9986218810081482,
    -0.00010341146844439209
   ],
   [
    5.8960949900210835e-06,
    -0.00010324431059416384,
    1.0
   ]
  ]
 },
 {
  "rotation_euler": [
   -0.00010439943434903398,
   -7.802714208082762e-06,
   -1.5794651508331299
  ],
  "euler_order": "XYZ",
  "rotation_matrix": [
   [
    -0.008668715134263039,
    0.9999624490737915,
    0.00010446314990986139
   ],
   [
    -0.9999624490737915,
    -0.008668716065585613,
    6.897411822137656e-06
   ],
   [
    7.802714208082762e-06,
    -0.00010439943434903398,
    1.0
   ]
  ]
 },
 {
  "rotation_euler": [
   -0.00010612610640237108,
   2.9747161534032784e-07,
   2.2280168533325195
  ],
  "euler_order": "XYZ",
  "rotation_matrix": [
   [
    -0.6109187006950378,
    -0.7916933298110962,
    -8.420106314588338e-05
   ],
   [
    0.7916933298110962,
    -0.6109187006950378,
    -6.459892028942704e-05
   ],
   [
    -2.9747161534032784e-07,
    -0.00010612610640237108,
    1.0
   ]
  ]
 },
 {
  "rotation_euler": [
   -0.00010587364522507414,
   -7.142247113733902e-07,
   -1.3986554145812988
  ],
  "euler_order": "XYZ",
  "rotation_matrix": [
   [
    0.1712920069694519,
    0.9852203130722046,
    0.00010418652527732775
   ],
   [
    -0.9852203130722046,
    0.1712920069694519,
    1.883897857624106e-05
   ],
   [
    7.142247113733902e-07,
    -0.00010587364522507414,
    1.0
   ]
  ]
 },
 {
  "rotation_euler": [
   -0.00010581937385722995,
   -7.488508799724514e-07,
   0.9456877708435059
  ],
  "euler_order": "XYZ",
  "rotation_matrix": [
   [
    0.5851852893829346,
    -0.8108996152877808,
    -8.624710608273745e-05
   ],
   [
    0.8108996152877808,
    0.5851852893829346,
    6.131669942988083e-05
   ],
   [
    7.488508799724514e-07,
    -0.00010581937385722995,
    1.0
   ]
  ]
 },
 {
  "rotation_euler": [
   -0.00010926790855592117,
   8.393746611545794e-06,
   0.9043664336204529
  ],
  "euler_order": "XYZ",
  "rotation_matrix": [
   [
    0.6181837320327759,
    -0.7860336303710938,
    -8.069937757682055e-05
   ],
   [
    0.7860336303710938,
    0.6181837320327759,
    7.414540596073493e-05
   ],
   [
    -8.393746611545794e-06,
    -0.00010926790855592117,
    1.0
   ]
  ]
 },
 {
  "rotation_euler": [
   -0.00010598616790957749,
   -3.842750118110416e-07,
   -2.3470592498779297
  ],
  "euler_order": "XYZ",
  "rotation_matrix": [
   [
    -0.700617790222168,
    0.71353679895401,
    7.589425513288006e-05
   ],
   [
    -0.71353679895401,
    -0.700617790222168,
    -7.398160232696682e-05
   ],
   [
    3.842750118110416e-07,
    -0.00010598616790957749,
    1.0
   ]
  ]
 },
 {
  "rotation_euler": [
   -0.00010605022544041276,
   -4.2907436181849334e-07,
   0.3981139063835144
  ],
  "euler_order": "XYZ",
  "rotation_matrix": [
   [
    0.9217938184738159,
    -0.38768044114112854,
    -4.150911627220921e-05
   ],
   [
    0.38768044114112854,
    0.9217938184738159,
    9.759009844856337e-05
   ],
   [
    4.2907436181849334e-07,
    -0.00010605022544041276,
    1.0
   ]
  ]
 },
 {
  "rotation_euler": [
   -0.000106572471850086,
   -2.620709210532368e-06,
   -0.1603887975215912
  ],
  "euler_order": "XYZ",
  "rotation_matrix": [
   [
    0.9871652722358704,
    0.15970203280448914,
    1.443276687496109e-05
   ],
   [
    -0.15970203280448914,
    0.9871652722358704,
    0.00010562317766016349
   ],
   [
    2.620709210532368e-06,
    -0.000106572471850086,
    1.0
   ]
  ]
 },
 {
  "rotation_euler": [
   -9.577352466294542e-05,
   2.582446722954046e-05,
   1.247024416923523
  ],
  "euler_order": "XYZ",
  "rotation_matrix": [
   [
    0.3181447386741638,
    -0.9480421543121338,
    -8.258142042905092e-05
   ],
   [
    0.9480421543121338,
    0.3181447386741638,
    5.49525284441188e-05
   ],
   [
    -2.582446722954046e-05,
    -9.577352466294542e-05,
    1.0
   ]
  ]
 },
 {
  "rotation_euler": [
   -0.00010651769116520882,
   5.086092755846039e-07,
   -2.2797322273254395
  ],
  "euler_order": "XYZ",
  "rotation_matrix": [
   [
    -0.6510264277458191,
    0.7590550780296326,
    8.052167686400935e-05
   ],
   [
    -0.7590550780296326,
    -0.6510264277458191,
    -6.973189738346264e-05
   ],
   [
    -5.086092755846039e-07,
    -0.00010651769116520882,
    1.0
   ]
  ]
 },
 {
  "rotation_euler": [
   -0.0001056700202752836,
   7.233322207866877e-07,
   1.4570996761322021
  ],
  "euler_order": "XYZ",
  "rotation_matrix": [
   [
    0.11345185339450836,
    -0.9935435056686401,
    -0.00010490569547982886
   ],
   [
    0.9935435056686401,
    0.11345185339450836,
    1.2707121641142294e-05
   ],
   [
    -7.233322207866877e-07,
    -0.0001056700202752836,
    1.0
   ]
  ]
 },
 {
  "rotation_euler": [
   -0.00010504289821255952,
   -1.9875492398568895e-06,
   -2.460191249847412
  ],
  "euler_order": "XYZ",
  "rotation_matrix": [
   [
    -0.7766907811164856,
    0.6298820972442627,
    6.770835170755163e-05
   ],
   [
    -0.6298820972442627,
    -0.7766907811164856,
    -8.033392805373296e-05
   ],
   [
    1.9875492398568895e-06,
    -0.00010504289821255952,
    1.0
   ]
  ]
 },
 {
  "rotation_euler": [
   -0.00010593351180432364,
   -2.7075600428361213e-07,
   0.8694208860397339
  ],
  "euler_order": "XYZ",
  "rotation_matrix": [
   [
    0.6452690958976746,
    -0.7639553546905518,
    -8.110318594845012e-05
   ],
   [
    0.7639553546905518,
    0.6452690958976746,
    6.814877269789577e-05
   ],
   [
    2.7075600428361213e-07,
    -0.00010593351180432364,
    1.0
   ]
  ]
 },
 {
  "rotation_euler": [
   -0.00010581096285022795,
   7.233114729388035e-07,
   1.9426636695861816
  ],
  "euler_order": "XYZ",
  "rotation_matrix": [
   [
    -0.3633557856082916,
    -0.9316504597663879,
    -9.884165046969429e-05
   ],
   [
    0.9316504597663879,
    -0.3633557856082916,
    -3.777315214392729e-05
   ],
   [
    -7.233114729388035e-07,
    -0.00010581096285022795,
    1.0
   ]
  ]
 },
 {
  "rotation_euler": [
   -0.00010600119276205078,
   1.687603116806713e-06,
   1.486048698425293
  ],
  "euler_order": "XYZ",
  "rotation_matrix": [
   [
    0.08464621752500534,
    -0.9964110851287842,
    -0.00010547791316639632
   ],
   [
    0.9964110851287842,
    0.08464621752500534,
    1.0654146535671316e-05
   ],
   [
    -1.687603116806713e-06,
    -0.00010600119276205078,
    1.0
   ]
  ]
 }
]