[
 {
  "rotation_euler": [
   -2.0827713012695312,
   -1.745623230934143,
   0.7988117337226868
  ],
  "euler_order": "XYZ",
  "rotation_matrix": [
   [
    -0.12133172899484634,
    0.9498738646507263,
    -0.2881288230419159
   ],
   [
    -0.12463116645812988,
    0.273397833108902,
    0.9537928104400635
   ],
   [
    0.9847566485404968,
    0.15163515508174896,
    0.08521205931901932
   ]
  ]
 },
 {
  "rotation_euler": [
   1.0588239431381226,
   -1.3959683179855347,
   -0.8978974223136902
  ],
  "euler_order": "XYZ",
  "rotation_matrix": [
   [
    0.10840830951929092,
    -0.15195037424564362,
    -0.9824249148368835
   ],
   [
    -0.13602328300476074,
    0.9766870141029358,
    -0.1660727560520172
   ],
   [
    0.9847564697265625,
    0.15163633227348328,
    0.08521220088005066
   ]
  ]
 },
 {
  "rotation_euler": [
   1.0588538646697998,
   -1.3959593772888184,
   -0.9567432403564453
  ],
  "euler_order": "XYZ",
  "rotation_matrix": [
   [
    0.10022595524787903,
    -0.09427543729543686,
    -0.9904882311820984
   ],
   [
    -0.1421707272529602,
    0.9839285612106323,
    -0.10803712159395218
   ],
   [
    0.9847549200057983,
    0.15164655447006226,
    0.08521197736263275
   ]
  ]
 },
 {
  "rotation_euler": [
   -2.082770347595215,
   -1.7456204891204834,
   0.7324044704437256
  ],
  "euler_order": "XYZ",
  "rotation_matrix": [
   [
    -0.12933261692523956,
    0.9659225940704346,
    -0.2242022454738617
   ],
   [
    -0.11630327254533768,
    0.2097642570734024,
    0.9708102345466614
   ],
   [
    0.984757125377655,
    0.1516328901052475,
    0.08521059155464172
   ]
  ]
 },
 {
  "rotation_euler": [
   -2.0827715396881104,
   -1.7456201314926147,
   -0.5734742879867554
  ],
  "euler_order": "XYZ",
  "rotation_matrix": [
   [
    -0.1461087465286255,
    0.45535266399383545,
    0.8782404065132141
   ],
   [
    0.09436888992786407,
    -0.8773035407066345,
    0.47056666016578674
   ],
   [
    0.9847571849822998,
    0.15163248777389526,
    0.08521059900522232
   ]
  ]
 },
 {
  "rotation_euler": [
   -2.0827341079711914,
   -1.7456289529800415,
   0.6226422786712646
  ],
  "euler_order": "XYZ",
  "rotation_matrix": [
   [
    -0.14130116999149323,
    0.9830825328826904,
    -0.11654482781887054
   ],
   [
    -0.10144089162349701,
    0.10272802412509918,
    0.9895234704017639
   ],
   [
    0.9847556948661804,
    0.15164324641227722,
    0.0852091833949089
   ]
  ]
 },
 {
  "rotation_euler": [
   1.0588208436965942,
   -1.3959721326828003,
   0.026335908100008965
  ],
  "euler_order": "XYZ",
  "rotation_matrix": [
   [
    0.17387470602989197,
    -0.8710927963256836,
    -0.4593091905117035
   ],
   [
    0.004580207169055939,
    0.46712401509284973,
    -0.884179949760437
   ],
   [
    0.984757125377655,
    0.15163278579711914,
    0.08521082997322083
   ]
  ]
 },
 {
  "rotation_euler": [
   -2.0385351181030273,
   1.7416239976882935,
   0.24508827924728394
  ],
  "euler_order": "XYZ",
  "rotation_matrix": [
   [
    -0.16491779685020447,
    -0.7439121603965759,
    -0.6476085782051086
   ],
   [
    -0.04124865680932999,
    -0.650822639465332,
    0.7581084370613098
   ],
   [
    -0.9854444265365601,
    0.15173855423927307,
    0.07664685696363449
   ]
  ]
 },
 {
  "rotation_euler": [
   1.0588231086730957,
   -1.395969271659851,
   0.8390862345695496
  ],
  "euler_order": "XYZ",
  "rotation_matrix": [
   [
    0.11621534079313278,
    -0.9380950331687927,
    0.3262999653816223
   ],
   [
    0.12941546738147736,
    -0.311423122882843,
    -0.9414176940917969
   ],
   [
    0.9847566485404968,
    0.15163543820381165,
    0.0852118656039238
   ]
  ]
 },
 {
  "rotation_euler": [
   1.0981589555740356,
   1.407500147819519,
   -0.7960947751998901
  ],
  "euler_order": "XYZ",
  "rotation_matrix": [
   [
    0.1137191653251648,
    0.9398567080497742,
    -0.3220828175544739
   ],
   [
    -0.11617837846279144,
    -0.3093819320201874,
    -0.9438142776489258
   ],
   [
    -0.9866967797279358,
    0.14474883675575256,
    0.07400837540626526
   ]
  ]
 },
 {
  "rotation_euler": [
   1.103089690208435,
   1.3999550342559814,
   -0.4902147650718689
  ],
  "euler_order": "XYZ",
  "rotation_matrix": [
   [
    0.14998950064182281,
    0.9882825613021851,
    -0.02829657681286335
   ],
   [
    -0.08004400879144669,
    -0.016388235613703728,
    -0.996656596660614
   ],
   [
    -0.9854421019554138,
    0.1517530083656311,
    0.0766480341553688
   ]
  ]
 },
 {
  "rotation_euler": [
   1.1030584573745728,
   1.3999656438827515,
   -1.3021440505981445
  ],
  "euler_order": "XYZ",
  "rotation_matrix": [
   [
    0.04512375593185425,
    0.6681690812110901,
    -0.7426398396492004
   ],
   [
    -0.16390298306941986,
    -0.7283712029457092,
    -0.6652902960777283
   ],
   [
    -0.9854438900947571,
    0.15174128115177155,
    0.0766480565071106
   ]
  ]
 },
 {
  "rotation_euler": [
   1.237686276435852,
   1.333330750465393,
   -0.20027726888656616
  ],
  "euler_order": "XYZ",
  "rotation_matrix": [
   [
    0.23053798079490662,
    0.965200662612915,
    0.12344986200332642
   ],
   [
    -0.046798914670944214,
    0.13771843910217285,
    -0.9893652200698853
   ],
   [
    -0.9719372987747192,
    0.2223089337348938,
    0.07691967487335205
   ]
  ]
 },
 {
  "rotation_euler": [
   -1.9775831699371338,
   -1.7890729904174805,
   0.7523033618927002
  ],
  "euler_order": "XYZ",
  "rotation_matrix": [
   [
    -0.15810498595237732,
    0.924990177154541,
    -0.3455371856689453
   ],
   [
    -0.1479717344045639,
    0.3237920105457306,
    0.9344854950904846
   ],
   [
    0.9762721061706543,
    0.1988765448331833,
    0.08567927777767181
   ]
  ]
 },
 {
  "rotation_euler": [
   1.1030858755111694,
   1.399956464767456,
   -0.675885021686554
  ],
  "euler_order": "XYZ",
  "rotation_matrix": [
   [
    0.13263395428657532,
    0.96827232837677,
    -0.21179455518722534
   ],
   [
    -0.10635624825954437,
    -0.1985452026128769,
    -0.9743039608001709
   ],
   [
    -0.9854423403739929,
    0.15175145864486694,
    0.07664797455072403
   ]
  ]
 },
 {
  "rotation_euler": [
   -2.0827713012695312,
   -1.745620608329773,
   0.6421941518783569
  ],
  "euler_order": "XYZ",
  "rotation_matrix": [
   [
    -0.13928435742855072,
    0.9808923006057739,
    -0.1358313113451004
   ],
   [
    -0.10417911410331726,
    0.12189231812953949,
    0.9870607852935791
   ],
   [
    0.984757125377655,
    0.1516329050064087,
    0.08521079272031784
   ]
  ]
 }
]