[
 {
  "rotation_euler": [
   0.12781955301761627,
   0.3929777443408966,
   -3.0840632915496826
  ],
  "euler_order": "XYZ",
  "rotation_matrix": [
   [
    -0.9222446084022522,
    0.008295178413391113,
    -0.38651788234710693
   ],
   [
    -0.05311475321650505,
    -0.993008017539978,
    0.10542233288288116
   ],
   [
    -0.3829408586025238,
    0.1177549809217453,
    0.9162368774414062
   ]
  ]
 },
 {
  "rotation_euler": [
   -0.49216270446777344,
   -0.10287830233573914,
   -1.1775505542755127
  ],
  "euler_order": "XYZ",
  "rotation_matrix": [
   [
    0.3811624050140381,
    0.8326377868652344,
    0.4017829895019531
   ],
   [
    -0.9187864661216736,
    0.29288536310195923,
    0.26466885209083557
   ],
   [
    0.10269692540168762,
    -0.47003456950187683,
    0.8766531944274902
   ]
  ]
 },
 {
  "rotation_euler": [
   0.1786898672580719,
   0.08130989223718643,
   -2.535322666168213
  ],
  "euler_order": "XYZ",
  "rotation_matrix": [
   [
    -0.8190640807151794,
    0.5488700866699219,
    -0.16696001589298248
   ],
   [
    -0.5679236650466919,
    -0.8169200420379639,
    0.10052044689655304
   ],
   [
    -0.08122032880783081,
    0.17715322971343994,
    0.980826199054718
   ]
  ]
 },
 {
  "rotation_euler": [
   0.17599937319755554,
   0.4017728269100189,
   0.8476557731628418
  ],
  "euler_order": "XYZ",
  "rotation_matrix": [
   [
    0.6090474128723145,
    -0.6928399205207825,
    0.3860493302345276
   ],
   [
    0.690029501914978,
    0.7028539776802063,
    0.1727878451347351
   ],
   [
    -0.3910506069660187,
    0.16114942729473114,
    0.9061513543128967
   ]
  ]
 },
 {
  "rotation_euler": [
   -0.49581778049468994,
   -0.245337575674057,
   -1.4845387935638428
  ],
  "euler_order": "XYZ",
  "rotation_matrix": [
   [
    0.08357086032629013,
    0.8862646818161011,
    0.4555774927139282
   ],
   [
    -0.9664488434791565,
    -0.03934628516435623,
    0.25382769107818604
   ],
   [
    0.2428838014602661,
    -0.4615049362182617,
    0.8532412648200989
   ]
  ]
 },
 {
  "rotation_euler": [
   0.1358955353498459,
   -0.37896275520324707,
   -0.2237846553325653
  ],
  "euler_order": "XYZ",
  "rotation_matrix": [
   [
    0.9058825969696045,
    0.17100434005260468,
    -0.3874715566635132
   ],
   [
    -0.20617590844631195,
    0.9771977663040161,
    -0.05075497552752495
   ],
   [
    0.3699570298194885,
    0.12586535513401031,
    0.920483410358429
   ]
  ]
 },
 {
  "rotation_euler": [
   0.4915596842765808,
   -0.09575510025024414,
   -2.3482587337493896
  ],
  "euler_order": "XYZ",
  "rotation_matrix": [
   [
    -0.698259711265564,
    0.6599668264389038,
    -0.27726736664772034
   ],
   [
    -0.709430992603302,
    -0.5862549543380737,
    0.3911684453487396
   ],
   [
    0.09560883790254593,
    0.4698392152786255,
    0.8775591254234314
   ]
  ]
 },
 {
  "rotation_euler": [
   0.1943175345659256,
   0.25142902135849,
   -2.5330398082733154
  ],
  "euler_order": "XYZ",
  "rotation_matrix": [
   [
    -0.7946786880493164,
    0.52150559425354,
    -0.3106729984283447
   ],
   [
    -0.5537058711051941,
    -0.8324982523918152,
    0.018880750983953476
   ],
   [
    -0.24878829717636108,
    0.18702557682991028,
    0.9503293037414551
   ]
  ]
 },
 {
  "rotation_euler": [
   0.042136505246162415,
   -0.2844380736351013,
   2.0148122310638428
  ],
  "euler_order": "XYZ",
  "rotation_matrix": [
   [
    -0.41230911016464233,
    -0.8971544504165649,
    0.15847741067409515
   ],
   [
    0.8667494654655457,
    -0.4398626685142517,
    -0.2350875586271286
   ],
   [
    0.28061816096305847,
    0.04043147340416908,
    0.9589675664901733
   ]
  ]
 },
 {
  "rotation_euler": [
   0.08439647406339645,
   0.247083380818367,
   -3.0145375728607178
  ],
  "euler_order": "XYZ",
  "rotation_matrix": [
   [
    -0.9618140459060669,
    0.10581175237894058,
    -0.252423495054245
   ],
   [
    -0.1228652074933052,
    -0.9910212159156799,
    0.052735935896635056
   ],
   [
    -0.24457696080207825,
    0.08173622936010361,
    0.9661787152290344
   ]
  ]
 },
 {
  "rotation_euler": [
   0.21959741413593292,
   -0.02021925523877144,
   2.8797202110290527
  ],
  "euler_order": "XYZ",
  "rotation_matrix": [
   [
    -0.9657095074653625,
    -0.248418390750885,
    0.07545527815818787
   ],
   [
    0.25883668661117554,
    -0.9438510537147522,
    0.20530149340629578
   ],
   [
    0.020217876881361008,
    0.21779219806194305,
    0.9757857322692871
   ]
  ]
 },
 {
  "rotation_euler": [
   -0.08839420229196548,
   -0.09618289768695831,
   -2.805349349975586
  ],
  "euler_order": "XYZ",
  "rotation_matrix": [
   [
    -0.9396376609802246,
    0.3206518292427063,
    0.11942995339632034
   ],
   [
    -0.328418105840683,
    -0.9431124329566956,
    -0.0517733097076416
   ],
   [
    0.09603466838598251,
    -0.08787111192941666,
    0.9914917945861816
   ]
  ]
 },
 {
  "rotation_euler": [
   0.23516300320625305,
   0.2931761145591736,
   1.6439999341964722
  ],
  "euler_order": "XYZ",
  "rotation_matrix": [
   [
    -0.0700174942612648,
    -0.9747967720031738,
    0.21182270348072052
   ],
   [
    0.9547669291496277,
    -0.003969453740864992,
    0.29732874035835266
   ],
   [
    -0.28899428248405457,
    0.2230595201253891,
    0.9309816360473633
   ]
  ]
 },
 {
  "rotation_euler": [
   -0.37484151124954224,
   0.09162996709346771,
   -1.7351778745651245
  ],
  "euler_order": "XYZ",
  "rotation_matrix": [
   [
    -0.16295574605464935,
    0.923503577709198,
    0.3472557067871094
   ],
   [
    -0.9823812246322632,
    -0.11923035979270935,
    -0.143914133310318
   ],
   [
    -0.09150180220603943,
    -0.364589124917984,
    0.9266618490219116
   ]
  ]
 },
 {
  "rotation_euler": [
   -0.1272912621498108,
   -0.2843237519264221,
   0.46756190061569214
  ],
  "euler_order": "XYZ",
  "rotation_matrix": [
   [
    0.8568305373191833,
    -0.41527679562568665,
    -0.30559229850769043
   ],
   [
    0.43261584639549255,
    0.9014973640441895,
    -0.012082947418093681
   ],
   [
    0.280508428812027,
    -0.12185103446245193,
    0.9520857930183411
   ]
  ]
 },
 {
  "rotation_euler": [
   -0.5368403196334839,
   0.0582437627017498,
   -1.016839861869812
  ],
  "euler_order": "XYZ",
  "rotation_matrix": [
   [
    0.5251640677452087,
    0.7151552438735962,
    0.46125441789627075
   ],
   [
    -0.849007785320282,
    0.4773734509944916,
    0.22649595141410828
   ],
   [
    -0.058210838586091995,
    -0.5105561017990112,
    0.8578717708587646
   ]
  ]
 }
]