[
 {
  "rotation_euler": [
   -1.401241660118103,
   -2.6663317680358887,
   0.07762446254491806
  ],
  "euler_order": "XYZ",
  "rotation_matrix": [
   [
    -0.88649582862854,
    0.4365653097629547,
    -0.15341401100158691
   ],
   [
    -0.06895231455564499,
    0.20320945978164673,
    0.9767044186592102
   ],
   [
    0.4575704336166382,
    0.876422643661499,
    -0.15004216134548187
   ]
  ]
 },
 {
  "rotation_euler": [
   1.644511342048645,
   -0.5106813907623291,
   -1.2392481565475464
  ],
  "euler_order": "XYZ",
  "rotation_matrix": [
   [
    0.28397634625434875,
    -0.22830407321453094,
    -0.9312543869018555
   ],
   [
    -0.8248997330665588,
    0.43692493438720703,
    -0.3586600720882416
   ],
   [
    0.48877182602882385,
    0.8700424432754517,
    -0.064251609146595
   ]
  ]
 },
 {
  "rotation_euler": [
   -0.6823961138725281,
   0.4500780403614044,
   1.0481847524642944
  ],
  "euler_order": "XYZ",
  "rotation_matrix": [
   [
    0.4494365453720093,
    -0.809417724609375,
    -0.3779546916484833
   ],
   [
    0.7802247405052185,
    0.14963260293006897,
    0.607338011264801
   ],
   [
    -0.4350357949733734,
    -0.5678495168685913,
    0.6987780928611755
   ]
  ]
 },
 {
  "rotation_euler": [
   -0.4304109513759613,
   0.8274845480918884,
   2.898866653442383
  ],
  "euler_order": "XYZ",
  "rotation_matrix": [
   [
    -0.6568924784660339,
    0.07975520193576813,
    -0.7497542500495911
   ],
   [
    0.16265174746513367,
    -0.9559869170188904,
    -0.24419954419136047
   ],
   [
    -0.7362314462661743,
    -0.2823616862297058,
    0.6150082945823669
   ]
  ]
 },
 {
  "rotation_euler": [
   1.8624237775802612,
   -0.806382954120636,
   0.244017094373703
  ],
  "euler_order": "XYZ",
  "rotation_matrix": [
   [
    0.6716099977493286,
    -0.6013691425323486,
    0.4327760934829712
   ],
   [
    0.16721650958061218,
    -0.4460168480873108,
    -0.8792653679847717
   ],
   [
    0.7217884659767151,
    0.6628907322883606,
    -0.19899053871631622
   ]
  ]
 },
 {
  "rotation_euler": [
   0.6398495435714722,
   -0.45627403259277344,
   -2.955674171447754
  ],
  "euler_order": "XYZ",
  "rotation_matrix": [
   [
    -0.8822302222251892,
    0.4068247675895691,
    0.23698824644088745
   ],
   [
    -0.16593925654888153,
    -0.7397322058677673,
    0.6521199345588684
   ],
   [
    0.44060638546943665,
    0.5359942317008972,
    0.7201223373413086
   ]
  ]
 },
 {
  "rotation_euler": [
   -0.7031604051589966,
   0.4269566833972931,
   -1.9009830951690674
  ],
  "euler_order": "XYZ",
  "rotation_matrix": [
   [
    -0.29511457681655884,
    0.808414101600647,
    0.5092877745628357
   ],
   [
    -0.8610612154006958,
    0.0059917401522397995,
    -0.5084660053253174
   ],
   [
    -0.41410261392593384,
    -0.5885837078094482,
    0.6943257451057434
   ]
  ]
 },
 {
  "rotation_euler": [
   1.5427026748657227,
   -0.6985559463500977,
   -1.8888081312179565
  ],
  "euler_order": "XYZ",
  "rotation_matrix": [
   [
    -0.23944047093391418,
    0.227689728140831,
    -0.9438356161117554
   ],
   [
    -0.7273750901222229,
    0.6018420457839966,
    0.32971450686454773
   ],
   [
    0.6431125402450562,
    0.765469491481781,
    0.021510493010282516
   ]
  ]
 },
 {
  "rotation_euler": [
   0.5259900689125061,
   0.1584307849407196,
   -0.06255469471216202
  ],
  "euler_order": "XYZ",
  "rotation_matrix": [
   [
    0.9855446815490723,
    0.13311971724033356,
    0.104789599776268
   ],
   [
    -0.06173098459839821,
    0.8581839799880981,
    -0.509617030620575
   ],
   [
    -0.1577688455581665,
    0.4957816004753113,
    0.8539962768554688
   ]
  ]
 },
 {
  "rotation_euler": [
   1.708344578742981,
   -0.7325501441955566,
   -2.0992484092712402
  ],
  "euler_order": "XYZ",
  "rotation_matrix": [
   [
    -0.374856173992157,
    0.21559521555900574,
    -0.901665985584259
   ],
   [
    -0.6420533657073975,
    0.641218364238739,
    0.4202457368373871
   ],
   [
    0.6687677502632141,
    0.7364493608474731,
    -0.10194102674722672
   ]
  ]
 },
 {
  "rotation_euler": [
   0.03894413635134697,
   0.7631519436836243,
   1.109122633934021
  ],
  "euler_order": "XYZ",
  "rotation_matrix": [
   [
    0.32190731167793274,
    -0.8826417326927185,
    0.34251901507377625
   ],
   [
    0.6470043063163757,
    0.46920353174209595,
    0.6010270118713379
   ],
   [
    -0.6912026405334473,
    0.028136294335126877,
    0.7221130132675171
   ]
  ]
 },
 {
  "rotation_euler": [
   1.5706367492675781,
   -0.7554033398628235,
   -1.1238248348236084
  ],
  "euler_order": "XYZ",
  "rotation_matrix": [
   [
    0.3146660625934601,
    -0.2961898446083069,
    -0.9018075466156006
   ],
   [
    -0.6564770340919495,
    0.6182999014854431,
    -0.4321378767490387
   ],
   [
    0.6855823397636414,
    0.7279950976371765,
    0.00011617165728239343
   ]
  ]
 },
 {
  "rotation_euler": [
   1.8907077312469482,
   -0.5781064629554749,
   -2.171621084213257
  ],
  "euler_order": "XYZ",
  "rotation_matrix": [
   [
    -0.47345733642578125,
    0.03383422642946243,
    -0.8801666498184204
   ],
   [
    -0.6908273696899414,
    0.6056560277938843,
    0.3948902189731598
   ],
   [
    0.5464391112327576,
    0.7950069308280945,
    -0.26337870955467224
   ]
  ]
 },
 {
  "rotation_euler": [
   -2.0255069732666016,
   -2.480156183242798,
   -0.09574374556541443
  ],
  "euler_order": "XYZ",
  "rotation_matrix": [
   [
    -0.7854965925216675,
    0.5073217749595642,
    0.35442861914634705
   ],
   [
    0.0754370391368866,
    -0.4899449944496155,
    0.8684832453727722
   ],
   [
    0.6142510175704956,
    0.7089276909828186,
    0.34657928347587585
   ]
  ]
 },
 {
  "rotation_euler": [
   -0.08928119391202927,
   -0.4759601652622223,
   -2.2226529121398926
  ],
  "euler_order": "XYZ",
  "rotation_matrix": [
   [
    -0.5392346382141113,
    0.7670081853866577,
    0.34774184226989746
   ],
   [
    -0.7066016793251038,
    -0.6367239952087402,
    0.30870142579078674
   ],
   [
    0.4581921100616455,
    -0.07925248891115189,
    0.8853129744529724
   ]
  ]
 },
 {
  "rotation_euler": [
   1.9300013780593872,
   -0.7343719601631165,
   0.46380653977394104
  ],
  "euler_order": "XYZ",
  "rotation_matrix": [
   [
    0.6638373732566833,
    -0.4038167893886566,
    0.6294854283332825
   ],
   [
    0.3320505917072296,
    -0.5950425267219543,
    -0.7318926453590393
   ],
   [
    0.6701211333274841,
    0.6948786973953247,
    -0.2609238624572754
   ]
  ]
 }
]