[
 {
  "rotation_euler": [
   0.014164112508296967,
   3.4388059066969845e-09,
   -1.6432267427444458
  ],
  "euler_order": "XYZ",
  "rotation_matrix": [
   [
    -0.0723671019077301,
    0.9972780346870422,
    -0.01412650290876627
   ],
   [
    -0.9973780512809753,
    -0.0723598450422287,
    0.0010249781189486384
   ],
   [
    -3.4388059066969845e-09,
    0.014163638465106487,
    0.999899685382843
   ]
  ]
 },
 {
  "rotation_euler": [
   0.042003318667411804,
   4.7285843152167217e-07,
   2.494737148284912
  ],
  "euler_order": "XYZ",
  "rotation_matrix": [
   [
    -0.7979828715324402,
    -0.6021485924720764,
    0.02530674636363983
   ],
   [
    0.6026801466941833,
    -0.7972790002822876,
    0.03350835666060448
   ],
   [
    -4.7285843152167217e-07,
    0.0419909693300724,
    0.9991179704666138
   ]
  ]
 },
 {
  "rotation_euler": [
   0.04200264811515808,
   2.7106611923954915e-06,
   -0.866567850112915
  ],
  "euler_order": "XYZ",
  "rotation_matrix": [
   [
    0.6474460363388062,
    0.7614392042160034,
    -0.03199952840805054
   ],
   [
    -0.7621113061904907,
    0.6468749046325684,
    -0.027188517153263092
   ],
   [
    -2.7106611923954915e-06,
    0.04199029877781868,
    0.9991180300712585
   ]
  ]
 },
 {
  "rotation_euler": [
   0.009276769123971462,
   1.1782592991949059e-05,
   0.4848412871360779
  ],
  "euler_order": "XYZ",
  "rotation_matrix": [
   [
    0.8847489356994629,
    -0.4660477936267853,
    0.004333966877311468
   ],
   [
    0.46606793999671936,
    0.8847109079360962,
    -0.008202002383768559
   ],
   [
    -1.1782592991949059e-05,
    0.009276635944843292,
    0.9999569654464722
   ]
  ]
 },
 {
  "rotation_euler": [
   0.04200318828225136,
   -2.962303540243738e-07,
   2.8720266819000244
  ],
  "euler_order": "XYZ",
  "rotation_matrix": [
   [
    -0.963886559009552,
    -0.2660782039165497,
    0.011182996444404125
   ],
   [
    0.2663131058216095,
    -0.9630364179611206,
    0.04047432541847229
   ],
   [
    2.962303540243738e-07,
    0.04199083894491196,
    0.9991179704666138
   ]
  ]
 },
 {
  "rotation_euler": [
   0.00400000624358654,
   -0.00051454285858199,
   2.8046488761901855
  ],
  "euler_order": "XYZ",
  "rotation_matrix": [
   [
    -0.9437693357467651,
    -0.33059969544410706,
    0.0018080215668305755
   ],
   [
    0.33060422539711,
    -0.9437626004219055,
    0.0036049650516361
   ],
   [
    0.00051454285858199,
    0.003999995067715645,
    0.9999918937683105
   ]
  ]
 },
 {
  "rotation_euler": [
   0.01702052354812622,
   -4.467015912723582e-07,
   0.10484429448843002
  ],
  "euler_order": "XYZ",
  "rotation_matrix": [
   [
    0.9945088624954224,
    -0.10463716834783554,
    0.0017807070398703218
   ],
   [
    0.10465232282876968,
    0.9943647980690002,
    -0.016926290467381477
   ],
   [
    4.467015912723582e-07,
    0.01701970212161541,
    0.9998551607131958
   ]
  ]
 },
 {
  "rotation_euler": [
   0.022991769015789032,
   -9.450656079934561e-07,
   -2.8994674682617188
  ],
  "euler_order": "XYZ",
  "rotation_matrix": [
   [
    -0.9708306193351746,
    0.2397030144929886,
    -0.005511249881237745
   ],
   [
    -0.23976635932922363,
    -0.9705740213394165,
    0.02231937274336815
   ],
   [
    9.450656079934561e-07,
    0.022989744320511818,
    0.9997357130050659
   ]
  ]
 },
 {
  "rotation_euler": [
   0.04200217127799988,
   2.537114369260962e-06,
   -1.0822237730026245
  ],
  "euler_order": "XYZ",
  "rotation_matrix": [
   [
    0.4693659245967865,
    0.8822250366210938,
    -0.03707598149776459
   ],
   [
    -0.8830037713050842,
    0.46895188093185425,
    -0.019710829481482506
   ],
   [
    -2.537114369260962e-06,
    0.04198982194066048,
    0.9991180300712585
   ]
  ]
 },
 {
  "rotation_euler": [
   0.01523782592266798,
   3.2904716817938606e-07,
   0.5373589992523193
  ],
  "euler_order": "XYZ",
  "rotation_matrix": [
   [
    0.8590635061264038,
    -0.5118095874786377,
    0.007799751590937376
   ],
   [
    0.5118690133094788,
    0.8589637875556946,
    -0.013089585117995739
   ],
   [
    -3.2904716817938606e-07,
    0.015237236395478249,
    0.9998838901519775
   ]
  ]
 },
 {
  "rotation_euler": [
   0.012760035693645477,
   -1.3861405534498772e-07,
   -0.5305978059768677
  ],
  "euler_order": "XYZ",
  "rotation_matrix": [
   [
    0.8625047206878662,
    0.5060078501701355,
    -0.006457148119807243
   ],
   [
    -0.5060490369796753,
    0.8624345064163208,
    -0.011005221866071224
   ],
   [
    1.3861405534498772e-07,
    0.01275968924164772,
    0.9999185800552368
   ]
  ]
 },
 {
  "rotation_euler": [
   0.042005348950624466,
   2.8119671924287104e-08,
   1.82129967212677
  ],
  "euler_order": "XYZ",
  "rotation_matrix": [
   [
    -0.2478916198015213,
    -0.967933177947998,
    0.040682293474674225
   ],
   [
    0.9687877893447876,
    -0.24767296016216278,
    0.010409739799797535
   ],
   [
    -2.8119671924287104e-08,
    0.041992995887994766,
    0.999117910861969
   ]
  ]
 },
 {
  "rotation_euler": [
   0.042000748217105865,
   -1.5909154171822593e-06,
   2.69289231300354
  ],
  "euler_order": "XYZ",
  "rotation_matrix": [
   [
    -0.9010116457939148,
    -0.43341225385665894,
    0.018215786665678024
   ],
   [
    0.43379488587379456,
    -0.9002170562744141,
    0.037831347435712814
   ],
   [
    1.5909154171822593e-06,
    0.041988398879766464,
    0.9991180896759033
   ]
  ]
 },
 {
  "rotation_euler": [
   0.04200142249464989,
   -8.159340723068453e-07,
   -1.0495189428329468
  ],
  "euler_order": "XYZ",
  "rotation_matrix": [
   [
    0.4979882836341858,
    0.8664189577102661,
    -0.03641264885663986
   ],
   [
    -0.8671837449073792,
    0.4975491166114807,
    -0.02090935967862606
   ],
   [
    8.159340723068453e-07,
    0.041989073157310486,
    0.9991180896759033
   ]
  ]
 },
 {
  "rotation_euler": [
   0.04200398549437523,
   -2.548919439959718e-07,
   2.8998255729675293
  ],
  "euler_order": "XYZ",
  "rotation_matrix": [
   [
    -0.9709163904190063,
    -0.23920750617980957,
    0.010053829289972782
   ],
   [
    0.23941868543624878,
    -0.9700600504875183,
    0.040770307183265686
   ],
   [
    2.548919439959718e-07,
    0.04199163615703583,
    0.9991179704666138
   ]
  ]
 },
 {
  "rotation_euler": [
   0.008851743303239346,
   0.00011883618572028354,
   0.015793127939105034
  ],
  "euler_order": "XYZ",
  "rotation_matrix": [
   [
    0.9998753070831299,
    -0.015790801495313644,
    0.00025860578170977533
   ],
   [
    0.015792470425367355,
    0.9998361468315125,
    -0.008848647587001324
   ],
   [
    -0.00011883618572028354,
    0.008851627819240093,
    0.9999608397483826
   ]
  ]
 }
]