[
 {
  "rotation_euler": [
   6.197104340799342e-08,
   -2.114169774358743e-06,
   0.7611451148986816
  ],
  "euler_order": "XYZ",
  "rotation_matrix": [
   [
    0.7240466475486755,
    -0.6897510290145874,
    -1.4880129128869157e-06
   ],
   [
    0.6897510290145874,
    0.7240466475486755,
    -1.5031206430649036e-06
   ],
   [
    2.114169774358743e-06,
    6.197104340799342e-08,
    1.0
   ]
  ]
 },
 {
  "rotation_euler": [
   -1.7211449403475854e-06,
   -4.0378293419962574e-07,
   -0.3214148283004761
  ],
  "euler_order": "XYZ",
  "rotation_matrix": [
   [
    0.9487894177436829,
    0.3159092366695404,
    1.6062062968558166e-07
   ],
   [
    -0.3159092366695404,
    0.9487894177436829,
    1.760562895469775e-06
   ],
   [
    4.0378293419962574e-07,
    -1.7211449403475854e-06,
    1.0
   ]
  ]
 },
 {
  "rotation_euler": [
   -8.052554107962351e-07,
   -5.868727157576359e-07,
   3.0939865112304688
  ],
  "euler_order": "XYZ",
  "rotation_matrix": [
   [
    -0.9988670349121094,
    -0.04758816212415695,
    5.478871685227205e-07
   ],
   [
    0.04758816212415695,
    -0.9988670349121094,
    -8.322712687913736e-07
   ],
   [
    5.868727157576359e-07,
    -8.052554107962351e-07,
    1.0
   ]
  ]
 },
 {
  "rotation_euler": [
   -0.00030466332100331783,
   0.0001701048604445532,
   2.0123565196990967
  ],
  "euler_order": "XYZ",
  "rotation_matrix": [
   [
    -0.4273505210876465,
    -0.9040859341621399,
    -0.0003481362364254892
   ],
   [
    0.9040859937667847,
    -0.42735055088996887,
    2.3591386707266793e-05
   ],
   [
    -0.0001701048604445532,
    -0.00030466332100331783,
    0.9999999403953552
   ]
  ]
 },
 {
  "rotation_euler": [
   -1.8745978422884946e-06,
   1.319420334766619e-06,
   -2.470952272415161
  ],
  "euler_order": "XYZ",
  "rotation_matrix": [
   [
    -0.7834238409996033,
    0.6214877963066101,
    1.3137434962118277e-07
   ],
   [
    -0.6214877963066101,
    -0.7834238409996033,
    -2.2886083570483606e-06
   ],
   [
    -1.319420334766619e-06,
    -1.8745978422884946e-06,
    1.0
   ]
  ]
 },
 {
  "rotation_euler": [
   -9.230014370587014e-07,
   2.122260184478364e-06,
   -1.4134767055511475
  ],
  "euler_order": "XYZ",
  "rotation_matrix": [
   [
    0.15667149424552917,
    0.9876507520675659,
    1.2441007584129693e-06
   ],
   [
    -0.9876507520675659,
    0.15667149424552917,
    -1.9514438918122323e-06
   ],
   [
    -2.122260184478364e-06,
    -9.230014370587014e-07,
    1.0
   ]
  ]
 },
 {
  "rotation_euler": [
   2.3787403335973067e-07,
   -1.621226829229272e-06,
   -1.1198714971542358
  ],
  "euler_order": "XYZ",
  "rotation_matrix": [
   [
    0.43579810857772827,
    0.9000444412231445,
    -9.20624813716131e-07
   ],
   [
    -0.9000444412231445,
    0.43579810857772827,
    1.3555111308960477e-06
   ],
   [
    1.621226829229272e-06,
    2.3787403335973067e-07,
    1.0
   ]
  ]
 },
 {
  "rotation_euler": [
   -6.213753749761963e-06,
   4.248090772307478e-05,
   2.5723657608032227
  ],
  "euler_order": "XYZ",
  "rotation_matrix": [
   [
    -0.8423179388046265,
    -0.538981020450592,
    -3.9131526136770844e-05
   ],
   [
    0.538981020450592,
    -0.8423179388046265,
    1.7662447135080583e-05
   ],
   [
    -4.248090772307478e-05,
    -6.213753749761963e-06,
    1.0
   ]
  ]
 },
 {
  "rotation_euler": [
   -9.214921874445281e-07,
   -6.808188572904328e-06,
   -2.671208381652832
  ],
  "euler_order": "XYZ",
  "rotation_matrix": [
   [
    -0.8913941979408264,
    0.4532288610935211,
    6.4864266278163996e-06
   ],
   [
    -0.4532288610935211,
    -0.8913941979408264,
    2.264254817418987e-06
   ],
   [
    6.808188572904328e-06,
    -9.214921874445281e-07,
    1.0
   ]
  ]
 },
 {
  "rotation_euler": [
   7.47866010897269e-07,
   -3.6449994240683736e-06,
   2.608010768890381
  ],
  "euler_order": "XYZ",
  "rotation_matrix": [
   [
    -0.8609907627105713,
    -0.50862056016922,
    3.5186908462492283e-06
   ],
   [
    0.50862056016922,
    -0.8609907627105713,
    -1.2100159665351384e-06
   ],
   [
    3.6449994240683736e-06,
    7.47866010897269e-07,
    1.0
   ]
  ]
 },
 {
  "rotation_euler": [
   1.7518558479423518e-06,
   1.2390440815579495e-06,
   2.2468559741973877
  ],
  "euler_order": "XYZ",
  "rotation_matrix": [
   [
    -0.6257242560386658,
    -0.7800443172454834,
    5.912253300266457e-07
   ],
   [
    0.7800443172454834,
    -0.6257242560386658,
    2.0626880541385617e-06
   ],
   [
    -1.2390440815579495e-06,
    1.7518558479423518e-06,
    1.0
   ]
  ]
 },
 {
  "rotation_euler": [
   1.8620814444147982e-05,
   1.252860965905711e-05,
   2.8586626052856445
  ],
  "euler_order": "XYZ",
  "rotation_matrix": [
   [
    -0.9602415561676025,
    -0.2791703939437866,
    -6.832111921539763e-06
   ],
   [
    0.2791703939437866,
    -0.9602415561676025,
    2.1378096789703704e-05
   ],
   [
    -1.252860965905711e-05,
    1.8620814444147982e-05,
    1.0
   ]
  ]
 },
 {
  "rotation_euler": [
   8.353968041774351e-07,
   -1.194671995108365e-06,
   2.4858286380767822
  ],
  "euler_order": "XYZ",
  "rotation_matrix": [
   [
    -0.7925822734832764,
    -0.6097649931907654,
    1.4562715477950405e-06
   ],
   [
    0.6097649931907654,
    -0.7925822734832764,
    -6.634842009134445e-08
   ],
   [
    1.194671995108365e-06,
    8.353968041774351e-07,
    1.0
   ]
  ]
 },
 {
  "rotation_euler": [
   0.00020523116108961403,
   -0.00022916948364581913,
   0.8579575419425964
  ],
  "euler_order": "XYZ",
  "rotation_matrix": [
   [
    0.6539839506149292,
    -0.7565084099769592,
    5.385933945944998e-06
   ],
   [
    0.7565084099769592,
    0.6539838910102844,
    -0.00030758650973439217
   ],
   [
    0.00022916948364581913,
    0.00020523116108961403,
    0.9999999403953552
   ]
  ]
 },
 {
  "rotation_euler": [
   -2.082959099425352e-06,
   6.975811288612022e-07,
   2.494955062866211
  ],
  "euler_order": "XYZ",
  "rotation_matrix": [
   [
    -0.7981141805648804,
    -0.6025062203407288,
    -1.811745278246235e-06
   ],
   [
    0.6025062203407288,
    -0.7981141805648804,
    -1.2421421615727013e-06
   ],
   [
    -6.975811288612022e-07,
    -2.082959099425352e-06,
    1.0
   ]
  ]
 },
 {
  "rotation_euler": [
   2.391169573456864e-06,
   -3.1703561376161815e-07,
   -1.2949680089950562
  ],
  "euler_order": "XYZ",
  "rotation_matrix": [
   [
    0.27234402298927307,
    0.9621999263763428,
    -2.3871259600127814e-06
   ],
   [
    -0.9621999263763428,
    0.27234402298927307,
    -3.461691164829972e-07
   ],
   [
    3.1703561376161815e-07,
    2.391169573456864e-06,
    1.0
   ]
  ]
 }
]