[
 {
  "rotation_euler": [
   -0.00016994299949146807,
   0.00042259410838596523,
   -1.0302587747573853
  ],
  "euler_order": "XYZ",
  "rotation_matrix": [
   [
    0.5145969390869141,
    0.8574321269989014,
    0.0003631802392192185
   ],
   [
    -0.8574321269989014,
    0.5145970582962036,
    -0.0002748936240095645
   ],
   [
    -0.00042259410838596523,
    -0.00016994298493955284,
    0.9999998807907104
   ]
  ]
 },
 {
  "rotation_euler": [
   4.069739588885568e-05,
   2.515928281354718e-05,
   3.054419755935669
  ],
  "euler_order": "XYZ",
  "rotation_matrix": [
   [
    -0.996202826499939,
    -0.0870625376701355,
    -2.152053093595896e-05
   ],
   [
    0.0870625302195549,
    -0.996202826499939,
    4.2733292502816767e-05
   ],
   [
    -2.515928281354718e-05,
    4.069739588885568e-05,
    1.0
   ]
  ]
 },
 {
  "rotation_euler": [
   -8.502976925228722e-06,
   -2.06143031391548e-05,
   0.5787206292152405
  ],
  "euler_order": "XYZ",
  "rotation_matrix": [
   [
    0.8371630907058716,
    -0.5469533205032349,
    -2.190826489822939e-05
   ],
   [
    0.5469533205032349,
    0.8371630907058716,
    -4.156683644396253e-06
   ],
   [
    2.06143031391548e-05,
    -8.502976925228722e-06,
    1.0
   ]
  ]
 },
 {
  "rotation_euler": [
   -2.3506538127548993e-05,
   -1.3847592526872177e-05,
   1.3577320575714111
  ],
  "euler_order": "XYZ",
  "rotation_matrix": [
   [
    0.21145586669445038,
    -0.977387547492981,
    -2.5903153073159046e-05
   ],
   [
    0.977387547492981,
    0.21145586669445038,
    -8.563869414501823e-06
   ],
   [
    1.3847592526872177e-05,
    -2.3506538127548993e-05,
    1.0
   ]
  ]
 },
 {
  "rotation_euler": [
   2.320263047295157e-05,
   -3.0875515221850947e-05,
   -1.9433156251907349
  ],
  "euler_order": "XYZ",
  "rotation_matrix": [
   [
    -0.3639630973339081,
    0.9314133524894714,
    -1.037369202094851e-05
   ],
   [
    -0.9314133524894714,
    -0.3639630973339081,
    3.720276799867861e-05
   ],
   [
    3.0875515221850947e-05,
    2.320263047295157e-05,
    1.0
   ]
  ]
 },
 {
  "rotation_euler": [
   1.560312921355944e-05,
   2.4037524781306274e-05,
   1.6503187417984009
  ],
  "euler_order": "XYZ",
  "rotation_matrix": [
   [
    -0.07943862676620483,
    -0.9968397617340088,
    1.364431136607891e-05
   ],
   [
    0.9968397617340088,
    -0.07943862676620483,
    2.5201052267220803e-05
   ],
   [
    -2.4037524781306274e-05,
    1.560312921355944e-05,
    1.0
   ]
  ]
 },
 {
  "rotation_euler": [
   -0.0001378884189762175,
   2.7421860067988746e-05,
   -2.421928644180298
  ],
  "euler_order": "XYZ",
  "rotation_matrix": [
   [
    -0.7520272135734558,
    0.6591320037841797,
    7.026468665571883e-05
   ],
   [
    -0.6591320633888245,
    -0.7520272135734558,
    -0.0001217704702867195
   ],
   [
    -2.7421860067988746e-05,
    -0.0001378884189762175,
    1.0
   ]
  ]
 },
 {
  "rotation_euler": [
   -2.084450215988909e-06,
   2.602912445581751e-06,
   -2.740630626678467
  ],
  "euler_order": "XYZ",
  "rotation_matrix": [
   [
    -0.9206859469413757,
    0.39030423760414124,
    -1.5828951518415124e-06
   ],
   [
    -0.39030423760414124,
    -0.9206859469413757,
    -2.9350517252169084e-06
   ],
   [
    -2.602912445581751e-06,
    -2.084450215988909e-06,
    1.0
   ]
  ]
 },
 {
  "rotation_euler": [
   6.696404284411983e-07,
   4.236918357491959e-06,
   3.0631227493286133
  ],
  "euler_order": "XYZ",
  "rotation_matrix": [
   [
    -0.9969227910041809,
    -0.07838939875364304,
    -4.171387899987167e-06
   ],
   [
    0.07838939875364304,
    -0.9969227910041809,
    9.997093002311885e-07
   ],
   [
    -4.236918357491959e-06,
    6.696404284411983e-07,
    1.0
   ]
  ]
 },
 {
  "rotation_euler": [
   -1.7973976355278865e-05,
   -4.2141218727920204e-06,
   -0.15106385946273804
  ],
  "euler_order": "XYZ",
  "rotation_matrix": [
   [
    0.9886115193367004,
    0.1504899561405182,
    -1.4612264749302994e-06
   ],
   [
    -0.1504899561405182,
    0.9886115193367004,
    1.8403463400318287e-05
   ],
   [
    4.2141218727920204e-06,
    -1.7973976355278865e-05,
    1.0
   ]
  ]
 },
 {
  "rotation_euler": [
   0.00012370805779937655,
   -9.129579120781273e-05,
   -2.946169853210449
  ],
  "euler_order": "XYZ",
  "rotation_matrix": [
   [
    -0.9809656739234924,
    0.19418130815029144,
    6.553624552907422e-05
   ],
   [
    -0.19418130815029144,
    -0.9809656739234924,
    0.00013908129767514765
   ],
   [
    9.129579120781273e-05,
    0.00012370805779937655,
    1.0
   ]
  ]
 },
 {
  "rotation_euler": [
   -4.149492724536685e-06,
   -3.1886991109786322e-06,
   -1.2269864082336426
  ],
  "euler_order": "XYZ",
  "rotation_matrix": [
   [
    0.33707648515701294,
    0.9414772391319275,
    2.831817482729093e-06
   ],
   [
    -0.9414772391319275,
    0.33707648515701294,
    4.400784291647142e-06
   ],
   [
    3.1886991109786322e-06,
    -4.149492724536685e-06,
    1.0
   ]
  ]
 },
 {
  "rotation_euler": [
   -1.5215524399536662e-05,
   1.3091348591842689e-05,
   1.6806025505065918
  ],
  "euler_order": "XYZ",
  "rotation_matrix": [
   [
    -0.10958569496870041,
    -0.9939773678779602,
    -1.655851156101562e-05
   ],
   [
    0.9939773678779602,
    -0.10958569496870041,
    1.1345100574544631e-05
   ],
   [
    -1.3091348591842689e-05,
    -1.5215524399536662e-05,
    1.0
   ]
  ]
 },
 {
  "rotation_euler": [
   2.435318492644001e-06,
   2.0857048639300046e-06,
   2.6223843097686768
  ],
  "euler_order": "XYZ",
  "rotation_matrix": [
   [
    -0.8682122826576233,
    -0.49619296193122864,
    -6.024466188137012e-07
   ],
   [
    0.49619296193122864,
    -0.8682122826576233,
    3.149285475956276e-06
   ],
   [
    -2.0857048639300046e-06,
    2.435318492644001e-06,
    1.0
   ]
  ]
 },
 {
  "rotation_euler": [
   -8.086024899967015e-05,
   -0.0005576632102020085,
   -1.372738242149353
  ],
  "euler_order": "XYZ",
  "rotation_matrix": [
   [
    0.1967657208442688,
    0.9804505109786987,
    -3.044954064534977e-05
   ],
   [
    -0.9804503917694092,
    0.1967657059431076,
    0.0005626716883853078
   ],
   [
    0.0005576632102020085,
    -8.086023444775492e-05,
    0.9999998211860657
   ]
  ]
 },
 {
  "rotation_euler": [
   -7.10756057742401e-06,
   2.695877628866583e-05,
   -2.6841821670532227
  ],
  "euler_order": "XYZ",
  "rotation_matrix": [
   [
    -0.8971990942955017,
    0.44162628054618835,
    -2.1048505004728213e-05
   ],
   [
    -0.44162628054618835,
    -0.8971990942955017,
    -1.8282600649399683e-05
   ],
   [
    -2.695877628866583e-05,
    -7.10756057742401e-06,
    1.0
   ]
  ]
 }
]