[
 {
  "rotation_euler": [
   1.5682129859924316,
   -0.291668176651001,
   -0.8646525144577026
  ],
  "euler_order": "XYZ",
  "rotation_matrix": [
   [
    0.6214984059333801,
    -0.1846265196800232,
    -0.7613493204116821
   ],
   [
    -0.7287349104881287,
    0.22046399116516113,
    -0.648337185382843
   ],
   [
    0.2875503599643707,
    0.9577623009681702,
    0.0024742321111261845
   ]
  ]
 },
 {
  "rotation_euler": [
   1.568353295326233,
   -1.308988094329834,
   -1.5658475160598755
  ],
  "euler_order": "XYZ",
  "rotation_matrix": [
   [
    0.0012808835599571466,
    -0.0023371397983282804,
    -0.9999964237213135
   ],
   [
    -0.2588244080543518,
    0.9659209251403809,
    -0.0025890253018587828
   ],
   [
    0.965923547744751,
    0.2588268220424652,
    0.0006323233246803284
   ]
  ]
 },
 {
  "rotation_euler": [
   -1.5733517408370972,
   0.7855218648910522,
   -1.3566378355026245
  ],
  "euler_order": "XYZ",
  "rotation_matrix": [
   [
    0.15025943517684937,
    -0.15279315412044525,
    0.9767683148384094
   ],
   [
    -0.6908678412437439,
    0.6904934644699097,
    0.21429041028022766
   ],
   [
    -0.7071942687034607,
    -0.7070170044898987,
    -0.001806725049391389
   ]
  ]
 },
 {
  "rotation_euler": [
   1.5681616067886353,
   0.6384283304214478,
   -1.8289355039596558
  ],
  "euler_order": "XYZ",
  "rotation_matrix": [
   [
    -0.20499981939792633,
    -0.14958319067955017,
    -0.9672641754150391
   ],
   [
    -0.7764261960983276,
    -0.5768594145774841,
    0.2537628412246704
   ],
   [
    -0.5959340929985046,
    0.8030305504798889,
    0.0021157655864953995
   ]
  ]
 },
 {
  "rotation_euler": [
   -1.573330044746399,
   0.78559410572052,
   -1.4697082042694092
  ],
  "euler_order": "XYZ",
  "rotation_matrix": [
   [
    0.07134443521499634,
    -0.07389295101165771,
    0.9947109222412109
   ],
   [
    -0.7033591270446777,
    0.703376829624176,
    0.10269852727651596
   ],
   [
    -0.7072452902793884,
    -0.7069659233093262,
    -0.0017912561306729913
   ]
  ]
 },
 {
  "rotation_euler": [
   -1.573332667350769,
   1.0893583297729492,
   -1.9520459175109863
  ],
  "euler_order": "XYZ",
  "rotation_matrix": [
   [
    -0.1722934991121292,
    0.32743093371391296,
    0.9290338754653931
   ],
   [
    -0.4298070967197418,
    0.8236328959465027,
    -0.36999282240867615
   ],
   [
    -0.8863299489021301,
    -0.4630526900291443,
    -0.001174461911432445
   ]
  ]
 },
 {
  "rotation_euler": [
   -1.573348045349121,
   -0.7855214476585388,
   -2.034945011138916
  ],
  "euler_order": "XYZ",
  "rotation_matrix": [
   [
    -0.3165056109428406,
    -0.3188643753528595,
    0.8933922648429871
   ],
   [
    -0.6322190165519714,
    -0.6312305927276611,
    -0.44927388429641724
   ],
   [
    0.7071939706802368,
    -0.7070173025131226,
    -0.001804113038815558
   ]
  ]
 },
 {
  "rotation_euler": [
   1.5682412385940552,
   -0.2599950134754181,
   2.375084161758423
  ],
  "euler_order": "XYZ",
  "rotation_matrix": [
   [
    -0.6961272358894348,
    0.1834082454442978,
    0.6940953135490417
   ],
   [
    0.6703125834465027,
    -0.180153951048851,
    0.7198789119720459
   ],
   [
    0.2570757269859314,
    0.9663881063461304,
    0.002469212282449007
   ]
  ]
 },
 {
  "rotation_euler": [
   -1.5732101202011108,
   1.3089518547058105,
   -1.6578139066696167
  ],
  "euler_order": "XYZ",
  "rotation_matrix": [
   [
    -0.022497178986668587,
    0.08154057711362839,
    0.9964160919189453
   ],
   [
    -0.2578831613063812,
    0.9624664783477783,
    -0.08458485454320908
   ],
   [
    -0.9659141302108765,
    -0.25886183977127075,
    -0.0006248402060009539
   ]
  ]
 },
 {
  "rotation_euler": [
   1.567744493484497,
   -0.6830539703369141,
   1.2007274627685547
  ],
  "euler_order": "XYZ",
  "rotation_matrix": [
   [
    0.28053635358810425,
    -0.23112361133098602,
    0.9316014051437378
   ],
   [
    0.723139226436615,
    -0.5873299241065979,
    -0.3634737432003021
   ],
   [
    0.6311647891998291,
    0.7756451964378357,
    0.002367147011682391
   ]
  ]
 },
 {
  "rotation_euler": [
   -1.575289011001587,
   1.210660457611084,
   1.5186142921447754
  ],
  "euler_order": "XYZ",
  "rotation_matrix": [
   [
    0.018380677327513695,
    -0.044325295835733414,
    -0.998848021030426
   ],
   [
    0.3519217073917389,
    -0.9347999691963196,
    0.0479590930044651
   ],
   [
    -0.9358489513397217,
    -0.3523978292942047,
    -0.0015832228818908334
   ]
  ]
 },
 {
  "rotation_euler": [
   1.568261981010437,
   -2.1261677742004395,
   -0.5069178342819214
  ],
  "euler_order": "XYZ",
  "rotation_matrix": [
   [
    -0.4609535038471222,
    -0.7416172623634338,
    -0.48736608028411865
   ],
   [
    0.2559763193130493,
    0.4147331714630127,
    -0.8731967210769653
   ],
   [
    0.8497046232223511,
    -0.5272572636604309,
    -0.0013362551108002663
   ]
  ]
 },
 {
  "rotation_euler": [
   -1.5733517408370972,
   0.35529857873916626,
   2.404157876968384
  ],
  "euler_order": "XYZ",
  "rotation_matrix": [
   [
    -0.6939651370048523,
    0.259209543466568,
    -0.671731173992157
   ],
   [
    0.6303955912590027,
    -0.23201271891593933,
    -0.7407911419868469
   ],
   [
    -0.3478703200817108,
    -0.9375395774841309,
    -0.0023958070669323206
   ]
  ]
 },
 {
  "rotation_euler": [
   1.5682166814804077,
   -0.36901453137397766,
   1.0026414394378662
  ],
  "euler_order": "XYZ",
  "rotation_matrix": [
   [
    0.5018560886383057,
    -0.19625645875930786,
    0.8423917293548584
   ],
   [
    0.7861542701721191,
    -0.30264028906822205,
    -0.5388602018356323
   ],
   [
    0.3606964647769928,
    0.9326801300048828,
    0.0024059892166405916
   ]
  ]
 },
 {
  "rotation_euler": [
   1.5733271837234497,
   -1.3234002590179443,
   1.4072309732437134
  ],
  "euler_order": "XYZ",
  "rotation_matrix": [
   [
    0.03987554833292961,
    -0.15538157522678375,
    0.987049400806427
   ],
   [
    0.24161171913146973,
    -0.9570217728614807,
    -0.1604154258966446
   ],
   [
    0.9695533514022827,
    0.244879350066185,
    -0.0006197559414431453
   ]
  ]
 },
 {
  "rotation_euler": [
   -1.5733493566513062,
   1.9524179697036743,
   0.8864797353744507
  ],
  "euler_order": "XYZ",
  "rotation_matrix": [
   [
    -0.23542667925357819,
    -0.5846883058547974,
    -0.7763465046882629
   ],
   [
    -0.2885746955871582,
    -0.7207214832305908,
    0.6303056478500366
   ],
   [
    -0.9280619025230408,
    0.3724247217178345,
    0.0009508135262876749
   ]
  ]
 }
]