[
 {
  "rotation_euler": [
   -1.6154414415359497,
   0.8734132051467896,
   0.4831255376338959
  ],
  "euler_order": "XYZ",
  "rotation_matrix": [
   [
    0.5687108635902405,
    -0.6573851704597473,
    -0.4943811595439911
   ],
   [
    0.2983400225639343,
    -0.3952562212944031,
    0.868772566318512
   ],
   [
    -0.766525387763977,
    -0.6415740847587585,
    -0.028662193566560745
   ]
  ]
 },
 {
  "rotation_euler": [
   1.6150405406951904,
   2.2111146450042725,
   -0.24711120128631592
  ],
  "euler_order": "XYZ",
  "rotation_matrix": [
   [
    -0.5793020129203796,
    0.7659664750099182,
    -0.278755247592926
   ],
   [
    0.14613880217075348,
    -0.23884353041648865,
    -0.9599985480308533
   ],
   [
    -0.801905632019043,
    -0.5968660712242126,
    0.026425113901495934
   ]
  ]
 },
 {
  "rotation_euler": [
   -1.5068730115890503,
   0.9408094882965088,
   -1.990662932395935
  ],
  "euler_order": "XYZ",
  "rotation_matrix": [
   [
    -0.24015383422374725,
    0.3870450556278229,
    0.8902372121810913
   ],
   [
    -0.5379638671875,
    0.7103051543235779,
    -0.45393991470336914
   ],
   [
    -0.8080352544784546,
    -0.5879308581352234,
    0.03763376548886299
   ]
  ]
 },
 {
  "rotation_euler": [
   1.2595264911651611,
   2.735666275024414,
   -0.11672449856996536
  ],
  "euler_order": "XYZ",
  "rotation_matrix": [
   [
    -0.9124853610992432,
    0.40900474786758423,
    0.009249809198081493
   ],
   [
    0.10699576884508133,
    0.26040711998939514,
    -0.959551990032196
   ],
   [
    -0.3948700428009033,
    -0.8745874762535095,
    -0.28137946128845215
   ]
  ]
 },
 {
  "rotation_euler": [
   -1.758805751800537,
   0.7504050731658936,
   -1.3114449977874756
  ],
  "euler_order": "XYZ",
  "rotation_matrix": [
   [
    0.18757343292236328,
    -0.3524560034275055,
    0.9168374538421631
   ],
   [
    -0.7069517374038696,
    0.5995816588401794,
    0.3751281201839447
   ],
   [
    -0.6819350719451904,
    -0.7185239195823669,
    -0.13670378923416138
   ]
  ]
 },
 {
  "rotation_euler": [
   -1.7156533002853394,
   0.7928807139396667,
   0.8065721392631531
  ],
  "euler_order": "XYZ",
  "rotation_matrix": [
   [
    0.48562684655189514,
    -0.3835766315460205,
    -0.785516083240509
   ],
   [
    0.5066401958465576,
    -0.6087806820869446,
    0.6104930639266968
   ],
   [
    -0.7123779058456421,
    -0.6944458484649658,
    -0.10130489617586136
   ]
  ]
 },
 {
  "rotation_euler": [
   -1.5883408784866333,
   0.8919805288314819,
   -1.809590220451355
  ],
  "euler_order": "XYZ",
  "rotation_matrix": [
   [
    -0.14851108193397522,
    0.16702182590961456,
    0.9747041463851929
   ],
   [
    -0.6100552678108215,
    0.7602644562721252,
    -0.22322745621204376
   ],
   [
    -0.7783167958259583,
    -0.6277751326560974,
    -0.011015163734555244
   ]
  ]
 },
 {
  "rotation_euler": [
   -1.6250276565551758,
   0.8665647506713867,
   0.39881348609924316
  ],
  "euler_order": "XYZ",
  "rotation_matrix": [
   [
    0.5966382026672363,
    -0.6802192330360413,
    -0.42582234740257263
   ],
   [
    0.2514205276966095,
    -0.34546205401420593,
    0.9041259288787842
   ],
   [
    -0.7621092796325684,
    -0.6464965343475342,
    -0.03509477898478508
   ]
  ]
 },
 {
  "rotation_euler": [
   -1.564139485359192,
   0.9075137376785278,
   1.6734857559204102
  ],
  "euler_order": "XYZ",
  "rotation_matrix": [
   [
    -0.06311551481485367,
    0.07415109127759933,
    -0.9952477216720581
   ],
   [
    0.6124632358551025,
    -0.7844893932342529,
    -0.09728901833295822
   ],
   [
    -0.7879753708839417,
    -0.6156930923461914,
    0.0040986319072544575
   ]
  ]
 },
 {
  "rotation_euler": [
   -1.5896111726760864,
   0.8911029696464539,
   -0.5249767899513245
  ],
  "euler_order": "XYZ",
  "rotation_matrix": [
   [
    0.5439106225967407,
    -0.6823383569717407,
    0.4884420335292816
   ],
   [
    -0.3150270879268646,
    0.37346136569976807,
    0.8725162148475647
   ],
   [
    -0.7777655124664307,
    -0.6284433007240295,
    -0.011825459077954292
   ]
  ]
 },
 {
  "rotation_euler": [
   -1.885909080505371,
   0.36110925674438477,
   -2.409877061843872
  ],
  "euler_order": "XYZ",
  "rotation_matrix": [
   [
    -0.6960434317588806,
    0.04285641759634018,
    0.7167195081710815
   ],
   [
    -0.6250552535057068,
    0.4550332725048065,
    -0.6342323422431946
   ],
   [
    -0.3533121645450592,
    -0.8894425630569458,
    -0.28993529081344604
   ]
  ]
 },
 {
  "rotation_euler": [
   1.336042046546936,
   2.4423930644989014,
   0.5592454671859741
  ],
  "euler_order": "XYZ",
  "rotation_matrix": [
   [
    -0.648759663105011,
    0.4071846008300781,
    0.6428931355476379
   ],
   [
    -0.4060579836368561,
    0.5292649865150452,
    -0.7449801564216614
   ],
   [
    -0.6436052918434143,
    -0.7443649768829346,
    -0.1780252456665039
   ]
  ]
 },
 {
  "rotation_euler": [
   -1.5519497394561768,
   0.9151063561439514,
   1.4614735841751099
  ],
  "euler_order": "XYZ",
  "rotation_matrix": [
   [
    0.06652206927537918,
    -0.10519731789827347,
    -0.9922239184379578
   ],
   [
    0.6060664653778076,
    -0.7856995463371277,
    0.12393400073051453
   ],
   [
    -0.7926274538040161,
    -0.6095979809761047,
    0.011490202508866787
   ]
  ]
 },
 {
  "rotation_euler": [
   -1.7117853164672852,
   0.7969288229942322,
   0.24217021465301514
  ],
  "euler_order": "XYZ",
  "rotation_matrix": [
   [
    0.6785123348236084,
    -0.6537546515464783,
    -0.33500126004219055
   ],
   [
    0.16760483384132385,
    -0.30623531341552734,
    0.9370851516723633
   ],
   [
    -0.7152130007743835,
    -0.6919716596603394,
    -0.09821199625730515
   ]
  ]
 },
 {
  "rotation_euler": [
   1.2812057733535767,
   2.574371814727783,
   0.33351337909698486
  ],
  "euler_order": "XYZ",
  "rotation_matrix": [
   [
    -0.7969245910644531,
    0.39306265115737915,
    0.45870792865753174
   ],
   [
    -0.27609866857528687,
    0.43839094042778015,
    -0.8553261756896973
   ],
   [
    -0.5372902154922485,
    -0.8082790970802307,
    -0.24084044992923737
   ]
  ]
 },
 {
  "rotation_euler": [
   -1.8862215280532837,
   0.36160802841186523,
   0.9356690645217896
  ],
  "euler_order": "XYZ",
  "rotation_matrix": [
   [
    0.5549120306968689,
    0.05019168183207512,
    -0.8303935527801514
   ],
   [
    0.7529364228248596,
    -0.4547879993915558,
    0.47566232085227966
   ],
   [
    -0.3537787199020386,
    -0.889184296131134,
    -0.2901584804058075
   ]
  ]
 }
]