[
 {
  "rotation_euler": [
   -2.2607710548072646e-07,
   3.4433291773439123e-09,
   0.9437625408172607
  ],
  "euler_order": "XYZ",
  "rotation_matrix": [
   [
    0.5867453813552856,
    -0.8097714781761169,
    -1.8105043864125037e-07
   ],
   [
    0.8097714781761169,
    0.5867453813552856,
    1.3543801458126836e-07
   ],
   [
    -3.4433291773439123e-09,
    -2.2607710548072646e-07,
    1.0
   ]
  ]
 },
 {
  "rotation_euler": [
   -1.3446290267893346e-06,
   2.602291715447791e-07,
   0.504345178604126
  ],
  "euler_order": "XYZ",
  "rotation_matrix": [
   [
    0.8754910826683044,
    -0.4832342565059662,
    -4.2194247384941264e-07
   ],
   [
    0.4832342565059662,
    0.8754910826683044,
    1.3029623460170114e-06
   ],
   [
    -2.602291715447791e-07,
    -1.3446290267893346e-06,
    1.0
   ]
  ]
 },
 {
  "rotation_euler": [
   1.3926590725077403e-07,
   -4.791890884092709e-09,
   0.44747334718704224
  ],
  "euler_order": "XYZ",
  "rotation_matrix": [
   [
    0.9015432596206665,
    -0.43268904089927673,
    5.593873453335618e-08
   ],
   [
    0.43268904089927673,
    0.9015432596206665,
    -1.2762762935381033e-07
   ],
   [
    4.791890884092709e-09,
    1.3926590725077403e-07,
    1.0
   ]
  ]
 },
 {
  "rotation_euler": [
   4.935045012643968e-07,
   9.42526199310123e-08,
   -2.0199337005615234
  ],
  "euler_order": "XYZ",
  "rotation_matrix": [
   [
    -0.4341886341571808,
    0.9008219838142395,
    -4.854830990552728e-07
   ],
   [
    -0.9008219838142395,
    -0.4341886341571808,
    1.2936921223172249e-07
   ],
   [
    -9.42526199310123e-08,
    4.935045012643968e-07,
    1.0
   ]
  ]
 },
 {
  "rotation_euler": [
   1.9901735868188553e-06,
   -9.192610406216772e-08,
   0.9286211729049683
  ],
  "euler_order": "XYZ",
  "rotation_matrix": [
   [
    0.5989387035369873,
    -0.8007948398590088,
    1.53866267282865e-06
   ],
   [
    0.8007948398590088,
    0.5989387035369873,
    -1.2656059880100656e-06
   ],
   [
    9.192610406216772e-08,
    1.9901735868188553e-06,
    1.0
   ]
  ]
 },
 {
  "rotation_euler": [
   1.8086852549004107e-07,
   -6.633415949863775e-08,
   -1.1825263500213623
  ],
  "euler_order": "XYZ",
  "rotation_matrix": [
   [
    0.3785877227783203,
    0.9255654215812683,
    -1.9251895366778626e-07
   ],
   [
    -0.9255654215812683,
    0.3785877227783203,
    -7.078001296179082e-09
   ],
   [
    6.633415949863775e-08,
    1.8086852549004107e-07,
    1.0
   ]
  ]
 },
 {
  "rotation_euler": [
   -1.5760470262193849e-07,
   2.271893606575759e-08,
   -2.7052533626556396
  ],
  "euler_order": "XYZ",
  "rotation_matrix": [
   [
    -0.9063048362731934,
    0.4226245880126953,
    4.601734104880961e-08
   ],
   [
    -0.4226245880126953,
    -0.9063048362731934,
    -1.5243948325860401e-07
   ],
   [
    -2.271893606575759e-08,
    -1.5760470262193849e-07,
    1.0
   ]
  ]
 },
 {
  "rotation_euler": [
   -2.1357905097829644e-06,
   4.196888312435476e-07,
   0.7546024918556213
  ],
  "euler_order": "XYZ",
  "rotation_matrix": [
   [
    0.7285438776016235,
    -0.6849991083145142,
    -1.157252881966997e-06
   ],
   [
    0.6849991083145142,
    0.7285438776016235,
    1.8435035826769308e-06
   ],
   [
    -4.196888312435476e-07,
    -2.1357905097829644e-06,
    1.0
   ]
  ]
 },
 {
  "rotation_euler": [
   -1.50702135215397e-06,
   -4.58399142644339e-07,
   -1.3624992370605469
  ],
  "euler_order": "XYZ",
  "rotation_matrix": [
   [
    0.20679409801959991,
    0.9783844947814941,
    1.379652076138882e-06
   ],
   [
    -0.9783844947814941,
    0.20679409801959991,
    7.601337301821331e-07
   ],
   [
    4.58399142644339e-07,
    -1.50702135215397e-06,
    1.0
   ]
  ]
 },
 {
  "rotation_euler": [
   -1.7347377934129327e-06,
   -2.7191703111384413e-07,
   -2.764883041381836
  ],
  "euler_order": "XYZ",
  "rotation_matrix": [
   [
    -0.9298800826072693,
    0.3678627908229828,
    8.909957500691235e-07
   ],
   [
    -0.3678627908229828,
    -0.9298800826072693,
    -1.5130699466681108e-06
   ],
   [
    2.7191703111384413e-07,
    -1.7347377934129327e-06,
    1.0
   ]
  ]
 },
 {
  "rotation_euler": [
   4.8431317622998904e-08,
   1.5477041870326502e-08,
   -2.6031086444854736
  ],
  "euler_order": "XYZ",
  "rotation_matrix": [
   [
    -0.8584871292114258,
    0.5128351449966431,
    -3.812412074921667e-08
   ],
   [
    -0.5128351449966431,
    -0.8584871292114258,
    3.3640493057873755e-08
   ],
   [
    -1.5477041870326502e-08,
    4.8431317622998904e-08,
    1.0
   ]
  ]
 },
 {
  "rotation_euler": [
   2.2436170183937065e-06,
   -4.1082057578023523e-07,
   -0.9751365780830383
  ],
  "euler_order": "XYZ",
  "rotation_matrix": [
   [
    0.5610550045967102,
    0.8277785181999207,
    -2.0877109818684403e-06
   ],
   [
    -0.8277785181999207,
    0.5610550045967102,
    -9.187240834762633e-07
   ],
   [
    4.1082057578023523e-07,
    2.2436170183937065e-06,
    1.0
   ]
  ]
 },
 {
  "rotation_euler": [
   -3.321773078823753e-07,
   -6.427031706834896e-08,
   -2.8281047344207764
  ],
  "euler_order": "XYZ",
  "rotation_matrix": [
   [
    -0.9512637853622437,
    0.3083784282207489,
    1.6357434162728168e-07
   ],
   [
    -0.3083784282207489,
    -0.9512637853622437,
    -2.961686504932004e-07
   ],
   [
    6.427031706834896e-08,
    -3.321773078823753e-07,
    1.0
   ]
  ]
 },
 {
  "rotation_euler": [
   2.832369318639394e-06,
   -2.896270245855703e-07,
   1.5797897577285767
  ],
  "euler_order": "XYZ",
  "rotation_matrix": [
   [
    -0.008993309922516346,
    -0.9999595880508423,
    2.834859515132848e-06
   ],
   [
    0.9999595880508423,
    -0.008993309922516346,
    -2.64142926198474e-07
   ],
   [
    2.896270245855703e-07,
    2.832369318639394e-06,
    1.0
   ]
  ]
 },
 {
  "rotation_euler": [
   2.442454842821462e-07,
   -8.163573284036829e-08,
   2.995391368865967
  ],
  "euler_order": "XYZ",
  "rotation_matrix": [
   [
    -0.9893316030502319,
    -0.1456810086965561,
    1.1634674024207925e-07
   ],
   [
    0.1456810086965561,
    -0.9893316030502319,
    2.2974700186750852e-07
   ],
   [
    8.163573284036829e-08,
    2.442454842821462e-07,
    1.0
   ]
  ]
 },
 {
  "rotation_euler": [
   4.14793817071768e-07,
   6.096559701518345e-08,
   -0.5399810671806335
  ],
  "euler_order": "XYZ",
  "rotation_matrix": [
   [
    0.8577184081077576,
    0.5141197443008423,
    -1.6096237231977284e-07
   ],
   [
    -0.5141197443008423,
    0.8577184081077576,
    -3.8711991123818734e-07
   ],
   [
    -6.096559701518345e-08,
    4.14793817071768e-07,
    1.0
   ]
  ]
 }
]