[
 {
  "rotation_euler": [
   1.571770429611206,
   0.6354774832725525,
   1.3158680200576782
  ],
  "euler_order": "XYZ",
  "rotation_matrix": [
   [
    0.20294833183288574,
    0.150624617934227,
    0.967535138130188
   ],
   [
    0.7787787318229675,
    0.5741328597068787,
    -0.2527354061603546
   ],
   [
    -0.5935618281364441,
    0.8047879934310913,
    -0.0007839464815333486
   ]
  ]
 },
 {
  "rotation_euler": [
   0.013368031941354275,
   -0.0008958179969340563,
   -2.5020992755889893
  ],
  "euler_order": "XYZ",
  "rotation_matrix": [
   [
    -0.8023979067802429,
    0.5967453122138977,
    -0.007258918602019548
   ],
   [
    -0.596788763999939,
    -0.802319347858429,
    0.01126073207706213
   ],
   [
    0.0008958178805187345,
    0.013367628678679466,
    0.9999102354049683
   ]
  ]
 },
 {
  "rotation_euler": [
   1.569598913192749,
   1.7885953187942505,
   1.2446521520614624
  ],
  "euler_order": "XYZ",
  "rotation_matrix": [
   [
    -0.06923085451126099,
    0.31168919801712036,
    0.9476586580276489
   ],
   [
    -0.2046903669834137,
    0.9252884984016418,
    -0.319285124540329
   ],
   [
    -0.97637540102005,
    -0.21608097851276398,
    -0.0002587384369689971
   ]
  ]
 },
 {
  "rotation_euler": [
   1.5749257802963257,
   -1.1948504447937012,
   0.7489808201789856
  ],
  "euler_order": "XYZ",
  "rotation_matrix": [
   [
    0.26889634132385254,
    -0.6784166097640991,
    0.6836999654769897
   ],
   [
    0.24999146163463593,
    -0.6363585591316223,
    -0.7297616004943848
   ],
   [
    0.9301607608795166,
    0.36714938282966614,
    -0.0015161349438130856
   ]
  ]
 },
 {
  "rotation_euler": [
   -1.5617369413375854,
   1.4568045139312744,
   0.08023523539304733
  ],
  "euler_order": "XYZ",
  "rotation_matrix": [
   [
    0.11337917298078537,
    -0.990999162197113,
    -0.07117437571287155
   ],
   [
    0.009116576053202152,
    -0.0705956220626831,
    0.9974633455276489
   ],
   [
    -0.9935099482536316,
    -0.11374043673276901,
    0.0010304466122761369
   ]
  ]
 },
 {
  "rotation_euler": [
   1.5726256370544434,
   -0.5681154131889343,
   0.3680035471916199
  ],
  "euler_order": "XYZ",
  "rotation_matrix": [
   [
    0.7864810228347778,
    -0.5013620853424072,
    0.36067110300064087
   ],
   [
    0.303242027759552,
    -0.19526980817317963,
    -0.9326918125152588
   ],
   [
    0.5380444526672363,
    0.8429150581359863,
    -0.001541954930871725
   ]
  ]
 },
 {
  "rotation_euler": [
   0.027302978560328484,
   -0.07535867393016815,
   1.7574769258499146
  ],
  "euler_order": "XYZ",
  "rotation_matrix": [
   [
    -0.1850714385509491,
    -0.9818780422210693,
    0.04079326614737511
   ],
   [
    0.9798369407653809,
    -0.18754862248897552,
    -0.06888497620820999
   ],
   [
    0.075287364423275,
    0.027222106233239174,
    0.9967902302742004
   ]
  ]
 },
 {
  "rotation_euler": [
   -0.05112304538488388,
   0.03291773796081543,
   -1.3239333629608154
  ],
  "euler_order": "XYZ",
  "rotation_matrix": [
   [
    0.24423085153102875,
    0.968005895614624,
    0.0575835220515728
   ],
   [
    -0.9691584706306458,
    0.24567480385303497,
    -0.019385185092687607
   ],
   [
    -0.032911792397499084,
    -0.0510730966925621,
    0.998152494430542
   ]
  ]
 },
 {
  "rotation_euler": [
   1.572290301322937,
   -0.256837397813797,
   1.816570520401001
  ],
  "euler_order": "XYZ",
  "rotation_matrix": [
   [
    -0.23532640933990479,
    0.06325466185808182,
    0.9698558449745178
   ],
   [
    0.938133180141449,
    -0.24602560698986053,
    0.24367515742778778
   ],
   [
    0.2540229558944702,
    0.9671971201896667,
    -0.0014449688605964184
   ]
  ]
 },
 {
  "rotation_euler": [
   0.05002769082784653,
   0.03302846848964691,
   -1.2048579454421997
  ],
  "euler_order": "XYZ",
  "rotation_matrix": [
   [
    0.35763055086135864,
    0.9332110285758972,
    -0.03489429131150246
   ],
   [
    -0.9332790970802307,
    0.35583600401878357,
    -0.04869114235043526
   ],
   [
    -0.03302246332168579,
    0.0499795526266098,
    0.9982041716575623
   ]
  ]
 },
 {
  "rotation_euler": [
   -0.02846267633140087,
   -0.0095722870901227,
   2.102588176727295
  ],
  "euler_order": "XYZ",
  "rotation_matrix": [
   [
    -0.5070553421974182,
    -0.8616888523101807,
    -0.019676802679896355
   ],
   [
    0.8618603348731995,
    -0.5066383481025696,
    -0.022677749395370483
   ],
   [
    0.009572140872478485,
    -0.028457529842853546,
    0.999549150466919
   ]
  ]
 },
 {
  "rotation_euler": [
   0.0463753379881382,
   0.04808906838297844,
   -1.208550214767456
  ],
  "euler_order": "XYZ",
  "rotation_matrix": [
   [
    0.35396578907966614,
    0.9348875880241394,
    -0.026333481073379517
   ],
   [
    -0.9340221881866455,
    0.3519105911254883,
    -0.06133097782731056
   ],
   [
    -0.04807053506374359,
    0.04630512371659279,
    0.9977700710296631
   ]
  ]
 },
 {
  "rotation_euler": [
   -0.0005244272178970277,
   0.05188761278986931,
   1.1697841882705688
  ],
  "euler_order": "XYZ",
  "rotation_matrix": [
   [
    0.3898250162601471,
    -0.9206768870353699,
    0.019762437790632248
   ],
   [
    0.9194272756576538,
    0.39032527804374695,
    0.04795445129275322
   ],
   [
    -0.05186433345079422,
    -0.000523721391800791,
    0.9986540079116821
   ]
  ]
 },
 {
  "rotation_euler": [
   -1.5650328397750854,
   -1.8362102508544922,
   -0.976783275604248
  ],
  "euler_order": "XYZ",
  "rotation_matrix": [
   [
    -0.14681187272071838,
    0.5448601841926575,
    0.8255746960639954
   ],
   [
    0.21737557649612427,
    -0.7964444756507874,
    0.5642907619476318
   ],
   [
    0.9649839997291565,
    0.2623043656349182,
    -0.0015118045266717672
   ]
  ]
 },
 {
  "rotation_euler": [
   1.5744458436965942,
   -1.1431329250335693,
   -0.03938250616192818
  ],
  "euler_order": "XYZ",
  "rotation_matrix": [
   [
    0.41442418098449707,
    -0.9093694090843201,
    -0.03605381399393082
   ],
   [
    -0.016329506412148476,
    0.03217943385243416,
    -0.9993487000465393
   ],
   [
    0.90993732213974,
    0.41474300622940063,
    -0.0015136183938011527
   ]
  ]
 },
 {
  "rotation_euler": [
   0.005892522167414427,
   0.04843935742974281,
   -1.387352705001831
  ],
  "euler_order": "XYZ",
  "rotation_matrix": [
   [
    0.1822025179862976,
    0.9832563400268555,
    0.003038909053429961
   ],
   [
    -0.9820680618286133,
    0.1821327954530716,
    -0.04868204891681671
   ],
   [
    -0.04842041805386543,
    0.0058855763636529446,
    0.9988096952438354
   ]
  ]
 }
]