[
 {
  "rotation_euler": [
   -0.00015408753824885935,
   -5.765558853454422e-06,
   -0.7643433213233948
  ],
  "euler_order": "XYZ",
  "rotation_matrix": [
   [
    0.7218369841575623,
    0.6920631527900696,
    0.00010247650789096951
   ],
   [
    -0.6920631527900696,
    0.7218369841575623,
    0.00011521621490828693
   ],
   [
    5.765558853454422e-06,
    -0.00015408753824885935,
    1.0
   ]
  ]
 },
 {
  "rotation_euler": [
   -0.00015162042109295726,
   -6.184214726090431e-06,
   -1.9226678609848022
  ],
  "euler_order": "XYZ",
  "rotation_matrix": [
   [
    -0.34465527534484863,
    0.9387292861938477,
    0.00014446195564232767
   ],
   [
    -0.9387293457984924,
    -0.34465527534484863,
    -4.645147419068962e-05
   ],
   [
    6.184214726090431e-06,
    -0.00015162042109295726,
    1.0
   ]
  ]
 },
 {
  "rotation_euler": [
   0.2697242200374603,
   1.7494546175003052,
   2.163055419921875
  ],
  "euler_order": "XYZ",
  "rotation_matrix": [
   [
    0.0992039144039154,
    -0.9460673332214355,
    -0.3084075450897217
   ],
   [
    -0.14744222164154053,
    -0.32049068808555603,
    0.9357064366340637
   ],
   [
    -0.9840829968452454,
    -0.04735344275832176,
    -0.17128419876098633
   ]
  ]
 },
 {
  "rotation_euler": [
   0.3703095614910126,
   -2.9611995220184326,
   0.10827816277742386
  ],
  "euler_order": "XYZ",
  "rotation_matrix": [
   [
    -0.9780119061470032,
    -0.1652926802635193,
    -0.12716539204120636
   ],
   [
    -0.10631313174962997,
    0.9197390675544739,
    -0.3778592646121979
   ],
   [
    0.17941634356975555,
    -0.35603150725364685,
    -0.917088508605957
   ]
  ]
 },
 {
  "rotation_euler": [
   -0.00015588717360515147,
   7.061685664666584e-06,
   2.628906726837158
  ],
  "euler_order": "XYZ",
  "rotation_matrix": [
   [
    -0.8714301586151123,
    -0.49051961302757263,
    -8.261948096333072e-05
   ],
   [
    0.49051961302757263,
    -0.8714301586151123,
    -0.00013238088286016136
   ],
   [
    -7.061685664666584e-06,
    -0.00015588717360515147,
    1.0
   ]
  ]
 },
 {
  "rotation_euler": [
   0.24636146426200867,
   1.7699238061904907,
   -0.8246234059333801
  ],
  "euler_order": "XYZ",
  "rotation_matrix": [
   [
    -0.13428287208080292,
    0.8744015693664551,
    0.46625104546546936
   ],
   [
    0.14525337517261505,
    0.48279869556427,
    -0.8636010885238647
   ],
   [
    -0.9802395701408386,
    -0.048242297023534775,
    -0.19184136390686035
   ]
  ]
 },
 {
  "rotation_euler": [
   -0.00015492929378524423,
   3.426240027692984e-06,
   0.6684666872024536
  ],
  "euler_order": "XYZ",
  "rotation_matrix": [
   [
    0.7847729325294495,
    -0.6197834014892578,
    -9.33337869355455e-05
   ],
   [
    0.6197834014892578,
    0.7847728729248047,
    0.00012370783952064812
   ],
   [
    -3.426240027692984e-06,
    -0.00015492929378524423,
    1.0
   ]
  ]
 },
 {
  "rotation_euler": [
   -0.00015334748604800552,
   -2.471978859830415e-06,
   -0.0633619949221611
  ],
  "euler_order": "XYZ",
  "rotation_matrix": [
   [
    0.9979932904243469,
    0.0633196085691452,
    7.242884294100804e-06
   ],
   [
    -0.0633196085691452,
    0.9979932904243469,
    0.0001531962916487828
   ],
   [
    2.471978859830415e-06,
    -0.00015334748604800552,
    1.0
   ]
  ]
 },
 {
  "rotation_euler": [
   0.47699055075645447,
   -1.9404078722000122,
   1.9196723699569702
  ],
  "euler_order": "XYZ",
  "rotation_matrix": [
   [
    0.12349145114421844,
    -0.6885188221931458,
    0.7146269679069519
   ],
   [
    -0.33949044346809387,
    -0.7059987783432007,
    -0.6215400099754333
   ],
   [
    0.9324677586555481,
    -0.16585415601730347,
    -0.3209303617477417
   ]
  ]
 },
 {
  "rotation_euler": [
   -0.00015437137335538864,
   -3.460507741692709e-06,
   2.5719258785247803
  ],
  "euler_order": "XYZ",
  "rotation_matrix": [
   [
    -0.8420807719230652,
    -0.5393514633178711,
    -8.034639904508367e-05
   ],
   [
    0.5393514633178711,
    -0.8420807123184204,
    -0.00013185958960093558
   ],
   [
    3.460507741692709e-06,
    -0.00015437137335538864,
    1.0
   ]
  ]
 },
 {
  "rotation_euler": [
   -0.00015553832054138184,
   5.314934242051095e-06,
   -2.793543577194214
  ],
  "euler_order": "XYZ",
  "rotation_matrix": [
   [
    -0.940039873123169,
    0.3410645127296448,
    4.80523522128351e-05
   ],
   [
    -0.3410645127296448,
    -0.940039873123169,
    -0.00014802496298216283
   ],
   [
    -5.314934242051095e-06,
    -0.00015553832054138184,
    1.0
   ]
  ]
 },
 {
  "rotation_euler": [
   -0.00015509853255935013,
   4.9514405873196665e-06,
   -0.6402116417884827
  ],
  "euler_order": "XYZ",
  "rotation_matrix": [
   [
    0.8019693493843079,
    0.5973652005195618,
    9.662137017585337e-05
   ],
   [
    -0.5973652005195618,
    0.8019693493843079,
    0.00012142644845880568
   ],
   [
    -4.9514405873196665e-06,
    -0.00015509853255935013,
    1.0
   ]
  ]
 },
 {
  "rotation_euler": [
   -0.6903238296508789,
   -1.7471996898166253e-06,
   -0.06027646362781525
  ],
  "euler_order": "XYZ",
  "rotation_matrix": [
   [
    0.9981839060783386,
    0.04644852876663208,
    0.03835868090391159
   ],
   [
    -0.060239970684051514,
    0.7696394920349121,
    0.6356305480003357
   ],
   [
    1.7471996898166253e-06,
    -0.6367868781089783,
    0.7710398435592651
   ]
  ]
 },
 {
  "rotation_euler": [
   -0.6140369772911072,
   1.5463476181030273,
   0.2116120159626007
  ],
  "euler_order": "XYZ",
  "rotation_matrix": [
   [
    0.023900965228676796,
    -0.7348196506500244,
    0.677841305732727
   ],
   [
    0.0051346030086278915,
    0.6781162619590759,
    0.7349367141723633
   ],
   [
    -0.9997011423110962,
    -0.014085249975323677,
    0.019980641081929207
   ]
  ]
 },
 {
  "rotation_euler": [
   0.37309983372688293,
   -2.7771573066711426,
   1.3328847885131836
  ],
  "euler_order": "XYZ",
  "rotation_matrix": [
   [
    -0.2201956957578659,
    -0.9355900883674622,
    0.27601632475852966
   ],
   [
    -0.9080073833465576,
    0.09320200979709625,
    -0.40845564007759094
   ],
   [
    0.3564217686653137,
    -0.340565025806427,
    -0.8700453639030457
   ]
  ]
 },
 {
  "rotation_euler": [
   -0.6903231739997864,
   -7.458540494553745e-06,
   -2.6114962100982666
  ],
  "euler_order": "XYZ",
  "rotation_matrix": [
   [
    -0.8627583384513855,
    0.3898466229438782,
    0.3219746947288513
   ],
   [
    -0.5056165456771851,
    -0.6652237772941589,
    -0.5493898391723633
   ],
   [
    7.458540494553745e-06,
    -0.6367864012718201,
    0.7710402607917786
   ]
  ]
 }
]