[
 {
  "rotation_euler": [
   0.35959959030151367,
   3.0072011947631836,
   -0.7405971884727478
  ],
  "euler_order": "XYZ",
  "rotation_matrix": [
   [
    -0.7314106225967407,
    0.6663715243339539,
    -0.1448705941438675
   ],
   [
    0.6686447858810425,
    0.6590439677238464,
    -0.3443475067615509
   ],
   [
    -0.13398727774620056,
    -0.34872639179229736,
    -0.9275975823402405
   ]
  ]
 },
 {
  "rotation_euler": [
   0.3561955690383911,
   -2.9910271167755127,
   -1.0131245851516724
  ],
  "euler_order": "XYZ",
  "rotation_matrix": [
   [
    -0.5232248306274414,
    0.7675492763519287,
    -0.37027546763420105
   ],
   [
    0.8388900756835938,
    0.5403744578361511,
    -0.06525980681180954
   ],
   [
    0.1499972939491272,
    -0.34476596117019653,
    -0.9266268014907837
   ]
  ]
 },
 {
  "rotation_euler": [
   -2.598947048187256,
   1.1527297496795654,
   0.3323018252849579
  ],
  "euler_order": "XYZ",
  "rotation_matrix": [
   [
    0.3837839663028717,
    -0.16675423085689545,
    -0.9082416296005249
   ],
   [
    0.1324433833360672,
    -0.9634506106376648,
    0.23285555839538574
   ],
   [
    -0.9138755798339844,
    -0.20965681970119476,
    -0.34767138957977295
   ]
  ]
 },
 {
  "rotation_euler": [
   0.5522599220275879,
   1.8629915714263916,
   1.9995644092559814
  ],
  "euler_order": "XYZ",
  "rotation_matrix": [
   [
    0.11975912004709244,
    -0.9831398129463196,
    0.13818059861660004
   ],
   [
    -0.26197996735572815,
    0.10295474529266357,
    0.9595659375190735
   ],
   [
    -0.9576138257980347,
    -0.15111732482910156,
    -0.24523316323757172
   ]
  ]
 },
 {
  "rotation_euler": [
   0.5582208633422852,
   1.915968656539917,
   -0.49513691663742065
  ],
  "euler_order": "XYZ",
  "rotation_matrix": [
   [
    -0.2977231740951538,
    0.84159916639328,
    0.45063477754592896
   ],
   [
    0.1607719212770462,
    0.50950026512146,
    -0.8453176021575928
   ],
   [
    -0.9410171508789062,
    -0.1792212277650833,
    -0.2869955897331238
   ]
  ]
 },
 {
  "rotation_euler": [
   -2.780179262161255,
   0.23022781312465668,
   -0.4489138722419739
  ],
  "euler_order": "XYZ",
  "rotation_matrix": [
   [
    0.8771477341651917,
    -0.478646457195282,
    -0.038851186633110046
   ],
   [
    -0.42253628373146057,
    -0.8076991438865662,
    0.4111996591091156
   ],
   [
    -0.2281993329524994,
    -0.3442668318748474,
    -0.9107170104980469
   ]
  ]
 },
 {
  "rotation_euler": [
   0.39179113507270813,
   2.540050983428955,
   1.5331494808197021
  ],
  "euler_order": "XYZ",
  "rotation_matrix": [
   [
    -0.03103114292025566,
    -0.9154385328292847,
    0.40125977993011475
   ],
   [
    -0.8238799571990967,
    0.25072407722473145,
    0.5082905292510986
   ],
   [
    -0.5659142136573792,
    -0.31481704115867615,
    -0.7619916796684265
   ]
  ]
 },
 {
  "rotation_euler": [
   0.5589326620101929,
   1.9647160768508911,
   -1.8190208673477173
  ],
  "euler_order": "XYZ",
  "rotation_matrix": [
   [
    0.0942959263920784,
    0.7015326619148254,
    -0.7063711285591125
   ],
   [
    0.37204715609550476,
    -0.6829555630683899,
    -0.6286116242408752
   ],
   [
    -0.9234117269515991,
    -0.20352785289287567,
    -0.3254031538963318
   ]
  ]
 },
 {
  "rotation_euler": [
   0.37059926986694336,
   2.754338264465332,
   -1.0889289379119873
  ],
  "euler_order": "XYZ",
  "rotation_matrix": [
   [
    -0.4291171133518219,
    0.8893579244613647,
    -0.15780039131641388
   ],
   [
    0.8205125331878662,
    0.31077253818511963,
    -0.47977036237716675
   ],
   [
    -0.3776475489139557,
    -0.33535489439964294,
    -0.8630871772766113
   ]
  ]
 },
 {
  "rotation_euler": [
   0.37271279096603394,
   2.718134641647339,
   0.6797698736190796
  ],
  "euler_order": "XYZ",
  "rotation_matrix": [
   [
    -0.7090243101119995,
    -0.4690837562084198,
    0.5265405774116516
   ],
   [
    -0.5730907320976257,
    0.8183824419975281,
    -0.04262795299291611
   ],
   [
    -0.4109154939651489,
    -0.33197978138923645,
    -0.8490806221961975
   ]
  ]
 },
 {
  "rotation_euler": [
   0.5470619201660156,
   1.8371151685714722,
   1.324865460395813
  ],
  "euler_order": "XYZ",
  "rotation_matrix": [
   [
    -0.0640740618109703,
    -0.7061808705329895,
    0.7051262855529785
   ],
   [
    -0.25526300072669983,
    0.6946700215339661,
    0.672513484954834
   ],
   [
    -0.9647462368011475,
    -0.13690198957920074,
    -0.22477217018604279
   ]
  ]
 },
 {
  "rotation_euler": [
   0.0040351334027945995,
   0.01280924677848816,
   0.9742355942726135
  ],
  "euler_order": "XYZ",
  "rotation_matrix": [
   [
    0.5617545247077942,
    -0.8272368907928467,
    0.0105341337621212
   ],
   [
    0.8272048234939575,
    0.5618387460708618,
    0.008329429663717747
   ],
   [
    -0.012808896601200104,
    0.004034791607409716,
    0.9999098181724548
   ]
  ]
 },
 {
  "rotation_euler": [
   0.5250890851020813,
   2.0185132026672363,
   -1.305340051651001
  ],
  "euler_order": "XYZ",
  "rotation_matrix": [
   [
    -0.11357338726520538,
    0.9535220861434937,
    -0.27909985184669495
   ],
   [
    0.41774502396583557,
    -0.2090480774641037,
    -0.8841877579689026
   ],
   [
    -0.9014378190040588,
    -0.21701277792453766,
    -0.374586820602417
   ]
  ]
 },
 {
  "rotation_euler": [
   0.3761417865753174,
   2.676621913909912,
   1.4374423027038574
  ],
  "euler_order": "XYZ",
  "rotation_matrix": [
   [
    -0.11884348094463348,
    -0.8999311327934265,
    0.41952377557754517
   ],
   [
    -0.885898768901825,
    0.28691306710243225,
    0.36450543999671936
   ],
   [
    -0.4483966529369354,
    -0.32833653688430786,
    -0.8313456177711487
   ]
  ]
 },
 {
  "rotation_euler": [
   0.004039162769913673,
   0.012772400863468647,
   -0.9644941091537476
  ],
  "euler_order": "XYZ",
  "rotation_matrix": [
   [
    0.5697861909866333,
    0.8217834234237671,
    0.0039586578495800495
   ],
   [
    -0.8216937184333801,
    0.5697856545448303,
    -0.012797127477824688
   ],
   [
    -0.012772053480148315,
    0.0040388223715126514,
    0.999910295009613
   ]
  ]
 },
 {
  "rotation_euler": [
   0.3545963764190674,
   -2.867841958999634,
   1.4105620384216309
  ],
  "euler_order": "XYZ",
  "rotation_matrix": [
   [
    -0.15360847115516663,
    -0.940750002861023,
    0.30231422185897827
   ],
   [
    -0.9504306316375732,
    0.056959062814712524,
    -0.3056751489639282
   ],
   [
    0.2703443765640259,
    -0.3342829942703247,
    -0.9028670191764832
   ]
  ]
 }
]