[
 {
  "rotation_euler": [
   0.5069757699966431,
   -0.2887888252735138,
   -2.1161909103393555
  ],
  "euler_order": "XYZ",
  "rotation_matrix": [
   [
    -0.4972735643386841,
    0.8191194534301758,
    -0.28594115376472473
   ],
   [
    -0.8195198774337769,
    -0.3352891802787781,
    0.4647239148616791
   ],
   [
    0.28479140996932983,
    0.4654293656349182,
    0.8380151391029358
   ]
  ]
 },
 {
  "rotation_euler": [
   -0.1960005760192871,
   -0.5101757049560547,
   2.1825852394104004
  ],
  "euler_order": "XYZ",
  "rotation_matrix": [
   [
    -0.501196563243866,
    -0.8575678467750549,
    0.11566929519176483
   ],
   [
    0.7143775224685669,
    -0.48548412322998047,
    -0.5039542317390442
   ],
   [
    0.48833057284355164,
    -0.16994857788085938,
    0.8559501767158508
   ]
  ]
 },
 {
  "rotation_euler": [
   0.19799654185771942,
   -0.1387375444173813,
   1.5610524415969849
  ],
  "euler_order": "XYZ",
  "rotation_matrix": [
   [
    0.009650107473134995,
    -0.9806811213493347,
    0.19537490606307983
   ],
   [
    0.9903443455696106,
    -0.017648305743932724,
    -0.13750122487545013
   ],
   [
    0.13829289376735687,
    0.19481533765792847,
    0.971041738986969
   ]
  ]
 },
 {
  "rotation_euler": [
   -0.06736396998167038,
   -0.139320969581604,
   -0.8827008008956909
  ],
  "euler_order": "XYZ",
  "rotation_matrix": [
   [
    0.6289137601852417,
    0.7766413688659668,
    -0.03599578142166138
   ],
   [
    -0.7649722099304199,
    0.6264060139656067,
    0.1497766226530075
   ],
   [
    0.1388707011938095,
    -0.0666608065366745,
    0.9880644083023071
   ]
  ]
 },
 {
  "rotation_euler": [
   -0.018488340079784393,
   0.033070094883441925,
   2.4689254760742188
  ],
  "euler_order": "XYZ",
  "rotation_matrix": [
   [
    -0.7817349433898926,
    -0.6224897503852844,
    -0.03737601265311241
   ],
   [
    0.6227337121963501,
    -0.7824097871780396,
    0.006137787830084562
   ],
   [
    -0.033064067363739014,
    -0.0184771791100502,
    0.9992824196815491
   ]
  ]
 },
 {
  "rotation_euler": [
   0.40601447224617004,
   -0.21538178622722626,
   2.934600353240967
  ],
  "euler_order": "XYZ",
  "rotation_matrix": [
   [
    -0.9560415744781494,
    -0.10620199143886566,
    0.2733233869075775
   ],
   [
    0.2007688283920288,
    -0.916438639163971,
    0.34616774320602417
   ],
   [
    0.2137204110622406,
    0.38582557439804077,
    0.8974754810333252
   ]
  ]
 },
 {
  "rotation_euler": [
   0.38636454939842224,
   -0.6068914532661438,
   -0.6504596471786499
  ],
  "euler_order": "XYZ",
  "rotation_matrix": [
   [
    0.6536944508552551,
    0.3898884654045105,
    -0.6485912203788757
   ],
   [
    -0.4974156618118286,
    0.8672813177108765,
    0.02002049796283245
   ],
   [
    0.5703167915344238,
    0.30953213572502136,
    0.7608736157417297
   ]
  ]
 },
 {
  "rotation_euler": [
   0.39255282282829285,
   -0.15835924446582794,
   0.8835740089416504
  ],
  "euler_order": "XYZ",
  "rotation_matrix": [
   [
    0.6264545321464539,
    -0.7524835467338562,
    0.2032812386751175
   ],
   [
    0.7633387446403503,
    0.5395041108131409,
    -0.35531577467918396
   ],
   [
    0.15769819915294647,
    0.3777616024017334,
    0.9123746156692505
   ]
  ]
 },
 {
  "rotation_euler": [
   0.0284919124096632,
   -0.5153616666793823,
   -0.04569755494594574
  ],
  "euler_order": "XYZ",
  "rotation_matrix": [
   [
    0.8692061901092529,
    0.031637441366910934,
    -0.49343663454055786
   ],
   [
    -0.03974827006459236,
    0.9991919994354248,
    -0.005953272804617882
   ],
   [
    0.49284955859184265,
    0.024787873029708862,
    0.8697614073753357
   ]
  ]
 },
 {
  "rotation_euler": [
   0.24230480194091797,
   -0.2313579022884369,
   -2.784611225128174
  ],
  "euler_order": "XYZ",
  "rotation_matrix": [
   [
    -0.9119915962219238,
    0.3907890319824219,
    0.12472067028284073
   ],
   [
    -0.340136855840683,
    -0.890359103679657,
    0.30260127782821655
   ],
   [
    0.22929945588111877,
    0.23354773223400116,
    0.9449217915534973
   ]
  ]
 },
 {
  "rotation_euler": [
   0.20464222133159637,
   -0.12423469126224518,
   1.8044407367706299
  ],
  "euler_order": "XYZ",
  "rotation_matrix": [
   [
    -0.22974003851413727,
    -0.9466996192932129,
    0.22578606009483337
   ],
   [
    0.9653313159942627,
    -0.2511908710002899,
    -0.0709834024310112
   ],
   [
    0.12391535937786102,
    0.20165061950683594,
    0.9715873599052429
   ]
  ]
 },
 {
  "rotation_euler": [
   0.15546771883964539,
   -0.4878089725971222,
   -1.9703341722488403
  ],
  "euler_order": "XYZ",
  "rotation_matrix": [
   [
    -0.34362125396728516,
    0.9383604526519775,
    0.0374717079102993
   ],
   [
    -0.8137890696525574,
    -0.3174436390399933,
    0.48680269718170166
   ],
   [
    0.46869155764579773,
    0.1367816925048828,
    0.8727078437805176
   ]
  ]
 },
 {
  "rotation_euler": [
   -0.09134357422590256,
   -0.2744760811328888,
   -2.7038159370422363
  ],
  "euler_order": "XYZ",
  "rotation_matrix": [
   [
    -0.871793806552887,
    0.39976751804351807,
    0.28312814235687256
   ],
   [
    -0.40805816650390625,
    -0.9124016165733337,
    0.03180870786309242
   ],
   [
    0.27104267477989197,
    -0.08780212700366974,
    0.9585544466972351
   ]
  ]
 },
 {
  "rotation_euler": [
   0.5897871851921082,
   -0.27489566802978516,
   -2.3120975494384766
  ],
  "euler_order": "XYZ",
  "rotation_matrix": [
   [
    -0.6498950719833374,
    0.7149264216423035,
    -0.2579082250595093
   ],
   [
    -0.7098966240882874,
    -0.44981399178504944,
    0.5419540405273438
   ],
   [
    0.2714465260505676,
    0.5353014469146729,
    0.7998557090759277
   ]
  ]
 },
 {
  "rotation_euler": [
   0.07221516966819763,
   -0.07956476509571075,
   -0.7585629820823669
  ],
  "euler_order": "XYZ",
  "rotation_matrix": [
   [
    0.723529040813446,
    0.6819238662719727,
    -0.10717098414897919
   ],
   [
    -0.6857029795646667,
    0.7278782725334167,
    0.0021606667432934046
   ],
   [
    0.079480841755867,
    0.07192415744066238,
    0.9942382574081421
   ]
  ]
 },
 {
  "rotation_euler": [
   0.2824566662311554,
   -0.5348599553108215,
   1.361727237701416
  ],
  "euler_order": "XYZ",
  "rotation_matrix": [
   [
    0.17856301367282867,
    -0.9689469933509827,
    0.17104662954807281
   ],
   [
    0.8416057229042053,
    0.06035132333636284,
    -0.5367099046707153
   ],
   [
    0.5097205638885498,
    0.23979036509990692,
    0.8262478709220886
   ]
  ]
 }
]