[
 {
  "rotation_euler": [
   -0.00010826196376001462,
   -6.024539089821701e-08,
   0.8261682987213135
  ],
  "euler_order": "XYZ",
  "rotation_matrix": [
   [
    0.6776983141899109,
    -0.7353400588035583,
    -7.96501844888553e-05
   ],
   [
    0.7353400588035583,
    0.6776983141899109,
    7.332464883802459e-05
   ],
   [
    6.024539089821701e-08,
    -0.00010826196376001462,
    1.0
   ]
  ]
 },
 {
  "rotation_euler": [
   -0.00010840687900781631,
   -1.4260623970585584e-07,
   -2.132181167602539
  ],
  "euler_order": "XYZ",
  "rotation_matrix": [
   [
    -0.5323590040206909,
    0.8465186953544617,
    9.18443693080917e-05
   ],
   [
    -0.8465186953544617,
    -0.5323590040206909,
    -5.759065970778465e-05
   ],
   [
    1.4260623970585584e-07,
    -0.00010840687900781631,
    1.0
   ]
  ]
 },
 {
  "rotation_euler": [
   -0.00010840636241482571,
   -7.995838302576885e-08,
   -0.546400785446167
  ],
  "euler_order": "XYZ",
  "rotation_matrix": [
   [
    0.8544002771377563,
    0.5196154117584229,
    5.626130223390646e-05
   ],
   [
    -0.5196154117584229,
    0.8544002771377563,
    9.266396955354139e-05
   ],
   [
    7.995838302576885e-08,
    -0.00010840636241482571,
    1.0
   ]
  ]
 },
 {
  "rotation_euler": [
   -0.00010841078619705513,
   -2.2775374475259014e-07,
   -2.245983600616455
  ],
  "euler_order": "XYZ",
  "rotation_matrix": [
   [
    -0.625043511390686,
    0.7805898785591125,
    8.476672519464046e-05
   ],
   [
    -0.7805899381637573,
    -0.625043511390686,
    -6.75836781738326e-05
   ],
   [
    2.2775374475259014e-07,
    -0.00010841078619705513,
    1.0
   ]
  ]
 },
 {
  "rotation_euler": [
   -0.00010840590402949601,
   2.2003999333719548e-07,
   1.6699200868606567
  ],
  "euler_order": "XYZ",
  "rotation_matrix": [
   [
    -0.09896151721477509,
    -0.9950912594795227,
    -0.00010789554653456435
   ],
   [
    0.9950912594795227,
    -0.09896151721477509,
    -1.0509053026908077e-05
   ],
   [
    -2.2003999333719548e-07,
    -0.00010840590402949601,
    1.0
   ]
  ]
 },
 {
  "rotation_euler": [
   -0.00010830712562892586,
   2.2869743077080784e-07,
   2.445244789123535
  ],
  "euler_order": "XYZ",
  "rotation_matrix": [
   [
    -0.7671898603439331,
    -0.6414200663566589,
    -6.964582280488685e-05
   ],
   [
    0.6414200663566589,
    -0.7671898603439331,
    -8.294543658848852e-05
   ],
   [
    -2.2869743077080784e-07,
    -0.00010830712562892586,
    1.0
   ]
  ]
 },
 {
  "rotation_euler": [
   -0.00010821536852745339,
   -1.8927589451323001e-07,
   1.3032623529434204
  ],
  "euler_order": "XYZ",
  "rotation_matrix": [
   [
    0.2643539309501648,
    -0.9644257426261902,
    -0.00010441572521813214
   ],
   [
    0.9644257426261902,
    0.2643539309501648,
    2.8424616175470874e-05
   ],
   [
    1.8927589451323001e-07,
    -0.00010821536852745339,
    1.0
   ]
  ]
 },
 {
  "rotation_euler": [
   -0.00010830958490259945,
   1.2328082732437906e-07,
   2.044682502746582
  ],
  "euler_order": "XYZ",
  "rotation_matrix": [
   [
    -0.45634764432907104,
    -0.889801561832428,
    -9.64302962529473e-05
   ],
   [
    0.889801561832428,
    -0.45634764432907104,
    -4.93171282869298e-05
   ],
   [
    -1.2328082732437906e-07,
    -0.00010830958490259945,
    1.0
   ]
  ]
 },
 {
  "rotation_euler": [
   -0.00010847929661395028,
   -1.1925760645681294e-07,
   1.965291142463684
  ],
  "euler_order": "XYZ",
  "rotation_matrix": [
   [
    -0.38434186577796936,
    -0.9231908321380615,
    -0.00010010125697590411
   ],
   [
    0.9231908321380615,
    -0.38434186577796936,
    -4.180323230684735e-05
   ],
   [
    1.1925760645681294e-07,
    -0.00010847929661395028,
    1.0
   ]
  ]
 },
 {
  "rotation_euler": [
   -0.00010814359848154709,
   -9.65340873904097e-09,
   0.6042779088020325
  ],
  "euler_order": "XYZ",
  "rotation_matrix": [
   [
    0.8229125738143921,
    -0.5681679844856262,
    -6.145167571958154e-05
   ],
   [
    0.5681679844856262,
    0.8229125738143921,
    8.898724627215415e-05
   ],
   [
    9.65340873904097e-09,
    -0.00010814359848154709,
    1.0
   ]
  ]
 },
 {
  "rotation_euler": [
   -0.00010829982784343883,
   1.2467003784877306e-07,
   -0.02890150435268879
  ],
  "euler_order": "XYZ",
  "rotation_matrix": [
   [
    0.9995824098587036,
    0.02889748103916645,
    3.2542102417210117e-06
   ],
   [
    -0.02889748103916645,
    0.9995823502540588,
    0.00010825099889189005
   ],
   [
    -1.2467003784877306e-07,
    -0.00010829982784343883,
    1.0
   ]
  ]
 },
 {
  "rotation_euler": [
   -0.00010842773917829618,
   -1.3082883754123031e-07,
   0.37989670038223267
  ],
  "euler_order": "XYZ",
  "rotation_matrix": [
   [
    0.9287029504776001,
    -0.37082454562187195,
    -4.032916694995947e-05
   ],
   [
    0.37082454562187195,
    0.9287029504776001,
    0.00010064864909509197
   ],
   [
    1.3082883754123031e-07,
    -0.00010842773917829618,
    1.0
   ]
  ]
 },
 {
  "rotation_euler": [
   -0.00010828373342519626,
   1.4886511223721755e-07,
   2.370546579360962
  ],
  "euler_order": "XYZ",
  "rotation_matrix": [
   [
    -0.7171820402145386,
    -0.6968858242034912,
    -7.556816126452759e-05
   ],
   [
    0.6968858242034912,
    -0.7171820402145386,
    -7.755540718790144e-05
   ],
   [
    -1.4886511223721755e-07,
    -0.00010828373342519626,
    1.0
   ]
  ]
 },
 {
  "rotation_euler": [
   -0.00010852099512703717,
   -2.631871609537484e-07,
   -2.6404476165771484
  ],
  "euler_order": "XYZ",
  "rotation_matrix": [
   [
    -0.8770330548286438,
    0.48043009638786316,
    5.23675735166762e-05
   ],
   [
    -0.48043009638786316,
    -0.877032995223999,
    -9.505005436949432e-05
   ],
   [
    2.631871609537484e-07,
    -0.00010852099512703717,
    1.0
   ]
  ]
 },
 {
  "rotation_euler": [
   -0.00010840576578630134,
   -5.121947310726682e-07,
   -0.22204440832138062
  ],
  "euler_order": "XYZ",
  "rotation_matrix": [
   [
    0.97544926404953,
    0.2202242910861969,
    2.3373962903860956e-05
   ],
   [
    -0.2202242910861969,
    0.97544926404953,
    0.00010585712152533233
   ],
   [
    5.121947310726682e-07,
    -0.00010840576578630134,
    1.0
   ]
  ]
 },
 {
  "rotation_euler": [
   -0.00010831838881131262,
   1.1923575904404515e-08,
   -2.3727800846099854
  ],
  "euler_order": "XYZ",
  "rotation_matrix": [
   [
    -0.7187367677688599,
    0.6952822804450989,
    7.530328730354086e-05
   ],
   [
    -0.6952822804450989,
    -0.7187367677688599,
    -7.786069909343496e-05
   ],
   [
    -1.1923575904404515e-08,
    -0.00010831838881131262,
    1.0
   ]
  ]
 }
]