[
 {
  "rotation_euler": [
   1.3786633014678955,
   -0.06720615923404694,
   1.372277021408081
  ],
  "euler_order": "XYZ",
  "rotation_matrix": [
   [
    0.1967727243900299,
    -0.2002032995223999,
    0.9597911834716797
   ],
   [
    0.9781465530395508,
    -0.0269657950848341,
    -0.20616066455841064
   ],
   [
    0.06715557724237442,
    0.9793832302093506,
    0.19052202999591827
   ]
  ]
 },
 {
  "rotation_euler": [
   1.3774362802505493,
   0.053880322724580765,
   1.785192847251892
  ],
  "euler_order": "XYZ",
  "rotation_matrix": [
   [
    -0.2124490588903427,
    -0.19900234043598175,
    0.9566940069198608
   ],
   [
    0.9756870269775391,
    0.010757630690932274,
    0.21890443563461304
   ],
   [
    -0.05385425686836243,
    0.9799399971961975,
    0.191878542304039
   ]
  ]
 },
 {
  "rotation_euler": [
   1.3745757341384888,
   -0.022902468219399452,
   -2.600482702255249
  ],
  "euler_order": "XYZ",
  "rotation_matrix": [
   [
    -0.8569127321243286,
    0.1196756586432457,
    -0.5013764500617981
   ],
   [
    -0.5149526000022888,
    -0.15554143488407135,
    0.8429891467094421
   ],
   [
    0.02290046587586403,
    0.9805532097816467,
    0.19491271674633026
   ]
  ]
 },
 {
  "rotation_euler": [
   1.374475121498108,
   0.002051300136372447,
   -3.131070375442505
  ],
  "euler_order": "XYZ",
  "rotation_matrix": [
   [
    -0.9999425411224365,
    4.068079942953773e-05,
    -0.01072007231414318
   ],
   [
    -0.010522061958909035,
    -0.19507290422916412,
    0.9807323217391968
   ],
   [
    -0.002051298739388585,
    0.9807887673377991,
    0.19506211578845978
   ]
  ]
 },
 {
  "rotation_euler": [
   1.3750519752502441,
   0.027956444770097733,
   3.1043202877044678
  ],
  "euler_order": "XYZ",
  "rotation_matrix": [
   [
    -0.9989149570465088,
    -0.0346476249396801,
    0.03111916407942772
   ],
   [
    0.03724917396903038,
    -0.19333991408348083,
    0.9804244637489319
   ],
   [
    -0.027952803298830986,
    0.9805198907852173,
    0.194420725107193
   ]
  ]
 },
 {
  "rotation_euler": [
   1.376791000366211,
   -0.04687315598130226,
   -0.3662932515144348
  ],
  "euler_order": "XYZ",
  "rotation_matrix": [
   [
    0.9326358437538147,
    0.02612239681184292,
    -0.35987213253974915
   ],
   [
    -0.3577636778354645,
    0.19646812975406647,
    -0.9129104018211365
   ],
   [
    0.04685599356889725,
    0.9801622033119202,
    0.19257886707782745
   ]
  ]
 },
 {
  "rotation_euler": [
   1.374772071838379,
   -0.02486513927578926,
   -3.0564560890197754
  ],
  "euler_order": "XYZ",
  "rotation_matrix": [
   [
    -0.9960700869560242,
    0.04086023196578026,
    -0.07858026772737503
   ],
   [
    -0.08500746637582779,
    -0.1919921636581421,
    0.9777079224586487
   ],
   [
    0.02486257627606392,
    0.9805454611778259,
    0.19471107423305511
   ]
  ]
 },
 {
  "rotation_euler": [
   1.3752914667129517,
   0.03052672930061817,
   2.7085840702056885
  ],
  "euler_order": "XYZ",
  "rotation_matrix": [
   [
    -0.9072845578193665,
    -0.10869020223617554,
    0.4062280058860779
   ],
   [
    0.4194081127643585,
    -0.16376972198486328,
    0.8929033279418945
   ],
   [
    -0.03052198886871338,
    0.9804927110671997,
    0.19417129456996918
   ]
  ]
 },
 {
  "rotation_euler": [
   1.3774526119232178,
   0.05405409634113312,
   2.878589391708374
  ],
  "euler_order": "XYZ",
  "rotation_matrix": [
   [
    -0.9642031788825989,
    -0.10115112364292145,
    0.2451135367155075
   ],
   [
    0.25960198044776917,
    -0.1717498004436493,
    0.9503203630447388
   ],
   [
    -0.054027777165174484,
    0.9799339175224304,
    0.19186073541641235
   ]
  ]
 },
 {
  "rotation_euler": [
   1.3746169805526733,
   0.023251915350556374,
   0.46352511644363403
  ],
  "euler_order": "XYZ",
  "rotation_matrix": [
   [
    0.8942402005195618,
    -0.06675340235233307,
    0.4425816237926483
   ],
   [
    0.4469831585884094,
    0.1845511496067047,
    -0.8752982020378113
   ],
   [
    -0.02324981987476349,
    0.9805533289909363,
    0.1948707103729248
   ]
  ]
 },
 {
  "rotation_euler": [
   1.3791329860687256,
   -0.0724015012383461,
   -1.774052381515503
  ],
  "euler_order": "XYZ",
  "rotation_matrix": [
   [
    -0.20133058726787567,
    0.200905442237854,
    -0.958698570728302
   ],
   [
    -0.9768486022949219,
    0.031099194660782814,
    0.21165932714939117
   ],
   [
    0.07233826071023941,
    0.9791168570518494,
    0.1899929791688919
   ]
  ]
 },
 {
  "rotation_euler": [
   1.3744502067565918,
   0.021329320967197418,
   1.9078060388565063
  ],
  "euler_order": "XYZ",
  "rotation_matrix": [
   [
    -0.3305912911891937,
    -0.19102972745895386,
    0.9242386221885681
   ],
   [
    0.9435330033302307,
    -0.04476749151945114,
    0.328239768743515
   ],
   [
    -0.021327704191207886,
    0.9805628657341003,
    0.19504259526729584
   ]
  ]
 },
 {
  "rotation_euler": [
   1.3748607635498047,
   -0.02583377994596958,
   -2.186492443084717
  ],
  "euler_order": "XYZ",
  "rotation_matrix": [
   [
    -0.5773342251777649,
    0.17356732487678528,
    -0.797846794128418
   ],
   [
    -0.816099226474762,
    -0.09175129234790802,
    0.5705819725990295
   ],
   [
    0.025830905884504318,
    0.9805386662483215,
    0.1946193277835846
   ]
  ]
 },
 {
  "rotation_euler": [
   1.3783115148544312,
   0.06346328556537628,
   1.4298017024993896
  ],
  "euler_order": "XYZ",
  "rotation_matrix": [
   [
    0.14024503529071808,
    -0.18065230548381805,
    0.9734968543052673
   ],
   [
    0.9880836009979248,
    0.08851448446512222,
    -0.12592077255249023
   ],
   [
    -0.06342069059610367,
    0.9795559644699097,
    0.19091330468654633
   ]
  ]
 },
 {
  "rotation_euler": [
   1.3778291940689087,
   -0.05814890190958977,
   -2.0546505451202393
  ],
  "euler_order": "XYZ",
  "rotation_matrix": [
   [
    -0.46440815925598145,
    0.19629155099391937,
    -0.8635940551757812
   ],
   [
    -0.8837124109268188,
    -0.03872110694646835,
    0.4664258658885956
   ],
   [
    0.058116137981414795,
    0.9797807335853577,
    0.1914476752281189
   ]
  ]
 },
 {
  "rotation_euler": [
   1.3744752407073975,
   0.011327795684337616,
   0.64051753282547
  ],
  "euler_order": "XYZ",
  "rotation_matrix": [
   [
    0.8017351627349854,
    -0.10766352713108063,
    0.5879024863243103
   ],
   [
    0.5975721478462219,
    0.16303785145282745,
    -0.7850644588470459
   ],
   [
    -0.011327553540468216,
    0.9807279109954834,
    0.19504989683628082
   ]
  ]
 }
]