[
 {
  "rotation_euler": [
   0.00011005591659341007,
   9.666026016930118e-06,
   1.0858567953109741
  ],
  "euler_order": "XYZ",
  "rotation_matrix": [
   [
    0.46615487337112427,
    -0.8847031593322754,
    0.00010187267616856843
   ],
   [
    0.8847031593322754,
    0.46615487337112427,
    -4.275153696653433e-05
   ],
   [
    -9.666026016930118e-06,
    0.00011005591659341007,
    1.0
   ]
  ]
 },
 {
  "rotation_euler": [
   0.00012017348490189761,
   -2.020982776684832e-07,
   0.47309574484825134
  ],
  "euler_order": "XYZ",
  "rotation_matrix": [
   [
    0.8901619911193848,
    -0.4556441903114319,
    5.4576448746956885e-05
   ],
   [
    0.4556441903114319,
    0.8901619911193848,
    -0.00010706595639931038
   ],
   [
    2.020982776684832e-07,
    0.00012017348490189761,
    1.0
   ]
  ]
 },
 {
  "rotation_euler": [
   0.00012343046546448022,
   -4.017087817942411e-08,
   -0.9590523838996887
  ],
  "euler_order": "XYZ",
  "rotation_matrix": [
   [
    0.5742959976196289,
    0.8186477422714233,
    -0.00010106914123753086
   ],
   [
    -0.8186477422714233,
    0.5742959976196289,
    -7.085273682605475e-05
   ],
   [
    4.017087817942411e-08,
    0.00012343046546448022,
    1.0
   ]
  ]
 },
 {
  "rotation_euler": [
   0.00011205809278180823,
   4.501518731103715e-07,
   2.5446081161499023
  ],
  "euler_order": "XYZ",
  "rotation_matrix": [
   [
    -0.8270345330238342,
    -0.5621511340141296,
    6.262129318201914e-05
   ],
   [
    0.5621511340141296,
    -0.8270345330238342,
    9.292896720580757e-05
   ],
   [
    -4.501518731103715e-07,
    0.00011205809278180823,
    1.0
   ]
  ]
 },
 {
  "rotation_euler": [
   0.00012215349124744534,
   -8.627785064163618e-07,
   -0.962751567363739
  ],
  "euler_order": "XYZ",
  "rotation_matrix": [
   [
    0.5712637305259705,
    0.8207665085792542,
    -0.00010075237514683977
   ],
   [
    -0.8207665681838989,
    0.5712637305259705,
    -6.907372153364122e-05
   ],
   [
    8.627785064163618e-07,
    0.00012215349124744534,
    1.0
   ]
  ]
 },
 {
  "rotation_euler": [
   0.0001237241958733648,
   -1.7317655931492482e-07,
   1.5528383255004883
  ],
  "euler_order": "XYZ",
  "rotation_matrix": [
   [
    0.017957035452127457,
    -0.9998387694358826,
    0.00012370113108772784
   ],
   [
    0.9998387694358826,
    0.017957035452127457,
    -2.3948684884089744e-06
   ],
   [
    1.7317655931492482e-07,
    0.0001237241958733648,
    1.0
   ]
  ]
 },
 {
  "rotation_euler": [
   0.00012306183634791523,
   6.763826831956976e-08,
   1.4900978803634644
  ],
  "euler_order": "XYZ",
  "rotation_matrix": [
   [
    0.08061088621616364,
    -0.9967456459999084,
    0.00012266679550521076
   ],
   [
    0.9967456459999084,
    0.08061088621616364,
    -9.852705261437222e-06
   ],
   [
    -6.763826831956976e-08,
    0.00012306183634791523,
    1.0
   ]
  ]
 },
 {
  "rotation_euler": [
   0.00010544060205575079,
   -2.717633265092445e-07,
   1.136088252067566
  ],
  "euler_order": "XYZ",
  "rotation_matrix": [
   [
    0.42114564776420593,
    -0.90699303150177,
    9.551944094710052e-05
   ],
   [
    0.90699303150177,
    0.42114564776420593,
    -4.4652337237494066e-05
   ],
   [
    2.717633265092445e-07,
    0.00010544060205575079,
    1.0
   ]
  ]
 },
 {
  "rotation_euler": [
   0.00011510373587952927,
   3.911558451363817e-06,
   0.1124146357178688
  ],
  "euler_order": "XYZ",
  "rotation_matrix": [
   [
    0.9936881065368652,
    -0.1121780201792717,
    1.6798978322185576e-05
   ],
   [
    0.1121780201792717,
    0.9936881065368652,
    -0.00011393842578399926
   ],
   [
    -3.911558451363817e-06,
    0.00011510373587952927,
    1.0
   ]
  ]
 },
 {
  "rotation_euler": [
   0.00010964759712805972,
   -1.268318072789043e-07,
   -0.3531780242919922
  ],
  "euler_order": "XYZ",
  "rotation_matrix": [
   [
    0.9382782578468323,
    0.3458814322948456,
    -3.8044068787712604e-05
   ],
   [
    -0.3458814322948456,
    0.9382781982421875,
    -0.00010283608571626246
   ],
   [
    1.268318072789043e-07,
    0.00010964759712805972,
    1.0
   ]
  ]
 },
 {
  "rotation_euler": [
   0.00011071279004681855,
   1.0872822713281494e-05,
   -1.4716802835464478
  ],
  "euler_order": "XYZ",
  "rotation_matrix": [
   [
    0.09895383566617966,
    0.9950920343399048,
    -0.00010909350385190919
   ],
   [
    -0.9950920343399048,
    0.09895383566617966,
    -2.1774914785055444e-05
   ],
   [
    -1.0872822713281494e-05,
    0.00011071279004681855,
    1.0
   ]
  ]
 },
 {
  "rotation_euler": [
   0.0001118265645345673,
   -1.0090348041558173e-06,
   2.3427300453186035
  ],
  "euler_order": "XYZ",
  "rotation_matrix": [
   [
    -0.6975221633911133,
    -0.7165631651878357,
    8.0834623076953e-05
   ],
   [
    0.7165632247924805,
    -0.6975221633911133,
    7.727846968919039e-05
   ],
   [
    1.0090348041558173e-06,
    0.0001118265645345673,
    1.0
   ]
  ]
 },
 {
  "rotation_euler": [
   0.00011181744048371911,
   1.101120801649813e-06,
   -0.8792345523834229
  ],
  "euler_order": "XYZ",
  "rotation_matrix": [
   [
    0.6377409100532532,
    0.7702509164810181,
    -8.542525756638497e-05
   ],
   [
    -0.7702509760856628,
    0.6377409100532532,
    -7.215869845822453e-05
   ],
   [
    -1.101120801649813e-06,
    0.00011181744048371911,
    1.0
   ]
  ]
 },
 {
  "rotation_euler": [
   0.00012175185838714242,
   4.558186219583149e-07,
   2.1704773902893066
  ],
  "euler_order": "XYZ",
  "rotation_matrix": [
   [
    -0.5643792152404785,
    -0.825515627861023,
    0.00010025081428466365
   ],
   [
    0.8255156874656677,
    -0.5643792152404785,
    6.909049989189953e-05
   ],
   [
    -4.558186219583149e-07,
    0.00012175185838714242,
    1.0
   ]
  ]
 },
 {
  "rotation_euler": [
   0.00011808074486907572,
   -3.176758582412731e-06,
   0.11604952812194824
  ],
  "euler_order": "XYZ",
  "rotation_matrix": [
   [
    0.9932737946510315,
    -0.11578921973705292,
    1.0517086593608838e-05
   ],
   [
    0.11578921973705292,
    0.9932737946510315,
    -0.00011765434464905411
   ],
   [
    3.176758582412731e-06,
    0.00011808074486907572,
    1.0
   ]
  ]
 },
 {
  "rotation_euler": [
   0.00012198875629110262,
   8.65511356096249e-06,
   -2.2258973121643066
  ],
  "euler_order": "XYZ",
  "rotation_matrix": [
   [
    -0.6092393398284912,
    0.7929863929748535,
    -0.00010200846008956432
   ],
   [
    -0.7929863929748535,
    -0.6092393398284912,
    6.745696009602398e-05
   ],
   [
    -8.65511356096249e-06,
    0.00012198875629110262,
    1.0
   ]
  ]
 }
]