[
 {
  "rotation_euler": [
   -1.521243929862976,
   -0.08199959993362427,
   -2.8083224296569824
  ],
  "euler_order": "XYZ",
  "rotation_matrix": [
   [
    -0.9418023824691772,
    -0.06110227480530739,
    0.3305673599243164
   ],
   [
    -0.32603585720062256,
    -0.07356874644756317,
    -0.9424904584884644
   ],
   [
    0.0819077342748642,
    -0.9954165816307068,
    0.04936568811535835
   ]
  ]
 },
 {
  "rotation_euler": [
   -1.522658109664917,
   -0.12531712651252747,
   2.3904881477355957
  ],
  "euler_order": "XYZ",
  "rotation_matrix": [
   [
    -0.7252036333084106,
    -0.12409242242574692,
    -0.6772597432136536
   ],
   [
    0.6770948171615601,
    0.050027407705783844,
    -0.7341933250427246
   ],
   [
    0.12498938292264938,
    -0.9910087585449219,
    0.04774227738380432
   ]
  ]
 },
 {
  "rotation_euler": [
   1.6605547666549683,
   0.1716194450855255,
   0.8737099170684814
  ],
  "euler_order": "XYZ",
  "rotation_matrix": [
   [
    0.6325554251670837,
    0.1779228150844574,
    0.7538017630577087
   ],
   [
    0.7554524540901184,
    0.07286491990089417,
    -0.6511391997337341
   ],
   [
    -0.17077822983264923,
    0.9813430309295654,
    -0.08832113444805145
   ]
  ]
 },
 {
  "rotation_euler": [
   -1.5231319665908813,
   0.13980935513973236,
   2.499237060546875
  ],
  "euler_order": "XYZ",
  "rotation_matrix": [
   [
    -0.7928741574287415,
    0.08290833979845047,
    -0.6037191152572632
   ],
   [
    0.5932376980781555,
    -0.12153979390859604,
    -0.7957996726036072
   ],
   [
    -0.13935433328151703,
    -0.9891179203987122,
    0.04718140885233879
   ]
  ]
 },
 {
  "rotation_euler": [
   -0.018987802788615227,
   0.058547209948301315,
   0.43421781063079834
  ],
  "euler_order": "XYZ",
  "rotation_matrix": [
   [
    0.9056450128555298,
    -0.4216329753398895,
    0.04508638009428978
   ],
   [
    0.41998010873794556,
    0.9065684676170349,
    0.041837047785520554
   ],
   [
    -0.05851376801729202,
    -0.01895412988960743,
    0.9981066584587097
   ]
  ]
 },
 {
  "rotation_euler": [
   -0.924281120300293,
   2.577613353729248,
   0.9590221047401428
  ],
  "euler_order": "XYZ",
  "rotation_matrix": [
   [
    -0.4853784143924713,
    -0.7381977438926697,
    -0.4684782922267914
   ],
   [
    -0.691852867603302,
    -0.0033126152120530605,
    0.7220309376716614
   ],
   [
    -0.5345534682273865,
    0.6745762825012207,
    -0.5091163516044617
   ]
  ]
 },
 {
  "rotation_euler": [
   -1.52036714553833,
   0.036229729652404785,
   2.9026522636413574
  ],
  "euler_order": "XYZ",
  "rotation_matrix": [
   [
    -0.9709517359733582,
    0.02321779727935791,
    -0.2381463646888733
   ],
   [
    0.23651793599128723,
    -0.05753752216696739,
    -0.9699220061302185
   ],
   [
    -0.03622180595993996,
    -0.9980733394622803,
    0.05037473142147064
   ]
  ]
 },
 {
  "rotation_euler": [
   -1.5198954343795776,
   -0.04010862112045288,
   -0.23258598148822784
  ],
  "euler_order": "XYZ",
  "rotation_matrix": [
   [
    0.9722909927368164,
    0.05069495737552643,
    0.228210911154747
   ],
   [
    -0.23030926287174225,
    0.04027855396270752,
    0.9722835421562195
   ],
   [
    0.04009786993265152,
    -0.9979016184806824,
    0.05083799734711647
   ]
  ]
 },
 {
  "rotation_euler": [
   -1.5218918323516846,
   -0.10304416716098785,
   -0.5932297110557556
  ],
  "euler_order": "XYZ",
  "rotation_matrix": [
   [
    0.8247414231300354,
    0.11251366138458252,
    0.5542041659355164
   ],
   [
    -0.5560764670372009,
    -0.016902871429920197,
    0.8309592604637146
   ],
   [
    0.1028619110584259,
    -0.9935063719749451,
    0.048625700175762177
   ]
  ]
 },
 {
  "rotation_euler": [
   -1.5216665267944336,
   -0.09485353529453278,
   0.08313369005918503
  ],
  "euler_order": "XYZ",
  "rotation_matrix": [
   [
    0.9920666813850403,
    0.09019238501787186,
    -0.08757298439741135
   ],
   [
    0.08266469091176987,
    0.05679557844996452,
    0.994957685470581
   ],
   [
    0.09471136331558228,
    -0.9943035840988159,
    0.04888927564024925
   ]
  ]
 },
 {
  "rotation_euler": [
   0.012662088498473167,
   -0.7873350381851196,
   0.7482147216796875
  ],
  "euler_order": "XYZ",
  "rotation_matrix": [
   [
    0.5172370672225952,
    -0.686851441860199,
    -0.5105888247489929
   ],
   [
    0.4801342785358429,
    0.7267429232597351,
    -0.4912390410900116
   ],
   [
    0.7084750533103943,
    0.00893585104495287,
    0.7056792974472046
   ]
  ]
 },
 {
  "rotation_euler": [
   -1.520066499710083,
   -0.03366396203637123,
   2.040449619293213
  ],
  "euler_order": "XYZ",
  "rotation_matrix": [
   [
    -0.45232072472572327,
    -0.06043073162436485,
    -0.8898056745529175
   ],
   [
    0.8912200331687927,
    0.007025409955531359,
    -0.4535168409347534
   ],
   [
    0.03365760296583176,
    -0.9981476664543152,
    0.050679340958595276
   ]
  ]
 },
 {
  "rotation_euler": [
   1.6625289916992188,
   -0.23186887800693512,
   2.59916615486145
  ],
  "euler_order": "XYZ",
  "rotation_matrix": [
   [
    -0.8335385918617249,
    0.24327139556407928,
    0.49601656198501587
   ],
   [
    0.5024010539054871,
    -0.03967086225748062,
    0.8637241125106812
   ],
   [
    0.22979678213596344,
    0.9691466689109802,
    -0.08915261924266815
   ]
  ]
 },
 {
  "rotation_euler": [
   -1.5214118957519531,
   0.05197213590145111,
   -0.39348864555358887
  ],
  "euler_order": "XYZ",
  "rotation_matrix": [
   [
    0.9223300218582153,
    -0.02899324707686901,
    0.3853137791156769
   ],
   [
    -0.3828950822353363,
    0.06548532098531723,
    0.9214678406715393
   ],
   [
    -0.05194874107837677,
    -0.9974322319030762,
    0.04929770529270172
   ]
  ]
 },
 {
  "rotation_euler": [
   -0.03387673571705818,
   0.08245426416397095,
   0.7990725636482239
  ],
  "euler_order": "XYZ",
  "rotation_matrix": [
   [
    0.6950024366378784,
    -0.7182437777519226,
    0.0331280454993248
   ],
   [
    0.7142746448516846,
    0.6949722766876221,
    0.08261511474847794
   ],
   [
    -0.08236086368560791,
    -0.03375518321990967,
    0.9960307478904724
   ]
  ]
 },
 {
  "rotation_euler": [
   1.6441683769226074,
   0.10237988829612732,
   0.039427559822797775
  ],
  "euler_order": "XYZ",
  "rotation_matrix": [
   [
    0.9939906597137451,
    0.10473647713661194,
    0.03182513639330864
   ],
   [
    0.03921094536781311,
    -0.06923160701990128,
    -0.9968296885490417
   ],
   [
    -0.10220113396644592,
    0.9920873045921326,
    -0.07292238622903824
   ]
  ]
 }
]