[
 {
  "rotation_euler": [
   0.5160679817199707,
   -0.08872728794813156,
   -1.3528621196746826
  ],
  "euler_order": "XYZ",
  "rotation_matrix": [
   [
    0.21536263823509216,
    0.8397387266159058,
    -0.4984554350376129
   ],
   [
    -0.9725055694580078,
    0.23074690997600555,
    -0.03144565224647522
   ],
   [
    0.08861091732978821,
    0.491522878408432,
    0.8663448095321655
   ]
  ]
 },
 {
  "rotation_euler": [
   -0.9327750205993652,
   0.14010991156101227,
   1.2349112033843994
  ],
  "euler_order": "XYZ",
  "rotation_matrix": [
   [
    0.3263750374317169,
    -0.5992987751960754,
    -0.730972170829773
   ],
   [
    0.9348672032356262,
    0.09040471911430359,
    0.34329333901405334
   ],
   [
    -0.13965195417404175,
    -0.7954042553901672,
    0.5897706151008606
   ]
  ]
 },
 {
  "rotation_euler": [
   1.564430832862854,
   -0.08061996102333069,
   -2.6124167442321777
  ],
  "euler_order": "XYZ",
  "rotation_matrix": [
   [
    -0.8604196310043335,
    0.0727296844124794,
    -0.5043693780899048
   ],
   [
    -0.5031824707984924,
    0.03515903651714325,
    0.8634646534919739
   ],
   [
    0.08053265511989594,
    0.9967317581176758,
    0.006344775669276714
   ]
  ]
 },
 {
  "rotation_euler": [
   -1.5289076566696167,
   -0.030087245628237724,
   -2.3198771476745605
  ],
  "euler_order": "XYZ",
  "rotation_matrix": [
   [
    -0.6806577444076538,
    0.010199408046901226,
    0.7325305938720703
   ],
   [
    -0.7319836616516113,
    -0.05052711069583893,
    -0.6794460415840149
   ],
   [
    0.03008270636200905,
    -0.9986706376075745,
    0.04185746982693672
   ]
  ]
 },
 {
  "rotation_euler": [
   1.5774452686309814,
   -7.949624318825954e-07,
   -1.4665935039520264
  ],
  "euler_order": "XYZ",
  "rotation_matrix": [
   [
    0.10401435196399689,
    -0.00661291042342782,
    -0.994553804397583
   ],
   [
    -0.9945757985115051,
    -0.0006907896022312343,
    -0.10401205718517303
   ],
   [
    7.949624318825954e-07,
    0.9999778866767883,
    -0.006648893002420664
   ]
  ]
 },
 {
  "rotation_euler": [
   -1.512824296951294,
   0.02268342487514019,
   2.069331169128418
  ],
  "euler_order": "XYZ",
  "rotation_matrix": [
   [
    -0.4780162274837494,
    -0.040060706436634064,
    -0.8774369955062866
   ],
   [
    0.878058135509491,
    -0.04759049415588379,
    -0.4761818051338196
   ],
   [
    -0.022681480273604393,
    -0.9980632662773132,
    0.05792465806007385
   ]
  ]
 },
 {
  "rotation_euler": [
   -1.5920606851577759,
   -0.03543434292078018,
   -2.3152036666870117
  ],
  "euler_order": "XYZ",
  "rotation_matrix": [
   [
    -0.6771107316017151,
    -0.03963612765073776,
    0.7348129153251648
   ],
   [
    -0.7350279092788696,
    -0.011643962934613228,
    -0.6779369115829468
   ],
   [
    0.03542692959308624,
    -0.9991463422775269,
    -0.021249407902359962
   ]
  ]
 },
 {
  "rotation_euler": [
   -0.009160925634205341,
   -0.10893286764621735,
   1.1088768243789673
  ],
  "euler_order": "XYZ",
  "rotation_matrix": [
   [
    0.4430256485939026,
    -0.894717276096344,
    -0.0566505566239357
   ],
   [
    0.889892578125,
    0.44654011726379395,
    -0.09323706477880478
   ],
   [
    0.10871755331754684,
    -0.009106498211622238,
    0.9940309524536133
   ]
  ]
 },
 {
  "rotation_euler": [
   -1.564146637916565,
   2.2863343929202529e-07,
   2.1686110496520996
  ],
  "euler_order": "XYZ",
  "rotation_matrix": [
   [
    -0.562837541103363,
    -0.005496247671544552,
    -0.8265492916107178
   ],
   [
    0.826567530632019,
    -0.0037428559735417366,
    -0.562825083732605
   ],
   [
    -2.2863343929202529e-07,
    -0.9999778866767883,
    0.0066496399231255054
   ]
  ]
 },
 {
  "rotation_euler": [
   -1.5150362253189087,
   0.047109924256801605,
   0.9702075123786926
  ],
  "euler_order": "XYZ",
  "rotation_matrix": [
   [
    0.5645013451576233,
    -0.07255036383867264,
    -0.8222376108169556
   ],
   [
    0.8240876793861389,
    -0.007295784540474415,
    0.5664152503013611
   ],
   [
    -0.0470925010740757,
    -0.997338056564331,
    0.055669378489255905
   ]
  ]
 },
 {
  "rotation_euler": [
   -0.009877489879727364,
   0.14810584485530853,
   3.052295207977295
  ],
  "euler_order": "XYZ",
  "rotation_matrix": [
   [
    -0.9851115942001343,
    -0.08772272616624832,
    -0.14785070717334747
   ],
   [
    0.08820252120494843,
    -0.9960970282554626,
    0.0033210539259016514
   ],
   [
    -0.14756497740745544,
    -0.009769195690751076,
    0.9890041351318359
   ]
  ]
 },
 {
  "rotation_euler": [
   1.5544298887252808,
   -0.08217526227235794,
   3.05353045463562
  ],
  "euler_order": "XYZ",
  "rotation_matrix": [
   [
    -0.9927636384963989,
    0.08031444996595383,
    0.08927477896213531
   ],
   [
    0.08765164017677307,
    -0.02352037839591503,
    0.9958734512329102
   ],
   [
    0.08208280801773071,
    0.9964920282363892,
    0.01631048135459423
   ]
  ]
 },
 {
  "rotation_euler": [
   0.005982082337141037,
   -0.28067347407341003,
   1.121091604232788
  ],
  "euler_order": "XYZ",
  "rotation_matrix": [
   [
    0.4176894426345825,
    -0.9012796878814697,
    -0.11502359062433243
   ],
   [
    0.8653351664543152,
    0.43319955468177795,
    -0.25205788016319275
   ],
   [
    0.27700284123420715,
    0.005747963674366474,
    0.9608519077301025
   ]
  ]
 },
 {
  "rotation_euler": [
   1.599703311920166,
   -0.02478284202516079,
   0.03878600895404816
  ],
  "euler_order": "XYZ",
  "rotation_matrix": [
   [
    0.9989410638809204,
    -0.023630574345588684,
    0.03947576880455017
   ],
   [
    0.03876437619328499,
    -0.0298417080193758,
    -0.998802661895752
   ],
   [
    0.024780305102467537,
    0.999275267124176,
    -0.028894083574414253
   ]
  ]
 },
 {
  "rotation_euler": [
   -0.011978577822446823,
   0.17543019354343414,
   -1.9615949392318726
  ],
  "euler_order": "XYZ",
  "rotation_matrix": [
   [
    -0.37508028745651245,
    0.925335168838501,
    -0.05540388450026512
   ],
   [
    -0.9104138612747192,
    -0.37896662950515747,
    -0.16592422127723694
   ],
   [
    -0.1745317429304123,
    -0.011794443242251873,
    0.984580934047699
   ]
  ]
 },
 {
  "rotation_euler": [
   1.5423179864883423,
   -0.003345123026520014,
   3.0112435817718506
  ],
  "euler_order": "XYZ",
  "rotation_matrix": [
   [
    -0.9915110468864441,
    -0.00038572787889279425,
    0.13002200424671173
   ],
   [
    0.12997953593730927,
    -0.028667552396655083,
    0.9911021590232849
   ],
   [
    0.003345116740092635,
    0.9995889067649841,
    0.02847433090209961
   ]
  ]
 }
]