[
 {
  "rotation_euler": [
   0.464908629655838,
   -2.6742117404937744,
   -0.22017106413841248
  ],
  "euler_order": "XYZ",
  "rotation_matrix": [
   [
    -0.871200442314148,
    -0.0019071741262450814,
    -0.49092376232147217
   ],
   [
    0.19497382640838623,
    0.9164008498191833,
    -0.34956350922584534
   ],
   [
    0.4505496323108673,
    -0.4002571702003479,
    -0.797996997833252
   ]
  ]
 },
 {
  "rotation_euler": [
   -2.732853651046753,
   -0.2582223117351532,
   0.6355574131011963
  ],
  "euler_order": "XYZ",
  "rotation_matrix": [
   [
    0.7780601382255554,
    0.6264015436172485,
    -0.047366365790367126
   ],
   [
    0.5739447474479675,
    -0.6781988739967346,
    0.4589484632015228
   ],
   [
    0.25536221265792847,
    -0.3842751681804657,
    -0.8871994018554688
   ]
  ]
 },
 {
  "rotation_euler": [
   0.3908553123474121,
   -1.4230202436447144,
   -2.667189598083496
  ],
  "euler_order": "XYZ",
  "rotation_matrix": [
   [
    -0.13097858428955078,
    0.7575690746307373,
    0.6394792199134827
   ],
   [
    -0.06725979596376419,
    -0.6503402590751648,
    0.7566595673561096
   ],
   [
    0.989100992679596,
    0.056094951927661896,
    0.13613459467887878
   ]
  ]
 },
 {
  "rotation_euler": [
   0.532149076461792,
   -1.3976880311965942,
   1.644905686378479
  ],
  "euler_order": "XYZ",
  "rotation_matrix": [
   [
    -0.012753286398947239,
    -0.8223471641540527,
    0.5688431262969971
   ],
   [
    0.17177222669124603,
    -0.5622341632843018,
    -0.8089419007301331
   ],
   [
    0.9850541353225708,
    0.08739478141069412,
    0.14842674136161804
   ]
  ]
 },
 {
  "rotation_euler": [
   1.0227172374725342,
   -1.7014480829238892,
   1.217710018157959
  ],
  "euler_order": "XYZ",
  "rotation_matrix": [
   [
    -0.045050349086523056,
    -0.7815353274345398,
    0.6222322583198547
   ],
   [
    -0.12224336713552475,
    -0.6138709783554077,
    -0.7798839807510376
   ],
   [
    0.9914771914482117,
    -0.1111978143453598,
    -0.06788241118192673
   ]
  ]
 },
 {
  "rotation_euler": [
   0.10506311058998108,
   -1.1636382341384888,
   -2.6890337467193604
  ],
  "euler_order": "XYZ",
  "rotation_matrix": [
   [
    -0.3561363220214844,
    0.5214598774909973,
    0.7754008769989014
   ],
   [
    -0.17315882444381714,
    -0.8522646427154541,
    0.4936203360557556
   ],
   [
    0.9182499051094055,
    0.04152863472700119,
    0.3938177824020386
   ]
  ]
 },
 {
  "rotation_euler": [
   0.7377682328224182,
   -2.1158018112182617,
   -1.617809772491455
  ],
  "euler_order": "XYZ",
  "rotation_matrix": [
   [
    0.024363864213228226,
    0.7661856412887573,
    -0.6421573162078857
   ],
   [
    0.5178499817848206,
    0.5397779941558838,
    0.6636800169944763
   ],
   [
    0.8551244735717773,
    -0.34871092438697815,
    -0.3836181163787842
   ]
  ]
 },
 {
  "rotation_euler": [
   0.7434122562408447,
   -2.1233155727386475,
   1.2810468673706055
  ],
  "euler_order": "XYZ",
  "rotation_matrix": [
   [
    -0.14995123445987701,
    -0.8700752258300781,
    0.46955692768096924
   ],
   [
    -0.5029558539390564,
    -0.34175360202789307,
    -0.7938764691352844
   ],
   [
    0.851205050945282,
    -0.3552091717720032,
    -0.38636305928230286
   ]
  ]
 },
 {
  "rotation_euler": [
   1.7002739906311035,
   -1.622814655303955,
   0.6663946509361267
  ],
  "euler_order": "XYZ",
  "rotation_matrix": [
   [
    -0.04087085276842117,
    -0.6986074447631836,
    0.7143369317054749
   ],
   [
    -0.03214094415307045,
    -0.7136450409889221,
    -0.6997697353363037
   ],
   [
    0.9986473321914673,
    -0.05155964940786362,
    0.006713380105793476
   ]
  ]
 },
 {
  "rotation_euler": [
   0.5491928458213806,
   -2.441348075866699,
   -1.6054068803787231
  ],
  "euler_order": "XYZ",
  "rotation_matrix": [
   [
    0.02646087296307087,
    0.864075243473053,
    -0.502666711807251
   ],
   [
    0.7642266154289246,
    0.30666208267211914,
    0.567376434803009
   ],
   [
    0.6444047093391418,
    -0.3991645574569702,
    -0.6522347927093506
   ]
  ]
 },
 {
  "rotation_euler": [
   1.8958042860031128,
   -1.6189082860946655,
   0.6628420948982239
  ],
  "euler_order": "XYZ",
  "rotation_matrix": [
   [
    -0.037909455597400665,
    -0.5496216416358948,
    0.8345531225204468
   ],
   [
    -0.02959473617374897,
    -0.8341696262359619,
    -0.5507133603096008
   ],
   [
    0.9988428354263306,
    -0.04557562246918678,
    0.015357008203864098
   ]
  ]
 },
 {
  "rotation_euler": [
   -2.4003307819366455,
   -1.0152301788330078,
   0.8827719688415527
  ],
  "euler_order": "XYZ",
  "rotation_matrix": [
   [
    0.3349209427833557,
    0.9340966939926147,
    -0.123658187687397
   ],
   [
    0.40743643045425415,
    -0.025236481800675392,
    0.9128848314285278
   ],
   [
    0.8496019840240479,
    -0.3561270833015442,
    -0.38903725147247314
   ]
  ]
 },
 {
  "rotation_euler": [
   0.4184684455394745,
   -2.8446905612945557,
   -0.006895136553794146
  ],
  "euler_order": "XYZ",
  "rotation_matrix": [
   [
    -0.9562246799468994,
    -0.11258187890052795,
    -0.270110547542572
   ],
   [
    0.006593404337763786,
    0.9145103693008423,
    -0.40450870990753174
   ],
   [
    0.2925592362880707,
    -0.38858217000961304,
    -0.8737350702285767
   ]
  ]
 },
 {
  "rotation_euler": [
   0.9218629002571106,
   1.9172812700271606,
   -1.0796256065368652
  ],
  "euler_order": "XYZ",
  "rotation_matrix": [
   [
    -0.16017228364944458,
    0.8863449692726135,
    -0.43443921208381653
   ],
   [
    0.2994474172592163,
    -0.3757494390010834,
    -0.877008318901062
   ],
   [
    -0.940572202205658,
    -0.27056413888931274,
    -0.20522905886173248
   ]
  ]
 },
 {
  "rotation_euler": [
   0.5885497331619263,
   -1.3851927518844604,
   -1.0227382183074951
  ],
  "euler_order": "XYZ",
  "rotation_matrix": [
   [
    0.09615089744329453,
    0.4256422221660614,
    -0.8997687101364136
   ],
   [
    -0.15751169621944427,
    0.8990734219551086,
    0.4084813594818115
   ],
   [
    0.9828250408172607,
    0.1024482473731041,
    0.153490349650383
   ]
  ]
 },
 {
  "rotation_euler": [
   -2.5703670978546143,
   -1.74813711643219,
   0.2303914874792099
  ],
  "euler_order": "XYZ",
  "rotation_matrix": [
   [
    -0.17175135016441345,
    0.7102261781692505,
    0.6827006936073303
   ],
   [
    -0.040285371243953705,
    -0.697482168674469,
    0.7154688239097595
   ],
   [
    0.9843162894248962,
    0.09537989646196365,
    0.14840523898601532
   ]
  ]
 }
]