[
 {
  "rotation_euler": [
   1.5154399871826172,
   1.6708897352218628,
   -0.807792603969574
  ],
  "euler_order": "XYZ",
  "rotation_matrix": [
   [
    -0.06905865669250488,
    0.7265722751617432,
    -0.6836106777191162
   ],
   [
    0.07222311943769455,
    -0.6798073053359985,
    -0.7298259139060974
   ],
   [
    -0.9949948191642761,
    -0.09977329522371292,
    -0.005528732668608427
   ]
  ]
 },
 {
  "rotation_euler": [
   -1.6264302730560303,
   1.4707038402557373,
   -0.9150649309158325
  ],
  "euler_order": "XYZ",
  "rotation_matrix": [
   [
    0.06092844903469086,
    -0.6498215198516846,
    0.7576408982276917
   ],
   [
    -0.0792011246085167,
    0.7535102963447571,
    0.6526479721069336
   ],
   [
    -0.9949949383735657,
    -0.09977083653211594,
    -0.005556379444897175
   ]
  ]
 },
 {
  "rotation_euler": [
   -1.6261513233184814,
   1.470702886581421,
   -0.7991964817047119
  ],
  "euler_order": "XYZ",
  "rotation_matrix": [
   [
    0.0696769654750824,
    -0.7323881983757019,
    0.6773128509521484
   ],
   [
    -0.07162684202194214,
    0.67353755235672,
    0.7356743812561035
   ],
   [
    -0.9949948191642761,
    -0.0997733324766159,
    -0.005528600420802832
   ]
  ]
 },
 {
  "rotation_euler": [
   -1.599050521850586,
   -1.4739291667938232,
   -1.5063921213150024
  ],
  "euler_order": "XYZ",
  "rotation_matrix": [
   [
    0.0062245954759418964,
    0.03584054112434387,
    0.9993381500244141
   ],
   [
    -0.0965152308344841,
    -0.9946702718734741,
    0.036274299025535583
   ],
   [
    0.9953120350837708,
    -0.09667713940143585,
    -0.0027322620153427124
   ]
  ]
 },
 {
  "rotation_euler": [
   1.5154262781143188,
   1.6708897352218628,
   0.005784688517451286
  ],
  "euler_order": "XYZ",
  "rotation_matrix": [
   [
    -0.09992468357086182,
    0.9931332468986511,
    0.060839634388685226
   ],
   [
    -0.0005780396168120205,
    0.061087716370821,
    -0.9981322288513184
   ],
   [
    -0.9949948191642761,
    -0.09977322071790695,
    -0.005530100781470537
   ]
  ]
 },
 {
  "rotation_euler": [
   1.5151724815368652,
   1.6708898544311523,
   1.4649494886398315
  ],
  "euler_order": "XYZ",
  "rotation_matrix": [
   [
    -0.010557162575423717,
    0.049673907458782196,
    0.9987096786499023
   ],
   [
    -0.09936723113059998,
    0.993769645690918,
    -0.05047858878970146
   ],
   [
    -0.9949948191642761,
    -0.09977193176746368,
    -0.00555542903020978
   ]
  ]
 },
 {
  "rotation_euler": [
   -1.59905207157135,
   -1.4739292860031128,
   -0.8638008236885071
  ],
  "euler_order": "XYZ",
  "rotation_matrix": [
   [
    0.06282185763120651,
    0.6247687339782715,
    0.7782785296440125
   ],
   [
    -0.0735345184803009,
    -0.7748016119003296,
    0.6279132962226868
   ],
   [
    0.9953120350837708,
    -0.0966770201921463,
    -0.0027324084658175707
   ]
  ]
 },
 {
  "rotation_euler": [
   -1.5990509986877441,
   -1.4739290475845337,
   1.554121494293213
  ],
  "euler_order": "XYZ",
  "rotation_matrix": [
   [
    0.0016126460395753384,
    0.04483625292778015,
    -0.9989930391311646
   ],
   [
    0.09670241922140121,
    0.9943053722381592,
    0.044781967997550964
   ],
   [
    0.9953120350837708,
    -0.0966772586107254,
    -0.002732311375439167
   ]
  ]
 },
 {
  "rotation_euler": [
   1.5151792764663696,
   1.670889973640442,
   0.8771260380744934
  ],
  "euler_order": "XYZ",
  "rotation_matrix": [
   [
    -0.06388942897319794,
    0.5924376249313354,
    0.8030789494514465
   ],
   [
    -0.07683401554822922,
    0.7994142770767212,
    -0.5958467721939087
   ],
   [
    -0.9949948191642761,
    -0.09977208822965622,
    -0.005554757546633482
   ]
  ]
 },
 {
  "rotation_euler": [
   1.5425403118133545,
   -1.6676634550094604,
   -1.2489300966262817
  ],
  "euler_order": "XYZ",
  "rotation_matrix": [
   [
    -0.030594807118177414,
    -0.28792744874954224,
    -0.957163393497467
   ],
   [
    0.09174904227256775,
    0.952759861946106,
    -0.2895354628562927
   ],
   [
    0.9953120350837708,
    -0.09667710214853287,
    -0.0027324368711560965
   ]
  ]
 },
 {
  "rotation_euler": [
   -1.599100947380066,
   -1.473931074142456,
   1.5510011911392212
  ],
  "euler_order": "XYZ",
  "rotation_matrix": [
   [
    0.0019143386743962765,
    0.04798845946788788,
    -0.9988460540771484
   ],
   [
    0.09669489413499832,
    0.9941584467887878,
    0.04794856905937195
   ],
   [
    0.9953122138977051,
    -0.09667510539293289,
    -0.002737083239480853
   ]
  ]
 },
 {
  "rotation_euler": [
   1.5425368547439575,
   -1.66766357421875,
   1.2939592599868774
  ],
  "euler_order": "XYZ",
  "rotation_matrix": [
   [
    -0.02643384039402008,
    -0.2991044819355011,
    0.9538541436195374
   ],
   [
    -0.09303335100412369,
    -0.949310302734375,
    -0.3002578318119049
   ],
   [
    0.9953120350837708,
    -0.09667721390724182,
    -0.0027327744755893946
   ]
  ]
 },
 {
  "rotation_euler": [
   1.5151880979537964,
   1.6708896160125732,
   0.5608668327331543
  ],
  "euler_order": "XYZ",
  "rotation_matrix": [
   [
    -0.08461697399616241,
    0.8116897344589233,
    0.5779271125793457
   ],
   [
    -0.05315280705690384,
    0.57550448179245,
    -0.816069483757019
   ],
   [
    -0.9949948191642761,
    -0.09977178275585175,
    -0.005553857889026403
   ]
  ]
 },
 {
  "rotation_euler": [
   -1.5990523099899292,
   -1.4739291667938232,
   -0.7361286282539368
  ],
  "euler_order": "XYZ",
  "rotation_matrix": [
   [
    0.07167346775531769,
    0.7183356881141663,
    0.6919947862625122
   ],
   [
    -0.06493727117776871,
    -0.6889466047286987,
    0.721897304058075
   ],
   [
    0.9953120350837708,
    -0.09667713940143585,
    -0.0027324347756803036
   ]
  ]
 },
 {
  "rotation_euler": [
   -1.6264184713363647,
   1.4707027673721313,
   -1.604828953742981
  ],
  "euler_order": "XYZ",
  "rotation_matrix": [
   [
    -0.0034001050516963005,
    -0.021757883951067924,
    0.9997574687004089
   ],
   [
    -0.09986864775419235,
    0.9947724342346191,
    0.02130974642932415
   ],
   [
    -0.9949948191642761,
    -0.09977196902036667,
    -0.005555260926485062
   ]
  ]
 },
 {
  "rotation_euler": [
   -0.41273918747901917,
   -0.000723598466720432,
   -0.3200773298740387
  ],
  "euler_order": "XYZ",
  "rotation_matrix": [
   [
    0.9492108225822449,
    0.2884937524795532,
    0.12557920813560486
   ],
   [
    -0.3146398961544037,
    0.8694102764129639,
    0.38095611333847046
   ],
   [
    0.0007235984085127711,
    -0.4011198878288269,
    0.9160252809524536
   ]
  ]
 }
]