[
 {
  "rotation_euler": [
   -2.151779890060425,
   -1.446493148803711,
   0.8665766716003418
  ],
  "euler_order": "XYZ",
  "rotation_matrix": [
   [
    0.08027167618274689,
    0.9553189277648926,
    -0.28446832299232483
   ],
   [
    0.09448979794979095,
    0.2768111228942871,
    0.9562673568725586
   ],
   [
    0.9922842979431152,
    -0.10364053398370743,
    -0.06804779917001724
   ]
  ]
 },
 {
  "rotation_euler": [
   -0.041718192398548126,
   0.0029981073457747698,
   -2.1928281784057617
  ],
  "euler_order": "XYZ",
  "rotation_matrix": [
   [
    -0.5826849937438965,
    0.8120619654655457,
    0.032148946076631546
   ],
   [
    -0.8126925230026245,
    -0.5820790529251099,
    -0.026736050844192505
   ],
   [
    -0.0029981029219925404,
    -0.0417059063911438,
    0.9991254210472107
   ]
  ]
 },
 {
  "rotation_euler": [
   -0.041721243411302567,
   0.002972210990265012,
   0.0955602377653122
  ],
  "euler_order": "XYZ",
  "rotation_matrix": [
   [
    0.9954332113265991,
    -0.09545523673295975,
    -0.0010236004600301385
   ],
   [
    0.09541444480419159,
    0.9945595264434814,
    0.041802193969488144
   ],
   [
    -0.0029722065664827824,
    -0.04170895740389824,
    0.9991253614425659
   ]
  ]
 },
 {
  "rotation_euler": [
   -0.04171993210911751,
   0.002970755100250244,
   -0.37240487337112427
  ],
  "euler_order": "XYZ",
  "rotation_matrix": [
   [
    0.9314509034156799,
    0.36342447996139526,
    0.017940377816557884
   ],
   [
    -0.36385491490364075,
    0.9306895732879639,
    0.03776898235082626
   ],
   [
    -0.0029707506764680147,
    -0.04170764610171318,
    0.9991254210472107
   ]
  ]
 },
 {
  "rotation_euler": [
   -0.041713640093803406,
   0.0030106864869594574,
   -2.674135446548462
  ],
  "euler_order": "XYZ",
  "rotation_matrix": [
   [
    -0.8927129507064819,
    0.45033785700798035,
    0.016106106340885162
   ],
   [
    -0.45061570405960083,
    -0.8918838500976562,
    -0.03858316317200661
   ],
   [
    -0.0030106818303465843,
    -0.04170135408639908,
    0.999125599861145
   ]
  ]
 },
 {
  "rotation_euler": [
   -2.1568148136138916,
   1.4859187602996826,
   -0.8321359157562256
  ],
  "euler_order": "XYZ",
  "rotation_matrix": [
   [
    0.05707930773496628,
    -0.9678462743759155,
    0.24498072266578674
   ],
   [
    -0.0626806989312172,
    0.2414226531982422,
    0.9683936238288879
   ],
   [
    -0.9964000582695007,
    -0.07063080370426178,
    -0.04688504338264465
   ]
  ]
 },
 {
  "rotation_euler": [
   -0.04172061011195183,
   0.0029711343813687563,
   2.3830742835998535
  ],
  "euler_order": "XYZ",
  "rotation_matrix": [
   [
    -0.7258527278900146,
    -0.6871582269668579,
    -0.03084379807114601
   ],
   [
    0.6878437399864197,
    -0.7253095507621765,
    -0.02823246456682682
   ],
   [
    -0.002971129957586527,
    -0.0417083241045475,
    0.9991254210472107
   ]
  ]
 },
 {
  "rotation_euler": [
   -0.041713323444128036,
   0.0030119505245238543,
   -0.4058282971382141
  ],
  "euler_order": "XYZ",
  "rotation_matrix": [
   [
    0.9187715649604797,
    0.39432111382484436,
    0.019227702170610428
   ],
   [
    -0.39477813243865967,
    0.9180260896682739,
    0.037126053124666214
   ],
   [
    -0.003011945867910981,
    -0.04170103743672371,
    0.999125599861145
   ]
  ]
 },
 {
  "rotation_euler": [
   -1.9690464735031128,
   1.526978850364685,
   -0.5666271448135376
  ],
  "euler_order": "XYZ",
  "rotation_matrix": [
   [
    0.03695768862962723,
    -0.9851115942001343,
    0.1678965836763382
   ],
   [
    -0.023513229563832283,
    0.16710761189460754,
    0.9856582283973694
   ],
   [
    -0.9990401864051819,
    -0.04037544131278992,
    -0.01698724366724491
   ]
  ]
 },
 {
  "rotation_euler": [
   -0.04171113669872284,
   0.003017623210325837,
   -1.1307519674301147
  ],
  "euler_order": "XYZ",
  "rotation_matrix": [
   [
    0.4259776473045349,
    0.9038922190666199,
    0.03901081532239914
   ],
   [
    -0.9047286510467529,
    0.4257229268550873,
    0.015035177581012249
   ],
   [
    -0.003017618553712964,
    -0.04169885441660881,
    0.9991256594657898
   ]
  ]
 },
 {
  "rotation_euler": [
   -0.04171032831072807,
   0.003018028335645795,
   -3.021131753921509
  ],
  "euler_order": "XYZ",
  "rotation_matrix": [
   [
    -0.9927488565444946,
    0.12019019573926926,
    0.002017320366576314
   ],
   [
    -0.12016922980546951,
    -0.9918748140335083,
    -0.041758421808481216
   ],
   [
    -0.003018023679032922,
    -0.041698046028614044,
    0.9991257190704346
   ]
  ]
 },
 {
  "rotation_euler": [
   0.9967348575592041,
   -1.6938300132751465,
   0.7783992290496826
  ],
  "euler_order": "XYZ",
  "rotation_matrix": [
   [
    -0.08738385885953903,
    -0.9746760129928589,
    0.20584161579608917
   ],
   [
    -0.08616915345191956,
    -0.19846197962760925,
    -0.9763133525848389
   ],
   [
    0.9924408793449402,
    -0.10305123031139374,
    -0.06664463132619858
   ]
  ]
 },
 {
  "rotation_euler": [
   0.9463839530944824,
   -1.704537034034729,
   0.4802703857421875
  ],
  "euler_order": "XYZ",
  "rotation_matrix": [
   [
    -0.11825735121965408,
    -0.983204185962677,
    -0.13901333510875702
   ],
   [
    -0.06160670518875122,
    0.14699067175388336,
    -0.9872174859046936
   ],
   [
    0.991070032119751,
    -0.10818157345056534,
    -0.07795470207929611
   ]
  ]
 },
 {
  "rotation_euler": [
   0.9792217016220093,
   1.658143162727356,
   -0.1287357062101364
  ],
  "euler_order": "XYZ",
  "rotation_matrix": [
   [
    -0.0865139365196228,
    0.8916502594947815,
    0.4443817138671875
   ],
   [
    0.011199369095265865,
    0.44689640402793884,
    -0.8945156335830688
   ],
   [
    -0.996187686920166,
    -0.07241126894950867,
    -0.048648685216903687
   ]
  ]
 },
 {
  "rotation_euler": [
   0.9067899584770203,
   1.6912134885787964,
   -0.21748240292072296
  ],
  "euler_order": "XYZ",
  "rotation_matrix": [
   [
    -0.11729663610458374,
    0.896385133266449,
    0.42747536301612854
   ],
   [
    0.025919906795024872,
    0.43306344747543335,
    -0.9009906649589539
   ],
   [
    -0.9927586317062378,
    -0.0946030542254448,
    -0.07403109967708588
   ]
  ]
 },
 {
  "rotation_euler": [
   -2.112008571624756,
   -1.4545162916183472,
   0.3561428487300873
  ],
  "euler_order": "XYZ",
  "rotation_matrix": [
   [
    0.10873787850141525,
    0.9774988889694214,
    0.18075412511825562
   ],
   [
    0.04045109823346138,
    -0.1860327422618866,
    0.9817104935646057
   ],
   [
    0.9932470917701721,
    -0.099437415599823,
    -0.059769704937934875
   ]
  ]
 }
]