[
 {
  "rotation_euler": [
   -0.005977938883006573,
   0.0005914830835536122,
   -0.7526429295539856
  ],
  "euler_order": "XYZ",
  "rotation_matrix": [
   [
    0.729884684085846,
    0.6835553646087646,
    0.0045180232264101505
   ],
   [
    -0.6835700869560242,
    0.7298741936683655,
    0.003958867862820625
   ],
   [
    -0.0005914830253459513,
    -0.005977902095764875,
    0.9999819397926331
   ]
  ]
 },
 {
  "rotation_euler": [
   -0.0007184441201388836,
   0.0038980299141258,
   -1.6282466650009155
  ],
  "euler_order": "XYZ",
  "rotation_matrix": [
   [
    -0.057418305426836014,
    0.9983500838279724,
    0.0004934394382871687
   ],
   [
    -0.9983425736427307,
    -0.057415928691625595,
    -0.0039328401908278465
   ],
   [
    -0.0038980201352387667,
    -0.0007184385904110968,
    0.9999921321868896
   ]
  ]
 },
 {
  "rotation_euler": [
   -0.0024098213762044907,
   0.0028065559454262257,
   1.1258217096328735
  ],
  "euler_order": "XYZ",
  "rotation_matrix": [
   [
    0.4304332733154297,
    -0.902621865272522,
    -0.0009671199950389564
   ],
   [
    0.9026180505752563,
    0.430427610874176,
    0.00357051775790751
   ],
   [
    -0.002806552220135927,
    -0.0024098095018416643,
    0.9999931454658508
   ]
  ]
 },
 {
  "rotation_euler": [
   -0.0007703920127823949,
   0.003861845238134265,
   1.4962449073791504
  ],
  "euler_order": "XYZ",
  "rotation_matrix": [
   [
    0.07448182255029678,
    -0.9972222447395325,
    -0.00048061340930871665
   ],
   [
    0.9972149133682251,
    0.07447939366102219,
    0.003908488433808088
   ],
   [
    -0.003861835692077875,
    -0.0007703861920163035,
    0.9999922513961792
   ]
  ]
 },
 {
  "rotation_euler": [
   -0.005327642895281315,
   0.001023483811877668,
   3.1110029220581055
  ],
  "euler_order": "XYZ",
  "rotation_matrix": [
   [
    -0.999531626701355,
    -0.03057907707989216,
    -0.0011859352234750986
   ],
   [
    0.030584944412112236,
    -0.9995181560516357,
    -0.005293822381645441
   ],
   [
    -0.0010234835790470243,
    -0.005327614955604076,
    0.9999852776527405
   ]
  ]
 },
 {
  "rotation_euler": [
   -0.0012807162711396813,
   0.0035136775113642216,
   2.0403261184692383
  ],
  "euler_order": "XYZ",
  "rotation_matrix": [
   [
    -0.45246422290802,
    -0.8917783498764038,
    -0.0027319369837641716
   ],
   [
    0.8917756080627441,
    -0.45247066020965576,
    0.0025539405178278685
   ],
   [
    -0.0035136702936142683,
    -0.0012807080056518316,
    0.9999930262565613
   ]
  ]
 },
 {
  "rotation_euler": [
   -0.0032086996361613274,
   0.00234558735974133,
   -1.2210004329681396
  ],
  "euler_order": "XYZ",
  "rotation_matrix": [
   [
    0.3427051305770874,
    0.9394352436065674,
    0.0038182262796908617
   ],
   [
    -0.9394400715827942,
    0.3427113890647888,
    -0.0011038925731554627
   ],
   [
    -0.0023455852642655373,
    -0.003208685200661421,
    0.9999920725822449
   ]
  ]
 },
 {
  "rotation_euler": [
   -0.0026610817294567823,
   0.002668301109224558,
   -0.6683825850486755
  ],
  "euler_order": "XYZ",
  "rotation_matrix": [
   [
    0.7848222255706787,
    0.6197096705436707,
    0.0037432564422488213
   ],
   [
    -0.6197152137756348,
    0.7848266363143921,
    0.00043489623931236565
   ],
   [
    -0.0026682978495955467,
    -0.002661069156602025,
    0.9999929070472717
   ]
  ]
 },
 {
  "rotation_euler": [
   -0.004835993517190218,
   0.0013148713624104857,
   1.1897715330123901
  ],
  "euler_order": "XYZ",
  "rotation_matrix": [
   [
    0.3718716502189636,
    -0.9282755255699158,
    -0.00400019995868206
   ],
   [
    0.9282832145690918,
    0.3718617260456085,
    0.003018922870978713
   ],
   [
    -0.0013148710131645203,
    -0.00483597069978714,
    0.9999874234199524
   ]
  ]
 },
 {
  "rotation_euler": [
   -0.005119943059980869,
   0.0011285123182460666,
   1.4892555475234985
  ],
  "euler_order": "XYZ",
  "rotation_matrix": [
   [
    0.08145039528608322,
    -0.996664822101593,
    -0.005010992754250765
   ],
   [
    0.9966767430305481,
    0.08144362270832062,
    0.0015417676186189055
   ],
   [
    -0.001128512085415423,
    -0.005119917448610067,
    0.9999862313270569
   ]
  ]
 },
 {
  "rotation_euler": [
   -0.004949662834405899,
   0.001253290451131761,
   -2.9536051750183105
  ],
  "euler_order": "XYZ",
  "rotation_matrix": [
   [
    -0.9823815822601318,
    0.1868860125541687,
    -0.00030619485187344253
   ],
   [
    -0.18688206374645233,
    -0.9823691248893738,
    -0.005096656270325184
   ],
   [
    -0.0012532901018857956,
    -0.004949638620018959,
    0.9999869465827942
   ]
  ]
 },
 {
  "rotation_euler": [
   -0.001040532486513257,
   0.0036442403215914965,
   2.423976421356201
  ],
  "euler_order": "XYZ",
  "rotation_matrix": [
   [
    -0.7533704042434692,
    -0.657587468624115,
    -0.0034297178499400616
   ],
   [
    0.6575862765312195,
    -0.7533774971961975,
    0.0016125004040077329
   ],
   [
    -0.0036442321725189686,
    -0.0010405253851786256,
    0.999992847442627
   ]
  ]
 },
 {
  "rotation_euler": [
   -0.00381595641374588,
   0.0019446881487965584,
   -0.25844284892082214
  ],
  "euler_order": "XYZ",
  "rotation_matrix": [
   [
    0.9667872786521912,
    0.25556638836860657,
    0.0028553507290780544
   ],
   [
    -0.25557494163513184,
    0.9667840003967285,
    0.0031922056805342436
   ],
   [
    -0.0019446868682280183,
    -0.0038159398827701807,
    0.9999908208847046
   ]
  ]
 },
 {
  "rotation_euler": [
   -0.0015597662422806025,
   0.0033601182512938976,
   1.1317287683486938
  ],
  "euler_order": "XYZ",
  "rotation_matrix": [
   [
    0.42509326338768005,
    -0.9051495790481567,
    1.654783591220621e-05
   ],
   [
    0.9051433205604553,
    0.42509040236473083,
    0.0037044459022581577
   ],
   [
    -0.003360111964866519,
    -0.0015597568126395345,
    0.9999931454658508
   ]
  ]
 },
 {
  "rotation_euler": [
   -0.0020195292308926582,
   0.0030650768894702196,
   -1.4406826496124268
  ],
  "euler_order": "XYZ",
  "rotation_matrix": [
   [
    0.1297462433576584,
    0.9915443062782288,
    0.0024001398123800755
   ],
   [
    -0.9915425181388855,
    0.1297527402639389,
    -0.002777129877358675
   ],
   [
    -0.003065072000026703,
    -0.0020195182878524065,
    0.9999932646751404
   ]
  ]
 },
 {
  "rotation_euler": [
   -0.004016556777060032,
   0.0018059174763038754,
   2.20601487159729
  ],
  "euler_order": "XYZ",
  "rotation_matrix": [
   [
    -0.5933524966239929,
    -0.8049312233924866,
    -0.004304624628275633
   ],
   [
    0.8049407005310059,
    -0.5933545231819153,
    -0.0009295850177295506
   ],
   [
    -0.0018059165449813008,
    -0.0040165395475924015,
    0.9999902844429016
   ]
  ]
 }
]