[
 {
  "rotation_euler": [
   -0.003548618173226714,
   -1.401836584591365e-06,
   2.701545476913452
  ],
  "euler_order": "XYZ",
  "rotation_matrix": [
   [
    -0.9047315716743469,
    -0.42597946524620056,
    -0.001510376576334238
   ],
   [
    0.42598214745521545,
    -0.9047258496284485,
    -0.0032111373730003834
   ],
   [
    1.401836584591365e-06,
    -0.003548610722646117,
    0.9999936819076538
   ]
  ]
 },
 {
  "rotation_euler": [
   -0.0035447238478809595,
   -1.3118956303515006e-06,
   -2.6610946655273438
  ],
  "euler_order": "XYZ",
  "rotation_matrix": [
   [
    -0.8867648243904114,
    0.46221792697906494,
    0.0016396051505580544
   ],
   [
    -0.46222081780433655,
    -0.8867592811584473,
    -0.0031427235808223486
   ],
   [
    1.3118956303515006e-06,
    -0.0035447163973003626,
    0.9999937415122986
   ]
  ]
 },
 {
  "rotation_euler": [
   -0.0035484989639371634,
   1.108999754251272e-06,
   -1.6752398014068604
  ],
  "euler_order": "XYZ",
  "rotation_matrix": [
   [
    -0.10425369441509247,
    0.9945444464683533,
    0.0035290392115712166
   ],
   [
    -0.9945507645606995,
    -0.10425303131341934,
    -0.00037104630609974265
   ],
   [
    -1.108999754251272e-06,
    -0.0035484915133565664,
    0.9999936819076538
   ]
  ]
 },
 {
  "rotation_euler": [
   -0.003544484730809927,
   -1.4260301668400643e-06,
   -1.4085804224014282
  ],
  "euler_order": "XYZ",
  "rotation_matrix": [
   [
    0.16150541603565216,
    0.9868656396865845,
    0.0034977144096046686
   ],
   [
    -0.9868718385696411,
    0.16150440275669098,
    0.0005738595500588417
   ],
   [
    1.4260301668400643e-06,
    -0.00354447728022933,
    0.9999937415122986
   ]
  ]
 },
 {
  "rotation_euler": [
   -0.0035493194591253996,
   3.4536960811237805e-06,
   2.565873861312866
  ],
  "euler_order": "XYZ",
  "rotation_matrix": [
   [
    -0.8388012051582336,
    -0.5444344282150269,
    -0.0019352767849341035
   ],
   [
    0.544437825679779,
    -0.8387959003448486,
    -0.0029752866830676794
   ],
   [
    -3.4536960811237805e-06,
    -0.0035493120085448027,
    0.9999936819076538
   ]
  ]
 },
 {
  "rotation_euler": [
   -0.003548265900462866,
   1.0194464721280383e-06,
   1.3852893114089966
  ],
  "euler_order": "XYZ",
  "rotation_matrix": [
   [
    0.1844448745250702,
    -0.9828366637229919,
    -0.0034871925599873066
   ],
   [
    0.9828428626060486,
    0.18444371223449707,
    0.0006554600549861789
   ],
   [
    -1.0194464721280383e-06,
    -0.003548258449882269,
    0.9999936819076538
   ]
  ]
 },
 {
  "rotation_euler": [
   -0.0035469229333102703,
   -1.9124829577776836e-06,
   0.12822027504444122
  ],
  "euler_order": "XYZ",
  "rotation_matrix": [
   [
    0.9917910099029541,
    -0.1278684139251709,
    -0.0004554381303023547
   ],
   [
    0.12786923348903656,
    0.9917848110198975,
    0.003517554374411702
   ],
   [
    1.9124829577776836e-06,
    -0.0035469154827296734,
    0.9999936819076538
   ]
  ]
 },
 {
  "rotation_euler": [
   -0.003544867504388094,
   1.5399178892039345e-06,
   0.5904713273048401
  ],
  "euler_order": "XYZ",
  "rotation_matrix": [
   [
    0.8306783437728882,
    -0.5567491054534912,
    -0.001972330966964364
   ],
   [
    0.556752622127533,
    0.8306731581687927,
    0.002945496002212167
   ],
   [
    -1.5399178892039345e-06,
    -0.003544860053807497,
    0.9999937415122986
   ]
  ]
 },
 {
  "rotation_euler": [
   -0.0035446961410343647,
   2.281932438563672e-06,
   -2.0630879402160645
  ],
  "euler_order": "XYZ",
  "rotation_matrix": [
   [
    -0.4726466238498688,
    0.8812465071678162,
    0.0031226857099682093
   ],
   [
    -0.8812520503997803,
    -0.47264364361763,
    -0.0016773961251601577
   ],
   [
    -2.281932438563672e-06,
    -0.0035446886904537678,
    0.9999937415122986
   ]
  ]
 },
 {
  "rotation_euler": [
   -0.003584145102649927,
   -3.2222975278273225e-05,
   -1.1116492748260498
  ],
  "euler_order": "XYZ",
  "rotation_matrix": [
   [
    0.44318366050720215,
    0.8964251279830933,
    0.0031986506655812263
   ],
   [
    -0.8964308500289917,
    0.44318071007728577,
    0.001617316622287035
   ],
   [
    3.2222975278273225e-05,
    -0.0035841374192386866,
    0.9999935626983643
   ]
  ]
 },
 {
  "rotation_euler": [
   -0.003548070788383484,
   7.177175120887114e-07,
   -2.2950735092163086
  ],
  "euler_order": "XYZ",
  "rotation_matrix": [
   [
    -0.6625942587852478,
    0.7489738464355469,
    0.002656947821378708
   ],
   [
    -0.7489785552024841,
    -0.6625900864601135,
    -0.002351464005187154
   ],
   [
    -7.177175120887114e-07,
    -0.003548063337802887,
    0.9999936819076538
   ]
  ]
 },
 {
  "rotation_euler": [
   -0.0035481362137943506,
   9.458951808483107e-07,
   -2.9804904460906982
  ],
  "euler_order": "XYZ",
  "rotation_matrix": [
   [
    -0.9870510697364807,
    0.160405233502388,
    0.0005682083428837359
   ],
   [
    -0.160406231880188,
    -0.9870448708534241,
    -0.003502336097881198
   ],
   [
    -9.458951808483107e-07,
    -0.0035481287632137537,
    0.9999936819076538
   ]
  ]
 },
 {
  "rotation_euler": [
   -0.003547813044860959,
   9.986956683860626e-07,
   -1.675036907196045
  ],
  "euler_order": "XYZ",
  "rotation_matrix": [
   [
    -0.10405190289020538,
    0.9945656061172485,
    0.00352844363078475
   ],
   [
    -0.99457186460495,
    -0.10405123978853226,
    -0.00037014918052591383
   ],
   [
    -9.986956683860626e-07,
    -0.003547805594280362,
    0.9999936819076538
   ]
  ]
 },
 {
  "rotation_euler": [
   -0.0035468298010528088,
   3.2285815905197524e-06,
   1.0891873836517334
  ],
  "euler_order": "XYZ",
  "rotation_matrix": [
   [
    0.4632056951522827,
    -0.8862452507019043,
    -0.0031418786384165287
   ],
   [
    0.8862507939338684,
    0.4632027745246887,
    0.0016457696910947561
   ],
   [
    -3.2285815905197524e-06,
    -0.003546822350472212,
    0.9999936819076538
   ]
  ]
 },
 {
  "rotation_euler": [
   -0.0035455895122140646,
   4.4805196353081556e-07,
   -2.349720001220703
  ],
  "euler_order": "XYZ",
  "rotation_matrix": [
   [
    -0.7025138139724731,
    0.7116656303405762,
    0.002522969851270318
   ],
   [
    -0.7116701006889343,
    -0.7025094032287598,
    -0.002491139341145754
   ],
   [
    -4.4805196353081556e-07,
    -0.0035455820616334677,
    0.9999937415122986
   ]
  ]
 },
 {
  "rotation_euler": [
   -1.4915670156478882,
   -6.202178042258311e-07,
   -0.20394672453403473
  ],
  "euler_order": "XYZ",
  "rotation_matrix": [
   [
    0.9792748689651489,
    0.01603059656918049,
    0.2019004225730896
   ],
   [
    -0.20253582298755646,
    0.07750599831342697,
    0.9762029051780701
   ],
   [
    6.202178042258311e-07,
    -0.9968630075454712,
    0.07914644479751587
   ]
  ]
 }
]