[
 {
  "rotation_euler": [
   1.4837274551391602,
   1.874102234840393,
   -0.3317738473415375
  ],
  "euler_order": "XYZ",
  "rotation_matrix": [
   [
    -0.2823888063430786,
    0.9272158741950989,
    -0.24602293968200684
   ],
   [
    0.09728521853685379,
    -0.2274586707353592,
    -0.9689159393310547
   ],
   [
    -0.9543542861938477,
    -0.2975454330444336,
    -0.025972610339522362
   ]
  ]
 },
 {
  "rotation_euler": [
   0.9900970458984375,
   3.0164690017700195,
   0.1379878968000412
  ],
  "euler_order": "XYZ",
  "rotation_matrix": [
   [
    -0.9827513098716736,
    0.027887389063835144,
    0.1828172206878662
   ],
   [
    -0.1364750862121582,
    0.557746171951294,
    -0.8187147378921509
   ],
   [
    -0.12479741871356964,
    -0.8295429348945618,
    -0.5443198084831238
   ]
  ]
 },
 {
  "rotation_euler": [
   -1.7879427671432495,
   1.066988468170166,
   1.0925264358520508
  ],
  "euler_order": "XYZ",
  "rotation_matrix": [
   [
    0.2221890687942505,
    -0.20232398808002472,
    -0.9537804126739502
   ],
   [
    0.42859405279159546,
    -0.858383297920227,
    0.28193119168281555
   ],
   [
    -0.8757506012916565,
    -0.4714266359806061,
    -0.10400853306055069
   ]
  ]
 },
 {
  "rotation_euler": [
   -1.9441992044448853,
   0.6746852993965149,
   1.3399440050125122
  ],
  "euler_order": "XYZ",
  "rotation_matrix": [
   [
    0.17867645621299744,
    0.22203268110752106,
    -0.9585281610488892
   ],
   [
    0.760187566280365,
    -0.6496443748474121,
    -0.008778742514550686
   ],
   [
    -0.6246516108512878,
    -0.7270926237106323,
    -0.2848626375198364
   ]
  ]
 },
 {
  "rotation_euler": [
   -1.7153958082199097,
   1.1808273792266846,
   1.270665168762207
  ],
  "euler_order": "XYZ",
  "rotation_matrix": [
   [
    0.11239250749349594,
    -0.13294021785259247,
    -0.9847308397293091
   ],
   [
    0.3631656765937805,
    -0.9169549345970154,
    0.16524037718772888
   ],
   [
    -0.9249208569526672,
    -0.37619224190711975,
    -0.0547795295715332
   ]
  ]
 },
 {
  "rotation_euler": [
   1.4855788946151733,
   1.8361048698425293,
   0.5069288015365601
  ],
  "euler_order": "XYZ",
  "rotation_matrix": [
   [
    -0.2292317897081375,
    0.7992674708366394,
    0.5555396676063538
   ],
   [
    -0.12730008363723755,
    0.541218101978302,
    -0.8311904668807983
   ],
   [
    -0.9650116562843323,
    -0.26125553250312805,
    -0.02231757529079914
   ]
  ]
 },
 {
  "rotation_euler": [
   -1.8359625339508057,
   0.9799367189407349,
   -0.3278922736644745
  ],
  "euler_order": "XYZ",
  "rotation_matrix": [
   [
    0.5273959636688232,
    -0.8431377410888672,
    0.10474855452775955
   ],
   [
    -0.1794050931930542,
    0.009993858635425568,
    0.9837245345115662
   ],
   [
    -0.8304620981216431,
    -0.5376047492027283,
    -0.1459924876689911
   ]
  ]
 },
 {
  "rotation_euler": [
   -1.4192156791687012,
   -2.326314926147461,
   -0.46827882528305054
  ],
  "euler_order": "XYZ",
  "rotation_matrix": [
   [
    -0.6118518710136414,
    0.7102596759796143,
    0.34809261560440063
   ],
   [
    0.30947619676589966,
    -0.19003339111804962,
    0.9317251443862915
   ],
   [
    0.7279160618782043,
    0.677804172039032,
    -0.10353618115186691
   ]
  ]
 },
 {
  "rotation_euler": [
   -2.005526065826416,
   0.49468550086021423,
   0.7726446986198425
  ],
  "euler_order": "XYZ",
  "rotation_matrix": [
   [
    0.6302235722541809,
    -0.014348307624459267,
    -0.7762811183929443
   ],
   [
    0.6143500804901123,
    -0.6021515130996704,
    0.5098897218704224
   ],
   [
    -0.47475486993789673,
    -0.7982529401779175,
    -0.3706751763820648
   ]
  ]
 },
 {
  "rotation_euler": [
   1.4378132820129395,
   1.9400092363357544,
   -0.5945271849632263
  ],
  "euler_order": "XYZ",
  "rotation_matrix": [
   [
    -0.29895907640457153,
    0.8400334119796753,
    -0.45273318886756897
   ],
   [
    0.20213590562343597,
    -0.40791910886764526,
    -0.8903611898422241
   ],
   [
    -0.9326117038726807,
    -0.35769519209861755,
    -0.04784979671239853
   ]
  ]
 },
 {
  "rotation_euler": [
   1.679567813873291,
   -0.752053439617157,
   -0.17256326973438263
  ],
  "euler_order": "XYZ",
  "rotation_matrix": [
   [
    0.719441294670105,
    -0.687656581401825,
    -0.09763508290052414
   ],
   [
    -0.12539631128311157,
    0.009662596508860588,
    -0.9920596480369568
   ],
   [
    0.6831398010253906,
    0.7259717583656311,
    -0.07927792519330978
   ]
  ]
 },
 {
  "rotation_euler": [
   -1.4645472764968872,
   -2.3930444717407227,
   -0.11136295646429062
  ],
  "euler_order": "XYZ",
  "rotation_matrix": [
   [
    -0.7281391620635986,
    0.684331476688385,
    0.03877875208854675
   ],
   [
    0.08142460882663727,
    0.030184483155608177,
    0.9962223172187805
   ],
   [
    0.6805757880210876,
    0.7285460829734802,
    -0.0776999294757843
   ]
  ]
 },
 {
  "rotation_euler": [
   -1.6501133441925049,
   1.2764062881469727,
   -1.4793742895126343
  ],
  "euler_order": "XYZ",
  "rotation_matrix": [
   [
    0.026489732787013054,
    -0.1659954935312271,
    0.9857706427574158
   ],
   [
    -0.28894445300102234,
    0.9427531361579895,
    0.1665162444114685
   ],
   [
    -0.9569792747497559,
    -0.2892439365386963,
    -0.02299019880592823
   ]
  ]
 },
 {
  "rotation_euler": [
   -2.0992939472198486,
   0.2687787115573883,
   0.2883220314979553
  ],
  "euler_order": "XYZ",
  "rotation_matrix": [
   [
    0.9243003129959106,
    -0.07648094743490219,
    -0.37392458319664
   ],
   [
    0.2741348147392273,
    -0.5486295223236084,
    0.7898454070091248
   ],
   [
    -0.26555418968200684,
    -0.8325600624084473,
    -0.48613235354423523
   ]
  ]
 },
 {
  "rotation_euler": [
   -1.774082064628601,
   1.08782958984375,
   0.5022050142288208
  ],
  "euler_order": "XYZ",
  "rotation_matrix": [
   [
    0.4070649743080139,
    -0.6631020307540894,
    -0.6281670331954956
   ],
   [
    0.22354747354984283,
    -0.5944838523864746,
    0.7724089026451111
   ],
   [
    -0.8856210708618164,
    -0.45484575629234314,
    -0.09375875443220139
   ]
  ]
 },
 {
  "rotation_euler": [
   -2.0227322578430176,
   0.453732967376709,
   0.5266555547714233
  ],
  "euler_order": "XYZ",
  "rotation_matrix": [
   [
    0.7770211100578308,
    -0.12137576937675476,
    -0.6176618337631226
   ],
   [
    0.4517858624458313,
    -0.5757326483726501,
    0.6814847588539124
   ],
   [
    -0.43832382559776306,
    -0.8085789084434509,
    -0.392520546913147
   ]
  ]
 }
]