[
 {
  "rotation_euler": [
   0.029624182730913162,
   0.048889897763729095,
   2.24586820602417
  ],
  "euler_order": "XYZ",
  "rotation_matrix": [
   [
    -0.6242066621780396,
    -0.7812241315841675,
    -0.007405246142297983
   ],
   [
    0.7797292470932007,
    -0.6235491633415222,
    0.05664557218551636
   ],
   [
    -0.04887042194604874,
    0.029584458097815514,
    0.9983668923377991
   ]
  ]
 },
 {
  "rotation_euler": [
   0.00590223865583539,
   0.2057793140411377,
   -1.2309843301773071
  ],
  "euler_order": "XYZ",
  "rotation_matrix": [
   [
    0.3262777030467987,
    0.9432029128074646,
    0.06253934651613235
   ],
   [
    -0.9229258298873901,
    0.33216699957847595,
    -0.1946098655462265
   ],
   [
    -0.20433008670806885,
    0.0057776798494160175,
    0.9788849949836731
   ]
  ]
 },
 {
  "rotation_euler": [
   0.003881830954924226,
   0.1033937931060791,
   -0.8137887716293335
  ],
  "euler_order": "XYZ",
  "rotation_matrix": [
   [
    0.6830818057060242,
    0.7271639704704285,
    0.06805696338415146
   ],
   [
    -0.7230124473571777,
    0.6864529252052307,
    -0.07768779993057251
   ],
   [
    -0.10320967435836792,
    0.0038610908668488264,
    0.9946521520614624
   ]
  ]
 },
 {
  "rotation_euler": [
   0.04544074833393097,
   0.07669728994369507,
   2.933408498764038
  ],
  "euler_order": "XYZ",
  "rotation_matrix": [
   [
    -0.9755315184593201,
    -0.2098756730556488,
    -0.06550166755914688
   ],
   [
    0.2060759961605072,
    -0.9766784906387329,
    0.0602644719183445
   ],
   [
    -0.0766221135854721,
    0.04529157280921936,
    0.9960309863090515
   ]
  ]
 },
 {
  "rotation_euler": [
   -0.011590447276830673,
   -0.016669804230332375,
   0.14152546226978302
  ],
  "euler_order": "XYZ",
  "rotation_matrix": [
   [
    0.9898644089698792,
    -0.14085274934768677,
    -0.018136102706193924
   ],
   [
    0.14103388786315918,
    0.9899627566337585,
    0.009123241528868675
   ],
   [
    0.016669033095240593,
    -0.011588577181100845,
    0.9997938871383667
   ]
  ]
 },
 {
  "rotation_euler": [
   1.5780423879623413,
   0.05109308660030365,
   0.0925409197807312
  ],
  "euler_order": "XYZ",
  "rotation_matrix": [
   [
    0.9944217801094055,
    0.05152059346437454,
    0.09203799068927765
   ],
   [
    0.0922883003950119,
    -0.002495715394616127,
    -0.9957292079925537
   ],
   [
    -0.051070861518383026,
    0.9986687898635864,
    -0.00723654218018055
   ]
  ]
 },
 {
  "rotation_euler": [
   -0.025899257510900497,
   -0.06252987682819366,
   2.357477903366089
  ],
  "euler_order": "XYZ",
  "rotation_matrix": [
   [
    -0.7066299915313721,
    -0.7071076035499573,
    0.02594035118818283
   ],
   [
    0.7048185467720032,
    -0.706633448600769,
    -0.062449924647808075
   ],
   [
    0.062489137053489685,
    -0.02584575116634369,
    0.9977109432220459
   ]
  ]
 },
 {
  "rotation_euler": [
   1.5616225004196167,
   0.04245390743017197,
   -0.03547227010130882
  ],
  "euler_order": "XYZ",
  "rotation_matrix": [
   [
    0.9984704852104187,
    0.042738016694784164,
    -0.03507424145936966
   ],
   [
    -0.03543287515640259,
    0.007662821561098099,
    -0.999342679977417
   ],
   [
    -0.04244115576148033,
    0.9990569353103638,
    0.009165432304143906
   ]
  ]
 },
 {
  "rotation_euler": [
   0.04579896107316017,
   0.11210456490516663,
   3.0167858600616455
  ],
  "euler_order": "XYZ",
  "rotation_matrix": [
   [
    -0.9859934449195862,
    -0.12943439185619354,
    -0.1051841527223587
   ],
   [
    0.12370163202285767,
    -0.9905437231063843,
    0.05933814123272896
   ],
   [
    -0.11186990141868591,
    0.045495565980672836,
    0.9926808476448059
   ]
  ]
 },
 {
  "rotation_euler": [
   -1.5005871057510376,
   -0.02460932545363903,
   -1.466417908668518
  ],
  "euler_order": "XYZ",
  "rotation_matrix": [
   [
    0.10415744036436081,
    0.07232720404863358,
    0.991927444934845
   ],
   [
    -0.9942563772201538,
    -0.017103606835007668,
    0.10564912110567093
   ],
   [
    0.024606840685009956,
    -0.9972342848777771,
    0.07013031095266342
   ]
  ]
 },
 {
  "rotation_euler": [
   -1.5298162698745728,
   -0.03591479733586311,
   0.5396208167076111
  ],
  "euler_order": "XYZ",
  "rotation_matrix": [
   [
    0.8573503494262695,
    0.009728847071528435,
    -0.5146414041519165
   ],
   [
    0.5134794116020203,
    0.05358104780316353,
    0.8564274311065674
   ],
   [
    0.0359070785343647,
    -0.9985160827636719,
    0.04094216972589493
   ]
  ]
 },
 {
  "rotation_euler": [
   -0.14563283324241638,
   0.055705394595861435,
   -2.7072856426239014
  ],
  "euler_order": "XYZ",
  "rotation_matrix": [
   [
    -0.9057547450065613,
    0.4236571788787842,
    0.011090252548456192
   ],
   [
    -0.4201291501522064,
    -0.8941590785980225,
    -0.15482574701309204
   ],
   [
    -0.05567659065127373,
    -0.14489349722862244,
    0.9878795146942139
   ]
  ]
 },
 {
  "rotation_euler": [
   1.547179102897644,
   0.014472786337137222,
   -2.893090009689331
  ],
  "euler_order": "XYZ",
  "rotation_matrix": [
   [
    -0.9691802859306335,
    -0.008215622045099735,
    -0.2462155520915985
   ],
   [
    -0.2459271103143692,
    -0.026448123157024384,
    0.9689274430274963
   ],
   [
    -0.014472280628979206,
    0.9996164441108704,
    0.023612555116415024
   ]
  ]
 },
 {
  "rotation_euler": [
   -1.5528619289398193,
   -0.10124954581260681,
   0.29133862257003784
  ],
  "euler_order": "XYZ",
  "rotation_matrix": [
   [
    0.9529547095298767,
    0.09165062010288239,
    -0.28892478346824646
   ],
   [
    0.2857636511325836,
    0.04620577394962311,
    0.9571855664253235
   ],
   [
    0.101076640188694,
    -0.9947186708450317,
    0.01784159243106842
   ]
  ]
 },
 {
  "rotation_euler": [
   -0.005717388819903135,
   -0.07982788980007172,
   -1.178216576576233
  ],
  "euler_order": "XYZ",
  "rotation_matrix": [
   [
    0.3813548684120178,
    0.924084484577179,
    -0.025224674493074417
   ],
   [
    -0.9209828972816467,
    0.3821457028388977,
    0.07586279511451721
   ],
   [
    0.07974313199520111,
    -0.005699150264263153,
    0.9967991709709167
   ]
  ]
 },
 {
  "rotation_euler": [
   1.4942528009414673,
   -0.06116834282875061,
   -0.7877498269081116
  ],
  "euler_order": "XYZ",
  "rotation_matrix": [
   [
    0.7041226625442505,
    0.011201074346899986,
    -0.7099900245666504
   ],
   [
    -0.7074421644210815,
    0.09714455157518387,
    -0.7000632286071777
   ],
   [
    0.061130207031965256,
    0.9952072501182556,
    0.07632578909397125
   ]
  ]
 }
]