[
 {
  "rotation_euler": [
   2.7330074310302734,
   -0.3467014729976654,
   -1.2777252197265625
  ],
  "euler_order": "XYZ",
  "rotation_matrix": [
   [
    0.27170416712760925,
    -0.9175571203231812,
    -0.29028576612472534
   ],
   [
    -0.9003968834877014,
    -0.13586421310901642,
    -0.4133114516735077
   ],
   [
    0.33979740738868713,
    0.3736708462238312,
    -0.8630804419517517
   ]
  ]
 },
 {
  "rotation_euler": [
   2.8342103958129883,
   -0.457893967628479,
   -0.19470977783203125
  ],
  "euler_order": "XYZ",
  "rotation_matrix": [
   [
    0.880035936832428,
    -0.3156374394893646,
    0.35483771562576294
   ],
   [
    -0.17355036735534668,
    -0.9092398881912231,
    -0.37836897373199463
   ],
   [
    0.4420599937438965,
    0.27139607071876526,
    -0.8549427390098572
   ]
  ]
 },
 {
  "rotation_euler": [
   -0.32892218232154846,
   -2.6917731761932373,
   -1.2855396270751953
  ],
  "euler_order": "XYZ",
  "rotation_matrix": [
   [
    -0.25341132283210754,
    0.9476704597473145,
    0.19417376816272736
   ],
   [
    0.8641348481178284,
    0.13154231011867523,
    0.48576492071151733
   ],
   [
    0.43480297923088074,
    0.290890634059906,
    -0.8522493839263916
   ]
  ]
 },
 {
  "rotation_euler": [
   3.047705888748169,
   -0.5007241368293762,
   0.6551620960235596
  ],
  "euler_order": "XYZ",
  "rotation_matrix": [
   [
    0.6956028938293457,
    0.5709176063537598,
    0.43610745668411255
   ],
   [
    0.5344886779785156,
    -0.8168780207633972,
    0.21686895191669464
   ],
   [
    0.4800609052181244,
    0.08223982900381088,
    -0.8733717203140259
   ]
  ]
 },
 {
  "rotation_euler": [
   2.9125678539276123,
   -0.3873230814933777,
   0.7463857531547546
  ],
  "euler_order": "XYZ",
  "rotation_matrix": [
   [
    0.6797645688056946,
    0.5983062982559204,
    0.4242047071456909
   ],
   [
    0.628692626953125,
    -0.7732018232345581,
    0.08309334516525269
   ],
   [
    0.37771114706993103,
    0.21021045744419098,
    -0.9017459750175476
   ]
  ]
 },
 {
  "rotation_euler": [
   2.869264602661133,
   -0.471043199300766,
   0.689564049243927
  ],
  "euler_order": "XYZ",
  "rotation_matrix": [
   [
    0.6875009536743164,
    0.5185792446136475,
    0.5083483457565308
   ],
   [
    0.5669156908988953,
    -0.8207485675811768,
    0.07055811583995819
   ],
   [
    0.45381611585617065,
    0.23968185484409332,
    -0.8582561016082764
   ]
  ]
 },
 {
  "rotation_euler": [
   -0.10238493978977203,
   -2.6300365924835205,
   1.0426650047302246
  ],
  "euler_order": "XYZ",
  "rotation_matrix": [
   [
    -0.4394102096557617,
    -0.8340141177177429,
    -0.3336751461029053
   ],
   [
    -0.753176212310791,
    0.5444976687431335,
    -0.3691176772117615
   ],
   [
    0.4895347058773041,
    0.08912211656570435,
    -0.8674174547195435
   ]
  ]
 },
 {
  "rotation_euler": [
   2.801496982574463,
   -0.38480520248413086,
   0.2200421541929245
  ],
  "euler_order": "XYZ",
  "rotation_matrix": [
   [
    0.9045230746269226,
    0.08357026427984238,
    0.4181554913520813
   ],
   [
    0.20230896770954132,
    -0.9473234415054321,
    -0.248292937874794
   ],
   [
    0.3753785789012909,
    0.3091832995414734,
    -0.8737829327583313
   ]
  ]
 },
 {
  "rotation_euler": [
   2.8599936962127686,
   -0.42358237504959106,
   -0.907715916633606
  ],
  "euler_order": "XYZ",
  "rotation_matrix": [
   [
    0.5611467957496643,
    -0.8273672461509705,
    0.024035749956965446
   ],
   [
    -0.7184494137763977,
    -0.5012844204902649,
    -0.482228547334671
   ],
   [
    0.4110288619995117,
    0.2533325254917145,
    -0.8757156729698181
   ]
  ]
 },
 {
  "rotation_euler": [
   -0.41321492195129395,
   -2.716878890991211,
   -0.18015846610069275
  ],
  "euler_order": "XYZ",
  "rotation_matrix": [
   [
    -0.8964099287986755,
    0.32689130306243896,
    -0.2993180751800537
   ],
   [
    0.16326604783535004,
    0.8713631629943848,
    0.4626774787902832
   ],
   [
    0.4120599925518036,
    0.36588019132614136,
    -0.8344688415527344
   ]
  ]
 },
 {
  "rotation_euler": [
   -0.0034383197780698538,
   -2.638758897781372,
   -0.9120858907699585
  ],
  "euler_order": "XYZ",
  "rotation_matrix": [
   [
    -0.5363324284553528,
    0.7917917966842651,
    -0.29225555062294006
   ],
   [
    0.6928995847702026,
    0.6107836961746216,
    0.3831885755062103
   ],
   [
    0.48191046714782715,
    0.003012720262631774,
    -0.8762152791023254
   ]
  ]
 },
 {
  "rotation_euler": [
   2.8427717685699463,
   -0.46190983057022095,
   -0.08524436503648758
  ],
  "euler_order": "XYZ",
  "rotation_matrix": [
   [
    0.8919524550437927,
    -0.21209068596363068,
    0.3992973864078522
   ],
   [
    -0.0762186273932457,
    -0.9410436749458313,
    -0.3295869529247284
   ],
   [
    0.4456585943698883,
    0.2635419964790344,
    -0.8555314540863037
   ]
  ]
 },
 {
  "rotation_euler": [
   0.048706330358982086,
   -2.6393518447875977,
   0.02864460088312626
  ],
  "euler_order": "XYZ",
  "rotation_matrix": [
   [
    -0.8761464953422546,
    -0.052034616470336914,
    -0.47922825813293457
   ],
   [
    -0.02510373294353485,
    0.9977330565452576,
    -0.06243811547756195
   ],
   [
    0.4813908338546753,
    -0.04267451539635658,
    -0.8754665851593018
   ]
  ]
 },
 {
  "rotation_euler": [
   0.019999120384454727,
   -2.6380581855773926,
   -1.102275013923645
  ],
  "euler_order": "XYZ",
  "rotation_matrix": [
   [
    -0.39552006125450134,
    0.8877012133598328,
    -0.23569147288799286
   ],
   [
    0.7814948558807373,
    0.4600867033004761,
    0.42140960693359375
   ],
   [
    0.4825243353843689,
    -0.01751571334898472,
    -0.8757073879241943
   ]
  ]
 },
 {
  "rotation_euler": [
   -0.26167958974838257,
   -2.6651549339294434,
   -0.5547504425048828
  ],
  "euler_order": "XYZ",
  "rotation_matrix": [
   [
    -0.7553675174713135,
    0.6096521615982056,
    -0.2403002232313156
   ],
   [
    0.4680714011192322,
    0.7585997581481934,
    0.453249990940094
   ],
   [
    0.4586165249347687,
    0.22989264130592346,
    -0.8583823442459106
   ]
  ]
 },
 {
  "rotation_euler": [
   3.103652000427246,
   -0.502780020236969,
   -0.13086818158626556
  ],
  "euler_order": "XYZ",
  "rotation_matrix": [
   [
    0.8687535524368286,
    -0.14852257072925568,
    0.47244927287101746
   ],
   [
    -0.1143457219004631,
    -0.9883503317832947,
    -0.10044268518686295
   ],
   [
    0.4818633794784546,
    0.033237382769584656,
    -0.8756157755851746
   ]
  ]
 }
]