[
 {
  "rotation_euler": [
   -2.8064578145858832e-05,
   2.4927107006078586e-05,
   1.7489007711410522
  ],
  "euler_order": "XYZ",
  "rotation_matrix": [
   [
    -0.17716431617736816,
    -0.98418128490448,
    -3.2036827178671956e-05
   ],
   [
    0.98418128490448,
    -0.17716431617736816,
    1.956074993358925e-05
   ],
   [
    -2.4927107006078586e-05,
    -2.8064578145858832e-05,
    1.0
   ]
  ]
 },
 {
  "rotation_euler": [
   -2.7912492441828363e-05,
   7.84246003604494e-06,
   0.58111172914505
  ],
  "euler_order": "XYZ",
  "rotation_matrix": [
   [
    0.835852861404419,
    -0.5489535331726074,
    -8.767518011154607e-06
   ],
   [
    0.5489535331726074,
    0.835852861404419,
    2.763588236120995e-05
   ],
   [
    -7.84246003604494e-06,
    -2.7912492441828363e-05,
    1.0
   ]
  ]
 },
 {
  "rotation_euler": [
   -2.799057256197557e-05,
   1.1873759831360076e-05,
   0.4799950420856476
  ],
  "euler_order": "XYZ",
  "rotation_matrix": [
   [
    0.8869972229003906,
    -0.4617747664451599,
    -2.3933484953886364e-06
   ],
   [
    0.4617747664451599,
    0.8869972229003906,
    3.0310562578961253e-05
   ],
   [
    -1.1873759831360076e-05,
    -2.799057256197557e-05,
    1.0
   ]
  ]
 },
 {
  "rotation_euler": [
   -2.8783264497178607e-05,
   1.0809976629388984e-05,
   2.322594165802002
  ],
  "euler_order": "XYZ",
  "rotation_matrix": [
   [
    -0.6829531192779541,
    -0.7304621934890747,
    -2.840779416146688e-05
   ],
   [
    0.7304621934890747,
    -0.6829531192779541,
    -1.1761340829252731e-05
   ],
   [
    -1.0809976629388984e-05,
    -2.8783264497178607e-05,
    1.0
   ]
  ]
 },
 {
  "rotation_euler": [
   -4.952917879563756e-05,
   -0.00012514505942817777,
   -0.4265716075897217
  ],
  "euler_order": "XYZ",
  "rotation_matrix": [
   [
    0.9103896021842957,
    0.41375207901000977,
    -9.343795682070777e-05
   ],
   [
    -0.4137520492076874,
    0.9103896021842957,
    9.686987323220819e-05
   ],
   [
    0.00012514505942817777,
    -4.952917879563756e-05,
    1.0
   ]
  ]
 },
 {
  "rotation_euler": [
   -2.9180193450883962e-05,
   -4.316200374887558e-06,
   -2.76524019241333
  ],
  "euler_order": "XYZ",
  "rotation_matrix": [
   [
    -0.9300113916397095,
    0.3675306737422943,
    1.4738731806573924e-05
   ],
   [
    -0.3675306737422943,
    -0.9300113916397095,
    -2.55515769822523e-05
   ],
   [
    4.316200374887558e-06,
    -2.9180193450883962e-05,
    1.0
   ]
  ]
 },
 {
  "rotation_euler": [
   -1.9942577637266368e-05,
   -5.552579295908799e-06,
   -1.7824978828430176
  ],
  "euler_order": "XYZ",
  "rotation_matrix": [
   [
    -0.21012377738952637,
    0.9776747822761536,
    2.0664085241151042e-05
   ],
   [
    -0.9776747822761536,
    -0.21012377738952637,
    1.2382072327454807e-06
   ],
   [
    5.552579295908799e-06,
    -1.9942577637266368e-05,
    1.0
   ]
  ]
 },
 {
  "rotation_euler": [
   0.036424413323402405,
   -0.0023043793626129627,
   2.7711539268493652
  ],
  "euler_order": "XYZ",
  "rotation_matrix": [
   [
    -0.9321661591529846,
    -0.36170607805252075,
    0.015330255031585693
   ],
   [
    0.3620234727859497,
    -0.931580662727356,
    0.03311249986290932
   ],
   [
    0.00230437726713717,
    0.03641626238822937,
    0.9993340373039246
   ]
  ]
 },
 {
  "rotation_euler": [
   -2.7678031983668916e-05,
   1.1466414434835315e-05,
   -0.07352899014949799
  ],
  "euler_order": "XYZ",
  "rotation_matrix": [
   [
    0.9972979426383972,
    0.07346275448799133,
    1.3468736142385751e-05
   ],
   [
    -0.07346275448799133,
    0.9972979426383972,
    2.676089025044348e-05
   ],
   [
    -1.1466414434835315e-05,
    -2.7678031983668916e-05,
    1.0
   ]
  ]
 },
 {
  "rotation_euler": [
   -2.928988578787539e-05,
   9.314676390204113e-06,
   3.107793092727661
  ],
  "euler_order": "XYZ",
  "rotation_matrix": [
   [
    -0.9994288682937622,
    -0.0337931253015995,
    -1.0299153473170009e-05
   ],
   [
    0.0337931253015995,
    -0.9994288682937622,
    -2.8958384064026177e-05
   ],
   [
    -9.314676390204113e-06,
    -2.928988578787539e-05,
    1.0
   ]
  ]
 },
 {
  "rotation_euler": [
   -2.8116151952417567e-05,
   1.3136154848325532e-05,
   1.3777376413345337
  ],
  "euler_order": "XYZ",
  "rotation_matrix": [
   [
    0.19186164438724518,
    -0.9814220070838928,
    -2.5073484721360728e-05
   ],
   [
    0.9814220070838928,
    0.19186164438724518,
    1.8286522390553728e-05
   ],
   [
    -1.3136154848325532e-05,
    -2.8116151952417567e-05,
    1.0
   ]
  ]
 },
 {
  "rotation_euler": [
   -2.80822605418507e-05,
   4.6419258978858124e-06,
   -1.7526620626449585
  ],
  "euler_order": "XYZ",
  "rotation_matrix": [
   [
    -0.1808648556470871,
    0.9835079312324524,
    2.6779565814649686e-05
   ],
   [
    -0.9835079312324524,
    -0.1808648556470871,
    -9.644464626035187e-06
   ],
   [
    -4.6419258978858124e-06,
    -2.80822605418507e-05,
    1.0
   ]
  ]
 },
 {
  "rotation_euler": [
   -2.6936966605717316e-05,
   -9.996037078963127e-06,
   -3.016397476196289
  ],
  "euler_order": "XYZ",
  "rotation_matrix": [
   [
    -0.9921733140945435,
    0.12486838549375534,
    1.328137659584172e-05
   ],
   [
    -0.12486838549375534,
    -0.9921733140945435,
    -2.5477949748164974e-05
   ],
   [
    9.996037078963127e-06,
    -2.6936966605717316e-05,
    1.0
   ]
  ]
 },
 {
  "rotation_euler": [
   -2.5709575766086346e-06,
   -2.0709790078399237e-06,
   0.028151648119091988
  ],
  "euler_order": "XYZ",
  "rotation_matrix": [
   [
    0.9996037483215332,
    -0.028147930279374123,
    -2.1425255454232683e-06
   ],
   [
    0.028147930279374123,
    0.9996037483215332,
    2.5116451070061885e-06
   ],
   [
    2.0709790078399237e-06,
    -2.5709575766086346e-06,
    1.0
   ]
  ]
 },
 {
  "rotation_euler": [
   -2.931571907538455e-05,
   6.023286914569326e-06,
   0.7723802924156189
  ],
  "euler_order": "XYZ",
  "rotation_matrix": [
   [
    0.7162516117095947,
    -0.6978421211242676,
    -1.6143554603331722e-05
   ],
   [
    0.6978421211242676,
    0.7162516117095947,
    2.5200733944075182e-05
   ],
   [
    -6.023286914569326e-06,
    -2.931571907538455e-05,
    1.0
   ]
  ]
 },
 {
  "rotation_euler": [
   -2.738445436989423e-05,
   1.4404795365408063e-05,
   -1.6121351718902588
  ],
  "euler_order": "XYZ",
  "rotation_matrix": [
   [
    -0.04132707044482231,
    0.9991456866264343,
    2.6765750590129755e-05
   ],
   [
    -0.9991456866264343,
    -0.04132707044482231,
    -1.5524208720307797e-05
   ],
   [
    -1.4404795365408063e-05,
    -2.738445436989423e-05,
    1.0
   ]
  ]
 }
]