[
 {
  "rotation_euler": [
   -1.9389129590763332e-07,
   1.3231240510940552,
   -0.412614107131958
  ],
  "euler_order": "XYZ",
  "rotation_matrix": [
   [
    0.22457405924797058,
    0.40100523829460144,
    0.8881223201751709
   ],
   [
    -0.09830565005540848,
    0.9160757660865784,
    -0.3887688219547272
   ],
   [
    -0.9694857001304626,
    -4.753205118390724e-08,
    0.2451479285955429
   ]
  ]
 },
 {
  "rotation_euler": [
   -1.1618107557296753,
   -0.28745216131210327,
   0.6673679351806641
  ],
  "euler_order": "XYZ",
  "rotation_matrix": [
   [
    0.7532257437705994,
    -0.04181377589702606,
    -0.6564317345619202
   ],
   [
    0.5935260057449341,
    0.47335633635520935,
    0.6508921980857849
   ],
   [
    0.28350985050201416,
    -0.879878044128418,
    0.3813617527484894
   ]
  ]
 },
 {
  "rotation_euler": [
   2.3593694109536045e-08,
   1.323123812675476,
   -2.6206674575805664
  ],
  "euler_order": "XYZ",
  "rotation_matrix": [
   [
    -0.212631493806839,
    0.4976828098297119,
    -0.8408921957015991
   ],
   [
    -0.12200602889060974,
    -0.8673591017723083,
    -0.48249632120132446
   ],
   [
    -0.9694856405258179,
    5.783950651760961e-09,
    0.245148167014122
   ]
  ]
 },
 {
  "rotation_euler": [
   -4.8807876851242327e-08,
   -1.323123812675476,
   1.8758156299591064
  ],
  "euler_order": "XYZ",
  "rotation_matrix": [
   [
    -0.07362083345651627,
    -0.9538411498069763,
    0.29114770889282227
   ],
   [
    0.23383240401744843,
    -0.30031153559684753,
    -0.9247353076934814
   ],
   [
    0.9694856405258179,
    -1.1965161306193295e-08,
    0.245148167014122
   ]
  ]
 },
 {
  "rotation_euler": [
   -1.3613254168376443e-07,
   -1.3231239318847656,
   1.2594265937805176
  ],
  "euler_order": "XYZ",
  "rotation_matrix": [
   [
    0.0751042366027832,
    -0.9519147872924805,
    -0.2970144748687744
   ],
   [
    0.23336006700992584,
    0.30636292695999146,
    -0.9228677153587341
   ],
   [
    0.9694856405258179,
    -3.3372625551919555e-08,
    0.24514804780483246
   ]
  ]
 },
 {
  "rotation_euler": [
   -1.183752179145813,
   -0.1516072303056717,
   -0.9369692802429199
  ],
  "euler_order": "XYZ",
  "rotation_matrix": [
   [
    0.5854396820068359,
    0.3869660198688507,
    0.7124027609825134
   ],
   [
    -0.7965244650840759,
    0.1108490601181984,
    0.5943578481674194
   ],
   [
    0.1510271281003952,
    -0.9154068827629089,
    0.3731233477592468
   ]
  ]
 },
 {
  "rotation_euler": [
   5.346077713852537e-08,
   1.3231236934661865,
   -0.5689270496368408
  ],
  "euler_order": "XYZ",
  "rotation_matrix": [
   [
    0.20653238892555237,
    0.5387284755706787,
    0.8167716860771179
   ],
   [
    -0.13206835091114044,
    0.8424794673919678,
    -0.522289514541626
   ],
   [
    -0.9694855809211731,
    1.3105817764369476e-08,
    0.24514827132225037
   ]
  ]
 },
 {
  "rotation_euler": [
   1.036812591337366e-07,
   1.3231236934661865,
   -2.707221508026123
  ],
  "euler_order": "XYZ",
  "rotation_matrix": [
   [
    -0.2223825454711914,
    0.42083993554115295,
    -0.8794542551040649
   ],
   [
    -0.10316820442676544,
    -0.9071348905563354,
    -0.407998263835907
   ],
   [
    -0.9694855809211731,
    2.541728250093911e-08,
    0.24514827132225037
   ]
  ]
 },
 {
  "rotation_euler": [
   -1.194153904914856,
   0.005435914266854525,
   2.738440990447998
  ],
  "euler_order": "XYZ",
  "rotation_matrix": [
   [
    -0.9198155403137207,
    -0.1396455466747284,
    -0.36665859818458557
   ],
   [
    0.39231348037719727,
    -0.34029656648635864,
    -0.854569137096405
   ],
   [
    -0.005435887724161148,
    -0.929891049861908,
    0.3677949011325836
   ]
  ]
 },
 {
  "rotation_euler": [
   -3.423894412435402e-08,
   1.323123812675476,
   -0.67221599817276
  ],
  "euler_order": "XYZ",
  "rotation_matrix": [
   [
    0.1918146163225174,
    0.6227213740348816,
    0.7585678696632385
   ],
   [
    -0.15265901386737823,
    0.782443642616272,
    -0.6037194132804871
   ],
   [
    -0.9694856405258179,
    -8.393613804003053e-09,
    0.245148167014122
   ]
  ]
 },
 {
  "rotation_euler": [
   2.8203871238474676e-07,
   1.3231236934661865,
   -2.952418327331543
  ],
  "euler_order": "XYZ",
  "rotation_matrix": [
   [
    -0.24077479541301727,
    0.18804775178432465,
    -0.9521898627281189
   ],
   [
    -0.046099647879600525,
    -0.9821599125862122,
    -0.1823095679283142
   ],
   [
    -0.9694855809211731,
    6.914130779023253e-08,
    0.24514827132225037
   ]
  ]
 },
 {
  "rotation_euler": [
   -3.5527253317013674e-07,
   1.3231239318847656,
   1.8373945951461792
  ],
  "euler_order": "XYZ",
  "rotation_matrix": [
   [
    -0.06458459794521332,
    -0.9646725654602051,
    -0.2554126977920532
   ],
   [
    0.23648761212825775,
    -0.2634517550468445,
    0.9352362155914307
   ],
   [
    -0.9694856405258179,
    -8.709436372100754e-08,
    0.24514804780483246
   ]
  ]
 },
 {
  "rotation_euler": [
   1.7220541792539734e-07,
   -1.323123812675476,
   2.195908546447754
  ],
  "euler_order": "XYZ",
  "rotation_matrix": [
   [
    -0.14345782995224,
    -0.8108973503112793,
    0.5673317313194275
   ],
   [
    0.19879001379013062,
    -0.5851883888244629,
    -0.7861533164978027
   ],
   [
    0.9694856405258179,
    4.221584148922375e-08,
    0.245148167014122
   ]
  ]
 },
 {
  "rotation_euler": [
   6.161183119246516e-09,
   -1.3231239318847656,
   0.1758546084165573
  ],
  "euler_order": "XYZ",
  "rotation_matrix": [
   [
    0.24136722087860107,
    -0.17494963109493256,
    -0.9545336365699768
   ],
   [
    0.04288855940103531,
    0.9845773577690125,
    -0.1696111559867859
   ],
   [
    0.9694856405258179,
    1.5104020256728745e-09,
    0.24514804780483246
   ]
  ]
 },
 {
  "rotation_euler": [
   9.732088557257157e-08,
   -1.3231236934661865,
   1.0324903726577759
  ],
  "euler_order": "XYZ",
  "rotation_matrix": [
   [
    0.12568317353725433,
    -0.8585784435272217,
    -0.49703797698020935
   ],
   [
    0.2104790210723877,
    0.5126821994781494,
    -0.8323794603347778
   ],
   [
    0.9694855809211731,
    2.3858047981661912e-08,
    0.24514827132225037
   ]
  ]
 },
 {
  "rotation_euler": [
   2.0227166430686339e-07,
   1.3231236934661865,
   -0.5440633296966553
  ],
  "euler_order": "XYZ",
  "rotation_matrix": [
   [
    0.2097519338130951,
    0.5176170468330383,
    0.8295038938522339
   ],
   [
    -0.12689289450645447,
    0.8556123971939087,
    -0.501822292804718
   ],
   [
    -0.9694855809211731,
    4.9586549977220784e-08,
    0.24514827132225037
   ]
  ]
 }
]