[
 {
  "rotation_euler": [
   -0.028489407151937485,
   -0.01945251226425171,
   2.7784807682037354
  ],
  "euler_order": "XYZ",
  "rotation_matrix": [
   [
    -0.9346191883087158,
    -0.35555875301361084,
    0.008057966828346252
   ],
   [
    0.3551177382469177,
    -0.9342198967933655,
    -0.03353418409824371
   ],
   [
    0.019451284781098366,
    -0.028480164706707,
    0.9994050860404968
   ]
  ]
 },
 {
  "rotation_euler": [
   -0.02848769724369049,
   -0.01945161074399948,
   -1.4230875968933105
  ],
  "euler_order": "XYZ",
  "rotation_matrix": [
   [
    0.1471443623304367,
    0.9887911081314087,
    0.025312285870313644
   ],
   [
    -0.9889237880706787,
    0.14656449854373932,
    0.023422811180353165
   ],
   [
    0.019450383260846138,
    -0.028478454798460007,
    0.9994051456451416
   ]
  ]
 },
 {
  "rotation_euler": [
   -0.02848871797323227,
   -0.01945035718381405,
   -2.328967809677124
  ],
  "euler_order": "XYZ",
  "rotation_matrix": [
   [
    -0.6874648332595825,
    0.7254189252853394,
    0.03405040130019188
   ],
   [
    -0.7259571552276611,
    -0.6877181529998779,
    -0.005469871684908867
   ],
   [
    0.019449131563305855,
    -0.028479477390646935,
    0.9994051456451416
   ]
  ]
 },
 {
  "rotation_euler": [
   -0.028488824144005775,
   -0.01944994181394577,
   0.8043789863586426
  ],
  "euler_order": "XYZ",
  "rotation_matrix": [
   [
    0.693427562713623,
    -0.7197235226631165,
    -0.03400392830371857
   ],
   [
    0.7202638387680054,
    0.6936764121055603,
    0.005750829819589853
   ],
   [
    0.019448716193437576,
    -0.02847958356142044,
    0.9994051456451416
   ]
  ]
 },
 {
  "rotation_euler": [
   -0.028488261625170708,
   -0.019451869651675224,
   -2.086153268814087
  ],
  "euler_order": "XYZ",
  "rotation_matrix": [
   [
    -0.49275222420692444,
    0.8694907426834106,
    0.03436703607439995
   ],
   [
    -0.8699522614479065,
    -0.4931275546550751,
    0.002879053819924593
   ],
   [
    0.01945064216852188,
    -0.028479019179940224,
    0.9994051456451416
   ]
  ]
 },
 {
  "rotation_euler": [
   -0.028488781303167343,
   -0.019451286643743515,
   1.3339416980743408
  ],
  "euler_order": "XYZ",
  "rotation_matrix": [
   [
    0.23460185527801514,
    -0.9715563654899597,
    -0.03225168213248253
   ],
   [
    0.9718969464302063,
    0.23508958518505096,
    -0.012215477414429188
   ],
   [
    0.01945006102323532,
    -0.02847953885793686,
    0.9994051456451416
   ]
  ]
 },
 {
  "rotation_euler": [
   -0.028487371280789375,
   -0.019451212137937546,
   -0.8463764786720276
  ],
  "euler_order": "XYZ",
  "rotation_matrix": [
   [
    0.6625757217407227,
    0.7489473223686218,
    0.008446554653346539
   ],
   [
    -0.7487423419952393,
    0.6620173454284668,
    0.03343593329191208
   ],
   [
    0.019449986517429352,
    -0.02847813069820404,
    0.9994051456451416
   ]
  ]
 },
 {
  "rotation_euler": [
   -0.02848893776535988,
   -0.019450344145298004,
   0.09387058764696121
  ],
  "euler_order": "XYZ",
  "rotation_matrix": [
   [
    0.9954090714454651,
    -0.09314318001270294,
    -0.022025620564818382
   ],
   [
    0.09371505677700043,
    0.9952453374862671,
    0.026537396013736725
   ],
   [
    0.01944911852478981,
    -0.028479695320129395,
    0.9994051456451416
   ]
  ]
 },
 {
  "rotation_euler": [
   -0.028488431125879288,
   -0.019451787695288658,
   -1.6263704299926758
  ],
  "euler_order": "XYZ",
  "rotation_matrix": [
   [
    -0.05553499236702919,
    0.9980202317237854,
    0.029520554468035698
   ],
   [
    -0.9982672929763794,
    -0.05607614666223526,
    0.017830461263656616
   ],
   [
    0.019450560212135315,
    -0.028479188680648804,
    0.9994051456451416
   ]
  ]
 },
 {
  "rotation_euler": [
   -0.028487667441368103,
   -0.01945090852677822,
   2.5112602710723877
  ],
  "euler_order": "XYZ",
  "rotation_matrix": [
   [
    -0.8076788187026978,
    -0.5896216630935669,
    -0.0010830456158146262
   ],
   [
    0.5893018245697021,
    -0.8071773052215576,
    -0.034469377249479294
   ],
   [
    0.019449682906270027,
    -0.028478426858782768,
    0.9994051456451416
   ]
  ]
 },
 {
  "rotation_euler": [
   -0.028489623218774796,
   -0.019452562555670738,
   -1.5359249114990234
  ],
  "euler_order": "XYZ",
  "rotation_matrix": [
   [
    0.03485775366425514,
    0.9990057945251465,
    0.02779056876897812
   ],
   [
    -0.9992029666900635,
    0.03429644927382469,
    0.02042475901544094
   ],
   [
    0.019451335072517395,
    -0.02848038077354431,
    0.9994050860404968
   ]
  ]
 },
 {
  "rotation_euler": [
   -0.028489850461483,
   -0.0194527730345726,
   -2.2309107780456543
  ],
  "euler_order": "XYZ",
  "rotation_matrix": [
   [
    -0.613091230392456,
    0.7892616987228394,
    0.03442470729351044
   ],
   [
    -0.789772629737854,
    -0.6133961081504822,
    -0.0021088500507175922
   ],
   [
    0.019451545551419258,
    -0.02848060615360737,
    0.9994050860404968
   ]
  ]
 },
 {
  "rotation_euler": [
   -0.028489507734775543,
   -0.019452424719929695,
   1.19707453250885
  ],
  "euler_order": "XYZ",
  "rotation_matrix": [
   [
    0.3650137782096863,
    -0.9303949475288391,
    -0.03361785039305687
   ],
   [
    0.9307988882064819,
    0.36545053124427795,
    -0.007701607421040535
   ],
   [
    0.019451197236776352,
    -0.02848026528954506,
    0.9994050860404968
   ]
  ]
 },
 {
  "rotation_euler": [
   -0.028489673510193825,
   -0.0194526556879282,
   0.11571983993053436
  ],
  "euler_order": "XYZ",
  "rotation_matrix": [
   [
    0.9931240081787109,
    -0.11486450582742691,
    -0.022602517157793045
   ],
   [
    0.11543989926576614,
    0.9929727911949158,
    0.026050319895148277
   ],
   [
    0.019451428204774857,
    -0.02848043106496334,
    0.9994050860404968
   ]
  ]
 },
 {
  "rotation_euler": [
   -0.028489386662840843,
   -0.0194522924721241,
   -2.818974018096924
  ],
  "euler_order": "XYZ",
  "rotation_matrix": [
   [
    -0.9482290148735046,
    0.3163970410823822,
    0.02747143991291523
   ],
   [
    -0.3169912099838257,
    -0.9481992125511169,
    -0.020851438865065575
   ],
   [
    0.019451064988970757,
    -0.02848014421761036,
    0.9994050860404968
   ]
  ]
 },
 {
  "rotation_euler": [
   -0.028489120304584503,
   -0.01945214532315731,
   -2.181459426879883
  ],
  "euler_order": "XYZ",
  "rotation_matrix": [
   [
    -0.5733023881912231,
    0.8186178207397461,
    0.03448591008782387
   ],
   [
    -0.8191129565238953,
    -0.5736320614814758,
    -0.00040471262764185667
   ],
   [
    0.019450917840003967,
    -0.02847987785935402,
    0.9994050860404968
   ]
  ]
 }
]