[
 {
  "rotation_euler": [
   0.04475731775164604,
   0.6439754366874695,
   1.7551294565200806
  ],
  "euler_order": "XYZ",
  "rotation_matrix": [
   [
    -0.14658062160015106,
    -0.9869978427886963,
    -0.06594955921173096
   ],
   [
    0.7861670851707458,
    -0.15670013427734375,
    0.5978180170059204
   ],
   [
    -0.6003794074058533,
    0.03578116372227669,
    0.7989144325256348
   ]
  ]
 },
 {
  "rotation_euler": [
   0.04471397027373314,
   0.6439739465713501,
   -2.3461523056030273
  ],
  "euler_order": "XYZ",
  "rotation_matrix": [
   [
    -0.5597776174545288,
    0.6946734189987183,
    -0.451749712228775
   ],
   [
    -0.5711348652839661,
    -0.7184364795684814,
    -0.3970566689968109
   ],
   [
    -0.6003782153129578,
    0.03574657067656517,
    0.7989168763160706
   ]
  ]
 },
 {
  "rotation_euler": [
   -0.04446086660027504,
   0.6132436990737915,
   -0.028523093089461327
  ],
  "euler_order": "XYZ",
  "rotation_matrix": [
   [
    0.8174528479576111,
    0.002921619452536106,
    0.5759881138801575
   ],
   [
    -0.023322608321905136,
    0.9993349313735962,
    0.028030887246131897
   ],
   [
    -0.5755231380462646,
    -0.03634747490286827,
    0.816977322101593
   ]
  ]
 },
 {
  "rotation_euler": [
   0.09607475996017456,
   0.6405349373817444,
   -1.0170971155166626
  ],
  "euler_order": "XYZ",
  "rotation_matrix": [
   [
    0.42160382866859436,
    0.8768079280853271,
    0.2312099039554596
   ],
   [
    -0.6819789409637451,
    0.47464972734451294,
    -0.5564282536506653
   ],
   [
    -0.5976244211196899,
    0.07691200822591782,
    0.7980786561965942
   ]
  ]
 },
 {
  "rotation_euler": [
   -0.03237634524703026,
   0.6177425980567932,
   1.9618499279022217
  ],
  "euler_order": "XYZ",
  "rotation_matrix": [
   [
    -0.31071925163269043,
    -0.916877031326294,
    -0.2505793273448944
   ],
   [
    0.7536478042602539,
    -0.3982965350151062,
    0.5228525996208191
   ],
   [
    -0.5791964530944824,
    -0.026388198137283325,
    0.8147608041763306
   ]
  ]
 },
 {
  "rotation_euler": [
   -0.017532695084810257,
   0.6231379508972168,
   -0.09988388419151306
  ],
  "euler_order": "XYZ",
  "rotation_matrix": [
   [
    0.8080037236213684,
    0.08952223509550095,
    0.58233642578125
   ],
   [
    -0.08097602427005768,
    0.995883047580719,
    -0.04074062034487724
   ],
   [
    -0.5835862159729004,
    -0.01423671655356884,
    0.8119263648986816
   ]
  ]
 },
 {
  "rotation_euler": [
   0.021788043901324272,
   0.6366844773292542,
   -0.7591328024864197
  ],
  "euler_order": "XYZ",
  "rotation_matrix": [
   [
    0.5833000540733337,
    0.6975255608558655,
    0.4161960780620575
   ],
   [
    -0.5534363985061646,
    0.7163457274436951,
    -0.4249199330806732
   ],
   [
    -0.5945327877998352,
    0.017517756670713425,
    0.803880512714386
   ]
  ]
 },
 {
  "rotation_euler": [
   0.0507599338889122,
   0.6458349227905273,
   -1.9893507957458496
  ],
  "euler_order": "XYZ",
  "rotation_matrix": [
   [
    -0.3245820701122284,
    0.900088906288147,
    -0.29066547751426697
   ],
   [
    -0.7296605110168457,
    -0.4338180720806122,
    -0.5285805463790894
   ],
   [
    -0.6018654108047485,
    0.0405193530023098,
    0.7975689172744751
   ]
  ]
 },
 {
  "rotation_euler": [
   0.04471590369939804,
   0.643973171710968,
   2.9459471702575684
  ],
  "euler_order": "XYZ",
  "rotation_matrix": [
   [
    -0.7844600081443787,
    -0.2205309122800827,
    -0.5796452760696411
   ],
   [
    0.15546472370624542,
    -0.9747246503829956,
    0.16044479608535767
   ],
   [
    -0.6003775596618652,
    0.03574813902378082,
    0.798917293548584
   ]
  ]
 },
 {
  "rotation_euler": [
   0.04471666365861893,
   0.6439748406410217,
   0.8775597214698792
  ],
  "euler_order": "XYZ",
  "rotation_matrix": [
   [
    0.5110423564910889,
    -0.7512626051902771,
    0.4176604449748993
   ],
   [
    0.6151267290115356,
    0.6590345501899719,
    0.4327731132507324
   ],
   [
    -0.6003789305686951,
    0.03574870154261589,
    0.7989162802696228
   ]
  ]
 },
 {
  "rotation_euler": [
   0.04475289210677147,
   0.6439763307571411,
   -1.7674628496170044
  ],
  "euler_order": "XYZ",
  "rotation_matrix": [
   [
    -0.1562652289867401,
    0.9744930267333984,
    -0.16107308864593506
   ],
   [
    -0.7842990159988403,
    -0.22154757380485535,
    -0.5794754028320312
   ],
   [
    -0.6003801226615906,
    0.03577760234475136,
    0.7989140748977661
   ]
  ]
 },
 {
  "rotation_euler": [
   0.044714901596307755,
   0.6439727544784546,
   -0.40535199642181396
  ],
  "euler_order": "XYZ",
  "rotation_matrix": [
   [
    0.734910786151886,
    0.41861018538475037,
    0.5335462689399719
   ],
   [
    -0.31536218523979187,
    0.9074621796607971,
    -0.2775951623916626
   ],
   [
    -0.6003772616386414,
    0.03574734926223755,
    0.7989175915718079
   ]
  ]
 },
 {
  "rotation_euler": [
   0.04475533589720726,
   0.6439762115478516,
   -2.087751865386963
  ],
  "euler_order": "XYZ",
  "rotation_matrix": [
   [
    -0.3952476978302002,
    0.8551815748214722,
    -0.335326224565506
   ],
   [
    -0.6952143907546997,
    -0.5170921087265015,
    -0.49929216504096985
   ],
   [
    -0.600380003452301,
    0.03577955812215805,
    0.7989140748977661
   ]
  ]
 },
 {
  "rotation_euler": [
   -0.03671520948410034,
   0.6161382794380188,
   -2.323420286178589
  ],
  "euler_order": "XYZ",
  "rotation_matrix": [
   [
    -0.5578613877296448,
    0.743905782699585,
    -0.3679603636264801
   ],
   [
    -0.595681369304657,
    -0.6676127314567566,
    -0.4466060698032379
   ],
   [
    -0.5778878927230835,
    -0.02995714545249939,
    0.8155661821365356
   ]
  ]
 },
 {
  "rotation_euler": [
   0.04475238174200058,
   0.6439744234085083,
   2.6977148056030273
  ],
  "euler_order": "XYZ",
  "rotation_matrix": [
   [
    -0.7222179770469666,
    -0.4532713294029236,
    -0.522442638874054
   ],
   [
    0.34343379735946655,
    -0.8906543254852295,
    0.2979733645915985
   ],
   [
    -0.6003785729408264,
    0.035777248442173004,
    0.7989152073860168
   ]
  ]
 },
 {
  "rotation_euler": [
   0.057001519948244095,
   0.6431972980499268,
   0.6451629400253296
  ],
  "euler_order": "XYZ",
  "rotation_matrix": [
   [
    0.6393470764160156,
    -0.5730512738227844,
    0.5126866698265076
   ],
   [
    0.48117250204086304,
    0.8182505965232849,
    0.314545601606369
   ],
   [
    -0.5997568964958191,
    0.04558691009879112,
    0.7988826632499695
   ]
  ]
 }
]