[
 {
  "rotation_euler": [
   -7.493692010029918e-06,
   -1.1062186786148231e-05,
   2.511561632156372
  ],
  "euler_order": "XYZ",
  "rotation_matrix": [
   [
    -0.8080092072486877,
    -0.5891698002815247,
    4.5232918637339026e-06
   ],
   [
    0.5891698002815247,
    -0.8080092072486877,
    -1.2572479135997128e-05
   ],
   [
    1.1062186786148231e-05,
    -7.493692010029918e-06,
    1.0
   ]
  ]
 },
 {
  "rotation_euler": [
   -1.9118821620941162,
   1.2487177848815918,
   -0.0086091673001647
  ],
  "euler_order": "XYZ",
  "rotation_matrix": [
   [
    0.31652718782424927,
    -0.8967804312705994,
    -0.3091849982738495
   ],
   [
    -0.0027251027058809996,
    -0.32680225372314453,
    0.945088803768158
   ],
   [
    -0.9485795497894287,
    -0.2983037233352661,
    -0.10588560998439789
   ]
  ]
 },
 {
  "rotation_euler": [
   1.2559517621994019,
   -1.917325496673584,
   -0.28629550337791443
  ],
  "euler_order": "XYZ",
  "rotation_matrix": [
   [
    -0.3258110284805298,
    -0.7704710960388184,
    -0.5479246973991394
   ],
   [
    0.09591317921876907,
    0.5496215224266052,
    -0.8298896551132202
   ],
   [
    0.9405571818351746,
    -0.3229404091835022,
    -0.10517442971467972
   ]
  ]
 },
 {
  "rotation_euler": [
   1.2297109365463257,
   1.892874836921692,
   0.9264127612113953
  ],
  "euler_order": "XYZ",
  "rotation_matrix": [
   [
    -0.19014671444892883,
    0.269560307264328,
    0.9440240859985352
   ],
   [
    -0.2530634105205536,
    0.9156156778335571,
    -0.31242087483406067
   ],
   [
    -0.9485795497894287,
    -0.2983037531375885,
    -0.10588546842336655
   ]
  ]
 },
 {
  "rotation_euler": [
   1.2297109365463257,
   1.8928749561309814,
   0.4580502212047577
  ],
  "euler_order": "XYZ",
  "rotation_matrix": [
   [
    -0.28390902280807495,
    0.6538634896278381,
    0.7013260126113892
   ],
   [
    -0.13997359573841095,
    0.6953253149986267,
    -0.704932689666748
   ],
   [
    -0.9485794901847839,
    -0.29830384254455566,
    -0.10588550567626953
   ]
  ]
 },
 {
  "rotation_euler": [
   -1.911881923675537,
   1.2487177848815918,
   -0.663159191608429
  ],
  "euler_order": "XYZ",
  "rotation_matrix": [
   [
    0.24944891035556793,
    -0.9103935360908508,
    0.3300892412662506
   ],
   [
    -0.19486436247825623,
    0.28670284152030945,
    0.9379922151565552
   ],
   [
    -0.9485795497894287,
    -0.2983037531375885,
    -0.10588553547859192
   ]
  ]
 },
 {
  "rotation_euler": [
   -1.8874599933624268,
   -1.2238261699676514,
   0.5000566244125366
  ],
  "euler_order": "XYZ",
  "rotation_matrix": [
   [
    0.2984127998352051,
    0.9335348606109619,
    -0.1986514925956726
   ],
   [
    0.16304560005664825,
    0.1552141308784485,
    0.9743329286575317
   ],
   [
    0.9404073357582092,
    -0.3231426775455475,
    -0.10589086264371872
   ]
  ]
 },
 {
  "rotation_euler": [
   -1.9118807315826416,
   1.2487179040908813,
   1.082405924797058
  ],
  "euler_order": "XYZ",
  "rotation_matrix": [
   [
    0.14852160215377808,
    -0.1240369901061058,
    -0.9810994863510132
   ],
   [
    0.27953198552131653,
    -0.946377158164978,
    0.16196350753307343
   ],
   [
    -0.9485795497894287,
    -0.2983037829399109,
    -0.10588514804840088
   ]
  ]
 },
 {
  "rotation_euler": [
   1.2296805381774902,
   1.892940878868103,
   0.6972683668136597
  ],
  "euler_order": "XYZ",
  "rotation_matrix": [
   [
    -0.24270643293857574,
    0.47045037150382996,
    0.8483926057815552
   ],
   [
    -0.20329807698726654,
    0.8304564952850342,
    -0.5186635255813599
   ],
   [
    -0.9485586285591125,
    -0.29835957288742065,
    -0.10591549426317215
   ]
  ]
 },
 {
  "rotation_euler": [
   -1.8874603509902954,
   -1.2238259315490723,
   -1.578433871269226
  ],
  "euler_order": "XYZ",
  "rotation_matrix": [
   [
    -0.002597124082967639,
    -0.3182143270969391,
    0.9480152130126953
   ],
   [
    -0.340040385723114,
    -0.8912453651428223,
    -0.30009031295776367
   ],
   [
    0.9404072165489197,
    -0.3231428563594818,
    -0.10589104890823364
   ]
  ]
 },
 {
  "rotation_euler": [
   0.995280385017395,
   -1.998109221458435,
   1.656140923500061
  ],
  "euler_order": "XYZ",
  "rotation_matrix": [
   [
    0.035326167941093445,
    -0.4772070348262787,
    0.8780806064605713
   ],
   [
    -0.41291844844818115,
    -0.8070940375328064,
    -0.42201608419418335
   ],
   [
    0.9100826382637024,
    -0.3476674556732178,
    -0.22555913031101227
   ]
  ]
 },
 {
  "rotation_euler": [
   -1.8874598741531372,
   -1.2238261699676514,
   -0.034049611538648605
  ],
  "euler_order": "XYZ",
  "rotation_matrix": [
   [
    0.3398529887199402,
    0.8825310468673706,
    0.3250213861465454
   ],
   [
    -0.0115763358771801,
    -0.34163978695869446,
    0.9397596716880798
   ],
   [
    0.9404073357582092,
    -0.3231426775455475,
    -0.10589082539081573
   ]
  ]
 },
 {
  "rotation_euler": [
   1.2540996074676514,
   -1.9178310632705688,
   -0.34820225834846497
  ],
  "euler_order": "XYZ",
  "rotation_matrix": [
   [
    -0.3196999728679657,
    -0.73372882604599,
    -0.5995280742645264
   ],
   [
    0.11604870110750198,
    0.5976501703262329,
    -0.7933139204978943
   ],
   [
    0.9403853416442871,
    -0.3231968879699707,
    -0.1059204563498497
   ]
  ]
 },
 {
  "rotation_euler": [
   1.2297115325927734,
   1.8928747177124023,
   -0.5508004426956177
  ],
  "euler_order": "XYZ",
  "rotation_matrix": [
   [
    -0.2697245478630066,
    0.936798632144928,
    -0.22283853590488434
   ],
   [
    0.16566671431064606,
    -0.18282023072242737,
    -0.9690878987312317
   ],
   [
    -0.9485795497894287,
    -0.2983036935329437,
    -0.10588525235652924
   ]
  ]
 },
 {
  "rotation_euler": [
   -1.9118818044662476,
   1.2487179040908813,
   0.6503480076789856
  ],
  "euler_order": "XYZ",
  "rotation_matrix": [
   [
    0.2519247233867645,
    -0.5089243054389954,
    -0.8231220841407776
   ],
   [
    0.19165265560150146,
    -0.8074719905853271,
    0.5579052567481995
   ],
   [
    -0.9485795497894287,
    -0.29830366373062134,
    -0.10588546842336655
   ]
  ]
 },
 {
  "rotation_euler": [
   1.2297112941741943,
   1.892875075340271,
   0.07074451446533203
  ],
  "euler_order": "XYZ",
  "rotation_matrix": [
   [
    -0.31574732065200806,
    0.8680528998374939,
    0.38312894105911255
   ],
   [
    -0.022374730557203293,
    0.3968612849712372,
    -0.9176058769226074
   ],
   [
    -0.9485794901847839,
    -0.2983039915561676,
    -0.10588543862104416
   ]
  ]
 }
]