[
 {
  "rotation_euler": [
   -0.024004481732845306,
   0.08808340132236481,
   -1.4737948179244995
  ],
  "euler_order": "XYZ",
  "rotation_matrix": [
   [
    0.09647399187088013,
    0.994807779788971,
    0.03240669146180153
   ],
   [
    -0.9914404153823853,
    0.09892309457063675,
    -0.08520618081092834
   ],
   [
    -0.08796954154968262,
    -0.023909123614430428,
    0.9958361983299255
   ]
  ]
 },
 {
  "rotation_euler": [
   -0.05659878998994827,
   -0.1103769913315773,
   -1.8307520151138306
  ],
  "euler_order": "XYZ",
  "rotation_matrix": [
   [
    -0.2554735541343689,
    0.9632522463798523,
    0.08293609321117401
   ],
   [
    -0.9605204463005066,
    -0.26264798641204834,
    0.09174129366874695
   ],
   [
    0.11015300452709198,
    -0.056224334985017776,
    0.992323100566864
   ]
  ]
 },
 {
  "rotation_euler": [
   0.07004401087760925,
   0.07308617979288101,
   2.743886709213257
  ],
  "euler_order": "XYZ",
  "rotation_matrix": [
   [
    -0.9194906949996948,
    -0.391066312789917,
    -0.04005071893334389
   ],
   [
    0.3862704038619995,
    -0.9177119135856628,
    0.09273647516965866
   ],
   [
    -0.07302112877368927,
    0.06979991495609283,
    0.9948848485946655
   ]
  ]
 },
 {
  "rotation_euler": [
   -0.02110958658158779,
   -0.06915203481912613,
   -1.172432541847229
  ],
  "euler_order": "XYZ",
  "rotation_matrix": [
   [
    0.38698363304138184,
    0.9220573306083679,
    -0.007342276629060507
   ],
   [
    -0.9194940328598022,
    0.38648003339767456,
    0.07186026871204376
   ],
   [
    0.06909693032503128,
    -0.021057570353150368,
    0.997387707233429
   ]
  ]
 },
 {
  "rotation_euler": [
   0.08470991998910904,
   -0.15465670824050903,
   1.7466787099838257
  ],
  "euler_order": "XYZ",
  "rotation_matrix": [
   [
    -0.17288853228092194,
    -0.978761613368988,
    0.11016031354665756
   ],
   [
    0.9728211164474487,
    -0.18718168139457703,
    -0.13631606101989746
   ],
   [
    0.15404091775417328,
    0.0835988000035286,
    0.9845215082168579
   ]
  ]
 },
 {
  "rotation_euler": [
   -0.44744378328323364,
   -0.13163574039936066,
   1.356728434562683
  ],
  "euler_order": "XYZ",
  "rotation_matrix": [
   [
    0.21059879660606384,
    -0.8689137101173401,
    -0.4479253888130188
   ],
   [
    0.9687207937240601,
    0.24701683223247528,
    -0.023720184341073036
   ],
   [
    0.13125590980052948,
    -0.4289191961288452,
    0.8937562108039856
   ]
  ]
 },
 {
  "rotation_euler": [
   0.10129541158676147,
   0.18048501014709473,
   -2.4753565788269043
  ],
  "euler_order": "XYZ",
  "rotation_matrix": [
   [
    -0.7733837366104126,
    0.6005929708480835,
    -0.2028931826353073
   ],
   [
    -0.6079925298690796,
    -0.7933422327041626,
    -0.030874479562044144
   ],
   [
    -0.17950671911239624,
    0.09947971999645233,
    0.9787139892578125
   ]
  ]
 },
 {
  "rotation_euler": [
   0.3109639286994934,
   -0.029232822358608246,
   -1.405265212059021
  ],
  "euler_order": "XYZ",
  "rotation_matrix": [
   [
    0.1647058129310608,
    0.9375519752502441,
    -0.3063792884349823
   ],
   [
    -0.9859095811843872,
    0.1656944304704666,
    -0.02297118306159973
   ],
   [
    0.029228659346699715,
    0.3058457374572754,
    0.9516323208808899
   ]
  ]
 },
 {
  "rotation_euler": [
   0.05103849619626999,
   0.07478615641593933,
   -1.4753724336624146
  ],
  "euler_order": "XYZ",
  "rotation_matrix": [
   [
    0.09501282125711441,
    0.9945175051689148,
    -0.04367459565401077
   ],
   [
    -0.9926681518554688,
    0.0913606509566307,
    -0.07914049178361893
   ],
   [
    -0.0747164636850357,
    0.05087374150753021,
    0.9959062933921814
   ]
  ]
 },
 {
  "rotation_euler": [
   -0.5051309466362,
   -0.19851385056972504,
   1.2754642963409424
  ],
  "euler_order": "XYZ",
  "rotation_matrix": [
   [
    0.28534138202667236,
    -0.8094464540481567,
    -0.5132024884223938
   ],
   [
    0.9379165768623352,
    0.34601137042045593,
    -0.024261895567178726
   ],
   [
    0.1972125917673111,
    -0.47441816329956055,
    0.8579245805740356
   ]
  ]
 },
 {
  "rotation_euler": [
   -0.44025686383247375,
   0.12474773079156876,
   -2.6971468925476074
  ],
  "euler_order": "XYZ",
  "rotation_matrix": [
   [
    -0.8958331346511841,
    0.43683239817619324,
    0.08161147683858871
   ],
   [
    -0.4266164004802704,
    -0.7939563989639282,
    -0.43316471576690674
   ],
   [
    -0.12442442774772644,
    -0.42286011576652527,
    0.8976123332977295
   ]
  ]
 },
 {
  "rotation_euler": [
   -0.010015812702476978,
   -0.1335178017616272,
   1.1064637899398804
  ],
  "euler_order": "XYZ",
  "rotation_matrix": [
   [
    0.4438403248786926,
    -0.8934787511825562,
    -0.06856746971607208
   ],
   [
    0.8861627578735352,
    0.44899576902389526,
    -0.11453540623188019
   ],
   [
    0.13312144577503204,
    -0.009926503524184227,
    0.9910500049591064
   ]
  ]
 },
 {
  "rotation_euler": [
   0.1299305111169815,
   0.09031699597835541,
   1.5084816217422485
  ],
  "euler_order": "XYZ",
  "rotation_matrix": [
   [
    0.06202056631445885,
    -0.9889186024665833,
    0.13488321006298065
   ],
   [
    0.9939911961555481,
    0.07341282814741135,
    0.08119182288646698
   ],
   [
    -0.09019425511360168,
    0.12903715670108795,
    0.987529456615448
   ]
  ]
 },
 {
  "rotation_euler": [
   -0.4595877528190613,
   -0.5221184492111206,
   2.283989906311035
  ],
  "euler_order": "XYZ",
  "rotation_matrix": [
   [
    -0.5670827627182007,
    -0.8225356340408325,
    -0.043038029223680496
   ],
   [
    0.6555135846138,
    -0.4190603494644165,
    -0.6282438635826111
   ],
   [
    0.49871745705604553,
    -0.38447830080986023,
    0.7768251895904541
   ]
  ]
 },
 {
  "rotation_euler": [
   -0.25293445587158203,
   0.10374900698661804,
   -2.1002626419067383
  ],
  "euler_order": "XYZ",
  "rotation_matrix": [
   [
    -0.5023569464683533,
    0.8487051725387573,
    0.16533905267715454
   ],
   [
    -0.858435869216919,
    -0.4666348397731781,
    -0.21293134987354279
   ],
   [
    -0.10356298089027405,
    -0.24890051782131195,
    0.9629762172698975
   ]
  ]
 },
 {
  "rotation_euler": [
   -0.12312724441289902,
   -0.11263710260391235,
   2.1003928184509277
  ],
  "euler_order": "XYZ",
  "rotation_matrix": [
   [
    -0.5019838809967041,
    -0.8634513020515442,
    -0.04963940754532814
   ],
   [
    0.8575422167778015,
    -0.4894472062587738,
    -0.15831229090690613
   ],
   [
    0.11239907890558243,
    -0.1220381036400795,
    0.9861405491828918
   ]
  ]
 }
]