[
 {
  "rotation_euler": [
   0.14534655213356018,
   -1.3207247257232666,
   2.3873281478881836
  ],
  "euler_order": "XYZ",
  "rotation_matrix": [
   [
    -0.18035246431827545,
    -0.5752634406089783,
    0.7978376746177673
   ],
   [
    0.1694580763578415,
    -0.8171824812889099,
    -0.5509053468704224
   ],
   [
    0.9688947200775146,
    0.035842884331941605,
    0.24486391246318817
   ]
  ]
 },
 {
  "rotation_euler": [
   -0.01228148303925991,
   -3.3439848721172893e-06,
   0.2816964387893677
  ],
  "euler_order": "XYZ",
  "rotation_matrix": [
   [
    0.9605852365493774,
    -0.27796462178230286,
    -0.003417201805859804
   ],
   [
    0.2779856324195862,
    0.9605128169059753,
    0.011796184815466404
   ],
   [
    3.3439848721172893e-06,
    -0.012281173840165138,
    0.9999246001243591
   ]
  ]
 },
 {
  "rotation_euler": [
   -0.012281701900064945,
   2.5847914457699517e-06,
   0.033720653504133224
  ],
  "euler_order": "XYZ",
  "rotation_matrix": [
   [
    0.9994314908981323,
    -0.0337117537856102,
    -0.0004114749899599701
   ],
   [
    0.03371426463127136,
    0.9993561506271362,
    0.012274498119950294
   ],
   [
    -2.5847914457699517e-06,
    -0.012281392700970173,
    0.9999246001243591
   ]
  ]
 },
 {
  "rotation_euler": [
   -0.012281596660614014,
   -2.8267929792491486e-06,
   0.4036334753036499
  ],
  "euler_order": "XYZ",
  "rotation_matrix": [
   [
    0.9196400046348572,
    -0.39273276925086975,
    -0.0048262276686728
   ],
   [
    0.3927624225616455,
    0.9195706248283386,
    0.011293252930045128
   ],
   [
    2.8267929792491486e-06,
    -0.012281287461519241,
    0.9999246001243591
   ]
  ]
 },
 {
  "rotation_euler": [
   -0.012273107655346394,
   1.5439403796335682e-05,
   -1.596684217453003
  ],
  "euler_order": "XYZ",
  "rotation_matrix": [
   [
    -0.025884998962283134,
    0.9995896220207214,
    0.012268288061022758
   ],
   [
    -0.9996649026870728,
    -0.025882860645651817,
    -0.0003331144689582288
   ],
   [
    -1.5439403796335682e-05,
    -0.012272799387574196,
    0.9999246597290039
   ]
  ]
 },
 {
  "rotation_euler": [
   -0.012274404987692833,
   -1.3935121387476102e-05,
   -2.320723056793213
  ],
  "euler_order": "XYZ",
  "rotation_matrix": [
   [
    -0.6815851330757141,
    0.7316835522651672,
    0.008990930393338203
   ],
   [
    -0.731738805770874,
    -0.681533932685852,
    -0.008355646394193172
   ],
   [
    1.3935121387476102e-05,
    -0.012274096719920635,
    0.9999246597290039
   ]
  ]
 },
 {
  "rotation_euler": [
   -0.012274528853595257,
   1.7158727132482454e-05,
   -0.7118245363235474
  ],
  "euler_order": "XYZ",
  "rotation_matrix": [
   [
    0.7571713328361511,
    0.6531669497489929,
    0.008030712604522705
   ],
   [
    -0.6532163619995117,
    0.7571144104003906,
    0.009282479993999004
   ],
   [
    -1.7158727132482454e-05,
    -0.012274220585823059,
    0.9999246597290039
   ]
  ]
 },
 {
  "rotation_euler": [
   0.1453443020582199,
   -1.3207238912582397,
   -1.6420154571533203
  ],
  "euler_order": "XYZ",
  "rotation_matrix": [
   [
    -0.01760999672114849,
    0.9969334006309509,
    -0.07624740898609161
   ],
   [
    -0.24684679508209229,
    0.06956362724304199,
    0.9665544629096985
   ],
   [
    0.9688944816589355,
    0.035842448472976685,
    0.2448648065328598
   ]
  ]
 },
 {
  "rotation_euler": [
   0.14534637331962585,
   1.3207249641418457,
   -2.970916986465454
  ],
  "euler_order": "XYZ",
  "rotation_matrix": [
   [
    -0.2438773810863495,
    0.029766257852315903,
    -0.9693491458892822
   ],
   [
    -0.0420328713953495,
    -0.9989140629768372,
    -0.02009912207722664
   ],
   [
    -0.9688947796821594,
    0.03584280610084534,
    0.24486370384693146
   ]
  ]
 },
 {
  "rotation_euler": [
   -0.012282976880669594,
   -3.5358129935048055e-06,
   0.9256632328033447
  ],
  "euler_order": "XYZ",
  "rotation_matrix": [
   [
    0.6013047695159912,
    -0.7989594340324402,
    -0.00981622003018856
   ],
   [
    0.7990197539329529,
    0.6012594699859619,
    0.007382802199572325
   ],
   [
    3.5358129935048055e-06,
    -0.012282667681574821,
    0.9999245405197144
   ]
  ]
 },
 {
  "rotation_euler": [
   0.14534656703472137,
   1.3207244873046875,
   0.047442249953746796
  ],
  "euler_order": "XYZ",
  "rotation_matrix": [
   [
    0.24719510972499847,
    0.0932478979229927,
    0.9644684791564941
   ],
   [
    0.01173629891127348,
    0.9949975609779358,
    -0.09920758754014969
   ],
   [
    -0.9688946604728699,
    0.03584292158484459,
    0.24486415088176727
   ]
  ]
 },
 {
  "rotation_euler": [
   0.145346000790596,
   1.3207249641418457,
   -0.9693207144737244
  ],
  "euler_order": "XYZ",
  "rotation_matrix": [
   [
    0.14003506302833557,
    0.8952147960662842,
    0.4230611026287079
   ],
   [
    -0.20404194295406342,
    0.44419118762016296,
    -0.8723881244659424
   ],
   [
    -0.9688947796821594,
    0.035842716693878174,
    0.24486370384693146
   ]
  ]
 },
 {
  "rotation_euler": [
   0.14534664154052734,
   -1.3207248449325562,
   -2.150895595550537
  ],
  "euler_order": "XYZ",
  "rotation_matrix": [
   [
    -0.13564179837703705,
    0.9045049548149109,
    0.40431681275367737
   ],
   [
    -0.2069886326789856,
    -0.42495420575141907,
    0.8812319040298462
   ],
   [
    0.9688947200775146,
    0.0358428880572319,
    0.24486380815505981
   ]
  ]
 },
 {
  "rotation_euler": [
   0.1453467160463333,
   1.3207248449325562,
   -1.0837733745574951
  ],
  "euler_order": "XYZ",
  "rotation_matrix": [
   [
    0.11581673473119736,
    0.9400859475135803,
    0.3206632137298584
   ],
   [
    -0.21869951486587524,
    0.33904823660850525,
    -0.914995551109314
   ],
   [
    -0.9688947200775146,
    0.035842906683683395,
    0.24486379325389862
   ]
  ]
 },
 {
  "rotation_euler": [
   -0.013423184864223003,
   -0.032530199736356735,
   0.9724184274673462
  ],
  "euler_order": "XYZ",
  "rotation_matrix": [
   [
    0.5630049109458923,
    -0.8259300589561462,
    -0.02941005490720272
   ],
   [
    0.8258132934570312,
    0.5636129379272461,
    -0.019309837371110916
   ],
   [
    0.032524462789297104,
    -0.013415680266916752,
    0.999380886554718
   ]
  ]
 },
 {
  "rotation_euler": [
   0.1453467607498169,
   1.3207248449325562,
   1.4218717813491821
  ],
  "euler_order": "XYZ",
  "rotation_matrix": [
   [
    0.03671875596046448,
    -0.957682192325592,
    0.2854759991168976
   ],
   [
    0.244733989238739,
    0.28558728098869324,
    0.9265771508216858
   ],
   [
    -0.9688947200775146,
    0.03584291785955429,
    0.24486379325389862
   ]
  ]
 }
]